[name]
unknown

[dist]
# distance from previous block
# <min> <max>
0	107

[block]
# block no. 0 follows, 69 sequences, length 18
# corresponding to MSA columns:
# 124-141
name=unknown_A
#
# <colnr> <probs for GDERKNQSTAVLIFYWHMCP>
#	G	D	E	R	K	N	Q	S	T	A	V	L	I	F	Y	W	H	M	C	P
0	0.05952	0.06018	0.06165	0.13576	0.11442	0.06595	0.03468	0.08176	0.13842	0.04125	0.03036	0.01157	0.00804	0.00486	0.01399	0.00129	0.05809	0.02893	0.00262	0.04667
1	0.16873	0.00898	0.02889	0.04362	0.05921	0.02627	0.11822	0.18823	0.02390	0.16286	0.00919	0.00988	0.00663	0.00414	0.00385	0.00117	0.02594	0.00339	0.03634	0.07056
2	0.01429	0.01095	0.01172	0.00905	0.01214	0.05246	0.03161	0.67215	0.04267	0.04539	0.00946	0.00954	0.00677	0.00456	0.00388	0.00115	0.00438	0.00349	0.00372	0.05062
3	0.01035	0.03022	0.01247	0.22088	0.32205	0.04971	0.00940	0.06763	0.00969	0.11739	0.04963	0.03320	0.00846	0.00440	0.00402	0.00121	0.01729	0.00385	0.02273	0.00544
4	0.00477	0.00378	0.00429	0.00458	0.00548	0.00330	0.00328	0.00573	0.00863	0.01086	0.10701	0.32602	0.47725	0.01058	0.00476	0.00141	0.00207	0.00917	0.00370	0.00330
5	0.00565	0.00383	0.00453	0.00456	0.00466	0.00391	0.00273	0.00585	0.00584	0.00787	0.01250	0.05715	0.01418	0.72976	0.11777	0.00401	0.00454	0.00574	0.00239	0.00254
6	0.01313	0.00885	0.05400	0.04913	0.01194	0.00853	0.04984	0.28935	0.08150	0.26963	0.03696	0.06010	0.01003	0.02324	0.00437	0.00130	0.00393	0.00434	0.01383	0.00599
7	0.26189	0.00723	0.00843	0.06940	0.03518	0.00680	0.03437	0.01057	0.00774	0.02808	0.00686	0.00829	0.00555	0.00426	0.03483	0.00109	0.00359	0.00257	0.00232	0.46095
8	0.00722	0.00632	0.00582	0.00560	0.00600	0.13459	0.00368	0.00758	0.00666	0.00827	0.01093	0.02087	0.01195	0.59542	0.10038	0.00348	0.03703	0.00493	0.02036	0.00292
9	0.00752	0.00709	0.01198	0.80932	0.06954	0.00874	0.01095	0.01012	0.00790	0.01016	0.00699	0.01041	0.00528	0.00390	0.00392	0.00130	0.00520	0.00348	0.00175	0.00445
10	0.01327	0.00669	0.00830	0.00675	0.00920	0.00641	0.00544	0.09252	0.12873	0.44829	0.15349	0.01757	0.07398	0.00580	0.00411	0.00124	0.00305	0.00481	0.00446	0.00587
11	0.00486	0.00361	0.00454	0.00509	0.00564	0.00328	0.00352	0.00577	0.00831	0.01096	0.14416	0.57953	0.18399	0.01120	0.00488	0.00149	0.00216	0.01000	0.00374	0.00328
12	0.88991	0.00758	0.00576	0.00516	0.00758	0.00879	0.00425	0.01152	0.00667	0.01759	0.00546	0.00637	0.00425	0.00364	0.00243	0.00121	0.00303	0.00212	0.00243	0.00425
13	0.00740	0.00712	0.00714	0.03072	0.02591	0.16524	0.00536	0.00846	0.00798	0.01006	0.03078	0.37369	0.01579	0.01290	0.17256	0.00238	0.06994	0.00679	0.03606	0.00372
14	0.00561	0.00425	0.00548	0.00519	0.00602	0.00423	0.00389	0.00710	0.00959	0.01336	0.53403	0.02743	0.13142	0.07863	0.10013	0.00204	0.04775	0.00661	0.00369	0.00355
15	0.01363	0.01012	0.01061	0.00840	0.01120	0.03259	0.00685	0.61067	0.12289	0.04092	0.01061	0.01057	0.00767	0.00476	0.00382	0.00117	0.00399	0.00364	0.07958	0.00629
16	0.01375	0.03948	0.01109	0.00938	0.01172	0.58393	0.00722	0.13149	0.06713	0.01245	0.00726	0.00797	0.00580	0.00412	0.00355	0.00102	0.00601	0.00277	0.00244	0.07142
17	0.10035	0.12002	0.06396	0.00895	0.01072	0.01137	0.02637	0.08271	0.11469	0.03099	0.00749	0.00916	0.00624	0.00574	0.02138	0.00148	0.36776	0.00328	0.00235	0.00499

[dist]
# distance from previous block
# <min> <max>
0	1

[block]
# block no. 1 follows, 69 sequences, length 7
# corresponding to MSA columns:
# 146-152
name=unknown_B
#
# <colnr> <probs for GDERKNQSTAVLIFYWHMCP>
#	G	D	E	R	K	N	Q	S	T	A	V	L	I	F	Y	W	H	M	C	P
0	0.00571	0.00451	0.00522	0.00503	0.00620	0.00429	0.00377	0.00835	0.11290	0.01367	0.40742	0.09063	0.30041	0.00863	0.00458	0.00130	0.00208	0.00745	0.00400	0.00385
1	0.00878	0.00695	0.00843	0.05905	0.01046	0.00548	0.00512	0.01056	0.00834	0.07348	0.00759	0.00866	0.00606	0.00311	0.00304	0.00067	0.00308	0.00251	0.00247	0.76615
2	0.00669	0.00511	0.00655	0.00612	0.00649	0.00581	0.00441	0.00726	0.00662	0.03871	0.03336	0.13736	0.05609	0.37691	0.05560	0.00274	0.20637	0.00585	0.00258	0.02939
3	0.01020	0.05125	0.03199	0.00686	0.00895	0.04893	0.02233	0.07236	0.14176	0.18442	0.30997	0.01911	0.04208	0.02674	0.00451	0.00128	0.00318	0.00511	0.00391	0.00508
4	0.00680	0.00523	0.00604	0.00569	0.00701	0.00522	0.00435	0.10231	0.10230	0.01461	0.30588	0.14755	0.21832	0.00853	0.00456	0.00134	0.00245	0.04370	0.00394	0.00415
5	0.16511	0.00800	0.05350	0.39384	0.03563	0.00847	0.08284	0.05224	0.00846	0.01273	0.03363	0.03661	0.06181	0.00467	0.00404	0.00130	0.02636	0.00396	0.00225	0.00453
6	0.00822	0.00608	0.00716	0.00639	0.00798	0.00633	0.00483	0.08754	0.18775	0.05515	0.01374	0.09289	0.04040	0.15700	0.18864	0.00273	0.00481	0.00497	0.00309	0.11429

[dist]
# distance from previous block
# <min> <max>
2	16

[block]
# block no. 2 follows, 69 sequences, length 20
# corresponding to MSA columns:
# 169-188
name=unknown_C
#
# <colnr> <probs for GDERKNQSTAVLIFYWHMCP>
#	G	D	E	R	K	N	Q	S	T	A	V	L	I	F	Y	W	H	M	C	P
0	0.03503	0.00920	0.01128	0.20455	0.16871	0.08311	0.00839	0.10966	0.12575	0.01383	0.00842	0.00990	0.00659	0.00406	0.00398	0.00113	0.03352	0.00330	0.00250	0.15710
1	0.00920	0.10349	0.28152	0.15523	0.02512	0.03426	0.02508	0.05768	0.23088	0.01328	0.00936	0.01025	0.00704	0.00425	0.00386	0.00123	0.01688	0.00340	0.00244	0.00556
2	0.00707	0.00620	0.00672	0.00615	0.00683	0.09082	0.03910	0.00821	0.04684	0.00948	0.07775	0.02171	0.06097	0.46528	0.07177	0.00298	0.06100	0.00527	0.00256	0.00327
3	0.00654	0.00577	0.00817	0.00747	0.00839	0.04926	0.09192	0.00785	0.00745	0.01017	0.07038	0.21554	0.01477	0.07098	0.32100	0.00341	0.07818	0.00603	0.01304	0.00368
4	0.00536	0.00400	0.00466	0.00458	0.00568	0.00351	0.00340	0.00666	0.00967	0.03590	0.33985	0.12069	0.42328	0.00931	0.00465	0.00131	0.00200	0.00800	0.00393	0.00354
5	0.00753	0.00539	0.00625	0.00580	0.00721	0.00542	0.00438	0.04191	0.19616	0.07820	0.27120	0.13120	0.17201	0.04316	0.00508	0.00142	0.00250	0.00678	0.00398	0.00442
6	0.00956	0.00810	0.00858	0.00771	0.00984	0.00930	0.00600	0.03531	0.74765	0.01647	0.05937	0.01531	0.01314	0.00543	0.00399	0.00131	0.00302	0.00453	0.02938	0.00601
7	0.01139	0.00699	0.00763	0.00623	0.00833	0.00730	0.00501	0.33408	0.01266	0.10588	0.03198	0.01258	0.00921	0.00469	0.00339	0.00105	0.00301	0.00368	0.39250	0.03240
8	0.03705	0.00423	0.00518	0.00503	0.00601	0.00402	0.00374	0.00765	0.04446	0.01447	0.57256	0.14217	0.12174	0.00854	0.00457	0.00130	0.00202	0.00749	0.00407	0.00371
9	0.82869	0.03690	0.00639	0.00527	0.00775	0.00892	0.00438	0.01180	0.00688	0.04664	0.00582	0.00661	0.00447	0.00367	0.00248	0.00120	0.00308	0.00219	0.00249	0.00436
10	0.02111	0.05355	0.01373	0.31337	0.35815	0.07725	0.02778	0.02950	0.00880	0.01158	0.00767	0.04606	0.00653	0.00408	0.00384	0.00121	0.00494	0.00367	0.00199	0.00519
11	0.05164	0.00969	0.02886	0.00817	0.01100	0.02375	0.00681	0.49320	0.06725	0.15383	0.03608	0.01102	0.00839	0.00484	0.00404	0.00119	0.02471	0.00368	0.04566	0.00619
12	0.00579	0.00372	0.00450	0.00455	0.00466	0.00366	0.00275	0.00567	0.00614	0.00821	0.06122	0.09011	0.03725	0.56916	0.01662	0.16175	0.00344	0.00587	0.00250	0.00242
13	0.01035	0.00881	0.01511	0.01171	0.01361	0.01000	0.28435	0.01215	0.00807	0.15968	0.00827	0.02724	0.00665	0.00540	0.00831	0.00149	0.39727	0.00408	0.00241	0.00503
14	0.00781	0.00631	0.00693	0.00657	0.00819	0.00680	0.00506	0.01404	0.43110	0.03408	0.06323	0.10706	0.18276	0.03194	0.00482	0.00146	0.00280	0.07034	0.00384	0.00488
15	0.00582	0.00405	0.00603	0.00603	0.00658	0.00460	0.00456	0.00662	0.00607	0.00865	0.00989	0.01507	0.00939	0.05049	0.67371	0.16413	0.00903	0.00410	0.00204	0.00315
16	0.14745	0.43250	0.08529	0.00812	0.03990	0.13005	0.00733	0.06862	0.02822	0.01220	0.00626	0.00711	0.00522	0.00367	0.00293	0.00100	0.00455	0.00243	0.00206	0.00509
17	0.08444	0.00540	0.00646	0.00565	0.00737	0.00520	0.00441	0.06521	0.01034	0.24873	0.24102	0.11919	0.03866	0.00658	0.00397	0.00122	0.00258	0.00556	0.13330	0.00470
18	0.08608	0.07521	0.08234	0.06057	0.10898	0.20215	0.10339	0.14859	0.04155	0.04355	0.00773	0.00886	0.00592	0.00396	0.00367	0.00115	0.00523	0.00319	0.00246	0.00542
19	0.00985	0.02288	0.01267	0.19470	0.29527	0.09882	0.00957	0.07572	0.09605	0.01267	0.00853	0.04407	0.00719	0.00462	0.00479	0.00126	0.08993	0.00377	0.00232	0.00534

[dist]
# distance from previous block
# <min> <max>
7	11

[block]
# block no. 3 follows, 69 sequences, length 14
# corresponding to MSA columns:
# 206-219
name=unknown_D
#
# <colnr> <probs for GDERKNQSTAVLIFYWHMCP>
#	G	D	E	R	K	N	Q	S	T	A	V	L	I	F	Y	W	H	M	C	P
0	0.09750	0.02994	0.02422	0.04547	0.13864	0.15057	0.01978	0.05646	0.08385	0.03433	0.00807	0.00956	0.00655	0.03567	0.00400	0.00110	0.00427	0.00303	0.00247	0.24451
1	0.01015	0.05491	0.16700	0.01067	0.02920	0.00885	0.22167	0.15605	0.02223	0.09702	0.04291	0.07560	0.02328	0.00594	0.03551	0.00146	0.00500	0.02429	0.00285	0.00542
2	0.00855	0.00684	0.00840	0.00769	0.00884	0.00806	0.00599	0.01326	0.31218	0.07309	0.06297	0.22180	0.01500	0.00755	0.00651	0.00148	0.21758	0.00595	0.00341	0.00486
3	0.00899	0.09173	0.12019	0.00686	0.01055	0.00721	0.00636	0.06980	0.00895	0.03350	0.00748	0.02337	0.00614	0.00340	0.00311	0.00077	0.00351	0.00266	0.00237	0.58306
4	0.03827	0.11722	0.17272	0.02407	0.04079	0.03398	0.09651	0.23227	0.06393	0.12867	0.00923	0.00967	0.00666	0.00416	0.00374	0.00118	0.00469	0.00339	0.00293	0.00593
5	0.00937	0.32444	0.15421	0.03057	0.04648	0.03935	0.02874	0.03581	0.02120	0.01157	0.02582	0.02242	0.00651	0.00378	0.00342	0.00095	0.02657	0.00284	0.00205	0.20391
6	0.00463	0.00397	0.00397	0.00397	0.00530	0.00331	0.00298	0.00563	0.00894	0.01059	0.03971	0.03773	0.83618	0.00993	0.00463	0.00132	0.00199	0.00827	0.00364	0.00331
7	0.01031	0.00957	0.07259	0.00827	0.01083	0.02931	0.03055	0.17258	0.47032	0.01727	0.05918	0.01367	0.01135	0.00509	0.00392	0.00125	0.00358	0.00420	0.06026	0.00589
8	0.01170	0.00599	0.00696	0.00581	0.00775	0.00596	0.00464	0.16160	0.02524	0.26100	0.03375	0.01360	0.00996	0.00540	0.01735	0.02315	0.00293	0.00382	0.38827	0.00510
9	0.00544	0.00406	0.00511	0.00572	0.00631	0.00397	0.00410	0.00721	0.08048	0.01091	0.04285	0.56788	0.09601	0.03513	0.00534	0.00162	0.00252	0.10819	0.00365	0.00350
10	0.03021	0.00708	0.02218	0.00750	0.03682	0.02721	0.00587	0.03455	0.08418	0.49338	0.06538	0.04390	0.01169	0.02587	0.02689	0.00143	0.02834	0.00435	0.03734	0.00583
11	0.04698	0.00654	0.00800	0.00669	0.00900	0.00637	0.00537	0.06104	0.14592	0.41239	0.09703	0.03909	0.04634	0.03083	0.00453	0.00134	0.00311	0.04284	0.02093	0.00566
12	0.00985	0.40064	0.01481	0.00775	0.00956	0.04332	0.00681	0.04270	0.00760	0.02904	0.00615	0.00854	0.00574	0.03411	0.00771	0.09686	0.25959	0.00287	0.00189	0.00445
13	0.16369	0.02495	0.00872	0.11122	0.11336	0.00768	0.00625	0.04451	0.11172	0.03769	0.02666	0.04707	0.00958	0.16570	0.02078	0.00179	0.03235	0.00411	0.02484	0.03732

[dist]
# distance from previous block
# <min> <max>
9	18

[block]
# block no. 4 follows, 69 sequences, length 9
# corresponding to MSA columns:
# 244-252
name=unknown_E
#
# <colnr> <probs for GDERKNQSTAVLIFYWHMCP>
#	G	D	E	R	K	N	Q	S	T	A	V	L	I	F	Y	W	H	M	C	P
0	0.09122	0.02981	0.06002	0.02734	0.15714	0.01980	0.03505	0.02166	0.02699	0.01340	0.20744	0.10007	0.04877	0.00618	0.00482	0.00128	0.08404	0.00515	0.05531	0.00453
1	0.00554	0.00403	0.00457	0.00446	0.00550	0.00357	0.00322	0.00660	0.00901	0.04443	0.22991	0.08415	0.43844	0.13113	0.00681	0.00167	0.00228	0.00762	0.00367	0.00340
2	0.14585	0.00599	0.00735	0.06128	0.04154	0.00676	0.00538	0.10099	0.00799	0.01228	0.01106	0.01477	0.07174	0.09822	0.24162	0.08680	0.05382	0.00406	0.01858	0.00389
3	0.07228	0.00656	0.00832	0.02948	0.07290	0.00631	0.00569	0.10367	0.01109	0.33865	0.16400	0.01848	0.13393	0.00593	0.00405	0.00123	0.00311	0.00492	0.00400	0.00539
4	0.00596	0.00379	0.00504	0.00504	0.00527	0.00395	0.00336	0.00586	0.00581	0.00787	0.01130	0.01937	0.04349	0.35862	0.23328	0.26723	0.00536	0.00473	0.00215	0.00250
5	0.00994	0.00818	0.05091	0.24929	0.20239	0.00824	0.04776	0.02794	0.00888	0.16588	0.01120	0.01293	0.07056	0.02179	0.00517	0.00134	0.08578	0.00401	0.00257	0.00524
6	0.00823	0.00719	0.01158	0.69809	0.05517	0.00870	0.01026	0.06618	0.00864	0.03639	0.00758	0.01067	0.00571	0.00518	0.04341	0.00152	0.00533	0.00354	0.00201	0.00461
7	0.53415	0.01064	0.00786	0.00692	0.00931	0.20937	0.00550	0.09871	0.05997	0.01635	0.00667	0.00737	0.00517	0.00395	0.00295	0.00117	0.00414	0.00251	0.00258	0.00469
8	0.00898	0.00858	0.04339	0.09499	0.38036	0.02188	0.02351	0.04112	0.13498	0.02686	0.07318	0.01468	0.07798	0.02717	0.00444	0.00129	0.00410	0.00435	0.00267	0.00547

[dist]
# distance from previous block
# <min> <max>
11	56

[block]
# block no. 5 follows, 69 sequences, length 15
# corresponding to MSA columns:
# 309-323
name=unknown_F
#
# <colnr> <probs for GDERKNQSTAVLIFYWHMCP>
#	G	D	E	R	K	N	Q	S	T	A	V	L	I	F	Y	W	H	M	C	P
0	0.00504	0.00392	0.00458	0.00456	0.00558	0.00346	0.00336	0.00635	0.00967	0.01268	0.37278	0.13430	0.40086	0.00941	0.00467	0.00132	0.00196	0.00812	0.00392	0.00346
1	0.00946	0.02658	0.04208	0.10277	0.16714	0.02776	0.07834	0.11344	0.09055	0.01370	0.07484	0.01164	0.00899	0.00526	0.01575	0.00138	0.18072	0.00390	0.02045	0.00523
2	0.02948	0.03157	0.04366	0.06942	0.04340	0.03753	0.14951	0.08042	0.03275	0.01230	0.01270	0.23781	0.03324	0.04087	0.03497	0.00163	0.06160	0.00587	0.03682	0.00445
3	0.00493	0.00371	0.00453	0.00499	0.00565	0.00337	0.00352	0.00586	0.00834	0.01081	0.11766	0.44944	0.26932	0.04447	0.00546	0.00157	0.00226	0.04719	0.00366	0.00327
4	0.00652	0.02648	0.00812	0.05680	0.00916	0.01751	0.11620	0.00825	0.02724	0.01171	0.08799	0.30972	0.08377	0.03588	0.00497	0.00142	0.01583	0.02508	0.14355	0.00380
5	0.00748	0.00577	0.00676	0.00560	0.00768	0.00514	0.00437	0.07270	0.05168	0.03519	0.33450	0.02109	0.13581	0.00619	0.00398	0.00104	0.00249	0.00526	0.00355	0.28371
6	0.00562	0.00378	0.00438	0.00452	0.00457	0.00375	0.00266	0.00576	0.00603	0.00803	0.01372	0.12338	0.01590	0.73344	0.01770	0.00347	0.00362	0.03459	0.00257	0.00251
7	0.84141	0.00753	0.00595	0.00526	0.00772	0.00863	0.00433	0.01195	0.00692	0.06334	0.00602	0.00676	0.00455	0.00371	0.00251	0.00121	0.00305	0.00222	0.00256	0.00438
8	0.02814	0.25957	0.19750	0.00928	0.05553	0.06201	0.02583	0.08761	0.08616	0.06595	0.00889	0.00946	0.02669	0.00408	0.00353	0.00109	0.01622	0.00308	0.00243	0.04698
9	0.00833	0.00705	0.00925	0.00808	0.00886	0.06719	0.06303	0.02044	0.04077	0.03848	0.00826	0.01263	0.00772	0.09750	0.15322	0.19457	0.24494	0.00386	0.00212	0.00368
10	0.00515	0.00392	0.00479	0.00524	0.00596	0.00366	0.00376	0.00659	0.04562	0.01124	0.12323	0.46102	0.23450	0.01076	0.00484	0.00148	0.00227	0.05880	0.00373	0.00344
11	0.00544	0.00385	0.00442	0.00444	0.00541	0.00348	0.00327	0.00682	0.00932	0.01293	0.29610	0.14579	0.30948	0.00866	0.00434	0.00126	0.00195	0.00745	0.16211	0.00348
12	0.15125	0.00746	0.00827	0.00674	0.00918	0.00771	0.00546	0.24975	0.04100	0.24481	0.12237	0.03382	0.05008	0.00545	0.00380	0.00121	0.00322	0.00432	0.03856	0.00552
13	0.02443	0.00580	0.00635	0.00576	0.00725	0.02591	0.00441	0.13336	0.06011	0.07810	0.19119	0.15255	0.12376	0.00726	0.00410	0.00124	0.00264	0.00615	0.15522	0.00442
14	0.07764	0.29289	0.01271	0.00719	0.00996	0.04331	0.00619	0.09148	0.21867	0.15250	0.01048	0.01024	0.00787	0.00433	0.00330	0.00110	0.00372	0.00321	0.03760	0.00563

[dist]
# distance from previous block
# <min> <max>
1	3

[block]
# block no. 6 follows, 69 sequences, length 9
# corresponding to MSA columns:
# 327-335
name=unknown_G
#
# <colnr> <probs for GDERKNQSTAVLIFYWHMCP>
#	G	D	E	R	K	N	Q	S	T	A	V	L	I	F	Y	W	H	M	C	P
0	0.13002	0.03906	0.03892	0.06383	0.04850	0.23009	0.00753	0.26805	0.08291	0.04231	0.00831	0.00891	0.00625	0.00427	0.00357	0.00115	0.00485	0.00310	0.00288	0.00550
1	0.00955	0.05745	0.06037	0.09452	0.07812	0.09367	0.03301	0.12995	0.10036	0.01399	0.10418	0.04764	0.05486	0.00547	0.00463	0.00124	0.06953	0.00439	0.03205	0.00501
2	0.00516	0.00387	0.00481	0.00506	0.00588	0.00352	0.00375	0.00643	0.00927	0.01231	0.30877	0.27771	0.24140	0.01005	0.00481	0.00142	0.00218	0.08629	0.00387	0.00344
3	0.00681	0.03126	0.06577	0.04936	0.14909	0.00607	0.00640	0.00854	0.03599	0.01060	0.03176	0.07492	0.14418	0.13820	0.11118	0.04103	0.02059	0.04512	0.01911	0.00403
4	0.00516	0.00397	0.00471	0.00458	0.00563	0.00352	0.00341	0.00662	0.01009	0.01346	0.48777	0.06839	0.35062	0.00895	0.00464	0.00128	0.00192	0.00773	0.00402	0.00352
5	0.00648	0.00356	0.00508	0.00508	0.00515	0.00363	0.00337	0.00541	0.00534	0.00719	0.00821	0.01479	0.00848	0.17077	0.10205	0.63341	0.00421	0.00391	0.00187	0.00201
6	0.00993	0.24082	0.03163	0.05411	0.32080	0.07971	0.00906	0.04097	0.00879	0.01139	0.02368	0.00996	0.02486	0.03110	0.00489	0.00121	0.08657	0.00326	0.00201	0.00526
7	0.00759	0.00654	0.00875	0.03661	0.20629	0.00674	0.00647	0.05956	0.13523	0.01343	0.12942	0.05835	0.24552	0.00763	0.03347	0.00146	0.02313	0.00582	0.00324	0.00476
8	0.06577	0.05975	0.07139	0.04031	0.16793	0.03862	0.04690	0.09526	0.07242	0.19679	0.00991	0.01067	0.00733	0.00594	0.06265	0.00154	0.01799	0.00350	0.00295	0.02238

[dist]
# distance from previous block
# <min> <max>
1	22

[block]
# block no. 7 follows, 69 sequences, length 8
# corresponding to MSA columns:
# 368-375
name=unknown_H
#
# <colnr> <probs for GDERKNQSTAVLIFYWHMCP>
#	G	D	E	R	K	N	Q	S	T	A	V	L	I	F	Y	W	H	M	C	P
0	0.10482	0.01120	0.26408	0.00885	0.04211	0.00809	0.02254	0.03463	0.20072	0.09072	0.01126	0.07490	0.00925	0.05114	0.02019	0.00149	0.00420	0.00411	0.00287	0.03285
1	0.00876	0.07261	0.61601	0.01104	0.03908	0.00968	0.04980	0.09474	0.00937	0.01342	0.00830	0.00938	0.03256	0.00398	0.00374	0.00121	0.00542	0.00318	0.00198	0.00574
2	0.00614	0.00616	0.07763	0.00685	0.02005	0.00552	0.02542	0.00766	0.02500	0.01096	0.13908	0.22634	0.10758	0.13717	0.04123	0.00200	0.11390	0.03459	0.00301	0.00371
3	0.00615	0.00518	0.02749	0.03562	0.00805	0.00561	0.00538	0.03656	0.00732	0.01028	0.05936	0.04222	0.07590	0.04019	0.55309	0.00464	0.06603	0.00479	0.00241	0.00372
4	0.00857	0.00666	0.00780	0.04982	0.02934	0.00727	0.00567	0.08991	0.34203	0.04780	0.01717	0.26437	0.04581	0.03818	0.00490	0.00148	0.00312	0.02145	0.00367	0.00499
5	0.00946	0.01199	0.22498	0.08638	0.12190	0.03980	0.11859	0.05112	0.20831	0.03758	0.04337	0.01150	0.00849	0.00430	0.00399	0.00126	0.00480	0.00384	0.00262	0.00569
6	0.00531	0.00400	0.00465	0.00490	0.00564	0.00371	0.00343	0.03479	0.00836	0.01072	0.06959	0.34496	0.31072	0.13960	0.00709	0.00180	0.00249	0.03147	0.00349	0.00327
7	0.00989	0.10881	0.10854	0.02703	0.02300	0.09523	0.14011	0.09671	0.14919	0.01338	0.02564	0.03768	0.03187	0.01692	0.01618	0.00130	0.04414	0.00394	0.00260	0.04784

[dist]
# distance from previous block
# <min> <max>
4	25

[block]
# block no. 8 follows, 69 sequences, length 19
# corresponding to MSA columns:
# 401-419
name=unknown_I
#
# <colnr> <probs for GDERKNQSTAVLIFYWHMCP>
#	G	D	E	R	K	N	Q	S	T	A	V	L	I	F	Y	W	H	M	C	P
0	0.00777	0.00533	0.00596	0.00539	0.00714	0.00500	0.00419	0.04237	0.12250	0.12827	0.08950	0.04937	0.44928	0.00811	0.00440	0.00129	0.00249	0.02688	0.00388	0.03090
1	0.16585	0.00792	0.00829	0.00705	0.00921	0.00879	0.00562	0.26274	0.21035	0.01859	0.18068	0.03669	0.03498	0.00571	0.00403	0.00126	0.01869	0.00454	0.00370	0.00530
2	0.14583	0.02302	0.03069	0.03731	0.01074	0.00864	0.02015	0.22360	0.11994	0.24744	0.02994	0.01149	0.00861	0.00463	0.00363	0.00120	0.00358	0.00362	0.06012	0.00583
3	0.00539	0.00393	0.00467	0.00494	0.00588	0.00349	0.00364	0.00644	0.00875	0.04232	0.10809	0.31851	0.38625	0.01043	0.00479	0.00144	0.00225	0.07158	0.00375	0.00345
4	0.00636	0.00477	0.00642	0.02000	0.02168	0.00478	0.03585	0.02852	0.03130	0.01309	0.23077	0.18638	0.10570	0.00848	0.00481	0.00138	0.03387	0.13058	0.12144	0.00382
5	0.00985	0.01023	0.01176	0.01013	0.01066	0.13871	0.00830	0.05159	0.03221	0.01043	0.00582	0.00857	0.00541	0.00628	0.01073	0.00157	0.65797	0.00333	0.00194	0.00450
6	0.00703	0.00568	0.00699	0.00608	0.00830	0.00465	0.00485	0.00858	0.00822	0.01198	0.01318	0.18390	0.01382	0.00666	0.00392	0.00108	0.00295	0.20018	0.00289	0.49905
7	0.01195	0.00872	0.00933	0.00722	0.01017	0.08291	0.00581	0.17553	0.02669	0.18540	0.04514	0.01042	0.00816	0.00416	0.00378	0.00095	0.02944	0.00320	0.00324	0.36782
8	0.01011	0.00860	0.00907	0.00805	0.01033	0.00992	0.00629	0.07707	0.77386	0.01698	0.01550	0.01426	0.01160	0.00528	0.00398	0.00132	0.00319	0.00437	0.00398	0.00624
9	0.00561	0.00417	0.00616	0.00616	0.00681	0.00482	0.00472	0.00691	0.00626	0.00899	0.01063	0.01613	0.01012	0.08824	0.78828	0.00612	0.01003	0.00431	0.00212	0.00342
10	0.00546	0.00396	0.00527	0.00621	0.03893	0.00374	0.00410	0.00666	0.03296	0.02759	0.08443	0.66269	0.06902	0.01109	0.00486	0.00152	0.00239	0.02195	0.00366	0.00352
11	0.01464	0.01868	0.01111	0.01010	0.01212	0.84648	0.00757	0.01565	0.01111	0.00959	0.00606	0.00707	0.00505	0.00404	0.00353	0.00101	0.00707	0.00252	0.00202	0.00454
12	0.00962	0.00923	0.01577	0.05312	0.80934	0.00929	0.01199	0.01196	0.00889	0.01271	0.00736	0.00973	0.00618	0.00351	0.00388	0.00117	0.00468	0.00349	0.00193	0.00614
13	0.00484	0.00390	0.00431	0.00438	0.00546	0.00337	0.00322	0.00596	0.00916	0.01153	0.19653	0.15490	0.55893	0.00989	0.00469	0.00134	0.00200	0.00845	0.00378	0.00337
14	0.00525	0.00378	0.00471	0.00505	0.00551	0.00359	0.00340	0.00632	0.02724	0.01098	0.20439	0.42101	0.07998	0.19083	0.00803	0.00195	0.00250	0.00873	0.00353	0.00321
15	0.00596	0.00396	0.00506	0.00508	0.00587	0.00363	0.00363	0.00719	0.00934	0.06276	0.38888	0.28841	0.10749	0.07735	0.00592	0.00156	0.00224	0.00817	0.00392	0.00358
16	0.54680	0.00668	0.00624	0.00542	0.00766	0.00718	0.00440	0.01203	0.00837	0.16851	0.16045	0.01258	0.03034	0.00481	0.00316	0.00122	0.00285	0.00351	0.00325	0.00457
17	0.01147	0.00915	0.01093	0.18435	0.01460	0.01039	0.02718	0.38297	0.23805	0.01857	0.01079	0.01146	0.00800	0.01787	0.00417	0.00128	0.00416	0.00383	0.02490	0.00589
18	0.01030	0.01100	0.12535	0.04665	0.28994	0.02849	0.13286	0.11640	0.09006	0.04815	0.00893	0.01073	0.00693	0.00417	0.00437	0.00125	0.03905	0.01700	0.00249	0.00587

[dist]
# distance from previous block
# <min> <max>
0	1

[block]
# block no. 9 follows, 69 sequences, length 16
# corresponding to MSA columns:
# 421-433,435-437
name=unknown_J
#
# <colnr> <probs for GDERKNQSTAVLIFYWHMCP>
#	G	D	E	R	K	N	Q	S	T	A	V	L	I	F	Y	W	H	M	C	P
0	0.64886	0.00869	0.00772	0.03266	0.00953	0.05730	0.04028	0.11327	0.00859	0.01744	0.00677	0.00767	0.01988	0.00390	0.00286	0.00121	0.00363	0.00258	0.00257	0.00460
1	0.04180	0.03701	0.03393	0.02423	0.02383	0.15715	0.15891	0.21593	0.07883	0.04962	0.02768	0.03985	0.00818	0.00511	0.00460	0.04247	0.01639	0.01495	0.01426	0.00527
2	0.00516	0.00374	0.00487	0.00544	0.00598	0.00350	0.00393	0.00623	0.00847	0.01134	0.18298	0.49328	0.08954	0.03911	0.00545	0.00160	0.00240	0.11993	0.00373	0.00333
3	0.00874	0.04893	0.06783	0.01223	0.05216	0.00813	0.40530	0.01145	0.03593	0.06859	0.02786	0.16318	0.02279	0.04227	0.00510	0.00143	0.00496	0.00560	0.00259	0.00491
4	0.00481	0.00359	0.00448	0.00507	0.00561	0.00326	0.00349	0.00566	0.00815	0.01064	0.09610	0.59870	0.21343	0.01137	0.00489	0.00150	0.00217	0.01013	0.00370	0.00326
5	0.00627	0.00360	0.00504	0.00507	0.00527	0.00362	0.00343	0.00551	0.00584	0.00782	0.03628	0.05488	0.05937	0.12769	0.10678	0.55059	0.00406	0.00456	0.00212	0.00222
6	0.01464	0.01868	0.01111	0.01010	0.01212	0.84648	0.00757	0.01565	0.01111	0.00959	0.00606	0.00707	0.00505	0.00404	0.00353	0.00101	0.00707	0.00252	0.00202	0.00454
7	0.00517	0.00411	0.00467	0.00465	0.00575	0.00371	0.00344	0.00685	0.04648	0.01240	0.28830	0.14299	0.43851	0.00943	0.00465	0.00133	0.00203	0.00811	0.00387	0.00355
8	0.00949	0.00859	0.01321	0.33411	0.30219	0.03065	0.03879	0.11327	0.00968	0.02790	0.00819	0.04827	0.00678	0.00433	0.00421	0.00126	0.02770	0.00386	0.00224	0.00531
9	0.01074	0.00903	0.00971	0.02253	0.04836	0.04203	0.00671	0.21323	0.46050	0.01739	0.03520	0.05215	0.01118	0.00543	0.00419	0.00128	0.02242	0.00443	0.01753	0.00593
10	0.41748	0.02854	0.00935	0.03392	0.03504	0.14609	0.06761	0.07330	0.00886	0.03493	0.00767	0.04698	0.00654	0.00443	0.00337	0.00121	0.01586	0.02617	0.01553	0.01712
11	0.01075	0.00962	0.01454	0.01974	0.60161	0.03210	0.02298	0.11311	0.08066	0.04352	0.00862	0.01016	0.00685	0.00386	0.00390	0.00118	0.00453	0.00359	0.00246	0.00622
12	0.00572	0.00427	0.00609	0.02908	0.03258	0.00415	0.03154	0.02246	0.00833	0.01133	0.08195	0.55793	0.02344	0.01048	0.00483	0.00152	0.00273	0.11479	0.04323	0.00356
13	0.00497	0.00375	0.00460	0.00489	0.00563	0.00338	0.00348	0.00610	0.00899	0.01191	0.27515	0.38336	0.24884	0.01034	0.00479	0.00141	0.00207	0.00913	0.00385	0.00338
14	0.00630	0.00504	0.00729	0.00682	0.00738	0.00600	0.02938	0.00743	0.00636	0.00929	0.01024	0.04152	0.01011	0.16051	0.47533	0.00455	0.15609	0.00451	0.04235	0.00350
15	0.01051	0.00981	0.07209	0.01022	0.10729	0.03443	0.02110	0.14949	0.41982	0.04163	0.02932	0.01398	0.03910	0.00511	0.00400	0.00127	0.00381	0.01754	0.00349	0.00601

[dist]
# distance from previous block
# <min> <max>
7	22

[block]
# block no. 10 follows, 69 sequences, length 7
# corresponding to MSA columns:
# 460-466
name=unknown_K
#
# <colnr> <probs for GDERKNQSTAVLIFYWHMCP>
#	G	D	E	R	K	N	Q	S	T	A	V	L	I	F	Y	W	H	M	C	P
0	0.00497	0.00394	0.00447	0.00443	0.00553	0.00344	0.00329	0.00625	0.00960	0.01239	0.32407	0.09714	0.48775	0.00942	0.00466	0.00131	0.00196	0.00807	0.00388	0.00344
1	0.00991	0.00839	0.00875	0.00784	0.00993	0.03704	0.00614	0.12093	0.57051	0.01663	0.06215	0.06021	0.01373	0.00598	0.00412	0.00133	0.00330	0.04344	0.00390	0.00578
2	0.01171	0.00753	0.00867	0.03043	0.00986	0.05489	0.03144	0.11502	0.16045	0.25134	0.13217	0.01635	0.06018	0.00551	0.00397	0.00121	0.00335	0.00458	0.08589	0.00546
3	0.07418	0.00478	0.00568	0.00573	0.00691	0.00464	0.00431	0.02850	0.05177	0.10904	0.05411	0.37763	0.16023	0.00949	0.00457	0.00146	0.00261	0.08662	0.00374	0.00400
4	0.00831	0.01436	0.45210	0.01073	0.01499	0.00839	0.16411	0.01277	0.08997	0.03765	0.10232	0.01212	0.00981	0.00436	0.00399	0.00125	0.00500	0.00391	0.03841	0.00544
5	0.01018	0.06227	0.01598	0.01115	0.01459	0.00861	0.38526	0.04263	0.06769	0.10515	0.00923	0.01051	0.00690	0.00364	0.00390	0.00110	0.00477	0.00381	0.03945	0.19318
6	0.01558	0.00737	0.00926	0.00727	0.01010	0.00706	0.00594	0.15568	0.08589	0.56916	0.07264	0.01392	0.01132	0.00509	0.00399	0.00122	0.00338	0.00414	0.00458	0.00642

[dist]
# distance from previous block
# <min> <max>
0	3

[block]
# block no. 11 follows, 69 sequences, length 28
# corresponding to MSA columns:
# 470-474,485-507
name=unknown_L
#
# <colnr> <probs for GDERKNQSTAVLIFYWHMCP>
#	G	D	E	R	K	N	Q	S	T	A	V	L	I	F	Y	W	H	M	C	P
0	0.00836	0.00711	0.00826	0.00592	0.00939	0.00547	0.00474	0.03822	0.00849	0.01319	0.00705	0.00817	0.00584	0.00297	0.00294	0.00060	0.00295	0.00236	0.00238	0.85559
1	0.01536	0.00618	0.00838	0.00660	0.00924	0.00538	0.00538	0.01694	0.01120	0.68788	0.16723	0.01629	0.01475	0.00544	0.00407	0.00122	0.00306	0.00452	0.00475	0.00612
2	0.00518	0.00432	0.03174	0.00566	0.02297	0.00367	0.00408	0.00640	0.00880	0.01189	0.26022	0.45926	0.14069	0.01026	0.00478	0.00143	0.00227	0.00915	0.00374	0.00350
3	0.01135	0.66576	0.01840	0.00721	0.01048	0.03975	0.00682	0.15850	0.00995	0.01211	0.00622	0.00692	0.00534	0.00361	0.00281	0.00090	0.00427	0.00237	0.00211	0.02512
4	0.00542	0.00407	0.00508	0.00510	0.00600	0.00382	0.00378	0.00722	0.04208	0.01332	0.44127	0.20168	0.17607	0.00987	0.03011	0.00150	0.00233	0.03372	0.00395	0.00361
5	0.00610	0.00410	0.00510	0.00511	0.00615	0.00369	0.00384	0.00740	0.00951	0.07623	0.29889	0.22457	0.25615	0.00951	0.00472	0.00138	0.00223	0.06766	0.00396	0.00369
6	0.15958	0.00682	0.00855	0.00668	0.00961	0.00626	0.00552	0.01787	0.01048	0.70654	0.01384	0.01221	0.00882	0.00465	0.00370	0.00121	0.00329	0.00365	0.00446	0.00628
7	0.00504	0.00389	0.00455	0.00458	0.00553	0.00346	0.00333	0.00627	0.00940	0.01233	0.33741	0.16183	0.37473	0.04345	0.00530	0.00143	0.00205	0.00817	0.00385	0.00340
8	0.71291	0.00740	0.00644	0.00552	0.00807	0.00818	0.00455	0.01306	0.00759	0.18457	0.00749	0.00778	0.00535	0.00389	0.00273	0.00121	0.00309	0.00249	0.00292	0.00474
9	0.00691	0.00542	0.00651	0.00644	0.00745	0.00600	0.00475	0.02780	0.26262	0.01198	0.01584	0.28557	0.01587	0.08592	0.19608	0.00274	0.01850	0.00658	0.02278	0.00422
10	0.02587	0.00855	0.06086	0.02660	0.01047	0.03638	0.02560	0.20329	0.09298	0.19668	0.06818	0.03041	0.09420	0.02719	0.00466	0.00132	0.02224	0.03418	0.02490	0.00544
11	0.01306	0.12746	0.04655	0.00890	0.02684	0.14432	0.00740	0.39266	0.10619	0.04330	0.00940	0.02342	0.00718	0.00455	0.00366	0.00113	0.00456	0.00339	0.02012	0.00590
12	0.88991	0.00758	0.00576	0.00516	0.00758	0.00879	0.00425	0.01152	0.00667	0.01759	0.00546	0.00637	0.00425	0.00364	0.00243	0.00121	0.00303	0.00212	0.00243	0.00425
13	0.00926	0.06104	0.18683	0.11465	0.11192	0.03210	0.13393	0.04959	0.05631	0.03834	0.00825	0.03108	0.00658	0.00432	0.00446	0.02164	0.03960	0.00359	0.00221	0.08429
14	0.00510	0.00388	0.00454	0.00462	0.00558	0.00346	0.00340	0.00638	0.00940	0.01243	0.31019	0.18124	0.36970	0.00950	0.00464	0.00133	0.00201	0.02245	0.03670	0.00344
15	0.00634	0.00502	0.00580	0.00574	0.02407	0.00495	0.00425	0.06725	0.06694	0.01290	0.17066	0.10552	0.36088	0.04627	0.00549	0.00146	0.02821	0.05511	0.01927	0.00389
16	0.00499	0.00378	0.00464	0.00510	0.00584	0.00343	0.00372	0.00604	0.00858	0.01111	0.13250	0.40840	0.28256	0.01084	0.00488	0.00148	0.00227	0.09279	0.00372	0.00333
17	0.00722	0.00643	0.00892	0.00800	0.00836	0.00814	0.02675	0.00851	0.04045	0.00963	0.02867	0.07671	0.01063	0.18108	0.13871	0.00278	0.39927	0.02371	0.00225	0.00378
18	0.01403	0.11309	0.01219	0.00972	0.01185	0.73341	0.00750	0.01507	0.01063	0.00955	0.00597	0.00702	0.00505	0.00403	0.00365	0.00101	0.02718	0.00250	0.00197	0.00459
19	0.00504	0.00386	0.00466	0.00498	0.00584	0.00348	0.00369	0.00619	0.00892	0.01155	0.18940	0.29452	0.33581	0.01039	0.00483	0.00144	0.00223	0.09602	0.00377	0.00338
20	0.00851	0.00803	0.01363	0.23337	0.51179	0.00843	0.02841	0.01073	0.00848	0.01175	0.00901	0.11311	0.00835	0.00466	0.00404	0.00126	0.00456	0.00444	0.00210	0.00535
21	0.00815	0.00655	0.00866	0.01043	0.20778	0.02204	0.00619	0.01148	0.19010	0.04949	0.02384	0.12416	0.01285	0.22186	0.07701	0.00233	0.00422	0.00534	0.00290	0.00460
22	0.30638	0.50035	0.03421	0.00645	0.00948	0.04951	0.00608	0.01202	0.00775	0.03055	0.00574	0.00655	0.00487	0.00352	0.00259	0.00099	0.00395	0.00218	0.00201	0.00480
23	0.02647	0.04308	0.33838	0.08054	0.31307	0.00930	0.06596	0.02683	0.00878	0.01271	0.03373	0.00970	0.00655	0.00377	0.00382	0.00121	0.00513	0.00337	0.00193	0.00569
24	0.00909	0.00811	0.06060	0.12536	0.09659	0.00789	0.00737	0.08060	0.24121	0.06021	0.12085	0.01623	0.07464	0.00537	0.00402	0.00123	0.00358	0.01337	0.00328	0.06039
25	0.00574	0.00458	0.00512	0.00529	0.00616	0.03085	0.00381	0.03582	0.02686	0.01191	0.18675	0.36035	0.24051	0.03454	0.00516	0.00148	0.00243	0.02540	0.00370	0.00354
26	0.04489	0.00487	0.00676	0.18212	0.01106	0.00518	0.00611	0.00783	0.00826	0.01111	0.04440	0.16735	0.08781	0.06568	0.00578	0.00171	0.00352	0.32882	0.00312	0.00362
27	0.01037	0.03806	0.11901	0.12178	0.18847	0.03451	0.05953	0.09042	0.15882	0.08853	0.01013	0.02528	0.00777	0.00438	0.00390	0.00123	0.00453	0.01120	0.01633	0.00574

[dist]
# distance from previous block
# <min> <max>
5	18

[block]
# block no. 12 follows, 69 sequences, length 9
# corresponding to MSA columns:
# 526-534
name=unknown_M
#
# <colnr> <probs for GDERKNQSTAVLIFYWHMCP>
#	G	D	E	R	K	N	Q	S	T	A	V	L	I	F	Y	W	H	M	C	P
0	0.08506	0.00809	0.01081	0.08279	0.07559	0.00789	0.08563	0.16120	0.01014	0.03182	0.02908	0.03354	0.00732	0.00400	0.00367	0.00101	0.01791	0.00339	0.01671	0.32437
1	0.00589	0.00451	0.00524	0.00487	0.00611	0.00418	0.00370	0.06730	0.01081	0.01443	0.47026	0.03104	0.34016	0.00850	0.00458	0.00126	0.00208	0.00728	0.00403	0.00377
2	0.07563	0.00865	0.00926	0.05631	0.04617	0.04370	0.00656	0.13948	0.43424	0.04047	0.02963	0.05248	0.02963	0.00536	0.00391	0.00128	0.00355	0.00439	0.00357	0.00572
3	0.05010	0.00936	0.01034	0.08179	0.01227	0.03085	0.00695	0.47516	0.06185	0.14006	0.01046	0.01058	0.00740	0.00462	0.00377	0.00118	0.00401	0.00356	0.06963	0.00606
4	0.00488	0.00381	0.00422	0.00443	0.00541	0.00333	0.00320	0.00591	0.00873	0.01110	0.10653	0.24892	0.51476	0.01011	0.00464	0.00137	0.00204	0.00870	0.04457	0.00333
5	0.08946	0.01028	0.01088	0.00851	0.01150	0.01139	0.00700	0.64978	0.09040	0.05656	0.00991	0.00978	0.00706	0.00468	0.00380	0.00119	0.00406	0.00351	0.00384	0.00642
6	0.00570	0.00380	0.00428	0.00428	0.00428	0.00380	0.00238	0.00570	0.00570	0.00760	0.01235	0.02566	0.01425	0.86222	0.01995	0.00380	0.00380	0.00570	0.00238	0.00238
7	0.00708	0.00653	0.01086	0.74770	0.02436	0.00802	0.00999	0.00945	0.00780	0.01002	0.00878	0.11579	0.00779	0.00496	0.00405	0.00134	0.00486	0.00443	0.00198	0.00421
8	0.01050	0.00863	0.00911	0.00787	0.01022	0.00975	0.00621	0.20604	0.57046	0.01782	0.01651	0.01543	0.08269	0.00558	0.00403	0.00129	0.00329	0.00456	0.00394	0.00606

[dist]
# distance from previous block
# <min> <max>
7	18

[block]
# block no. 13 follows, 69 sequences, length 12
# corresponding to MSA columns:
# 554-565
name=unknown_N
#
# <colnr> <probs for GDERKNQSTAVLIFYWHMCP>
#	G	D	E	R	K	N	Q	S	T	A	V	L	I	F	Y	W	H	M	C	P
0	0.49614	0.00811	0.00773	0.00643	0.00908	0.00893	0.00528	0.16322	0.07732	0.17030	0.00889	0.00889	0.00633	0.00420	0.00311	0.00122	0.00333	0.00291	0.00328	0.00530
1	0.01297	0.00921	0.00991	0.00800	0.01060	0.02765	0.00643	0.45577	0.16454	0.10671	0.01195	0.05110	0.00922	0.03559	0.00448	0.00129	0.00380	0.00413	0.04269	0.02398
2	0.02614	0.07674	0.02168	0.00721	0.00983	0.10805	0.00589	0.15696	0.05664	0.08946	0.06166	0.05042	0.02596	0.02292	0.00408	0.00109	0.01667	0.01959	0.00306	0.23595
3	0.06306	0.02646	0.02353	0.00929	0.05608	0.17975	0.05269	0.26376	0.07503	0.04976	0.02802	0.04218	0.04819	0.00496	0.00378	0.00117	0.00444	0.00394	0.05851	0.00537
4	0.88991	0.00758	0.00576	0.00516	0.00758	0.00879	0.00425	0.01152	0.00667	0.01759	0.00546	0.00637	0.00425	0.00364	0.00243	0.00121	0.00303	0.00212	0.00243	0.00425
5	0.00975	0.40574	0.01631	0.00878	0.01085	0.06064	0.06532	0.01137	0.03697	0.00980	0.00619	0.00813	0.00562	0.00588	0.04770	0.00145	0.28000	0.00292	0.00183	0.00475
6	0.00541	0.00397	0.00469	0.00483	0.00584	0.00352	0.00359	0.00657	0.00911	0.04071	0.19475	0.23667	0.39752	0.00999	0.00475	0.00140	0.00217	0.05720	0.00382	0.00349
7	0.10553	0.00631	0.00706	0.00614	0.00799	0.00653	0.00478	0.10063	0.14670	0.15647	0.17869	0.03489	0.09251	0.07951	0.03267	0.00163	0.00317	0.00510	0.01886	0.00484
8	0.00541	0.00378	0.00445	0.00467	0.00496	0.00364	0.00298	0.00585	0.00691	0.00909	0.06198	0.20322	0.11295	0.49785	0.01351	0.00282	0.00316	0.04705	0.00295	0.00278
9	0.00643	0.00363	0.00531	0.00531	0.00547	0.00379	0.00366	0.00560	0.00544	0.00741	0.00817	0.01399	0.00819	0.09548	0.20803	0.60119	0.00508	0.00380	0.00186	0.00218
10	0.01133	0.69174	0.01862	0.00740	0.01048	0.18530	0.00689	0.01254	0.00861	0.00930	0.00557	0.00645	0.00503	0.00349	0.00272	0.00087	0.00478	0.00218	0.00175	0.00493
11	0.00478	0.00341	0.00455	0.00546	0.00569	0.00318	0.00364	0.00546	0.00751	0.01001	0.02161	0.85966	0.02593	0.01228	0.00500	0.00159	0.00227	0.01114	0.00364	0.00318

[dist]
# distance from previous block
# <min> <max>
0	13

[block]
# block no. 14 follows, 69 sequences, length 9
# corresponding to MSA columns:
# 579-587
name=unknown_O
#
# <colnr> <probs for GDERKNQSTAVLIFYWHMCP>
#	G	D	E	R	K	N	Q	S	T	A	V	L	I	F	Y	W	H	M	C	P
0	0.03580	0.09917	0.39744	0.01092	0.07165	0.19291	0.01085	0.06270	0.00955	0.04559	0.00709	0.00814	0.00535	0.00391	0.00375	0.00115	0.02362	0.00285	0.00205	0.00549
1	0.25954	0.06279	0.18115	0.17016	0.10260	0.00964	0.07521	0.03145	0.00800	0.01345	0.00655	0.00840	0.00508	0.00384	0.00387	0.00124	0.04705	0.00298	0.00201	0.00498
2	0.23422	0.00785	0.01171	0.31233	0.18263	0.00862	0.08689	0.01092	0.00785	0.01287	0.00691	0.00955	0.00553	0.02779	0.00399	0.00128	0.00450	0.00324	0.00203	0.05928
3	0.00943	0.00807	0.01244	0.30421	0.21643	0.00883	0.06170	0.09673	0.10015	0.05076	0.03141	0.01270	0.02849	0.00446	0.00401	0.00126	0.00450	0.02064	0.01843	0.00534
4	0.00575	0.00472	0.00682	0.20625	0.04921	0.00489	0.00566	0.00723	0.00853	0.01129	0.17162	0.34636	0.13922	0.00876	0.00457	0.00140	0.00296	0.00781	0.00324	0.00371
5	0.00701	0.02959	0.05237	0.00744	0.04831	0.00592	0.04152	0.03219	0.10275	0.03014	0.19310	0.10874	0.20475	0.00792	0.00466	0.00136	0.01857	0.09584	0.00350	0.00433
6	0.17414	0.00981	0.01044	0.00877	0.01053	0.10991	0.04397	0.18665	0.06266	0.01494	0.00756	0.00921	0.00617	0.00654	0.05829	0.00164	0.24731	0.00327	0.02325	0.00493
7	0.00770	0.00709	0.01200	0.00949	0.01170	0.00691	0.28441	0.06078	0.09145	0.01425	0.26070	0.08029	0.09158	0.00651	0.00458	0.00133	0.00386	0.03745	0.00333	0.00460
8	0.00559	0.00445	0.00604	0.00629	0.00702	0.00443	0.03569	0.00707	0.04423	0.01073	0.02276	0.48088	0.15455	0.01073	0.00537	0.00157	0.04822	0.13735	0.00348	0.00355

[dist]
# distance from previous block
# <min> <max>
6	18

[block]
# block no. 15 follows, 69 sequences, length 30
# corresponding to MSA columns:
# 619-644,652-655
name=unknown_P
#
# <colnr> <probs for GDERKNQSTAVLIFYWHMCP>
#	G	D	E	R	K	N	Q	S	T	A	V	L	I	F	Y	W	H	M	C	P
0	0.00509	0.00396	0.00462	0.00452	0.00559	0.00349	0.00336	0.00648	0.00991	0.01305	0.42481	0.07901	0.40380	0.00913	0.00465	0.00129	0.00194	0.00786	0.00397	0.00349
1	0.06501	0.00855	0.00916	0.00760	0.01016	0.03379	0.00611	0.21862	0.29600	0.19643	0.02502	0.01282	0.00978	0.00495	0.00380	0.00122	0.00349	0.01534	0.04604	0.02609
2	0.28445	0.00930	0.01109	0.06355	0.26812	0.05669	0.01754	0.14430	0.03207	0.05209	0.00756	0.00880	0.00584	0.00396	0.00359	0.00120	0.01877	0.00308	0.00258	0.00544
3	0.00791	0.00454	0.00584	0.00564	0.00686	0.00415	0.00424	0.01923	0.02363	0.18587	0.20970	0.31425	0.13191	0.00914	0.00464	0.00140	0.00247	0.05035	0.00406	0.00417
4	0.00917	0.03909	0.23113	0.04440	0.10920	0.00895	0.07904	0.07481	0.17990	0.03744	0.04100	0.01301	0.04253	0.00519	0.02142	0.00135	0.01344	0.01544	0.02793	0.00556
5	0.00620	0.00382	0.00442	0.00439	0.00461	0.00384	0.00268	0.00645	0.00615	0.02253	0.01200	0.02241	0.01284	0.62479	0.05791	0.06311	0.00381	0.00515	0.13025	0.00264
6	0.00493	0.00356	0.00463	0.00525	0.00566	0.00330	0.00358	0.00582	0.00819	0.01100	0.16682	0.64277	0.07784	0.03051	0.00525	0.00156	0.00222	0.01013	0.00373	0.00327
7	0.01109	0.01044	0.01027	0.00817	0.01085	0.22475	0.04713	0.03029	0.02288	0.09855	0.00767	0.00871	0.00607	0.00393	0.00438	0.00094	0.09665	0.00284	0.00249	0.39188
8	0.55891	0.03308	0.00821	0.06149	0.03259	0.12072	0.00574	0.08747	0.00867	0.04304	0.00638	0.00732	0.00489	0.00384	0.00290	0.00118	0.00392	0.00249	0.00251	0.00467
9	0.00860	0.01416	0.34357	0.01409	0.01866	0.00940	0.47682	0.01234	0.00886	0.01247	0.00804	0.01089	0.00616	0.00374	0.00430	0.00131	0.00618	0.03305	0.00191	0.00543
10	0.00860	0.00711	0.00833	0.00602	0.00941	0.00557	0.00483	0.03405	0.00848	0.03620	0.00724	0.00832	0.00593	0.00308	0.00314	0.00064	0.01855	0.00242	0.00243	0.81964
11	0.00541	0.00385	0.00473	0.00494	0.00577	0.00345	0.00354	0.00652	0.00903	0.04168	0.24689	0.36608	0.26335	0.01018	0.00476	0.00140	0.00211	0.00896	0.00387	0.00349
12	0.00509	0.00373	0.00468	0.00511	0.00568	0.00345	0.00359	0.00607	0.00840	0.01115	0.18923	0.42841	0.16012	0.08873	0.00626	0.00169	0.00236	0.05932	0.00366	0.00326
13	0.00519	0.00392	0.00477	0.00474	0.00566	0.00353	0.00348	0.00658	0.00980	0.01316	0.45727	0.14672	0.26721	0.03227	0.00510	0.00139	0.00203	0.01976	0.00396	0.00348
14	0.01107	0.00908	0.00961	0.00825	0.01070	0.01037	0.00652	0.22687	0.62250	0.01853	0.01428	0.01329	0.01061	0.00516	0.00397	0.00129	0.00341	0.00420	0.00397	0.00632
15	0.04228	0.01165	0.01041	0.00855	0.01114	0.20239	0.00682	0.43676	0.09568	0.05483	0.00968	0.00985	0.00713	0.00458	0.00370	0.00114	0.00456	0.00337	0.06967	0.00583
16	0.62467	0.00841	0.00746	0.00623	0.00887	0.00951	0.00514	0.21966	0.00989	0.05872	0.00695	0.00748	0.00513	0.00397	0.00288	0.00120	0.00337	0.00257	0.00292	0.00498
17	0.25732	0.00825	0.06423	0.02332	0.00988	0.01905	0.00588	0.09420	0.02854	0.18906	0.01019	0.07438	0.00823	0.00473	0.00341	0.00114	0.00344	0.02107	0.00315	0.17053
18	0.01048	0.86458	0.02054	0.00671	0.01006	0.01551	0.00671	0.01174	0.00797	0.00922	0.00545	0.00629	0.00503	0.00335	0.00252	0.00084	0.00419	0.00210	0.00168	0.00503
19	0.01464	0.01868	0.01111	0.01010	0.01212	0.84648	0.00757	0.01565	0.01111	0.00959	0.00606	0.00707	0.00505	0.00404	0.00353	0.00101	0.00707	0.00252	0.00202	0.00454
