[name]
unknown

[dist]
# distance from previous block
# <min> <max>
4	128

[block]
# block no. 0 follows, 72 sequences, length 9
# corresponding to MSA columns:
# 201-209
name=unknown_A
#
# <colnr> <probs for GDERKNQSTAVLIFYWHMCP>
#	G	D	E	R	K	N	Q	S	T	A	V	L	I	F	Y	W	H	M	C	P
0	0.06291	0.04623	0.15573	0.00782	0.03500	0.12342	0.00673	0.08209	0.07949	0.01189	0.02826	0.06495	0.00967	0.17231	0.09544	0.00216	0.00498	0.00410	0.00244	0.00437
1	0.00509	0.00377	0.00469	0.00474	0.00553	0.00344	0.00346	0.00641	0.00934	0.01266	0.45758	0.18853	0.18966	0.05187	0.00531	0.00142	0.00205	0.03730	0.00380	0.00334
2	0.00968	0.00891	0.04122	0.18180	0.18988	0.07795	0.04943	0.06174	0.10556	0.08368	0.02797	0.03319	0.04509	0.00467	0.00417	0.00121	0.03464	0.01466	0.00261	0.02195
3	0.04033	0.06337	0.18355	0.09730	0.06843	0.09089	0.05479	0.16296	0.09516	0.01409	0.03673	0.05873	0.00815	0.00454	0.00371	0.00118	0.00460	0.00374	0.00254	0.00523
4	0.04160	0.00594	0.00726	0.00600	0.00825	0.00550	0.00481	0.06384	0.06070	0.43345	0.08180	0.04941	0.20249	0.00628	0.00401	0.00122	0.00282	0.00520	0.00416	0.00527
5	0.00477	0.00350	0.00442	0.00499	0.00546	0.00322	0.00344	0.00560	0.00782	0.01032	0.11446	0.57773	0.15416	0.05280	0.00546	0.00157	0.00222	0.03143	0.00353	0.00313
6	0.02113	0.08530	0.18919	0.08014	0.04845	0.00816	0.13760	0.04375	0.03211	0.08318	0.01100	0.12103	0.03845	0.02014	0.02198	0.00137	0.02647	0.00453	0.02116	0.00487
7	0.02766	0.16801	0.13712	0.08505	0.18037	0.16964	0.02990	0.05418	0.00933	0.04048	0.05798	0.00939	0.00725	0.00390	0.00347	0.00107	0.00487	0.00310	0.00213	0.00511
8	0.00765	0.00571	0.00811	0.05619	0.07421	0.00649	0.00599	0.03664	0.00766	0.09026	0.05468	0.18127	0.03047	0.06470	0.17962	0.00250	0.17565	0.00541	0.00269	0.00407

[dist]
# distance from previous block
# <min> <max>
2	7

[block]
# block no. 1 follows, 72 sequences, length 8
# corresponding to MSA columns:
# 217,221-227
name=unknown_B
#
# <colnr> <probs for GDERKNQSTAVLIFYWHMCP>
#	G	D	E	R	K	N	Q	S	T	A	V	L	I	F	Y	W	H	M	C	P
0	0.04687	0.38909	0.09955	0.04585	0.04572	0.14203	0.00759	0.09156	0.00914	0.01133	0.00731	0.04352	0.02174	0.00410	0.00327	0.00101	0.02046	0.00293	0.00204	0.00489
1	0.00935	0.07009	0.03452	0.06277	0.02392	0.02520	0.03740	0.17222	0.15608	0.04743	0.02294	0.10362	0.03493	0.09625	0.00577	0.00148	0.03130	0.02440	0.00302	0.03731
2	0.06586	0.05133	0.13059	0.04152	0.06933	0.05899	0.05700	0.09341	0.11743	0.09320	0.03513	0.04916	0.02830	0.00495	0.00421	0.00122	0.05127	0.02441	0.01752	0.00517
3	0.06570	0.17019	0.05967	0.05488	0.10416	0.04210	0.12692	0.03716	0.00863	0.09983	0.00839	0.06698	0.00708	0.00416	0.00369	0.00108	0.02506	0.00355	0.00235	0.10843
4	0.00528	0.00393	0.00528	0.00535	0.00601	0.00415	0.00399	0.00637	0.00692	0.00943	0.07637	0.06885	0.13913	0.15394	0.44393	0.00417	0.00653	0.04457	0.00261	0.00319
5	0.03006	0.33492	0.17607	0.00987	0.07300	0.14066	0.06314	0.03139	0.00852	0.02579	0.00633	0.00762	0.00523	0.00431	0.02563	0.00117	0.04677	0.00268	0.00184	0.00501
6	0.03737	0.09616	0.12631	0.07330	0.07572	0.04757	0.06066	0.03603	0.07020	0.03272	0.04957	0.14589	0.04941	0.02107	0.00458	0.02102	0.02343	0.02186	0.00257	0.00457
7	0.00476	0.00353	0.00441	0.00496	0.00548	0.00326	0.00345	0.00558	0.00770	0.01005	0.07311	0.53320	0.20289	0.05863	0.02869	0.00171	0.00246	0.03956	0.00345	0.00312

[dist]
# distance from previous block
# <min> <max>
8	22

[block]
# block no. 2 follows, 72 sequences, length 6
# corresponding to MSA columns:
# 250-255
name=unknown_C
#
# <colnr> <probs for GDERKNQSTAVLIFYWHMCP>
#	G	D	E	R	K	N	Q	S	T	A	V	L	I	F	Y	W	H	M	C	P
0	0.06782	0.00541	0.02628	0.00553	0.00728	0.00470	0.02851	0.00853	0.04635	0.05862	0.10762	0.14824	0.24928	0.03651	0.00456	0.00128	0.00263	0.04018	0.00325	0.14743
1	0.01130	0.08407	0.07061	0.01197	0.19212	0.07372	0.06397	0.22378	0.08958	0.07262	0.00909	0.03289	0.00711	0.00418	0.00367	0.00112	0.00441	0.00351	0.00278	0.03751
2	0.01057	0.25899	0.04931	0.00730	0.00995	0.09299	0.00640	0.10506	0.08620	0.08896	0.03584	0.05418	0.02578	0.00463	0.00378	0.00103	0.04783	0.00346	0.00268	0.10503
3	0.06221	0.19986	0.04810	0.03641	0.07329	0.02440	0.06637	0.08949	0.08443	0.07192	0.04668	0.04434	0.00879	0.00496	0.01717	0.00120	0.04304	0.02370	0.00262	0.05103
4	0.00942	0.03821	0.16815	0.01044	0.06135	0.11237	0.16171	0.10407	0.05958	0.02880	0.01047	0.07552	0.04294	0.04804	0.02212	0.00140	0.00492	0.00422	0.00245	0.03382
5	0.00575	0.00371	0.00473	0.00512	0.00562	0.00347	0.00351	0.00646	0.00745	0.06730	0.04686	0.50056	0.08310	0.18434	0.00769	0.00193	0.00261	0.05323	0.00337	0.00320

[dist]
# distance from previous block
# <min> <max>
0	3

[block]
# block no. 3 follows, 72 sequences, length 14
# corresponding to MSA columns:
# 259-272
name=unknown_D
#
# <colnr> <probs for GDERKNQSTAVLIFYWHMCP>
#	G	D	E	R	K	N	Q	S	T	A	V	L	I	F	Y	W	H	M	C	P
0	0.02852	0.00711	0.01028	0.09823	0.08858	0.05117	0.14476	0.03638	0.06978	0.04181	0.07183	0.12001	0.13603	0.00679	0.02531	0.00139	0.00401	0.03515	0.01844	0.00443
1	0.02325	0.04160	0.09537	0.04870	0.04212	0.20202	0.03227	0.04281	0.04033	0.04844	0.07315	0.08177	0.15592	0.00616	0.01473	0.00124	0.02548	0.00475	0.00271	0.01719
2	0.00574	0.00410	0.00545	0.00551	0.00597	0.00434	0.00398	0.00643	0.03796	0.00935	0.07174	0.24845	0.11624	0.04723	0.12982	0.21579	0.06981	0.00638	0.00272	0.00299
3	0.00480	0.00347	0.00435	0.00490	0.00527	0.00322	0.00327	0.00549	0.00747	0.00988	0.09179	0.57148	0.12144	0.13638	0.00688	0.00179	0.00235	0.00935	0.00340	0.00302
4	0.00898	0.06366	0.05452	0.06717	0.08192	0.06970	0.11017	0.07875	0.02592	0.07326	0.07131	0.14665	0.05914	0.00606	0.00429	0.00126	0.02551	0.04421	0.00283	0.00468
5	0.11205	0.06310	0.23448	0.00800	0.01131	0.02418	0.06080	0.03320	0.02242	0.22649	0.06863	0.01376	0.07018	0.00482	0.00368	0.00119	0.00399	0.02953	0.00298	0.00520
6	0.00677	0.00417	0.00532	0.00543	0.00619	0.00395	0.00382	0.05037	0.00848	0.10951	0.11245	0.52132	0.03737	0.09874	0.00612	0.00165	0.00253	0.00853	0.00362	0.00363
7	0.03776	0.00819	0.01069	0.19700	0.10356	0.02283	0.04023	0.19701	0.17716	0.03432	0.03131	0.05144	0.02738	0.01624	0.00430	0.00127	0.02703	0.00413	0.00292	0.00524
8	0.06169	0.04269	0.02997	0.07653	0.03192	0.13767	0.07377	0.28036	0.04792	0.04634	0.00825	0.00966	0.00641	0.02844	0.03933	0.00143	0.05742	0.00334	0.01165	0.00520
9	0.01033	0.00986	0.03926	0.00715	0.00884	0.25516	0.00575	0.11548	0.02360	0.04756	0.05230	0.04378	0.04126	0.00554	0.01756	0.00118	0.05945	0.01679	0.23477	0.00441
10	0.00620	0.00450	0.00533	0.00500	0.00625	0.00424	0.00384	0.03799	0.06206	0.05014	0.41895	0.04575	0.28517	0.00812	0.00442	0.00125	0.00214	0.04091	0.00392	0.00383
11	0.05703	0.00932	0.00949	0.00778	0.01015	0.09769	0.00629	0.31190	0.09075	0.06370	0.03211	0.01169	0.01863	0.00557	0.03064	0.00128	0.06887	0.03889	0.00315	0.12506
12	0.00768	0.04558	0.01001	0.12601	0.13157	0.02943	0.06351	0.06285	0.00863	0.03343	0.02982	0.24067	0.04253	0.00860	0.07030	0.00169	0.01982	0.06085	0.00270	0.00431
13	0.00468	0.00346	0.00439	0.00508	0.00554	0.00317	0.00352	0.00547	0.00766	0.01000	0.04600	0.66029	0.17079	0.01131	0.00478	0.00149	0.00219	0.04353	0.00354	0.00313

[dist]
# distance from previous block
# <min> <max>
1	3

[block]
# block no. 4 follows, 72 sequences, length 13
# corresponding to MSA columns:
# 276,288-291,293-300
name=unknown_E
#
# <colnr> <probs for GDERKNQSTAVLIFYWHMCP>
#	G	D	E	R	K	N	Q	S	T	A	V	L	I	F	Y	W	H	M	C	P
0	0.02862	0.13136	0.06432	0.10577	0.11885	0.10590	0.02146	0.17254	0.04628	0.06742	0.00958	0.04791	0.03386	0.00505	0.02385	0.00124	0.00458	0.00360	0.00260	0.00521
1	0.11115	0.00561	0.00641	0.00583	0.00672	0.02512	0.02545	0.02262	0.03397	0.01217	0.03861	0.05792	0.01036	0.14479	0.04023	0.00178	0.15149	0.00417	0.29192	0.00367
2	0.06331	0.04101	0.16563	0.00912	0.05951	0.12774	0.00789	0.21671	0.05933	0.06570	0.05813	0.03902	0.02035	0.00471	0.00384	0.00115	0.02473	0.00362	0.02317	0.00531
3	0.19063	0.03078	0.03227	0.00937	0.07736	0.05360	0.10857	0.14120	0.07044	0.07516	0.02704	0.05849	0.00825	0.02296	0.00415	0.00124	0.02809	0.01518	0.00280	0.04243
4	0.00476	0.00341	0.00434	0.00500	0.00529	0.00319	0.00330	0.00538	0.00721	0.00956	0.04547	0.66148	0.08138	0.13309	0.00686	0.00182	0.00238	0.00972	0.00337	0.00299
5	0.00504	0.00386	0.00462	0.00443	0.00547	0.00344	0.00332	0.00653	0.00997	0.01338	0.54546	0.03134	0.33252	0.00844	0.00448	0.00123	0.00184	0.00728	0.00393	0.00344
6	0.02063	0.04098	0.21072	0.09739	0.06461	0.08025	0.13153	0.08157	0.04296	0.01219	0.00873	0.03901	0.02024	0.03160	0.02494	0.00143	0.06211	0.02201	0.00217	0.00494
7	0.03334	0.01915	0.02297	0.00689	0.02585	0.02902	0.00549	0.12716	0.08101	0.36160	0.09578	0.01654	0.11125	0.02606	0.00424	0.00124	0.00320	0.00450	0.01928	0.00544
8	0.00516	0.00381	0.00457	0.00476	0.00559	0.00345	0.00343	0.00640	0.02447	0.02958	0.21991	0.32141	0.29723	0.03257	0.00499	0.00142	0.00211	0.02210	0.00367	0.00335
9	0.00482	0.00359	0.00447	0.00507	0.00557	0.00334	0.00350	0.00584	0.02876	0.01009	0.04947	0.60155	0.18197	0.04042	0.00524	0.00155	0.00225	0.03580	0.00351	0.00318
10	0.02256	0.07424	0.03776	0.10024	0.18072	0.25592	0.05908	0.10692	0.01009	0.04070	0.00829	0.00961	0.03983	0.00411	0.00392	0.00111	0.03435	0.00325	0.00224	0.00506
11	0.00649	0.00459	0.00543	0.00535	0.00624	0.00461	0.00392	0.10755	0.02241	0.01259	0.14045	0.25793	0.09378	0.12747	0.04221	0.00185	0.00295	0.05847	0.09210	0.00360
12	0.00974	0.09293	0.19420	0.05238	0.10878	0.09470	0.03850	0.13091	0.02141	0.01333	0.03389	0.00892	0.00649	0.00371	0.00344	0.00101	0.00455	0.00298	0.00225	0.17586

[dist]
# distance from previous block
# <min> <max>
7	18

[block]
# block no. 5 follows, 72 sequences, length 10
# corresponding to MSA columns:
# 330-339
name=unknown_F
#
# <colnr> <probs for GDERKNQSTAVLIFYWHMCP>
#	G	D	E	R	K	N	Q	S	T	A	V	L	I	F	Y	W	H	M	C	P
0	0.04740	0.06134	0.16406	0.12754	0.20646	0.04230	0.08264	0.09846	0.04562	0.04195	0.04077	0.00993	0.00703	0.00390	0.00368	0.00116	0.00469	0.00340	0.00229	0.00537
1	0.00995	0.00940	0.17317	0.00911	0.09191	0.02316	0.00764	0.12710	0.06342	0.16232	0.09145	0.09095	0.04354	0.00585	0.00402	0.00125	0.00373	0.06017	0.01665	0.00524
2	0.00552	0.00393	0.00561	0.00561	0.00610	0.00442	0.00414	0.00639	0.00590	0.00835	0.01029	0.01672	0.01017	0.20082	0.62231	0.06596	0.00835	0.00431	0.00206	0.00304
3	0.00720	0.00601	0.00854	0.04185	0.06770	0.00596	0.10231	0.05798	0.10803	0.03362	0.09511	0.11770	0.25443	0.00719	0.00428	0.00129	0.00313	0.04162	0.03175	0.00432
4	0.06988	0.02751	0.05176	0.08354	0.13451	0.03224	0.10225	0.06892	0.02785	0.08648	0.04543	0.08447	0.03851	0.06860	0.02851	0.00154	0.03613	0.00449	0.00263	0.00474
5	0.00551	0.00362	0.00421	0.00428	0.00430	0.00360	0.00246	0.00546	0.00563	0.00750	0.01238	0.09549	0.01430	0.74063	0.01779	0.05880	0.00353	0.00583	0.00236	0.00232
6	0.00555	0.00370	0.00471	0.00506	0.00575	0.00338	0.00361	0.00656	0.00833	0.05860	0.15985	0.49571	0.15372	0.01017	0.00462	0.00141	0.00218	0.03512	0.02859	0.00340
7	0.16600	0.00680	0.03354	0.05509	0.05455	0.00668	0.06078	0.07019	0.02617	0.14584	0.06329	0.10739	0.07123	0.00558	0.00385	0.00121	0.02046	0.00467	0.09204	0.00464
8	0.03376	0.10467	0.07335	0.02713	0.01013	0.21409	0.00645	0.08461	0.05198	0.10420	0.11524	0.01539	0.10571	0.00535	0.00372	0.00113	0.00417	0.03122	0.00296	0.00475
9	0.00466	0.00333	0.00444	0.00525	0.00551	0.00311	0.00352	0.00539	0.00747	0.01001	0.06935	0.81486	0.02572	0.01164	0.00482	0.00152	0.00218	0.01055	0.00356	0.00311

[dist]
# distance from previous block
# <min> <max>
4	6

[block]
# block no. 6 follows, 72 sequences, length 13
# corresponding to MSA columns:
# 347-354,358-362
name=unknown_G
#
# <colnr> <probs for GDERKNQSTAVLIFYWHMCP>
#	G	D	E	R	K	N	Q	S	T	A	V	L	I	F	Y	W	H	M	C	P
0	0.07718	0.00901	0.08194	0.02836	0.21440	0.08574	0.00759	0.06433	0.05622	0.03408	0.12735	0.01342	0.02067	0.04768	0.09245	0.00180	0.02646	0.00392	0.00258	0.00481
1	0.00617	0.00445	0.00627	0.00605	0.00643	0.00520	0.00451	0.00683	0.03025	0.00832	0.00911	0.01469	0.00893	0.13951	0.41202	0.21479	0.10749	0.00400	0.00199	0.00299
2	0.00646	0.00422	0.00548	0.02761	0.00680	0.00418	0.00424	0.02402	0.06389	0.05631	0.07338	0.39093	0.05412	0.01000	0.00591	0.12054	0.00265	0.09296	0.04284	0.00347
3	0.05366	0.02881	0.03804	0.14372	0.08884	0.04968	0.18068	0.16514	0.03801	0.01406	0.03603	0.01001	0.00687	0.00415	0.00449	0.00120	0.07550	0.00357	0.02344	0.03411
4	0.00825	0.12335	0.10311	0.02226	0.00956	0.02855	0.02728	0.05473	0.05396	0.06334	0.06017	0.12785	0.10315	0.03355	0.00425	0.00120	0.00345	0.03234	0.00285	0.13682
5	0.06796	0.00439	0.00509	0.00472	0.00593	0.00421	0.00359	0.00863	0.03756	0.07468	0.44826	0.02440	0.14318	0.02892	0.00440	0.00123	0.00208	0.00591	0.12107	0.00381
6	0.00632	0.00453	0.00553	0.00561	0.00652	0.00443	0.00413	0.09698	0.03027	0.03290	0.16059	0.44285	0.11744	0.00969	0.00460	0.00140	0.00244	0.05636	0.00370	0.00373
7	0.06299	0.10772	0.05367	0.05815	0.10084	0.08421	0.04284	0.16921	0.06882	0.07649	0.01015	0.02822	0.01948	0.00488	0.00383	0.00119	0.01565	0.08366	0.00279	0.00522
8	0.00840	0.00731	0.00993	0.03967	0.22187	0.05486	0.03394	0.05906	0.05962	0.02939	0.02890	0.03395	0.06000	0.00675	0.00453	0.00138	0.02174	0.29517	0.00290	0.02063
9	0.02774	0.00381	0.00476	0.00522	0.00594	0.00352	0.00377	0.00653	0.00800	0.05805	0.06092	0.52760	0.17528	0.01052	0.00467	0.00146	0.00232	0.08291	0.00359	0.00338
10	0.00695	0.00483	0.00554	0.00513	0.00646	0.02746	0.00393	0.00900	0.06468	0.10799	0.40182	0.05195	0.25657	0.00783	0.00436	0.00124	0.00226	0.02410	0.00393	0.00397
11	0.05236	0.05784	0.10407	0.02643	0.11380	0.04067	0.11328	0.25982	0.04481	0.06006	0.04258	0.01025	0.00750	0.01945	0.00426	0.00121	0.02978	0.00354	0.00276	0.00554
12	0.10078	0.02032	0.05763	0.03116	0.11006	0.13334	0.11085	0.03113	0.00844	0.04183	0.03244	0.04173	0.00804	0.00586	0.03962	0.00145	0.13625	0.03857	0.04590	0.00461

[dist]
# distance from previous block
# <min> <max>
5	38

[block]
# block no. 7 follows, 72 sequences, length 18
# corresponding to MSA columns:
# 410-427
name=unknown_H
#
# <colnr> <probs for GDERKNQSTAVLIFYWHMCP>
#	G	D	E	R	K	N	Q	S	T	A	V	L	I	F	Y	W	H	M	C	P
0	0.00706	0.00623	0.03340	0.03876	0.06698	0.02182	0.03333	0.03886	0.12478	0.01077	0.03155	0.08750	0.02412	0.25519	0.14933	0.00278	0.02982	0.03119	0.00262	0.00392
1	0.03862	0.17420	0.16944	0.00920	0.08199	0.04601	0.02186	0.12577	0.07148	0.08546	0.04489	0.02167	0.05725	0.01691	0.00390	0.00116	0.01865	0.00360	0.00267	0.00528
2	0.00858	0.02427	0.01194	0.32482	0.08557	0.08250	0.09554	0.03756	0.07755	0.01126	0.00852	0.03032	0.01906	0.00519	0.03498	0.00139	0.06991	0.00368	0.02619	0.04118
3	0.00626	0.00497	0.00589	0.00566	0.00642	0.02746	0.00431	0.00759	0.02370	0.02723	0.18876	0.21225	0.19258	0.00827	0.00567	0.00133	0.15068	0.00675	0.11064	0.00360
4	0.00830	0.00830	0.01162	0.00996	0.00996	0.01162	0.00830	0.00913	0.00581	0.00913	0.00498	0.00830	0.00498	0.00664	0.01245	0.00166	0.85977	0.00332	0.00166	0.00415
5	0.03244	0.17006	0.14203	0.11623	0.03633	0.02124	0.04796	0.03892	0.05776	0.01149	0.03716	0.10026	0.03764	0.01530	0.04313	0.00146	0.00437	0.06424	0.01743	0.00454
6	0.07286	0.00532	0.00651	0.00587	0.00758	0.00510	0.00459	0.01214	0.08699	0.29959	0.10214	0.18009	0.08101	0.02322	0.00438	0.00134	0.00272	0.06274	0.03112	0.00468
7	0.00470	0.00345	0.00438	0.00509	0.00551	0.00318	0.00350	0.00544	0.00750	0.00978	0.02344	0.66080	0.15858	0.03961	0.00528	0.00158	0.00227	0.04933	0.00348	0.00309
8	0.02268	0.02746	0.06535	0.21358	0.20361	0.05025	0.19560	0.05156	0.01975	0.05088	0.00853	0.01048	0.03266	0.00390	0.00411	0.00121	0.02745	0.00368	0.00213	0.00513
9	0.01972	0.03792	0.03693	0.08549	0.08192	0.00761	0.01965	0.09010	0.05765	0.03876	0.01160	0.03900	0.06669	0.02311	0.25323	0.00273	0.09517	0.02578	0.00248	0.00445
10	0.00495	0.00382	0.00438	0.00457	0.00535	0.00350	0.00320	0.00617	0.03793	0.01058	0.13785	0.27799	0.35458	0.11986	0.00647	0.00165	0.00225	0.00822	0.00347	0.00320
11	0.00636	0.00412	0.00541	0.00610	0.05002	0.00381	0.00407	0.00742	0.01756	0.09763	0.04573	0.50081	0.14930	0.03256	0.00491	0.00146	0.00243	0.02124	0.03541	0.00366
12	0.01893	0.03717	0.11079	0.27513	0.13478	0.05382	0.15929	0.08325	0.03919	0.01227	0.00733	0.00944	0.00562	0.00380	0.00410	0.00121	0.03334	0.00344	0.00203	0.00508
13	0.00587	0.00420	0.00559	0.02155	0.00674	0.00427	0.00433	0.00740	0.03776	0.04510	0.18214	0.30504	0.08221	0.02784	0.14814	0.00225	0.03008	0.07261	0.00334	0.00356
14	0.00541	0.00442	0.00480	0.00461	0.00570	0.02971	0.00344	0.02198	0.00937	0.01212	0.33714	0.03017	0.40629	0.05401	0.05265	0.00163	0.00262	0.00696	0.00358	0.00341
15	0.00838	0.00672	0.00792	0.00568	0.00903	0.00508	0.00455	0.01005	0.00803	0.05903	0.00720	0.00815	0.00583	0.00291	0.00286	0.00060	0.00283	0.00233	0.00238	0.84042
16	0.01059	0.05587	0.00952	0.05161	0.01059	0.00867	0.00649	0.30422	0.15405	0.07617	0.01354	0.08411	0.01212	0.00639	0.00412	0.00132	0.00364	0.17815	0.00355	0.00527
17	0.07477	0.00725	0.00827	0.00683	0.00922	0.00746	0.00548	0.19970	0.16162	0.30209	0.01508	0.07836	0.06916	0.00555	0.00380	0.00121	0.00316	0.00451	0.03085	0.00563

[dist]
# distance from previous block
# <min> <max>
0	1

[block]
# block no. 8 follows, 72 sequences, length 16
# corresponding to MSA columns:
# 429-444
name=unknown_I
#
# <colnr> <probs for GDERKNQSTAVLIFYWHMCP>
#	G	D	E	R	K	N	Q	S	T	A	V	L	I	F	Y	W	H	M	C	P
0	0.02538	0.00761	0.00925	0.04160	0.02314	0.02225	0.05665	0.24516	0.06099	0.01520	0.04827	0.05794	0.06884	0.05791	0.00497	0.00128	0.02234	0.05190	0.00304	0.17629
1	0.14128	0.09454	0.04081	0.03026	0.04757	0.14575	0.01808	0.19119	0.04108	0.02584	0.02534	0.00956	0.00674	0.00464	0.00413	0.04592	0.02516	0.02432	0.00256	0.07523
2	0.00688	0.00512	0.00610	0.03714	0.00728	0.00522	0.00424	0.08299	0.09397	0.02421	0.24215	0.06290	0.08809	0.21872	0.03097	0.00197	0.00310	0.03980	0.00332	0.03584
3	0.00470	0.00350	0.00435	0.00496	0.00546	0.00319	0.00343	0.00549	0.00771	0.01001	0.05585	0.58530	0.21266	0.03878	0.00523	0.00154	0.00221	0.03901	0.00351	0.00312
4	0.05346	0.08990	0.04640	0.01992	0.00905	0.00667	0.06224	0.09173	0.00898	0.03062	0.07394	0.14720	0.06885	0.02001	0.02327	0.04448	0.00352	0.09845	0.01871	0.08260
5	0.00994	0.07771	0.02878	0.04301	0.03350	0.00799	0.10405	0.14478	0.05075	0.07809	0.03282	0.00979	0.00725	0.00369	0.00339	0.00093	0.00374	0.00316	0.02400	0.33264
6	0.00744	0.00531	0.00693	0.00623	0.00765	0.00523	0.05246	0.11001	0.03624	0.08071	0.09429	0.21469	0.20634	0.04290	0.08698	0.00187	0.00355	0.02367	0.00344	0.00407
7	0.00475	0.00347	0.00439	0.00499	0.00541	0.00320	0.00340	0.00552	0.00765	0.01008	0.08789	0.60297	0.14457	0.06908	0.00575	0.00162	0.00225	0.02640	0.00349	0.00309
8	0.03151	0.04522	0.00984	0.04831	0.05572	0.02833	0.06002	0.14732	0.09441	0.15180	0.16087	0.03450	0.08170	0.00545	0.00392	0.00117	0.00345	0.00464	0.00344	0.02838
9	0.01035	0.04006	0.11933	0.05945	0.23167	0.04928	0.07102	0.15228	0.02962	0.07584	0.00863	0.03048	0.00693	0.00496	0.02661	0.00133	0.05553	0.01869	0.00248	0.00549
10	0.06304	0.00924	0.04161	0.02452	0.18915	0.12767	0.09532	0.05860	0.03068	0.02688	0.00899	0.06575	0.00829	0.11349	0.06364	0.00184	0.04986	0.00408	0.01274	0.00461
11	0.00547	0.00367	0.00421	0.00426	0.00429	0.00368	0.00244	0.00554	0.00563	0.00752	0.01236	0.06861	0.01424	0.79497	0.04518	0.00364	0.00381	0.00575	0.00235	0.00237
12	0.00786	0.00674	0.00786	0.00562	0.00899	0.00506	0.00449	0.00955	0.00786	0.01236	0.00674	0.00786	0.00562	0.00281	0.00281	0.00056	0.00281	0.00225	0.00225	0.88990
13	0.00810	0.00785	0.00806	0.00760	0.02783	0.16250	0.00562	0.03926	0.00732	0.00930	0.00929	0.01457	0.03070	0.21850	0.23528	0.00316	0.19531	0.00401	0.00210	0.00365
14	0.00803	0.07767	0.04168	0.03323	0.21867	0.02075	0.02689	0.03958	0.03314	0.03581	0.08133	0.03168	0.15117	0.04835	0.05287	0.00159	0.07508	0.00462	0.00257	0.01526
15	0.03123	0.09302	0.04485	0.15259	0.10289	0.16475	0.03829	0.06584	0.06060	0.01165	0.02440	0.05711	0.04573	0.00578	0.03549	0.00136	0.02768	0.02972	0.00234	0.00468

[dist]
# distance from previous block
# <min> <max>
1	2

[block]
# block no. 9 follows, 72 sequences, length 37
# corresponding to MSA columns:
# 459-476,479-481,489-504
name=unknown_J
#
# <colnr> <probs for GDERKNQSTAVLIFYWHMCP>
#	G	D	E	R	K	N	Q	S	T	A	V	L	I	F	Y	W	H	M	C	P
0	0.06189	0.03099	0.02416	0.00819	0.03308	0.04310	0.00657	0.38819	0.09705	0.01786	0.00897	0.00940	0.01937	0.00429	0.00395	0.00106	0.05064	0.00317	0.00307	0.18501
1	0.00962	0.00946	0.10053	0.08008	0.16073	0.05073	0.06568	0.10756	0.11447	0.07345	0.04420	0.04855	0.02983	0.00539	0.02148	0.00131	0.00435	0.03868	0.00280	0.03107
2	0.03453	0.05977	0.03408	0.16068	0.24547	0.00862	0.01870	0.04589	0.04585	0.01217	0.09436	0.03637	0.00974	0.00601	0.04938	0.00148	0.10534	0.00391	0.02282	0.00481
3	0.05511	0.03694	0.09481	0.02940	0.05592	0.07954	0.02611	0.07630	0.13904	0.10772	0.10614	0.02898	0.04461	0.02409	0.02700	0.00134	0.00392	0.00410	0.03230	0.02661
4	0.00718	0.00691	0.01068	0.00906	0.01022	0.03060	0.18040	0.01787	0.04496	0.01064	0.03776	0.29624	0.04810	0.00816	0.02680	0.00157	0.23979	0.00639	0.00263	0.00404
5	0.00742	0.00718	0.11609	0.00691	0.00893	0.00571	0.05279	0.03201	0.11703	0.07182	0.29029	0.07909	0.08952	0.00686	0.00425	0.00127	0.00303	0.06687	0.02847	0.00445
6	0.09708	0.00930	0.04444	0.00751	0.00955	0.17860	0.06005	0.03876	0.09882	0.11074	0.05730	0.01207	0.02719	0.00535	0.02412	0.01684	0.04049	0.00359	0.15358	0.00465
7	0.00547	0.00399	0.00583	0.00583	0.00641	0.00457	0.00441	0.00656	0.00599	0.00856	0.01023	0.01590	0.00987	0.12326	0.72637	0.03814	0.00917	0.00420	0.00205	0.00320
8	0.00545	0.00435	0.00545	0.00519	0.00631	0.00408	0.03001	0.00760	0.07838	0.01273	0.35889	0.14790	0.28729	0.00861	0.00449	0.00129	0.00217	0.02239	0.00376	0.00364
9	0.02413	0.04223	0.03439	0.22272	0.07235	0.02340	0.05341	0.16142	0.03104	0.02468	0.00761	0.01014	0.00621	0.02767	0.08116	0.00177	0.16515	0.00347	0.00225	0.00481
10	0.01395	0.01689	0.01074	0.00964	0.01155	0.75059	0.00731	0.03482	0.01064	0.04186	0.00624	0.00721	0.00510	0.00411	0.00396	0.00103	0.05519	0.00257	0.00209	0.00451
11	0.00504	0.00366	0.00463	0.00511	0.00569	0.00343	0.00364	0.00628	0.02599	0.01121	0.17830	0.50025	0.12654	0.01031	0.00465	0.00143	0.00217	0.06239	0.03599	0.00330
12	0.00478	0.00341	0.00433	0.00498	0.00536	0.00317	0.00336	0.00554	0.00753	0.01008	0.06597	0.66114	0.10779	0.05462	0.00544	0.00158	0.00221	0.00975	0.03584	0.00310
13	0.00793	0.00771	0.05996	0.33508	0.11371	0.00786	0.09960	0.02510	0.05339	0.03398	0.00869	0.04117	0.00735	0.02143	0.05044	0.06229	0.03267	0.02504	0.00211	0.00449
14	0.00492	0.00373	0.00454	0.00482	0.00560	0.00338	0.00354	0.00605	0.00868	0.01137	0.23492	0.29332	0.28765	0.02980	0.00500	0.00144	0.00216	0.08216	0.00366	0.00327
15	0.00868	0.00675	0.00798	0.03228	0.06360	0.00723	0.00572	0.15786	0.25504	0.03912	0.09239	0.15957	0.09154	0.00682	0.00414	0.00129	0.00302	0.03256	0.01947	0.00495
16	0.10484	0.12871	0.28168	0.01812	0.06532	0.04379	0.02122	0.09195	0.04292	0.01361	0.11175	0.01646	0.01615	0.00452	0.00372	0.02018	0.00426	0.00340	0.00238	0.00502
17	0.00569	0.02625	0.03349	0.00636	0.00724	0.00532	0.00518	0.00712	0.00619	0.00892	0.00978	0.01427	0.00909	0.02641	0.77970	0.00568	0.03383	0.00395	0.00200	0.00352
18	0.00948	0.00577	0.02037	0.00680	0.04584	0.00550	0.05263	0.05100	0.04829	0.19684	0.05463	0.06277	0.07155	0.05898	0.00480	0.00129	0.02277	0.00466	0.27145	0.00456
19	0.00890	0.00784	0.03700	0.01622	0.04010	0.01832	0.01669	0.07904	0.03034	0.04029	0.00743	0.00840	0.00593	0.00320	0.00317	0.00073	0.01322	0.00257	0.00244	0.65820
20	0.02951	0.10197	0.36932	0.00970	0.03090	0.02846	0.08353	0.06812	0.10010	0.01289	0.02026	0.01273	0.06543	0.00458	0.00373	0.00120	0.00466	0.04535	0.00232	0.00523
21	0.00520	0.00373	0.00477	0.00536	0.00577	0.00361	0.00371	0.03650	0.00761	0.01009	0.02006	0.62443	0.06405	0.09976	0.03145	0.00188	0.00273	0.06277	0.00336	0.00317
22	0.11114	0.02231	0.05035	0.37153	0.12843	0.00894	0.09402	0.09381	0.02493	0.02223	0.00737	0.00954	0.00558	0.00376	0.00363	0.00120	0.00464	0.00332	0.02842	0.00487
23	0.10056	0.07363	0.10320	0.04789	0.06872	0.01981	0.02767	0.13673	0.00905	0.05205	0.03652	0.06012	0.00912	0.14615	0.03049	0.00172	0.04005	0.00398	0.00254	0.03000
24	0.00929	0.23142	0.21563	0.07936	0.05005	0.04142	0.11700	0.04534	0.00861	0.05292	0.00791	0.06501	0.00670	0.00413	0.00362	0.00111	0.01601	0.00347	0.00208	0.03893
25	0.00577	0.00409	0.00466	0.00456	0.00577	0.00363	0.00348	0.01861	0.00908	0.06346	0.16633	0.09226	0.48863	0.02724	0.00477	0.00135	0.00217	0.06301	0.02761	0.00351
26	0.00527	0.00343	0.00468	0.00524	0.00547	0.00331	0.00358	0.00549	0.00682	0.00911	0.04585	0.51181	0.01999	0.07323	0.02531	0.20029	0.00278	0.06259	0.00301	0.00276
27	0.07167	0.07137	0.20325	0.02568	0.01283	0.00907	0.12288	0.16157	0.02155	0.14140	0.00902	0.02827	0.00674	0.00475	0.02203	0.00129	0.03976	0.00348	0.03799	0.00540
28	0.00563	0.00430	0.03558	0.00549	0.00621	0.00369	0.00404	0.00675	0.03434	0.05197	0.02070	0.60908	0.09687	0.04135	0.00554	0.03091	0.00250	0.02826	0.00341	0.00338
29	0.00488	0.00392	0.00428	0.00423	0.00538	0.00344	0.00316	0.00628	0.02869	0.01167	0.23784	0.07572	0.56203	0.00905	0.00445	0.00126	0.00192	0.00768	0.02074	0.00336
30	0.00584	0.00445	0.00498	0.00487	0.00601	0.00423	0.00360	0.00815	0.11872	0.03823	0.16057	0.11806	0.38942	0.08678	0.00578	0.00152	0.00232	0.02923	0.00360	0.00365
31	0.04355	0.16835	0.32024	0.01080	0.08497	0.12661	0.06640	0.06828	0.00896	0.01197	0.00664	0.00799	0.00523	0.00441	0.02881	0.00125	0.02562	0.00284	0.00189	0.00521
32	0.00860	0.00831	0.01281	0.33640	0.36724	0.04649	0.01030	0.02234	0.00820	0.01114	0.02375	0.00990	0.00616	0.00402	0.00465	0.00122	0.09333	0.00340	0.01676	0.00498
33	0.00623	0.00407	0.00502	0.00524	0.00610	0.00381	0.00382	0.03554	0.01981	0.07434	0.08628	0.45337	0.16319	0.00973	0.00451	0.00139	0.00232	0.05210	0.05953	0.00360
34	0.00500	0.00382	0.00454	0.00473	0.00561	0.00347	0.00348	0.00637	0.02658	0.01170	0.25065	0.25524	0.32661	0.00957	0.00457	0.00134	0.00206	0.05184	0.01945	0.00335
35	0.00980	0.04268	0.05429	0.04705	0.38167	0.00906	0.14734	0.09868	0.04336	0.05585	0.02304	0.02862	0.02559	0.00408	0.00389	0.00118	0.00456	0.01124	0.00240	0.00561
36	0.00471	0.00362	0.00426	0.00462	0.00536	0.00323	0.00328	0.00559	0.00812	0.01035	0.10075	0.37890	0.37520	0.03877	0.00523	0.00949	0.00214	0.02970	0.00352	0.00315

[dist]
# distance from previous block
# <min> <max>
0	22

[block]
# block no. 10 follows, 72 sequences, length 7
# corresponding to MSA columns:
# 528-534
name=unknown_K
#
# <colnr> <probs for GDERKNQSTAVLIFYWHMCP>
#	G	D	E	R	K	N	Q	S	T	A	V	L	I	F	Y	W	H	M	C	P
0	0.00987	0.80230	0.01872	0.00637	0.00936	0.01410	0.00624	0.01086	0.00749	0.00874	0.00537	0.00650	0.00500	0.00401	0.00339	0.06929	0.00400	0.00213	0.00162	0.00462
1	0.00784	0.00585	0.05588	0.00582	0.00748	0.00505	0.00484	0.06827	0.05759	0.12048	0.58178	0.02302	0.02717	0.00675	0.00426	0.00119	0.00243	0.00584	0.00404	0.00440
2	0.02630	0.02750	0.18760	0.03521	0.01350	0.18754	0.16623	0.09469	0.00978	0.02707	0.06118	0.08953	0.00911	0.00487	0.00428	0.00121	0.04304	0.00414	0.00238	0.00484
3	0.00984	0.00643	0.00695	0.00631	0.00802	0.07737	0.00497	0.03992	0.09124	0.23692	0.09114	0.10103	0.16719	0.02493	0.00456	0.00135	0.00313	0.11032	0.00377	0.00461
4	0.00994	0.00912	0.01430	0.01054	0.01372	0.00896	0.30746	0.20782	0.05176	0.01502	0.00797	0.00937	0.00612	0.00373	0.00432	0.00107	0.05875	0.00351	0.00254	0.25399
5	0.00800	0.00827	0.05928	0.39719	0.04121	0.10198	0.03081	0.01038	0.03013	0.03537	0.12916	0.03964	0.02919	0.02055	0.00420	0.00126	0.00447	0.02337	0.00239	0.02315
6	0.01001	0.24138	0.15778	0.01029	0.03177	0.04872	0.16860	0.14293	0.02728	0.01276	0.00721	0.02675	0.00590	0.00410	0.00438	0.00114	0.08838	0.00327	0.00214	0.00521

[dist]
# distance from previous block
# <min> <max>
8	98

[block]
# block no. 11 follows, 72 sequences, length 19
# corresponding to MSA columns:
# 685-689,719,720,723-734
name=unknown_L
#
# <colnr> <probs for GDERKNQSTAVLIFYWHMCP>
#	G	D	E	R	K	N	Q	S	T	A	V	L	I	F	Y	W	H	M	C	P
0	0.02158	0.17768	0.14165	0.00897	0.06490	0.04389	0.07741	0.04688	0.02076	0.06204	0.03162	0.04987	0.00747	0.00394	0.00334	0.00097	0.00410	0.00327	0.00232	0.22736
1	0.04377	0.00618	0.02610	0.00675	0.04220	0.06674	0.00498	0.04792	0.06100	0.04227	0.14199	0.27079	0.08078	0.02471	0.00457	0.00138	0.00298	0.08674	0.03416	0.00399
2	0.03259	0.00668	0.00835	0.02859	0.03516	0.00659	0.00573	0.19785	0.01175	0.32008	0.14956	0.04768	0.05637	0.00603	0.00406	0.00123	0.00320	0.06916	0.00399	0.00534
3	0.02148	0.12216	0.24510	0.03956	0.06363	0.04772	0.08963	0.09116	0.04629	0.08016	0.00936	0.09789	0.00793	0.00468	0.00383	0.00118	0.01663	0.00394	0.00244	0.00525
4	0.00892	0.00825	0.01306	0.11569	0.51719	0.00863	0.02794	0.02686	0.13622	0.01276	0.00984	0.01215	0.03108	0.00414	0.00383	0.00119	0.00420	0.02939	0.02309	0.00557
5	0.00485	0.00349	0.00464	0.00544	0.00581	0.00328	0.00385	0.00572	0.00768	0.01020	0.06293	0.68700	0.05050	0.01142	0.00486	0.00154	0.00234	0.11773	0.00355	0.00316
6	0.01014	0.86900	0.01987	0.00649	0.00973	0.01501	0.00649	0.01136	0.00771	0.00892	0.00527	0.00608	0.00487	0.00324	0.00243	0.00081	0.00406	0.00203	0.00162	0.00487
7	0.09495	0.02949	0.02967	0.00632	0.00836	0.03584	0.02313	0.12428	0.05144	0.17209	0.08601	0.03604	0.14556	0.04809	0.00484	0.01713	0.01720	0.00465	0.06023	0.00468
8	0.00578	0.00410	0.00477	0.00499	0.00598	0.00386	0.00383	0.02551	0.03114	0.02584	0.04372	0.20653	0.31588	0.02447	0.00468	0.00141	0.00239	0.16177	0.11987	0.00347
9	0.00531	0.00400	0.00548	0.00598	0.00674	0.00379	0.02698	0.00655	0.00821	0.01067	0.05154	0.36577	0.15337	0.01060	0.00491	0.00156	0.00275	0.31896	0.00349	0.00333
10	0.00970	0.24206	0.09095	0.02898	0.05944	0.01000	0.02237	0.14241	0.09225	0.05121	0.01043	0.04903	0.03320	0.04723	0.02326	0.00137	0.03323	0.03646	0.01138	0.00505
11	0.00623	0.00486	0.00636	0.04667	0.03787	0.00491	0.02160	0.02587	0.08893	0.03004	0.11153	0.31608	0.18507	0.00875	0.00465	0.00137	0.02420	0.04635	0.02481	0.00385
12	0.00492	0.00367	0.00488	0.00527	0.00581	0.00340	0.02206	0.00582	0.00786	0.01042	0.12466	0.54272	0.12967	0.06695	0.00571	0.00161	0.00236	0.04554	0.00348	0.00317
13	0.00619	0.00438	0.00515	0.00515	0.00562	0.00454	0.00344	0.05740	0.06316	0.00980	0.01408	0.19451	0.01549	0.47219	0.07131	0.00296	0.00377	0.04179	0.01595	0.00311
14	0.01119	0.05346	0.20920	0.01114	0.11152	0.08754	0.06227	0.21502	0.11477	0.07338	0.00896	0.00950	0.00659	0.00406	0.00370	0.00115	0.00472	0.00332	0.00273	0.00579
15	0.00631	0.00547	0.02009	0.05516	0.02943	0.02017	0.00568	0.00799	0.03550	0.00965	0.04182	0.04536	0.03192	0.05279	0.47583	0.00408	0.12420	0.00436	0.02047	0.00370
16	0.00544	0.00413	0.00511	0.00527	0.00608	0.00417	0.00392	0.00720	0.06731	0.01042	0.07055	0.17973	0.21580	0.09226	0.21265	0.00274	0.00434	0.07316	0.02630	0.00340
17	0.02291	0.11526	0.08953	0.04377	0.14510	0.04997	0.02797	0.15332	0.06016	0.08965	0.00927	0.01116	0.01980	0.02559	0.03673	0.00142	0.06397	0.02650	0.00260	0.00532
18	0.02981	0.15148	0.06590	0.08513	0.08039	0.08064	0.05933	0.07471	0.02494	0.01213	0.03391	0.03048	0.02588	0.00493	0.03313	0.00119	0.02712	0.00331	0.01556	0.16003

[dist]
# distance from previous block
# <min> <max>
6	86

[block]
# block no. 12 follows, 72 sequences, length 9
# corresponding to MSA columns:
# 844-852
name=unknown_M
#
# <colnr> <probs for GDERKNQSTAVLIFYWHMCP>
#	G	D	E	R	K	N	Q	S	T	A	V	L	I	F	Y	W	H	M	C	P
0	0.00930	0.18173	0.17962	0.05168	0.08528	0.06909	0.05552	0.07970	0.05435	0.03231	0.05675	0.02653	0.03180	0.00531	0.03819	0.00131	0.00468	0.00355	0.02825	0.00504
1	0.13075	0.00797	0.00966	0.05882	0.08597	0.04247	0.03531	0.12586	0.10488	0.17808	0.01092	0.06052	0.00883	0.00536	0.01653	0.00130	0.03904	0.04162	0.00315	0.03293
2	0.00788	0.05802	0.13350	0.14774	0.14986	0.05958	0.00815	0.02966	0.03102	0.02446	0.08312	0.06962	0.06942	0.03952	0.07074	0.00167	0.00465	0.00444	0.00239	0.00456
3	0.04299	0.09941	0.08558	0.07572	0.05041	0.12728	0.03597	0.12916	0.10298	0.03634	0.01172	0.05971	0.08055	0.00595	0.03869	0.00136	0.00456	0.00401	0.00266	0.00494
4	0.00744	0.00564	0.03171	0.00666	0.00800	0.02355	0.05644	0.00975	0.09463	0.11039	0.11595	0.31829	0.04847	0.04420	0.02475	0.00159	0.00318	0.08178	0.00349	0.00409
5	0.00571	0.00431	0.00510	0.00515	0.00549	0.03552	0.00347	0.00629	0.00609	0.00817	0.01201	0.10644	0.01309	0.45187	0.31055	0.00421	0.00593	0.00543	0.00232	0.00284
6	0.04662	0.12588	0.05353	0.10016	0.12174	0.19694	0.06071	0.01246	0.07771	0.03539	0.00773	0.02215	0.00652	0.04515	0.00496	0.01843	0.05379	0.00327	0.00212	0.00475
7	0.00865	0.25454	0.07166	0.00705	0.02118	0.03540	0.00611	0.04574	0.18255	0.03532	0.03089	0.14275	0.05990	0.03658	0.02727	0.00138	0.00371	0.02181	0.00281	0.00472
8	0.00480	0.00348	0.00451	0.00522	0.00562	0.00324	0.00363	0.00561	0.00764	0.01008	0.06517	0.64452	0.10336	0.04098	0.00532	0.00159	0.00231	0.07627	0.00351	0.00312

[dist]
# distance from previous block
# <min> <max>
0	40

[block]
# block no. 13 follows, 72 sequences, length 9
# corresponding to MSA columns:
# 893-901
name=unknown_N
#
# <colnr> <probs for GDERKNQSTAVLIFYWHMCP>
#	G	D	E	R	K	N	Q	S	T	A	V	L	I	F	Y	W	H	M	C	P
0	0.00549	0.00443	0.00552	0.00571	0.00652	0.02059	0.02842	0.00733	0.07792	0.01103	0.11260	0.46296	0.15600	0.01041	0.02522	0.00154	0.00265	0.04866	0.00351	0.00352
1	0.04643	0.00981	0.03555	0.08717	0.05500	0.09270	0.03670	0.28232	0.11186	0.10155	0.00952	0.01020	0.00704	0.00538	0.03860	0.00138	0.03763	0.00345	0.02220	0.00552
2	0.00738	0.03419	0.05837	0.00693	0.00853	0.02570	0.05593	0.06408	0.04194	0.04925	0.09247	0.19027	0.20548	0.00768	0.00513	0.00133	0.09286	0.02795	0.02037	0.00414
3	0.00552	0.00368	0.00414	0.00414	0.00414	0.00368	0.00230	0.00552	0.00552	0.00735	0.01195	0.02482	0.01379	0.86672	0.01930	0.00368	0.00368	0.00552	0.00230	0.00230
4	0.04114	0.29915	0.21248	0.04231	0.11668	0.02981	0.06510	0.03892	0.00866	0.05685	0.04999	0.00903	0.00693	0.00374	0.00331	0.00106	0.00454	0.00300	0.00208	0.00521
5	0.01081	0.01000	0.03283	0.10460	0.21195	0.09807	0.02956	0.20756	0.17946	0.03231	0.00939	0.01035	0.00718	0.00501	0.03298	0.00134	0.00467	0.00352	0.00278	0.00563
6	0.00717	0.00592	0.01961	0.00658	0.00759	0.03054	0.02278	0.02767	0.06390	0.06148	0.11962	0.20563	0.15132	0.06423	0.00684	0.00155	0.15605	0.03444	0.00318	0.00391
7	0.00469	0.00378	0.00417	0.00421	0.00528	0.00327	0.00311	0.00578	0.00892	0.01122	0.20550	0.13526	0.57255	0.00949	0.00452	0.00129	0.00193	0.00810	0.00366	0.00327
8	0.00471	0.00340	0.00449	0.00532	0.00564	0.00317	0.00366	0.00547	0.00744	0.00983	0.02181	0.76261	0.06980	0.01166	0.00485	0.00154	0.00227	0.06570	0.00352	0.00312

[dist]
# distance from previous block
# <min> <max>
0	1

[block]
# block no. 14 follows, 72 sequences, length 32
# corresponding to MSA columns:
# 903-907,909-922,936-948
name=unknown_O
#
# <colnr> <probs for GDERKNQSTAVLIFYWHMCP>
#	G	D	E	R	K	N	Q	S	T	A	V	L	I	F	Y	W	H	M	C	P
0	0.01005	0.00796	0.00870	0.00767	0.00979	0.00910	0.00602	0.04389	0.68632	0.08484	0.03851	0.01407	0.01167	0.00522	0.00421	0.00128	0.03666	0.00426	0.00385	0.00591
1	0.00760	0.00622	0.00840	0.02515	0.00844	0.02906	0.00608	0.00862	0.00647	0.06900	0.00891	0.04619	0.00855	0.09621	0.31473	0.00339	0.33690	0.00410	0.00215	0.00383
2	0.04885	0.03910	0.02966	0.22078	0.14671	0.09983	0.03169	0.06543	0.00905	0.13838	0.00855	0.01061	0.00664	0.03342	0.09356	0.00175	0.00524	0.00340	0.00243	0.00493
3	0.01139	0.00870	0.00928	0.00760	0.01005	0.00956	0.00610	0.44538	0.24872	0.01933	0.01344	0.03730	0.06768	0.00523	0.00379	0.00117	0.00344	0.00417	0.05632	0.03134
4	0.00788	0.02318	0.01089	0.41983	0.05732	0.00828	0.05902	0.05267	0.00811	0.01140	0.00854	0.01115	0.03002	0.00443	0.00481	0.00123	0.12102	0.00357	0.15232	0.00433
5	0.00861	0.00799	0.01083	0.00927	0.00971	0.01069	0.00767	0.10194	0.00732	0.01091	0.02551	0.00958	0.00636	0.00881	0.10316	0.00208	0.64975	0.00349	0.00200	0.00431
6	0.00745	0.00546	0.00621	0.00560	0.00717	0.00550	0.00433	0.05319	0.21619	0.07436	0.31899	0.02487	0.24111	0.00721	0.00424	0.00124	0.00235	0.00613	0.00394	0.00444
7	0.00889	0.01003	0.02147	0.01539	0.01908	0.00950	0.77014	0.01195	0.00880	0.01205	0.00754	0.01008	0.00572	0.00330	0.00470	0.00127	0.03642	0.00435	0.00192	0.03740
8	0.00549	0.00378	0.00468	0.00468	0.00487	0.00397	0.00298	0.00587	0.00568	0.00776	0.01145	0.02206	0.01259	0.63345	0.25093	0.00435	0.00548	0.00511	0.00222	0.00260
9	0.00490	0.00365	0.00449	0.00489	0.00545	0.00342	0.00337	0.00591	0.02379	0.01031	0.12046	0.45395	0.19594	0.09647	0.04320	0.00185	0.00260	0.00879	0.00342	0.00316
10	0.00519	0.00380	0.00498	0.00562	0.00628	0.00359	0.00434	0.00638	0.00830	0.01089	0.10456	0.38352	0.13645	0.01067	0.00489	0.00154	0.00257	0.28954	0.00358	0.00329
11	0.00554	0.00368	0.00422	0.00422	0.00424	0.00370	0.00240	0.00554	0.00552	0.00738	0.01174	0.02414	0.01345	0.81678	0.04438	0.02924	0.00386	0.00541	0.00227	0.00231
12	0.00671	0.00560	0.00808	0.00783	0.04031	0.00700	0.00590	0.00747	0.00613	0.00897	0.03761	0.04377	0.00903	0.04681	0.32153	0.12019	0.30751	0.00407	0.00198	0.00349
13	0.00614	0.00420	0.00489	0.00479	0.00562	0.00407	0.00335	0.00762	0.06712	0.06055	0.08620	0.13189	0.22431	0.27650	0.06851	0.00237	0.00322	0.00657	0.02873	0.00336
14	0.02885	0.00687	0.00741	0.00624	0.00822	0.02931	0.00496	0.23606	0.08278	0.17152	0.03078	0.06280	0.01017	0.00505	0.00347	0.00110	0.00299	0.00406	0.29226	0.00510
15	0.01187	0.01022	0.01564	0.01160	0.01488	0.01059	0.34070	0.46612	0.01387	0.01864	0.00896	0.01088	0.00677	0.00424	0.00413	0.00122	0.00505	0.03581	0.00302	0.00579
16	0.00700	0.00539	0.00770	0.00780	0.07322	0.00548	0.07229	0.04317	0.08237	0.03911	0.01395	0.23756	0.01466	0.25539	0.08749	0.00248	0.00412	0.03416	0.00285	0.00382
17	0.01066	0.12894	0.03238	0.10569	0.23612	0.01058	0.12116	0.22916	0.01083	0.03758	0.00757	0.00908	0.00586	0.00385	0.00398	0.00114	0.03407	0.00335	0.00240	0.00559
18	0.03422	0.03309	0.09707	0.00714	0.01001	0.04705	0.04202	0.05258	0.06907	0.05664	0.01024	0.15284	0.00939	0.00488	0.00349	0.00098	0.00350	0.00413	0.00268	0.35898
19	0.08630	0.03518	0.22490	0.11142	0.03682	0.02088	0.01546	0.06344	0.06840	0.11310	0.05740	0.01350	0.07526	0.00490	0.00403	0.00123	0.03542	0.02461	0.00271	0.00504
20	0.00518	0.00377	0.00482	0.01978	0.00563	0.00383	0.00346	0.00574	0.00667	0.00895	0.03736	0.40988	0.05220	0.30785	0.07395	0.00260	0.03467	0.00784	0.00290	0.00291
21	0.01100	0.00610	0.00771	0.02366	0.00902	0.00604	0.00554	0.08101	0.12474	0.31410	0.12064	0.02148	0.05924	0.00728	0.03416	0.00148	0.00335	0.15427	0.00400	0.00516
22	0.00895	0.40886	0.39946	0.03094	0.04276	0.02876	0.01025	0.01170	0.00794	0.01049	0.00609	0.00720	0.00488	0.00344	0.00307	0.00102	0.00487	0.00247	0.00163	0.00522
23	0.03062	0.00759	0.00951	0.07255	0.01114	0.04306	0.05915	0.15145	0.10475	0.21166	0.03716	0.07900	0.04730	0.01945	0.02709	0.00143	0.04204	0.03648	0.00343	0.00516
24	0.00551	0.00372	0.00436	0.00444	0.00454	0.00374	0.00269	0.00570	0.00580	0.00775	0.01270	0.05980	0.01450	0.74139	0.05860	0.00360	0.00392	0.05239	0.00240	0.00245
25	0.00718	0.00473	0.00615	0.00584	0.00703	0.00454	0.03665	0.03383	0.07947	0.11008	0.11930	0.37327	0.12482	0.00865	0.00436	0.00134	0.00250	0.00766	0.05859	0.00401
26	0.24718	0.08936	0.15095	0.01874	0.05814	0.04501	0.00713	0.06423	0.05144	0.07172	0.12136	0.01090	0.00971	0.00444	0.00363	0.00116	0.03404	0.00331	0.00266	0.00489
27	0.00868	0.00706	0.01875	0.03766	0.00961	0.03190	0.03429	0.05675	0.22035	0.07013	0.06500	0.10203	0.01230	0.01851	0.06236	0.06217	0.13795	0.03692	0.00302	0.00455
28	0.00552	0.00345	0.00433	0.00491	0.00535	0.00326	0.00336	0.00644	0.00748	0.03375	0.01868	0.63672	0.02104	0.02661	0.00461	0.00143	0.00216	0.00889	0.19876	0.00326
29	0.00596	0.00386	0.00491	0.00485	0.00546	0.00370	0.00344	0.03063	0.02159	0.00995	0.15807	0.09168	0.20180	0.05653	0.00944	0.35790	0.00268	0.02199	0.00283	0.00273
30	0.00965	0.17527	0.11198	0.07996	0.19711	0.08502	0.09361	0.04210	0.05857	0.02646	0.03672	0.00947	0.00686	0.00393	0.00400	0.00113	0.04760	0.00327	0.00210	0.00521
31	0.00717	0.00675	0.00961	0.05236	0.28132	0.04545	0.04932	0.00911	0.03714	0.01146	0.07767	0.13082	0.24146	0.00672	0.00420	0.00125	0.00346	0.01749	0.00280	0.00443

[dist]
# distance from previous block
# <min> <max>
5	31

[block]
# block no. 15 follows, 72 sequences, length 46
# corresponding to MSA columns:
# 992-1037
name=unknown_P
#
# <colnr> <probs for GDERKNQSTAVLIFYWHMCP>
#	G	D	E	R	K	N	Q	S	T	A	V	L	I	F	Y	W	H	M	C	P
