[name]
unknown

[dist]
# distance from previous block
# <min> <max>
16	131

[block]
# block no. 0 follows, 81 sequences, length 12
# corresponding to MSA columns:
# 172-183
name=unknown_A
#
# <colnr> <probs for GDERKNQSTAVLIFYWHMCP>
#	G	D	E	R	K	N	Q	S	T	A	V	L	I	F	Y	W	H	M	C	P
0	0.06062	0.17997	0.03624	0.03967	0.07940	0.07499	0.12112	0.13033	0.06089	0.04888	0.03317	0.03541	0.00686	0.00396	0.00372	0.00104	0.05880	0.00320	0.01706	0.00466
1	0.20549	0.04152	0.13044	0.03238	0.10754	0.00778	0.02199	0.11848	0.08398	0.12756	0.02376	0.04915	0.00741	0.00416	0.00320	0.00109	0.00348	0.02313	0.00263	0.00483
2	0.05146	0.40577	0.12514	0.00779	0.02698	0.02427	0.10098	0.03224	0.00780	0.12747	0.02079	0.00773	0.00566	0.00382	0.02037	0.00103	0.02135	0.00261	0.00203	0.00470
3	0.10601	0.02552	0.00459	0.00448	0.00505	0.00414	0.00311	0.00623	0.02723	0.00896	0.01435	0.22732	0.06774	0.38601	0.00981	0.00219	0.00283	0.08912	0.00257	0.00275
4	0.01111	0.28901	0.13282	0.00783	0.01057	0.36164	0.00717	0.05862	0.00892	0.07386	0.00608	0.00670	0.00482	0.00342	0.00290	0.00089	0.00488	0.00230	0.00192	0.00454
5	0.03449	0.06466	0.14800	0.00749	0.04501	0.03387	0.03246	0.11790	0.04477	0.09441	0.00752	0.00812	0.00568	0.00328	0.00298	0.00085	0.00351	0.00261	0.02718	0.31521
6	0.09410	0.38956	0.15679	0.00747	0.02410	0.09786	0.00722	0.05301	0.00758	0.02749	0.00545	0.00646	0.00455	0.00353	0.00361	0.00096	0.10178	0.00226	0.00173	0.00448
7	0.00493	0.00331	0.00379	0.00389	0.00391	0.00329	0.00222	0.00500	0.00520	0.00694	0.01180	0.11863	0.01372	0.78099	0.01610	0.00313	0.00320	0.00556	0.00222	0.00217
8	0.00674	0.02647	0.21704	0.04122	0.09193	0.02415	0.14385	0.00941	0.04545	0.01125	0.18962	0.07516	0.06136	0.00502	0.00400	0.00113	0.03507	0.00450	0.00236	0.00427
9	0.00539	0.00389	0.00499	0.00583	0.09986	0.00391	0.00317	0.00568	0.00542	0.00734	0.01064	0.05203	0.01201	0.71996	0.04367	0.00309	0.00358	0.00494	0.00208	0.00253
10	0.08846	0.16033	0.06912	0.00659	0.00886	0.05228	0.05350	0.05847	0.15379	0.07766	0.12491	0.04180	0.08075	0.00479	0.00331	0.00105	0.00324	0.00391	0.00276	0.00444
11	0.05700	0.05664	0.12197	0.00660	0.00865	0.05358	0.03363	0.11279	0.04495	0.04820	0.10710	0.12744	0.08558	0.00605	0.00367	0.00115	0.00327	0.09793	0.01968	0.00412

[dist]
# distance from previous block
# <min> <max>
17	34

[block]
# block no. 1 follows, 81 sequences, length 11
# corresponding to MSA columns:
# 224-234
name=unknown_B
#
# <colnr> <probs for GDERKNQSTAVLIFYWHMCP>
#	G	D	E	R	K	N	Q	S	T	A	V	L	I	F	Y	W	H	M	C	P
0	0.03038	0.02979	0.01209	0.13481	0.44536	0.06180	0.03238	0.08407	0.00847	0.01164	0.03883	0.03290	0.00672	0.00370	0.00366	0.00105	0.03249	0.00328	0.00197	0.02461
1	0.03949	0.00823	0.03943	0.05615	0.26747	0.09371	0.04779	0.03309	0.06458	0.13541	0.07155	0.01135	0.02062	0.00397	0.00342	0.00103	0.00379	0.02572	0.00250	0.07070
2	0.06978	0.09496	0.06062	0.14614	0.14640	0.01913	0.00713	0.04630	0.05500	0.13418	0.00838	0.04643	0.00680	0.00397	0.00342	0.00103	0.02702	0.02247	0.00235	0.09850
3	0.09556	0.00596	0.00644	0.01968	0.00745	0.05236	0.01976	0.05381	0.18882	0.06494	0.34819	0.05803	0.05356	0.00578	0.00365	0.00111	0.00256	0.00489	0.00335	0.00411
4	0.00946	0.33244	0.05083	0.03754	0.10038	0.05550	0.00691	0.11974	0.20698	0.01188	0.00774	0.00824	0.00617	0.00368	0.00320	0.00097	0.02839	0.00275	0.00225	0.00494
5	0.00457	0.00348	0.00424	0.00457	0.00520	0.00326	0.00322	0.00597	0.05820	0.01020	0.17655	0.48186	0.20730	0.00930	0.00422	0.00128	0.00192	0.00825	0.00334	0.00307
6	0.00934	0.71886	0.10114	0.00652	0.00963	0.05085	0.00665	0.04662	0.00757	0.00901	0.00512	0.00587	0.00449	0.00307	0.00242	0.00079	0.00395	0.00199	0.00157	0.00454
7	0.07163	0.40189	0.23770	0.00823	0.04920	0.01042	0.06919	0.02878	0.00756	0.07740	0.00618	0.00697	0.00483	0.00319	0.00281	0.00093	0.00411	0.00241	0.00181	0.00477
8	0.00671	0.00556	0.00808	0.01087	0.34904	0.00520	0.00604	0.00808	0.00798	0.07092	0.02151	0.04590	0.42800	0.00620	0.00378	0.00111	0.00279	0.00539	0.00268	0.00416
9	0.00414	0.00348	0.00360	0.00361	0.00471	0.00293	0.00269	0.00505	0.00794	0.00960	0.08765	0.07080	0.76451	0.00873	0.00410	0.00117	0.00175	0.00734	0.00325	0.00293
10	0.00961	0.06586	0.26729	0.13734	0.12036	0.03208	0.03209	0.06842	0.00853	0.19254	0.00817	0.02892	0.00600	0.00371	0.00335	0.00107	0.00424	0.00309	0.00230	0.00504

[dist]
# distance from previous block
# <min> <max>
35	134

[block]
# block no. 2 follows, 81 sequences, length 8
# corresponding to MSA columns:
# 393-400
name=unknown_C
#
# <colnr> <probs for GDERKNQSTAVLIFYWHMCP>
#	G	D	E	R	K	N	Q	S	T	A	V	L	I	F	Y	W	H	M	C	P
0	0.07330	0.10532	0.28104	0.05994	0.14729	0.00815	0.04527	0.03405	0.02866	0.11966	0.00731	0.00829	0.00543	0.00401	0.02762	0.00115	0.00428	0.00279	0.00206	0.03437
1	0.03220	0.11378	0.18554	0.06276	0.14223	0.04353	0.02623	0.04436	0.06754	0.06483	0.05047	0.01187	0.03458	0.00415	0.00333	0.00105	0.00387	0.05779	0.00226	0.04765
2	0.10124	0.09018	0.13669	0.00938	0.14013	0.08601	0.02525	0.04676	0.11371	0.12425	0.02626	0.03328	0.00765	0.00413	0.00326	0.00106	0.00381	0.03962	0.00249	0.00485
3	0.07803	0.13562	0.07968	0.04088	0.03425	0.06478	0.05103	0.12270	0.00915	0.15158	0.05716	0.05755	0.09398	0.00467	0.00332	0.00104	0.00355	0.00378	0.00269	0.00455
4	0.05560	0.07130	0.05060	0.00464	0.00537	0.02641	0.00342	0.00634	0.00560	0.00780	0.00999	0.06477	0.01102	0.57137	0.08959	0.00293	0.00396	0.00455	0.00205	0.00270
5	0.00579	0.05138	0.00530	0.00454	0.00500	0.00434	0.00313	0.00627	0.00585	0.04508	0.05770	0.02059	0.01269	0.55564	0.13399	0.00315	0.02616	0.04847	0.00226	0.00269
6	0.01007	0.23403	0.35346	0.00796	0.01172	0.00894	0.03574	0.06730	0.00848	0.21899	0.00783	0.00807	0.00554	0.00349	0.00309	0.00100	0.00415	0.00269	0.00230	0.00516
7	0.00879	0.28928	0.16235	0.00830	0.05792	0.03159	0.08163	0.03745	0.06341	0.05737	0.00703	0.02325	0.00567	0.00333	0.00295	0.00089	0.00390	0.00269	0.00199	0.15018

[dist]
# distance from previous block
# <min> <max>
5	22

[block]
# block no. 3 follows, 81 sequences, length 69
# corresponding to MSA columns:
# 423-491
name=unknown_D
#
# <colnr> <probs for GDERKNQSTAVLIFYWHMCP>
#	G	D	E	R	K	N	Q	S	T	A	V	L	I	F	Y	W	H	M	C	P
0	0.00959	0.02370	0.03657	0.00850	0.04487	0.18606	0.04902	0.08993	0.03904	0.09050	0.02155	0.02046	0.06195	0.01642	0.03957	0.00134	0.21446	0.01317	0.00232	0.03098
1	0.04944	0.00689	0.02514	0.02528	0.06258	0.04381	0.01613	0.17265	0.12735	0.12062	0.07783	0.18373	0.04568	0.00589	0.00368	0.00115	0.00307	0.02133	0.00318	0.00456
2	0.02822	0.00894	0.00910	0.00747	0.00977	0.06325	0.00600	0.49384	0.22523	0.03122	0.01036	0.06444	0.00818	0.00471	0.00350	0.00109	0.00353	0.01243	0.00333	0.00539
3	0.00516	0.00353	0.00398	0.00385	0.00405	0.00343	0.00222	0.00526	0.00516	0.00699	0.01059	0.02163	0.01209	0.82330	0.01663	0.00317	0.00330	0.00484	0.00209	0.05875
4	0.09306	0.06488	0.04716	0.01026	0.01283	0.11814	0.37985	0.02379	0.03369	0.01070	0.00712	0.02703	0.00589	0.00642	0.11786	0.00168	0.03005	0.00345	0.00188	0.00426
5	0.01092	0.15358	0.06749	0.00877	0.01169	0.06235	0.18725	0.17689	0.08681	0.17364	0.00881	0.00941	0.00646	0.00375	0.00338	0.00104	0.00418	0.01577	0.00268	0.00513
6	0.00588	0.00385	0.00525	0.00581	0.00653	0.00376	0.00476	0.00712	0.00755	0.06330	0.01746	0.19753	0.01906	0.08974	0.00580	0.00168	0.00295	0.54562	0.00315	0.00318
7	0.01264	0.05296	0.01069	0.00857	0.01082	0.47694	0.03511	0.30626	0.02095	0.02335	0.00660	0.00717	0.00509	0.00374	0.00324	0.00095	0.00517	0.00262	0.00240	0.00474
8	0.00420	0.00302	0.00399	0.00477	0.00500	0.00281	0.00319	0.00481	0.00665	0.00883	0.01954	0.84993	0.04894	0.01076	0.00440	0.00140	0.00200	0.00974	0.00321	0.00281
9	0.01313	0.00968	0.01037	0.00795	0.01071	0.01071	0.00657	0.84552	0.01624	0.02177	0.00829	0.00829	0.00587	0.00415	0.00346	0.00104	0.00380	0.00311	0.00346	0.00587
10	0.00652	0.00614	0.01036	0.87029	0.02379	0.00768	0.00959	0.00883	0.00691	0.00883	0.00614	0.00921	0.00461	0.00345	0.00345	0.00115	0.00461	0.00307	0.00154	0.00384
11	0.00744	0.00626	0.00770	0.00552	0.00859	0.00478	0.03699	0.00902	0.00728	0.03507	0.00638	0.00738	0.00522	0.00262	0.00264	0.00055	0.00270	0.00217	0.00210	0.83960
12	0.00438	0.00333	0.00404	0.00428	0.00497	0.00299	0.00307	0.00537	0.00792	0.01041	0.25646	0.35441	0.29514	0.00909	0.00422	0.00124	0.00184	0.02051	0.00337	0.00297
13	0.00450	0.00331	0.00461	0.00525	0.00558	0.00318	0.01940	0.00527	0.00679	0.00904	0.01851	0.74296	0.02188	0.01044	0.00455	0.00142	0.01491	0.11233	0.00315	0.00290
14	0.00776	0.00735	0.01245	0.23850	0.58901	0.00773	0.00988	0.00978	0.00754	0.01050	0.00720	0.06349	0.00635	0.00366	0.00349	0.00108	0.00410	0.00350	0.00176	0.00488
15	0.44410	0.00627	0.00660	0.00537	0.00779	0.00637	0.00443	0.01361	0.00795	0.45187	0.00937	0.00879	0.00623	0.00376	0.00283	0.00107	0.00281	0.00270	0.00324	0.00485
16	0.00428	0.00323	0.00380	0.00422	0.00484	0.00288	0.00295	0.00507	0.00727	0.00940	0.06119	0.47588	0.34855	0.00958	0.00419	0.00127	0.00187	0.00842	0.03822	0.00288
17	0.08885	0.00751	0.00834	0.00680	0.00921	0.00804	0.00550	0.24294	0.29741	0.27070	0.01156	0.01067	0.00809	0.00429	0.00337	0.00110	0.00308	0.00338	0.00361	0.00555
18	0.05662	0.03737	0.04497	0.00704	0.00959	0.06217	0.01497	0.24603	0.07860	0.33582	0.03504	0.01034	0.01646	0.00424	0.00355	0.00106	0.02408	0.00327	0.00339	0.00537
19	0.00522	0.00350	0.00464	0.00507	0.00570	0.00331	0.00386	0.00636	0.00775	0.04360	0.17235	0.39694	0.05415	0.00917	0.00431	0.00135	0.00226	0.22583	0.04152	0.00313
20	0.57861	0.00873	0.00744	0.00695	0.06031	0.14250	0.03053	0.10720	0.00788	0.01473	0.00547	0.00631	0.00425	0.00335	0.00258	0.00104	0.00354	0.00221	0.00220	0.00416
21	0.00494	0.00346	0.00427	0.00427	0.00452	0.00360	0.00277	0.00535	0.00536	0.00725	0.01193	0.02066	0.06463	0.57662	0.26225	0.00385	0.00496	0.00478	0.00209	0.00243
22	0.00829	0.00733	0.02621	0.00869	0.12997	0.04710	0.01650	0.07453	0.33491	0.04015	0.18633	0.01487	0.05256	0.00502	0.00387	0.00112	0.03042	0.00422	0.00311	0.00480
23	0.00894	0.05245	0.06715	0.01261	0.24223	0.05011	0.16037	0.07233	0.08123	0.05123	0.02519	0.00933	0.00647	0.00478	0.04252	0.00131	0.10144	0.00330	0.00212	0.00489
24	0.00716	0.00614	0.00716	0.00512	0.00819	0.00461	0.00409	0.00870	0.00716	0.01126	0.00614	0.00716	0.00512	0.00256	0.00256	0.00051	0.00256	0.00205	0.00205	0.89971
25	0.00926	0.00775	0.00819	0.00717	0.00924	0.00890	0.00563	0.14020	0.72787	0.01553	0.01321	0.01221	0.00986	0.00461	0.00351	0.00115	0.00289	0.00379	0.00351	0.00553
26	0.00717	0.00621	0.00753	0.02961	0.00883	0.00478	0.02182	0.00875	0.00718	0.01118	0.00616	0.00727	0.00511	0.00259	0.00262	0.00054	0.00268	0.00212	0.00203	0.85583
27	0.00408	0.00350	0.00350	0.00350	0.00467	0.00292	0.00262	0.00496	0.00787	0.00933	0.03500	0.03325	0.85564	0.00875	0.00408	0.00117	0.00175	0.00729	0.00321	0.00292
28	0.00815	0.00932	0.02038	0.01456	0.01805	0.00874	0.84450	0.01107	0.00815	0.01107	0.00699	0.00932	0.00524	0.00291	0.00408	0.00116	0.00582	0.00408	0.00175	0.00466
29	0.03140	0.02609	0.01116	0.12191	0.14260	0.02249	0.08167	0.23790	0.01060	0.26582	0.00901	0.00942	0.00629	0.00377	0.00345	0.00106	0.00389	0.00323	0.00293	0.00533
30	0.01234	0.00706	0.01070	0.06562	0.21235	0.00683	0.06918	0.08318	0.03323	0.44726	0.01053	0.01040	0.00716	0.00384	0.00350	0.00107	0.00360	0.00338	0.00321	0.00555
31	0.00982	0.00628	0.00696	0.00602	0.00791	0.00676	0.00475	0.06975	0.42661	0.18942	0.01295	0.01235	0.00944	0.00441	0.00325	0.00106	0.00259	0.00361	0.21102	0.00506
32	0.00413	0.00350	0.00357	0.00355	0.00470	0.00294	0.00266	0.00505	0.00799	0.00961	0.08574	0.03279	0.80472	0.00864	0.00408	0.00116	0.00174	0.00723	0.00324	0.00294
33	0.00716	0.00614	0.00716	0.00512	0.00819	0.00461	0.00409	0.00870	0.00716	0.01126	0.00614	0.00716	0.00512	0.00256	0.00256	0.00051	0.00256	0.00205	0.00205	0.89971
34	0.00450	0.00346	0.00412	0.00411	0.00498	0.00308	0.00304	0.00571	0.00861	0.01142	0.42194	0.14088	0.34434	0.00823	0.00413	0.00117	0.00175	0.01798	0.00349	0.00307
35	0.24128	0.00618	0.00733	0.00578	0.00832	0.00589	0.00477	0.03523	0.00902	0.62437	0.01126	0.01011	0.00726	0.00400	0.00313	0.00107	0.00289	0.00306	0.00371	0.00534
36	0.00427	0.00305	0.00408	0.00488	0.00511	0.00286	0.00332	0.00492	0.00668	0.00889	0.01901	0.83769	0.02271	0.01076	0.00443	0.00141	0.00206	0.04785	0.00321	0.00282
37	0.02052	0.00424	0.01917	0.00588	0.00672	0.00394	0.05407	0.01715	0.04021	0.06041	0.01713	0.58549	0.01924	0.00922	0.00428	0.00137	0.00256	0.12188	0.00315	0.00334
38	0.90299	0.00668	0.00508	0.00454	0.00668	0.00775	0.00374	0.01015	0.00588	0.01550	0.00481	0.00561	0.00374	0.00321	0.00214	0.00107	0.00267	0.00187	0.00214	0.00374
39	0.00805	0.00769	0.01311	0.23205	0.65012	0.00808	0.01035	0.01016	0.00763	0.01068	0.00641	0.00871	0.00526	0.00317	0.00343	0.00106	0.00423	0.00308	0.00167	0.00507
40	0.00924	0.88067	0.01810	0.00591	0.00887	0.01367	0.00591	0.01034	0.00702	0.00813	0.00480	0.00554	0.00443	0.00296	0.00222	0.00074	0.00369	0.00185	0.00148	0.00443
41	0.00426	0.00342	0.00380	0.00389	0.00482	0.00296	0.00285	0.00523	0.00802	0.01011	0.18941	0.17981	0.55170	0.00879	0.00414	0.00119	0.00177	0.00753	0.00332	0.00296
42	0.00545	0.00339	0.00390	0.00380	0.00463	0.00321	0.00284	0.00695	0.00834	0.01272	0.36973	0.03765	0.11668	0.00635	0.01764	0.00106	0.00177	0.00510	0.38561	0.00319
43	0.40607	0.00606	0.00642	0.00525	0.00757	0.00614	0.00432	0.01334	0.00795	0.43406	0.00959	0.00912	0.00645	0.00379	0.00282	0.00105	0.00274	0.00275	0.05973	0.00477
44	0.36722	0.00574	0.00509	0.00452	0.00616	0.02406	0.00361	0.11339	0.00792	0.03264	0.00823	0.00923	0.00633	0.00371	0.00247	0.00095	0.00243	0.00265	0.38980	0.00383
45	0.01528	0.00623	0.00823	0.00631	0.00899	0.00559	0.00521	0.09241	0.01047	0.78304	0.01314	0.01144	0.00831	0.00426	0.00347	0.00107	0.00302	0.00344	0.00420	0.00588
46	0.02133	0.00551	0.04651	0.00583	0.00779	0.00457	0.04196	0.01142	0.00959	0.37792	0.40444	0.01790	0.01934	0.00545	0.00375	0.00108	0.00256	0.00473	0.00378	0.00454
47	0.00859	0.00742	0.00781	0.00703	0.00898	0.00859	0.00547	0.01836	0.85080	0.01445	0.01406	0.01289	0.01055	0.00469	0.00352	0.00117	0.00273	0.00391	0.00352	0.00547
48	0.90299	0.00668	0.00508	0.00454	0.00668	0.00775	0.00374	0.01015	0.00588	0.01550	0.00481	0.00561	0.00374	0.00321	0.00214	0.00107	0.00267	0.00187	0.00214	0.00374
49	0.01117	0.00870	0.00926	0.00755	0.00996	0.00980	0.00609	0.48768	0.37728	0.01860	0.01079	0.01028	0.00790	0.00438	0.00348	0.00110	0.00334	0.00345	0.00348	0.00570
50	0.90299	0.00668	0.00508	0.00454	0.00668	0.00775	0.00374	0.01015	0.00588	0.01550	0.00481	0.00561	0.00374	0.00321	0.00214	0.00107	0.00267	0.00187	0.00214	0.00374
51	0.00855	0.00821	0.01402	0.02120	0.85704	0.00821	0.01060	0.01060	0.00787	0.01129	0.00650	0.00855	0.00547	0.00308	0.00342	0.00103	0.00410	0.00308	0.00171	0.00547
52	0.00859	0.00742	0.00781	0.00703	0.00898	0.00859	0.00547	0.01836	0.85080	0.01445	0.01406	0.01289	0.01055	0.00469	0.00352	0.00117	0.00273	0.00391	0.00352	0.00547
53	0.09390	0.00577	0.00750	0.00592	0.00839	0.00517	0.00484	0.01548	0.00932	0.73051	0.01318	0.06578	0.00903	0.00459	0.00341	0.00109	0.00286	0.00373	0.00402	0.00549
54	0.07151	0.00593	0.00783	0.00605	0.00868	0.00525	0.00499	0.01641	0.00963	0.80617	0.01307	0.01137	0.00825	0.00421	0.00339	0.00107	0.00292	0.00337	0.00414	0.00574
55	0.00500	0.00346	0.00431	0.00431	0.00450	0.00365	0.00278	0.00537	0.00519	0.00710	0.01038	0.01984	0.01136	0.61731	0.27722	0.00402	0.00516	0.00462	0.00202	0.00240
56	0.00602	0.00396	0.00527	0.00559	0.00656	0.00376	0.00468	0.00744	0.00828	0.08078	0.13300	0.07722	0.13955	0.00873	0.00445	0.00141	0.00269	0.49392	0.00336	0.00336
57	0.00435	0.00330	0.00401	0.00427	0.00494	0.00296	0.00304	0.00531	0.00785	0.01031	0.24436	0.38467	0.28978	0.00917	0.00422	0.00124	0.00182	0.00808	0.00336	0.00296
58	0.00716	0.00614	0.00716	0.00512	0.00819	0.00461	0.00409	0.00870	0.00716	0.01126	0.00614	0.00716	0.00512	0.00256	0.00256	0.00051	0.00256	0.00205	0.00205	0.89971
59	0.00494	0.00402	0.00444	0.00427	0.00542	0.00377	0.00325	0.00720	0.11580	0.01142	0.28870	0.02845	0.47292	0.00772	0.00402	0.00115	0.00187	0.02385	0.00343	0.00335
60	0.00422	0.00315	0.00393	0.00449	0.00494	0.00286	0.00308	0.00495	0.00709	0.00925	0.07533	0.63678	0.20707	0.01013	0.00432	0.00133	0.00192	0.00904	0.00324	0.00286
61	0.00693	0.01787	0.86069	0.00985	0.01495	0.00802	0.01276	0.01094	0.00729	0.01094	0.00620	0.00729	0.00438	0.00328	0.00328	0.00109	0.00511	0.00255	0.00146	0.00511
62	0.00652	0.00614	0.01036	0.87029	0.02379	0.00768	0.00959	0.00883	0.00691	0.00883	0.00614	0.00921	0.00461	0.00345	0.00345	0.00115	0.00461	0.00307	0.00154	0.00384
63	0.00426	0.00304	0.00407	0.00487	0.00509	0.00285	0.00330	0.00490	0.00667	0.00888	0.01901	0.84359	0.02273	0.01077	0.00442	0.00141	0.00205	0.04204	0.00321	0.00282
64	0.00438	0.00328	0.00400	0.00452	0.00504	0.00303	0.00312	0.00538	0.03364	0.00932	0.04203	0.60568	0.22662	0.00990	0.00425	0.00132	0.00195	0.00880	0.02081	0.00294
65	0.00505	0.00358	0.00517	0.00517	0.00564	0.00404	0.00385	0.00583	0.00537	0.00762	0.00920	0.01469	0.00900	0.15772	0.65202	0.08983	0.00774	0.00384	0.00186	0.00278
66	0.00735	0.00698	0.01185	0.52567	0.36199	0.00789	0.01000	0.00955	0.00730	0.00982	0.00629	0.00894	0.00496	0.00330	0.00344	0.00110	0.00440	0.00307	0.00161	0.00450
67	0.00795	0.07893	0.02614	0.00548	0.00853	0.00577	0.00459	0.04395	0.02361	0.04652	0.00658	0.00738	0.00532	0.00278	0.00264	0.00060	0.00278	0.00218	0.00217	0.71611
68	0.00900	0.00739	0.01138	0.25658	0.31379	0.02974	0.04784	0.08660	0.02139	0.10914	0.01775	0.05916	0.00696	0.00394	0.00353	0.00109	0.00405	0.00358	0.00226	0.00484

[dist]
# distance from previous block
# <min> <max>
1	7

[block]
# block no. 4 follows, 81 sequences, length 27
# corresponding to MSA columns:
# 499-525
name=unknown_E
#
# <colnr> <probs for GDERKNQSTAVLIFYWHMCP>
#	G	D	E	R	K	N	Q	S	T	A	V	L	I	F	Y	W	H	M	C	P
0	0.00900	0.00614	0.00725	0.03396	0.03056	0.00642	0.00504	0.17542	0.19506	0.13874	0.19048	0.01741	0.10622	0.00553	0.00369	0.00111	0.00272	0.03313	0.02744	0.00468
1	0.00910	0.00748	0.00789	0.00690	0.00891	0.00851	0.00542	0.15803	0.64189	0.01542	0.01384	0.01295	0.04453	0.00474	0.00349	0.00113	0.00283	0.00388	0.03771	0.00535
2	0.00667	0.00629	0.01063	0.80831	0.08461	0.00771	0.00967	0.00896	0.00698	0.00901	0.00617	0.00916	0.00467	0.00343	0.00345	0.00114	0.00457	0.00307	0.00155	0.00396
3	0.00495	0.00352	0.00456	0.00430	0.00511	0.00326	0.00322	0.00658	0.00967	0.01381	0.82042	0.02527	0.03162	0.00694	0.00401	0.00107	0.00163	0.00612	0.04066	0.00326
4	0.00573	0.00356	0.00453	0.00468	0.00548	0.00320	0.00338	0.00664	0.00777	0.11631	0.14412	0.45740	0.18954	0.00901	0.00418	0.00127	0.00204	0.02445	0.00343	0.00329
5	0.00465	0.00351	0.00418	0.00402	0.00495	0.00314	0.00301	0.00601	0.00904	0.01223	0.54276	0.02806	0.32160	0.00757	0.00403	0.00111	0.00167	0.00653	0.02878	0.00314
6	0.00426	0.00304	0.00402	0.00476	0.00498	0.00284	0.00318	0.00488	0.00668	0.00894	0.05002	0.81883	0.02290	0.03686	0.00479	0.00145	0.00203	0.00954	0.00320	0.00280
7	0.00672	0.00470	0.00564	0.00538	0.00657	0.00485	0.00421	0.01040	0.23003	0.06477	0.33634	0.06857	0.02074	0.00656	0.00386	0.00117	0.00225	0.12714	0.08614	0.00396
8	0.00716	0.00614	0.00716	0.00512	0.00819	0.00461	0.00409	0.00870	0.00716	0.01126	0.00614	0.00716	0.00512	0.00256	0.00256	0.00051	0.00256	0.00205	0.00205	0.89971
9	0.00859	0.00742	0.00781	0.00703	0.00898	0.00859	0.00547	0.01836	0.85080	0.01445	0.01406	0.01289	0.01055	0.00469	0.00352	0.00117	0.00273	0.00391	0.00352	0.00547
10	0.00652	0.00614	0.01036	0.87029	0.02379	0.00768	0.00959	0.00883	0.00691	0.00883	0.00614	0.00921	0.00461	0.00345	0.00345	0.00115	0.00461	0.00307	0.00154	0.00384
11	0.00693	0.01787	0.86069	0.00985	0.01495	0.00802	0.01276	0.01094	0.00729	0.01094	0.00620	0.00729	0.00438	0.00328	0.00328	0.00109	0.00511	0.00255	0.00146	0.00511
12	0.00421	0.00301	0.00401	0.00481	0.00501	0.00281	0.00321	0.00481	0.00661	0.00882	0.01904	0.87634	0.02285	0.01082	0.00441	0.00140	0.00200	0.00982	0.00321	0.00281
13	0.24770	0.00626	0.00735	0.00581	0.00834	0.00603	0.00480	0.05260	0.00913	0.60061	0.01108	0.00999	0.00717	0.00399	0.00312	0.00107	0.00291	0.00304	0.00368	0.00532
14	0.00561	0.00374	0.00443	0.00421	0.00534	0.00328	0.00319	0.00679	0.00867	0.10176	0.31352	0.08170	0.41505	0.00784	0.00405	0.00115	0.00188	0.02091	0.00353	0.00335
15	0.00815	0.00932	0.02038	0.01456	0.01805	0.00874	0.84450	0.01107	0.00815	0.01107	0.00699	0.00932	0.00524	0.00291	0.00408	0.00116	0.00582	0.00408	0.00175	0.00466
16	0.00543	0.00351	0.00419	0.00401	0.00486	0.00334	0.00301	0.00718	0.02594	0.01338	0.53692	0.02173	0.05738	0.00611	0.00354	0.00100	0.00165	0.00528	0.28827	0.00328
17	0.00744	0.00610	0.04002	0.00670	0.00759	0.02548	0.00548	0.05476	0.00661	0.09144	0.00834	0.01218	0.00758	0.12668	0.31894	0.00310	0.24963	0.00355	0.01472	0.00368
18	0.01091	0.17501	0.11201	0.00892	0.01201	0.09319	0.17558	0.19924	0.02795	0.14066	0.00777	0.00828	0.00566	0.00355	0.00330	0.00101	0.00442	0.00299	0.00247	0.00508
19	0.00529	0.00361	0.00470	0.00438	0.00522	0.00333	0.00327	0.00682	0.00953	0.04461	0.78013	0.02512	0.03066	0.05248	0.00476	0.00120	0.00177	0.00608	0.00373	0.00330
20	0.31521	0.00683	0.00709	0.00592	0.00818	0.00733	0.00478	0.09762	0.20571	0.26804	0.01012	0.00988	0.00722	0.02738	0.00340	0.00115	0.00290	0.00303	0.00323	0.00495
21	0.00789	0.00716	0.01090	0.13374	0.42856	0.00765	0.00836	0.01147	0.18645	0.02286	0.06655	0.03089	0.02950	0.00415	0.00375	0.00110	0.02805	0.00373	0.00231	0.00493
22	0.00869	0.01864	0.01519	0.02971	0.46162	0.01989	0.26589	0.03267	0.00814	0.04368	0.00725	0.03471	0.00598	0.00343	0.00386	0.00109	0.02900	0.00357	0.00190	0.00506
23	0.00422	0.00311	0.00390	0.00452	0.00490	0.00285	0.00306	0.00485	0.00679	0.00884	0.02176	0.68527	0.18015	0.04238	0.00483	0.00143	0.00201	0.00917	0.00317	0.00280
24	0.11289	0.00667	0.00805	0.00628	0.00887	0.00647	0.00518	0.16992	0.03016	0.57813	0.01164	0.01048	0.00757	0.00414	0.00331	0.00106	0.00305	0.00324	0.01731	0.00559
25	0.00898	0.00869	0.04703	0.04837	0.10930	0.00844	0.37369	0.10895	0.08847	0.06749	0.00915	0.01042	0.04102	0.00377	0.00416	0.00114	0.04992	0.00377	0.00230	0.00491
26	0.00556	0.00429	0.00554	0.00558	0.03764	0.00487	0.00365	0.00593	0.00528	0.00736	0.00962	0.03763	0.01068	0.57294	0.11917	0.00317	0.15192	0.00456	0.00198	0.00265

[dist]
# distance from previous block
# <min> <max>
0	2

[block]
# block no. 5 follows, 81 sequences, length 51
# corresponding to MSA columns:
# 528,530-579
name=unknown_F
#
# <colnr> <probs for GDERKNQSTAVLIFYWHMCP>
#	G	D	E	R	K	N	Q	S	T	A	V	L	I	F	Y	W	H	M	C	P
0	0.00916	0.00809	0.00774	0.00688	0.00875	0.10450	0.00536	0.12669	0.50296	0.01416	0.01293	0.04711	0.03465	0.00488	0.00346	0.00111	0.00315	0.02037	0.06236	0.01571
1	0.12204	0.36222	0.02177	0.02439	0.02218	0.14357	0.03861	0.14707	0.06778	0.01196	0.00625	0.00690	0.00506	0.00341	0.00276	0.00091	0.00403	0.00239	0.00209	0.00461
2	0.00429	0.00341	0.00385	0.00395	0.00484	0.00297	0.00288	0.00528	0.00805	0.01024	0.21486	0.19693	0.50870	0.00878	0.00415	0.00120	0.00177	0.00755	0.00334	0.00297
3	0.00844	0.04552	0.15038	0.10498	0.10050	0.05770	0.02609	0.04131	0.38695	0.01241	0.00994	0.01064	0.00763	0.00404	0.00342	0.00111	0.00383	0.01753	0.00254	0.00506
4	0.00546	0.00407	0.00458	0.00441	0.00505	0.00414	0.00297	0.00752	0.14681	0.00978	0.18353	0.04018	0.11995	0.43470	0.01062	0.00223	0.00268	0.00546	0.00283	0.00300
5	0.36120	0.00524	0.00486	0.00434	0.00597	0.00567	0.00346	0.04531	0.03456	0.09441	0.00891	0.00971	0.00674	0.00375	0.00249	0.00096	0.00228	0.00273	0.39356	0.00386
6	0.00458	0.00362	0.00555	0.00569	0.00624	0.00337	0.08311	0.00541	0.00680	0.00905	0.01844	0.76494	0.04985	0.01000	0.00437	0.00137	0.00236	0.00919	0.00307	0.00299
7	0.01197	0.00548	0.00694	0.00572	0.00772	0.00513	0.00459	0.11419	0.00980	0.48540	0.03040	0.12132	0.01080	0.00522	0.00347	0.00108	0.00270	0.02211	0.14098	0.00497
8	0.00605	0.00391	0.00499	0.00455	0.00563	0.00361	0.00347	0.00788	0.03972	0.10141	0.66450	0.02455	0.10266	0.00684	0.00399	0.00109	0.00182	0.00597	0.00379	0.00358
9	0.90299	0.00668	0.00508	0.00454	0.00668	0.00775	0.00374	0.01015	0.00588	0.01550	0.00481	0.00561	0.00374	0.00321	0.00214	0.00107	0.00267	0.00187	0.00214	0.00374
10	0.90299	0.00668	0.00508	0.00454	0.00668	0.00775	0.00374	0.01015	0.00588	0.01550	0.00481	0.00561	0.00374	0.00321	0.00214	0.00107	0.00267	0.00187	0.00214	0.00374
11	0.00437	0.00309	0.00404	0.00475	0.00495	0.00292	0.00317	0.00494	0.00648	0.00862	0.01801	0.73692	0.02147	0.11664	0.00603	0.00165	0.00222	0.04393	0.00307	0.00273
12	0.01111	0.40146	0.04551	0.00730	0.01004	0.18264	0.00653	0.27399	0.01049	0.01259	0.00606	0.00661	0.00489	0.00346	0.00283	0.00088	0.00429	0.00235	0.00216	0.00483
13	0.00487	0.00354	0.00453	0.00487	0.00540	0.00340	0.00344	0.04079	0.02603	0.01080	0.23102	0.57539	0.04026	0.00940	0.00426	0.00130	0.00201	0.02220	0.00337	0.00312
14	0.00802	0.00782	0.01257	0.31748	0.53195	0.04229	0.01009	0.01011	0.00761	0.01031	0.00633	0.00869	0.00513	0.00323	0.00342	0.00106	0.00436	0.00304	0.00165	0.00484
15	0.00953	0.02702	0.10486	0.00818	0.02520	0.00739	0.12814	0.15833	0.14620	0.15417	0.11569	0.02766	0.02764	0.00519	0.02820	0.00123	0.00373	0.01362	0.00304	0.00496
16	0.00815	0.00932	0.02038	0.01456	0.01805	0.00874	0.84450	0.01107	0.00815	0.01107	0.00699	0.00932	0.00524	0.00291	0.00408	0.00116	0.00582	0.00408	0.00175	0.00466
17	0.00727	0.01739	0.82658	0.00970	0.01471	0.00791	0.01246	0.01118	0.00740	0.04488	0.00650	0.00747	0.00454	0.00332	0.00329	0.00109	0.00502	0.00259	0.00157	0.00514
18	0.03224	0.00809	0.03517	0.00878	0.04250	0.06667	0.16124	0.08780	0.06319	0.36656	0.04006	0.02006	0.00804	0.00413	0.00387	0.00110	0.03859	0.00357	0.00315	0.00520
19	0.00845	0.02584	0.20764	0.00700	0.00958	0.00577	0.06191	0.01092	0.05016	0.22073	0.17471	0.02725	0.11037	0.00536	0.00383	0.00113	0.01770	0.04409	0.00303	0.00452
20	0.00421	0.00301	0.00401	0.00481	0.00501	0.00281	0.00321	0.00481	0.00661	0.00882	0.01904	0.87634	0.02285	0.01082	0.00441	0.00140	0.00200	0.00982	0.00321	0.00281
21	0.00726	0.00690	0.01170	0.56019	0.32811	0.00787	0.00996	0.00947	0.00726	0.00972	0.00627	0.00897	0.00492	0.00332	0.00344	0.00111	0.00442	0.00307	0.00160	0.00443
22	0.00916	0.00748	0.04608	0.03340	0.19708	0.00725	0.08906	0.10712	0.16927	0.13155	0.01128	0.15587	0.00975	0.00498	0.00368	0.00114	0.00352	0.00451	0.00285	0.00499
23	0.13935	0.00815	0.00915	0.45127	0.03535	0.17407	0.00761	0.01039	0.00750	0.06598	0.00678	0.04292	0.00546	0.00382	0.00337	0.00110	0.01880	0.00303	0.00192	0.00399
24	0.00716	0.00614	0.00716	0.00512	0.00819	0.00461	0.00409	0.00870	0.00716	0.01126	0.00614	0.00716	0.00512	0.00256	0.00256	0.00051	0.00256	0.00205	0.00205	0.89971
25	0.00906	0.81497	0.08227	0.00621	0.00933	0.01324	0.00643	0.01039	0.00704	0.00834	0.00491	0.00568	0.00443	0.00298	0.00230	0.00077	0.00380	0.00190	0.00148	0.00448
26	0.00439	0.00351	0.00393	0.00382	0.00486	0.00305	0.00287	0.00555	0.00860	0.01106	0.34806	0.03041	0.54150	0.00811	0.00408	0.00114	0.00170	0.00689	0.00344	0.00305
27	0.00461	0.00342	0.00430	0.00428	0.00504	0.00311	0.00313	0.00591	0.00882	0.01206	0.54536	0.19012	0.18090	0.00809	0.00414	0.00116	0.00172	0.00712	0.00358	0.00311
28	0.00412	0.00350	0.00356	0.00354	0.00469	0.00293	0.00266	0.00504	0.00797	0.00957	0.07748	0.03286	0.81301	0.00866	0.00408	0.00116	0.00174	0.00724	0.00324	0.00293
29	0.05287	0.00591	0.00789	0.00608	0.00873	0.00519	0.00502	0.01655	0.00972	0.82390	0.01326	0.01150	0.00835	0.00423	0.00342	0.00107	0.00293	0.00341	0.00419	0.00579
30	0.00859	0.00742	0.00781	0.00703	0.00898	0.00859	0.00547	0.01836	0.85080	0.01445	0.01406	0.01289	0.01055	0.00469	0.00352	0.00117	0.00273	0.00391	0.00352	0.00547
31	0.00716	0.00614	0.00716	0.00512	0.00819	0.00461	0.00409	0.00870	0.00716	0.01126	0.00614	0.00716	0.00512	0.00256	0.00256	0.00051	0.00256	0.00205	0.00205	0.89971
32	0.90299	0.00668	0.00508	0.00454	0.00668	0.00775	0.00374	0.01015	0.00588	0.01550	0.00481	0.00561	0.00374	0.00321	0.00214	0.00107	0.00267	0.00187	0.00214	0.00374
33	0.00652	0.00614	0.01036	0.87029	0.02379	0.00768	0.00959	0.00883	0.00691	0.00883	0.00614	0.00921	0.00461	0.00345	0.00345	0.00115	0.00461	0.00307	0.00154	0.00384
34	0.00452	0.00315	0.00394	0.00441	0.00458	0.00301	0.00282	0.00496	0.00621	0.00830	0.05163	0.53359	0.03042	0.31158	0.00896	0.00206	0.00245	0.00797	0.00285	0.00258
35	0.00409	0.00349	0.00351	0.00353	0.00467	0.00291	0.00264	0.00495	0.00785	0.00932	0.03463	0.05256	0.83657	0.00880	0.00409	0.00117	0.00176	0.00735	0.00321	0.00291
36	0.00924	0.88067	0.01810	0.00591	0.00887	0.01367	0.00591	0.01034	0.00702	0.00813	0.00480	0.00554	0.00443	0.00296	0.00222	0.00074	0.00369	0.00185	0.00148	0.00443
37	0.00747	0.00744	0.01041	0.00896	0.00897	0.01038	0.00745	0.00822	0.00532	0.00833	0.00490	0.02966	0.00500	0.00617	0.01116	0.00151	0.85013	0.00320	0.00155	0.00375
38	0.00459	0.00376	0.02605	0.00489	0.00564	0.00325	0.00380	0.00564	0.00750	0.00974	0.09122	0.38940	0.23922	0.00951	0.00434	0.00135	0.00223	0.18167	0.00321	0.00301
39	0.00727	0.00694	0.01124	0.47124	0.10118	0.00854	0.05795	0.00948	0.04046	0.01949	0.00622	0.00891	0.00500	0.00411	0.00550	0.00123	0.22629	0.00316	0.00167	0.00412
40	0.01291	0.01632	0.00980	0.00888	0.01068	0.84610	0.00667	0.03193	0.00993	0.00875	0.00540	0.00627	0.00448	0.00357	0.00312	0.00089	0.00618	0.00224	0.00182	0.00405
41	0.01067	0.00789	0.00845	0.00698	0.00920	0.00879	0.00560	0.38435	0.35146	0.05360	0.01117	0.01080	0.00820	0.00436	0.00337	0.00107	0.00309	0.00346	0.10208	0.00542
42	0.00981	0.00621	0.00786	0.04210	0.00925	0.00514	0.01910	0.03982	0.00832	0.26370	0.01858	0.00891	0.00647	0.00322	0.00294	0.00074	0.00285	0.00264	0.00275	0.53959
43	0.08538	0.00929	0.00959	0.00755	0.01015	0.03596	0.00618	0.64430	0.09206	0.05198	0.00866	0.00857	0.00619	0.00411	0.00334	0.00105	0.00365	0.00307	0.00333	0.00561
44	0.00502	0.00335	0.00377	0.00377	0.00377	0.00335	0.00209	0.00502	0.00502	0.00670	0.01088	0.02261	0.01256	0.87859	0.01758	0.00335	0.00335	0.00502	0.00209	0.00209
45	0.04089	0.03907	0.04529	0.00812	0.01031	0.14704	0.03836	0.27391	0.20394	0.03867	0.00847	0.00884	0.00642	0.00426	0.00431	0.00110	0.11016	0.00308	0.00273	0.00503
46	0.00448	0.00323	0.00423	0.00458	0.00506	0.00299	0.00321	0.00549	0.00791	0.01084	0.35210	0.51170	0.05277	0.00926	0.00427	0.00127	0.00185	0.00832	0.00344	0.00299
47	0.00991	0.43064	0.12801	0.00742	0.01047	0.02546	0.04497	0.19877	0.01821	0.04418	0.02321	0.00735	0.00557	0.00351	0.00310	0.00092	0.02877	0.00254	0.00211	0.00487
48	0.01143	0.08374	0.01024	0.00761	0.00990	0.08435	0.01568	0.35879	0.19920	0.09545	0.00942	0.00970	0.00705	0.00433	0.00390	0.00107	0.06275	0.01700	0.00307	0.00530
49	0.00440	0.00336	0.00395	0.00410	0.00489	0.00299	0.00296	0.00542	0.00804	0.01053	0.25916	0.26759	0.37280	0.00876	0.00414	0.00120	0.00178	0.00762	0.02333	0.00299
50	0.00710	0.06957	0.78588	0.00974	0.01467	0.00838	0.03620	0.01091	0.00730	0.01077	0.00614	0.00725	0.00440	0.00325	0.00324	0.00107	0.00504	0.00255	0.00147	0.00505

[dist]
# distance from previous block
# <min> <max>
0	22

[block]
# block no. 6 follows, 81 sequences, length 28
# corresponding to MSA columns:
# 602-628,685
name=unknown_G
#
# <colnr> <probs for GDERKNQSTAVLIFYWHMCP>
#	G	D	E	R	K	N	Q	S	T	A	V	L	I	F	Y	W	H	M	C	P
0	0.00448	0.00352	0.00405	0.00391	0.00491	0.00308	0.00294	0.00572	0.00881	0.01155	0.43647	0.02960	0.45278	0.00792	0.00408	0.00113	0.00169	0.00678	0.00350	0.00308
1	0.00432	0.00309	0.00414	0.00494	0.00519	0.00290	0.00340	0.00500	0.00672	0.00894	0.01898	0.80799	0.02261	0.01072	0.00444	0.00142	0.00210	0.07708	0.00320	0.00284
2	0.00457	0.00352	0.00418	0.00402	0.00497	0.00313	0.00301	0.00591	0.00904	0.01209	0.53517	0.02871	0.35375	0.00772	0.00408	0.00112	0.00168	0.00665	0.00357	0.00313
3	0.00430	0.00321	0.00404	0.00466	0.00513	0.00294	0.00329	0.00506	0.00702	0.00907	0.02257	0.60924	0.21061	0.01024	0.00437	0.00137	0.00205	0.08476	0.00320	0.00287
4	0.00924	0.88067	0.01810	0.00591	0.00887	0.01367	0.00591	0.01034	0.00702	0.00813	0.00480	0.00554	0.00443	0.00296	0.00222	0.00074	0.00369	0.00185	0.00148	0.00443
5	0.00693	0.01787	0.86069	0.00985	0.01495	0.00802	0.01276	0.01094	0.00729	0.01094	0.00620	0.00729	0.00438	0.00328	0.00328	0.00109	0.00511	0.00255	0.00146	0.00511
6	0.01550	0.00588	0.00802	0.00615	0.00882	0.00508	0.00508	0.01684	0.00989	0.85944	0.01363	0.01176	0.00855	0.00428	0.00347	0.00107	0.00294	0.00347	0.00428	0.00588
7	0.00924	0.88067	0.01810	0.00591	0.00887	0.01367	0.00591	0.01034	0.00702	0.00813	0.00480	0.00554	0.00443	0.00296	0.00222	0.00074	0.00369	0.00185	0.00148	0.00443
8	0.00663	0.00624	0.01055	0.82729	0.06599	0.00770	0.00965	0.00892	0.00696	0.00895	0.00616	0.00918	0.00465	0.00343	0.00345	0.00114	0.00458	0.00307	0.00154	0.00392
9	0.00542	0.00390	0.00539	0.00614	0.00692	0.00386	0.00530	0.00693	0.00788	0.01021	0.01916	0.08109	0.06158	0.00957	0.00472	0.00156	0.00305	0.75098	0.00318	0.00315
10	0.00421	0.00301	0.00401	0.00481	0.00501	0.00281	0.00321	0.00481	0.00661	0.00882	0.01904	0.87634	0.02285	0.01082	0.00441	0.00140	0.00200	0.00982	0.00321	0.00281
11	0.00803	0.36145	0.49984	0.00822	0.01240	0.01035	0.00985	0.03532	0.00745	0.01014	0.00570	0.00662	0.00444	0.00318	0.00286	0.00095	0.00450	0.00229	0.00153	0.00486
12	0.00806	0.25058	0.56446	0.00851	0.01282	0.00941	0.01030	0.01129	0.02878	0.05646	0.00643	0.00720	0.00478	0.00328	0.00301	0.00100	0.00455	0.00245	0.00167	0.00497
13	0.47198	0.00610	0.00633	0.00561	0.00732	0.03598	0.04666	0.00938	0.00626	0.06375	0.00699	0.00899	0.00583	0.02285	0.27979	0.00254	0.00509	0.00272	0.00214	0.00369
14	0.00502	0.00335	0.00377	0.00377	0.00377	0.00335	0.00209	0.00502	0.00502	0.00670	0.01088	0.02261	0.01256	0.87859	0.01758	0.00335	0.00335	0.00502	0.00209	0.00209
15	0.01157	0.00912	0.16946	0.04986	0.01285	0.00693	0.19583	0.05671	0.02601	0.41039	0.01013	0.01010	0.00675	0.00375	0.00357	0.00110	0.00411	0.00341	0.00300	0.00536
16	0.00828	0.42498	0.41320	0.00794	0.01189	0.01070	0.02180	0.02235	0.01896	0.02293	0.00580	0.00666	0.00459	0.00317	0.00280	0.00093	0.00437	0.00228	0.00157	0.00481
17	0.00755	0.01352	0.43324	0.01224	0.01653	0.00839	0.43585	0.01100	0.00773	0.01100	0.00660	0.00832	0.00482	0.00309	0.00369	0.00113	0.00547	0.00333	0.00161	0.00488
18	0.00479	0.00344	0.00467	0.00545	0.00593	0.00331	0.00421	0.00582	0.00722	0.00948	0.01908	0.49670	0.04049	0.01022	0.00456	0.00148	0.00251	0.36448	0.00320	0.00297
19	0.02306	0.02446	0.04601	0.01416	0.37905	0.32960	0.02957	0.02606	0.07537	0.01064	0.00664	0.00790	0.00541	0.00341	0.00329	0.00099	0.00484	0.00279	0.00190	0.00485
20	0.00685	0.01697	0.80134	0.00962	0.01440	0.00790	0.01224	0.01065	0.00717	0.01074	0.00631	0.00760	0.00459	0.00444	0.04526	0.00132	0.02353	0.00262	0.00148	0.00498
21	0.00409	0.00348	0.00352	0.00356	0.00468	0.00291	0.00265	0.00495	0.00781	0.00931	0.03424	0.07327	0.81611	0.00885	0.00410	0.00118	0.00176	0.00741	0.00321	0.00291
22	0.00446	0.00345	0.00410	0.00436	0.00517	0.00309	0.00328	0.00549	0.00791	0.01013	0.17226	0.24168	0.39240	0.00908	0.00426	0.00127	0.00199	0.11935	0.00331	0.00298
23	0.03406	0.03026	0.01154	0.20509	0.22613	0.04571	0.07177	0.10031	0.18506	0.01230	0.00802	0.00934	0.00621	0.00373	0.00371	0.00110	0.03530	0.00322	0.00224	0.00489
24	0.00760	0.00636	0.00917	0.00799	0.02019	0.02369	0.16145	0.10757	0.14746	0.04341	0.01362	0.29195	0.01362	0.00680	0.00423	0.00127	0.02543	0.10102	0.00296	0.00419
25	0.00559	0.00334	0.00355	0.00369	0.00449	0.00321	0.00271	0.00705	0.02577	0.01143	0.01766	0.17146	0.18436	0.00630	0.00317	0.00101	0.00176	0.01778	0.52252	0.00313
26	0.01041	0.00693	0.00808	0.00601	0.00888	0.00622	0.00489	0.22183	0.01003	0.19244	0.00835	0.00852	0.00610	0.00335	0.00298	0.00077	0.00294	0.00264	0.01902	0.46961
27	0.02646	0.00780	0.03209	0.21939	0.27174	0.01872	0.03881	0.10084	0.02721	0.02091	0.00667	0.00869	0.00535	0.00446	0.03480	0.00125	0.10383	0.00304	0.00194	0.06600

[dist]
# distance from previous block
# <min> <max>
0	1

[block]
# block no. 7 follows, 81 sequences, length 51
# corresponding to MSA columns:
# 687-737
name=unknown_H
#
# <colnr> <probs for GDERKNQSTAVLIFYWHMCP>
#	G	D	E	R	K	N	Q	S	T	A	V	L	I	F	Y	W	H	M	C	P
0	0.01083	0.00947	0.01095	0.01116	0.20386	0.10665	0.02445	0.32049	0.12612	0.03885	0.00807	0.00879	0.00618	0.00408	0.00424	0.00109	0.09365	0.00313	0.00266	0.00527
1	0.00659	0.00620	0.01048	0.84385	0.04974	0.00769	0.00963	0.00888	0.00694	0.00890	0.00615	0.00919	0.00463	0.00344	0.00345	0.00115	0.00459	0.00307	0.00154	0.00389
2	0.00815	0.00932	0.02038	0.01456	0.01805	0.00874	0.84450	0.01107	0.00815	0.01107	0.00699	0.00932	0.00524	0.00291	0.00408	0.00116	0.00582	0.00408	0.00175	0.00466
3	0.00877	0.00779	0.00789	0.00711	0.00905	0.04330	0.00552	0.01817	0.81671	0.01421	0.01371	0.01262	0.01030	0.00464	0.00350	0.00116	0.00288	0.00384	0.00344	0.00541
4	0.00521	0.00375	0.00514	0.00590	0.00659	0.00368	0.00493	0.00656	0.00767	0.00997	0.01927	0.21224	0.06170	0.00977	0.00466	0.00153	0.00287	0.62227	0.00319	0.00309
5	0.00421	0.00301	0.00401	0.00481	0.00501	0.00281	0.00321	0.00481	0.00661	0.00882	0.01904	0.87634	0.02285	0.01082	0.00441	0.00140	0.00200	0.00982	0.00321	0.00281
6	0.00502	0.00336	0.00381	0.00381	0.00382	0.00337	0.00214	0.00505	0.00504	0.00673	0.01085	0.02240	0.01247	0.85944	0.03662	0.00340	0.00348	0.00499	0.00209	0.00212
7	0.01313	0.00968	0.01037	0.00795	0.01071	0.01071	0.00657	0.84552	0.01624	0.02177	0.00829	0.00829	0.00587	0.00415	0.00346	0.00104	0.00380	0.00311	0.00346	0.00587
8	0.01550	0.00588	0.00802	0.00615	0.00882	0.00508	0.00508	0.01684	0.00989	0.85944	0.01363	0.01176	0.00855	0.00428	0.00347	0.00107	0.00294	0.00347	0.00428	0.00588
9	0.00859	0.00742	0.00781	0.00703	0.00898	0.00859	0.00547	0.01836	0.85080	0.01445	0.01406	0.01289	0.01055	0.00469	0.00352	0.00117	0.00273	0.00391	0.00352	0.00547
10	0.00553	0.00395	0.00551	0.00625	0.00705	0.00394	0.00544	0.00712	0.00805	0.01053	0.06502	0.03823	0.02059	0.00940	0.00473	0.00156	0.00309	0.78759	0.00322	0.00319
11	0.01048	0.01046	0.00874	0.00771	0.00972	0.26911	0.00597	0.12166	0.48953	0.01355	0.01068	0.01028	0.00810	0.00428	0.00339	0.00107	0.00393	0.00329	0.00298	0.00507
12	0.01000	0.29179	0.23294	0.00778	0.01112	0.05623	0.00790	0.26988	0.05804	0.01346	0.00680	0.00730	0.00521	0.00354	0.00300	0.00096	0.00417	0.00256	0.00222	0.00509
13	0.00972	0.03579	0.21724	0.07209	0.17295	0.04726	0.07370	0.25985	0.03420	0.03333	0.00725	0.00828	0.00539	0.00355	0.00341	0.00106	0.00444	0.00300	0.00227	0.00524
14	0.00467	0.00352	0.00432	0.00412	0.00503	0.00317	0.00309	0.00610	0.00926	0.01263	0.63362	0.02782	0.25496	0.00752	0.00408	0.00111	0.00166	0.00653	0.00364	0.00317
15	0.00913	0.28729	0.08455	0.02434	0.35913	0.03011	0.07811	0.02178	0.00783	0.05762	0.00636	0.00768	0.00517	0.00314	0.00308	0.00095	0.00419	0.00273	0.00178	0.00502
16	0.00900	0.43786	0.08400	0.06071	0.11063	0.03883	0.12776	0.06330	0.00794	0.01006	0.00574	0.00702	0.00477	0.00316	0.00302	0.00092	0.01640	0.00255	0.00168	0.00467
17	0.00421	0.00301	0.00401	0.00481	0.00501	0.00281	0.00321	0.00481	0.00661	0.00882	0.01904	0.87634	0.02285	0.01082	0.00441	0.00140	0.00200	0.00982	0.00321	0.00281
18	0.00924	0.00456	0.00564	0.00478	0.00657	0.00392	0.00379	0.01041	0.00900	0.38651	0.12586	0.02282	0.37967	0.00656	0.00381	0.00111	0.00226	0.00547	0.00375	0.00427
19	0.01058	0.00778	0.01133	0.25434	0.09820	0.01960	0.10246	0.23817	0.03206	0.17797	0.00850	0.00946	0.00602	0.00374	0.00352	0.00109	0.00413	0.00328	0.00268	0.00508
20	0.00479	0.00340	0.00442	0.00458	0.00523	0.00313	0.00334	0.00599	0.00840	0.02574	0.43724	0.34048	0.08429	0.00863	0.00422	0.00123	0.00187	0.04639	0.00352	0.00311
21	0.22035	0.00898	0.00914	0.00716	0.00977	0.01002	0.00591	0.65099	0.01383	0.02031	0.00748	0.00767	0.00538	0.00393	0.00315	0.00104	0.00354	0.00282	0.00315	0.00538
22	0.00429	0.00306	0.00410	0.00490	0.00513	0.00287	0.00334	0.00494	0.00669	0.00890	0.01900	0.82894	0.02268	0.01075	0.00443	0.00141	0.00207	0.05646	0.00321	0.00283
23	0.00956	0.14868	0.02503	0.05139	0.31749	0.18100	0.08676	0.05292	0.02880	0.01052	0.00619	0.00773	0.00512	0.00341	0.00366	0.00100	0.05132	0.00282	0.00180	0.00479
24	0.00878	0.02306	0.01258	0.23538	0.44035	0.14087	0.04113	0.02388	0.02187	0.01038	0.00637	0.00841	0.00516	0.00328	0.00339	0.00104	0.00459	0.00298	0.00173	0.00479
25	0.00716	0.00614	0.00716	0.00512	0.00819	0.00461	0.00409	0.00870	0.00716	0.01126	0.00614	0.00716	0.00512	0.00256	0.00256	0.00051	0.00256	0.00205	0.00205	0.89971
26	0.00530	0.00368	0.00469	0.00437	0.00531	0.00337	0.00330	0.00694	0.01988	0.04926	0.72691	0.02580	0.11392	0.00708	0.00404	0.00109	0.00171	0.00621	0.00376	0.00336
