[name]
unknown

[dist]
# distance from previous block
# <min> <max>
0	112

[block]
# block no. 0 follows, 63 sequences, length 22
# corresponding to MSA columns:
# 143-164
name=unknown_A
#
# <colnr> <probs for GDERKNQSTAVLIFYWHMCP>
#	G	D	E	R	K	N	Q	S	T	A	V	L	I	F	Y	W	H	M	C	P
0	0.00851	0.00668	0.00897	0.02373	0.15888	0.00681	0.00647	0.05335	0.15118	0.04484	0.41258	0.04621	0.04041	0.00700	0.00463	0.00134	0.00304	0.00617	0.00402	0.00519
1	0.00616	0.00419	0.00485	0.00468	0.00578	0.00385	0.00351	0.00790	0.01054	0.01515	0.42183	0.02984	0.23483	0.00821	0.00446	0.00126	0.00201	0.00702	0.22007	0.00385
2	0.88196	0.00813	0.00618	0.00553	0.00813	0.00943	0.00455	0.01236	0.00715	0.01886	0.00585	0.00683	0.00455	0.00390	0.00260	0.00130	0.00325	0.00228	0.00260	0.00455
3	0.00515	0.00384	0.00480	0.00546	0.00602	0.00348	0.00375	0.00605	0.00867	0.01132	0.08682	0.61198	0.20279	0.01228	0.00525	0.00162	0.00234	0.01096	0.00396	0.00348
4	0.00843	0.02174	0.83048	0.01198	0.01819	0.00976	0.01553	0.01331	0.00888	0.01331	0.00754	0.00888	0.00533	0.00399	0.00399	0.00133	0.00621	0.00311	0.00178	0.00621
5	0.00560	0.00445	0.00472	0.00466	0.00598	0.00396	0.00349	0.00737	0.04814	0.01282	0.16303	0.06425	0.57424	0.00976	0.00480	0.00138	0.00216	0.00822	0.06719	0.00378
6	0.00920	0.00920	0.01288	0.01104	0.01104	0.01288	0.00920	0.01012	0.00644	0.01012	0.00552	0.00920	0.00552	0.00736	0.01380	0.00184	0.84457	0.00368	0.00184	0.00460
7	0.01400	0.00709	0.00881	0.00731	0.00987	0.00687	0.00584	0.03296	0.21069	0.44570	0.12857	0.04182	0.04890	0.00624	0.00440	0.00135	0.00322	0.00522	0.00479	0.00634
8	0.00976	0.01145	0.04752	0.01726	0.02147	0.01043	0.76781	0.01327	0.00985	0.01339	0.00884	0.03211	0.00688	0.00380	0.00494	0.00142	0.00695	0.00508	0.00216	0.00563
9	0.00506	0.00391	0.00462	0.00519	0.00592	0.00347	0.00361	0.00593	0.00869	0.01099	0.03124	0.51308	0.35903	0.01212	0.00520	0.00159	0.00231	0.01067	0.00390	0.00347
10	0.01321	0.07717	0.01269	0.01205	0.15822	0.27644	0.02109	0.12538	0.01175	0.10298	0.01087	0.07607	0.03163	0.00529	0.00420	0.00122	0.01978	0.00416	0.03017	0.00563
11	0.01201	0.07105	0.01125	0.00876	0.01149	0.01160	0.00705	0.23541	0.54355	0.01944	0.01439	0.01352	0.01075	0.00537	0.00414	0.00134	0.00376	0.00431	0.00408	0.00670
12	0.05000	0.10066	0.13039	0.10371	0.22853	0.13635	0.02232	0.03331	0.01009	0.06834	0.06985	0.01116	0.00870	0.00441	0.00394	0.00123	0.00520	0.00362	0.00248	0.00571
13	0.01323	0.01162	0.01240	0.06248	0.06299	0.14395	0.03061	0.33131	0.09432	0.04542	0.00970	0.01078	0.00742	0.00655	0.05187	0.00163	0.09065	0.00378	0.00324	0.00606
14	0.01040	0.00999	0.01706	0.02580	0.82604	0.00999	0.01290	0.01290	0.00957	0.01373	0.00791	0.01040	0.00666	0.00375	0.00416	0.00125	0.00499	0.00375	0.00208	0.00666
15	0.00511	0.00369	0.00485	0.00578	0.00608	0.00342	0.00387	0.00586	0.00812	0.01076	0.02409	0.81121	0.06552	0.01305	0.00535	0.00169	0.00242	0.01180	0.00390	0.00342
16	0.00611	0.00408	0.00458	0.00458	0.00458	0.00408	0.00255	0.00611	0.00611	0.00815	0.01325	0.02751	0.01528	0.85226	0.02140	0.00408	0.00408	0.00611	0.00255	0.00255
17	0.01598	0.01177	0.01262	0.00967	0.01304	0.01304	0.00799	0.81202	0.01976	0.02649	0.01009	0.01009	0.00715	0.00505	0.00421	0.00126	0.00463	0.00378	0.00421	0.00715
18	0.28910	0.00811	0.00879	0.08977	0.02513	0.04213	0.02618	0.09597	0.03494	0.05897	0.01070	0.10905	0.00971	0.02000	0.03333	0.00155	0.00416	0.03859	0.00303	0.09077
19	0.03739	0.00919	0.01087	0.00840	0.01165	0.00930	0.00692	0.35396	0.04432	0.44261	0.01362	0.01241	0.00899	0.00512	0.00418	0.00129	0.00400	0.00401	0.00469	0.00707
20	0.05361	0.01115	0.09354	0.02155	0.03667	0.04918	0.10915	0.17330	0.14545	0.07498	0.01078	0.01133	0.02032	0.00454	0.00419	0.00122	0.01915	0.00379	0.00318	0.15292
21	0.01066	0.00980	0.00872	0.00788	0.00977	0.19786	0.00598	0.03968	0.25536	0.06299	0.19797	0.08955	0.01805	0.03061	0.00486	0.00138	0.00399	0.00545	0.00378	0.03566

[dist]
# distance from previous block
# <min> <max>
1	8

[block]
# block no. 1 follows, 63 sequences, length 40
# corresponding to MSA columns:
# 174-213
name=unknown_B
#
# <colnr> <probs for GDERKNQSTAVLIFYWHMCP>
#	G	D	E	R	K	N	Q	S	T	A	V	L	I	F	Y	W	H	M	C	P
0	0.16229	0.11483	0.02854	0.00776	0.01054	0.11163	0.00648	0.14701	0.05872	0.17815	0.05719	0.04820	0.03013	0.00529	0.00379	0.00124	0.00417	0.00401	0.00351	0.01650
1	0.06032	0.18828	0.07377	0.00890	0.02346	0.05046	0.03703	0.11645	0.05177	0.24937	0.01109	0.01109	0.02418	0.00479	0.00438	0.00124	0.05487	0.00357	0.00334	0.02165
2	0.01005	0.03990	0.07038	0.00962	0.10141	0.02479	0.02174	0.04383	0.08237	0.09791	0.08592	0.06093	0.04103	0.00530	0.00431	0.00114	0.03183	0.00442	0.00316	0.25994
3	0.00955	0.00724	0.00858	0.00636	0.00972	0.00573	0.00507	0.04049	0.00968	0.08667	0.07609	0.02547	0.02034	0.00408	0.00346	0.00079	0.00309	0.00335	0.00301	0.67123
4	0.01570	0.02004	0.01191	0.01083	0.01300	0.83539	0.00812	0.01679	0.01191	0.01029	0.00650	0.00758	0.00541	0.00433	0.00379	0.00108	0.00758	0.00271	0.00217	0.00487
5	0.01288	0.02474	0.01142	0.00917	0.01187	0.02242	0.02659	0.38274	0.30407	0.03802	0.01257	0.01283	0.00949	0.02750	0.04450	0.00167	0.03287	0.00422	0.00392	0.00651
6	0.01070	0.01108	0.01203	0.02675	0.04508	0.22856	0.10949	0.06831	0.02252	0.01261	0.01065	0.15901	0.01029	0.00649	0.00616	0.00141	0.16972	0.00510	0.07920	0.00483
7	0.00737	0.00525	0.00641	0.00596	0.00731	0.00517	0.00452	0.01094	0.15336	0.06302	0.53646	0.08088	0.08016	0.00831	0.00482	0.00137	0.00235	0.00726	0.00451	0.00456
8	0.01603	0.04497	0.01145	0.00851	0.01165	0.02713	0.00703	0.43123	0.04592	0.28359	0.01241	0.01179	0.00851	0.00504	0.00407	0.00125	0.00414	0.00389	0.05457	0.00683
9	0.00722	0.00467	0.00612	0.00601	0.00679	0.00467	0.00429	0.00814	0.00783	0.08799	0.04978	0.24751	0.03172	0.24039	0.18806	0.00333	0.02946	0.02230	0.00322	0.04051
10	0.00623	0.00433	0.00511	0.00501	0.00511	0.00450	0.00306	0.00646	0.00650	0.00882	0.05949	0.02636	0.01601	0.72281	0.06549	0.00397	0.03932	0.00601	0.00262	0.00278
11	0.01124	0.85479	0.02203	0.00719	0.01079	0.01663	0.00719	0.01259	0.00854	0.00989	0.00584	0.00674	0.00539	0.00360	0.00270	0.00090	0.00450	0.00225	0.00180	0.00539
12	0.01110	0.00533	0.00687	0.00614	0.00797	0.00472	0.00477	0.01252	0.01047	0.34964	0.11205	0.20076	0.14815	0.00835	0.00464	0.00141	0.00282	0.03350	0.06369	0.00509
13	0.08697	0.00859	0.01031	0.00797	0.01120	0.00845	0.00658	0.25236	0.01391	0.52850	0.01382	0.01247	0.00898	0.00505	0.00409	0.00129	0.00386	0.00394	0.00470	0.00694
14	0.00569	0.00436	0.00531	0.00571	0.00631	0.00428	0.00398	0.00705	0.04948	0.01117	0.05962	0.46536	0.19034	0.11007	0.00741	0.00190	0.03414	0.02053	0.00372	0.00358
15	0.00872	0.00747	0.00872	0.00623	0.00996	0.00560	0.00498	0.01058	0.00872	0.01370	0.00747	0.00872	0.00623	0.00311	0.00311	0.00062	0.00311	0.00249	0.00249	0.87796
16	0.88196	0.00813	0.00618	0.00553	0.00813	0.00943	0.00455	0.01236	0.00715	0.01886	0.00585	0.00683	0.00455	0.00390	0.00260	0.00130	0.00325	0.00228	0.00260	0.00455
17	0.01146	0.00939	0.00999	0.00862	0.01115	0.01067	0.00681	0.20246	0.58899	0.01958	0.06196	0.01531	0.01308	0.00572	0.00430	0.00138	0.00355	0.00470	0.00428	0.00661
18	0.00758	0.00744	0.01451	0.01192	0.03383	0.00701	0.37816	0.00971	0.00900	0.01212	0.01575	0.38223	0.01691	0.02554	0.00550	0.00162	0.00476	0.04887	0.00300	0.00455
19	0.00872	0.00747	0.00872	0.00623	0.00996	0.00560	0.00498	0.01058	0.00872	0.01370	0.00747	0.00872	0.00623	0.00311	0.00311	0.00062	0.00311	0.00249	0.00249	0.87796
20	0.00720	0.00686	0.06620	0.04638	0.07190	0.00598	0.02165	0.04295	0.07073	0.01521	0.38225	0.10262	0.11987	0.00793	0.00476	0.00138	0.00307	0.01459	0.00385	0.00463
21	0.00527	0.00375	0.00481	0.00560	0.00584	0.00352	0.00366	0.00590	0.00780	0.01035	0.02229	0.69113	0.05400	0.14555	0.00788	0.00207	0.00269	0.01092	0.00369	0.00328
22	0.01454	0.05297	0.01457	0.01182	0.01445	0.62967	0.14579	0.04519	0.01172	0.01141	0.00695	0.00828	0.00564	0.00419	0.00396	0.00114	0.00726	0.00311	0.00222	0.00512
23	0.00831	0.00757	0.02753	0.27811	0.10489	0.00781	0.05215	0.03957	0.00900	0.02359	0.03378	0.04109	0.07027	0.00847	0.10471	0.01704	0.03242	0.00447	0.00246	0.12677
24	0.01119	0.04408	0.25363	0.14816	0.16015	0.04399	0.04288	0.05896	0.03720	0.13319	0.00931	0.01058	0.00676	0.00425	0.00408	0.00129	0.00531	0.00359	0.00261	0.01878
25	0.01246	0.00623	0.00736	0.00624	0.00839	0.00609	0.00495	0.03220	0.14926	0.31622	0.04741	0.01556	0.01199	0.00527	0.00375	0.00119	0.00287	0.00429	0.33725	0.02103
26	0.00552	0.00404	0.00518	0.00539	0.00614	0.00370	0.00385	0.00691	0.01014	0.01385	0.42315	0.35150	0.12383	0.01061	0.00512	0.00148	0.00218	0.00944	0.00426	0.00370
27	0.00693	0.05851	0.24129	0.11274	0.02765	0.00694	0.00859	0.00927	0.00861	0.01168	0.03110	0.32270	0.08105	0.00867	0.01752	0.00156	0.00422	0.03352	0.00288	0.00458
28	0.00985	0.00597	0.00785	0.00717	0.03569	0.00548	0.02438	0.02472	0.03873	0.19380	0.01493	0.19025	0.01415	0.13837	0.05494	0.00201	0.00383	0.01956	0.05376	0.15456
29	0.14568	0.00749	0.00935	0.00728	0.01044	0.00694	0.00601	0.05222	0.01164	0.67643	0.01474	0.01303	0.00941	0.00501	0.00399	0.00130	0.00357	0.00392	0.00478	0.00677
30	0.00643	0.00465	0.00562	0.00572	0.00677	0.00439	0.00420	0.02485	0.06286	0.04380	0.21597	0.33184	0.21825	0.01048	0.00505	0.00151	0.00245	0.03699	0.00415	0.00402
31	0.00828	0.00744	0.01195	0.24731	0.31472	0.00795	0.00989	0.01082	0.03613	0.01243	0.02198	0.11945	0.04210	0.00657	0.00461	0.00146	0.00449	0.12458	0.00268	0.00515
32	0.04041	0.00698	0.00818	0.00731	0.00936	0.00722	0.00560	0.01692	0.32339	0.26223	0.01767	0.19708	0.01522	0.05586	0.00543	0.00160	0.00325	0.00616	0.00432	0.00580
33	0.20702	0.00794	0.00910	0.00721	0.01020	0.00788	0.00593	0.14746	0.01204	0.47348	0.01301	0.01206	0.00861	0.00487	0.00379	0.00128	0.00358	0.00371	0.05442	0.00640
34	0.00573	0.00419	0.00527	0.00581	0.00641	0.00396	0.00403	0.04548	0.00922	0.01226	0.11534	0.63093	0.11167	0.01199	0.00522	0.00161	0.00246	0.01074	0.00400	0.00367
35	0.01757	0.00734	0.00967	0.00753	0.01059	0.00662	0.00617	0.09200	0.01260	0.69233	0.05171	0.04259	0.01198	0.00560	0.00430	0.00131	0.00357	0.00459	0.00504	0.00689
36	0.00518	0.00373	0.00487	0.00575	0.00606	0.00348	0.00386	0.00593	0.00809	0.01070	0.02387	0.75514	0.07310	0.04661	0.00599	0.00179	0.00251	0.02610	0.00385	0.00340
37	0.17932	0.05828	0.04187	0.03270	0.04195	0.47083	0.02458	0.08015	0.01115	0.01353	0.00679	0.00793	0.00546	0.00422	0.00360	0.00116	0.00616	0.00282	0.00237	0.00515
38	0.00999	0.00557	0.00587	0.00520	0.00675	0.00575	0.00407	0.15986	0.01104	0.06452	0.01320	0.01455	0.01008	0.00494	0.00325	0.00105	0.00255	0.00391	0.66315	0.00471
39	0.01098	0.18227	0.14702	0.06047	0.15982	0.07834	0.09490	0.06109	0.07330	0.03454	0.00831	0.00977	0.00655	0.00427	0.00443	0.00125	0.05096	0.00348	0.00234	0.00590

[dist]
# distance from previous block
# <min> <max>
0	1

[block]
# block no. 2 follows, 63 sequences, length 40
# corresponding to MSA columns:
# 215-254
name=unknown_C
#
# <colnr> <probs for GDERKNQSTAVLIFYWHMCP>
#	G	D	E	R	K	N	Q	S	T	A	V	L	I	F	Y	W	H	M	C	P
0	0.00533	0.00427	0.00476	0.00464	0.00590	0.00370	0.00348	0.00674	0.01044	0.01339	0.33150	0.03711	0.53415	0.00989	0.00496	0.00138	0.00208	0.00840	0.00417	0.00370
1	0.01416	0.01581	0.01452	0.01214	0.03226	0.49245	0.17956	0.03058	0.01128	0.08477	0.00793	0.00919	0.00616	0.00430	0.00442	0.00119	0.03591	0.00339	0.00247	0.03749
2	0.00997	0.01042	0.11818	0.13488	0.15953	0.04450	0.03326	0.10734	0.02358	0.04596	0.01058	0.12732	0.00950	0.00576	0.01497	0.00135	0.01918	0.00469	0.00273	0.11631
3	0.00841	0.02285	0.03907	0.07329	0.21124	0.08630	0.03384	0.01057	0.02142	0.01351	0.25532	0.03874	0.11478	0.02434	0.01599	0.00144	0.01526	0.00565	0.00311	0.00488
4	0.01497	0.01096	0.01176	0.00920	0.01230	0.01211	0.00758	0.70612	0.04934	0.02504	0.01096	0.01178	0.00811	0.00526	0.00417	0.00127	0.00438	0.02749	0.06038	0.00682
5	0.03752	0.00809	0.02315	0.15039	0.05014	0.00857	0.13868	0.08844	0.10207	0.03217	0.06296	0.13243	0.01352	0.01993	0.01540	0.00158	0.04595	0.06075	0.00312	0.00513
6	0.00615	0.00406	0.00461	0.00461	0.00461	0.00406	0.00258	0.00609	0.00609	0.00812	0.01305	0.02703	0.01502	0.82501	0.02123	0.03250	0.00406	0.00603	0.00252	0.00252
7	0.01146	0.75308	0.03802	0.00724	0.01078	0.01537	0.00719	0.01292	0.00889	0.06094	0.03669	0.00817	0.00697	0.00389	0.00290	0.00095	0.00438	0.00259	0.00211	0.00547
8	0.00794	0.00747	0.01261	0.84216	0.02895	0.00934	0.01167	0.01074	0.00841	0.01074	0.00747	0.01121	0.00560	0.00420	0.00420	0.00140	0.00560	0.00374	0.00187	0.00467
9	0.01040	0.00999	0.01706	0.02580	0.82604	0.00999	0.01290	0.01290	0.00957	0.01373	0.00791	0.01040	0.00666	0.00375	0.00416	0.00125	0.00499	0.00375	0.00208	0.00666
10	0.00960	0.00987	0.01282	0.01102	0.01116	0.06381	0.00913	0.01053	0.00678	0.01013	0.00558	0.00910	0.00551	0.00717	0.01318	0.00179	0.79274	0.00362	0.00186	0.00462
11	0.00601	0.00450	0.00676	0.00676	0.00751	0.00525	0.00525	0.00751	0.00676	0.00976	0.01126	0.01651	0.01051	0.03153	0.83560	0.00676	0.01126	0.00450	0.00225	0.00375
12	0.00611	0.00408	0.00458	0.00458	0.00458	0.00408	0.00255	0.00611	0.00611	0.00815	0.01325	0.02751	0.01528	0.85226	0.02140	0.00408	0.00408	0.00611	0.00255	0.00255
13	0.00627	0.00484	0.00719	0.00705	0.00773	0.00579	0.00552	0.00766	0.00671	0.00974	0.01076	0.01590	0.01008	0.02940	0.75855	0.02313	0.07328	0.00443	0.00221	0.00378
14	0.13025	0.00771	0.01010	0.00784	0.01075	0.00733	0.06428	0.07069	0.01037	0.35587	0.01124	0.01149	0.00790	0.00549	0.00537	0.08343	0.03484	0.00361	0.00365	0.15778
15	0.01124	0.85479	0.02203	0.00719	0.01079	0.01663	0.00719	0.01259	0.00854	0.00989	0.00584	0.00674	0.00539	0.00360	0.00270	0.00090	0.00450	0.00225	0.00180	0.00539
16	0.00738	0.00715	0.01372	0.01115	0.01326	0.00671	0.35518	0.00947	0.00909	0.01214	0.01741	0.37117	0.04752	0.00873	0.00522	0.00159	0.00460	0.09094	0.00313	0.00445
17	0.00872	0.00747	0.00872	0.00623	0.00996	0.00560	0.00498	0.01058	0.00872	0.01370	0.00747	0.00872	0.00623	0.00311	0.00311	0.00062	0.00311	0.00249	0.00249	0.87796
18	0.01505	0.00854	0.01209	0.01023	0.06258	0.04938	0.11919	0.07313	0.02446	0.46034	0.01469	0.09665	0.01109	0.00572	0.00444	0.00135	0.00432	0.01617	0.00419	0.00637
19	0.84998	0.00826	0.00642	0.00568	0.00831	0.00956	0.00468	0.04189	0.00762	0.01914	0.00601	0.00695	0.00465	0.00394	0.00266	0.00130	0.00330	0.00233	0.00266	0.00465
20	0.00601	0.00447	0.00657	0.00657	0.00725	0.00515	0.00502	0.00738	0.00670	0.00962	0.01143	0.01748	0.01093	0.10327	0.76444	0.00652	0.01063	0.00464	0.00228	0.00365
21	0.00992	0.01134	0.02481	0.01772	0.02197	0.01063	0.81077	0.01347	0.00992	0.01347	0.00850	0.01134	0.00638	0.00354	0.00496	0.00142	0.00709	0.00496	0.00213	0.00567
22	0.00500	0.00425	0.00431	0.00432	0.00570	0.00356	0.00323	0.00609	0.00962	0.01151	0.06587	0.05534	0.78566	0.01063	0.00498	0.00142	0.00213	0.00889	0.00393	0.00356
23	0.01080	0.00920	0.00970	0.00862	0.01106	0.01062	0.00674	0.07124	0.76899	0.01814	0.01668	0.01534	0.01248	0.00566	0.00427	0.00142	0.00341	0.00469	0.00427	0.00668
24	0.00992	0.01134	0.02481	0.01772	0.02197	0.01063	0.81077	0.01347	0.00992	0.01347	0.00850	0.01134	0.00638	0.00354	0.00496	0.00142	0.00709	0.00496	0.00213	0.00567
25	0.00872	0.00882	0.01603	0.03052	0.06535	0.00973	0.31870	0.01083	0.00806	0.01144	0.00847	0.01284	0.00756	0.07438	0.15624	0.00267	0.23820	0.00451	0.00209	0.00484
26	0.00700	0.03827	0.08273	0.26659	0.01504	0.00724	0.00804	0.00911	0.00754	0.01032	0.01023	0.01492	0.02319	0.06897	0.40788	0.00413	0.00820	0.00423	0.00212	0.00424
27	0.01001	0.01022	0.12246	0.09619	0.08018	0.06411	0.04466	0.08992	0.01007	0.08671	0.02133	0.16623	0.03387	0.01734	0.02765	0.00162	0.08989	0.01937	0.00294	0.00523
28	0.00897	0.00746	0.00874	0.00626	0.00998	0.00562	0.00501	0.01083	0.00880	0.03420	0.00770	0.00886	0.00633	0.00317	0.00314	0.00064	0.00312	0.00253	0.00256	0.85606
29	0.00544	0.00404	0.00474	0.00500	0.00564	0.00374	0.00338	0.00624	0.00837	0.01085	0.10850	0.27723	0.27076	0.23060	0.03443	0.00235	0.00299	0.00881	0.00358	0.00330
30	0.04178	0.00721	0.00953	0.00739	0.01049	0.00643	0.00608	0.05440	0.01223	0.72088	0.06599	0.01497	0.01191	0.00537	0.00423	0.00130	0.00352	0.00436	0.00505	0.00688
31	0.00956	0.00872	0.02225	0.17756	0.14446	0.08213	0.02012	0.11211	0.01106	0.02566	0.18651	0.04395	0.06218	0.00637	0.00522	0.03370	0.03531	0.00506	0.00305	0.00503
32	0.17457	0.19543	0.01330	0.02383	0.05109	0.38749	0.00754	0.04397	0.01029	0.02619	0.00660	0.00771	0.00546	0.00418	0.00364	0.00113	0.02750	0.00269	0.00228	0.00512
33	0.88196	0.00813	0.00618	0.00553	0.00813	0.00943	0.00455	0.01236	0.00715	0.01886	0.00585	0.00683	0.00455	0.00390	0.00260	0.00130	0.00325	0.00228	0.00260	0.00455
34	0.00980	0.00808	0.03794	0.01115	0.13971	0.00822	0.05828	0.11629	0.04856	0.07702	0.06149	0.06421	0.02224	0.10999	0.12595	0.00249	0.08529	0.00505	0.00304	0.00519
35	0.00543	0.00401	0.00498	0.00554	0.00621	0.00369	0.00397	0.00650	0.00894	0.01174	0.11633	0.44658	0.20981	0.04269	0.00582	0.00170	0.00252	0.09049	0.01953	0.00353
36	0.01034	0.08419	0.14429	0.03725	0.11608	0.08471	0.03017	0.04851	0.23311	0.02232	0.01186	0.03888	0.03406	0.00527	0.00440	0.02772	0.00464	0.00410	0.01336	0.04476
37	0.00565	0.00400	0.00517	0.00559	0.00603	0.00394	0.00385	0.00656	0.00796	0.01086	0.09567	0.38899	0.06566	0.18464	0.13760	0.00290	0.00410	0.02803	0.02942	0.00338
38	0.04164	0.00935	0.01162	0.06084	0.01274	0.08373	0.11907	0.19666	0.05076	0.02621	0.01081	0.03990	0.02178	0.08388	0.13090	0.00237	0.04151	0.00445	0.01486	0.03691
39	0.06306	0.01691	0.05015	0.04094	0.11770	0.00654	0.00658	0.02737	0.01009	0.11334	0.27056	0.05685	0.05425	0.04440	0.01575	0.02061	0.03090	0.00553	0.00351	0.04494

[dist]
# distance from previous block
# <min> <max>
5	30

[block]
# block no. 3 follows, 63 sequences, length 19
# corresponding to MSA columns:
# 285-303
name=unknown_D
#
# <colnr> <probs for GDERKNQSTAVLIFYWHMCP>
#	G	D	E	R	K	N	Q	S	T	A	V	L	I	F	Y	W	H	M	C	P
0	0.02466	0.15165	0.12725	0.04610	0.09339	0.01075	0.02582	0.14575	0.11854	0.05761	0.02111	0.02368	0.00859	0.02257	0.02963	0.00147	0.02507	0.01858	0.00292	0.04488
1	0.00919	0.00825	0.01328	0.03906	0.54349	0.00821	0.00999	0.01159	0.03205	0.03005	0.10030	0.04779	0.08223	0.04025	0.00508	0.00141	0.00423	0.00505	0.00272	0.00577
2	0.00989	0.04857	0.03491	0.20678	0.04279	0.05252	0.05132	0.10686	0.21055	0.01538	0.11494	0.04340	0.01300	0.00555	0.00430	0.00135	0.00442	0.01393	0.01403	0.00551
3	0.00728	0.00524	0.00597	0.00541	0.00694	0.00490	0.00416	0.09793	0.01173	0.05122	0.34566	0.03169	0.36600	0.00882	0.00479	0.00135	0.00241	0.00747	0.02675	0.00429
4	0.16758	0.06435	0.04064	0.22085	0.17032	0.07220	0.03839	0.05271	0.03242	0.02774	0.00794	0.02501	0.00640	0.00427	0.00392	0.00127	0.01701	0.00346	0.00237	0.04115
5	0.00509	0.00413	0.00451	0.00469	0.00582	0.00356	0.00341	0.00616	0.00946	0.01170	0.10623	0.21138	0.58723	0.01100	0.00505	0.00147	0.00218	0.00942	0.00397	0.00356
6	0.00896	0.00959	0.08881	0.01567	0.33867	0.00886	0.04528	0.01282	0.14152	0.01363	0.04131	0.11169	0.06905	0.00611	0.00515	0.00141	0.06758	0.00535	0.00282	0.00573
7	0.00961	0.01069	0.02243	0.12810	0.02223	0.01060	0.65379	0.01289	0.00950	0.01289	0.00818	0.01119	0.00622	0.00387	0.00541	0.00144	0.05870	0.00472	0.00207	0.00547
8	0.00649	0.00434	0.00521	0.00526	0.00639	0.00382	0.00384	0.00766	0.00972	0.08839	0.17100	0.29881	0.35235	0.01060	0.00503	0.00148	0.00234	0.00921	0.00415	0.00391
9	0.00985	0.01114	0.02369	0.01709	0.02095	0.01084	0.73600	0.01315	0.00960	0.01315	0.00823	0.01114	0.00630	0.00390	0.00579	0.00146	0.08521	0.00484	0.00210	0.00557
10	0.00530	0.00393	0.00499	0.00574	0.00632	0.00362	0.00409	0.00627	0.00864	0.01123	0.04820	0.57661	0.18456	0.01237	0.00533	0.00167	0.00253	0.10118	0.00392	0.00351
11	0.00843	0.02174	0.83048	0.01198	0.01819	0.00976	0.01553	0.01331	0.00888	0.01331	0.00754	0.00888	0.00533	0.00399	0.00399	0.00133	0.00621	0.00311	0.00178	0.00621
12	0.00975	0.01222	0.09947	0.01691	0.02117	0.01064	0.70364	0.01331	0.00968	0.01331	0.00829	0.01102	0.00624	0.00374	0.00523	0.00143	0.04143	0.00474	0.00208	0.00568
13	0.01124	0.85479	0.02203	0.00719	0.01079	0.01663	0.00719	0.01259	0.00854	0.00989	0.00584	0.00674	0.00539	0.00360	0.00270	0.00090	0.00450	0.00225	0.00180	0.00539
14	0.01323	0.00984	0.01065	0.00886	0.01167	0.01099	0.00709	0.30650	0.45564	0.09648	0.01453	0.01354	0.01056	0.00542	0.00425	0.00136	0.00382	0.00436	0.00434	0.00688
15	0.65425	0.00787	0.00712	0.00604	0.00882	0.00857	0.00498	0.01450	0.00844	0.23259	0.00868	0.00880	0.00610	0.00425	0.00303	0.00130	0.00334	0.00279	0.00329	0.00524
16	0.01000	0.00953	0.01622	0.12585	0.70420	0.00976	0.01257	0.01251	0.00943	0.01333	0.00827	0.01157	0.00704	0.00403	0.00421	0.00129	0.00504	0.02671	0.00211	0.00633
17	0.01489	0.01123	0.01200	0.00945	0.01262	0.01253	0.00773	0.65598	0.17759	0.02473	0.01148	0.01120	0.00827	0.00518	0.00422	0.00129	0.00437	0.00398	0.00422	0.00705
18	0.00697	0.00598	0.00814	0.00754	0.00874	0.02036	0.08614	0.03481	0.09161	0.01264	0.07775	0.40477	0.13579	0.02441	0.00581	0.00160	0.05027	0.00878	0.00365	0.00423

[dist]
# distance from previous block
# <min> <max>
4	39

[block]
# block no. 4 follows, 63 sequences, length 27
# corresponding to MSA columns:
# 343-363,365-370
name=unknown_E
#
# <colnr> <probs for GDERKNQSTAVLIFYWHMCP>
#	G	D	E	R	K	N	Q	S	T	A	V	L	I	F	Y	W	H	M	C	P
0	0.03103	0.00871	0.04185	0.17085	0.07700	0.02245	0.19088	0.01298	0.12996	0.04481	0.08685	0.05708	0.06644	0.00580	0.00456	0.00141	0.00470	0.03437	0.00301	0.00526
1	0.01125	0.00937	0.01147	0.00940	0.01189	0.01044	0.08186	0.26527	0.30583	0.01860	0.04580	0.01561	0.07320	0.00706	0.04230	0.00164	0.06434	0.00481	0.00377	0.00610
2	0.02379	0.00469	0.00585	0.00684	0.03695	0.03041	0.00451	0.00676	0.00795	0.01068	0.01975	0.63882	0.02325	0.05087	0.00691	0.06080	0.02315	0.03102	0.00350	0.00350
3	0.00525	0.00411	0.00476	0.00493	0.00594	0.00362	0.00357	0.00646	0.00976	0.01257	0.23291	0.24867	0.42088	0.01079	0.00507	0.00147	0.00217	0.00936	0.00408	0.00362
4	0.01124	0.85479	0.02203	0.00719	0.01079	0.01663	0.00719	0.01259	0.00854	0.00989	0.00584	0.00674	0.00539	0.00360	0.00270	0.00090	0.00450	0.00225	0.00180	0.00539
5	0.00541	0.00381	0.00492	0.00561	0.00582	0.00368	0.00366	0.00601	0.00752	0.01007	0.02014	0.60768	0.02385	0.21159	0.05748	0.00256	0.00334	0.01014	0.00349	0.00323
6	0.01570	0.02004	0.01191	0.01083	0.01300	0.83539	0.00812	0.01679	0.01191	0.01029	0.00650	0.00758	0.00541	0.00433	0.00379	0.00108	0.00758	0.00271	0.00217	0.00487
7	0.00794	0.00747	0.01261	0.84216	0.02895	0.00934	0.01167	0.01074	0.00841	0.01074	0.00747	0.01121	0.00560	0.00420	0.00420	0.00140	0.00560	0.00374	0.00187	0.00467
8	0.01523	0.00776	0.00955	0.00757	0.01035	0.00756	0.00615	0.21377	0.04208	0.43359	0.15904	0.01640	0.01492	0.00578	0.00432	0.00129	0.00350	0.00473	0.02994	0.00647
9	0.52110	0.01211	0.00865	0.00760	0.01016	0.25611	0.00602	0.10841	0.01007	0.01721	0.00655	0.00744	0.00512	0.00417	0.00315	0.00123	0.00471	0.00258	0.00266	0.00496
10	0.00798	0.00571	0.00746	0.04237	0.00882	0.00602	0.00555	0.01083	0.09657	0.08561	0.41147	0.05576	0.05701	0.00823	0.00577	0.00147	0.08673	0.08795	0.00411	0.00458
11	0.24555	0.00763	0.00810	0.00613	0.00952	0.00668	0.00495	0.01175	0.00853	0.07197	0.00767	0.00860	0.00607	0.00347	0.00305	0.00085	0.00318	0.00255	0.00271	0.58105
12	0.00512	0.00366	0.00488	0.00585	0.00610	0.00341	0.00390	0.00585	0.00805	0.01073	0.02317	0.84952	0.02780	0.01317	0.00537	0.00171	0.00244	0.01195	0.00390	0.00341
13	0.00555	0.00433	0.00514	0.00553	0.00662	0.00391	0.00434	0.00687	0.00952	0.01196	0.08640	0.16925	0.42678	0.01117	0.00526	0.00160	0.00265	0.22554	0.00394	0.00364
14	0.00843	0.02174	0.83048	0.01198	0.01819	0.00976	0.01553	0.01331	0.00888	0.01331	0.00754	0.00888	0.00533	0.00399	0.00399	0.00133	0.00621	0.00311	0.00178	0.00621
15	0.00534	0.00415	0.00484	0.00508	0.00606	0.00369	0.00372	0.00652	0.00955	0.01222	0.18276	0.24063	0.40541	0.03420	0.00557	0.00158	0.00234	0.05877	0.00400	0.00359
16	0.00572	0.00429	0.00530	0.00505	0.00614	0.00387	0.00379	0.00749	0.01136	0.01558	0.64301	0.03350	0.22127	0.00907	0.00496	0.00134	0.00202	0.00790	0.00446	0.00387
17	0.00952	0.00770	0.00841	0.00775	0.00955	0.00863	0.00594	0.08481	0.48596	0.01588	0.01679	0.07388	0.01484	0.14378	0.00727	0.00191	0.00356	0.08437	0.00393	0.00555
18	0.05386	0.05679	0.35727	0.01259	0.14858	0.02094	0.03872	0.02959	0.00936	0.06170	0.01081	0.10123	0.00970	0.00556	0.00422	0.00138	0.00506	0.06441	0.00253	0.00572
19	0.00869	0.00735	0.00855	0.00615	0.00979	0.00555	0.00491	0.01056	0.00872	0.01377	0.00769	0.00896	0.00638	0.00317	0.00311	0.00063	0.00307	0.00254	0.03269	0.84773
20	0.01058	0.53115	0.11450	0.00935	0.01307	0.02778	0.12586	0.02968	0.00915	0.01157	0.03538	0.00890	0.00691	0.00398	0.00358	0.00108	0.02517	0.00305	0.02381	0.00545
21	0.00573	0.00419	0.00509	0.00557	0.00620	0.00396	0.00404	0.00664	0.00829	0.01063	0.02509	0.24478	0.21919	0.23501	0.00963	0.00232	0.00313	0.19365	0.00354	0.00332
22	0.01086	0.01133	0.09348	0.08329	0.03366	0.07790	0.03009	0.15063	0.13602	0.01500	0.00921	0.01086	0.00729	0.00550	0.00690	0.00145	0.24959	0.00378	0.05757	0.00558
23	0.01175	0.19194	0.02875	0.00836	0.01079	0.10591	0.00707	0.17195	0.17271	0.01572	0.01020	0.01094	0.00806	0.00498	0.00463	0.00121	0.09024	0.00352	0.13563	0.00564
24	0.30259	0.00680	0.00697	0.00589	0.00839	0.00655	0.00468	0.02709	0.00902	0.07449	0.09536	0.08219	0.08123	0.00575	0.00363	0.00117	0.00299	0.02049	0.00324	0.25150
25	0.01144	0.08944	0.32344	0.03054	0.16936	0.03047	0.02716	0.07549	0.01039	0.14837	0.00968	0.03916	0.00737	0.00451	0.00403	0.00128	0.00518	0.00373	0.00268	0.00628
26	0.00964	0.02845	0.32421	0.01263	0.01696	0.01036	0.24988	0.01567	0.21672	0.02774	0.01033	0.01142	0.00766	0.00443	0.00468	0.00139	0.03503	0.00411	0.00258	0.00611

[dist]
# distance from previous block
# <min> <max>
0	1

[block]
# block no. 5 follows, 63 sequences, length 36
# corresponding to MSA columns:
# 372-407
name=unknown_F
#
# <colnr> <probs for GDERKNQSTAVLIFYWHMCP>
#	G	D	E	R	K	N	Q	S	T	A	V	L	I	F	Y	W	H	M	C	P
0	0.06449	0.00757	0.01059	0.11360	0.07877	0.00752	0.02805	0.08055	0.01123	0.41100	0.05750	0.01388	0.01042	0.00698	0.06619	0.00171	0.00457	0.00420	0.01503	0.00614
1	0.03442	0.00693	0.00896	0.00710	0.00998	0.00628	0.00579	0.03178	0.05891	0.63822	0.03431	0.02470	0.03724	0.00552	0.00415	0.00129	0.00336	0.00449	0.06994	0.00660
2	0.00778	0.00443	0.00541	0.00526	0.00589	0.00429	0.00348	0.00842	0.00762	0.11813	0.03112	0.16336	0.01655	0.45730	0.06194	0.00313	0.00392	0.00659	0.08187	0.00353
3	0.00645	0.00469	0.00574	0.00546	0.00665	0.00440	0.00409	0.00891	0.07138	0.04089	0.54064	0.09181	0.17500	0.00897	0.00492	0.00137	0.00219	0.00783	0.00444	0.00415
4	0.00915	0.02523	0.01516	0.42867	0.29345	0.00974	0.08628	0.03076	0.00914	0.01227	0.00793	0.01136	0.00638	0.03145	0.00479	0.00142	0.00544	0.00390	0.00204	0.00543
5	0.00999	0.01385	0.28408	0.02010	0.47570	0.00984	0.07308	0.01332	0.00945	0.03908	0.00810	0.01009	0.00632	0.00386	0.00417	0.00129	0.00551	0.00364	0.00208	0.00645
6	0.00543	0.00398	0.00536	0.00592	0.00644	0.00393	0.00421	0.00648	0.00817	0.01104	0.08434	0.50421	0.08391	0.02848	0.19722	0.00286	0.00447	0.02646	0.00356	0.00354
7	0.00908	0.00943	0.01908	0.07623	0.01859	0.00921	0.53493	0.01196	0.00961	0.02893	0.05176	0.06360	0.05209	0.00518	0.00535	0.00145	0.04944	0.01995	0.01896	0.00518
8	0.03031	0.02977	0.02126	0.02848	0.02731	0.11891	0.04998	0.07674	0.05906	0.12417	0.01600	0.32317	0.01609	0.00818	0.00464	0.00146	0.00411	0.05179	0.00359	0.00498
9	0.00561	0.00447	0.00509	0.00540	0.00640	0.00419	0.00386	0.00763	0.08868	0.01189	0.05902	0.38327	0.37683	0.01117	0.00507	0.00154	0.00237	0.00974	0.00397	0.00381
10	0.00544	0.00394	0.00511	0.00562	0.00617	0.00366	0.00394	0.00657	0.00921	0.01244	0.24432	0.50301	0.08773	0.04230	0.00583	0.00168	0.00241	0.04301	0.00405	0.00356
11	0.02510	0.00975	0.06358	0.33048	0.09692	0.02718	0.21241	0.04033	0.03553	0.02793	0.00963	0.02588	0.00794	0.00476	0.00448	0.00142	0.00564	0.06336	0.00237	0.00532
12	0.01139	0.00899	0.07187	0.14958	0.02585	0.00909	0.01817	0.12970	0.06030	0.16862	0.01143	0.02950	0.01943	0.06041	0.00732	0.02903	0.14306	0.02060	0.02022	0.00547
13	0.00741	0.00539	0.00583	0.00603	0.00699	0.06589	0.00438	0.00858	0.00947	0.07945	0.12588	0.42059	0.11879	0.01028	0.00489	0.00150	0.00284	0.04178	0.07007	0.00398
14	0.38469	0.16424	0.04837	0.00879	0.06101	0.06209	0.02029	0.11366	0.00961	0.03233	0.00686	0.00795	0.00545	0.00424	0.00379	0.00124	0.05470	0.00278	0.00256	0.00533
15	0.01039	0.00655	0.00760	0.00669	0.00875	0.00653	0.00522	0.05774	0.22222	0.20552	0.13542	0.08532	0.20910	0.00768	0.00460	0.00139	0.00292	0.00649	0.00442	0.00545
16	0.01105	0.00713	0.00763	0.00642	0.00839	0.00760	0.00511	0.31051	0.03914	0.03840	0.08363	0.01493	0.01201	0.00531	0.00366	0.00114	0.00304	0.00423	0.42537	0.00529
17	0.07592	0.11610	0.03953	0.01861	0.03833	0.02975	0.09705	0.13506	0.28847	0.01701	0.09072	0.01349	0.01164	0.00508	0.00406	0.00130	0.00422	0.00427	0.00340	0.00596
18	0.49247	0.00758	0.00710	0.00614	0.00863	0.00829	0.00497	0.04607	0.08001	0.16353	0.02489	0.02751	0.00818	0.00471	0.00324	0.00129	0.00320	0.00337	0.09361	0.00521
19	0.17275	0.18181	0.10339	0.07889	0.10619	0.19562	0.04212	0.01321	0.00926	0.01278	0.01670	0.03572	0.00656	0.00429	0.00356	0.00120	0.00530	0.00323	0.00218	0.00523
20	0.00632	0.00451	0.00623	0.00718	0.00793	0.00445	0.00593	0.00790	0.00917	0.01200	0.02230	0.25804	0.02495	0.03040	0.00603	0.00192	0.00350	0.57367	0.00385	0.00372
21	0.01023	0.03305	0.55172	0.01227	0.01765	0.00973	0.15084	0.04175	0.00980	0.11030	0.00884	0.00995	0.00617	0.00409	0.00417	0.00133	0.00597	0.00357	0.00233	0.00625
22	0.01017	0.03835	0.34326	0.01208	0.10814	0.03629	0.03663	0.04870	0.16856	0.06587	0.01140	0.05381	0.00919	0.00514	0.00421	0.00136	0.00502	0.03285	0.00283	0.00614
23	0.81757	0.00806	0.00645	0.00567	0.00832	0.00919	0.00467	0.01296	0.00752	0.07930	0.00665	0.00739	0.00499	0.00400	0.00272	0.00130	0.00328	0.00242	0.00280	0.00475
24	0.20450	0.00926	0.01260	0.00960	0.01291	0.02778	0.17264	0.14379	0.01177	0.33675	0.01131	0.01124	0.00766	0.00453	0.00401	0.00131	0.00449	0.00385	0.00377	0.00623
25	0.00569	0.00406	0.00535	0.00616	0.00664	0.00389	0.00452	0.00670	0.00841	0.01108	0.03386	0.49634	0.05967	0.10142	0.00716	0.00200	0.00299	0.22684	0.00376	0.00346
26	0.00794	0.00747	0.01261	0.84216	0.02895	0.00934	0.01167	0.01074	0.00841	0.01074	0.00747	0.01121	0.00560	0.00420	0.00420	0.00140	0.00560	0.00374	0.00187	0.00467
27	0.00850	0.00478	0.00607	0.00545	0.00689	0.00434	0.00419	0.01034	0.01137	0.16691	0.51462	0.02700	0.09103	0.00767	0.00458	0.00128	0.00229	0.00662	0.11155	0.00452
28	0.01124	0.85479	0.02203	0.00719	0.01079	0.01663	0.00719	0.01259	0.00854	0.00989	0.00584	0.00674	0.00539	0.00360	0.00270	0.00090	0.00450	0.00225	0.00180	0.00539
29	0.01086	0.00537	0.00715	0.00614	0.00797	0.00478	0.00480	0.01262	0.01171	0.32909	0.45716	0.06494	0.04469	0.00756	0.00470	0.00133	0.00262	0.00654	0.00480	0.00516
30	0.01570	0.02004	0.01191	0.01083	0.01300	0.83539	0.00812	0.01679	0.01191	0.01029	0.00650	0.00758	0.00541	0.00433	0.00379	0.00108	0.00758	0.00271	0.00217	0.00487
31	0.00566	0.00425	0.00525	0.00512	0.00616	0.00383	0.00382	0.00732	0.01099	0.01496	0.55682	0.09921	0.22964	0.00951	0.00501	0.00139	0.00209	0.02080	0.00438	0.00382
32	0.01597	0.01201	0.01260	0.00971	0.01304	0.03643	0.00799	0.78940	0.01954	0.02603	0.00999	0.01002	0.00710	0.00503	0.00419	0.00126	0.00471	0.00375	0.00415	0.00708
33	0.00556	0.00423	0.00511	0.00500	0.00607	0.00378	0.00371	0.00713	0.01081	0.01454	0.50041	0.10575	0.29327	0.00966	0.00500	0.00139	0.00207	0.00839	0.00433	0.00378
34	0.09593	0.04736	0.01216	0.19116	0.03186	0.26867	0.00874	0.05400	0.02343	0.03868	0.00713	0.00914	0.00579	0.00495	0.00589	0.00135	0.18320	0.00324	0.00229	0.00502
35	0.06096	0.11816	0.10442	0.28240	0.14756	0.02276	0.06018	0.01179	0.00856	0.01207	0.00746	0.02771	0.00619	0.00441	0.00477	0.00132	0.08015	0.00358	0.00201	0.03354

[dist]
# distance from previous block
# <min> <max>
0	33

[block]
# block no. 6 follows, 63 sequences, length 19
# corresponding to MSA columns:
# 443-461
name=unknown_G
#
# <colnr> <probs for GDERKNQSTAVLIFYWHMCP>
#	G	D	E	R	K	N	Q	S	T	A	V	L	I	F	Y	W	H	M	C	P
0	0.57021	0.00862	0.00736	0.00659	0.00873	0.06297	0.00528	0.07362	0.00838	0.01695	0.00766	0.04645	0.00674	0.03396	0.07280	0.00187	0.05129	0.00324	0.00268	0.00460
1	0.01044	0.00866	0.05408	0.00846	0.01121	0.02909	0.08941	0.06570	0.18582	0.12633	0.22272	0.01771	0.03059	0.00575	0.00435	0.00126	0.00370	0.00502	0.00385	0.11586
2	0.00794	0.00747	0.01261	0.84216	0.02895	0.00934	0.01167	0.01074	0.00841	0.01074	0.00747	0.01121	0.00560	0.00420	0.00420	0.00140	0.00560	0.00374	0.00187	0.00467
3	0.00868	0.00676	0.00759	0.02808	0.00910	0.00737	0.00541	0.01559	0.41488	0.03249	0.26704	0.02129	0.04971	0.00664	0.00436	0.00134	0.00278	0.00565	0.09988	0.00537
4	0.00843	0.02174	0.83048	0.01198	0.01819	0.00976	0.01553	0.01331	0.00888	0.01331	0.00754	0.00888	0.00533	0.00399	0.00399	0.00133	0.00621	0.00311	0.00178	0.00621
5	0.00537	0.00412	0.00492	0.00504	0.00601	0.00367	0.00366	0.00669	0.01006	0.01324	0.32813	0.23942	0.33345	0.01051	0.00506	0.00146	0.00215	0.00917	0.00417	0.00367
6	0.01040	0.00999	0.01706	0.02580	0.82604	0.00999	0.01290	0.01290	0.00957	0.01373	0.00791	0.01040	0.00666	0.00375	0.00416	0.00125	0.00499	0.00375	0.00208	0.00666
7	0.01570	0.02004	0.01191	0.01083	0.01300	0.83539	0.00812	0.01679	0.01191	0.01029	0.00650	0.00758	0.00541	0.00433	0.00379	0.00108	0.00758	0.00271	0.00217	0.00487
8	0.00522	0.00388	0.00488	0.00558	0.00616	0.00355	0.00391	0.00614	0.00865	0.01125	0.06385	0.59210	0.20179	0.01233	0.00528	0.00164	0.00243	0.05394	0.00393	0.00349
9	0.19407	0.01292	0.00991	0.00836	0.01110	0.31635	0.00653	0.13187	0.04278	0.01544	0.00764	0.00872	0.00614	0.01972	0.00380	0.00112	0.00505	0.00287	0.00272	0.19287
10	0.05563	0.01383	0.01234	0.01000	0.01304	0.21385	0.00800	0.55845	0.03585	0.02228	0.00958	0.01002	0.00712	0.00510	0.00421	0.00130	0.00539	0.00361	0.00376	0.00666
11	0.00873	0.00643	0.00716	0.00658	0.00809	0.00658	0.00485	0.07310	0.21588	0.05562	0.16412	0.08599	0.16381	0.16418	0.00793	0.00197	0.00320	0.00680	0.00409	0.00489
12	0.09480	0.00939	0.01279	0.39534	0.13124	0.01070	0.01016	0.23268	0.03181	0.01684	0.00875	0.01103	0.00664	0.00465	0.00422	0.00141	0.00510	0.00377	0.00281	0.00588
13	0.05542	0.00951	0.07231	0.00833	0.01080	0.03276	0.00701	0.21844	0.01204	0.22431	0.01252	0.01638	0.01030	0.15944	0.04738	0.00218	0.05313	0.03822	0.00372	0.00581
14	0.00581	0.00444	0.00525	0.00543	0.00641	0.00395	0.00395	0.00699	0.01015	0.01334	0.28086	0.25658	0.33116	0.01095	0.00527	0.00156	0.00238	0.03738	0.00426	0.00387
15	0.01145	0.01005	0.17104	0.06993	0.03371	0.02394	0.03328	0.02649	0.03529	0.25204	0.13825	0.04790	0.07391	0.00657	0.00465	0.00145	0.00425	0.04614	0.00383	0.00582
16	0.04266	0.17038	0.03558	0.07920	0.13646	0.21157	0.03083	0.04978	0.04477	0.04637	0.00847	0.02410	0.00709	0.00539	0.02159	0.00142	0.07261	0.00352	0.00252	0.00568
17	0.01852	0.00755	0.01000	0.00777	0.01095	0.00666	0.00635	0.05886	0.01265	0.75034	0.05108	0.01536	0.01186	0.00560	0.00443	0.00137	0.00370	0.00448	0.00525	0.00722
18	0.00556	0.00453	0.00483	0.00483	0.00613	0.00386	0.00356	0.00663	0.01008	0.01254	0.16094	0.10121	0.63861	0.01075	0.00517	0.00150	0.00228	0.00901	0.00414	0.00382

[dist]
# distance from previous block
# <min> <max>
0	1

[block]
# block no. 7 follows, 63 sequences, length 15
# corresponding to MSA columns:
# 463-477
name=unknown_H
#
# <colnr> <probs for GDERKNQSTAVLIFYWHMCP>
#	G	D	E	R	K	N	Q	S	T	A	V	L	I	F	Y	W	H	M	C	P
0	0.01017	0.19786	0.12885	0.09735	0.19832	0.04261	0.00980	0.05388	0.02640	0.01351	0.06792	0.01466	0.09287	0.00539	0.00437	0.00133	0.02203	0.00427	0.00265	0.00578
1	0.00977	0.00656	0.00842	0.00756	0.00885	0.00722	0.00583	0.12656	0.00952	0.10439	0.01207	0.01706	0.01080	0.14942	0.39835	0.00442	0.07777	0.00470	0.02594	0.00479
2	0.00905	0.02140	0.78538	0.01213	0.01817	0.01007	0.01526	0.01409	0.04761	0.01400	0.00852	0.00991	0.00618	0.00442	0.00423	0.00143	0.00623	0.00336	0.00208	0.00649
3	0.00716	0.00577	0.00760	0.12747	0.03828	0.00597	0.00588	0.04997	0.00961	0.01271	0.11713	0.02582	0.27691	0.04978	0.23722	0.00308	0.00566	0.00634	0.00330	0.00435
4	0.01100	0.11543	0.10484	0.02235	0.12371	0.12051	0.23263	0.03032	0.05343	0.01316	0.01743	0.03278	0.00806	0.02312	0.03104	0.00162	0.04609	0.00424	0.00245	0.00581
5	0.00855	0.00792	0.01336	0.76393	0.02803	0.00950	0.05451	0.01108	0.00873	0.01128	0.00804	0.01196	0.00620	0.00485	0.00487	0.03048	0.00578	0.00397	0.00206	0.00490
6	0.01037	0.01150	0.02408	0.01745	0.02138	0.01108	0.74016	0.01355	0.00997	0.01368	0.00878	0.01186	0.00680	0.00420	0.00589	0.00155	0.07457	0.00502	0.00228	0.00585
7	0.00584	0.00475	0.00576	0.04017	0.03303	0.00444	0.00436	0.00774	0.04344	0.01325	0.27082	0.08626	0.41779	0.00994	0.02160	0.00152	0.00260	0.01880	0.00396	0.00395
8	0.04028	0.10614	0.17869	0.03340	0.10762	0.06470	0.11598	0.06789	0.03993	0.13393	0.00934	0.02078	0.00705	0.00450	0.00456	0.00130	0.05150	0.00371	0.00270	0.00601
9	0.00737	0.00760	0.11233	0.00711	0.00889	0.00624	0.00621	0.05317	0.06943	0.03771	0.12670	0.24213	0.20074	0.00911	0.00555	0.00150	0.07073	0.01929	0.00364	0.00453
10	0.00605	0.00439	0.00560	0.03607	0.00732	0.00420	0.00435	0.00751	0.03050	0.04248	0.12654	0.38138	0.22105	0.01260	0.07186	0.00197	0.00323	0.02524	0.00385	0.00383
11	0.02191	0.06695	0.32911	0.04408	0.09923	0.04046	0.12522	0.03663	0.00952	0.04671	0.00930	0.05522	0.00753	0.00459	0.00418	0.00130	0.01590	0.00399	0.07246	0.00571
12	0.03341	0.03472	0.11603	0.05829	0.11518	0.19288	0.05104	0.13350	0.08619	0.05324	0.02479	0.01204	0.00825	0.00478	0.00409	0.00127	0.00536	0.03340	0.02572	0.00583
13	0.63980	0.01003	0.03198	0.00732	0.01006	0.08008	0.04889	0.07704	0.00875	0.01803	0.00643	0.00753	0.00498	0.00412	0.00335	0.00130	0.03014	0.00265	0.00262	0.00490
14	0.37820	0.02499	0.05665	0.06182	0.10337	0.05948	0.04227	0.01181	0.00848	0.01520	0.03934	0.02670	0.03379	0.02712	0.00397	0.00133	0.00415	0.02372	0.00255	0.07505

[dist]
# distance from previous block
# <min> <max>
1	5

[block]
# block no. 8 follows, 63 sequences, length 10
# corresponding to MSA columns:
# 484-493
name=unknown_I
#
# <colnr> <probs for GDERKNQSTAVLIFYWHMCP>
#	G	D	E	R	K	N	Q	S	T	A	V	L	I	F	Y	W	H	M	C	P
0	0.00693	0.00556	0.00669	0.02522	0.06163	0.01900	0.00483	0.06338	0.01071	0.01414	0.29164	0.04703	0.29688	0.05266	0.00601	0.02831	0.00284	0.02795	0.00380	0.02478
1	0.00893	0.05438	0.21169	0.00951	0.03014	0.00802	0.08398	0.04187	0.07952	0.07113	0.04245	0.20563	0.04930	0.02851	0.00515	0.00147	0.02726	0.00601	0.00309	0.03197
2	0.16715	0.01320	0.01264	0.01144	0.07806	0.31491	0.12506	0.07187	0.04163	0.01441	0.02478	0.01090	0.00743	0.00452	0.00390	0.00122	0.00565	0.03610	0.00260	0.05252
3	0.05468	0.01883	0.65520	0.01119	0.01667	0.00943	0.03575	0.04067	0.00950	0.06281	0.04106	0.01011	0.00707	0.00427	0.00401	0.00133	0.00570	0.00339	0.00223	0.00611
4	0.01046	0.00903	0.00951	0.00855	0.01093	0.01046	0.00665	0.02234	0.81845	0.01759	0.01711	0.01568	0.01283	0.00570	0.00428	0.00143	0.00333	0.00475	0.00428	0.00665
5	0.00770	0.00699	0.01153	0.63841	0.06620	0.00837	0.01046	0.01025	0.00875	0.01140	0.05817	0.06452	0.01038	0.00552	0.00443	0.00145	0.00504	0.06354	0.00231	0.00460
6	0.45592	0.00857	0.00800	0.00692	0.00949	0.02651	0.00559	0.12807	0.11594	0.11277	0.01056	0.06041	0.00850	0.00517	0.00349	0.00134	0.00355	0.02032	0.00345	0.00542
7	0.00666	0.00392	0.00526	0.00524	0.00536	0.00397	0.00339	0.00604	0.00621	0.00840	0.05805	0.01975	0.01250	0.33139	0.08846	0.42145	0.00437	0.00489	0.00230	0.00239
8	0.01182	0.51823	0.01752	0.00806	0.01111	0.08898	0.00726	0.04460	0.16770	0.03831	0.00859	0.00904	0.00708	0.00435	0.00370	0.00109	0.04141	0.00296	0.00252	0.00568
9	0.27102	0.03414	0.05307	0.05616	0.01059	0.00839	0.00622	0.08531	0.05499	0.07408	0.02626	0.06427	0.06092	0.01988	0.04354	0.00159	0.02952	0.00418	0.01481	0.08105

[dist]
# distance from previous block
# <min> <max>
1	3

[block]
# block no. 9 follows, 63 sequences, length 29
# corresponding to MSA columns:
# 497-507,509-526
name=unknown_J
#
# <colnr> <probs for GDERKNQSTAVLIFYWHMCP>
#	G	D	E	R	K	N	Q	S	T	A	V	L	I	F	Y	W	H	M	C	P
0	0.03060	0.01309	0.27956	0.02580	0.18424	0.02566	0.08495	0.06127	0.03228	0.06384	0.02363	0.01203	0.03395	0.00454	0.00426	0.00129	0.02204	0.00390	0.08716	0.00591
