[name]
unknown

[dist]
# distance from previous block
# <min> <max>
7	225

[block]
# block no. 0 follows, 80 sequences, length 12
# corresponding to MSA columns:
# 317-328
name=unknown_A
#
# <colnr> <probs for GDERKNQSTAVLIFYWHMCP>
#	G	D	E	R	K	N	Q	S	T	A	V	L	I	F	Y	W	H	M	C	P
0	0.00954	0.09793	0.02700	0.23571	0.13692	0.07949	0.03615	0.17161	0.02304	0.05096	0.00710	0.01781	0.00553	0.00361	0.00340	0.00101	0.01583	0.00297	0.00219	0.07220
1	0.00810	0.13275	0.01335	0.27673	0.37862	0.00897	0.04057	0.01079	0.07695	0.01044	0.00686	0.00879	0.00552	0.00333	0.00332	0.00105	0.00419	0.00303	0.00179	0.00484
2	0.00744	0.00487	0.00618	0.00621	0.07026	0.00447	0.00439	0.06551	0.00895	0.15147	0.14772	0.13153	0.25225	0.00696	0.00390	0.00114	0.00244	0.05435	0.00333	0.06662
3	0.04429	0.05571	0.24073	0.00783	0.04045	0.00710	0.00752	0.04758	0.07220	0.42538	0.01049	0.00992	0.00703	0.00392	0.00334	0.00107	0.00366	0.00311	0.00313	0.00552
4	0.00868	0.02924	0.31775	0.00854	0.01175	0.02190	0.11969	0.05242	0.00858	0.16285	0.10337	0.04688	0.00986	0.00589	0.06253	0.00142	0.00452	0.01685	0.00252	0.00477
5	0.00693	0.00442	0.00633	0.00664	0.06607	0.00402	0.03850	0.00799	0.00764	0.15944	0.01779	0.46102	0.09479	0.00827	0.00412	0.00127	0.00257	0.05795	0.00321	0.04102
6	0.00827	0.00805	0.01412	0.11438	0.35445	0.00806	0.24108	0.07289	0.02324	0.01176	0.00889	0.01064	0.06360	0.00359	0.00366	0.00108	0.00441	0.00365	0.00200	0.04219
7	0.01237	0.00739	0.07929	0.03278	0.10747	0.00589	0.03996	0.01415	0.00899	0.51151	0.01075	0.01029	0.00719	0.00377	0.00338	0.00100	0.00339	0.00319	0.00328	0.13394
8	0.00807	0.00785	0.01360	0.27596	0.33013	0.00834	0.17513	0.03546	0.08899	0.01122	0.00734	0.00941	0.00572	0.00338	0.00361	0.00112	0.00450	0.00339	0.00191	0.00487
9	0.06620	0.00486	0.06843	0.00470	0.00596	0.00389	0.00387	0.00655	0.03313	0.01106	0.21422	0.22092	0.32752	0.00801	0.00399	0.00120	0.00215	0.00687	0.00318	0.00330
10	0.01012	0.01020	0.14974	0.04219	0.05510	0.06443	0.30770	0.04000	0.00861	0.20342	0.00816	0.00924	0.00582	0.00365	0.00422	0.00114	0.06551	0.00342	0.00233	0.00500
11	0.06129	0.03281	0.03423	0.14874	0.09355	0.06936	0.11700	0.08574	0.02716	0.28206	0.00895	0.00949	0.00626	0.00371	0.00344	0.00108	0.00411	0.00321	0.00274	0.00507

[dist]
# distance from previous block
# <min> <max>
45	120

[block]
# block no. 1 follows, 80 sequences, length 26
# corresponding to MSA columns:
# 519-544
name=unknown_B
#
# <colnr> <probs for GDERKNQSTAVLIFYWHMCP>
#	G	D	E	R	K	N	Q	S	T	A	V	L	I	F	Y	W	H	M	C	P
0	0.02152	0.00667	0.01071	0.67458	0.09264	0.00818	0.00937	0.04930	0.00737	0.00982	0.00619	0.00901	0.00477	0.00369	0.00408	0.00117	0.07206	0.00308	0.00167	0.00411
1	0.14381	0.00797	0.02884	0.05949	0.07575	0.09766	0.09714	0.05212	0.04408	0.05388	0.00989	0.02044	0.06960	0.01409	0.04784	0.00133	0.04051	0.04328	0.00232	0.08997
2	0.03387	0.00779	0.01183	0.14307	0.21420	0.00814	0.12202	0.15394	0.03948	0.01277	0.00708	0.00883	0.00560	0.00439	0.03858	0.00122	0.04608	0.00312	0.00213	0.13587
3	0.00710	0.00675	0.01149	0.63331	0.20121	0.00781	0.03683	0.00937	0.00723	0.00960	0.00631	0.00910	0.00488	0.00336	0.00347	0.00112	0.00452	0.00310	0.00161	0.03184
4	0.16009	0.00770	0.01901	0.00756	0.03961	0.06718	0.09452	0.10025	0.10607	0.10737	0.03413	0.05057	0.06043	0.00446	0.00342	0.00105	0.01426	0.01232	0.00277	0.10723
5	0.00475	0.00353	0.00488	0.00501	0.00536	0.00336	0.04993	0.00529	0.00626	0.00832	0.01624	0.51288	0.04319	0.30396	0.00893	0.00206	0.00269	0.00788	0.00278	0.00270
6	0.00825	0.00747	0.01167	0.15580	0.28149	0.03067	0.10979	0.06222	0.05568	0.04458	0.08738	0.02892	0.04585	0.00431	0.00408	0.00113	0.04986	0.00389	0.00230	0.00469
7	0.00504	0.00337	0.00382	0.00385	0.00386	0.00336	0.00216	0.00506	0.00514	0.00686	0.01134	0.05870	0.01312	0.84092	0.01720	0.00330	0.00333	0.00528	0.00216	0.00214
8	0.00877	0.00940	0.00895	0.00789	0.00863	0.25680	0.00621	0.03922	0.00743	0.00910	0.05122	0.01149	0.06075	0.09898	0.00859	0.00148	0.39596	0.00348	0.00197	0.00369
9	0.00798	0.10487	0.38683	0.04146	0.05528	0.00865	0.21438	0.03653	0.00788	0.02612	0.00651	0.00791	0.00488	0.00317	0.00336	0.00104	0.00484	0.00292	0.00172	0.07366
10	0.00855	0.00774	0.01241	0.04225	0.40692	0.00739	0.10575	0.04540	0.00811	0.04192	0.00679	0.00844	0.00547	0.00313	0.00352	0.00093	0.02801	0.00295	0.00198	0.25236
11	0.90202	0.00675	0.00513	0.00459	0.00675	0.00783	0.00378	0.01026	0.00594	0.01565	0.00486	0.00567	0.00378	0.00324	0.00216	0.00108	0.00270	0.00189	0.00216	0.00378
12	0.00817	0.00965	0.15199	0.10114	0.60305	0.00822	0.01076	0.01091	0.04180	0.01123	0.00679	0.00867	0.00547	0.00325	0.00344	0.00107	0.00430	0.00305	0.00174	0.00531
13	0.00510	0.00376	0.00494	0.00485	0.00522	0.00412	0.00343	0.00581	0.00573	0.00795	0.05849	0.01896	0.05481	0.38058	0.37525	0.00400	0.04755	0.00460	0.00214	0.00273
14	0.00658	0.00878	0.23572	0.01670	0.00999	0.00599	0.09658	0.09781	0.01760	0.01249	0.21098	0.04856	0.20613	0.00580	0.00384	0.00113	0.00336	0.00504	0.00276	0.00416
15	0.00956	0.03328	0.08991	0.08820	0.24655	0.00817	0.26864	0.05436	0.00863	0.14640	0.00785	0.00924	0.00577	0.00335	0.00363	0.00110	0.00461	0.00341	0.00220	0.00515
16	0.00635	0.00713	0.08754	0.05828	0.10129	0.00601	0.24867	0.00834	0.00775	0.01043	0.05335	0.19656	0.13011	0.00613	0.00405	0.00123	0.00382	0.05655	0.00242	0.00399
17	0.14302	0.00580	0.00718	0.00569	0.00814	0.00529	0.00467	0.01474	0.00918	0.64479	0.01479	0.01330	0.09862	0.00465	0.00338	0.00109	0.00280	0.00369	0.00389	0.00530
18	0.00974	0.05505	0.27484	0.01060	0.01414	0.17717	0.25824	0.08682	0.00908	0.06118	0.00689	0.00804	0.00508	0.00338	0.00350	0.00106	0.00528	0.00304	0.00197	0.00489
19	0.00862	0.05309	0.11502	0.28736	0.13369	0.00800	0.12072	0.01089	0.00767	0.12690	0.00726	0.00898	0.00539	0.00354	0.00390	0.00110	0.05303	0.00312	0.00199	0.03975
20	0.00552	0.00580	0.12252	0.00624	0.00763	0.00419	0.06136	0.00696	0.00746	0.04559	0.07231	0.45718	0.10157	0.00852	0.00421	0.00131	0.00280	0.07240	0.00298	0.00348
21	0.00667	0.00628	0.01061	0.83578	0.05661	0.00777	0.00973	0.00898	0.00701	0.00901	0.00622	0.00928	0.00469	0.00347	0.00349	0.00116	0.00463	0.00310	0.00156	0.00394
22	0.00851	0.00885	0.15829	0.20494	0.01436	0.03775	0.10702	0.01205	0.13589	0.12889	0.01025	0.01390	0.00829	0.00493	0.01899	0.00127	0.00431	0.11438	0.00249	0.00464
23	0.00781	0.00943	0.13705	0.05575	0.37203	0.04108	0.16983	0.01017	0.00796	0.01100	0.05113	0.07223	0.00829	0.00408	0.00369	0.00112	0.00443	0.02616	0.00195	0.00481
24	0.01159	0.00672	0.02036	0.04678	0.01973	0.01945	0.17593	0.04314	0.02164	0.44186	0.02594	0.11372	0.01709	0.01449	0.00391	0.00117	0.00362	0.00443	0.00336	0.00507
25	0.00844	0.00796	0.01528	0.23362	0.20988	0.00804	0.35949	0.01087	0.00801	0.07770	0.02173	0.00969	0.00592	0.00330	0.00376	0.00113	0.00487	0.00362	0.00194	0.00475

[dist]
# distance from previous block
# <min> <max>
0	1

[block]
# block no. 2 follows, 80 sequences, length 13
# corresponding to MSA columns:
# 546-558
name=unknown_C
#
# <colnr> <probs for GDERKNQSTAVLIFYWHMCP>
#	G	D	E	R	K	N	Q	S	T	A	V	L	I	F	Y	W	H	M	C	P
0	0.00731	0.03268	0.64621	0.00983	0.01431	0.00780	0.10744	0.01089	0.00776	0.04004	0.07658	0.00926	0.00702	0.00361	0.00346	0.00110	0.00485	0.00308	0.00180	0.00496
1	0.00890	0.04189	0.03823	0.05927	0.21421	0.00723	0.20262	0.01079	0.00803	0.16629	0.01106	0.09533	0.06724	0.00463	0.00411	0.00115	0.04753	0.00431	0.00243	0.00474
2	0.00534	0.00753	0.24614	0.00654	0.00835	0.00460	0.00645	0.00720	0.00736	0.01009	0.05391	0.37480	0.05670	0.00823	0.00418	0.00134	0.00313	0.18173	0.00276	0.00360
3	0.00809	0.01005	0.13040	0.13961	0.24080	0.03588	0.36200	0.01080	0.00791	0.01081	0.00664	0.00881	0.00512	0.00314	0.00371	0.00112	0.00516	0.00343	0.00169	0.00484
4	0.04623	0.00993	0.08560	0.03885	0.24052	0.13743	0.13520	0.05737	0.05568	0.07835	0.06234	0.01022	0.00766	0.00379	0.00352	0.00107	0.00442	0.01464	0.00229	0.00490
5	0.00729	0.03074	0.25890	0.34196	0.03707	0.00806	0.12383	0.04057	0.04740	0.01091	0.05432	0.00973	0.00660	0.00363	0.00353	0.00113	0.00465	0.00328	0.00185	0.00453
6	0.00508	0.00501	0.04867	0.00664	0.09674	0.00411	0.04365	0.00639	0.00791	0.01009	0.08166	0.13430	0.48470	0.00786	0.00408	0.00120	0.00247	0.04306	0.00296	0.00344
7	0.01080	0.00744	0.09222	0.07482	0.01020	0.00660	0.00611	0.17745	0.05810	0.30457	0.01123	0.07016	0.00886	0.09080	0.05319	0.00159	0.00381	0.00394	0.00318	0.00493
8	0.00917	0.01179	0.24415	0.01048	0.01389	0.09136	0.29358	0.13170	0.00937	0.06115	0.00907	0.04393	0.04589	0.00396	0.00369	0.00112	0.00491	0.00372	0.00221	0.00486
9	0.00931	0.00963	0.24421	0.05402	0.02448	0.00685	0.07709	0.09730	0.00911	0.21214	0.05359	0.01352	0.12933	0.00471	0.00393	0.00113	0.03812	0.00391	0.00276	0.00486
10	0.01232	0.00629	0.00835	0.04783	0.07620	0.00607	0.00568	0.09759	0.07858	0.48251	0.04420	0.05641	0.05217	0.00487	0.00361	0.00111	0.00306	0.00408	0.00371	0.00537
11	0.00738	0.00971	0.19935	0.33429	0.20526	0.00830	0.09229	0.00996	0.00726	0.01012	0.00624	0.00860	0.00485	0.00353	0.00418	0.00115	0.07823	0.00308	0.00159	0.00460
12	0.00919	0.00908	0.06088	0.15171	0.40887	0.04708	0.10861	0.10245	0.00890	0.04925	0.00701	0.00877	0.00543	0.00335	0.00352	0.00107	0.00450	0.00318	0.00200	0.00514

[dist]
# distance from previous block
# <min> <max>
13	33

[block]
# block no. 3 follows, 80 sequences, length 13
# corresponding to MSA columns:
# 598-600,608-617
name=unknown_D
#
# <colnr> <probs for GDERKNQSTAVLIFYWHMCP>
#	G	D	E	R	K	N	Q	S	T	A	V	L	I	F	Y	W	H	M	C	P
0	0.13980	0.11132	0.29359	0.00796	0.02341	0.05989	0.05531	0.08088	0.02484	0.02297	0.00828	0.00899	0.06202	0.00368	0.00307	0.00100	0.00408	0.00283	0.00204	0.08404
1	0.05323	0.15442	0.17904	0.01715	0.00956	0.00742	0.02193	0.03292	0.02976	0.14017	0.02707	0.17379	0.00954	0.00550	0.01941	0.00117	0.04700	0.00414	0.00250	0.06430
2	0.00602	0.04535	0.00656	0.00496	0.00688	0.00452	0.03405	0.00772	0.03204	0.01168	0.25913	0.01895	0.20421	0.00544	0.00344	0.00090	0.00228	0.00464	0.02804	0.31317
3	0.00700	0.00598	0.00696	0.00508	0.00800	0.00451	0.00404	0.00848	0.00725	0.01120	0.00797	0.03637	0.04507	0.00314	0.00272	0.00058	0.00253	0.00257	0.00216	0.82841
4	0.02204	0.26134	0.17187	0.00784	0.02120	0.16219	0.03792	0.07418	0.03150	0.08147	0.03328	0.06554	0.00723	0.00406	0.00313	0.00098	0.00427	0.00313	0.00219	0.00465
5	0.00498	0.00360	0.00421	0.00414	0.00512	0.00320	0.00311	0.00616	0.00851	0.03989	0.31542	0.08514	0.39574	0.03256	0.00448	0.00123	0.00189	0.04374	0.03373	0.00316
6	0.00700	0.01805	0.85930	0.00994	0.01510	0.00810	0.01289	0.01105	0.00737	0.01105	0.00626	0.00737	0.00442	0.00331	0.00331	0.00110	0.00516	0.00258	0.00147	0.00516
7	0.00614	0.00324	0.00473	0.00459	0.00480	0.00314	0.00310	0.00483	0.00473	0.00642	0.00607	0.01038	0.00600	0.01148	0.01289	0.83800	0.00300	0.00297	0.00155	0.06195
8	0.00595	0.00311	0.00466	0.00466	0.00472	0.00317	0.00317	0.00472	0.00466	0.00628	0.00641	0.01093	0.00634	0.01360	0.10331	0.80427	0.00370	0.00311	0.00155	0.00168
9	0.00926	0.78747	0.01719	0.00609	0.00897	0.01326	0.00592	0.01130	0.09595	0.00888	0.00584	0.00638	0.00513	0.00317	0.00238	0.00079	0.00363	0.00209	0.00171	0.00459
10	0.02593	0.00934	0.16122	0.07377	0.06822	0.02313	0.02241	0.29205	0.02062	0.06156	0.03731	0.05102	0.09728	0.00495	0.00362	0.00112	0.00377	0.03502	0.00279	0.00488
11	0.12598	0.02174	0.00630	0.00554	0.02335	0.01840	0.00418	0.00926	0.09637	0.04922	0.21991	0.05352	0.01430	0.05972	0.10787	0.00169	0.01430	0.00413	0.00278	0.16143
12	0.00504	0.09606	0.00563	0.00454	0.00550	0.01947	0.00342	0.00590	0.00726	0.00911	0.06395	0.27422	0.34433	0.04864	0.08937	0.00173	0.00294	0.00693	0.00287	0.00309

[dist]
# distance from previous block
# <min> <max>
11	44

[block]
# block no. 4 follows, 80 sequences, length 15
# corresponding to MSA columns:
# 669-683
name=unknown_E
#
# <colnr> <probs for GDERKNQSTAVLIFYWHMCP>
#	G	D	E	R	K	N	Q	S	T	A	V	L	I	F	Y	W	H	M	C	P
0	0.00862	0.04185	0.00795	0.00668	0.00857	0.06503	0.00525	0.08631	0.53349	0.01404	0.09295	0.01498	0.08897	0.00514	0.00357	0.00113	0.00293	0.00421	0.00335	0.00497
1	0.00994	0.01013	0.06923	0.09419	0.03929	0.20197	0.03677	0.18986	0.02145	0.05226	0.01876	0.03868	0.06953	0.00469	0.00445	0.00111	0.10895	0.00352	0.02070	0.00452
2	0.00549	0.00394	0.00580	0.00676	0.08500	0.00406	0.00447	0.00652	0.00652	0.04857	0.01384	0.40931	0.01502	0.01599	0.34801	0.00304	0.00520	0.00651	0.00260	0.00334
3	0.00459	0.00356	0.00428	0.00417	0.00510	0.00324	0.00313	0.00586	0.00861	0.01145	0.42018	0.05062	0.36416	0.00970	0.08424	0.00156	0.00242	0.00659	0.00340	0.00312
4	0.00747	0.01361	0.44878	0.01194	0.01619	0.00825	0.39012	0.01090	0.00774	0.01103	0.00706	0.03774	0.00545	0.00340	0.00372	0.00115	0.00538	0.00353	0.00167	0.00487
5	0.00763	0.00763	0.01069	0.00916	0.00916	0.01069	0.00763	0.00840	0.00534	0.00840	0.00458	0.00763	0.00458	0.00611	0.01145	0.00153	0.87099	0.00305	0.00153	0.00382
6	0.00780	0.00653	0.00754	0.00543	0.00851	0.00523	0.00437	0.08664	0.00809	0.01236	0.00640	0.00734	0.00524	0.00273	0.00267	0.00057	0.00270	0.00217	0.00220	0.81548
7	0.00729	0.00458	0.00569	0.00497	0.00650	0.00417	0.01947	0.00936	0.08044	0.17922	0.30996	0.03698	0.26389	0.00665	0.00389	0.00111	0.00217	0.00569	0.00361	0.04439
8	0.00782	0.00755	0.02987	0.01007	0.03766	0.00670	0.37002	0.05428	0.00821	0.03953	0.00919	0.14151	0.00841	0.00433	0.00370	0.00104	0.00413	0.02128	0.00227	0.23242
9	0.00473	0.00361	0.00460	0.00517	0.02838	0.00333	0.00377	0.00584	0.00790	0.01031	0.16758	0.29606	0.25934	0.00921	0.00435	0.00132	0.00219	0.17591	0.00330	0.00309
10	0.01882	0.11513	0.10123	0.16043	0.21536	0.08893	0.00821	0.02367	0.02479	0.02899	0.00697	0.04851	0.00594	0.00369	0.00341	0.00099	0.02752	0.00302	0.00188	0.11250
11	0.00859	0.00573	0.00694	0.00526	0.00793	0.00454	0.00424	0.01009	0.00797	0.17944	0.05123	0.01152	0.03589	0.00371	0.00298	0.00074	0.00258	0.03785	0.03608	0.57667
12	0.00710	0.00719	0.08518	0.00554	0.00876	0.00490	0.00488	0.00885	0.00727	0.01127	0.00729	0.00823	0.03669	0.00288	0.00271	0.00060	0.00279	0.00231	0.00206	0.78350
13	0.06217	0.01982	0.05109	0.00752	0.00949	0.02532	0.13834	0.11607	0.13516	0.04723	0.09736	0.06675	0.01097	0.00671	0.04494	0.09430	0.00377	0.03219	0.02658	0.00423
14	0.00918	0.35540	0.28514	0.00750	0.01097	0.01027	0.00808	0.12390	0.03089	0.06005	0.04868	0.00864	0.00671	0.00369	0.00299	0.00096	0.00402	0.01589	0.00212	0.00492

[dist]
# distance from previous block
# <min> <max>
6	32

[block]
# block no. 5 follows, 80 sequences, length 11
# corresponding to MSA columns:
# 720-730
name=unknown_F
#
# <colnr> <probs for GDERKNQSTAVLIFYWHMCP>
#	G	D	E	R	K	N	Q	S	T	A	V	L	I	F	Y	W	H	M	C	P
0	0.00512	0.00381	0.00524	0.00566	0.03237	0.00401	0.00396	0.00597	0.00608	0.00840	0.01275	0.23087	0.01397	0.21607	0.30548	0.00331	0.02637	0.08367	0.00238	0.02451
1	0.00441	0.00316	0.00419	0.00475	0.00510	0.00294	0.00325	0.00527	0.00744	0.01011	0.21671	0.67419	0.02541	0.01003	0.00437	0.00134	0.00193	0.00907	0.00338	0.00294
2	0.21993	0.00716	0.00711	0.00640	0.00837	0.00826	0.00502	0.01611	0.61665	0.01482	0.04509	0.01179	0.00990	0.00447	0.00324	0.00116	0.00270	0.00355	0.00323	0.00502
3	0.00895	0.00825	0.02493	0.03578	0.61165	0.02351	0.00934	0.04758	0.06988	0.04187	0.01979	0.00917	0.00635	0.00336	0.00341	0.00102	0.00391	0.00314	0.00208	0.06602
4	0.00789	0.00796	0.04294	0.30026	0.50746	0.00813	0.03342	0.01033	0.02808	0.01064	0.00663	0.00894	0.00532	0.00328	0.00348	0.00109	0.00436	0.00314	0.00171	0.00495
5	0.00848	0.01609	0.65844	0.00949	0.01409	0.00875	0.01141	0.20815	0.00951	0.01364	0.00676	0.00761	0.00478	0.00352	0.00336	0.00109	0.00484	0.00271	0.00195	0.00534
6	0.00672	0.00693	0.01316	0.22403	0.03991	0.00691	0.37658	0.00891	0.00781	0.01014	0.01404	0.03703	0.20674	0.00480	0.00397	0.00118	0.00441	0.02058	0.00212	0.00403
7	0.22051	0.00783	0.02957	0.07518	0.44581	0.00787	0.05883	0.01112	0.00760	0.09386	0.00685	0.00831	0.00531	0.00328	0.00319	0.00107	0.00385	0.00291	0.00206	0.00498
8	0.00948	0.00839	0.01284	0.12187	0.55404	0.00882	0.00962	0.20767	0.00983	0.01360	0.00695	0.00866	0.00552	0.00341	0.00347	0.00105	0.00413	0.00312	0.00212	0.00542
9	0.00434	0.00321	0.00407	0.00466	0.00512	0.00294	0.00326	0.00511	0.00716	0.00934	0.06341	0.62221	0.18561	0.01026	0.00439	0.00137	0.00202	0.05534	0.00327	0.00290
10	0.00817	0.00705	0.01047	0.66526	0.02090	0.00848	0.00897	0.20652	0.00921	0.01201	0.00672	0.00908	0.00495	0.00365	0.00349	0.00114	0.00446	0.00311	0.00201	0.00436

[dist]
# distance from previous block
# <min> <max>
0	3

[block]
# block no. 6 follows, 80 sequences, length 11
# corresponding to MSA columns:
# 734-744
name=unknown_G
#
# <colnr> <probs for GDERKNQSTAVLIFYWHMCP>
#	G	D	E	R	K	N	Q	S	T	A	V	L	I	F	Y	W	H	M	C	P
0	0.00659	0.00620	0.01047	0.86899	0.02403	0.00775	0.00969	0.00891	0.00698	0.00891	0.00620	0.00930	0.00465	0.00349	0.00349	0.00116	0.00465	0.00310	0.00155	0.00388
1	0.00832	0.00646	0.01030	0.26366	0.14620	0.02055	0.09526	0.01049	0.02907	0.12259	0.00977	0.01422	0.00817	0.00452	0.00384	0.00117	0.02660	0.12171	0.09273	0.00438
2	0.00861	0.05027	0.40390	0.00794	0.01118	0.00710	0.00871	0.01107	0.00776	0.19489	0.02573	0.07744	0.05783	0.00489	0.00431	0.00116	0.09158	0.01844	0.00241	0.00478
3	0.03198	0.09281	0.14165	0.02658	0.10642	0.03634	0.00663	0.03176	0.02342	0.18246	0.15174	0.01519	0.11457	0.00494	0.00350	0.00107	0.00332	0.01820	0.00283	0.00460
4	0.00663	0.00708	0.06902	0.07341	0.01256	0.00641	0.33995	0.00825	0.00701	0.00955	0.00996	0.24353	0.01006	0.00657	0.00578	0.12060	0.05254	0.00530	0.00208	0.00369
5	0.00858	0.00849	0.04390	0.11768	0.53777	0.00818	0.16374	0.01088	0.00796	0.04883	0.00692	0.00896	0.00548	0.00318	0.00358	0.00108	0.00451	0.00329	0.00182	0.00519
6	0.00744	0.18089	0.70032	0.00919	0.01394	0.00918	0.01158	0.01094	0.00731	0.01051	0.00599	0.00703	0.00443	0.00325	0.00311	0.00104	0.00489	0.00244	0.00148	0.00503
7	0.00729	0.00791	0.08637	0.03268	0.34359	0.00683	0.11693	0.00951	0.02538	0.01097	0.03253	0.07365	0.08809	0.00458	0.00377	0.00108	0.01704	0.03465	0.00213	0.09501
8	0.00854	0.03662	0.04205	0.10305	0.01662	0.00892	0.52286	0.09564	0.08491	0.01222	0.00793	0.01017	0.00608	0.00346	0.00387	0.00116	0.00511	0.02390	0.00210	0.00479
9	0.00907	0.23200	0.42908	0.00884	0.01290	0.00914	0.09381	0.01185	0.00780	0.14356	0.00717	0.00784	0.00519	0.00335	0.00316	0.00102	0.00453	0.00270	0.00196	0.00506
10	0.00803	0.00784	0.01248	0.29140	0.47422	0.03805	0.00993	0.01001	0.00744	0.01020	0.00621	0.00867	0.00511	0.00355	0.00426	0.00112	0.09198	0.00307	0.00165	0.00477

[dist]
# distance from previous block
# <min> <max>
0	6

[block]
# block no. 7 follows, 80 sequences, length 18
# corresponding to MSA columns:
# 751-768
name=unknown_H
#
# <colnr> <probs for GDERKNQSTAVLIFYWHMCP>
#	G	D	E	R	K	N	Q	S	T	A	V	L	I	F	Y	W	H	M	C	P
0	0.00803	0.00623	0.02042	0.00589	0.03557	0.00482	0.00455	0.02190	0.00765	0.10141	0.00807	0.07576	0.00695	0.00347	0.00288	0.00068	0.00269	0.00289	0.00240	0.67773
1	0.00897	0.00603	0.00768	0.00665	0.08020	0.00493	0.00473	0.01040	0.00780	0.19680	0.03043	0.01009	0.00727	0.07164	0.00409	0.00092	0.00284	0.00282	0.00258	0.53312
2	0.00743	0.05265	0.09747	0.00603	0.00905	0.00594	0.00542	0.00914	0.00713	0.02352	0.00634	0.02175	0.00536	0.00312	0.00338	0.00069	0.07092	0.00234	0.00199	0.66033
3	0.00767	0.01069	0.32177	0.00744	0.01105	0.00642	0.03380	0.07509	0.00820	0.03669	0.04331	0.04536	0.00700	0.00359	0.00314	0.00088	0.00368	0.00296	0.00214	0.36912
4	0.00727	0.00595	0.00701	0.00518	0.00804	0.00452	0.00410	0.00874	0.00728	0.03771	0.00746	0.07535	0.00668	0.00329	0.00276	0.00060	0.00255	0.00273	0.00223	0.80057
5	0.00911	0.00803	0.01356	0.05020	0.75989	0.00802	0.01024	0.01114	0.00807	0.07762	0.00711	0.00891	0.00574	0.00322	0.00346	0.00104	0.00407	0.00314	0.00192	0.00550
6	0.00478	0.00349	0.00448	0.00438	0.00515	0.00320	0.00323	0.00621	0.00928	0.01291	0.67045	0.14365	0.10017	0.00780	0.00416	0.00115	0.00171	0.00690	0.00371	0.00320
7	0.00777	0.00734	0.01215	0.38215	0.44257	0.00809	0.00992	0.01048	0.06533	0.01056	0.00693	0.00922	0.00551	0.00338	0.00348	0.00110	0.00427	0.00316	0.00178	0.00482
8	0.00509	0.00428	0.00592	0.09123	0.12088	0.00415	0.00478	0.00621	0.00741	0.00951	0.02215	0.32258	0.32445	0.00832	0.00412	0.00126	0.00253	0.04890	0.00287	0.00336
9	0.08512	0.00950	0.00973	0.00794	0.03149	0.06847	0.00632	0.57786	0.06662	0.08929	0.00865	0.00860	0.00617	0.00409	0.00336	0.00105	0.00378	0.00306	0.00329	0.00559
10	0.01303	0.01663	0.00989	0.00899	0.01079	0.86337	0.00674	0.01393	0.00989	0.00854	0.00539	0.00629	0.00449	0.00360	0.00315	0.00090	0.00629	0.00225	0.00180	0.00404
11	0.00459	0.00328	0.00444	0.00525	0.00560	0.00313	0.00383	0.00544	0.00701	0.00929	0.01904	0.66837	0.02234	0.01061	0.00454	0.00146	0.00232	0.21331	0.00323	0.00293
12	0.00553	0.00399	0.00549	0.00624	0.00707	0.00395	0.00544	0.00709	0.00803	0.01038	0.01953	0.03899	0.07242	0.00959	0.00478	0.00158	0.00312	0.78038	0.00321	0.00320
13	0.00792	0.00781	0.01025	0.56662	0.07674	0.12211	0.00870	0.06193	0.00819	0.01019	0.06444	0.00992	0.00671	0.00382	0.00363	0.00111	0.02073	0.00321	0.00187	0.00410
14	0.00549	0.00369	0.00484	0.00448	0.00540	0.00339	0.00339	0.00712	0.00988	0.05746	0.81052	0.02533	0.03167	0.00699	0.00408	0.00110	0.00171	0.00617	0.00387	0.00343
15	0.00436	0.00311	0.00415	0.00489	0.00512	0.00296	0.00331	0.00500	0.00661	0.00883	0.01844	0.77771	0.02194	0.04847	0.04164	0.00168	0.00243	0.03342	0.00313	0.00283
16	0.57253	0.00790	0.07890	0.00573	0.00821	0.00786	0.00508	0.06431	0.10647	0.10319	0.00723	0.00749	0.00528	0.00359	0.00265	0.00109	0.00302	0.00244	0.00257	0.00446
17	0.01027	0.10329	0.13375	0.00816	0.01087	0.17981	0.03001	0.17910	0.28307	0.01357	0.00896	0.00906	0.00679	0.00396	0.00330	0.00104	0.00421	0.00303	0.00262	0.00512

[dist]
# distance from previous block
# <min> <max>
0	1

[block]
# block no. 8 follows, 80 sequences, length 47
# corresponding to MSA columns:
# 770-816
name=unknown_I
#
# <colnr> <probs for GDERKNQSTAVLIFYWHMCP>
#	G	D	E	R	K	N	Q	S	T	A	V	L	I	F	Y	W	H	M	C	P
0	0.00778	0.22673	0.45271	0.00985	0.01402	0.00953	0.18837	0.01082	0.00755	0.01046	0.02733	0.00784	0.00534	0.00325	0.00324	0.00103	0.00487	0.00283	0.00160	0.00485
1	0.01506	0.00751	0.00869	0.00681	0.00942	0.10920	0.02132	0.06350	0.01031	0.69183	0.01232	0.01096	0.00792	0.00420	0.00348	0.00106	0.00348	0.00335	0.00392	0.00569
2	0.00465	0.00356	0.00426	0.00408	0.00503	0.00317	0.00306	0.00602	0.00919	0.01236	0.56060	0.02876	0.32712	0.00774	0.00412	0.00113	0.00169	0.00669	0.00363	0.00317
3	0.00890	0.00868	0.01621	0.01526	0.27347	0.00852	0.42363	0.03508	0.11006	0.05214	0.00812	0.00970	0.00619	0.00331	0.00380	0.00113	0.00478	0.00373	0.00214	0.00515
4	0.00933	0.87948	0.01828	0.00597	0.00896	0.01381	0.00597	0.01045	0.00709	0.00821	0.00485	0.00560	0.00448	0.00299	0.00224	0.00075	0.00373	0.00187	0.00149	0.00448
5	0.00724	0.00620	0.00724	0.00517	0.00827	0.00465	0.00413	0.00879	0.00724	0.01137	0.00620	0.00724	0.00517	0.00258	0.00258	0.00052	0.00258	0.00207	0.00207	0.89871
6	0.00883	0.00757	0.00797	0.00713	0.00913	0.00875	0.00556	0.04529	0.82231	0.01484	0.01401	0.01287	0.01050	0.00472	0.00355	0.00118	0.00280	0.00392	0.00355	0.00554
7	0.01120	0.00756	0.01143	0.03894	0.43885	0.00751	0.00824	0.08381	0.06106	0.28150	0.00947	0.00993	0.00684	0.00370	0.00348	0.00106	0.00367	0.00329	0.00281	0.00564
8	0.00492	0.00351	0.00445	0.00438	0.00516	0.00322	0.00329	0.00599	0.00859	0.01163	0.48804	0.05168	0.20794	0.00840	0.00533	0.10957	0.00196	0.06557	0.00337	0.00298
9	0.00700	0.01805	0.85930	0.00994	0.01510	0.00810	0.01289	0.01105	0.00737	0.01105	0.00626	0.00737	0.00442	0.00331	0.00331	0.00110	0.00516	0.00258	0.00147	0.00516
10	0.01351	0.00627	0.00801	0.00645	0.00883	0.03225	0.01766	0.04027	0.07127	0.62026	0.06340	0.01450	0.01080	0.00486	0.00364	0.00112	0.00307	0.06435	0.00401	0.00547
11	0.00732	0.00720	0.02710	0.28087	0.08036	0.00879	0.02885	0.00991	0.10818	0.00967	0.00710	0.03517	0.00611	0.00554	0.03443	0.00144	0.33250	0.00343	0.00186	0.00417
12	0.00492	0.00357	0.00465	0.00438	0.00520	0.00329	0.00328	0.00656	0.00984	0.01392	0.84011	0.02619	0.04664	0.00716	0.00412	0.00110	0.00165	0.00633	0.00383	0.00329
13	0.00809	0.00868	0.03652	0.52005	0.18350	0.14611	0.00942	0.01035	0.02612	0.00953	0.00632	0.00871	0.00492	0.00345	0.00342	0.00109	0.00479	0.00297	0.00167	0.00430
14	0.03638	0.02899	0.10457	0.28032	0.09533	0.00750	0.15306	0.01186	0.00807	0.22739	0.00825	0.00951	0.00581	0.00353	0.00351	0.00111	0.00436	0.00326	0.00232	0.00485
15	0.00777	0.01269	0.33857	0.01290	0.01705	0.00855	0.52824	0.01113	0.00791	0.01113	0.00676	0.00864	0.00496	0.00308	0.00381	0.00115	0.00561	0.00353	0.00165	0.00488
16	0.00505	0.00378	0.00482	0.00516	0.00608	0.00356	0.00428	0.00645	0.00840	0.01090	0.20054	0.03488	0.26204	0.00888	0.00447	0.00138	0.00247	0.42035	0.00335	0.00315
17	0.01250	0.00925	0.18468	0.00792	0.02319	0.05878	0.06900	0.01449	0.00919	0.51321	0.03035	0.03441	0.00817	0.00419	0.00353	0.00109	0.00380	0.00352	0.00331	0.00542
18	0.00900	0.03830	0.26651	0.02188	0.30940	0.00794	0.09542	0.03847	0.00830	0.11845	0.00799	0.01009	0.00622	0.00365	0.00351	0.00110	0.00442	0.04200	0.00210	0.00524
19	0.00659	0.00620	0.01047	0.86899	0.02403	0.00775	0.00969	0.00891	0.00698	0.00891	0.00620	0.00930	0.00465	0.00349	0.00349	0.00116	0.00465	0.00310	0.00155	0.00388
20	0.00751	0.00724	0.01923	0.07704	0.18670	0.00745	0.26809	0.00941	0.00748	0.03433	0.03531	0.09733	0.00917	0.04666	0.00560	0.00134	0.11842	0.05531	0.00210	0.00429
21	0.00781	0.08613	0.07170	0.17773	0.34025	0.03692	0.07402	0.00992	0.01817	0.01017	0.00758	0.08837	0.00685	0.00444	0.01937	0.00118	0.02929	0.00366	0.00182	0.00464
22	0.03455	0.03341	0.01095	0.02927	0.33696	0.01643	0.02878	0.01375	0.09317	0.33145	0.01984	0.01062	0.01713	0.00385	0.00344	0.00107	0.00353	0.00338	0.00293	0.00548
23	0.00763	0.00763	0.01069	0.00916	0.00916	0.01069	0.00763	0.00840	0.00534	0.00840	0.00458	0.00763	0.00458	0.00611	0.01145	0.00153	0.87099	0.00305	0.00153	0.00382
24	0.00651	0.01427	0.62647	0.00891	0.01292	0.00697	0.04077	0.00985	0.00763	0.01115	0.10120	0.09390	0.00986	0.00465	0.00359	0.00115	0.00444	0.02915	0.00197	0.00465
25	0.00870	0.10647	0.39594	0.05029	0.06532	0.03388	0.08064	0.01179	0.03944	0.11811	0.01687	0.00977	0.00629	0.00373	0.00338	0.00108	0.00453	0.03671	0.00206	0.00499
26	0.01168	0.04548	0.09283	0.02008	0.00982	0.00632	0.04472	0.03551	0.10505	0.45046	0.01379	0.03587	0.05907	0.00485	0.00360	0.00113	0.00330	0.04771	0.00349	0.00526
27	0.01303	0.01663	0.00989	0.00899	0.01079	0.86337	0.00674	0.01393	0.00989	0.00854	0.00539	0.00629	0.00449	0.00360	0.00315	0.00090	0.00629	0.00225	0.00180	0.00404
28	0.01154	0.01105	0.27298	0.00918	0.03437	0.07226	0.12692	0.01394	0.00887	0.38910	0.00967	0.00962	0.00646	0.00373	0.00351	0.00109	0.00434	0.00320	0.00282	0.00537
29	0.02474	0.03162	0.34095	0.00917	0.07662	0.00721	0.03458	0.06095	0.00899	0.35644	0.00943	0.00935	0.00633	0.00374	0.00340	0.00108	0.00407	0.00305	0.00279	0.00550
30	0.00658	0.00615	0.01037	0.85518	0.02372	0.00768	0.00958	0.00884	0.00694	0.00887	0.00620	0.00932	0.00467	0.00363	0.00365	0.01550	0.00463	0.00310	0.00155	0.00384
31	0.00857	0.00802	0.01335	0.07267	0.67915	0.00846	0.01013	0.01048	0.00762	0.03296	0.00649	0.00864	0.00544	0.00353	0.00442	0.00110	0.10887	0.00311	0.00176	0.00523
32	0.00458	0.00485	0.10737	0.00547	0.00627	0.00347	0.00440	0.00561	0.00676	0.00917	0.01766	0.77027	0.02082	0.01001	0.00432	0.00138	0.00240	0.00903	0.00303	0.00311
33	0.00857	0.00807	0.05825	0.00720	0.00928	0.02005	0.00588	0.05377	0.69919	0.01428	0.01366	0.06544	0.01075	0.00499	0.00358	0.00118	0.00295	0.00417	0.00338	0.00533
34	0.01061	0.07177	0.03287	0.05473	0.31466	0.00738	0.00757	0.04235	0.04232	0.26492	0.02298	0.00970	0.00695	0.00360	0.00331	0.00099	0.00355	0.00311	0.00267	0.09396
35	0.00714	0.10837	0.63096	0.00893	0.01325	0.00820	0.03051	0.02519	0.00782	0.01130	0.10855	0.00950	0.00792	0.00375	0.00332	0.00107	0.00457	0.00300	0.00180	0.00486
36	0.00802	0.01072	0.17664	0.06668	0.06751	0.00854	0.57628	0.01106	0.00800	0.02160	0.00691	0.00901	0.00515	0.00307	0.00388	0.00115	0.00553	0.00370	0.00173	0.00480
37	0.00743	0.00676	0.01138	0.61264	0.24762	0.00781	0.00982	0.00966	0.00734	0.03711	0.00654	0.00921	0.00502	0.00341	0.00348	0.00113	0.00446	0.00312	0.00169	0.00439
38	0.00794	0.00695	0.01110	0.40108	0.19282	0.00808	0.03386	0.05268	0.00761	0.05669	0.00729	0.05529	0.00611	0.00426	0.00473	0.00119	0.13247	0.00351	0.00193	0.00440
39	0.00816	0.09974	0.44190	0.06035	0.06509	0.00785	0.04561	0.01105	0.00784	0.11072	0.07322	0.00966	0.00740	0.00442	0.03123	0.00121	0.00456	0.00307	0.00204	0.00490
40	0.00844	0.00947	0.11626	0.02003	0.75408	0.00827	0.01097	0.01075	0.00787	0.01136	0.00653	0.00848	0.00539	0.00313	0.00344	0.00104	0.00427	0.00304	0.00170	0.00548
41	0.00728	0.00685	0.07690	0.08752	0.29515	0.01660	0.01995	0.00899	0.00777	0.07726	0.05666	0.23884	0.06110	0.00595	0.00381	0.00118	0.00339	0.01794	0.00251	0.00434
42	0.00871	0.02977	0.10851	0.06023	0.02515	0.00579	0.09529	0.01086	0.04734	0.23167	0.10996	0.01663	0.14309	0.02291	0.01997	0.02930	0.00347	0.02399	0.00296	0.00442
43	0.00917	0.04556	0.01086	0.26173	0.20570	0.11417	0.02635	0.04733	0.06871	0.09558	0.00894	0.05626	0.02634	0.00411	0.00347	0.00109	0.00418	0.00353	0.00226	0.00465
44	0.00926	0.00935	0.01324	0.03193	0.52442	0.12683	0.09297	0.07467	0.00887	0.01163	0.00829	0.00986	0.05567	0.00359	0.00352	0.00104	0.00446	0.00335	0.00196	0.00509
45	0.00626	0.00556	0.00956	0.02422	0.10805	0.00533	0.20045	0.00785	0.00778	0.03196	0.06594	0.25474	0.13376	0.00710	0.00432	0.00127	0.01867	0.10066	0.00272	0.00379
46	0.00762	0.02705	0.21592	0.07886	0.25288	0.00767	0.16748	0.03138	0.00798	0.02002	0.03541	0.07667	0.00808	0.00423	0.00369	0.00114	0.00444	0.04275	0.00198	0.00476

[dist]
# distance from previous block
# <min> <max>
3	8

[block]
# block no. 9 follows, 80 sequences, length 16
# corresponding to MSA columns:
# 826-841
name=unknown_J
#
# <colnr> <probs for GDERKNQSTAVLIFYWHMCP>
#	G	D	E	R	K	N	Q	S	T	A	V	L	I	F	Y	W	H	M	C	P
0	0.01096	0.05214	0.06485	0.02505	0.03567	0.03244	0.09080	0.37010	0.11512	0.09131	0.05913	0.01962	0.00823	0.00421	0.00353	0.00107	0.00386	0.00351	0.00306	0.00535
1	0.06055	0.02325	0.00984	0.06106	0.24313	0.05155	0.06634	0.02215	0.05599	0.03416	0.01089	0.21856	0.02818	0.02432	0.00443	0.00123	0.05385	0.01519	0.01107	0.00426
2	0.72139	0.05892	0.04975	0.00509	0.00750	0.00795	0.00450	0.01093	0.00645	0.09303	0.00575	0.00633	0.00430	0.00333	0.00235	0.00106	0.00291	0.00207	0.00228	0.00409
3	0.00536	0.00406	0.00478	0.00453	0.00557	0.00389	0.00341	0.04949	0.05901	0.01270	0.44117	0.08718	0.25001	0.00784	0.01995	0.00122	0.00203	0.00642	0.02795	0.00343
4	0.00719	0.00661	0.00839	0.03890	0.00838	0.05182	0.01653	0.00854	0.03984	0.00933	0.02183	0.02828	0.01895	0.06159	0.09048	0.00186	0.44975	0.00353	0.12459	0.00362
5	0.04885	0.00410	0.00490	0.00470	0.00576	0.00403	0.01582	0.00805	0.06839	0.03112	0.34915	0.04847	0.11576	0.00662	0.00372	0.00112	0.00206	0.09456	0.17933	0.00348
6	0.01164	0.00712	0.00885	0.00836	0.10218	0.02301	0.00601	0.20333	0.10264	0.30857	0.01178	0.09646	0.00925	0.00499	0.00391	0.00113	0.03979	0.01567	0.03003	0.00530
7	0.00487	0.00354	0.00458	0.00438	0.00518	0.00325	0.00326	0.00643	0.00963	0.01353	0.77586	0.07021	0.06737	0.00740	0.00413	0.00112	0.00167	0.00654	0.00378	0.00325
8	0.00502	0.00360	0.00492	0.00492	0.00531	0.00399	0.00351	0.00579	0.00540	0.00759	0.00997	0.01717	0.01023	0.34943	0.54235	0.00476	0.00708	0.00425	0.00196	0.00274
9	0.00728	0.00655	0.01092	0.50314	0.27000	0.00745	0.00920	0.02587	0.00719	0.00961	0.00634	0.00923	0.00509	0.00434	0.00460	0.10002	0.00430	0.00310	0.00164	0.00415
10	0.00467	0.00364	0.00412	0.00401	0.00493	0.00329	0.00293	0.00600	0.03370	0.01095	0.33221	0.04533	0.41834	0.10385	0.00561	0.00140	0.00194	0.00667	0.00335	0.00306
11	0.04155	0.12938	0.04087	0.18117	0.32990	0.06467	0.02714	0.02932	0.00772	0.01040	0.00724	0.06757	0.00650	0.00447	0.02680	0.00118	0.00433	0.01335	0.00184	0.00460
12	0.01101	0.21209	0.02293	0.03150	0.04442	0.26075	0.00673	0.23146	0.04530	0.01240	0.00666	0.00756	0.00538	0.00483	0.04488	0.00118	0.04136	0.00263	0.00223	0.00472
13	0.00428	0.00305	0.00404	0.00482	0.00501	0.00286	0.00320	0.00487	0.00662	0.00882	0.01891	0.84203	0.02267	0.04455	0.00497	0.00149	0.00208	0.00973	0.00320	0.00281
14	0.01113	0.00738	0.00906	0.10223	0.01831	0.04655	0.03656	0.21622	0.07856	0.25561	0.08011	0.02384	0.02637	0.02442	0.00423	0.00117	0.03723	0.01272	0.00327	0.00502
15	0.01204	0.08044	0.04914	0.00857	0.01059	0.59933	0.00689	0.08528	0.00977	0.02777	0.00591	0.00688	0.00483	0.00440	0.02915	0.00109	0.04926	0.00242	0.00195	0.00429

[dist]
# distance from previous block
# <min> <max>
0	1

[block]
# block no. 10 follows, 80 sequences, length 21
# corresponding to MSA columns:
# 843-863
name=unknown_K
#
# <colnr> <probs for GDERKNQSTAVLIFYWHMCP>
#	G	D	E	R	K	N	Q	S	T	A	V	L	I	F	Y	W	H	M	C	P
0	0.22865	0.02384	0.00762	0.05341	0.00913	0.00593	0.04144	0.00976	0.00716	0.07775	0.00723	0.03780	0.00606	0.00342	0.00278	0.00083	0.00292	0.02426	0.00228	0.44771
1	0.01058	0.00786	0.01132	0.17537	0.20309	0.02131	0.06716	0.20279	0.03211	0.17166	0.00845	0.00937	0.00612	0.00366	0.00348	0.00105	0.00399	0.00321	0.00265	0.05477
2	0.00818	0.00796	0.01113	0.02745	0.28653	0.05783	0.00816	0.00943	0.00682	0.03175	0.00802	0.01011	0.07325	0.00511	0.00742	0.00128	0.42999	0.00338	0.00182	0.00438
3	0.00721	0.00675	0.01125	0.38839	0.38602	0.00739	0.00927	0.00920	0.00736	0.00996	0.00835	0.06381	0.03707	0.02870	0.00396	0.00119	0.00413	0.00374	0.00181	0.00445
4	0.00501	0.00345	0.00426	0.00430	0.00447	0.00359	0.00273	0.00535	0.00529	0.00721	0.01105	0.06780	0.01229	0.62106	0.22403	0.00382	0.00477	0.00502	0.00212	0.00240
5	0.00862	0.00834	0.01443	0.02114	0.82108	0.00831	0.04503	0.01073	0.00796	0.01139	0.00658	0.00867	0.00552	0.00310	0.00348	0.00104	0.00422	0.00315	0.00173	0.00549
6	0.00453	0.00349	0.00414	0.00411	0.00499	0.00310	0.00303	0.00574	0.00871	0.01154	0.42392	0.13538	0.35816	0.00829	0.00416	0.00117	0.00174	0.00718	0.00353	0.00310
7	0.05227	0.18030	0.33040	0.09564	0.07428	0.09270	0.03010	0.04897	0.00804	0.04756	0.00629	0.00742	0.00478	0.00335	0.00310	0.00101	0.00461	0.00257	0.00179	0.00481
8	0.00823	0.00672	0.04616	0.04721	0.12098	0.04124	0.01704	0.01147	0.17681	0.14098	0.08499	0.06548	0.15235	0.00581	0.00378	0.00116	0.00309	0.05890	0.00308	0.00451
9	0.01285	0.01579	0.00983	0.00884	0.01071	0.77211	0.00668	0.06547	0.04814	0.00964	0.00597	0.00672	0.00486	0.00368	0.00319	0.00092	0.00598	0.00238	0.00198	0.00423
10	0.01517	0.00601	0.00801	0.00617	0.00880	0.00532	0.00509	0.05591	0.01018	0.78398	0.01341	0.01176	0.00852	0.00430	0.00346	0.00107	0.00296	0.00348	0.04057	0.00583
11	0.06194	0.02319	0.14853	0.04371	0.40665	0.08495	0.10949	0.01965	0.00793	0.01118	0.00692	0.04735	0.00588	0.00355	0.00344	0.00107	0.00453	0.00328	0.00180	0.00494
12	0.00849	0.04954	0.10637	0.01344	0.01707	0.00881	0.68171	0.01139	0.00817	0.04921	0.00718	0.00914	0.00532	0.00304	0.00392	0.00115	0.00558	0.00383	0.00184	0.00480
13	0.00612	0.04547	0.05925	0.00629	0.00703	0.08114	0.00501	0.00691	0.00667	0.00871	0.01317	0.48123	0.01509	0.02137	0.01633	0.05110	0.14606	0.01728	0.00251	0.00325
14	0.10617	0.04097	0.00802	0.00660	0.00806	0.10371	0.04125	0.05227	0.00769	0.16541	0.00969	0.10538	0.00881	0.09491	0.14248	0.00208	0.08598	0.00398	0.00255	0.00401
15	0.00520	0.00342	0.00462	0.00526	0.00573	0.00323	0.00385	0.00606	0.00714	0.05624	0.01862	0.62845	0.02144	0.02474	0.00470	0.00147	0.00236	0.19112	0.00327	0.00308
16	0.00888	0.00760	0.00812	0.00752	0.04196	0.03656	0.00564	0.11153	0.58672	0.01488	0.09503	0.01339	0.01183	0.00541	0.02791	0.00127	0.00313	0.00399	0.00340	0.00523
17	0.90202	0.00675	0.00513	0.00459	0.00675	0.00783	0.00378	0.01026	0.00594	0.01565	0.00486	0.00567	0.00378	0.00324	0.00216	0.00108	0.00270	0.00189	0.00216	0.00378
18	0.00626	0.00410	0.00479	0.00451	0.00561	0.00390	0.00342	0.04498	0.04541	0.07291	0.27957	0.09167	0.21360	0.04103	0.00436	0.00121	0.00206	0.03195	0.13515	0.00353
19	0.00636	0.00406	0.00458	0.00429	0.00534	0.00404	0.00326	0.04103	0.08132	0.03026	0.32266	0.03161	0.07839	0.00570	0.00336	0.00100	0.00186	0.00483	0.36246	0.00359
20	0.00472	0.00352	0.00423	0.00431	0.00519	0.00315	0.00322	0.00586	0.00839	0.02509	0.30381	0.19051	0.35113	0.00864	0.00422	0.00122	0.00190	0.06432	0.00346	0.00311

[dist]
# distance from previous block
# <min> <max>
3	5

[block]
# block no. 11 follows, 80 sequences, length 9
# corresponding to MSA columns:
# 869-877
name=unknown_L
#
# <colnr> <probs for GDERKNQSTAVLIFYWHMCP>
#	G	D	E	R	K	N	Q	S	T	A	V	L	I	F	Y	W	H	M	C	P
0	0.14201	0.25660	0.04258	0.06690	0.07252	0.10951	0.02644	0.05279	0.06159	0.12764	0.00723	0.00779	0.00552	0.00350	0.00291	0.00097	0.00391	0.00259	0.00227	0.00473
1	0.00574	0.00397	0.00490	0.00454	0.00544	0.00369	0.02760	0.00680	0.00695	0.01025	0.10764	0.05519	0.04076	0.29442	0.00814	0.00178	0.00264	0.08636	0.20373	0.11947
2	0.12783	0.01154	0.00810	0.00719	0.00902	0.45622	0.00553	0.08401	0.00944	0.08409	0.00726	0.00806	0.00564	0.00454	0.03413	0.00111	0.00480	0.00258	0.12473	0.00419
3	0.00459	0.00336	0.00421	0.00447	0.00511	0.00307	0.00322	0.00568	0.00811	0.01096	0.31459	0.36513	0.17770	0.00897	0.00423	0.00125	0.00188	0.04133	0.02909	0.00304
4	0.00470	0.00352	0.00436	0.00422	0.00509	0.00318	0.00314	0.00610	0.00921	0.01258	0.60635	0.08521	0.22394	0.00779	0.00414	0.00114	0.00170	0.00680	0.00366	0.00318
5	0.00487	0.00362	0.00438	0.00426	0.00523	0.00328	0.00323	0.00616	0.00871	0.03054	0.41402	0.05605	0.34367	0.00915	0.05948	0.00144	0.00228	0.03299	0.00346	0.00319
6	0.00542	0.00364	0.00469	0.00444	0.00526	0.00335	0.00326	0.00682	0.00920	0.05588	0.65776	0.08271	0.05613	0.07971	0.00524	0.00131	0.00189	0.00634	0.00366	0.00329
7	0.00668	0.01616	0.74796	0.00917	0.01378	0.00745	0.01160	0.01037	0.00757	0.01114	0.06332	0.01029	0.06159	0.00392	0.00342	0.00111	0.00471	0.00313	0.00174	0.00489
8	0.82827	0.00668	0.00538	0.00472	0.00693	0.00760	0.00389	0.01082	0.00627	0.08574	0.00560	0.00618	0.00418	0.00333	0.00227	0.00108	0.00272	0.00202	0.00234	0.00396

[dist]
# distance from previous block
# <min> <max>
0	2

[block]
# block no. 12 follows, 80 sequences, length 6
# corresponding to MSA columns:
# 880-885
name=unknown_M
#
# <colnr> <probs for GDERKNQSTAVLIFYWHMCP>
#	G	D	E	R	K	N	Q	S	T	A	V	L	I	F	Y	W	H	M	C	P
0	0.63934	0.00682	0.00628	0.00578	0.04252	0.00759	0.00446	0.06080	0.04225	0.11761	0.03369	0.00766	0.00578	0.00361	0.00258	0.00108	0.00283	0.00244	0.00259	0.00430
1	0.04315	0.00945	0.22450	0.00710	0.01039	0.00645	0.02955	0.05932	0.03116	0.17197	0.00913	0.00948	0.04129	0.00366	0.00340	0.00092	0.03191	0.00289	0.00249	0.30180
2	0.00791	0.00739	0.01206	0.08931	0.51663	0.00815	0.00916	0.00944	0.00699	0.01004	0.00621	0.00885	0.00544	0.00537	0.04074	0.07143	0.17547	0.00312	0.00166	0.00464
3	0.04894	0.06215	0.01234	0.00878	0.01155	0.00888	0.20834	0.35047	0.01153	0.17504	0.00886	0.00986	0.00651	0.05547	0.00436	0.00121	0.00409	0.00343	0.00297	0.00523
4	0.00579	0.00510	0.00756	0.00635	0.00778	0.00498	0.15438	0.03192	0.02957	0.01087	0.10366	0.10001	0.36805	0.00697	0.00450	0.00118	0.06466	0.00605	0.07708	0.00353
5	0.04003	0.00902	0.04668	0.09711	0.37824	0.10793	0.00850	0.09007	0.04408	0.07792	0.00815	0.06217	0.00679	0.00396	0.00344	0.00107	0.00413	0.00343	0.00226	0.00502

[dist]
# distance from previous block
# <min> <max>
0	3

[block]
# block no. 13 follows, 80 sequences, length 16
# corresponding to MSA columns:
# 889-904
name=unknown_N
#
# <colnr> <probs for GDERKNQSTAVLIFYWHMCP>
#	G	D	E	R	K	N	Q	S	T	A	V	L	I	F	Y	W	H	M	C	P
0	0.00809	0.00814	0.01144	0.42518	0.28084	0.10276	0.00938	0.01048	0.04907	0.00990	0.00654	0.00886	0.00520	0.00357	0.00383	0.00111	0.04633	0.00305	0.00173	0.00449
1	0.00428	0.00306	0.00407	0.00484	0.00507	0.00285	0.00324	0.00493	0.00680	0.00911	0.05182	0.84194	0.02346	0.01078	0.00444	0.00140	0.00201	0.00978	0.00326	0.00285
2	0.00547	0.00391	0.00543	0.00614	0.00690	0.00387	0.00526	0.00702	0.00812	0.01068	0.09631	0.09081	0.02147	0.00949	0.00473	0.00155	0.00299	0.70339	0.00327	0.00320
3	0.00483	0.00356	0.00461	0.00525	0.00574	0.00347	0.00384	0.00628	0.06216	0.00975	0.04298	0.59441	0.05583	0.01008	0.00444	0.00142	0.00229	0.17270	0.00327	0.00310
4	0.02917	0.01027	0.05027	0.12471	0.03073	0.23224	0.04712	0.07855	0.03148	0.02234	0.03622	0.00859	0.00603	0.00446	0.00568	0.00117	0.25316	0.00301	0.02056	0.00424
