[name]
unknown

[dist]
# distance from previous block
# <min> <max>
7	88

[block]
# block no. 0 follows, 72 sequences, length 13
# corresponding to MSA columns:
# 179-191
name=unknown_A
#
# <colnr> <probs for GDERKNQSTAVLIFYWHMCP>
#	G	D	E	R	K	N	Q	S	T	A	V	L	I	F	Y	W	H	M	C	P
0	0.13418	0.00540	0.00617	0.00555	0.00713	0.00537	0.00430	0.09058	0.00970	0.17074	0.18360	0.16033	0.07347	0.03621	0.00445	0.00133	0.00265	0.03181	0.06269	0.00432
1	0.04121	0.00694	0.00815	0.00662	0.00887	0.00698	0.00533	0.26370	0.03579	0.26508	0.22285	0.03565	0.06450	0.00585	0.00399	0.00119	0.00304	0.00482	0.00409	0.00537
2	0.01010	0.00760	0.00828	0.00723	0.00919	0.00841	0.00560	0.22334	0.39312	0.05762	0.01420	0.12783	0.01206	0.06232	0.00494	0.00142	0.00321	0.00497	0.03314	0.00542
3	0.03740	0.00513	0.00633	0.00561	0.00716	0.00488	0.00424	0.01224	0.07125	0.33047	0.04480	0.15202	0.01387	0.15175	0.00646	0.00164	0.00288	0.01996	0.11734	0.00457
4	0.03346	0.00366	0.00436	0.00473	0.00517	0.00348	0.00314	0.00574	0.00731	0.00994	0.10305	0.42380	0.12989	0.23470	0.00846	0.00202	0.00253	0.00836	0.00323	0.00297
5	0.00939	0.00901	0.01539	0.02328	0.84306	0.00901	0.01164	0.01164	0.00864	0.01239	0.00713	0.00939	0.00601	0.00338	0.00375	0.00113	0.00451	0.00338	0.00188	0.00601
6	0.00543	0.00376	0.00445	0.00469	0.00541	0.00352	0.00337	0.02259	0.00837	0.01161	0.15304	0.31797	0.18949	0.06330	0.00526	0.00146	0.00220	0.04334	0.14745	0.00329
7	0.00482	0.00349	0.00454	0.00531	0.00563	0.00330	0.00362	0.00573	0.02535	0.00981	0.02098	0.74744	0.05200	0.04626	0.00541	0.00162	0.00232	0.04574	0.00348	0.00313
8	0.00477	0.00336	0.00436	0.00509	0.00527	0.00318	0.00332	0.00532	0.00697	0.00929	0.01940	0.72367	0.02319	0.15503	0.00726	0.00190	0.00245	0.00990	0.00332	0.00295
9	0.00524	0.00391	0.00451	0.00460	0.00533	0.00366	0.00322	0.02823	0.00790	0.01015	0.09487	0.17899	0.32468	0.22415	0.03992	0.01578	0.00284	0.03578	0.00319	0.00307
10	0.00831	0.00710	0.00818	0.03357	0.02413	0.02560	0.00498	0.06993	0.00871	0.01295	0.03058	0.00949	0.03052	0.00355	0.00329	0.01935	0.00306	0.00271	0.00241	0.69158
11	0.09050	0.08873	0.00961	0.00691	0.00952	0.00847	0.00571	0.15785	0.18591	0.31571	0.02749	0.01163	0.00896	0.00457	0.00351	0.00114	0.00329	0.00356	0.05113	0.00579
12	0.00553	0.00419	0.00618	0.00607	0.00687	0.00476	0.00473	0.00690	0.00618	0.00897	0.01000	0.01458	0.00930	0.02727	0.81291	0.00584	0.00982	0.00398	0.00204	0.04388

[dist]
# distance from previous block
# <min> <max>
0	7

[block]
# block no. 1 follows, 72 sequences, length 28
# corresponding to MSA columns:
# 199-225,229
name=unknown_B
#
# <colnr> <probs for GDERKNQSTAVLIFYWHMCP>
#	G	D	E	R	K	N	Q	S	T	A	V	L	I	F	Y	W	H	M	C	P
0	0.00744	0.00686	0.01059	0.16684	0.17269	0.00826	0.02373	0.00891	0.00687	0.00980	0.02236	0.02814	0.00776	0.09802	0.14436	0.00239	0.26496	0.00391	0.00192	0.00419
1	0.01442	0.01062	0.01138	0.00873	0.01176	0.01176	0.00721	0.83041	0.01783	0.02390	0.00911	0.00911	0.00645	0.00455	0.00379	0.00114	0.00417	0.00341	0.00379	0.00645
2	0.00943	0.00815	0.00858	0.00772	0.00986	0.00943	0.00600	0.02015	0.83621	0.01586	0.01544	0.01415	0.01158	0.00515	0.00386	0.00129	0.00300	0.00429	0.00386	0.00600
3	0.01014	0.86900	0.01987	0.00649	0.00973	0.01501	0.00649	0.01136	0.00771	0.00892	0.00527	0.00608	0.00487	0.00324	0.00243	0.00081	0.00406	0.00203	0.00162	0.00487
4	0.00548	0.00366	0.00415	0.00418	0.00419	0.00366	0.00234	0.00551	0.00558	0.00744	0.01227	0.05480	0.01419	0.83618	0.01879	0.00360	0.00362	0.00570	0.00234	0.00233
5	0.00807	0.17516	0.69558	0.01002	0.01519	0.00994	0.01263	0.01189	0.00795	0.01145	0.00653	0.00765	0.00482	0.00354	0.00339	0.00113	0.00532	0.00266	0.00161	0.00547
6	0.00537	0.00388	0.00507	0.00477	0.00567	0.00358	0.00358	0.00716	0.01074	0.01521	0.84106	0.02833	0.03578	0.00775	0.00447	0.00119	0.00179	0.00686	0.00417	0.00358
7	0.00830	0.00830	0.01162	0.00996	0.00996	0.01162	0.00830	0.00913	0.00581	0.00913	0.00498	0.00830	0.00498	0.00664	0.01245	0.00166	0.85977	0.00332	0.00166	0.00415
8	0.00716	0.00674	0.01138	0.85760	0.02612	0.00843	0.01053	0.00969	0.00758	0.00969	0.00674	0.01011	0.00506	0.00379	0.00379	0.00126	0.00506	0.00337	0.00169	0.00421
9	0.01386	0.01757	0.01079	0.00978	0.01163	0.80824	0.00738	0.01483	0.01049	0.00927	0.00582	0.00691	0.00489	0.00405	0.00388	0.00101	0.05077	0.00249	0.00194	0.00438
10	0.00659	0.00329	0.00494	0.00494	0.00494	0.00329	0.00329	0.00494	0.00494	0.00659	0.00659	0.01153	0.00659	0.01318	0.01482	0.88966	0.00329	0.00329	0.00165	0.00165
11	0.00473	0.00338	0.00452	0.00540	0.00567	0.00317	0.00371	0.00547	0.00737	0.00980	0.02084	0.80532	0.02485	0.01178	0.00487	0.00155	0.00229	0.06865	0.00352	0.00311
12	0.01702	0.00645	0.00880	0.00675	0.00968	0.00557	0.00557	0.01848	0.01085	0.84568	0.01496	0.01291	0.00939	0.00469	0.00381	0.00117	0.00323	0.00381	0.00469	0.00645
13	0.00476	0.00394	0.00420	0.00426	0.00542	0.00344	0.00318	0.00608	0.03538	0.01076	0.09426	0.12475	0.64830	0.00959	0.00452	0.00131	0.00201	0.02693	0.00358	0.00331
14	0.00943	0.00815	0.00858	0.00772	0.00986	0.00943	0.00600	0.02015	0.83621	0.01586	0.01544	0.01415	0.01158	0.00515	0.00386	0.00129	0.00300	0.00429	0.00386	0.00600
15	0.00996	0.01081	0.02386	0.03313	0.01082	0.23365	0.00781	0.06388	0.00801	0.01016	0.00601	0.00858	0.00544	0.00754	0.08178	0.00181	0.46738	0.00315	0.00191	0.00432
16	0.01284	0.01045	0.01171	0.02533	0.15041	0.06974	0.00791	0.51140	0.09114	0.03198	0.00907	0.00951	0.00672	0.00442	0.00402	0.00116	0.02941	0.00342	0.00327	0.00609
17	0.00480	0.00355	0.00490	0.06644	0.00698	0.00346	0.00402	0.00560	0.00728	0.00968	0.01989	0.80295	0.02365	0.01130	0.00477	0.00152	0.00241	0.01025	0.00339	0.00316
18	0.00788	0.00679	0.00799	0.00576	0.00902	0.00528	0.00462	0.00954	0.00780	0.01225	0.00668	0.00788	0.00560	0.00294	0.00313	0.00060	0.03154	0.00228	0.00223	0.86020
19	0.00522	0.00386	0.00468	0.00485	0.00571	0.00348	0.00351	0.00633	0.02419	0.02213	0.16698	0.32871	0.28538	0.00993	0.00509	0.04710	0.00219	0.03417	0.00352	0.03298
20	0.01095	0.03475	0.03706	0.11707	0.17669	0.05549	0.03394	0.31670	0.01177	0.03261	0.00851	0.04000	0.00683	0.00475	0.00436	0.03989	0.01945	0.00359	0.04022	0.00536
21	0.00866	0.05597	0.27221	0.05921	0.20850	0.00922	0.22628	0.04617	0.00865	0.01212	0.00739	0.00984	0.00588	0.04793	0.00463	0.00131	0.00529	0.00353	0.00188	0.00532
22	0.00659	0.00329	0.00494	0.00494	0.00494	0.00329	0.00329	0.00494	0.00494	0.00659	0.00659	0.01153	0.00659	0.01318	0.01482	0.88966	0.00329	0.00329	0.00165	0.00165
23	0.00542	0.00406	0.00610	0.00610	0.00677	0.00474	0.00474	0.00677	0.00610	0.00880	0.01016	0.01490	0.00948	0.02844	0.85169	0.00610	0.01016	0.00406	0.00203	0.00339
24	0.00631	0.00496	0.00674	0.04707	0.02774	0.00559	0.00510	0.03479	0.08484	0.01060	0.07508	0.04957	0.04889	0.09429	0.42940	0.00392	0.03511	0.02368	0.00257	0.00376
25	0.00883	0.12645	0.63992	0.01001	0.01493	0.06540	0.01218	0.03182	0.00848	0.03865	0.00687	0.00787	0.00500	0.00364	0.00345	0.00113	0.00538	0.00273	0.00178	0.00548
26	0.01256	0.03892	0.03233	0.04928	0.14806	0.17836	0.00770	0.08544	0.09579	0.23406	0.02353	0.01041	0.00761	0.00440	0.00419	0.00116	0.05421	0.00340	0.00301	0.00556
27	0.02400	0.00831	0.00863	0.02775	0.01009	0.04030	0.00609	0.03964	0.68035	0.01533	0.03897	0.01428	0.03117	0.00526	0.00412	0.00128	0.03083	0.00427	0.00364	0.00568

[dist]
# distance from previous block
# <min> <max>
0	1

[block]
# block no. 2 follows, 72 sequences, length 23
# corresponding to MSA columns:
# 231-253
name=unknown_C
#
# <colnr> <probs for GDERKNQSTAVLIFYWHMCP>
#	G	D	E	R	K	N	Q	S	T	A	V	L	I	F	Y	W	H	M	C	P
0	0.00802	0.01397	0.42229	0.02678	0.01583	0.00817	0.22963	0.01145	0.00822	0.01208	0.00702	0.00861	0.00525	0.00332	0.00366	0.00108	0.00518	0.00314	0.00183	0.20448
1	0.00659	0.00329	0.00494	0.00494	0.00494	0.00329	0.00329	0.00494	0.00494	0.00659	0.00659	0.01153	0.00659	0.01318	0.01482	0.88966	0.00329	0.00329	0.00165	0.00165
2	0.01048	0.00867	0.00916	0.00793	0.01026	0.00992	0.00626	0.18990	0.66476	0.01755	0.01411	0.01309	0.01050	0.00502	0.00385	0.00126	0.00325	0.00410	0.00385	0.00610
3	0.00515	0.00403	0.00585	0.18380	0.00981	0.00420	0.00497	0.00621	0.00736	0.00970	0.01837	0.66499	0.04092	0.01013	0.00461	0.00148	0.00279	0.00916	0.00314	0.00332
4	0.01104	0.68917	0.01809	0.00696	0.01016	0.01433	0.00664	0.18294	0.00983	0.01206	0.00608	0.00672	0.00520	0.00352	0.00272	0.00088	0.00408	0.00232	0.00208	0.00520
5	0.00541	0.00402	0.00588	0.00582	0.00654	0.00450	0.00450	0.00685	0.00707	0.01015	0.18423	0.01771	0.01499	0.02411	0.67420	0.00507	0.00841	0.00465	0.00248	0.00343
6	0.00716	0.00613	0.00702	0.00525	0.00818	0.00467	0.00416	0.00869	0.00803	0.01192	0.01338	0.01386	0.18073	0.00423	0.00316	0.00071	0.00262	0.00345	0.00251	0.70414
7	0.00786	0.00674	0.00786	0.00562	0.00899	0.00506	0.00449	0.00955	0.00786	0.01236	0.00674	0.00786	0.00562	0.00281	0.00281	0.00056	0.00281	0.00225	0.00225	0.88990
8	0.00715	0.00663	0.00556	0.00551	0.00599	0.18117	0.00358	0.00749	0.00698	0.00822	0.01275	0.16908	0.02965	0.51916	0.01315	0.00269	0.00405	0.00585	0.00246	0.00289
9	0.00610	0.00464	0.00570	0.00536	0.00536	0.00534	0.00355	0.00627	0.00558	0.00773	0.01049	0.02136	0.01194	0.68654	0.01787	0.00325	0.18302	0.00506	0.00216	0.00269
10	0.04590	0.00591	0.00782	0.00642	0.00877	0.00529	0.00513	0.03276	0.01009	0.62322	0.01573	0.19093	0.01242	0.00615	0.00398	0.00125	0.00302	0.00520	0.00434	0.00566
11	0.02283	0.00397	0.00542	0.00529	0.00579	0.00419	0.00376	0.00676	0.00608	0.05567	0.03560	0.01674	0.01057	0.23610	0.34272	0.22310	0.00602	0.00428	0.00223	0.00287
12	0.00630	0.00461	0.00514	0.00503	0.00551	0.00487	0.00325	0.00863	0.17972	0.00937	0.01339	0.06883	0.01416	0.61590	0.01489	0.00301	0.00345	0.02806	0.00272	0.00315
13	0.00742	0.01595	0.63981	0.00934	0.01367	0.00784	0.01131	0.04069	0.00785	0.01147	0.00797	0.01157	0.00675	0.18445	0.00690	0.00172	0.00515	0.00339	0.00183	0.00494
14	0.00706	0.18503	0.00858	0.00605	0.03238	0.00627	0.00451	0.00705	0.00608	0.00810	0.00795	0.03919	0.00779	0.04097	0.20464	0.39044	0.00501	0.00353	0.02638	0.00298
15	0.04430	0.00408	0.00468	0.00465	0.00549	0.00397	0.00330	0.01916	0.01859	0.06769	0.11627	0.22798	0.08222	0.16230	0.00665	0.00166	0.00243	0.00639	0.21475	0.00347
16	0.19091	0.00421	0.00472	0.00528	0.00600	0.00429	0.00377	0.00665	0.00719	0.01131	0.01791	0.62677	0.03570	0.01002	0.00433	0.00147	0.00242	0.05046	0.00327	0.00332
17	0.01472	0.01014	0.01108	0.00850	0.01152	0.01105	0.00702	0.73676	0.01703	0.11869	0.00978	0.00954	0.00679	0.00457	0.00380	0.00114	0.00406	0.00346	0.00390	0.00645
18	0.00808	0.00827	0.01561	0.21214	0.03507	0.00887	0.37820	0.02469	0.00804	0.01091	0.00862	0.05307	0.03244	0.00493	0.00595	0.03774	0.13653	0.00437	0.00197	0.00449
19	0.00585	0.00407	0.00495	0.00464	0.00562	0.00367	0.00334	0.00708	0.00905	0.04910	0.42091	0.06796	0.16856	0.17405	0.00725	0.00167	0.00231	0.00661	0.00359	0.04973
20	0.02835	0.00610	0.00865	0.18462	0.01241	0.00590	0.00624	0.01469	0.01003	0.52003	0.13449	0.01449	0.01228	0.00493	0.00386	0.00119	0.00337	0.00413	0.01878	0.00547
21	0.00934	0.00764	0.02884	0.10331	0.28283	0.00714	0.05032	0.03769	0.00891	0.11306	0.05745	0.02421	0.00845	0.00498	0.04038	0.00126	0.00417	0.00359	0.01423	0.19219
22	0.02146	0.02023	0.01617	0.04102	0.05798	0.00516	0.03447	0.02039	0.00812	0.04909	0.21249	0.17217	0.01836	0.11770	0.14015	0.02090	0.02355	0.01390	0.00296	0.00372

[dist]
# distance from previous block
# <min> <max>
0	2

[block]
# block no. 3 follows, 72 sequences, length 9
# corresponding to MSA columns:
# 256-264
name=unknown_D
#
# <colnr> <probs for GDERKNQSTAVLIFYWHMCP>
#	G	D	E	R	K	N	Q	S	T	A	V	L	I	F	Y	W	H	M	C	P
0	0.06840	0.00515	0.00685	0.06660	0.07538	0.00507	0.01880	0.00904	0.00854	0.12625	0.22553	0.02203	0.11688	0.20465	0.00757	0.00178	0.00308	0.02126	0.00320	0.00393
1	0.01001	0.69591	0.04370	0.03411	0.01059	0.03603	0.02703	0.02840	0.00814	0.02637	0.00725	0.00801	0.04382	0.00364	0.00274	0.00089	0.00415	0.00251	0.00184	0.00485
2	0.02842	0.20041	0.01189	0.04094	0.04630	0.00824	0.04932	0.03131	0.00822	0.04847	0.00743	0.00852	0.02160	0.00337	0.00325	0.00081	0.02686	0.00264	0.00221	0.44978
3	0.23487	0.07362	0.12411	0.05546	0.06140	0.05085	0.02866	0.06862	0.00861	0.13514	0.00844	0.05754	0.00681	0.00491	0.00412	0.06216	0.00400	0.00333	0.00256	0.00481
4	0.00739	0.00468	0.00586	0.00605	0.00722	0.00464	0.00508	0.06493	0.00928	0.06628	0.01904	0.05658	0.08935	0.00841	0.00444	0.00144	0.00299	0.44648	0.18599	0.00386
5	0.00497	0.00365	0.00469	0.00527	0.00573	0.00348	0.00363	0.00632	0.05020	0.01082	0.13979	0.66598	0.05956	0.01085	0.00472	0.00147	0.00217	0.00977	0.00363	0.00331
6	0.00950	0.22671	0.04852	0.02911	0.14326	0.08921	0.04388	0.10585	0.02178	0.01244	0.11794	0.04480	0.03230	0.00509	0.00416	0.03767	0.01667	0.00385	0.00245	0.00481
7	0.00520	0.00412	0.00508	0.00500	0.00586	0.00394	0.00371	0.00640	0.00883	0.01185	0.31380	0.23164	0.27451	0.00908	0.00506	0.00132	0.06087	0.00776	0.00358	0.03240
8	0.00843	0.04628	0.08374	0.02219	0.08012	0.05322	0.07416	0.09781	0.03116	0.01302	0.19467	0.03774	0.01330	0.00751	0.07893	0.00168	0.14441	0.00437	0.00264	0.00463

[dist]
# distance from previous block
# <min> <max>
0	1

[block]
# block no. 4 follows, 72 sequences, length 35
# corresponding to MSA columns:
# 266-300
name=unknown_E
#
# <colnr> <probs for GDERKNQSTAVLIFYWHMCP>
#	G	D	E	R	K	N	Q	S	T	A	V	L	I	F	Y	W	H	M	C	P
0	0.07131	0.04440	0.08772	0.01088	0.11728	0.47576	0.00811	0.03843	0.00984	0.04538	0.00652	0.00758	0.00522	0.00386	0.00362	0.00104	0.02845	0.00266	0.00210	0.02981
1	0.00599	0.04073	0.05534	0.02570	0.04035	0.00481	0.06115	0.00729	0.00797	0.03578	0.08789	0.53087	0.06274	0.00927	0.00450	0.00140	0.00289	0.00840	0.00321	0.00373
2	0.28057	0.03416	0.12994	0.00802	0.01079	0.34880	0.00707	0.03502	0.00904	0.05646	0.00641	0.00721	0.00495	0.00374	0.00310	0.00106	0.00497	0.00246	0.00222	0.04401
3	0.00649	0.00552	0.00833	0.02054	0.05499	0.02567	0.06574	0.03075	0.00702	0.00986	0.02447	0.04602	0.00959	0.02151	0.59744	0.00466	0.05121	0.00426	0.00213	0.00381
4	0.02803	0.12192	0.06046	0.00675	0.00903	0.02058	0.02719	0.08825	0.04141	0.22965	0.02151	0.01403	0.02425	0.16912	0.08775	0.00205	0.00438	0.00387	0.01138	0.02839
5	0.21836	0.00984	0.03178	0.00782	0.01064	0.02359	0.00657	0.51922	0.02474	0.07612	0.00847	0.00866	0.00606	0.00435	0.00368	0.00116	0.02667	0.00310	0.00338	0.00578
6	0.00790	0.00680	0.07615	0.01905	0.02161	0.02422	0.03801	0.07610	0.06294	0.02545	0.00965	0.08993	0.00914	0.02399	0.02451	0.34184	0.01218	0.03998	0.00237	0.08818
7	0.03672	0.01022	0.12224	0.09544	0.02705	0.06163	0.14771	0.11059	0.02879	0.09172	0.00832	0.02433	0.00633	0.00378	0.00361	0.00105	0.00450	0.00332	0.00250	0.21014
8	0.00879	0.00728	0.00774	0.00707	0.00895	0.00830	0.00546	0.01776	0.68030	0.01535	0.05078	0.05939	0.01315	0.00554	0.00382	0.00126	0.00279	0.00467	0.08608	0.00552
9	0.00525	0.00412	0.00529	0.00580	0.06138	0.00375	0.00390	0.00665	0.00943	0.01267	0.41709	0.15787	0.27547	0.00865	0.00448	0.00127	0.00207	0.00757	0.00372	0.00355
10	0.02995	0.00419	0.00557	0.00550	0.00642	0.00416	0.00410	0.00790	0.00792	0.11571	0.14757	0.24449	0.06650	0.06156	0.25206	0.00286	0.00469	0.02192	0.00324	0.00367
11	0.00550	0.00373	0.00438	0.00438	0.00447	0.00381	0.00261	0.00567	0.00559	0.00754	0.01172	0.02357	0.01325	0.76116	0.12412	0.00398	0.00449	0.00533	0.00226	0.00244
12	0.00856	0.00951	0.02044	0.01488	0.01835	0.00893	0.73537	0.01154	0.00886	0.01198	0.00913	0.05270	0.00774	0.00409	0.00454	0.00132	0.00600	0.05905	0.00210	0.00491
13	0.00716	0.00674	0.01138	0.85760	0.02612	0.00843	0.01053	0.00969	0.00758	0.00969	0.00674	0.01011	0.00506	0.00379	0.00379	0.00126	0.00506	0.00337	0.00169	0.00421
14	0.05619	0.00481	0.00556	0.00542	0.00641	0.00488	0.00387	0.03737	0.11361	0.08295	0.07132	0.29099	0.06147	0.17283	0.00739	0.02694	0.00276	0.00673	0.03472	0.00378
15	0.01210	0.00947	0.01007	0.00826	0.01088	0.01068	0.00665	0.45309	0.39893	0.02016	0.01205	0.01145	0.00884	0.00483	0.00382	0.00121	0.00363	0.00382	0.00382	0.00624
16	0.00537	0.00388	0.00507	0.00477	0.00567	0.00358	0.00358	0.00716	0.01074	0.01521	0.84106	0.02833	0.03578	0.00775	0.00447	0.00119	0.00179	0.00686	0.00417	0.00358
17	0.00460	0.00385	0.00401	0.00402	0.00524	0.00326	0.00303	0.00564	0.00880	0.01069	0.10651	0.04912	0.74060	0.00950	0.00450	0.00129	0.00195	0.02659	0.00358	0.00324
18	0.02179	0.00418	0.00503	0.00481	0.00580	0.00386	0.00346	0.00792	0.01968	0.11733	0.24374	0.15662	0.18788	0.17212	0.00719	0.00173	0.00246	0.00687	0.02395	0.00359
19	0.01053	0.00829	0.00892	0.00771	0.00992	0.00932	0.00609	0.25034	0.48962	0.03426	0.01408	0.07948	0.01128	0.00558	0.00392	0.00126	0.00327	0.02042	0.01990	0.00582
20	0.00876	0.40785	0.46897	0.00883	0.01336	0.01164	0.01057	0.01171	0.00787	0.01060	0.00611	0.00713	0.00483	0.00344	0.00307	0.00102	0.00490	0.00245	0.00161	0.00527
21	0.01714	0.00389	0.00478	0.00494	0.00575	0.00357	0.00351	0.00691	0.02005	0.06968	0.18306	0.39360	0.19584	0.06253	0.00547	0.00152	0.00225	0.00842	0.00365	0.00345
22	0.00514	0.00369	0.00478	0.00492	0.00554	0.00344	0.00352	0.00641	0.00910	0.01257	0.46693	0.29296	0.05285	0.07823	0.00581	0.00152	0.00213	0.03338	0.00378	0.00330
23	0.00493	0.00348	0.00452	0.00509	0.00531	0.00341	0.00336	0.00550	0.00670	0.00901	0.01752	0.56472	0.02059	0.22297	0.10214	0.00257	0.00344	0.00875	0.00306	0.00292
24	0.06870	0.00456	0.00543	0.00498	0.00609	0.00439	0.00361	0.00885	0.02278	0.15393	0.23391	0.05481	0.10718	0.25346	0.04924	0.00216	0.00311	0.00572	0.00340	0.00371
25	0.00702	0.00430	0.00594	0.00571	0.00665	0.00444	0.00432	0.00844	0.02675	0.12267	0.14240	0.12984	0.01590	0.06965	0.38681	0.02494	0.00598	0.00542	0.01908	0.00374
26	0.16120	0.00646	0.00782	0.00625	0.00878	0.00614	0.00511	0.06730	0.01052	0.52309	0.13163	0.01411	0.02499	0.00500	0.00367	0.00118	0.00301	0.00400	0.00415	0.00560
27	0.00654	0.00405	0.00520	0.00528	0.00611	0.00382	0.00381	0.02576	0.02557	0.09448	0.25471	0.44598	0.02487	0.00918	0.00444	0.00135	0.00221	0.00818	0.06473	0.00372
28	0.00794	0.00788	0.01313	0.12398	0.09745	0.03750	0.23762	0.03795	0.00825	0.01114	0.03254	0.11090	0.04688	0.00733	0.07364	0.00172	0.13259	0.00486	0.00224	0.00446
29	0.02828	0.02539	0.20447	0.11015	0.08238	0.00686	0.02988	0.02317	0.04675	0.06757	0.13027	0.05543	0.03346	0.05119	0.01401	0.04727	0.00402	0.03225	0.00262	0.00455
30	0.00606	0.00408	0.00506	0.00499	0.00552	0.00445	0.00363	0.00714	0.00689	0.01050	0.04613	0.08843	0.04551	0.20203	0.20664	0.00287	0.07271	0.00499	0.26914	0.00323
31	0.05571	0.00487	0.00522	0.00485	0.00627	0.00481	0.00375	0.06162	0.07448	0.05918	0.12873	0.06012	0.27972	0.00698	0.00383	0.00118	0.00227	0.02112	0.21132	0.00399
32	0.02341	0.04567	0.02870	0.20240	0.28354	0.18946	0.05748	0.02700	0.00883	0.01099	0.00786	0.02724	0.02522	0.00499	0.04021	0.00135	0.00535	0.00344	0.00196	0.00490
33	0.04735	0.00703	0.00790	0.04194	0.04206	0.01838	0.00556	0.23105	0.15834	0.02877	0.03855	0.06971	0.02978	0.00692	0.05857	0.01831	0.00362	0.00427	0.17701	0.00488
34	0.06830	0.01440	0.00719	0.00609	0.00783	0.00657	0.00470	0.22610	0.04781	0.09387	0.13945	0.11621	0.09858	0.09902	0.00583	0.01831	0.00303	0.00542	0.00352	0.02778

[dist]
# distance from previous block
# <min> <max>
7	58

[block]
# block no. 5 follows, 72 sequences, length 38
# corresponding to MSA columns:
# 361-383,386-400
name=unknown_F
#
# <colnr> <probs for GDERKNQSTAVLIFYWHMCP>
#	G	D	E	R	K	N	Q	S	T	A	V	L	I	F	Y	W	H	M	C	P
0	0.00772	0.00457	0.00562	0.00516	0.00661	0.00412	0.00400	0.00944	0.04306	0.19057	0.27154	0.09280	0.28455	0.00804	0.00438	0.00127	0.00230	0.04613	0.00398	0.00413
1	0.04203	0.00473	0.00591	0.00546	0.00681	0.00441	0.00408	0.01960	0.03332	0.23881	0.18638	0.25919	0.09547	0.06950	0.00535	0.00147	0.00255	0.00685	0.00385	0.00422
2	0.03549	0.06330	0.03626	0.00742	0.01023	0.00775	0.03831	0.18881	0.04578	0.41037	0.01379	0.03434	0.05294	0.01592	0.00399	0.00121	0.00358	0.02083	0.00386	0.00583
3	0.02780	0.00541	0.00646	0.00583	0.00732	0.00533	0.00448	0.13550	0.04133	0.13829	0.23890	0.20542	0.11431	0.02207	0.00455	0.00132	0.00261	0.02483	0.00388	0.00438
4	0.03160	0.02020	0.00800	0.00680	0.00847	0.00759	0.00521	0.39364	0.01208	0.03109	0.01358	0.31424	0.01389	0.10837	0.00593	0.00158	0.00337	0.00623	0.00347	0.00468
5	0.00515	0.00393	0.00463	0.00491	0.00571	0.00362	0.00349	0.04922	0.00860	0.01108	0.09306	0.45617	0.31586	0.01035	0.00463	0.00140	0.00217	0.00908	0.00359	0.00334
6	0.00596	0.00382	0.00481	0.00502	0.00578	0.00347	0.00355	0.00686	0.00820	0.08956	0.13000	0.44583	0.17560	0.07492	0.00573	0.00158	0.00232	0.01996	0.00362	0.00343
7	0.05598	0.00412	0.00522	0.00533	0.00610	0.00398	0.00382	0.02030	0.00752	0.11851	0.01599	0.41987	0.02698	0.04563	0.00663	0.14536	0.00266	0.03779	0.06482	0.00341
8	0.01375	0.01412	0.01109	0.00935	0.01158	0.42900	0.00736	0.35307	0.01325	0.01534	0.00713	0.00791	0.00554	0.00442	0.00437	0.00110	0.08076	0.00292	0.00269	0.00523
9	0.00718	0.00548	0.00654	0.00530	0.00739	0.00450	0.00404	0.00851	0.00795	0.04202	0.12225	0.01745	0.03093	0.18340	0.00670	0.00142	0.00290	0.06212	0.00272	0.47122
10	0.76253	0.00750	0.00618	0.00541	0.00780	0.00857	0.00445	0.06449	0.03337	0.05019	0.00643	0.00736	0.00494	0.00378	0.00258	0.00118	0.00303	0.01322	0.00260	0.00440
11	0.00476	0.00336	0.00436	0.00511	0.00529	0.00317	0.00333	0.00532	0.00699	0.00933	0.01954	0.73610	0.02336	0.14237	0.00705	0.00187	0.00243	0.00998	0.00333	0.00296
12	0.00470	0.00343	0.00436	0.00501	0.00539	0.00316	0.00338	0.00543	0.00757	0.00999	0.07552	0.66189	0.12845	0.05590	0.00553	0.00160	0.00222	0.00990	0.00350	0.00309
13	0.00475	0.00383	0.00423	0.00442	0.00548	0.00335	0.00335	0.00577	0.00850	0.01044	0.06681	0.13734	0.59586	0.02914	0.00495	0.00142	0.00217	0.10146	0.00352	0.00322
14	0.00494	0.00386	0.00448	0.00432	0.00540	0.00340	0.00324	0.00633	0.00972	0.01281	0.45294	0.03228	0.42540	0.00865	0.00448	0.00124	0.00185	0.00741	0.00386	0.00340
15	0.01014	0.86900	0.01987	0.00649	0.00973	0.01501	0.00649	0.01136	0.00771	0.00892	0.00527	0.00608	0.00487	0.00324	0.00243	0.00081	0.00406	0.00203	0.00162	0.00487
16	0.00870	0.00899	0.01190	0.01013	0.01038	0.06569	0.03393	0.00961	0.00622	0.00923	0.00512	0.00826	0.00500	0.00635	0.01161	0.00160	0.77808	0.00330	0.00169	0.00419
17	0.00465	0.00388	0.00408	0.00411	0.00534	0.00330	0.00314	0.00572	0.00880	0.01067	0.09372	0.03633	0.73151	0.00953	0.00453	0.00130	0.00201	0.06056	0.00357	0.00325
18	0.00830	0.00830	0.01162	0.00996	0.00996	0.01162	0.00830	0.00913	0.00581	0.00913	0.00498	0.00830	0.00498	0.00664	0.01245	0.00166	0.85977	0.00332	0.00166	0.00415
19	0.00552	0.00368	0.00414	0.00414	0.00414	0.00368	0.00230	0.00552	0.00552	0.00735	0.01195	0.02482	0.01379	0.86672	0.01930	0.00368	0.00368	0.00552	0.00230	0.00230
20	0.00895	0.01023	0.02238	0.01598	0.01982	0.00959	0.82928	0.01215	0.00895	0.01215	0.00767	0.01023	0.00575	0.00320	0.00448	0.00128	0.00639	0.00448	0.00192	0.00512
21	0.00542	0.00406	0.00610	0.00610	0.00677	0.00474	0.00474	0.00677	0.00610	0.00880	0.01016	0.01490	0.00948	0.02844	0.85169	0.00610	0.01016	0.00406	0.00203	0.00339
22	0.01417	0.01808	0.01075	0.00977	0.01172	0.85149	0.00733	0.01514	0.01075	0.00928	0.00586	0.00684	0.00489	0.00391	0.00342	0.00098	0.00684	0.00244	0.00195	0.00440
23	0.89350	0.00733	0.00557	0.00499	0.00733	0.00851	0.00411	0.01115	0.00645	0.01702	0.00528	0.00616	0.00411	0.00352	0.00235	0.00117	0.00293	0.00205	0.00235	0.00411
24	0.00549	0.00374	0.00432	0.00443	0.00463	0.00368	0.00277	0.00581	0.00623	0.00828	0.03430	0.06153	0.06395	0.66809	0.01592	0.00317	0.00342	0.08050	0.01717	0.00254
25	0.00488	0.00349	0.00470	0.00558	0.00591	0.00331	0.00397	0.00573	0.00752	0.00997	0.02076	0.72055	0.02451	0.01164	0.00491	0.00158	0.00243	0.15190	0.00352	0.00315
26	0.00620	0.00448	0.00544	0.00533	0.00587	0.00479	0.00367	0.04892	0.07387	0.00955	0.01259	0.09290	0.01329	0.44317	0.22978	0.00375	0.00518	0.02545	0.00257	0.00319
27	0.72300	0.00748	0.00640	0.00548	0.00795	0.00841	0.00452	0.07471	0.00784	0.11514	0.00671	0.00718	0.00491	0.00374	0.00263	0.00117	0.00306	0.00237	0.00273	0.00456
28	0.00467	0.00372	0.00414	0.00434	0.00527	0.00325	0.00313	0.00561	0.00836	0.01042	0.10063	0.22884	0.52686	0.04945	0.00526	0.00145	0.00209	0.02581	0.00352	0.00317
29	0.00503	0.00364	0.00501	0.00565	0.00603	0.00347	0.02081	0.00584	0.00735	0.00976	0.01962	0.63716	0.02307	0.09545	0.00632	0.00178	0.00263	0.13490	0.00336	0.00311
30	0.00512	0.00362	0.00447	0.00489	0.00557	0.00325	0.00342	0.00599	0.00809	0.04191	0.09801	0.52657	0.25396	0.01061	0.00467	0.00142	0.00212	0.00939	0.00362	0.00329
31	0.02752	0.00398	0.00522	0.00545	0.00616	0.00373	0.00386	0.01585	0.00774	0.12822	0.04383	0.54927	0.03373	0.03028	0.00598	0.09324	0.00254	0.02645	0.00346	0.00348
32	0.01419	0.01007	0.01091	0.00843	0.01135	0.01105	0.00696	0.74783	0.01700	0.06694	0.00970	0.01002	0.00696	0.00465	0.00378	0.00114	0.00404	0.01688	0.03178	0.00631
33	0.00468	0.00375	0.00420	0.00444	0.00542	0.00327	0.00328	0.00569	0.00850	0.01057	0.09551	0.22584	0.54154	0.01004	0.00461	0.00136	0.00207	0.05844	0.00357	0.00322
34	0.11590	0.00636	0.00705	0.00608	0.00789	0.04644	0.00476	0.08132	0.04781	0.23126	0.28580	0.05138	0.01762	0.00671	0.02012	0.04726	0.00305	0.00479	0.00374	0.00466
35	0.01021	0.00685	0.00900	0.15673	0.07666	0.05133	0.00676	0.08252	0.00920	0.21345	0.01196	0.16006	0.01073	0.00714	0.02379	0.06770	0.04667	0.04154	0.00303	0.00466
36	0.01110	0.00530	0.00692	0.00589	0.00774	0.00482	0.00464	0.01235	0.00964	0.43097	0.11520	0.12992	0.17340	0.01856	0.00476	0.00130	0.04262	0.00587	0.00408	0.00490
37	0.00746	0.00610	0.00923	0.30038	0.14760	0.00671	0.00762	0.06265	0.00835	0.02843	0.01186	0.14762	0.02966	0.07665	0.03474	0.00166	0.00418	0.07030	0.03457	0.00423

[dist]
# distance from previous block
# <min> <max>
0	4

[block]
# block no. 6 follows, 72 sequences, length 40
# corresponding to MSA columns:
# 406-410,415-449
name=unknown_G
#
# <colnr> <probs for GDERKNQSTAVLIFYWHMCP>
#	G	D	E	R	K	N	Q	S	T	A	V	L	I	F	Y	W	H	M	C	P
0	0.00909	0.01151	0.12514	0.10031	0.12689	0.10902	0.36606	0.01194	0.02163	0.01145	0.00774	0.04290	0.00632	0.00389	0.00430	0.00123	0.02964	0.00397	0.00194	0.00503
1	0.18104	0.04352	0.05797	0.03552	0.31453	0.04001	0.06339	0.16104	0.00992	0.02326	0.00797	0.00928	0.02877	0.00383	0.00349	0.00114	0.00432	0.00322	0.00237	0.00542
2	0.03187	0.00944	0.06246	0.28569	0.16071	0.05366	0.06156	0.11508	0.12349	0.03154	0.00843	0.01005	0.00638	0.00402	0.00392	0.00121	0.01937	0.00347	0.00239	0.00525
3	0.00655	0.00571	0.00693	0.00693	0.03831	0.05385	0.00498	0.00774	0.02420	0.00965	0.04208	0.16426	0.05403	0.14163	0.22419	0.00290	0.12867	0.01612	0.00249	0.05877
4	0.00494	0.00344	0.00446	0.00516	0.00554	0.00326	0.00358	0.00581	0.00753	0.01029	0.04990	0.65633	0.05853	0.02337	0.02464	0.00161	0.00242	0.05363	0.07241	0.00316
5	0.01978	0.00723	0.12767	0.02753	0.02533	0.00578	0.07402	0.03302	0.02844	0.07236	0.02195	0.21026	0.01204	0.02950	0.13062	0.10379	0.01544	0.01670	0.03452	0.00403
6	0.30269	0.00727	0.00711	0.00592	0.00812	0.00796	0.00481	0.27300	0.01084	0.08073	0.00918	0.00980	0.00680	0.00419	0.00300	0.00108	0.00303	0.00303	0.24656	0.00488
7	0.34704	0.00690	0.00757	0.00615	0.00881	0.00694	0.00505	0.01583	0.06437	0.47772	0.01134	0.01045	0.00754	0.00428	0.00326	0.00118	0.00310	0.00318	0.00375	0.00554
8	0.02541	0.00403	0.00479	0.00486	0.00554	0.00382	0.00330	0.00717	0.02883	0.08416	0.06332	0.30864	0.14498	0.28309	0.00921	0.00212	0.00273	0.00749	0.00325	0.00327
9	0.00610	0.00413	0.00508	0.00528	0.00583	0.00416	0.00362	0.00771	0.11948	0.02819	0.03258	0.37483	0.05449	0.14315	0.00858	0.15597	0.00272	0.00723	0.02765	0.00321
10	0.00550	0.00375	0.00449	0.00449	0.00461	0.00387	0.00273	0.00574	0.00562	0.00761	0.01163	0.02305	0.01302	0.71703	0.16794	0.00411	0.00483	0.00526	0.00225	0.00249
11	0.01419	0.00727	0.00873	0.00692	0.00955	0.00718	0.00564	0.21748	0.09092	0.45318	0.01468	0.01351	0.05573	0.00496	0.00376	0.00116	0.00325	0.00398	0.07190	0.00600
12	0.00703	0.00488	0.00570	0.00532	0.00667	0.00472	0.00406	0.03396	0.12497	0.09156	0.26573	0.08847	0.25596	0.04482	0.00500	0.00138	0.00238	0.03948	0.00383	0.00407
13	0.00646	0.00385	0.00512	0.00552	0.00617	0.00356	0.00386	0.02021	0.00798	0.12271	0.03665	0.71884	0.02289	0.01071	0.00468	0.00148	0.00236	0.00965	0.00370	0.00360
14	0.00461	0.00335	0.00435	0.00515	0.00547	0.00309	0.00346	0.00530	0.00738	0.00973	0.02245	0.79132	0.09701	0.01168	0.00481	0.00152	0.00218	0.01054	0.00352	0.00309
15	0.01020	0.01026	0.00759	0.00698	0.00821	0.36254	0.00535	0.01152	0.00889	0.01145	0.00883	0.01072	0.00726	0.00455	0.00419	0.00103	0.10713	0.01355	0.39577	0.00397
16	0.00537	0.00370	0.00458	0.00500	0.00523	0.00363	0.00337	0.00589	0.00663	0.00878	0.01608	0.27278	0.01858	0.45729	0.01246	0.00269	0.00321	0.15911	0.00288	0.00275
17	0.00939	0.00901	0.01539	0.02328	0.84306	0.00901	0.01164	0.01164	0.00864	0.01239	0.00713	0.00939	0.00601	0.00338	0.00375	0.00113	0.00451	0.00338	0.00188	0.00601
18	0.00830	0.00830	0.01162	0.00996	0.00996	0.01162	0.00830	0.00913	0.00581	0.00913	0.00498	0.00830	0.00498	0.00664	0.01245	0.00166	0.85977	0.00332	0.00166	0.00415
19	0.00449	0.00382	0.00386	0.00390	0.00514	0.00320	0.00291	0.00544	0.00859	0.01022	0.03774	0.06852	0.80993	0.00969	0.00450	0.00129	0.00193	0.00811	0.00352	0.00320
20	0.00563	0.00421	0.00560	0.00555	0.00601	0.01648	0.00401	0.00651	0.00596	0.00832	0.01061	0.01803	0.01080	0.31185	0.54245	0.00512	0.02319	0.00452	0.00211	0.00305
21	0.00533	0.00358	0.00471	0.00534	0.00583	0.00331	0.00373	0.00616	0.00775	0.05087	0.05312	0.68748	0.07857	0.01114	0.00478	0.00150	0.00229	0.05763	0.00360	0.00330
22	0.00542	0.00406	0.00610	0.00610	0.00677	0.00474	0.00474	0.00677	0.00610	0.00880	0.01016	0.01490	0.00948	0.02844	0.85169	0.00610	0.01016	0.00406	0.00203	0.00339
23	0.00495	0.00362	0.00475	0.00516	0.00572	0.00342	0.00370	0.00606	0.00834	0.01130	0.25310	0.45615	0.09506	0.01173	0.06953	0.00178	0.00273	0.04606	0.00359	0.00327
24	0.01677	0.00685	0.00905	0.00694	0.00988	0.00616	0.00573	0.09569	0.01152	0.76754	0.01441	0.01255	0.00911	0.00468	0.00381	0.00117	0.00332	0.00378	0.00461	0.00645
25	0.00759	0.00645	0.00758	0.00559	0.00870	0.00489	0.00441	0.00919	0.00781	0.01214	0.00792	0.07914	0.00724	0.00356	0.00298	0.00064	0.00276	0.00296	0.00235	0.81609
26	0.01403	0.00601	0.00786	0.00618	0.00872	0.00529	0.00503	0.03838	0.01054	0.58987	0.10419	0.01427	0.01196	0.00487	0.00370	0.00110	0.00292	0.00400	0.09456	0.06654
27	0.00546	0.00396	0.00563	0.00562	0.00615	0.00445	0.00416	0.00649	0.00614	0.00872	0.04304	0.01742	0.01136	0.20118	0.63138	0.02072	0.00837	0.00446	0.00216	0.00314
28	0.14800	0.00446	0.00478	0.00458	0.00527	0.00453	0.00300	0.00746	0.00652	0.07364	0.04893	0.08305	0.03670	0.53869	0.01329	0.00275	0.00328	0.00535	0.00270	0.00304
29	0.00565	0.00407	0.00507	0.00487	0.00593	0.00374	0.00375	0.00743	0.02697	0.03711	0.56290	0.03054	0.20427	0.00823	0.00451	0.00126	0.00202	0.07407	0.00399	0.00362
30	0.00551	0.00389	0.00535	0.00535	0.00576	0.00430	0.00381	0.00624	0.00583	0.00819	0.01061	0.01821	0.01085	0.32163	0.51824	0.04914	0.00754	0.00453	0.00211	0.00292
31	0.00471	0.00338	0.00456	0.00537	0.00564	0.00323	0.00366	0.00544	0.00720	0.00964	0.02007	0.78423	0.02383	0.01312	0.06965	0.00189	0.00283	0.02502	0.00341	0.00311
32	0.00472	0.00335	0.00441	0.00517	0.00540	0.00315	0.00343	0.00537	0.00727	0.00973	0.05342	0.76610	0.02465	0.07719	0.00593	0.00169	0.00230	0.01022	0.00345	0.00304
33	0.00720	0.00665	0.01103	0.76152	0.04352	0.00815	0.01008	0.02063	0.00791	0.01021	0.03739	0.01206	0.00688	0.00421	0.00387	0.00128	0.00485	0.03646	0.00188	0.00423
34	0.05695	0.00875	0.00904	0.03717	0.01024	0.10925	0.00603	0.22342	0.08089	0.24733	0.09168	0.01280	0.01052	0.04236	0.00462	0.00127	0.02379	0.00384	0.01462	0.00542
35	0.00552	0.00417	0.00614	0.00608	0.00670	0.00488	0.00469	0.00678	0.00614	0.00884	0.02513	0.01552	0.01007	0.07748	0.75929	0.00572	0.03725	0.00418	0.00207	0.00335
36	0.00648	0.00359	0.00391	0.00392	0.00477	0.00350	0.00291	0.00814	0.00847	0.01390	0.17674	0.08261	0.03932	0.00579	0.00323	0.00101	0.00181	0.00487	0.62156	0.00350
37	0.00511	0.00358	0.00448	0.00501	0.00526	0.00345	0.00335	0.00567	0.00685	0.00905	0.01820	0.43301	0.05080	0.32268	0.01014	0.00233	0.00288	0.10223	0.00307	0.00285
38	0.07093	0.10154	0.06552	0.06634	0.03255	0.15411	0.01888	0.10634	0.14447	0.02198	0.03631	0.01056	0.03740	0.00445	0.00395	0.00111	0.05162	0.00332	0.00258	0.06603
39	0.06093	0.02056	0.04985	0.01740	0.04885	0.07078	0.05671	0.10607	0.01885	0.08795	0.06506	0.05204	0.05229	0.11220	0.00558	0.00138	0.00377	0.00416	0.00282	0.16274

[dist]
# distance from previous block
# <min> <max>
5	19

[block]
# block no. 7 follows, 72 sequences, length 20
# corresponding to MSA columns:
# 474-493
name=unknown_H
#
# <colnr> <probs for GDERKNQSTAVLIFYWHMCP>
#	G	D	E	R	K	N	Q	S	T	A	V	L	I	F	Y	W	H	M	C	P
0	0.01068	0.02999	0.01155	0.34672	0.08452	0.35572	0.00893	0.01239	0.00898	0.03766	0.00656	0.00861	0.00520	0.00399	0.00410	0.00114	0.05388	0.00297	0.00191	0.00452
1	0.02571	0.00409	0.00500	0.00519	0.00598	0.00392	0.00368	0.02620	0.03516	0.07758	0.08837	0.48152	0.08338	0.06193	0.00531	0.00152	0.00237	0.00824	0.07127	0.00358
2	0.04076	0.00436	0.00497	0.00486	0.00579	0.00425	0.00345	0.01886	0.06508	0.05092	0.15163	0.17298	0.20146	0.19967	0.02453	0.00192	0.00271	0.00679	0.03155	0.00348
3	0.00964	0.00828	0.02479	0.05358	0.43150	0.00833	0.03641	0.09079	0.09675	0.06401	0.06051	0.04744	0.00976	0.00455	0.00389	0.00119	0.00401	0.02031	0.01866	0.00560
4	0.00469	0.00335	0.00446	0.00523	0.00552	0.00313	0.00353	0.00546	0.00758	0.01020	0.09721	0.78647	0.02608	0.01150	0.00481	0.00151	0.00216	0.01042	0.00358	0.00313
5	0.64507	0.00713	0.00637	0.00550	0.00787	0.00788	0.00449	0.04412	0.02573	0.15866	0.02249	0.03670	0.00652	0.00415	0.00281	0.00119	0.00299	0.00283	0.00291	0.00460
6	0.12274	0.00609	0.00654	0.00601	0.00747	0.02990	0.00458	0.12461	0.08456	0.06724	0.20440	0.21450	0.03312	0.04686	0.00476	0.00139	0.00284	0.02454	0.00356	0.00429
7	0.11763	0.00488	0.00517	0.00481	0.00624	0.00477	0.00370	0.03978	0.05991	0.03720	0.28261	0.04167	0.35075	0.00762	0.00411	0.00123	0.00220	0.00636	0.01553	0.00382
8	0.03548	0.00440	0.00526	0.00497	0.00609	0.00424	0.00375	0.00835	0.08694	0.02745	0.57095	0.06360	0.14866	0.00777	0.00435	0.00123	0.00200	0.00675	0.00397	0.00379
9	0.03808	0.00417	0.00486	0.00497	0.00588	0.00398	0.00360	0.03127	0.02458	0.04855	0.10679	0.31931	0.21417	0.07974	0.00561	0.00154	0.00239	0.04195	0.05505	0.00348
10	0.18348	0.00645	0.00702	0.00612	0.00810	0.00669	0.00482	0.12887	0.10545	0.18912	0.07196	0.15712	0.09668	0.00640	0.00381	0.00126	0.00288	0.00526	0.00366	0.00485
11	0.00623	0.00496	0.00579	0.00511	0.00669	0.00455	0.00392	0.02670	0.09771	0.01390	0.41831	0.02470	0.20291	0.00697	0.00411	0.00111	0.00217	0.00597	0.00366	0.15451
12	0.00686	0.00466	0.00523	0.00496	0.00558	0.00480	0.00331	0.08892	0.05514	0.02257	0.03358	0.07098	0.02832	0.53956	0.01345	0.00275	0.00336	0.03132	0.07145	0.00321
13	0.13190	0.00609	0.00717	0.00607	0.00816	0.00594	0.00478	0.06120	0.06893	0.37634	0.06579	0.11618	0.06543	0.05308	0.00467	0.00137	0.00296	0.00496	0.00389	0.00509
14	0.00671	0.00411	0.00518	0.00511	0.00614	0.00373	0.00375	0.02116	0.00912	0.12675	0.24280	0.34474	0.17163	0.00912	0.00448	0.00133	0.00221	0.00802	0.02017	0.00376
15	0.01407	0.00848	0.00958	0.00749	0.01020	0.00892	0.00614	0.47329	0.04072	0.25368	0.01136	0.01097	0.00785	0.00459	0.00366	0.00112	0.00357	0.00357	0.11466	0.00607
16	0.00535	0.00363	0.00418	0.00434	0.00451	0.00356	0.00262	0.00563	0.00614	0.00826	0.01529	0.17202	0.07179	0.60594	0.03407	0.00309	0.00337	0.00650	0.03716	0.00257
17	0.64405	0.00673	0.00599	0.00527	0.00749	0.00740	0.00427	0.01171	0.00750	0.14755	0.06656	0.05536	0.00831	0.00446	0.00286	0.00119	0.00286	0.00314	0.00291	0.00439
18	0.00786	0.00674	0.00786	0.00562	0.00899	0.00506	0.00449	0.00955	0.00786	0.01236	0.00674	0.00786	0.00562	0.00281	0.00281	0.00056	0.00281	0.00225	0.00225	0.88990
19	0.00548	0.00367	0.00428	0.00431	0.00439	0.00367	0.00253	0.00560	0.00582	0.00782	0.04404	0.07025	0.01495	0.73870	0.05036	0.01975	0.00377	0.00576	0.00241	0.00242

[dist]
# distance from previous block
# <min> <max>
3	14

[block]
# block no. 8 follows, 72 sequences, length 12
# corresponding to MSA columns:
# 508-510,512-520
name=unknown_I
#
# <colnr> <probs for GDERKNQSTAVLIFYWHMCP>
#	G	D	E	R	K	N	Q	S	T	A	V	L	I	F	Y	W	H	M	C	P
0	0.00487	0.00362	0.00445	0.00500	0.00560	0.00332	0.00359	0.00567	0.00771	0.00986	0.02523	0.43923	0.27071	0.05710	0.00583	0.02533	0.00239	0.11398	0.00340	0.00309
1	0.05852	0.00766	0.03686	0.06303	0.01156	0.01892	0.12354	0.03732	0.03562	0.03113	0.03532	0.06683	0.00821	0.02031	0.00384	0.00099	0.01524	0.00359	0.00244	0.41907
2	0.00940	0.01090	0.02138	0.01545	0.01913	0.08154	0.75904	0.01240	0.00910	0.01190	0.00752	0.00994	0.00568	0.00326	0.00439	0.00125	0.00643	0.00430	0.00192	0.00505
3	0.00504	0.00368	0.00475	0.00502	0.00569	0.00340	0.00365	0.00630	0.00905	0.01230	0.38661	0.35200	0.11565	0.00972	0.00467	0.00137	0.00207	0.06189	0.00381	0.00334
4	0.00546	0.00413	0.00559	0.00680	0.09350	0.00390	0.00423	0.00623	0.00760	0.01003	0.07470	0.36985	0.17473	0.10291	0.00697	0.06800	0.00267	0.04633	0.00312	0.00327
5	0.03248	0.05734	0.03543	0.04019	0.07182	0.03411	0.06171	0.48781	0.05065	0.07737	0.00903	0.00940	0.00653	0.00425	0.00372	0.00114	0.00434	0.00340	0.00326	0.00601
6	0.00735	0.00711	0.01255	0.76754	0.02545	0.00855	0.09815	0.00995	0.00773	0.00995	0.00684	0.01012	0.00513	0.00373	0.00386	0.00127	0.00520	0.00349	0.00171	0.00431
7	0.00462	0.00330	0.00440	0.00528	0.00550	0.00308	0.00352	0.00528	0.00726	0.00968	0.02090	0.86424	0.02508	0.01188	0.00484	0.00154	0.00220	0.01078	0.00352	0.00308
8	0.00552	0.00368	0.00414	0.00414	0.00414	0.00368	0.00230	0.00552	0.00552	0.00735	0.01195	0.02482	0.01379	0.86672	0.01930	0.00368	0.00368	0.00552	0.00230	0.00230
9	0.00786	0.00674	0.00786	0.00562	0.00899	0.00506	0.00449	0.00955	0.00786	0.01236	0.00674	0.00786	0.00562	0.00281	0.00281	0.00056	0.00281	0.00225	0.00225	0.88990
10	0.00551	0.00369	0.00420	0.00418	0.00424	0.00367	0.00238	0.00562	0.00586	0.00787	0.06602	0.02505	0.01522	0.81070	0.01834	0.00351	0.00355	0.00560	0.00242	0.00238
11	0.03986	0.01035	0.06341	0.06880	0.28368	0.03331	0.00913	0.37465	0.03370	0.03405	0.00823	0.00924	0.00619	0.00403	0.00371	0.00115	0.00441	0.00332	0.00282	0.00597

[dist]
# distance from previous block
# <min> <max>
0	1

[block]
# block no. 9 follows, 72 sequences, length 20
# corresponding to MSA columns:
# 522-541
name=unknown_J
#
# <colnr> <probs for GDERKNQSTAVLIFYWHMCP>
#	G	D	E	R	K	N	Q	S	T	A	V	L	I	F	Y	W	H	M	C	P
0	0.00716	0.00674	0.01138	0.85760	0.02612	0.00843	0.01053	0.00969	0.00758	0.00969	0.00674	0.01011	0.00506	0.00379	0.00379	0.00126	0.00506	0.00337	0.00169	0.00421
1	0.89350	0.00733	0.00557	0.00499	0.00733	0.00851	0.00411	0.01115	0.00645	0.01702	0.00528	0.00616	0.00411	0.00352	0.00235	0.00117	0.00293	0.00205	0.00235	0.00411
2	0.00462	0.00330	0.00440	0.00528	0.00550	0.00308	0.00352	0.00528	0.00726	0.00968	0.02090	0.86424	0.02508	0.01188	0.00484	0.00154	0.00220	0.01078	0.00352	0.00308
3	0.00812	0.00608	0.00578	0.00543	0.00678	0.06940	0.00413	0.03312	0.23216	0.01420	0.06198	0.05395	0.04346	0.00531	0.00334	0.00107	0.00257	0.00434	0.43447	0.00431
4	0.00830	0.00830	0.01162	0.00996	0.00996	0.01162	0.00830	0.00913	0.00581	0.00913	0.00498	0.00830	0.00498	0.00664	0.01245	0.00166	0.85977	0.00332	0.00166	0.00415
5	0.01690	0.00664	0.00892	0.00684	0.00978	0.00586	0.00565	0.05556	0.01117	0.80816	0.01469	0.01273	0.00925	0.00469	0.00381	0.00117	0.00327	0.00380	0.00465	0.00645
6	0.00542	0.00406	0.00610	0.00610	0.00677	0.00474	0.00474	0.00677	0.00610	0.00880	0.01016	0.01490	0.00948	0.02844	0.85169	0.00610	0.01016	0.00406	0.00203	0.00339
7	0.00659	0.00329	0.00494	0.00494	0.00494	0.00329	0.00329	0.00494	0.00494	0.00659	0.00659	0.01153	0.00659	0.01318	0.01482	0.88966	0.00329	0.00329	0.00165	0.00165
8	0.01702	0.00645	0.00880	0.00675	0.00968	0.00557	0.00557	0.01848	0.01085	0.84568	0.01496	0.01291	0.00939	0.00469	0.00381	0.00117	0.00323	0.00381	0.00469	0.00645
9	0.03433	0.00674	0.00785	0.00566	0.00898	0.00519	0.00455	0.01011	0.00800	0.06074	0.00717	0.00811	0.00579	0.00294	0.00285	0.00062	0.00284	0.00233	0.00239	0.81281
10	0.01417	0.01808	0.01075	0.00977	0.01172	0.85149	0.00733	0.01514	0.01075	0.00928	0.00586	0.00684	0.00489	0.00391	0.00342	0.00098	0.00684	0.00244	0.00195	0.00440
