[name]
unknown

[dist]
# distance from previous block
# <min> <max>
1	322

[block]
# block no. 0 follows, 75 sequences, length 42
# corresponding to MSA columns:
# 880-921
name=unknown_A
#
# <colnr> <probs for GDERKNQSTAVLIFYWHMCP>
#	G	D	E	R	K	N	Q	S	T	A	V	L	I	F	Y	W	H	M	C	P
0	0.05201	0.22232	0.27033	0.00909	0.05208	0.02428	0.07530	0.06344	0.01933	0.05973	0.02044	0.04593	0.04100	0.00416	0.00343	0.00108	0.01345	0.00335	0.00217	0.01708
1	0.08846	0.03600	0.20463	0.02978	0.03578	0.04164	0.17582	0.02058	0.00796	0.08236	0.00892	0.09900	0.00782	0.04603	0.02211	0.00137	0.02798	0.00400	0.00225	0.05750
2	0.00760	0.07261	0.04850	0.07592	0.03502	0.09968	0.00559	0.04219	0.08834	0.03260	0.06142	0.12086	0.21324	0.05339	0.00470	0.00132	0.00341	0.02669	0.00286	0.00405
3	0.00924	0.25756	0.04075	0.03171	0.03427	0.00942	0.21586	0.05191	0.02166	0.08285	0.05709	0.04602	0.03405	0.00447	0.01325	0.00111	0.02043	0.00376	0.00236	0.06224
4	0.20556	0.07514	0.04325	0.00626	0.00915	0.00754	0.00541	0.11182	0.03560	0.24412	0.00957	0.00946	0.02633	0.00387	0.00308	0.00099	0.00321	0.00289	0.00303	0.19374
5	0.03792	0.01114	0.03726	0.02567	0.03294	0.21394	0.11605	0.24948	0.09810	0.04573	0.00886	0.04447	0.00708	0.01929	0.00408	0.00116	0.02167	0.00357	0.00275	0.01882
6	0.00964	0.08600	0.01241	0.06538	0.25375	0.11985	0.08136	0.04592	0.11628	0.04828	0.00881	0.02718	0.00750	0.09580	0.00518	0.00136	0.00443	0.00362	0.00231	0.00493
7	0.00666	0.00550	0.00595	0.00552	0.00702	0.00572	0.00423	0.04487	0.31432	0.01337	0.18420	0.05759	0.31605	0.00726	0.00410	0.00123	0.00232	0.00614	0.00366	0.00429
8	0.00445	0.00371	0.00388	0.00386	0.00503	0.00314	0.00289	0.00547	0.00859	0.01049	0.13515	0.05269	0.72977	0.00913	0.00435	0.00124	0.00185	0.00768	0.00349	0.00314
9	0.00537	0.00382	0.00478	0.00450	0.00550	0.00345	0.00339	0.00693	0.00999	0.03948	0.65620	0.02858	0.19875	0.00778	0.00431	0.00117	0.00180	0.00678	0.00393	0.00348
10	0.00446	0.00370	0.00393	0.00405	0.00516	0.00316	0.00304	0.00543	0.00830	0.01005	0.05408	0.11256	0.70327	0.00951	0.00441	0.00129	0.00197	0.05507	0.00342	0.00311
11	0.00817	0.00833	0.01202	0.01008	0.01039	0.02462	0.07019	0.00915	0.00593	0.00906	0.00503	0.00815	0.00488	0.00614	0.01133	0.00157	0.78595	0.00328	0.00163	0.00409
12	0.00731	0.00619	0.00724	0.00542	0.00831	0.00483	0.00430	0.00919	0.03603	0.01211	0.06141	0.03675	0.03060	0.00364	0.00299	0.00067	0.00263	0.01363	0.00243	0.74431
13	0.89687	0.00710	0.00540	0.00483	0.00710	0.00824	0.00398	0.01080	0.00625	0.01648	0.00511	0.00597	0.00398	0.00341	0.00227	0.00114	0.00284	0.00199	0.00227	0.00398
14	0.01378	0.01020	0.01092	0.00841	0.01132	0.01131	0.00694	0.80527	0.04806	0.02286	0.00905	0.00900	0.00643	0.00443	0.00368	0.00111	0.00400	0.00334	0.00368	0.00623
15	0.00849	0.02481	0.02513	0.17132	0.03653	0.06077	0.24380	0.07759	0.11706	0.01201	0.01008	0.11656	0.00899	0.01729	0.00443	0.00128	0.02871	0.02809	0.00243	0.00463
16	0.01076	0.01126	0.00892	0.00799	0.00962	0.36952	0.00612	0.13471	0.11462	0.01167	0.00855	0.01077	0.00730	0.06338	0.16151	0.01356	0.03265	0.01029	0.00242	0.00439
17	0.00456	0.00339	0.00427	0.00488	0.00537	0.00310	0.00341	0.00538	0.00758	0.00989	0.07444	0.60846	0.19185	0.01075	0.00461	0.00143	0.00211	0.04804	0.00345	0.00306
18	0.00741	0.00695	0.01183	0.59371	0.22493	0.00805	0.02698	0.00966	0.00755	0.01000	0.00704	0.03527	0.00575	0.00401	0.00396	0.02255	0.00467	0.00350	0.00173	0.00443
19	0.00451	0.00372	0.00398	0.00407	0.00519	0.00319	0.00308	0.00553	0.00843	0.01029	0.09247	0.09230	0.68027	0.00938	0.00441	0.00128	0.00197	0.05934	0.00345	0.00314
20	0.89687	0.00710	0.00540	0.00483	0.00710	0.00824	0.00398	0.01080	0.00625	0.01648	0.00511	0.00597	0.00398	0.00341	0.00227	0.00114	0.00284	0.00199	0.00227	0.00398
21	0.00610	0.00518	0.00794	0.36038	0.07639	0.00572	0.00665	0.00754	0.00702	0.00933	0.01165	0.28115	0.01240	0.14273	0.00632	0.00164	0.00369	0.00580	0.00232	0.04005
22	0.03692	0.00696	0.00863	0.00668	0.00949	0.04067	0.00549	0.06131	0.01068	0.72681	0.01336	0.01176	0.00853	0.00443	0.00361	0.00111	0.00330	0.00353	0.00427	0.03245
23	0.01089	0.00851	0.00949	0.00857	0.06485	0.01957	0.00640	0.37105	0.29749	0.03073	0.03638	0.04541	0.00969	0.00584	0.03870	0.00136	0.00374	0.00400	0.02168	0.00565
24	0.00987	0.83192	0.03705	0.00646	0.00962	0.03674	0.00646	0.01111	0.00755	0.00872	0.00515	0.00595	0.00471	0.00317	0.00241	0.00080	0.00403	0.00199	0.00158	0.00472
25	0.00943	0.03277	0.09954	0.00689	0.03093	0.00605	0.00584	0.03662	0.10936	0.23996	0.14809	0.12765	0.08009	0.00617	0.00410	0.00120	0.02358	0.00520	0.00350	0.02305
26	0.00743	0.03955	0.02347	0.00685	0.01642	0.15150	0.04111	0.03852	0.06575	0.01053	0.07993	0.35181	0.01639	0.10102	0.01793	0.00158	0.01712	0.00650	0.00287	0.00372
27	0.00762	0.00653	0.00762	0.00544	0.00870	0.00490	0.00435	0.00925	0.00762	0.01197	0.00653	0.00762	0.00544	0.00272	0.00272	0.00054	0.00272	0.00218	0.00218	0.89338
28	0.00727	0.00639	0.02787	0.05061	0.20247	0.01475	0.06753	0.00935	0.05029	0.04676	0.13788	0.13919	0.09196	0.04928	0.00515	0.00134	0.04720	0.00545	0.03496	0.00430
29	0.01669	0.00775	0.00912	0.03225	0.04447	0.00851	0.03993	0.23406	0.35405	0.01642	0.10624	0.03380	0.06973	0.00535	0.00386	0.00119	0.00324	0.00452	0.00350	0.00532
30	0.00498	0.00426	0.02568	0.00473	0.00586	0.00367	0.01455	0.00649	0.02575	0.01158	0.30328	0.09356	0.38134	0.02368	0.04875	0.00152	0.00249	0.03099	0.00347	0.00335
31	0.00702	0.00596	0.00726	0.00607	0.03935	0.00480	0.00448	0.00848	0.00759	0.01150	0.03285	0.15098	0.02764	0.00456	0.00338	0.00078	0.02326	0.00385	0.00243	0.64775
32	0.00967	0.01017	0.00939	0.00859	0.00962	0.28300	0.00695	0.05345	0.02292	0.01041	0.00915	0.01571	0.00895	0.00623	0.00668	0.00135	0.29568	0.19438	0.03362	0.00407
33	0.03243	0.00429	0.00520	0.00475	0.00599	0.00408	0.00364	0.00959	0.04055	0.14991	0.38149	0.07079	0.02888	0.00623	0.00371	0.00110	0.00205	0.00534	0.23601	0.00398
34	0.00481	0.00381	0.00434	0.00428	0.00532	0.00341	0.00318	0.00629	0.03462	0.01177	0.32539	0.10533	0.45684	0.00872	0.00435	0.00123	0.00187	0.00748	0.00365	0.00330
35	0.03201	0.00639	0.00854	0.00656	0.00940	0.00563	0.00542	0.04217	0.01064	0.81109	0.01415	0.01228	0.00892	0.00452	0.00367	0.00114	0.00315	0.00365	0.00448	0.00621
36	0.00653	0.00585	0.02667	0.45406	0.01624	0.01537	0.00730	0.00860	0.03560	0.01880	0.15414	0.03457	0.07103	0.05034	0.01845	0.05021	0.01570	0.00445	0.00235	0.00375
37	0.00809	0.00719	0.01117	0.29544	0.29870	0.00725	0.00864	0.01017	0.00794	0.03621	0.03032	0.00954	0.00631	0.00341	0.00342	0.00099	0.00398	0.00308	0.00200	0.24615
38	0.00872	0.00749	0.00996	0.21431	0.15463	0.07125	0.00775	0.05333	0.04229	0.06154	0.00893	0.04232	0.00787	0.03905	0.02287	0.03819	0.11904	0.05061	0.03545	0.00440
39	0.00858	0.03194	0.02283	0.15591	0.23317	0.04591	0.04141	0.06819	0.05627	0.02269	0.00865	0.09389	0.00772	0.00499	0.02161	0.00122	0.05700	0.00387	0.00225	0.11191
40	0.05809	0.02819	0.11377	0.00971	0.08043	0.03020	0.15258	0.05556	0.05707	0.05583	0.02907	0.04738	0.02850	0.00497	0.02383	0.02767	0.03138	0.00366	0.00238	0.15973
41	0.18937	0.00853	0.03259	0.02619	0.03233	0.09538	0.06992	0.10694	0.11049	0.05323	0.02516	0.07489	0.00837	0.02405	0.01856	0.00124	0.00383	0.00369	0.03007	0.08519

[dist]
# distance from previous block
# <min> <max>
8	110

[block]
# block no. 1 follows, 75 sequences, length 7
# corresponding to MSA columns:
# 1039-1045
name=unknown_B
#
# <colnr> <probs for GDERKNQSTAVLIFYWHMCP>
#	G	D	E	R	K	N	Q	S	T	A	V	L	I	F	Y	W	H	M	C	P
0	0.00782	0.02541	0.07372	0.07829	0.10393	0.00713	0.22832	0.03614	0.03794	0.03865	0.05935	0.01436	0.08723	0.00679	0.05702	0.08716	0.00464	0.02612	0.00232	0.01765
1	0.01016	0.09285	0.12647	0.00912	0.04069	0.03624	0.08259	0.27282	0.01087	0.04807	0.05277	0.01153	0.00820	0.02517	0.03577	0.02544	0.06463	0.03892	0.00264	0.00504
2	0.00778	0.09618	0.06634	0.05735	0.07730	0.04415	0.08336	0.03498	0.00780	0.03744	0.01072	0.07079	0.03929	0.13913	0.06596	0.00179	0.00423	0.00421	0.14714	0.00405
3	0.19362	0.10901	0.05464	0.00938	0.16850	0.07779	0.00657	0.06778	0.00869	0.05276	0.07181	0.08015	0.03642	0.00464	0.00330	0.00108	0.00362	0.00371	0.00250	0.04402
4	0.00841	0.17177	0.27326	0.02384	0.05203	0.02859	0.07455	0.06454	0.05312	0.01192	0.02751	0.03171	0.00820	0.00447	0.00354	0.00112	0.00440	0.09145	0.00219	0.06339
5	0.00963	0.11780	0.35659	0.00947	0.03778	0.04855	0.04540	0.21017	0.03678	0.01402	0.00813	0.00888	0.03061	0.00384	0.00343	0.00107	0.00465	0.00301	0.00226	0.04794
6	0.00712	0.10257	0.00684	0.00531	0.00599	0.13083	0.00369	0.00735	0.00641	0.00771	0.00993	0.06981	0.01091	0.46698	0.05781	0.08696	0.00426	0.00456	0.00210	0.00285

[dist]
# distance from previous block
# <min> <max>
4	22

[block]
# block no. 2 follows, 75 sequences, length 22
# corresponding to MSA columns:
# 1068-1080,1082-1090
name=unknown_C
#
# <colnr> <probs for GDERKNQSTAVLIFYWHMCP>
#	G	D	E	R	K	N	Q	S	T	A	V	L	I	F	Y	W	H	M	C	P
0	0.00606	0.00525	0.00782	0.04406	0.00895	0.00513	0.11387	0.00834	0.08411	0.01083	0.07092	0.21504	0.14299	0.01053	0.14238	0.00199	0.00412	0.02000	0.00284	0.09475
1	0.05584	0.00694	0.00801	0.00614	0.00897	0.02445	0.00494	0.06188	0.04466	0.23423	0.00944	0.03670	0.00720	0.00382	0.00334	0.00086	0.02203	0.00301	0.00298	0.45455
2	0.01105	0.01226	0.00896	0.00810	0.00993	0.44120	0.00616	0.04130	0.26679	0.01226	0.13362	0.01197	0.01123	0.00473	0.00361	0.00107	0.00467	0.00358	0.00284	0.00468
3	0.07694	0.00845	0.00924	0.00710	0.00994	0.00871	0.00582	0.45798	0.02436	0.12287	0.00901	0.00910	0.00648	0.00401	0.00333	0.00099	0.00345	0.00304	0.04213	0.18704
4	0.00901	0.00716	0.01005	0.06692	0.15653	0.02524	0.04223	0.01121	0.05708	0.12025	0.04049	0.01050	0.00767	0.00581	0.06941	0.00140	0.10098	0.00329	0.01503	0.23976
5	0.04648	0.11918	0.36034	0.04847	0.01540	0.03593	0.23977	0.02780	0.02666	0.01172	0.03006	0.00880	0.00591	0.00351	0.00357	0.00113	0.00517	0.00321	0.00184	0.00502
6	0.00723	0.00845	0.08806	0.02965	0.01407	0.00721	0.43004	0.01011	0.05370	0.01134	0.02995	0.15771	0.09547	0.00562	0.00430	0.00129	0.00461	0.03434	0.00244	0.00442
7	0.00807	0.00456	0.00576	0.00510	0.00656	0.00414	0.00394	0.03237	0.02108	0.21942	0.40707	0.07837	0.17437	0.00724	0.00417	0.00119	0.00220	0.00624	0.00400	0.00416
8	0.01085	0.00685	0.03210	0.13420	0.03519	0.03335	0.03446	0.06515	0.04382	0.32645	0.10433	0.09066	0.05541	0.00548	0.00389	0.00119	0.00345	0.00470	0.00347	0.00501
9	0.05171	0.01122	0.00987	0.00856	0.03130	0.29112	0.02121	0.17718	0.14264	0.17579	0.00967	0.02026	0.00715	0.00435	0.00370	0.00110	0.02156	0.00325	0.00307	0.00530
10	0.00589	0.00435	0.00571	0.00547	0.00586	0.00495	0.00392	0.03799	0.00604	0.00845	0.01003	0.01776	0.01044	0.39227	0.36387	0.02634	0.08116	0.00444	0.00210	0.00296
11	0.01372	0.01750	0.01041	0.00946	0.01135	0.85618	0.00710	0.01467	0.01041	0.00899	0.00568	0.00662	0.00473	0.00378	0.00331	0.00095	0.00662	0.00237	0.00189	0.00426
12	0.00883	0.03506	0.07121	0.32401	0.21432	0.00803	0.00904	0.05969	0.04555	0.09008	0.04533	0.01118	0.02568	0.00404	0.00362	0.00115	0.00417	0.00352	0.03054	0.00495
13	0.00852	0.04560	0.01339	0.31753	0.08377	0.07480	0.20194	0.05334	0.07220	0.01145	0.03769	0.02450	0.03083	0.00405	0.00380	0.00117	0.00482	0.00382	0.00214	0.00464
14	0.00987	0.00724	0.00866	0.00722	0.00926	0.00770	0.05062	0.28429	0.17740	0.06772	0.11449	0.01747	0.05472	0.04665	0.00462	0.00131	0.00329	0.07604	0.04641	0.00502
15	0.02185	0.02431	0.12744	0.13609	0.21005	0.02970	0.17652	0.02082	0.04984	0.04789	0.06791	0.02036	0.00808	0.00386	0.00375	0.00114	0.00458	0.00369	0.00219	0.03994
16	0.02340	0.00655	0.00775	0.00566	0.00877	0.00520	0.00455	0.03598	0.00829	0.14096	0.00790	0.00870	0.00616	0.02026	0.00321	0.00072	0.00284	0.00250	0.00259	0.69800
17	0.00854	0.05475	0.55477	0.00982	0.03080	0.00803	0.06473	0.01198	0.01986	0.11762	0.00946	0.04651	0.03853	0.00416	0.00361	0.00116	0.00478	0.00347	0.00214	0.00529
18	0.00756	0.03320	0.02184	0.04589	0.11037	0.00617	0.03738	0.04020	0.13429	0.07333	0.14722	0.08255	0.19579	0.00709	0.03082	0.00135	0.00318	0.01414	0.00319	0.00444
19	0.03971	0.00428	0.00503	0.00519	0.02284	0.00407	0.00376	0.03122	0.04557	0.02906	0.21378	0.23491	0.29396	0.00869	0.00430	0.00129	0.00219	0.04309	0.00352	0.00353
20	0.03760	0.19415	0.11472	0.00834	0.05504	0.02472	0.03444	0.22823	0.01031	0.03896	0.00706	0.00781	0.00548	0.00348	0.00311	0.00091	0.00394	0.00267	0.00240	0.21662
21	0.00832	0.15818	0.31428	0.00854	0.03992	0.04919	0.01686	0.02827	0.02402	0.04012	0.03476	0.01136	0.08762	0.02214	0.00438	0.00113	0.07503	0.00334	0.00209	0.07045

[dist]
# distance from previous block
# <min> <max>
0	8

[block]
# block no. 3 follows, 75 sequences, length 7
# corresponding to MSA columns:
# 1099-1105
name=unknown_D
#
# <colnr> <probs for GDERKNQSTAVLIFYWHMCP>
#	G	D	E	R	K	N	Q	S	T	A	V	L	I	F	Y	W	H	M	C	P
0	0.17077	0.06100	0.04516	0.21723	0.15631	0.02272	0.04240	0.03898	0.00796	0.01215	0.05790	0.07324	0.02902	0.00449	0.00360	0.00115	0.01991	0.00377	0.00219	0.03005
1	0.05451	0.00689	0.05092	0.00725	0.04773	0.03954	0.06605	0.04080	0.08723	0.09844	0.15958	0.04083	0.19160	0.03661	0.00445	0.00126	0.00314	0.02958	0.00319	0.03039
2	0.00859	0.19709	0.28218	0.00980	0.09185	0.02541	0.04951	0.02461	0.00803	0.05386	0.03785	0.07180	0.00765	0.00436	0.00401	0.00110	0.06639	0.00346	0.00205	0.05041
3	0.00642	0.00360	0.00499	0.00491	0.00513	0.00366	0.00333	0.00604	0.06561	0.00769	0.06905	0.01343	0.00929	0.07082	0.01315	0.70207	0.00309	0.00366	0.00197	0.00208
4	0.00732	0.00603	0.00714	0.04029	0.07838	0.00624	0.00517	0.02919	0.30126	0.03150	0.05930	0.08613	0.23645	0.00640	0.00390	0.00119	0.00269	0.00545	0.02748	0.05851
5	0.04421	0.22051	0.05006	0.04132	0.20435	0.12357	0.04051	0.07111	0.04931	0.01150	0.00688	0.00852	0.00577	0.02905	0.02060	0.00118	0.02976	0.00288	0.00202	0.03692
6	0.00901	0.07381	0.03181	0.04994	0.03972	0.03392	0.04821	0.16626	0.15168	0.03637	0.13995	0.04224	0.05232	0.03965	0.00445	0.00122	0.01803	0.00434	0.00304	0.05405

[dist]
# distance from previous block
# <min> <max>
3	11

[block]
# block no. 4 follows, 75 sequences, length 10
# corresponding to MSA columns:
# 1117-1126
name=unknown_E
#
# <colnr> <probs for GDERKNQSTAVLIFYWHMCP>
#	G	D	E	R	K	N	Q	S	T	A	V	L	I	F	Y	W	H	M	C	P
0	0.00682	0.00477	0.00619	0.04293	0.04025	0.00494	0.00449	0.02913	0.06628	0.07156	0.21639	0.05856	0.10149	0.09445	0.14363	0.00218	0.02635	0.00528	0.07048	0.00382
1	0.00525	0.00367	0.00471	0.00480	0.00539	0.00358	0.00339	0.00619	0.00751	0.03252	0.20425	0.23642	0.11961	0.18061	0.16271	0.00258	0.00372	0.00690	0.00309	0.00310
2	0.00571	0.00453	0.00521	0.00499	0.00594	0.03074	0.00372	0.00776	0.07831	0.01185	0.34833	0.02390	0.16794	0.09382	0.16215	0.00227	0.00367	0.00578	0.02992	0.00347
3	0.83548	0.06704	0.00636	0.00493	0.00726	0.00867	0.00414	0.01081	0.00633	0.01594	0.00511	0.00596	0.00403	0.00339	0.00228	0.00111	0.00292	0.00199	0.00222	0.00403
4	0.02166	0.23568	0.29502	0.00934	0.05180	0.05430	0.04474	0.06159	0.02252	0.02525	0.00721	0.03531	0.00608	0.00407	0.00388	0.00109	0.06410	0.02247	0.00195	0.03195
5	0.02542	0.26509	0.26613	0.10074	0.03361	0.03313	0.07086	0.01155	0.00795	0.08813	0.00732	0.03108	0.00581	0.00411	0.01862	0.00114	0.00468	0.00297	0.00196	0.01970
6	0.01257	0.00539	0.00707	0.00571	0.00794	0.00468	0.00461	0.01397	0.01008	0.56627	0.14545	0.01838	0.14332	0.00573	0.00386	0.00115	0.00267	0.00477	0.03113	0.00525
7	0.00598	0.00572	0.07083	0.00669	0.00790	0.00485	0.07750	0.06311	0.04310	0.01085	0.01699	0.54088	0.04077	0.06208	0.00532	0.00153	0.00301	0.02615	0.00309	0.00365
8	0.00764	0.03012	0.01054	0.41525	0.03642	0.04850	0.05985	0.05556	0.05473	0.01044	0.00835	0.06232	0.00718	0.00780	0.12119	0.02560	0.02845	0.00383	0.00205	0.00417
9	0.00537	0.00374	0.00438	0.00453	0.00532	0.00351	0.00327	0.03802	0.00852	0.01187	0.18833	0.32769	0.20845	0.00866	0.00413	0.00124	0.00199	0.00756	0.16012	0.00331

[dist]
# distance from previous block
# <min> <max>
2	36

[block]
# block no. 5 follows, 75 sequences, length 9
# corresponding to MSA columns:
# 1163-1171
name=unknown_F
#
# <colnr> <probs for GDERKNQSTAVLIFYWHMCP>
#	G	D	E	R	K	N	Q	S	T	A	V	L	I	F	Y	W	H	M	C	P
0	0.03229	0.23389	0.17405	0.05639	0.01131	0.02675	0.00731	0.10684	0.02974	0.03826	0.00776	0.06544	0.00665	0.00413	0.00331	0.01516	0.00390	0.00309	0.00223	0.17150
1	0.06367	0.11169	0.05721	0.07566	0.10595	0.15543	0.05847	0.04190	0.02112	0.02529	0.00695	0.00848	0.00562	0.00384	0.00404	0.00105	0.08869	0.00287	0.08985	0.07224
2	0.00543	0.00369	0.00502	0.00502	0.00534	0.00401	0.00349	0.00585	0.00554	0.00770	0.01006	0.01773	0.01043	0.35292	0.42137	0.12080	0.00653	0.00438	0.00202	0.00265
3	0.00956	0.02542	0.00975	0.07179	0.17638	0.25914	0.00705	0.02749	0.08390	0.03920	0.07787	0.03114	0.11089	0.00520	0.00388	0.00113	0.01845	0.03464	0.00257	0.00454
4	0.00500	0.00397	0.00492	0.00533	0.02863	0.00381	0.00371	0.00635	0.03971	0.01080	0.17426	0.36917	0.27963	0.00943	0.00473	0.00134	0.03426	0.00821	0.00343	0.00333
5	0.00716	0.00647	0.00967	0.33108	0.03493	0.00823	0.00772	0.02605	0.00656	0.00911	0.00708	0.03077	0.00666	0.11213	0.04742	0.04171	0.29800	0.00369	0.00180	0.00375
6	0.00658	0.00454	0.00653	0.10817	0.05030	0.00498	0.00477	0.04586	0.00619	0.00839	0.00817	0.01398	0.00807	0.19709	0.14853	0.34111	0.02824	0.00379	0.00191	0.00280
7	0.00741	0.00631	0.00740	0.00542	0.00849	0.00477	0.00429	0.00898	0.00758	0.01180	0.00741	0.06290	0.00665	0.00328	0.00285	0.00060	0.00268	0.00271	0.00226	0.83620
8	0.00505	0.00374	0.00448	0.00461	0.00525	0.00359	0.00332	0.00587	0.00722	0.00935	0.08562	0.06989	0.26971	0.28743	0.10819	0.00259	0.00354	0.11475	0.00291	0.00290

[dist]
# distance from previous block
# <min> <max>
9	16

[block]
# block no. 6 follows, 75 sequences, length 20
# corresponding to MSA columns:
# 1196-1215
name=unknown_G
#
# <colnr> <probs for GDERKNQSTAVLIFYWHMCP>
#	G	D	E	R	K	N	Q	S	T	A	V	L	I	F	Y	W	H	M	C	P
0	0.27950	0.00513	0.00586	0.00559	0.00681	0.00592	0.00440	0.03815	0.00640	0.01145	0.00842	0.01199	0.00763	0.05137	0.53091	0.00417	0.00724	0.00337	0.00213	0.00356
1	0.30918	0.03525	0.05725	0.06241	0.04843	0.06356	0.00602	0.04575	0.07005	0.09452	0.02888	0.02692	0.01748	0.00452	0.02028	0.00118	0.01793	0.00301	0.00256	0.08481
2	0.01324	0.05039	0.01090	0.00808	0.01088	0.02714	0.00668	0.67555	0.05949	0.05162	0.02607	0.00992	0.02387	0.00453	0.00364	0.00110	0.00390	0.00344	0.00358	0.00600
3	0.00670	0.00555	0.00794	0.14061	0.13716	0.03147	0.02975	0.02423	0.00809	0.03928	0.07345	0.33376	0.07037	0.02926	0.00455	0.00136	0.00325	0.03410	0.01523	0.00390
4	0.02786	0.01086	0.15564	0.07466	0.03055	0.06070	0.24272	0.08212	0.17990	0.05514	0.00911	0.01022	0.00679	0.01653	0.00399	0.00121	0.00478	0.00361	0.00248	0.02111
5	0.02748	0.05733	0.17323	0.03890	0.01211	0.00798	0.09417	0.09265	0.02606	0.27763	0.01045	0.06651	0.00805	0.00476	0.00434	0.00120	0.06934	0.01952	0.00296	0.00531
6	0.00531	0.00386	0.00475	0.00493	0.00575	0.00359	0.00362	0.03057	0.01859	0.02936	0.22953	0.35135	0.22050	0.00946	0.00448	0.00134	0.00214	0.06391	0.00360	0.00336
7	0.00514	0.00377	0.00502	0.00581	0.03755	0.00373	0.00392	0.00594	0.00695	0.00933	0.01786	0.45188	0.06237	0.16424	0.06058	0.00212	0.01937	0.10912	0.02223	0.00306
8	0.14929	0.09878	0.02320	0.02389	0.00923	0.07844	0.02983	0.08997	0.00912	0.19827	0.02723	0.07864	0.02726	0.02694	0.00422	0.00122	0.04396	0.04372	0.03213	0.00466
9	0.01028	0.76996	0.01810	0.00649	0.00949	0.03953	0.00631	0.01146	0.00768	0.05891	0.00568	0.00637	0.00498	0.00334	0.00275	0.00084	0.02918	0.00212	0.00176	0.00477
10	0.00468	0.00353	0.00416	0.00438	0.00504	0.00320	0.00304	0.00554	0.00789	0.01025	0.17926	0.30211	0.31196	0.13026	0.00646	0.00163	0.00216	0.00808	0.00336	0.00301
11	0.00907	0.06221	0.39856	0.04059	0.04021	0.00869	0.03713	0.14167	0.05738	0.06103	0.03001	0.00985	0.00686	0.02202	0.03203	0.00133	0.00472	0.00321	0.02816	0.00529
12	0.03283	0.02466	0.06464	0.05821	0.07781	0.07973	0.02758	0.07246	0.24105	0.09375	0.06275	0.10966	0.01127	0.00527	0.00384	0.00119	0.01286	0.00444	0.01097	0.00503
13	0.00443	0.00361	0.00391	0.00407	0.00507	0.00310	0.00297	0.00535	0.00823	0.01013	0.08761	0.20942	0.62006	0.00964	0.00441	0.00129	0.00191	0.00824	0.00345	0.00310
14	0.00511	0.00338	0.00428	0.00453	0.00499	0.00312	0.00311	0.00511	0.00673	0.00863	0.04426	0.28046	0.26603	0.04339	0.00827	0.29386	0.00244	0.00695	0.00279	0.00255
15	0.03429	0.07892	0.35731	0.06006	0.06412	0.00901	0.00953	0.15455	0.08300	0.01383	0.05844	0.02003	0.02001	0.01671	0.00374	0.00117	0.00434	0.00337	0.00236	0.00523
16	0.05469	0.10094	0.11892	0.05457	0.04772	0.00891	0.06107	0.04962	0.01460	0.01066	0.00719	0.01040	0.00637	0.03636	0.13386	0.02710	0.21309	0.02071	0.01895	0.00428
17	0.05525	0.00628	0.00781	0.00627	0.00865	0.00596	0.00508	0.10211	0.05531	0.50809	0.12541	0.02686	0.03961	0.00515	0.00372	0.00114	0.00292	0.00421	0.02462	0.00553
18	0.00456	0.00346	0.00417	0.00470	0.00529	0.00313	0.00331	0.00534	0.00750	0.00956	0.02551	0.49423	0.30117	0.05101	0.00525	0.00152	0.00219	0.06174	0.00335	0.00301
19	0.00966	0.02199	0.06632	0.15486	0.19193	0.04803	0.14153	0.14479	0.09397	0.03450	0.02022	0.00983	0.00656	0.00391	0.00404	0.00117	0.03557	0.00350	0.00236	0.00526

[dist]
# distance from previous block
# <min> <max>
6	25

[block]
# block no. 7 follows, 75 sequences, length 26
# corresponding to MSA columns:
# 1245-1270
name=unknown_H
#
# <colnr> <probs for GDERKNQSTAVLIFYWHMCP>
#	G	D	E	R	K	N	Q	S	T	A	V	L	I	F	Y	W	H	M	C	P
0	0.00914	0.40562	0.16666	0.01071	0.11183	0.04165	0.15620	0.01147	0.02084	0.01035	0.02040	0.00783	0.00559	0.00334	0.00315	0.00099	0.00469	0.00280	0.00173	0.00499
1	0.00528	0.01710	0.00487	0.01868	0.00549	0.00364	0.00341	0.00556	0.00633	0.00849	0.05023	0.32259	0.04009	0.20987	0.10665	0.16262	0.00360	0.02024	0.00262	0.00267
2	0.09437	0.02139	0.01140	0.03286	0.34772	0.07233	0.02376	0.07572	0.04549	0.08967	0.03567	0.01861	0.02032	0.00401	0.00379	0.00109	0.03602	0.00334	0.00246	0.05996
3	0.00897	0.06075	0.05417	0.01121	0.08929	0.13457	0.21764	0.04970	0.04271	0.01112	0.03031	0.05813	0.00775	0.00690	0.09284	0.00168	0.11165	0.00390	0.00212	0.00460
4	0.00551	0.00417	0.00601	0.00595	0.00652	0.00491	0.00460	0.00673	0.00606	0.00889	0.01035	0.07488	0.01002	0.04257	0.65788	0.00489	0.07606	0.00434	0.05636	0.00330
5	0.00989	0.00873	0.01165	0.27610	0.25189	0.06051	0.00896	0.22663	0.04793	0.01414	0.00779	0.00948	0.00597	0.00384	0.00360	0.00112	0.00441	0.00327	0.03890	0.00520
6	0.00928	0.00445	0.00552	0.00480	0.00632	0.00405	0.00376	0.01085	0.00944	0.28262	0.26008	0.01885	0.07436	0.00566	0.00357	0.00106	0.00218	0.00476	0.28408	0.00432
7	0.00492	0.00376	0.00453	0.00439	0.00539	0.00337	0.00333	0.00637	0.00959	0.01285	0.52226	0.03086	0.32328	0.00826	0.00437	0.00121	0.00185	0.04228	0.00379	0.00333
8	0.00469	0.00332	0.00424	0.00489	0.00511	0.00314	0.00322	0.00524	0.00677	0.00898	0.01903	0.64548	0.04986	0.18613	0.00753	0.00191	0.00245	0.03201	0.00317	0.00284
9	0.00480	0.00362	0.00444	0.00449	0.00531	0.00325	0.00327	0.00606	0.00907	0.01219	0.43539	0.22289	0.25399	0.00892	0.00442	0.00126	0.00186	0.00782	0.00372	0.00325
10	0.00455	0.00371	0.00402	0.00398	0.00510	0.00318	0.00297	0.00566	0.00882	0.01106	0.23084	0.05755	0.62790	0.00894	0.00435	0.00123	0.00184	0.00756	0.00356	0.00318
11	0.00799	0.00706	0.00780	0.00567	0.00887	0.04002	0.00452	0.02616	0.00793	0.01207	0.00654	0.00760	0.00543	0.00280	0.00276	0.00057	0.00291	0.00221	0.00219	0.83891
12	0.01006	0.81970	0.01869	0.00648	0.00955	0.06709	0.00634	0.01123	0.00765	0.00866	0.00514	0.00594	0.00471	0.00318	0.00242	0.00080	0.00410	0.00199	0.00159	0.00468
13	0.00552	0.00393	0.00468	0.00484	0.00570	0.00363	0.00347	0.05096	0.00840	0.04604	0.08701	0.43525	0.29187	0.02508	0.00470	0.00138	0.00218	0.00851	0.00350	0.00336
14	0.00527	0.00384	0.00542	0.00542	0.00591	0.00433	0.00399	0.00625	0.00576	0.00817	0.01028	0.01686	0.01024	0.24104	0.64432	0.00531	0.00825	0.00429	0.00203	0.00301
15	0.02743	0.29199	0.16720	0.00828	0.04411	0.23840	0.00757	0.01177	0.00853	0.02932	0.04164	0.00887	0.02878	0.00388	0.00318	0.00097	0.01640	0.00275	0.05431	0.00461
16	0.00817	0.00781	0.01316	0.35586	0.47409	0.00864	0.01067	0.01039	0.00781	0.01078	0.00664	0.00931	0.00540	0.00361	0.00412	0.00117	0.05236	0.00327	0.00173	0.00503
17	0.01070	0.00860	0.01234	0.05317	0.11581	0.04365	0.17560	0.19810	0.10134	0.12209	0.05599	0.03726	0.00924	0.00450	0.00388	0.00117	0.00421	0.02183	0.00300	0.01752
18	0.00677	0.04497	0.00896	0.00759	0.00813	0.01903	0.02402	0.00782	0.00597	0.00868	0.00776	0.02881	0.00757	0.05884	0.38453	0.00355	0.35777	0.00374	0.00184	0.00364
19	0.00491	0.00357	0.00462	0.00472	0.00540	0.00328	0.00340	0.00623	0.00917	0.01267	0.52424	0.30042	0.08582	0.00892	0.00445	0.00127	0.00187	0.00795	0.00380	0.00328
20	0.00853	0.01168	0.31128	0.13976	0.26936	0.00826	0.01081	0.01206	0.07638	0.06988	0.00870	0.01002	0.02832	0.00384	0.00373	0.00116	0.01549	0.00329	0.00208	0.00536
21	0.00831	0.02802	0.38734	0.00988	0.02469	0.00819	0.12458	0.04387	0.14888	0.05181	0.01051	0.03923	0.02734	0.00489	0.01569	0.00129	0.00466	0.05323	0.00241	0.00520
22	0.00522	0.00367	0.00476	0.00520	0.00572	0.00353	0.00387	0.00607	0.00749	0.00990	0.11152	0.25639	0.10068	0.15043	0.02177	0.05977	0.00284	0.23508	0.00314	0.00295
23	0.00558	0.00418	0.00498	0.00502	0.00594	0.00410	0.00373	0.00806	0.12042	0.01239	0.29721	0.22292	0.15081	0.02509	0.00455	0.00132	0.00214	0.05674	0.06127	0.00358
24	0.00981	0.17223	0.08062	0.17242	0.03318	0.18085	0.06023	0.06633	0.12739	0.01127	0.00752	0.00878	0.00594	0.00428	0.01911	0.00117	0.02895	0.00300	0.00212	0.00481
25	0.00532	0.00413	0.02186	0.00558	0.00628	0.00380	0.00428	0.03478	0.01838	0.01059	0.04686	0.49223	0.09270	0.02484	0.00488	0.00151	0.00255	0.20177	0.01438	0.00329

[dist]
# distance from previous block
# <min> <max>
2	3

[block]
# block no. 8 follows, 75 sequences, length 9
# corresponding to MSA columns:
# 1274-1282
name=unknown_I
#
# <colnr> <probs for GDERKNQSTAVLIFYWHMCP>
#	G	D	E	R	K	N	Q	S	T	A	V	L	I	F	Y	W	H	M	C	P
0	0.05479	0.20053	0.19349	0.03587	0.11608	0.06911	0.05612	0.08655	0.00856	0.03324	0.00671	0.00845	0.00547	0.03039	0.00458	0.05421	0.02618	0.00287	0.00197	0.00483
1	0.00518	0.00372	0.00482	0.00536	0.00589	0.00361	0.00405	0.00616	0.00742	0.00972	0.04423	0.28434	0.10133	0.17348	0.03059	0.00204	0.00302	0.29886	0.00316	0.00302
2	0.47737	0.04432	0.10305	0.00779	0.06573	0.02302	0.03943	0.10561	0.00810	0.02993	0.00614	0.00717	0.00473	0.00376	0.00326	0.01747	0.02475	0.00249	0.00228	0.02360
3	0.00528	0.00354	0.00402	0.00408	0.00410	0.00352	0.00231	0.00533	0.00546	0.00728	0.01218	0.08293	0.01412	0.81099	0.01772	0.00342	0.00346	0.00570	0.00231	0.00228
4	0.28072	0.00858	0.01058	0.04140	0.12998	0.05231	0.09882	0.15888	0.00979	0.16330	0.00802	0.00869	0.00580	0.00376	0.00330	0.00113	0.00397	0.00303	0.00277	0.00517
5	0.11900	0.00790	0.01153	0.17970	0.18621	0.03650	0.09976	0.06360	0.00895	0.19475	0.00851	0.00970	0.00618	0.00380	0.00369	0.00115	0.02063	0.00330	0.03004	0.00511
6	0.00593	0.00381	0.00447	0.00423	0.00525	0.00348	0.00316	0.00735	0.00910	0.05814	0.39343	0.02567	0.22620	0.05295	0.00471	0.00124	0.00193	0.00605	0.17943	0.00345
7	0.09200	0.00464	0.00521	0.00464	0.00600	0.00451	0.00350	0.02983	0.00830	0.20318	0.08326	0.03859	0.06053	0.14545	0.00574	0.00145	0.00252	0.00436	0.29233	0.00397
8	0.00540	0.00365	0.00444	0.00457	0.00522	0.00335	0.00315	0.00621	0.00779	0.05466	0.17653	0.31204	0.20146	0.18585	0.00736	0.00178	0.00234	0.00774	0.00335	0.00312

[dist]
# distance from previous block
# <min> <max>
0	2

[block]
# block no. 9 follows, 75 sequences, length 13
# corresponding to MSA columns:
# 1285-1297
name=unknown_J
#
# <colnr> <probs for GDERKNQSTAVLIFYWHMCP>
#	G	D	E	R	K	N	Q	S	T	A	V	L	I	F	Y	W	H	M	C	P
0	0.00786	0.17329	0.67260	0.00988	0.01484	0.00964	0.04052	0.01152	0.00773	0.01109	0.00635	0.00749	0.00470	0.00341	0.00331	0.00110	0.00518	0.00263	0.00157	0.00528
1	0.07299	0.00969	0.01068	0.00841	0.01080	0.01115	0.00696	0.63976	0.01455	0.02027	0.00789	0.00849	0.00585	0.00468	0.00500	0.00119	0.14950	0.00320	0.00323	0.00571
2	0.00498	0.00370	0.00481	0.00501	0.00564	0.00353	0.00368	0.00620	0.00869	0.01189	0.38827	0.34548	0.09885	0.00930	0.00474	0.00134	0.02762	0.05937	0.00364	0.00326
3	0.07126	0.00639	0.00770	0.00611	0.00852	0.00616	0.00499	0.14929	0.01077	0.49152	0.01245	0.01172	0.00836	0.00440	0.00337	0.00107	0.00297	0.00346	0.18395	0.00553
4	0.06423	0.00683	0.00840	0.00670	0.00932	0.00663	0.00546	0.08328	0.15497	0.56662	0.03892	0.01250	0.00972	0.00464	0.00364	0.00115	0.00310	0.00374	0.00419	0.00596
5	0.00887	0.00703	0.00747	0.00672	0.00856	0.00795	0.00525	0.08299	0.57100	0.01554	0.04692	0.01471	0.01173	0.00507	0.00359	0.00118	0.00276	0.02954	0.15785	0.00527
6	0.00532	0.00366	0.00453	0.00453	0.00471	0.00384	0.00287	0.00567	0.00550	0.00751	0.01110	0.02140	0.01221	0.63971	0.24835	0.00420	0.00528	0.00496	0.00215	0.00251
7	0.89687	0.00710	0.00540	0.00483	0.00710	0.00824	0.00398	0.01080	0.00625	0.01648	0.00511	0.00597	0.00398	0.00341	0.00227	0.00114	0.00284	0.00199	0.00227	0.00398
8	0.01534	0.00694	0.00874	0.00675	0.00949	0.00656	0.00556	0.19313	0.01179	0.62046	0.01311	0.01178	0.00850	0.00450	0.00362	0.00111	0.00323	0.00359	0.05970	0.00607
9	0.83559	0.00716	0.00560	0.00501	0.00727	0.00830	0.00410	0.01140	0.06390	0.01640	0.00579	0.00650	0.00448	0.00352	0.00237	0.00114	0.00285	0.00214	0.00237	0.00410
10	0.00522	0.00393	0.00483	0.00516	0.00581	0.02165	0.00377	0.00617	0.00745	0.02471	0.07036	0.35079	0.17864	0.06146	0.16069	0.00234	0.00376	0.07701	0.00310	0.00317
11	0.28277	0.00870	0.00861	0.00709	0.00961	0.00985	0.00576	0.37539	0.22396	0.01912	0.00925	0.00919	0.00682	0.00425	0.00326	0.00115	0.00339	0.00312	0.00326	0.00544
12	0.05103	0.02695	0.01019	0.00816	0.01043	0.10325	0.07950	0.28310	0.14723	0.05086	0.05661	0.01129	0.00883	0.00775	0.12628	0.00181	0.00494	0.00364	0.00303	0.00512

[dist]
# distance from previous block
# <min> <max>
0	1

[block]
# block no. 10 follows, 75 sequences, length 57
# corresponding to MSA columns:
# 1299-1355
name=unknown_K
#
# <colnr> <probs for GDERKNQSTAVLIFYWHMCP>
#	G	D	E	R	K	N	Q	S	T	A	V	L	I	F	Y	W	H	M	C	P
0	0.09923	0.00681	0.00816	0.00664	0.00921	0.00675	0.00538	0.01768	0.25080	0.52819	0.01372	0.01222	0.00921	0.00456	0.00357	0.00117	0.00303	0.00366	0.00409	0.00590
1	0.00685	0.00342	0.00342	0.00342	0.00428	0.00342	0.00257	0.00856	0.00770	0.01369	0.01198	0.01369	0.00941	0.00428	0.00257	0.00086	0.00171	0.00342	0.89131	0.00342
2	0.00506	0.00375	0.00472	0.00448	0.00540	0.00341	0.00336	0.00667	0.01007	0.01396	0.71658	0.02870	0.16463	0.00780	0.00433	0.00117	0.00175	0.00682	0.00394	0.00341
3	0.00513	0.00375	0.00482	0.00455	0.00545	0.00344	0.00341	0.00680	0.01024	0.01435	0.78289	0.02805	0.09807	0.00765	0.00433	0.00116	0.00174	0.00673	0.00399	0.00344
4	0.01040	0.74672	0.01794	0.00675	0.00971	0.13888	0.00640	0.01154	0.00790	0.00869	0.00519	0.00600	0.00472	0.00324	0.00250	0.00081	0.00433	0.00202	0.00162	0.00465
5	0.00493	0.00376	0.00448	0.00447	0.00545	0.00337	0.00341	0.00630	0.00923	0.01225	0.40085	0.06344	0.35403	0.00856	0.00439	0.00125	0.00196	0.08525	0.01933	0.00329
6	0.89687	0.00710	0.00540	0.00483	0.00710	0.00824	0.00398	0.01080	0.00625	0.01648	0.00511	0.00597	0.00398	0.00341	0.00227	0.00114	0.00284	0.00199	0.00227	0.00398
7	0.02927	0.26678	0.02155	0.00678	0.00964	0.00904	0.00598	0.09807	0.01000	0.46047	0.01051	0.00982	0.00720	0.00415	0.00356	0.00104	0.03402	0.00308	0.00339	0.00566
8	0.02177	0.00999	0.08283	0.02817	0.04410	0.00916	0.49067	0.07140	0.11551	0.02926	0.02674	0.01043	0.00692	0.00371	0.00431	0.00122	0.03231	0.00402	0.00230	0.00516
9	0.02323	0.00947	0.09048	0.01853	0.57793	0.00858	0.08256	0.01196	0.07152	0.03049	0.00776	0.00958	0.00625	0.00420	0.03054	0.00128	0.00463	0.00339	0.00201	0.00561
10	0.00887	0.00763	0.00802	0.00723	0.00926	0.00875	0.00562	0.03015	0.77172	0.01510	0.01641	0.01514	0.06922	0.00527	0.00378	0.00124	0.00285	0.00439	0.00371	0.00563
11	0.01250	0.00935	0.01122	0.08779	0.12462	0.01025	0.00768	0.55044	0.06842	0.06693	0.00908	0.00947	0.00655	0.00423	0.00367	0.00112	0.00404	0.00338	0.00329	0.00596
12	0.00476	0.00373	0.00431	0.00418	0.00522	0.00328	0.00313	0.00608	0.00935	0.01227	0.43403	0.04183	0.43778	0.00845	0.00434	0.00120	0.00180	0.00724	0.00372	0.00328
13	0.01194	0.00675	0.00761	0.00616	0.00832	0.00696	0.00499	0.29888	0.04908	0.23563	0.01167	0.01169	0.00831	0.00443	0.00330	0.00103	0.00294	0.00349	0.31159	0.00525
14	0.00685	0.00342	0.00342	0.00342	0.00428	0.00342	0.00257	0.00856	0.00770	0.01369	0.01198	0.01369	0.00941	0.00428	0.00257	0.00086	0.00171	0.00342	0.89131	0.00342
15	0.00512	0.00375	0.00480	0.00454	0.00544	0.00343	0.00340	0.00678	0.01021	0.01429	0.77314	0.02815	0.10786	0.00767	0.00433	0.00116	0.00174	0.00674	0.00399	0.00343
16	0.00822	0.31634	0.56203	0.00901	0.01364	0.01062	0.01103	0.01141	0.00765	0.01059	0.00607	0.00711	0.00467	0.00337	0.00310	0.00103	0.00491	0.00245	0.00156	0.00518
17	0.00868	0.47601	0.40638	0.00823	0.01243	0.01174	0.00967	0.01129	0.00760	0.01003	0.00580	0.00676	0.00469	0.00330	0.00288	0.00096	0.00463	0.00231	0.00156	0.00505
18	0.86746	0.00707	0.00550	0.00489	0.00718	0.00814	0.00403	0.01103	0.00639	0.04434	0.00543	0.00618	0.00415	0.00345	0.00232	0.00114	0.00285	0.00205	0.00235	0.00405
19	0.00553	0.00437	0.00557	0.00558	0.00662	0.00423	0.03131	0.00774	0.10151	0.01132	0.14444	0.20848	0.25102	0.00906	0.00470	0.02010	0.00249	0.16898	0.00344	0.00352
20	0.00864	0.00609	0.00671	0.00567	0.00735	0.00632	0.00449	0.31173	0.01213	0.01701	0.26916	0.01882	0.12099	0.00594	0.00374	0.00109	0.00259	0.00491	0.18218	0.00443
21	0.00644	0.00583	0.00763	0.00683	0.00769	0.03296	0.05736	0.02256	0.00771	0.02189	0.08727	0.18480	0.24562	0.02904	0.00689	0.00143	0.24607	0.01560	0.00280	0.00360
22	0.00821	0.03945	0.25505	0.17893	0.08473	0.01943	0.06477	0.06909	0.00850	0.02631	0.00782	0.03355	0.02079	0.00375	0.00348	0.00105	0.00447	0.00322	0.00202	0.16537
23	0.01142	0.24987	0.09888	0.00841	0.01099	0.37116	0.00744	0.04855	0.01822	0.03893	0.00612	0.00705	0.00503	0.00381	0.00376	0.00098	0.07157	0.00246	0.00195	0.03339
24	0.01208	0.00920	0.00985	0.00800	0.01059	0.01030	0.00646	0.48126	0.35142	0.04362	0.01147	0.01090	0.00834	0.00465	0.00370	0.00116	0.00355	0.00366	0.00372	0.00607
25	0.00751	0.00625	0.01032	0.63919	0.03921	0.00736	0.03493	0.00974	0.00771	0.06757	0.01979	0.04426	0.02047	0.00431	0.00373	0.00122	0.00441	0.02088	0.04696	0.00418
26	0.00470	0.00363	0.00429	0.00444	0.00532	0.00323	0.00327	0.00583	0.00867	0.01127	0.27263	0.22202	0.38270	0.00931	0.00445	0.00129	0.00195	0.04420	0.00360	0.00319
27	0.00918	0.00952	0.03646	0.25584	0.04088	0.20233	0.05484	0.04737	0.12920	0.01158	0.02009	0.03313	0.00737	0.00433	0.00369	0.01388	0.00452	0.00349	0.10786	0.00446
28	0.00467	0.00335	0.00446	0.00528	0.00560	0.00316	0.00371	0.00545	0.00723	0.00957	0.02045	0.72592	0.04486	0.02359	0.00493	0.00154	0.00231	0.11750	0.00339	0.00303
29	0.03138	0.26644	0.05001	0.02579	0.18927	0.12943	0.00763	0.06338	0.00920	0.15898	0.00758	0.00822	0.00582	0.00360	0.00316	0.00098	0.00429	0.00275	0.00235	0.02973
30	0.00526	0.00392	0.00575	0.00578	0.00643	0.00447	0.00448	0.00653	0.00615	0.00874	0.02975	0.01686	0.02809	0.06504	0.74100	0.00539	0.00890	0.04210	0.00212	0.00324
31	0.89687	0.00710	0.00540	0.00483	0.00710	0.00824	0.00398	0.01080	0.00625	0.01648	0.00511	0.00597	0.00398	0.00341	0.00227	0.00114	0.00284	0.00199	0.00227	0.00398
32	0.83532	0.00719	0.00571	0.00502	0.00734	0.00827	0.00414	0.04195	0.00680	0.04369	0.00556	0.00628	0.00423	0.00348	0.00237	0.00114	0.00290	0.00209	0.00240	0.00414
33	0.17933	0.26908	0.01168	0.03371	0.00976	0.08950	0.01415	0.15925	0.00934	0.08127	0.00721	0.00828	0.00577	0.01611	0.08963	0.00152	0.00458	0.00269	0.00241	0.00474
34	0.01005	0.82345	0.01873	0.00647	0.00954	0.06340	0.00633	0.01121	0.00763	0.00866	0.00514	0.00593	0.00471	0.00318	0.00241	0.00079	0.00408	0.00199	0.00159	0.00469
35	0.00477	0.00371	0.00433	0.00423	0.00524	0.00327	0.00315	0.00608	0.00930	0.01225	0.43239	0.07255	0.40850	0.00853	0.00435	0.00121	0.00181	0.00734	0.00372	0.00327
36	0.00957	0.03270	0.00873	0.00741	0.00956	0.00933	0.00584	0.10142	0.70732	0.01590	0.01395	0.01299	0.01047	0.00485	0.00365	0.00121	0.00301	0.00398	0.03236	0.00575
37	0.00839	0.03087	0.23129	0.18879	0.12921	0.07138	0.19607	0.02839	0.00829	0.01109	0.00742	0.02120	0.01987	0.00373	0.00397	0.00118	0.02871	0.00345	0.00180	0.00490
38	0.00765	0.00552	0.00617	0.00578	0.00710	0.00588	0.00432	0.05974	0.29820	0.05386	0.08642	0.18800	0.06107	0.07646	0.00507	0.00141	0.00257	0.00575	0.11468	0.00436
39	0.00516	0.00348	0.00406	0.00424	0.00429	0.00344	0.00248	0.00529	0.00570	0.00760	0.01343	0.20477	0.01569	0.68700	0.01570	0.00312	0.00325	0.00643	0.00248	0.00239
40	0.00870	0.00518	0.00683	0.00606	0.00730	0.00541	0.00477	0.03635	0.00832	0.23109	0.09462	0.07756	0.12529	0.07760	0.14511	0.00222	0.11965	0.03059	0.00321	0.00415
41	0.02587	0.00651	0.06700	0.01131	0.28601	0.00591	0.00687	0.00817	0.02435	0.00994	0.05917	0.08395	0.02332	0.00817	0.02209	0.31013	0.03130	0.00409	0.00206	0.00376
42	0.00502	0.00356	0.00477	0.00554	0.00594	0.00344	0.00411	0.00594	0.00734	0.00969	0.01920	0.52541	0.02228	0.08927	0.00609	0.00174	0.00266	0.27167	0.00329	0.00304
43	0.00497	0.00354	0.00476	0.00557	0.00597	0.00340	0.00413	0.00590	0.00738	0.00976	0.01954	0.56655	0.02273	0.05668	0.00555	0.00166	0.00260	0.26291	0.00334	0.00307
44	0.02483	0.00642	0.02882	0.08034	0.06473	0.02095	0.21535	0.00824	0.00769	0.01046	0.01423	0.36834	0.04938	0.00732	0.00456	0.00135	0.03159	0.03734	0.01416	0.00391
45	0.00766	0.02484	0.04634	0.26436	0.21051	0.00796	0.15098	0.02400	0.00774	0.01061	0.00777	0.01145	0.00658	0.03904	0.10975	0.00186	0.02396	0.02578	0.01424	0.00454
46	0.03332	0.17969	0.01055	0.00672	0.00913	0.08037	0.02291	0.21886	0.01085	0.17559	0.02252	0.01100	0.04450	0.00472	0.01790	0.00109	0.00369	0.00330	0.13825	0.00503
47	0.18479	0.07839	0.06035	0.02993	0.06686	0.14755	0.06634	0.08194	0.00889	0.12678	0.00722	0.00821	0.00550	0.00427	0.01403	0.00119	0.09762	0.00287	0.00239	0.00486
48	0.00531	0.00355	0.00403	0.00406	0.00408	0.00354	0.00229	0.00537	0.00551	0.00736	0.02907	0.05469	0.01419	0.82202	0.01789	0.00344	0.00347	0.00555	0.00231	0.00228
49	0.00776	0.00680	0.00768	0.00554	0.00877	0.02563	0.00442	0.00938	0.00768	0.01190	0.00651	0.00759	0.00542	0.00275	0.00273	0.00055	0.00282	0.00218	0.00217	0.87172
50	0.00520	0.00389	0.00581	0.00586	0.00649	0.00450	0.00452	0.00647	0.00597	0.00858	0.01045	0.06467	0.01007	0.02660	0.80628	0.00564	0.00938	0.00432	0.00205	0.00326
51	0.00896	0.04417	0.05212	0.28457	0.25376	0.00863	0.13830	0.02009	0.00820	0.08781	0.00741	0.00949	0.00565	0.00362	0.00401	0.00116	0.03805	0.00338	0.00201	0.01862
52	0.00916	0.44141	0.30309	0.00821	0.01195	0.08115	0.02691	0.01179	0.04204	0.01005	0.00637	0.02128	0.00530	0.00353	0.00296	0.00097	0.00464	0.00254	0.00172	0.00494
53	0.00574	0.00347	0.00407	0.00425	0.00493	0.00329	0.00310	0.00642	0.00721	0.01046	0.01862	0.14092	0.21488	0.00869	0.00593	0.18695	0.00223	0.06212	0.30383	0.00290
54	0.01160	0.25691	0.01443	0.00976	0.04370	0.44440	0.11094	0.01324	0.03609	0.00956	0.00607	0.00717	0.00508	0.00356	0.00328	0.00096	0.01420	0.00260	0.00185	0.00458
55	0.00531	0.01317	0.04472	0.00547	0.00656	0.00395	0.01236	0.01619	0.01834	0.01028	0.05408	0.51688	0.10559	0.01027	0.05278	0.00156	0.00284	0.00798	0.00310	0.10859
56	0.01801	0.05709	0.02615	0.11431	0.06606	0.19335	0.07073	0.17577	0.06655	0.05314	0.01837	0.02635	0.02967	0.00472	0.00396	0.02566	0.00461	0.03805	0.00258	0.00485

[dist]
# distance from previous block
# <min> <max>
1	2

[block]
# block no. 11 follows, 75 sequences, length 18
# corresponding to MSA columns:
# 1358-1361,1363-1369,1375-1381
name=unknown_L
#
# <colnr> <probs for GDERKNQSTAVLIFYWHMCP>
#	G	D	E	R	K	N	Q	S	T	A	V	L	I	F	Y	W	H	M	C	P
0	0.00807	0.00669	0.00882	0.18714	0.11946	0.03378	0.00661	0.03419	0.08717	0.06070	0.03612	0.05285	0.08710	0.00554	0.02359	0.02771	0.00364	0.01637	0.00256	0.19186
1	0.00674	0.00626	0.07111	0.04949	0.00900	0.02330	0.03555	0.00855	0.05015	0.04885	0.03989	0.18880	0.03102	0.01247	0.21594	0.05050	0.07873	0.03918	0.00253	0.03195
2	0.21358	0.62806	0.06092	0.00618	0.00924	0.01276	0.00615	0.01099	0.00720	0.01060	0.00519	0.00601	0.00454	0.00322	0.00240	0.00089	0.00376	0.00201	0.00173	0.00458
3	0.08556	0.00452	0.00570	0.03220	0.00649	0.00467	0.00386	0.03345	0.00682	0.12543	0.05052	0.01352	0.00911	0.12824	0.01011	0.36014	0.02816	0.00365	0.08474	0.00309
