[name]
unknown

[dist]
# distance from previous block
# <min> <max>
0	65

[block]
# block no. 0 follows, 80 sequences, length 6
# corresponding to MSA columns:
# 426-431
name=unknown_A
#
# <colnr> <probs for GDERKNQSTAVLIFYWHMCP>
#	G	D	E	R	K	N	Q	S	T	A	V	L	I	F	Y	W	H	M	C	P
0	0.11608	0.00554	0.00641	0.00543	0.00755	0.00504	0.00440	0.03234	0.03798	0.16436	0.04036	0.06090	0.08795	0.00532	0.00338	0.00102	0.00267	0.12929	0.00297	0.28102
1	0.00893	0.00774	0.01131	0.00909	0.01109	0.10623	0.27359	0.07403	0.00874	0.12612	0.01169	0.26507	0.01131	0.00592	0.00420	0.00121	0.02936	0.02737	0.00271	0.00427
2	0.00490	0.00383	0.00521	0.00567	0.00590	0.00414	0.00415	0.00564	0.00661	0.00899	0.01693	0.65888	0.01997	0.01007	0.00555	0.00145	0.13390	0.09220	0.00298	0.00302
3	0.00768	0.00828	0.01734	0.09568	0.01712	0.00799	0.63578	0.01036	0.00808	0.01085	0.00871	0.01394	0.00747	0.00401	0.00416	0.00124	0.00536	0.12956	0.00196	0.00440
4	0.00867	0.01076	0.12149	0.00769	0.00971	0.28538	0.04013	0.01020	0.00762	0.00946	0.00684	0.00922	0.00595	0.05700	0.13218	0.00177	0.08562	0.00285	0.04791	0.13956
5	0.00624	0.00491	0.00742	0.00992	0.26822	0.00473	0.00563	0.00744	0.00746	0.05367	0.05196	0.40715	0.10099	0.00840	0.03798	0.00141	0.00298	0.00683	0.00280	0.00387

[dist]
# distance from previous block
# <min> <max>
0	6

[block]
# block no. 1 follows, 80 sequences, length 24
# corresponding to MSA columns:
# 438-446,453-459,495-502
name=unknown_B
#
# <colnr> <probs for GDERKNQSTAVLIFYWHMCP>
#	G	D	E	R	K	N	Q	S	T	A	V	L	I	F	Y	W	H	M	C	P
0	0.00428	0.00348	0.00380	0.00385	0.00485	0.00299	0.00284	0.00527	0.00813	0.01016	0.17767	0.13971	0.60318	0.00880	0.00416	0.00119	0.00178	0.00750	0.00335	0.00299
1	0.00839	0.00824	0.01272	0.22993	0.56238	0.05955	0.00999	0.01080	0.04414	0.01075	0.00673	0.00885	0.00547	0.00330	0.00345	0.00107	0.00434	0.00309	0.00177	0.00503
2	0.00725	0.00701	0.01124	0.65743	0.20225	0.03717	0.00981	0.00947	0.00728	0.00944	0.00625	0.00906	0.00483	0.00341	0.00347	0.00113	0.00460	0.00307	0.00160	0.00424
3	0.00928	0.84209	0.01838	0.00635	0.00935	0.01359	0.04193	0.01048	0.00714	0.00834	0.00495	0.00576	0.00451	0.00298	0.00232	0.00076	0.00382	0.00196	0.00150	0.00449
4	0.00744	0.00632	0.00734	0.00526	0.00835	0.00486	0.00422	0.03651	0.00754	0.01172	0.00627	0.00727	0.00519	0.00264	0.00261	0.00053	0.00263	0.00210	0.00211	0.86907
5	0.02543	0.03599	0.32079	0.02144	0.14125	0.02852	0.06849	0.03958	0.03011	0.08344	0.00821	0.05677	0.01513	0.00381	0.00336	0.00103	0.00419	0.00327	0.00211	0.10710
6	0.05505	0.00920	0.00995	0.00766	0.01041	0.01004	0.00633	0.71146	0.01519	0.11629	0.00882	0.00865	0.00614	0.00416	0.00343	0.00105	0.00369	0.00312	0.00352	0.00583
7	0.00517	0.00401	0.00597	0.00586	0.00644	0.00481	0.00459	0.00638	0.00559	0.00812	0.00901	0.01328	0.00843	0.02474	0.80305	0.00532	0.07052	0.00369	0.00184	0.00317
8	0.00788	0.00715	0.04203	0.20338	0.29977	0.00722	0.03601	0.03276	0.03391	0.06617	0.09922	0.01264	0.06450	0.00477	0.02075	0.00121	0.04995	0.00380	0.00227	0.00461
9	0.00813	0.25245	0.47223	0.00836	0.01249	0.00934	0.03235	0.01130	0.04376	0.04638	0.00655	0.00736	0.00496	0.00327	0.00301	0.00097	0.00441	0.00249	0.00174	0.06845
10	0.00782	0.26750	0.59480	0.00877	0.01321	0.03082	0.01074	0.01095	0.00735	0.01017	0.00583	0.00683	0.00444	0.00323	0.00300	0.00100	0.00477	0.00236	0.00149	0.00493
11	0.00507	0.00339	0.00384	0.00383	0.00385	0.00338	0.00216	0.00513	0.00524	0.00702	0.04052	0.02295	0.01339	0.84689	0.01728	0.00330	0.00332	0.00512	0.00217	0.00216
12	0.00586	0.00551	0.07530	0.08317	0.00850	0.01570	0.01786	0.04306	0.03783	0.03415	0.04999	0.48047	0.05304	0.00879	0.02767	0.00142	0.01770	0.02755	0.00291	0.00354
13	0.07544	0.09455	0.03912	0.02166	0.03193	0.04457	0.40996	0.05832	0.04788	0.10101	0.00836	0.02332	0.02037	0.00354	0.00358	0.00110	0.00468	0.00360	0.00225	0.00478
14	0.00793	0.00952	0.06986	0.01369	0.01712	0.00839	0.73345	0.01084	0.00830	0.01137	0.06713	0.01047	0.00720	0.00326	0.00407	0.00117	0.00554	0.00418	0.00189	0.00463
15	0.00530	0.00383	0.00561	0.00554	0.00595	0.00432	0.01559	0.00587	0.00555	0.00782	0.00995	0.13588	0.01028	0.08475	0.46007	0.15984	0.06451	0.00456	0.00200	0.00279
16	0.04901	0.03538	0.07643	0.10280	0.02242	0.21612	0.09057	0.20375	0.02053	0.04192	0.00747	0.04272	0.00604	0.00494	0.03969	0.00126	0.02882	0.00320	0.00230	0.00462
17	0.00789	0.00864	0.07220	0.02191	0.01124	0.04605	0.17539	0.00934	0.00641	0.03221	0.00608	0.00921	0.00547	0.05824	0.04357	0.00166	0.47539	0.00336	0.00171	0.00403
18	0.00500	0.00366	0.00521	0.00521	0.00570	0.00415	0.00387	0.00598	0.00549	0.00781	0.00971	0.01571	0.00959	0.21281	0.67810	0.00512	0.00804	0.00403	0.00192	0.00290
19	0.00820	0.04380	0.24682	0.05047	0.08990	0.08528	0.16840	0.05472	0.00845	0.04012	0.04408	0.05164	0.07263	0.00430	0.00370	0.00110	0.01584	0.00382	0.00211	0.00461
20	0.01258	0.00892	0.01016	0.03464	0.03578	0.03185	0.03006	0.51857	0.11762	0.14888	0.00970	0.00950	0.00683	0.00417	0.00351	0.00107	0.00373	0.00330	0.00342	0.00572
21	0.00691	0.00659	0.00794	0.00714	0.00839	0.10610	0.10829	0.00943	0.14031	0.02046	0.04682	0.30039	0.10041	0.00752	0.01764	0.00133	0.06325	0.03447	0.00283	0.00378
22	0.00574	0.00481	0.00746	0.36015	0.06425	0.00535	0.00642	0.00718	0.00716	0.00941	0.09042	0.18765	0.08457	0.00744	0.03470	0.06508	0.00355	0.04288	0.00234	0.00341
23	0.00914	0.19822	0.25879	0.02594	0.04753	0.07014	0.19544	0.07069	0.00848	0.05840	0.00688	0.02268	0.00535	0.00342	0.00330	0.00103	0.00477	0.00300	0.00191	0.00488

[dist]
# distance from previous block
# <min> <max>
9	42

[block]
# block no. 2 follows, 80 sequences, length 10
# corresponding to MSA columns:
# 546-551,567-570
name=unknown_C
#
# <colnr> <probs for GDERKNQSTAVLIFYWHMCP>
#	G	D	E	R	K	N	Q	S	T	A	V	L	I	F	Y	W	H	M	C	P
0	0.00465	0.00322	0.00401	0.00448	0.00462	0.00311	0.00286	0.00504	0.00606	0.00806	0.01573	0.48353	0.01858	0.37605	0.01008	0.00225	0.00264	0.03973	0.00276	0.00255
1	0.04535	0.08842	0.06558	0.07550	0.04253	0.00711	0.00607	0.07555	0.01930	0.10610	0.12995	0.04757	0.09474	0.00552	0.00452	0.00115	0.11076	0.04365	0.02641	0.00422
2	0.04370	0.22464	0.44979	0.00840	0.01231	0.07414	0.00953	0.06567	0.06080	0.01129	0.00643	0.00721	0.00490	0.00340	0.00302	0.00100	0.00457	0.00248	0.00179	0.00493
3	0.00567	0.00404	0.00523	0.00589	0.04659	0.00392	0.00393	0.06349	0.03190	0.04363	0.04218	0.63786	0.07332	0.00942	0.00425	0.00133	0.00228	0.00844	0.00325	0.00339
4	0.00523	0.00387	0.00442	0.00421	0.00535	0.00349	0.00318	0.00690	0.05616	0.05212	0.32419	0.05595	0.44644	0.00785	0.00407	0.00115	0.00185	0.00669	0.00352	0.00335
5	0.18839	0.16926	0.03553	0.00612	0.00799	0.03348	0.00543	0.07913	0.02527	0.02629	0.01175	0.04916	0.04067	0.00656	0.02816	0.00133	0.00348	0.27545	0.00259	0.00395
6	0.00498	0.00334	0.00383	0.00392	0.00394	0.00332	0.00224	0.00505	0.00525	0.00700	0.01189	0.11603	0.01382	0.78263	0.01630	0.00317	0.00323	0.00560	0.00224	0.00219
7	0.00456	0.00345	0.00423	0.00447	0.00523	0.00313	0.00332	0.00566	0.00816	0.01071	0.26584	0.27037	0.29178	0.00902	0.00429	0.00127	0.00196	0.09611	0.00341	0.00304
8	0.04992	0.00767	0.00897	0.00696	0.00964	0.00782	0.00573	0.36669	0.05463	0.42816	0.01115	0.01020	0.00740	0.00424	0.00345	0.00107	0.00332	0.00331	0.00384	0.00583
9	0.04029	0.00901	0.01678	0.01242	0.01507	0.02911	0.54848	0.05446	0.00810	0.04310	0.00676	0.00888	0.00524	0.00373	0.00546	0.00123	0.18167	0.00370	0.00192	0.00459

[dist]
# distance from previous block
# <min> <max>
0	1

[block]
# block no. 3 follows, 80 sequences, length 6
# corresponding to MSA columns:
# 572-577
name=unknown_D
#
# <colnr> <probs for GDERKNQSTAVLIFYWHMCP>
#	G	D	E	R	K	N	Q	S	T	A	V	L	I	F	Y	W	H	M	C	P
0	0.00639	0.00423	0.00516	0.00480	0.00595	0.00406	0.00364	0.00883	0.11255	0.09939	0.45823	0.09617	0.13092	0.00698	0.00395	0.00113	0.00197	0.00607	0.03582	0.00375
1	0.07441	0.00623	0.00724	0.00583	0.00799	0.00624	0.00473	0.20378	0.03687	0.35569	0.07110	0.01190	0.00952	0.00438	0.00325	0.00102	0.00279	0.00347	0.17850	0.00506
2	0.04196	0.15112	0.03209	0.07000	0.06016	0.07614	0.06947	0.12485	0.04331	0.02604	0.00638	0.00779	0.00520	0.00396	0.00483	0.00106	0.18459	0.00280	0.00205	0.08620
3	0.00675	0.00425	0.00501	0.03178	0.00593	0.00474	0.00373	0.05809	0.00742	0.01218	0.01047	0.05386	0.00882	0.00708	0.10001	0.00148	0.09510	0.00360	0.57626	0.00346
4	0.00501	0.00365	0.00518	0.00518	0.00565	0.00413	0.00382	0.00595	0.00548	0.00778	0.00974	0.01589	0.00967	0.23002	0.66100	0.00507	0.00792	0.00406	0.00193	0.00288
5	0.00766	0.03457	0.00790	0.02231	0.02799	0.00555	0.00467	0.03963	0.02474	0.03784	0.02579	0.03243	0.02337	0.00338	0.00317	0.00069	0.03827	0.00268	0.00225	0.65511

[dist]
# distance from previous block
# <min> <max>
1	8

[block]
# block no. 4 follows, 80 sequences, length 16
# corresponding to MSA columns:
# 586-601
name=unknown_E
#
# <colnr> <probs for GDERKNQSTAVLIFYWHMCP>
#	G	D	E	R	K	N	Q	S	T	A	V	L	I	F	Y	W	H	M	C	P
0	0.03791	0.00584	0.00666	0.00663	0.04153	0.00637	0.00480	0.05199	0.38883	0.03182	0.07279	0.24646	0.01491	0.00647	0.00375	0.00121	0.00255	0.01871	0.04633	0.00447
1	0.02812	0.06007	0.09831	0.03094	0.21962	0.00769	0.01649	0.11953	0.05899	0.24886	0.05631	0.01075	0.02062	0.00401	0.00342	0.00106	0.00361	0.00337	0.00289	0.00535
2	0.04624	0.20783	0.16180	0.00862	0.02327	0.22585	0.08735	0.06814	0.04829	0.04874	0.00677	0.00782	0.00535	0.00351	0.00310	0.00097	0.00469	0.01428	0.00202	0.02538
3	0.00500	0.00340	0.00404	0.00410	0.00419	0.00346	0.00246	0.00520	0.00525	0.00708	0.01140	0.08394	0.01297	0.71262	0.11767	0.00350	0.00399	0.00527	0.00217	0.00229
4	0.02278	0.00621	0.00721	0.00537	0.00817	0.00512	0.00429	0.06678	0.02429	0.10674	0.00933	0.00999	0.06100	0.02358	0.00321	0.00075	0.00268	0.00275	0.00252	0.62722
5	0.05065	0.10498	0.05550	0.01070	0.04924	0.12069	0.31478	0.09151	0.03877	0.07241	0.00763	0.00946	0.00597	0.00364	0.00367	0.00108	0.02143	0.03092	0.00220	0.00478
6	0.00846	0.15694	0.33467	0.02790	0.01373	0.00976	0.18032	0.10837	0.02735	0.01168	0.00646	0.00780	0.00495	0.00357	0.00407	0.00109	0.08323	0.00293	0.00183	0.00490
7	0.00437	0.00315	0.00398	0.00457	0.00498	0.00290	0.00312	0.00512	0.00710	0.00947	0.07338	0.66148	0.14752	0.01010	0.00430	0.00134	0.00195	0.00904	0.03925	0.00290
8	0.00809	0.00680	0.00899	0.05203	0.23569	0.03495	0.02009	0.15460	0.03382	0.03445	0.03433	0.01926	0.19102	0.02734	0.00418	0.00122	0.00343	0.12253	0.00274	0.00445
9	0.04943	0.26225	0.24681	0.00951	0.05858	0.05072	0.14059	0.06842	0.03020	0.02994	0.00684	0.00782	0.01744	0.00336	0.00311	0.00100	0.00450	0.00276	0.00187	0.00484
10	0.00447	0.00339	0.00416	0.00467	0.00524	0.00315	0.00330	0.00557	0.03700	0.00950	0.05263	0.55655	0.23361	0.00998	0.00435	0.00135	0.00204	0.05281	0.00327	0.00299
11	0.00427	0.00309	0.00404	0.00475	0.00504	0.00286	0.00320	0.00494	0.00690	0.00915	0.05358	0.78316	0.08087	0.01064	0.00442	0.00139	0.00199	0.00960	0.00326	0.00286
12	0.00748	0.02833	0.03150	0.05793	0.11870	0.03577	0.08358	0.12448	0.08000	0.01183	0.01300	0.31701	0.03308	0.00656	0.00390	0.00122	0.00342	0.03525	0.00273	0.00423
13	0.04517	0.04888	0.14548	0.04383	0.04005	0.09618	0.14129	0.14043	0.13436	0.01290	0.01933	0.03515	0.00700	0.00500	0.04440	0.00130	0.00458	0.00340	0.02648	0.00478
14	0.03798	0.00840	0.01049	0.10532	0.01137	0.13415	0.08204	0.02386	0.00669	0.00914	0.00588	0.00874	0.00529	0.02163	0.11603	0.00188	0.40243	0.00312	0.00170	0.00386
15	0.06471	0.00780	0.03785	0.00809	0.00914	0.03913	0.02262	0.09174	0.00726	0.07895	0.00703	0.05766	0.00634	0.00689	0.06481	0.00162	0.46008	0.00342	0.00213	0.02276

[dist]
# distance from previous block
# <min> <max>
0	4

[block]
# block no. 5 follows, 80 sequences, length 22
# corresponding to MSA columns:
# 606-627
name=unknown_F
#
# <colnr> <probs for GDERKNQSTAVLIFYWHMCP>
#	G	D	E	R	K	N	Q	S	T	A	V	L	I	F	Y	W	H	M	C	P
0	0.04294	0.04497	0.05090	0.04768	0.08390	0.04204	0.03951	0.06702	0.24027	0.10696	0.03367	0.03580	0.02596	0.04637	0.00443	0.00122	0.03431	0.02138	0.00281	0.02788
1	0.10604	0.02879	0.02693	0.02920	0.00769	0.02292	0.02646	0.08805	0.02829	0.08577	0.36915	0.03522	0.07121	0.00578	0.00386	0.00111	0.02667	0.01355	0.01932	0.00400
2	0.00440	0.00315	0.00414	0.00485	0.00513	0.00296	0.00332	0.00508	0.00682	0.00907	0.04423	0.72525	0.05005	0.05443	0.00513	0.00151	0.00215	0.06232	0.00320	0.00284
3	0.00887	0.30882	0.13007	0.00721	0.00997	0.04456	0.00690	0.08858	0.06278	0.01091	0.00621	0.00719	0.00515	0.00365	0.00398	0.00093	0.12490	0.00244	0.00193	0.16497
4	0.03470	0.00643	0.03045	0.00564	0.01731	0.03324	0.00439	0.04890	0.04147	0.08550	0.03314	0.01174	0.00806	0.18340	0.01945	0.00137	0.01209	0.00313	0.00242	0.41719
5	0.02005	0.39389	0.38803	0.02350	0.01213	0.02814	0.02521	0.01115	0.03251	0.02752	0.00602	0.00689	0.00473	0.00323	0.00286	0.00095	0.00441	0.00235	0.00163	0.00481
6	0.00494	0.00373	0.00490	0.00530	0.00595	0.00361	0.01752	0.00653	0.06449	0.01017	0.10003	0.47672	0.10286	0.00956	0.00439	0.00138	0.00231	0.16914	0.00329	0.00318
7	0.00686	0.00637	0.01068	0.72314	0.13364	0.00765	0.00955	0.00912	0.00712	0.00940	0.00645	0.00936	0.00493	0.00346	0.00344	0.00113	0.00447	0.00311	0.03606	0.00407
8	0.00717	0.08645	0.33662	0.00910	0.09674	0.02451	0.00867	0.00961	0.00775	0.04275	0.04488	0.09162	0.01123	0.00564	0.00373	0.00121	0.00399	0.20163	0.00228	0.00440
9	0.05239	0.00742	0.01048	0.02633	0.38520	0.00772	0.00767	0.04497	0.22238	0.12874	0.02249	0.01101	0.00795	0.00395	0.00343	0.00109	0.00343	0.01858	0.02943	0.00534
10	0.00492	0.00346	0.00391	0.00399	0.00463	0.00315	0.00270	0.00557	0.00698	0.03426	0.06971	0.19128	0.33454	0.27193	0.00824	0.00187	0.00233	0.00683	0.03691	0.00279
11	0.00554	0.00342	0.00400	0.00400	0.00481	0.00320	0.00294	0.00690	0.00819	0.03328	0.28904	0.16121	0.13119	0.00682	0.00356	0.00106	0.00175	0.00589	0.31997	0.00322
12	0.15720	0.00747	0.01149	0.18723	0.24889	0.00801	0.12921	0.04866	0.08358	0.02858	0.00782	0.04260	0.00642	0.00378	0.00341	0.00113	0.00401	0.01371	0.00214	0.00467
13	0.03157	0.00773	0.00841	0.00666	0.00907	0.06512	0.00542	0.31736	0.01194	0.36523	0.02870	0.01052	0.00782	0.00423	0.00334	0.00103	0.00333	0.00329	0.10383	0.00541
14	0.00432	0.00310	0.00406	0.00480	0.00505	0.00290	0.00323	0.00494	0.00669	0.00887	0.01949	0.77579	0.05736	0.05233	0.00509	0.00151	0.00211	0.03238	0.00318	0.00281
15	0.00551	0.00427	0.00499	0.00482	0.00594	0.00418	0.00376	0.02221	0.12911	0.01243	0.35587	0.02741	0.26233	0.00747	0.00407	0.00119	0.00208	0.11172	0.02709	0.00355
16	0.02947	0.00388	0.00542	0.04701	0.00710	0.00385	0.03171	0.00636	0.02744	0.00972	0.01796	0.51830	0.04404	0.00956	0.00440	0.00142	0.00262	0.22354	0.00308	0.00314
17	0.00432	0.00311	0.00411	0.00488	0.00516	0.00290	0.00334	0.00499	0.00680	0.00901	0.01988	0.79570	0.05834	0.01077	0.00446	0.00142	0.00208	0.05265	0.00324	0.00286
18	0.00687	0.00649	0.01097	0.75231	0.13851	0.00783	0.00983	0.00916	0.00711	0.00926	0.00625	0.00921	0.00477	0.00344	0.00348	0.00115	0.00458	0.00310	0.00157	0.00410
19	0.01180	0.01446	0.01012	0.11164	0.06279	0.66981	0.00727	0.01337	0.04965	0.00905	0.00598	0.00711	0.00487	0.00361	0.00322	0.00095	0.00580	0.00248	0.00185	0.00418
20	0.00840	0.00808	0.01389	0.11634	0.74421	0.00824	0.02860	0.01052	0.00784	0.01112	0.00653	0.00873	0.00542	0.00315	0.00347	0.00105	0.00424	0.00313	0.00171	0.00532
21	0.13185	0.29885	0.09159	0.05226	0.02616	0.24150	0.00683	0.06213	0.04074	0.01075	0.00581	0.00666	0.00474	0.00338	0.00279	0.00093	0.00444	0.00228	0.00187	0.00445

[dist]
# distance from previous block
# <min> <max>
0	4

[block]
# block no. 6 follows, 80 sequences, length 17
# corresponding to MSA columns:
# 632-648
name=unknown_G
#
# <colnr> <probs for GDERKNQSTAVLIFYWHMCP>
#	G	D	E	R	K	N	Q	S	T	A	V	L	I	F	Y	W	H	M	C	P
0	0.00458	0.00338	0.00430	0.00461	0.00523	0.00311	0.00335	0.00567	0.00810	0.01087	0.31055	0.37751	0.16116	0.00917	0.00431	0.00128	0.00195	0.07436	0.00345	0.00304
1	0.00422	0.00343	0.00375	0.00389	0.00483	0.00295	0.00283	0.00512	0.00786	0.00973	0.10619	0.21208	0.60270	0.00913	0.00419	0.00122	0.00181	0.00781	0.00329	0.00295
2	0.00988	0.27311	0.06970	0.00722	0.01004	0.08233	0.02803	0.16287	0.17654	0.02664	0.00786	0.00816	0.00614	0.00360	0.00299	0.00091	0.00377	0.00270	0.00241	0.11509
3	0.01093	0.00765	0.00845	0.00637	0.00924	0.04755	0.00517	0.24589	0.01051	0.18702	0.00832	0.00846	0.00606	0.00344	0.00305	0.00080	0.00319	0.00267	0.00291	0.42231
4	0.00809	0.01920	0.16150	0.00671	0.00895	0.03350	0.00611	0.07543	0.22825	0.09807	0.03209	0.17511	0.12010	0.00607	0.00372	0.00118	0.00314	0.00511	0.00307	0.00459
5	0.02858	0.06896	0.13342	0.01552	0.03053	0.02120	0.11854	0.14164	0.17693	0.07606	0.02976	0.01207	0.03554	0.01961	0.00375	0.00113	0.00384	0.03958	0.00270	0.04064
6	0.00496	0.00327	0.00432	0.00486	0.00529	0.00301	0.00334	0.00572	0.00720	0.05780	0.09836	0.72336	0.04507	0.01014	0.00436	0.00136	0.00204	0.00914	0.00336	0.00306
7	0.00442	0.00325	0.00415	0.00474	0.00519	0.00300	0.00335	0.00522	0.00720	0.00944	0.07881	0.59212	0.15512	0.02574	0.00465	0.00141	0.00209	0.08395	0.00326	0.00290
8	0.02930	0.13184	0.24346	0.01060	0.03810	0.07989	0.25412	0.04299	0.04621	0.03048	0.00672	0.00805	0.00515	0.00346	0.00386	0.00108	0.05499	0.00304	0.00185	0.00480
9	0.00660	0.00531	0.00595	0.00581	0.00700	0.00574	0.00431	0.03959	0.38205	0.01225	0.05753	0.34360	0.07659	0.00747	0.00394	0.00126	0.00237	0.00654	0.02192	0.00417
10	0.00529	0.00342	0.00426	0.00451	0.00486	0.00329	0.00297	0.00576	0.00627	0.05647	0.01597	0.38074	0.05932	0.36299	0.04407	0.00236	0.00294	0.02898	0.00279	0.00275
11	0.00507	0.00336	0.00384	0.00387	0.00388	0.00335	0.00219	0.00505	0.00512	0.00683	0.01116	0.05627	0.01289	0.81566	0.01710	0.03158	0.00332	0.00520	0.00214	0.00212
12	0.09495	0.00909	0.15995	0.00806	0.07241	0.02200	0.06313	0.03198	0.05668	0.01213	0.00667	0.00771	0.00526	0.00303	0.00293	0.00082	0.00350	0.00250	0.00204	0.43517
13	0.00431	0.00318	0.00405	0.00468	0.00509	0.00292	0.00324	0.00504	0.00705	0.00922	0.04966	0.67276	0.16231	0.01040	0.00440	0.00137	0.00202	0.04217	0.00326	0.00288
14	0.00444	0.00317	0.00413	0.00470	0.00497	0.00302	0.00314	0.00507	0.00665	0.00891	0.06869	0.63992	0.04672	0.12243	0.05509	0.00188	0.00258	0.00865	0.00305	0.00279
15	0.00634	0.00555	0.00801	0.32928	0.04096	0.00579	0.02792	0.04425	0.01975	0.01086	0.12988	0.05489	0.15974	0.00516	0.00361	0.00106	0.00325	0.00450	0.00244	0.13675
16	0.01902	0.00561	0.02398	0.01552	0.03885	0.00555	0.01613	0.13489	0.08704	0.11254	0.08556	0.05457	0.03042	0.00480	0.00319	0.00100	0.00252	0.00399	0.35051	0.00431

[dist]
# distance from previous block
# <min> <max>
1	14

[block]
# block no. 7 follows, 80 sequences, length 41
# corresponding to MSA columns:
# 663-703
name=unknown_H
#
# <colnr> <probs for GDERKNQSTAVLIFYWHMCP>
#	G	D	E	R	K	N	Q	S	T	A	V	L	I	F	Y	W	H	M	C	P
0	0.01110	0.39684	0.01316	0.00657	0.00932	0.01082	0.00586	0.27695	0.03974	0.12501	0.02834	0.00891	0.03193	0.00387	0.00296	0.00092	0.00351	0.00283	0.00269	0.01867
1	0.00905	0.00816	0.01340	0.06374	0.71379	0.00825	0.01008	0.06385	0.00849	0.04170	0.00691	0.00874	0.00561	0.00323	0.00344	0.00104	0.00408	0.00311	0.00193	0.02140
2	0.04003	0.00921	0.12408	0.00795	0.01030	0.10420	0.10387	0.07272	0.15654	0.10634	0.08046	0.12275	0.02044	0.00513	0.00379	0.00114	0.01918	0.00440	0.00284	0.00464
3	0.00438	0.00313	0.00416	0.00482	0.00511	0.00293	0.00328	0.00513	0.00707	0.00953	0.12108	0.73655	0.02403	0.02583	0.00466	0.00142	0.00203	0.02869	0.00329	0.00289
4	0.00659	0.00620	0.01047	0.86899	0.02403	0.00775	0.00969	0.00891	0.00698	0.00891	0.00620	0.00930	0.00465	0.00349	0.00349	0.00116	0.00465	0.00310	0.00155	0.00388
5	0.00974	0.00903	0.09058	0.02322	0.38537	0.00835	0.05639	0.11178	0.14245	0.10389	0.00873	0.00957	0.00658	0.00368	0.00360	0.00109	0.01468	0.00330	0.00248	0.00550
6	0.00648	0.00521	0.00680	0.00615	0.00722	0.00543	0.07904	0.06548	0.19638	0.01078	0.02667	0.24295	0.04381	0.24899	0.01928	0.00191	0.00314	0.01779	0.00287	0.00364
7	0.00432	0.00326	0.00393	0.00434	0.00494	0.00293	0.00303	0.00515	0.00745	0.00969	0.11123	0.49132	0.29897	0.00971	0.00427	0.00129	0.00189	0.00857	0.02077	0.00293
8	0.00571	0.00511	0.04429	0.13367	0.03773	0.00511	0.05912	0.00715	0.00623	0.00881	0.00955	0.06854	0.00920	0.16026	0.36051	0.00336	0.00609	0.00418	0.06206	0.00332
9	0.07798	0.02228	0.02858	0.01054	0.10246	0.14217	0.17813	0.13479	0.15558	0.04285	0.00827	0.00910	0.01250	0.00386	0.00392	0.00110	0.05527	0.00325	0.00244	0.00493
10	0.02115	0.00855	0.01037	0.01052	0.16266	0.09267	0.03605	0.10586	0.18449	0.02653	0.00816	0.00995	0.00678	0.05154	0.02560	0.00142	0.22733	0.00333	0.00234	0.00471
11	0.00442	0.00349	0.00380	0.00388	0.00489	0.00300	0.00285	0.00533	0.00794	0.02437	0.10506	0.17573	0.62511	0.00896	0.00417	0.00121	0.00182	0.00764	0.00331	0.00301
12	0.00560	0.00434	0.00544	0.00581	0.06275	0.00417	0.00396	0.07368	0.02930	0.01222	0.32328	0.23078	0.20959	0.00787	0.00409	0.00119	0.00214	0.00689	0.00338	0.00352
13	0.02282	0.00807	0.00976	0.00778	0.01026	0.02921	0.07686	0.31092	0.19755	0.21935	0.01136	0.04108	0.00846	0.00458	0.00360	0.00112	0.00353	0.02469	0.00348	0.00549
14	0.00775	0.54106	0.03968	0.00594	0.00808	0.01029	0.00548	0.00912	0.03614	0.00873	0.00955	0.22619	0.02916	0.00534	0.00334	0.00099	0.04290	0.00418	0.00205	0.00405
15	0.00427	0.00338	0.00386	0.00417	0.00497	0.00297	0.00302	0.00512	0.00758	0.00948	0.06382	0.33887	0.48198	0.00956	0.00427	0.00128	0.00192	0.04331	0.00326	0.00293
16	0.00809	0.00767	0.01293	0.28581	0.57895	0.00817	0.01031	0.02690	0.00781	0.01084	0.00649	0.00884	0.00526	0.00325	0.00347	0.00108	0.00430	0.00311	0.00171	0.00502
17	0.03212	0.01165	0.02044	0.09815	0.06850	0.36619	0.00705	0.19207	0.08609	0.03962	0.02480	0.00898	0.00642	0.00397	0.00335	0.00102	0.00478	0.01765	0.00244	0.00470
18	0.00865	0.00519	0.00612	0.00537	0.00693	0.00512	0.00425	0.15885	0.03825	0.17379	0.15578	0.09866	0.13712	0.00634	0.00373	0.00112	0.00247	0.05669	0.12132	0.00424
19	0.01237	0.01543	0.00956	0.00871	0.01046	0.76668	0.00655	0.01389	0.06610	0.00893	0.00617	0.00708	0.00510	0.00470	0.04249	0.00113	0.00619	0.00243	0.00192	0.00410
20	0.01050	0.00691	0.00881	0.00849	0.10905	0.01752	0.02204	0.16224	0.14774	0.23753	0.05503	0.11171	0.03626	0.00531	0.00403	0.00115	0.04278	0.00444	0.00335	0.00509
21	0.15917	0.00804	0.01244	0.05755	0.50778	0.02521	0.09371	0.03541	0.00785	0.01230	0.00655	0.00838	0.00531	0.00322	0.00326	0.00105	0.00403	0.00300	0.04079	0.00495
22	0.07954	0.00787	0.00997	0.00854	0.04851	0.00894	0.06662	0.25694	0.14023	0.08856	0.00900	0.00982	0.01756	0.00597	0.06274	0.00148	0.16661	0.00335	0.00278	0.00497
23	0.00812	0.00767	0.01244	0.10555	0.62892	0.00790	0.00954	0.01090	0.08928	0.01137	0.01863	0.01079	0.05606	0.00369	0.00351	0.00107	0.00389	0.00348	0.00200	0.00518
24	0.01221	0.17326	0.01185	0.00860	0.01073	0.63488	0.04294	0.02927	0.00943	0.02861	0.00562	0.00647	0.00465	0.00348	0.00304	0.00089	0.00568	0.00231	0.00183	0.00423
25	0.00865	0.03909	0.01269	0.00985	0.01159	0.13115	0.25195	0.01086	0.06849	0.03865	0.07476	0.01141	0.02012	0.00480	0.00602	0.00123	0.25834	0.03395	0.00214	0.00425
26	0.00846	0.00819	0.01354	0.10016	0.70064	0.02553	0.02892	0.01052	0.00787	0.01110	0.00650	0.00860	0.00540	0.00313	0.00342	0.00102	0.00420	0.00306	0.00173	0.04801
27	0.00512	0.00349	0.00457	0.00504	0.00558	0.00331	0.00361	0.00632	0.03785	0.04687	0.12876	0.59855	0.04395	0.00975	0.00436	0.00136	0.00214	0.08281	0.00337	0.00316
28	0.01204	0.01509	0.00923	0.00852	0.01014	0.76622	0.00635	0.01291	0.00953	0.00858	0.00696	0.10438	0.00659	0.00442	0.00329	0.00096	0.00581	0.00311	0.00196	0.00391
29	0.04940	0.00733	0.01025	0.30553	0.22567	0.03634	0.00809	0.09518	0.09108	0.04872	0.03522	0.01026	0.02133	0.00414	0.00381	0.03353	0.00394	0.00330	0.00225	0.00463
30	0.01042	0.00742	0.00877	0.00839	0.10444	0.02720	0.00599	0.22131	0.23989	0.15553	0.14799	0.01351	0.01217	0.00478	0.00362	0.00110	0.00313	0.01562	0.00346	0.00527
31	0.00531	0.00415	0.00493	0.00500	0.00591	0.00413	0.00371	0.00802	0.16398	0.01151	0.24569	0.28839	0.17127	0.00831	0.00416	0.00126	0.00208	0.05523	0.00346	0.00350
32	0.00794	0.00889	0.01902	0.07159	0.01789	0.00852	0.73582	0.01070	0.00803	0.01088	0.00749	0.04704	0.00601	0.00338	0.00422	0.00119	0.02075	0.00428	0.00181	0.00455
33	0.07755	0.01010	0.00863	0.00737	0.00958	0.27012	0.00579	0.10538	0.22955	0.22524	0.01008	0.00963	0.00724	0.00411	0.00331	0.00105	0.00401	0.00308	0.00310	0.00509
34	0.00539	0.00363	0.00442	0.00449	0.00500	0.00351	0.00305	0.00637	0.03575	0.04667	0.16139	0.22563	0.08234	0.33743	0.02864	0.00216	0.00273	0.03556	0.00294	0.00290
35	0.00508	0.00336	0.00435	0.00500	0.00550	0.00326	0.00378	0.00617	0.00719	0.01014	0.01751	0.46774	0.01950	0.00924	0.00417	0.00136	0.00229	0.24689	0.17444	0.00302
36	0.00547	0.00389	0.00486	0.00471	0.00503	0.00422	0.00318	0.04203	0.00575	0.00790	0.01018	0.01886	0.01090	0.54238	0.28855	0.00395	0.02890	0.00451	0.00208	0.00265
37	0.07939	0.01124	0.00911	0.00859	0.06355	0.34168	0.00627	0.12633	0.26141	0.02486	0.00925	0.00938	0.02569	0.00409	0.00328	0.00104	0.00435	0.00304	0.00264	0.00482
38	0.00530	0.00405	0.00580	0.00724	0.10189	0.00393	0.00496	0.00652	0.00758	0.01010	0.07038	0.38079	0.04980	0.00925	0.00445	0.00142	0.00268	0.31746	0.00310	0.00331
39	0.00448	0.00326	0.00423	0.00470	0.00517	0.00301	0.00331	0.00541	0.00765	0.01030	0.23115	0.55343	0.09376	0.00974	0.00436	0.00133	0.00196	0.04637	0.00339	0.00298
40	0.00839	0.10315	0.21178	0.10128	0.22834	0.03143	0.05225	0.03938	0.13000	0.02349	0.01518	0.00898	0.00614	0.00353	0.00332	0.00106	0.00424	0.00304	0.02000	0.00503

[dist]
# distance from previous block
# <min> <max>
2	34

[block]
# block no. 8 follows, 80 sequences, length 21
# corresponding to MSA columns:
# 738-758
name=unknown_I
#
# <colnr> <probs for GDERKNQSTAVLIFYWHMCP>
#	G	D	E	R	K	N	Q	S	T	A	V	L	I	F	Y	W	H	M	C	P
0	0.08954	0.10411	0.03429	0.00765	0.05879	0.00898	0.00612	0.35331	0.05566	0.12312	0.05378	0.00937	0.00750	0.00397	0.00320	0.00099	0.00341	0.00305	0.00302	0.07014
1	0.03639	0.00721	0.04881	0.05327	0.08178	0.01931	0.03709	0.12282	0.16700	0.04780	0.03017	0.05804	0.15554	0.00524	0.00359	0.00109	0.00318	0.02805	0.00286	0.09076
2	0.01013	0.00776	0.09914	0.05451	0.12135	0.00654	0.09933	0.07071	0.03250	0.27503	0.15745	0.01286	0.01133	0.00435	0.00363	0.00109	0.00356	0.00388	0.01982	0.00503
3	0.26729	0.00607	0.00692	0.00562	0.00792	0.00600	0.00459	0.04414	0.03437	0.46075	0.11116	0.01170	0.01011	0.00435	0.00320	0.00108	0.00276	0.00338	0.00359	0.00499
4	0.00636	0.00564	0.00886	0.18760	0.29554	0.00583	0.00718	0.00798	0.00760	0.01018	0.05674	0.15671	0.13208	0.02005	0.00410	0.00123	0.00335	0.07657	0.00239	0.00401
5	0.00654	0.00459	0.03484	0.00577	0.00666	0.00426	0.03556	0.00754	0.08363	0.05042	0.01253	0.05578	0.07307	0.01005	0.03430	0.39807	0.00327	0.16782	0.00240	0.00289
6	0.01451	0.00725	0.00885	0.00681	0.00949	0.00712	0.00562	0.31281	0.01228	0.53583	0.03459	0.01101	0.00833	0.00435	0.00352	0.00107	0.00324	0.00345	0.00401	0.00586
7	0.00626	0.00566	0.08423	0.00587	0.00736	0.00460	0.04578	0.02303	0.08380	0.06749	0.31000	0.23072	0.08614	0.00716	0.00400	0.00119	0.00250	0.00634	0.01406	0.00381
8	0.02210	0.26176	0.03780	0.08611	0.26326	0.03304	0.00727	0.00919	0.00740	0.00967	0.00983	0.16115	0.04895	0.00492	0.00331	0.00105	0.00363	0.02321	0.00202	0.00435
9	0.00489	0.00347	0.00424	0.00439	0.00517	0.00313	0.00321	0.00598	0.00816	0.03510	0.26818	0.29157	0.26373	0.00871	0.00417	0.00123	0.00190	0.04287	0.03678	0.00312
10	0.00703	0.00512	0.00608	0.00602	0.00728	0.00541	0.00480	0.01133	0.29908	0.06218	0.08399	0.13115	0.04846	0.00728	0.00406	0.00131	0.00263	0.25525	0.04741	0.00412
11	0.00623	0.00501	0.00718	0.29901	0.07193	0.00526	0.00592	0.02187	0.00808	0.06064	0.12138	0.04955	0.31214	0.00613	0.00382	0.00115	0.00302	0.00527	0.00270	0.00371
12	0.00801	0.18863	0.57468	0.00904	0.02787	0.03536	0.02545	0.01114	0.00751	0.04208	0.00643	0.00740	0.00478	0.00331	0.00309	0.00102	0.00470	0.00252	0.03204	0.00495
13	0.08725	0.00356	0.00441	0.00496	0.00549	0.00345	0.00347	0.00604	0.00683	0.05136	0.01761	0.72013	0.02048	0.00985	0.00421	0.00138	0.00218	0.04107	0.00319	0.00309
14	0.00549	0.00335	0.00481	0.00481	0.00503	0.00358	0.00336	0.00526	0.00503	0.00693	0.00813	0.01388	0.00820	0.16866	0.32624	0.41423	0.00541	0.00365	0.00175	0.00221
15	0.00807	0.00814	0.01252	0.40315	0.35310	0.08253	0.06253	0.01021	0.00769	0.01001	0.00633	0.00878	0.00503	0.00331	0.00348	0.00109	0.00467	0.00309	0.00166	0.00460
16	0.00752	0.00715	0.01214	0.48550	0.40029	0.00800	0.01015	0.00973	0.00741	0.01004	0.00637	0.00900	0.00505	0.00332	0.00347	0.00111	0.00442	0.00310	0.00163	0.00462
17	0.24941	0.02828	0.01203	0.02541	0.10075	0.23186	0.22287	0.05918	0.00846	0.02202	0.00607	0.00740	0.00475	0.00331	0.00318	0.00105	0.00474	0.00280	0.00199	0.00444
18	0.00451	0.00352	0.00389	0.00382	0.00470	0.00312	0.00274	0.00546	0.00800	0.01024	0.25838	0.02968	0.48423	0.15496	0.00642	0.00153	0.00201	0.00668	0.00322	0.00290
19	0.00589	0.00303	0.00450	0.00457	0.00459	0.00301	0.00305	0.00457	0.00474	0.00632	0.00727	0.08993	0.00762	0.01201	0.01279	0.81617	0.00294	0.00366	0.00167	0.00164
20	0.02611	0.12809	0.01099	0.06556	0.10578	0.35437	0.00691	0.06515	0.15852	0.01103	0.03022	0.00851	0.00656	0.00378	0.00318	0.00098	0.00463	0.00281	0.00221	0.00461

[dist]
# distance from previous block
# <min> <max>
0	1

[block]
# block no. 9 follows, 80 sequences, length 9
# corresponding to MSA columns:
# 760-768
name=unknown_J
#
# <colnr> <probs for GDERKNQSTAVLIFYWHMCP>
#	G	D	E	R	K	N	Q	S	T	A	V	L	I	F	Y	W	H	M	C	P
0	0.00944	0.78193	0.06019	0.00636	0.00938	0.06678	0.00637	0.01070	0.00728	0.00837	0.00496	0.00573	0.00448	0.00304	0.00235	0.00077	0.00396	0.00193	0.00151	0.00448
1	0.01371	0.00836	0.06249	0.00728	0.01014	0.03526	0.02383	0.27111	0.04201	0.45370	0.01108	0.01023	0.00733	0.00414	0.00347	0.00106	0.00353	0.00329	0.00367	0.02430
2	0.00810	0.00775	0.01320	0.24239	0.63880	0.00815	0.01044	0.01024	0.00769	0.01075	0.00647	0.00881	0.00530	0.00321	0.00346	0.00107	0.00428	0.00311	0.00168	0.00510
3	0.01022	0.00729	0.00809	0.00684	0.00912	0.00785	0.00542	0.08796	0.54916	0.16927	0.01291	0.01189	0.00939	0.00442	0.00345	0.00109	0.00288	0.00363	0.00355	0.08556
4	0.00637	0.00386	0.00499	0.00453	0.00562	0.00351	0.00346	0.00794	0.00967	0.12479	0.66157	0.02403	0.07355	0.00672	0.00396	0.00109	0.00183	0.00586	0.04301	0.00362
5	0.01074	0.10002	0.25074	0.05573	0.01248	0.35824	0.00849	0.11004	0.00951	0.04367	0.00630	0.00715	0.00481	0.00355	0.00318	0.00098	0.00521	0.00250	0.00196	0.00469
6	0.00523	0.00368	0.00437	0.00416	0.00522	0.00324	0.00313	0.00648	0.00891	0.06461	0.41299	0.07052	0.37891	0.00787	0.00410	0.00115	0.00180	0.00676	0.00359	0.00329
7	0.00485	0.00366	0.00460	0.00505	0.00588	0.00341	0.00406	0.00606	0.00795	0.01018	0.09908	0.17558	0.29025	0.00937	0.00447	0.00139	0.00241	0.35540	0.00328	0.00307
8	0.01064	0.00727	0.02995	0.03473	0.18949	0.00722	0.00671	0.07242	0.25285	0.26234	0.07937	0.01223	0.01011	0.00435	0.00355	0.00110	0.00321	0.00372	0.00330	0.00544

[dist]
# distance from previous block
# <min> <max>
0	1

[block]
# block no. 10 follows, 80 sequences, length 24
# corresponding to MSA columns:
# 770-793
name=unknown_K
#
# <colnr> <probs for GDERKNQSTAVLIFYWHMCP>
#	G	D	E	R	K	N	Q	S	T	A	V	L	I	F	Y	W	H	M	C	P
0	0.00792	0.08738	0.12873	0.00838	0.01084	0.00779	0.16801	0.04450	0.21091	0.05001	0.04449	0.15798	0.02216	0.00524	0.00392	0.00117	0.02862	0.00468	0.00266	0.00463
1	0.16408	0.00612	0.00738	0.00589	0.00831	0.00584	0.00482	0.07245	0.01956	0.57596	0.01205	0.04963	0.00832	0.00442	0.00328	0.00108	0.00289	0.00349	0.03908	0.00532
2	0.00929	0.00452	0.00515	0.00447	0.00590	0.00442	0.00349	0.06946	0.03306	0.22715	0.01184	0.01284	0.00887	0.04360	0.00351	0.00102	0.00223	0.00341	0.54162	0.00414
3	0.00488	0.00333	0.00401	0.00435	0.00455	0.00324	0.00275	0.01978	0.00618	0.00837	0.01527	0.42523	0.03137	0.39853	0.01030	0.00226	0.00264	0.00729	0.04309	0.00259
4	0.02166	0.00804	0.00995	0.00862	0.04768	0.00960	0.00683	0.35163	0.01057	0.05363	0.04478	0.01039	0.00733	0.00522	0.00657	0.00125	0.33458	0.03778	0.01910	0.00480
5	0.05891	0.17140	0.05401	0.01201	0.30884	0.06158	0.04724	0.02442	0.01539	0.03589	0.00646	0.00803	0.00539	0.02757	0.00342	0.00097	0.00392	0.00268	0.00189	0.14997
6	0.00880	0.18011	0.03383	0.00641	0.00812	0.25191	0.00527	0.01019	0.03066	0.04735	0.20456	0.01451	0.07891	0.06443	0.00463	0.00115	0.03895	0.00385	0.00248	0.00388
7	0.00844	0.00803	0.10425	0.00726	0.04412	0.04537	0.00599	0.06103	0.29585	0.08499	0.17968	0.04234	0.03659	0.00506	0.00360	0.00109	0.00305	0.00425	0.00318	0.05584
8	0.00847	0.00812	0.01387	0.08926	0.78905	0.00825	0.01063	0.01056	0.00787	0.01120	0.00653	0.00869	0.00546	0.00314	0.00346	0.00105	0.00419	0.00311	0.00171	0.00539
9	0.00512	0.00371	0.00448	0.00423	0.00525	0.00334	0.00319	0.00665	0.02340	0.04240	0.54838	0.02774	0.29414	0.00754	0.00409	0.00112	0.00175	0.00651	0.00366	0.00331
10	0.00749	0.00530	0.00854	0.03804	0.03671	0.00505	0.14718	0.02374	0.00836	0.14765	0.10540	0.16004	0.09616	0.00767	0.03994	0.00144	0.00347	0.15079	0.00306	0.00397
11	0.04871	0.00493	0.00559	0.00511	0.00631	0.02826	0.00394	0.10578	0.02795	0.03430	0.48645	0.07600	0.09214	0.00723	0.02109	0.00122	0.00238	0.03538	0.00352	0.00369
12	0.15533	0.00684	0.00786	0.00622	0.00876	0.00681	0.00510	0.17279	0.07234	0.43686	0.01180	0.01088	0.03726	0.00424	0.00328	0.00106	0.00302	0.00329	0.00363	0.04264
13	0.36404	0.00658	0.00699	0.00565	0.00807	0.00677	0.00465	0.11016	0.00902	0.39179	0.00953	0.00907	0.00642	0.00387	0.00293	0.00106	0.00290	0.00282	0.04270	0.00497
14	0.00478	0.00347	0.00435	0.00454	0.00526	0.00318	0.00331	0.00598	0.01846	0.02569	0.31458	0.34009	0.19779	0.00892	0.00426	0.00126	0.00192	0.04557	0.00347	0.00312
15	0.00756	0.00730	0.01143	0.25575	0.28181	0.04422	0.07539	0.00987	0.04802	0.01020	0.00843	0.05963	0.00763	0.00512	0.02917	0.00132	0.06079	0.06998	0.00197	0.00442
16	0.00507	0.00338	0.00381	0.00381	0.00381	0.00338	0.00211	0.00507	0.00507	0.00677	0.01099	0.02283	0.01268	0.87738	0.01776	0.00338	0.00338	0.00507	0.00211	0.00211
17	0.00507	0.00338	0.00381	0.00381	0.00381	0.00338	0.00211	0.00507	0.00507	0.00677	0.01099	0.02283	0.01268	0.87738	0.01776	0.00338	0.00338	0.00507	0.00211	0.00211
18	0.00445	0.00322	0.00423	0.00496	0.00525	0.00307	0.00338	0.00542	0.03417	0.00930	0.04656	0.79717	0.02292	0.01057	0.00442	0.00140	0.00207	0.03121	0.00327	0.00295
19	0.70606	0.10454	0.00703	0.00503	0.00732	0.00859	0.00425	0.04998	0.03447	0.03866	0.00558	0.00620	0.00432	0.00333	0.00231	0.00104	0.00288	0.00206	0.00225	0.00408
20	0.12397	0.07798	0.00981	0.00881	0.14204	0.00810	0.01642	0.15164	0.12634	0.21655	0.05284	0.01031	0.00818	0.00407	0.00335	0.00106	0.01404	0.00325	0.01604	0.00521
21	0.03212	0.64174	0.08481	0.00628	0.00918	0.02549	0.00625	0.04477	0.00749	0.00936	0.00631	0.07551	0.00602	0.00370	0.00258	0.00085	0.00370	0.00263	0.00175	0.02946
22	0.00864	0.05382	0.25429	0.08819	0.23700	0.10835	0.06650	0.06329	0.00833	0.01107	0.00704	0.00856	0.02702	0.00358	0.00371	0.00107	0.03990	0.00298	0.00178	0.00489
23	0.00859	0.12927	0.48887	0.00935	0.03530	0.03710	0.05656	0.10580	0.00863	0.04707	0.00768	0.00847	0.03491	0.00359	0.00327	0.00105	0.00466	0.00284	0.00192	0.00506

[dist]
# distance from previous block
# <min> <max>
8	17

[block]
# block no. 11 follows, 80 sequences, length 6
# corresponding to MSA columns:
# 813-818
name=unknown_L
#
# <colnr> <probs for GDERKNQSTAVLIFYWHMCP>
#	G	D	E	R	K	N	Q	S	T	A	V	L	I	F	Y	W	H	M	C	P
0	0.22070	0.05710	0.20612	0.03486	0.03380	0.04435	0.03307	0.04628	0.04650	0.11586	0.05882	0.02375	0.02425	0.00412	0.00333	0.00109	0.02250	0.01648	0.00243	0.00459
1	0.00719	0.00531	0.00645	0.03313	0.04540	0.00490	0.00434	0.07142	0.05451	0.07951	0.16767	0.04269	0.19367	0.05641	0.00439	0.00112	0.00254	0.00475	0.00301	0.21161
2	0.04293	0.45841	0.04895	0.03487	0.00957	0.06486	0.00608	0.07108	0.13676	0.01097	0.05379	0.00911	0.03191	0.00381	0.00283	0.00092	0.00363	0.00277	0.00217	0.00459
3	0.00672	0.00414	0.00519	0.00499	0.00618	0.00378	0.00385	0.00828	0.04359	0.15317	0.20565	0.20166	0.19892	0.00789	0.00410	0.00123	0.00223	0.10624	0.00353	0.02863
4	0.15853	0.06230	0.04508	0.16461	0.21607	0.06591	0.05478	0.05030	0.06459	0.04799	0.00710	0.00846	0.00549	0.00346	0.00316	0.00106	0.00402	0.00288	0.02954	0.00468
5	0.04011	0.10008	0.23022	0.05078	0.12028	0.04481	0.07259	0.07228	0.00855	0.16854	0.00758	0.00842	0.00553	0.00365	0.00374	0.00107	0.05152	0.00292	0.00225	0.00507

[dist]
# distance from previous block
# <min> <max>
0	27

[block]
# block no. 12 follows, 80 sequences, length 26
# corresponding to MSA columns:
# 846-871
name=unknown_M
#
# <colnr> <probs for GDERKNQSTAVLIFYWHMCP>
#	G	D	E	R	K	N	Q	S	T	A	V	L	I	F	Y	W	H	M	C	P
0	0.00519	0.00346	0.00448	0.00479	0.00544	0.00317	0.00347	0.00617	0.00784	0.06253	0.20315	0.47347	0.12561	0.00934	0.00431	0.00131	0.00205	0.06760	0.00344	0.00317
1	0.01612	0.00598	0.04137	0.13639	0.24000	0.00587	0.00713	0.00816	0.00742	0.02389	0.04612	0.15289	0.07148	0.00782	0.07227	0.00159	0.02896	0.12016	0.00238	0.00400
2	0.00719	0.00625	0.00837	0.00766	0.02081	0.00777	0.00618	0.07423	0.02841	0.01876	0.12581	0.08168	0.03215	0.00696	0.00773	0.00141	0.42412	0.12821	0.00250	0.00382
3	0.06092	0.00760	0.01258	0.19010	0.08980	0.00779	0.23931	0.10723	0.02520	0.18043	0.03832	0.01014	0.00691	0.00369	0.00361	0.00112	0.00427	0.00353	0.00255	0.00490
4	0.01759	0.00600	0.00703	0.06205	0.02791	0.10297	0.02327	0.00869	0.00754	0.10526	0.07753	0.15009	0.03500	0.07510	0.13695	0.00207	0.05956	0.08911	0.00265	0.00363
5	0.15283	0.00883	0.08101	0.12345	0.17570	0.03326	0.10444	0.12194	0.06077	0.07992	0.00771	0.02173	0.00586	0.00365	0.00334	0.00110	0.00408	0.00315	0.00233	0.00491
6	0.00609	0.07392	0.00599	0.00472	0.00609	0.02610	0.00369	0.00844	0.11978	0.04515	0.29327	0.02452	0.34294	0.01912	0.00404	0.00114	0.00220	0.00582	0.00333	0.00365
7	0.14212	0.01242	0.00879	0.00802	0.03129	0.50471	0.01862	0.07237	0.02252	0.04450	0.02753	0.00859	0.00615	0.07296	0.00425	0.00116	0.00499	0.00271	0.00217	0.00412
8	0.00805	0.00765	0.01282	0.06086	0.71859	0.00767	0.00977	0.01003	0.00796	0.01121	0.03763	0.01124	0.07369	0.00372	0.00353	0.00106	0.00390	0.00355	0.00191	0.00517
9	0.05278	0.00800	0.01252	0.01829	0.69202	0.02755	0.00942	0.01063	0.04218	0.01152	0.00904	0.01059	0.07290	0.00365	0.00344	0.00105	0.00388	0.00340	0.00194	0.00520
10	0.01960	0.00825	0.00897	0.03877	0.04282	0.01939	0.00619	0.25919	0.52402	0.01637	0.01171	0.01120	0.00871	0.00444	0.00351	0.00113	0.00324	0.00361	0.00336	0.00555
11	0.06560	0.00736	0.01069	0.25790	0.31269	0.02061	0.00837	0.10886	0.05335	0.02597	0.07442	0.02345	0.00796	0.00390	0.00345	0.00109	0.00387	0.00343	0.00224	0.00476
12	0.11020	0.00815	0.01255	0.06514	0.62486	0.00847	0.00944	0.09781	0.00855	0.01285	0.00654	0.00831	0.00532	0.00326	0.00331	0.00105	0.00398	0.00297	0.00195	0.00528
13	0.05344	0.00789	0.01064	0.38171	0.21667	0.08451	0.00861	0.02716	0.10460	0.04448	0.00738	0.00917	0.00567	0.00363	0.00354	0.00111	0.02009	0.00308	0.00202	0.00459
14	0.10111	0.14877	0.16079	0.01161	0.22665	0.02413	0.10360	0.02977	0.05425	0.08476	0.01850	0.00842	0.00587	0.00340	0.00319	0.00103	0.00413	0.00292	0.00209	0.00501
15	0.00846	0.00821	0.04614	0.13520	0.57384	0.03713	0.00977	0.01051	0.00776	0.04832	0.00700	0.00914	0.00572	0.00507	0.07162	0.00142	0.00469	0.00312	0.00182	0.00506
16	0.02112	0.03284	0.04214	0.09809	0.40683	0.05641	0.14311	0.01152	0.03817	0.08759	0.00738	0.00901	0.00573	0.00349	0.00369	0.01818	0.00442	0.00322	0.00201	0.00505
17	0.00508	0.00363	0.00469	0.02717	0.00599	0.00352	0.00368	0.00639	0.04504	0.03741	0.10655	0.48126	0.12108	0.02944	0.05201	0.00161	0.00259	0.05647	0.00321	0.00317
18	0.00771	0.06317	0.41369	0.09284	0.13505	0.00838	0.02281	0.02957	0.02928	0.03389	0.00728	0.02546	0.00591	0.00398	0.00404	0.00114	0.07324	0.03589	0.00181	0.00486
19	0.00929	0.07789	0.02563	0.12005	0.40060	0.07878	0.10428	0.03055	0.02819	0.06713	0.00701	0.00865	0.00553	0.00336	0.00355	0.00105	0.01840	0.00309	0.00195	0.00503
20	0.01266	0.00569	0.00787	0.00660	0.03854	0.00511	0.02982	0.04215	0.00949	0.58439	0.07494	0.04753	0.03893	0.07404	0.00475	0.00128	0.00299	0.00420	0.00383	0.00517
21	0.00727	0.00566	0.00818	0.02619	0.25350	0.00562	0.00623	0.08414	0.00888	0.05639	0.13518	0.13957	0.10644	0.00683	0.01675	0.00127	0.00310	0.12165	0.00291	0.00422
22	0.00908	0.03604	0.02820	0.07846	0.47074	0.04104	0.01963	0.01126	0.04318	0.12001	0.02393	0.01163	0.08353	0.00396	0.00349	0.00106	0.00383	0.00356	0.00229	0.00508
