[name]
unknown

[dist]
# distance from previous block
# <min> <max>
3	871

[block]
# block no. 0 follows, 71 sequences, length 8
# corresponding to MSA columns:
# 886-893
name=unknown_A
#
# <colnr> <probs for GDERKNQSTAVLIFYWHMCP>
#	G	D	E	R	K	N	Q	S	T	A	V	L	I	F	Y	W	H	M	C	P
0	0.12813	0.07930	0.09934	0.09454	0.04936	0.03409	0.03232	0.07691	0.29533	0.05760	0.01018	0.01049	0.00762	0.00428	0.00354	0.00120	0.00399	0.00341	0.00288	0.00548
1	0.00992	0.00839	0.00867	0.00781	0.00996	0.04006	0.00610	0.01965	0.73729	0.05156	0.01541	0.01507	0.01175	0.00534	0.00394	0.00130	0.00321	0.03481	0.00385	0.00593
2	0.00490	0.00380	0.00447	0.00455	0.00546	0.00342	0.00331	0.00604	0.00883	0.01151	0.26310	0.18589	0.38324	0.04351	0.04894	0.00166	0.00246	0.00798	0.00362	0.00330
3	0.00718	0.00646	0.01084	0.76992	0.02424	0.00799	0.00991	0.00931	0.00740	0.00948	0.00680	0.01037	0.00527	0.00479	0.00496	0.09105	0.00493	0.00340	0.00170	0.00400
4	0.00653	0.00410	0.00491	0.00476	0.00579	0.00367	0.00342	0.00749	0.00859	0.11971	0.15959	0.19596	0.30224	0.14748	0.00694	0.00171	0.00244	0.00750	0.00362	0.00356
5	0.00574	0.00399	0.00467	0.00452	0.00491	0.00394	0.00289	0.03032	0.00738	0.01001	0.20809	0.02581	0.06543	0.56363	0.04065	0.00299	0.00339	0.00593	0.00288	0.00284
6	0.01041	0.69536	0.05188	0.00708	0.01018	0.06446	0.00689	0.04876	0.00834	0.00982	0.00578	0.00699	0.00524	0.02664	0.00338	0.00096	0.02883	0.00230	0.00178	0.00490
7	0.00771	0.00734	0.01212	0.63089	0.14230	0.00900	0.01053	0.01001	0.00760	0.01012	0.00665	0.00989	0.00524	0.00413	0.00491	0.00131	0.11060	0.00340	0.00173	0.00451

[dist]
# distance from previous block
# <min> <max>
0	4

[block]
# block no. 1 follows, 71 sequences, length 10
# corresponding to MSA columns:
# 898-907
name=unknown_B
#
# <colnr> <probs for GDERKNQSTAVLIFYWHMCP>
#	G	D	E	R	K	N	Q	S	T	A	V	L	I	F	Y	W	H	M	C	P
0	0.44023	0.07533	0.00904	0.00773	0.07565	0.08826	0.00574	0.10468	0.05980	0.01583	0.02291	0.00794	0.00590	0.00382	0.00293	0.00110	0.00367	0.00262	0.00253	0.06430
1	0.00999	0.61273	0.17550	0.00759	0.01125	0.01351	0.00802	0.06078	0.04980	0.01087	0.00637	0.00711	0.00534	0.00352	0.00284	0.00094	0.00435	0.00240	0.00188	0.00521
2	0.06540	0.00417	0.00546	0.02826	0.00628	0.00460	0.00389	0.00656	0.00588	0.00870	0.00999	0.01727	0.01018	0.30541	0.38332	0.11875	0.00654	0.00435	0.00211	0.00290
3	0.00550	0.00402	0.00584	0.00587	0.00644	0.00457	0.00442	0.00660	0.00609	0.00869	0.01070	0.04187	0.01048	0.12490	0.70252	0.03261	0.00905	0.00446	0.00212	0.00323
4	0.01037	0.00820	0.00876	0.00748	0.00971	0.00919	0.00593	0.25414	0.45334	0.01809	0.08457	0.01467	0.03528	0.00533	0.00388	0.00122	0.00317	0.00436	0.05654	0.00576
5	0.01024	0.00515	0.00665	0.00574	0.00747	0.00470	0.00448	0.05228	0.01056	0.32748	0.29950	0.13158	0.07094	0.00705	0.00422	0.00124	0.00254	0.00606	0.03737	0.00477
6	0.00713	0.00660	0.00906	0.00807	0.00833	0.00862	0.00650	0.00805	0.00659	0.00969	0.07845	0.06405	0.07100	0.06759	0.10524	0.00224	0.52208	0.00467	0.00222	0.00380
7	0.70487	0.04636	0.02244	0.01998	0.00814	0.00880	0.00472	0.04445	0.00712	0.03213	0.00607	0.00757	0.00492	0.04679	0.00359	0.00131	0.02166	0.00240	0.00240	0.00427
8	0.02099	0.14721	0.13611	0.00956	0.07264	0.03336	0.08548	0.13210	0.02902	0.06584	0.08005	0.01113	0.02261	0.01596	0.00396	0.00111	0.01996	0.00351	0.00261	0.10679
9	0.01009	0.81376	0.07246	0.00684	0.01027	0.01477	0.00704	0.01152	0.00781	0.00922	0.00543	0.00627	0.00492	0.00330	0.00254	0.00085	0.00420	0.00210	0.00164	0.00497

[dist]
# distance from previous block
# <min> <max>
0	1

[block]
# block no. 2 follows, 71 sequences, length 6
# corresponding to MSA columns:
# 909-914
name=unknown_C
#
# <colnr> <probs for GDERKNQSTAVLIFYWHMCP>
#	G	D	E	R	K	N	Q	S	T	A	V	L	I	F	Y	W	H	M	C	P
0	0.01628	0.00625	0.00841	0.00652	0.00930	0.00545	0.00536	0.01779	0.01071	0.76794	0.01489	0.01316	0.00952	0.00472	0.00375	0.00116	0.00313	0.00383	0.08557	0.00625
1	0.00789	0.04030	0.14462	0.02730	0.02782	0.03746	0.03779	0.08878	0.10076	0.02963	0.11788	0.13238	0.14320	0.04119	0.00474	0.00136	0.00357	0.00565	0.00309	0.00458
2	0.00608	0.00434	0.00527	0.00534	0.00582	0.00451	0.00360	0.06584	0.04120	0.00999	0.01473	0.29710	0.01643	0.36536	0.13416	0.00308	0.00419	0.00691	0.00286	0.00320
3	0.00997	0.00497	0.00635	0.00540	0.00724	0.00434	0.00426	0.01145	0.01039	0.34944	0.31211	0.02433	0.21985	0.00704	0.00425	0.00122	0.00243	0.00597	0.00427	0.00470
4	0.01679	0.00719	0.00931	0.00714	0.01012	0.00662	0.00590	0.14668	0.01209	0.71442	0.01419	0.01244	0.00902	0.00472	0.00385	0.00118	0.00341	0.00379	0.00460	0.00652
5	0.00935	0.07712	0.08959	0.24207	0.24022	0.07757	0.07006	0.04529	0.08895	0.01202	0.00776	0.00961	0.00607	0.00379	0.00373	0.00117	0.00494	0.00335	0.00208	0.00528

[dist]
# distance from previous block
# <min> <max>
11	27

[block]
# block no. 3 follows, 71 sequences, length 13
# corresponding to MSA columns:
# 946-958
name=unknown_D
#
# <colnr> <probs for GDERKNQSTAVLIFYWHMCP>
#	G	D	E	R	K	N	Q	S	T	A	V	L	I	F	Y	W	H	M	C	P
0	0.22406	0.00896	0.04984	0.04948	0.22604	0.04554	0.03939	0.01236	0.09430	0.02907	0.00763	0.00884	0.00602	0.00359	0.00328	0.00106	0.00390	0.00294	0.00233	0.18137
1	0.00611	0.00487	0.00612	0.00642	0.02515	0.02512	0.03292	0.00835	0.11603	0.03017	0.06111	0.54257	0.10042	0.00984	0.00462	0.00144	0.00262	0.00882	0.00353	0.00378
2	0.00914	0.09199	0.19945	0.01188	0.19011	0.00863	0.07820	0.06800	0.00897	0.02591	0.00715	0.00851	0.00564	0.00337	0.00342	0.00097	0.00437	0.00292	0.00211	0.26927
3	0.05587	0.00726	0.00846	0.00725	0.00908	0.00818	0.00581	0.35934	0.04218	0.01610	0.00980	0.01233	0.00818	0.03832	0.38993	0.00351	0.00685	0.00377	0.00291	0.00486
4	0.00624	0.00411	0.00523	0.00490	0.00593	0.00382	0.00369	0.00814	0.02823	0.06198	0.64836	0.06277	0.06342	0.00762	0.00435	0.00120	0.00194	0.00668	0.06759	0.00380
5	0.00877	0.00706	0.00747	0.00671	0.00844	0.03604	0.00515	0.06669	0.42812	0.03799	0.18406	0.01829	0.06595	0.03833	0.00502	0.03514	0.00293	0.00495	0.02789	0.00501
6	0.00502	0.00369	0.00474	0.00537	0.00594	0.00344	0.00394	0.00603	0.00809	0.01061	0.09253	0.48818	0.15060	0.03177	0.00524	0.00158	0.00243	0.16398	0.00358	0.00324
7	0.04704	0.01081	0.01094	0.03139	0.05111	0.10826	0.00725	0.53056	0.08502	0.04893	0.00949	0.02528	0.00708	0.00460	0.00376	0.00116	0.00435	0.00351	0.00345	0.00601
8	0.00802	0.00735	0.01084	0.04680	0.27099	0.02676	0.06912	0.02462	0.05929	0.01277	0.12398	0.06923	0.06426	0.00525	0.00395	0.00113	0.00367	0.03296	0.00270	0.15631
9	0.09614	0.00919	0.01225	0.00973	0.01239	0.06750	0.21522	0.18147	0.13962	0.08518	0.01126	0.06391	0.00933	0.00510	0.00403	0.00127	0.00442	0.06355	0.00313	0.00531
10	0.06178	0.00921	0.00831	0.00736	0.00888	0.26257	0.04917	0.01070	0.00988	0.05604	0.29948	0.06377	0.07374	0.00628	0.00454	0.00120	0.05480	0.00508	0.00310	0.00412
11	0.00648	0.00414	0.00500	0.00486	0.00536	0.00414	0.00319	0.00740	0.04110	0.07088	0.08073	0.08772	0.03910	0.52375	0.09717	0.00323	0.00398	0.00584	0.00283	0.00309
12	0.02494	0.01294	0.35990	0.10956	0.08683	0.00862	0.06469	0.11096	0.02985	0.06802	0.03114	0.01141	0.05551	0.00431	0.00383	0.00122	0.00480	0.00364	0.00240	0.00545

[dist]
# distance from previous block
# <min> <max>
0	1

[block]
# block no. 4 follows, 71 sequences, length 16
# corresponding to MSA columns:
# 960-975
name=unknown_E
#
# <colnr> <probs for GDERKNQSTAVLIFYWHMCP>
#	G	D	E	R	K	N	Q	S	T	A	V	L	I	F	Y	W	H	M	C	P
0	0.04745	0.01188	0.01110	0.02304	0.06893	0.27928	0.05799	0.21187	0.13958	0.04448	0.01001	0.02931	0.02476	0.00464	0.00377	0.00116	0.00489	0.01760	0.00292	0.00535
1	0.00553	0.00369	0.00445	0.00465	0.00488	0.00358	0.00290	0.00593	0.00664	0.02713	0.07119	0.26960	0.03637	0.50710	0.02742	0.00285	0.00321	0.00721	0.00289	0.00277
2	0.00658	0.00401	0.00523	0.00544	0.00625	0.00368	0.00390	0.02048	0.00861	0.11951	0.13839	0.54719	0.08166	0.01017	0.00467	0.00144	0.00233	0.02294	0.00381	0.00370
3	0.00801	0.00824	0.05537	0.53766	0.29536	0.00873	0.01120	0.01057	0.00804	0.01082	0.00695	0.00987	0.00542	0.00369	0.00381	0.00123	0.00496	0.00338	0.00176	0.00493
4	0.00870	0.35866	0.28335	0.00856	0.03840	0.03005	0.00885	0.01153	0.05669	0.01073	0.00868	0.05950	0.00800	0.03100	0.00386	0.00119	0.00446	0.06076	0.00205	0.00497
5	0.00896	0.00450	0.00565	0.00530	0.00657	0.00420	0.00398	0.03353	0.00913	0.22946	0.09922	0.30667	0.01763	0.00747	0.00397	0.00124	0.00239	0.00650	0.23936	0.00427
6	0.00471	0.00338	0.00447	0.00527	0.00556	0.00315	0.00354	0.00545	0.00757	0.01011	0.06681	0.79425	0.04807	0.01172	0.00486	0.00153	0.00219	0.01060	0.00360	0.00315
7	0.00578	0.00426	0.00519	0.00554	0.00609	0.00430	0.00380	0.04877	0.08158	0.01069	0.01874	0.55421	0.04579	0.14801	0.03680	0.00201	0.00291	0.00876	0.00335	0.00344
8	0.00817	0.14326	0.09010	0.12435	0.05543	0.06640	0.02314	0.05652	0.03684	0.01300	0.29121	0.01651	0.04901	0.00539	0.00385	0.00114	0.00376	0.00451	0.00284	0.00455
9	0.00697	0.00647	0.00964	0.23560	0.14581	0.04860	0.05860	0.00867	0.00813	0.01058	0.03437	0.29026	0.05948	0.00753	0.01989	0.00144	0.00404	0.03719	0.00261	0.00413
10	0.30496	0.01007	0.01285	0.04424	0.01334	0.13598	0.26844	0.03853	0.00866	0.06876	0.00701	0.00848	0.00532	0.00382	0.00402	0.00122	0.05403	0.00321	0.00231	0.00476
11	0.00690	0.00594	0.00882	0.01085	0.21810	0.02690	0.00682	0.00842	0.00721	0.01009	0.01065	0.05663	0.01043	0.04448	0.42057	0.00379	0.05434	0.08272	0.00222	0.00412
12	0.00783	0.00730	0.01228	0.60686	0.23947	0.00850	0.01065	0.01028	0.00796	0.01067	0.00712	0.01018	0.00553	0.00375	0.00378	0.00123	0.00485	0.00342	0.03363	0.00471
13	0.00541	0.00395	0.00486	0.00463	0.00566	0.00355	0.00347	0.00696	0.01021	0.03101	0.58913	0.05213	0.24813	0.00838	0.00452	0.00124	0.00188	0.00728	0.00404	0.00356
14	0.00776	0.01938	0.80604	0.01118	0.01676	0.00894	0.05305	0.01215	0.00814	0.01215	0.00692	0.00820	0.00490	0.00362	0.00368	0.00122	0.00570	0.00291	0.00163	0.00564
15	0.02570	0.00396	0.00433	0.00426	0.00542	0.00348	0.00319	0.00617	0.00928	0.01204	0.28375	0.06752	0.53931	0.00908	0.00449	0.00128	0.00194	0.00771	0.00374	0.00337

[dist]
# distance from previous block
# <min> <max>
3	16

[block]
# block no. 5 follows, 71 sequences, length 21
# corresponding to MSA columns:
# 992-1012
name=unknown_F
#
# <colnr> <probs for GDERKNQSTAVLIFYWHMCP>
#	G	D	E	R	K	N	Q	S	T	A	V	L	I	F	Y	W	H	M	C	P
0	0.06951	0.21922	0.04000	0.00993	0.09201	0.11544	0.07836	0.09211	0.11100	0.07320	0.00871	0.03722	0.00706	0.00425	0.00367	0.00111	0.02598	0.00335	0.00256	0.00530
1	0.00654	0.00339	0.00484	0.00484	0.00487	0.00339	0.00318	0.00521	0.00518	0.00704	0.00756	0.01345	0.00770	0.12088	0.01510	0.74348	0.00332	0.00362	0.03458	0.00182
2	0.03558	0.00948	0.08324	0.08123	0.29656	0.02398	0.07287	0.12751	0.06948	0.01384	0.01969	0.01170	0.04870	0.00622	0.07223	0.00160	0.01448	0.00380	0.00242	0.00540
3	0.00495	0.00367	0.00467	0.00534	0.01939	0.00338	0.00369	0.00592	0.00815	0.01080	0.12043	0.52558	0.18460	0.01068	0.00473	0.00145	0.00222	0.05258	0.02448	0.00328
4	0.02263	0.05283	0.09341	0.00810	0.04887	0.00705	0.05119	0.08896	0.08267	0.18911	0.13492	0.12446	0.06710	0.00612	0.00405	0.00124	0.00342	0.00528	0.00348	0.00511
5	0.00820	0.00772	0.03966	0.05067	0.43801	0.00766	0.00886	0.03495	0.05857	0.01186	0.02719	0.03682	0.00882	0.07263	0.16928	0.00234	0.00543	0.00404	0.00222	0.00507
6	0.00964	0.00937	0.04202	0.03026	0.29830	0.02456	0.21072	0.11930	0.07426	0.01392	0.00940	0.01295	0.00786	0.00461	0.00442	0.02778	0.00478	0.07203	0.01839	0.00544
7	0.19927	0.00671	0.00822	0.00645	0.00929	0.00625	0.00533	0.01714	0.01005	0.67198	0.01309	0.01163	0.00838	0.00450	0.00355	0.00119	0.00320	0.00349	0.00425	0.00603
8	0.01410	0.01050	0.01124	0.00873	0.01171	0.01167	0.00717	0.75198	0.09537	0.02339	0.00981	0.00969	0.00701	0.00466	0.00384	0.00116	0.00411	0.00354	0.00384	0.00648
9	0.00795	0.00681	0.00795	0.00568	0.00909	0.00511	0.00454	0.00965	0.00795	0.01249	0.00681	0.00795	0.00568	0.00284	0.00284	0.00057	0.00284	0.00227	0.00227	0.88869
10	0.89233	0.00741	0.00564	0.00504	0.00741	0.00860	0.00415	0.01127	0.00653	0.01720	0.00534	0.00623	0.00415	0.00356	0.00237	0.00119	0.00297	0.00208	0.00237	0.00415
11	0.01400	0.01776	0.01070	0.00974	0.01167	0.81938	0.00731	0.01501	0.01070	0.00937	0.00608	0.00721	0.00511	0.00485	0.03399	0.00117	0.00704	0.00253	0.00198	0.00441
12	0.00474	0.00349	0.00445	0.00512	0.00558	0.00320	0.00354	0.00555	0.00781	0.01023	0.06708	0.65356	0.16237	0.01136	0.00483	0.00150	0.00220	0.03661	0.00359	0.00317
13	0.00992	0.05680	0.20802	0.03946	0.01501	0.01960	0.25148	0.12540	0.08810	0.07416	0.03555	0.02607	0.02394	0.00427	0.00398	0.00122	0.00494	0.00398	0.00262	0.00548
14	0.00971	0.18162	0.07904	0.01191	0.01533	0.06145	0.41631	0.03100	0.00897	0.03902	0.00786	0.01031	0.00630	0.00375	0.00406	0.00116	0.02577	0.03022	0.03191	0.02426
15	0.00530	0.00378	0.00471	0.00475	0.00531	0.00356	0.00329	0.00637	0.00861	0.01180	0.39608	0.17148	0.07904	0.24335	0.00871	0.00198	0.00246	0.03275	0.00352	0.00315
16	0.00929	0.09481	0.59374	0.01031	0.01519	0.04467	0.04238	0.08500	0.00923	0.05014	0.00731	0.00827	0.00526	0.00374	0.00359	0.00117	0.00537	0.00291	0.00198	0.00564
17	0.00979	0.57367	0.22471	0.00798	0.01165	0.06439	0.00857	0.01180	0.00798	0.00983	0.00574	0.00676	0.00491	0.00354	0.00318	0.00096	0.03551	0.00232	0.00166	0.00505
18	0.00576	0.07145	0.16136	0.00618	0.00797	0.00522	0.00573	0.00740	0.00823	0.01094	0.10576	0.34670	0.19028	0.00883	0.00438	0.00136	0.00296	0.04254	0.00312	0.00382
19	0.00501	0.00367	0.00479	0.00548	0.00599	0.00349	0.00400	0.00594	0.00768	0.01005	0.02239	0.52550	0.13113	0.03786	0.05689	0.00191	0.00296	0.15864	0.00343	0.00320
20	0.24447	0.00829	0.00648	0.00594	0.00724	0.19602	0.00426	0.03437	0.00780	0.03624	0.04676	0.01530	0.00997	0.35090	0.00971	0.00216	0.00415	0.00389	0.00246	0.00360

[dist]
# distance from previous block
# <min> <max>
2	13

[block]
# block no. 6 follows, 71 sequences, length 9
# corresponding to MSA columns:
# 1026-1034
name=unknown_G
#
# <colnr> <probs for GDERKNQSTAVLIFYWHMCP>
#	G	D	E	R	K	N	Q	S	T	A	V	L	I	F	Y	W	H	M	C	P
0	0.01059	0.17203	0.10144	0.00784	0.01060	0.06662	0.02406	0.18036	0.14924	0.07265	0.08065	0.05163	0.02930	0.02141	0.00398	0.00119	0.00396	0.00404	0.00308	0.00533
1	0.06411	0.00874	0.05129	0.00729	0.00977	0.04740	0.00610	0.23469	0.12669	0.14102	0.09504	0.01336	0.03103	0.03256	0.00444	0.00123	0.02498	0.00393	0.03193	0.06440
2	0.10144	0.00924	0.02869	0.05188	0.01164	0.06195	0.06960	0.32705	0.01244	0.15060	0.00962	0.01007	0.00687	0.00426	0.00356	0.00113	0.00404	0.00337	0.10885	0.02372
3	0.02845	0.00685	0.00749	0.00619	0.00837	0.06954	0.02733	0.08580	0.01004	0.13380	0.12729	0.07430	0.17122	0.00603	0.00384	0.00108	0.00306	0.00503	0.02684	0.19743
4	0.26041	0.03342	0.00657	0.02293	0.00772	0.00624	0.00461	0.05994	0.00917	0.08313	0.18019	0.05300	0.13364	0.00656	0.00379	0.00126	0.00280	0.09644	0.00333	0.02484
5	0.03487	0.00438	0.00517	0.00493	0.00616	0.00402	0.00373	0.03234	0.00970	0.08474	0.31478	0.14559	0.30102	0.00861	0.00445	0.00129	0.00218	0.02441	0.00387	0.00377
6	0.00754	0.00446	0.00563	0.00546	0.00673	0.00406	0.00420	0.00905	0.03125	0.17454	0.17513	0.22331	0.21913	0.00891	0.00456	0.00137	0.00246	0.10425	0.00392	0.00403
7	0.17316	0.00875	0.00924	0.00732	0.01014	0.06443	0.00599	0.26403	0.01232	0.39007	0.01095	0.01025	0.00732	0.00444	0.00356	0.00116	0.00374	0.00332	0.00386	0.00596
8	0.00498	0.00374	0.00456	0.00468	0.00547	0.00338	0.00336	0.00617	0.00910	0.01214	0.36035	0.25922	0.25614	0.04266	0.00521	0.00142	0.00203	0.00829	0.00378	0.00332

[dist]
# distance from previous block
# <min> <max>
2	14

[block]
# block no. 7 follows, 71 sequences, length 24
# corresponding to MSA columns:
# 1051-1074
name=unknown_H
#
# <colnr> <probs for GDERKNQSTAVLIFYWHMCP>
#	G	D	E	R	K	N	Q	S	T	A	V	L	I	F	Y	W	H	M	C	P
0	0.35000	0.04547	0.12863	0.01060	0.16626	0.03328	0.04165	0.13018	0.00924	0.04197	0.00689	0.00794	0.00525	0.00372	0.00320	0.00116	0.00414	0.00280	0.00240	0.00523
1	0.14289	0.03075	0.04340	0.00970	0.01226	0.10655	0.22178	0.09434	0.01979	0.08073	0.04341	0.02589	0.02309	0.03060	0.02887	0.00145	0.06605	0.01101	0.00259	0.00485
2	0.00875	0.02675	0.01115	0.33511	0.22854	0.08893	0.00884	0.04472	0.00892	0.01201	0.05635	0.01125	0.00789	0.00408	0.00363	0.00114	0.00441	0.00352	0.12929	0.00471
3	0.00773	0.00694	0.00818	0.02774	0.03277	0.07279	0.06512	0.04292	0.17243	0.02333	0.21876	0.08459	0.16093	0.01903	0.00467	0.00131	0.02073	0.02220	0.00342	0.00440
4	0.00501	0.00385	0.00459	0.00456	0.00554	0.00343	0.00339	0.00636	0.00959	0.01271	0.41771	0.12377	0.35012	0.00909	0.00458	0.00129	0.00194	0.02518	0.00387	0.00341
5	0.84721	0.00737	0.00580	0.00513	0.00754	0.00845	0.00423	0.01165	0.00675	0.05983	0.00584	0.00658	0.00443	0.00362	0.00245	0.00119	0.00298	0.00217	0.00250	0.00427
6	0.00632	0.00403	0.00515	0.00496	0.00597	0.00366	0.00368	0.00777	0.00983	0.09080	0.47902	0.19126	0.12967	0.00850	0.00448	0.00127	0.00204	0.00747	0.03039	0.00374
7	0.15560	0.00701	0.00795	0.00639	0.00890	0.00707	0.00522	0.16898	0.03709	0.38786	0.01200	0.01148	0.00820	0.00449	0.00341	0.00113	0.00314	0.00346	0.15500	0.00562
8	0.00635	0.00430	0.00513	0.00497	0.00546	0.00453	0.00336	0.06834	0.00701	0.00989	0.01198	0.06490	0.01257	0.47533	0.20182	0.00365	0.00494	0.00515	0.09727	0.00306
9	0.00807	0.00449	0.00562	0.00502	0.00648	0.00399	0.00387	0.00957	0.01012	0.20979	0.38409	0.05260	0.21736	0.00749	0.00428	0.00122	0.00220	0.00642	0.05313	0.00420
10	0.01008	0.71533	0.10347	0.00713	0.01053	0.05728	0.00731	0.01164	0.00806	0.00952	0.02667	0.00696	0.00571	0.00347	0.00268	0.00088	0.00435	0.00228	0.00172	0.00494
11	0.01195	0.00790	0.00902	0.00746	0.00985	0.04403	0.02542	0.15899	0.24340	0.24343	0.10628	0.05672	0.01296	0.00542	0.00395	0.00120	0.00337	0.00451	0.00395	0.04018
12	0.02395	0.00884	0.00921	0.03247	0.01043	0.08865	0.02107	0.25072	0.22023	0.09308	0.09090	0.02842	0.06801	0.00614	0.02919	0.00135	0.00390	0.00440	0.00360	0.00544
13	0.01050	0.08969	0.10626	0.00873	0.03402	0.18851	0.06493	0.08311	0.01034	0.10898	0.14062	0.08696	0.02697	0.00545	0.00389	0.00116	0.00441	0.01766	0.00293	0.00487
14	0.00752	0.00670	0.01000	0.34683	0.06169	0.03159	0.04175	0.03244	0.03621	0.01080	0.00898	0.05533	0.00778	0.00960	0.17564	0.00226	0.07221	0.00400	0.07442	0.00424
15	0.00873	0.01105	0.18960	0.07890	0.35484	0.04963	0.04517	0.03448	0.05651	0.01251	0.04292	0.04094	0.04898	0.00443	0.00389	0.00120	0.00461	0.00398	0.00223	0.00540
16	0.00498	0.00369	0.00443	0.00479	0.00538	0.00340	0.00334	0.00579	0.00784	0.01016	0.10384	0.34185	0.24598	0.17147	0.00754	0.00187	0.00248	0.06471	0.00339	0.00308
17	0.48095	0.00777	0.02210	0.00737	0.03165	0.00830	0.09065	0.09561	0.00856	0.05611	0.03173	0.03520	0.00730	0.00440	0.00337	0.00122	0.02435	0.02690	0.05188	0.00460
18	0.00540	0.00390	0.00517	0.00524	0.00604	0.00368	0.00399	0.00699	0.00983	0.01365	0.55369	0.16125	0.04810	0.00953	0.02940	0.00149	0.00237	0.12281	0.00394	0.00351
19	0.01792	0.00644	0.00720	0.00627	0.00801	0.00675	0.00491	0.25972	0.07513	0.08965	0.05525	0.14424	0.04593	0.03070	0.00429	0.00127	0.00295	0.03076	0.19779	0.00481
20	0.00847	0.18710	0.57904	0.01059	0.01553	0.02585	0.09853	0.01208	0.00819	0.01149	0.00665	0.00792	0.00497	0.00353	0.00350	0.00114	0.00546	0.00285	0.00166	0.00544
21	0.00531	0.00375	0.00422	0.00427	0.00458	0.00363	0.00262	0.00560	0.00635	0.00823	0.01803	0.07485	0.18443	0.60571	0.05012	0.00320	0.00354	0.00634	0.00264	0.00260
22	0.00791	0.03109	0.04318	0.00694	0.03165	0.00606	0.03350	0.10013	0.07103	0.05476	0.25717	0.15856	0.06426	0.00675	0.00411	0.00118	0.00290	0.00588	0.00348	0.10944
23	0.01004	0.79652	0.08925	0.00693	0.01041	0.01465	0.00720	0.01154	0.00782	0.00928	0.00546	0.00631	0.00492	0.00331	0.00256	0.00085	0.00423	0.00212	0.00164	0.00498

[dist]
# distance from previous block
# <min> <max>
0	1

[block]
# block no. 8 follows, 71 sequences, length 24
# corresponding to MSA columns:
# 1076-1081,1083,1084,1087-1102
name=unknown_I
#
# <colnr> <probs for GDERKNQSTAVLIFYWHMCP>
#	G	D	E	R	K	N	Q	S	T	A	V	L	I	F	Y	W	H	M	C	P
0	0.01296	0.24476	0.04874	0.00900	0.01152	0.56209	0.00746	0.04261	0.01018	0.00992	0.00592	0.00684	0.00499	0.00378	0.00321	0.00096	0.00602	0.00241	0.00194	0.00470
1	0.00941	0.54349	0.27146	0.00799	0.01191	0.01283	0.00885	0.01236	0.07039	0.01051	0.00658	0.00736	0.00541	0.00354	0.00293	0.00098	0.00450	0.00246	0.00180	0.00524
2	0.04526	0.00601	0.00781	0.04546	0.01705	0.03642	0.07285	0.08119	0.00924	0.06169	0.10968	0.23430	0.06042	0.06435	0.00547	0.00150	0.02059	0.06756	0.04910	0.00405
3	0.00563	0.00400	0.00524	0.00532	0.00558	0.00432	0.00366	0.00614	0.00610	0.00838	0.01259	0.13429	0.01388	0.40420	0.24986	0.04146	0.04408	0.04002	0.00241	0.00285
4	0.08974	0.00942	0.00992	0.00811	0.01075	0.01055	0.00661	0.48554	0.24874	0.02060	0.01125	0.01211	0.00857	0.00498	0.00380	0.00123	0.00374	0.04459	0.00371	0.00603
5	0.01261	0.05977	0.08779	0.01108	0.07523	0.59670	0.05640	0.01418	0.01019	0.01018	0.02777	0.00794	0.00588	0.00391	0.00354	0.00103	0.00632	0.00279	0.00198	0.00472
6	0.00533	0.00387	0.00480	0.00527	0.00566	0.00382	0.00352	0.00680	0.07699	0.01026	0.08153	0.55554	0.02270	0.18604	0.00778	0.00195	0.00257	0.00895	0.00339	0.00324
7	0.00779	0.01912	0.78317	0.01132	0.01686	0.00896	0.07566	0.01215	0.00817	0.01215	0.00695	0.00826	0.00493	0.00361	0.00371	0.00122	0.00573	0.00296	0.00164	0.00563
8	0.05880	0.00848	0.00968	0.00759	0.01037	0.00884	0.00622	0.40301	0.06249	0.30071	0.07417	0.01213	0.00996	0.00488	0.00382	0.00118	0.00358	0.00383	0.00410	0.00616
9	0.00544	0.00373	0.00463	0.00508	0.00565	0.00346	0.00349	0.00644	0.02629	0.04511	0.05966	0.55821	0.14840	0.08051	0.00590	0.00164	0.00234	0.00926	0.02143	0.00331
10	0.00515	0.00394	0.00478	0.00511	0.00589	0.00369	0.00370	0.00677	0.05705	0.01146	0.18144	0.39838	0.23264	0.01015	0.00470	0.00142	0.00219	0.05438	0.00370	0.00344
11	0.00522	0.00395	0.00454	0.00439	0.00553	0.00345	0.00329	0.00655	0.00966	0.03278	0.37674	0.05120	0.46123	0.00885	0.00452	0.00126	0.00192	0.00756	0.00387	0.00348
12	0.00907	0.00985	0.02046	0.01481	0.01837	0.00938	0.70677	0.05333	0.03431	0.01297	0.02999	0.04537	0.00760	0.00383	0.00449	0.00129	0.00596	0.00478	0.00222	0.00514
13	0.00516	0.00392	0.00478	0.00526	0.00589	0.00375	0.00368	0.00683	0.07769	0.01077	0.07998	0.54939	0.16922	0.03281	0.00511	0.00152	0.00228	0.02495	0.00360	0.00341
14	0.56184	0.03163	0.00805	0.04538	0.05140	0.00908	0.00554	0.14572	0.00900	0.09101	0.00700	0.00767	0.00518	0.00383	0.00288	0.00117	0.00341	0.00259	0.00275	0.00487
15	0.00712	0.00558	0.00667	0.00527	0.00764	0.00446	0.00412	0.00879	0.00908	0.04233	0.28280	0.01764	0.09462	0.00519	0.00359	0.00087	0.00243	0.00440	0.00312	0.48426
16	0.00948	0.00889	0.01476	0.13798	0.67972	0.00919	0.01135	0.05949	0.00913	0.01283	0.00727	0.00957	0.00597	0.00354	0.00380	0.00116	0.00461	0.00342	0.00198	0.00585
17	0.00769	0.01983	0.84538	0.01093	0.01659	0.00890	0.01417	0.01214	0.00810	0.01214	0.00688	0.00810	0.00486	0.00364	0.00364	0.00121	0.00567	0.00283	0.00162	0.00567
18	0.00767	0.00384	0.00418	0.00410	0.00513	0.00377	0.00317	0.00944	0.00839	0.06877	0.04302	0.01692	0.01168	0.00507	0.00302	0.00099	0.00202	0.06511	0.72993	0.00377
19	0.00477	0.00361	0.00441	0.00481	0.00548	0.00325	0.00338	0.00575	0.00843	0.01102	0.18266	0.45870	0.26877	0.01053	0.00472	0.00141	0.00206	0.00931	0.00369	0.00325
20	0.00488	0.00378	0.00448	0.00482	0.00561	0.00343	0.00345	0.00612	0.03114	0.01094	0.13448	0.39802	0.33688	0.01037	0.00469	0.00141	0.00211	0.02641	0.00365	0.00332
21	0.01893	0.00737	0.01044	0.00773	0.01085	0.00637	0.15004	0.06227	0.02954	0.09551	0.02908	0.01114	0.03245	0.00376	0.00343	0.00088	0.00352	0.01250	0.04279	0.46140
22	0.08605	0.11970	0.04968	0.00878	0.03528	0.00928	0.11435	0.13711	0.14212	0.06241	0.02758	0.04594	0.02213	0.05570	0.01190	0.00141	0.02349	0.03908	0.00291	0.00511
23	0.29174	0.17364	0.04037	0.00796	0.08678	0.05427	0.00613	0.08729	0.00871	0.01400	0.03024	0.08272	0.03337	0.00479	0.00320	0.00112	0.00364	0.02539	0.00249	0.04213

[dist]
# distance from previous block
# <min> <max>
1	20

[block]
# block no. 9 follows, 71 sequences, length 9
# corresponding to MSA columns:
# 1125-1133
name=unknown_J
#
# <colnr> <probs for GDERKNQSTAVLIFYWHMCP>
#	G	D	E	R	K	N	Q	S	T	A	V	L	I	F	Y	W	H	M	C	P
0	0.00503	0.00378	0.00471	0.00505	0.00577	0.00339	0.00356	0.00598	0.00810	0.01080	0.13273	0.49868	0.17205	0.03424	0.00507	0.00147	0.00224	0.03470	0.00353	0.05912
1	0.00814	0.00853	0.07096	0.29284	0.28004	0.02555	0.02332	0.02865	0.04338	0.01163	0.04183	0.03616	0.04157	0.00538	0.03459	0.00142	0.03493	0.00397	0.00215	0.00495
2	0.07758	0.02312	0.07865	0.01238	0.10531	0.05972	0.28078	0.06998	0.09463	0.11317	0.00956	0.01138	0.00728	0.00411	0.00396	0.00123	0.00492	0.03410	0.00267	0.00547
3	0.00538	0.00402	0.00495	0.00495	0.00588	0.00371	0.00371	0.02904	0.00979	0.01318	0.42936	0.18267	0.21991	0.00912	0.00462	0.00132	0.00209	0.05889	0.00389	0.00351
4	0.00613	0.00417	0.00503	0.00518	0.00623	0.00383	0.00391	0.00764	0.04186	0.07838	0.09561	0.28352	0.30608	0.00966	0.00461	0.00141	0.00236	0.10710	0.02364	0.00365
5	0.01003	0.32152	0.23783	0.04025	0.05806	0.12715	0.09803	0.04507	0.00889	0.01108	0.00640	0.00767	0.00514	0.00354	0.00331	0.00105	0.00523	0.00276	0.00182	0.00518
6	0.03023	0.00829	0.01128	0.61929	0.07078	0.10108	0.00976	0.05089	0.00847	0.01069	0.00682	0.00972	0.00525	0.00421	0.00417	0.03443	0.00511	0.00327	0.00187	0.00440
7	0.10585	0.00785	0.00659	0.00596	0.00743	0.16550	0.00463	0.07047	0.04133	0.03126	0.01089	0.01206	0.03760	0.00464	0.00364	0.00105	0.05723	0.00338	0.41844	0.00420
8	0.64530	0.05391	0.00761	0.00618	0.00856	0.16083	0.00502	0.05220	0.00794	0.01571	0.00563	0.00649	0.00445	0.00367	0.00264	0.00113	0.00380	0.00221	0.00234	0.00436

[dist]
# distance from previous block
# <min> <max>
0	1

[block]
# block no. 10 follows, 71 sequences, length 9
# corresponding to MSA columns:
# 1135-1143
name=unknown_K
#
# <colnr> <probs for GDERKNQSTAVLIFYWHMCP>
#	G	D	E	R	K	N	Q	S	T	A	V	L	I	F	Y	W	H	M	C	P
0	0.00646	0.00437	0.00510	0.00482	0.00599	0.00415	0.00367	0.04239	0.03948	0.04442	0.36003	0.06474	0.21569	0.00762	0.00417	0.00120	0.00210	0.02600	0.15378	0.00381
1	0.00914	0.00513	0.00653	0.00601	0.00749	0.00488	0.00462	0.04138	0.08206	0.24020	0.21140	0.25299	0.05192	0.00801	0.00441	0.00134	0.00262	0.05123	0.00408	0.00458
2	0.00643	0.00445	0.00556	0.03655	0.00691	0.00422	0.00408	0.02946	0.02754	0.06395	0.38923	0.04116	0.21437	0.05662	0.00568	0.03102	0.00243	0.06289	0.00374	0.00371
3	0.01103	0.00846	0.00897	0.00771	0.00994	0.03796	0.00606	0.18273	0.47239	0.09614	0.01345	0.01348	0.01020	0.04991	0.05242	0.00165	0.00387	0.00410	0.00372	0.00581
4	0.01756	0.13626	0.34008	0.02502	0.03099	0.02795	0.02896	0.02210	0.08601	0.01162	0.02808	0.09102	0.02363	0.06251	0.00491	0.00138	0.01911	0.02623	0.00228	0.01431
5	0.00783	0.00672	0.00927	0.43971	0.03618	0.05450	0.00778	0.03292	0.00898	0.05811	0.15086	0.05180	0.08492	0.00542	0.00401	0.00123	0.00405	0.00467	0.00264	0.02841
6	0.01023	0.00839	0.01314	0.06920	0.52318	0.00818	0.00963	0.05212	0.00925	0.10747	0.00812	0.00968	0.00636	0.00356	0.00365	0.00106	0.00415	0.00328	0.00236	0.14697
7	0.04062	0.00884	0.01129	0.13213	0.21909	0.08887	0.02771	0.13821	0.01060	0.14936	0.05064	0.01265	0.03173	0.00456	0.00384	0.00117	0.00430	0.03234	0.00289	0.02916
8	0.08761	0.05743	0.01060	0.00812	0.03125	0.04001	0.02414	0.35110	0.04969	0.23122	0.04850	0.01129	0.02252	0.00465	0.00369	0.00115	0.00382	0.00362	0.00368	0.00591

[dist]
# distance from previous block
# <min> <max>
2	6

[block]
# block no. 11 follows, 71 sequences, length 12
# corresponding to MSA columns:
# 1150-1161
name=unknown_L
#
# <colnr> <probs for GDERKNQSTAVLIFYWHMCP>
#	G	D	E	R	K	N	Q	S	T	A	V	L	I	F	Y	W	H	M	C	P
0	0.00976	0.07140	0.09923	0.09842	0.42063	0.07192	0.01029	0.07647	0.05150	0.01293	0.03603	0.00987	0.00704	0.00385	0.00370	0.00114	0.00467	0.00336	0.00217	0.00560
1	0.04941	0.44557	0.10431	0.00799	0.01116	0.21097	0.00755	0.10211	0.00962	0.01145	0.00606	0.00688	0.00506	0.00363	0.00297	0.00095	0.00490	0.00239	0.00199	0.00503
2	0.00599	0.00439	0.00517	0.00498	0.00609	0.00411	0.00371	0.05598	0.02840	0.03552	0.32806	0.16212	0.28966	0.03090	0.00491	0.00136	0.00220	0.01894	0.00383	0.00369
3	0.00754	0.04939	0.42724	0.00807	0.01172	0.00700	0.00916	0.01062	0.02152	0.06752	0.14930	0.03189	0.12794	0.00601	0.02439	0.00132	0.00422	0.00447	0.00263	0.02808
4	0.00954	0.08194	0.03856	0.05459	0.01524	0.03052	0.38390	0.09708	0.04721	0.05380	0.02043	0.10538	0.00921	0.00486	0.00420	0.00127	0.00502	0.02964	0.00257	0.00505
5	0.01021	0.70405	0.06020	0.00698	0.01015	0.06058	0.00686	0.03944	0.00831	0.00976	0.00638	0.05001	0.00601	0.00383	0.00275	0.00090	0.00424	0.00261	0.00183	0.00489
6	0.00475	0.00342	0.00453	0.00538	0.00569	0.00320	0.00369	0.00550	0.00748	0.00991	0.02176	0.78332	0.05612	0.01184	0.00490	0.00156	0.00229	0.05796	0.00356	0.00314
7	0.04417	0.06075	0.03762	0.02546	0.02341	0.39935	0.00694	0.09791	0.05274	0.10432	0.04065	0.01039	0.02862	0.00444	0.00356	0.00107	0.00511	0.01380	0.00271	0.03698
8	0.00853	0.00836	0.01235	0.44419	0.28746	0.07242	0.01023	0.01123	0.04683	0.01119	0.04506	0.01076	0.00713	0.00395	0.00383	0.00121	0.00482	0.00354	0.00200	0.00492
9	0.00473	0.00343	0.00442	0.00514	0.00549	0.00317	0.00346	0.00546	0.00758	0.01004	0.06373	0.71781	0.09738	0.04204	0.00536	0.00159	0.00223	0.01026	0.00355	0.00312
10	0.00505	0.00370	0.00461	0.00519	0.00572	0.00353	0.00359	0.00635	0.04660	0.01054	0.05261	0.61457	0.13339	0.01143	0.03221	0.00162	0.00245	0.00951	0.04403	0.00332
11	0.13548	0.05185	0.01155	0.22913	0.22420	0.06777	0.02116	0.04280	0.04360	0.05868	0.00805	0.03211	0.00660	0.02656	0.01492	0.00131	0.01357	0.00343	0.00228	0.00496

[dist]
# distance from previous block
# <min> <max>
8	19

[block]
# block no. 12 follows, 71 sequences, length 22
# corresponding to MSA columns:
# 1182-1189,1194-1207
name=unknown_M
#
# <colnr> <probs for GDERKNQSTAVLIFYWHMCP>
#	G	D	E	R	K	N	Q	S	T	A	V	L	I	F	Y	W	H	M	C	P
0	0.00766	0.00629	0.00811	0.03992	0.12545	0.01827	0.00619	0.05334	0.16430	0.02793	0.07471	0.17800	0.08298	0.03585	0.00519	0.00146	0.03483	0.12174	0.00327	0.00451
1	0.03508	0.20137	0.15588	0.03451	0.01091	0.08030	0.03255	0.12061	0.00911	0.01209	0.02007	0.05352	0.00813	0.11418	0.04867	0.00169	0.02212	0.00367	0.03093	0.00462
2	0.00836	0.00709	0.00871	0.01983	0.13678	0.06749	0.02136	0.16470	0.00994	0.01311	0.04229	0.34508	0.01546	0.00874	0.03446	0.02597	0.02078	0.04238	0.00307	0.00440
3	0.01027	0.09266	0.04219	0.01393	0.23082	0.08325	0.20443	0.08973	0.03514	0.04007	0.04071	0.00997	0.00724	0.00381	0.00391	0.00111	0.01797	0.00355	0.00233	0.06689
4	0.00637	0.00577	0.02417	0.00689	0.00782	0.04177	0.06341	0.02049	0.06145	0.01132	0.13436	0.44763	0.03983	0.03301	0.00568	0.00150	0.07355	0.00798	0.00327	0.00375
5	0.01655	0.00695	0.00904	0.00696	0.00987	0.00633	0.00574	0.11759	0.01174	0.71665	0.01432	0.01262	0.00914	0.00472	0.00382	0.00117	0.00333	0.00380	0.03322	0.00643
6	0.00639	0.00462	0.00607	0.03559	0.00784	0.00460	0.00516	0.04919	0.02876	0.02596	0.05445	0.29299	0.04547	0.03984	0.00535	0.00162	0.00306	0.34743	0.00347	0.03212
7	0.27085	0.00883	0.00947	0.00799	0.03885	0.03510	0.03269	0.28996	0.05450	0.16262	0.00944	0.01004	0.00689	0.00436	0.00344	0.00118	0.00375	0.02281	0.00334	0.02389
8	0.02552	0.00741	0.00879	0.00690	0.00956	0.00733	0.00564	0.25790	0.03917	0.40857	0.01257	0.01187	0.00853	0.00459	0.00362	0.00111	0.00330	0.00363	0.13750	0.03648
9	0.00759	0.00428	0.00530	0.00533	0.00631	0.00411	0.00388	0.00945	0.06952	0.14213	0.06321	0.43148	0.01900	0.00846	0.00414	0.00131	0.00233	0.00746	0.20071	0.00400
10	0.06956	0.01076	0.02142	0.00860	0.03638	0.20932	0.00674	0.23318	0.02740	0.27978	0.01005	0.00996	0.00707	0.00521	0.03125	0.00130	0.01961	0.00329	0.00341	0.00570
11	0.03946	0.00667	0.00855	0.00670	0.00942	0.00612	0.00548	0.08289	0.03669	0.62191	0.08010	0.01375	0.01123	0.00491	0.00381	0.00117	0.00316	0.00399	0.02711	0.02689
12	0.00633	0.00405	0.00521	0.00548	0.00623	0.00380	0.00388	0.02243	0.03451	0.09342	0.12716	0.58310	0.06903	0.01028	0.00467	0.00145	0.00232	0.00919	0.00378	0.00368
13	0.00472	0.00375	0.00425	0.00448	0.00542	0.00328	0.00326	0.00573	0.00861	0.01084	0.13211	0.26710	0.49295	0.01015	0.00465	0.00137	0.00204	0.02839	0.00364	0.00326
14	0.05162	0.02506	0.01311	0.12649	0.41591	0.14564	0.02332	0.04803	0.02910	0.01220	0.00757	0.04058	0.00648	0.00409	0.00402	0.00117	0.03475	0.00349	0.00209	0.00529
15	0.00557	0.00418	0.00608	0.00603	0.00661	0.00485	0.00459	0.00676	0.00608	0.00873	0.01034	0.01609	0.00998	0.12880	0.72707	0.00574	0.03283	0.00426	0.00208	0.00331
16	0.00513	0.00375	0.00511	0.00573	0.00615	0.00357	0.02132	0.03153	0.00776	0.01035	0.02044	0.79126	0.02424	0.01155	0.00487	0.00155	0.00242	0.03645	0.00353	0.00328
17	0.12842	0.16299	0.22939	0.00938	0.01294	0.16707	0.10459	0.05593	0.00921	0.07621	0.00708	0.00799	0.00535	0.00371	0.00336	0.00110	0.00510	0.00284	0.00218	0.00516
18	0.00519	0.00369	0.00473	0.00526	0.00581	0.00339	0.00363	0.01671	0.00794	0.02749	0.07904	0.67800	0.09703	0.01100	0.00474	0.00147	0.00224	0.00988	0.00360	0.02917
19	0.02783	0.00435	0.00546	0.00583	0.00662	0.00431	0.00430	0.00845	0.09046	0.06437	0.06135	0.47838	0.02168	0.03993	0.00516	0.00157	0.00261	0.13563	0.02796	0.00373
20	0.07293	0.03175	0.02848	0.00933	0.03820	0.20458	0.04648	0.31312	0.08242	0.07355	0.00910	0.03408	0.00703	0.00456	0.00391	0.00116	0.02727	0.00345	0.00306	0.00555
21	0.02312	0.53782	0.10992	0.00817	0.02767	0.10115	0.03631	0.07021	0.00891	0.01081	0.00643	0.03193	0.00567	0.00375	0.00296	0.00096	0.00460	0.00265	0.00191	0.00504

[dist]
# distance from previous block
# <min> <max>
2	12

[block]
# block no. 13 follows, 71 sequences, length 31
# corresponding to MSA columns:
# 1220-1250
name=unknown_N
#
# <colnr> <probs for GDERKNQSTAVLIFYWHMCP>
#	G	D	E	R	K	N	Q	S	T	A	V	L	I	F	Y	W	H	M	C	P
0	0.55904	0.07232	0.00827	0.03073	0.00927	0.12480	0.00530	0.09505	0.00847	0.01585	0.00591	0.00680	0.00464	0.00368	0.00274	0.00111	0.00378	0.00231	0.00239	0.03755
1	0.05156	0.01028	0.04022	0.06910	0.12877	0.06068	0.42134	0.06605	0.00948	0.06334	0.00782	0.00978	0.00589	0.00367	0.00438	0.00124	0.03503	0.00386	0.00222	0.00529
2	0.00555	0.00383	0.00496	0.00499	0.00525	0.00407	0.00333	0.00600	0.00584	0.00803	0.01154	0.05600	0.01249	0.48362	0.32231	0.04604	0.00603	0.00516	0.00225	0.00273
3	0.00914	0.02026	0.22034	0.13411	0.11182	0.00956	0.12442	0.10742	0.14205	0.01376	0.02106	0.01031	0.00694	0.00416	0.00432	0.00125	0.04762	0.00361	0.00237	0.00549
4	0.00477	0.00354	0.00445	0.00511	0.00561	0.00324	0.00356	0.00558	0.00777	0.01010	0.04391	0.60482	0.19445	0.02761	0.00511	0.00155	0.00227	0.05983	0.00355	0.00316
5	0.00840	0.05723	0.10809	0.04874	0.05439	0.02510	0.05523	0.10611	0.10476	0.03236	0.10710	0.01586	0.08874	0.03596	0.13295	0.00203	0.00489	0.00445	0.00283	0.00478
6	0.00918	0.03094	0.14016	0.02234	0.06585	0.04110	0.19471	0.06206	0.26253	0.01383	0.04430	0.05155	0.00960	0.00473	0.00426	0.00126	0.02911	0.00429	0.00275	0.00542
7	0.00644	0.00560	0.00746	0.00695	0.00723	0.00690	0.00535	0.00718	0.00647	0.00910	0.01378	0.14603	0.10971	0.18110	0.10620	0.00253	0.34425	0.02191	0.00239	0.00344
8	0.01118	0.43594	0.06916	0.03340	0.07104	0.13028	0.02525	0.14489	0.02481	0.01220	0.00655	0.00747	0.00541	0.00367	0.00310	0.00098	0.00471	0.00262	0.00211	0.00525
9	0.00555	0.00425	0.00586	0.02556	0.00696	0.00415	0.03686	0.00670	0.03108	0.02173	0.03901	0.58728	0.05625	0.08206	0.00620	0.00166	0.03143	0.00896	0.00328	0.03518
10	0.09612	0.06611	0.04828	0.01012	0.09224	0.07708	0.04521	0.37066	0.06298	0.06061	0.00856	0.00907	0.00635	0.00424	0.00382	0.00115	0.02531	0.00324	0.00303	0.00580
11	0.00894	0.01064	0.10888	0.19660	0.01936	0.04063	0.42217	0.05445	0.03878	0.01239	0.00784	0.01011	0.00588	0.00366	0.00424	0.00126	0.01791	0.00391	0.02731	0.00504
12	0.00546	0.00391	0.00519	0.00522	0.00562	0.00423	0.00364	0.00621	0.00603	0.00835	0.01230	0.05047	0.03742	0.38309	0.44080	0.00481	0.00694	0.00510	0.00227	0.00294
13	0.00575	0.00414	0.00563	0.00623	0.00705	0.00402	0.00516	0.00734	0.00903	0.01197	0.18419	0.15061	0.06370	0.01019	0.00505	0.00160	0.00294	0.50822	0.00367	0.00348
14	0.00864	0.00828	0.01363	0.27901	0.45686	0.00930	0.01083	0.01099	0.02583	0.01130	0.00697	0.00967	0.00575	0.00404	0.00502	0.00126	0.12208	0.00343	0.00185	0.00525
15	0.00471	0.00337	0.00450	0.00538	0.00563	0.00315	0.00363	0.00541	0.00738	0.00983	0.02111	0.84078	0.02527	0.01197	0.00490	0.00156	0.00226	0.03247	0.00356	0.00313
16	0.01025	0.86756	0.02009	0.00656	0.00984	0.01517	0.00656	0.01148	0.00779	0.00902	0.00533	0.00615	0.00492	0.00328	0.00246	0.00082	0.00410	0.00205	0.00164	0.00492
17	0.05106	0.00826	0.00895	0.00725	0.00975	0.09589	0.00588	0.16939	0.01162	0.42391	0.04133	0.01361	0.05682	0.00621	0.04372	0.00142	0.02248	0.01287	0.00389	0.00569
18	0.01575	0.00820	0.00984	0.00756	0.01053	0.00815	0.00623	0.35103	0.01376	0.47521	0.01249	0.01140	0.00821	0.00465	0.00381	0.00115	0.00362	0.00366	0.02246	0.02228
19	0.01685	0.00670	0.00896	0.00691	0.00985	0.00595	0.00570	0.04003	0.04193	0.79150	0.01499	0.01300	0.00950	0.00476	0.00386	0.00119	0.00328	0.00386	0.00469	0.00651
20	0.00585	0.00426	0.00522	0.00515	0.00614	0.00403	0.00384	0.04338	0.02927	0.03106	0.36399	0.22399	0.19384	0.00944	0.02129	0.00142	0.00233	0.03797	0.00385	0.00366
21	0.03313	0.00849	0.01293	0.27892	0.37662	0.03723	0.02088	0.05549	0.03244	0.04330	0.00764	0.00991	0.00604	0.00447	0.02483	0.00133	0.03551	0.00342	0.00212	0.00530
22	0.01694	0.00695	0.00916	0.00702	0.01000	0.00626	0.00580	0.09985	0.01168	0.76183	0.01453	0.01267	0.00919	0.00473	0.00385	0.00118	0.00336	0.00382	0.00465	0.00652
23	0.00471	0.00337	0.00449	0.00538	0.00562	0.00315	0.00363	0.00541	0.00738	0.00983	0.02111	0.84101	0.02527	0.01197	0.00490	0.00156	0.00226	0.03224	0.00356	0.00313
24	0.01377	0.01680	0.01099	0.00982	0.01168	0.71089	0.00749	0.07159	0.01089	0.01040	0.00607	0.00722	0.00506	0.00426	0.00436	0.00107	0.08836	0.00262	0.00208	0.00457
25	0.00467	0.00350	0.00434	0.00496	0.00548	0.00317	0.00341	0.00547	0.00784	0.01019	0.06369	0.62355	0.22327	0.01126	0.00479	0.00148	0.00214	0.01003	0.00359	0.00317
26	0.00592	0.00506	0.05801	0.00557	0.00630	0.00443	0.00426	0.00742	0.06084	0.00970	0.01517	0.20510	0.01668	0.38791	0.03341	0.00260	0.00355	0.13228	0.03258	0.00321
27	0.00854	0.00780	0.03835	0.00698	0.01049	0.00604	0.07810	0.05645	0.00867	0.02467	0.00715	0.00831	0.00576	0.00303	0.00309	0.00070	0.00334	0.00258	0.00234	0.71760
28	0.23512	0.01011	0.06515	0.04546	0.06092	0.11652	0.11862	0.09104	0.06760	0.03433	0.06712	0.01023	0.00803	0.00468	0.02295	0.00128	0.00452	0.00338	0.00258	0.03037
29	0.15078	0.00836	0.00863	0.02358	0.00985	0.09135	0.03594	0.12211	0.01896	0.04334	0.06235	0.04033	0.02449	0.00421	0.00331	0.00095	0.00355	0.00333	0.00275	0.34184
30	0.18727	0.06363	0.04022	0.10761	0.02703	0.09364	0.03501	0.14806	0.04202	0.04894	0.05292	0.00957	0.00736	0.00403	0.00335	0.00108	0.00408	0.00309	0.00265	0.11844

[dist]
# distance from previous block
# <min> <max>
3	22

[block]
# block no. 14 follows, 71 sequences, length 55
# corresponding to MSA columns:
# 1273-1280,1282-1328
name=unknown_O
#
# <colnr> <probs for GDERKNQSTAVLIFYWHMCP>
#	G	D	E	R	K	N	Q	S	T	A	V	L	I	F	Y	W	H	M	C	P
0	0.01035	0.00996	0.03204	0.00768	0.00958	0.20278	0.00612	0.14941	0.15923	0.03067	0.10912	0.03119	0.06492	0.00593	0.00496	0.04750	0.05599	0.00419	0.02763	0.03076
1	0.00917	0.05139	0.01240	0.10221	0.01354	0.03059	0.18273	0.09372	0.13257	0.04164	0.01185	0.01836	0.01061	0.02852	0.00521	0.00144	0.05768	0.18869	0.00283	0.00485
2	0.06498	0.01025	0.01074	0.00841	0.01130	0.02058	0.00690	0.68127	0.09202	0.02265	0.00960	0.00958	0.00691	0.00459	0.00373	0.00116	0.00402	0.00344	0.02162	0.00626
3	0.00478	0.00357	0.00447	0.00503	0.00559	0.00325	0.00353	0.00569	0.00810	0.01060	0.11475	0.55421	0.20807	0.01098	0.00479	0.00147	0.00217	0.04212	0.00363	0.00321
4	0.00680	0.00436	0.00570	0.00583	0.02816	0.00440	0.00399	0.02767	0.00722	0.09115	0.01510	0.17520	0.06226	0.29978	0.22525	0.00338	0.00500	0.02245	0.00284	0.00344
5	0.57771	0.00849	0.02709	0.00726	0.00997	0.02197	0.11378	0.07387	0.05426	0.06357	0.00712	0.00788	0.00530	0.00376	0.00298	0.00120	0.00366	0.00275	0.00262	0.00474
6	0.00474	0.00343	0.00449	0.00520	0.00556	0.00318	0.00353	0.00555	0.00779	0.01042	0.10995	0.72826	0.07083	0.01144	0.00483	0.00151	0.00216	0.01032	0.00363	0.00318
7	0.00467	0.00334	0.00445	0.00534	0.00556	0.00311	0.00356	0.00534	0.00734	0.00979	0.02113	0.86275	0.02536	0.01201	0.00489	0.00156	0.00222	0.01090	0.00356	0.00311
