[name]
unknown

[dist]
# distance from previous block
# <min> <max>
30	490

[block]
# block no. 0 follows, 69 sequences, length 18
# corresponding to MSA columns:
# 1017-1026,1033-1039,1046
name=unknown_A
#
# <colnr> <probs for GDERKNQSTAVLIFYWHMCP>
#	G	D	E	R	K	N	Q	S	T	A	V	L	I	F	Y	W	H	M	C	P
0	0.08048	0.00518	0.00609	0.00576	0.00704	0.00511	0.00437	0.07786	0.00923	0.13082	0.09047	0.18074	0.10523	0.16187	0.00722	0.00184	0.00304	0.11006	0.00357	0.00403
1	0.00687	0.05405	0.12634	0.00701	0.00868	0.01997	0.00634	0.03074	0.00762	0.02097	0.04001	0.05554	0.08818	0.03913	0.38174	0.00359	0.06764	0.00463	0.02686	0.00406
2	0.12693	0.09084	0.11930	0.14183	0.21151	0.02668	0.03924	0.04427	0.02900	0.05384	0.00775	0.00937	0.00601	0.00390	0.00374	0.00118	0.02591	0.00318	0.05026	0.00528
3	0.00888	0.05671	0.06739	0.16314	0.03521	0.04022	0.06642	0.02785	0.24189	0.04591	0.02326	0.02222	0.10022	0.00574	0.02541	0.00137	0.00418	0.00437	0.05455	0.00508
4	0.00548	0.00472	0.05074	0.00573	0.00641	0.00424	0.00435	0.00654	0.00705	0.00977	0.08172	0.28575	0.01788	0.21041	0.27725	0.00355	0.00541	0.00691	0.00281	0.00329
5	0.09928	0.00600	0.00703	0.00603	0.00808	0.00587	0.00475	0.02778	0.11054	0.32356	0.04874	0.04554	0.15102	0.05573	0.05621	0.00171	0.00340	0.00500	0.02869	0.00506
6	0.02639	0.04081	0.06535	0.12417	0.10931	0.10906	0.07403	0.07602	0.12368	0.07926	0.00978	0.06196	0.00800	0.00486	0.00460	0.00127	0.06947	0.00399	0.00266	0.00533
7	0.00649	0.00469	0.00581	0.00602	0.00700	0.00467	0.00458	0.04386	0.08468	0.03957	0.07830	0.33264	0.13366	0.02475	0.05094	0.00181	0.00313	0.15988	0.00366	0.00387
8	0.00715	0.05316	0.01085	0.59128	0.02092	0.00823	0.00909	0.00925	0.00782	0.01010	0.03017	0.11542	0.04785	0.00547	0.00457	0.00134	0.05637	0.00465	0.00212	0.00418
9	0.00777	0.00673	0.05232	0.00700	0.05846	0.00604	0.00536	0.09075	0.13496	0.06219	0.09206	0.02609	0.40724	0.00754	0.00434	0.00129	0.00285	0.01874	0.00363	0.00463
10	0.06746	0.17981	0.21810	0.02147	0.10318	0.06356	0.07242	0.08998	0.00960	0.02789	0.05220	0.00938	0.00720	0.00391	0.00350	0.00110	0.00474	0.00315	0.00225	0.05910
11	0.00923	0.06802	0.41510	0.01300	0.06500	0.09616	0.23602	0.01266	0.00881	0.01193	0.00707	0.00875	0.00533	0.00367	0.00408	0.00122	0.02335	0.00333	0.00180	0.00547
12	0.00601	0.00411	0.00505	0.00539	0.00617	0.00383	0.00387	0.03481	0.00842	0.05735	0.02431	0.46295	0.21113	0.07175	0.00593	0.00167	0.00256	0.07756	0.00362	0.00351
13	0.00561	0.00383	0.00460	0.00467	0.00480	0.00391	0.00285	0.00587	0.00594	0.00802	0.01283	0.09198	0.01454	0.66922	0.14169	0.00399	0.00467	0.00592	0.00244	0.00261
14	0.03075	0.37074	0.07505	0.00847	0.01164	0.18031	0.02891	0.18675	0.03540	0.02794	0.00709	0.00774	0.00568	0.00390	0.00323	0.00102	0.00490	0.00271	0.00237	0.00539
15	0.00489	0.00396	0.00431	0.00446	0.00556	0.00345	0.00334	0.00592	0.00875	0.01073	0.07128	0.11117	0.61324	0.05207	0.00549	0.00151	0.00224	0.08071	0.00361	0.00330
16	0.00556	0.00416	0.00472	0.00456	0.00578	0.00372	0.00347	0.00718	0.03068	0.03211	0.31674	0.03276	0.45373	0.00881	0.00454	0.00129	0.00204	0.03135	0.04318	0.00362
17	0.00615	0.00513	0.03470	0.08649	0.00856	0.00449	0.01723	0.00788	0.02913	0.05850	0.20180	0.12098	0.38730	0.00849	0.00452	0.00132	0.00261	0.00730	0.00359	0.00386

[dist]
# distance from previous block
# <min> <max>
0	1

[block]
# block no. 1 follows, 69 sequences, length 19
# corresponding to MSA columns:
# 1048-1052,1059-1072
name=unknown_B
#
# <colnr> <probs for GDERKNQSTAVLIFYWHMCP>
#	G	D	E	R	K	N	Q	S	T	A	V	L	I	F	Y	W	H	M	C	P
0	0.03453	0.23647	0.25419	0.00937	0.01281	0.14725	0.04476	0.04909	0.02010	0.04733	0.02480	0.00845	0.00610	0.00416	0.00428	0.00114	0.08494	0.00292	0.00209	0.00522
1	0.00614	0.00414	0.00570	0.00553	0.00601	0.00440	0.00393	0.00639	0.00593	0.00834	0.00972	0.01658	0.00985	0.23609	0.35759	0.23187	0.02403	0.00426	0.00207	0.05143
2	0.00891	0.10161	0.00955	0.00597	0.00942	0.00639	0.00493	0.01059	0.00828	0.05801	0.00727	0.00821	0.00594	0.00306	0.00292	0.00064	0.00307	0.00239	0.00239	0.74045
3	0.01019	0.25884	0.17919	0.00978	0.05410	0.06887	0.10114	0.06911	0.00966	0.07168	0.05185	0.01218	0.05362	0.00451	0.00365	0.00113	0.00470	0.02811	0.00243	0.00526
4	0.03350	0.01003	0.01120	0.00929	0.05357	0.01091	0.00724	0.63673	0.03742	0.08709	0.05541	0.01090	0.00863	0.00483	0.00393	0.00119	0.00406	0.00375	0.00388	0.00642
5	0.02874	0.02094	0.08266	0.07063	0.14669	0.03986	0.16223	0.11634	0.02410	0.03055	0.03554	0.06886	0.02545	0.07212	0.00559	0.00148	0.02440	0.03619	0.00258	0.00504
6	0.29997	0.00704	0.00760	0.06872	0.00994	0.00679	0.00509	0.03297	0.00841	0.09348	0.06748	0.00979	0.00791	0.00383	0.00307	0.00097	0.00312	0.00288	0.00274	0.35821
7	0.10339	0.00705	0.00838	0.00680	0.00939	0.00697	0.00551	0.08033	0.14394	0.46060	0.06701	0.01364	0.01106	0.00498	0.00377	0.00121	0.00316	0.00399	0.05282	0.00599
8	0.00484	0.00372	0.00443	0.00481	0.00556	0.00331	0.00339	0.00582	0.00861	0.01111	0.15364	0.41554	0.33969	0.01072	0.00480	0.00143	0.00210	0.00942	0.00374	0.00331
9	0.00822	0.17807	0.27366	0.00908	0.03432	0.05563	0.05056	0.02927	0.00859	0.01129	0.01233	0.15238	0.06512	0.00610	0.00417	0.00127	0.02707	0.06570	0.00236	0.00478
10	0.00990	0.58502	0.22627	0.00799	0.01186	0.03676	0.00866	0.01248	0.05006	0.01040	0.00640	0.00724	0.00537	0.00357	0.00292	0.00097	0.00462	0.00243	0.00180	0.00527
11	0.00493	0.00356	0.00471	0.00557	0.00592	0.00333	0.00389	0.00575	0.00774	0.01022	0.02246	0.73041	0.06771	0.01201	0.00503	0.00160	0.00240	0.09590	0.00364	0.00324
12	0.02709	0.00795	0.01324	0.39633	0.35520	0.00882	0.03285	0.02332	0.00847	0.01167	0.01724	0.02979	0.02468	0.00416	0.00413	0.00126	0.02288	0.00381	0.00199	0.00511
13	0.02765	0.01839	0.09984	0.04142	0.09775	0.06307	0.04415	0.08140	0.07284	0.02442	0.02361	0.11575	0.05879	0.03941	0.07893	0.00182	0.06076	0.00486	0.04040	0.00475
14	0.00786	0.00529	0.05103	0.00499	0.00638	0.00470	0.00409	0.02904	0.05472	0.06937	0.04959	0.03488	0.05647	0.05708	0.06135	0.00157	0.00300	0.00439	0.49012	0.00408
15	0.00581	0.00414	0.00515	0.00558	0.00632	0.00395	0.00402	0.01945	0.05673	0.03950	0.06050	0.52497	0.14865	0.02433	0.00509	0.00155	0.00246	0.07449	0.00371	0.00360
16	0.00988	0.04644	0.16488	0.06161	0.05527	0.02241	0.08921	0.15713	0.14313	0.05631	0.03033	0.06243	0.06493	0.00517	0.00402	0.00125	0.00434	0.00444	0.00297	0.01388
17	0.00944	0.03388	0.01248	0.19248	0.20493	0.08233	0.04394	0.04965	0.14321	0.01251	0.03127	0.02989	0.00820	0.00513	0.01731	0.00136	0.10126	0.01309	0.00242	0.00519
18	0.00909	0.00783	0.00866	0.00754	0.02711	0.04347	0.02638	0.09540	0.32285	0.01536	0.13863	0.03373	0.04659	0.03020	0.00438	0.00122	0.00325	0.00459	0.00347	0.17024

[dist]
# distance from previous block
# <min> <max>
3	27

[block]
# block no. 2 follows, 69 sequences, length 59
# corresponding to MSA columns:
# 1129-1134,1137-1146,1158,1159,1175-1215
name=unknown_C
#
# <colnr> <probs for GDERKNQSTAVLIFYWHMCP>
#	G	D	E	R	K	N	Q	S	T	A	V	L	I	F	Y	W	H	M	C	P
0	0.01690	0.00808	0.03524	0.03488	0.07476	0.04251	0.15955	0.04761	0.11722	0.04630	0.05563	0.15944	0.01313	0.01837	0.01271	0.00138	0.01173	0.05955	0.00298	0.08203
1	0.00844	0.08680	0.04644	0.03082	0.05241	0.05928	0.19135	0.01049	0.02152	0.02294	0.03420	0.06399	0.04324	0.01759	0.10790	0.00191	0.11799	0.00444	0.07372	0.00453
2	0.00504	0.00357	0.00459	0.00524	0.00563	0.00330	0.00353	0.00580	0.00782	0.02102	0.08086	0.66590	0.09511	0.06567	0.00588	0.00168	0.00233	0.01017	0.00362	0.00323
3	0.00720	0.00553	0.00637	0.00609	0.00744	0.00576	0.00465	0.03637	0.25902	0.02759	0.26294	0.15128	0.10700	0.00793	0.00444	0.00135	0.00251	0.05558	0.03649	0.00447
4	0.01001	0.09416	0.13626	0.03038	0.11116	0.07974	0.06830	0.11796	0.12529	0.03229	0.07877	0.02205	0.03902	0.00522	0.01940	0.00129	0.01654	0.00398	0.00276	0.00543
5	0.01140	0.00990	0.06640	0.03955	0.05810	0.04300	0.03277	0.29080	0.15461	0.07500	0.02197	0.01266	0.04025	0.00660	0.05768	0.00158	0.05375	0.01495	0.00327	0.00575
6	0.00521	0.00361	0.00448	0.00498	0.00514	0.00348	0.00316	0.00566	0.00689	0.00921	0.04165	0.47745	0.02137	0.36408	0.01119	0.00250	0.00291	0.02103	0.00314	0.00287
7	0.00883	0.00769	0.01132	0.10013	0.15105	0.01930	0.11412	0.09656	0.14515	0.03381	0.07061	0.14846	0.06363	0.00608	0.00428	0.00131	0.00395	0.00555	0.00308	0.00510
8	0.01156	0.09658	0.08804	0.05405	0.11673	0.09371	0.06756	0.19066	0.04487	0.10411	0.06201	0.02153	0.00878	0.00485	0.01675	0.00124	0.00473	0.00372	0.00290	0.00563
9	0.01235	0.12621	0.09365	0.00878	0.04584	0.04001	0.05068	0.04098	0.10178	0.31564	0.03173	0.03756	0.00988	0.00563	0.02709	0.00135	0.00421	0.03746	0.00342	0.00575
10	0.00559	0.00405	0.00460	0.00494	0.00544	0.02620	0.00334	0.00644	0.00788	0.01076	0.11755	0.39865	0.09853	0.18199	0.00765	0.00188	0.00258	0.00823	0.10052	0.00318
11	0.00950	0.02511	0.25156	0.07087	0.16385	0.08876	0.14438	0.03950	0.04042	0.02678	0.01796	0.02078	0.00658	0.01584	0.00475	0.00129	0.06097	0.00361	0.00209	0.00541
12	0.00991	0.02001	0.09283	0.09239	0.08869	0.05064	0.11749	0.09790	0.20960	0.05625	0.01162	0.09276	0.01474	0.00517	0.00422	0.00129	0.01641	0.00965	0.00293	0.00549
13	0.00822	0.00819	0.03802	0.61711	0.13480	0.03197	0.03100	0.04161	0.00849	0.01106	0.00721	0.01028	0.00553	0.00452	0.02514	0.00140	0.00535	0.00349	0.00187	0.00475
14	0.00488	0.00357	0.00455	0.00516	0.00561	0.00328	0.00352	0.00572	0.00807	0.01069	0.12101	0.62468	0.13542	0.03764	0.00537	0.00158	0.00223	0.01011	0.00368	0.00324
15	0.00477	0.00344	0.00452	0.00540	0.00567	0.00319	0.00361	0.00547	0.00757	0.01003	0.02237	0.82511	0.05999	0.01218	0.00499	0.00158	0.00226	0.01102	0.00364	0.00319
16	0.00951	0.01011	0.01206	0.01030	0.01093	0.14373	0.04809	0.01094	0.03863	0.01009	0.03422	0.00937	0.00652	0.00622	0.01036	0.00155	0.61746	0.00351	0.00195	0.00443
17	0.00949	0.00678	0.00831	0.00616	0.00933	0.00535	0.01776	0.02496	0.00893	0.14226	0.04948	0.04028	0.00867	0.00383	0.00327	0.00077	0.00298	0.00318	0.00288	0.64532
18	0.62726	0.00815	0.00717	0.00604	0.00861	0.00921	0.00497	0.18832	0.00951	0.06204	0.00707	0.00765	0.00524	0.00396	0.00284	0.00120	0.00329	0.00257	0.03003	0.00488
19	0.00884	0.00510	0.00661	0.04026	0.02022	0.00474	0.00462	0.04136	0.01083	0.21406	0.41352	0.02468	0.15652	0.00713	0.00435	0.00124	0.00250	0.00611	0.02278	0.00453
20	0.05556	0.13511	0.01183	0.00842	0.01090	0.25856	0.00685	0.23047	0.06121	0.02655	0.04245	0.00919	0.00732	0.00445	0.00404	0.00109	0.05645	0.00308	0.00276	0.06371
21	0.00995	0.00852	0.00898	0.00802	0.01027	0.00984	0.00625	0.05153	0.79967	0.01672	0.01571	0.01443	0.01176	0.00530	0.00399	0.00132	0.00315	0.00440	0.00399	0.00622
22	0.02513	0.00750	0.05201	0.00787	0.05975	0.00691	0.02589	0.14668	0.10538	0.05699	0.12690	0.08175	0.07904	0.01794	0.00419	0.00121	0.00322	0.01961	0.06374	0.10829
23	0.00957	0.48466	0.15013	0.00814	0.01142	0.05361	0.04765	0.01206	0.06110	0.01042	0.00759	0.04851	0.00678	0.00555	0.05165	0.00133	0.01974	0.00309	0.00197	0.00503
24	0.00591	0.00422	0.00456	0.00433	0.00578	0.00357	0.00330	0.00702	0.00934	0.08748	0.10751	0.03474	0.68975	0.00929	0.00457	0.00131	0.00210	0.00777	0.00381	0.00365
25	0.00477	0.00353	0.00445	0.00516	0.00561	0.00322	0.00351	0.00553	0.00786	0.01025	0.04341	0.68138	0.18354	0.01173	0.00492	0.00153	0.00221	0.01050	0.00365	0.00322
26	0.00953	0.00896	0.05162	0.04854	0.05472	0.05019	0.12138	0.06967	0.29898	0.05485	0.01421	0.09865	0.05318	0.04163	0.00483	0.00141	0.00409	0.00503	0.00320	0.00533
27	0.10942	0.00623	0.00797	0.02797	0.00918	0.00614	0.04279	0.01374	0.11522	0.31233	0.11039	0.11490	0.03619	0.06359	0.00511	0.00146	0.00317	0.00526	0.00386	0.00509
28	0.00560	0.00420	0.00630	0.00630	0.00700	0.00490	0.00490	0.00700	0.00630	0.00910	0.01050	0.01540	0.00980	0.02940	0.84669	0.00630	0.01050	0.00420	0.00210	0.00350
29	0.00643	0.00482	0.00511	0.00483	0.00620	0.03461	0.00365	0.00789	0.02677	0.08103	0.24581	0.05565	0.48528	0.00876	0.00453	0.00129	0.00228	0.00739	0.00387	0.00379
30	0.01354	0.02729	0.01148	0.04597	0.13066	0.03110	0.00765	0.37400	0.02607	0.20541	0.01065	0.03515	0.00788	0.00565	0.03491	0.00139	0.01768	0.00382	0.00355	0.00616
31	0.01138	0.00639	0.00768	0.00669	0.00882	0.00635	0.00534	0.03247	0.24370	0.32161	0.04298	0.06265	0.11963	0.00657	0.00419	0.00132	0.00299	0.06945	0.03430	0.00549
32	0.00509	0.00418	0.00452	0.00446	0.00570	0.00371	0.00336	0.00674	0.04748	0.01191	0.20064	0.05917	0.59571	0.00941	0.00463	0.00132	0.00205	0.02261	0.00379	0.00353
33	0.00853	0.00908	0.08245	0.33541	0.39977	0.00894	0.01133	0.01100	0.00825	0.01148	0.00718	0.00995	0.00577	0.00406	0.00447	0.02254	0.03615	0.00344	0.01495	0.00526
34	0.01425	0.00754	0.00896	0.00717	0.00980	0.00758	0.00582	0.21008	0.13463	0.40410	0.03838	0.01322	0.01017	0.00495	0.00383	0.00119	0.00332	0.00398	0.10486	0.00617
35	0.00520	0.00360	0.00441	0.00489	0.00503	0.00347	0.00305	0.00557	0.00670	0.00892	0.01769	0.46252	0.03526	0.40179	0.01185	0.00260	0.00297	0.00860	0.00306	0.00282
36	0.00816	0.00718	0.01010	0.36579	0.04195	0.03550	0.00827	0.05707	0.04134	0.03569	0.04181	0.17100	0.01084	0.00624	0.00557	0.00140	0.14004	0.00508	0.00252	0.00444
37	0.00798	0.00796	0.11717	0.04973	0.05151	0.00676	0.04679	0.04370	0.03623	0.08423	0.13455	0.11635	0.17060	0.00703	0.00530	0.00135	0.09919	0.00584	0.00313	0.00460
38	0.00490	0.00353	0.00462	0.00538	0.00572	0.00329	0.00367	0.00569	0.00780	0.01039	0.07442	0.71480	0.06485	0.03679	0.00541	0.00163	0.00232	0.03793	0.00364	0.00321
39	0.01043	0.84841	0.03627	0.00679	0.01019	0.01539	0.00686	0.01175	0.00797	0.00928	0.00548	0.00633	0.00503	0.00336	0.00254	0.00085	0.00422	0.00211	0.00168	0.00505
40	0.00947	0.00855	0.00956	0.00728	0.01017	0.06658	0.02067	0.10638	0.00929	0.01351	0.00697	0.00831	0.00577	0.00373	0.00443	0.00085	0.11729	0.00267	0.00240	0.58612
41	0.01156	0.00916	0.01072	0.05767	0.10092	0.01000	0.00735	0.34025	0.26797	0.02831	0.01109	0.01125	0.00827	0.00458	0.00382	0.00118	0.00382	0.00372	0.03405	0.07432
42	0.54756	0.00720	0.00708	0.00763	0.10570	0.00803	0.00532	0.04003	0.03183	0.01613	0.00830	0.01174	0.00721	0.03583	0.00362	0.00133	0.00325	0.07185	0.07588	0.00445
43	0.00626	0.00462	0.00629	0.11331	0.00882	0.00461	0.00476	0.03301	0.01068	0.03198	0.62963	0.06813	0.04760	0.00758	0.00452	0.00126	0.00241	0.00668	0.00394	0.00390
44	0.00502	0.00366	0.00460	0.00508	0.00567	0.00342	0.00357	0.00600	0.00811	0.01088	0.10954	0.50163	0.18562	0.01231	0.07005	0.00183	0.00279	0.00924	0.04767	0.00331
45	0.00511	0.00379	0.00542	0.00605	0.00649	0.00357	0.03394	0.00601	0.00773	0.01029	0.02102	0.74079	0.02484	0.01180	0.00503	0.00161	0.00258	0.09706	0.00358	0.00331
46	0.04304	0.27679	0.25104	0.03495	0.01436	0.06811	0.16154	0.01199	0.00828	0.01109	0.00662	0.00849	0.00542	0.02692	0.00444	0.00121	0.05577	0.00304	0.00180	0.00510
47	0.00916	0.00806	0.02829	0.17098	0.15532	0.01617	0.04812	0.13010	0.10916	0.03293	0.09545	0.03171	0.05153	0.00556	0.00448	0.00131	0.03249	0.06104	0.00296	0.00517
48	0.00692	0.00435	0.00539	0.00493	0.00621	0.00387	0.00374	0.00843	0.01035	0.12416	0.48638	0.02926	0.24398	0.03844	0.00508	0.00135	0.00215	0.00693	0.00414	0.00395
49	0.02676	0.00668	0.02487	0.00635	0.00838	0.00670	0.00512	0.09466	0.21943	0.19122	0.09539	0.03570	0.01298	0.00533	0.00369	0.00117	0.00284	0.00438	0.24307	0.00529
50	0.03945	0.04726	0.18187	0.18456	0.09093	0.00913	0.07293	0.11445	0.03023	0.04898	0.00904	0.01072	0.03169	0.00559	0.05153	0.00150	0.02531	0.00354	0.00235	0.03894
51	0.02039	0.00639	0.00743	0.00567	0.00840	0.00523	0.00441	0.04033	0.00836	0.03219	0.03794	0.01280	0.04881	0.10467	0.04056	0.00130	0.00331	0.00333	0.00257	0.60592
52	0.00515	0.00407	0.00456	0.00455	0.00565	0.00364	0.00337	0.00672	0.03853	0.01225	0.25677	0.13123	0.46924	0.00938	0.00461	0.00132	0.00202	0.00804	0.02540	0.00351
53	0.00895	0.00872	0.01415	0.40394	0.29302	0.03898	0.08983	0.04121	0.02897	0.01186	0.00745	0.01013	0.00583	0.00383	0.00409	0.00125	0.01704	0.00359	0.00198	0.00520
54	0.00864	0.02427	0.07760	0.15628	0.08892	0.01480	0.13269	0.05764	0.05932	0.03007	0.05468	0.07863	0.01562	0.00478	0.00420	0.00118	0.02894	0.00431	0.01281	0.14464
55	0.00579	0.00435	0.00637	0.00629	0.00695	0.00511	0.00488	0.00713	0.00634	0.00926	0.01043	0.01548	0.00978	0.05934	0.74917	0.00582	0.04543	0.00421	0.03438	0.00350
56	0.00485	0.00347	0.00450	0.00528	0.00554	0.00325	0.00349	0.00549	0.00741	0.00981	0.02164	0.74258	0.06455	0.09045	0.00636	0.00178	0.00240	0.01050	0.00352	0.00312
57	0.00838	0.00787	0.01253	0.49232	0.15574	0.04047	0.07951	0.02507	0.02857	0.01139	0.00781	0.01066	0.00605	0.00411	0.00411	0.01994	0.00494	0.00358	0.07224	0.00472
58	0.03465	0.10873	0.13971	0.03956	0.02936	0.04201	0.19195	0.16522	0.15168	0.01496	0.00899	0.00998	0.00680	0.00419	0.00407	0.00828	0.01838	0.00359	0.01229	0.00562

[dist]
# distance from previous block
# <min> <max>
1	3

[block]
# block no. 3 follows, 69 sequences, length 15
# corresponding to MSA columns:
# 1226-1240
name=unknown_D
#
# <colnr> <probs for GDERKNQSTAVLIFYWHMCP>
#	G	D	E	R	K	N	Q	S	T	A	V	L	I	F	Y	W	H	M	C	P
0	0.02971	0.11694	0.36754	0.01080	0.10824	0.04472	0.01033	0.05428	0.04112	0.01302	0.05638	0.00965	0.00745	0.00404	0.00380	0.00112	0.02774	0.00314	0.00215	0.08783
1	0.01012	0.73588	0.10088	0.00734	0.01075	0.01470	0.00757	0.01168	0.00789	0.00955	0.00559	0.00661	0.00503	0.00358	0.00319	0.00092	0.04973	0.00225	0.00168	0.00507
2	0.00968	0.00693	0.00780	0.00713	0.00907	0.00748	0.00555	0.01662	0.48603	0.13957	0.01888	0.12322	0.08371	0.00683	0.00425	0.00137	0.00297	0.05339	0.00402	0.00550
3	0.00578	0.00411	0.00520	0.00494	0.00599	0.00377	0.00375	0.00744	0.01042	0.04050	0.60265	0.03005	0.18407	0.00935	0.04452	0.00150	0.00237	0.02581	0.00408	0.00371
4	0.00843	0.05899	0.01252	0.45246	0.14048	0.06607	0.03596	0.01104	0.04632	0.01070	0.00894	0.01147	0.04534	0.00522	0.03546	0.00144	0.03877	0.00367	0.00200	0.00471
5	0.00716	0.00568	0.02989	0.03527	0.04765	0.00531	0.07480	0.04410	0.00933	0.02570	0.14269	0.06502	0.17920	0.00658	0.00418	0.00121	0.02284	0.02548	0.26382	0.00410
6	0.00487	0.00380	0.00443	0.00465	0.00554	0.00335	0.00334	0.00595	0.00895	0.01151	0.20465	0.29535	0.40910	0.01026	0.00475	0.00139	0.00205	0.00893	0.00378	0.00335
7	0.00527	0.00389	0.00493	0.00500	0.00584	0.00356	0.00369	0.00672	0.00986	0.01345	0.48976	0.21464	0.16224	0.00940	0.00475	0.00135	0.00205	0.04606	0.00402	0.00352
8	0.06220	0.03520	0.01856	0.02323	0.02891	0.03101	0.02643	0.15850	0.15158	0.09361	0.01108	0.02680	0.00924	0.07492	0.15001	0.00234	0.06546	0.02280	0.00306	0.00507
9	0.29819	0.02248	0.00871	0.00737	0.03580	0.02526	0.00577	0.21525	0.02934	0.20837	0.01015	0.04997	0.00772	0.00571	0.03839	0.00142	0.00383	0.00353	0.01729	0.00544
10	0.00494	0.00360	0.00463	0.00539	0.00581	0.00335	0.00375	0.00574	0.00776	0.01015	0.02348	0.64622	0.12885	0.04502	0.00558	0.00166	0.00242	0.08486	0.00359	0.00321
11	0.00635	0.00499	0.00585	0.00609	0.00701	0.00522	0.00438	0.01016	0.25049	0.01205	0.04723	0.47034	0.06929	0.05017	0.00539	0.00160	0.00260	0.03300	0.00370	0.00407
12	0.22484	0.23261	0.13094	0.00742	0.01061	0.06015	0.00711	0.10697	0.03565	0.09727	0.04684	0.00906	0.00722	0.00411	0.00318	0.00111	0.00409	0.00290	0.00265	0.00525
13	0.03696	0.35976	0.16934	0.00740	0.01030	0.06683	0.00732	0.03946	0.00851	0.01091	0.01113	0.19669	0.04917	0.00581	0.00351	0.00114	0.00413	0.00462	0.00233	0.00469
14	0.18020	0.06000	0.05409	0.04048	0.10027	0.03334	0.03263	0.14750	0.05088	0.04626	0.01874	0.03641	0.01928	0.00422	0.00342	0.00109	0.00389	0.00334	0.00272	0.16124

[dist]
# distance from previous block
# <min> <max>
15	104

[block]
# block no. 4 follows, 69 sequences, length 20
# corresponding to MSA columns:
# 1406-1425
name=unknown_E
#
# <colnr> <probs for GDERKNQSTAVLIFYWHMCP>
#	G	D	E	R	K	N	Q	S	T	A	V	L	I	F	Y	W	H	M	C	P
0	0.04853	0.17114	0.08805	0.03803	0.01072	0.02677	0.00702	0.18338	0.03900	0.02747	0.03594	0.06690	0.00895	0.00921	0.14933	0.00205	0.04639	0.00385	0.00264	0.03466
1	0.06263	0.18300	0.28999	0.00974	0.07127	0.04728	0.02136	0.08167	0.06468	0.02491	0.01888	0.05569	0.01756	0.03023	0.00404	0.00124	0.00461	0.00356	0.00233	0.00533
2	0.02141	0.21849	0.19889	0.02720	0.03755	0.01023	0.13832	0.05654	0.06001	0.01232	0.02583	0.06233	0.04831	0.00494	0.00413	0.00122	0.03719	0.02765	0.00233	0.00513
3	0.02218	0.15825	0.18954	0.00789	0.03443	0.00814	0.01894	0.04671	0.00912	0.04921	0.14946	0.11610	0.08671	0.00629	0.00445	0.00124	0.05440	0.01239	0.01985	0.00469
4	0.04030	0.24262	0.07380	0.02578	0.02168	0.04611	0.00618	0.05137	0.06244	0.01814	0.03512	0.11153	0.10340	0.05595	0.05117	0.00160	0.00412	0.02725	0.00265	0.01880
5	0.04353	0.03353	0.10199	0.01988	0.09037	0.09050	0.00684	0.06842	0.08639	0.03591	0.01081	0.13494	0.01014	0.05047	0.05814	0.10488	0.00448	0.00458	0.02035	0.02387
6	0.03634	0.30181	0.07998	0.11553	0.01287	0.19598	0.00779	0.03799	0.02439	0.03617	0.00759	0.05386	0.00667	0.00532	0.03589	0.00129	0.03041	0.00318	0.00212	0.00482
7	0.00851	0.22665	0.04613	0.00612	0.00797	0.02608	0.00516	0.00897	0.00700	0.05307	0.00778	0.01135	0.00721	0.08729	0.08637	0.27407	0.00442	0.00319	0.00205	0.12062
8	0.02066	0.04982	0.27911	0.00822	0.02880	0.00663	0.00822	0.03349	0.00851	0.02442	0.01447	0.20496	0.04531	0.01947	0.02326	0.00152	0.00414	0.16442	0.00275	0.05181
9	0.01135	0.21507	0.12944	0.00997	0.05218	0.26437	0.03770	0.02399	0.09625	0.04286	0.00762	0.00858	0.00612	0.00447	0.01464	0.00118	0.06387	0.00295	0.00220	0.00519
10	0.00681	0.00340	0.00511	0.00511	0.00511	0.00340	0.00340	0.00511	0.00511	0.00681	0.00681	0.01192	0.00681	0.01362	0.01532	0.88594	0.00340	0.00340	0.00170	0.00170
11	0.00756	0.02292	0.02230	0.00916	0.07973	0.06788	0.11520	0.01038	0.09525	0.01302	0.23522	0.10463	0.09251	0.00719	0.00449	0.00134	0.00360	0.09989	0.00330	0.00441
12	0.00813	0.00697	0.00813	0.00581	0.00929	0.00523	0.00465	0.00987	0.00813	0.01277	0.00697	0.00813	0.00581	0.00290	0.00290	0.00058	0.00290	0.00232	0.00232	0.88619
13	0.01032	0.58442	0.19056	0.00785	0.01159	0.03790	0.00832	0.05691	0.00875	0.02577	0.00651	0.02356	0.00560	0.00373	0.00295	0.00097	0.00456	0.00256	0.00190	0.00526
14	0.00809	0.00681	0.00790	0.00580	0.00901	0.00533	0.00462	0.04446	0.00878	0.01333	0.05384	0.01097	0.05340	0.00365	0.00314	0.00068	0.00286	0.00296	0.00257	0.75181
15	0.00727	0.00614	0.00724	0.02410	0.04362	0.03768	0.02076	0.04891	0.10927	0.01416	0.32828	0.03444	0.15081	0.03023	0.00471	0.00128	0.00285	0.03479	0.00358	0.08987
16	0.03390	0.59650	0.09946	0.00720	0.01053	0.04278	0.00717	0.01206	0.05269	0.01040	0.00698	0.04369	0.00632	0.00389	0.00288	0.00094	0.00421	0.00272	0.00195	0.05373
17	0.01456	0.00643	0.00837	0.00674	0.00934	0.00583	0.00553	0.06027	0.04074	0.58999	0.07539	0.01817	0.08048	0.00586	0.00414	0.00126	0.00318	0.05317	0.00456	0.00598
18	0.11103	0.23921	0.02706	0.00661	0.00896	0.04402	0.00565	0.10669	0.03357	0.08718	0.04385	0.09251	0.07136	0.05199	0.00454	0.00128	0.01742	0.01273	0.00290	0.03145
19	0.05656	0.00771	0.05401	0.00624	0.00947	0.00605	0.00530	0.06359	0.02708	0.04345	0.06599	0.01013	0.00832	0.00364	0.00317	0.00078	0.00308	0.00290	0.02874	0.59379

[dist]
# distance from previous block
# <min> <max>
8	22

[block]
# block no. 5 follows, 69 sequences, length 7
# corresponding to MSA columns:
# 1448-1454
name=unknown_F
#
# <colnr> <probs for GDERKNQSTAVLIFYWHMCP>
#	G	D	E	R	K	N	Q	S	T	A	V	L	I	F	Y	W	H	M	C	P
0	0.00533	0.00420	0.00490	0.00489	0.00600	0.00375	0.00357	0.00687	0.04046	0.01201	0.21785	0.25836	0.33765	0.00946	0.00459	0.00132	0.00214	0.00822	0.00372	0.06471
1	0.00545	0.00432	0.00480	0.00478	0.00581	0.00405	0.00345	0.00743	0.08881	0.01170	0.18176	0.14318	0.40030	0.10887	0.00641	0.00163	0.00232	0.00776	0.00365	0.00354
2	0.15919	0.22523	0.06424	0.08983	0.01209	0.04883	0.00717	0.20914	0.06166	0.01510	0.00744	0.00845	0.00584	0.00442	0.00379	0.04161	0.00422	0.00286	0.00253	0.02636
3	0.00740	0.04119	0.00714	0.00638	0.00773	0.00609	0.00509	0.11954	0.09013	0.01362	0.12407	0.12970	0.12785	0.04912	0.06371	0.00187	0.00356	0.18809	0.00355	0.00419
4	0.00499	0.00355	0.00469	0.00541	0.00573	0.00334	0.00369	0.00582	0.00787	0.01058	0.11290	0.67568	0.02629	0.06479	0.00591	0.00170	0.00238	0.04780	0.00364	0.00321
5	0.00560	0.00455	0.00646	0.00589	0.00702	0.00417	0.08330	0.00697	0.00909	0.01205	0.28444	0.14288	0.25756	0.10799	0.00649	0.00164	0.00272	0.04412	0.00355	0.00351
6	0.10567	0.14643	0.04674	0.00897	0.01187	0.15343	0.08653	0.20637	0.09460	0.05400	0.00897	0.01042	0.00708	0.00441	0.00360	0.00116	0.00471	0.03675	0.00284	0.00545

[dist]
# distance from previous block
# <min> <max>
7	11

[block]
# block no. 6 follows, 69 sequences, length 14
# corresponding to MSA columns:
# 1466-1479
name=unknown_G
#
# <colnr> <probs for GDERKNQSTAVLIFYWHMCP>
#	G	D	E	R	K	N	Q	S	T	A	V	L	I	F	Y	W	H	M	C	P
0	0.00640	0.00491	0.00564	0.00528	0.00659	0.00472	0.00404	0.09908	0.04105	0.01435	0.33757	0.09405	0.31713	0.00865	0.00458	0.00131	0.00231	0.03445	0.00394	0.00394
1	0.01150	0.06933	0.02363	0.07509	0.29034	0.18074	0.00878	0.06808	0.03775	0.10555	0.03182	0.01072	0.02529	0.00452	0.00420	0.02607	0.01512	0.00347	0.00254	0.00545
2	0.00779	0.01812	0.70745	0.14749	0.01859	0.00904	0.01390	0.01203	0.00821	0.01203	0.00702	0.00863	0.00501	0.00376	0.00376	0.00125	0.00570	0.00299	0.00167	0.00556
3	0.00547	0.00388	0.00512	0.00536	0.00572	0.00403	0.00371	0.00625	0.00674	0.00925	0.05950	0.21684	0.01712	0.31624	0.28064	0.00387	0.00548	0.03898	0.00274	0.00305
4	0.00869	0.00787	0.01400	0.25220	0.18429	0.00817	0.20839	0.01159	0.04984	0.05984	0.10413	0.05310	0.01082	0.00467	0.00422	0.00128	0.00471	0.00462	0.00252	0.00505
5	0.04811	0.11922	0.10066	0.08514	0.07406	0.16161	0.03073	0.12656	0.09387	0.05666	0.02435	0.03104	0.02241	0.00448	0.00367	0.00116	0.00476	0.00352	0.00265	0.00536
6	0.00539	0.00569	0.09890	0.00592	0.00714	0.00419	0.00493	0.00706	0.03632	0.01113	0.08607	0.46976	0.18880	0.01021	0.00474	0.00147	0.00266	0.04247	0.00348	0.00366
7	0.00523	0.00399	0.00540	0.10058	0.00805	0.00398	0.00441	0.00619	0.00765	0.01003	0.03764	0.52654	0.11824	0.08081	0.03366	0.00186	0.00300	0.03617	0.00329	0.00330
8	0.10895	0.00794	0.01006	0.00985	0.14399	0.00797	0.00682	0.14458	0.08521	0.38599	0.01207	0.01154	0.00828	0.00451	0.00373	0.00120	0.00360	0.00364	0.03390	0.00619
9	0.06226	0.35191	0.13746	0.02892	0.05322	0.01120	0.10020	0.06873	0.00891	0.01250	0.00802	0.00925	0.02563	0.00383	0.00320	0.00105	0.00437	0.00303	0.10123	0.00509
10	0.00840	0.00775	0.01223	0.50484	0.11842	0.03846	0.06298	0.05052	0.00834	0.01085	0.00709	0.01030	0.00563	0.00506	0.00552	0.10080	0.03293	0.00352	0.00189	0.00446
11	0.00494	0.00357	0.00477	0.00551	0.00586	0.00344	0.00380	0.00573	0.00744	0.00993	0.02093	0.67938	0.06107	0.03588	0.10007	0.00217	0.00327	0.03560	0.00343	0.00322
12	0.00525	0.00379	0.00473	0.00531	0.00569	0.00363	0.00357	0.01915	0.02636	0.01006	0.02094	0.59933	0.08120	0.16000	0.00756	0.00195	0.00261	0.03226	0.00343	0.00319
13	0.04806	0.05733	0.10659	0.06274	0.13491	0.00974	0.11599	0.15075	0.06392	0.04769	0.05010	0.02890	0.02338	0.00471	0.00468	0.00126	0.07715	0.00394	0.00266	0.00547

[dist]
# distance from previous block
# <min> <max>
3	17

[block]
# block no. 7 follows, 69 sequences, length 19
# corresponding to MSA columns:
# 1499-1517
name=unknown_H
#
# <colnr> <probs for GDERKNQSTAVLIFYWHMCP>
#	G	D	E	R	K	N	Q	S	T	A	V	L	I	F	Y	W	H	M	C	P
0	0.00981	0.17295	0.05897	0.04496	0.01074	0.17203	0.02096	0.09686	0.02521	0.02531	0.07746	0.19278	0.01253	0.00624	0.00441	0.00122	0.05524	0.00499	0.00272	0.00463
1	0.00785	0.13505	0.12874	0.00677	0.00907	0.00759	0.00617	0.02229	0.13176	0.02662	0.08393	0.01665	0.04143	0.16303	0.09664	0.00215	0.00443	0.02237	0.00269	0.08478
2	0.05242	0.17430	0.42834	0.03632	0.04758	0.00984	0.03330	0.03939	0.00876	0.07387	0.01600	0.02508	0.01859	0.00406	0.00353	0.00116	0.00487	0.00318	0.01390	0.00549
3	0.00872	0.05114	0.09097	0.26617	0.24545	0.00909	0.09615	0.05792	0.02466	0.01224	0.03235	0.02321	0.00749	0.05220	0.00483	0.00137	0.00490	0.00384	0.00212	0.00516
4	0.00719	0.01372	0.51323	0.00866	0.01233	0.00686	0.01008	0.00961	0.00749	0.01067	0.01088	0.01279	0.10490	0.00717	0.00700	0.24278	0.00469	0.00368	0.00191	0.00438
5	0.00791	0.00721	0.04345	0.03703	0.03396	0.00671	0.12687	0.10066	0.10060	0.03811	0.09283	0.06509	0.28858	0.00704	0.00442	0.00131	0.00348	0.02673	0.00336	0.00465
6	0.00875	0.00808	0.01302	0.42165	0.23387	0.00925	0.04567	0.08218	0.02103	0.01220	0.00791	0.04352	0.00655	0.00441	0.00462	0.00130	0.06498	0.00385	0.00210	0.00506
7	0.00883	0.00821	0.00778	0.04070	0.04134	0.20420	0.01966	0.01066	0.03813	0.02367	0.12120	0.04817	0.01271	0.04326	0.11449	0.00191	0.03915	0.00433	0.20751	0.00410
8	0.00534	0.00365	0.00473	0.00532	0.00583	0.00335	0.00366	0.00619	0.00813	0.04328	0.09921	0.66676	0.10720	0.01136	0.00489	0.00152	0.00225	0.01020	0.00375	0.00338
9	0.00914	0.08176	0.47834	0.07567	0.14610	0.04409	0.02463	0.07252	0.00921	0.01285	0.00711	0.00858	0.00533	0.00375	0.00369	0.00119	0.00540	0.00303	0.00190	0.00570
10	0.00483	0.00352	0.00451	0.00528	0.00564	0.00325	0.00357	0.00555	0.00763	0.01001	0.02329	0.71127	0.11888	0.04785	0.00560	0.00166	0.00234	0.02857	0.00359	0.00317
11	0.00484	0.00351	0.00451	0.00527	0.00561	0.00326	0.00355	0.00554	0.00758	0.00996	0.02292	0.71452	0.10788	0.05985	0.00581	0.00169	0.00235	0.02462	0.00357	0.00316
12	0.00949	0.00924	0.01618	0.08679	0.70940	0.00932	0.07788	0.01192	0.00887	0.01257	0.00739	0.00983	0.00611	0.00351	0.00394	0.00119	0.00486	0.00358	0.00193	0.00599
13	0.00736	0.07657	0.07247	0.08393	0.08400	0.00696	0.00665	0.06192	0.08097	0.01246	0.09383	0.29142	0.04953	0.00824	0.02910	0.00149	0.00360	0.02193	0.00307	0.00447
14	0.00797	0.00754	0.01278	0.64910	0.22629	0.00886	0.01117	0.01051	0.00811	0.01070	0.00707	0.01027	0.00547	0.00381	0.00391	0.00127	0.00509	0.00349	0.00179	0.00481
15	0.00557	0.00381	0.00434	0.00436	0.00454	0.00373	0.00258	0.00582	0.00646	0.00859	0.08173	0.06173	0.07940	0.69216	0.01691	0.00331	0.00344	0.00624	0.00268	0.00259
16	0.62783	0.04246	0.00749	0.00603	0.00845	0.00903	0.02793	0.06994	0.07493	0.01738	0.07011	0.00912	0.00763	0.00417	0.00289	0.00121	0.00319	0.00286	0.00276	0.00460
17	0.00921	0.12282	0.45460	0.01137	0.11095	0.04373	0.01136	0.07807	0.00919	0.01288	0.00712	0.00843	0.00546	0.00441	0.02744	0.00126	0.00531	0.00290	0.00195	0.07153
18	0.03686	0.09607	0.03291	0.07591	0.01235	0.13551	0.04608	0.20398	0.05852	0.14924	0.00981	0.01161	0.00766	0.07003	0.00513	0.00137	0.01940	0.01915	0.00304	0.00539

[dist]
# distance from previous block
# <min> <max>
0	29

[block]
# block no. 8 follows, 69 sequences, length 21
# corresponding to MSA columns:
# 1548-1568
name=unknown_I
#
# <colnr> <probs for GDERKNQSTAVLIFYWHMCP>
#	G	D	E	R	K	N	Q	S	T	A	V	L	I	F	Y	W	H	M	C	P
0	0.01107	0.08058	0.10421	0.00957	0.02322	0.15384	0.12879	0.02379	0.04626	0.15387	0.04213	0.03718	0.00870	0.00568	0.04143	0.00139	0.03987	0.01344	0.00272	0.07226
1	0.00516	0.00374	0.00481	0.00552	0.00600	0.00353	0.00398	0.00605	0.00782	0.01020	0.02280	0.51233	0.12465	0.09249	0.00646	0.00181	0.00266	0.17327	0.00351	0.00321
2	0.02415	0.01124	0.01545	0.01212	0.01431	0.17627	0.30157	0.03287	0.04520	0.05291	0.00743	0.00949	0.00597	0.00475	0.00683	0.00137	0.26718	0.00373	0.00219	0.00496
3	0.02498	0.00945	0.02234	0.00881	0.03083	0.13749	0.05674	0.15404	0.12843	0.10298	0.03181	0.02456	0.00986	0.07217	0.09641	0.00199	0.04304	0.03587	0.00310	0.00512
4	0.00647	0.00369	0.00383	0.00394	0.00485	0.00353	0.00290	0.00799	0.00827	0.01325	0.01920	0.12399	0.17507	0.00658	0.00339	0.00108	0.00191	0.00549	0.60104	0.00353
5	0.00940	0.26334	0.43522	0.00941	0.01376	0.04850	0.02918	0.05521	0.00890	0.03225	0.00771	0.05622	0.00641	0.00419	0.00347	0.00113	0.00507	0.00321	0.00200	0.00542
6	0.00543	0.00400	0.00508	0.00481	0.00579	0.00365	0.00361	0.00718	0.01083	0.01508	0.73628	0.03034	0.13681	0.00825	0.00463	0.00124	0.00187	0.00724	0.00423	0.00365
7	0.00632	0.00451	0.00632	0.00722	0.00812	0.00451	0.00632	0.00812	0.00902	0.01173	0.02076	0.04422	0.02256	0.01083	0.00541	0.00180	0.00361	0.81138	0.00361	0.00361
8	0.00484	0.00356	0.00456	0.00529	0.00573	0.00327	0.00365	0.00565	0.00789	0.01034	0.04793	0.67541	0.15002	0.01174	0.00495	0.00155	0.00227	0.04443	0.00366	0.00324
9	0.00888	0.00845	0.01336	0.29025	0.43410	0.04187	0.01066	0.01087	0.00821	0.01114	0.00702	0.00994	0.00583	0.00459	0.00523	0.06610	0.05312	0.00344	0.00185	0.00510
10	0.01086	0.85981	0.02074	0.00697	0.01034	0.01568	0.00687	0.01201	0.00822	0.00961	0.00585	0.00683	0.00540	0.00361	0.00269	0.00091	0.00432	0.00223	0.00181	0.00523
11	0.00548	0.00414	0.00490	0.00496	0.00612	0.00371	0.00391	0.00689	0.00961	0.02853	0.25899	0.03619	0.43124	0.00947	0.00477	0.00139	0.00230	0.17001	0.00385	0.00355
12	0.02178	0.00871	0.05607	0.10797	0.09320	0.05555	0.09163	0.09422	0.04470	0.18180	0.01180	0.06222	0.03524	0.03500	0.08069	0.00179	0.00501	0.00438	0.00298	0.00526
13	0.07565	0.52932	0.10026	0.00774	0.04072	0.04569	0.00729	0.03001	0.00830	0.01091	0.00795	0.00882	0.05238	0.00400	0.00321	0.00099	0.03146	0.00272	0.02762	0.00495
14	0.01490	0.01098	0.01177	0.00902	0.01216	0.01216	0.00745	0.82470	0.01843	0.02471	0.00941	0.00941	0.00667	0.00471	0.00392	0.00118	0.00431	0.00353	0.00392	0.00667
15	0.00874	0.00988	0.12772	0.26978	0.39265	0.00890	0.01132	0.05053	0.00898	0.01248	0.02904	0.03745	0.00719	0.00411	0.00393	0.00123	0.00482	0.00375	0.00205	0.00546
16	0.00751	0.03591	0.10844	0.51055	0.07074	0.00851	0.04007	0.01003	0.00785	0.01040	0.00881	0.01205	0.04334	0.03931	0.04687	0.00164	0.02781	0.00375	0.00188	0.00452
17	0.00556	0.00434	0.00482	0.00482	0.00594	0.00397	0.00355	0.06528	0.00950	0.01211	0.12271	0.24154	0.46778	0.00984	0.00464	0.00136	0.00221	0.00844	0.01802	0.00357
18	0.01239	0.37529	0.01452	0.00794	0.01060	0.29992	0.00676	0.07524	0.04637	0.05402	0.00738	0.00802	0.00601	0.00393	0.00313	0.00097	0.00496	0.00264	0.05486	0.00504
19	0.06101	0.05233	0.04789	0.08227	0.06415	0.08475	0.05328	0.12437	0.14163	0.13853	0.02264	0.04113	0.00857	0.01539	0.00411	0.00124	0.01582	0.00385	0.01572	0.02133
20	0.03506	0.05354	0.05806	0.04210	0.09880	0.12536	0.04348	0.06172	0.02817	0.05187	0.06423	0.12266	0.03987	0.00669	0.03048	0.00145	0.12433	0.00472	0.00265	0.00476

[dist]
# distance from previous block
# <min> <max>
10	75

[block]
# block no. 9 follows, 69 sequences, length 14
# corresponding to MSA columns:
# 1658-1671
name=unknown_J
#
# <colnr> <probs for GDERKNQSTAVLIFYWHMCP>
#	G	D	E	R	K	N	Q	S	T	A	V	L	I	F	Y	W	H	M	C	P
0	0.04445	0.00646	0.00781	0.00625	0.00880	0.00593	0.00502	0.05920	0.06760	0.37221	0.03235	0.04494	0.01008	0.00478	0.00356	0.00107	0.00297	0.00389	0.14123	0.17140
1	0.00991	0.00713	0.01035	0.05996	0.24948	0.00723	0.01805	0.07932	0.07173	0.14267	0.05439	0.07409	0.05094	0.00655	0.02247	0.00142	0.00388	0.10209	0.02303	0.00531
2	0.00545	0.00467	0.00536	0.00507	0.00599	0.00476	0.00383	0.00636	0.00825	0.01044	0.09130	0.03108	0.54649	0.11252	0.00777	0.00168	0.13524	0.00712	0.00324	0.00338
3	0.00479	0.00372	0.00435	0.00473	0.00553	0.00329	0.00334	0.00572	0.00851	0.01083	0.10944	0.40450	0.39567	0.01079	0.00480	0.00143	0.00210	0.00944	0.00371	0.00329
4	0.01330	0.00989	0.01055	0.00823	0.01109	0.01078	0.00675	0.69695	0.01695	0.02251	0.01414	0.01383	0.13604	0.00552	0.00403	0.00120	0.00395	0.00427	0.00388	0.00614
5	0.01114	0.00821	0.01122	0.25422	0.07248	0.02319	0.02367	0.19105	0.01074	0.15725	0.01007	0.04319	0.02520	0.00494	0.00493	0.00127	0.09792	0.00392	0.00292	0.04249
6	0.00828	0.00715	0.08087	0.00845	0.01020	0.00620	0.14369	0.00985	0.00822	0.14004	0.03161	0.34099	0.01540	0.07428	0.00664	0.00163	0.09213	0.00691	0.00310	0.00437
7	0.00555	0.00394	0.00479	0.00479	0.00522	0.00403	0.00320	0.00616	0.00645	0.00869	0.01610	0.02430	0.14106	0.46729	0.25330	0.00405	0.00538	0.00562	0.02721	0.00288
8	0.00649	0.00341	0.00502	0.00516	0.00520	0.00337	0.00344	0.00516	0.00548	0.00731	0.00912	0.14414	0.00979	0.01341	0.01371	0.74801	0.00323	0.00461	0.00200	0.00193
9	0.01047	0.02358	0.01002	0.00822	0.07555	0.04183	0.03705	0.05728	0.00941	0.14233	0.00843	0.00915	0.00645	0.00343	0.00328	0.00081	0.00353	0.00283	0.00274	0.54361
10	0.00959	0.00937	0.07540	0.04498	0.05219	0.04709	0.08238	0.08540	0.25467	0.04134	0.01099	0.02972	0.00882	0.04153	0.06892	0.00168	0.01489	0.00396	0.00291	0.11416
11	0.00666	0.07430	0.00704	0.01992	0.04078	0.05517	0.00444	0.02921	0.00846	0.01092	0.14483	0.28752	0.08773	0.18009	0.00754	0.00183	0.00316	0.02367	0.00314	0.00359
12	0.00918	0.04968	0.08726	0.10039	0.20698	0.07320	0.17940	0.04795	0.00921	0.01236	0.00918	0.07988	0.00818	0.00462	0.00401	0.00122	0.00496	0.03503	0.03574	0.04160
13	0.15575	0.18326	0.17649	0.02714	0.13368	0.03844	0.04210	0.09609	0.02781	0.03060	0.02665	0.00872	0.00630	0.00384	0.00335	0.00112	0.00448	0.00297	0.00229	0.02893

[dist]
# distance from previous block
# <min> <max>
2	23

[block]
# block no. 10 follows, 69 sequences, length 44
# corresponding to MSA columns:
# 1698-1713,1729-1737,1739-1746,1748-1758
name=unknown_K
#
# <colnr> <probs for GDERKNQSTAVLIFYWHMCP>
#	G	D	E	R	K	N	Q	S	T	A	V	L	I	F	Y	W	H	M	C	P
0	0.00615	0.00447	0.00500	0.00521	0.00561	0.03843	0.00347	0.00669	0.00711	0.03145	0.03902	0.24415	0.04928	0.43007	0.03699	0.00278	0.00358	0.07457	0.00295	0.00300
1	0.00862	0.01198	0.28100	0.01272	0.17996	0.01713	0.07803	0.02752	0.08248	0.03420	0.01024	0.10959	0.00910	0.00519	0.00454	0.00129	0.05263	0.02887	0.00240	0.04250
2	0.00524	0.00381	0.00501	0.00554	0.00615	0.00354	0.00404	0.00637	0.00859	0.01156	0.19344	0.49592	0.07364	0.01083	0.00492	0.00151	0.00239	0.13189	0.00375	0.02187
3	0.00848	0.13202	0.01000	0.00601	0.00942	0.00684	0.00501	0.01014	0.00807	0.01220	0.00672	0.00787	0.00568	0.00304	0.00302	0.00064	0.01756	0.00231	0.00222	0.74276
4	0.10311	0.09549	0.16018	0.00953	0.05265	0.01589	0.12099	0.08250	0.04701	0.04524	0.01011	0.06533	0.04259	0.00452	0.00364	0.00113	0.00427	0.00385	0.00254	0.12944
5	0.00910	0.09388	0.23301	0.01095	0.10055	0.00857	0.12907	0.02647	0.04279	0.06921	0.06031	0.02785	0.03291	0.01114	0.00402	0.00116	0.01438	0.00383	0.01540	0.10539
6	0.00515	0.00388	0.00458	0.00477	0.00565	0.00347	0.00346	0.00623	0.00887	0.02169	0.19865	0.25745	0.36272	0.05231	0.00552	0.00152	0.00221	0.04477	0.00373	0.00337
7	0.02041	0.00948	0.13300	0.09204	0.18649	0.00799	0.08715	0.07417	0.05536	0.09613	0.03215	0.03348	0.05425	0.04013	0.00468	0.00136	0.00436	0.02744	0.03461	0.00533
8	0.01059	0.05037	0.20315	0.05586	0.12669	0.16113	0.05514	0.03211	0.05504	0.09134	0.00919	0.04378	0.01886	0.00452	0.00428	0.00121	0.04854	0.00363	0.00240	0.02219
9	0.03488	0.00826	0.09010	0.01007	0.08517	0.00723	0.11536	0.09726	0.00971	0.13730	0.03530	0.22475	0.01324	0.00686	0.00491	0.01141	0.04697	0.05307	0.00315	0.00499
10	0.00621	0.00536	0.00914	0.02128	0.00962	0.00511	0.19103	0.00764	0.00802	0.01062	0.01789	0.37189	0.05955	0.11346	0.00678	0.00182	0.00371	0.14417	0.00307	0.00366
11	0.01049	0.19858	0.30299	0.01139	0.07927	0.04788	0.12219	0.10101	0.00982	0.06956	0.00763	0.00869	0.00573	0.00377	0.00363	0.00114	0.00520	0.00313	0.00221	0.00569
12	0.00992	0.02878	0.07203	0.11826	0.19946	0.07699	0.03541	0.04977	0.07393	0.09208	0.06205	0.07382	0.01040	0.00523	0.00454	0.00127	0.05297	0.02508	0.00273	0.00526
13	0.00595	0.00425	0.00627	0.00621	0.00693	0.00486	0.00478	0.00728	0.00641	0.03296	0.01075	0.01592	0.01005	0.07548	0.77597	0.00601	0.00992	0.00428	0.00219	0.00353
14	0.02369	0.00928	0.10497	0.01784	0.05195	0.04132	0.02905	0.14700	0.16700	0.12149	0.08715	0.06465	0.01250	0.00558	0.00400	0.00125	0.00376	0.03843	0.06362	0.00546
15	0.03415	0.04488	0.08927	0.08988	0.38260	0.00945	0.09435	0.03740	0.07114	0.04794	0.00861	0.01098	0.00692	0.00407	0.00415	0.00124	0.02814	0.02682	0.00228	0.00572
16	0.20548	0.00884	0.08362	0.07311	0.09836	0.03867	0.03186	0.07674	0.03146	0.14963	0.03183	0.04646	0.02797	0.03607	0.00420	0.00131	0.00392	0.00384	0.04152	0.00511
17	0.00573	0.00407	0.00527	0.00520	0.00561	0.00432	0.00354	0.00639	0.00603	0.00840	0.01139	0.02068	0.01207	0.47433	0.37995	0.00480	0.00670	0.00495	0.00225	0.02832
18	0.02097	0.01495	0.43396	0.02790	0.03059	0.00969	0.06218	0.20130	0.03570	0.05301	0.00860	0.03208	0.00644	0.00439	0.00426	0.00126	0.04089	0.00350	0.00249	0.00584
19	0.02892	0.03256	0.06601	0.13241	0.12505	0.02208	0.09287	0.11964	0.17235	0.08417	0.01937	0.02350	0.00794	0.00455	0.00442	0.00127	0.05052	0.00387	0.00285	0.00564
20	0.00591	0.00501	0.03537	0.03490	0.03762	0.00470	0.00483	0.04101	0.00821	0.01112	0.09666	0.47493	0.06412	0.08817	0.03282	0.00184	0.03744	0.00843	0.00328	0.00361
