[name]
unknown

[dist]
# distance from previous block
# <min> <max>
4	263

[block]
# block no. 0 follows, 73 sequences, length 9
# corresponding to MSA columns:
# 317-325
name=unknown_A
#
# <colnr> <probs for GDERKNQSTAVLIFYWHMCP>
#	G	D	E	R	K	N	Q	S	T	A	V	L	I	F	Y	W	H	M	C	P
0	0.00629	0.00416	0.00478	0.00463	0.00522	0.00404	0.00303	0.05429	0.00736	0.05382	0.04940	0.14260	0.14140	0.48834	0.01259	0.00261	0.00310	0.00640	0.00291	0.00302
1	0.04202	0.01152	0.04270	0.12530	0.01286	0.26230	0.00733	0.26111	0.02956	0.07765	0.00823	0.00906	0.00611	0.00419	0.00368	0.00110	0.02164	0.00307	0.06544	0.00510
2	0.03217	0.16966	0.10052	0.05402	0.08028	0.02245	0.04827	0.13844	0.00983	0.12138	0.00967	0.01025	0.05467	0.00399	0.00338	0.00102	0.00401	0.00321	0.00259	0.13020
3	0.15670	0.07523	0.02570	0.02005	0.07704	0.11308	0.03783	0.05513	0.02177	0.12958	0.02511	0.07977	0.03113	0.03252	0.03326	0.00142	0.07348	0.00388	0.00266	0.00466
4	0.00546	0.00426	0.00517	0.00538	0.00605	0.02500	0.00394	0.00644	0.00795	0.02923	0.12950	0.40373	0.19338	0.01136	0.07272	0.00177	0.05288	0.02911	0.00333	0.00334
5	0.00659	0.02967	0.07400	0.03833	0.03795	0.00555	0.03315	0.00861	0.09798	0.01005	0.04344	0.15064	0.01279	0.21165	0.06313	0.09821	0.00391	0.01661	0.00251	0.05523
6	0.02869	0.28387	0.20548	0.00900	0.06381	0.03333	0.02652	0.12246	0.06128	0.05079	0.00853	0.07495	0.00726	0.00434	0.00334	0.00108	0.00426	0.00341	0.00236	0.00525
7	0.02149	0.12078	0.27909	0.03234	0.07725	0.00887	0.05914	0.04433	0.07462	0.09949	0.00891	0.00964	0.02590	0.00386	0.00361	0.00108	0.01989	0.00314	0.00234	0.10425
8	0.05586	0.06717	0.15095	0.01082	0.12803	0.06746	0.07481	0.16274	0.10347	0.06935	0.00899	0.00962	0.01930	0.00396	0.00355	0.00111	0.00440	0.00327	0.00262	0.05251

[dist]
# distance from previous block
# <min> <max>
8	29

[block]
# block no. 1 follows, 73 sequences, length 16
# corresponding to MSA columns:
# 362-377
name=unknown_B
#
# <colnr> <probs for GDERKNQSTAVLIFYWHMCP>
#	G	D	E	R	K	N	Q	S	T	A	V	L	I	F	Y	W	H	M	C	P
0	0.03749	0.00704	0.14101	0.00659	0.00840	0.00548	0.03478	0.00827	0.02537	0.03859	0.10823	0.07420	0.19307	0.02823	0.22558	0.00255	0.04315	0.00534	0.00271	0.00392
1	0.00930	0.05855	0.04165	0.00774	0.05832	0.00615	0.04590	0.01092	0.02211	0.23365	0.11441	0.15755	0.06028	0.04318	0.00531	0.00138	0.06168	0.05399	0.00333	0.00459
2	0.00979	0.20386	0.06348	0.05904	0.04726	0.07411	0.07057	0.09985	0.11755	0.05107	0.01955	0.01207	0.07271	0.03488	0.00422	0.00119	0.02262	0.00363	0.02761	0.00495
3	0.01247	0.02823	0.01025	0.00840	0.03403	0.08785	0.00666	0.46477	0.04901	0.06919	0.02196	0.01161	0.00800	0.00481	0.00400	0.00113	0.03529	0.05037	0.05665	0.03531
4	0.05861	0.07001	0.13002	0.02611	0.22216	0.04050	0.07965	0.07469	0.03457	0.10374	0.02046	0.01154	0.07422	0.00432	0.00394	0.00116	0.03286	0.00364	0.00249	0.00531
5	0.00778	0.00667	0.00778	0.00556	0.00889	0.00500	0.00445	0.00945	0.00778	0.01223	0.00667	0.00778	0.00556	0.00278	0.00278	0.00056	0.00278	0.00222	0.00222	0.89108
6	0.00541	0.00382	0.00502	0.00502	0.00534	0.00414	0.00343	0.00605	0.00573	0.00796	0.01097	0.01986	0.01160	0.46686	0.41760	0.00478	0.00670	0.00477	0.00215	0.00279
7	0.00908	0.00925	0.01160	0.14761	0.29220	0.15057	0.03388	0.01142	0.05782	0.01118	0.00837	0.08426	0.00750	0.00436	0.00392	0.00110	0.03000	0.00377	0.00214	0.11997
8	0.00728	0.00612	0.00842	0.00749	0.00764	0.00793	0.00594	0.00773	0.00609	0.00922	0.06920	0.01224	0.00869	0.07931	0.03551	0.16863	0.47889	0.00376	0.06654	0.00338
9	0.26813	0.00572	0.00593	0.00511	0.00690	0.00599	0.02145	0.07456	0.00866	0.13691	0.04538	0.01200	0.00885	0.03471	0.00349	0.00114	0.00265	0.00333	0.34479	0.00430
10	0.00681	0.00557	0.00735	0.04400	0.05999	0.01911	0.04121	0.04136	0.12041	0.01413	0.42993	0.04249	0.07302	0.00731	0.03407	0.00136	0.00292	0.00571	0.03907	0.00418
11	0.00459	0.00368	0.00402	0.00418	0.00513	0.00320	0.00300	0.00548	0.00824	0.01022	0.09254	0.20842	0.56491	0.05869	0.00534	0.00145	0.00205	0.00827	0.00346	0.00312
12	0.00952	0.09512	0.01173	0.09122	0.10132	0.02843	0.03060	0.15189	0.06400	0.01325	0.00734	0.00879	0.00595	0.00433	0.01588	0.00111	0.12522	0.00300	0.00233	0.22899
13	0.07446	0.13954	0.07081	0.00920	0.05703	0.39311	0.02444	0.01307	0.00911	0.04867	0.00633	0.00732	0.00513	0.00366	0.00339	0.00097	0.02636	0.00251	0.00203	0.10286
14	0.00497	0.00346	0.00421	0.00465	0.00481	0.00332	0.00291	0.00534	0.00646	0.00856	0.01743	0.44733	0.05617	0.40001	0.01126	0.00247	0.00283	0.00818	0.00293	0.00270
15	0.00492	0.00371	0.00435	0.00452	0.00533	0.00335	0.00328	0.00596	0.00841	0.01097	0.20580	0.20327	0.34307	0.09445	0.00596	0.00156	0.00220	0.06200	0.02372	0.00316

[dist]
# distance from previous block
# <min> <max>
0	24

[block]
# block no. 2 follows, 73 sequences, length 12
# corresponding to MSA columns:
# 402-406,411-417
name=unknown_C
#
# <colnr> <probs for GDERKNQSTAVLIFYWHMCP>
#	G	D	E	R	K	N	Q	S	T	A	V	L	I	F	Y	W	H	M	C	P
0	0.04252	0.29888	0.07255	0.00814	0.01113	0.14307	0.03377	0.24497	0.07178	0.01426	0.00742	0.00797	0.00582	0.00387	0.00319	0.00101	0.00450	0.00278	0.01709	0.00528
1	0.00942	0.31066	0.19000	0.01078	0.11400	0.05072	0.12055	0.04840	0.00857	0.01132	0.00641	0.00771	0.00520	0.00334	0.00322	0.00098	0.00472	0.00276	0.00184	0.08939
2	0.02731	0.21861	0.13557	0.02358	0.06662	0.05202	0.08865	0.14738	0.14724	0.04503	0.00849	0.00907	0.00648	0.00389	0.00343	0.00109	0.00444	0.00314	0.00251	0.00547
3	0.00548	0.00418	0.00485	0.00515	0.00544	0.03345	0.00346	0.00603	0.00674	0.00887	0.03924	0.35497	0.03770	0.34283	0.05514	0.00256	0.02665	0.05151	0.00285	0.00288
4	0.02692	0.00363	0.00461	0.00514	0.00571	0.00339	0.00365	0.00608	0.00791	0.02971	0.12288	0.57804	0.11418	0.01055	0.00465	0.00145	0.00222	0.06247	0.00356	0.00325
5	0.00847	0.16447	0.23937	0.25350	0.08539	0.00976	0.06517	0.03771	0.02606	0.02688	0.00719	0.02686	0.00571	0.00384	0.00373	0.00115	0.02470	0.00320	0.00187	0.00499
6	0.15897	0.08537	0.11629	0.04956	0.06096	0.14311	0.04600	0.16328	0.01023	0.10808	0.00766	0.00838	0.00566	0.00385	0.00333	0.00110	0.00453	0.00290	0.01551	0.00520
7	0.00533	0.00377	0.00484	0.00504	0.00573	0.00353	0.00360	0.00682	0.03692	0.03311	0.35628	0.41995	0.08185	0.00954	0.00456	0.00135	0.00205	0.00851	0.00379	0.00344
8	0.00832	0.00850	0.05945	0.29449	0.25522	0.00834	0.18063	0.01085	0.00830	0.03762	0.03167	0.01094	0.02426	0.00382	0.00400	0.00120	0.01766	0.00375	0.02601	0.00495
9	0.01061	0.13719	0.14184	0.05703	0.19899	0.13710	0.03391	0.10998	0.05719	0.05017	0.00755	0.00865	0.00587	0.00382	0.00369	0.00109	0.02467	0.00303	0.00224	0.00539
10	0.00766	0.06542	0.80388	0.01046	0.01588	0.00904	0.01346	0.01185	0.00790	0.01172	0.00665	0.00782	0.00476	0.00355	0.00350	0.00117	0.00546	0.00273	0.00159	0.00551
11	0.00562	0.00383	0.00463	0.00490	0.00570	0.00350	0.00348	0.02963	0.00827	0.05606	0.06779	0.48007	0.25281	0.00998	0.00449	0.00137	0.00217	0.00879	0.04352	0.00340

[dist]
# distance from previous block
# <min> <max>
2	14

[block]
# block no. 3 follows, 73 sequences, length 22
# corresponding to MSA columns:
# 432-453
name=unknown_D
#
# <colnr> <probs for GDERKNQSTAVLIFYWHMCP>
#	G	D	E	R	K	N	Q	S	T	A	V	L	I	F	Y	W	H	M	C	P
0	0.00492	0.00355	0.00450	0.00483	0.00543	0.00331	0.00342	0.00590	0.00812	0.01099	0.21678	0.41361	0.16701	0.01115	0.05609	0.02940	0.00253	0.00837	0.03693	0.00318
1	0.03773	0.16843	0.08120	0.02855	0.10523	0.16268	0.04077	0.04818	0.00866	0.03519	0.02235	0.00819	0.00584	0.00399	0.00448	0.00106	0.12308	0.00283	0.00204	0.10954
2	0.00617	0.00438	0.00531	0.00510	0.00544	0.00476	0.00343	0.04281	0.03069	0.00891	0.01129	0.05209	0.01209	0.52513	0.14985	0.03122	0.05630	0.00502	0.03712	0.00290
3	0.00921	0.03721	0.07545	0.10579	0.11050	0.09622	0.00792	0.05227	0.22189	0.03061	0.04145	0.07243	0.00945	0.00514	0.00479	0.00125	0.10668	0.00405	0.00265	0.00502
4	0.00811	0.04317	0.20157	0.28210	0.09046	0.03415	0.12227	0.02401	0.01698	0.01122	0.00719	0.02740	0.00569	0.00366	0.00365	0.00112	0.00492	0.00332	0.00186	0.10717
5	0.00948	0.00958	0.01426	0.07073	0.61486	0.10373	0.04868	0.01160	0.00874	0.01168	0.00766	0.01099	0.00665	0.00382	0.00380	0.00115	0.00478	0.05041	0.00195	0.00547
6	0.06361	0.01247	0.29212	0.00848	0.01177	0.08544	0.01838	0.22121	0.01064	0.06525	0.02286	0.05886	0.00760	0.00579	0.04906	0.00141	0.00478	0.00356	0.05153	0.00520
7	0.01026	0.01110	0.00851	0.00801	0.00965	0.36263	0.00608	0.01447	0.28620	0.01172	0.03416	0.13777	0.01199	0.00600	0.00389	0.00121	0.00445	0.06432	0.00296	0.00460
8	0.01003	0.87041	0.01966	0.00642	0.00963	0.01485	0.00642	0.01123	0.00762	0.00883	0.00522	0.00602	0.00481	0.00321	0.00241	0.00080	0.00401	0.00201	0.00160	0.00481
9	0.00453	0.00344	0.00417	0.00475	0.00532	0.00309	0.00327	0.00528	0.00764	0.00976	0.02646	0.58873	0.29805	0.01100	0.00467	0.00144	0.00208	0.00975	0.00348	0.00309
10	0.00537	0.00398	0.00583	0.00583	0.00643	0.00458	0.00444	0.00657	0.00597	0.00856	0.01023	0.01576	0.00982	0.11584	0.76619	0.00578	0.00938	0.00417	0.00204	0.00324
11	0.00998	0.00911	0.01605	0.05801	0.47076	0.00907	0.21969	0.08572	0.00952	0.06350	0.00782	0.00972	0.00608	0.00350	0.00390	0.00116	0.00485	0.00365	0.00220	0.00570
12	0.00520	0.00366	0.00425	0.00428	0.00464	0.00350	0.00271	0.00572	0.00701	0.00934	0.17099	0.11225	0.13160	0.50419	0.01292	0.00264	0.00291	0.00657	0.00291	0.00271
13	0.00882	0.03869	0.15807	0.01104	0.05520	0.09419	0.19774	0.05845	0.00822	0.01105	0.00723	0.01016	0.00618	0.06007	0.08625	0.01668	0.16185	0.00354	0.00193	0.00462
14	0.00880	0.00989	0.02122	0.05538	0.06971	0.00940	0.74356	0.01187	0.00877	0.01192	0.00752	0.01006	0.00568	0.00320	0.00435	0.00126	0.00615	0.00431	0.00188	0.00507
15	0.01276	0.00976	0.01041	0.00833	0.01106	0.01093	0.00677	0.58481	0.26751	0.02122	0.01092	0.01053	0.00793	0.00468	0.00377	0.00117	0.00378	0.00364	0.00377	0.00625
16	0.27734	0.20802	0.07069	0.00730	0.07005	0.03122	0.01531	0.04321	0.00809	0.04512	0.03460	0.00928	0.02651	0.00387	0.00286	0.00102	0.00346	0.00280	0.10699	0.03225
17	0.00982	0.76818	0.04986	0.00649	0.00965	0.01374	0.00651	0.01118	0.00788	0.02877	0.05385	0.00752	0.00668	0.00351	0.00260	0.00085	0.00392	0.00235	0.00182	0.00481
18	0.00475	0.00337	0.00444	0.00516	0.00543	0.00317	0.00348	0.00545	0.00730	0.00978	0.06953	0.71384	0.02440	0.08278	0.00597	0.00169	0.00232	0.04069	0.00342	0.00303
19	0.03281	0.05685	0.01035	0.04905	0.13456	0.00734	0.03842	0.12679	0.01027	0.30273	0.04533	0.04603	0.05988	0.05703	0.00470	0.00131	0.00361	0.00425	0.00335	0.00534
20	0.03302	0.07873	0.02449	0.00985	0.08553	0.46931	0.01989	0.08621	0.03210	0.01139	0.05511	0.00968	0.00753	0.05623	0.00439	0.00118	0.00542	0.00307	0.00226	0.00460
21	0.05794	0.00482	0.00605	0.10813	0.00866	0.00500	0.00466	0.04942	0.04679	0.06211	0.08696	0.33642	0.08123	0.06916	0.00525	0.00150	0.00281	0.02247	0.03687	0.00376

[dist]
# distance from previous block
# <min> <max>
0	11

[block]
# block no. 4 follows, 73 sequences, length 13
# corresponding to MSA columns:
# 466-478
name=unknown_E
#
# <colnr> <probs for GDERKNQSTAVLIFYWHMCP>
#	G	D	E	R	K	N	Q	S	T	A	V	L	I	F	Y	W	H	M	C	P
0	0.00922	0.15020	0.01267	0.22408	0.18862	0.06812	0.02120	0.04608	0.10860	0.02791	0.00855	0.04110	0.00719	0.00417	0.00353	0.00111	0.00430	0.02097	0.00226	0.05011
1	0.00729	0.05211	0.12460	0.00738	0.04173	0.00654	0.00605	0.11192	0.10603	0.01226	0.01460	0.39379	0.01547	0.07602	0.00534	0.00151	0.00328	0.00675	0.00303	0.00430
2	0.00863	0.00837	0.05150	0.00896	0.11845	0.06358	0.03992	0.01044	0.00811	0.04268	0.00745	0.03436	0.00631	0.00402	0.02286	0.00093	0.03085	0.00289	0.00222	0.52747
3	0.01068	0.00949	0.00949	0.00821	0.00963	0.18325	0.00654	0.17290	0.03535	0.07592	0.00885	0.05629	0.00760	0.00825	0.11114	0.00185	0.22776	0.00369	0.04848	0.00465
4	0.00476	0.00361	0.00440	0.00470	0.00543	0.00325	0.00338	0.00582	0.00853	0.01119	0.23585	0.37099	0.28104	0.00997	0.00460	0.00136	0.00202	0.03223	0.00365	0.00322
5	0.00798	0.00731	0.08109	0.07246	0.10911	0.00679	0.02992	0.07866	0.08446	0.05281	0.10248	0.14237	0.01317	0.03239	0.07109	0.01510	0.03967	0.00503	0.04357	0.00455
6	0.06785	0.00793	0.03732	0.07349	0.18541	0.00785	0.06187	0.10212	0.11933	0.17221	0.01140	0.11701	0.00946	0.00503	0.00383	0.00122	0.00380	0.00443	0.00306	0.00539
7	0.00469	0.00341	0.00430	0.00490	0.00527	0.00315	0.00329	0.00539	0.00740	0.00977	0.07449	0.62331	0.12768	0.09690	0.00615	0.00168	0.00226	0.00955	0.00340	0.00302
8	0.00747	0.00714	0.01074	0.54701	0.06890	0.05159	0.03353	0.00991	0.03717	0.01006	0.04215	0.01158	0.00724	0.04031	0.07090	0.00171	0.03285	0.00363	0.00193	0.00420
9	0.01043	0.17890	0.06327	0.06607	0.18890	0.13862	0.14035	0.04621	0.06744	0.05364	0.00760	0.00886	0.00596	0.00364	0.00353	0.00108	0.00494	0.00317	0.00215	0.00524
10	0.02877	0.00580	0.00683	0.00591	0.00766	0.00574	0.00454	0.09559	0.12134	0.25927	0.06152	0.11165	0.11217	0.11842	0.00592	0.00154	0.00292	0.00538	0.03428	0.00474
11	0.00488	0.00352	0.00426	0.00471	0.00508	0.00331	0.00313	0.00544	0.00699	0.00907	0.02118	0.42373	0.17127	0.26645	0.00901	0.00212	0.00262	0.04726	0.00312	0.00286
12	0.00662	0.00634	0.05566	0.08283	0.07064	0.00629	0.08191	0.02393	0.03556	0.00989	0.00974	0.04374	0.00915	0.13513	0.37410	0.00366	0.03454	0.00428	0.00211	0.00390

[dist]
# distance from previous block
# <min> <max>
0	1

[block]
# block no. 5 follows, 73 sequences, length 13
# corresponding to MSA columns:
# 480-492
name=unknown_F
#
# <colnr> <probs for GDERKNQSTAVLIFYWHMCP>
#	G	D	E	R	K	N	Q	S	T	A	V	L	I	F	Y	W	H	M	C	P
0	0.08083	0.06406	0.30333	0.02306	0.05896	0.02997	0.08733	0.05945	0.14458	0.07287	0.00866	0.00935	0.00639	0.00392	0.00369	0.00117	0.01935	0.00320	0.00241	0.01741
1	0.00890	0.27517	0.17951	0.05509	0.08309	0.00957	0.03254	0.02880	0.03470	0.05543	0.05244	0.02709	0.02804	0.00411	0.00338	0.00103	0.01418	0.00328	0.04659	0.05706
2	0.00527	0.00366	0.00448	0.00463	0.00487	0.00367	0.00298	0.00573	0.00630	0.00849	0.06116	0.16580	0.04531	0.51488	0.12198	0.00332	0.00404	0.02815	0.00262	0.00268
3	0.00724	0.00620	0.00992	0.60907	0.04492	0.00733	0.00879	0.00973	0.04006	0.04708	0.04763	0.10625	0.03034	0.00504	0.00392	0.00127	0.00429	0.00447	0.00225	0.00421
4	0.03249	0.18043	0.06083	0.03818	0.16330	0.07697	0.04985	0.11677	0.04237	0.03183	0.02048	0.04555	0.00706	0.00418	0.00382	0.00107	0.04463	0.00334	0.01560	0.06124
5	0.00601	0.00357	0.00499	0.00497	0.00513	0.00370	0.00337	0.00546	0.00555	0.00754	0.04246	0.03900	0.02363	0.19123	0.14404	0.48196	0.01892	0.00425	0.00200	0.00221
6	0.00513	0.00367	0.00461	0.00502	0.00568	0.00337	0.00364	0.00611	0.00812	0.02828	0.14336	0.41426	0.19506	0.05418	0.00542	0.00154	0.00231	0.10348	0.00354	0.00322
7	0.08959	0.00998	0.09885	0.09514	0.07315	0.00948	0.11567	0.31294	0.01165	0.08155	0.00871	0.00966	0.01812	0.00412	0.00391	0.00118	0.02708	0.00342	0.02031	0.00550
8	0.05490	0.15934	0.12516	0.06479	0.12132	0.05317	0.06829	0.05015	0.01913	0.06772	0.00762	0.00951	0.00618	0.02091	0.11106	0.00178	0.04881	0.00316	0.00211	0.00491
9	0.00625	0.00522	0.00527	0.00496	0.00615	0.07290	0.00372	0.00796	0.04473	0.03909	0.39652	0.02798	0.31914	0.03778	0.00481	0.00128	0.00238	0.00658	0.00366	0.00362
10	0.00960	0.00769	0.00825	0.00732	0.00937	0.00871	0.00571	0.10321	0.62371	0.04049	0.04140	0.05738	0.01223	0.00541	0.00383	0.00125	0.00297	0.00452	0.04130	0.00567
11	0.53154	0.10270	0.00987	0.00836	0.10348	0.04969	0.07252	0.03290	0.00749	0.01463	0.00625	0.03457	0.00526	0.00372	0.00283	0.00113	0.00367	0.00270	0.00221	0.00448
12	0.00803	0.00504	0.00578	0.03019	0.00714	0.00491	0.00415	0.09901	0.03693	0.11829	0.12083	0.02322	0.28250	0.00674	0.00387	0.00116	0.00245	0.03991	0.19568	0.00417

[dist]
# distance from previous block
# <min> <max>
2	4

[block]
# block no. 6 follows, 73 sequences, length 36
# corresponding to MSA columns:
# 497-532
name=unknown_G
#
# <colnr> <probs for GDERKNQSTAVLIFYWHMCP>
#	G	D	E	R	K	N	Q	S	T	A	V	L	I	F	Y	W	H	M	C	P
0	0.35817	0.02747	0.18149	0.00757	0.01055	0.19132	0.00713	0.07147	0.02490	0.06237	0.00727	0.00791	0.02020	0.00386	0.00306	0.00112	0.00439	0.00261	0.00236	0.00476
1	0.07064	0.06054	0.02411	0.09621	0.11811	0.04474	0.03927	0.18307	0.08294	0.06042	0.05263	0.01149	0.04747	0.00441	0.00375	0.00111	0.02127	0.00358	0.00279	0.07143
2	0.00931	0.00982	0.07254	0.01789	0.53087	0.03791	0.04813	0.01359	0.19625	0.01289	0.00887	0.01021	0.00706	0.00376	0.00375	0.00116	0.00436	0.00352	0.00229	0.00582
3	0.00690	0.00581	0.00717	0.00705	0.04929	0.00603	0.03613	0.01159	0.29742	0.01338	0.20619	0.03982	0.19752	0.02268	0.00452	0.00133	0.00271	0.07644	0.00358	0.00443
4	0.01081	0.65998	0.01728	0.00680	0.00988	0.01361	0.00643	0.11386	0.07134	0.04924	0.00688	0.00729	0.00571	0.00358	0.00274	0.00089	0.00391	0.00242	0.00217	0.00516
5	0.00550	0.00402	0.00535	0.00603	0.00683	0.00387	0.00497	0.00691	0.00846	0.01098	0.06980	0.19950	0.13554	0.01036	0.00496	0.00159	0.00290	0.50559	0.00350	0.00334
6	0.01380	0.00933	0.01030	0.00810	0.01092	0.01013	0.00663	0.53842	0.16825	0.16737	0.01119	0.01059	0.00783	0.00464	0.00377	0.00116	0.00375	0.00361	0.00392	0.00630
7	0.00835	0.00534	0.00590	0.00514	0.00675	0.00529	0.00404	0.17750	0.01064	0.08860	0.12762	0.02115	0.25506	0.00694	0.02499	0.00123	0.00262	0.00523	0.23336	0.00425
8	0.01460	0.01233	0.01023	0.00853	0.01095	0.36471	0.00673	0.21666	0.02865	0.24967	0.00929	0.00920	0.00661	0.00435	0.00386	0.00109	0.03082	0.00310	0.00317	0.00545
9	0.00800	0.02853	0.00997	0.08368	0.17471	0.05513	0.06919	0.03294	0.13044	0.01288	0.15300	0.07015	0.06557	0.00543	0.00387	0.00117	0.00354	0.00482	0.08236	0.00463
10	0.00536	0.00402	0.00603	0.00603	0.00670	0.00469	0.00469	0.00670	0.00603	0.00871	0.01005	0.01474	0.00938	0.02814	0.85328	0.00603	0.01005	0.00402	0.00201	0.00335
11	0.02427	0.05399	0.14101	0.08077	0.08203	0.09508	0.02589	0.07103	0.25163	0.02786	0.01882	0.03994	0.00834	0.00592	0.05572	0.00147	0.00466	0.00369	0.00265	0.00522
12	0.02918	0.05566	0.07233	0.01086	0.20907	0.02897	0.03708	0.00972	0.01893	0.02333	0.00817	0.01165	0.00735	0.10001	0.19005	0.00241	0.05924	0.00347	0.01827	0.10423
13	0.42049	0.00769	0.00725	0.00647	0.00862	0.00894	0.00519	0.04812	0.37219	0.01623	0.01016	0.01068	0.00788	0.00450	0.00341	0.00124	0.02890	0.02404	0.00305	0.00497
14	0.00890	0.45357	0.01224	0.00525	0.00743	0.00976	0.00480	0.04765	0.00819	0.01175	0.00845	0.00963	0.00698	0.00377	0.00256	0.00085	0.00303	0.00272	0.38817	0.00431
15	0.00780	0.00617	0.00867	0.04236	0.00891	0.00767	0.00630	0.00901	0.00734	0.09422	0.15833	0.05271	0.02345	0.01046	0.15455	0.00224	0.38872	0.00449	0.00256	0.00404
16	0.00457	0.00326	0.00435	0.00522	0.00544	0.00305	0.00348	0.00522	0.00718	0.00958	0.02068	0.86570	0.02481	0.01175	0.00479	0.00152	0.00218	0.01067	0.00348	0.00305
17	0.00463	0.00331	0.00441	0.00525	0.00550	0.00309	0.00355	0.00534	0.00732	0.00977	0.04412	0.82128	0.02504	0.01160	0.00479	0.00152	0.00220	0.03071	0.00350	0.00307
18	0.00840	0.00632	0.00547	0.00507	0.00642	0.12693	0.00384	0.01090	0.09350	0.02685	0.01150	0.03743	0.00925	0.00447	0.00295	0.00093	0.00271	0.00354	0.56401	0.06953
19	0.00821	0.00821	0.01149	0.00985	0.00985	0.01149	0.00821	0.00903	0.00575	0.00903	0.00492	0.00821	0.00492	0.00657	0.01231	0.00164	0.86128	0.00328	0.00164	0.00410
20	0.01003	0.87041	0.01966	0.00642	0.00963	0.01485	0.00642	0.01123	0.00762	0.00883	0.00522	0.00602	0.00481	0.00321	0.00241	0.00080	0.00401	0.00201	0.00160	0.00481
21	0.01003	0.87041	0.01966	0.00642	0.00963	0.01485	0.00642	0.01123	0.00762	0.00883	0.00522	0.00602	0.00481	0.00321	0.00241	0.00080	0.00401	0.00201	0.00160	0.00481
22	0.00787	0.01100	0.23738	0.00841	0.03103	0.13840	0.06157	0.03424	0.00993	0.01325	0.38452	0.01703	0.01875	0.00546	0.00399	0.00115	0.00401	0.00467	0.00288	0.00445
23	0.00483	0.00364	0.00423	0.00461	0.00543	0.00327	0.00339	0.00583	0.00809	0.01044	0.05267	0.33171	0.39295	0.01000	0.00451	0.00137	0.00213	0.08608	0.06164	0.00318
24	0.40746	0.01195	0.31210	0.00760	0.01104	0.00883	0.00809	0.10325	0.00825	0.01525	0.00731	0.00820	0.03333	0.00396	0.00341	0.00119	0.03903	0.00270	0.00223	0.00483
25	0.33210	0.14327	0.01007	0.00680	0.00945	0.01062	0.00573	0.28423	0.13520	0.01767	0.00798	0.00823	0.00606	0.00402	0.00303	0.00111	0.00349	0.00281	0.00291	0.00523
26	0.00709	0.00667	0.01125	0.85913	0.02584	0.00834	0.01042	0.00959	0.00750	0.00959	0.00667	0.01000	0.00500	0.00375	0.00375	0.00125	0.00500	0.00333	0.00167	0.00417
27	0.00744	0.00677	0.01105	0.69538	0.08843	0.00815	0.00984	0.04315	0.00806	0.01059	0.02360	0.03543	0.00642	0.00408	0.00376	0.00123	0.00470	0.00362	0.02398	0.00434
28	0.00493	0.00379	0.00442	0.00430	0.00528	0.00338	0.00316	0.00621	0.00933	0.01233	0.42764	0.05066	0.37952	0.06207	0.00535	0.00138	0.00195	0.00728	0.00372	0.00329
29	0.01560	0.00837	0.00994	0.00762	0.01057	0.00846	0.00629	0.40996	0.01406	0.45098	0.01201	0.01096	0.00789	0.00458	0.00376	0.00114	0.00364	0.00358	0.00422	0.00638
30	0.00545	0.00376	0.00478	0.00478	0.00501	0.00399	0.00313	0.00587	0.00564	0.00775	0.01110	0.02089	0.01202	0.56071	0.30630	0.02328	0.00584	0.00491	0.00217	0.00263
31	0.00470	0.00400	0.00408	0.00402	0.00531	0.00347	0.00303	0.00614	0.04631	0.01065	0.08044	0.03467	0.76184	0.00920	0.00441	0.00126	0.00194	0.00769	0.00353	0.00331
32	0.00470	0.00331	0.00439	0.00516	0.00537	0.00313	0.00343	0.00527	0.00698	0.00933	0.01948	0.76764	0.02324	0.06912	0.02720	0.02350	0.00250	0.00997	0.00332	0.00297
33	0.00536	0.00402	0.00603	0.00603	0.00670	0.00469	0.00469	0.00670	0.00603	0.00871	0.01005	0.01474	0.00938	0.02814	0.85328	0.00603	0.01005	0.00402	0.00201	0.00335
34	0.00468	0.00334	0.00445	0.00530	0.00556	0.00314	0.00362	0.00538	0.00724	0.00963	0.02045	0.79809	0.02439	0.02914	0.00510	0.00158	0.00228	0.06011	0.00346	0.00306
35	0.00793	0.00647	0.00712	0.00604	0.00801	0.03154	0.00469	0.08483	0.19524	0.01493	0.30099	0.03476	0.01791	0.00544	0.00373	0.00103	0.00266	0.00461	0.03962	0.22244

[dist]
# distance from previous block
# <min> <max>
5	28

[block]
# block no. 7 follows, 73 sequences, length 12
# corresponding to MSA columns:
# 562-573
name=unknown_H
#
# <colnr> <probs for GDERKNQSTAVLIFYWHMCP>
#	G	D	E	R	K	N	Q	S	T	A	V	L	I	F	Y	W	H	M	C	P
0	0.01015	0.02596	0.23719	0.03057	0.07647	0.03423	0.02315	0.19961	0.04875	0.07700	0.00978	0.01062	0.05168	0.00468	0.00494	0.00122	0.12803	0.00348	0.01709	0.00539
1	0.00740	0.33278	0.01084	0.00588	0.00729	0.00815	0.00494	0.00790	0.00652	0.00836	0.00859	0.09315	0.00878	0.03432	0.19462	0.20975	0.02199	0.02334	0.00194	0.00347
2	0.89465	0.00726	0.00551	0.00493	0.00726	0.00842	0.00406	0.01103	0.00638	0.01683	0.00522	0.00609	0.00406	0.00348	0.00232	0.00116	0.00290	0.00203	0.00232	0.00406
3	0.89465	0.00726	0.00551	0.00493	0.00726	0.00842	0.00406	0.01103	0.00638	0.01683	0.00522	0.00609	0.00406	0.00348	0.00232	0.00116	0.00290	0.00203	0.00232	0.00406
4	0.10156	0.00865	0.05503	0.00771	0.01046	0.03921	0.04449	0.12549	0.20557	0.32207	0.01222	0.03255	0.00869	0.00463	0.00367	0.00119	0.00362	0.00375	0.00367	0.00578
5	0.00457	0.00326	0.00435	0.00522	0.00544	0.00305	0.00348	0.00522	0.00718	0.00958	0.02068	0.86570	0.02481	0.01175	0.00479	0.00152	0.00218	0.01067	0.00348	0.00305
6	0.00832	0.36427	0.09465	0.34101	0.01695	0.01087	0.05349	0.01041	0.00765	0.00962	0.00678	0.04791	0.00586	0.00385	0.00326	0.00107	0.00459	0.00313	0.00173	0.00456
7	0.00457	0.00326	0.00435	0.00522	0.00544	0.00305	0.00348	0.00522	0.00718	0.00958	0.02068	0.86570	0.02481	0.01175	0.00479	0.00152	0.00218	0.01067	0.00348	0.00305
8	0.00541	0.00383	0.00504	0.00504	0.00537	0.00415	0.00346	0.00607	0.00574	0.00798	0.01095	0.01973	0.01155	0.45562	0.42877	0.00481	0.00679	0.00475	0.00214	0.00280
9	0.03164	0.26524	0.05770	0.00670	0.00998	0.02642	0.00606	0.13593	0.02515	0.03671	0.00694	0.00765	0.00558	0.00335	0.00291	0.00080	0.00360	0.00245	0.00233	0.36286
10	0.00898	0.00676	0.00776	0.00675	0.00861	0.00727	0.02327	0.15344	0.31321	0.05129	0.20321	0.01873	0.05882	0.00595	0.00397	0.00122	0.00286	0.04517	0.06770	0.00503
11	0.00844	0.39220	0.06175	0.03053	0.05473	0.02772	0.06915	0.01087	0.08427	0.01048	0.03123	0.02770	0.16700	0.00487	0.00335	0.00104	0.00380	0.00393	0.00230	0.00464

[dist]
# distance from previous block
# <min> <max>
8	18

[block]
# block no. 8 follows, 73 sequences, length 18
# corresponding to MSA columns:
# 592-609
name=unknown_I
#
# <colnr> <probs for GDERKNQSTAVLIFYWHMCP>
#	G	D	E	R	K	N	Q	S	T	A	V	L	I	F	Y	W	H	M	C	P
0	0.00918	0.02414	0.04829	0.00623	0.00812	0.01720	0.00514	0.17775	0.10006	0.10011	0.27235	0.01816	0.04561	0.06342	0.00488	0.00131	0.00294	0.00481	0.08559	0.00470
1	0.01005	0.00717	0.01107	0.05155	0.38684	0.00723	0.00816	0.01234	0.05045	0.19323	0.09702	0.05183	0.01095	0.00476	0.00419	0.00118	0.04174	0.00418	0.04069	0.00539
2	0.01136	0.00897	0.01131	0.01215	0.25431	0.00952	0.00779	0.43851	0.04145	0.03093	0.04748	0.01270	0.08689	0.00480	0.00384	0.00114	0.00386	0.00398	0.00321	0.00581
3	0.00487	0.00376	0.00443	0.00476	0.00551	0.00347	0.00336	0.00622	0.04899	0.01062	0.11853	0.41822	0.30939	0.03372	0.00497	0.00144	0.00211	0.00881	0.00354	0.00327
4	0.00716	0.00603	0.00651	0.00551	0.00740	0.04665	0.00421	0.06356	0.04524	0.01300	0.22885	0.08121	0.12314	0.05014	0.00454	0.00113	0.00270	0.00510	0.00313	0.29477
5	0.00839	0.00665	0.00784	0.00563	0.00894	0.00504	0.00452	0.01004	0.00798	0.06809	0.00721	0.00811	0.00581	0.00290	0.00284	0.00060	0.00281	0.00233	0.00238	0.83190
6	0.01099	0.00971	0.10827	0.03031	0.11119	0.02091	0.18047	0.15163	0.06600	0.17396	0.02386	0.02085	0.00831	0.00443	0.00394	0.00121	0.00445	0.04404	0.01990	0.00557
7	0.00617	0.00441	0.04670	0.04973	0.00649	0.00403	0.00401	0.00588	0.00553	0.00755	0.00869	0.03136	0.00898	0.24836	0.09076	0.44196	0.00414	0.00406	0.01884	0.00235
8	0.10308	0.01681	0.01011	0.00919	0.01116	0.76765	0.00693	0.01458	0.01020	0.00996	0.00574	0.00670	0.00475	0.00383	0.00328	0.00099	0.00637	0.00238	0.00197	0.00432
9	0.00997	0.00999	0.03930	0.02841	0.04566	0.03830	0.42595	0.19354	0.07015	0.01465	0.00935	0.01262	0.00752	0.00425	0.00420	0.00126	0.00526	0.07178	0.00256	0.00529
10	0.00482	0.00354	0.00433	0.00482	0.00528	0.00330	0.00330	0.00550	0.00722	0.00934	0.02246	0.45361	0.19940	0.17677	0.02384	0.00198	0.00263	0.06167	0.00322	0.00296
11	0.01058	0.00586	0.00727	0.00608	0.00799	0.00568	0.00487	0.14991	0.03128	0.27684	0.35805	0.01988	0.03241	0.00614	0.00406	0.00118	0.00270	0.03260	0.03164	0.00496
12	0.00543	0.00366	0.00427	0.00442	0.00450	0.00364	0.00268	0.00562	0.00586	0.00779	0.01323	0.09817	0.01524	0.72571	0.01675	0.00330	0.00350	0.07132	0.00247	0.00243
13	0.00546	0.00364	0.00409	0.00409	0.00409	0.00364	0.00227	0.00546	0.00546	0.00727	0.01182	0.02455	0.01364	0.86815	0.01910	0.00364	0.00364	0.00546	0.00227	0.00227
14	0.00900	0.01392	0.45057	0.03017	0.12882	0.00852	0.02124	0.02430	0.13920	0.09199	0.02505	0.01001	0.00704	0.00402	0.00383	0.00120	0.01981	0.00331	0.00235	0.00565
15	0.00527	0.00383	0.00496	0.00468	0.00558	0.00352	0.00351	0.00700	0.01053	0.01482	0.80641	0.02839	0.07190	0.00775	0.00443	0.00118	0.00178	0.00684	0.00410	0.00352
16	0.01047	0.00942	0.01517	0.01165	0.03272	0.02796	0.37170	0.25553	0.08258	0.04150	0.03645	0.06863	0.00873	0.00452	0.00414	0.00123	0.00483	0.00451	0.00288	0.00539
17	0.00818	0.03294	0.00877	0.00621	0.00933	0.04563	0.02334	0.00980	0.00784	0.01182	0.00652	0.00775	0.00547	0.00303	0.00329	0.00065	0.04423	0.00233	0.00216	0.76071

[dist]
# distance from previous block
# <min> <max>
0	1

[block]
# block no. 9 follows, 73 sequences, length 9
# corresponding to MSA columns:
# 611-619
name=unknown_J
#
# <colnr> <probs for GDERKNQSTAVLIFYWHMCP>
#	G	D	E	R	K	N	Q	S	T	A	V	L	I	F	Y	W	H	M	C	P
0	0.00752	0.00923	0.14162	0.10776	0.07182	0.11598	0.03637	0.00960	0.02395	0.01107	0.16401	0.10526	0.03009	0.07436	0.03816	0.00160	0.04007	0.00488	0.00249	0.00416
1	0.01426	0.01051	0.01126	0.00863	0.01163	0.01163	0.00713	0.83224	0.01764	0.02364	0.00901	0.00901	0.00638	0.00450	0.00375	0.00113	0.00413	0.00338	0.00375	0.00638
2	0.00553	0.00367	0.00447	0.00447	0.00458	0.00378	0.00275	0.00561	0.00550	0.00744	0.01109	0.02185	0.01235	0.65967	0.15440	0.07858	0.00465	0.00504	0.00218	0.00239
3	0.00821	0.00821	0.01149	0.00985	0.00985	0.01149	0.00821	0.00903	0.00575	0.00903	0.00492	0.00821	0.00492	0.00657	0.01231	0.00164	0.86128	0.00328	0.00164	0.00410
4	0.00971	0.31576	0.01855	0.01083	0.01407	0.01123	0.36585	0.11344	0.00949	0.01226	0.00795	0.01123	0.00680	0.00395	0.00369	0.00112	0.00499	0.07193	0.00216	0.00500
5	0.00531	0.00383	0.00501	0.00472	0.00560	0.00354	0.00354	0.00708	0.01062	0.01504	0.84277	0.02802	0.03540	0.00767	0.00442	0.00118	0.00177	0.00678	0.00413	0.00354
6	0.01078	0.01341	0.38602	0.03274	0.01379	0.00887	0.03641	0.18881	0.09955	0.15814	0.00954	0.00977	0.00663	0.00411	0.00370	0.00118	0.00457	0.00330	0.00282	0.00586
7	0.00752	0.01941	0.84871	0.01069	0.01624	0.00871	0.01386	0.01188	0.00792	0.01188	0.00673	0.00792	0.00475	0.00356	0.00356	0.00119	0.00554	0.00277	0.00158	0.00554
8	0.00524	0.00383	0.00492	0.00465	0.00556	0.00351	0.00348	0.00694	0.01045	0.01465	0.77838	0.02867	0.10003	0.00782	0.00443	0.00119	0.00178	0.00688	0.00408	0.00351

[dist]
# distance from previous block
# <min> <max>
3	14

[block]
# block no. 10 follows, 73 sequences, length 17
# corresponding to MSA columns:
# 634-650
name=unknown_K
#
# <colnr> <probs for GDERKNQSTAVLIFYWHMCP>
#	G	D	E	R	K	N	Q	S	T	A	V	L	I	F	Y	W	H	M	C	P
0	0.00889	0.00852	0.03110	0.24291	0.48596	0.00884	0.03088	0.06517	0.03763	0.01247	0.02693	0.01005	0.00657	0.00369	0.00376	0.00116	0.00453	0.00347	0.00205	0.00541
1	0.06884	0.00649	0.00763	0.04172	0.04434	0.01990	0.01387	0.14369	0.04072	0.03384	0.11791	0.04542	0.10171	0.01543	0.00478	0.00120	0.10132	0.00450	0.15750	0.02917
2	0.00709	0.00667	0.01125	0.85913	0.02584	0.00834	0.01042	0.00959	0.00750	0.00959	0.00667	0.01000	0.00500	0.00375	0.00375	0.00125	0.00500	0.00333	0.00167	0.00417
3	0.00520	0.00374	0.00508	0.00573	0.00604	0.00377	0.00416	0.00589	0.00718	0.00959	0.01849	0.58468	0.02162	0.03637	0.00633	0.06026	0.04822	0.16137	0.00322	0.00306
4	0.01471	0.00978	0.01081	0.00829	0.01127	0.01056	0.00685	0.68886	0.01642	0.16874	0.01003	0.00967	0.00689	0.00453	0.00376	0.00113	0.00396	0.00345	0.00391	0.00638
5	0.00460	0.00371	0.00409	0.00421	0.00522	0.00320	0.00307	0.00562	0.00863	0.01081	0.16161	0.18646	0.56639	0.00962	0.00450	0.00130	0.00193	0.00824	0.00359	0.00320
6	0.03147	0.01071	0.01235	0.00963	0.01223	0.11181	0.12806	0.48126	0.01387	0.01834	0.05232	0.00978	0.00746	0.00455	0.00455	0.00118	0.07825	0.00356	0.00307	0.00555
7	0.89465	0.00726	0.00551	0.00493	0.00726	0.00842	0.00406	0.01103	0.00638	0.01683	0.00522	0.00609	0.00406	0.00348	0.00232	0.00116	0.00290	0.00203	0.00232	0.00406
8	0.00652	0.00326	0.00489	0.00489	0.00489	0.00326	0.00326	0.00489	0.00489	0.00652	0.00652	0.01140	0.00652	0.01303	0.01466	0.89084	0.00326	0.00326	0.00163	0.00163
9	0.00544	0.00370	0.00439	0.00439	0.00449	0.00380	0.00264	0.00565	0.00554	0.00749	0.01155	0.02305	0.01299	0.73944	0.14691	0.00400	0.00462	0.00524	0.00223	0.00244
10	0.00842	0.00858	0.01126	0.00971	0.00983	0.05601	0.00804	0.00926	0.00602	0.00903	0.00515	0.00836	0.00507	0.00717	0.04096	0.00176	0.78636	0.00326	0.00167	0.00409
11	0.44611	0.00599	0.00571	0.05107	0.00772	0.00661	0.00428	0.00912	0.00721	0.04572	0.01592	0.03692	0.25243	0.02630	0.01812	0.00137	0.04858	0.00429	0.00270	0.00382
12	0.00875	0.02378	0.03615	0.00636	0.02697	0.00582	0.00515	0.03374	0.05251	0.07283	0.00785	0.00861	0.00620	0.00316	0.00297	0.00070	0.00299	0.00253	0.01681	0.67613
13	0.05661	0.04705	0.01419	0.01026	0.01320	0.00883	0.32470	0.18273	0.03704	0.01453	0.03363	0.06807	0.02425	0.00439	0.00406	0.00114	0.02521	0.00420	0.00260	0.12331
14	0.00655	0.00826	0.18152	0.02308	0.06888	0.03193	0.01622	0.01992	0.00793	0.01094	0.06722	0.23288	0.08457	0.07197	0.05036	0.00164	0.00386	0.00576	0.00261	0.10390
15	0.40462	0.03084	0.15044	0.02818	0.03965	0.05337	0.03649	0.01218	0.09697	0.02535	0.00703	0.00800	0.00542	0.00396	0.00336	0.03016	0.00383	0.00265	0.00228	0.05522
16	0.00762	0.09537	0.38233	0.28004	0.01782	0.00886	0.03808	0.01104	0.03502	0.01116	0.05141	0.00974	0.00674	0.00383	0.00358	0.00116	0.00490	0.00318	0.00185	0.02628

[dist]
# distance from previous block
# <min> <max>
19	87

[block]
# block no. 11 follows, 73 sequences, length 27
# corresponding to MSA columns:
# 743-769
name=unknown_L
#
# <colnr> <probs for GDERKNQSTAVLIFYWHMCP>
#	G	D	E	R	K	N	Q	S	T	A	V	L	I	F	Y	W	H	M	C	P
0	0.00910	0.15272	0.19657	0.09801	0.11649	0.03287	0.04400	0.02170	0.10304	0.07721	0.06119	0.01152	0.02972	0.02537	0.00395	0.00119	0.00430	0.00354	0.00240	0.00513
1	0.00646	0.06485	0.05083	0.06374	0.00833	0.02740	0.02957	0.03675	0.00751	0.00988	0.07654	0.05979	0.11893	0.25805	0.14941	0.00270	0.01814	0.00515	0.00248	0.00348
2	0.00512	0.00349	0.00454	0.00517	0.00559	0.00323	0.00355	0.00587	0.00750	0.03964	0.05154	0.68065	0.07956	0.05037	0.00538	0.00158	0.00229	0.03826	0.00349	0.00317
3	0.04257	0.03769	0.00852	0.06838	0.05006	0.05310	0.00587	0.16663	0.02278	0.09490	0.05523	0.17846	0.04480	0.02183	0.10699	0.00185	0.02763	0.00515	0.00304	0.00453
4	0.00990	0.19224	0.18523	0.03448	0.18037	0.03800	0.13463	0.10014	0.02315	0.04491	0.00745	0.00901	0.00584	0.00366	0.00354	0.00110	0.00484	0.01397	0.00212	0.00542
5	0.00580	0.00362	0.00504	0.00504	0.00535	0.00379	0.00352	0.00562	0.00562	0.00762	0.01080	0.01661	0.06555	0.17589	0.29109	0.37491	0.00547	0.00423	0.00200	0.00242
6	0.00470	0.00372	0.00425	0.00442	0.00538	0.00327	0.00327	0.00578	0.00864	0.01094	0.17494	0.20583	0.48885	0.00969	0.00455	0.00133	0.00202	0.05160	0.00360	0.00322
7	0.01345	0.03092	0.01022	0.00852	0.01088	0.36811	0.00668	0.17711	0.18061	0.14149	0.00972	0.00958	0.00717	0.00435	0.00358	0.00109	0.00487	0.00318	0.00308	0.00539
8	0.00793	0.03222	0.14921	0.00697	0.03048	0.00608	0.00629	0.03907	0.00816	0.02267	0.00793	0.07530	0.00700	0.00373	0.00313	0.00079	0.00332	0.00306	0.00227	0.58440
9	0.06966	0.04193	0.10449	0.00726	0.00958	0.02568	0.01740	0.15226	0.12010	0.09199	0.05707	0.05945	0.07724	0.00564	0.00426	0.00122	0.05648	0.03640	0.05696	0.00493
10	0.00564	0.00430	0.00622	0.00606	0.00662	0.00503	0.00466	0.00677	0.00636	0.00915	0.08489	0.03001	0.01178	0.07960	0.60375	0.03652	0.08277	0.00438	0.00220	0.00329
11	0.00461	0.00335	0.00431	0.00505	0.00539	0.00310	0.00341	0.00529	0.00730	0.00958	0.02228	0.73147	0.11514	0.04165	0.00526	0.00157	0.00222	0.02255	0.00344	0.00304
12	0.01012	0.17512	0.03420	0.02002	0.04891	0.09184	0.03099	0.06584	0.24875	0.08286	0.06523	0.01274	0.03483	0.03554	0.02585	0.00132	0.00400	0.00376	0.00294	0.00514
13	0.00781	0.03396	0.04155	0.02286	0.05233	0.00578	0.01844	0.01784	0.05185	0.05773	0.03021	0.04573	0.07406	0.01776	0.06136	0.00132	0.00360	0.06645	0.00264	0.38672
14	0.09057	0.26066	0.16590	0.03486	0.11726	0.01086	0.03799	0.11595	0.00896	0.04015	0.00690	0.02279	0.00562	0.00392	0.00382	0.00110	0.06248	0.00291	0.00212	0.00518
15	0.10436	0.02502	0.00737	0.00649	0.02073	0.03720	0.03510	0.04476	0.23109	0.03499	0.03885	0.03585	0.19718	0.08943	0.07368	0.00184	0.00367	0.00495	0.00309	0.00435
16	0.00702	0.00628	0.02714	0.00867	0.03517	0.00571	0.23509	0.00931	0.05037	0.05391	0.13079	0.18131	0.16733	0.00698	0.00435	0.00129	0.00347	0.02694	0.03469	0.00417
17	0.03473	0.02012	0.23322	0.04945	0.10830	0.01878	0.06890	0.11828	0.05852	0.09776	0.06213	0.02638	0.07035	0.00471	0.00381	0.00119	0.00423	0.01113	0.00273	0.00529
18	0.06925	0.03729	0.21580	0.10885	0.15323	0.01865	0.23792	0.05246	0.00877	0.05161	0.00735	0.00908	0.00549	0.00352	0.00375	0.00118	0.00513	0.00339	0.00203	0.00527
19	0.00499	0.00370	0.00448	0.00469	0.00552	0.00331	0.00342	0.00610	0.00870	0.02507	0.24942	0.30925	0.30570	0.00971	0.00457	0.00135	0.00204	0.04102	0.00368	0.00329
20	0.01015	0.00947	0.01491	0.08189	0.06259	0.08376	0.33965	0.13801	0.01987	0.05869	0.02004	0.01038	0.00660	0.02076	0.00532	0.06162	0.03525	0.00382	0.01234	0.00490
21	0.04607	0.12542	0.30660	0.04509	0.12437	0.00994	0.07810	0.10999	0.03822	0.04054	0.00736	0.00855	0.00556	0.00377	0.00381	0.00115	0.03485	0.00305	0.00212	0.00544
22	0.00945	0.08513	0.14249	0.12289	0.09417	0.04052	0.10164	0.13063	0.09732	0.03891	0.00995	0.03518	0.04301	0.00476	0.01777	0.00125	0.01351	0.00376	0.00246	0.00520
23	0.03263	0.00423	0.00465	0.00444	0.00484	0.00429	0.00276	0.06180	0.00677	0.00925	0.05601	0.02383	0.06437	0.68697	0.01590	0.00312	0.00345	0.00543	0.00254	0.00273
24	0.03505	0.02017	0.34300	0.02172	0.01143	0.02319	0.02585	0.06766	0.05873	0.03166	0.11038	0.07581	0.02107	0.01499	0.06154	0.00155	0.00448	0.01456	0.05241	0.00476
25	0.00881	0.16807	0.31350	0.06642	0.03904	0.07374	0.09585	0.04010	0.04357	0.02130	0.00832	0.06739	0.00713	0.00434	0.00360	0.00115	0.00490	0.02568	0.00205	0.00502
26	0.00985	0.19782	0.20899	0.05708	0.05510	0.15209	0.04695	0.09496	0.00932	0.02356	0.00798	0.07688	0.00705	0.00446	0.00362	0.00111	0.01722	0.01889	0.00213	0.00494

[dist]
# distance from previous block
# <min> <max>
0	1

[block]
# block no. 12 follows, 73 sequences, length 12
# corresponding to MSA columns:
# 771-782
name=unknown_M
#
# <colnr> <probs for GDERKNQSTAVLIFYWHMCP>
#	G	D	E	R	K	N	Q	S	T	A	V	L	I	F	Y	W	H	M	C	P
0	0.00907	0.01049	0.22310	0.00818	0.01085	0.03788	0.03631	0.17466	0.06532	0.05067	0.06706	0.01319	0.03195	0.07772	0.09631	0.00191	0.05153	0.00389	0.02502	0.00488
1	0.00616	0.00439	0.00504	0.00491	0.00613	0.00409	0.00366	0.00832	0.10305	0.07915	0.15821	0.20314	0.38207	0.00878	0.00438	0.00130	0.00216	0.00756	0.00372	0.00378
2	0.00907	0.00939	0.12563	0.03238	0.01223	0.03733	0.18229	0.13364	0.10383	0.05989	0.03523	0.13063	0.02344	0.06936	0.00516	0.00142	0.00428	0.00494	0.01500	0.00487
3	0.00459	0.00340	0.00429	0.00493	0.00538	0.00310	0.00337	0.00537	0.00765	0.01002	0.07500	0.66125	0.17576	0.01109	0.00470	0.00146	0.00210	0.00992	0.00352	0.00310
4	0.00979	0.12318	0.14020	0.01109	0.15062	0.03031	0.07292	0.13939	0.05425	0.04758	0.04751	0.01090	0.00794	0.02773	0.00448	0.00119	0.05029	0.02122	0.00246	0.04695
5	0.12173	0.18155	0.09960	0.06042	0.03741	0.11903	0.06881	0.09813	0.02180	0.05892	0.00698	0.00837	0.00555	0.02322	0.00432	0.00117	0.07298	0.00290	0.00221	0.00490
6	0.00543	0.00391	0.00455	0.00450	0.00470	0.00402	0.00283	0.00568	0.00599	0.00792	0.01527	0.06851	0.12233	0.63356	0.04541	0.00319	0.05132	0.00588	0.00245	0.00257
7	0.00467	0.00335	0.00428	0.00499	0.00525	0.00313	0.00329	0.00526	0.00706	0.00933	0.02073	0.70642	0.07776	0.11771	0.00654	0.00177	0.00234	0.00984	0.00333	0.00296
8	0.04846	0.01106	0.02842	0.06719	0.20960	0.23343	0.05479	0.14866	0.01033	0.03513	0.00861	0.06611	0.02315	0.00453	0.00400	0.00115	0.03425	0.00368	0.00240	0.00504
9	0.00928	0.18124	0.17737	0.02381	0.13989	0.07113	0.03390	0.04297	0.02783	0.04300	0.06848	0.00974	0.00783	0.00432	0.02193	0.00110	0.00442	0.00308	0.00220	0.12647
10	0.00932	0.15670	0.32923	0.01219	0.20331	0.04380	0.02537	0.05663	0.00875	0.03915	0.00691	0.00811	0.00536	0.00348	0.00337	0.00104	0.00472	0.00281	0.00194	0.07779
11	0.00713	0.00601	0.00898	0.04064	0.31437	0.00611	0.00661	0.03031	0.02574	0.01088	0.07834	0.05331	0.06112	0.23807	0.07786	0.00225	0.00419	0.02145	0.00244	0.00417

[dist]
# distance from previous block
# <min> <max>
0	2

[block]
# block no. 13 follows, 73 sequences, length 7
# corresponding to MSA columns:
# 785-791
name=unknown_N
#
# <colnr> <probs for GDERKNQSTAVLIFYWHMCP>
#	G	D	E	R	K	N	Q	S	T	A	V	L	I	F	Y	W	H	M	C	P
0	0.02641	0.00988	0.14272	0.09727	0.19548	0.05970	0.05825	0.07329	0.04343	0.08572	0.03845	0.09986	0.02856	0.00487	0.00384	0.00119	0.00429	0.00428	0.00257	0.01993
1	0.00541	0.00367	0.00469	0.00503	0.00572	0.00334	0.00359	0.00641	0.00832	0.05626	0.18455	0.49613	0.15574	0.01016	0.00462	0.00140	0.00215	0.03579	0.00367	0.00336
2	0.02591	0.00773	0.08680	0.17986	0.19181	0.00706	0.03601	0.06319	0.00884	0.07898	0.05205	0.09611	0.00980	0.00528	0.01989	0.00127	0.00397	0.00427	0.11639	0.00478
3	0.00928	0.04510	0.27996	0.01200	0.18079	0.02736	0.05158	0.05116	0.11302	0.06516	0.00917	0.01011	0.02544	0.00408	0.00409	0.00116	0.05098	0.00335	0.02057	0.03563
4	0.00992	0.07944	0.09513	0.05284	0.01025	0.00675	0.03860	0.03013	0.02646	0.25444	0.05625	0.06874	0.03507	0.02235	0.11213	0.02609	0.03196	0.01553	0.02315	0.00477
5	0.00492	0.00376	0.00450	0.00491	0.00560	0.00351	0.00349	0.00623	0.04680	0.01038	0.08163	0.43783	0.26761	0.05172	0.00532	0.00152	0.00224	0.05128	0.00348	0.00324
6	0.00831	0.09971	0.24712	0.16042	0.15242	0.00898	0.06051	0.03428	0.06066	0.02679	0.00916	0.04786	0.03174	0.00434	0.00382	0.00119	0.01792	0.01759	0.00209	0.00509

[dist]
# distance from previous block
# <min> <max>
2	56

[block]
# block no. 14 follows, 73 sequences, length 13
# corresponding to MSA columns:
