[name]
unknown

[dist]
# distance from previous block
# <min> <max>
0	16

[block]
# block no. 0 follows, 94 sequences, length 11
# corresponding to MSA columns:
# 47-57
name=unknown_A
#
# <colnr> <probs for GDERKNQSTAVLIFYWHMCP>
#	G	D	E	R	K	N	Q	S	T	A	V	L	I	F	Y	W	H	M	C	P
0	0.00810	0.00818	0.03471	0.00692	0.00877	0.23902	0.10046	0.06646	0.05463	0.05268	0.05827	0.05856	0.00918	0.00445	0.00319	0.00094	0.00364	0.14232	0.00226	0.13725
1	0.30478	0.00568	0.00659	0.00523	0.00744	0.00560	0.03502	0.05116	0.02587	0.44006	0.00933	0.00879	0.03031	0.00348	0.00269	0.00093	0.00260	0.00266	0.00292	0.04884
2	0.04057	0.04680	0.00812	0.00627	0.00807	0.00656	0.09859	0.18701	0.16433	0.08499	0.14529	0.01402	0.10627	0.00465	0.00347	0.00100	0.03406	0.03303	0.00280	0.00410
3	0.00418	0.00305	0.00402	0.00427	0.00481	0.00293	0.00319	0.00519	0.00687	0.00932	0.28645	0.29376	0.09680	0.03767	0.09669	0.00160	0.00252	0.13114	0.00285	0.00268
4	0.04680	0.00448	0.00577	0.00500	0.00659	0.00417	0.00399	0.01097	0.06687	0.43880	0.14658	0.13400	0.03031	0.00542	0.00333	0.00104	0.00229	0.07612	0.00337	0.00412
5	0.00599	0.00525	0.00838	0.10224	0.15843	0.00543	0.14832	0.00796	0.10019	0.00844	0.00826	0.01337	0.00788	0.36407	0.00820	0.00178	0.00345	0.00366	0.03542	0.00328
6	0.00818	0.89428	0.01604	0.00524	0.00786	0.01211	0.00524	0.00916	0.00622	0.00720	0.00426	0.00491	0.00393	0.00262	0.00196	0.00065	0.00327	0.00164	0.00131	0.00393
7	0.00631	0.09027	0.80365	0.00843	0.01279	0.00753	0.01079	0.00965	0.00644	0.00948	0.00539	0.00633	0.00388	0.00288	0.00283	0.00094	0.00442	0.00221	0.00129	0.00447
8	0.00591	0.00510	0.00805	0.00678	0.00800	0.03623	0.20494	0.04811	0.00634	0.02873	0.00920	0.05492	0.00899	0.16729	0.29041	0.00267	0.00521	0.09805	0.00196	0.00311
9	0.91406	0.00592	0.00450	0.00402	0.00592	0.00687	0.00331	0.00900	0.00521	0.01373	0.00426	0.00497	0.00331	0.00284	0.00189	0.00095	0.00237	0.00166	0.00189	0.00331
10	0.00650	0.00659	0.01006	0.67410	0.01897	0.08095	0.10630	0.00877	0.04211	0.00823	0.00576	0.00808	0.00435	0.00306	0.00310	0.00100	0.00426	0.00279	0.00147	0.00356

[dist]
# distance from previous block
# <min> <max>
0	1

[block]
# block no. 1 follows, 94 sequences, length 6
# corresponding to MSA columns:
# 59-64
name=unknown_B
#
# <colnr> <probs for GDERKNQSTAVLIFYWHMCP>
#	G	D	E	R	K	N	Q	S	T	A	V	L	I	F	Y	W	H	M	C	P
0	0.00438	0.00294	0.00336	0.00343	0.00344	0.00292	0.00195	0.00443	0.00459	0.00612	0.01034	0.10420	0.01201	0.80706	0.01445	0.00280	0.00285	0.00486	0.00195	0.00192
1	0.00416	0.00368	0.00515	0.00461	0.00570	0.00326	0.11314	0.00512	0.00677	0.00844	0.05580	0.18141	0.54219	0.04139	0.00413	0.00114	0.00211	0.00639	0.00266	0.00275
2	0.00413	0.00335	0.00359	0.00349	0.00449	0.00296	0.00262	0.04613	0.00756	0.00947	0.17403	0.07569	0.63688	0.00740	0.00361	0.00103	0.00163	0.00625	0.00294	0.00276
3	0.00450	0.00347	0.00418	0.00422	0.00499	0.00337	0.00314	0.00651	0.11816	0.01027	0.33475	0.24193	0.18607	0.00724	0.00366	0.00108	0.00175	0.05466	0.00307	0.00298
4	0.00674	0.12055	0.01124	0.45807	0.32802	0.00765	0.00840	0.00856	0.00644	0.00853	0.00540	0.00753	0.00434	0.00288	0.00291	0.00093	0.00382	0.00258	0.00141	0.00399
5	0.00791	0.61591	0.22751	0.00628	0.00930	0.07202	0.00678	0.00951	0.00645	0.00784	0.00459	0.00533	0.00392	0.00273	0.00225	0.00074	0.00374	0.00181	0.00132	0.00405

[dist]
# distance from previous block
# <min> <max>
0	1

[block]
# block no. 2 follows, 94 sequences, length 61
# corresponding to MSA columns:
# 78-138
name=unknown_C
#
# <colnr> <probs for GDERKNQSTAVLIFYWHMCP>
#	G	D	E	R	K	N	Q	S	T	A	V	L	I	F	Y	W	H	M	C	P
0	0.31673	0.27662	0.26056	0.00606	0.00895	0.00862	0.02202	0.03095	0.00617	0.01863	0.00480	0.00558	0.00378	0.00286	0.00241	0.00087	0.01697	0.00192	0.00158	0.00393
1	0.00790	0.00824	0.02106	0.20893	0.47834	0.15562	0.02405	0.02770	0.02180	0.00932	0.00566	0.00742	0.00459	0.00292	0.00300	0.00092	0.00407	0.00262	0.00155	0.00430
2	0.08531	0.00737	0.01311	0.03429	0.56172	0.00735	0.22684	0.00943	0.00687	0.01022	0.00573	0.00754	0.00465	0.00271	0.00308	0.00095	0.00393	0.00286	0.00155	0.00450
3	0.00780	0.00714	0.02774	0.05579	0.42461	0.01826	0.06500	0.11684	0.13490	0.01156	0.01779	0.00865	0.00602	0.00319	0.00301	0.00093	0.00337	0.00292	0.07994	0.00455
4	0.00584	0.00550	0.00928	0.85777	0.04795	0.00681	0.00853	0.00787	0.00615	0.00789	0.00545	0.00814	0.00410	0.00305	0.00306	0.00102	0.00407	0.00272	0.00136	0.00345
5	0.00552	0.00462	0.02170	0.00657	0.03259	0.00422	0.17852	0.02351	0.03365	0.06532	0.03115	0.45382	0.11219	0.00691	0.00367	0.00112	0.00264	0.00642	0.00260	0.00325
6	0.00746	0.00665	0.00817	0.00784	0.08223	0.03576	0.01703	0.10414	0.27048	0.01086	0.01851	0.01137	0.00763	0.01925	0.02696	0.00125	0.26187	0.07881	0.01968	0.00405
7	0.91406	0.00592	0.00450	0.00402	0.00592	0.00687	0.00331	0.00900	0.00521	0.01373	0.00426	0.00497	0.00331	0.00284	0.00189	0.00095	0.00237	0.00166	0.00189	0.00331
8	0.00568	0.00558	0.00598	0.00546	0.00657	0.13078	0.07727	0.00752	0.10631	0.00906	0.09995	0.23439	0.26113	0.00649	0.00365	0.00105	0.02178	0.00560	0.00260	0.00314
9	0.00717	0.29746	0.46071	0.00804	0.01170	0.00872	0.11989	0.00970	0.00655	0.03575	0.00539	0.00632	0.00411	0.00280	0.00270	0.00088	0.00414	0.00226	0.00141	0.00430
10	0.01304	0.00501	0.00674	0.00522	0.00745	0.00436	0.00430	0.01425	0.00856	0.80125	0.01190	0.01050	0.00760	0.00377	0.00300	0.00093	0.00250	0.00306	0.08158	0.00501
11	0.00458	0.00392	0.00539	0.00584	0.09268	0.00377	0.04281	0.00582	0.03192	0.00916	0.16168	0.22416	0.34242	0.00698	0.00390	0.00107	0.04215	0.00606	0.00268	0.00301
12	0.00715	0.00678	0.01150	0.06117	0.75578	0.00684	0.00879	0.00887	0.00683	0.00970	0.00670	0.08344	0.00613	0.00333	0.00311	0.00094	0.00350	0.00324	0.00162	0.00457
13	0.01160	0.00844	0.00909	0.00703	0.00943	0.04547	0.02492	0.70111	0.04065	0.09926	0.00782	0.00771	0.00550	0.00365	0.00306	0.00092	0.00340	0.00279	0.00304	0.00510
14	0.00710	0.00737	0.00931	0.00802	0.00816	0.08417	0.00663	0.00778	0.00503	0.00738	0.00408	0.00660	0.00401	0.00517	0.00942	0.00129	0.81114	0.00262	0.00136	0.00337
15	0.00363	0.00310	0.00312	0.00311	0.00414	0.00259	0.00233	0.00442	0.00700	0.00833	0.04500	0.02935	0.85807	0.00773	0.00362	0.00103	0.00155	0.00644	0.00285	0.00259
16	0.08258	0.00356	0.00469	0.00494	0.00559	0.00354	0.03671	0.02708	0.01622	0.00923	0.05279	0.52678	0.01750	0.00814	0.00375	0.00122	0.00221	0.18792	0.00274	0.00280
17	0.01281	0.00521	0.00696	0.00540	0.00763	0.00463	0.00443	0.06013	0.00906	0.75489	0.08566	0.01132	0.00928	0.00399	0.00312	0.00095	0.00255	0.00327	0.00371	0.00501
18	0.04133	0.00511	0.00679	0.00529	0.00750	0.00453	0.00434	0.02445	0.01767	0.75446	0.08561	0.01129	0.00926	0.00397	0.00309	0.00095	0.00250	0.00324	0.00368	0.00495
19	0.00653	0.00622	0.01061	0.52173	0.36725	0.00700	0.02004	0.00849	0.00648	0.00873	0.00558	0.00792	0.00440	0.00292	0.00306	0.00098	0.00391	0.00273	0.00143	0.00400
20	0.01068	0.02263	0.00879	0.00683	0.00909	0.02647	0.06964	0.31047	0.24751	0.23998	0.00979	0.00926	0.00687	0.00372	0.00310	0.00096	0.00309	0.00306	0.00309	0.00497
21	0.00416	0.00312	0.00385	0.00367	0.00447	0.00281	0.00275	0.00544	0.00826	0.01131	0.66891	0.02445	0.23230	0.00662	0.00361	0.00098	0.00147	0.00576	0.00324	0.00281
22	0.01316	0.00541	0.00715	0.00553	0.00784	0.00487	0.00455	0.06855	0.03521	0.77164	0.03497	0.01059	0.00805	0.00386	0.00309	0.00095	0.00262	0.00314	0.00371	0.00513
23	0.04435	0.04622	0.00899	0.01608	0.04217	0.39436	0.00583	0.29790	0.08403	0.01223	0.00628	0.00671	0.00484	0.00339	0.00292	0.00087	0.01400	0.00238	0.00220	0.00427
24	0.00518	0.00438	0.00456	0.00429	0.00549	0.00449	0.00323	0.00883	0.32627	0.00982	0.03641	0.02184	0.46380	0.08238	0.00446	0.00120	0.00199	0.00516	0.00287	0.00337
25	0.00391	0.00292	0.00365	0.00401	0.00453	0.00266	0.00288	0.00474	0.00674	0.00887	0.18309	0.45933	0.22175	0.00844	0.00381	0.00115	0.00174	0.07022	0.00294	0.00261
26	0.00721	0.00665	0.01083	0.33727	0.47125	0.00724	0.00867	0.08208	0.00726	0.00995	0.00581	0.00784	0.00464	0.00324	0.01656	0.00101	0.00385	0.00274	0.00159	0.00431
27	0.00822	0.00688	0.00726	0.00635	0.00819	0.00790	0.00499	0.14491	0.73818	0.01379	0.01168	0.01080	0.00871	0.00408	0.00311	0.00102	0.00257	0.00335	0.00311	0.00490
28	0.01163	0.00857	0.00919	0.00704	0.00949	0.00949	0.00582	0.86314	0.01439	0.01929	0.00735	0.00735	0.00520	0.00367	0.00306	0.00092	0.00337	0.00276	0.00306	0.00520
29	0.00373	0.00266	0.00355	0.00426	0.00444	0.00249	0.00284	0.00426	0.00586	0.00781	0.01687	0.89044	0.02024	0.00959	0.00391	0.00124	0.00178	0.00870	0.00284	0.00249
30	0.91406	0.00592	0.00450	0.00402	0.00592	0.00687	0.00331	0.00900	0.00521	0.01373	0.00426	0.00497	0.00331	0.00284	0.00189	0.00095	0.00237	0.00166	0.00189	0.00331
31	0.00635	0.00544	0.00635	0.00453	0.00725	0.00408	0.00363	0.00771	0.00635	0.00997	0.00544	0.00635	0.00453	0.00227	0.00227	0.00045	0.00227	0.00181	0.00181	0.91115
32	0.00730	0.00746	0.00964	0.40407	0.25208	0.14968	0.00786	0.00960	0.08078	0.00879	0.00632	0.03164	0.00516	0.00325	0.00303	0.00096	0.00399	0.00282	0.00163	0.00392
33	0.91406	0.00592	0.00450	0.00402	0.00592	0.00687	0.00331	0.00900	0.00521	0.01373	0.00426	0.00497	0.00331	0.00284	0.00189	0.00095	0.00237	0.00166	0.00189	0.00331
34	0.00389	0.00278	0.00374	0.00444	0.00469	0.00262	0.00312	0.00454	0.00602	0.00799	0.01678	0.77649	0.01989	0.00944	0.00395	0.00127	0.00191	0.12107	0.00284	0.00253
35	0.00818	0.89428	0.01604	0.00524	0.00786	0.01211	0.00524	0.00916	0.00622	0.00720	0.00426	0.00491	0.00393	0.00262	0.00196	0.00065	0.00327	0.00164	0.00131	0.00393
36	0.00758	0.00727	0.01242	0.01879	0.87334	0.00727	0.00939	0.00939	0.00697	0.01000	0.00576	0.00758	0.00485	0.00273	0.00303	0.00091	0.00364	0.00273	0.00152	0.00485
37	0.00408	0.00319	0.00378	0.00411	0.00492	0.00289	0.00328	0.00504	0.00685	0.00851	0.02413	0.14400	0.47037	0.00823	0.00386	0.00119	0.00201	0.29407	0.00283	0.00265
38	0.00422	0.00301	0.00411	0.00482	0.00521	0.00291	0.00369	0.00511	0.00634	0.00836	0.01660	0.54219	0.01917	0.00913	0.00404	0.00131	0.00220	0.35212	0.00283	0.00262
39	0.00431	0.00355	0.00491	0.00435	0.00539	0.00319	0.07649	0.00559	0.00787	0.01051	0.47269	0.03531	0.34123	0.00654	0.00362	0.00100	0.00181	0.00576	0.00301	0.00288
40	0.01107	0.13334	0.01011	0.00677	0.00923	0.00982	0.00572	0.72565	0.03053	0.01745	0.00702	0.00709	0.00511	0.00354	0.00291	0.00088	0.00334	0.00261	0.00282	0.00502
41	0.06118	0.00632	0.00830	0.02292	0.18983	0.00575	0.03247	0.11254	0.00749	0.03949	0.00591	0.00687	0.00470	0.00264	0.00258	0.00068	0.00283	0.00222	0.00196	0.48331
42	0.00818	0.89428	0.01604	0.00524	0.00786	0.01211	0.00524	0.00916	0.00622	0.00720	0.00426	0.00491	0.00393	0.00262	0.00196	0.00065	0.00327	0.00164	0.00131	0.00393
43	0.83607	0.00677	0.07940	0.00443	0.00655	0.00689	0.00400	0.00906	0.00532	0.01339	0.00437	0.00510	0.00336	0.00285	0.00198	0.00095	0.00255	0.00171	0.00184	0.00342
44	0.00752	0.60230	0.29121	0.00645	0.00968	0.01046	0.01792	0.00934	0.00631	0.00803	0.00467	0.00545	0.00392	0.00271	0.00229	0.00076	0.00370	0.00186	0.00131	0.00412
45	0.00393	0.00311	0.00354	0.00345	0.00433	0.00272	0.00258	0.00500	0.00770	0.01002	0.40051	0.04101	0.48696	0.00713	0.00362	0.00101	0.00151	0.00609	0.00307	0.00272
46	0.00740	0.00648	0.00694	0.00619	0.00784	0.03459	0.02620	0.02357	0.70560	0.01248	0.08586	0.01262	0.01086	0.00435	0.00317	0.00103	0.00251	0.02286	0.01493	0.00455
47	0.00411	0.00312	0.00378	0.00361	0.00443	0.00279	0.00271	0.00534	0.00813	0.01100	0.60496	0.02495	0.29644	0.00673	0.00361	0.00099	0.00148	0.00583	0.00320	0.00279
48	0.00770	0.00662	0.00697	0.00625	0.00799	0.00766	0.00487	0.03549	0.84844	0.01295	0.01234	0.01133	0.00925	0.00414	0.00311	0.00104	0.00244	0.00344	0.00311	0.00485
49	0.01143	0.01459	0.00867	0.00788	0.00946	0.88015	0.00591	0.01222	0.00867	0.00749	0.00473	0.00552	0.00394	0.00315	0.00276	0.00079	0.00552	0.00197	0.00158	0.00355
50	0.00818	0.89428	0.01604	0.00524	0.00786	0.01211	0.00524	0.00916	0.00622	0.00720	0.00426	0.00491	0.00393	0.00262	0.00196	0.00065	0.00327	0.00164	0.00131	0.00393
51	0.91406	0.00592	0.00450	0.00402	0.00592	0.00687	0.00331	0.00900	0.00521	0.01373	0.00426	0.00497	0.00331	0.00284	0.00189	0.00095	0.00237	0.00166	0.00189	0.00331
52	0.01358	0.00521	0.00714	0.02231	0.00807	0.00454	0.00458	0.01478	0.00871	0.85883	0.01195	0.01037	0.00751	0.00377	0.00308	0.00095	0.00263	0.00307	0.00374	0.00517
53	0.00761	0.00657	0.00692	0.00623	0.00796	0.00761	0.00484	0.01626	0.86782	0.01280	0.01246	0.01142	0.00934	0.00415	0.00311	0.00104	0.00242	0.00346	0.00311	0.00484
54	0.00362	0.00310	0.00310	0.00310	0.00413	0.00258	0.00233	0.00439	0.00698	0.00827	0.03101	0.02946	0.87210	0.00775	0.00362	0.00103	0.00155	0.00646	0.00284	0.00258
55	0.00387	0.00277	0.00372	0.00443	0.00467	0.00261	0.00309	0.00451	0.00600	0.00798	0.01679	0.78676	0.01992	0.00945	0.00395	0.00126	0.00190	0.11094	0.00284	0.00253
56	0.12070	0.07931	0.04897	0.01027	0.25215	0.06404	0.05260	0.31224	0.00942	0.01334	0.00596	0.00682	0.00460	0.00310	0.00282	0.00090	0.00360	0.00250	0.00209	0.00458
57	0.00663	0.00775	0.09611	0.02122	0.09735	0.06222	0.36262	0.00870	0.00709	0.00937	0.00913	0.05915	0.00870	0.00455	0.00360	0.00111	0.00418	0.22483	0.00192	0.00377
58	0.00493	0.00352	0.00493	0.00564	0.00634	0.00352	0.00493	0.00634	0.00705	0.00916	0.01621	0.03452	0.01761	0.00845	0.00423	0.00141	0.00282	0.85274	0.00282	0.00282
59	0.00727	0.43885	0.41843	0.00700	0.01050	0.00958	0.01723	0.02517	0.02467	0.00873	0.00508	0.00585	0.00405	0.00281	0.00247	0.00082	0.00386	0.00201	0.00137	0.00425
60	0.00418	0.00308	0.00389	0.00392	0.00459	0.00284	0.00293	0.00533	0.00770	0.01048	0.50473	0.15141	0.16818	0.03513	0.00408	0.00112	0.00168	0.07889	0.00311	0.00274

[dist]
# distance from previous block
# <min> <max>
0	1

[block]
# block no. 3 follows, 94 sequences, length 70
# corresponding to MSA columns:
# 140-191,206-208,213-227
name=unknown_D
#
# <colnr> <probs for GDERKNQSTAVLIFYWHMCP>
#	G	D	E	R	K	N	Q	S	T	A	V	L	I	F	Y	W	H	M	C	P
0	0.00794	0.45115	0.25018	0.00681	0.00987	0.02868	0.04320	0.09129	0.06722	0.00954	0.00555	0.00618	0.00444	0.00292	0.00249	0.00081	0.00369	0.00213	0.00161	0.00428
1	0.00862	0.04074	0.00933	0.00788	0.00859	0.35429	0.00634	0.00935	0.00632	0.00741	0.00431	0.00617	0.00398	0.00439	0.00688	0.00110	0.50706	0.00236	0.00143	0.00345
2	0.00695	0.01070	0.29993	0.01012	0.01317	0.05020	0.37175	0.00943	0.00664	0.00933	0.00555	0.00720	0.00426	0.00308	0.00415	0.00101	0.12649	0.00285	0.00145	0.05573
3	0.00377	0.00311	0.00331	0.00326	0.00423	0.00265	0.00245	0.00469	0.00734	0.00912	0.21076	0.02805	0.69181	0.00743	0.00362	0.00102	0.00153	0.00626	0.00295	0.00265
4	0.05719	0.00543	0.00710	0.00547	0.00782	0.00490	0.00452	0.06289	0.00891	0.78504	0.01143	0.00998	0.00724	0.00374	0.00302	0.00095	0.00264	0.00299	0.00366	0.00512
5	0.00738	0.00708	0.01208	0.11108	0.78254	0.00722	0.00930	0.00923	0.00688	0.00977	0.00572	0.00764	0.00477	0.00276	0.00303	0.00092	0.00368	0.00273	0.00150	0.00469
6	0.00373	0.00266	0.00355	0.00426	0.00444	0.00249	0.00284	0.00426	0.00586	0.00781	0.01687	0.89044	0.02024	0.00959	0.00391	0.00124	0.00178	0.00870	0.00284	0.00249
7	0.00417	0.00301	0.00404	0.00471	0.00514	0.00288	0.00360	0.00505	0.00637	0.00835	0.01742	0.51961	0.06772	0.00906	0.00401	0.00129	0.00215	0.32595	0.00283	0.00262
8	0.00433	0.00313	0.00409	0.00385	0.00457	0.00289	0.00289	0.00578	0.00866	0.01227	0.87173	0.02286	0.02888	0.00626	0.00361	0.00096	0.00144	0.00554	0.00337	0.00289
9	0.00682	0.02654	0.40718	0.01079	0.01451	0.00755	0.44866	0.02306	0.00697	0.00986	0.00586	0.00737	0.00429	0.00275	0.00326	0.00100	0.00481	0.00295	0.00145	0.00432
10	0.00374	0.00267	0.00356	0.00425	0.00444	0.00249	0.00284	0.00429	0.00592	0.00791	0.03520	0.87184	0.02043	0.00952	0.00390	0.00124	0.00177	0.00863	0.00285	0.00249
11	0.01177	0.00836	0.00905	0.00694	0.00938	0.00917	0.00573	0.80829	0.01403	0.07466	0.00765	0.00755	0.00536	0.00368	0.00306	0.00092	0.00332	0.00278	0.00311	0.00521
12	0.00728	0.00786	0.06241	0.10256	0.55130	0.01655	0.18809	0.00937	0.00693	0.00970	0.00579	0.00769	0.00466	0.00274	0.00315	0.00095	0.00407	0.00288	0.00149	0.00452
13	0.01168	0.00850	0.00914	0.00701	0.00946	0.00938	0.00579	0.84488	0.01427	0.03772	0.00745	0.00741	0.00526	0.00368	0.00306	0.00092	0.00335	0.00276	0.00308	0.00521
14	0.00722	0.00826	0.01806	0.01290	0.01600	0.00774	0.86223	0.00980	0.00722	0.00980	0.00619	0.00826	0.00464	0.00258	0.00361	0.00103	0.00516	0.00361	0.00155	0.00413
15	0.00818	0.89428	0.01604	0.00524	0.00786	0.01211	0.00524	0.00916	0.00622	0.00720	0.00426	0.00491	0.00393	0.00262	0.00196	0.00065	0.00327	0.00164	0.00131	0.00393
16	0.00810	0.69367	0.14021	0.00593	0.00872	0.05215	0.00617	0.00944	0.00638	0.02113	0.00457	0.00529	0.00398	0.00276	0.00232	0.00072	0.02133	0.00179	0.00136	0.00400
17	0.00614	0.01583	0.87658	0.00872	0.01325	0.00711	0.01131	0.00969	0.00646	0.00969	0.00549	0.00646	0.00388	0.00291	0.00291	0.00097	0.00452	0.00226	0.00129	0.00452
18	0.00363	0.00310	0.00312	0.00311	0.00414	0.00259	0.00233	0.00441	0.00700	0.00833	0.04411	0.02935	0.85896	0.00773	0.00362	0.00103	0.00155	0.00645	0.00285	0.00259
19	0.91406	0.00592	0.00450	0.00402	0.00592	0.00687	0.00331	0.00900	0.00521	0.01373	0.00426	0.00497	0.00331	0.00284	0.00189	0.00095	0.00237	0.00166	0.00189	0.00331
20	0.00818	0.89428	0.01604	0.00524	0.00786	0.01211	0.00524	0.00916	0.00622	0.00720	0.00426	0.00491	0.00393	0.00262	0.00196	0.00065	0.00327	0.00164	0.00131	0.00393
21	0.91406	0.00592	0.00450	0.00402	0.00592	0.00687	0.00331	0.00900	0.00521	0.01373	0.00426	0.00497	0.00331	0.00284	0.00189	0.00095	0.00237	0.00166	0.00189	0.00331
22	0.00761	0.00657	0.00692	0.00623	0.00796	0.00761	0.00484	0.01626	0.86782	0.01280	0.01246	0.01142	0.00934	0.00415	0.00311	0.00104	0.00242	0.00346	0.00311	0.00484
23	0.00761	0.00657	0.00692	0.00623	0.00796	0.00761	0.00484	0.01626	0.86782	0.01280	0.01246	0.01142	0.00934	0.00415	0.00311	0.00104	0.00242	0.00346	0.00311	0.00484
24	0.86271	0.00607	0.00477	0.00420	0.00612	0.00702	0.00346	0.05759	0.00573	0.01405	0.00444	0.00511	0.00342	0.00289	0.00196	0.00095	0.00242	0.00172	0.00196	0.00342
25	0.00433	0.00313	0.00409	0.00385	0.00457	0.00289	0.00289	0.00578	0.00866	0.01227	0.87173	0.02286	0.02888	0.00626	0.00361	0.00096	0.00144	0.00554	0.00337	0.00289
26	0.00433	0.00313	0.00409	0.00385	0.00457	0.00289	0.00289	0.00578	0.00866	0.01227	0.87173	0.02286	0.02888	0.00626	0.00361	0.00096	0.00144	0.00554	0.00337	0.00289
27	0.00433	0.00313	0.00409	0.00385	0.00457	0.00289	0.00289	0.00578	0.00866	0.01227	0.87173	0.02286	0.02888	0.00626	0.00361	0.00096	0.00144	0.00554	0.00337	0.00289
28	0.00373	0.00268	0.00354	0.00423	0.00443	0.00249	0.00283	0.00427	0.00589	0.00783	0.01726	0.86664	0.04379	0.00954	0.00390	0.00124	0.00177	0.00864	0.00284	0.00249
29	0.01373	0.00521	0.00710	0.00545	0.00781	0.00450	0.00450	0.01492	0.00876	0.87546	0.01207	0.01042	0.00758	0.00379	0.00308	0.00095	0.00260	0.00308	0.00379	0.00521
30	0.69119	0.00636	0.00548	0.00465	0.00665	0.00722	0.00383	0.17357	0.00714	0.04992	0.00525	0.00574	0.00391	0.00305	0.00217	0.00094	0.00256	0.00194	0.01469	0.00375
31	0.02490	0.00527	0.00710	0.00545	0.00782	0.00461	0.00451	0.02875	0.00881	0.85070	0.01190	0.01030	0.00748	0.00377	0.00306	0.00095	0.00261	0.00305	0.00375	0.00519
32	0.00382	0.00273	0.00366	0.00437	0.00458	0.00256	0.00300	0.00442	0.00595	0.00791	0.01682	0.82571	0.02004	0.00950	0.00393	0.00126	0.00185	0.07254	0.00284	0.00251
33	0.00373	0.00266	0.00355	0.00426	0.00444	0.00249	0.00284	0.00426	0.00586	0.00781	0.01687	0.89044	0.02024	0.00959	0.00391	0.00124	0.00178	0.00870	0.00284	0.00249
34	0.00684	0.26824	0.61056	0.00768	0.01162	0.00860	0.00944	0.02784	0.00656	0.00918	0.00518	0.00603	0.00392	0.00284	0.00264	0.00088	0.00414	0.00209	0.00134	0.00437
35	0.00726	0.00902	0.11322	0.01232	0.04207	0.00769	0.69666	0.02808	0.00725	0.01828	0.00614	0.00800	0.00459	0.00271	0.00363	0.00102	0.02287	0.00339	0.00157	0.00421
36	0.01349	0.00535	0.00715	0.00549	0.00783	0.00474	0.00453	0.06060	0.00903	0.81505	0.01179	0.01027	0.00745	0.00378	0.00306	0.00094	0.00263	0.00306	0.01860	0.00517
37	0.01621	0.01040	0.45203	0.00734	0.01031	0.00586	0.05645	0.06169	0.00707	0.10238	0.00910	0.21935	0.00837	0.00487	0.01369	0.00108	0.00364	0.00401	0.00207	0.00409
38	0.01696	0.10861	0.28047	0.00904	0.02928	0.02622	0.25569	0.04256	0.00720	0.11339	0.00694	0.01599	0.01942	0.00322	0.00338	0.00097	0.04501	0.00954	0.00181	0.00431
39	0.00373	0.00266	0.00355	0.00426	0.00444	0.00249	0.00284	0.00426	0.00586	0.00781	0.01687	0.89044	0.02024	0.00959	0.00391	0.00124	0.00178	0.00870	0.00284	0.00249
40	0.00368	0.00285	0.00335	0.00375	0.00431	0.00253	0.00262	0.00432	0.00635	0.00801	0.02306	0.51336	0.39333	0.00878	0.00378	0.00115	0.00168	0.00772	0.00284	0.00253
41	0.05927	0.65510	0.16588	0.00593	0.00882	0.01069	0.02413	0.00919	0.00620	0.00806	0.00458	0.00539	0.00397	0.00305	0.01820	0.00081	0.00357	0.00182	0.00135	0.00398
42	0.00687	0.00660	0.01151	0.32532	0.49113	0.00704	0.07089	0.00876	0.00663	0.00912	0.00567	0.00787	0.00457	0.00299	0.00326	0.01943	0.00388	0.00279	0.00146	0.00421
43	0.91406	0.00592	0.00450	0.00402	0.00592	0.00687	0.00331	0.00900	0.00521	0.01373	0.00426	0.00497	0.00331	0.00284	0.00189	0.00095	0.00237	0.00166	0.00189	0.00331
44	0.00370	0.00310	0.00322	0.00321	0.00419	0.00262	0.00240	0.00455	0.00715	0.00871	0.12507	0.04405	0.76234	0.00762	0.00362	0.00103	0.00154	0.00640	0.00290	0.00262
45	0.00670	0.00670	0.00937	0.00804	0.00804	0.00937	0.00670	0.00737	0.00469	0.00737	0.00402	0.00670	0.00402	0.00536	0.01004	0.00134	0.88684	0.00268	0.00134	0.00335
46	0.00635	0.00544	0.00635	0.00453	0.00725	0.00408	0.00363	0.00771	0.00635	0.00997	0.00544	0.00635	0.00453	0.00227	0.00227	0.00045	0.00227	0.00181	0.00181	0.91115
47	0.00363	0.00310	0.00312	0.00311	0.00414	0.00259	0.00234	0.00442	0.00701	0.00834	0.04636	0.02933	0.85670	0.00772	0.00362	0.00103	0.00155	0.00644	0.00285	0.00259
48	0.00632	0.00599	0.01016	0.62285	0.27906	0.00694	0.00877	0.00830	0.00638	0.00848	0.00554	0.00798	0.00431	0.00296	0.00305	0.00099	0.00395	0.00272	0.00141	0.00384
49	0.00365	0.00310	0.00314	0.00313	0.00415	0.00260	0.00235	0.00445	0.00705	0.00845	0.06850	0.02916	0.83450	0.00768	0.00362	0.00103	0.00155	0.00642	0.00287	0.00260
50	0.04493	0.00551	0.00718	0.00553	0.00788	0.00499	0.00456	0.08397	0.00910	0.77554	0.01142	0.00998	0.00723	0.00375	0.00304	0.00094	0.00266	0.00300	0.00366	0.00514
51	0.00871	0.67198	0.06356	0.00594	0.00848	0.16832	0.00571	0.02294	0.00680	0.00758	0.00446	0.00515	0.00395	0.00275	0.00218	0.00070	0.00375	0.00175	0.00138	0.00391
52	0.91406	0.00592	0.00450	0.00402	0.00592	0.00687	0.00331	0.00900	0.00521	0.01373	0.00426	0.00497	0.00331	0.00284	0.00189	0.00095	0.00237	0.00166	0.00189	0.00331
53	0.00439	0.00308	0.00398	0.00401	0.00424	0.00330	0.00269	0.00485	0.00469	0.00647	0.00931	0.04712	0.01004	0.51017	0.36476	0.00370	0.00504	0.00413	0.00180	0.00223
54	0.00715	0.38232	0.46494	0.00722	0.01072	0.03147	0.00848	0.00946	0.00635	0.00852	0.00491	0.00580	0.00390	0.00288	0.00276	0.00085	0.03477	0.00201	0.00131	0.00421
55	0.00606	0.01898	0.17620	0.05181	0.06556	0.00569	0.22812	0.02048	0.00694	0.03227	0.05901	0.17391	0.02496	0.00504	0.00350	0.00108	0.00358	0.11102	0.00209	0.00369
56	0.06496	0.00525	0.00695	0.00536	0.00771	0.00463	0.00443	0.01458	0.00856	0.82644	0.01163	0.01011	0.00733	0.00373	0.00301	0.00095	0.00259	0.00300	0.00368	0.00510
57	0.01007	0.00434	0.00544	0.00452	0.00615	0.00399	0.00362	0.04741	0.00797	0.46766	0.01146	0.06106	0.00844	0.00410	0.00281	0.00089	0.00217	0.01571	0.32802	0.00417
58	0.05900	0.07498	0.11444	0.18817	0.29052	0.04579	0.09946	0.00946	0.01540	0.04204	0.00572	0.00732	0.00449	0.00294	0.00312	0.00094	0.02782	0.00261	0.00157	0.00420
59	0.00472	0.00373	0.00457	0.00478	0.04984	0.00376	0.00336	0.01927	0.02496	0.00961	0.18754	0.13328	0.32954	0.01596	0.00416	0.00105	0.08456	0.00546	0.10691	0.00293
60	0.01342	0.00512	0.00694	0.00534	0.00765	0.00443	0.00441	0.01461	0.00867	0.84148	0.01199	0.01046	0.00759	0.00378	0.00304	0.00094	0.00256	0.00307	0.03941	0.00512
61	0.00437	0.00327	0.00390	0.00382	0.00463	0.00303	0.00283	0.00592	0.05647	0.01973	0.44625	0.13363	0.26452	0.00689	0.00358	0.00102	0.00158	0.00599	0.02568	0.00289
62	0.00909	0.05798	0.29550	0.03165	0.11180	0.01646	0.08730	0.06778	0.02835	0.25266	0.00764	0.00799	0.00532	0.00317	0.00300	0.00094	0.00375	0.00271	0.00221	0.00470
63	0.00716	0.00874	0.15338	0.05700	0.05015	0.06048	0.06979	0.01962	0.07165	0.02219	0.00543	0.00725	0.00455	0.00423	0.00653	0.00115	0.44258	0.00271	0.00156	0.00385
64	0.00375	0.00268	0.00358	0.00429	0.00448	0.00251	0.00288	0.00430	0.00588	0.00784	0.01686	0.87307	0.02019	0.00957	0.00391	0.00125	0.00180	0.02583	0.00284	0.00249
65	0.00805	0.57612	0.19852	0.00686	0.05310	0.03295	0.00680	0.07043	0.00696	0.00875	0.00483	0.00557	0.00406	0.00277	0.00232	0.00076	0.00362	0.00191	0.00145	0.00418
66	0.00841	0.02165	0.14760	0.13072	0.25533	0.03222	0.04399	0.18963	0.05684	0.06456	0.00684	0.00803	0.00517	0.00321	0.00304	0.00095	0.00375	0.01142	0.00203	0.00459
67	0.00434	0.00383	0.00445	0.00427	0.02351	0.01412	0.03870	0.00583	0.06648	0.00911	0.12253	0.02553	0.64076	0.00692	0.00364	0.00102	0.01338	0.00585	0.00280	0.00291
68	0.02936	0.00698	0.00785	0.00615	0.00839	0.02360	0.00504	0.42345	0.06982	0.31950	0.02586	0.00908	0.00682	0.00377	0.00302	0.00093	0.00294	0.00294	0.03955	0.00498
69	0.00759	0.61150	0.18274	0.00611	0.00887	0.01043	0.01495	0.00918	0.01672	0.01753	0.02025	0.00599	0.00458	0.00346	0.02677	0.00088	0.04508	0.00198	0.00141	0.00399

[dist]
# distance from previous block
# <min> <max>
5	16

[block]
# block no. 4 follows, 94 sequences, length 82
# corresponding to MSA columns:
# 244-325
name=unknown_E
#
# <colnr> <probs for GDERKNQSTAVLIFYWHMCP>
#	G	D	E	R	K	N	Q	S	T	A	V	L	I	F	Y	W	H	M	C	P
0	0.00669	0.01842	0.03832	0.13487	0.19394	0.07283	0.01208	0.01000	0.23091	0.00973	0.02025	0.15787	0.04772	0.00462	0.00326	0.00101	0.01224	0.00402	0.00221	0.01901
1	0.00740	0.17781	0.54079	0.00774	0.01144	0.02000	0.02038	0.09210	0.05520	0.03093	0.00598	0.00664	0.00442	0.00302	0.00277	0.00091	0.00404	0.00229	0.00163	0.00449
2	0.00753	0.00837	0.06337	0.03992	0.02297	0.22870	0.02463	0.02460	0.07446	0.00908	0.00648	0.02945	0.00554	0.01666	0.10740	0.00128	0.03706	0.00253	0.00180	0.28816
3	0.00384	0.00275	0.00371	0.00438	0.00461	0.00262	0.00302	0.00445	0.00589	0.00786	0.01638	0.79204	0.01944	0.01020	0.04868	0.00144	0.00217	0.06123	0.00278	0.00252
4	0.00418	0.00346	0.02345	0.00403	0.01633	0.00302	0.00297	0.00510	0.01807	0.00839	0.11572	0.13356	0.36545	0.17888	0.02006	0.00152	0.00218	0.08841	0.00264	0.00259
5	0.00718	0.03166	0.09049	0.11911	0.49018	0.00743	0.19052	0.00931	0.00686	0.00960	0.00575	0.00762	0.00460	0.00275	0.00312	0.00095	0.00408	0.00284	0.00148	0.00447
6	0.00860	0.00515	0.00613	0.00525	0.00690	0.00523	0.00416	0.05567	0.28559	0.27662	0.21369	0.02348	0.06746	0.00485	0.00327	0.00099	0.00224	0.01703	0.00335	0.00432
7	0.01373	0.00521	0.00710	0.00545	0.00781	0.00450	0.00450	0.01492	0.00876	0.87546	0.01207	0.01042	0.00758	0.00379	0.00308	0.00095	0.00260	0.00308	0.00379	0.00521
8	0.00654	0.00566	0.00931	0.07045	0.43560	0.00572	0.03179	0.00822	0.00703	0.02917	0.03115	0.01789	0.01010	0.00494	0.00350	0.00110	0.00333	0.31245	0.00208	0.00395
9	0.00761	0.00657	0.00692	0.00623	0.00796	0.00761	0.00484	0.01626	0.86782	0.01280	0.01246	0.01142	0.00934	0.00415	0.00311	0.00104	0.00242	0.00346	0.00311	0.00484
10	0.01018	0.00767	0.00822	0.00661	0.00879	0.00854	0.00536	0.53744	0.29156	0.03810	0.00917	0.00883	0.00666	0.00381	0.00305	0.00095	0.00298	0.00298	0.02425	0.01483
11	0.00373	0.00267	0.00354	0.00424	0.00443	0.00249	0.00283	0.00426	0.00588	0.00782	0.01711	0.87596	0.03457	0.00956	0.00390	0.00124	0.00177	0.00866	0.00284	0.00249
12	0.90108	0.00596	0.00457	0.00407	0.00597	0.00690	0.00335	0.02128	0.00534	0.01381	0.00431	0.00501	0.00334	0.00285	0.00191	0.00095	0.00238	0.00167	0.00191	0.00334
13	0.01163	0.00857	0.00919	0.00704	0.00949	0.00949	0.00582	0.86314	0.01439	0.01929	0.00735	0.00735	0.00520	0.00367	0.00306	0.00092	0.00337	0.00276	0.00306	0.00520
14	0.00758	0.00727	0.01242	0.01879	0.87334	0.00727	0.00939	0.00939	0.00697	0.01000	0.00576	0.00758	0.00485	0.00273	0.00303	0.00091	0.00364	0.00273	0.00152	0.00485
15	0.00372	0.00310	0.00324	0.00321	0.00420	0.00263	0.00241	0.00459	0.00722	0.00885	0.15309	0.02850	0.74966	0.00753	0.00362	0.00102	0.00153	0.00633	0.00292	0.00263
16	0.00423	0.00312	0.00395	0.00375	0.00451	0.00285	0.00281	0.00558	0.00843	0.01172	0.75479	0.02378	0.14617	0.00646	0.00361	0.00097	0.00146	0.00566	0.00330	0.00285
17	0.01092	0.01052	0.00859	0.00718	0.00912	0.35724	0.00567	0.44254	0.02291	0.01360	0.02173	0.00724	0.00533	0.00472	0.05783	0.00112	0.00448	0.00253	0.00239	0.00434
18	0.00744	0.00694	0.01143	0.16519	0.65000	0.00722	0.00883	0.06487	0.00731	0.01019	0.00644	0.00820	0.02633	0.00297	0.00305	0.00093	0.00364	0.00282	0.00162	0.00457
19	0.00839	0.06798	0.05290	0.00490	0.00652	0.04544	0.00416	0.15905	0.01753	0.14705	0.03378	0.01019	0.00738	0.04238	0.01288	0.00096	0.01648	0.00287	0.35535	0.00382
20	0.03680	0.00628	0.00889	0.00764	0.00796	0.00831	0.04969	0.02716	0.00526	0.00808	0.00613	0.09197	0.01858	0.00561	0.00846	0.00129	0.67258	0.02438	0.00161	0.00332
21	0.00694	0.38143	0.07833	0.41040	0.01460	0.02069	0.03191	0.00865	0.00625	0.00775	0.00496	0.00663	0.00401	0.00285	0.00260	0.00086	0.00382	0.00224	0.00134	0.00373
22	0.00681	0.00714	0.01403	0.10796	0.17298	0.00713	0.46841	0.00903	0.02177	0.00941	0.00699	0.06799	0.00603	0.00343	0.00377	0.00104	0.04684	0.02424	0.00166	0.01334
23	0.00458	0.00313	0.00386	0.00411	0.00434	0.00313	0.00288	0.00505	0.00533	0.00703	0.01200	0.05519	0.01353	0.57828	0.01153	0.00241	0.00288	0.27637	0.00220	0.00219
24	0.01344	0.00528	0.00711	0.00546	0.00783	0.00461	0.00450	0.02618	0.02246	0.83065	0.01187	0.01030	0.00750	0.00376	0.00306	0.00094	0.00260	0.00305	0.00372	0.02569
25	0.00717	0.02479	0.47628	0.01088	0.14216	0.09291	0.17307	0.01968	0.00699	0.00962	0.00560	0.00687	0.00419	0.00285	0.00304	0.00095	0.00458	0.00256	0.00142	0.00440
26	0.00395	0.00321	0.00356	0.00374	0.00469	0.00282	0.00299	0.00489	0.00699	0.00849	0.02726	0.03074	0.65558	0.00793	0.00377	0.00113	0.00187	0.22090	0.00284	0.00264
27	0.01323	0.00506	0.00684	0.00528	0.00755	0.00440	0.00435	0.01443	0.00861	0.82141	0.01194	0.01048	0.00759	0.00377	0.00302	0.00093	0.00253	0.00306	0.06045	0.00506
28	0.00453	0.00334	0.00426	0.00399	0.00478	0.00318	0.00300	0.00642	0.06239	0.01227	0.80933	0.02221	0.03632	0.00614	0.00358	0.00097	0.00151	0.00541	0.00335	0.00301
29	0.00876	0.52753	0.10786	0.00668	0.00926	0.23616	0.04800	0.01005	0.00693	0.00767	0.00461	0.00540	0.00396	0.00279	0.00235	0.00074	0.00408	0.00189	0.00139	0.00390
30	0.01336	0.00527	0.00704	0.00542	0.00774	0.00465	0.00447	0.05087	0.00892	0.80877	0.01180	0.01032	0.00748	0.00378	0.00304	0.00094	0.00260	0.00306	0.03533	0.00513
31	0.00424	0.00312	0.00396	0.00375	0.00451	0.00285	0.00281	0.00559	0.00844	0.01173	0.75853	0.02375	0.14241	0.00646	0.00361	0.00097	0.00146	0.00566	0.00330	0.00285
32	0.00428	0.00320	0.00402	0.00452	0.00494	0.00317	0.00317	0.00582	0.10770	0.00846	0.01661	0.68053	0.04761	0.03037	0.00411	0.00126	0.00194	0.06265	0.00285	0.00277
33	0.01073	0.00741	0.02506	0.02056	0.00885	0.04624	0.00541	0.37027	0.17872	0.22381	0.00986	0.01050	0.00726	0.00405	0.00313	0.00098	0.00309	0.05610	0.00310	0.00487
34	0.00433	0.00313	0.00409	0.00385	0.00457	0.00289	0.00289	0.00578	0.00866	0.01227	0.87173	0.02286	0.02888	0.00626	0.00361	0.00096	0.00144	0.00554	0.00337	0.00289
35	0.01184	0.00483	0.00660	0.00542	0.00743	0.00426	0.00450	0.01305	0.00840	0.69307	0.02781	0.03619	0.00995	0.00476	0.00330	0.00103	0.00260	0.14668	0.00359	0.00470
36	0.00822	0.86503	0.01595	0.00541	0.00802	0.02652	0.01934	0.00923	0.00628	0.00725	0.00429	0.00497	0.00394	0.00263	0.00200	0.00066	0.00334	0.00167	0.00132	0.00392
37	0.00481	0.00407	0.04176	0.00587	0.07578	0.00351	0.00418	0.01510	0.00634	0.02140	0.01466	0.45039	0.05019	0.05848	0.00440	0.00127	0.00237	0.17618	0.00256	0.05668
38	0.02261	0.14663	0.52780	0.00877	0.06218	0.02576	0.07885	0.03924	0.00691	0.00981	0.04015	0.00708	0.00504	0.00299	0.00284	0.00092	0.00415	0.00244	0.00149	0.00434
39	0.00643	0.00579	0.00930	0.68889	0.09290	0.00692	0.01546	0.02991	0.07590	0.02990	0.00625	0.00841	0.00469	0.00315	0.00307	0.00101	0.00386	0.00280	0.00162	0.00374
40	0.02194	0.00669	0.01130	0.28241	0.59949	0.00712	0.00902	0.00891	0.00668	0.00940	0.00564	0.00771	0.00459	0.00283	0.00302	0.00094	0.00375	0.00271	0.00147	0.00438
41	0.00818	0.89428	0.01604	0.00524	0.00786	0.01211	0.00524	0.00916	0.00622	0.00720	0.00426	0.00491	0.00393	0.00262	0.00196	0.00065	0.00327	0.00164	0.00131	0.00393
42	0.00444	0.00313	0.00410	0.00390	0.00462	0.00289	0.00291	0.00582	0.00849	0.02554	0.80476	0.07694	0.02800	0.00643	0.00362	0.00098	0.00148	0.00569	0.00334	0.00290
43	0.00888	0.63548	0.02674	0.00594	0.00831	0.20653	0.00548	0.02416	0.00689	0.00757	0.00445	0.00517	0.00397	0.00280	0.00231	0.00070	0.01768	0.00176	0.00141	0.02378
44	0.00445	0.00297	0.00334	0.00334	0.00334	0.00297	0.00185	0.00445	0.00445	0.00593	0.00964	0.02003	0.01113	0.89244	0.01558	0.00297	0.00297	0.00445	0.00185	0.00185
45	0.00656	0.19473	0.70133	0.00801	0.01215	0.00813	0.01007	0.00959	0.00641	0.00919	0.00524	0.00615	0.00389	0.00285	0.00272	0.00091	0.00427	0.00213	0.00130	0.00440
46	0.00378	0.00270	0.00361	0.00432	0.00452	0.00253	0.00293	0.00435	0.00591	0.00787	0.01684	0.85609	0.02014	0.00954	0.00392	0.00125	0.00182	0.04257	0.00284	0.00250
47	0.00363	0.00310	0.00312	0.00312	0.00414	0.00259	0.00234	0.00442	0.00701	0.00836	0.05001	0.02931	0.85304	0.00772	0.00362	0.00103	0.00155	0.00644	0.00285	0.00259
48	0.00776	0.00767	0.01208	0.04645	0.79141	0.06186	0.00915	0.00952	0.00705	0.00977	0.00568	0.00747	0.00477	0.00276	0.00301	0.00091	0.00377	0.00268	0.00151	0.00472
49	0.00415	0.00309	0.00390	0.00396	0.00465	0.00283	0.00299	0.00531	0.00769	0.01041	0.47230	0.17190	0.19092	0.00734	0.00373	0.00107	0.00167	0.09622	0.00312	0.00275
50	0.00677	0.23544	0.56761	0.00830	0.01219	0.00843	0.10200	0.00957	0.00648	0.00908	0.00526	0.00627	0.00397	0.00280	0.00275	0.00090	0.00428	0.00225	0.00132	0.00433
51	0.77235	0.00613	0.00509	0.00462	0.02334	0.00704	0.00367	0.08124	0.03362	0.01405	0.00493	0.00556	0.00379	0.00297	0.00206	0.00094	0.00246	0.00185	0.02074	0.00354
52	0.00740	0.00721	0.01173	0.16809	0.69597	0.03762	0.00912	0.00922	0.00688	0.00954	0.00567	0.00760	0.00468	0.00280	0.00303	0.00092	0.00378	0.00270	0.00149	0.00455
53	0.00445	0.00368	0.03480	0.00422	0.00512	0.00313	0.02176	0.00598	0.00852	0.01207	0.81125	0.03372	0.02737	0.00611	0.00359	0.00097	0.00164	0.00542	0.00325	0.00297
54	0.91406	0.00592	0.00450	0.00402	0.00592	0.00687	0.00331	0.00900	0.00521	0.01373	0.00426	0.00497	0.00331	0.00284	0.00189	0.00095	0.00237	0.00166	0.00189	0.00331
55	0.85723	0.00589	0.00479	0.05914	0.00687	0.00686	0.00364	0.00892	0.00527	0.01336	0.00434	0.00517	0.00336	0.00285	0.00197	0.00095	0.00247	0.00172	0.00186	0.00332
56	0.02049	0.06252	0.00991	0.27058	0.13594	0.00804	0.01447	0.33816	0.00967	0.09064	0.00673	0.00772	0.00492	0.00328	0.00298	0.00093	0.00355	0.00269	0.00226	0.00450
57	0.00381	0.00277	0.00362	0.00426	0.00455	0.00257	0.00295	0.00444	0.00607	0.00801	0.02915	0.74637	0.09112	0.00931	0.00390	0.00123	0.00183	0.06867	0.00285	0.00252
58	0.02299	0.08504	0.59061	0.00875	0.07105	0.02055	0.01842	0.08317	0.00726	0.04391	0.00595	0.01838	0.00442	0.00306	0.00286	0.00094	0.00413	0.00240	0.00160	0.00452
59	0.00830	0.79561	0.05799	0.00552	0.00822	0.01170	0.00557	0.06262	0.00674	0.00808	0.00451	0.00514	0.00401	0.00270	0.00208	0.00069	0.00334	0.00174	0.00142	0.00404
60	0.00926	0.00739	0.00785	0.00656	0.00859	0.00838	0.00524	0.36334	0.51805	0.01546	0.01036	0.00975	0.00765	0.00396	0.00309	0.00099	0.00281	0.00317	0.00309	0.00499
61	0.00673	0.00549	0.02212	0.06719	0.14028	0.00534	0.13355	0.05624	0.04527	0.07945	0.08918	0.11679	0.05116	0.00511	0.00343	0.00105	0.00303	0.12122	0.04362	0.00376
62	0.00376	0.00268	0.00357	0.00427	0.00445	0.00251	0.00286	0.00430	0.00586	0.00780	0.01674	0.86311	0.02006	0.02363	0.00410	0.00127	0.00181	0.02192	0.00283	0.00248
63	0.00402	0.00312	0.00366	0.00352	0.00438	0.00276	0.00264	0.00517	0.00793	0.01053	0.50560	0.02573	0.39610	0.00691	0.00361	0.00099	0.00149	0.00594	0.00314	0.00276
64	0.00742	0.00744	0.01149	0.21889	0.54664	0.07595	0.04121	0.00920	0.00684	0.00920	0.00556	0.00755	0.00456	0.00292	0.00326	0.00094	0.03240	0.00270	0.00148	0.00433
65	0.91406	0.00592	0.00450	0.00402	0.00592	0.00687	0.00331	0.00900	0.00521	0.01373	0.00426	0.00497	0.00331	0.00284	0.00189	0.00095	0.00237	0.00166	0.00189	0.00331
66	0.00427	0.00313	0.00400	0.00378	0.00453	0.00286	0.00284	0.00565	0.00851	0.01191	0.79513	0.02346	0.10571	0.00639	0.00361	0.00097	0.00145	0.00562	0.00332	0.00286
67	0.00392	0.00305	0.00356	0.00357	0.00435	0.00269	0.00262	0.00492	0.00748	0.00979	0.36225	0.15436	0.41160	0.00743	0.00366	0.00104	0.00154	0.00642	0.00305	0.00269
68	0.00397	0.00304	0.00364	0.00365	0.00439	0.00271	0.00267	0.00502	0.00757	0.01006	0.42052	0.17219	0.33477	0.00737	0.00366	0.00104	0.00154	0.00641	0.00309	0.00271
69	0.00839	0.83924	0.01558	0.00540	0.00796	0.06642	0.00528	0.00936	0.00637	0.00722	0.00428	0.00495	0.00393	0.00265	0.00201	0.00066	0.00341	0.00166	0.00133	0.00390
70	0.00758	0.00727	0.01242	0.01879	0.87334	0.00727	0.00939	0.00939	0.00697	0.01000	0.00576	0.00758	0.00485	0.00273	0.00303	0.00091	0.00364	0.00273	0.00152	0.00485
71	0.00787	0.66418	0.13386	0.00586	0.00863	0.02018	0.00604	0.01006	0.10267	0.00818	0.00535	0.00586	0.00453	0.00284	0.00223	0.00074	0.00337	0.00193	0.00151	0.00411
72	0.00455	0.00311	0.00379	0.00402	0.00422	0.00310	0.00275	0.00497	0.00524	0.00692	0.01180	0.06451	0.01335	0.60647	0.01189	0.00246	0.00287	0.23969	0.00217	0.00215
73	0.01163	0.00857	0.00919	0.00704	0.00949	0.00949	0.00582	0.86314	0.01439	0.01929	0.00735	0.00735	0.00520	0.00367	0.00306	0.00092	0.00337	0.00276	0.00306	0.00520
74	0.00670	0.00670	0.00937	0.00804	0.00804	0.00937	0.00670	0.00737	0.00469	0.00737	0.00402	0.00670	0.00402	0.00536	0.01004	0.00134	0.88684	0.00268	0.00134	0.00335
75	0.00661	0.00559	0.00649	0.00466	0.00736	0.00435	0.00373	0.04968	0.00674	0.01043	0.00553	0.00640	0.00457	0.00234	0.00231	0.00048	0.00232	0.00186	0.00187	0.86670
76	0.00722	0.00826	0.01806	0.01290	0.01600	0.00774	0.86223	0.00980	0.00722	0.00980	0.00619	0.00826	0.00464	0.00258	0.00361	0.00103	0.00516	0.00361	0.00155	0.00413
77	0.00493	0.00352	0.00493	0.00564	0.00634	0.00352	0.00493	0.00634	0.00705	0.00916	0.01621	0.03452	0.01761	0.00845	0.00423	0.00141	0.00282	0.85274	0.00282	0.00282
78	0.00642	0.00555	0.00673	0.00542	0.06144	0.00428	0.00399	0.00781	0.00639	0.00997	0.00546	0.00642	0.00455	0.00230	0.00231	0.00048	0.00235	0.00187	0.00179	0.85445
79	0.00788	0.05851	0.01171	0.10976	0.59573	0.02176	0.00848	0.09516	0.03111	0.01054	0.00594	0.00752	0.00485	0.00293	0.00306	0.00091	0.01516	0.00267	0.00168	0.00463
80	0.00638	0.02397	0.37161	0.08485	0.04877	0.02605	0.02472	0.03403	0.09156	0.02338	0.16984	0.01102	0.01781	0.00387	0.00319	0.00097	0.01618	0.01447	0.02329	0.00406
81	0.00408	0.00298	0.00383	0.00391	0.00449	0.00273	0.00282	0.00518	0.00763	0.01051	0.52723	0.29579	0.10256	0.00744	0.00370	0.00106	0.00156	0.00661	0.00316	0.00273

[dist]
# distance from previous block
# <min> <max>
0	6

[block]
# block no. 5 follows, 94 sequences, length 114
# corresponding to MSA columns:
# 332-445
name=unknown_F
#
# <colnr> <probs for GDERKNQSTAVLIFYWHMCP>
#	G	D	E	R	K	N	Q	S	T	A	V	L	I	F	Y	W	H	M	C	P
0	0.01873	0.07980	0.15516	0.16409	0.39082	0.02020	0.01645	0.01798	0.07191	0.00965	0.01346	0.00763	0.00499	0.00299	0.00301	0.00093	0.01360	0.00262	0.00159	0.00439
1	0.09483	0.63279	0.01350	0.00575	0.01648	0.16766	0.00522	0.01953	0.00667	0.00804	0.00439	0.00508	0.00390	0.00275	0.00212	0.00071	0.00360	0.00172	0.00144	0.00382
2	0.07179	0.00434	0.00552	0.00460	0.00620	0.00398	0.00367	0.01058	0.01622	0.43021	0.32341	0.02589	0.01521	0.00468	0.00314	0.00094	0.00208	0.00393	0.05954	0.00405
3	0.00729	0.00699	0.01188	0.14635	0.72959	0.00725	0.00921	0.00912	0.00680	0.00962	0.00567	0.00764	0.00472	0.00283	0.00318	0.00093	0.02212	0.00272	0.00149	0.00460
4	0.00370	0.00292	0.00334	0.00365	0.00431	0.00256	0.00260	0.00440	0.00654	0.00818	0.04545	0.39962	0.47373	0.00851	0.00375	0.00113	0.00166	0.01855	0.00285	0.00255
5	0.01373	0.00521	0.00710	0.00545	0.00781	0.00450	0.00450	0.01492	0.00876	0.87546	0.01207	0.01042	0.00758	0.00379	0.00308	0.00095	0.00260	0.00308	0.00379	0.00521
