[name]
unknown

[dist]
# distance from previous block
# <min> <max>
3	31

[block]
# block no. 0 follows, 77 sequences, length 11
# corresponding to MSA columns:
# 327-336,344
name=unknown_A
#
# <colnr> <probs for GDERKNQSTAVLIFYWHMCP>
#	G	D	E	R	K	N	Q	S	T	A	V	L	I	F	Y	W	H	M	C	P
0	0.00634	0.00486	0.00667	0.10944	0.07099	0.00506	0.00488	0.04816	0.00770	0.02540	0.18230	0.07386	0.02718	0.23246	0.12084	0.00235	0.01649	0.00497	0.00260	0.04745
1	0.04281	0.00730	0.02372	0.03454	0.31608	0.02949	0.05169	0.01071	0.09291	0.03468	0.05129	0.12793	0.01012	0.00475	0.00368	0.00109	0.01387	0.00429	0.03704	0.10201
2	0.02374	0.00701	0.00995	0.28000	0.19138	0.02445	0.00760	0.04990	0.00810	0.01147	0.03889	0.04683	0.00712	0.00374	0.00334	0.00096	0.00376	0.00327	0.00208	0.27640
3	0.00641	0.00467	0.00547	0.00523	0.00641	0.00459	0.00391	0.04469	0.14374	0.05709	0.21526	0.22781	0.18421	0.03038	0.00452	0.00130	0.00227	0.02407	0.00355	0.02441
4	0.04327	0.02100	0.02935	0.00878	0.07307	0.14990	0.12146	0.02060	0.09389	0.04769	0.13220	0.06024	0.04380	0.02004	0.00387	0.00109	0.00384	0.00416	0.00265	0.11912
5	0.00840	0.00678	0.00919	0.03133	0.06738	0.02605	0.10975	0.07188	0.15938	0.08962	0.10132	0.04434	0.14775	0.02769	0.00418	0.00118	0.00328	0.00475	0.00307	0.08270
6	0.00872	0.00734	0.05158	0.04489	0.11999	0.02847	0.10302	0.05815	0.04310	0.12276	0.16725	0.05946	0.02380	0.01868	0.00478	0.03589	0.04173	0.00439	0.00282	0.05319
7	0.00819	0.00685	0.01022	0.19380	0.22839	0.00714	0.02931	0.04844	0.06479	0.06654	0.06264	0.02714	0.07225	0.00491	0.02112	0.00119	0.03728	0.00387	0.00244	0.10350
8	0.04940	0.00603	0.02927	0.04441	0.03974	0.04532	0.00501	0.08941	0.00807	0.10238	0.02311	0.15612	0.03048	0.13308	0.18398	0.00245	0.00467	0.00484	0.01513	0.02709
9	0.00959	0.00634	0.00812	0.04039	0.02484	0.00544	0.02407	0.04644	0.03432	0.21297	0.06330	0.04290	0.00891	0.00391	0.00323	0.00084	0.00293	0.00329	0.00292	0.45524
10	0.00835	0.00717	0.02150	0.11881	0.22092	0.00728	0.07156	0.07759	0.12839	0.05658	0.13117	0.03916	0.06214	0.00481	0.00378	0.00114	0.00357	0.00434	0.00277	0.02897

[dist]
# distance from previous block
# <min> <max>
3	5

[block]
# block no. 1 follows, 77 sequences, length 16
# corresponding to MSA columns:
# 363-378
name=unknown_B
#
# <colnr> <probs for GDERKNQSTAVLIFYWHMCP>
#	G	D	E	R	K	N	Q	S	T	A	V	L	I	F	Y	W	H	M	C	P
0	0.00670	0.00746	0.14846	0.03353	0.02023	0.00590	0.02856	0.02674	0.14604	0.04117	0.07517	0.19330	0.16125	0.01637	0.02427	0.00137	0.03425	0.00577	0.00293	0.02054
1	0.00944	0.00853	0.00839	0.03445	0.00986	0.09561	0.00587	0.08816	0.59465	0.01483	0.07967	0.01325	0.01155	0.00487	0.00366	0.00117	0.00328	0.00398	0.00343	0.00534
2	0.00930	0.00805	0.06275	0.02549	0.02670	0.00686	0.07894	0.17926	0.00979	0.08057	0.02854	0.01010	0.04636	0.00373	0.00341	0.00088	0.01754	0.00311	0.00262	0.39599
3	0.00822	0.36990	0.38083	0.07685	0.01324	0.01094	0.00969	0.01076	0.00729	0.00981	0.00572	0.00702	0.00461	0.00350	0.00359	0.00102	0.06820	0.00243	0.00154	0.00482
4	0.03744	0.02905	0.01248	0.07806	0.01319	0.08206	0.24122	0.15011	0.17474	0.01366	0.05366	0.01143	0.02889	0.00514	0.03914	0.00134	0.01705	0.00384	0.00262	0.00486
5	0.00707	0.00631	0.00864	0.25933	0.07429	0.03766	0.03842	0.06441	0.08503	0.01107	0.05253	0.18107	0.09057	0.04714	0.00473	0.00134	0.01843	0.00532	0.00259	0.00404
6	0.00533	0.00413	0.00598	0.00591	0.00641	0.00488	0.00453	0.00642	0.00580	0.00834	0.01014	0.08280	0.01010	0.08624	0.65362	0.00489	0.08487	0.00440	0.00203	0.00318
7	0.00617	0.00315	0.00463	0.00463	0.00463	0.00315	0.00305	0.00473	0.00473	0.00630	0.00662	0.01186	0.00675	0.07599	0.01437	0.82959	0.00315	0.00328	0.00161	0.00161
8	0.09801	0.03718	0.01205	0.26110	0.31053	0.08863	0.03751	0.01052	0.00767	0.01081	0.00645	0.00913	0.00538	0.00375	0.00403	0.00114	0.06812	0.02157	0.00179	0.00463
9	0.08561	0.01013	0.03844	0.08065	0.17511	0.12006	0.08966	0.24183	0.08123	0.01475	0.00762	0.00871	0.00582	0.00381	0.00365	0.00111	0.02100	0.00315	0.00247	0.00520
10	0.00513	0.00373	0.00487	0.00496	0.00524	0.00397	0.00341	0.00578	0.00615	0.00850	0.07948	0.21026	0.01568	0.34958	0.23312	0.00335	0.04552	0.00599	0.00249	0.00279
11	0.12390	0.00932	0.07861	0.13115	0.27746	0.05993	0.02736	0.10104	0.07143	0.07439	0.00773	0.00892	0.00585	0.00366	0.00340	0.00111	0.00418	0.00307	0.00233	0.00516
12	0.01037	0.00823	0.00869	0.00767	0.03683	0.10298	0.00582	0.20046	0.14391	0.11219	0.08762	0.04530	0.01068	0.07587	0.00570	0.00134	0.09454	0.00400	0.00310	0.03472
13	0.00824	0.00718	0.03518	0.00638	0.00947	0.00581	0.04857	0.04948	0.05789	0.04971	0.00752	0.01890	0.00606	0.00318	0.00313	0.00071	0.02074	0.00261	0.00236	0.65688
14	0.00544	0.00490	0.03490	0.00617	0.00743	0.00427	0.11347	0.00718	0.02339	0.01213	0.40918	0.21413	0.10741	0.02773	0.00461	0.00128	0.00255	0.00695	0.00335	0.00352
15	0.00578	0.00503	0.00787	0.03391	0.00847	0.01626	0.16178	0.00740	0.04752	0.01009	0.09739	0.35167	0.07118	0.15077	0.00664	0.00167	0.00320	0.00711	0.00286	0.00340

[dist]
# distance from previous block
# <min> <max>
2	5

[block]
# block no. 2 follows, 77 sequences, length 9
# corresponding to MSA columns:
# 384-392
name=unknown_C
#
# <colnr> <probs for GDERKNQSTAVLIFYWHMCP>
#	G	D	E	R	K	N	Q	S	T	A	V	L	I	F	Y	W	H	M	C	P
0	0.00848	0.04659	0.53398	0.00917	0.01314	0.00867	0.01054	0.06690	0.08294	0.06852	0.00781	0.00898	0.00583	0.03290	0.00465	0.00124	0.07940	0.00299	0.00207	0.00521
1	0.00808	0.00782	0.00799	0.00707	0.00799	0.16736	0.03285	0.06713	0.02569	0.00953	0.00952	0.03874	0.03969	0.24962	0.10871	0.00238	0.17964	0.00406	0.00216	0.02398
2	0.37120	0.00854	0.00737	0.00635	0.00847	0.14437	0.00508	0.13329	0.03053	0.12053	0.03924	0.00896	0.00678	0.00620	0.08726	0.00154	0.00422	0.00282	0.00272	0.00451
3	0.01189	0.00679	0.00826	0.00623	0.00916	0.00598	0.00507	0.11232	0.05461	0.36284	0.01034	0.00991	0.00721	0.00372	0.00322	0.00088	0.00299	0.00298	0.00335	0.37225
4	0.00468	0.00366	0.00424	0.00410	0.00512	0.00322	0.00307	0.00600	0.00922	0.01214	0.45417	0.03064	0.43045	0.00821	0.00425	0.00117	0.00176	0.00703	0.00366	0.00322
5	0.01024	0.15753	0.01070	0.00785	0.03250	0.13857	0.00619	0.12442	0.41777	0.01387	0.03663	0.01073	0.00887	0.00435	0.00337	0.00107	0.00372	0.00338	0.00297	0.00526
6	0.00836	0.02330	0.02511	0.00924	0.09273	0.05861	0.00687	0.13252	0.00798	0.01111	0.00766	0.05214	0.00715	0.03538	0.18111	0.00228	0.31189	0.00364	0.01870	0.00423
7	0.00441	0.00361	0.00389	0.00390	0.00498	0.00309	0.00289	0.00544	0.00846	0.01052	0.18075	0.09057	0.64711	0.00894	0.00427	0.00122	0.00182	0.00758	0.00345	0.00309
8	0.01078	0.29663	0.03620	0.00731	0.00972	0.07366	0.00642	0.21265	0.07851	0.07543	0.00819	0.04069	0.00670	0.00434	0.00394	0.00104	0.08745	0.00307	0.03227	0.00499

[dist]
# distance from previous block
# <min> <max>
2	39

[block]
# block no. 3 follows, 77 sequences, length 28
# corresponding to MSA columns:
# 432-459
name=unknown_D
#
# <colnr> <probs for GDERKNQSTAVLIFYWHMCP>
#	G	D	E	R	K	N	Q	S	T	A	V	L	I	F	Y	W	H	M	C	P
0	0.00808	0.02745	0.00838	0.03985	0.00960	0.06904	0.02050	0.00975	0.01581	0.02227	0.00647	0.00760	0.00533	0.00289	0.00291	0.00064	0.01510	0.00227	0.00211	0.72392
1	0.02818	0.18172	0.01070	0.00739	0.00856	0.05711	0.03877	0.00870	0.00640	0.00886	0.00692	0.00994	0.00643	0.02124	0.32191	0.00291	0.25154	0.00315	0.01573	0.00383
2	0.00830	0.17455	0.01041	0.05604	0.04252	0.12692	0.00614	0.04975	0.03167	0.00978	0.04249	0.06019	0.01727	0.06090	0.14913	0.00205	0.14213	0.00367	0.00209	0.00401
3	0.00516	0.00355	0.00427	0.00430	0.00447	0.00365	0.00267	0.00545	0.00548	0.00739	0.01210	0.04322	0.04192	0.66018	0.17804	0.00380	0.00457	0.00518	0.00220	0.00243
4	0.01472	0.00609	0.00801	0.00629	0.00886	0.00551	0.00515	0.02842	0.07733	0.70690	0.04027	0.01280	0.00983	0.00456	0.00359	0.00111	0.00295	0.00373	0.04803	0.00587
5	0.00584	0.00385	0.00499	0.00460	0.00562	0.00351	0.00349	0.00747	0.01006	0.07565	0.73324	0.02632	0.08708	0.00726	0.00420	0.00114	0.00181	0.00637	0.00395	0.00357
6	0.00957	0.00793	0.00841	0.00740	0.00953	0.00910	0.00580	0.10214	0.74377	0.03295	0.01402	0.01291	0.01045	0.00481	0.00365	0.00120	0.00296	0.00397	0.00367	0.00575
7	0.02604	0.00682	0.00756	0.00631	0.00838	0.00724	0.00507	0.24467	0.19464	0.18133	0.01206	0.01241	0.00888	0.00456	0.00334	0.00107	0.00290	0.02449	0.23703	0.00519
8	0.27187	0.00876	0.00885	0.00701	0.00961	0.00971	0.00575	0.52893	0.01306	0.06364	0.00795	0.00847	0.00583	0.03071	0.00365	0.00116	0.00355	0.00294	0.00320	0.00535
9	0.01113	0.00709	0.00813	0.00678	0.00898	0.00751	0.00541	0.17552	0.32955	0.23453	0.13376	0.01413	0.01278	0.00500	0.00370	0.00114	0.00293	0.00413	0.02231	0.00551
10	0.00695	0.00653	0.01102	0.75447	0.11066	0.00792	0.00993	0.00928	0.00729	0.00946	0.00678	0.03191	0.00538	0.00375	0.00362	0.00119	0.00467	0.00338	0.00166	0.00415
11	0.00488	0.00365	0.00453	0.00435	0.00526	0.00330	0.00325	0.00638	0.00964	0.01323	0.64477	0.05402	0.21378	0.00786	0.00425	0.00116	0.00174	0.00686	0.00380	0.00330
12	0.00831	0.00945	0.03546	0.01424	0.03878	0.00921	0.66722	0.01097	0.00801	0.01108	0.00715	0.02696	0.00572	0.00367	0.00528	0.00126	0.12655	0.00416	0.00181	0.00471
13	0.00443	0.00356	0.00395	0.00404	0.00502	0.00308	0.00296	0.00544	0.00834	0.01049	0.18329	0.17826	0.55621	0.00916	0.00431	0.00124	0.00184	0.00785	0.00345	0.00308
14	0.00516	0.00377	0.00537	0.00537	0.00587	0.00427	0.00398	0.00616	0.00566	0.00804	0.01001	0.01622	0.00990	0.21502	0.67253	0.00527	0.00827	0.00416	0.00198	0.00298
15	0.15817	0.05995	0.01009	0.00778	0.01028	0.24327	0.00629	0.40012	0.01252	0.04816	0.00720	0.00756	0.00537	0.00393	0.00320	0.00103	0.00442	0.00272	0.00281	0.00514
16	0.02042	0.00652	0.00778	0.07662	0.02598	0.01764	0.01819	0.14480	0.02853	0.03273	0.03210	0.04873	0.12702	0.00484	0.00341	0.00094	0.00304	0.03633	0.02499	0.33940
17	0.00697	0.00617	0.02545	0.26808	0.14385	0.00647	0.02783	0.04914	0.02231	0.03200	0.09252	0.04910	0.13322	0.02196	0.08773	0.00167	0.01439	0.00457	0.00242	0.00415
18	0.01035	0.00865	0.00887	0.00761	0.00983	0.04299	0.00601	0.25132	0.55576	0.01682	0.01271	0.03329	0.00967	0.00483	0.00365	0.00117	0.00329	0.00392	0.00356	0.00568
19	0.02639	0.00813	0.01260	0.36472	0.17055	0.06779	0.13940	0.04289	0.00807	0.01077	0.00708	0.02597	0.00579	0.00388	0.00414	0.00118	0.05663	0.01553	0.02402	0.00448
20	0.00769	0.01012	0.21948	0.07743	0.20488	0.00758	0.18676	0.02965	0.01928	0.02573	0.07487	0.10165	0.00957	0.00450	0.00384	0.00118	0.00447	0.00432	0.00216	0.00484
21	0.00562	0.00406	0.00511	0.00473	0.00590	0.00355	0.00353	0.00703	0.00900	0.04151	0.47450	0.18549	0.08964	0.00744	0.00405	0.00111	0.00197	0.00655	0.00354	0.13565
22	0.00721	0.00579	0.02631	0.00637	0.03384	0.01992	0.01613	0.06378	0.12955	0.06691	0.23672	0.08883	0.17471	0.00792	0.04767	0.01318	0.04210	0.00563	0.00333	0.00412
23	0.00852	0.00805	0.01365	0.14500	0.70039	0.00828	0.01059	0.01068	0.00802	0.01143	0.00689	0.00916	0.00569	0.00330	0.00353	0.00108	0.00426	0.00321	0.03292	0.00537
24	0.00994	0.00928	0.00878	0.03771	0.01026	0.14770	0.00616	0.05189	0.59431	0.03488	0.01226	0.01173	0.00925	0.00466	0.00387	0.00118	0.03388	0.00367	0.00324	0.00535
25	0.00464	0.00351	0.00392	0.00406	0.00467	0.00320	0.00272	0.00524	0.00702	0.00887	0.05387	0.18167	0.38307	0.28957	0.02641	0.00209	0.00256	0.00719	0.00296	0.00275
26	0.01245	0.00965	0.01000	0.00802	0.01062	0.04639	0.00650	0.56458	0.23896	0.03942	0.01025	0.00992	0.00743	0.00445	0.00360	0.00111	0.00375	0.00343	0.00356	0.00592
27	0.00706	0.00667	0.01128	0.75690	0.13070	0.00806	0.01012	0.00943	0.00732	0.00952	0.00644	0.00950	0.00491	0.00355	0.00359	0.00118	0.00473	0.00320	0.00162	0.00421

[dist]
# distance from previous block
# <min> <max>
2	4

[block]
# block no. 4 follows, 77 sequences, length 30
# corresponding to MSA columns:
# 472-484,494-510
name=unknown_E
#
# <colnr> <probs for GDERKNQSTAVLIFYWHMCP>
#	G	D	E	R	K	N	Q	S	T	A	V	L	I	F	Y	W	H	M	C	P
0	0.03693	0.54189	0.19228	0.00776	0.04907	0.02907	0.00770	0.01086	0.00746	0.02957	0.00626	0.04430	0.00557	0.00361	0.00286	0.00092	0.01487	0.00256	0.00172	0.00473
1	0.00925	0.00637	0.00710	0.00609	0.00797	0.03522	0.00479	0.05315	0.25568	0.17659	0.19060	0.01713	0.09743	0.00553	0.00389	0.00111	0.02114	0.00457	0.03152	0.06488
2	0.01334	0.00574	0.00762	0.00607	0.00839	0.00516	0.00492	0.03704	0.04195	0.61287	0.20014	0.01545	0.01449	0.00511	0.00376	0.00112	0.00277	0.00427	0.00429	0.00550
3	0.00600	0.00513	0.00799	0.21581	0.01152	0.00628	0.02601	0.00752	0.00622	0.00879	0.00844	0.03569	0.00772	0.01704	0.47580	0.00377	0.12456	0.00377	0.01840	0.00353
4	0.32567	0.00700	0.00666	0.00557	0.00762	0.00777	0.00453	0.30153	0.01034	0.01764	0.00826	0.00905	0.00624	0.00393	0.00279	0.00102	0.00287	0.00281	0.26418	0.00452
5	0.43512	0.00683	0.00690	0.00571	0.00812	0.00723	0.00468	0.07393	0.06572	0.31107	0.00937	0.00905	0.00647	0.00393	0.00292	0.00111	0.00294	0.00282	0.03113	0.00495
6	0.01047	0.13488	0.09657	0.02539	0.01069	0.06200	0.02509	0.27323	0.18946	0.03588	0.02094	0.01018	0.02296	0.00421	0.00335	0.00106	0.00382	0.00327	0.06128	0.00526
7	0.00502	0.00356	0.00414	0.00412	0.00449	0.00346	0.00263	0.00551	0.00646	0.00857	0.12671	0.04587	0.15330	0.53191	0.07690	0.00292	0.00340	0.00581	0.00262	0.00258
8	0.00689	0.00649	0.01096	0.82812	0.06087	0.00802	0.01004	0.00927	0.00724	0.00930	0.00641	0.00956	0.00483	0.00358	0.00359	0.00119	0.00477	0.00320	0.00161	0.00407
9	0.02563	0.05097	0.01211	0.12687	0.07564	0.04301	0.12976	0.25131	0.01050	0.08317	0.00792	0.00942	0.00604	0.02103	0.04650	0.00135	0.03031	0.00328	0.00254	0.06264
10	0.00962	0.87575	0.01885	0.00615	0.00923	0.01423	0.00615	0.01077	0.00731	0.00846	0.00500	0.00577	0.00462	0.00308	0.00231	0.00077	0.00385	0.00192	0.00154	0.00462
11	0.89899	0.00696	0.00529	0.00473	0.00696	0.00807	0.00390	0.01057	0.00612	0.01614	0.00501	0.00584	0.00390	0.00334	0.00223	0.00111	0.00278	0.00195	0.00223	0.00390
12	0.00812	0.00799	0.01332	0.38318	0.40504	0.03656	0.07332	0.01039	0.00785	0.01054	0.00660	0.00918	0.00526	0.00338	0.00362	0.00113	0.00471	0.00325	0.00171	0.00485
13	0.00450	0.00327	0.00424	0.00481	0.00521	0.00301	0.00330	0.00533	0.00758	0.01015	0.16639	0.65166	0.09647	0.01040	0.00450	0.00138	0.00200	0.00935	0.00345	0.00301
14	0.00461	0.00338	0.00432	0.00489	0.00534	0.00315	0.00341	0.00556	0.01945	0.00997	0.11778	0.60325	0.12026	0.02879	0.00481	0.00144	0.00211	0.05106	0.00339	0.00303
15	0.00688	0.00402	0.00505	0.00463	0.00574	0.00376	0.00353	0.00872	0.03258	0.12219	0.52317	0.05256	0.03764	0.00650	0.00384	0.00109	0.00192	0.00564	0.16676	0.00378
16	0.01528	0.00623	0.00829	0.00645	0.00912	0.00557	0.00531	0.05295	0.03548	0.75093	0.04126	0.01307	0.00986	0.00464	0.00366	0.00112	0.00305	0.01739	0.00436	0.00597
17	0.77935	0.00720	0.00592	0.00512	0.00743	0.00822	0.00422	0.08506	0.00728	0.05505	0.00575	0.00639	0.00432	0.00348	0.00241	0.00111	0.00290	0.00214	0.00245	0.00420
18	0.21336	0.49247	0.02516	0.00607	0.00881	0.02904	0.00564	0.11424	0.00832	0.01226	0.00618	0.00688	0.01622	0.00344	0.00252	0.00090	0.00358	0.00225	0.03810	0.00457
19	0.03446	0.31054	0.34886	0.00831	0.03917	0.00977	0.00892	0.01236	0.00801	0.17707	0.00745	0.00788	0.00546	0.00350	0.00305	0.00100	0.00426	0.00259	0.00213	0.00521
20	0.03335	0.17289	0.20280	0.00834	0.03739	0.01017	0.00784	0.20173	0.24793	0.01455	0.00920	0.02312	0.00708	0.00409	0.00331	0.00108	0.00388	0.00317	0.00266	0.00541
21	0.70919	0.00720	0.00627	0.00557	0.02075	0.00820	0.00447	0.07192	0.03628	0.07446	0.00627	0.00685	0.00470	0.00360	0.00270	0.00112	0.02138	0.00228	0.00251	0.00430
22	0.04621	0.00596	0.00703	0.03308	0.06571	0.06469	0.02196	0.02822	0.08449	0.09498	0.13062	0.29980	0.07017	0.00725	0.00416	0.00124	0.02091	0.00630	0.00319	0.00405
23	0.00478	0.00364	0.00439	0.00425	0.00520	0.00326	0.00317	0.00617	0.00939	0.01265	0.54497	0.06193	0.30692	0.00809	0.00426	0.00117	0.00175	0.00701	0.00373	0.00326
24	0.00896	0.00907	0.01667	0.14835	0.13187	0.02059	0.43930	0.11099	0.02761	0.01248	0.00729	0.00943	0.00555	0.00345	0.00418	0.00118	0.03228	0.00375	0.00203	0.00497
25	0.00528	0.00359	0.00463	0.00477	0.00550	0.00328	0.00345	0.00644	0.00860	0.05324	0.36549	0.36681	0.11659	0.00904	0.00437	0.00129	0.00198	0.02872	0.00365	0.00330
26	0.00522	0.00352	0.00411	0.00411	0.00418	0.00359	0.00241	0.00535	0.00529	0.00711	0.01116	0.02259	0.01266	0.78779	0.10354	0.00372	0.00411	0.00509	0.00215	0.00228
27	0.00964	0.80948	0.03281	0.00642	0.00940	0.03923	0.00635	0.01083	0.00735	0.00853	0.00503	0.00589	0.00462	0.00320	0.00264	0.00080	0.02966	0.00198	0.00155	0.00459
28	0.01997	0.00503	0.00571	0.00515	0.00655	0.00497	0.00397	0.12795	0.07719	0.04881	0.32100	0.08384	0.26120	0.00732	0.00407	0.00118	0.00225	0.00623	0.00366	0.00396
29	0.11156	0.03564	0.01006	0.00879	0.05863	0.21288	0.05124	0.14532	0.04646	0.07007	0.01749	0.00911	0.00639	0.00708	0.11544	0.00171	0.08201	0.00306	0.00243	0.00464

[dist]
# distance from previous block
# <min> <max>
0	1

[block]
# block no. 5 follows, 77 sequences, length 9
# corresponding to MSA columns:
# 512,513,521-527
name=unknown_F
#
# <colnr> <probs for GDERKNQSTAVLIFYWHMCP>
#	G	D	E	R	K	N	Q	S	T	A	V	L	I	F	Y	W	H	M	C	P
0	0.16012	0.00833	0.00874	0.00685	0.00959	0.00877	0.00559	0.39347	0.10883	0.04452	0.00840	0.00857	0.00622	0.00385	0.00317	0.00098	0.00331	0.00288	0.00307	0.20472
1	0.00777	0.00763	0.01179	0.58368	0.24890	0.05969	0.01009	0.01001	0.00765	0.00986	0.00644	0.00921	0.00503	0.00350	0.00357	0.00115	0.00476	0.00315	0.00166	0.00447
2	0.01290	0.00847	0.00888	0.00725	0.00966	0.09678	0.00581	0.23115	0.18710	0.31172	0.07235	0.01200	0.00998	0.00464	0.00363	0.00111	0.00351	0.00369	0.00376	0.00563
3	0.00623	0.00460	0.00608	0.00548	0.00691	0.00410	0.05345	0.03353	0.00856	0.07042	0.13501	0.20707	0.27536	0.00789	0.00415	0.00121	0.00247	0.06809	0.00329	0.09611
4	0.00437	0.00316	0.00414	0.00492	0.00519	0.00293	0.00330	0.00502	0.00697	0.00922	0.02090	0.81736	0.07698	0.01113	0.00457	0.00144	0.00207	0.01006	0.00334	0.00293
5	0.00676	0.00614	0.01010	0.48676	0.19033	0.00697	0.00863	0.00885	0.00783	0.01052	0.13736	0.08439	0.01106	0.00474	0.00377	0.00118	0.00398	0.00430	0.00215	0.00416
6	0.00878	0.00721	0.00983	0.00808	0.01014	0.00759	0.14994	0.19467	0.23521	0.03334	0.06286	0.14071	0.04532	0.00622	0.02070	0.00131	0.00355	0.02565	0.02405	0.00484
7	0.00522	0.00343	0.00413	0.00422	0.00446	0.00332	0.00268	0.00521	0.00594	0.00777	0.04231	0.09699	0.13304	0.45973	0.01347	0.17136	0.00300	0.02897	0.00242	0.00232
8	0.00997	0.12096	0.09021	0.08704	0.24067	0.09991	0.05999	0.10758	0.05031	0.05622	0.00753	0.00910	0.00595	0.00374	0.00360	0.00107	0.02229	0.01651	0.00218	0.00516

[dist]
# distance from previous block
# <min> <max>
4	9

[block]
# block no. 6 follows, 77 sequences, length 11
# corresponding to MSA columns:
# 541-543,551-556,559,560
name=unknown_G
#
# <colnr> <probs for GDERKNQSTAVLIFYWHMCP>
#	G	D	E	R	K	N	Q	S	T	A	V	L	I	F	Y	W	H	M	C	P
0	0.01047	0.00651	0.00789	0.00587	0.00887	0.00538	0.00475	0.04250	0.04905	0.27517	0.00931	0.00928	0.00675	0.00339	0.00304	0.00077	0.00284	0.00273	0.00298	0.54246
1	0.00652	0.00446	0.00555	0.00506	0.00625	0.00435	0.00386	0.00941	0.13199	0.08195	0.63743	0.02394	0.05137	0.00681	0.00411	0.00115	0.00198	0.00595	0.00394	0.00394
2	0.00786	0.00725	0.01082	0.06290	0.01050	0.00934	0.07936	0.04831	0.00629	0.00921	0.00549	0.00869	0.00511	0.00679	0.01061	0.15167	0.55112	0.00325	0.00169	0.00372
3	0.00659	0.00499	0.00719	0.19639	0.01072	0.00520	0.03581	0.02173	0.06557	0.06300	0.43478	0.05949	0.04800	0.01965	0.00425	0.00121	0.00279	0.00549	0.00328	0.00389
4	0.00921	0.00663	0.00722	0.00639	0.00822	0.02425	0.00498	0.03285	0.47507	0.12589	0.15722	0.01533	0.01424	0.00515	0.00363	0.00114	0.00266	0.00430	0.09050	0.00511
5	0.02978	0.09760	0.01234	0.14331	0.27747	0.00804	0.09769	0.02378	0.00759	0.04927	0.00777	0.01120	0.00677	0.12772	0.02849	0.00155	0.02691	0.00348	0.03472	0.00452
6	0.00530	0.00346	0.00398	0.00398	0.00398	0.00346	0.00225	0.00519	0.00519	0.00692	0.01097	0.02263	0.01258	0.81143	0.01800	0.06786	0.00346	0.00508	0.00213	0.00213
7	0.00948	0.00744	0.00855	0.00736	0.00897	0.00861	0.00586	0.24035	0.26812	0.04415	0.01241	0.12347	0.03562	0.00590	0.00520	0.00126	0.15840	0.00454	0.03933	0.00497
8	0.00968	0.02473	0.03478	0.07453	0.03623	0.02187	0.02624	0.12450	0.02600	0.14826	0.00971	0.02987	0.03121	0.00400	0.00330	0.00091	0.00337	0.03175	0.00274	0.35632
9	0.06409	0.36290	0.01322	0.00723	0.00962	0.08280	0.04342	0.07881	0.14200	0.03799	0.00818	0.04108	0.00700	0.00471	0.02277	0.00113	0.04795	0.01805	0.00233	0.00473
10	0.09098	0.20773	0.05690	0.05365	0.15451	0.15057	0.03239	0.03906	0.00845	0.04868	0.03268	0.04527	0.05645	0.00419	0.00322	0.00102	0.00417	0.00331	0.00216	0.00459

[dist]
# distance from previous block
# <min> <max>
1	2

[block]
# block no. 7 follows, 77 sequences, length 20
# corresponding to MSA columns:
# 563-582
name=unknown_H
#
# <colnr> <probs for GDERKNQSTAVLIFYWHMCP>
#	G	D	E	R	K	N	Q	S	T	A	V	L	I	F	Y	W	H	M	C	P
0	0.01930	0.01793	0.03446	0.09285	0.03994	0.07013	0.10839	0.05810	0.17266	0.02649	0.00877	0.01063	0.02531	0.00489	0.00616	0.00128	0.26703	0.01912	0.01193	0.00464
1	0.00455	0.00345	0.00418	0.00443	0.00512	0.00310	0.00314	0.00555	0.00816	0.01073	0.25162	0.36323	0.28176	0.02819	0.00469	0.00134	0.00193	0.00829	0.00348	0.00307
2	0.00673	0.00409	0.00520	0.00515	0.00614	0.00383	0.00388	0.01765	0.03180	0.13374	0.19692	0.27437	0.11639	0.05594	0.00505	0.00142	0.00237	0.10305	0.02266	0.00363
3	0.01225	0.00937	0.00999	0.00799	0.01061	0.01049	0.00649	0.59181	0.26658	0.02037	0.01045	0.01008	0.00758	0.00449	0.00362	0.00112	0.00362	0.00349	0.00362	0.00599
4	0.20900	0.00554	0.00624	0.00525	0.00706	0.00549	0.00406	0.02633	0.02384	0.35908	0.01112	0.01350	0.00876	0.20382	0.02289	0.00173	0.00312	0.00360	0.07513	0.00444
5	0.05896	0.00975	0.01022	0.00794	0.01073	0.03862	0.00653	0.67959	0.03153	0.09661	0.00897	0.00884	0.00630	0.00427	0.00352	0.00108	0.00388	0.00319	0.00355	0.00593
6	0.00962	0.87575	0.01885	0.00615	0.00923	0.01423	0.00615	0.01077	0.00731	0.00846	0.00500	0.00577	0.00462	0.00308	0.00231	0.00077	0.00385	0.00192	0.00154	0.00462
7	0.00962	0.87575	0.01885	0.00615	0.00923	0.01423	0.00615	0.01077	0.00731	0.00846	0.00500	0.00577	0.00462	0.00308	0.00231	0.00077	0.00385	0.00192	0.00154	0.00462
8	0.00745	0.00678	0.01099	0.38933	0.28233	0.00766	0.00908	0.03505	0.04057	0.01052	0.00772	0.03129	0.00645	0.00720	0.13064	0.00184	0.00518	0.00350	0.00189	0.00452
9	0.00841	0.00684	0.00745	0.00665	0.00844	0.00759	0.00518	0.13565	0.47474	0.01529	0.14299	0.06772	0.06809	0.00593	0.00386	0.00121	0.00273	0.02255	0.00365	0.00502
10	0.00632	0.00445	0.00544	0.00498	0.00611	0.00437	0.00380	0.04903	0.09281	0.04361	0.62421	0.03658	0.04783	0.00681	0.00405	0.00113	0.00198	0.00594	0.04673	0.00383
11	0.06365	0.00710	0.01060	0.48909	0.17854	0.02600	0.00890	0.04960	0.02470	0.04840	0.00795	0.01010	0.02862	0.00377	0.00349	0.00114	0.00428	0.00326	0.02630	0.00450
12	0.00461	0.00329	0.00427	0.00480	0.00522	0.00307	0.00331	0.00551	0.00759	0.01036	0.17978	0.61469	0.06903	0.01046	0.02212	0.00145	0.00214	0.00898	0.03628	0.00304
13	0.00611	0.00318	0.00472	0.00474	0.00478	0.00322	0.00319	0.00482	0.00482	0.00647	0.00691	0.03024	0.00701	0.03972	0.06688	0.79294	0.00352	0.00339	0.00164	0.00171
14	0.00962	0.87575	0.01885	0.00615	0.00923	0.01423	0.00615	0.01077	0.00731	0.00846	0.00500	0.00577	0.00462	0.00308	0.00231	0.00077	0.00385	0.00192	0.00154	0.00462
15	0.00436	0.00349	0.00390	0.00413	0.00501	0.00303	0.00297	0.00525	0.00797	0.00995	0.09928	0.28544	0.53336	0.00961	0.00435	0.00128	0.00189	0.00829	0.00339	0.00303
16	0.01038	0.00746	0.00849	0.00643	0.00934	0.00698	0.00521	0.24820	0.07932	0.12106	0.00937	0.00950	0.02553	0.00369	0.00317	0.00083	0.00308	0.00292	0.00300	0.43603
17	0.02661	0.01085	0.04685	0.00862	0.01096	0.16592	0.04169	0.33084	0.19975	0.01586	0.00887	0.00928	0.00672	0.00474	0.01706	0.00121	0.08272	0.00325	0.00290	0.00530
18	0.07864	0.03523	0.27196	0.00885	0.01239	0.05845	0.09234	0.14048	0.05191	0.20177	0.00881	0.00905	0.00614	0.00382	0.00346	0.00111	0.00439	0.00310	0.00271	0.00540
19	0.00923	0.04552	0.05327	0.01226	0.26896	0.05201	0.07043	0.04377	0.13010	0.09423	0.04040	0.01109	0.00818	0.00744	0.13526	0.00182	0.00495	0.00355	0.00247	0.00508

[dist]
# distance from previous block
# <min> <max>
6	10

[block]
# block no. 8 follows, 77 sequences, length 12
# corresponding to MSA columns:
# 612-623
name=unknown_I
#
# <colnr> <probs for GDERKNQSTAVLIFYWHMCP>
#	G	D	E	R	K	N	Q	S	T	A	V	L	I	F	Y	W	H	M	C	P
0	0.45354	0.07258	0.24149	0.00669	0.00980	0.00848	0.00691	0.04374	0.03359	0.04678	0.00641	0.00727	0.00485	0.00448	0.03908	0.00130	0.00391	0.00241	0.00215	0.00454
1	0.00971	0.00791	0.01051	0.00886	0.00950	0.03598	0.00735	0.03771	0.00688	0.16001	0.00657	0.00863	0.00551	0.00582	0.00981	0.00146	0.65800	0.00321	0.00216	0.00440
2	0.04956	0.04737	0.10595	0.00869	0.02972	0.03733	0.08543	0.17558	0.31864	0.05209	0.01028	0.01035	0.00764	0.00419	0.00363	0.00114	0.01689	0.00345	0.02666	0.00541
3	0.00962	0.87575	0.01885	0.00615	0.00923	0.01423	0.00615	0.01077	0.00731	0.00846	0.00500	0.00577	0.00462	0.00308	0.00231	0.00077	0.00385	0.00192	0.00154	0.00462
4	0.00514	0.00385	0.00578	0.00578	0.00642	0.00450	0.00450	0.00642	0.00578	0.00835	0.00963	0.01413	0.00899	0.02698	0.85933	0.00578	0.00963	0.00385	0.00193	0.00321
5	0.00492	0.00367	0.00457	0.00435	0.00527	0.00332	0.00326	0.00646	0.00978	0.01347	0.68507	0.02843	0.19871	0.00771	0.00424	0.00115	0.00172	0.00672	0.00383	0.00332
6	0.00679	0.00639	0.01079	0.86494	0.02477	0.00799	0.00999	0.00919	0.00719	0.00919	0.00639	0.00959	0.00480	0.00360	0.00360	0.00120	0.00480	0.00320	0.00160	0.00400
7	0.01227	0.00699	0.00798	0.00642	0.00870	0.00724	0.00521	0.29453	0.10566	0.27950	0.01178	0.01143	0.00827	0.00439	0.00336	0.00105	0.00302	0.00348	0.21333	0.00542
8	0.50841	0.00615	0.00584	0.00512	0.00712	0.00660	0.00411	0.04331	0.00787	0.16218	0.10519	0.07421	0.04139	0.00483	0.00300	0.00114	0.00267	0.00363	0.00299	0.00421
9	0.05924	0.04235	0.02223	0.00611	0.00818	0.05549	0.01914	0.10639	0.11516	0.22483	0.06275	0.01294	0.04265	0.00459	0.00329	0.00104	0.00300	0.00366	0.20210	0.00483
10	0.00683	0.00434	0.00516	0.00481	0.00568	0.00430	0.00341	0.00862	0.09770	0.09042	0.15851	0.02147	0.03797	0.36382	0.02697	0.01929	0.00298	0.04462	0.06252	0.03060
11	0.00910	0.00693	0.00766	0.00664	0.00835	0.02979	0.00538	0.35399	0.02726	0.01626	0.16510	0.06486	0.08840	0.00655	0.00424	0.00121	0.03031	0.12889	0.03450	0.00454

[dist]
# distance from previous block
# <min> <max>
2	9

[block]
# block no. 9 follows, 77 sequences, length 19
# corresponding to MSA columns:
# 633-651
name=unknown_J
#
# <colnr> <probs for GDERKNQSTAVLIFYWHMCP>
#	G	D	E	R	K	N	Q	S	T	A	V	L	I	F	Y	W	H	M	C	P
0	0.05845	0.37818	0.01352	0.00746	0.00961	0.21534	0.00644	0.04028	0.04684	0.03443	0.00602	0.00706	0.00515	0.00433	0.01949	0.00108	0.13748	0.00244	0.00192	0.00449
1	0.00519	0.00392	0.00489	0.02192	0.00621	0.00380	0.00388	0.03169	0.05045	0.01093	0.14239	0.42382	0.16343	0.00949	0.00443	0.00136	0.00228	0.10319	0.00342	0.00331
2	0.00484	0.00353	0.00432	0.00442	0.00504	0.00328	0.00311	0.00578	0.00797	0.01066	0.30502	0.19658	0.19769	0.16594	0.02374	0.01841	0.00235	0.03106	0.00328	0.00296
3	0.00591	0.00389	0.00491	0.00490	0.00579	0.00362	0.00359	0.00741	0.04293	0.08860	0.28901	0.31203	0.14836	0.02168	0.02725	0.00142	0.00228	0.01931	0.00360	0.00350
4	0.01203	0.00905	0.00971	0.00785	0.01041	0.01010	0.00635	0.50270	0.32256	0.05361	0.01108	0.01055	0.00803	0.00453	0.00362	0.00113	0.00351	0.00356	0.00366	0.00596
5	0.84510	0.00691	0.00547	0.00483	0.00709	0.00790	0.00398	0.01100	0.00638	0.06727	0.00557	0.00623	0.00420	0.00341	0.00231	0.00111	0.00280	0.00205	0.00236	0.00403
6	0.23176	0.00887	0.00899	0.00710	0.00971	0.00985	0.00585	0.57244	0.01361	0.04037	0.00803	0.00828	0.00580	0.00407	0.00320	0.00108	0.00353	0.00294	0.04908	0.00543
7	0.00514	0.00384	0.00572	0.00572	0.00634	0.00446	0.00442	0.00638	0.00576	0.00830	0.00969	0.01444	0.00913	0.05481	0.83168	0.00571	0.00943	0.00390	0.00194	0.00318
8	0.00962	0.87575	0.01885	0.00615	0.00923	0.01423	0.00615	0.01077	0.00731	0.00846	0.00500	0.00577	0.00462	0.00308	0.00231	0.00077	0.00385	0.00192	0.00154	0.00462
9	0.25772	0.00831	0.02773	0.07477	0.11592	0.03007	0.04957	0.08562	0.00755	0.02372	0.00585	0.00774	0.00483	0.00439	0.00585	0.00126	0.27975	0.00286	0.00202	0.00446
10	0.00806	0.00682	0.00821	0.00790	0.06510	0.00757	0.03243	0.03346	0.46135	0.03373	0.05539	0.06161	0.10768	0.03509	0.00482	0.00131	0.05648	0.00481	0.00327	0.00490
11	0.00525	0.00371	0.00463	0.00444	0.00539	0.00334	0.00331	0.00667	0.00946	0.04345	0.56878	0.10234	0.20990	0.00798	0.00425	0.00118	0.00181	0.00696	0.00379	0.00337
12	0.00793	0.00772	0.01215	0.44127	0.35614	0.04829	0.01006	0.01008	0.00766	0.01017	0.00657	0.00927	0.00528	0.00422	0.03004	0.00128	0.02235	0.00318	0.00169	0.00466
13	0.00484	0.00350	0.00462	0.00529	0.00579	0.00332	0.00395	0.00584	0.00758	0.00999	0.08026	0.48622	0.09142	0.03354	0.00501	0.00153	0.00242	0.23848	0.00335	0.00305
14	0.00572	0.00385	0.00539	0.00527	0.00550	0.00433	0.00376	0.00576	0.00528	0.00738	0.00862	0.01496	0.00881	0.22834	0.32494	0.28144	0.07238	0.00391	0.00185	0.00250
15	0.00962	0.87575	0.01885	0.00615	0.00923	0.01423	0.00615	0.01077	0.00731	0.00846	0.00500	0.00577	0.00462	0.00308	0.00231	0.00077	0.00385	0.00192	0.00154	0.00462
16	0.02224	0.02204	0.00829	0.03426	0.00948	0.00752	0.00548	0.14542	0.31165	0.16411	0.04930	0.03656	0.02124	0.00475	0.00353	0.00109	0.00301	0.01444	0.02284	0.11273
17	0.00679	0.00639	0.01079	0.86494	0.02477	0.00799	0.00999	0.00919	0.00719	0.00919	0.00639	0.00959	0.00480	0.00360	0.00360	0.00120	0.00480	0.00320	0.00160	0.00400
18	0.00909	0.00720	0.02986	0.01779	0.00937	0.01748	0.04970	0.15117	0.29111	0.08456	0.11943	0.06397	0.05191	0.00579	0.00389	0.00121	0.00314	0.06285	0.01554	0.00494

[dist]
# distance from previous block
# <min> <max>
8	17

[block]
# block no. 10 follows, 77 sequences, length 12
# corresponding to MSA columns:
# 677-688
name=unknown_K
#
# <colnr> <probs for GDERKNQSTAVLIFYWHMCP>
#	G	D	E	R	K	N	Q	S	T	A	V	L	I	F	Y	W	H	M	C	P
0	0.02373	0.00726	0.01082	0.00914	0.00980	0.00923	0.09299	0.00906	0.00651	0.04625	0.04094	0.01296	0.00811	0.03516	0.00969	0.00156	0.57003	0.09075	0.00204	0.00398
1	0.46542	0.09869	0.06757	0.04257	0.04321	0.05438	0.03203	0.01143	0.02269	0.07519	0.00627	0.00709	0.00479	0.00341	0.00270	0.00104	0.00353	0.00236	0.00221	0.05339
2	0.03240	0.00794	0.06404	0.00837	0.01079	0.03241	0.14976	0.06865	0.04264	0.31323	0.02617	0.03015	0.00901	0.05965	0.00534	0.00135	0.07197	0.04869	0.01245	0.00501
3	0.00890	0.00653	0.00773	0.00561	0.00873	0.00515	0.00452	0.04825	0.00827	0.12417	0.00753	0.00815	0.00584	0.00298	0.00283	0.00064	0.00278	0.00238	0.00251	0.73652
4	0.00484	0.00364	0.00447	0.00431	0.00523	0.00328	0.00321	0.00627	0.00951	0.01293	0.59527	0.06650	0.25136	0.00800	0.00426	0.00117	0.00175	0.00696	0.00377	0.00328
5	0.00747	0.11031	0.76550	0.00981	0.01489	0.00898	0.01253	0.01133	0.00756	0.01108	0.00630	0.00740	0.00456	0.00338	0.00330	0.00110	0.00516	0.00258	0.00152	0.00524
6	0.01109	0.26493	0.02594	0.00786	0.03667	0.07148	0.03959	0.26586	0.06832	0.07759	0.06148	0.00958	0.00791	0.00404	0.00323	0.00099	0.00386	0.00311	0.03130	0.00517
7	0.00495	0.00373	0.00460	0.00458	0.00543	0.00345	0.00338	0.00660	0.03871	0.01251	0.49529	0.17683	0.19306	0.00836	0.00430	0.00122	0.00186	0.02411	0.00370	0.00332
8	0.00491	0.00384	0.00489	0.00531	0.00588	0.01836	0.02280	0.00610	0.03807	0.00992	0.07326	0.61727	0.11123	0.01016	0.00449	0.00140	0.00230	0.05332	0.00333	0.00315
9	0.00869	0.00554	0.00671	0.00568	0.00752	0.00515	0.00442	0.10483	0.03697	0.16636	0.09753	0.10106	0.05368	0.09967	0.03479	0.00148	0.00307	0.05648	0.00321	0.19716
10	0.00511	0.00383	0.00500	0.00533	0.00582	0.00392	0.00399	0.00603	0.00709	0.00944	0.06695	0.29278	0.11209	0.14254	0.08705	0.00217	0.05244	0.18243	0.00296	0.00302
11	0.00960	0.00827	0.00941	0.00705	0.01007	0.05701	0.05809	0.23170	0.04509	0.01460	0.00734	0.00811	0.00574	0.00328	0.00309	0.00077	0.00346	0.00265	0.00255	0.51211

[dist]
# distance from previous block
# <min> <max>
5	9

[block]
# block no. 11 follows, 77 sequences, length 13
# corresponding to MSA columns:
# 699-711
name=unknown_L
#
# <colnr> <probs for GDERKNQSTAVLIFYWHMCP>
#	G	D	E	R	K	N	Q	S	T	A	V	L	I	F	Y	W	H	M	C	P
0	0.01390	0.00629	0.00793	0.00624	0.00868	0.00592	0.00510	0.14051	0.02795	0.56487	0.05820	0.01265	0.00991	0.00457	0.00352	0.00108	0.00295	0.00369	0.11042	0.00563
1	0.63267	0.00706	0.00643	0.00540	0.00780	0.00775	0.00445	0.08548	0.00797	0.19494	0.00728	0.00745	0.00516	0.00366	0.00264	0.00111	0.00295	0.00242	0.00282	0.00457
2	0.68028	0.10867	0.07003	0.03389	0.00854	0.00887	0.00512	0.02931	0.00665	0.01481	0.00524	0.00615	0.00411	0.00335	0.00240	0.00108	0.00319	0.00207	0.00210	0.00414
3	0.00991	0.00992	0.02346	0.10825	0.01149	0.24137	0.00632	0.05471	0.16607	0.04771	0.03869	0.00954	0.00734	0.00390	0.00348	0.00096	0.02324	0.00298	0.00250	0.22818
4	0.01969	0.06408	0.15020	0.00945	0.09418	0.07149	0.08936	0.10118	0.04154	0.03847	0.08685	0.01284	0.07201	0.00741	0.11444	0.00171	0.01420	0.00382	0.00243	0.00465
5	0.00497	0.00368	0.00428	0.00424	0.00515	0.00328	0.00311	0.00606	0.00847	0.03113	0.28980	0.09526	0.38840	0.09818	0.00574	0.00146	0.00206	0.03814	0.00344	0.00314
6	0.01023	0.00880	0.01242	0.15395	0.42757	0.06744	0.00932	0.14309	0.00966	0.08606	0.00751	0.00907	0.00579	0.00368	0.00380	0.00110	0.02968	0.00318	0.00227	0.00537
7	0.00552	0.00379	0.00483	0.00450	0.00549	0.00344	0.00340	0.00710	0.00993	0.05444	0.70514	0.02715	0.13679	0.00744	0.00421	0.00114	0.00178	0.00650	0.00390	0.00348
8	0.00575	0.00315	0.00460	0.00480	0.00488	0.00312	0.00323	0.00483	0.00527	0.00704	0.00971	0.22268	0.01066	0.01271	0.04184	0.64377	0.00310	0.00490	0.00201	0.00196
9	0.00991	0.81056	0.01819	0.00639	0.00938	0.07839	0.00622	0.01104	0.00753	0.00849	0.00504	0.00582	0.00462	0.00313	0.00238	0.00078	0.00405	0.00195	0.00156	0.00458
10	0.00635	0.00389	0.00493	0.00506	0.00596	0.00359	0.00377	0.00754	0.02254	0.12129	0.10781	0.34897	0.16002	0.04329	0.00488	0.00142	0.00234	0.10984	0.03301	0.00349
11	0.00588	0.00431	0.00521	0.00518	0.00610	0.00428	0.00382	0.02658	0.12783	0.03451	0.28375	0.26969	0.10511	0.05481	0.00502	0.00140	0.00225	0.04711	0.00355	0.00361
12	0.08048	0.00754	0.00943	0.02311	0.10880	0.03965	0.02473	0.13713	0.06701	0.39150	0.01153	0.01242	0.00833	0.00451	0.00359	0.00114	0.00354	0.05651	0.00351	0.00555

[dist]
# distance from previous block
# <min> <max>
4	8

[block]
# block no. 12 follows, 77 sequences, length 16
# corresponding to MSA columns:
# 720-735
name=unknown_M
#
# <colnr> <probs for GDERKNQSTAVLIFYWHMCP>
#	G	D	E	R	K	N	Q	S	T	A	V	L	I	F	Y	W	H	M	C	P
0	0.01974	0.00680	0.00886	0.06594	0.02851	0.04676	0.04089	0.03504	0.08818	0.17115	0.10633	0.03172	0.01098	0.03749	0.07189	0.00168	0.18428	0.01978	0.01955	0.00445
1	0.02601	0.01033	0.21208	0.04347	0.11833	0.03327	0.05474	0.16046	0.06611	0.04752	0.08543	0.01394	0.03352	0.00475	0.00375	0.00117	0.00410	0.07334	0.00265	0.00502
2	0.00495	0.00396	0.00534	0.15252	0.00866	0.00397	0.00451	0.00610	0.00760	0.00976	0.07513	0.35298	0.24483	0.02604	0.00461	0.00138	0.00259	0.07884	0.00305	0.00319
3	0.14084	0.00909	0.01054	0.07992	0.12670	0.07744	0.05390	0.27035	0.10968	0.03911	0.02603	0.00927	0.00669	0.00401	0.00358	0.00112	0.02060	0.00320	0.00274	0.00518
4	0.01221	0.01436	0.01229	0.01021	0.01238	0.55051	0.15540	0.11149	0.01038	0.01093	0.00618	0.00741	0.00496	0.00383	0.00403	0.00104	0.06302	0.00283	0.00204	0.00451
5	0.00724	0.00682	0.00888	0.00779	0.00785	0.03249	0.00615	0.00780	0.00556	0.00816	0.00672	0.01250	0.00721	0.26465	0.01350	0.00213	0.58564	0.00375	0.00176	0.00342
6	0.00946	0.00946	0.01410	0.01103	0.01293	0.10162	0.29882	0.03491	0.07503	0.06434	0.00722	0.00911	0.00578	0.00458	0.00682	0.00131	0.32320	0.00355	0.00210	0.00462
7	0.00890	0.00855	0.01460	0.02208	0.85115	0.00855	0.01104	0.01104	0.00819	0.01175	0.00677	0.00890	0.00570	0.00320	0.00356	0.00107	0.00427	0.00320	0.00178	0.00570
8	0.00992	0.00790	0.00845	0.00737	0.00955	0.00898	0.00580	0.11289	0.69966	0.06640	0.01393	0.01280	0.01030	0.00479	0.00365	0.00120	0.00299	0.00394	0.00370	0.00577
9	0.00542	0.00378	0.00471	0.00442	0.00544	0.00340	0.00333	0.00693	0.00974	0.05245	0.62888	0.02792	0.21492	0.00761	0.00422	0.00115	0.00179	0.00661	0.00384	0.00344
10	0.00892	0.00783	0.00881	0.00772	0.00984	0.00895	0.04853	0.01872	0.80161	0.01487	0.01426	0.01323	0.01070	0.00479	0.00369	0.00122	0.00301	0.00408	0.00357	0.00565
11	0.00994	0.00560	0.00615	0.00522	0.00691	0.00579	0.00415	0.19034	0.07399	0.15383	0.01169	0.01219	0.00863	0.00431	0.00302	0.00096	0.00249	0.00343	0.48678	0.00459
12	0.00470	0.00325	0.00434	0.00509	0.00539	0.00303	0.00348	0.00541	0.00710	0.02689	0.04211	0.79774	0.02363	0.01097	0.00458	0.00145	0.00215	0.04231	0.00338	0.00302
13	0.01014	0.12814	0.00966	0.06481	0.05753	0.03460	0.02266	0.06235	0.05756	0.19837	0.00987	0.01068	0.00742	0.00519	0.04359	0.00125	0.05527	0.00322	0.21297	0.00471
14	0.00609	0.00510	0.00559	0.00564	0.00629	0.07278	0.00406	0.04927	0.00741	0.00965	0.03488	0.39226	0.05284	0.12117	0.11660	0.01332	0.04099	0.02511	0.00279	0.02815
15	0.03480	0.07998	0.00880	0.00644	0.00874	0.06590	0.00526	0.11635	0.08841	0.35881	0.12227	0.02463	0.02960	0.00485	0.00353	0.00108	0.00319	0.00388	0.02826	0.00522

[dist]
# distance from previous block
# <min> <max>
2	17

[block]
# block no. 13 follows, 77 sequences, length 17
# corresponding to MSA columns:
# 753-769
name=unknown_N
#
# <colnr> <probs for GDERKNQSTAVLIFYWHMCP>
#	G	D	E	R	K	N	Q	S	T	A	V	L	I	F	Y	W	H	M	C	P
0	0.03536	0.00889	0.05116	0.21893	0.08008	0.04097	0.12771	0.18180	0.11323	0.01361	0.00842	0.01058	0.00657	0.00412	0.00401	0.00118	0.04035	0.03210	0.01600	0.00493
1	0.08313	0.00649	0.00990	0.63634	0.03881	0.00777	0.00870	0.03089	0.03445	0.06433	0.02125	0.00990	0.00582	0.00376	0.00347	0.00117	0.00430	0.00321	0.02208	0.00424
2	0.00445	0.00329	0.00410	0.00464	0.00508	0.00301	0.00316	0.00517	0.00728	0.00951	0.07763	0.59936	0.18977	0.05929	0.00527	0.00150	0.00209	0.00917	0.00331	0.00293
3	0.00487	0.00342	0.00446	0.00493	0.00542	0.00318	0.00349	0.00581	0.00777	0.02530	0.19465	0.52894	0.07979	0.04139	0.00501	0.00146	0.00215	0.07144	0.00344	0.00309
4	0.01300	0.00867	0.00964	0.00763	0.01027	0.00937	0.00622	0.49217	0.18340	0.18392	0.03058	0.01074	0.00830	0.00453	0.00363	0.00112	0.00350	0.00356	0.00379	0.00597
5	0.68038	0.00728	0.00637	0.00539	0.00777	0.00817	0.00445	0.12244	0.00804	0.11181	0.00653	0.00694	0.00476	0.00360	0.00257	0.00111	0.00297	0.00231	0.00266	0.00445
6	0.19134	0.00891	0.00936	0.00731	0.01005	0.00974	0.00604	0.56131	0.01385	0.13452	0.00867	0.00857	0.00605	0.00414	0.00333	0.00109	0.00360	0.00303	0.00344	0.00567
7	0.00437	0.00316	0.00414	0.00492	0.00519	0.00293	0.00330	0.00502	0.00697	0.00922	0.02089	0.81755	0.07679	0.01113	0.00457	0.00145	0.00207	0.01006	0.00334	0.00293
8	0.00953	0.84401	0.04981	0.00631	0.00947	0.01402	0.00642	0.01079	0.00732	0.00857	0.00505	0.00584	0.00461	0.00309	0.00235	0.00078	0.00390	0.00195	0.00154	0.00464
9	0.42054	0.00723	0.00857	0.28842	0.06911	0.03321	0.02475	0.01010	0.00676	0.01266	0.00576	0.00767	0.00453	0.00365	0.00353	0.00116	0.06584	0.00262	0.01982	0.00407
10	0.00785	0.00777	0.01059	0.00977	0.05635	0.03330	0.00767	0.00895	0.02388	0.00909	0.00641	0.04907	0.00650	0.00641	0.01030	0.00152	0.69817	0.04059	0.00180	0.00400
11	0.00530	0.00373	0.00487	0.00470	0.00556	0.00344	0.00356	0.00691	0.00981	0.03165	0.70289	0.07380	0.06117	0.00774	0.00430	0.00119	0.00186	0.06024	0.00387	0.00341
12	0.00882	0.00846	0.01444	0.05673	0.81717	0.00852	0.01100	0.01096	0.00815	0.01165	0.00675	0.00893	0.00566	0.00322	0.00356	0.00107	0.00429	0.00320	0.00177	0.00563
13	0.00476	0.00366	0.00435	0.00418	0.00517	0.00325	0.00313	0.00615	0.00940	0.01258	0.53007	0.02991	0.35428	0.00804	0.00425	0.00116	0.00175	0.00693	0.00372	0.00325
14	0.00529	0.00387	0.00524	0.00517	0.00552	0.00436	0.00369	0.00603	0.00554	0.00780	0.01012	0.01773	0.01049	0.37382	0.47787	0.00466	0.04357	0.00439	0.00202	0.00282
15	0.00991	0.53613	0.18468	0.00747	0.01087	0.08646	0.00773	0.10022	0.00865	0.01061	0.00573	0.00651	0.00477	0.00333	0.00275	0.00089	0.00438	0.00225	0.00178	0.00488
16	0.00809	0.02755	0.00744	0.00612	0.00812	0.00671	0.00481	0.09883	0.30811	0.03412	0.18888	0.05626	0.05790	0.00541	0.00364	0.00106	0.00263	0.00455	0.00337	0.16642

[dist]
# distance from previous block
# <min> <max>
0	4

[block]
# block no. 14 follows, 77 sequences, length 12
