[name]
unknown

[dist]
# distance from previous block
# <min> <max>
1	558

[block]
# block no. 0 follows, 89 sequences, length 48
# corresponding to MSA columns:
# 567-614
name=unknown_A
#
# <colnr> <probs for GDERKNQSTAVLIFYWHMCP>
#	G	D	E	R	K	N	Q	S	T	A	V	L	I	F	Y	W	H	M	C	P
0	0.03670	0.00579	0.00672	0.02224	0.00792	0.00489	0.00410	0.00987	0.11428	0.09049	0.00769	0.00811	0.02077	0.00290	0.00259	0.00064	0.00245	0.00233	0.00227	0.64724
1	0.02321	0.00679	0.00944	0.02550	0.01003	0.00673	0.17740	0.01215	0.35306	0.01158	0.00878	0.00921	0.00676	0.00331	0.00313	0.00088	0.01490	0.00300	0.00238	0.31176
2	0.00393	0.00325	0.00344	0.00339	0.00441	0.00276	0.00255	0.00487	0.00764	0.00945	0.19298	0.02948	0.70518	0.00781	0.00378	0.00107	0.00160	0.00657	0.00308	0.00276
3	0.00401	0.00323	0.00358	0.00354	0.00448	0.00279	0.00264	0.00502	0.00776	0.00987	0.27991	0.07374	0.57271	0.00774	0.00380	0.00107	0.00160	0.00659	0.00314	0.00279
4	0.00415	0.00298	0.00394	0.00428	0.00470	0.00277	0.00299	0.00509	0.00731	0.01005	0.35866	0.53905	0.02480	0.00863	0.00396	0.00118	0.00172	0.00777	0.00319	0.00277
5	0.00390	0.00279	0.00371	0.00446	0.00464	0.00260	0.00297	0.00446	0.00613	0.00817	0.01764	0.88541	0.02117	0.01003	0.00409	0.00130	0.00186	0.00910	0.00297	0.00260
6	0.00763	0.00731	0.01246	0.15413	0.73535	0.00753	0.00968	0.00957	0.00715	0.01010	0.00597	0.00802	0.00494	0.00291	0.00317	0.00097	0.00388	0.00285	0.00156	0.00483
7	0.00656	0.07287	0.81582	0.00889	0.01349	0.00777	0.01142	0.01010	0.00674	0.00997	0.00566	0.00665	0.00406	0.00302	0.00298	0.00099	0.00465	0.00232	0.00135	0.00469
8	0.86129	0.05403	0.00536	0.00428	0.00630	0.00748	0.00358	0.00942	0.00550	0.01399	0.00446	0.00520	0.00350	0.00296	0.00198	0.00097	0.00253	0.00173	0.00195	0.00350
9	0.00796	0.00688	0.00724	0.00651	0.00832	0.00796	0.00507	0.01701	0.86175	0.01339	0.01303	0.01194	0.00977	0.00434	0.00326	0.00109	0.00253	0.00362	0.00326	0.00507
10	0.00820	0.74335	0.15972	0.00609	0.00916	0.01179	0.00654	0.00968	0.00655	0.00797	0.00467	0.00541	0.00410	0.00279	0.00222	0.00074	0.00364	0.00182	0.00137	0.00421
11	0.01066	0.03471	0.00880	0.00687	0.00908	0.06299	0.04843	0.25485	0.25960	0.20581	0.05649	0.01037	0.00845	0.00403	0.00323	0.00100	0.00318	0.00329	0.00317	0.00499
12	0.01175	0.00876	0.00977	0.00815	0.06535	0.00968	0.00631	0.76176	0.02741	0.02983	0.00765	0.00779	0.00549	0.00382	0.00334	0.00097	0.02080	0.00289	0.00307	0.00538
13	0.00746	0.00846	0.01839	0.01317	0.01630	0.00793	0.82827	0.01007	0.00746	0.01012	0.00659	0.00903	0.00508	0.03133	0.00418	0.00114	0.00532	0.00381	0.00163	0.00424
14	0.91011	0.00619	0.00470	0.00421	0.00619	0.00718	0.00347	0.00941	0.00545	0.01436	0.00446	0.00520	0.00347	0.00297	0.00198	0.00099	0.00248	0.00173	0.00198	0.00347
15	0.00692	0.00659	0.00977	0.19606	0.41164	0.03909	0.00765	0.00931	0.08705	0.00997	0.04392	0.01246	0.13795	0.00403	0.00329	0.00101	0.00343	0.00360	0.00200	0.00426
16	0.37482	0.00647	0.00699	0.00540	0.00788	0.00638	0.05843	0.11060	0.00722	0.01319	0.00548	0.00631	0.00431	0.00281	0.00240	0.00078	0.00275	0.00207	0.00207	0.37363
17	0.00756	0.00863	0.01889	0.01349	0.01673	0.00809	0.85591	0.01025	0.00756	0.01025	0.00648	0.00863	0.00486	0.00270	0.00378	0.00108	0.00540	0.00378	0.00162	0.00432
18	0.00397	0.00309	0.00362	0.00393	0.00458	0.00277	0.00278	0.00486	0.02067	0.00888	0.09941	0.42517	0.38721	0.00880	0.00391	0.00118	0.00174	0.00770	0.00303	0.00272
19	0.00396	0.00315	0.00355	0.00367	0.00448	0.00274	0.00267	0.00485	0.00738	0.00936	0.19272	0.21963	0.51408	0.00823	0.00385	0.00112	0.00165	0.00709	0.00308	0.00274
20	0.01168	0.00885	0.00949	0.00739	0.00976	0.02290	0.00608	0.75615	0.05671	0.01897	0.00772	0.00783	0.00557	0.00395	0.00360	0.00099	0.05107	0.00290	0.00308	0.00529
21	0.01196	0.01526	0.00907	0.00825	0.00990	0.87465	0.00618	0.01278	0.00907	0.00783	0.00495	0.00577	0.00412	0.00330	0.00289	0.00082	0.00577	0.00206	0.00165	0.00371
22	0.00380	0.00324	0.00326	0.00326	0.00433	0.00271	0.00244	0.00462	0.00733	0.00873	0.04822	0.03068	0.85040	0.00808	0.00378	0.00108	0.00162	0.00674	0.00298	0.00271
23	0.06039	0.02874	0.00897	0.00776	0.00960	0.63737	0.00596	0.14389	0.04992	0.01036	0.00572	0.00632	0.00456	0.00340	0.00289	0.00086	0.00505	0.00224	0.00198	0.00404
24	0.01436	0.00545	0.00743	0.00570	0.00817	0.00470	0.00470	0.01560	0.00916	0.86975	0.01263	0.01090	0.00792	0.00396	0.00322	0.00099	0.00272	0.00322	0.00396	0.00545
25	0.00597	0.00298	0.00298	0.00298	0.00373	0.00298	0.00224	0.00746	0.00671	0.01193	0.01044	0.01193	0.00820	0.00373	0.00224	0.00075	0.00149	0.00298	0.90527	0.00298
26	0.01498	0.00638	0.02877	0.00860	0.01047	0.03373	0.36943	0.03098	0.03060	0.01007	0.08386	0.26480	0.06718	0.00569	0.00379	0.00113	0.00361	0.01994	0.00236	0.00362
27	0.01061	0.00503	0.00648	0.00528	0.00713	0.00464	0.00422	0.08943	0.02534	0.48038	0.23511	0.04844	0.03788	0.02049	0.00364	0.00105	0.00242	0.00421	0.00366	0.00456
28	0.00413	0.00326	0.00373	0.00361	0.00454	0.00285	0.00271	0.00527	0.00812	0.01060	0.42148	0.02759	0.47597	0.00738	0.00378	0.00105	0.00157	0.00630	0.00323	0.00285
29	0.00927	0.00632	0.01107	0.00830	0.01064	0.00588	0.32199	0.06385	0.00891	0.28508	0.21996	0.01305	0.01211	0.00412	0.00356	0.00103	0.00347	0.00404	0.00293	0.00443
30	0.01860	0.40318	0.27897	0.00709	0.01038	0.03374	0.02965	0.09617	0.01758	0.06873	0.00590	0.00648	0.00457	0.00306	0.00264	0.00086	0.00389	0.00222	0.00177	0.00453
31	0.01106	0.00618	0.00727	0.00600	0.00811	0.00638	0.00482	0.09304	0.35088	0.39340	0.01219	0.01109	0.00845	0.00409	0.00317	0.00101	0.00264	0.00333	0.06177	0.00514
32	0.00423	0.00316	0.00393	0.00395	0.00465	0.00286	0.00288	0.00538	0.00803	0.01090	0.49854	0.21393	0.21050	0.00765	0.00385	0.00109	0.00161	0.00672	0.00328	0.00286
33	0.00753	0.00644	0.01068	0.50121	0.26703	0.00720	0.03293	0.04111	0.00724	0.07852	0.00644	0.00852	0.00486	0.00317	0.00321	0.00102	0.00401	0.00291	0.00175	0.00424
34	0.03046	0.00728	0.00777	0.00642	0.00862	0.00791	0.00512	0.26149	0.45190	0.01491	0.01005	0.00966	0.00752	0.00384	0.00306	0.00095	0.00279	0.00307	0.00299	0.15420
35	0.00796	0.00688	0.00724	0.00651	0.00832	0.00796	0.00507	0.01701	0.86175	0.01339	0.01303	0.01194	0.00977	0.00434	0.00326	0.00109	0.00253	0.00362	0.00326	0.00507
36	0.00390	0.00279	0.00371	0.00446	0.00464	0.00260	0.00297	0.00446	0.00613	0.00817	0.01764	0.88541	0.02117	0.01003	0.00409	0.00130	0.00186	0.00910	0.00297	0.00260
37	0.91011	0.00619	0.00470	0.00421	0.00619	0.00718	0.00347	0.00941	0.00545	0.01436	0.00446	0.00520	0.00347	0.00297	0.00198	0.00099	0.00248	0.00173	0.00198	0.00347
38	0.00664	0.00569	0.00664	0.00474	0.00759	0.00427	0.00379	0.00806	0.00664	0.01043	0.00569	0.00664	0.00474	0.00237	0.00237	0.00047	0.00237	0.00190	0.00190	0.90707
39	0.00539	0.00473	0.00765	0.55327	0.01570	0.00569	0.00682	0.00702	0.00607	0.00797	0.00828	0.15102	0.00792	0.04135	0.15565	0.00189	0.00458	0.00402	0.00174	0.00322
40	0.91011	0.00619	0.00470	0.00421	0.00619	0.00718	0.00347	0.00941	0.00545	0.01436	0.00446	0.00520	0.00347	0.00297	0.00198	0.00099	0.00248	0.00173	0.00198	0.00347
41	0.16417	0.00508	0.00588	0.00582	0.00712	0.00541	0.00495	0.16140	0.00842	0.02742	0.01304	0.05260	0.01337	0.00687	0.00374	0.00128	0.00293	0.50413	0.00284	0.00352
42	0.00856	0.88943	0.01677	0.00548	0.00822	0.01267	0.00548	0.00959	0.00650	0.00753	0.00445	0.00513	0.00411	0.00274	0.00205	0.00068	0.00342	0.00171	0.00137	0.00411
43	0.00649	0.00598	0.00964	0.01405	0.56070	0.00585	0.00731	0.00798	0.00714	0.00985	0.03558	0.16472	0.14124	0.00501	0.00344	0.00103	0.00307	0.00462	0.00209	0.00422
44	0.00390	0.00279	0.00371	0.00446	0.00464	0.00260	0.00297	0.00446	0.00613	0.00817	0.01764	0.88541	0.02117	0.01003	0.00409	0.00130	0.00186	0.00910	0.00297	0.00260
45	0.00404	0.00326	0.00362	0.00380	0.00472	0.00286	0.00292	0.00493	0.00720	0.00881	0.04824	0.11966	0.61579	0.01918	0.00407	0.00119	0.00187	0.13814	0.00297	0.00273
46	0.00449	0.00327	0.00422	0.00399	0.00476	0.00300	0.00299	0.00596	0.00897	0.01261	0.82152	0.02428	0.07467	0.00663	0.00378	0.00101	0.00152	0.00584	0.00349	0.00300
47	0.07348	0.59715	0.04168	0.00596	0.00856	0.08698	0.00563	0.08659	0.03921	0.02169	0.00526	0.00581	0.00445	0.00299	0.00232	0.00077	0.00357	0.00196	0.00171	0.00422

[dist]
# distance from previous block
# <min> <max>
1	3

[block]
# block no. 1 follows, 89 sequences, length 36
# corresponding to MSA columns:
# 618-653
name=unknown_B
#
# <colnr> <probs for GDERKNQSTAVLIFYWHMCP>
#	G	D	E	R	K	N	Q	S	T	A	V	L	I	F	Y	W	H	M	C	P
0	0.83630	0.00656	0.02375	0.00488	0.00699	0.00724	0.05544	0.00948	0.00560	0.01402	0.00461	0.00544	0.00356	0.00296	0.00211	0.00100	0.00270	0.00187	0.00195	0.00354
1	0.00776	0.00782	0.07556	0.15023	0.57293	0.00735	0.03338	0.01004	0.03435	0.04955	0.00662	0.01846	0.00533	0.00310	0.00320	0.00099	0.00388	0.00296	0.00172	0.00478
2	0.03552	0.00644	0.00919	0.00720	0.00954	0.00636	0.15227	0.03082	0.26373	0.37410	0.04479	0.01103	0.00859	0.00390	0.00330	0.00102	0.00308	0.00346	0.00322	0.02244
3	0.00770	0.00670	0.00744	0.00659	0.00838	0.00763	0.03595	0.01600	0.77380	0.01315	0.05119	0.01277	0.02938	0.00446	0.00331	0.00108	0.00257	0.00379	0.00320	0.00490
4	0.00381	0.00324	0.00328	0.00327	0.00434	0.00271	0.00245	0.00464	0.00735	0.00879	0.05988	0.03058	0.83869	0.00806	0.00378	0.00108	0.00162	0.00672	0.00299	0.00271
5	0.01129	0.00853	0.00911	0.00719	0.00959	0.00951	0.00587	0.68066	0.19269	0.01875	0.00881	0.00858	0.00635	0.00395	0.00321	0.00099	0.00331	0.00304	0.00321	0.00536
6	0.01196	0.01526	0.00907	0.00825	0.00990	0.87465	0.00618	0.01278	0.00907	0.00783	0.00495	0.00577	0.00412	0.00330	0.00289	0.00082	0.00577	0.00206	0.00165	0.00371
7	0.00856	0.88943	0.01677	0.00548	0.00822	0.01267	0.00548	0.00959	0.00650	0.00753	0.00445	0.00513	0.00411	0.00274	0.00205	0.00068	0.00342	0.00171	0.00137	0.00411
8	0.91011	0.00619	0.00470	0.00421	0.00619	0.00718	0.00347	0.00941	0.00545	0.01436	0.00446	0.00520	0.00347	0.00297	0.00198	0.00099	0.00248	0.00173	0.00198	0.00347
9	0.01436	0.00545	0.00743	0.00570	0.00817	0.00470	0.00470	0.01560	0.00916	0.86975	0.01263	0.01090	0.00792	0.00396	0.00322	0.00099	0.00272	0.00322	0.00396	0.00545
10	0.00796	0.00688	0.00724	0.00651	0.00832	0.00796	0.00507	0.01701	0.86175	0.01339	0.01303	0.01194	0.00977	0.00434	0.00326	0.00109	0.00253	0.00362	0.00326	0.00507
11	0.00391	0.00325	0.00342	0.00338	0.00440	0.00276	0.00253	0.00484	0.00760	0.00937	0.17689	0.02961	0.72132	0.00784	0.00378	0.00107	0.00160	0.00659	0.00307	0.00276
12	0.00445	0.00319	0.00433	0.00502	0.00547	0.00307	0.00387	0.00543	0.00678	0.00895	0.05176	0.48140	0.03605	0.00936	0.00421	0.00136	0.00229	0.35726	0.00298	0.00276
13	0.00796	0.00776	0.01270	0.06123	0.79904	0.03515	0.00966	0.00984	0.00730	0.01026	0.00597	0.00788	0.00500	0.00288	0.00316	0.00095	0.00389	0.00283	0.00158	0.00495
14	0.00409	0.00306	0.00422	0.02540	0.00536	0.00291	0.02193	0.00486	0.01848	0.00831	0.01752	0.80561	0.04710	0.00956	0.00404	0.00128	0.00199	0.00868	0.00291	0.00270
15	0.00416	0.00298	0.00390	0.00455	0.00481	0.00283	0.00307	0.03155	0.00641	0.00855	0.01733	0.85752	0.02067	0.00983	0.00406	0.00129	0.00191	0.00890	0.00298	0.00269
16	0.00837	0.80478	0.08463	0.00591	0.00881	0.01217	0.02079	0.00964	0.00654	0.00779	0.00459	0.00532	0.00412	0.00276	0.00216	0.00072	0.00356	0.00180	0.00137	0.00416
17	0.00408	0.00325	0.00366	0.00356	0.00451	0.00283	0.00267	0.00518	0.00801	0.01033	0.36724	0.02804	0.53037	0.00748	0.00378	0.00105	0.00158	0.00637	0.00319	0.00283
18	0.00443	0.00327	0.00414	0.00392	0.00472	0.00298	0.00294	0.00584	0.00882	0.01226	0.75114	0.02486	0.14526	0.00676	0.00378	0.00102	0.00153	0.00592	0.00345	0.00298
19	0.00682	0.00670	0.00931	0.00802	0.00802	0.00928	0.00660	0.00746	0.00488	0.00759	0.00467	0.00810	0.00479	0.07510	0.01096	0.00153	0.81242	0.00295	0.00144	0.00338
20	0.00664	0.00569	0.00664	0.00474	0.00759	0.00427	0.00379	0.00806	0.00664	0.01043	0.00569	0.00664	0.00474	0.00237	0.00237	0.00047	0.00237	0.00190	0.00190	0.90707
21	0.01436	0.00545	0.00743	0.00570	0.00817	0.00470	0.00470	0.01560	0.00916	0.86975	0.01263	0.01090	0.00792	0.00396	0.00322	0.00099	0.00272	0.00322	0.00396	0.00545
22	0.01436	0.00545	0.00743	0.00570	0.00817	0.00470	0.00470	0.01560	0.00916	0.86975	0.01263	0.01090	0.00792	0.00396	0.00322	0.00099	0.00272	0.00322	0.00396	0.00545
23	0.00756	0.00721	0.01238	0.26150	0.51712	0.00761	0.08128	0.04824	0.00742	0.01024	0.00604	0.00814	0.00484	0.00298	0.00323	0.00099	0.00406	0.00293	0.00162	0.00460
24	0.00668	0.00566	0.00604	0.00556	0.00709	0.00622	0.00433	0.02357	0.55344	0.01219	0.08313	0.01817	0.20567	0.00556	0.00347	0.00109	0.00228	0.04237	0.00320	0.00428
25	0.00400	0.00286	0.00383	0.00457	0.00480	0.00269	0.00314	0.00463	0.00623	0.00828	0.01759	0.81849	0.02095	0.00994	0.00411	0.00131	0.00194	0.07505	0.00297	0.00263
26	0.00501	0.00377	0.00469	0.00437	0.00527	0.00370	0.00330	0.00756	0.12706	0.01291	0.74782	0.02225	0.02738	0.00624	0.00370	0.00102	0.00165	0.00549	0.00349	0.00330
27	0.00848	0.85785	0.04768	0.00561	0.00842	0.01248	0.00571	0.00961	0.00651	0.00763	0.00450	0.00519	0.00411	0.00275	0.00209	0.00070	0.00347	0.00174	0.00137	0.00413
28	0.00380	0.00324	0.00327	0.00326	0.00433	0.00271	0.00245	0.00463	0.00734	0.00875	0.05189	0.03065	0.84671	0.00807	0.00378	0.00108	0.00162	0.00673	0.00299	0.00271
29	0.01384	0.00629	0.00795	0.00609	0.00859	0.00595	0.00503	0.21598	0.01056	0.66739	0.01145	0.01013	0.00733	0.00393	0.00322	0.00098	0.00291	0.00314	0.00378	0.00545
30	0.00688	0.00658	0.01127	0.49153	0.38339	0.00735	0.02937	0.00893	0.00681	0.00920	0.00585	0.00828	0.00462	0.00304	0.00320	0.00102	0.00410	0.00287	0.00150	0.00422
31	0.01269	0.00813	0.00909	0.00697	0.00951	0.00869	0.00576	0.65738	0.01365	0.22163	0.00886	0.00845	0.00603	0.00387	0.00321	0.00097	0.00333	0.00296	0.00338	0.00544
32	0.00756	0.00863	0.01889	0.01349	0.01673	0.00809	0.85591	0.01025	0.00756	0.01025	0.00648	0.00863	0.00486	0.00270	0.00378	0.00108	0.00540	0.00378	0.00162	0.00432
33	0.00856	0.88943	0.01677	0.00548	0.00822	0.01267	0.00548	0.00959	0.00650	0.00753	0.00445	0.00513	0.00411	0.00274	0.00205	0.00068	0.00342	0.00171	0.00137	0.00411
34	0.01395	0.00556	0.00739	0.00569	0.00811	0.00493	0.00469	0.06195	0.00940	0.79255	0.01228	0.01075	0.00780	0.00395	0.00318	0.00098	0.00272	0.00319	0.03555	0.00536
35	0.00642	0.01656	0.87092	0.00912	0.01385	0.00743	0.01183	0.01014	0.00676	0.01014	0.00574	0.00676	0.00405	0.00304	0.00304	0.00101	0.00473	0.00237	0.00135	0.00473

[dist]
# distance from previous block
# <min> <max>
0	2

[block]
# block no. 2 follows, 89 sequences, length 55
# corresponding to MSA columns:
# 656-710
name=unknown_C
#
# <colnr> <probs for GDERKNQSTAVLIFYWHMCP>
#	G	D	E	R	K	N	Q	S	T	A	V	L	I	F	Y	W	H	M	C	P
0	0.00452	0.00327	0.00426	0.00401	0.00477	0.00301	0.00301	0.00601	0.00903	0.01275	0.84932	0.02405	0.04678	0.00658	0.00378	0.00101	0.00151	0.00581	0.00351	0.00301
1	0.91011	0.00619	0.00470	0.00421	0.00619	0.00718	0.00347	0.00941	0.00545	0.01436	0.00446	0.00520	0.00347	0.00297	0.00198	0.00099	0.00248	0.00173	0.00198	0.00347
2	0.00856	0.88943	0.01677	0.00548	0.00822	0.01267	0.00548	0.00959	0.00650	0.00753	0.00445	0.00513	0.00411	0.00274	0.00205	0.00068	0.00342	0.00171	0.00137	0.00411
3	0.91011	0.00619	0.00470	0.00421	0.00619	0.00718	0.00347	0.00941	0.00545	0.01436	0.00446	0.00520	0.00347	0.00297	0.00198	0.00099	0.00248	0.00173	0.00198	0.00347
4	0.00796	0.00688	0.00724	0.00651	0.00832	0.00796	0.00507	0.01701	0.86175	0.01339	0.01303	0.01194	0.00977	0.00434	0.00326	0.00109	0.00253	0.00362	0.00326	0.00507
5	0.00796	0.00688	0.00724	0.00651	0.00832	0.00796	0.00507	0.01701	0.86175	0.01339	0.01303	0.01194	0.00977	0.00434	0.00326	0.00109	0.00253	0.00362	0.00326	0.00507
6	0.01191	0.00884	0.00946	0.00731	0.00983	0.00980	0.00602	0.80454	0.06780	0.01975	0.00802	0.00795	0.00571	0.00387	0.00321	0.00097	0.00346	0.00293	0.00321	0.00542
7	0.00453	0.00327	0.00428	0.00403	0.00478	0.00302	0.00302	0.00604	0.00906	0.01284	0.86585	0.02391	0.03020	0.00654	0.00378	0.00101	0.00151	0.00579	0.00352	0.00302
8	0.00580	0.00461	0.00538	0.00495	0.00610	0.00485	0.00378	0.01011	0.32552	0.01304	0.54934	0.01947	0.02262	0.00573	0.00358	0.00104	0.00189	0.00498	0.00342	0.00378
9	0.00403	0.00301	0.00375	0.00408	0.00461	0.00272	0.00286	0.00487	0.00710	0.00941	0.22720	0.48583	0.21132	0.00875	0.00394	0.00118	0.00172	0.00777	0.00311	0.00272
10	0.00391	0.00280	0.00370	0.00441	0.00461	0.00261	0.00294	0.00446	0.00614	0.00815	0.01795	0.84575	0.04567	0.02492	0.00428	0.00132	0.00187	0.00896	0.00295	0.00259
11	0.01415	0.00544	0.00737	0.00567	0.00811	0.00473	0.00468	0.01551	0.02195	0.84531	0.01261	0.01093	0.00796	0.00396	0.00321	0.00099	0.00270	0.00322	0.01610	0.00541
12	0.62624	0.00607	0.00559	0.00474	0.00685	0.00661	0.00389	0.02377	0.04355	0.23568	0.00699	0.00700	0.00492	0.00330	0.00237	0.00099	0.00256	0.00222	0.00257	0.00408
13	0.00647	0.01622	0.83487	0.00931	0.01398	0.00746	0.04754	0.01014	0.00679	0.01014	0.00578	0.00684	0.00409	0.00303	0.00307	0.00102	0.00476	0.00243	0.00136	0.00471
14	0.00420	0.00307	0.00356	0.00379	0.00417	0.00287	0.00249	0.00465	0.00592	0.00761	0.02773	0.27752	0.24735	0.34911	0.02255	0.00200	0.00240	0.02407	0.00256	0.00239
15	0.00407	0.00290	0.00390	0.00465	0.00491	0.00274	0.00326	0.00474	0.00629	0.00836	0.01755	0.77331	0.02081	0.00987	0.00413	0.00132	0.00200	0.11956	0.00297	0.00265
16	0.00779	0.00747	0.01276	0.07862	0.80957	0.00757	0.00976	0.00971	0.00723	0.01030	0.00600	0.00796	0.00502	0.00288	0.00317	0.00096	0.00383	0.00285	0.00157	0.00497
17	0.00688	0.01231	0.43605	0.04800	0.01537	0.00765	0.39346	0.01002	0.00709	0.01008	0.00625	0.02066	0.00468	0.00300	0.00340	0.00105	0.00497	0.00312	0.00150	0.00446
18	0.00759	0.00416	0.00530	0.00477	0.00605	0.00389	0.00375	0.05658	0.01650	0.23541	0.32113	0.10398	0.07579	0.00618	0.00359	0.00106	0.00212	0.08097	0.05743	0.00374
19	0.00766	0.00733	0.01251	0.14191	0.74736	0.00754	0.00969	0.00959	0.00716	0.01013	0.00597	0.00801	0.00496	0.00290	0.00317	0.00097	0.00387	0.00285	0.00156	0.00486
20	0.06785	0.08619	0.07681	0.00569	0.00842	0.03892	0.01771	0.08442	0.05327	0.01131	0.00633	0.02284	0.00520	0.00293	0.00256	0.00069	0.00292	0.00226	0.01268	0.49100
21	0.00495	0.00353	0.00447	0.00437	0.00454	0.00388	0.00293	0.00531	0.00493	0.01995	0.00971	0.06671	0.01068	0.56050	0.20028	0.00326	0.08124	0.00446	0.00193	0.00237
22	0.00420	0.00319	0.00386	0.00384	0.00461	0.00286	0.00282	0.00535	0.00807	0.01081	0.47500	0.15003	0.29861	0.00755	0.00382	0.00107	0.00160	0.00658	0.00327	0.00286
23	0.00649	0.04391	0.84416	0.00901	0.01368	0.00760	0.01163	0.01012	0.00675	0.01006	0.00570	0.00671	0.00406	0.00303	0.00301	0.00100	0.00469	0.00234	0.00135	0.00471
24	0.00698	0.16727	0.57809	0.00923	0.01336	0.00846	0.15341	0.01006	0.00685	0.00970	0.00564	0.00679	0.00420	0.00293	0.00299	0.00097	0.00462	0.00249	0.00140	0.00455
25	0.84709	0.02985	0.00530	0.00460	0.02063	0.00741	0.00371	0.01961	0.00561	0.01409	0.00452	0.00530	0.00354	0.00301	0.00214	0.00099	0.01531	0.00178	0.00196	0.00353
26	0.00434	0.00322	0.00404	0.00396	0.00472	0.00293	0.00294	0.00562	0.00840	0.01151	0.60546	0.11336	0.18727	0.00724	0.00382	0.00106	0.00159	0.02226	0.00335	0.00292
27	0.00965	0.00816	0.00964	0.00788	0.00914	0.04229	0.00651	0.38775	0.00969	0.03126	0.00596	0.00734	0.00483	0.00469	0.00680	0.00117	0.43772	0.00282	0.00227	0.00442
28	0.00872	0.00672	0.00759	0.00566	0.00835	0.00616	0.00458	0.26227	0.05204	0.05366	0.00698	0.00741	0.00535	0.00298	0.00270	0.00067	0.00274	0.00234	0.00245	0.55062
29	0.00722	0.00755	0.01393	0.18531	0.01505	0.00843	0.40285	0.03046	0.02776	0.00944	0.00586	0.00821	0.00469	0.00369	0.00555	0.00117	0.25399	0.00329	0.00160	0.00398
30	0.00460	0.00371	0.00417	0.00415	0.00511	0.00355	0.00309	0.00675	0.13495	0.01015	0.19937	0.18324	0.39809	0.00758	0.00377	0.00111	0.00180	0.01858	0.00313	0.00311
31	0.00387	0.00323	0.00338	0.00344	0.00445	0.00274	0.00259	0.00471	0.00729	0.00879	0.05876	0.08179	0.75594	0.00820	0.00383	0.00111	0.00168	0.03851	0.00299	0.00272
32	0.00433	0.00342	0.00380	0.00377	0.00482	0.00300	0.01200	0.00543	0.01927	0.02181	0.09600	0.02928	0.64232	0.00772	0.00377	0.00110	0.00182	0.09479	0.03869	0.00285
33	0.00725	0.00692	0.01177	0.32937	0.56310	0.00743	0.00949	0.00923	0.00697	0.00964	0.00590	0.00814	0.00478	0.00298	0.00318	0.00099	0.00397	0.00285	0.00153	0.00453
34	0.47605	0.00624	0.00628	0.00512	0.00736	0.00659	0.00423	0.11093	0.00794	0.32912	0.00784	0.00758	0.00533	0.00344	0.00258	0.00099	0.00269	0.00241	0.00285	0.00443
35	0.00432	0.00312	0.00411	0.00433	0.00469	0.00317	0.00301	0.00502	0.00585	0.00797	0.09358	0.30465	0.06439	0.21369	0.26028	0.00279	0.00405	0.00599	0.00242	0.00257
36	0.04831	0.00590	0.00953	0.77371	0.02048	0.00729	0.02268	0.03658	0.00663	0.00889	0.00567	0.00831	0.00428	0.00326	0.00334	0.00107	0.02613	0.00281	0.00151	0.00363
37	0.00737	0.00688	0.02006	0.18740	0.42897	0.00722	0.03690	0.01963	0.15474	0.02000	0.00824	0.05064	0.01372	0.00370	0.00328	0.00103	0.00360	0.02006	0.00199	0.00457
38	0.08353	0.00571	0.00733	0.00568	0.00811	0.00521	0.00469	0.05918	0.01991	0.74825	0.01174	0.01030	0.00747	0.00388	0.00312	0.00099	0.00274	0.00309	0.00376	0.00529
39	0.04721	0.00606	0.02809	0.00571	0.01661	0.00617	0.00456	0.24239	0.14822	0.10452	0.10778	0.10508	0.03622	0.00494	0.00321	0.00100	0.00254	0.00409	0.12130	0.00430
40	0.00843	0.02237	0.11463	0.05701	0.08309	0.06874	0.34538	0.07002	0.03031	0.07864	0.00724	0.02174	0.00561	0.00340	0.00369	0.00104	0.04023	0.01893	0.01508	0.00443
41	0.00449	0.00354	0.02046	0.00550	0.04534	0.00323	0.00389	0.01453	0.00669	0.00892	0.05167	0.59166	0.04742	0.00907	0.00406	0.00129	0.00221	0.17026	0.00290	0.00287
42	0.01316	0.00534	0.00705	0.00554	0.00781	0.00479	0.00455	0.03051	0.04865	0.72752	0.01244	0.01139	0.00816	0.00404	0.00316	0.00098	0.00263	0.01721	0.07988	0.00518
43	0.00450	0.00355	0.01256	0.00435	0.01307	0.00320	0.01617	0.00596	0.03121	0.01107	0.47226	0.14801	0.21417	0.00722	0.00379	0.00108	0.00176	0.02653	0.01655	0.00300
44	0.01756	0.16317	0.15457	0.02525	0.12198	0.24974	0.06317	0.05549	0.02091	0.09001	0.00622	0.00701	0.00479	0.00316	0.00291	0.00090	0.00441	0.00245	0.00186	0.00443
45	0.00769	0.00779	0.03324	0.16842	0.62633	0.04774	0.01819	0.00959	0.00714	0.00983	0.00593	0.00806	0.00493	0.01416	0.00344	0.00100	0.01746	0.00283	0.00156	0.00466
46	0.00388	0.00321	0.00341	0.00344	0.00441	0.00273	0.00255	0.00475	0.00740	0.00910	0.12998	0.10681	0.69108	0.00809	0.00381	0.00109	0.00163	0.00685	0.00304	0.00273
47	0.00863	0.02333	0.09474	0.04790	0.49178	0.17479	0.04927	0.01743	0.01621	0.02864	0.00610	0.00778	0.00497	0.00306	0.00313	0.00095	0.00431	0.01065	0.00166	0.00466
48	0.02969	0.09599	0.64130	0.00853	0.01270	0.00798	0.03875	0.06915	0.00742	0.05098	0.00607	0.00689	0.00435	0.00310	0.00297	0.00098	0.00440	0.00241	0.00163	0.00471
49	0.00398	0.00314	0.00379	0.00406	0.00476	0.00279	0.01411	0.00477	0.00688	0.00869	0.06100	0.39391	0.41714	0.00882	0.00394	0.00119	0.00183	0.04949	0.00298	0.00271
50	0.01318	0.00666	0.04873	0.00668	0.00933	0.00576	0.07221	0.12078	0.00966	0.65526	0.01120	0.01012	0.00719	0.00380	0.00325	0.00099	0.00313	0.00318	0.00356	0.00532
51	0.00457	0.00378	0.03115	0.00417	0.00512	0.00324	0.01185	0.00610	0.02320	0.01161	0.58983	0.04370	0.17964	0.02716	0.01732	0.00113	0.00184	0.00575	0.02581	0.00303
52	0.00857	0.19279	0.04497	0.05216	0.23784	0.05810	0.03583	0.09307	0.14881	0.02340	0.00690	0.00784	0.00552	0.00343	0.00348	0.00096	0.06701	0.00271	0.00198	0.00461
53	0.00465	0.00363	0.00415	0.00402	0.00505	0.00334	0.00307	0.00641	0.07762	0.02378	0.30029	0.05438	0.42087	0.00726	0.00376	0.00108	0.00177	0.05719	0.00318	0.01448
54	0.01803	0.14892	0.11717	0.02377	0.25360	0.06286	0.00740	0.16311	0.04416	0.02636	0.01705	0.04157	0.03472	0.00369	0.00302	0.00094	0.00365	0.01130	0.00207	0.01661

[dist]
# distance from previous block
# <min> <max>
1	10

[block]
# block no. 3 follows, 89 sequences, length 40
# corresponding to MSA columns:
# 721-749,768-778
name=unknown_D
#
# <colnr> <probs for GDERKNQSTAVLIFYWHMCP>
#	G	D	E	R	K	N	Q	S	T	A	V	L	I	F	Y	W	H	M	C	P
0	0.17808	0.02726	0.19817	0.00772	0.05402	0.02727	0.07408	0.10696	0.11305	0.09537	0.07195	0.01769	0.00743	0.00366	0.00301	0.00100	0.00344	0.00298	0.00238	0.00448
1	0.01938	0.05221	0.39858	0.03509	0.15214	0.13813	0.03519	0.04519	0.01655	0.04013	0.02255	0.00770	0.01666	0.00324	0.00305	0.00096	0.00441	0.00261	0.00170	0.00454
2	0.01603	0.01489	0.02135	0.04129	0.05533	0.05559	0.28488	0.05672	0.03682	0.00960	0.00838	0.09774	0.00804	0.13317	0.02460	0.00150	0.09542	0.03298	0.00196	0.00370
3	0.00586	0.00544	0.00894	0.74047	0.03108	0.00666	0.00811	0.00784	0.00656	0.00848	0.05548	0.01064	0.05351	0.00397	0.01461	0.00112	0.02284	0.00323	0.00163	0.00349
4	0.02371	0.18566	0.35250	0.04323	0.06642	0.00837	0.04824	0.08174	0.02574	0.09208	0.00675	0.02833	0.00518	0.00334	0.00304	0.00096	0.01556	0.00266	0.00188	0.00461
5	0.00472	0.00358	0.00443	0.00490	0.00542	0.00362	0.00349	0.00680	0.15181	0.00915	0.01688	0.62801	0.03251	0.02751	0.00423	0.00131	0.00209	0.08351	0.00300	0.00304
6	0.00390	0.00279	0.00371	0.00446	0.00464	0.00260	0.00297	0.00446	0.00613	0.00817	0.01764	0.88541	0.02117	0.01003	0.00409	0.00130	0.00186	0.00910	0.00297	0.00260
7	0.01708	0.01173	0.50431	0.07588	0.02266	0.00662	0.04167	0.03728	0.05204	0.01037	0.04076	0.09955	0.04590	0.00429	0.00327	0.00106	0.00395	0.01545	0.00188	0.00426
8	0.00747	0.00799	0.07254	0.21685	0.58047	0.02783	0.02159	0.00954	0.00709	0.00985	0.00591	0.00794	0.00479	0.00295	0.00317	0.00098	0.00404	0.00281	0.00153	0.00465
9	0.00562	0.00295	0.00311	0.00323	0.00388	0.00292	0.00236	0.00695	0.00661	0.01130	0.01165	0.15870	0.01038	0.00479	0.00255	0.00084	0.00155	0.00401	0.75367	0.00292
10	0.01436	0.00545	0.00743	0.00570	0.00817	0.00470	0.00470	0.01560	0.00916	0.86975	0.01263	0.01090	0.00792	0.00396	0.00322	0.00099	0.00272	0.00322	0.00396	0.00545
11	0.09458	0.00598	0.00771	0.08469	0.06619	0.00604	0.00553	0.11922	0.05514	0.39458	0.01990	0.01265	0.00823	0.00432	0.00324	0.00105	0.00301	0.10006	0.00314	0.00473
12	0.00796	0.00688	0.00724	0.00651	0.00832	0.00796	0.00507	0.01701	0.86175	0.01339	0.01303	0.01194	0.00977	0.00434	0.00326	0.00109	0.00253	0.00362	0.00326	0.00507
13	0.01314	0.00610	0.00765	0.00598	0.00836	0.00584	0.00490	0.15243	0.09566	0.62323	0.01181	0.01051	0.00771	0.00397	0.00319	0.00099	0.00280	0.00320	0.02717	0.00534
14	0.00463	0.00331	0.00456	0.00530	0.00580	0.00323	0.00425	0.00573	0.00685	0.00899	0.01724	0.38952	0.01957	0.00934	0.00428	0.00140	0.00249	0.49774	0.00296	0.00280
15	0.02339	0.00986	0.00926	0.00741	0.00974	0.16006	0.00599	0.63170	0.08192	0.01741	0.00760	0.00766	0.00554	0.00378	0.00314	0.00095	0.00382	0.00278	0.00292	0.00509
16	0.01217	0.00897	0.00961	0.00737	0.00993	0.00993	0.00608	0.85686	0.01505	0.02017	0.00769	0.00769	0.00544	0.00384	0.00320	0.00096	0.00352	0.00288	0.00320	0.00544
17	0.00792	0.00761	0.01299	0.01965	0.86753	0.00761	0.00982	0.00982	0.00729	0.01046	0.00602	0.00792	0.00507	0.00285	0.00317	0.00095	0.00380	0.00285	0.00158	0.00507
18	0.00393	0.00280	0.00374	0.00449	0.00468	0.00262	0.00302	0.00450	0.00615	0.00820	0.01763	0.86760	0.02111	0.01000	0.00409	0.00130	0.00188	0.02665	0.00297	0.00261
19	0.00386	0.00325	0.00335	0.00332	0.00437	0.00274	0.00249	0.00474	0.00748	0.00908	0.11857	0.03009	0.77982	0.00795	0.00378	0.00107	0.00161	0.00666	0.00303	0.00274
20	0.00930	0.00719	0.00935	0.01834	0.14611	0.04783	0.00656	0.15909	0.00813	0.15876	0.02778	0.00873	0.00611	0.00584	0.07099	0.00142	0.29882	0.00298	0.00227	0.00438
21	0.07437	0.00812	0.01275	0.14802	0.05258	0.05428	0.33019	0.17706	0.02313	0.03590	0.00665	0.01720	0.00506	0.00331	0.00360	0.00104	0.03719	0.00317	0.00203	0.00435
22	0.00895	0.01179	0.11871	0.01074	0.02502	0.32101	0.38657	0.01984	0.00797	0.00935	0.00589	0.00747	0.00460	0.00372	0.03281	0.00112	0.01578	0.00294	0.00161	0.00411
23	0.00913	0.02789	0.01101	0.10782	0.45361	0.00760	0.00802	0.11547	0.08872	0.12737	0.00770	0.00867	0.00583	0.00330	0.00317	0.00098	0.00354	0.00295	0.00224	0.00498
24	0.04807	0.36172	0.18335	0.00726	0.06026	0.00898	0.03605	0.02867	0.04593	0.07010	0.02207	0.02384	0.00557	0.00317	0.00263	0.00084	0.00349	0.00243	0.00184	0.08373
25	0.00490	0.00333	0.00390	0.00384	0.00389	0.00346	0.00230	0.00498	0.00482	0.02061	0.01021	0.06518	0.01168	0.78088	0.01514	0.00289	0.04912	0.00477	0.00200	0.00211
26	0.00466	0.00310	0.00349	0.00349	0.00349	0.00310	0.00194	0.00466	0.00466	0.00621	0.01009	0.02095	0.01164	0.88750	0.01629	0.00310	0.00310	0.00466	0.00194	0.00194
27	0.01084	0.00685	0.00783	0.00632	0.00847	0.00725	0.00511	0.33116	0.21554	0.24340	0.11221	0.01149	0.01008	0.00431	0.00329	0.00100	0.00283	0.00349	0.00346	0.00507
28	0.00804	0.00867	0.05525	0.08102	0.61566	0.10126	0.03363	0.00993	0.00739	0.00995	0.00631	0.00805	0.01903	0.00301	0.00315	0.00095	0.00408	0.00282	0.00160	0.02021
29	0.00501	0.00361	0.00498	0.00568	0.00640	0.00357	0.00489	0.00640	0.00729	0.00945	0.01779	0.08460	0.06244	0.00887	0.00437	0.00144	0.00282	0.75451	0.00295	0.00291
30	0.00511	0.00334	0.00426	0.00397	0.00482	0.00308	0.00300	0.00658	0.00876	0.05299	0.70786	0.02234	0.05801	0.00619	0.00359	0.00098	0.00157	0.00542	0.09499	0.00312
31	0.00456	0.00327	0.00425	0.00401	0.00476	0.00302	0.00301	0.00607	0.00902	0.01282	0.84956	0.02368	0.02978	0.00649	0.00375	0.00100	0.00151	0.00574	0.02069	0.00302
32	0.00844	0.80602	0.04681	0.00645	0.05956	0.01218	0.00596	0.00962	0.00656	0.00780	0.00459	0.00536	0.00416	0.00276	0.00216	0.00071	0.00349	0.00180	0.00138	0.00419
33	0.01418	0.00557	0.00748	0.00575	0.00822	0.00490	0.00475	0.03700	0.02676	0.83064	0.01251	0.01084	0.00790	0.00397	0.00322	0.00099	0.00274	0.00322	0.00393	0.00544
34	0.00450	0.00327	0.00424	0.00400	0.00477	0.00301	0.00300	0.00599	0.00900	0.01268	0.83529	0.02416	0.06085	0.00660	0.00378	0.00101	0.00151	0.00582	0.00350	0.00301
35	0.00549	0.00440	0.02063	0.00551	0.00630	0.03615	0.02121	0.04225	0.04646	0.03177	0.01600	0.46080	0.03055	0.00846	0.00401	0.00129	0.00256	0.25017	0.00291	0.00312
36	0.00837	0.00642	0.00780	0.00670	0.00840	0.00693	0.05826	0.33568	0.14964	0.01421	0.01148	0.09298	0.01049	0.02031	0.02637	0.00126	0.00323	0.17655	0.05064	0.00429
37	0.00390	0.00279	0.00371	0.00446	0.00464	0.00260	0.00297	0.00446	0.00613	0.00817	0.01764	0.88541	0.02117	0.01003	0.00409	0.00130	0.00186	0.00910	0.00297	0.00260
38	0.00858	0.86183	0.02921	0.00558	0.00833	0.02714	0.00558	0.00965	0.00655	0.00757	0.00448	0.00517	0.00411	0.00275	0.00208	0.00069	0.00348	0.00173	0.00137	0.00411
39	0.00772	0.19363	0.22031	0.07423	0.02436	0.00854	0.31364	0.02418	0.01723	0.05098	0.02346	0.00786	0.00519	0.00300	0.00314	0.00097	0.00442	0.00291	0.00169	0.01253

[dist]
# distance from previous block
# <min> <max>
0	1

[block]
# block no. 4 follows, 89 sequences, length 149
# corresponding to MSA columns:
# 780-928
name=unknown_E
#
# <colnr> <probs for GDERKNQSTAVLIFYWHMCP>
#	G	D	E	R	K	N	Q	S	T	A	V	L	I	F	Y	W	H	M	C	P
0	0.00626	0.33779	0.06840	0.00548	0.00701	0.02604	0.00486	0.01629	0.00641	0.00817	0.01060	0.38185	0.01183	0.00694	0.03716	0.00119	0.03694	0.02124	0.00212	0.00342
1	0.00393	0.00281	0.00375	0.00449	0.00469	0.00262	0.00302	0.00451	0.00616	0.00820	0.01763	0.86633	0.02111	0.01000	0.00409	0.00130	0.00188	0.02790	0.00297	0.00261
2	0.00879	0.21474	0.01098	0.00681	0.00934	0.21962	0.08924	0.05346	0.02625	0.00967	0.00556	0.00644	0.00460	0.00283	0.00262	0.00071	0.00381	0.00217	0.00178	0.32059
3	0.00557	0.09768	0.32176	0.00654	0.00877	0.00567	0.02526	0.02567	0.00664	0.00915	0.01150	0.42646	0.01247	0.00643	0.00348	0.00112	0.00319	0.01681	0.00219	0.00363
4	0.01977	0.08958	0.01155	0.06511	0.39535	0.28038	0.00788	0.07482	0.00829	0.01001	0.00563	0.00698	0.00465	0.00308	0.00297	0.00090	0.00438	0.00249	0.00170	0.00448
5	0.00456	0.00326	0.00447	0.00521	0.00569	0.00317	0.00412	0.00560	0.00678	0.00891	0.01728	0.43911	0.01973	0.00941	0.00426	0.00139	0.00243	0.44888	0.00296	0.00278
6	0.00378	0.00324	0.00324	0.00324	0.00432	0.00270	0.00243	0.00459	0.00730	0.00865	0.03243	0.03081	0.86624	0.00811	0.00378	0.00108	0.00162	0.00676	0.00297	0.00270
7	0.91011	0.00619	0.00470	0.00421	0.00619	0.00718	0.00347	0.00941	0.00545	0.01436	0.00446	0.00520	0.00347	0.00297	0.00198	0.00099	0.00248	0.00173	0.00198	0.00347
8	0.00398	0.00328	0.00351	0.00353	0.00455	0.00281	0.00270	0.00492	0.00752	0.00924	0.13690	0.03031	0.69977	0.00796	0.00383	0.00110	0.00170	0.06657	0.00304	0.00276
9	0.00792	0.00761	0.01299	0.01965	0.86753	0.00761	0.00982	0.00982	0.00729	0.01046	0.00602	0.00792	0.00507	0.00285	0.00317	0.00095	0.00380	0.00285	0.00158	0.00507
10	0.00784	0.00752	0.01285	0.05689	0.83093	0.00758	0.00978	0.00975	0.00725	0.01036	0.00601	0.00795	0.00504	0.00287	0.00317	0.00096	0.00382	0.00285	0.00158	0.00500
11	0.00426	0.00326	0.00390	0.00374	0.00462	0.00290	0.00281	0.00551	0.00842	0.01131	0.56294	0.02642	0.33406	0.00711	0.00378	0.00103	0.00155	0.00614	0.00332	0.00290
12	0.00872	0.00740	0.01040	0.00777	0.01047	0.04010	0.21962	0.13397	0.11178	0.08818	0.00765	0.00828	0.00574	0.00308	0.00305	0.00083	0.00348	0.00285	0.00235	0.32428
13	0.91011	0.00619	0.00470	0.00421	0.00619	0.00718	0.00347	0.00941	0.00545	0.01436	0.00446	0.00520	0.00347	0.00297	0.00198	0.00099	0.00248	0.00173	0.00198	0.00347
14	0.91011	0.00619	0.00470	0.00421	0.00619	0.00718	0.00347	0.00941	0.00545	0.01436	0.00446	0.00520	0.00347	0.00297	0.00198	0.00099	0.00248	0.00173	0.00198	0.00347
15	0.20048	0.00669	0.00736	0.00582	0.00818	0.03981	0.00478	0.18408	0.00957	0.48672	0.00963	0.00886	0.00635	0.00371	0.00294	0.00098	0.00295	0.00280	0.00331	0.00497
16	0.00425	0.00304	0.00411	0.00483	0.00518	0.00290	0.00356	0.00507	0.00652	0.00865	0.03570	0.63979	0.02063	0.00964	0.00417	0.00134	0.00214	0.23280	0.00298	0.00270
17	0.00704	0.02349	0.56629	0.00966	0.01363	0.02464	0.17910	0.02909	0.07979	0.01053	0.00649	0.00756	0.00474	0.00315	0.00334	0.00103	0.02140	0.00276	0.00161	0.00464
18	0.00807	0.69168	0.21028	0.00630	0.00949	0.01148	0.00692	0.00971	0.00656	0.00812	0.00474	0.00550	0.00410	0.00281	0.00228	0.00076	0.00372	0.00186	0.00137	0.00425
19	0.01212	0.00894	0.00958	0.00735	0.00991	0.00990	0.00607	0.84622	0.02578	0.02009	0.00775	0.00774	0.00550	0.00385	0.00320	0.00096	0.00351	0.00289	0.00320	0.00544
20	0.00522	0.00522	0.05364	0.04931	0.03794	0.00461	0.18068	0.00663	0.00674	0.00908	0.05050	0.40416	0.05192	0.02779	0.00427	0.00125	0.01551	0.07982	0.00246	0.00325
21	0.00418	0.00291	0.00363	0.00409	0.00421	0.00279	0.00258	0.00453	0.00557	0.00743	0.01480	0.55987	0.01758	0.34047	0.00868	0.00198	0.00233	0.00743	0.00258	0.00235
22	0.00432	0.00326	0.00399	0.00381	0.00465	0.00293	0.00286	0.00564	0.00857	0.01167	0.63289	0.02584	0.26389	0.00698	0.00378	0.00103	0.00154	0.00606	0.00337	0.00293
23	0.02233	0.13302	0.03770	0.00884	0.13387	0.23015	0.02644	0.08685	0.03442	0.21474	0.00739	0.00770	0.00547	0.00341	0.00310	0.00091	0.02323	0.00258	0.00233	0.01556
24	0.91011	0.00619	0.00470	0.00421	0.00619	0.00718	0.00347	0.00941	0.00545	0.01436	0.00446	0.00520	0.00347	0.00297	0.00198	0.00099	0.00248	0.00173	0.00198	0.00347
25	0.00451	0.00327	0.00426	0.00401	0.00477	0.00301	0.00301	0.00601	0.00902	0.01275	0.84779	0.02406	0.04831	0.00658	0.00378	0.00101	0.00151	0.00581	0.00351	0.00301
26	0.01432	0.00551	0.00747	0.00573	0.00820	0.00480	0.00473	0.03153	0.00927	0.85366	0.01253	0.01083	0.00788	0.00396	0.00322	0.00099	0.00274	0.00321	0.00395	0.00545
27	0.00466	0.00310	0.00349	0.00349	0.00349	0.00310	0.00194	0.00466	0.00466	0.00621	0.01009	0.02095	0.01164	0.88750	0.01629	0.00310	0.00310	0.00466	0.00194	0.00194
28	0.00789	0.00770	0.01356	0.01906	0.78582	0.00765	0.09109	0.00987	0.00731	0.01044	0.00606	0.00799	0.00505	0.00284	0.00323	0.00096	0.00396	0.00294	0.00159	0.00500
29	0.00792	0.00761	0.01299	0.01965	0.86753	0.00761	0.00982	0.00982	0.00729	0.01046	0.00602	0.00792	0.00507	0.00285	0.00317	0.00095	0.00380	0.00285	0.00158	0.00507
30	0.00845	0.00677	0.00725	0.00645	0.00831	0.00771	0.00504	0.01690	0.79663	0.07880	0.01300	0.01186	0.00963	0.00431	0.00325	0.00108	0.00255	0.00359	0.00331	0.00510
31	0.00466	0.00310	0.00349	0.00349	0.00349	0.00310	0.00194	0.00466	0.00466	0.00621	0.01009	0.02095	0.01164	0.88750	0.01629	0.00310	0.00310	0.00466	0.00194	0.00194
32	0.01212	0.00870	0.00940	0.00724	0.00977	0.00957	0.00597	0.77882	0.04818	0.06522	0.00816	0.00802	0.00575	0.00387	0.00321	0.00097	0.00344	0.00293	0.00324	0.00543
33	0.00457	0.00343	0.00514	0.00514	0.00572	0.00400	0.00400	0.00572	0.00514	0.00743	0.00857	0.01258	0.00800	0.02401	0.87482	0.00514	0.00857	0.00343	0.00171	0.00286
34	0.01436	0.00545	0.00743	0.00570	0.00817	0.00470	0.00470	0.01560	0.00916	0.86975	0.01263	0.01090	0.00792	0.00396	0.00322	0.00099	0.00272	0.00322	0.00396	0.00545
35	0.91011	0.00619	0.00470	0.00421	0.00619	0.00718	0.00347	0.00941	0.00545	0.01436	0.00446	0.00520	0.00347	0.00297	0.00198	0.00099	0.00248	0.00173	0.00198	0.00347
36	0.00504	0.00320	0.00365	0.00358	0.00368	0.00317	0.00205	0.00509	0.00483	0.04032	0.01019	0.02055	0.01149	0.85260	0.01578	0.00302	0.00309	0.00460	0.00202	0.00208
37	0.00642	0.01656	0.87092	0.00912	0.01385	0.00743	0.01183	0.01014	0.00676	0.01014	0.00574	0.00676	0.00405	0.00304	0.00304	0.00101	0.00473	0.00237	0.00135	0.00473
38	0.00633	0.00610	0.01185	0.00960	0.01156	0.00584	0.42004	0.00840	0.00746	0.00991	0.01184	0.02271	0.01181	0.00585	0.00411	0.00128	0.00414	0.43527	0.00230	0.00362
39	0.00764	0.00859	0.01874	0.01339	0.01662	0.00805	0.84507	0.01032	0.00758	0.02119	0.00655	0.00866	0.00490	0.00271	0.00377	0.00108	0.00536	0.00377	0.00165	0.00433
40	0.00668	0.00573	0.00678	0.03771	0.00816	0.00444	0.00401	0.01770	0.00672	0.01046	0.00571	0.00672	0.00473	0.00242	0.00241	0.00050	0.00246	0.00194	0.00189	0.86283
41	0.00792	0.00761	0.01299	0.01965	0.86753	0.00761	0.00982	0.00982	0.00729	0.01046	0.00602	0.00792	0.00507	0.00285	0.00317	0.00095	0.00380	0.00285	0.00158	0.00507
42	0.00902	0.00795	0.02074	0.09501	0.26314	0.03463	0.04765	0.29115	0.07622	0.01326	0.00723	0.02010	0.00577	0.02423	0.01283	0.00110	0.05988	0.00306	0.00225	0.00474
43	0.00461	0.00327	0.00434	0.00434	0.00463	0.00356	0.00300	0.00520	0.00491	0.00683	0.00931	0.01666	0.00978	0.44511	0.45614	0.00415	0.00591	0.00403	0.00182	0.00241
44	0.00800	0.07143	0.10533	0.01178	0.30452	0.05130	0.06210	0.04726	0.13102	0.02996	0.03679	0.00959	0.02336	0.00372	0.00376	0.00101	0.07444	0.01803	0.00202	0.00459
45	0.02836	0.12298	0.01039	0.00817	0.03375	0.57034	0.04381	0.06964	0.03550	0.00915	0.00558	0.01795	0.00467	0.00336	0.00295	0.00085	0.01529	0.00232	0.00179	0.01316
46	0.00643	0.00522	0.00605	0.00448	0.00695	0.00404	0.00356	0.00787	0.00679	0.01075	0.05593	0.00828	0.00664	0.00278	0.00244	0.00054	0.00221	0.00225	0.11257	0.74422
47	0.00786	0.00738	0.01225	0.01807	0.76859	0.00741	0.00924	0.03632	0.02286	0.01073	0.00679	0.03172	0.00593	0.00325	0.00322	0.00097	0.00368	0.02505	0.00174	0.01693
48	0.00387	0.00324	0.00337	0.00335	0.00438	0.00274	0.00251	0.00476	0.00748	0.00912	0.12821	0.04383	0.75625	0.00796	0.00379	0.00108	0.00161	0.00668	0.00304	0.00274
49	0.00959	0.00434	0.00582	0.00505	0.00657	0.00388	0.00392	0.02266	0.00835	0.45687	0.16458	0.25762	0.01553	0.00611	0.00355	0.00108	0.00227	0.00531	0.01272	0.00420
50	0.00582	0.00398	0.00432	0.00443	0.00513	0.03386	0.00321	0.10006	0.00744	0.01080	0.01363	0.44595	0.01436	0.00694	0.00332	0.00106	0.00207	0.01870	0.31185	0.00309
51	0.00390	0.00279	0.00371	0.00446	0.00464	0.00260	0.00297	0.00446	0.00613	0.00817	0.01764	0.88541	0.02117	0.01003	0.00409	0.00130	0.00186	0.00910	0.00297	0.00260
52	0.01191	0.02676	0.00917	0.00821	0.00987	0.86330	0.00618	0.01274	0.00904	0.00783	0.00494	0.00576	0.00412	0.00329	0.00288	0.00082	0.00574	0.00206	0.00165	0.00372
53	0.00424	0.00325	0.00388	0.00374	0.00461	0.00289	0.00280	0.00547	0.00836	0.01119	0.53953	0.03761	0.34648	0.00718	0.00378	0.00104	0.00156	0.00620	0.00331	0.00289
54	0.00642	0.01656	0.87092	0.00912	0.01385	0.00743	0.01183	0.01014	0.00676	0.01014	0.00574	0.00676	0.00405	0.00304	0.00304	0.00101	0.00473	0.00237	0.00135	0.00473
55	0.00390	0.00279	0.00371	0.00446	0.00464	0.00260	0.00297	0.00446	0.00613	0.00817	0.01764	0.88541	0.02117	0.01003	0.00409	0.00130	0.00186	0.00910	0.00297	0.00260
56	0.00642	0.01656	0.87092	0.00912	0.01385	0.00743	0.01183	0.01014	0.00676	0.01014	0.00574	0.00676	0.00405	0.00304	0.00304	0.00101	0.00473	0.00237	0.00135	0.00473
57	0.00390	0.00279	0.00371	0.00446	0.00464	0.00260	0.00297	0.00446	0.00613	0.00817	0.01764	0.88541	0.02117	0.01003	0.00409	0.00130	0.00186	0.00910	0.00297	0.00260
