[name]
unknown

[dist]
# distance from previous block
# <min> <max>
0	269

[block]
# block no. 0 follows, 74 sequences, length 8
# corresponding to MSA columns:
# 270-277
name=unknown_A
#
# <colnr> <probs for GDERKNQSTAVLIFYWHMCP>
#	G	D	E	R	K	N	Q	S	T	A	V	L	I	F	Y	W	H	M	C	P
0	0.00681	0.15121	0.00909	0.14399	0.01087	0.00667	0.00674	0.00856	0.00819	0.01045	0.01511	0.03066	0.01592	0.00801	0.00444	0.00148	0.00376	0.55147	0.00282	0.00376
1	0.00552	0.00425	0.00574	0.14252	0.00878	0.00436	0.00457	0.04202	0.00816	0.01086	0.15767	0.41349	0.09009	0.07781	0.00557	0.00154	0.00271	0.00779	0.00318	0.00337
2	0.00892	0.45034	0.14923	0.15155	0.01330	0.01175	0.00812	0.01233	0.14132	0.01044	0.00724	0.00819	0.00584	0.00362	0.00301	0.00100	0.00421	0.00268	0.00195	0.00495
3	0.00788	0.00633	0.01021	0.15227	0.01231	0.00687	0.15465	0.05004	0.05118	0.05839	0.00995	0.12847	0.00941	0.08672	0.00798	0.14470	0.09166	0.00473	0.00237	0.00387
4	0.00589	0.00399	0.00480	0.00451	0.00518	0.00367	0.00296	0.00613	0.00627	0.00881	0.05218	0.09485	0.03899	0.40279	0.01243	0.15271	0.00305	0.00503	0.04035	0.14540
5	0.01022	0.00831	0.14202	0.00727	0.00968	0.00675	0.00655	0.09725	0.14406	0.24289	0.06174	0.19371	0.01314	0.00621	0.00423	0.00126	0.03081	0.00521	0.00352	0.00518
6	0.00600	0.15112	0.00775	0.00524	0.00659	0.00644	0.00433	0.00704	0.00805	0.01009	0.10227	0.02551	0.49224	0.00771	0.00530	0.00123	0.14059	0.00600	0.00290	0.00359
7	0.00723	0.00518	0.00586	0.00542	0.00632	0.00535	0.00380	0.20687	0.00917	0.01222	0.05166	0.22829	0.06859	0.35551	0.01016	0.00222	0.00317	0.00638	0.00306	0.00354

[dist]
# distance from previous block
# <min> <max>
0	4

[block]
# block no. 1 follows, 74 sequences, length 8
# corresponding to MSA columns:
# 282-289
name=unknown_B
#
# <colnr> <probs for GDERKNQSTAVLIFYWHMCP>
#	G	D	E	R	K	N	Q	S	T	A	V	L	I	F	Y	W	H	M	C	P
0	0.07862	0.00840	0.00895	0.04397	0.01046	0.02846	0.00626	0.14251	0.51579	0.04137	0.01214	0.01175	0.00909	0.00482	0.00419	0.00124	0.05923	0.00374	0.00341	0.00558
1	0.00955	0.00761	0.01082	0.03217	0.29989	0.00751	0.02711	0.09185	0.11636	0.09102	0.05871	0.06004	0.00961	0.00440	0.00366	0.00107	0.00356	0.00391	0.00281	0.15834
2	0.32370	0.00884	0.01131	0.04584	0.07082	0.05068	0.17712	0.14641	0.02744	0.09307	0.00758	0.00853	0.00557	0.00371	0.00333	0.00116	0.00418	0.00309	0.00261	0.00500
3	0.89577	0.00718	0.00546	0.00488	0.00718	0.00833	0.00402	0.01091	0.00632	0.01665	0.00517	0.00603	0.00402	0.00345	0.00230	0.00115	0.00287	0.00201	0.00230	0.00402
4	0.00631	0.00633	0.03750	0.05535	0.01003	0.03649	0.17096	0.00843	0.04989	0.01133	0.16308	0.16862	0.21932	0.03352	0.00475	0.00134	0.00336	0.00653	0.00300	0.00384
5	0.00544	0.00407	0.00553	0.02759	0.05324	0.00385	0.00406	0.00707	0.00975	0.01373	0.62490	0.12792	0.06024	0.00772	0.00432	0.00120	0.00204	0.00686	0.02688	0.00358
6	0.00458	0.00328	0.00436	0.00513	0.00540	0.00305	0.00345	0.00532	0.00738	0.00992	0.08745	0.79888	0.02540	0.01130	0.00471	0.00148	0.00212	0.01024	0.00350	0.00305
7	0.00614	0.00343	0.00492	0.00492	0.00511	0.00357	0.00339	0.00548	0.00529	0.00740	0.00799	0.01331	0.00786	0.09418	0.18866	0.57424	0.00457	0.00359	0.05383	0.00213

[dist]
# distance from previous block
# <min> <max>
5	47

[block]
# block no. 2 follows, 74 sequences, length 6
# corresponding to MSA columns:
# 342-347
name=unknown_C
#
# <colnr> <probs for GDERKNQSTAVLIFYWHMCP>
#	G	D	E	R	K	N	Q	S	T	A	V	L	I	F	Y	W	H	M	C	P
0	0.00930	0.00729	0.00928	0.05039	0.17942	0.02589	0.00646	0.13044	0.08266	0.08621	0.01263	0.08459	0.08509	0.03755	0.00424	0.00116	0.00343	0.00429	0.00288	0.17682
1	0.00646	0.00531	0.05684	0.00513	0.00621	0.00457	0.00391	0.05108	0.04081	0.03067	0.19619	0.07765	0.04008	0.36244	0.01010	0.00215	0.00302	0.00549	0.04599	0.04589
2	0.10784	0.00845	0.00842	0.03107	0.00977	0.09906	0.00568	0.16286	0.18684	0.17058	0.08018	0.01261	0.04136	0.00475	0.00356	0.00112	0.00349	0.00373	0.00342	0.05520
3	0.11538	0.06388	0.21359	0.00737	0.01055	0.03633	0.00722	0.12706	0.03015	0.08791	0.03774	0.08675	0.00839	0.00452	0.00337	0.00106	0.00378	0.00356	0.00265	0.14875
4	0.01060	0.00830	0.01039	0.04230	0.05590	0.05582	0.07056	0.18038	0.03692	0.12624	0.02559	0.02662	0.02361	0.00433	0.00429	0.00105	0.07924	0.00346	0.01937	0.21504
5	0.00576	0.00486	0.00730	0.05835	0.00846	0.00472	0.10698	0.00745	0.00913	0.01250	0.38393	0.06484	0.21540	0.00719	0.00457	0.00122	0.03636	0.00635	0.05098	0.00364

[dist]
# distance from previous block
# <min> <max>
0	1

[block]
# block no. 3 follows, 74 sequences, length 10
# corresponding to MSA columns:
# 349-358
name=unknown_D
#
# <colnr> <probs for GDERKNQSTAVLIFYWHMCP>
#	G	D	E	R	K	N	Q	S	T	A	V	L	I	F	Y	W	H	M	C	P
0	0.01226	0.01513	0.01157	0.15713	0.01457	0.63797	0.07652	0.01366	0.00984	0.00939	0.00603	0.00752	0.00488	0.00375	0.00350	0.00103	0.00636	0.00271	0.00186	0.00433
1	0.04751	0.00865	0.05645	0.05507	0.07988	0.04098	0.03078	0.13289	0.19534	0.24589	0.05920	0.01197	0.00950	0.00451	0.00371	0.00117	0.00371	0.00373	0.00343	0.00565
2	0.10233	0.00380	0.00438	0.00476	0.00517	0.00380	0.00314	0.00596	0.00665	0.00982	0.05641	0.46937	0.01937	0.27769	0.00886	0.00210	0.00266	0.00782	0.00298	0.00291
3	0.00487	0.00404	0.00430	0.00408	0.00542	0.00338	0.00303	0.00587	0.00828	0.01038	0.08280	0.06295	0.62330	0.05811	0.00505	0.00132	0.00208	0.00711	0.00328	0.10036
4	0.06650	0.00931	0.01123	0.24466	0.14963	0.10781	0.00852	0.19119	0.03043	0.03625	0.00721	0.00892	0.00558	0.00418	0.00454	0.00119	0.10236	0.00315	0.00233	0.00500
5	0.04369	0.18648	0.16328	0.00938	0.05173	0.06928	0.05936	0.11806	0.04413	0.11163	0.00769	0.00850	0.00584	0.00408	0.00433	0.00113	0.10080	0.00298	0.00239	0.00525
6	0.06304	0.00467	0.00598	0.09875	0.00836	0.00473	0.00453	0.00878	0.06018	0.09433	0.28294	0.24159	0.06223	0.03739	0.00467	0.00135	0.00256	0.00661	0.00347	0.00384
7	0.00609	0.00389	0.00460	0.00463	0.00547	0.00353	0.00326	0.00681	0.00760	0.10100	0.02355	0.23541	0.30582	0.22630	0.00809	0.00192	0.00259	0.04297	0.00327	0.00324
8	0.00798	0.00568	0.00617	0.00581	0.00725	0.04213	0.00443	0.08268	0.11063	0.12191	0.02230	0.25677	0.25578	0.00821	0.00425	0.00131	0.00273	0.04617	0.00359	0.00420
9	0.06604	0.01315	0.32770	0.04011	0.01527	0.00942	0.20917	0.22229	0.01049	0.03985	0.00758	0.00874	0.00544	0.00370	0.00372	0.00118	0.00506	0.00329	0.00233	0.00547

[dist]
# distance from previous block
# <min> <max>
8	31

[block]
# block no. 4 follows, 74 sequences, length 23
# corresponding to MSA columns:
# 397-419
name=unknown_E
#
# <colnr> <probs for GDERKNQSTAVLIFYWHMCP>
#	G	D	E	R	K	N	Q	S	T	A	V	L	I	F	Y	W	H	M	C	P
0	0.05583	0.47433	0.12350	0.06570	0.05761	0.05134	0.00770	0.06495	0.00834	0.01084	0.00624	0.02847	0.00540	0.00360	0.00289	0.00095	0.00426	0.00257	0.00185	0.02364
1	0.18732	0.06790	0.01136	0.05020	0.06641	0.10999	0.08111	0.22660	0.01950	0.07244	0.00743	0.00827	0.00559	0.00384	0.00351	0.00109	0.02422	0.00294	0.00263	0.04765
2	0.00580	0.00461	0.00631	0.02291	0.00686	0.00530	0.01572	0.00707	0.04514	0.00899	0.02190	0.21048	0.01339	0.21404	0.27203	0.00336	0.12465	0.00574	0.00243	0.00326
3	0.01099	0.00817	0.01670	0.02936	0.01009	0.04218	0.01613	0.14548	0.43847	0.13959	0.01302	0.01240	0.00950	0.00469	0.00364	0.00117	0.00331	0.00382	0.08562	0.00566
4	0.00703	0.00451	0.00565	0.00558	0.00658	0.00437	0.00418	0.08387	0.00890	0.10258	0.09835	0.34764	0.10645	0.06599	0.04515	0.00174	0.00296	0.09124	0.00351	0.00374
5	0.00808	0.00718	0.01239	0.10830	0.34942	0.00719	0.12665	0.01016	0.00840	0.04814	0.01197	0.07700	0.04600	0.00552	0.00416	0.00129	0.00423	0.15669	0.00242	0.00480
6	0.00593	0.00387	0.00520	0.00512	0.00552	0.00417	0.00361	0.03105	0.00597	0.00839	0.00973	0.01647	0.00979	0.26834	0.35880	0.20399	0.00604	0.00418	0.04110	0.00272
7	0.00817	0.00737	0.01104	0.07778	0.23872	0.01828	0.05917	0.03985	0.11081	0.02224	0.07884	0.01263	0.00958	0.04569	0.11503	0.00196	0.13180	0.00393	0.00236	0.00473
8	0.00649	0.00710	0.13921	0.02779	0.03947	0.00547	0.01507	0.07730	0.04452	0.01192	0.11619	0.28715	0.07462	0.09330	0.00570	0.00154	0.00319	0.03697	0.00302	0.00397
9	0.05015	0.28325	0.02715	0.00692	0.00957	0.04396	0.00604	0.17128	0.13359	0.12637	0.07918	0.01065	0.00923	0.00433	0.00325	0.00103	0.00358	0.00327	0.02192	0.00526
10	0.01135	0.01229	0.01262	0.04195	0.39859	0.33641	0.00917	0.08213	0.03876	0.01193	0.00693	0.00838	0.00565	0.00368	0.00356	0.00106	0.00523	0.00299	0.00209	0.00525
11	0.03391	0.07755	0.34197	0.03852	0.01679	0.00925	0.36859	0.01194	0.00828	0.04750	0.00722	0.00886	0.00529	0.00338	0.00379	0.00118	0.00552	0.00344	0.00186	0.00517
12	0.00628	0.00490	0.00582	0.00509	0.00655	0.00432	0.00362	0.00760	0.04246	0.01011	0.03019	0.16895	0.01254	0.27233	0.06130	0.00204	0.00334	0.00499	0.00254	0.34503
13	0.12989	0.09088	0.36619	0.04500	0.01275	0.07271	0.00927	0.04048	0.07792	0.01236	0.00706	0.00834	0.00548	0.02303	0.00399	0.00118	0.04470	0.00277	0.00200	0.04400
14	0.00477	0.00332	0.00422	0.00488	0.00524	0.00309	0.00330	0.00555	0.00735	0.01004	0.05395	0.68116	0.08211	0.03200	0.00487	0.00147	0.00212	0.00948	0.07801	0.00306
15	0.00513	0.00390	0.00493	0.00485	0.00568	0.00386	0.00361	0.00656	0.02586	0.01102	0.28502	0.04837	0.22454	0.09123	0.25571	0.00283	0.00439	0.00612	0.00312	0.00328
16	0.00534	0.00366	0.00444	0.00448	0.00463	0.00378	0.00278	0.00563	0.00559	0.00759	0.01175	0.06174	0.01317	0.66113	0.18540	0.00397	0.00480	0.00535	0.00225	0.00250
17	0.00574	0.00415	0.00521	0.00496	0.00594	0.00396	0.00371	0.00807	0.07981	0.03355	0.63445	0.10785	0.07279	0.00779	0.00435	0.00121	0.00193	0.00686	0.00398	0.00370
18	0.00843	0.00496	0.00620	0.00536	0.00691	0.00466	0.00419	0.07899	0.02544	0.19464	0.49446	0.02351	0.11349	0.00683	0.00417	0.00117	0.00228	0.00586	0.00409	0.00435
19	0.09767	0.00623	0.00690	0.00596	0.00785	0.00650	0.00471	0.10466	0.20261	0.15486	0.21719	0.01706	0.06693	0.00557	0.00370	0.00116	0.00264	0.00458	0.07836	0.00486
20	0.00557	0.00421	0.00581	0.00568	0.00607	0.00488	0.00418	0.00643	0.00576	0.00819	0.01007	0.01711	0.01024	0.29251	0.51933	0.00485	0.07966	0.00437	0.00204	0.00304
21	0.01122	0.00857	0.01540	0.07423	0.01561	0.00816	0.40409	0.10059	0.01000	0.23546	0.00942	0.01042	0.00659	0.00367	0.00397	0.00116	0.00485	0.00386	0.00280	0.06993
22	0.01129	0.04125	0.16943	0.06643	0.18367	0.04502	0.00923	0.31446	0.03486	0.07616	0.00827	0.00904	0.00606	0.00395	0.00361	0.00112	0.00448	0.00318	0.00271	0.00578

[dist]
# distance from previous block
# <min> <max>
7	10

[block]
# block no. 5 follows, 74 sequences, length 18
# corresponding to MSA columns:
# 430-447
name=unknown_F
#
# <colnr> <probs for GDERKNQSTAVLIFYWHMCP>
#	G	D	E	R	K	N	Q	S	T	A	V	L	I	F	Y	W	H	M	C	P
0	0.04981	0.43515	0.25083	0.00833	0.01210	0.03292	0.07775	0.01160	0.03084	0.01056	0.00614	0.00714	0.00500	0.00333	0.00295	0.00096	0.00452	0.00248	0.00174	0.04585
1	0.03609	0.08956	0.18641	0.01546	0.33729	0.00938	0.17044	0.05026	0.00876	0.05090	0.00724	0.00883	0.00561	0.00342	0.00363	0.00112	0.00483	0.00326	0.00200	0.00551
2	0.00546	0.00405	0.00492	0.00521	0.00574	0.00407	0.00356	0.00751	0.12426	0.01062	0.13189	0.46276	0.02193	0.18152	0.00738	0.00184	0.00250	0.00810	0.00334	0.00333
3	0.00459	0.00336	0.00432	0.00495	0.00536	0.00308	0.00338	0.00540	0.00766	0.01017	0.11790	0.67480	0.11955	0.01091	0.00466	0.00144	0.00208	0.00980	0.00352	0.00308
4	0.01058	0.30952	0.13698	0.00865	0.04942	0.13950	0.03011	0.05684	0.08638	0.08308	0.02959	0.02902	0.00715	0.00401	0.00324	0.00102	0.00443	0.00304	0.00234	0.00510
5	0.00941	0.28526	0.01128	0.04593	0.00938	0.11444	0.00573	0.05093	0.05580	0.08349	0.05467	0.18975	0.02845	0.00594	0.00356	0.00112	0.00368	0.03400	0.00274	0.00444
6	0.06071	0.00488	0.00572	0.00521	0.00674	0.00461	0.00408	0.03901	0.04781	0.16776	0.24363	0.07710	0.25626	0.00748	0.00415	0.00124	0.00237	0.05334	0.00379	0.00412
7	0.00787	0.00726	0.01160	0.05517	0.22648	0.00789	0.11702	0.03053	0.04802	0.02654	0.04207	0.12125	0.06960	0.03375	0.00618	0.00139	0.17549	0.00492	0.00240	0.00457
8	0.03872	0.03952	0.01037	0.08337	0.16576	0.04861	0.03666	0.06023	0.18673	0.14523	0.01181	0.12662	0.01005	0.00520	0.00379	0.00121	0.00372	0.01418	0.00303	0.00520
9	0.00600	0.01993	0.10678	0.01573	0.02571	0.00464	0.00518	0.03743	0.00803	0.04459	0.04898	0.50480	0.12546	0.00919	0.00450	0.00137	0.01667	0.00809	0.00319	0.00372
10	0.00574	0.00348	0.00430	0.00430	0.00430	0.00348	0.00257	0.00522	0.00522	0.00695	0.00999	0.02007	0.01121	0.59133	0.01747	0.29213	0.00348	0.00469	0.00204	0.00204
11	0.00744	0.13246	0.11080	0.24811	0.03890	0.05948	0.00762	0.00992	0.05513	0.01091	0.14079	0.10431	0.04868	0.00538	0.00372	0.00116	0.00392	0.00454	0.00242	0.00428
12	0.05457	0.28566	0.09874	0.00916	0.09140	0.05733	0.00766	0.26420	0.01103	0.07638	0.00737	0.00790	0.00563	0.00377	0.00318	0.00101	0.00424	0.00276	0.00254	0.00547
13	0.00604	0.00539	0.03840	0.08236	0.14091	0.00504	0.02684	0.00765	0.03072	0.01818	0.01608	0.48730	0.03818	0.00900	0.02448	0.00148	0.00322	0.03335	0.02153	0.00385
14	0.13369	0.01995	0.02503	0.00607	0.03366	0.00553	0.00451	0.00741	0.00618	0.00980	0.01039	0.01560	0.04731	0.20865	0.39145	0.00387	0.03960	0.00403	0.00213	0.02513
15	0.12979	0.00770	0.06159	0.08301	0.20883	0.02027	0.06826	0.04041	0.04639	0.03627	0.01228	0.19203	0.06650	0.00570	0.00381	0.00124	0.00372	0.00505	0.00256	0.00460
16	0.01125	0.17267	0.11362	0.02596	0.01156	0.26159	0.02722	0.09011	0.05021	0.07134	0.00731	0.00796	0.00567	0.00368	0.00322	0.00095	0.00478	0.00267	0.00229	0.12594
17	0.00821	0.13917	0.25625	0.02692	0.06203	0.06706	0.11815	0.03998	0.00840	0.01111	0.04733	0.01280	0.05622	0.06290	0.04384	0.00151	0.00497	0.02642	0.00207	0.00466

[dist]
# distance from previous block
# <min> <max>
7	36

[block]
# block no. 6 follows, 74 sequences, length 14
# corresponding to MSA columns:
# 484-497
name=unknown_G
#
# <colnr> <probs for GDERKNQSTAVLIFYWHMCP>
#	G	D	E	R	K	N	Q	S	T	A	V	L	I	F	Y	W	H	M	C	P
0	0.00547	0.00356	0.00422	0.00424	0.00431	0.00357	0.00251	0.00537	0.00548	0.00730	0.01195	0.04351	0.03690	0.68302	0.05247	0.11261	0.00373	0.00527	0.00222	0.00226
1	0.05331	0.40084	0.10055	0.00895	0.06114	0.05189	0.09107	0.04472	0.06042	0.03282	0.02300	0.02850	0.00651	0.00380	0.00325	0.00101	0.01822	0.00296	0.00207	0.00496
2	0.04516	0.14585	0.14358	0.03693	0.11824	0.11413	0.09915	0.09383	0.02195	0.02309	0.02222	0.00843	0.00590	0.00368	0.00365	0.00105	0.03186	0.00296	0.00210	0.07624
3	0.00761	0.11291	0.07409	0.02324	0.02157	0.04319	0.04026	0.03379	0.08054	0.04322	0.08696	0.02765	0.08063	0.06595	0.21579	0.00249	0.00525	0.02806	0.00258	0.00419
4	0.00537	0.00364	0.00449	0.00455	0.00469	0.00376	0.00286	0.00561	0.00560	0.00760	0.01168	0.07584	0.01304	0.60612	0.18837	0.04194	0.00478	0.00535	0.00225	0.00249
5	0.02008	0.16327	0.10849	0.09344	0.06095	0.13459	0.11613	0.04595	0.05980	0.01113	0.02107	0.04470	0.02030	0.00440	0.00417	0.00115	0.06678	0.01674	0.00210	0.00474
6	0.00895	0.00742	0.03542	0.18381	0.10713	0.00750	0.11437	0.06773	0.05871	0.12195	0.07045	0.05514	0.08730	0.00517	0.00442	0.00123	0.05115	0.00454	0.00278	0.00482
7	0.00665	0.00577	0.00899	0.01055	0.22620	0.00562	0.08017	0.00884	0.06253	0.01199	0.16460	0.23939	0.10161	0.00700	0.00417	0.00125	0.00304	0.00643	0.04095	0.00425
8	0.00531	0.00399	0.00553	0.04165	0.03842	0.00407	0.00428	0.02743	0.00737	0.01003	0.07811	0.47908	0.03089	0.07112	0.17215	0.00246	0.00400	0.00783	0.00300	0.00330
9	0.00910	0.02675	0.16287	0.25508	0.17387	0.02427	0.07554	0.11453	0.02365	0.04564	0.03188	0.00981	0.00645	0.00386	0.00387	0.00117	0.02094	0.00338	0.00217	0.00516
10	0.03675	0.05701	0.31632	0.08628	0.03030	0.06293	0.07166	0.13016	0.02308	0.06640	0.02857	0.02413	0.00718	0.00425	0.00365	0.00117	0.00477	0.03784	0.00235	0.00518
11	0.01058	0.00539	0.00687	0.03327	0.00821	0.00514	0.00478	0.08239	0.02945	0.33996	0.04130	0.21070	0.06728	0.02423	0.00428	0.00129	0.00283	0.03684	0.08046	0.00475
12	0.00734	0.04504	0.57397	0.01018	0.07643	0.00782	0.02550	0.01067	0.00794	0.02563	0.02647	0.03100	0.09391	0.03720	0.00423	0.00126	0.00473	0.00369	0.00196	0.00504
13	0.05411	0.09834	0.17244	0.02681	0.19192	0.04476	0.09697	0.04093	0.02479	0.08422	0.05465	0.01074	0.03787	0.00404	0.00371	0.00111	0.02014	0.00345	0.00232	0.02666

[dist]
# distance from previous block
# <min> <max>
28	128

[block]
# block no. 7 follows, 74 sequences, length 13
# corresponding to MSA columns:
# 670-682
name=unknown_H
#
# <colnr> <probs for GDERKNQSTAVLIFYWHMCP>
#	G	D	E	R	K	N	Q	S	T	A	V	L	I	F	Y	W	H	M	C	P
0	0.08937	0.02788	0.04984	0.01275	0.30338	0.06340	0.04560	0.03114	0.08171	0.08481	0.03263	0.02649	0.03210	0.00420	0.00370	0.01577	0.00394	0.00350	0.00249	0.08530
1	0.15343	0.00905	0.02476	0.06972	0.20257	0.08930	0.06510	0.08215	0.06553	0.11916	0.01917	0.01970	0.00676	0.00400	0.00372	0.00114	0.02806	0.00329	0.00259	0.03079
2	0.27208	0.00824	0.00916	0.00919	0.13234	0.07299	0.04960	0.08432	0.10488	0.08915	0.07285	0.02471	0.03487	0.00443	0.00338	0.00114	0.00358	0.00355	0.00286	0.01666
3	0.10162	0.00869	0.01349	0.01893	0.64019	0.03647	0.03926	0.01142	0.00842	0.03589	0.02777	0.00992	0.02448	0.00360	0.00358	0.00111	0.00424	0.00337	0.00205	0.00550
4	0.06572	0.00942	0.08228	0.01499	0.36194	0.03316	0.12597	0.04938	0.06373	0.07701	0.04497	0.03840	0.00811	0.00405	0.00374	0.00116	0.00433	0.00378	0.00243	0.00541
5	0.20477	0.03131	0.00845	0.00707	0.02955	0.04493	0.03970	0.05620	0.06160	0.14142	0.01051	0.03631	0.00904	0.00489	0.00344	0.00112	0.00341	0.12829	0.00294	0.17507
6	0.00701	0.00660	0.01113	0.86063	0.02556	0.00825	0.01031	0.00948	0.00742	0.00948	0.00660	0.00990	0.00495	0.00371	0.00371	0.00124	0.00495	0.00330	0.00165	0.00412
7	0.00742	0.00662	0.01041	0.13781	0.37445	0.00682	0.00804	0.00994	0.05547	0.01278	0.28695	0.01652	0.04106	0.00507	0.00394	0.00116	0.00345	0.00463	0.00272	0.00475
8	0.00645	0.00322	0.00484	0.00484	0.00484	0.00322	0.00322	0.00484	0.00484	0.00645	0.00645	0.01128	0.00645	0.01289	0.01451	0.89201	0.00322	0.00322	0.00161	0.00161
9	0.30933	0.35362	0.08042	0.00649	0.00946	0.04085	0.02060	0.03437	0.00778	0.05547	0.02331	0.00716	0.00544	0.00350	0.00267	0.00099	0.00374	0.00234	0.00213	0.03034
10	0.04760	0.09064	0.00912	0.14099	0.01115	0.11682	0.00607	0.05382	0.03161	0.13840	0.01227	0.20604	0.03539	0.00607	0.00394	0.00120	0.02349	0.02901	0.00285	0.03353
11	0.31289	0.21649	0.06703	0.00730	0.01013	0.08854	0.05675	0.11057	0.05148	0.02595	0.01836	0.00758	0.00557	0.00368	0.00292	0.00106	0.00401	0.00260	0.00232	0.00478
12	0.67290	0.00743	0.02044	0.03818	0.00837	0.02784	0.00470	0.01123	0.00692	0.08081	0.00714	0.00786	0.03298	0.00382	0.00287	0.00115	0.02714	0.00245	0.00245	0.03332

[dist]
# distance from previous block
# <min> <max>
22	46

[block]
# block no. 8 follows, 74 sequences, length 7
# corresponding to MSA columns:
# 734-740
name=unknown_I
#
# <colnr> <probs for GDERKNQSTAVLIFYWHMCP>
#	G	D	E	R	K	N	Q	S	T	A	V	L	I	F	Y	W	H	M	C	P
0	0.07467	0.04115	0.11613	0.05359	0.05605	0.02083	0.02985	0.04520	0.07364	0.03219	0.01296	0.05241	0.02443	0.03815	0.00459	0.00142	0.00383	0.27785	0.00276	0.03831
1	0.07759	0.09877	0.03471	0.05214	0.34821	0.00923	0.08963	0.09448	0.03800	0.03261	0.03715	0.00948	0.00685	0.00364	0.00349	0.00108	0.00418	0.00327	0.00226	0.05326
2	0.78038	0.06806	0.00678	0.00521	0.00760	0.00897	0.00437	0.06060	0.00707	0.01650	0.00539	0.00620	0.00421	0.00349	0.00239	0.00112	0.00302	0.00209	0.00233	0.00421
3	0.06280	0.21251	0.10851	0.04029	0.09990	0.06262	0.14880	0.03159	0.00851	0.03832	0.05264	0.06533	0.02501	0.00444	0.00353	0.00111	0.00441	0.02273	0.00221	0.00475
4	0.00497	0.00369	0.00455	0.00472	0.00532	0.00350	0.00326	0.00575	0.00711	0.00945	0.08076	0.30297	0.18124	0.20584	0.12351	0.00247	0.00348	0.00736	0.00298	0.03708
5	0.00715	0.06857	0.10743	0.11351	0.12358	0.00712	0.13562	0.00928	0.00807	0.01112	0.09114	0.15637	0.03695	0.00617	0.03394	0.00134	0.00421	0.00494	0.00234	0.07115
6	0.04925	0.30648	0.10478	0.00608	0.00855	0.00859	0.00578	0.04444	0.02594	0.01146	0.12564	0.09753	0.14524	0.00571	0.00342	0.00106	0.00321	0.00459	0.00259	0.03966

[dist]
# distance from previous block
# <min> <max>
0	4

[block]
# block no. 9 follows, 74 sequences, length 7
# corresponding to MSA columns:
# 745-751
name=unknown_J
#
# <colnr> <probs for GDERKNQSTAVLIFYWHMCP>
#	G	D	E	R	K	N	Q	S	T	A	V	L	I	F	Y	W	H	M	C	P
0	0.00969	0.09463	0.09743	0.06225	0.09263	0.02951	0.07140	0.26213	0.01057	0.01407	0.00899	0.01342	0.00799	0.14570	0.00618	0.00155	0.00441	0.06004	0.00253	0.00488
1	0.05668	0.19104	0.26202	0.06241	0.01368	0.04047	0.06906	0.23657	0.01046	0.01435	0.00691	0.00789	0.00521	0.00370	0.00334	0.00108	0.00472	0.00285	0.00224	0.00532
2	0.00851	0.13203	0.13957	0.09664	0.04864	0.00857	0.07101	0.14787	0.02839	0.01325	0.09107	0.01375	0.11468	0.00472	0.00363	0.00109	0.00393	0.00396	0.00255	0.06613
3	0.06087	0.27671	0.19545	0.00797	0.01117	0.09800	0.02472	0.05304	0.00851	0.07835	0.00742	0.00822	0.02600	0.00388	0.00374	0.00103	0.06809	0.00270	0.00210	0.06203
4	0.00962	0.23269	0.16146	0.00869	0.04041	0.03152	0.06463	0.12559	0.00929	0.06385	0.02153	0.07656	0.00777	0.00494	0.01933	0.00117	0.04161	0.01640	0.00236	0.06059
5	0.06083	0.16918	0.18637	0.00746	0.01030	0.04512	0.04072	0.06243	0.06617	0.06444	0.03783	0.07707	0.11106	0.00570	0.01755	0.00122	0.00395	0.02528	0.00262	0.00471
6	0.00805	0.13178	0.14760	0.00807	0.07259	0.02274	0.00681	0.09917	0.04589	0.04130	0.07259	0.21670	0.07069	0.00680	0.01772	0.00128	0.00359	0.01923	0.00283	0.00457

[dist]
# distance from previous block
# <min> <max>
1	32

[block]
# block no. 10 follows, 74 sequences, length 6
# corresponding to MSA columns:
# 786-791
name=unknown_K
#
# <colnr> <probs for GDERKNQSTAVLIFYWHMCP>
#	G	D	E	R	K	N	Q	S	T	A	V	L	I	F	Y	W	H	M	C	P
0	0.24013	0.04478	0.07307	0.02505	0.12272	0.08857	0.07297	0.07592	0.05215	0.05336	0.05400	0.00930	0.00720	0.00384	0.00327	0.00109	0.00403	0.00306	0.00246	0.06305
1	0.08809	0.04458	0.03685	0.01101	0.19997	0.07130	0.03827	0.18199	0.04997	0.07306	0.03299	0.01078	0.00768	0.04726	0.08855	0.00171	0.00473	0.00344	0.00264	0.00513
2	0.16431	0.00801	0.00963	0.00973	0.14975	0.03306	0.04216	0.19192	0.09562	0.05858	0.05070	0.05628	0.02993	0.00527	0.02078	0.00125	0.00371	0.02448	0.00296	0.04186
3	0.10280	0.00789	0.00907	0.03511	0.08350	0.07643	0.03865	0.13766	0.08707	0.07937	0.02997	0.12371	0.04118	0.06099	0.00534	0.00138	0.06773	0.00458	0.00290	0.00467
4	0.29353	0.04406	0.00969	0.04909	0.04510	0.07818	0.03409	0.26929	0.09209	0.01678	0.00775	0.00867	0.00597	0.02627	0.00360	0.00119	0.00391	0.00295	0.00276	0.00504
5	0.29028	0.00737	0.00805	0.03609	0.03897	0.00779	0.00551	0.18730	0.04565	0.20927	0.04430	0.05453	0.00852	0.00457	0.00332	0.00115	0.00324	0.00352	0.00328	0.03730

[dist]
# distance from previous block
# <min> <max>
0	3

[block]
# block no. 11 follows, 74 sequences, length 6
# corresponding to MSA columns:
# 795-800
name=unknown_L
#
# <colnr> <probs for GDERKNQSTAVLIFYWHMCP>
#	G	D	E	R	K	N	Q	S	T	A	V	L	I	F	Y	W	H	M	C	P
0	0.20399	0.03207	0.00658	0.00548	0.00697	0.00673	0.00410	0.16825	0.03679	0.05747	0.01200	0.06945	0.06340	0.30145	0.00867	0.00200	0.00330	0.00450	0.00285	0.00394
1	0.15438	0.05551	0.00851	0.00642	0.00849	0.00854	0.00507	0.36605	0.01106	0.01620	0.00868	0.01224	0.00770	0.22069	0.03691	0.00186	0.00388	0.00351	0.00284	0.06148
2	0.05482	0.00390	0.00486	0.00528	0.00594	0.00382	0.00388	0.00655	0.00731	0.04052	0.01925	0.39887	0.10412	0.11089	0.06668	0.00204	0.00315	0.15175	0.00318	0.00321
3	0.00643	0.00516	0.00762	0.06382	0.00852	0.00520	0.12043	0.06974	0.00739	0.00981	0.01342	0.17961	0.05251	0.42099	0.01132	0.00241	0.00375	0.00604	0.00255	0.00326
4	0.13415	0.00814	0.01191	0.17043	0.40689	0.00872	0.00912	0.09186	0.04702	0.06555	0.00769	0.00927	0.00595	0.00367	0.00350	0.00114	0.00412	0.00319	0.00231	0.00537
5	0.23174	0.00979	0.00911	0.13492	0.04077	0.20678	0.00675	0.10145	0.03999	0.01296	0.00749	0.07339	0.00658	0.00470	0.00428	0.00119	0.09802	0.00335	0.00232	0.00441

[dist]
# distance from previous block
# <min> <max>
1	6

[block]
# block no. 12 follows, 74 sequences, length 45
# corresponding to MSA columns:
# 807-851
name=unknown_M
#
# <colnr> <probs for GDERKNQSTAVLIFYWHMCP>
#	G	D	E	R	K	N	Q	S	T	A	V	L	I	F	Y	W	H	M	C	P
0	0.81619	0.00747	0.00597	0.00521	0.00757	0.00861	0.00429	0.08521	0.00732	0.01726	0.00551	0.00629	0.00423	0.00354	0.00242	0.00115	0.00298	0.00213	0.00242	0.00423
1	0.22917	0.01079	0.03123	0.01902	0.01072	0.21544	0.04668	0.20553	0.01082	0.13998	0.00783	0.00821	0.00568	0.00391	0.00327	0.00108	0.00439	0.00283	0.00283	0.04060
2	0.00895	0.00850	0.01428	0.07672	0.74222	0.00861	0.01089	0.02741	0.00856	0.01209	0.00822	0.01029	0.03940	0.00360	0.00371	0.00112	0.00434	0.00349	0.00193	0.00566
3	0.00975	0.00854	0.03976	0.00859	0.08245	0.07128	0.00637	0.13735	0.32342	0.06061	0.13599	0.01479	0.04450	0.00573	0.02502	0.00129	0.00357	0.00428	0.01141	0.00529
4	0.00456	0.00339	0.00425	0.00487	0.00535	0.00309	0.00336	0.00534	0.00760	0.00991	0.06715	0.62810	0.20349	0.01091	0.00465	0.00144	0.00210	0.02391	0.00348	0.00307
5	0.01010	0.03303	0.00970	0.04289	0.06970	0.03215	0.00663	0.12257	0.57474	0.03760	0.01285	0.01228	0.00963	0.00469	0.00371	0.00120	0.00340	0.00387	0.00346	0.00580
6	0.00840	0.02191	0.31942	0.16410	0.16968	0.00790	0.02657	0.01125	0.00821	0.08901	0.03440	0.02688	0.00783	0.00442	0.00400	0.00122	0.02785	0.05972	0.00216	0.00509
7	0.03495	0.12605	0.42953	0.00990	0.04534	0.02574	0.05887	0.08750	0.02883	0.10772	0.00778	0.00848	0.00561	0.00369	0.00344	0.00112	0.00479	0.00294	0.00222	0.00549
8	0.01997	0.74974	0.01817	0.00666	0.00973	0.03697	0.02275	0.01993	0.03848	0.02968	0.01596	0.00680	0.00550	0.00336	0.00257	0.00084	0.00399	0.00224	0.00182	0.00483
9	0.00496	0.00361	0.00475	0.00545	0.00599	0.00341	0.00409	0.00599	0.00785	0.01030	0.06986	0.49984	0.11242	0.01077	0.00479	0.00152	0.00245	0.23531	0.00348	0.00317
10	0.00991	0.12935	0.18058	0.03737	0.14080	0.04443	0.07099	0.08046	0.06253	0.09789	0.04304	0.02385	0.00759	0.00418	0.00403	0.00114	0.05073	0.00342	0.00242	0.00530
11	0.00885	0.00763	0.03081	0.00901	0.15480	0.00648	0.00617	0.10718	0.02029	0.03713	0.00813	0.03108	0.01952	0.00349	0.00316	0.00079	0.00325	0.00292	0.00244	0.53688
12	0.00743	0.00461	0.00575	0.00515	0.00659	0.00423	0.00400	0.00955	0.06155	0.14657	0.43140	0.04587	0.12040	0.00697	0.00411	0.00116	0.00220	0.03853	0.03731	0.05661
13	0.00516	0.00374	0.00479	0.00542	0.00591	0.00359	0.00385	0.04866	0.00788	0.01040	0.02090	0.68530	0.07724	0.01097	0.00470	0.00149	0.00236	0.09094	0.00346	0.00323
14	0.00873	0.21847	0.39045	0.01142	0.16871	0.02296	0.01050	0.06302	0.00852	0.01170	0.00749	0.03305	0.02187	0.00381	0.00334	0.00108	0.00469	0.00302	0.00185	0.00530
15	0.08283	0.00908	0.04330	0.01692	0.47726	0.00879	0.11055	0.07890	0.03981	0.08486	0.00800	0.00943	0.00617	0.00357	0.00365	0.00114	0.00436	0.00338	0.00233	0.00568
16	0.00533	0.00384	0.00512	0.00585	0.00646	0.00371	0.00463	0.00650	0.00784	0.01021	0.02078	0.31959	0.08520	0.06733	0.00585	0.00173	0.00288	0.43060	0.00335	0.00318
17	0.00874	0.00971	0.13052	0.26159	0.36166	0.00872	0.06428	0.05413	0.02078	0.03380	0.00728	0.00940	0.00562	0.00356	0.00372	0.00117	0.00476	0.00332	0.00195	0.00529
18	0.00896	0.32946	0.26103	0.01056	0.08289	0.03528	0.14247	0.03282	0.00823	0.01083	0.00686	0.04199	0.00581	0.00367	0.00330	0.00105	0.00483	0.00309	0.00179	0.00506
19	0.00843	0.00863	0.01299	0.03607	0.08036	0.03248	0.11891	0.00992	0.02374	0.00975	0.00568	0.00859	0.00519	0.00560	0.00979	0.00150	0.61283	0.00340	0.00173	0.00438
20	0.00452	0.00323	0.00431	0.00517	0.00538	0.00301	0.00345	0.00517	0.00711	0.00948	0.02046	0.86713	0.02455	0.01163	0.00474	0.00151	0.00215	0.01055	0.00345	0.00301
21	0.00496	0.00409	0.00483	0.00480	0.00594	0.00369	0.02508	0.00649	0.04575	0.01080	0.10761	0.14909	0.52099	0.00926	0.00447	0.00132	0.00221	0.08177	0.00348	0.00335
22	0.08905	0.06831	0.03511	0.03126	0.15395	0.05295	0.01514	0.16283	0.12102	0.19593	0.01006	0.03196	0.00753	0.00428	0.00351	0.00113	0.00384	0.00345	0.00309	0.00559
23	0.00917	0.00886	0.01532	0.02252	0.81595	0.00884	0.04164	0.01141	0.00846	0.01212	0.00700	0.00922	0.00587	0.00330	0.00370	0.00111	0.00448	0.00335	0.00184	0.00585
24	0.01322	0.01669	0.01009	0.00926	0.01106	0.79600	0.00692	0.01416	0.01028	0.00911	0.00675	0.06595	0.00614	0.00436	0.00344	0.00099	0.00638	0.00295	0.00202	0.00421
25	0.06656	0.00403	0.00496	0.00466	0.00564	0.00382	0.00352	0.00723	0.01016	0.01487	0.76333	0.02646	0.05628	0.00736	0.00423	0.00117	0.00183	0.00642	0.00394	0.00353
26	0.01566	0.00632	0.00849	0.00669	0.00941	0.00563	0.00554	0.03828	0.03218	0.74852	0.01485	0.01458	0.01001	0.00499	0.00383	0.00119	0.00319	0.06005	0.00447	0.00611
27	0.07183	0.00705	0.00877	0.15160	0.03694	0.02772	0.00624	0.07206	0.03986	0.24640	0.01032	0.01179	0.01839	0.00420	0.00344	0.00104	0.00351	0.04380	0.01114	0.22391
28	0.00917	0.22235	0.50203	0.00912	0.01358	0.01036	0.01069	0.11279	0.03062	0.03632	0.00702	0.00781	0.00521	0.00363	0.00329	0.00108	0.00482	0.00270	0.00198	0.00545
29	0.00822	0.00461	0.00551	0.00485	0.00657	0.00392	0.00377	0.00939	0.00914	0.25672	0.09566	0.08424	0.43647	0.00768	0.00414	0.00120	0.00230	0.00646	0.00378	0.04538
30	0.01573	0.00637	0.00850	0.00658	0.00932	0.00565	0.00541	0.06181	0.01099	0.74651	0.07148	0.01347	0.01081	0.00479	0.00378	0.00115	0.00311	0.00392	0.00451	0.00612
31	0.02994	0.24246	0.13900	0.00832	0.06124	0.01726	0.06595	0.03976	0.02858	0.03267	0.19797	0.04045	0.03464	0.00525	0.01232	0.00115	0.01112	0.02474	0.00256	0.00462
32	0.00837	0.00802	0.03324	0.21244	0.29147	0.01891	0.07444	0.08146	0.00841	0.01156	0.00753	0.01063	0.00635	0.04734	0.10879	0.00189	0.05883	0.00354	0.00198	0.00481
33	0.00523	0.00381	0.00479	0.00529	0.00582	0.00365	0.00369	0.06239	0.00811	0.01077	0.06192	0.69018	0.08641	0.01074	0.00463	0.00145	0.00226	0.02207	0.00350	0.00328
34	0.00737	0.00401	0.00425	0.00409	0.00513	0.00407	0.00310	0.00987	0.08483	0.04876	0.06499	0.03648	0.01165	0.00479	0.00292	0.00095	0.00191	0.00392	0.69310	0.00379
35	0.00959	0.25774	0.29331	0.01045	0.04417	0.03838	0.16989	0.07798	0.00893	0.04630	0.00689	0.00802	0.00526	0.00347	0.00339	0.00107	0.00500	0.00294	0.00195	0.00526
36	0.11692	0.01035	0.06989	0.12234	0.01438	0.04411	0.13476	0.41044	0.01252	0.01760	0.00766	0.00871	0.00558	0.00394	0.00362	0.00115	0.00459	0.00326	0.00277	0.00541
37	0.00516	0.00379	0.00484	0.00458	0.00549	0.00346	0.00343	0.00683	0.01030	0.01438	0.76115	0.02855	0.11863	0.00778	0.00438	0.00118	0.00176	0.00683	0.00402	0.00346
38	0.08726	0.00980	0.13090	0.00947	0.09075	0.05198	0.05954	0.17978	0.01061	0.21403	0.03191	0.06936	0.01889	0.00468	0.00367	0.00116	0.00402	0.00389	0.01289	0.00540
39	0.01753	0.03374	0.06130	0.13384	0.13950	0.06126	0.05150	0.13092	0.08380	0.09629	0.09999	0.04184	0.01023	0.00465	0.00390	0.00117	0.01666	0.00397	0.00281	0.00513
40	0.01049	0.15707	0.13977	0.03771	0.26562	0.07298	0.04760	0.18422	0.01027	0.02974	0.00710	0.00832	0.00555	0.00363	0.00345	0.00106	0.00467	0.00300	0.00220	0.00552
41	0.00455	0.00330	0.00431	0.00510	0.00542	0.00306	0.00347	0.00525	0.00726	0.00957	0.02188	0.77348	0.09348	0.01140	0.00472	0.00149	0.00217	0.03361	0.00344	0.00304
42	0.00616	0.02414	0.26675	0.00690	0.00918	0.01603	0.00700	0.00847	0.01714	0.01208	0.29433	0.11803	0.12603	0.00681	0.00464	0.00124	0.06238	0.00568	0.00291	0.00411
43	0.84833	0.00774	0.00573	0.00513	0.00741	0.05385	0.00419	0.01112	0.00654	0.01625	0.00520	0.00607	0.00406	0.00347	0.00235	0.00114	0.00308	0.00203	0.00228	0.00404
44	0.01020	0.00846	0.01274	0.05005	0.41048	0.00875	0.05667	0.16381	0.09338	0.07210	0.04442	0.03505	0.00844	0.00420	0.00380	0.00115	0.00407	0.00384	0.00270	0.00568

[dist]
# distance from previous block
# <min> <max>
6	10

[block]
# block no. 13 follows, 74 sequences, length 31
# corresponding to MSA columns:
# 862-892
name=unknown_N
#
# <colnr> <probs for GDERKNQSTAVLIFYWHMCP>
#	G	D	E	R	K	N	Q	S	T	A	V	L	I	F	Y	W	H	M	C	P
0	0.01082	0.11248	0.11124	0.00892	0.09380	0.06244	0.03875	0.03962	0.07885	0.21350	0.00993	0.01040	0.00732	0.00499	0.04044	0.00125	0.00414	0.00324	0.10090	0.04697
1	0.01247	0.01934	0.01101	0.00965	0.09114	0.09276	0.04912	0.36265	0.07603	0.13505	0.02886	0.03084	0.01640	0.00448	0.00370	0.00110	0.00409	0.00365	0.00330	0.04436
2	0.00971	0.00795	0.07509	0.20444	0.01371	0.00780	0.02596	0.01527	0.34349	0.17673	0.02947	0.03612	0.02813	0.00481	0.00380	0.00123	0.00365	0.00409	0.00322	0.00532
3	0.00698	0.00419	0.00525	0.00482	0.00609	0.00371	0.00367	0.00839	0.00975	0.15992	0.42978	0.09156	0.23591	0.00783	0.00429	0.00121	0.00206	0.00677	0.00396	0.00387
4	0.00938	0.00877	0.01303	0.32097	0.30669	0.06518	0.05745	0.10199	0.00919	0.03255	0.00712	0.00934	0.00555	0.00374	0.00400	0.00117	0.03343	0.00332	0.00204	0.00509
5	0.10863	0.06137	0.12759	0.01035	0.10146	0.08968	0.11725	0.05745	0.06736	0.14658	0.02184	0.03509	0.00723	0.00416	0.00378	0.00115	0.02775	0.00346	0.00260	0.00521
6	0.02876	0.00890	0.00938	0.00753	0.01018	0.10153	0.00609	0.24675	0.11819	0.38821	0.02809	0.01127	0.00858	0.00457	0.00368	0.00113	0.00375	0.00356	0.00390	0.00594
7	0.00505	0.00360	0.00487	0.00565	0.00610	0.00346	0.00423	0.00607	0.00769	0.01021	0.06056	0.54041	0.02377	0.03267	0.00520	0.00161	0.00257	0.26970	0.00344	0.00315
8	0.02522	0.01258	0.30778	0.06293	0.01433	0.02019	0.10433	0.18273	0.16176	0.04632	0.00942	0.01002	0.01719	0.00408	0.00372	0.00119	0.00462	0.00344	0.00261	0.00555
9	0.10736	0.10082	0.27854	0.01078	0.15973	0.00914	0.02160	0.09468	0.06627	0.05657	0.03173	0.00979	0.02941	0.00396	0.00341	0.00112	0.00422	0.00317	0.00235	0.00535
10	0.01298	0.01023	0.14229	0.02963	0.01166	0.00893	0.00754	0.42540	0.01346	0.22779	0.04639	0.01062	0.00806	0.00446	0.00369	0.00113	0.00394	0.00349	0.02232	0.00595
11	0.00572	0.00406	0.00499	0.00538	0.00598	0.00399	0.00377	0.09701	0.00835	0.01129	0.01942	0.68718	0.05625	0.01031	0.00448	0.00142	0.00233	0.00922	0.05544	0.00341
12	0.00735	0.00599	0.00742	0.09290	0.02134	0.00649	0.01680	0.06491	0.27964	0.01464	0.35428	0.05934	0.04099	0.00628	0.00408	0.00122	0.00273	0.00546	0.00361	0.00454
13	0.00867	0.00940	0.04485	0.18974	0.19861	0.02382	0.39602	0.04101	0.00868	0.01175	0.00734	0.02076	0.00576	0.00350	0.00410	0.00121	0.01397	0.00387	0.00190	0.00503
14	0.00462	0.00369	0.00401	0.00414	0.00509	0.00323	0.00300	0.00549	0.00805	0.00993	0.07336	0.14459	0.57082	0.10473	0.00607	0.00156	0.00216	0.03905	0.00335	0.00305
15	0.00452	0.00323	0.00431	0.00517	0.00538	0.00301	0.00345	0.00517	0.00711	0.00948	0.02046	0.86713	0.02455	0.01163	0.00474	0.00151	0.00215	0.01055	0.00345	0.00301
16	0.01041	0.00866	0.01016	0.00839	0.01082	0.00965	0.07564	0.25131	0.49866	0.01744	0.04881	0.01272	0.01045	0.00482	0.00384	0.00121	0.00349	0.00408	0.00361	0.00582
17	0.10616	0.00683	0.00760	0.00556	0.00874	0.00561	0.00447	0.04543	0.00797	0.01309	0.00654	0.00757	0.00537	0.00290	0.00274	0.00064	0.00282	0.00223	0.00228	0.75546
18	0.13819	0.00841	0.05046	0.06347	0.28538	0.00844	0.05901	0.07604	0.14869	0.01350	0.00875	0.01119	0.00728	0.09950	0.00522	0.00143	0.00402	0.00354	0.00240	0.00506
19	0.00857	0.00720	0.00936	0.29581	0.02727	0.00803	0.00719	0.15398	0.18203	0.01416	0.11553	0.01289	0.02216	0.00462	0.00384	0.00114	0.01653	0.00387	0.00285	0.10298
20	0.01093	0.00901	0.01250	0.30959	0.01746	0.01009	0.11266	0.43959	0.01282	0.01704	0.00792	0.00940	0.00575	0.00403	0.00380	0.00117	0.00466	0.00346	0.00275	0.00538
21	0.00544	0.00411	0.00511	0.00520	0.00609	0.00397	0.00394	0.00764	0.08510	0.01263	0.37504	0.20954	0.13821	0.00881	0.00450	0.00133	0.00218	0.11384	0.00375	0.00355
22	0.00998	0.73637	0.01930	0.00753	0.01071	0.05358	0.09777	0.01137	0.00782	0.00910	0.00545	0.00644	0.00486	0.00320	0.00265	0.00085	0.00435	0.00227	0.00164	0.00477
23	0.00564	0.00509	0.00496	0.00528	0.00609	0.09731	0.00381	0.00655	0.00820	0.01003	0.07389	0.40858	0.28311	0.00973	0.00447	0.00136	0.00262	0.05671	0.00331	0.00325
24	0.00555	0.00484	0.00498	0.00562	0.00605	0.09717	0.00384	0.00624	0.00751	0.00944	0.01922	0.75320	0.04092	0.01072	0.00458	0.00144	0.00265	0.00959	0.00328	0.00316
25	0.00744	0.00679	0.01069	0.49654	0.05771	0.00854	0.00903	0.00927	0.00707	0.03230	0.00765	0.08790	0.00688	0.00517	0.00603	0.00135	0.22964	0.00396	0.00190	0.00415
26	0.00874	0.36593	0.34012	0.00809	0.01179	0.02912	0.00896	0.06779	0.00836	0.01101	0.00771	0.10211	0.00703	0.00435	0.00320	0.00105	0.00443	0.00333	0.00194	0.00495
27	0.00701	0.00469	0.00586	0.00638	0.09873	0.00417	0.00423	0.00829	0.00898	0.13801	0.11792	0.02724	0.49198	0.00753	0.00411	0.00119	0.00233	0.00636	0.05101	0.00398
28	0.00715	0.08869	0.05913	0.06730	0.01134	0.02000	0.17733	0.00913	0.02619	0.03401	0.02840	0.16211	0.12312	0.03038	0.00482	0.00137	0.02726	0.11552	0.00265	0.00407
29	0.00992	0.14443	0.18606	0.04238	0.09054	0.02494	0.14838	0.13262	0.07723	0.06183	0.02184	0.00978	0.00673	0.00390	0.00369	0.00113	0.01314	0.01369	0.00239	0.00539
30	0.01147	0.00806	0.01001	0.02929	0.24822	0.10827	0.00709	0.03915	0.02805	0.28130	0.12728	0.01383	0.04434	0.00472	0.00376	0.00112	0.00373	0.00401	0.02100	0.00532

[dist]
# distance from previous block
# <min> <max>
2	24

[block]
# block no. 14 follows, 74 sequences, length 14
# corresponding to MSA columns:
# 917-930
name=unknown_O
#
# <colnr> <probs for GDERKNQSTAVLIFYWHMCP>
#	G	D	E	R	K	N	Q	S	T	A	V	L	I	F	Y	W	H	M	C	P
0	0.12449	0.00886	0.02547	0.13051	0.14978	0.06004	0.23102	0.03521	0.02463	0.04312	0.00769	0.00942	0.01609	0.00357	0.00368	0.00112	0.01531	0.00336	0.02228	0.08435
1	0.00781	0.08804	0.01142	0.39976	0.09308	0.02833	0.04575	0.02315	0.02426	0.02690	0.02999	0.01661	0.00943	0.00512	0.00392	0.00127	0.00442	0.17416	0.00224	0.00434
2	0.00770	0.00660	0.00770	0.00550	0.00880	0.00495	0.00440	0.00935	0.00770	0.01210	0.00660	0.00770	0.00550	0.00275	0.00275	0.00055	0.00275	0.00220	0.00220	0.89224
3	0.00573	0.00695	0.17190	0.00675	0.00832	0.00536	0.00627	0.00756	0.00630	0.00914	0.00941	0.01388	0.00865	0.07685	0.63399	0.00487	0.00866	0.00383	0.00192	0.00367
4	0.00820	0.00761	0.00696	0.00626	0.00770	0.17225	0.00478	0.09593	0.09048	0.01441	0.46600	0.02076	0.07095	0.00638	0.00405	0.00113	0.00309	0.00534	0.00355	0.00416
5	0.00590	0.00466	0.00530	0.00531	0.00640	0.00467	0.00408	0.00881	0.17164	0.01131	0.09308	0.04963	0.29637	0.13617	0.00658	0.00170	0.00266	0.17871	0.00338	0.00363
6	0.01191	0.00863	0.00936	0.00758	0.01006	0.00948	0.00613	0.45570	0.23843	0.07533	0.05806	0.01236	0.02809	0.00490	0.00373	0.00115	0.00342	0.00389	0.04596	0.00583
7	0.00516	0.00371	0.00449	0.00448	0.00493	0.00369	0.00299	0.00580	0.00665	0.00888	0.10723	0.05319	0.15691	0.43424	0.17876	0.00333	0.00430	0.00585	0.00264	0.00277
8	0.00658	0.00466	0.00634	0.00774	0.17044	0.00451	0.00469	0.00837	0.00900	0.01370	0.33351	0.01947	0.06418	0.00566	0.00359	0.00105	0.00227	0.00492	0.32537	0.00393
9	0.72107	0.00954	0.17161	0.00600	0.00893	0.00838	0.00593	0.01108	0.00662	0.01569	0.00546	0.00639	0.00415	0.00346	0.00254	0.00115	0.00339	0.00215	0.00215	0.00431
10	0.00525	0.00379	0.00496	0.00467	0.00555	0.00350	0.00350	0.00700	0.01051	0.01488	0.84444	0.02773	0.03502	0.00759	0.00438	0.00117	0.00175	0.00671	0.00409	0.00350
11	0.01218	0.01499	0.00962	0.00886	0.01052	0.68748	0.00667	0.01321	0.00962	0.00899	0.00656	0.00825	0.00567	0.00855	0.17080	0.00194	0.00733	0.00270	0.00193	0.00411
12	0.89577	0.00718	0.00546	0.00488	0.00718	0.00833	0.00402	0.01091	0.00632	0.01665	0.00517	0.00603	0.00402	0.00345	0.00230	0.00115	0.00287	0.00201	0.00230	0.00402
13	0.00750	0.00429	0.00568	0.00505	0.00632	0.00389	0.00389	0.00918	0.01053	0.17892	0.68125	0.02476	0.02994	0.00700	0.00425	0.00116	0.00203	0.00613	0.00419	0.00406

[dist]
# distance from previous block
# <min> <max>
0	2

[block]
# block no. 15 follows, 74 sequences, length 46
# corresponding to MSA columns:
# 933-978
name=unknown_P
#
# <colnr> <probs for GDERKNQSTAVLIFYWHMCP>
#	G	D	E	R	K	N	Q	S	T	A	V	L	I	F	Y	W	H	M	C	P
0	0.82193	0.00745	0.00593	0.00519	0.00754	0.00859	0.00427	0.07984	0.00725	0.01722	0.00548	0.00627	0.00421	0.00353	0.00242	0.00115	0.00297	0.00212	0.00242	0.00421
1	0.00910	0.00876	0.01476	0.02169	0.77633	0.00903	0.01112	0.01119	0.00822	0.01186	0.00681	0.00910	0.00580	0.00357	0.00439	0.00115	0.07629	0.00330	0.00182	0.00573
2	0.01361	0.01021	0.01116	0.00864	0.01136	0.01150	0.00714	0.76492	0.01647	0.02218	0.00857	0.00885	0.00619	0.00463	0.00442	0.00116	0.07600	0.00333	0.00354	0.00612
3	0.00923	0.00797	0.00839	0.00755	0.00965	0.00923	0.00588	0.01972	0.83969	0.01553	0.01511	0.01385	0.01133	0.00504	0.00378	0.00126	0.00294	0.00420	0.00378	0.00588
