[name]
unknown

[dist]
# distance from previous block
# <min> <max>
6	275

[block]
# block no. 0 follows, 72 sequences, length 21
# corresponding to MSA columns:
# 501-521
name=unknown_A
#
# <colnr> <probs for GDERKNQSTAVLIFYWHMCP>
#	G	D	E	R	K	N	Q	S	T	A	V	L	I	F	Y	W	H	M	C	P
0	0.32734	0.02395	0.11288	0.00818	0.08102	0.00758	0.04174	0.01127	0.08018	0.04288	0.00992	0.11745	0.02624	0.00577	0.03525	0.00138	0.00374	0.00394	0.00255	0.05674
1	0.02912	0.01018	0.03489	0.00748	0.00911	0.31033	0.03436	0.03812	0.04869	0.01146	0.12667	0.16487	0.09470	0.02688	0.00437	0.00125	0.00424	0.02038	0.00287	0.02002
2	0.16390	0.00768	0.03170	0.06849	0.17523	0.00736	0.00679	0.02998	0.07254	0.01341	0.02582	0.03209	0.00733	0.00396	0.00351	0.00101	0.02651	0.02002	0.00238	0.30027
3	0.01201	0.04396	0.03166	0.00731	0.00962	0.09674	0.00594	0.30732	0.06250	0.15386	0.01208	0.02807	0.05069	0.11119	0.01496	0.00150	0.00402	0.00399	0.03733	0.00524
4	0.00815	0.00798	0.08595	0.00847	0.07261	0.00736	0.03886	0.08920	0.27801	0.01544	0.29728	0.01818	0.04471	0.00577	0.00408	0.00122	0.00315	0.00501	0.00352	0.00505
5	0.00830	0.04936	0.43985	0.00925	0.03140	0.06079	0.00996	0.08720	0.00861	0.01200	0.00781	0.01024	0.00639	0.06388	0.14834	0.00213	0.00602	0.00319	0.00197	0.03332
6	0.00533	0.00410	0.00535	0.00614	0.05689	0.00388	0.00407	0.00679	0.03784	0.01149	0.22534	0.38480	0.15170	0.04304	0.00517	0.00147	0.00233	0.03724	0.00355	0.00349
7	0.46786	0.00693	0.00644	0.00565	0.00785	0.00759	0.00451	0.01261	0.18641	0.04445	0.11879	0.01158	0.02083	0.00449	0.00307	0.00115	0.00278	0.00332	0.00300	0.08069
8	0.00828	0.03257	0.11731	0.01078	0.14500	0.05000	0.01957	0.03424	0.03623	0.01034	0.00726	0.01039	0.00649	0.03848	0.11970	0.10887	0.23484	0.00341	0.00191	0.00435
9	0.89350	0.00733	0.00557	0.00499	0.00733	0.00851	0.00411	0.01115	0.00645	0.01702	0.00528	0.00616	0.00411	0.00352	0.00235	0.00117	0.00293	0.00205	0.00235	0.00411
10	0.00560	0.00463	0.00491	0.00469	0.00589	0.02703	0.00351	0.02412	0.06110	0.01240	0.30373	0.04357	0.43710	0.03892	0.00493	0.00133	0.00219	0.00710	0.00368	0.00357
11	0.00500	0.00380	0.00463	0.00481	0.00569	0.00344	0.00362	0.00627	0.00908	0.01194	0.30634	0.20720	0.30405	0.00955	0.00464	0.00136	0.00211	0.09940	0.00374	0.00334
12	0.00814	0.00803	0.01181	0.18287	0.06575	0.01080	0.00896	0.00940	0.00635	0.00945	0.00547	0.00873	0.00506	0.00585	0.01014	0.00155	0.63235	0.00333	0.00168	0.00428
13	0.00474	0.00341	0.00436	0.00502	0.00533	0.00318	0.00334	0.00540	0.00735	0.00973	0.05833	0.66978	0.09125	0.10215	0.00633	0.00173	0.00232	0.00982	0.00342	0.00303
14	0.00550	0.00388	0.00518	0.00518	0.00556	0.00425	0.00362	0.00627	0.00589	0.00830	0.01100	0.01922	0.01137	0.39462	0.46713	0.00491	0.00712	0.00469	0.02340	0.00291
15	0.00834	0.00794	0.01351	0.41526	0.45924	0.00874	0.01112	0.01072	0.00814	0.01112	0.00695	0.00973	0.00556	0.00357	0.00377	0.00119	0.00476	0.00338	0.00179	0.00516
16	0.00839	0.20156	0.28902	0.02369	0.05488	0.02464	0.02798	0.04350	0.08725	0.01174	0.03177	0.10188	0.02289	0.00534	0.01860	0.00125	0.03437	0.00397	0.00225	0.00502
17	0.11565	0.04726	0.05057	0.06705	0.07057	0.26812	0.00670	0.07305	0.03097	0.04142	0.03798	0.01090	0.00769	0.09563	0.00504	0.00135	0.00465	0.00325	0.05762	0.00451
18	0.06933	0.11544	0.20928	0.01084	0.12641	0.04244	0.09383	0.03794	0.07780	0.01230	0.00879	0.01037	0.03759	0.03551	0.01922	0.00130	0.02638	0.00333	0.00215	0.05975
19	0.03242	0.06774	0.22267	0.07140	0.03894	0.13004	0.01902	0.03365	0.03355	0.07121	0.01030	0.06987	0.00930	0.00528	0.00380	0.00121	0.00459	0.12177	0.00247	0.05079
20	0.02130	0.03228	0.08958	0.03718	0.07794	0.03686	0.00706	0.05026	0.33537	0.07379	0.06252	0.03657	0.03527	0.00573	0.02350	0.00133	0.00372	0.03021	0.00321	0.03633

[dist]
# distance from previous block
# <min> <max>
0	44

[block]
# block no. 1 follows, 72 sequences, length 13
# corresponding to MSA columns:
# 594-606
name=unknown_B
#
# <colnr> <probs for GDERKNQSTAVLIFYWHMCP>
#	G	D	E	R	K	N	Q	S	T	A	V	L	I	F	Y	W	H	M	C	P
0	0.00902	0.24918	0.06716	0.25763	0.01536	0.02857	0.05884	0.04315	0.00847	0.05462	0.04068	0.02373	0.02342	0.00411	0.00375	0.00108	0.03709	0.00330	0.00213	0.06871
1	0.23436	0.10539	0.02688	0.00675	0.00931	0.00975	0.00574	0.34067	0.04118	0.04036	0.00872	0.02779	0.00674	0.00429	0.00315	0.00109	0.00346	0.00312	0.11604	0.00520
2	0.01008	0.00835	0.04472	0.04739	0.08246	0.04090	0.07631	0.06428	0.21794	0.14174	0.06585	0.07095	0.01155	0.00548	0.00460	0.00128	0.06206	0.03556	0.00322	0.00529
3	0.00659	0.00531	0.00654	0.00652	0.00786	0.00546	0.02600	0.01050	0.22325	0.01250	0.07608	0.05811	0.19930	0.00859	0.00463	0.00147	0.00294	0.33063	0.00360	0.00411
4	0.00521	0.00366	0.00459	0.00492	0.00561	0.00331	0.00347	0.00620	0.00844	0.04138	0.20364	0.47602	0.19906	0.01024	0.00465	0.00140	0.00209	0.00909	0.00371	0.00334
5	0.07069	0.00509	0.00552	0.00480	0.00641	0.00511	0.00379	0.09276	0.00942	0.18259	0.01208	0.01284	0.00894	0.00443	0.00298	0.00099	0.00238	0.00348	0.56127	0.00445
6	0.00494	0.00387	0.00452	0.00471	0.00572	0.00345	0.00362	0.00615	0.00889	0.01131	0.18618	0.13321	0.45721	0.00966	0.00465	0.00137	0.00219	0.14142	0.00364	0.00331
7	0.00505	0.00381	0.00482	0.00528	0.00593	0.00352	0.00366	0.00619	0.03605	0.01012	0.02091	0.66264	0.09940	0.01129	0.03295	0.00158	0.00251	0.00941	0.00338	0.07147
8	0.06773	0.00660	0.00812	0.00651	0.00898	0.00634	0.00523	0.07075	0.10211	0.53891	0.01366	0.01352	0.00953	0.08359	0.00510	0.00140	0.00323	0.00388	0.03903	0.00577
9	0.00523	0.00387	0.00488	0.00463	0.00558	0.00352	0.00347	0.00689	0.01041	0.01443	0.71584	0.02960	0.16149	0.00804	0.00447	0.00121	0.00181	0.00704	0.00407	0.00352
10	0.00786	0.00674	0.00786	0.00562	0.00899	0.00506	0.00449	0.00955	0.00786	0.01236	0.00674	0.00786	0.00562	0.00281	0.00281	0.00056	0.00281	0.00225	0.00225	0.88990
11	0.03473	0.00785	0.00921	0.00743	0.01008	0.00807	0.00605	0.25631	0.16907	0.37221	0.01347	0.03980	0.00974	0.00514	0.00386	0.00122	0.00343	0.03209	0.00414	0.00610
12	0.00793	0.00611	0.00787	0.00727	0.02058	0.01940	0.03288	0.08299	0.19143	0.03855	0.01172	0.04290	0.02426	0.01569	0.35171	0.09003	0.02605	0.01562	0.00272	0.00428

[dist]
# distance from previous block
# <min> <max>
0	1

[block]
# block no. 2 follows, 72 sequences, length 11
# corresponding to MSA columns:
# 608-618
name=unknown_C
#
# <colnr> <probs for GDERKNQSTAVLIFYWHMCP>
#	G	D	E	R	K	N	Q	S	T	A	V	L	I	F	Y	W	H	M	C	P
0	0.01046	0.04261	0.06254	0.03350	0.01105	0.04415	0.00683	0.19970	0.46070	0.01656	0.01211	0.01175	0.00906	0.00467	0.00369	0.00118	0.00364	0.00373	0.03492	0.02714
1	0.02933	0.00601	0.00669	0.00565	0.00757	0.02951	0.00443	0.12366	0.01025	0.17233	0.11869	0.08327	0.07787	0.00567	0.00361	0.00107	0.00273	0.00469	0.19226	0.11468
2	0.02940	0.00894	0.01161	0.10404	0.03636	0.04157	0.05066	0.20999	0.04134	0.03859	0.00766	0.00960	0.01660	0.00578	0.02610	0.00148	0.34942	0.00348	0.00243	0.00494
3	0.04372	0.60139	0.11739	0.00714	0.01032	0.01287	0.00728	0.01142	0.00766	0.04985	0.00614	0.00719	0.00527	0.00477	0.04380	0.00119	0.05350	0.00238	0.00182	0.00489
4	0.00485	0.00351	0.00426	0.00473	0.00510	0.00327	0.00310	0.00543	0.00717	0.00937	0.04782	0.48255	0.16304	0.22785	0.00843	0.00203	0.00251	0.00884	0.00323	0.00292
5	0.00500	0.00374	0.00516	0.00574	0.00629	0.00351	0.02697	0.00595	0.00771	0.01011	0.02214	0.60911	0.10567	0.01116	0.00487	0.00154	0.00252	0.15612	0.00347	0.00322
6	0.14046	0.05954	0.07015	0.05045	0.14732	0.07666	0.13183	0.11078	0.04572	0.04008	0.00742	0.00887	0.00579	0.00434	0.01735	0.00127	0.07127	0.00322	0.00231	0.00517
7	0.00550	0.00366	0.00434	0.00440	0.00447	0.00370	0.00261	0.00556	0.00565	0.00759	0.01219	0.08267	0.01392	0.70308	0.08016	0.04605	0.00404	0.00567	0.00233	0.00240
8	0.00604	0.00444	0.00544	0.00536	0.00647	0.00435	0.00413	0.00844	0.10006	0.04319	0.27320	0.11589	0.22086	0.01046	0.08349	0.00178	0.00302	0.09593	0.00366	0.00378
9	0.28138	0.00732	0.05530	0.03641	0.00929	0.00682	0.00545	0.05699	0.02734	0.32301	0.01297	0.01257	0.08485	0.00468	0.00334	0.00117	0.00317	0.00357	0.05926	0.00511
10	0.11774	0.02765	0.18927	0.00687	0.01042	0.00695	0.00671	0.07746	0.00871	0.05027	0.00910	0.00978	0.05824	0.00373	0.00315	0.00090	0.00353	0.00287	0.00242	0.40425

[dist]
# distance from previous block
# <min> <max>
3	6

[block]
# block no. 3 follows, 72 sequences, length 12
# corresponding to MSA columns:
# 625-636
name=unknown_D
#
# <colnr> <probs for GDERKNQSTAVLIFYWHMCP>
#	G	D	E	R	K	N	Q	S	T	A	V	L	I	F	Y	W	H	M	C	P
0	0.07478	0.22269	0.07714	0.00835	0.03889	0.05709	0.10876	0.04163	0.00882	0.04772	0.11954	0.01261	0.01051	0.01764	0.04587	0.00137	0.01694	0.02767	0.05734	0.00462
1	0.00482	0.00384	0.00434	0.00439	0.00546	0.00336	0.00331	0.00602	0.00907	0.01154	0.24106	0.10163	0.51929	0.00937	0.00456	0.00131	0.00201	0.05765	0.00369	0.00331
2	0.01025	0.01152	0.23736	0.04865	0.03782	0.00903	0.07915	0.25320	0.07982	0.06897	0.07110	0.04208	0.00930	0.00471	0.00405	0.00121	0.01932	0.00396	0.00293	0.00558
3	0.04510	0.02411	0.01176	0.03497	0.01119	0.12053	0.07554	0.04842	0.00759	0.03403	0.00664	0.04316	0.00612	0.00636	0.03099	0.00157	0.48196	0.00357	0.00202	0.00438
4	0.00526	0.00381	0.00462	0.00485	0.00549	0.00364	0.00352	0.00619	0.00768	0.01013	0.10549	0.14645	0.22048	0.23310	0.06387	0.00230	0.00318	0.13535	0.03151	0.00306
5	0.00766	0.00733	0.01267	0.66308	0.17413	0.00859	0.05260	0.01017	0.00784	0.01031	0.00686	0.00999	0.00526	0.00369	0.00382	0.00124	0.00502	0.00343	0.00173	0.00458
6	0.00500	0.00394	0.00454	0.00476	0.00581	0.00353	0.00373	0.00618	0.00870	0.01088	0.11442	0.07828	0.49381	0.04086	0.00522	0.00148	0.00236	0.19970	0.00354	0.00327
7	0.00474	0.00367	0.00427	0.00448	0.00530	0.00326	0.00319	0.00572	0.00847	0.01089	0.18518	0.29416	0.39449	0.04808	0.00525	0.00145	0.00206	0.00855	0.00359	0.00320
8	0.00755	0.00707	0.01203	0.57614	0.18275	0.00817	0.04112	0.00997	0.00796	0.01048	0.00823	0.01334	0.00699	0.00438	0.00396	0.00129	0.00484	0.08731	0.00192	0.00452
9	0.01039	0.47304	0.04890	0.00744	0.01032	0.09802	0.00681	0.05779	0.16662	0.01137	0.00759	0.00809	0.00627	0.00386	0.00328	0.00097	0.03345	0.00266	0.00223	0.04092
10	0.15416	0.00882	0.02836	0.02361	0.08503	0.03655	0.06826	0.26018	0.01101	0.10931	0.00899	0.01116	0.00712	0.05090	0.03378	0.00148	0.03652	0.03033	0.00293	0.03149
11	0.01034	0.05938	0.03890	0.08545	0.14288	0.02315	0.09652	0.15679	0.19484	0.06769	0.02534	0.03562	0.00838	0.00452	0.00411	0.00121	0.03254	0.00390	0.00288	0.00556

[dist]
# distance from previous block
# <min> <max>
0	6

[block]
# block no. 4 follows, 72 sequences, length 11
# corresponding to MSA columns:
# 643-653
name=unknown_E
#
# <colnr> <probs for GDERKNQSTAVLIFYWHMCP>
#	G	D	E	R	K	N	Q	S	T	A	V	L	I	F	Y	W	H	M	C	P
0	0.11525	0.00689	0.00737	0.00580	0.00855	0.04458	0.00462	0.00978	0.00782	0.03544	0.00854	0.04152	0.02156	0.00540	0.05829	0.00112	0.00349	0.03297	0.00241	0.57859
1	0.01245	0.01472	0.01029	0.00991	0.06488	0.59767	0.00706	0.04820	0.03149	0.01020	0.00700	0.00913	0.00611	0.07488	0.02184	0.00135	0.04572	0.00294	0.01974	0.00441
2	0.00894	0.00973	0.03440	0.35838	0.04420	0.11082	0.32084	0.01152	0.00859	0.02977	0.00743	0.02455	0.00577	0.00372	0.00402	0.00123	0.00569	0.00380	0.00191	0.00469
3	0.00668	0.00482	0.00624	0.00589	0.00677	0.00537	0.00445	0.11527	0.00769	0.01083	0.01116	0.01650	0.03029	0.18204	0.51873	0.00460	0.00752	0.00432	0.04724	0.00359
4	0.00588	0.00434	0.00573	0.00642	0.00733	0.00428	0.00541	0.00777	0.04169	0.01121	0.02242	0.12437	0.13105	0.01029	0.00504	0.00164	0.00313	0.59496	0.00351	0.00351
5	0.05963	0.00492	0.00610	0.00537	0.00690	0.00468	0.00418	0.01097	0.05918	0.21684	0.46956	0.04179	0.02416	0.00649	0.00404	0.00118	0.00228	0.00557	0.06171	0.00444
6	0.00465	0.00341	0.00437	0.00505	0.00546	0.00313	0.00344	0.00542	0.00766	0.01010	0.07363	0.70046	0.13666	0.01132	0.00477	0.00148	0.00214	0.01016	0.00356	0.00313
7	0.00490	0.00376	0.00455	0.00497	0.00579	0.00341	0.00374	0.00598	0.00839	0.01071	0.10208	0.30925	0.35214	0.01034	0.00474	0.00144	0.00228	0.15471	0.00358	0.00325
8	0.00947	0.00942	0.04194	0.07182	0.56422	0.04810	0.01033	0.05033	0.09871	0.01287	0.00855	0.04203	0.00720	0.00400	0.00379	0.00116	0.00442	0.00369	0.00223	0.00572
9	0.00576	0.00395	0.00441	0.00436	0.00449	0.00403	0.00253	0.00642	0.05695	0.00788	0.01217	0.02416	0.01365	0.81336	0.01835	0.00353	0.00363	0.00544	0.00239	0.00253
10	0.00817	0.00756	0.01187	0.45292	0.13521	0.02357	0.06275	0.06311	0.03740	0.01147	0.00825	0.06250	0.00693	0.00449	0.00439	0.00126	0.05761	0.00392	0.03199	0.00464

[dist]
# distance from previous block
# <min> <max>
2	15

[block]
# block no. 5 follows, 72 sequences, length 16
# corresponding to MSA columns:
# 669-684
name=unknown_F
#
# <colnr> <probs for GDERKNQSTAVLIFYWHMCP>
#	G	D	E	R	K	N	Q	S	T	A	V	L	I	F	Y	W	H	M	C	P
0	0.01575	0.00647	0.00851	0.00665	0.00939	0.00583	0.00545	0.04864	0.04872	0.71121	0.03475	0.01326	0.01004	0.00477	0.00377	0.00116	0.00314	0.00388	0.05242	0.00621
1	0.00910	0.17695	0.03685	0.11680	0.17492	0.00878	0.04096	0.02574	0.03864	0.09102	0.06366	0.02833	0.04552	0.03434	0.00454	0.00124	0.03962	0.02936	0.02875	0.00487
2	0.02504	0.12712	0.30738	0.08835	0.04910	0.06980	0.04289	0.08829	0.03283	0.06116	0.00814	0.05022	0.00652	0.00423	0.00376	0.00116	0.02318	0.00336	0.00222	0.00525
3	0.00598	0.00381	0.00443	0.00436	0.00448	0.00384	0.00259	0.02840	0.00587	0.00797	0.01110	0.02201	0.01237	0.68354	0.01755	0.13302	0.00356	0.00505	0.03769	0.00237
4	0.00702	0.00585	0.00930	0.09908	0.14152	0.00637	0.06177	0.00901	0.04080	0.03449	0.02480	0.03110	0.02735	0.08233	0.37324	0.00354	0.03181	0.00427	0.00222	0.00413
5	0.05637	0.08232	0.16079	0.07335	0.16190	0.03654	0.04535	0.04591	0.04242	0.03924	0.07734	0.02643	0.00997	0.03075	0.02041	0.00137	0.02047	0.06173	0.00242	0.00493
6	0.00997	0.02302	0.25571	0.00923	0.05437	0.04185	0.02794	0.09551	0.12448	0.14027	0.01289	0.04573	0.07361	0.00563	0.02183	0.00133	0.02050	0.02781	0.00293	0.00540
7	0.00582	0.00390	0.00464	0.00465	0.00488	0.01609	0.00299	0.00609	0.00589	0.00819	0.01135	0.04843	0.01222	0.52002	0.17284	0.08790	0.00470	0.00501	0.07180	0.00259
8	0.01339	0.14208	0.01199	0.00921	0.01136	0.69500	0.00715	0.01479	0.04383	0.00950	0.00616	0.00703	0.00515	0.00386	0.00329	0.00097	0.00628	0.00246	0.00198	0.00453
9	0.79914	0.03227	0.00638	0.00541	0.00775	0.07548	0.00443	0.01147	0.00683	0.01618	0.00533	0.00621	0.00419	0.00354	0.00243	0.00115	0.00327	0.00208	0.00230	0.00415
10	0.01991	0.00776	0.01268	0.23802	0.35534	0.00821	0.06902	0.02586	0.06429	0.04978	0.03481	0.01240	0.03013	0.00419	0.00386	0.00120	0.00435	0.02539	0.02761	0.00519
11	0.00881	0.00703	0.00993	0.07628	0.02778	0.00662	0.10182	0.04925	0.08528	0.08874	0.09347	0.06322	0.01073	0.00457	0.00391	0.00102	0.02884	0.00402	0.00285	0.32585
12	0.00550	0.00375	0.00453	0.00453	0.00466	0.00389	0.00279	0.00577	0.00563	0.00764	0.01159	0.02283	0.01292	0.69862	0.18622	0.00416	0.00498	0.00522	0.00224	0.00252
13	0.01367	0.03571	0.01137	0.01012	0.05208	0.56664	0.00753	0.20115	0.01201	0.01276	0.00662	0.00752	0.00530	0.00412	0.00384	0.00104	0.03849	0.00273	0.00235	0.00495
14	0.01287	0.03464	0.01189	0.02846	0.06437	0.05161	0.05013	0.49694	0.08992	0.06582	0.00969	0.01052	0.00723	0.00458	0.00400	0.00117	0.02263	0.02417	0.00338	0.00599
15	0.00530	0.00404	0.00494	0.00540	0.00624	0.00384	0.00416	0.00686	0.04848	0.01069	0.04598	0.27927	0.27037	0.04319	0.00535	0.00158	0.00258	0.24488	0.00350	0.00336

[dist]
# distance from previous block
# <min> <max>
0	1

[block]
# block no. 6 follows, 72 sequences, length 19
# corresponding to MSA columns:
# 686-704
name=unknown_G
#
# <colnr> <probs for GDERKNQSTAVLIFYWHMCP>
#	G	D	E	R	K	N	Q	S	T	A	V	L	I	F	Y	W	H	M	C	P
0	0.00845	0.16043	0.46880	0.00876	0.01332	0.00914	0.01018	0.05364	0.00843	0.01218	0.00665	0.00770	0.00509	0.00341	0.00323	0.00098	0.00462	0.00257	0.00187	0.21055
1	0.01956	0.21248	0.07766	0.09875	0.01212	0.00878	0.03237	0.06312	0.02435	0.02846	0.00689	0.00805	0.00554	0.00329	0.00304	0.00084	0.00378	0.00257	0.00216	0.38619
2	0.00839	0.10459	0.53107	0.00967	0.02746	0.03167	0.02852	0.05088	0.02335	0.02833	0.05367	0.00996	0.01760	0.00491	0.03530	0.00133	0.00515	0.00318	0.01967	0.00529
3	0.00670	0.00565	0.01968	0.03521	0.03222	0.01518	0.00470	0.01030	0.20788	0.02494	0.13598	0.07864	0.28192	0.02402	0.01627	0.00137	0.02534	0.00610	0.06372	0.00417
4	0.00756	0.00400	0.00405	0.00388	0.00491	0.00408	0.00295	0.06328	0.00861	0.01479	0.01216	0.01381	0.00950	0.00443	0.00273	0.00090	0.00193	0.00353	0.82919	0.00373
5	0.00873	0.00884	0.01329	0.03371	0.01214	0.02785	0.14671	0.03585	0.03794	0.01037	0.00602	0.00889	0.00540	0.00581	0.01010	0.00154	0.61696	0.00354	0.00186	0.00446
6	0.00689	0.00432	0.00556	0.00534	0.00650	0.00392	0.00402	0.00844	0.02749	0.12243	0.33307	0.26292	0.08563	0.00850	0.00443	0.00130	0.00228	0.05344	0.00386	0.04966
7	0.00622	0.00413	0.00526	0.00492	0.00598	0.00381	0.00371	0.00798	0.02642	0.07519	0.61364	0.04983	0.11237	0.03998	0.00499	0.00132	0.00205	0.02443	0.00404	0.00374
8	0.00664	0.00487	0.00689	0.06300	0.00797	0.00542	0.03277	0.04815	0.00666	0.02588	0.00985	0.01665	0.00979	0.29561	0.31019	0.08601	0.05386	0.00436	0.00218	0.00324
9	0.00505	0.00383	0.00466	0.00453	0.00549	0.00343	0.00337	0.00652	0.00988	0.01335	0.54567	0.08617	0.27704	0.00858	0.00450	0.00124	0.00186	0.00746	0.00394	0.00343
10	0.01050	0.06490	0.10329	0.04529	0.20318	0.03830	0.09141	0.17077	0.03614	0.08100	0.00883	0.04775	0.00712	0.00495	0.02458	0.00131	0.04892	0.00372	0.00256	0.00551
11	0.01071	0.01043	0.11625	0.16465	0.18231	0.02095	0.01884	0.30838	0.02220	0.03728	0.00815	0.02337	0.00625	0.00428	0.00423	0.00120	0.04880	0.00346	0.00262	0.00563
12	0.00609	0.00406	0.00504	0.00481	0.00592	0.00367	0.00362	0.00745	0.00944	0.08891	0.38037	0.11466	0.27676	0.00983	0.06059	0.00158	0.00256	0.00715	0.00381	0.00366
13	0.00799	0.03541	0.36006	0.04081	0.01364	0.04163	0.11445	0.01211	0.11282	0.02780	0.14407	0.01372	0.04947	0.00472	0.00390	0.00121	0.00454	0.00410	0.00250	0.00505
14	0.00604	0.00420	0.00501	0.02020	0.00590	0.00406	0.00347	0.03270	0.03711	0.02855	0.24522	0.07796	0.18870	0.20089	0.00845	0.06789	0.00260	0.01433	0.04344	0.00328
15	0.06997	0.05084	0.12564	0.02094	0.08987	0.04736	0.07411	0.05205	0.09157	0.05456	0.06474	0.05617	0.05932	0.02061	0.00453	0.00128	0.04821	0.03726	0.02613	0.00484
16	0.03338	0.04989	0.03866	0.06203	0.25552	0.04069	0.00818	0.15975	0.11769	0.03704	0.02458	0.02604	0.02048	0.01850	0.04672	0.00144	0.02747	0.00367	0.00265	0.02560
17	0.04567	0.10640	0.11399	0.02043	0.04569	0.05681	0.00719	0.17970	0.03768	0.02774	0.02535	0.05338	0.00762	0.00601	0.06005	0.00139	0.04672	0.00340	0.00254	0.15224
18	0.12140	0.15464	0.14242	0.00753	0.01013	0.04080	0.00704	0.09397	0.11481	0.04266	0.01006	0.11952	0.00909	0.00579	0.02136	0.00130	0.05362	0.02528	0.00265	0.01592

[dist]
# distance from previous block
# <min> <max>
2	55

[block]
# block no. 7 follows, 72 sequences, length 19
# corresponding to MSA columns:
# 774-792
name=unknown_H
#
# <colnr> <probs for GDERKNQSTAVLIFYWHMCP>
#	G	D	E	R	K	N	Q	S	T	A	V	L	I	F	Y	W	H	M	C	P
0	0.02721	0.02123	0.03193	0.00788	0.06732	0.09882	0.01707	0.01180	0.17855	0.04993	0.14112	0.10636	0.07523	0.00681	0.02895	0.00133	0.01683	0.02456	0.01306	0.07401
1	0.08041	0.02287	0.06535	0.02721	0.05581	0.00729	0.06104	0.11492	0.04133	0.03895	0.02029	0.06265	0.01004	0.00668	0.05265	0.00146	0.02366	0.12877	0.00274	0.17587
2	0.22676	0.16620	0.02108	0.02609	0.04461	0.15810	0.01861	0.08669	0.04709	0.04960	0.02001	0.02217	0.00625	0.00410	0.00359	0.00108	0.05075	0.00284	0.00241	0.04197
3	0.00755	0.02081	0.02630	0.03229	0.04229	0.00599	0.01689	0.03145	0.00812	0.09580	0.04917	0.34716	0.04057	0.00824	0.00567	0.00140	0.14097	0.06389	0.00309	0.05234
4	0.00743	0.00606	0.00696	0.00644	0.00792	0.00668	0.00501	0.01308	0.38531	0.02709	0.20245	0.03331	0.11646	0.00892	0.08971	0.00178	0.03701	0.03010	0.00362	0.00468
5	0.00761	0.01962	0.84707	0.01081	0.01641	0.00881	0.01401	0.01201	0.00801	0.01201	0.00681	0.00801	0.00480	0.00360	0.00360	0.00120	0.00560	0.00280	0.00160	0.00560
6	0.00462	0.00330	0.00440	0.00528	0.00550	0.00308	0.00352	0.00528	0.00726	0.00968	0.02090	0.86424	0.02508	0.01188	0.00484	0.00154	0.00220	0.01078	0.00352	0.00308
7	0.00786	0.00674	0.00786	0.00562	0.00899	0.00506	0.00449	0.00955	0.00786	0.01236	0.00674	0.00786	0.00562	0.00281	0.00281	0.00056	0.00281	0.00225	0.00225	0.88990
8	0.00994	0.03258	0.00999	0.01005	0.14023	0.05339	0.00687	0.09909	0.46021	0.03291	0.04268	0.03235	0.03139	0.00511	0.00385	0.00122	0.00351	0.01557	0.00339	0.00569
9	0.00707	0.00353	0.00353	0.00353	0.00442	0.00353	0.00265	0.00884	0.00795	0.01414	0.01237	0.01414	0.00972	0.00442	0.00265	0.00088	0.00177	0.00353	0.88777	0.00353
10	0.00864	0.00686	0.00795	0.00610	0.00909	0.00585	0.00487	0.01197	0.16064	0.06601	0.02620	0.01073	0.00802	0.00367	0.00317	0.00078	0.00287	0.02552	0.00277	0.62830
11	0.00537	0.00388	0.00507	0.00477	0.00567	0.00358	0.00358	0.00716	0.01074	0.01521	0.84106	0.02833	0.03578	0.00775	0.00447	0.00119	0.00179	0.00686	0.00417	0.00358
12	0.00707	0.00353	0.00353	0.00353	0.00442	0.00353	0.00265	0.00884	0.00795	0.01414	0.01237	0.01414	0.00972	0.00442	0.00265	0.00088	0.00177	0.00353	0.88777	0.00353
13	0.00462	0.00330	0.00440	0.00528	0.00550	0.00308	0.00352	0.00528	0.00726	0.00968	0.02090	0.86424	0.02508	0.01188	0.00484	0.00154	0.00220	0.01078	0.00352	0.00308
14	0.00776	0.07041	0.79760	0.01055	0.01601	0.00918	0.01356	0.01197	0.00799	0.01183	0.00671	0.00789	0.00481	0.00358	0.00353	0.00118	0.00551	0.00276	0.00160	0.00556
15	0.00739	0.00706	0.01221	0.76383	0.07268	0.00852	0.05522	0.00994	0.00772	0.00998	0.00681	0.01008	0.00515	0.00374	0.00383	0.00126	0.00510	0.00343	0.00171	0.00437
16	0.00599	0.00428	0.00597	0.00684	0.00766	0.00426	0.00589	0.00764	0.00861	0.01121	0.02015	0.11156	0.02210	0.01059	0.00521	0.00173	0.00338	0.74998	0.00349	0.00346
17	0.01004	0.83398	0.05398	0.00667	0.01001	0.01475	0.00680	0.01138	0.00772	0.00905	0.00534	0.00616	0.00486	0.00326	0.00248	0.00083	0.00412	0.00206	0.00162	0.00490
18	0.00998	0.08473	0.42959	0.00913	0.01327	0.00967	0.01014	0.24357	0.03536	0.03865	0.02717	0.00928	0.00658	0.00406	0.00354	0.00114	0.00463	0.00312	0.05073	0.00566

[dist]
# distance from previous block
# <min> <max>
0	3

[block]
# block no. 8 follows, 72 sequences, length 19
# corresponding to MSA columns:
# 796-814
name=unknown_I
#
# <colnr> <probs for GDERKNQSTAVLIFYWHMCP>
#	G	D	E	R	K	N	Q	S	T	A	V	L	I	F	Y	W	H	M	C	P
0	0.84401	0.00752	0.00590	0.00520	0.00758	0.00869	0.00428	0.05727	0.00709	0.01740	0.00550	0.00633	0.00424	0.00358	0.00243	0.00117	0.00300	0.00213	0.00243	0.00424
1	0.00473	0.00357	0.00437	0.00476	0.00542	0.00321	0.00335	0.00570	0.00835	0.01095	0.18952	0.45844	0.26304	0.01040	0.00466	0.00140	0.00204	0.00920	0.00365	0.00321
2	0.00486	0.00354	0.00458	0.00525	0.00570	0.00329	0.00372	0.00574	0.00779	0.01028	0.08334	0.59372	0.11524	0.03442	0.00521	0.00157	0.00233	0.10272	0.00353	0.00316
3	0.01040	0.00832	0.00889	0.00777	0.01006	0.00947	0.00611	0.10839	0.70052	0.06346	0.01472	0.01353	0.01089	0.00506	0.00385	0.00126	0.00314	0.00417	0.00390	0.00608
4	0.00539	0.00459	0.00500	0.00518	0.03504	0.00428	0.00369	0.00778	0.12273	0.01135	0.07891	0.07485	0.60993	0.00879	0.00439	0.00128	0.00217	0.00741	0.00355	0.00370
5	0.00627	0.00522	0.00750	0.00669	0.00818	0.00470	0.09395	0.02845	0.03682	0.01125	0.03055	0.50657	0.01772	0.00834	0.00426	0.00126	0.00287	0.00764	0.00308	0.20870
6	0.00707	0.00353	0.00353	0.00353	0.00442	0.00353	0.00265	0.00884	0.00795	0.01414	0.01237	0.01414	0.00972	0.00442	0.00265	0.00088	0.00177	0.00353	0.88777	0.00353
7	0.01233	0.01353	0.01358	0.10342	0.01514	0.42058	0.20492	0.10437	0.01076	0.05493	0.00722	0.00858	0.00552	0.00384	0.00378	0.00111	0.00606	0.00321	0.00226	0.00488
8	0.00830	0.00830	0.01162	0.00996	0.00996	0.01162	0.00830	0.00913	0.00581	0.00913	0.00498	0.00830	0.00498	0.00664	0.01245	0.00166	0.85977	0.00332	0.00166	0.00415
9	0.01113	0.00825	0.00905	0.00762	0.00995	0.00911	0.00609	0.27694	0.39928	0.08638	0.10377	0.01460	0.01263	0.00532	0.00393	0.00123	0.00327	0.02164	0.00393	0.00586
10	0.00550	0.00370	0.00424	0.00421	0.00430	0.00367	0.00244	0.00569	0.00608	0.00821	0.10234	0.02520	0.01619	0.77308	0.01769	0.00341	0.00347	0.00566	0.00250	0.00244
11	0.00846	0.05306	0.01322	0.01043	0.01102	0.01157	0.09770	0.00957	0.00625	0.00945	0.00529	0.00839	0.00506	0.00609	0.01106	0.00157	0.72245	0.00338	0.00169	0.00429
12	0.04213	0.02731	0.00653	0.00531	0.00712	0.00582	0.00427	0.13717	0.02235	0.20248	0.01264	0.01348	0.02301	0.00464	0.00317	0.00102	0.00262	0.01796	0.45623	0.00472
13	0.04218	0.14758	0.03906	0.05738	0.01344	0.03443	0.20616	0.14109	0.06538	0.07567	0.02016	0.01042	0.00704	0.00409	0.00396	0.00113	0.03435	0.02534	0.00258	0.06855
14	0.00707	0.00353	0.00353	0.00353	0.00442	0.00353	0.00265	0.00884	0.00795	0.01414	0.01237	0.01414	0.00972	0.00442	0.00265	0.00088	0.00177	0.00353	0.88777	0.00353
15	0.00478	0.00342	0.00456	0.00532	0.00564	0.00320	0.00367	0.00562	0.00772	0.01037	0.11027	0.72923	0.02608	0.01136	0.00482	0.00151	0.00222	0.05345	0.00359	0.00316
16	0.01036	0.04795	0.11778	0.06316	0.01395	0.04448	0.19549	0.12106	0.04435	0.12292	0.03811	0.02946	0.01972	0.00468	0.00487	0.00125	0.09796	0.01453	0.00268	0.00522
17	0.00927	0.00937	0.01541	0.12922	0.50807	0.06124	0.15012	0.01181	0.03139	0.01180	0.00731	0.00963	0.00593	0.00365	0.00405	0.01584	0.00498	0.00353	0.00191	0.00545
18	0.00661	0.00331	0.00487	0.00487	0.00491	0.00331	0.00326	0.00515	0.00510	0.00699	0.00690	0.01167	0.00676	0.01271	0.01417	0.84217	0.00321	0.00331	0.04899	0.00175

[dist]
# distance from previous block
# <min> <max>
1	2

[block]
# block no. 9 follows, 72 sequences, length 13
# corresponding to MSA columns:
# 817-820,824-832
name=unknown_J
#
# <colnr> <probs for GDERKNQSTAVLIFYWHMCP>
#	G	D	E	R	K	N	Q	S	T	A	V	L	I	F	Y	W	H	M	C	P
0	0.15450	0.53789	0.04727	0.00728	0.01030	0.13424	0.04111	0.01193	0.00800	0.01054	0.00552	0.00645	0.00478	0.00340	0.00269	0.00093	0.00443	0.00222	0.00180	0.00471
1	0.04919	0.07857	0.01085	0.00801	0.01065	0.02563	0.03062	0.36396	0.26180	0.06985	0.01092	0.01110	0.00819	0.03837	0.00427	0.00126	0.00379	0.00363	0.00349	0.00585
2	0.15383	0.00814	0.00977	0.16986	0.11305	0.00927	0.00734	0.15501	0.27919	0.01580	0.00996	0.01064	0.00752	0.00429	0.00354	0.00121	0.00373	0.00347	0.02904	0.00536
3	0.00707	0.00353	0.00353	0.00353	0.00442	0.00353	0.00265	0.00884	0.00795	0.01414	0.01237	0.01414	0.00972	0.00442	0.00265	0.00088	0.00177	0.00353	0.88777	0.00353
4	0.00786	0.00674	0.00786	0.00562	0.00899	0.00506	0.00449	0.00955	0.00786	0.01236	0.00674	0.00786	0.00562	0.00281	0.00281	0.00056	0.00281	0.00225	0.00225	0.88990
5	0.00525	0.00387	0.00490	0.00464	0.00559	0.00353	0.00348	0.00692	0.01045	0.01453	0.73114	0.02945	0.14613	0.00801	0.00447	0.00120	0.00181	0.00702	0.00409	0.00353
6	0.00707	0.00353	0.00353	0.00353	0.00442	0.00353	0.00265	0.00884	0.00795	0.01414	0.01237	0.01414	0.00972	0.00442	0.00265	0.00088	0.00177	0.00353	0.88777	0.00353
7	0.00716	0.00674	0.01138	0.85760	0.02612	0.00843	0.01053	0.00969	0.00758	0.00969	0.00674	0.01011	0.00506	0.00379	0.00379	0.00126	0.00506	0.00337	0.00169	0.00421
8	0.00666	0.00471	0.00673	0.00641	0.00711	0.00553	0.00501	0.00789	0.00651	0.06804	0.01048	0.05293	0.00979	0.05797	0.56607	0.00460	0.12088	0.00429	0.04475	0.00365
9	0.01091	0.00781	0.00838	0.00698	0.00912	0.02303	0.00556	0.34694	0.17827	0.06535	0.10861	0.03458	0.03373	0.00533	0.00375	0.00115	0.00319	0.00431	0.13763	0.00538
10	0.01037	0.01190	0.04350	0.01341	0.01661	0.17255	0.50443	0.08366	0.03569	0.01256	0.00752	0.00943	0.00576	0.00371	0.00459	0.00123	0.05200	0.00387	0.00212	0.00508
11	0.00942	0.00847	0.00892	0.04427	0.07168	0.08959	0.00627	0.10166	0.37083	0.01417	0.01310	0.10643	0.02617	0.04176	0.00449	0.00130	0.00360	0.00460	0.00320	0.07005
12	0.04137	0.03148	0.03249	0.10070	0.06920	0.02458	0.00611	0.08290	0.00889	0.01296	0.03825	0.05414	0.04902	0.00417	0.00332	0.00089	0.00339	0.00344	0.00246	0.43023

[dist]
# distance from previous block
# <min> <max>
5	61

[block]
# block no. 10 follows, 72 sequences, length 8
# corresponding to MSA columns:
# 894-901
name=unknown_K
#
# <colnr> <probs for GDERKNQSTAVLIFYWHMCP>
#	G	D	E	R	K	N	Q	S	T	A	V	L	I	F	Y	W	H	M	C	P
0	0.01308	0.01296	0.07976	0.00932	0.01219	0.26847	0.05943	0.33331	0.03744	0.07551	0.00830	0.00882	0.00613	0.00435	0.00392	0.02093	0.00508	0.00315	0.00290	0.03495
1	0.00817	0.00767	0.05981	0.13138	0.27509	0.00734	0.04205	0.03838	0.02482	0.04380	0.05013	0.08363	0.05270	0.00623	0.04637	0.00145	0.03839	0.00446	0.05627	0.02184
2	0.00707	0.00353	0.00353	0.00353	0.00442	0.00353	0.00265	0.00884	0.00795	0.01414	0.01237	0.01414	0.00972	0.00442	0.00265	0.00088	0.00177	0.00353	0.88777	0.00353
3	0.00981	0.00754	0.03913	0.00733	0.00916	0.03639	0.03157	0.21581	0.05757	0.10202	0.04512	0.03719	0.03952	0.15923	0.00718	0.00175	0.03228	0.15349	0.00330	0.00464
4	0.03037	0.08749	0.29240	0.00868	0.02925	0.00807	0.06155	0.03833	0.11676	0.02989	0.16798	0.01559	0.05380	0.00516	0.00385	0.00120	0.00400	0.03791	0.00274	0.00498
5	0.00707	0.00353	0.00353	0.00353	0.00442	0.00353	0.00265	0.00884	0.00795	0.01414	0.01237	0.01414	0.00972	0.00442	0.00265	0.00088	0.00177	0.00353	0.88777	0.00353
6	0.36632	0.14258	0.07059	0.00719	0.02472	0.03645	0.04043	0.07952	0.00838	0.04630	0.03702	0.00826	0.00623	0.00392	0.00338	0.00111	0.04605	0.00271	0.02858	0.04027
7	0.05269	0.04023	0.06203	0.00796	0.04935	0.00845	0.00649	0.31414	0.06174	0.10243	0.10855	0.01427	0.03807	0.00583	0.02885	0.00131	0.00371	0.03219	0.05637	0.00537

[dist]
# distance from previous block
# <min> <max>
0	4

[block]
# block no. 11 follows, 72 sequences, length 19
# corresponding to MSA columns:
# 926-944
name=unknown_L
#
# <colnr> <probs for GDERKNQSTAVLIFYWHMCP>
#	G	D	E	R	K	N	Q	S	T	A	V	L	I	F	Y	W	H	M	C	P
0	0.01010	0.06026	0.01339	0.03047	0.01298	0.08314	0.23451	0.04636	0.27375	0.07077	0.05912	0.01201	0.00947	0.00449	0.00435	0.00122	0.04738	0.00403	0.00291	0.01933
1	0.00950	0.17400	0.42143	0.01013	0.02879	0.04295	0.08523	0.07027	0.06267	0.04918	0.00765	0.00852	0.00568	0.00372	0.00350	0.00113	0.00504	0.00299	0.00209	0.00551
2	0.01325	0.25522	0.01339	0.00856	0.01111	0.43726	0.02326	0.08494	0.01048	0.09917	0.00698	0.00753	0.00551	0.00385	0.00324	0.00097	0.00543	0.00260	0.00231	0.00494
3	0.00526	0.00430	0.00483	0.00558	0.00592	0.06029	0.00378	0.00595	0.00750	0.00965	0.01989	0.80642	0.02372	0.01134	0.00474	0.00150	0.00251	0.01022	0.00341	0.00317
4	0.00659	0.00329	0.00494	0.00494	0.00494	0.00329	0.00329	0.00494	0.00494	0.00659	0.00659	0.01153	0.00659	0.01318	0.01482	0.88966	0.00329	0.00329	0.00165	0.00165
5	0.00460	0.00386	0.00400	0.00400	0.00524	0.00326	0.00303	0.00565	0.00881	0.01067	0.10151	0.03603	0.75491	0.00948	0.00450	0.00129	0.00195	0.03039	0.00357	0.00324
6	0.00707	0.00353	0.00353	0.00353	0.00442	0.00353	0.00265	0.00884	0.00795	0.01414	0.01237	0.01414	0.00972	0.00442	0.00265	0.00088	0.00177	0.00353	0.88777	0.00353
7	0.00474	0.00339	0.00452	0.00532	0.00561	0.00317	0.00364	0.00552	0.00756	0.01013	0.07617	0.77221	0.02566	0.01154	0.00483	0.00153	0.00223	0.04553	0.00356	0.00313
8	0.00468	0.00385	0.00412	0.00405	0.00525	0.00329	0.00304	0.00583	0.00912	0.01137	0.22105	0.03464	0.65818	0.00918	0.00448	0.00126	0.00189	0.00774	0.00367	0.00329
9	0.00707	0.00353	0.00353	0.00353	0.00442	0.00353	0.00265	0.00884	0.00795	0.01414	0.01237	0.01414	0.00972	0.00442	0.00265	0.00088	0.00177	0.00353	0.88777	0.00353
10	0.82406	0.00726	0.00583	0.00513	0.00752	0.00828	0.00422	0.01173	0.00680	0.08267	0.00605	0.00670	0.00453	0.00361	0.00246	0.00117	0.00296	0.00219	0.00253	0.00429
11	0.01115	0.01255	0.02681	0.00950	0.01082	0.35723	0.00763	0.07739	0.06485	0.01086	0.00661	0.00840	0.00567	0.00603	0.03958	0.00147	0.33373	0.00305	0.00211	0.00456
12	0.00507	0.00395	0.00461	0.00446	0.00554	0.00355	0.00334	0.00670	0.03113	0.01292	0.44977	0.05697	0.38103	0.00861	0.00447	0.00124	0.00189	0.00740	0.00387	0.00346
13	0.89350	0.00733	0.00557	0.00499	0.00733	0.00851	0.00411	0.01115	0.00645	0.01702	0.00528	0.00616	0.00411	0.00352	0.00235	0.00117	0.00293	0.00205	0.00235	0.00411
14	0.00707	0.00353	0.00353	0.00353	0.00442	0.00353	0.00265	0.00884	0.00795	0.01414	0.01237	0.01414	0.00972	0.00442	0.00265	0.00088	0.00177	0.00353	0.88777	0.00353
15	0.76893	0.06241	0.00694	0.00537	0.00783	0.00917	0.00450	0.07489	0.00742	0.01704	0.00558	0.00639	0.00434	0.00358	0.00247	0.00115	0.00310	0.00216	0.00241	0.00434
16	0.00716	0.00674	0.01138	0.85760	0.02612	0.00843	0.01053	0.00969	0.00758	0.00969	0.00674	0.01011	0.00506	0.00379	0.00379	0.00126	0.00506	0.00337	0.00169	0.00421
17	0.00542	0.00406	0.00610	0.00610	0.00677	0.00474	0.00474	0.00677	0.00610	0.00880	0.01016	0.01490	0.00948	0.02844	0.85169	0.00610	0.01016	0.00406	0.00203	0.00339
18	0.03173	0.03950	0.06758	0.02255	0.14546	0.12224	0.08384	0.03194	0.02419	0.09513	0.22009	0.01401	0.01360	0.00499	0.00450	0.00118	0.06561	0.00418	0.00280	0.00487

[dist]
# distance from previous block
# <min> <max>
0	2

[block]
# block no. 12 follows, 72 sequences, length 40
# corresponding to MSA columns:
# 947-986
name=unknown_M
#
# <colnr> <probs for GDERKNQSTAVLIFYWHMCP>
#	G	D	E	R	K	N	Q	S	T	A	V	L	I	F	Y	W	H	M	C	P
0	0.21255	0.03792	0.14701	0.02969	0.04999	0.03461	0.09391	0.27937	0.01106	0.03671	0.00747	0.00851	0.00556	0.01406	0.00374	0.00120	0.01555	0.00307	0.00263	0.00538
1	0.42091	0.00795	0.03543	0.13056	0.08242	0.00826	0.07340	0.04397	0.00812	0.12999	0.00765	0.02315	0.00574	0.00387	0.00319	0.00120	0.00381	0.00302	0.00256	0.00481
2	0.00830	0.00830	0.01162	0.00996	0.00996	0.01162	0.00830	0.00913	0.00581	0.00913	0.00498	0.00830	0.00498	0.00664	0.01245	0.00166	0.85977	0.00332	0.00166	0.00415
3	0.01687	0.00669	0.00895	0.00686	0.00980	0.00593	0.00567	0.06503	0.01125	0.79858	0.01463	0.01269	0.00922	0.00469	0.00381	0.00117	0.00328	0.00379	0.00464	0.00645
4	0.00692	0.00556	0.00862	0.03371	0.12687	0.00588	0.06198	0.00833	0.00736	0.05216	0.04347	0.06552	0.09680	0.09944	0.30018	0.00320	0.06264	0.00495	0.00245	0.00397
5	0.03574	0.07874	0.12113	0.14529	0.21667	0.06980	0.09827	0.05859	0.02433	0.06525	0.00789	0.03228	0.00629	0.00395	0.00384	0.00117	0.01986	0.00345	0.00218	0.00526
6	0.00830	0.00830	0.01162	0.00996	0.00996	0.01162	0.00830	0.00913	0.00581	0.00913	0.00498	0.00830	0.00498	0.00664	0.01245	0.00166	0.85977	0.00332	0.00166	0.00415
7	0.00568	0.00374	0.00497	0.00497	0.00521	0.00398	0.00334	0.00585	0.00561	0.00772	0.01033	0.01889	0.01095	0.41524	0.31006	0.16835	0.00588	0.00460	0.00208	0.00256
8	0.00782	0.02570	0.31867	0.12180	0.18682	0.00814	0.07119	0.03047	0.02393	0.01220	0.07689	0.03941	0.05144	0.00451	0.00387	0.00121	0.00465	0.00400	0.00216	0.00512
9	0.02106	0.14978	0.46800	0.02000	0.01353	0.02641	0.01045	0.04235	0.06426	0.09455	0.00866	0.03002	0.00668	0.00417	0.00352	0.00116	0.00475	0.02296	0.00225	0.00546
10	0.01016	0.00851	0.00898	0.00786	0.01014	0.00977	0.00618	0.13790	0.71728	0.01703	0.01452	0.01342	0.01083	0.00506	0.00385	0.00126	0.00317	0.00416	0.00385	0.00607
11	0.12298	0.02779	0.03231	0.00961	0.02554	0.07451	0.16628	0.21099	0.04159	0.16310	0.00917	0.02655	0.00681	0.00437	0.00428	0.00121	0.06093	0.00357	0.00299	0.00544
12	0.00830	0.00830	0.01162	0.00996	0.00996	0.01162	0.00830	0.00913	0.00581	0.00913	0.00498	0.00830	0.00498	0.00664	0.01245	0.00166	0.85977	0.00332	0.00166	0.00415
13	0.00848	0.00628	0.00619	0.00578	0.00721	0.05896	0.00440	0.03710	0.28996	0.03421	0.03788	0.09729	0.01221	0.00547	0.00344	0.00111	0.00265	0.00453	0.37231	0.00454
14	0.00543	0.00389	0.00528	0.00531	0.00571	0.00428	0.00375	0.00624	0.00590	0.00826	0.01117	0.04344	0.01162	0.35533	0.50203	0.00502	0.00740	0.00483	0.00218	0.00295
15	0.01634	0.00719	0.00921	0.00710	0.01003	0.00671	0.00585	0.15068	0.03952	0.68427	0.01402	0.01233	0.00898	0.00469	0.00381	0.00117	0.00337	0.00376	0.00452	0.00644
16	0.00559	0.00400	0.00552	0.00639	0.00704	0.00392	0.00521	0.00696	0.00822	0.01077	0.02037	0.32841	0.02296	0.01097	0.00510	0.00167	0.00304	0.53702	0.00350	0.00335
17	0.00893	0.12074	0.33988	0.01277	0.05628	0.02202	0.33497	0.01221	0.00850	0.03759	0.00721	0.00885	0.00539	0.00343	0.00381	0.00118	0.00562	0.00342	0.00184	0.00535
18	0.00491	0.00367	0.00454	0.00507	0.00569	0.00339	0.00360	0.02136	0.00809	0.01050	0.06948	0.54529	0.22699	0.01086	0.00474	0.00146	0.00223	0.06134	0.00356	0.00323
19	0.30142	0.03226	0.27449	0.05464	0.04324	0.02587	0.00843	0.03850	0.11124	0.06483	0.00790	0.00859	0.00581	0.00386	0.00322	0.00119	0.00413	0.00285	0.00241	0.00513
20	0.06197	0.03808	0.00963	0.00822	0.01042	0.26496	0.00640	0.07992	0.44995	0.01434	0.01115	0.01084	0.00852	0.00457	0.00359	0.00116	0.00428	0.00346	0.00312	0.00541
21	0.02689	0.02883	0.06384	0.01223	0.01503	0.22212	0.35591	0.07172	0.02402	0.01194	0.00694	0.00881	0.00548	0.00402	0.00513	0.00123	0.12538	0.00353	0.00204	0.00492
22	0.00770	0.00718	0.01148	0.68223	0.03714	0.00905	0.01008	0.04763	0.00782	0.01031	0.00660	0.00979	0.00513	0.00423	0.00503	0.00131	0.12780	0.00337	0.00178	0.00434
23	0.00534	0.00388	0.00502	0.00474	0.00565	0.00356	0.00355	0.00709	0.01066	0.01503	0.81171	0.02863	0.06525	0.00782	0.00447	0.00120	0.00179	0.00690	0.00415	0.00356
24	0.00659	0.00329	0.00494	0.00494	0.00494	0.00329	0.00329	0.00494	0.00494	0.00659	0.00659	0.01153	0.00659	0.01318	0.01482	0.88966	0.00329	0.00329	0.00165	0.00165
25	0.01014	0.86900	0.01987	0.00649	0.00973	0.01501	0.00649	0.01136	0.00771	0.00892	0.00527	0.00608	0.00487	0.00324	0.00243	0.00081	0.00406	0.00203	0.00162	0.00487
26	0.00542	0.00406	0.00610	0.00610	0.00677	0.00474	0.00474	0.00677	0.00610	0.00880	0.01016	0.01490	0.00948	0.02844	0.85169	0.00610	0.01016	0.00406	0.00203	0.00339
27	0.01414	0.00612	0.00835	0.00714	0.04570	0.00547	0.00547	0.01602	0.04066	0.61831	0.15688	0.03332	0.01419	0.00533	0.00395	0.00119	0.00301	0.00448	0.00443	0.00585
28	0.86827	0.03195	0.00598	0.00503	0.00740	0.00869	0.00418	0.01115	0.00649	0.01678	0.00528	0.00616	0.00413	0.00351	0.00235	0.00116	0.00297	0.00205	0.00233	0.00413
29	0.01007	0.84407	0.04415	0.00662	0.00993	0.01482	0.00671	0.01138	0.00771	0.00901	0.00532	0.00614	0.00487	0.00326	0.00247	0.00082	0.00410	0.00205	0.00162	0.00489
30	0.10274	0.01381	0.00998	0.00937	0.04154	0.54223	0.03682	0.01302	0.00967	0.01063	0.03193	0.01141	0.03356	0.00542	0.03018	0.00126	0.02861	0.06133	0.00221	0.00429
31	0.00562	0.00387	0.00556	0.00556	0.00600	0.00432	0.00407	0.00625	0.00581	0.00819	0.00992	0.01617	0.00980	0.17829	0.56786	0.14569	0.00789	0.00421	0.00202	0.00291
32	0.00537	0.00388	0.00507	0.00477	0.00567	0.00358	0.00358	0.00716	0.01074	0.01521	0.84106	0.02833	0.03578	0.00775	0.00447	0.00119	0.00179	0.00686	0.00417	0.00358
33	0.00835	0.03121	0.01184	0.00986	0.00995	0.01171	0.00825	0.00919	0.00586	0.00912	0.00499	0.00824	0.00498	0.00655	0.01218	0.00164	0.83699	0.00328	0.00166	0.00417
34	0.00716	0.00674	0.01138	0.85760	0.02612	0.00843	0.01053	0.00969	0.00758	0.00969	0.00674	0.01011	0.00506	0.00379	0.00379	0.00126	0.00506	0.00337	0.00169	0.00421
35	0.00466	0.00334	0.00444	0.00530	0.00556	0.00312	0.00359	0.00536	0.00733	0.00974	0.02120	0.82492	0.03992	0.01180	0.00485	0.00154	0.00223	0.03448	0.00352	0.00309
36	0.00493	0.00376	0.00446	0.00448	0.00537	0.00336	0.00325	0.00614	0.00916	0.01212	0.37331	0.16324	0.33428	0.04865	0.00522	0.00139	0.00199	0.00784	0.00374	0.00330
37	0.00972	0.00935	0.05347	0.12479	0.01825	0.00862	0.51207	0.01283	0.03964	0.13263	0.00924	0.03572	0.00693	0.00384	0.00424	0.00127	0.00548	0.00434	0.00239	0.00518
38	0.01343	0.10618	0.03633	0.00910	0.01154	0.51702	0.00732	0.17890	0.04900	0.02653	0.00706	0.00768	0.00557	0.00403	0.00342	0.00102	0.00574	0.00271	0.00241	0.00500
39	0.03043	0.01091	0.15729	0.03277	0.57842	0.02377	0.04141	0.03897	0.00882	0.01269	0.00736	0.00976	0.00606	0.00362	0.00375	0.00116	0.00474	0.02036	0.00194	0.00577

[dist]
# distance from previous block
# <min> <max>
9	85

[block]
# block no. 13 follows, 72 sequences, length 34
# corresponding to MSA columns:
# 1075-1108
name=unknown_N
#
# <colnr> <probs for GDERKNQSTAVLIFYWHMCP>
#	G	D	E	R	K	N	Q	S	T	A	V	L	I	F	Y	W	H	M	C	P
0	0.04686	0.11147	0.07413	0.00694	0.03149	0.03266	0.00587	0.06981	0.05573	0.12719	0.14338	0.04744	0.01265	0.00707	0.07586	0.00152	0.01592	0.00409	0.09329	0.03665
1	0.05906	0.05926	0.04670	0.01889	0.04630	0.11460	0.13230	0.13235	0.05492	0.04290	0.02733	0.01049	0.00725	0.00503	0.03277	0.00128	0.05675	0.02806	0.00252	0.12123
