[name]
unknown

[dist]
# distance from previous block
# <min> <max>
3	71

[block]
# block no. 0 follows, 73 sequences, length 28
# corresponding to MSA columns:
# 86-113
name=unknown_A
#
# <colnr> <probs for GDERKNQSTAVLIFYWHMCP>
#	G	D	E	R	K	N	Q	S	T	A	V	L	I	F	Y	W	H	M	C	P
0	0.01074	0.00611	0.00805	0.00665	0.00877	0.00581	0.04498	0.05680	0.12278	0.31581	0.19249	0.07289	0.04123	0.02116	0.00429	0.00123	0.00295	0.02253	0.00394	0.05080
1	0.00862	0.00708	0.00850	0.00698	0.06138	0.00588	0.00516	0.08661	0.02057	0.03306	0.00765	0.03413	0.00641	0.00332	0.00303	0.00070	0.00300	0.00272	0.00246	0.69275
2	0.00573	0.00410	0.00446	0.00445	0.00468	0.02927	0.00269	0.00590	0.00609	0.00808	0.04587	0.10418	0.02564	0.65042	0.01570	0.03576	0.00344	0.00577	0.01293	0.02484
3	0.02053	0.00925	0.05443	0.04549	0.09222	0.02476	0.12652	0.26199	0.04920	0.12342	0.02934	0.02580	0.03600	0.00473	0.00441	0.00121	0.05658	0.01767	0.01095	0.00549
4	0.01364	0.01020	0.01091	0.00851	0.01140	0.01134	0.00698	0.72968	0.12121	0.02264	0.00980	0.00964	0.00702	0.00458	0.00376	0.00114	0.00398	0.00349	0.00376	0.00632
5	0.02245	0.08876	0.07103	0.00658	0.00843	0.03131	0.04405	0.07094	0.04080	0.14816	0.02607	0.05765	0.01059	0.27502	0.03005	0.00204	0.01341	0.00440	0.04400	0.00426
6	0.00511	0.00396	0.00473	0.00479	0.00575	0.00360	0.00351	0.00667	0.04286	0.01179	0.27272	0.26816	0.27878	0.00916	0.00446	0.00130	0.00206	0.02735	0.00364	0.03962
7	0.00948	0.45018	0.22874	0.00838	0.01178	0.03124	0.03718	0.03534	0.02403	0.02643	0.00615	0.00728	0.00510	0.00379	0.00400	0.00104	0.10051	0.00255	0.00178	0.00502
8	0.03159	0.00656	0.00746	0.00634	0.00839	0.02597	0.00495	0.08908	0.13653	0.12599	0.08339	0.16911	0.01333	0.00588	0.00394	0.00111	0.02449	0.01464	0.02304	0.21824
9	0.19643	0.05001	0.00935	0.00707	0.00973	0.00888	0.03156	0.21709	0.16456	0.06944	0.00938	0.03300	0.00727	0.00425	0.00342	0.00107	0.01693	0.00325	0.00306	0.15423
10	0.00546	0.00364	0.00409	0.00409	0.00409	0.00364	0.00227	0.00546	0.00546	0.00727	0.01182	0.02455	0.01364	0.86815	0.01910	0.00364	0.00364	0.00546	0.00227	0.00227
11	0.00609	0.00348	0.00496	0.00496	0.00509	0.00361	0.00335	0.00535	0.00522	0.00709	0.00822	0.01457	0.00844	0.17909	0.17991	0.54817	0.00466	0.00383	0.00183	0.00209
12	0.01024	0.03266	0.01245	0.04026	0.01209	0.04898	0.14233	0.11255	0.08469	0.10514	0.00859	0.01013	0.01507	0.00593	0.04087	0.00152	0.29216	0.00361	0.00253	0.01820
13	0.01041	0.02824	0.29719	0.01335	0.24719	0.02273	0.05963	0.07196	0.02112	0.16424	0.02257	0.00976	0.00669	0.00383	0.00370	0.00115	0.00465	0.00332	0.00247	0.00578
14	0.00469	0.00335	0.00439	0.00509	0.00536	0.00316	0.00340	0.00537	0.00722	0.00965	0.05961	0.71787	0.04476	0.07981	0.02579	0.00177	0.00245	0.00984	0.00338	0.00302
15	0.03704	0.00834	0.00893	0.00729	0.00966	0.04887	0.00582	0.30605	0.16934	0.20874	0.06534	0.01292	0.01026	0.05743	0.00466	0.00131	0.00355	0.00390	0.02491	0.00563
16	0.02074	0.08908	0.15680	0.15863	0.05618	0.04575	0.19265	0.13750	0.00975	0.04781	0.00775	0.00992	0.00597	0.00390	0.00389	0.00118	0.01914	0.02597	0.00222	0.00516
17	0.00659	0.00568	0.00803	0.11301	0.12532	0.02629	0.02579	0.04790	0.00818	0.01085	0.02944	0.37901	0.07892	0.00880	0.02946	0.00152	0.04019	0.04821	0.00286	0.00392
18	0.00929	0.00891	0.01523	0.02303	0.84475	0.00891	0.01151	0.01151	0.00854	0.01226	0.00706	0.00929	0.00594	0.00334	0.00371	0.00111	0.00446	0.00334	0.00186	0.00594
19	0.00457	0.00346	0.00422	0.00477	0.00534	0.00311	0.00329	0.00537	0.00778	0.01004	0.06994	0.56976	0.27309	0.01085	0.00466	0.00143	0.00207	0.00963	0.00352	0.00311
20	0.01080	0.41664	0.12774	0.00826	0.01115	0.27464	0.00779	0.01251	0.02444	0.00949	0.00578	0.00681	0.00495	0.00372	0.00355	0.00097	0.06192	0.00236	0.00175	0.00474
21	0.00721	0.06985	0.15320	0.01884	0.13591	0.00778	0.03692	0.00921	0.00825	0.01159	0.19894	0.02827	0.10988	0.00617	0.01832	0.00132	0.16682	0.00460	0.00248	0.00445
22	0.00694	0.27941	0.01034	0.00608	0.00743	0.00766	0.02882	0.00780	0.00685	0.00892	0.03159	0.20104	0.01192	0.08437	0.19164	0.06978	0.02860	0.00498	0.00224	0.00360
23	0.03347	0.00826	0.01404	0.23941	0.54144	0.00866	0.04986	0.01125	0.00830	0.03919	0.00719	0.00954	0.00574	0.00349	0.00372	0.00116	0.00460	0.00337	0.00191	0.00540
24	0.00457	0.00326	0.00435	0.00522	0.00544	0.00305	0.00348	0.00522	0.00718	0.00958	0.02068	0.86570	0.02481	0.01175	0.00479	0.00152	0.00218	0.01067	0.00348	0.00305
25	0.02119	0.57421	0.04723	0.00752	0.03032	0.08082	0.01852	0.11513	0.00925	0.01135	0.02714	0.00742	0.00594	0.00359	0.00281	0.00090	0.00422	0.00247	0.02502	0.00496
26	0.00964	0.29276	0.37351	0.00858	0.01265	0.01092	0.00959	0.14141	0.03248	0.03722	0.01902	0.00856	0.02057	0.00383	0.00326	0.00106	0.00457	0.00283	0.00215	0.00541
27	0.04097	0.06911	0.05270	0.02038	0.07861	0.02453	0.06051	0.35689	0.14105	0.08871	0.00958	0.00980	0.00701	0.00427	0.00379	0.00115	0.01846	0.00342	0.00318	0.00587

[dist]
# distance from previous block
# <min> <max>
0	1

[block]
# block no. 1 follows, 73 sequences, length 10
# corresponding to MSA columns:
# 115-124
name=unknown_B
#
# <colnr> <probs for GDERKNQSTAVLIFYWHMCP>
#	G	D	E	R	K	N	Q	S	T	A	V	L	I	F	Y	W	H	M	C	P
0	0.04615	0.00815	0.10731	0.02141	0.06345	0.00646	0.02275	0.04263	0.04442	0.14400	0.03111	0.01108	0.02915	0.01613	0.03912	0.00121	0.02400	0.00326	0.04647	0.29176
1	0.00703	0.00644	0.01052	0.18374	0.26214	0.00667	0.06558	0.00898	0.00862	0.01176	0.18881	0.07820	0.11128	0.00574	0.00432	0.00123	0.02668	0.00521	0.00261	0.00443
2	0.00943	0.06830	0.10084	0.00895	0.08735	0.07324	0.05324	0.05349	0.06467	0.05858	0.01828	0.01952	0.00678	0.00362	0.00328	0.00090	0.00387	0.00299	0.03194	0.33071
3	0.00526	0.00379	0.00441	0.00448	0.00544	0.00334	0.00324	0.00628	0.00859	0.05045	0.18350	0.24042	0.41595	0.04132	0.00503	0.00140	0.00207	0.00810	0.00362	0.00333
4	0.00769	0.00633	0.00895	0.00912	0.10895	0.00711	0.04503	0.03195	0.12595	0.03954	0.01222	0.11534	0.05856	0.07214	0.09801	0.07516	0.16632	0.00488	0.00256	0.00418
5	0.48664	0.00737	0.00721	0.00595	0.00846	0.00793	0.00489	0.14161	0.00948	0.23153	0.04964	0.00935	0.00732	0.00415	0.00302	0.00116	0.00311	0.00293	0.00323	0.00500
6	0.00849	0.00771	0.04065	0.03108	0.10884	0.06095	0.07007	0.11231	0.06333	0.02914	0.01036	0.11330	0.00980	0.10324	0.12116	0.05780	0.04033	0.00460	0.00251	0.00434
7	0.00531	0.00408	0.00600	0.00592	0.00663	0.00430	0.03850	0.00648	0.00678	0.00935	0.05180	0.18664	0.07263	0.09399	0.45699	0.00406	0.00666	0.02806	0.00256	0.00327
8	0.04404	0.13983	0.15981	0.00800	0.02909	0.03162	0.02696	0.10212	0.17054	0.05873	0.00980	0.02300	0.00769	0.00670	0.09183	0.00161	0.00456	0.00338	0.07557	0.00512
9	0.00808	0.02758	0.00724	0.01940	0.00798	0.16790	0.00492	0.02074	0.04046	0.04215	0.06596	0.24601	0.06203	0.04156	0.04166	0.00149	0.05671	0.00567	0.04479	0.08768

[dist]
# distance from previous block
# <min> <max>
14	78

[block]
# block no. 2 follows, 73 sequences, length 11
# corresponding to MSA columns:
# 214-221,223-225
name=unknown_C
#
# <colnr> <probs for GDERKNQSTAVLIFYWHMCP>
#	G	D	E	R	K	N	Q	S	T	A	V	L	I	F	Y	W	H	M	C	P
0	0.03529	0.00950	0.04701	0.02698	0.16418	0.07640	0.21478	0.07603	0.07059	0.04508	0.03007	0.05603	0.02608	0.00457	0.00435	0.00120	0.04884	0.01735	0.00248	0.04319
1	0.04925	0.04654	0.05192	0.07605	0.11860	0.05273	0.07839	0.04463	0.03062	0.23688	0.02810	0.06664	0.00873	0.03142	0.00429	0.00122	0.01620	0.00394	0.00290	0.05094
2	0.03880	0.00464	0.00508	0.00533	0.00599	0.04769	0.00381	0.00673	0.00746	0.03139	0.03283	0.36000	0.14844	0.16315	0.02422	0.00191	0.02458	0.08166	0.00311	0.00320
3	0.03845	0.00383	0.00476	0.02925	0.00614	0.00366	0.00363	0.00637	0.00736	0.05292	0.02066	0.50907	0.13764	0.12493	0.00649	0.00174	0.00253	0.03407	0.00329	0.00322
4	0.00982	0.12288	0.18799	0.04990	0.12010	0.16323	0.07396	0.05577	0.00895	0.03724	0.00781	0.06805	0.00673	0.00436	0.00405	0.00114	0.05285	0.00349	0.01672	0.00497
5	0.00957	0.08724	0.11498	0.07701	0.09813	0.03566	0.15333	0.12353	0.14480	0.03579	0.03515	0.03392	0.02533	0.00434	0.00379	0.00117	0.00448	0.00387	0.00259	0.00531
6	0.01015	0.00864	0.11361	0.06440	0.04838	0.00764	0.04796	0.14438	0.12805	0.15647	0.02184	0.03649	0.04201	0.02908	0.01754	0.03409	0.01808	0.04000	0.02603	0.00516
7	0.36520	0.05123	0.00763	0.00587	0.00827	0.00728	0.00485	0.05083	0.03142	0.30320	0.08884	0.02787	0.00987	0.00463	0.00323	0.00116	0.00301	0.01722	0.00341	0.00498
8	0.00923	0.14099	0.12733	0.08914	0.16791	0.06336	0.13689	0.05476	0.04419	0.03589	0.00901	0.07185	0.02448	0.00431	0.00369	0.00115	0.00469	0.00385	0.00219	0.00508
9	0.03611	0.05606	0.18273	0.01209	0.11747	0.05434	0.23331	0.02359	0.05761	0.01216	0.03287	0.04506	0.00874	0.00460	0.00406	0.00123	0.01839	0.07367	0.02096	0.00495
10	0.00471	0.00372	0.00419	0.00437	0.00534	0.00329	0.00323	0.00574	0.00838	0.01058	0.10676	0.19948	0.52166	0.01029	0.03198	0.00147	0.00227	0.04343	0.02591	0.00320

[dist]
# distance from previous block
# <min> <max>
4	13

[block]
# block no. 3 follows, 73 sequences, length 38
# corresponding to MSA columns:
# 240-277
name=unknown_D
#
# <colnr> <probs for GDERKNQSTAVLIFYWHMCP>
#	G	D	E	R	K	N	Q	S	T	A	V	L	I	F	Y	W	H	M	C	P
0	0.04366	0.03591	0.03086	0.01933	0.04135	0.15912	0.00687	0.34192	0.08189	0.01626	0.05531	0.01065	0.00819	0.00513	0.00468	0.04881	0.04922	0.02004	0.00294	0.01784
1	0.00693	0.03259	0.08845	0.04085	0.05985	0.03570	0.01942	0.02424	0.03794	0.03870	0.02672	0.42553	0.03245	0.01772	0.00489	0.00137	0.05778	0.00698	0.02469	0.01719
2	0.00554	0.00368	0.00464	0.00514	0.00565	0.00348	0.00355	0.03024	0.00773	0.04017	0.03336	0.63816	0.06537	0.05094	0.00522	0.00153	0.00231	0.02124	0.06878	0.00328
3	0.01096	0.00962	0.00840	0.00729	0.00918	0.22547	0.00564	0.20934	0.08711	0.07391	0.11781	0.05867	0.04030	0.04583	0.00450	0.00124	0.00399	0.01642	0.04804	0.01630
4	0.05609	0.00888	0.03575	0.17018	0.20962	0.04492	0.02564	0.21142	0.04917	0.05054	0.03020	0.03408	0.00762	0.03198	0.00419	0.00124	0.00426	0.00365	0.00264	0.01793
5	0.00546	0.00364	0.00409	0.00409	0.00416	0.00362	0.00233	0.00556	0.00571	0.00768	0.03297	0.02473	0.03629	0.80667	0.01801	0.00346	0.00351	0.00552	0.02015	0.00235
6	0.00646	0.00504	0.00615	0.01893	0.00699	0.00549	0.00444	0.06155	0.09603	0.01866	0.04395	0.23395	0.14881	0.11884	0.10354	0.00219	0.08462	0.01265	0.01802	0.00370
7	0.03773	0.00391	0.00459	0.00470	0.00567	0.00353	0.00342	0.00668	0.00848	0.06668	0.16667	0.32961	0.32570	0.00945	0.00444	0.00133	0.00210	0.00822	0.00363	0.00343
8	0.00476	0.00361	0.00436	0.00480	0.00541	0.00334	0.00333	0.00579	0.02871	0.01005	0.06906	0.48843	0.26672	0.05463	0.02735	0.00165	0.00237	0.00904	0.00343	0.00315
9	0.01220	0.00853	0.00937	0.00761	0.01012	0.00929	0.00615	0.39998	0.25699	0.12551	0.06355	0.01274	0.02452	0.00497	0.00379	0.00117	0.00341	0.00397	0.03019	0.00594
10	0.00543	0.00376	0.00470	0.00470	0.00491	0.00397	0.00303	0.00585	0.00564	0.00773	0.01126	0.02146	0.01230	0.60378	0.28163	0.00439	0.00566	0.00500	0.00219	0.00261
11	0.03154	0.00692	0.00876	0.00676	0.00957	0.00642	0.00556	0.14972	0.01158	0.61061	0.04328	0.01240	0.00951	0.00462	0.00369	0.00112	0.00323	0.00371	0.02608	0.04491
12	0.00997	0.76855	0.01820	0.00647	0.00941	0.05585	0.00625	0.01102	0.00767	0.00881	0.01776	0.00667	0.00536	0.00384	0.00314	0.04852	0.00408	0.00216	0.00166	0.00460
13	0.00465	0.00338	0.00436	0.00510	0.00545	0.00313	0.00348	0.00535	0.00734	0.00963	0.02224	0.71437	0.11315	0.03896	0.00523	0.00157	0.00225	0.04386	0.00344	0.00305
14	0.00954	0.00939	0.01498	0.02231	0.80009	0.05416	0.01129	0.01170	0.00865	0.01209	0.00699	0.00915	0.00588	0.00337	0.00370	0.00111	0.00458	0.00329	0.00186	0.00586
15	0.00990	0.00874	0.01419	0.04437	0.70083	0.01879	0.01065	0.04176	0.02117	0.06584	0.00781	0.00964	0.00628	0.00353	0.00370	0.00112	0.00434	0.00338	0.01808	0.00587
16	0.00557	0.00426	0.00615	0.00604	0.00657	0.00503	0.00461	0.00669	0.00593	0.00854	0.00993	0.01561	0.00964	0.14099	0.68021	0.00539	0.06939	0.00416	0.00202	0.00326
17	0.00851	0.00813	0.01240	0.12616	0.40152	0.03025	0.02982	0.02555	0.05628	0.01155	0.03688	0.01195	0.05205	0.02784	0.01247	0.00134	0.13634	0.00381	0.00213	0.00502
18	0.00538	0.00375	0.00460	0.00460	0.00485	0.00390	0.00296	0.00579	0.00578	0.00782	0.01274	0.02251	0.05695	0.59437	0.24449	0.00416	0.00528	0.00520	0.00227	0.00261
19	0.00665	0.00520	0.00690	0.02800	0.00769	0.00613	0.00511	0.04460	0.09507	0.01041	0.01125	0.01479	0.04747	0.05679	0.44547	0.03611	0.10733	0.00410	0.05715	0.00376
20	0.00568	0.00445	0.00651	0.00635	0.00697	0.00535	0.00496	0.00709	0.01967	0.00882	0.00972	0.01439	0.00912	0.04758	0.74213	0.00550	0.08626	0.00399	0.00201	0.00343
21	0.00660	0.00355	0.00534	0.00551	0.02653	0.00365	0.00362	0.00519	0.00505	0.00680	0.00676	0.02779	0.00681	0.01256	0.01412	0.82385	0.02935	0.00340	0.00167	0.00184
22	0.00634	0.00473	0.00524	0.00498	0.00546	0.02614	0.00334	0.02112	0.07365	0.01010	0.14699	0.03647	0.01613	0.50659	0.01317	0.00262	0.04919	0.00531	0.05936	0.00308
23	0.05775	0.00557	0.00686	0.00562	0.00774	0.00519	0.00451	0.04781	0.00970	0.47683	0.01347	0.04460	0.00969	0.02685	0.00379	0.00115	0.00277	0.00389	0.26100	0.00520
24	0.00593	0.00426	0.00510	0.00491	0.00536	0.00453	0.00335	0.02397	0.03621	0.00943	0.07430	0.02230	0.06959	0.47494	0.12664	0.00318	0.05007	0.01684	0.05610	0.00298
25	0.00767	0.00655	0.00766	0.00555	0.00877	0.00493	0.00441	0.00930	0.00776	0.01213	0.00716	0.03782	0.00623	0.00309	0.00285	0.00059	0.00276	0.00252	0.00227	0.85999
26	0.01395	0.00659	0.00819	0.00659	0.00907	0.00636	0.00534	0.10166	0.12061	0.52037	0.01397	0.02901	0.00961	0.00528	0.02119	0.00125	0.00321	0.00390	0.10798	0.00586
27	0.00565	0.00405	0.00497	0.00496	0.00580	0.00360	0.00339	0.00640	0.00718	0.03214	0.04694	0.43171	0.06452	0.20531	0.00766	0.00181	0.00261	0.00759	0.00305	0.15065
28	0.05570	0.00693	0.02349	0.03631	0.07299	0.00736	0.11657	0.07101	0.03187	0.04374	0.05626	0.09232	0.04234	0.02805	0.00561	0.00133	0.14597	0.02640	0.13137	0.00438
29	0.02442	0.03620	0.04732	0.02272	0.03322	0.04297	0.03395	0.28418	0.04344	0.04539	0.01031	0.11989	0.00932	0.06200	0.06879	0.00169	0.04359	0.00436	0.00292	0.06333
30	0.00893	0.08830	0.07450	0.01839	0.08541	0.07299	0.00639	0.06049	0.04942	0.05294	0.04991	0.11618	0.02203	0.00478	0.00346	0.00098	0.00357	0.00397	0.00261	0.27475
31	0.02168	0.10223	0.09122	0.00787	0.04679	0.07534	0.02732	0.09109	0.06532	0.01259	0.03484	0.00984	0.02119	0.00547	0.04933	0.04315	0.00417	0.00301	0.00235	0.28517
32	0.05223	0.00888	0.06477	0.00825	0.03250	0.09499	0.06719	0.14027	0.06465	0.08877	0.07899	0.13368	0.01167	0.02086	0.03163	0.00138	0.02994	0.00464	0.00300	0.06171
33	0.00752	0.01851	0.02179	0.00712	0.03716	0.00582	0.07124	0.08523	0.08470	0.02547	0.09084	0.04084	0.14026	0.03245	0.02446	0.23513	0.01494	0.02733	0.00277	0.02643
34	0.00760	0.00769	0.07335	0.05474	0.07734	0.07264	0.01786	0.02011	0.10430	0.03214	0.09901	0.08453	0.13281	0.00798	0.07622	0.00160	0.03257	0.01591	0.03128	0.05032
35	0.02944	0.03148	0.03537	0.04212	0.09940	0.01669	0.10205	0.07117	0.06678	0.01256	0.07906	0.16356	0.05054	0.03795	0.02804	0.00143	0.00376	0.03756	0.01995	0.07111
36	0.04508	0.04802	0.10274	0.00845	0.10180	0.04985	0.01845	0.05541	0.02738	0.09248	0.15508	0.13600	0.11655	0.00635	0.00409	0.00121	0.01810	0.00537	0.00306	0.00455
37	0.15438	0.06363	0.15239	0.04837	0.02822	0.02534	0.07760	0.07146	0.03743	0.11836	0.03833	0.08836	0.03123	0.00512	0.01334	0.00123	0.00400	0.01065	0.00272	0.02782

[dist]
# distance from previous block
# <min> <max>
42	105

[block]
# block no. 4 follows, 73 sequences, length 7
# corresponding to MSA columns:
# 423-429
name=unknown_E
#
# <colnr> <probs for GDERKNQSTAVLIFYWHMCP>
#	G	D	E	R	K	N	Q	S	T	A	V	L	I	F	Y	W	H	M	C	P
0	0.17854	0.00510	0.00560	0.00510	0.00660	0.00515	0.00396	0.05402	0.00903	0.12563	0.20478	0.10700	0.09845	0.00752	0.04787	0.00143	0.00279	0.00522	0.12215	0.00407
1	0.00617	0.00387	0.00461	0.00451	0.00509	0.00371	0.00303	0.00686	0.00720	0.06932	0.11645	0.08546	0.11393	0.43166	0.04432	0.00260	0.00320	0.02729	0.05770	0.00303
2	0.00829	0.00757	0.10629	0.21201	0.05026	0.00676	0.02383	0.05576	0.03054	0.11348	0.08862	0.01556	0.09185	0.00788	0.10441	0.00179	0.02214	0.01879	0.02960	0.00458
3	0.01003	0.87041	0.01966	0.00642	0.00963	0.01485	0.00642	0.01123	0.00762	0.00883	0.00522	0.00602	0.00481	0.00321	0.00241	0.00080	0.00401	0.00201	0.00160	0.00481
4	0.00844	0.00684	0.00792	0.04427	0.00956	0.00633	0.00515	0.10287	0.12788	0.01369	0.00958	0.01233	0.00813	0.04231	0.00396	0.00099	0.00309	0.05853	0.04883	0.47933
5	0.07182	0.00787	0.00836	0.00672	0.00899	0.00854	0.00546	0.47665	0.01363	0.05316	0.06938	0.01158	0.00923	0.00463	0.00342	0.00107	0.00324	0.00358	0.22739	0.00529
6	0.05694	0.07787	0.02948	0.06292	0.01140	0.20273	0.06528	0.05658	0.20318	0.03725	0.08071	0.04445	0.02492	0.00477	0.00363	0.00113	0.00426	0.00387	0.00280	0.02585

[dist]
# distance from previous block
# <min> <max>
1	4

[block]
# block no. 5 follows, 73 sequences, length 19
# corresponding to MSA columns:
# 434-452
name=unknown_F
#
# <colnr> <probs for GDERKNQSTAVLIFYWHMCP>
#	G	D	E	R	K	N	Q	S	T	A	V	L	I	F	Y	W	H	M	C	P
0	0.11672	0.07327	0.13816	0.04615	0.03212	0.07591	0.11699	0.14233	0.04683	0.03134	0.00809	0.01000	0.00640	0.00513	0.03959	0.00137	0.03739	0.02718	0.04006	0.00498
1	0.01820	0.00913	0.01931	0.00835	0.05624	0.18969	0.00623	0.06053	0.14104	0.06443	0.07777	0.01421	0.05732	0.01999	0.08487	0.00168	0.09470	0.02402	0.02982	0.02248
2	0.00871	0.00664	0.00788	0.00567	0.00896	0.00505	0.00456	0.01036	0.00808	0.09839	0.00751	0.00829	0.00594	0.00297	0.00288	0.00062	0.00282	0.00238	0.00247	0.79980
3	0.46584	0.00827	0.00785	0.00648	0.00905	0.00925	0.00531	0.27031	0.08017	0.09263	0.00811	0.00827	0.00588	0.00404	0.00303	0.00116	0.00332	0.00279	0.00310	0.00515
4	0.00948	0.00509	0.00678	0.03689	0.00759	0.00519	0.00454	0.11318	0.04435	0.16180	0.03076	0.01185	0.00792	0.00960	0.01016	0.52191	0.00337	0.00351	0.00261	0.00343
5	0.02113	0.00570	0.00785	0.00652	0.00851	0.00498	0.09351	0.03539	0.00816	0.01162	0.04973	0.20399	0.07664	0.06523	0.00492	0.00126	0.00308	0.06890	0.00280	0.32010
6	0.00643	0.00415	0.00533	0.00561	0.00638	0.00401	0.00402	0.00829	0.08846	0.09757	0.10993	0.57622	0.02297	0.00988	0.00456	0.00143	0.00236	0.03497	0.00371	0.00374
7	0.00792	0.00761	0.01317	0.53263	0.30106	0.00859	0.05474	0.01036	0.00792	0.01061	0.00685	0.00977	0.00536	0.00358	0.00377	0.00121	0.00489	0.00340	0.00174	0.00481
8	0.01317	0.01600	0.01073	0.00950	0.01156	0.68624	0.03971	0.06336	0.06055	0.01058	0.00787	0.00860	0.03762	0.00417	0.00351	0.00102	0.00618	0.00287	0.00221	0.00455
9	0.00505	0.00357	0.00446	0.00475	0.00506	0.00351	0.00312	0.00563	0.00673	0.00904	0.07883	0.32936	0.07242	0.34175	0.10715	0.00281	0.00359	0.00744	0.00290	0.00283
10	0.00529	0.00351	0.00458	0.00513	0.00557	0.00324	0.00349	0.00604	0.00758	0.05257	0.07581	0.67629	0.06839	0.05686	0.00546	0.00158	0.00226	0.00963	0.00352	0.00322
11	0.04096	0.00624	0.00747	0.00638	0.00835	0.00636	0.00507	0.11249	0.15427	0.26638	0.13383	0.04572	0.04562	0.00771	0.07654	0.01076	0.00350	0.01717	0.04007	0.00511
12	0.00660	0.00436	0.00589	0.00640	0.05974	0.00421	0.00437	0.00772	0.00810	0.10185	0.13075	0.28019	0.12837	0.07304	0.09883	0.00203	0.01907	0.04014	0.01464	0.00370
13	0.00589	0.00389	0.00495	0.00507	0.00582	0.00370	0.00363	0.00695	0.02945	0.06833	0.12221	0.32382	0.17097	0.07072	0.08885	0.05804	0.00312	0.01797	0.00331	0.00333
14	0.01048	0.00674	0.00981	0.13340	0.10088	0.00694	0.04744	0.12448	0.01001	0.23082	0.06707	0.06629	0.01112	0.02465	0.05840	0.00159	0.01711	0.04799	0.01976	0.00503
15	0.00858	0.00831	0.05761	0.06361	0.03154	0.06815	0.11601	0.04608	0.01913	0.06472	0.00950	0.03285	0.04132	0.02653	0.16304	0.03008	0.19390	0.00395	0.01075	0.00433
16	0.00807	0.14764	0.01239	0.16656	0.11783	0.03430	0.07961	0.01020	0.05344	0.01038	0.02139	0.06867	0.03524	0.04711	0.02787	0.00145	0.11689	0.00405	0.03250	0.00442
17	0.06902	0.00606	0.00748	0.06101	0.00854	0.05221	0.04909	0.05165	0.00736	0.01096	0.02568	0.01326	0.00837	0.09121	0.07124	0.16948	0.10509	0.02491	0.16396	0.00345
18	0.12339	0.05372	0.03431	0.03712	0.07558	0.00735	0.01289	0.09039	0.03566	0.04987	0.00902	0.02253	0.04221	0.02714	0.02085	0.00111	0.02271	0.00311	0.00250	0.32856

[dist]
# distance from previous block
# <min> <max>
4	30

[block]
# block no. 6 follows, 73 sequences, length 7
# corresponding to MSA columns:
# 483-489
name=unknown_G
#
# <colnr> <probs for GDERKNQSTAVLIFYWHMCP>
#	G	D	E	R	K	N	Q	S	T	A	V	L	I	F	Y	W	H	M	C	P
0	0.00518	0.00370	0.00448	0.00446	0.00522	0.00341	0.00320	0.00644	0.00896	0.01240	0.42104	0.15082	0.17871	0.10304	0.00596	0.00149	0.00206	0.00717	0.06898	0.00326
1	0.00481	0.00359	0.00421	0.00454	0.00522	0.00326	0.00319	0.00567	0.00785	0.01018	0.09278	0.34542	0.32152	0.10389	0.00614	0.00162	0.00223	0.03786	0.03293	0.00308
2	0.08016	0.00528	0.00613	0.11887	0.00878	0.00566	0.00455	0.08767	0.04059	0.06969	0.01240	0.06873	0.04263	0.12743	0.00553	0.00146	0.00295	0.00430	0.30323	0.00398
3	0.00509	0.00370	0.00477	0.00498	0.00559	0.00367	0.00360	0.00582	0.00702	0.00925	0.05230	0.20399	0.22190	0.10684	0.23829	0.07775	0.00453	0.03508	0.00282	0.00299
4	0.00740	0.00746	0.04806	0.71137	0.07094	0.00846	0.01030	0.01056	0.06884	0.01029	0.00733	0.01016	0.00552	0.00382	0.00375	0.00124	0.00484	0.00338	0.00183	0.00446
5	0.11352	0.32452	0.09234	0.04400	0.01112	0.06753	0.03734	0.13781	0.00927	0.01279	0.00743	0.03211	0.02222	0.00400	0.00327	0.00102	0.02442	0.00290	0.02632	0.02606
6	0.14872	0.08112	0.04746	0.08156	0.05486	0.13910	0.02831	0.08396	0.09159	0.02863	0.05617	0.08121	0.02070	0.00493	0.00352	0.00115	0.00406	0.02126	0.00263	0.01906

[dist]
# distance from previous block
# <min> <max>
3	51

[block]
# block no. 7 follows, 73 sequences, length 11
# corresponding to MSA columns:
# 541-551
name=unknown_H
#
# <colnr> <probs for GDERKNQSTAVLIFYWHMCP>
#	G	D	E	R	K	N	Q	S	T	A	V	L	I	F	Y	W	H	M	C	P
0	0.02921	0.08317	0.16743	0.00797	0.02321	0.07970	0.02928	0.10826	0.07695	0.09606	0.04757	0.06128	0.08077	0.02000	0.00408	0.00119	0.01654	0.01680	0.00284	0.04771
1	0.05973	0.09175	0.18319	0.03112	0.09185	0.03592	0.02751	0.10562	0.07613	0.04602	0.03094	0.02834	0.00753	0.03622	0.00413	0.00117	0.01775	0.00332	0.01589	0.10587
2	0.07523	0.03371	0.03526	0.02441	0.06846	0.06894	0.01574	0.09615	0.02994	0.08156	0.05389	0.10492	0.03162	0.00608	0.00380	0.00121	0.00346	0.13169	0.09620	0.03772
3	0.03386	0.00589	0.00729	0.00599	0.00813	0.00520	0.03442	0.07214	0.02631	0.03974	0.04112	0.16323	0.06722	0.00630	0.00457	0.07980	0.00289	0.01840	0.00279	0.37471
4	0.03831	0.00831	0.02576	0.06229	0.36456	0.05637	0.04619	0.05713	0.00927	0.06582	0.09933	0.03660	0.07214	0.00482	0.00417	0.00118	0.03593	0.00422	0.00255	0.00508
5	0.03472	0.00487	0.00683	0.00594	0.00730	0.00464	0.06005	0.02818	0.00857	0.17329	0.18626	0.09036	0.07786	0.05511	0.06974	0.12219	0.00341	0.00530	0.05153	0.00386
6	0.02755	0.00604	0.00660	0.00594	0.00747	0.02216	0.00458	0.11364	0.21690	0.01536	0.36129	0.06039	0.12320	0.00688	0.00414	0.00122	0.00252	0.00585	0.00381	0.00445
7	0.83450	0.00732	0.00592	0.00527	0.00743	0.00863	0.00434	0.01089	0.00634	0.01630	0.00520	0.00624	0.00412	0.00369	0.00300	0.00119	0.06115	0.00212	0.00228	0.00407
8	0.00643	0.00332	0.00497	0.00497	0.00502	0.00337	0.00337	0.00502	0.00497	0.00668	0.00678	0.01165	0.00673	0.01416	0.07731	0.82474	0.00377	0.00332	0.00166	0.00176
9	0.04238	0.01842	0.78258	0.01031	0.01562	0.00857	0.01315	0.01210	0.00797	0.04524	0.00699	0.00804	0.00491	0.00360	0.00352	0.00119	0.00535	0.00278	0.00173	0.00552
10	0.00843	0.00756	0.01229	0.45742	0.26005	0.00843	0.03216	0.05180	0.03300	0.03422	0.00770	0.02834	0.00611	0.00386	0.00375	0.00119	0.00459	0.00353	0.00203	0.03354

[dist]
# distance from previous block
# <min> <max>
1	8

[block]
# block no. 8 follows, 73 sequences, length 10
# corresponding to MSA columns:
# 560-569
name=unknown_I
#
# <colnr> <probs for GDERKNQSTAVLIFYWHMCP>
#	G	D	E	R	K	N	Q	S	T	A	V	L	I	F	Y	W	H	M	C	P
0	0.00832	0.00761	0.01146	0.46205	0.15948	0.02994	0.03191	0.09336	0.04690	0.01194	0.02703	0.01186	0.03437	0.00488	0.02739	0.00135	0.00475	0.01851	0.00218	0.00472
1	0.00799	0.00522	0.00660	0.00622	0.01848	0.01546	0.02722	0.06568	0.04231	0.14254	0.13220	0.17832	0.13893	0.07869	0.00561	0.00153	0.00290	0.11644	0.00360	0.00410
2	0.00900	0.00523	0.00643	0.00563	0.00717	0.00505	0.00430	0.04639	0.11157	0.22295	0.32218	0.05713	0.07949	0.09366	0.00566	0.00145	0.00259	0.00568	0.00394	0.00449
3	0.01052	0.39049	0.04948	0.00738	0.00981	0.24064	0.00646	0.03985	0.05711	0.00996	0.00703	0.00903	0.00630	0.09101	0.00475	0.00121	0.02242	0.00275	0.02930	0.00453
4	0.00481	0.00344	0.00460	0.00531	0.00568	0.00323	0.00373	0.00571	0.00777	0.01045	0.12921	0.67818	0.02591	0.01108	0.00478	0.00150	0.00224	0.08564	0.00357	0.00315
5	0.16155	0.00963	0.00996	0.05496	0.02838	0.05935	0.00668	0.46668	0.05063	0.10279	0.00888	0.00905	0.00633	0.00427	0.00350	0.00114	0.00399	0.00317	0.00334	0.00572
6	0.04709	0.07324	0.25110	0.01010	0.07161	0.12192	0.04587	0.12655	0.05002	0.07986	0.00780	0.00859	0.00582	0.00392	0.00383	0.00111	0.03960	0.00299	0.00238	0.04661
7	0.03184	0.03325	0.03547	0.00662	0.00830	0.00662	0.04510	0.18419	0.05047	0.01408	0.03695	0.14047	0.04734	0.01007	0.15321	0.00204	0.00435	0.03116	0.15412	0.00432
8	0.00589	0.00467	0.00700	0.00693	0.00803	0.00448	0.08832	0.00740	0.00827	0.01068	0.02102	0.11449	0.15233	0.07473	0.00600	0.00173	0.00339	0.46798	0.00322	0.00344
9	0.09975	0.70496	0.01744	0.00651	0.00957	0.04153	0.00625	0.05935	0.00818	0.01051	0.00546	0.00623	0.00483	0.00333	0.00251	0.00086	0.00400	0.00210	0.00181	0.00482

[dist]
# distance from previous block
# <min> <max>
2	3

[block]
# block no. 9 follows, 73 sequences, length 81
# corresponding to MSA columns:
# 573-653
name=unknown_J
#
# <colnr> <probs for GDERKNQSTAVLIFYWHMCP>
#	G	D	E	R	K	N	Q	S	T	A	V	L	I	F	Y	W	H	M	C	P
0	0.00763	0.00740	0.02201	0.30694	0.32393	0.01623	0.04208	0.00988	0.02011	0.01106	0.04373	0.02600	0.12167	0.00470	0.00405	0.00121	0.02025	0.00424	0.00215	0.00473
1	0.00491	0.00371	0.00523	0.02523	0.00649	0.00350	0.03214	0.00587	0.00775	0.01035	0.11000	0.64949	0.06762	0.01066	0.00471	0.00147	0.00238	0.04184	0.00346	0.00322
2	0.01477	0.00628	0.00833	0.00670	0.00925	0.00568	0.00553	0.07529	0.01088	0.64647	0.03769	0.04257	0.01149	0.00550	0.00395	0.00122	0.00320	0.08408	0.01526	0.00588
3	0.00896	0.38137	0.43435	0.00902	0.02341	0.02407	0.02837	0.01180	0.00793	0.03040	0.00629	0.00727	0.00492	0.00343	0.00309	0.00102	0.00486	0.00251	0.00168	0.00523
4	0.01897	0.01015	0.04793	0.09643	0.03179	0.06517	0.31757	0.20480	0.09530	0.01456	0.00928	0.01091	0.02685	0.02783	0.00441	0.00127	0.00508	0.00392	0.00255	0.00523
5	0.01539	0.00887	0.01012	0.00779	0.01073	0.02939	0.00642	0.45322	0.01442	0.38675	0.01149	0.01061	0.00763	0.00455	0.00375	0.00114	0.00378	0.00353	0.00410	0.00633
6	0.00595	0.00439	0.00537	0.00494	0.00605	0.00418	0.00375	0.07773	0.01088	0.01501	0.64559	0.04314	0.14329	0.00772	0.00438	0.00119	0.00200	0.00672	0.00400	0.00372
7	0.02788	0.59878	0.07669	0.00735	0.01039	0.15064	0.00706	0.01219	0.04150	0.00954	0.00582	0.00665	0.00507	0.00350	0.00293	0.00090	0.02429	0.00225	0.00176	0.00481
8	0.00457	0.00326	0.00435	0.00522	0.00544	0.00305	0.00348	0.00522	0.00718	0.00958	0.02068	0.86570	0.02481	0.01175	0.00479	0.00152	0.00218	0.01067	0.00348	0.00305
9	0.01401	0.01788	0.01063	0.00967	0.01160	0.85309	0.00725	0.01498	0.01063	0.00918	0.00580	0.00677	0.00483	0.00387	0.00338	0.00097	0.00677	0.00242	0.00193	0.00435
10	0.00468	0.00340	0.00443	0.00522	0.00553	0.00320	0.00351	0.00557	0.02641	0.00974	0.02128	0.81142	0.05867	0.01151	0.00475	0.00151	0.00218	0.01040	0.00349	0.00312
11	0.00963	0.00897	0.01471	0.05190	0.70613	0.00915	0.02713	0.08315	0.02893	0.01323	0.00742	0.00942	0.00607	0.00350	0.00374	0.00113	0.00445	0.00339	0.00206	0.00590
12	0.00457	0.00326	0.00435	0.00522	0.00544	0.00305	0.00348	0.00522	0.00718	0.00958	0.02068	0.86570	0.02481	0.01175	0.00479	0.00152	0.00218	0.01067	0.00348	0.00305
13	0.00578	0.00423	0.00568	0.00640	0.00733	0.00413	0.00553	0.00739	0.00862	0.01105	0.02281	0.04131	0.15496	0.01022	0.00506	0.00165	0.00320	0.68776	0.00346	0.00341
14	0.00867	0.00809	0.01372	0.18804	0.60102	0.00841	0.02875	0.01094	0.00829	0.01185	0.00738	0.00980	0.00602	0.00350	0.00366	0.00113	0.00441	0.00338	0.06759	0.00539
15	0.00652	0.00326	0.00489	0.00489	0.00489	0.00326	0.00326	0.00489	0.00489	0.00652	0.00652	0.01140	0.00652	0.01303	0.01466	0.89084	0.00326	0.00326	0.00163	0.00163
16	0.00709	0.00667	0.01125	0.85913	0.02584	0.00834	0.01042	0.00959	0.00750	0.00959	0.00667	0.01000	0.00500	0.00375	0.00375	0.00125	0.00500	0.00333	0.00167	0.00417
17	0.00482	0.00354	0.00428	0.00475	0.00541	0.00316	0.00331	0.00563	0.00783	0.02924	0.04660	0.53466	0.31179	0.01070	0.00463	0.00142	0.00209	0.00945	0.00353	0.00318
18	0.00955	0.00570	0.00688	0.00607	0.00760	0.03867	0.00473	0.07795	0.01044	0.24332	0.31810	0.15210	0.03480	0.00715	0.00447	0.00125	0.02915	0.03360	0.00394	0.00452
19	0.00768	0.00656	0.00767	0.00555	0.00878	0.00494	0.00442	0.00931	0.00776	0.01214	0.00711	0.03468	0.00616	0.00306	0.00284	0.00059	0.00276	0.00249	0.00226	0.86324
20	0.01080	0.31527	0.16955	0.00847	0.02080	0.14449	0.02166	0.10154	0.11659	0.04581	0.00774	0.00822	0.00604	0.00382	0.00321	0.00102	0.00462	0.00278	0.00230	0.00527
21	0.00454	0.00339	0.00423	0.00490	0.00536	0.00307	0.00334	0.00526	0.00750	0.00970	0.02464	0.67622	0.21174	0.01124	0.00471	0.00147	0.00211	0.01004	0.00348	0.00307
22	0.01115	0.51127	0.01660	0.00908	0.07988	0.27092	0.03250	0.01243	0.00866	0.00932	0.00562	0.00664	0.00494	0.00342	0.00288	0.00089	0.00496	0.00232	0.00174	0.00477
23	0.00460	0.00329	0.00438	0.00520	0.00545	0.00307	0.00349	0.00530	0.00733	0.00981	0.05500	0.83073	0.02526	0.01158	0.00477	0.00151	0.00216	0.01050	0.00351	0.00307
24	0.02662	0.43162	0.32489	0.00886	0.03091	0.04292	0.04055	0.02361	0.01970	0.01063	0.00612	0.00713	0.00495	0.00342	0.00301	0.00099	0.00474	0.00248	0.00170	0.00512
25	0.00818	0.01497	0.01004	0.13025	0.28309	0.01416	0.02556	0.01040	0.04226	0.09061	0.15381	0.02884	0.14512	0.00543	0.00396	0.00118	0.00347	0.00483	0.01908	0.00476
26	0.00484	0.00386	0.00440	0.00440	0.00548	0.00346	0.00336	0.00603	0.00875	0.01111	0.20919	0.03299	0.52326	0.03418	0.06475	0.00168	0.00261	0.06891	0.00349	0.00326
27	0.01057	0.00847	0.01233	0.05918	0.30712	0.00878	0.06944	0.26767	0.01166	0.06307	0.09004	0.01196	0.02427	0.00435	0.00383	0.00114	0.00405	0.00388	0.03263	0.00558
28	0.02951	0.06444	0.04197	0.05645	0.06229	0.34985	0.09103	0.16353	0.04376	0.02053	0.00710	0.00822	0.00557	0.00397	0.00387	0.00109	0.03651	0.00300	0.00231	0.00501
29	0.00884	0.00721	0.00831	0.00738	0.00922	0.02316	0.04632	0.10016	0.43056	0.03604	0.05566	0.16308	0.02781	0.00635	0.00403	0.00128	0.00309	0.02336	0.03302	0.00512
30	0.00887	0.00843	0.01420	0.22511	0.59545	0.00890	0.02450	0.03507	0.00852	0.01189	0.00700	0.00945	0.00571	0.00352	0.00387	0.00116	0.01765	0.00336	0.00186	0.00548
31	0.00670	0.00363	0.00395	0.00385	0.00474	0.00354	0.00287	0.00839	0.00850	0.02774	0.20240	0.01774	0.02755	0.02564	0.00347	0.00102	0.00182	0.00436	0.63856	0.00352
32	0.00457	0.00326	0.00435	0.00522	0.00544	0.00305	0.00348	0.00522	0.00718	0.00958	0.02068	0.86570	0.02481	0.01175	0.00479	0.00152	0.00218	0.01067	0.00348	0.00305
33	0.00455	0.00334	0.00427	0.00502	0.00539	0.00306	0.00339	0.00525	0.00738	0.00966	0.02319	0.74544	0.14345	0.01143	0.00474	0.00149	0.00214	0.01027	0.00348	0.00306
34	0.00462	0.00331	0.00438	0.00522	0.00546	0.00309	0.00351	0.00529	0.00720	0.00957	0.02071	0.81630	0.03599	0.03078	0.00511	0.00157	0.00223	0.02917	0.00346	0.00304
35	0.89465	0.00726	0.00551	0.00493	0.00726	0.00842	0.00406	0.01103	0.00638	0.01683	0.00522	0.00609	0.00406	0.00348	0.00232	0.00116	0.00290	0.00203	0.00232	0.00406
36	0.01654	0.00685	0.00899	0.00690	0.00981	0.00620	0.00570	0.10977	0.01151	0.75477	0.01415	0.01235	0.00896	0.00463	0.00377	0.00116	0.00330	0.00373	0.00454	0.00638
37	0.89465	0.00726	0.00551	0.00493	0.00726	0.00842	0.00406	0.01103	0.00638	0.01683	0.00522	0.00609	0.00406	0.00348	0.00232	0.00116	0.00290	0.00203	0.00232	0.00406
38	0.00933	0.00806	0.00848	0.00764	0.00976	0.00933	0.00594	0.01994	0.83797	0.01569	0.01527	0.01400	0.01145	0.00509	0.00382	0.00127	0.00297	0.00424	0.00382	0.00594
39	0.00457	0.00329	0.00433	0.00517	0.00543	0.00305	0.00346	0.00523	0.00724	0.00960	0.02137	0.83275	0.05732	0.01166	0.00477	0.00151	0.00217	0.01056	0.00348	0.00305
40	0.89465	0.00726	0.00551	0.00493	0.00726	0.00842	0.00406	0.01103	0.00638	0.01683	0.00522	0.00609	0.00406	0.00348	0.00232	0.00116	0.00290	0.00203	0.00232	0.00406
41	0.00850	0.00491	0.00510	0.00460	0.00592	0.00513	0.00357	0.13872	0.05292	0.03585	0.01195	0.01318	0.00920	0.00444	0.00289	0.00094	0.00222	0.00352	0.68230	0.00415
42	0.04519	0.00937	0.00829	0.00757	0.00896	0.26493	0.00589	0.09000	0.02788	0.02958	0.00844	0.01098	0.00730	0.01487	0.38069	0.00328	0.05355	0.00334	0.01575	0.00415
43	0.00531	0.00389	0.00499	0.00475	0.00565	0.00361	0.00355	0.00716	0.02554	0.01461	0.75699	0.06142	0.07266	0.00787	0.00443	0.00120	0.00181	0.00695	0.00407	0.00355
44	0.03666	0.00710	0.00906	0.00696	0.00987	0.00661	0.00575	0.15445	0.01179	0.69022	0.01361	0.01199	0.00868	0.00459	0.00374	0.00116	0.00334	0.00367	0.00444	0.00633
45	0.00709	0.00667	0.01125	0.85913	0.02584	0.00834	0.01042	0.00959	0.00750	0.00959	0.00667	0.01000	0.00500	0.00375	0.00375	0.00125	0.00500	0.00333	0.00167	0.00417
46	0.05729	0.02828	0.00841	0.00715	0.00910	0.19420	0.00558	0.15166	0.15111	0.09431	0.08099	0.08091	0.02097	0.00534	0.00364	0.00114	0.00377	0.01175	0.07953	0.00488
47	0.00457	0.00329	0.00433	0.00517	0.00543	0.00305	0.00346	0.00523	0.00724	0.00960	0.02137	0.83275	0.05732	0.01166	0.00477	0.00151	0.00217	0.01056	0.00348	0.00305
48	0.00520	0.00374	0.00505	0.00587	0.00641	0.00359	0.00454	0.00633	0.00789	0.01036	0.03027	0.47482	0.05741	0.01103	0.00494	0.00160	0.00270	0.35156	0.00348	0.00323
49	0.55498	0.00718	0.00691	0.00573	0.00828	0.00768	0.00473	0.06528	0.00850	0.28599	0.00856	0.00844	0.00590	0.00392	0.00288	0.00116	0.00307	0.00268	0.00316	0.00496
50	0.00652	0.00326	0.00489	0.00489	0.00489	0.00326	0.00326	0.00489	0.00489	0.00652	0.00652	0.01140	0.00652	0.01303	0.01466	0.89084	0.00326	0.00326	0.00163	0.00163
51	0.84660	0.03456	0.00608	0.00509	0.00743	0.02811	0.00421	0.01113	0.00652	0.01641	0.00524	0.00611	0.00410	0.00348	0.00235	0.00115	0.00303	0.00204	0.00229	0.00409
52	0.00563	0.00394	0.00499	0.00469	0.00561	0.00366	0.00348	0.00737	0.02373	0.03392	0.68964	0.02747	0.08420	0.06271	0.00531	0.00134	0.00195	0.00660	0.02018	0.00354
53	0.00813	0.00811	0.01203	0.58816	0.11828	0.07684	0.04835	0.01089	0.05193	0.01029	0.00710	0.00983	0.00547	0.00382	0.00396	0.00122	0.02585	0.00336	0.00183	0.00452
54	0.01006	0.01066	0.01266	0.01402	0.27613	0.19960	0.04446	0.02917	0.05381	0.01096	0.00667	0.00873	0.00572	0.00463	0.00644	0.00126	0.28211	0.00321	0.01476	0.00493
55	0.00459	0.00382	0.00398	0.00399	0.00517	0.00325	0.00299	0.00561	0.00865	0.01051	0.10590	0.03529	0.72512	0.03307	0.00486	0.00134	0.00199	0.03320	0.00351	0.00318
56	0.00985	0.00828	0.00874	0.00769	0.00990	0.00950	0.00603	0.12115	0.71939	0.01658	0.01493	0.01380	0.02694	0.00510	0.00382	0.00125	0.00309	0.00421	0.00380	0.00594
57	0.00524	0.00358	0.00412	0.00428	0.00439	0.00351	0.00252	0.00541	0.00593	0.00784	0.01480	0.17632	0.05964	0.66872	0.01575	0.00313	0.00328	0.00652	0.00255	0.00246
58	0.00516	0.00378	0.00484	0.00467	0.00554	0.00346	0.00347	0.00674	0.01011	0.01407	0.68905	0.10445	0.11424	0.00822	0.00446	0.00122	0.00182	0.00725	0.00401	0.00346
59	0.01003	0.87041	0.01966	0.00642	0.00963	0.01485	0.00642	0.01123	0.00762	0.00883	0.00522	0.00602	0.00481	0.00321	0.00241	0.00080	0.00401	0.00201	0.00160	0.00481
60	0.01325	0.01447	0.01012	0.00886	0.01093	0.55613	0.00682	0.19637	0.01178	0.02912	0.00726	0.00822	0.00577	0.00560	0.05773	0.00133	0.00609	0.00281	0.04261	0.00474
61	0.46502	0.00783	0.00769	0.00626	0.00889	0.00848	0.00516	0.21150	0.01018	0.22344	0.00850	0.00845	0.00591	0.00402	0.00303	0.00115	0.00327	0.00279	0.00324	0.00520
62	0.00936	0.00897	0.01094	0.18832	0.21556	0.10564	0.00831	0.05958	0.23694	0.01256	0.01002	0.01161	0.02674	0.03865	0.00469	0.00130	0.03950	0.00367	0.00252	0.00513
63	0.00513	0.00383	0.00477	0.00453	0.00550	0.00346	0.00340	0.00674	0.01020	0.01405	0.68011	0.02966	0.19867	0.00804	0.00443	0.00120	0.00180	0.00701	0.00400	0.00346
64	0.03393	0.01037	0.01109	0.00852	0.01151	0.01147	0.00704	0.80160	0.01728	0.03598	0.00901	0.00900	0.00637	0.00448	0.00372	0.00113	0.00409	0.00335	0.00373	0.00633
65	0.00550	0.00409	0.00557	0.00554	0.00590	0.00462	0.00399	0.00629	0.00592	0.00832	0.01131	0.09744	0.01198	0.31008	0.43621	0.00451	0.06240	0.00508	0.00221	0.00301
66	0.01425	0.01074	0.01124	0.00866	0.01163	0.03755	0.00713	0.80706	0.01742	0.02320	0.00891	0.00894	0.00633	0.00448	0.00374	0.00112	0.00421	0.00335	0.00370	0.00632
67	0.01401	0.01788	0.01063	0.00967	0.01160	0.85309	0.00725	0.01498	0.01063	0.00918	0.00580	0.00677	0.00483	0.00387	0.00338	0.00097	0.00677	0.00242	0.00193	0.00435
68	0.00781	0.00668	0.00775	0.00567	0.00886	0.00524	0.00452	0.01006	0.06176	0.01253	0.03031	0.00874	0.00676	0.00306	0.00289	0.00062	0.00276	0.00248	0.00238	0.80912
69	0.00571	0.00407	0.00521	0.00486	0.00585	0.00382	0.00367	0.00783	0.04512	0.03331	0.77253	0.02728	0.05133	0.00754	0.00439	0.00119	0.00185	0.00664	0.00411	0.00369
70	0.00709	0.00667	0.01125	0.85913	0.02584	0.00834	0.01042	0.00959	0.00750	0.00959	0.00667	0.01000	0.00500	0.00375	0.00375	0.00125	0.00500	0.00333	0.00167	0.00417
71	0.00886	0.01012	0.02214	0.01581	0.01961	0.00949	0.83112	0.01202	0.00886	0.01202	0.00759	0.01012	0.00569	0.00316	0.00443	0.00127	0.00633	0.00443	0.00190	0.00506
72	0.01041	0.00829	0.00900	0.00683	0.00983	0.03848	0.00553	0.30017	0.02208	0.03707	0.04288	0.00975	0.00748	0.00382	0.00329	0.00084	0.00338	0.01533	0.00293	0.46260
73	0.00457	0.00326	0.00435	0.00522	0.00544	0.00305	0.00348	0.00522	0.00718	0.00958	0.02068	0.86570	0.02481	0.01175	0.00479	0.00152	0.00218	0.01067	0.00348	0.00305
74	0.00605	0.00424	0.00521	0.00503	0.00545	0.00453	0.00338	0.06415	0.00650	0.00888	0.01106	0.02035	0.01178	0.54127	0.28214	0.00422	0.00570	0.00485	0.00229	0.00290
75	0.03661	0.07662	0.23180	0.03854	0.08343	0.18067	0.00878	0.05418	0.15602	0.03543	0.01000	0.01051	0.05292	0.00426	0.00353	0.00113	0.00469	0.00329	0.00240	0.00519
76	0.00571	0.00413	0.00503	0.00488	0.00494	0.00452	0.00312	0.00593	0.00557	0.00763	0.01113	0.03858	0.01258	0.68634	0.09493	0.00361	0.09137	0.00521	0.00221	0.00257
77	0.00970	0.07757	0.39607	0.01164	0.07898	0.05724	0.14871	0.08576	0.01775	0.07033	0.00758	0.00868	0.00554	0.00364	0.00366	0.00115	0.00523	0.00316	0.00211	0.00551
78	0.01016	0.84294	0.01938	0.00650	0.00969	0.02600	0.00644	0.02662	0.00785	0.00911	0.00529	0.00608	0.00484	0.00324	0.00245	0.00081	0.00405	0.00204	0.00165	0.00484
79	0.00931	0.00450	0.00512	0.00458	0.00599	0.00439	0.00356	0.02036	0.05682	0.20024	0.03670	0.01425	0.01042	0.01903	0.01437	0.00109	0.00231	0.00373	0.57894	0.00429
80	0.13063	0.00535	0.03496	0.06623	0.02213	0.00517	0.02617	0.01805	0.00776	0.03456	0.09056	0.37462	0.07795	0.03684	0.00492	0.00144	0.02967	0.02629	0.00305	0.00366

[dist]
# distance from previous block
# <min> <max>
1	7

[block]
# block no. 10 follows, 73 sequences, length 16
# corresponding to MSA columns:
# 662-677
name=unknown_K
#
# <colnr> <probs for GDERKNQSTAVLIFYWHMCP>
#	G	D	E	R	K	N	Q	S	T	A	V	L	I	F	Y	W	H	M	C	P
0	0.04410	0.00684	0.02519	0.07008	0.09394	0.00613	0.00595	0.04784	0.00809	0.04225	0.00810	0.03580	0.00698	0.00578	0.06378	0.02955	0.02229	0.02093	0.02506	0.43133
1	0.00929	0.00891	0.01523	0.02303	0.84475	0.00891	0.01151	0.01151	0.00854	0.01226	0.00706	0.00929	0.00594	0.00334	0.00371	0.00111	0.00446	0.00334	0.00186	0.00594
2	0.01633	0.00640	0.00864	0.00665	0.00948	0.00561	0.00548	0.03988	0.01092	0.79368	0.04586	0.01324	0.01019	0.00475	0.00380	0.00116	0.00316	0.00388	0.00460	0.00628
3	0.02821	0.05097	0.27325	0.00791	0.01087	0.00718	0.03820	0.04953	0.04572	0.08071	0.04772	0.11851	0.07203	0.00680	0.04544	0.00145	0.03398	0.02693	0.00266	0.05193
4	0.01181	0.00656	0.00882	0.14767	0.02408	0.00672	0.02346	0.04318	0.16520	0.36608	0.04197	0.03335	0.01008	0.00477	0.00373	0.00118	0.00335	0.00403	0.08853	0.00544
5	0.04142	0.00633	0.00850	0.00656	0.00938	0.00553	0.00541	0.01771	0.01061	0.79651	0.04160	0.01308	0.00999	0.00471	0.00375	0.00116	0.00314	0.00382	0.00456	0.00623
