[name]
unknown

[dist]
# distance from previous block
# <min> <max>
0	61

[block]
# block no. 0 follows, 84 sequences, length 11
# corresponding to MSA columns:
# 256-266
name=unknown_A
#
# <colnr> <probs for GDERKNQSTAVLIFYWHMCP>
#	G	D	E	R	K	N	Q	S	T	A	V	L	I	F	Y	W	H	M	C	P
0	0.00541	0.00386	0.00541	0.00618	0.00695	0.00386	0.00541	0.00695	0.00772	0.01004	0.01776	0.03784	0.01931	0.00927	0.00463	0.00154	0.00309	0.83859	0.00309	0.00309
1	0.00475	0.00343	0.00448	0.00422	0.00501	0.00317	0.00317	0.00633	0.00950	0.01345	0.85940	0.02506	0.03166	0.00686	0.00396	0.00106	0.00158	0.00607	0.00369	0.00317
2	0.00413	0.00294	0.00388	0.00462	0.00480	0.00275	0.00305	0.00468	0.00634	0.00845	0.01805	0.83251	0.02164	0.05866	0.00499	0.00147	0.00202	0.00928	0.00305	0.00269
3	0.01301	0.00707	0.03684	0.00807	0.01093	0.00619	0.19902	0.06982	0.00955	0.58620	0.01119	0.01052	0.00727	0.00381	0.00350	0.00106	0.00362	0.00346	0.00345	0.00541
4	0.00902	0.81084	0.05371	0.00603	0.00894	0.04848	0.00606	0.01021	0.00694	0.00802	0.00474	0.00548	0.00430	0.00291	0.00223	0.00074	0.00375	0.00184	0.00145	0.00432
5	0.00409	0.00292	0.00389	0.00467	0.00487	0.00273	0.00311	0.00467	0.00642	0.00856	0.01849	0.87991	0.02219	0.01051	0.00428	0.00136	0.00195	0.00954	0.00311	0.00273
6	0.75291	0.00796	0.11046	0.00520	0.00766	0.00770	0.00484	0.05021	0.00636	0.01480	0.00500	0.00577	0.00381	0.00317	0.00227	0.00104	0.00294	0.00196	0.00206	0.00389
7	0.00783	0.00694	0.01057	0.53812	0.16890	0.00807	0.00881	0.14619	0.05110	0.01132	0.00675	0.00887	0.00511	0.00346	0.00335	0.00108	0.00417	0.00303	0.00192	0.00441
8	0.00811	0.00665	0.01106	0.46200	0.32154	0.00733	0.00913	0.01014	0.00740	0.11412	0.00698	0.00902	0.00524	0.00332	0.00334	0.00106	0.00410	0.00303	0.00188	0.00454
9	0.00441	0.00378	0.00435	0.00434	0.00513	0.00372	0.00326	0.00518	0.00707	0.00883	0.02699	0.21397	0.57250	0.00861	0.00490	0.00122	0.10881	0.00711	0.00291	0.00291
10	0.01001	0.01115	0.00951	0.07660	0.11497	0.39449	0.00686	0.01371	0.26321	0.01032	0.00789	0.00856	0.00624	0.00384	0.00361	0.00101	0.04849	0.00286	0.00220	0.00447

[dist]
# distance from previous block
# <min> <max>
0	1

[block]
# block no. 1 follows, 84 sequences, length 9
# corresponding to MSA columns:
# 268-276
name=unknown_B
#
# <colnr> <probs for GDERKNQSTAVLIFYWHMCP>
#	G	D	E	R	K	N	Q	S	T	A	V	L	I	F	Y	W	H	M	C	P
0	0.09517	0.02252	0.00813	0.00649	0.00872	0.14149	0.00524	0.18977	0.04831	0.34762	0.00967	0.00928	0.00668	0.00393	0.00323	0.00099	0.01777	0.00293	0.06707	0.00497
1	0.01212	0.00533	0.00703	0.00567	0.00775	0.00482	0.00456	0.07286	0.00974	0.57926	0.16136	0.09037	0.01343	0.00518	0.00355	0.00107	0.00261	0.00436	0.00392	0.00500
2	0.00643	0.00526	0.00530	0.00510	0.00603	0.08951	0.00370	0.08156	0.04852	0.03485	0.15819	0.26773	0.14458	0.09271	0.00543	0.03005	0.00263	0.00617	0.00298	0.00329
3	0.11791	0.00952	0.01101	0.23221	0.02731	0.12600	0.09128	0.23545	0.03569	0.04506	0.00796	0.00961	0.00616	0.00434	0.00389	0.00126	0.02434	0.00325	0.00267	0.00509
4	0.02689	0.14627	0.03427	0.00862	0.07798	0.11932	0.03324	0.20033	0.01076	0.14810	0.08593	0.01268	0.06971	0.00495	0.00371	0.00118	0.00401	0.00370	0.00309	0.00527
5	0.00557	0.00513	0.08088	0.00579	0.00659	0.00393	0.00441	0.00619	0.00740	0.01006	0.05490	0.68021	0.06899	0.03512	0.00500	0.00157	0.00264	0.00876	0.00333	0.00355
6	0.08954	0.00925	0.01012	0.00797	0.01047	0.08077	0.08873	0.48514	0.13476	0.03716	0.00833	0.00848	0.00607	0.00386	0.00329	0.00103	0.00382	0.00306	0.00297	0.00520
7	0.15251	0.01008	0.01051	0.16574	0.18702	0.29203	0.07460	0.01111	0.02832	0.01027	0.00579	0.00736	0.00465	0.00332	0.00325	0.00101	0.02386	0.00262	0.00176	0.00419
8	0.04463	0.05241	0.04614	0.00672	0.00930	0.03338	0.00573	0.28333	0.09672	0.33134	0.03393	0.00988	0.00760	0.00403	0.00325	0.00101	0.00328	0.00314	0.00337	0.02081

[dist]
# distance from previous block
# <min> <max>
2	13

[block]
# block no. 2 follows, 84 sequences, length 35
# corresponding to MSA columns:
# 290-324
name=unknown_C
#
# <colnr> <probs for GDERKNQSTAVLIFYWHMCP>
#	G	D	E	R	K	N	Q	S	T	A	V	L	I	F	Y	W	H	M	C	P
0	0.03109	0.00644	0.08920	0.00577	0.00767	0.01941	0.00500	0.08597	0.09152	0.19805	0.38005	0.03672	0.01817	0.00537	0.00359	0.00106	0.00259	0.00455	0.00343	0.00434
1	0.00435	0.00315	0.00391	0.00423	0.00464	0.00292	0.00286	0.00508	0.00697	0.00930	0.19556	0.43505	0.13852	0.16001	0.00638	0.00159	0.00206	0.00766	0.00305	0.00271
2	0.00982	0.45545	0.10567	0.00758	0.01038	0.25351	0.06000	0.04553	0.00804	0.00900	0.00523	0.00609	0.00441	0.00311	0.00267	0.00083	0.00456	0.00216	0.00161	0.00433
3	0.12236	0.05245	0.02050	0.00660	0.00882	0.04082	0.06002	0.16441	0.07505	0.26019	0.06975	0.08566	0.00961	0.00458	0.00329	0.00105	0.00317	0.00377	0.00314	0.00475
4	0.00538	0.00390	0.00532	0.00599	0.00675	0.00392	0.00509	0.00717	0.04449	0.01017	0.04398	0.12363	0.01960	0.00912	0.00452	0.00149	0.00290	0.69031	0.00312	0.00315
5	0.00410	0.00299	0.00386	0.00452	0.00483	0.00275	0.00305	0.00474	0.00666	0.00878	0.04823	0.75741	0.11541	0.01017	0.00424	0.00133	0.00191	0.00915	0.00313	0.00275
6	0.00841	0.00801	0.01353	0.02029	0.84098	0.00803	0.01020	0.03022	0.00783	0.01120	0.00635	0.00830	0.00532	0.00301	0.00332	0.00100	0.00398	0.00299	0.00170	0.00532
7	0.09166	0.06162	0.58067	0.00853	0.01262	0.02810	0.02294	0.05830	0.03565	0.04701	0.00666	0.00772	0.00488	0.00339	0.00308	0.00104	0.00444	0.01506	0.00180	0.00482
8	0.00415	0.00339	0.00367	0.00363	0.00466	0.00291	0.00271	0.00517	0.00805	0.01009	0.22893	0.05708	0.63754	0.00817	0.00397	0.00112	0.00168	0.00692	0.00325	0.00291
9	0.00701	0.00398	0.00426	0.00394	0.00500	0.00407	0.00303	0.07367	0.05777	0.04433	0.11616	0.01368	0.01132	0.00433	0.00272	0.00086	0.00184	0.00353	0.63495	0.00355
10	0.01177	0.00755	0.00822	0.04131	0.01825	0.08673	0.00556	0.08644	0.31713	0.36207	0.01185	0.01091	0.00824	0.00418	0.00335	0.00106	0.00322	0.00336	0.00346	0.00531
11	0.01505	0.00571	0.00779	0.00597	0.00856	0.00493	0.00493	0.01635	0.00960	0.86349	0.01324	0.01142	0.00830	0.00415	0.00337	0.00104	0.00285	0.00337	0.00415	0.00571
12	0.00409	0.00292	0.00389	0.00467	0.00487	0.00273	0.00311	0.00467	0.00642	0.00856	0.01849	0.87991	0.02219	0.01051	0.00428	0.00136	0.00195	0.00954	0.00311	0.00273
13	0.00412	0.00300	0.00389	0.00456	0.00487	0.00277	0.00310	0.00478	0.00666	0.00880	0.04794	0.75919	0.10029	0.01018	0.00425	0.00133	0.00193	0.02246	0.00313	0.00276
14	0.00734	0.01654	0.77742	0.00937	0.01410	0.00806	0.01178	0.09635	0.00797	0.01170	0.00623	0.00718	0.00440	0.00327	0.00320	0.00106	0.00483	0.00253	0.00161	0.00503
15	0.01374	0.00785	0.00878	0.00686	0.00941	0.06042	0.00561	0.34433	0.04445	0.44669	0.01072	0.00981	0.00711	0.00408	0.00335	0.00102	0.00337	0.00318	0.00366	0.00558
16	0.00905	0.86334	0.01739	0.00581	0.00865	0.03374	0.00576	0.01013	0.00688	0.00790	0.00468	0.00540	0.00431	0.00288	0.00217	0.00072	0.00365	0.00180	0.00144	0.00430
17	0.00473	0.00343	0.00446	0.00420	0.00500	0.00316	0.00315	0.00630	0.00946	0.01336	0.84205	0.02521	0.04906	0.00689	0.00396	0.00106	0.00159	0.00609	0.00368	0.00316
18	0.01233	0.01565	0.00954	0.00865	0.01031	0.83501	0.00652	0.01319	0.00934	0.00821	0.00516	0.00610	0.00432	0.00355	0.00334	0.00089	0.04011	0.00219	0.00172	0.00388
19	0.00434	0.00341	0.00392	0.00379	0.00476	0.00299	0.00285	0.00554	0.00854	0.01118	0.43131	0.02881	0.46116	0.00771	0.00396	0.00110	0.00164	0.00659	0.00339	0.00299
20	0.00787	0.00691	0.01161	0.33989	0.40275	0.00743	0.03783	0.01012	0.02964	0.06611	0.00732	0.01012	0.00590	0.00350	0.00342	0.00108	0.00408	0.03795	0.00187	0.00462
21	0.00411	0.00293	0.00389	0.00464	0.00483	0.00274	0.00308	0.00468	0.00638	0.00851	0.01827	0.85570	0.02191	0.03510	0.00464	0.00142	0.00198	0.00941	0.00308	0.00271
22	0.00475	0.00343	0.00448	0.00422	0.00501	0.00317	0.00317	0.00633	0.00950	0.01345	0.85940	0.02506	0.03166	0.00686	0.00396	0.00106	0.00158	0.00607	0.00369	0.00317
23	0.08016	0.00756	0.01116	0.01248	0.33594	0.00763	0.08075	0.17780	0.00949	0.18838	0.00844	0.00993	0.00643	0.01686	0.00355	0.00107	0.00369	0.03094	0.00260	0.00515
24	0.00960	0.01005	0.03318	0.06703	0.20479	0.17147	0.23853	0.16564	0.03077	0.01221	0.02015	0.00842	0.00560	0.00335	0.00346	0.00102	0.00476	0.00316	0.00206	0.00476
25	0.00413	0.00295	0.00393	0.00465	0.00487	0.00275	0.00312	0.00477	0.00660	0.00885	0.06723	0.83035	0.02274	0.01030	0.00426	0.00134	0.00193	0.00934	0.00315	0.00275
26	0.00647	0.00610	0.01030	0.81734	0.07878	0.00749	0.00938	0.00869	0.00677	0.00873	0.00599	0.00890	0.00453	0.00333	0.00335	0.00111	0.00444	0.00298	0.00150	0.00383
27	0.04723	0.08911	0.29788	0.01065	0.14154	0.13936	0.08151	0.10637	0.03503	0.01157	0.00630	0.00734	0.00483	0.00327	0.00314	0.00099	0.00460	0.00265	0.00184	0.00479
28	0.01173	0.01327	0.01049	0.03282	0.11611	0.55033	0.03650	0.16804	0.01031	0.01105	0.00593	0.00688	0.00473	0.00348	0.00316	0.00092	0.00530	0.00251	0.00201	0.00442
29	0.00440	0.00340	0.00401	0.00390	0.00481	0.00301	0.00291	0.00563	0.00860	0.01143	0.48198	0.06172	0.37674	0.00769	0.00397	0.00110	0.00165	0.00663	0.00343	0.00301
30	0.00773	0.00739	0.01259	0.26808	0.61814	0.00782	0.01001	0.00980	0.00737	0.01027	0.00621	0.00849	0.00507	0.00310	0.00333	0.00103	0.00413	0.00299	0.00161	0.00485
31	0.01173	0.00828	0.00936	0.05073	0.07712	0.09233	0.01835	0.33005	0.03785	0.23168	0.04070	0.02259	0.02282	0.00421	0.00358	0.00103	0.02600	0.00334	0.00311	0.00513
32	0.00977	0.00677	0.00999	0.03227	0.22684	0.00677	0.07490	0.11318	0.09811	0.21809	0.14481	0.02364	0.01097	0.00427	0.00351	0.00105	0.00328	0.00382	0.00299	0.00498
33	0.00425	0.00329	0.00387	0.00398	0.00477	0.00291	0.00289	0.00526	0.00794	0.01034	0.29421	0.23905	0.38828	0.00847	0.00404	0.00116	0.00172	0.00736	0.00330	0.00291
34	0.00867	0.37216	0.02658	0.00785	0.09322	0.17136	0.01682	0.03201	0.03732	0.00912	0.00805	0.14875	0.00804	0.00452	0.00298	0.00093	0.00381	0.02963	0.00197	0.01621

[dist]
# distance from previous block
# <min> <max>
1	9

[block]
# block no. 3 follows, 84 sequences, length 25
# corresponding to MSA columns:
# 334-358
name=unknown_D
#
# <colnr> <probs for GDERKNQSTAVLIFYWHMCP>
#	G	D	E	R	K	N	Q	S	T	A	V	L	I	F	Y	W	H	M	C	P
0	0.03412	0.03911	0.05522	0.02286	0.07365	0.04753	0.00574	0.10529	0.04943	0.02453	0.01474	0.15532	0.09122	0.00684	0.00384	0.00123	0.00317	0.25953	0.00277	0.00385
1	0.02729	0.00629	0.02203	0.00668	0.02872	0.01315	0.04907	0.05111	0.13308	0.33296	0.04814	0.01251	0.00913	0.01555	0.00399	0.04469	0.00300	0.05081	0.00316	0.13865
2	0.17933	0.00824	0.00866	0.02386	0.06433	0.07700	0.02510	0.28846	0.06692	0.07013	0.01723	0.00801	0.00580	0.00354	0.00298	0.00094	0.00342	0.00270	0.00265	0.14068
3	0.40444	0.05150	0.07916	0.00626	0.00874	0.15326	0.03202	0.02530	0.00744	0.14765	0.00642	0.00687	0.00473	0.00330	0.00264	0.00097	0.00358	0.00227	0.00227	0.05118
4	0.02180	0.00428	0.00563	0.00517	0.00652	0.00390	0.00401	0.00982	0.02399	0.32519	0.17994	0.25271	0.05730	0.00704	0.00385	0.00118	0.00232	0.07774	0.00360	0.00401
5	0.01124	0.01362	0.01216	0.01051	0.05651	0.58016	0.20447	0.05312	0.00934	0.00958	0.00576	0.00697	0.00462	0.00331	0.00328	0.00094	0.00574	0.00267	0.00180	0.00420
6	0.02881	0.00760	0.01217	0.12361	0.53410	0.00799	0.05291	0.01150	0.16540	0.01132	0.00762	0.00914	0.00608	0.00332	0.00335	0.00105	0.00385	0.00316	0.00198	0.00504
7	0.00744	0.00709	0.01206	0.39533	0.49319	0.00774	0.00987	0.00954	0.00723	0.00991	0.00616	0.00858	0.00494	0.00315	0.00334	0.00105	0.00420	0.00299	0.00159	0.00462
8	0.00776	0.00780	0.01277	0.32106	0.39323	0.05378	0.10920	0.00984	0.00737	0.00986	0.00613	0.00847	0.00491	0.00321	0.00362	0.00106	0.03074	0.00306	0.00160	0.00453
9	0.00484	0.00368	0.00518	0.04794	0.05430	0.00362	0.00437	0.00596	0.00721	0.00963	0.11838	0.42273	0.06068	0.00934	0.02936	0.00144	0.00260	0.20270	0.00298	0.00307
10	0.00428	0.00349	0.00381	0.00378	0.00479	0.00307	0.00281	0.00554	0.03351	0.01017	0.21974	0.09053	0.58634	0.00815	0.00397	0.00113	0.00172	0.00693	0.00326	0.00297
11	0.00787	0.00892	0.01908	0.01374	0.01688	0.00862	0.78552	0.01055	0.00771	0.01055	0.00661	0.00892	0.00504	0.00306	0.00449	0.00116	0.07127	0.00388	0.00168	0.00446
12	0.00878	0.00802	0.01256	0.05975	0.60175	0.00855	0.00935	0.13651	0.00856	0.01207	0.00636	0.00820	0.00524	0.00347	0.00414	0.00105	0.09567	0.00299	0.00189	0.00512
13	0.01175	0.00592	0.00725	0.00594	0.00812	0.00578	0.00478	0.04390	0.23885	0.48745	0.05380	0.01345	0.05760	0.00462	0.00341	0.00106	0.00266	0.00380	0.03463	0.00523
14	0.00467	0.00340	0.00439	0.00420	0.00498	0.00313	0.00313	0.00617	0.00924	0.01297	0.77238	0.06686	0.07765	0.00713	0.00397	0.00107	0.00161	0.00629	0.00363	0.00313
15	0.00488	0.00327	0.00373	0.00373	0.00375	0.00329	0.00212	0.00492	0.00490	0.00656	0.01051	0.02160	0.01204	0.84746	0.05150	0.00334	0.00348	0.00483	0.00202	0.00207
16	0.00875	0.53078	0.07507	0.01887	0.20868	0.04931	0.01707	0.01055	0.03629	0.00907	0.00551	0.00654	0.00475	0.00301	0.00261	0.00084	0.00389	0.00224	0.00157	0.00460
17	0.00680	0.01661	0.79681	0.00967	0.01434	0.00793	0.03841	0.01050	0.00702	0.01050	0.00597	0.00716	0.00428	0.00331	0.00359	0.00108	0.04717	0.00255	0.00143	0.00488
18	0.00409	0.00292	0.00389	0.00467	0.00487	0.00273	0.00311	0.00467	0.00642	0.00856	0.01849	0.87991	0.02219	0.01051	0.00428	0.00136	0.00195	0.00954	0.00311	0.00273
19	0.00523	0.00339	0.00413	0.00400	0.00479	0.00322	0.00302	0.00686	0.01879	0.01287	0.53824	0.04663	0.03354	0.00618	0.00351	0.00100	0.00165	0.03388	0.26591	0.00316
20	0.02507	0.02170	0.01107	0.02254	0.40240	0.13143	0.00783	0.06847	0.00885	0.23333	0.00797	0.00867	0.00590	0.00351	0.00346	0.00100	0.02631	0.00293	0.00243	0.00514
21	0.00409	0.00292	0.00389	0.00467	0.00487	0.00273	0.00311	0.00467	0.00642	0.00856	0.01849	0.87991	0.02219	0.01051	0.00428	0.00136	0.00195	0.00954	0.00311	0.00273
22	0.00471	0.00343	0.00443	0.00418	0.00499	0.00315	0.00313	0.00625	0.00940	0.01323	0.81793	0.02542	0.07326	0.00694	0.00396	0.00106	0.00159	0.00612	0.00366	0.00315
23	0.05267	0.74773	0.01608	0.00589	0.00865	0.03576	0.00568	0.05424	0.03128	0.00911	0.00511	0.00574	0.00451	0.00301	0.00227	0.00076	0.00359	0.00193	0.00163	0.00436
24	0.02146	0.00549	0.00625	0.00473	0.00713	0.00453	0.00374	0.05539	0.00753	0.01189	0.04834	0.00912	0.00705	0.01874	0.00283	0.00066	0.00236	0.00249	0.16033	0.61992

[dist]
# distance from previous block
# <min> <max>
2	23

[block]
# block no. 4 follows, 84 sequences, length 130
# corresponding to MSA columns:
# 382-461,463-483,502-504,554-564,600-614
name=unknown_E
#
# <colnr> <probs for GDERKNQSTAVLIFYWHMCP>
#	G	D	E	R	K	N	Q	S	T	A	V	L	I	F	Y	W	H	M	C	P
0	0.00824	0.07804	0.26530	0.01467	0.44518	0.02024	0.02076	0.02294	0.04325	0.04028	0.00666	0.00798	0.00522	0.00316	0.00320	0.00100	0.00419	0.00279	0.00176	0.00512
1	0.01015	0.00579	0.00740	0.00610	0.04929	0.00482	0.00462	0.03060	0.00833	0.35288	0.03465	0.03541	0.03788	0.00378	0.00305	0.00081	0.00266	0.00313	0.00299	0.39566
2	0.00514	0.00329	0.00438	0.00436	0.00453	0.00346	0.00291	0.00510	0.00504	0.00691	0.04038	0.01654	0.01016	0.39073	0.22676	0.24885	0.01336	0.00405	0.00187	0.00217
3	0.00791	0.00787	0.01338	0.09002	0.24895	0.01956	0.28148	0.01198	0.21551	0.01139	0.02942	0.02212	0.00724	0.00359	0.00367	0.00110	0.01421	0.00366	0.00216	0.00479
4	0.00686	0.00586	0.00685	0.00495	0.00784	0.00442	0.00394	0.00834	0.00699	0.01093	0.02187	0.02372	0.00578	0.00272	0.00255	0.00052	0.00246	0.00220	0.00204	0.86915
5	0.00808	0.00705	0.01029	0.02520	0.40226	0.00733	0.02784	0.05981	0.22185	0.03392	0.11589	0.01252	0.04470	0.00418	0.00347	0.00105	0.00326	0.00378	0.00257	0.00494
6	0.00825	0.00792	0.01353	0.04202	0.84012	0.00796	0.01027	0.01025	0.00762	0.01090	0.00630	0.00832	0.00529	0.00300	0.00332	0.00100	0.00400	0.00299	0.00166	0.00527
7	0.71136	0.00706	0.03828	0.04903	0.11924	0.00759	0.00511	0.00988	0.00606	0.01404	0.00500	0.00605	0.00392	0.00311	0.00234	0.00104	0.00296	0.00205	0.00197	0.00391
8	0.00822	0.00775	0.01336	0.19655	0.51331	0.00804	0.11692	0.06239	0.00802	0.02355	0.00651	0.00856	0.00518	0.00313	0.00341	0.00104	0.00427	0.00312	0.00177	0.00491
9	0.00939	0.00764	0.00936	0.02758	0.01748	0.04582	0.10015	0.22477	0.11671	0.06216	0.00821	0.00874	0.00618	0.00342	0.00308	0.00086	0.00336	0.00288	0.05095	0.29124
10	0.01234	0.01553	0.00955	0.00863	0.01031	0.81873	0.00651	0.03073	0.00948	0.00848	0.00522	0.00614	0.00435	0.00356	0.00333	0.00089	0.03835	0.00221	0.00175	0.00392
11	0.00466	0.00347	0.00433	0.00411	0.00498	0.00317	0.00309	0.00621	0.02020	0.01269	0.70337	0.02617	0.17685	0.00712	0.00395	0.00107	0.00162	0.00622	0.00359	0.00313
12	0.00404	0.00337	0.00347	0.00349	0.00452	0.00286	0.00257	0.00487	0.00753	0.00908	0.06129	0.06482	0.75733	0.05022	0.00460	0.00124	0.00178	0.00704	0.00308	0.00280
13	0.00541	0.00386	0.00541	0.00618	0.00695	0.00386	0.00541	0.00695	0.00772	0.01004	0.01776	0.03784	0.01931	0.00927	0.00463	0.00154	0.00309	0.83859	0.00309	0.00309
14	0.00546	0.00342	0.00401	0.00399	0.00420	0.00336	0.00245	0.00565	0.00539	0.05600	0.01152	0.06099	0.01286	0.73920	0.01495	0.00294	0.00316	0.05583	0.00227	0.00234
15	0.00475	0.00343	0.00448	0.00422	0.00501	0.00317	0.00317	0.00633	0.00950	0.01345	0.85940	0.02506	0.03166	0.00686	0.00396	0.00106	0.00158	0.00607	0.00369	0.00317
16	0.90579	0.00649	0.00493	0.00441	0.00649	0.00753	0.00363	0.00986	0.00571	0.01505	0.00467	0.00545	0.00363	0.00311	0.00208	0.00104	0.00260	0.00182	0.00208	0.00363
17	0.00409	0.00293	0.00388	0.00465	0.00486	0.00273	0.00310	0.00467	0.00645	0.00857	0.01878	0.86396	0.03795	0.01047	0.00428	0.00136	0.00194	0.00949	0.00311	0.00273
18	0.00792	0.00905	0.01980	0.01414	0.01753	0.00848	0.84898	0.01075	0.00792	0.01075	0.00679	0.00905	0.00509	0.00283	0.00396	0.00113	0.00566	0.00396	0.00170	0.00452
19	0.90579	0.00649	0.00493	0.00441	0.00649	0.00753	0.00363	0.00986	0.00571	0.01505	0.00467	0.00545	0.00363	0.00311	0.00208	0.00104	0.00260	0.00182	0.00208	0.00363
20	0.01313	0.00875	0.00932	0.00724	0.00980	0.05916	0.00594	0.58083	0.01371	0.22128	0.00920	0.00885	0.00632	0.00402	0.00332	0.00100	0.00358	0.00306	0.02598	0.00554
21	0.90579	0.00649	0.00493	0.00441	0.00649	0.00753	0.00363	0.00986	0.00571	0.01505	0.00467	0.00545	0.00363	0.00311	0.00208	0.00104	0.00260	0.00182	0.00208	0.00363
22	0.00830	0.00797	0.01362	0.02059	0.86117	0.00797	0.01030	0.01030	0.00764	0.01096	0.00631	0.00830	0.00531	0.00299	0.00332	0.00100	0.00399	0.00299	0.00166	0.00531
23	0.00834	0.00721	0.00759	0.00683	0.00872	0.00834	0.00531	0.01783	0.85511	0.01403	0.01365	0.01252	0.01024	0.00455	0.00341	0.00114	0.00266	0.00379	0.00341	0.00531
24	0.00834	0.00721	0.00759	0.00683	0.00872	0.00834	0.00531	0.01783	0.85511	0.01403	0.01365	0.01252	0.01024	0.00455	0.00341	0.00114	0.00266	0.00379	0.00341	0.00531
25	0.00950	0.00778	0.00824	0.00706	0.00917	0.00889	0.00559	0.23633	0.63472	0.01590	0.01218	0.01135	0.00905	0.00441	0.00340	0.00110	0.00293	0.00359	0.00340	0.00541
26	0.00647	0.00319	0.00324	0.00320	0.00403	0.00317	0.00241	0.00803	0.00710	0.03388	0.01100	0.01248	0.00859	0.00391	0.00237	0.00079	0.00160	0.00313	0.87821	0.00319
27	0.00923	0.00765	0.00808	0.00701	0.00906	0.00876	0.00552	0.18474	0.68676	0.01546	0.01253	0.01162	0.00933	0.00445	0.00340	0.00111	0.00286	0.00364	0.00340	0.00539
28	0.00830	0.00797	0.01362	0.02059	0.86117	0.00797	0.01030	0.01030	0.00764	0.01096	0.00631	0.00830	0.00531	0.00299	0.00332	0.00100	0.00399	0.00299	0.00166	0.00531
29	0.00414	0.00296	0.00395	0.00473	0.00495	0.00277	0.00321	0.00476	0.00648	0.00862	0.01846	0.84613	0.02207	0.01046	0.00430	0.00137	0.00199	0.04279	0.00311	0.00274
30	0.01505	0.00571	0.00779	0.00597	0.00856	0.00493	0.00493	0.01635	0.00960	0.86349	0.01324	0.01142	0.00830	0.00415	0.00337	0.00104	0.00285	0.00337	0.00415	0.00571
31	0.00503	0.00395	0.00586	0.14678	0.00845	0.00441	0.00469	0.00648	0.00699	0.00980	0.28419	0.06510	0.01599	0.01453	0.38464	0.00300	0.01989	0.00462	0.00243	0.00317
32	0.00574	0.00490	0.00704	0.00652	0.00686	0.00629	0.00520	0.00664	0.00525	0.00778	0.00731	0.01131	0.00702	0.04833	0.50541	0.03211	0.31806	0.00338	0.00168	0.00315
33	0.00479	0.00359	0.00537	0.00537	0.00596	0.00418	0.00417	0.00598	0.00539	0.00777	0.00901	0.01328	0.00843	0.03528	0.85874	0.00537	0.00892	0.00361	0.00180	0.00298
34	0.00788	0.00827	0.02813	0.02833	0.04648	0.00790	0.58005	0.09324	0.00846	0.01146	0.00842	0.09896	0.00737	0.00402	0.00400	0.00115	0.01595	0.03346	0.00204	0.00442
35	0.00797	0.00706	0.01131	0.36643	0.38034	0.00775	0.00914	0.06592	0.04412	0.03959	0.00706	0.00943	0.00559	0.00344	0.00337	0.00107	0.00405	0.01982	0.00189	0.00466
36	0.00727	0.00692	0.01175	0.46827	0.42156	0.00770	0.00978	0.00939	0.00715	0.00971	0.00613	0.00864	0.00487	0.00318	0.00334	0.00106	0.00424	0.00299	0.00157	0.00448
37	0.77691	0.00786	0.00559	0.00502	0.00705	0.13177	0.00404	0.01037	0.00626	0.01407	0.00475	0.00554	0.00373	0.00316	0.00221	0.00101	0.00309	0.00187	0.00203	0.00367
38	0.00529	0.00309	0.00402	0.00404	0.00406	0.00309	0.00250	0.00466	0.00470	0.00628	0.00864	0.04449	0.00956	0.44377	0.02702	0.41393	0.00314	0.00412	0.00180	0.00181
39	0.00822	0.00789	0.01347	0.05617	0.82623	0.00795	0.01026	0.01022	0.00760	0.01086	0.00630	0.00833	0.00528	0.00300	0.00332	0.00100	0.00401	0.00299	0.00165	0.00525
40	0.00928	0.00641	0.00727	0.00620	0.00808	0.00687	0.00490	0.14661	0.38137	0.15438	0.21485	0.01463	0.01432	0.00495	0.00353	0.00108	0.00260	0.00415	0.00359	0.00493
41	0.26703	0.00444	0.00427	0.00387	0.00527	0.00464	0.00306	0.00954	0.00699	0.12606	0.00944	0.01033	0.00713	0.00371	0.00240	0.00089	0.00203	0.00278	0.52252	0.00362
42	0.00415	0.00300	0.00395	0.00468	0.00496	0.00279	0.00320	0.00480	0.00656	0.00867	0.01936	0.78487	0.07107	0.01033	0.00428	0.00136	0.00199	0.05411	0.00311	0.00275
43	0.00452	0.00342	0.00417	0.00398	0.00487	0.00307	0.00299	0.00589	0.00896	0.01219	0.62091	0.02715	0.27093	0.00733	0.00396	0.00108	0.00162	0.00636	0.00353	0.00307
44	0.00644	0.00318	0.00322	0.00319	0.00401	0.00316	0.00240	0.00800	0.00709	0.03034	0.01099	0.01249	0.00859	0.00391	0.00237	0.00079	0.00159	0.00313	0.88193	0.00318
45	0.04073	0.00573	0.00770	0.00592	0.00850	0.00501	0.00489	0.01616	0.00949	0.83904	0.01299	0.01125	0.00817	0.00412	0.00334	0.00104	0.00285	0.00333	0.00409	0.00565
46	0.00897	0.88411	0.01758	0.00574	0.00861	0.01327	0.00574	0.01005	0.00682	0.00789	0.00466	0.00538	0.00431	0.00287	0.00215	0.00072	0.00359	0.00179	0.00144	0.00431
47	0.00834	0.00721	0.00759	0.00683	0.00872	0.00834	0.00531	0.01783	0.85511	0.01403	0.01365	0.01252	0.01024	0.00455	0.00341	0.00114	0.00266	0.00379	0.00341	0.00531
48	0.00488	0.00326	0.00369	0.00369	0.00371	0.00327	0.00208	0.00490	0.00489	0.00653	0.01054	0.02178	0.01212	0.86483	0.03423	0.00330	0.00337	0.00485	0.00203	0.00205
49	0.00634	0.00596	0.01006	0.87403	0.02311	0.00745	0.00932	0.00857	0.00671	0.00857	0.00596	0.00894	0.00447	0.00335	0.00335	0.00112	0.00447	0.00298	0.00149	0.00373
50	0.01505	0.00571	0.00779	0.00597	0.00856	0.00493	0.00493	0.01635	0.00960	0.86349	0.01324	0.01142	0.00830	0.00415	0.00337	0.00104	0.00285	0.00337	0.00415	0.00571
51	0.90579	0.00649	0.00493	0.00441	0.00649	0.00753	0.00363	0.00986	0.00571	0.01505	0.00467	0.00545	0.00363	0.00311	0.00208	0.00104	0.00260	0.00182	0.00208	0.00363
52	0.01505	0.00571	0.00779	0.00597	0.00856	0.00493	0.00493	0.01635	0.00960	0.86349	0.01324	0.01142	0.00830	0.00415	0.00337	0.00104	0.00285	0.00337	0.00415	0.00571
53	0.00487	0.00331	0.00393	0.00393	0.00402	0.00340	0.00237	0.00505	0.00496	0.00670	0.01033	0.02060	0.01161	0.74943	0.14893	0.00358	0.00414	0.00468	0.00200	0.00218
54	0.00897	0.88411	0.01758	0.00574	0.00861	0.01327	0.00574	0.01005	0.00682	0.00789	0.00466	0.00538	0.00431	0.00287	0.00215	0.00072	0.00359	0.00179	0.00144	0.00431
55	0.00792	0.00905	0.01980	0.01414	0.01753	0.00848	0.84898	0.01075	0.00792	0.01075	0.00679	0.00905	0.00509	0.00283	0.00396	0.00113	0.00566	0.00396	0.00170	0.00452
56	0.00436	0.00322	0.00411	0.00471	0.00508	0.00308	0.00322	0.00552	0.05631	0.00913	0.05611	0.74909	0.06369	0.00990	0.00420	0.00132	0.00196	0.00893	0.00316	0.00290
57	0.00819	0.00785	0.01341	0.07056	0.81210	0.00794	0.01024	0.01020	0.00758	0.01082	0.00629	0.00834	0.00526	0.00301	0.00332	0.00100	0.00401	0.00299	0.00165	0.00522
58	0.00792	0.00905	0.01980	0.01414	0.01753	0.00848	0.84898	0.01075	0.00792	0.01075	0.00679	0.00905	0.00509	0.00283	0.00396	0.00113	0.00566	0.00396	0.00170	0.00452
59	0.01255	0.01560	0.00954	0.00859	0.01037	0.81838	0.00648	0.06237	0.00987	0.00897	0.00535	0.00617	0.00440	0.00349	0.00304	0.00087	0.00591	0.00221	0.00182	0.00400
60	0.01472	0.00569	0.00767	0.00590	0.00844	0.00496	0.00487	0.02995	0.00962	0.82134	0.01307	0.01140	0.00827	0.00414	0.00334	0.00103	0.00283	0.00336	0.03377	0.00562
61	0.00760	0.00649	0.00682	0.00616	0.00792	0.00727	0.00478	0.04461	0.64862	0.01331	0.02978	0.01638	0.17517	0.00533	0.00353	0.00113	0.00249	0.00444	0.00336	0.00481
62	0.00822	0.00788	0.01346	0.05870	0.82375	0.00795	0.01025	0.01022	0.00760	0.01085	0.00630	0.00833	0.00528	0.00301	0.00332	0.00100	0.00401	0.00299	0.00165	0.00524
63	0.01467	0.00563	0.00765	0.00589	0.00843	0.00486	0.00486	0.01597	0.00957	0.83330	0.02863	0.01203	0.02376	0.00428	0.00339	0.00104	0.00281	0.00349	0.00413	0.00561
64	0.00749	0.00744	0.01135	0.49014	0.30393	0.07024	0.01976	0.00952	0.00720	0.00936	0.00599	0.00848	0.00475	0.00330	0.00353	0.00107	0.02767	0.00294	0.00157	0.00428
65	0.00406	0.00340	0.00352	0.00349	0.00459	0.00287	0.00262	0.00499	0.00786	0.00957	0.12884	0.03146	0.76463	0.00831	0.00396	0.00112	0.00169	0.00696	0.00318	0.00287
66	0.00743	0.00595	0.00701	0.00503	0.00799	0.00450	0.00403	0.00891	0.00711	0.06085	0.00639	0.00722	0.00516	0.00258	0.00254	0.00053	0.00251	0.00207	0.00211	0.85009
67	0.00485	0.00336	0.00419	0.00419	0.00438	0.00354	0.00270	0.00522	0.00504	0.00690	0.01008	0.01925	0.01102	0.61757	0.27999	0.00391	0.00502	0.00448	0.00196	0.00233
68	0.00480	0.00356	0.00519	0.00519	0.00573	0.00409	0.00395	0.00586	0.00533	0.00764	0.00917	0.01418	0.00882	0.12288	0.77168	0.00515	0.00833	0.00374	0.00182	0.00289
69	0.90579	0.00649	0.00493	0.00441	0.00649	0.00753	0.00363	0.00986	0.00571	0.01505	0.00467	0.00545	0.00363	0.00311	0.00208	0.00104	0.00260	0.00182	0.00208	0.00363
70	0.01275	0.00940	0.01007	0.00772	0.01040	0.01040	0.00638	0.84998	0.01577	0.02114	0.00805	0.00805	0.00571	0.00403	0.00336	0.00101	0.00369	0.00302	0.00336	0.00571
71	0.00477	0.00361	0.00533	0.00539	0.00592	0.00417	0.00414	0.00587	0.00553	0.00791	0.01019	0.13531	0.01021	0.02251	0.72084	0.00470	0.03424	0.00441	0.00197	0.00298
72	0.00830	0.00706	0.00748	0.00671	0.00856	0.00810	0.00522	0.05767	0.76073	0.01411	0.02462	0.04497	0.02179	0.00483	0.00346	0.00114	0.00265	0.00404	0.00340	0.00517
73	0.00687	0.01637	0.76482	0.01010	0.01488	0.00787	0.11130	0.01064	0.00718	0.01064	0.00611	0.00732	0.00435	0.00314	0.00328	0.00107	0.00504	0.00265	0.00145	0.00491
74	0.00716	0.00571	0.00650	0.00606	0.00760	0.00614	0.00483	0.02235	0.44169	0.03427	0.14731	0.02009	0.04448	0.00591	0.00372	0.00117	0.00255	0.17848	0.00332	0.05062
75	0.00919	0.83106	0.01709	0.00592	0.00872	0.06555	0.00579	0.01025	0.00698	0.00791	0.00470	0.00542	0.00431	0.00291	0.00221	0.00073	0.00374	0.00182	0.00145	0.00428
76	0.00696	0.00596	0.00696	0.00497	0.00795	0.00447	0.00398	0.00845	0.00696	0.01093	0.00596	0.00696	0.00497	0.00248	0.00248	0.00050	0.00248	0.00199	0.00199	0.90260
77	0.00621	0.00376	0.00494	0.00446	0.00551	0.00341	0.00341	0.00774	0.00948	0.13518	0.72281	0.02324	0.04369	0.00650	0.00387	0.00105	0.00177	0.00570	0.00375	0.00352
78	0.00714	0.00563	0.01738	0.01963	0.19814	0.02388	0.01666	0.04096	0.05451	0.09176	0.32691	0.01883	0.15367	0.00556	0.00367	0.00105	0.00262	0.00486	0.00304	0.00411
79	0.00424	0.00341	0.00378	0.00369	0.00470	0.00295	0.00277	0.00535	0.00830	0.01062	0.32595	0.02973	0.56687	0.00792	0.00396	0.00111	0.00166	0.00672	0.00332	0.00295
80	0.01457	0.00601	0.00792	0.00611	0.00867	0.00542	0.00503	0.07927	0.03444	0.76588	0.02229	0.01135	0.00842	0.00418	0.00338	0.00104	0.00290	0.00339	0.00407	0.00567
81	0.03603	0.01928	0.05193	0.08162	0.06655	0.00728	0.13397	0.16107	0.04314	0.25687	0.00917	0.01030	0.00673	0.06214	0.02322	0.00130	0.01843	0.00335	0.00276	0.00487
82	0.00800	0.21715	0.50485	0.00851	0.01251	0.01856	0.05885	0.02188	0.02731	0.06606	0.00665	0.02364	0.00508	0.00334	0.00303	0.00099	0.00443	0.00263	0.00172	0.00479
83	0.90579	0.00649	0.00493	0.00441	0.00649	0.00753	0.00363	0.00986	0.00571	0.01505	0.00467	0.00545	0.00363	0.00311	0.00208	0.00104	0.00260	0.00182	0.00208	0.00363
84	0.00467	0.00343	0.00437	0.00414	0.00496	0.00313	0.00310	0.00617	0.00931	0.01300	0.77418	0.02581	0.11715	0.00703	0.00396	0.00106	0.00159	0.00617	0.00363	0.00313
85	0.00945	0.22164	0.34198	0.00814	0.02295	0.02987	0.06074	0.02883	0.04382	0.19028	0.00761	0.00795	0.00547	0.00337	0.00304	0.00098	0.00412	0.00266	0.00215	0.00494
86	0.00794	0.00765	0.03674	0.04305	0.63961	0.00746	0.01913	0.03961	0.01748	0.01114	0.00809	0.01257	0.00733	0.00396	0.00352	0.00108	0.00389	0.12288	0.00193	0.00494
87	0.00488	0.00325	0.00366	0.00366	0.00366	0.00325	0.00203	0.00488	0.00488	0.00651	0.01057	0.02195	0.01220	0.88209	0.01708	0.00325	0.00325	0.00488	0.00203	0.00203
88	0.00807	0.00769	0.01297	0.06033	0.77047	0.00778	0.00987	0.01023	0.02752	0.01096	0.02819	0.00911	0.01530	0.00320	0.00335	0.00101	0.00389	0.00313	0.00176	0.00516
89	0.00908	0.01973	0.07236	0.04164	0.50609	0.14617	0.08022	0.03040	0.00814	0.03737	0.00648	0.00825	0.00525	0.00319	0.00332	0.00100	0.00449	0.01011	0.00178	0.00494
90	0.00705	0.05640	0.78529	0.00942	0.01414	0.03854	0.02259	0.01070	0.00717	0.01042	0.00594	0.00699	0.00427	0.00318	0.00314	0.00104	0.00494	0.00246	0.00143	0.00489
91	0.17365	0.00901	0.01001	0.25628	0.25590	0.20992	0.00786	0.01043	0.00743	0.01035	0.00562	0.00742	0.00452	0.00326	0.00313	0.00101	0.01573	0.00258	0.00170	0.00420
92	0.00488	0.00327	0.00373	0.00373	0.00375	0.00329	0.00212	0.00492	0.00490	0.00656	0.01051	0.02161	0.01205	0.84796	0.05101	0.00334	0.00348	0.00483	0.00202	0.00207
93	0.00713	0.17163	0.71393	0.00888	0.01347	0.00877	0.01121	0.01052	0.00704	0.01014	0.00578	0.00678	0.00426	0.00313	0.00300	0.00100	0.00471	0.00236	0.00142	0.00484
94	0.00421	0.00342	0.00372	0.00369	0.00471	0.00295	0.00278	0.00523	0.00801	0.01004	0.21996	0.03063	0.62565	0.02610	0.00426	0.00117	0.00175	0.03560	0.00322	0.00290
95	0.00400	0.00340	0.00345	0.00344	0.00455	0.00285	0.00258	0.00488	0.00773	0.00926	0.07176	0.03196	0.82191	0.00842	0.00396	0.00113	0.00169	0.00703	0.00314	0.00285
96	0.00399	0.00340	0.00344	0.00343	0.00455	0.00284	0.00257	0.00487	0.00771	0.00922	0.06359	0.03203	0.83010	0.00844	0.00396	0.00113	0.00170	0.00704	0.00314	0.00284
97	0.00475	0.00343	0.00448	0.00422	0.00501	0.00317	0.00317	0.00633	0.00950	0.01345	0.85940	0.02506	0.03166	0.00686	0.00396	0.00106	0.00158	0.00607	0.00369	0.00317
98	0.00897	0.88411	0.01758	0.00574	0.00861	0.01327	0.00574	0.01005	0.00682	0.00789	0.00466	0.00538	0.00431	0.00287	0.00215	0.00072	0.00359	0.00179	0.00144	0.00431
99	0.00834	0.00721	0.00759	0.00683	0.00872	0.00834	0.00531	0.01783	0.85511	0.01403	0.01365	0.01252	0.01024	0.00455	0.00341	0.00114	0.00266	0.00379	0.00341	0.00531
100	0.01275	0.00940	0.01007	0.00772	0.01040	0.01040	0.00638	0.84998	0.01577	0.02114	0.00805	0.00805	0.00571	0.00403	0.00336	0.00101	0.00369	0.00302	0.00336	0.00571
101	0.90579	0.00649	0.00493	0.00441	0.00649	0.00753	0.00363	0.00986	0.00571	0.01505	0.00467	0.00545	0.00363	0.00311	0.00208	0.00104	0.00260	0.00182	0.00208	0.00363
102	0.00634	0.00596	0.01006	0.87403	0.02311	0.00745	0.00932	0.00857	0.00671	0.00857	0.00596	0.00894	0.00447	0.00335	0.00335	0.00112	0.00447	0.00298	0.00149	0.00373
103	0.00734	0.00734	0.01028	0.00881	0.00881	0.01028	0.00734	0.00807	0.00514	0.00807	0.00440	0.00734	0.00440	0.00587	0.01101	0.00147	0.87595	0.00294	0.00147	0.00367
104	0.00762	0.00737	0.01260	0.28035	0.51278	0.00798	0.04806	0.00965	0.00721	0.01004	0.00611	0.00847	0.00499	0.00328	0.00385	0.00107	0.05926	0.00303	0.00160	0.00469
105	0.00792	0.00905	0.01980	0.01414	0.01753	0.00848	0.84898	0.01075	0.00792	0.01075	0.00679	0.00905	0.00509	0.00283	0.00396	0.00113	0.00566	0.00396	0.00170	0.00452
106	0.00673	0.01735	0.86471	0.00956	0.01452	0.00779	0.01240	0.01062	0.00708	0.01062	0.00602	0.00708	0.00425	0.00319	0.00319	0.00106	0.00496	0.00248	0.00142	0.00496
107	0.00875	0.31711	0.34999	0.00828	0.03044	0.00985	0.05601	0.09499	0.02382	0.06205	0.00638	0.00709	0.00484	0.00322	0.00291	0.00094	0.00420	0.00247	0.00184	0.00484
108	0.01094	0.07482	0.23913	0.00815	0.01147	0.01917	0.04763	0.40676	0.01155	0.12610	0.00784	0.00806	0.00551	0.00367	0.00325	0.00101	0.00403	0.00287	0.00270	0.00533
109	0.00409	0.00292	0.00389	0.00467	0.00487	0.00273	0.00311	0.00467	0.00642	0.00856	0.01849	0.87991	0.02219	0.01051	0.00428	0.00136	0.00195	0.00954	0.00311	0.00273
110	0.00488	0.00325	0.00366	0.00366	0.00366	0.00325	0.00203	0.00488	0.00488	0.00651	0.01057	0.02195	0.01220	0.88209	0.01708	0.00325	0.00325	0.00488	0.00203	0.00203
111	0.00774	0.05430	0.47458	0.02766	0.02480	0.00812	0.18412	0.01158	0.09225	0.05912	0.00727	0.00826	0.00528	0.00333	0.00345	0.00107	0.01742	0.00296	0.00184	0.00488
112	0.00673	0.01735	0.86471	0.00956	0.01452	0.00779	0.01240	0.01062	0.00708	0.01062	0.00602	0.00708	0.00425	0.00319	0.00319	0.00106	0.00496	0.00248	0.00142	0.00496
113	0.00541	0.00386	0.00541	0.00618	0.00695	0.00386	0.00541	0.00695	0.00772	0.01004	0.01776	0.03784	0.01931	0.00927	0.00463	0.00154	0.00309	0.83859	0.00309	0.00309
114	0.00480	0.00366	0.00482	0.03585	0.03009	0.00357	0.00369	0.00642	0.06098	0.01076	0.31755	0.41421	0.06492	0.00826	0.00404	0.00121	0.00201	0.01677	0.00324	0.00316
115	0.00834	0.07645	0.19457	0.01187	0.01549	0.00841	0.54105	0.01113	0.00780	0.08141	0.00700	0.00856	0.00512	0.00302	0.00361	0.00108	0.00512	0.00344	0.00182	0.00470
116	0.00431	0.00340	0.00388	0.00378	0.00475	0.00298	0.00283	0.00548	0.00844	0.01099	0.39702	0.04322	0.48136	0.00781	0.00397	0.00110	0.00165	0.00668	0.00337	0.00298
117	0.16152	0.03909	0.01060	0.00782	0.01045	0.00866	0.14312	0.37421	0.01115	0.16849	0.00806	0.00834	0.00569	0.00392	0.01308	0.00108	0.01376	0.00300	0.00291	0.00506
118	0.01088	0.05717	0.09399	0.00913	0.05811	0.44481	0.05638	0.02272	0.11642	0.07644	0.00712	0.00770	0.00549	0.00357	0.00326	0.00096	0.01664	0.00265	0.00210	0.00447
119	0.03002	0.00564	0.01830	0.00580	0.00817	0.00490	0.00480	0.01496	0.03401	0.70731	0.11738	0.01297	0.01110	0.00447	0.00342	0.00104	0.00271	0.00368	0.00400	0.00534
120	0.00443	0.00342	0.00405	0.00389	0.00482	0.00303	0.00292	0.00572	0.00876	0.01170	0.52880	0.02796	0.36335	0.00751	0.00396	0.00109	0.00163	0.00647	0.00346	0.00303
121	0.00851	0.00859	0.03479	0.04850	0.35937	0.04862	0.21397	0.05114	0.14044	0.02133	0.02618	0.00942	0.00655	0.00338	0.00349	0.00105	0.00425	0.00337	0.00209	0.00496
122	0.00699	0.00601	0.00710	0.00531	0.02648	0.00455	0.00411	0.00849	0.00697	0.01093	0.00597	0.00699	0.00498	0.00250	0.00250	0.00051	0.00252	0.00201	0.00198	0.88312
123	0.00973	0.58203	0.02444	0.00680	0.02127	0.21003	0.00606	0.03573	0.02361	0.00855	0.00518	0.00602	0.00457	0.00362	0.02144	0.00089	0.02212	0.00204	0.00161	0.00425
124	0.00956	0.01157	0.04216	0.01021	0.01246	0.37918	0.30601	0.02940	0.00858	0.00963	0.00752	0.05687	0.00675	0.00413	0.00376	0.00106	0.02721	0.06796	0.00192	0.00406
125	0.00646	0.00549	0.00582	0.00540	0.00690	0.00590	0.00414	0.01213	0.47507	0.01221	0.10148	0.03910	0.29388	0.00621	0.00367	0.00113	0.00222	0.00522	0.00334	0.00423
126	0.00444	0.00345	0.00382	0.00372	0.00477	0.00297	0.00279	0.00551	0.00821	0.02890	0.27589	0.04566	0.58210	0.00796	0.00396	0.00111	0.00169	0.00675	0.00331	0.00299
127	0.00500	0.00355	0.00478	0.00520	0.00567	0.00364	0.00403	0.00597	0.00638	0.00851	0.01425	0.12170	0.01564	0.24269	0.17468	0.00272	0.00414	0.36614	0.00256	0.00275
128	0.00485	0.00346	0.00447	0.00420	0.00503	0.00317	0.00315	0.00638	0.00939	0.02522	0.79828	0.02530	0.08063	0.00692	0.00395	0.00106	0.00161	0.00609	0.00367	0.00318
129	0.00471	0.00336	0.00458	0.00534	0.00579	0.00326	0.00414	0.00572	0.00698	0.00919	0.01799	0.47639	0.02066	0.02887	0.00472	0.00149	0.00250	0.38837	0.00308	0.00288

[dist]
# distance from previous block
# <min> <max>
0	3

[block]
# block no. 5 follows, 84 sequences, length 49
# corresponding to MSA columns:
# 618-624,691-732
name=unknown_F
#
# <colnr> <probs for GDERKNQSTAVLIFYWHMCP>
#	G	D	E	R	K	N	Q	S	T	A	V	L	I	F	Y	W	H	M	C	P
0	0.00878	0.63741	0.01646	0.00992	0.24867	0.01178	0.00702	0.01012	0.00705	0.00876	0.00513	0.00620	0.00459	0.00290	0.00248	0.00080	0.00370	0.00213	0.00150	0.00459
1	0.07222	0.00603	0.00748	0.00568	0.00835	0.00527	0.00465	0.05808	0.00893	0.52184	0.01034	0.00958	0.00691	0.00361	0.00304	0.00088	0.00278	0.00286	0.00336	0.25811
2	0.00972	0.00743	0.00820	0.00687	0.00879	0.03277	0.00552	0.40669	0.17326	0.03811	0.00945	0.01038	0.00736	0.01007	0.24704	0.00226	0.00503	0.00331	0.00290	0.00481
3	0.00419	0.00341	0.00370	0.00363	0.00467	0.00293	0.00272	0.00524	0.00817	0.01030	0.26640	0.03025	0.62662	0.00804	0.00396	0.00111	0.00167	0.00680	0.00328	0.00293
4	0.65327	0.25360	0.00849	0.00479	0.00709	0.00914	0.00423	0.00991	0.00602	0.01304	0.00467	0.00543	0.00382	0.00305	0.00210	0.00095	0.00287	0.00181	0.00190	0.00382
5	0.00684	0.00732	0.01532	0.01147	0.01397	0.00686	0.61081	0.00904	0.00750	0.01013	0.01008	0.25426	0.00991	0.00499	0.00405	0.00120	0.00461	0.00553	0.00210	0.00402
6	0.01141	0.00540	0.00736	0.00581	0.00804	0.00475	0.05579	0.04273	0.00917	0.54062	0.01850	0.01703	0.24778	0.00529	0.00358	0.00107	0.00273	0.00444	0.00368	0.00483
7	0.01164	0.00594	0.00697	0.00557	0.00762	0.00591	0.00453	0.24840	0.01053	0.35922	0.01106	0.01081	0.00767	0.00404	0.00305	0.00095	0.00269	0.00320	0.28532	0.00490
8	0.00599	0.01329	0.62233	0.00819	0.01180	0.00636	0.00978	0.00895	0.00690	0.01004	0.00953	0.25285	0.00930	0.00525	0.00350	0.00115	0.00411	0.00447	0.00189	0.00433
9	0.04344	0.00716	0.01068	0.01103	0.24955	0.00701	0.08443	0.11984	0.02766	0.35096	0.02017	0.01710	0.00703	0.00376	0.00348	0.00104	0.01606	0.00329	0.00296	0.01336
10	0.00804	0.00853	0.01636	0.01208	0.01505	0.00844	0.61143	0.01274	0.24646	0.01167	0.00872	0.01003	0.00654	0.00331	0.00381	0.00113	0.00481	0.00391	0.00218	0.00475
11	0.01184	0.00703	0.00830	0.00629	0.00900	0.00669	0.00515	0.28839	0.03343	0.32369	0.00949	0.00909	0.00656	0.00365	0.00312	0.00088	0.00302	0.00288	0.00326	0.25824
12	0.00706	0.00592	0.00951	0.24705	0.32464	0.00625	0.00762	0.03039	0.00736	0.05532	0.01006	0.25406	0.01001	0.00530	0.00360	0.00114	0.00348	0.00485	0.00220	0.00418
13	0.01441	0.00675	0.00843	0.00646	0.00908	0.00647	0.00534	0.25108	0.01134	0.62631	0.01178	0.01047	0.00757	0.00412	0.00337	0.00103	0.00309	0.00327	0.00393	0.00571
14	0.00488	0.00325	0.00366	0.00366	0.00366	0.00325	0.00203	0.00488	0.00488	0.00651	0.01057	0.02195	0.01220	0.88209	0.01708	0.00325	0.00325	0.00488	0.00203	0.00203
15	0.00805	0.01067	0.25311	0.01693	0.58614	0.00803	0.01072	0.04655	0.00783	0.01130	0.00630	0.00795	0.00503	0.00309	0.00329	0.00102	0.00425	0.00285	0.00166	0.00523
16	0.00796	0.22828	0.54911	0.00858	0.01277	0.00902	0.05011	0.02264	0.00734	0.06575	0.00622	0.00706	0.00459	0.00317	0.00299	0.00098	0.00450	0.00245	0.00164	0.00484
17	0.00967	0.00757	0.01032	0.03827	0.21322	0.00867	0.00734	0.15822	0.12460	0.12820	0.00801	0.00901	0.00618	0.00437	0.00551	0.00116	0.24914	0.00314	0.00248	0.00492
18	0.00841	0.00481	0.00580	0.00492	0.00655	0.00448	0.00389	0.11560	0.00980	0.24937	0.28400	0.02115	0.25506	0.00621	0.00372	0.00107	0.00224	0.00522	0.00362	0.00410
19	0.03365	0.54027	0.01271	0.00564	0.00764	0.07961	0.00500	0.00880	0.00689	0.00831	0.00860	0.25168	0.00932	0.00508	0.00282	0.00092	0.00330	0.00400	0.00195	0.00381
20	0.00454	0.00336	0.00385	0.00378	0.00438	0.00312	0.00257	0.00528	0.00704	0.00926	0.24840	0.02589	0.29211	0.33686	0.03374	0.00203	0.00246	0.00588	0.00283	0.00263
21	0.47771	0.00624	0.00697	0.24960	0.01160	0.00707	0.00551	0.02201	0.00684	0.16835	0.00665	0.00756	0.00475	0.00338	0.00269	0.00106	0.00319	0.00245	0.00231	0.00407
22	0.01361	0.00803	0.00922	0.00707	0.00972	0.00837	0.00584	0.54066	0.01348	0.33370	0.00998	0.00930	0.00667	0.00407	0.00336	0.00102	0.00338	0.00315	0.00365	0.00571
23	0.00423	0.00327	0.00385	0.00399	0.00476	0.00290	0.00289	0.00521	0.00784	0.01019	0.26760	0.26887	0.38519	0.00859	0.00405	0.00118	0.00174	0.00748	0.00328	0.00290
24	0.00422	0.00345	0.00400	0.00400	0.00496	0.00322	0.00304	0.00519	0.00705	0.00883	0.05227	0.03674	0.58454	0.01316	0.24748	0.00233	0.00375	0.00610	0.00276	0.00289
