[name]
unknown

[dist]
# distance from previous block
# <min> <max>
2	502

[block]
# block no. 0 follows, 65 sequences, length 47
# corresponding to MSA columns:
# 550-596
name=unknown_A
#
# <colnr> <probs for GDERKNQSTAVLIFYWHMCP>
#	G	D	E	R	K	N	Q	S	T	A	V	L	I	F	Y	W	H	M	C	P
0	0.08069	0.13620	0.22427	0.01011	0.03728	0.09768	0.06427	0.03381	0.08019	0.05884	0.00943	0.01061	0.03478	0.02016	0.00494	0.00132	0.08407	0.00347	0.00243	0.00547
1	0.03240	0.07025	0.12851	0.06663	0.08615	0.00797	0.00769	0.09257	0.04979	0.09265	0.12376	0.05373	0.12894	0.01721	0.02273	0.00144	0.00399	0.00512	0.00324	0.00523
2	0.04250	0.04952	0.05049	0.16481	0.13977	0.05156	0.03633	0.06603	0.05006	0.05290	0.08295	0.09693	0.02486	0.00656	0.03176	0.01887	0.00457	0.00478	0.00282	0.02195
3	0.08452	0.00646	0.00805	0.21252	0.01281	0.02426	0.00645	0.06438	0.08767	0.02455	0.04263	0.20137	0.05625	0.03899	0.08569	0.00201	0.00443	0.01629	0.01628	0.00441
4	0.14161	0.00803	0.03272	0.53876	0.02173	0.00933	0.02434	0.02313	0.09371	0.01271	0.00833	0.02673	0.00650	0.00447	0.00420	0.00137	0.03158	0.00369	0.00225	0.00481
5	0.00948	0.03914	0.01165	0.17019	0.20532	0.02827	0.03224	0.06324	0.10040	0.05947	0.07921	0.04585	0.07042	0.03375	0.00483	0.00141	0.00422	0.03262	0.00299	0.00531
6	0.02317	0.00598	0.00784	0.08469	0.05308	0.03641	0.01627	0.00996	0.04679	0.09901	0.04402	0.16063	0.10017	0.02439	0.18826	0.05279	0.01880	0.00593	0.01753	0.00429
7	0.01184	0.00636	0.00781	0.00649	0.00872	0.00602	0.00518	0.09876	0.06956	0.33030	0.23878	0.02246	0.15632	0.00689	0.00444	0.00130	0.00292	0.00578	0.00455	0.00551
8	0.05986	0.00659	0.00768	0.00648	0.00867	0.00644	0.00512	0.12109	0.07505	0.27794	0.11626	0.06260	0.18109	0.04024	0.00499	0.00143	0.00308	0.00577	0.00425	0.00536
9	0.00752	0.00457	0.00561	0.00551	0.00662	0.00417	0.00399	0.02820	0.00933	0.13894	0.10847	0.31226	0.22244	0.10167	0.00660	0.00174	0.00268	0.02174	0.00394	0.00399
10	0.01283	0.00766	0.00894	0.00731	0.00958	0.00794	0.00581	0.30106	0.05844	0.21541	0.08782	0.02885	0.01222	0.05804	0.03644	0.04991	0.00386	0.00449	0.07771	0.00567
11	0.00612	0.00421	0.00486	0.00481	0.00522	0.00425	0.00308	0.00704	0.03509	0.00990	0.08418	0.02597	0.08155	0.54818	0.09625	0.00350	0.00417	0.00596	0.06265	0.00303
12	0.04955	0.00499	0.00631	0.00567	0.00708	0.00460	0.00421	0.01048	0.00891	0.25706	0.10155	0.09993	0.14179	0.10018	0.00846	0.17243	0.00306	0.00589	0.00367	0.00416
13	0.02862	0.00542	0.00686	0.00614	0.00770	0.00509	0.00461	0.04311	0.03657	0.27967	0.13148	0.19966	0.06582	0.09221	0.00695	0.06171	0.00303	0.00659	0.00405	0.00469
14	0.00629	0.00448	0.00546	0.00543	0.00646	0.00421	0.00401	0.01801	0.05032	0.04363	0.32905	0.21482	0.19933	0.03877	0.00543	0.00151	0.00237	0.04197	0.01455	0.00390
15	0.00773	0.00465	0.00584	0.00554	0.00675	0.00440	0.00412	0.00911	0.02376	0.14884	0.12998	0.14141	0.21063	0.10790	0.14501	0.00254	0.00405	0.00695	0.02669	0.00408
16	0.00535	0.00395	0.00478	0.00511	0.00593	0.00353	0.00363	0.00643	0.00916	0.02677	0.18414	0.40364	0.30062	0.01102	0.00501	0.00149	0.00221	0.00970	0.00397	0.00355
17	0.08715	0.00447	0.00517	0.00536	0.00615	0.00440	0.00375	0.01640	0.01977	0.03698	0.13207	0.36506	0.08291	0.15977	0.00754	0.00193	0.00273	0.02106	0.03373	0.00359
18	0.00589	0.00405	0.00500	0.00525	0.00607	0.00365	0.00372	0.00695	0.00912	0.05639	0.18574	0.40569	0.23161	0.04431	0.00562	0.00159	0.00234	0.00943	0.00397	0.00364
19	0.82535	0.00818	0.00646	0.00567	0.00827	0.00945	0.00467	0.06702	0.00783	0.01893	0.00600	0.00689	0.00462	0.00389	0.00265	0.00127	0.00327	0.00232	0.00265	0.00462
20	0.00545	0.00402	0.00505	0.00521	0.00600	0.00369	0.00377	0.00680	0.00982	0.01330	0.39839	0.26922	0.16529	0.04872	0.00572	0.00156	0.00225	0.03808	0.00408	0.00358
21	0.00851	0.00730	0.00851	0.00608	0.00973	0.00547	0.00486	0.01034	0.00851	0.01338	0.00730	0.00851	0.00608	0.00304	0.00304	0.00061	0.00304	0.00243	0.00243	0.88083
22	0.00617	0.00421	0.00536	0.00575	0.00649	0.00395	0.00414	0.03414	0.00904	0.04605	0.10632	0.50038	0.14188	0.01139	0.00546	0.03191	0.00255	0.06725	0.00387	0.00366
23	0.00713	0.00357	0.00535	0.00535	0.00535	0.00357	0.00357	0.00535	0.00535	0.00713	0.00713	0.01248	0.00713	0.01426	0.01604	0.88057	0.00357	0.00357	0.00178	0.00178
24	0.00670	0.00395	0.00587	0.00627	0.03416	0.00406	0.00415	0.00603	0.00604	0.00822	0.00992	0.11249	0.01035	0.04979	0.16748	0.55025	0.00487	0.00477	0.00213	0.00250
25	0.00902	0.00852	0.02607	0.16630	0.45163	0.00883	0.02680	0.03876	0.00918	0.01278	0.03557	0.04561	0.03100	0.00633	0.04948	0.01531	0.03544	0.01556	0.00228	0.00552
26	0.00918	0.00746	0.00818	0.00766	0.00946	0.00836	0.00583	0.04655	0.55110	0.03131	0.01787	0.21200	0.01601	0.02451	0.00479	0.00151	0.00312	0.02537	0.00406	0.00564
27	0.01021	0.00882	0.00928	0.00835	0.01067	0.01021	0.00650	0.02181	0.82272	0.01717	0.01671	0.01532	0.01253	0.00557	0.00418	0.00139	0.00325	0.00464	0.00418	0.00650
28	0.01210	0.01284	0.24518	0.00942	0.01314	0.02454	0.00920	0.18789	0.28539	0.13864	0.01233	0.01192	0.00878	0.00486	0.00407	0.00131	0.00443	0.00387	0.00356	0.00652
29	0.00617	0.00504	0.00556	0.00532	0.00671	0.00487	0.00402	0.00947	0.16520	0.01382	0.27009	0.06415	0.40634	0.00897	0.00473	0.00137	0.00227	0.00764	0.00409	0.00416
30	0.00684	0.00637	0.03972	0.00832	0.00971	0.00660	0.09687	0.00858	0.00709	0.01028	0.00985	0.01439	0.00901	0.04096	0.56904	0.00495	0.09112	0.00424	0.00215	0.05390
31	0.00775	0.00730	0.01231	0.84587	0.02827	0.00912	0.01140	0.01049	0.00821	0.01049	0.00730	0.01094	0.00547	0.00410	0.00410	0.00137	0.00547	0.00365	0.00182	0.00456
32	0.01447	0.00642	0.00855	0.00693	0.00937	0.00587	0.00558	0.04564	0.02332	0.54823	0.18249	0.07447	0.01698	0.00634	0.00457	0.00131	0.02336	0.00530	0.00475	0.00603
33	0.01132	0.02354	0.09183	0.03902	0.03010	0.06051	0.02083	0.18153	0.02141	0.09385	0.00878	0.00995	0.00674	0.00559	0.03541	0.03675	0.05097	0.00325	0.00286	0.26576
34	0.00502	0.00361	0.00476	0.00565	0.00594	0.00335	0.00379	0.00577	0.00800	0.01065	0.04275	0.80335	0.05685	0.01266	0.00522	0.00165	0.00236	0.01146	0.00383	0.00335
35	0.00851	0.00730	0.00851	0.00608	0.00973	0.00547	0.00486	0.01034	0.00851	0.01338	0.00730	0.00851	0.00608	0.00304	0.00304	0.00061	0.00304	0.00243	0.00243	0.88083
36	0.00788	0.00509	0.00671	0.00634	0.00748	0.00528	0.00485	0.05273	0.00888	0.11699	0.08282	0.15374	0.11278	0.06554	0.29567	0.00338	0.03683	0.01948	0.00334	0.00418
37	0.03303	0.21955	0.13050	0.03865	0.03448	0.07040	0.10520	0.16405	0.02492	0.07954	0.00818	0.00920	0.00623	0.00428	0.00429	0.00120	0.05460	0.00331	0.00259	0.00580
38	0.06236	0.08720	0.27325	0.04756	0.04347	0.00939	0.19065	0.02645	0.00867	0.02541	0.01978	0.01085	0.00697	0.00886	0.15913	0.00226	0.00665	0.00371	0.00210	0.00528
39	0.00536	0.00429	0.00486	0.00505	0.00629	0.00380	0.00400	0.00669	0.00961	0.01192	0.11781	0.04017	0.56132	0.01041	0.00504	0.00149	0.00246	0.19199	0.00388	0.00358
40	0.02462	0.04672	0.19236	0.08202	0.09216	0.09684	0.04840	0.09353	0.03121	0.07853	0.06738	0.05896	0.01079	0.00538	0.00417	0.00131	0.00491	0.05236	0.00283	0.00549
41	0.08095	0.20302	0.11185	0.00957	0.01315	0.04351	0.12618	0.16198	0.01114	0.15491	0.00906	0.00974	0.00667	0.00514	0.03450	0.00138	0.00510	0.00339	0.00289	0.00587
42	0.00549	0.00367	0.00497	0.00561	0.00588	0.00353	0.00380	0.00577	0.00731	0.00974	0.01946	0.57543	0.05872	0.03185	0.06711	0.17279	0.00324	0.00932	0.00327	0.00304
43	0.04167	0.08936	0.02806	0.02667	0.03211	0.08864	0.08303	0.17663	0.01131	0.19723	0.00955	0.01072	0.00718	0.02774	0.01842	0.01616	0.12305	0.00365	0.00310	0.00571
44	0.02250	0.17952	0.12497	0.01040	0.05545	0.12735	0.08561	0.11840	0.06902	0.06631	0.00966	0.03952	0.00803	0.02099	0.00418	0.00126	0.00505	0.03115	0.00271	0.01793
45	0.19297	0.05896	0.00938	0.00799	0.02533	0.15771	0.03838	0.06867	0.08621	0.01400	0.03198	0.19125	0.02632	0.03589	0.00469	0.00142	0.01688	0.02432	0.00301	0.00466
46	0.03927	0.05654	0.10388	0.10753	0.19684	0.05172	0.13972	0.02818	0.00931	0.01287	0.05409	0.10415	0.01035	0.00515	0.00418	0.00128	0.00490	0.02044	0.00242	0.04717

[dist]
# distance from previous block
# <min> <max>
0	13

[block]
# block no. 1 follows, 65 sequences, length 6
# corresponding to MSA columns:
# 610-615
name=unknown_B
#
# <colnr> <probs for GDERKNQSTAVLIFYWHMCP>
#	G	D	E	R	K	N	Q	S	T	A	V	L	I	F	Y	W	H	M	C	P
0	0.00622	0.00472	0.00547	0.00522	0.00639	0.00443	0.00387	0.07601	0.01074	0.01423	0.34329	0.13459	0.30710	0.05233	0.00565	0.00150	0.00237	0.00799	0.00405	0.00386
1	0.04155	0.00689	0.05268	0.03997	0.00948	0.00679	0.00605	0.07744	0.08813	0.06657	0.07473	0.17116	0.03975	0.03832	0.19253	0.00266	0.05414	0.00582	0.00322	0.02213
2	0.00595	0.00441	0.00526	0.00521	0.00617	0.00411	0.00378	0.05088	0.01001	0.01329	0.30256	0.21766	0.25716	0.05165	0.00614	0.03749	0.00239	0.00831	0.00392	0.00365
3	0.03815	0.04703	0.16976	0.02995	0.09166	0.00698	0.02987	0.01005	0.00920	0.04531	0.18960	0.11110	0.05543	0.00883	0.07212	0.00179	0.02553	0.04988	0.00302	0.00474
4	0.01095	0.00681	0.00803	0.00724	0.03144	0.00694	0.00535	0.13285	0.15967	0.18604	0.03785	0.11941	0.03666	0.12556	0.00652	0.00167	0.00334	0.00547	0.07824	0.02994
5	0.06265	0.11505	0.03176	0.00867	0.07318	0.04719	0.05019	0.04542	0.05111	0.05980	0.09487	0.07821	0.03395	0.02394	0.00415	0.00117	0.00376	0.00440	0.01857	0.19195

[dist]
# distance from previous block
# <min> <max>
34	73

[block]
# block no. 2 follows, 65 sequences, length 6
# corresponding to MSA columns:
# 745-750
name=unknown_C
#
# <colnr> <probs for GDERKNQSTAVLIFYWHMCP>
#	G	D	E	R	K	N	Q	S	T	A	V	L	I	F	Y	W	H	M	C	P
0	0.00649	0.00496	0.00607	0.05660	0.00795	0.03042	0.00468	0.02436	0.00906	0.03475	0.16846	0.24771	0.14311	0.08121	0.10097	0.00226	0.00387	0.05980	0.00352	0.00375
1	0.02347	0.00648	0.00806	0.00721	0.00875	0.03476	0.06488	0.02641	0.19114	0.03564	0.30475	0.11408	0.04155	0.05943	0.02413	0.00166	0.00334	0.03582	0.00386	0.00460
2	0.00722	0.02941	0.04654	0.00654	0.02400	0.06278	0.00503	0.04025	0.05685	0.01300	0.24522	0.11421	0.15787	0.11410	0.05709	0.00198	0.00368	0.00667	0.00347	0.00409
3	0.00634	0.00581	0.03914	0.13290	0.05577	0.00574	0.02858	0.00784	0.00809	0.01097	0.06748	0.34693	0.06757	0.04749	0.10432	0.00222	0.04830	0.00755	0.00298	0.00396
4	0.00644	0.03558	0.17878	0.00761	0.03562	0.00565	0.02979	0.00850	0.00926	0.01280	0.25331	0.24604	0.09036	0.05492	0.00554	0.00154	0.00336	0.00731	0.00334	0.00425
5	0.00782	0.00641	0.05239	0.05730	0.00928	0.02433	0.01883	0.04368	0.04809	0.07660	0.12042	0.26944	0.10735	0.02687	0.00590	0.07319	0.00325	0.00712	0.00348	0.03823

[dist]
# distance from previous block
# <min> <max>
13	27

[block]
# block no. 3 follows, 65 sequences, length 6
# corresponding to MSA columns:
# 796-801
name=unknown_D
#
# <colnr> <probs for GDERKNQSTAVLIFYWHMCP>
#	G	D	E	R	K	N	Q	S	T	A	V	L	I	F	Y	W	H	M	C	P
0	0.00890	0.00489	0.00599	0.00539	0.00702	0.00428	0.00411	0.01019	0.01018	0.24070	0.19348	0.09728	0.32814	0.05389	0.00554	0.00150	0.00257	0.00725	0.00424	0.00447
1	0.00671	0.00492	0.00644	0.04602	0.00779	0.00530	0.00471	0.00873	0.07657	0.03528	0.15606	0.11007	0.04027	0.20998	0.21203	0.00329	0.03400	0.02488	0.00314	0.00380
2	0.00715	0.00571	0.00666	0.00637	0.00722	0.04511	0.00473	0.07391	0.00892	0.01199	0.14580	0.11368	0.05863	0.18203	0.23715	0.00335	0.04423	0.03050	0.00307	0.00379
3	0.03491	0.09570	0.03252	0.21639	0.03453	0.08736	0.00814	0.17801	0.04509	0.05349	0.00835	0.00963	0.00636	0.00411	0.00367	0.00111	0.00464	0.00320	0.00270	0.17008
4	0.14211	0.13423	0.07985	0.00756	0.03347	0.02796	0.00649	0.10253	0.05311	0.05682	0.06440	0.06425	0.05550	0.00520	0.00361	0.00114	0.00368	0.00407	0.02260	0.13143
5	0.07303	0.08981	0.13858	0.00968	0.05343	0.23168	0.02488	0.10682	0.01075	0.06242	0.01066	0.03882	0.06361	0.02216	0.00412	0.00122	0.00511	0.00371	0.00265	0.04685

[dist]
# distance from previous block
# <min> <max>
28	87

[block]
# block no. 4 follows, 65 sequences, length 17
# corresponding to MSA columns:
# 914-919,923-933
name=unknown_E
#
# <colnr> <probs for GDERKNQSTAVLIFYWHMCP>
#	G	D	E	R	K	N	Q	S	T	A	V	L	I	F	Y	W	H	M	C	P
0	0.00906	0.00594	0.00769	0.00677	0.00839	0.00615	0.00527	0.11883	0.00915	0.11698	0.01161	0.03728	0.01028	0.10593	0.42199	0.00414	0.00734	0.00441	0.00292	0.09986
1	0.01369	0.04319	0.04009	0.02460	0.07015	0.02310	0.07055	0.38784	0.08003	0.14265	0.01121	0.04421	0.00842	0.00503	0.00427	0.00127	0.01544	0.00414	0.00368	0.00645
2	0.05741	0.07672	0.05300	0.01929	0.06546	0.00790	0.03322	0.07951	0.03480	0.06829	0.00920	0.06207	0.00777	0.00422	0.00350	0.00096	0.00371	0.00347	0.00276	0.40671
3	0.10666	0.04340	0.01292	0.01202	0.13398	0.14724	0.08725	0.07054	0.14353	0.06986	0.00945	0.01092	0.00748	0.00481	0.00505	0.00132	0.10603	0.01912	0.00280	0.00562
4	0.00568	0.00422	0.00585	0.00594	0.00667	0.00447	0.00446	0.00703	0.00791	0.01099	0.16134	0.12979	0.08509	0.06560	0.45392	0.00435	0.00702	0.02308	0.00300	0.00358
5	0.00970	0.24704	0.12620	0.06635	0.05930	0.05489	0.02872	0.01153	0.00784	0.01056	0.00622	0.00857	0.00550	0.00551	0.02230	0.00145	0.31830	0.00313	0.00182	0.00506
6	0.00509	0.00383	0.00472	0.00522	0.00588	0.00346	0.00364	0.00609	0.00886	0.01162	0.15925	0.50650	0.23794	0.01149	0.00507	0.00153	0.00223	0.01019	0.00393	0.00346
7	0.00985	0.00778	0.00836	0.00753	0.00941	0.03726	0.00583	0.17815	0.28777	0.04115	0.12212	0.18317	0.04301	0.00752	0.00451	0.00140	0.00330	0.03240	0.00406	0.00540
8	0.00564	0.00406	0.00463	0.00475	0.00525	0.00384	0.00313	0.00622	0.00760	0.00983	0.07680	0.09868	0.22388	0.45847	0.01344	0.00281	0.00322	0.06161	0.00316	0.00299
9	0.01367	0.01090	0.01111	0.00901	0.01183	0.05828	0.00724	0.50954	0.25420	0.02179	0.01178	0.01192	0.00879	0.03507	0.00470	0.00137	0.00429	0.00399	0.00396	0.00656
10	0.00527	0.00377	0.00486	0.00549	0.00599	0.00350	0.00382	0.00629	0.00867	0.01173	0.15438	0.59483	0.09517	0.01159	0.00507	0.00156	0.00231	0.03638	0.03586	0.00347
11	0.00607	0.00406	0.00513	0.00542	0.00597	0.00384	0.00376	0.00697	0.00841	0.04363	0.16630	0.33578	0.06889	0.23669	0.00932	0.00221	0.00288	0.07764	0.00363	0.00340
12	0.01203	0.01311	0.01064	0.01014	0.05730	0.37010	0.00741	0.05866	0.21280	0.01331	0.06574	0.04533	0.02344	0.00554	0.00484	0.00127	0.07604	0.00411	0.00296	0.00525
13	0.23110	0.00838	0.03093	0.00701	0.01041	0.02484	0.05916	0.02308	0.00859	0.05627	0.00743	0.00849	0.00586	0.00344	0.00314	0.00090	0.00355	0.00266	0.00257	0.50217
14	0.14174	0.36551	0.13488	0.07551	0.03865	0.03441	0.03791	0.07708	0.02120	0.02920	0.00695	0.00808	0.00556	0.00386	0.00324	0.00111	0.00470	0.00278	0.00219	0.00543
15	0.25047	0.00744	0.00783	0.00607	0.00912	0.00685	0.00489	0.06138	0.00910	0.07937	0.03629	0.01063	0.03464	0.01987	0.00351	0.00099	0.00315	0.00302	0.00289	0.44250
16	0.00916	0.07519	0.19681	0.06042	0.09528	0.04529	0.10142	0.02291	0.10919	0.02955	0.04319	0.09147	0.02536	0.00586	0.01871	0.00143	0.05614	0.00464	0.00258	0.00540

[dist]
# distance from previous block
# <min> <max>
0	4

[block]
# block no. 5 follows, 65 sequences, length 8
# corresponding to MSA columns:
# 949-956
name=unknown_F
#
# <colnr> <probs for GDERKNQSTAVLIFYWHMCP>
#	G	D	E	R	K	N	Q	S	T	A	V	L	I	F	Y	W	H	M	C	P
0	0.00887	0.14261	0.05742	0.02943	0.12882	0.00875	0.03561	0.02503	0.00852	0.01218	0.00886	0.01074	0.03971	0.00691	0.09501	0.00159	0.06074	0.00328	0.00222	0.31372
1	0.02691	0.09865	0.00859	0.03829	0.00874	0.02313	0.00518	0.10842	0.01130	0.08955	0.31553	0.11546	0.11917	0.00754	0.00439	0.00129	0.00300	0.00638	0.00386	0.00464
2	0.03694	0.09209	0.03291	0.02794	0.09665	0.03293	0.03175	0.23437	0.09915	0.07437	0.06322	0.01165	0.00928	0.00548	0.01636	0.00137	0.12062	0.00386	0.00316	0.00588
3	0.00707	0.00387	0.00577	0.06549	0.00691	0.00400	0.00403	0.00577	0.00561	0.00745	0.00766	0.01366	0.00771	0.08932	0.01562	0.73863	0.00374	0.00379	0.00185	0.00204
4	0.01088	0.39893	0.07883	0.00978	0.08797	0.14413	0.03163	0.01255	0.00911	0.04130	0.00849	0.09975	0.00800	0.00473	0.00345	0.00108	0.00482	0.00366	0.00222	0.03871
5	0.00642	0.00472	0.00527	0.00505	0.00650	0.00420	0.00379	0.02780	0.03914	0.06394	0.10926	0.15740	0.49801	0.00964	0.00475	0.00138	0.00234	0.00820	0.00393	0.03826
6	0.00996	0.07973	0.35055	0.14572	0.05450	0.00993	0.03715	0.09179	0.00979	0.06900	0.00804	0.00949	0.00592	0.00412	0.00420	0.00124	0.03653	0.00327	0.00229	0.06678
7	0.12592	0.04499	0.08196	0.04699	0.05612	0.11710	0.04074	0.08212	0.03886	0.14864	0.01134	0.02970	0.04015	0.00566	0.02169	0.00139	0.03153	0.04180	0.00301	0.03030

[dist]
# distance from previous block
# <min> <max>
0	8

[block]
# block no. 6 follows, 65 sequences, length 32
# corresponding to MSA columns:
# 965-996
name=unknown_G
#
# <colnr> <probs for GDERKNQSTAVLIFYWHMCP>
#	G	D	E	R	K	N	Q	S	T	A	V	L	I	F	Y	W	H	M	C	P
0	0.00816	0.00537	0.00692	0.00642	0.00780	0.00519	0.02637	0.09100	0.02857	0.11305	0.19203	0.30033	0.12267	0.01024	0.04256	0.00167	0.00315	0.02005	0.00403	0.00443
1	0.00981	0.07712	0.23314	0.09771	0.12579	0.09914	0.13075	0.04951	0.02613	0.01275	0.02053	0.05750	0.00754	0.00458	0.00436	0.00128	0.03069	0.00398	0.00220	0.00551
2	0.02130	0.14744	0.20855	0.13175	0.07193	0.06128	0.04928	0.03307	0.10641	0.06729	0.03159	0.01121	0.02507	0.00444	0.00394	0.00124	0.01248	0.00361	0.00251	0.00563
3	0.00628	0.00493	0.00706	0.00679	0.00755	0.00570	0.00526	0.00759	0.00669	0.00972	0.01086	0.04970	0.01055	0.07834	0.62977	0.00545	0.08804	0.00461	0.00226	0.05289
4	0.00555	0.00408	0.00502	0.00538	0.00608	0.00381	0.00392	0.00663	0.00878	0.01151	0.16293	0.25213	0.20141	0.15739	0.00787	0.00198	0.00276	0.14568	0.00370	0.00339
5	0.07670	0.11526	0.13634	0.02262	0.11956	0.01068	0.15636	0.13288	0.09883	0.03732	0.00958	0.04898	0.00772	0.00452	0.00397	0.00127	0.00486	0.00399	0.00270	0.00587
6	0.05716	0.00790	0.00940	0.00722	0.03412	0.00662	0.02724	0.08714	0.00951	0.01483	0.00749	0.00866	0.00609	0.00329	0.00319	0.00074	0.00335	0.00264	0.00258	0.70083
7	0.00628	0.00404	0.00505	0.00531	0.00578	0.00383	0.00357	0.00686	0.00776	0.05498	0.07406	0.33867	0.07534	0.30345	0.01096	0.03514	0.00306	0.04919	0.00339	0.00325
8	0.00606	0.00474	0.00640	0.12998	0.00970	0.00498	0.00516	0.00828	0.09303	0.01157	0.08574	0.54006	0.02288	0.04467	0.00556	0.00166	0.00296	0.00917	0.00356	0.00385
9	0.03244	0.20329	0.09741	0.12648	0.06386	0.14466	0.08305	0.06370	0.05730	0.04331	0.04124	0.01012	0.00750	0.00422	0.00375	0.00118	0.00523	0.00340	0.00241	0.00543
10	0.01023	0.01010	0.14894	0.07527	0.15741	0.05302	0.02878	0.03466	0.03764	0.14719	0.04605	0.08954	0.01124	0.07818	0.03066	0.00171	0.01455	0.01652	0.00293	0.00537
11	0.00520	0.00371	0.00480	0.00547	0.00579	0.00350	0.00364	0.00595	0.00795	0.01063	0.08559	0.63075	0.05838	0.12250	0.02414	0.00203	0.00272	0.01032	0.00366	0.00328
12	0.08144	0.01086	0.03427	0.06389	0.08805	0.04473	0.03652	0.46848	0.03498	0.05039	0.00959	0.02709	0.00722	0.00517	0.01774	0.00134	0.00474	0.00377	0.00343	0.00628
13	0.07244	0.02624	0.03167	0.00752	0.01022	0.02047	0.02957	0.06301	0.07097	0.08371	0.01936	0.03346	0.05057	0.00566	0.02520	0.00124	0.09283	0.02515	0.00294	0.32778
14	0.00610	0.00422	0.00515	0.00524	0.00615	0.00390	0.00375	0.00735	0.02239	0.05838	0.18262	0.28482	0.25051	0.08654	0.05196	0.00196	0.00290	0.00855	0.00382	0.00368
15	0.07287	0.00784	0.00929	0.00768	0.00976	0.00849	0.00621	0.24422	0.02734	0.19225	0.16992	0.06148	0.03910	0.00646	0.00548	0.00136	0.11574	0.00499	0.00395	0.00556
16	0.02796	0.11103	0.04429	0.01026	0.01282	0.58955	0.04446	0.03301	0.06848	0.01123	0.00720	0.00813	0.00586	0.00421	0.00367	0.00109	0.00657	0.00287	0.00225	0.00507
17	0.00586	0.00396	0.00463	0.00471	0.00481	0.00395	0.00278	0.00608	0.00644	0.00866	0.05107	0.10917	0.01706	0.70210	0.04908	0.00372	0.00399	0.00655	0.00270	0.00268
18	0.01184	0.01038	0.01074	0.05482	0.01236	0.08239	0.00745	0.22981	0.42578	0.01787	0.01252	0.01241	0.00944	0.00534	0.00491	0.00135	0.07669	0.00407	0.00365	0.00620
19	0.00551	0.00415	0.00512	0.00505	0.00606	0.00375	0.00378	0.00709	0.01057	0.01430	0.51014	0.11310	0.24424	0.00947	0.00492	0.00138	0.00209	0.04132	0.00423	0.00371
20	0.01050	0.46115	0.10937	0.04326	0.19997	0.01308	0.02934	0.01299	0.04180	0.03342	0.00720	0.00846	0.00600	0.00373	0.00331	0.00107	0.00472	0.00289	0.00201	0.00572
21	0.01277	0.01009	0.01073	0.00887	0.01165	0.01141	0.00712	0.39966	0.44069	0.02131	0.01345	0.01272	0.00989	0.00526	0.00414	0.00132	0.00385	0.00419	0.00414	0.00673
22	0.03126	0.01110	0.02225	0.01602	0.02001	0.02375	0.69587	0.08500	0.01055	0.02966	0.00850	0.01085	0.00631	0.00364	0.00469	0.00136	0.00656	0.00463	0.00233	0.00565
23	0.00611	0.00433	0.00527	0.00506	0.00601	0.00405	0.00371	0.02415	0.02950	0.01284	0.35100	0.02902	0.26675	0.04834	0.00770	0.17012	0.00249	0.01647	0.00366	0.00342
24	0.00718	0.00725	0.03943	0.01133	0.10110	0.00650	0.24605	0.00934	0.02415	0.01216	0.05788	0.33668	0.10697	0.00814	0.00487	0.00147	0.00409	0.00781	0.00307	0.00453
25	0.00606	0.00455	0.00663	0.00655	0.00712	0.00515	0.01626	0.00712	0.00684	0.00969	0.04041	0.12831	0.01342	0.10130	0.51929	0.05422	0.05559	0.00553	0.00247	0.00349
26	0.04635	0.00540	0.00769	0.03827	0.00861	0.00615	0.04169	0.03189	0.00725	0.01053	0.01174	0.10139	0.01193	0.16368	0.39855	0.00433	0.07621	0.02212	0.00246	0.00375
27	0.01419	0.00885	0.00933	0.00781	0.01019	0.12977	0.00623	0.06608	0.08737	0.39383	0.10588	0.04132	0.03353	0.00596	0.00466	0.00130	0.04208	0.02154	0.00419	0.00588
28	0.04584	0.15749	0.04822	0.03289	0.01139	0.01840	0.01990	0.14090	0.11804	0.10971	0.03917	0.01436	0.01008	0.00515	0.00396	0.00119	0.01605	0.08052	0.00325	0.12348
29	0.00561	0.00416	0.00515	0.00555	0.00620	0.00383	0.00377	0.01697	0.02100	0.01075	0.02147	0.58953	0.08950	0.11805	0.00698	0.00184	0.00265	0.00974	0.00354	0.07370
30	0.25801	0.05851	0.08118	0.00962	0.06567	0.16923	0.02926	0.09768	0.04313	0.07056	0.02812	0.00923	0.00678	0.00444	0.00405	0.00124	0.05208	0.00312	0.00271	0.00536
31	0.04921	0.00507	0.00652	0.02239	0.00762	0.00479	0.02435	0.02153	0.00950	0.06844	0.28762	0.17163	0.08440	0.07804	0.06217	0.00188	0.00330	0.00685	0.00366	0.08103

[dist]
# distance from previous block
# <min> <max>
5	21

[block]
# block no. 7 follows, 65 sequences, length 8
# corresponding to MSA columns:
# 1023-1030
name=unknown_H
#
# <colnr> <probs for GDERKNQSTAVLIFYWHMCP>
#	G	D	E	R	K	N	Q	S	T	A	V	L	I	F	Y	W	H	M	C	P
0	0.02579	0.09255	0.08313	0.07182	0.07270	0.04567	0.02910	0.18812	0.23350	0.05310	0.01063	0.01103	0.00798	0.00461	0.00405	0.00124	0.01790	0.00368	0.00316	0.04025
1	0.01023	0.00993	0.15223	0.01175	0.17052	0.00795	0.02983	0.11222	0.01050	0.10703	0.09326	0.03123	0.01182	0.00622	0.00551	0.06853	0.03476	0.07151	0.00301	0.05198
2	0.03174	0.14182	0.30338	0.05012	0.03188	0.08304	0.03978	0.07482	0.05311	0.01315	0.02959	0.00992	0.00696	0.02485	0.00511	0.00133	0.08833	0.00334	0.00223	0.00550
3	0.03918	0.23380	0.04772	0.00887	0.04372	0.10976	0.02976	0.12252	0.01087	0.08745	0.11309	0.04738	0.02446	0.00532	0.00438	0.00119	0.05822	0.00405	0.00294	0.00532
4	0.00651	0.06016	0.07728	0.00632	0.00752	0.00487	0.00509	0.00769	0.00830	0.06316	0.02102	0.62129	0.07350	0.01084	0.00486	0.00154	0.00288	0.00965	0.00358	0.00393
5	0.09305	0.00951	0.05388	0.00847	0.01188	0.00869	0.08530	0.26063	0.01226	0.11512	0.01127	0.01163	0.05871	0.00449	0.00379	0.00110	0.00404	0.00367	0.00329	0.23923
6	0.03414	0.06397	0.05568	0.03364	0.01223	0.01112	0.06974	0.13797	0.04504	0.04444	0.00845	0.04393	0.00734	0.00754	0.06120	0.00183	0.35003	0.00399	0.00253	0.00518
7	0.00736	0.00631	0.05972	0.00719	0.05941	0.00552	0.00526	0.03091	0.06950	0.05348	0.24339	0.09148	0.12693	0.18893	0.00826	0.00192	0.02013	0.00655	0.00354	0.00423

[dist]
# distance from previous block
# <min> <max>
8	138

[block]
# block no. 8 follows, 65 sequences, length 13
# corresponding to MSA columns:
# 1211-1223
name=unknown_I
#
# <colnr> <probs for GDERKNQSTAVLIFYWHMCP>
#	G	D	E	R	K	N	Q	S	T	A	V	L	I	F	Y	W	H	M	C	P
0	0.06845	0.05442	0.01107	0.02220	0.03280	0.13768	0.05364	0.12818	0.04405	0.12961	0.01060	0.07177	0.00895	0.02732	0.10201	0.00194	0.05109	0.00418	0.00304	0.03701
1	0.07343	0.00878	0.00928	0.00710	0.01027	0.05581	0.00571	0.14193	0.03204	0.03429	0.02490	0.00932	0.00697	0.00387	0.00374	0.00088	0.03833	0.00288	0.00282	0.52766
2	0.04910	0.04267	0.00888	0.00718	0.00946	0.02685	0.00572	0.08187	0.31330	0.17257	0.13537	0.01599	0.01452	0.00557	0.00398	0.00126	0.00321	0.00455	0.09216	0.00579
3	0.00543	0.00394	0.00479	0.00517	0.00597	0.00352	0.00365	0.00644	0.00896	0.03424	0.13585	0.45121	0.29340	0.01123	0.00503	0.00151	0.00225	0.00990	0.00394	0.00355
4	0.01361	0.01638	0.01230	0.07098	0.01383	0.58560	0.03685	0.04928	0.01081	0.01084	0.00648	0.00814	0.00542	0.00468	0.00531	0.00121	0.13832	0.00299	0.00213	0.00483
5	0.00554	0.00380	0.00460	0.00502	0.00513	0.00369	0.00307	0.00586	0.00680	0.00907	0.01721	0.39151	0.02032	0.48373	0.01398	0.00296	0.00327	0.00849	0.00307	0.00286
6	0.00944	0.00498	0.00637	0.00576	0.00739	0.00439	0.00444	0.01087	0.01049	0.27021	0.24646	0.15845	0.20658	0.00859	0.00470	0.00138	0.00258	0.02784	0.00440	0.00467
7	0.00609	0.00415	0.00505	0.00517	0.00618	0.00369	0.00374	0.00723	0.00945	0.07122	0.19859	0.33669	0.30659	0.01050	0.00494	0.00146	0.00226	0.00919	0.00405	0.00376
8	0.00582	0.00433	0.00617	0.00610	0.00686	0.00475	0.00466	0.00729	0.00769	0.01092	0.17991	0.02054	0.04601	0.07034	0.59336	0.00518	0.00843	0.00526	0.00275	0.00364
9	0.00631	0.00445	0.00524	0.00498	0.00600	0.00416	0.00358	0.00791	0.04158	0.04973	0.32596	0.03062	0.25982	0.19857	0.03160	0.00207	0.00281	0.00712	0.00381	0.00368
10	0.11171	0.00681	0.00764	0.00593	0.00888	0.00571	0.00467	0.01023	0.03014	0.01420	0.09708	0.07172	0.01110	0.00448	0.00336	0.00086	0.00289	0.00367	0.00282	0.59608
11	0.04934	0.14433	0.11108	0.00819	0.01181	0.07735	0.00750	0.22240	0.02505	0.04229	0.00802	0.00870	0.00618	0.00395	0.00344	0.00100	0.00438	0.00290	0.00277	0.25932
12	0.00932	0.01650	0.04226	0.05919	0.04997	0.02447	0.06839	0.03294	0.04156	0.10722	0.03095	0.10744	0.03895	0.00608	0.01290	0.00127	0.01440	0.02484	0.23678	0.07457

[dist]
# distance from previous block
# <min> <max>
7	36

[block]
# block no. 9 follows, 65 sequences, length 14
# corresponding to MSA columns:
# 1267-1280
name=unknown_J
#
# <colnr> <probs for GDERKNQSTAVLIFYWHMCP>
#	G	D	E	R	K	N	Q	S	T	A	V	L	I	F	Y	W	H	M	C	P
0	0.04024	0.00943	0.01086	0.00841	0.01158	0.00977	0.00693	0.43159	0.05224	0.35658	0.01265	0.01171	0.00847	0.00499	0.00408	0.00126	0.00400	0.00388	0.00447	0.00689
1	0.00625	0.00390	0.00485	0.00492	0.00499	0.00392	0.00304	0.00594	0.00602	0.00804	0.01204	0.05051	0.01352	0.55901	0.04785	0.22267	0.00407	0.03364	0.00239	0.00243
2	0.00599	0.00482	0.00626	0.00654	0.00710	0.00517	0.00492	0.00736	0.03623	0.01122	0.06316	0.44453	0.13655	0.01100	0.00641	0.00165	0.12918	0.10465	0.00355	0.00372
3	0.00964	0.00723	0.00792	0.00666	0.00866	0.00747	0.00525	0.34720	0.01385	0.01835	0.20296	0.04399	0.24879	0.04687	0.00529	0.00143	0.00317	0.00624	0.00403	0.00499
4	0.01017	0.00724	0.00868	0.00628	0.00985	0.00557	0.00506	0.01195	0.00905	0.15043	0.00878	0.00942	0.00676	0.00338	0.00322	0.00072	0.00312	0.00272	0.00287	0.73471
5	0.00906	0.00957	0.01903	0.29080	0.10381	0.00974	0.44373	0.01212	0.00913	0.01231	0.00788	0.01086	0.00600	0.00368	0.00446	0.00134	0.00611	0.00425	0.00200	0.03412
6	0.00705	0.00362	0.00543	0.00543	0.00548	0.00367	0.00367	0.00548	0.00543	0.00729	0.00738	0.01271	0.00733	0.01533	0.06950	0.82383	0.00405	0.00362	0.00181	0.00190
7	0.88473	0.00794	0.00603	0.00540	0.00794	0.00921	0.00445	0.01207	0.00699	0.01842	0.00572	0.00667	0.00445	0.00381	0.00254	0.00127	0.00318	0.00222	0.00254	0.00445
8	0.61017	0.00786	0.00685	0.00607	0.00844	0.00894	0.00493	0.08306	0.08610	0.01859	0.09385	0.01132	0.00954	0.00475	0.00316	0.00130	0.00319	0.02403	0.00307	0.00479
9	0.00546	0.00408	0.00496	0.00492	0.00583	0.00370	0.00356	0.00685	0.01008	0.01359	0.44968	0.14528	0.24222	0.07401	0.00612	0.00157	0.00219	0.00822	0.00408	0.00359
10	0.00674	0.00539	0.00763	0.00729	0.02415	0.00536	0.06966	0.00917	0.07825	0.02704	0.17068	0.10913	0.16878	0.05354	0.09241	0.00215	0.01580	0.13915	0.00356	0.00411
11	0.00515	0.00400	0.00454	0.00472	0.00563	0.00355	0.00334	0.00614	0.00900	0.01146	0.15613	0.23260	0.42991	0.09711	0.00658	0.00170	0.00232	0.00892	0.00379	0.00340
12	0.00902	0.02731	0.00857	0.00768	0.00900	0.18057	0.04710	0.01024	0.00909	0.07918	0.06767	0.26568	0.05448	0.03185	0.14112	0.00230	0.03527	0.00656	0.00310	0.00421
13	0.01408	0.04778	0.01275	0.01258	0.15348	0.52852	0.00851	0.09154	0.01171	0.03333	0.00719	0.00830	0.00582	0.00414	0.00374	0.00108	0.00629	0.00293	0.00237	0.04389

[dist]
# distance from previous block
# <min> <max>
1	27

[block]
# block no. 10 follows, 65 sequences, length 23
# corresponding to MSA columns:
# 1315-1328,1338-1341,1344-1346,1348,1349
name=unknown_K
#
# <colnr> <probs for GDERKNQSTAVLIFYWHMCP>
#	G	D	E	R	K	N	Q	S	T	A	V	L	I	F	Y	W	H	M	C	P
0	0.00926	0.04325	0.26784	0.02021	0.08224	0.05537	0.06494	0.05774	0.02411	0.04323	0.07234	0.01397	0.08092	0.00635	0.03930	0.02266	0.04071	0.00416	0.00256	0.04882
1	0.00830	0.13129	0.15177	0.00740	0.01027	0.02408	0.03144	0.06601	0.03379	0.02388	0.16383	0.06952	0.15864	0.00639	0.00410	0.00120	0.00366	0.00532	0.00310	0.09602
2	0.01090	0.25232	0.06009	0.00832	0.02267	0.10004	0.01722	0.09087	0.02753	0.07585	0.00893	0.01122	0.00757	0.03297	0.15931	0.00220	0.04079	0.01748	0.00252	0.05121
3	0.00795	0.04705	0.02954	0.00724	0.00865	0.01827	0.02973	0.09799	0.04438	0.04725	0.06623	0.39408	0.02108	0.00972	0.00488	0.00154	0.00333	0.15299	0.00372	0.00439
4	0.01068	0.00884	0.03501	0.12609	0.13920	0.08032	0.05120	0.05047	0.08066	0.14611	0.10706	0.08039	0.02605	0.00586	0.00435	0.00133	0.00433	0.03332	0.00329	0.00542
5	0.01043	0.09228	0.11182	0.06219	0.06978	0.02780	0.06688	0.08353	0.04223	0.08058	0.00936	0.01088	0.01872	0.00408	0.00370	0.00105	0.00438	0.02087	0.00267	0.27678
6	0.00788	0.00552	0.00617	0.00552	0.00722	0.03950	0.00426	0.00940	0.01043	0.12528	0.29832	0.04675	0.29309	0.00809	0.00456	0.00127	0.00260	0.02987	0.00402	0.09026
7	0.00664	0.00482	0.00631	0.00681	0.00778	0.00479	0.00563	0.04792	0.00970	0.01272	0.08663	0.11498	0.09259	0.05804	0.02667	0.00198	0.00358	0.49488	0.00375	0.00380
8	0.12634	0.05559	0.09713	0.02165	0.01099	0.05115	0.07056	0.04027	0.04777	0.05327	0.01122	0.15250	0.01055	0.00965	0.12664	0.00210	0.04208	0.01400	0.00274	0.05381
9	0.00856	0.00730	0.00922	0.04196	0.03391	0.02926	0.06780	0.01405	0.30507	0.03809	0.26393	0.03597	0.07267	0.00644	0.00442	0.00131	0.00328	0.00566	0.00382	0.04728
10	0.00582	0.00397	0.00459	0.00475	0.00489	0.00390	0.00287	0.00604	0.00653	0.00862	0.01596	0.13686	0.05600	0.66868	0.01742	0.00346	0.00367	0.04050	0.00278	0.00270
11	0.01058	0.00646	0.00789	0.00734	0.02847	0.00644	0.00545	0.16345	0.07682	0.19994	0.03189	0.34658	0.07417	0.00855	0.00463	0.00144	0.00314	0.00742	0.00415	0.00520
12	0.05271	0.04492	0.01099	0.07165	0.03246	0.07903	0.03401	0.07937	0.19449	0.17296	0.01171	0.01291	0.00895	0.00748	0.08078	0.00181	0.07167	0.02311	0.00332	0.00568
13	0.00972	0.12397	0.06401	0.01436	0.01793	0.03412	0.52835	0.01258	0.00918	0.01224	0.00825	0.01180	0.00681	0.00425	0.00531	0.00137	0.08452	0.04383	0.00208	0.00532
14	0.00510	0.00370	0.00476	0.00557	0.00594	0.00343	0.00379	0.00585	0.00798	0.01049	0.02403	0.70009	0.10681	0.05306	0.00597	0.00176	0.00248	0.04212	0.00375	0.00332
15	0.00732	0.00663	0.03979	0.29727	0.07189	0.00709	0.00786	0.00898	0.00779	0.03002	0.01248	0.18980	0.02677	0.14157	0.03221	0.00203	0.08070	0.02312	0.00252	0.00416
16	0.00951	0.00836	0.02510	0.01322	0.22951	0.00832	0.10036	0.15017	0.07456	0.02572	0.01413	0.23483	0.04294	0.00674	0.00460	0.00137	0.01436	0.00615	0.00314	0.02690
17	0.00506	0.00363	0.00477	0.00566	0.00596	0.00339	0.00381	0.00579	0.00791	0.01048	0.02313	0.77923	0.05988	0.03504	0.00565	0.00172	0.00244	0.02935	0.00377	0.00333
18	0.00537	0.00390	0.00492	0.00557	0.00603	0.00369	0.00386	0.00634	0.02221	0.01060	0.03805	0.54649	0.11686	0.12530	0.00731	0.00195	0.00269	0.08186	0.00365	0.00334
19	0.75288	0.09455	0.04874	0.00588	0.00869	0.00994	0.00524	0.01214	0.00721	0.01726	0.00580	0.00676	0.00457	0.00378	0.00262	0.00123	0.00344	0.00226	0.00242	0.00461
20	0.00666	0.00472	0.00555	0.00552	0.00669	0.00447	0.00407	0.00893	0.09852	0.06833	0.15637	0.25121	0.28405	0.04574	0.00553	0.00156	0.00249	0.03157	0.00399	0.00404
21	0.01019	0.00945	0.09979	0.00807	0.02730	0.00753	0.02199	0.08369	0.11844	0.08593	0.02917	0.01065	0.00805	0.00406	0.00381	0.00097	0.02284	0.00327	0.00299	0.44183
22	0.01117	0.13148	0.20595	0.01106	0.04892	0.11116	0.11792	0.14859	0.07109	0.03362	0.01022	0.01107	0.04733	0.00487	0.01674	0.00130	0.00541	0.00370	0.00261	0.00579

[dist]
# distance from previous block
# <min> <max>
2	20

[block]
# block no. 11 follows, 65 sequences, length 48
# corresponding to MSA columns:
# 1383-1398,1402-1408,1415-1439
name=unknown_L
#
# <colnr> <probs for GDERKNQSTAVLIFYWHMCP>
#	G	D	E	R	K	N	Q	S	T	A	V	L	I	F	Y	W	H	M	C	P
0	0.00660	0.02009	0.00557	0.00546	0.00609	0.03194	0.00385	0.00662	0.00772	0.02743	0.07641	0.22357	0.17976	0.04129	0.00940	0.31349	0.00303	0.02567	0.00303	0.00299
1	0.00901	0.01359	0.31870	0.26633	0.04965	0.04489	0.05849	0.04042	0.11378	0.01308	0.00898	0.01126	0.00682	0.00436	0.00410	0.00134	0.00548	0.02189	0.00225	0.00557
2	0.00514	0.00388	0.00483	0.00531	0.00600	0.00357	0.00376	0.00616	0.00867	0.01134	0.12377	0.46348	0.24742	0.01274	0.05707	0.00186	0.00281	0.02492	0.00379	0.00346
3	0.01210	0.53240	0.04883	0.00852	0.01202	0.04969	0.07262	0.11531	0.01029	0.08051	0.00763	0.00865	0.00623	0.00397	0.00326	0.00103	0.00472	0.01416	0.00240	0.00564
4	0.02458	0.00888	0.01990	0.09825	0.01264	0.00953	0.01308	0.31690	0.17967	0.12793	0.03325	0.01441	0.04454	0.05156	0.00504	0.00144	0.00398	0.00435	0.02405	0.00602
5	0.00585	0.00401	0.00525	0.00583	0.00624	0.00391	0.00405	0.01708	0.00781	0.02918	0.01956	0.52876	0.02261	0.16601	0.07380	0.00248	0.00354	0.08717	0.00347	0.00338
6	0.00820	0.00721	0.03168	0.03543	0.18849	0.00720	0.02606	0.09107	0.05081	0.01362	0.04667	0.23419	0.04472	0.00865	0.02383	0.00161	0.03989	0.13259	0.00322	0.00486
7	0.00784	0.00706	0.01204	0.67480	0.05927	0.00849	0.03910	0.01002	0.00795	0.01028	0.00733	0.01111	0.00575	0.00535	0.00564	0.11287	0.00526	0.00368	0.00184	0.00433
8	0.00791	0.00610	0.00787	0.17016	0.02908	0.02622	0.01748	0.04998	0.05367	0.07573	0.12770	0.16123	0.20559	0.03655	0.00514	0.00148	0.00339	0.00681	0.00350	0.00441
9	0.00860	0.00777	0.01128	0.47019	0.07319	0.02312	0.00955	0.04843	0.13045	0.01270	0.05473	0.01468	0.00966	0.02513	0.00502	0.00145	0.04025	0.04627	0.00256	0.00496
10	0.01114	0.00735	0.00816	0.00691	0.00925	0.00753	0.00549	0.17062	0.21977	0.18305	0.03257	0.02180	0.26906	0.00689	0.00435	0.00133	0.00314	0.00564	0.02031	0.00565
11	0.00821	0.00495	0.00657	0.00612	0.00745	0.00464	0.02185	0.00966	0.02217	0.17967	0.17773	0.27775	0.17852	0.01010	0.03589	0.00164	0.03073	0.00795	0.00405	0.00435
12	0.03094	0.12888	0.35394	0.04847	0.09250	0.04173	0.05762	0.10910	0.03837	0.01406	0.00779	0.00918	0.00595	0.00454	0.01826	0.00133	0.02604	0.00325	0.00220	0.00586
13	0.01080	0.01209	0.01032	0.00934	0.01093	0.39555	0.08263	0.01201	0.00981	0.02990	0.02323	0.27091	0.01300	0.00846	0.05014	0.00161	0.03631	0.00588	0.00273	0.00436
14	0.00575	0.00430	0.00533	0.00578	0.00651	0.00414	0.00414	0.03567	0.04358	0.01198	0.09150	0.52735	0.15474	0.01182	0.02378	0.00169	0.00268	0.05172	0.00386	0.00370
15	0.01063	0.07377	0.07006	0.07472	0.04267	0.04505	0.07232	0.07352	0.08675	0.15113	0.02501	0.16949	0.02456	0.02881	0.00501	0.00142	0.03106	0.00541	0.00325	0.00534
16	0.01141	0.01069	0.07670	0.06154	0.16968	0.04447	0.03880	0.24089	0.13212	0.04375	0.01147	0.04807	0.02797	0.00527	0.00460	0.00133	0.04061	0.02141	0.00315	0.00605
17	0.03521	0.00793	0.00980	0.00769	0.01070	0.00769	0.00629	0.16904	0.09246	0.55296	0.04579	0.01381	0.01076	0.00520	0.00412	0.00128	0.00360	0.00418	0.00473	0.00676
18	0.01094	0.00861	0.02191	0.04038	0.04839	0.02795	0.01810	0.24318	0.20605	0.06908	0.15864	0.04819	0.06222	0.00622	0.00435	0.00132	0.00365	0.01116	0.00394	0.00576
19	0.02359	0.04745	0.16012	0.04852	0.01324	0.02749	0.04601	0.22945	0.17363	0.06690	0.03251	0.06128	0.04073	0.00543	0.00414	0.00131	0.00440	0.00447	0.00337	0.00596
20	0.01081	0.00970	0.00951	0.00847	0.01080	0.07601	0.00659	0.07479	0.67700	0.01700	0.01624	0.01511	0.03843	0.00558	0.00416	0.00135	0.00363	0.00455	0.00400	0.00629
21	0.00511	0.00368	0.00487	0.00579	0.00612	0.00344	0.00398	0.00592	0.00803	0.01063	0.02329	0.76408	0.05758	0.01266	0.00526	0.00167	0.00247	0.06824	0.00381	0.00337
22	0.20818	0.00804	0.04010	0.00917	0.06896	0.00833	0.08355	0.04867	0.14839	0.01403	0.01075	0.04819	0.03755	0.04067	0.00716	0.14665	0.06009	0.00418	0.00271	0.00463
23	0.01582	0.01077	0.01182	0.00910	0.01234	0.01170	0.00751	0.67693	0.04525	0.13989	0.01098	0.01062	0.00762	0.00497	0.00411	0.00124	0.00433	0.00379	0.00425	0.00697
24	0.00499	0.00363	0.00471	0.00557	0.00592	0.00335	0.00375	0.00573	0.00800	0.01053	0.02436	0.77871	0.10038	0.01263	0.00520	0.00164	0.00235	0.01139	0.00381	0.00335
25	0.01316	0.00694	0.00852	0.00704	0.00946	0.00674	0.00563	0.12112	0.11281	0.38251	0.12551	0.06516	0.09167	0.00686	0.01629	0.00139	0.00330	0.00542	0.00453	0.00593
26	0.00939	0.03726	0.02442	0.28563	0.22199	0.01003	0.21356	0.03023	0.10119	0.01296	0.00872	0.01109	0.00674	0.00399	0.00424	0.00132	0.00539	0.00401	0.00225	0.00560
27	0.00519	0.00371	0.00498	0.00588	0.00621	0.00349	0.00409	0.00607	0.00817	0.01090	0.05465	0.74033	0.02726	0.01253	0.00527	0.00167	0.00250	0.08986	0.00384	0.00340
28	0.00829	0.00637	0.00734	0.00700	0.00842	0.00684	0.00523	0.11420	0.26593	0.02629	0.11807	0.34778	0.02075	0.00938	0.02681	0.00160	0.00311	0.00763	0.00402	0.00492
29	0.11943	0.15050	0.15770	0.05330	0.13370	0.12137	0.09104	0.04691	0.00938	0.01308	0.00799	0.06292	0.00693	0.00442	0.00372	0.00122	0.00519	0.00363	0.00221	0.00536
30	0.03687	0.03186	0.10393	0.14203	0.14280	0.04673	0.12597	0.16776	0.02874	0.10194	0.00898	0.01037	0.00660	0.00426	0.00429	0.00128	0.02317	0.00371	0.00275	0.00595
31	0.00508	0.00391	0.00443	0.00479	0.00553	0.00350	0.00328	0.00584	0.00827	0.01038	0.03009	0.34057	0.40423	0.14201	0.00748	0.00189	0.00249	0.00937	0.00361	0.00327
32	0.12705	0.04703	0.08230	0.00925	0.02355	0.06026	0.10551	0.19453	0.02999	0.03598	0.00810	0.00906	0.00618	0.00390	0.00360	0.00107	0.00449	0.00315	0.00277	0.24223
33	0.05398	0.01462	0.04329	0.01076	0.01351	0.37876	0.12722	0.17904	0.05874	0.01462	0.00824	0.00946	0.00645	0.00596	0.05591	0.00152	0.00648	0.00340	0.00265	0.00539
34	0.00531	0.00426	0.00483	0.00514	0.00633	0.00377	0.00406	0.00654	0.00926	0.01134	0.03508	0.10486	0.56218	0.01083	0.00509	0.00154	0.00253	0.20972	0.00380	0.00353
35	0.07884	0.00778	0.00836	0.00688	0.00917	0.04267	0.00547	0.22662	0.03012	0.07032	0.33251	0.01791	0.01944	0.00595	0.00412	0.00117	0.00323	0.00489	0.00390	0.12063
36	0.00504	0.00417	0.00442	0.00436	0.00566	0.00355	0.00327	0.00626	0.00980	0.01215	0.19649	0.03776	0.67290	0.01000	0.00485	0.00137	0.00205	0.00842	0.00395	0.00355
37	0.08918	0.02737	0.00989	0.00880	0.09074	0.13868	0.00624	0.03092	0.05791	0.01370	0.00840	0.00942	0.02467	0.00373	0.00332	0.00088	0.00398	0.00286	0.00251	0.46679
38	0.02253	0.35667	0.11512	0.07400	0.05368	0.01150	0.03539	0.04609	0.02799	0.11537	0.01029	0.04647	0.04399	0.00469	0.00374	0.00116	0.01961	0.00365	0.00255	0.00551
39	0.01045	0.14326	0.23858	0.02903	0.02468	0.10930	0.02668	0.13548	0.04169	0.01364	0.01851	0.04203	0.03604	0.04118	0.00532	0.00137	0.07108	0.00381	0.00247	0.00541
40	0.00617	0.00467	0.00574	0.00539	0.00654	0.00448	0.00407	0.00901	0.09490	0.01599	0.66480	0.02998	0.11601	0.00830	0.00477	0.00131	0.00209	0.00726	0.00441	0.00410
41	0.20983	0.00728	0.00952	0.05585	0.09375	0.00734	0.04506	0.05122	0.00982	0.26994	0.01390	0.11001	0.04535	0.00596	0.00403	0.00136	0.00371	0.04709	0.00356	0.00542
42	0.03868	0.16223	0.13992	0.01046	0.04660	0.09425	0.09148	0.18729	0.07042	0.05520	0.00937	0.04905	0.00755	0.00467	0.00397	0.00122	0.01526	0.00376	0.00280	0.00583
43	0.11207	0.14230	0.08528	0.06000	0.01265	0.12926	0.05340	0.11286	0.01020	0.08301	0.00916	0.07465	0.00782	0.00630	0.04674	0.00151	0.04105	0.00383	0.00268	0.00524
44	0.00588	0.00446	0.00545	0.00515	0.00628	0.00417	0.00388	0.00821	0.05936	0.01543	0.62228	0.03152	0.19533	0.00863	0.00480	0.00132	0.00204	0.00751	0.00436	0.00395
45	0.01038	0.01040	0.07899	0.02128	0.07629	0.09080	0.11602	0.13552	0.10800	0.04403	0.04828	0.01401	0.04642	0.02630	0.11693	0.01563	0.02808	0.00435	0.00292	0.00539
