[name]
unknown

[dist]
# distance from previous block
# <min> <max>
5	112

[block]
# block no. 0 follows, 79 sequences, length 17
# corresponding to MSA columns:
# 197-213
name=unknown_A
#
# <colnr> <probs for GDERKNQSTAVLIFYWHMCP>
#	G	D	E	R	K	N	Q	S	T	A	V	L	I	F	Y	W	H	M	C	P
0	0.01955	0.00602	0.00801	0.05859	0.02484	0.02129	0.07078	0.07377	0.13560	0.15003	0.16408	0.14147	0.06257	0.00608	0.00388	0.00118	0.00300	0.02996	0.00332	0.01597
1	0.00734	0.00451	0.00562	0.00544	0.02453	0.00412	0.00405	0.02816	0.04401	0.17839	0.09507	0.23802	0.23263	0.00774	0.00404	0.00121	0.00236	0.06184	0.00347	0.04744
2	0.01193	0.01412	0.00970	0.09323	0.01181	0.63221	0.00684	0.07002	0.05167	0.00989	0.01955	0.00761	0.00547	0.00409	0.00366	0.03377	0.00565	0.00260	0.00202	0.00417
3	0.00904	0.00973	0.03647	0.04369	0.14929	0.09322	0.41638	0.01196	0.07155	0.04252	0.00743	0.00924	0.00574	0.00354	0.00444	0.00116	0.07418	0.00361	0.00198	0.00484
4	0.00471	0.00395	0.00493	0.00461	0.00569	0.00361	0.03949	0.00587	0.00835	0.01073	0.24742	0.09975	0.49872	0.00829	0.00447	0.00120	0.03467	0.00707	0.00330	0.00317
5	0.00689	0.00586	0.00683	0.00503	0.00785	0.00446	0.00400	0.00841	0.00755	0.01151	0.06654	0.01077	0.07587	0.00344	0.00284	0.00062	0.00248	0.00282	0.00231	0.76393
6	0.04770	0.28448	0.16210	0.02878	0.02754	0.02016	0.08020	0.04923	0.00794	0.07143	0.00708	0.02550	0.01533	0.00350	0.00317	0.00093	0.02418	0.00274	0.00201	0.13600
7	0.00813	0.24092	0.54380	0.00865	0.01292	0.00971	0.01036	0.07389	0.00796	0.01107	0.00611	0.00717	0.00466	0.00365	0.00346	0.03381	0.00465	0.00248	0.00165	0.00496
8	0.00421	0.00350	0.00368	0.00379	0.00483	0.00297	0.00278	0.00508	0.00789	0.00956	0.05414	0.15816	0.70892	0.00920	0.00421	0.00122	0.00182	0.00779	0.00329	0.00297
9	0.00611	0.00407	0.00514	0.00542	0.00611	0.00398	0.00387	0.08666	0.02866	0.06845	0.01784	0.68256	0.02024	0.00973	0.00433	0.00137	0.00234	0.03627	0.00338	0.00346
10	0.02662	0.14759	0.09766	0.00987	0.07131	0.36075	0.07486	0.08339	0.02698	0.01066	0.00606	0.00717	0.00492	0.00363	0.00366	0.00100	0.05475	0.00261	0.00190	0.00460
11	0.01044	0.64489	0.01617	0.00686	0.00955	0.24368	0.00624	0.01151	0.00793	0.00838	0.00505	0.00584	0.00453	0.00318	0.00251	0.00080	0.00447	0.00199	0.00159	0.00440
12	0.00793	0.02991	0.22445	0.00813	0.07879	0.00646	0.02289	0.03238	0.04232	0.05259	0.03195	0.00905	0.02367	0.00333	0.00308	0.00083	0.00350	0.00275	0.00217	0.41382
13	0.00901	0.15716	0.25219	0.02483	0.08795	0.08000	0.08932	0.01121	0.00801	0.11942	0.00904	0.10772	0.02031	0.00436	0.00342	0.00107	0.00433	0.00371	0.00218	0.00476
14	0.00428	0.00314	0.00401	0.00472	0.00506	0.00288	0.00319	0.00493	0.00693	0.00907	0.02176	0.75329	0.14235	0.01074	0.00445	0.00140	0.00201	0.00965	0.00327	0.00288
15	0.01046	0.01217	0.01318	0.03728	0.16159	0.40340	0.22325	0.01215	0.00897	0.02219	0.00746	0.03779	0.02650	0.00376	0.00357	0.00104	0.00551	0.00334	0.00191	0.00448
16	0.01053	0.03231	0.32591	0.04668	0.06615	0.09105	0.03970	0.03064	0.00866	0.26233	0.00886	0.03141	0.00638	0.00392	0.00359	0.00110	0.01993	0.00316	0.00250	0.00520

[dist]
# distance from previous block
# <min> <max>
0	4

[block]
# block no. 1 follows, 79 sequences, length 22
# corresponding to MSA columns:
# 218-239
name=unknown_B
#
# <colnr> <probs for GDERKNQSTAVLIFYWHMCP>
#	G	D	E	R	K	N	Q	S	T	A	V	L	I	F	Y	W	H	M	C	P
0	0.00741	0.00474	0.00657	0.02665	0.03044	0.00458	0.04699	0.05292	0.03341	0.15051	0.11652	0.32384	0.08115	0.00828	0.04179	0.00142	0.00288	0.00650	0.04945	0.00392
1	0.00429	0.00309	0.00407	0.00485	0.00510	0.00287	0.00325	0.00491	0.00680	0.00902	0.02010	0.83912	0.05759	0.01095	0.00448	0.00142	0.00203	0.00991	0.00327	0.00287
2	0.00731	0.00626	0.00731	0.00522	0.00835	0.00470	0.00418	0.00887	0.00731	0.01148	0.00626	0.00731	0.00522	0.00261	0.00261	0.00052	0.00261	0.00209	0.00209	0.89768
3	0.04454	0.00879	0.04167	0.02020	0.17034	0.02023	0.05135	0.35092	0.02307	0.12187	0.04552	0.00963	0.00726	0.00396	0.00356	0.00105	0.01363	0.00327	0.00294	0.05622
4	0.01270	0.01592	0.00992	0.00899	0.01073	0.78042	0.00679	0.01407	0.05308	0.00894	0.00587	0.00677	0.00486	0.00380	0.00357	0.00095	0.04418	0.00239	0.00190	0.00415
5	0.00503	0.00378	0.00566	0.00566	0.00629	0.00441	0.00441	0.00629	0.00566	0.00818	0.00944	0.01385	0.00881	0.02643	0.86217	0.00566	0.00944	0.00378	0.00189	0.00315
6	0.01286	0.02956	0.02960	0.00882	0.01091	0.65181	0.00688	0.15796	0.03929	0.01124	0.00628	0.00696	0.00500	0.00376	0.00324	0.00095	0.00574	0.00249	0.00216	0.00450
7	0.00513	0.00342	0.00384	0.00384	0.00384	0.00342	0.00214	0.00513	0.00513	0.00683	0.01110	0.02306	0.01281	0.87614	0.01794	0.00342	0.00342	0.00513	0.00214	0.00214
8	0.00707	0.01823	0.85788	0.01005	0.01525	0.00818	0.01302	0.01116	0.00744	0.01116	0.00632	0.00744	0.00446	0.00335	0.00335	0.00112	0.00521	0.00260	0.00149	0.00521
9	0.00427	0.00353	0.00376	0.00385	0.00490	0.00301	0.00286	0.00520	0.00802	0.00980	0.08923	0.13155	0.68011	0.00907	0.00422	0.00122	0.00184	0.02725	0.00331	0.00299
10	0.00743	0.00707	0.00952	0.00793	0.00882	0.00873	0.00654	0.00845	0.00593	0.00928	0.00538	0.00799	0.00506	0.00650	0.06365	0.00153	0.57970	0.00286	0.00171	0.24592
11	0.00872	0.00837	0.01431	0.02163	0.85415	0.00837	0.01082	0.01082	0.00802	0.01151	0.00663	0.00872	0.00558	0.00314	0.00349	0.00105	0.00419	0.00314	0.00174	0.00558
12	0.00885	0.00754	0.00794	0.00711	0.00910	0.00871	0.00554	0.04297	0.80394	0.01493	0.01410	0.01301	0.01058	0.00475	0.00356	0.00118	0.00280	0.00394	0.02390	0.00554
13	0.00436	0.00358	0.00384	0.00378	0.00488	0.00306	0.00283	0.00544	0.00850	0.01063	0.23195	0.03209	0.65579	0.00851	0.00416	0.00117	0.00176	0.00718	0.00342	0.00306
14	0.00655	0.00446	0.00647	0.00601	0.00603	0.00540	0.00449	0.00581	0.00487	0.00690	0.00580	0.00994	0.00578	0.01098	0.04480	0.59924	0.25956	0.00309	0.00155	0.00228
15	0.00812	0.00853	0.01135	0.49894	0.09013	0.14880	0.05209	0.01004	0.00746	0.00920	0.00599	0.00863	0.00477	0.00382	0.00454	0.00117	0.11762	0.00304	0.00163	0.00412
16	0.00432	0.00356	0.00379	0.00376	0.00486	0.00303	0.00281	0.00534	0.00834	0.01033	0.18068	0.05558	0.68406	0.00868	0.00417	0.00118	0.00177	0.00732	0.00338	0.00303
17	0.00701	0.00683	0.01194	0.58578	0.10862	0.00791	0.11765	0.00926	0.00729	0.00957	0.00786	0.01053	0.04870	0.00381	0.00399	0.00118	0.04274	0.00349	0.00170	0.00415
18	0.00901	0.00882	0.06634	0.04510	0.23575	0.00842	0.21613	0.12784	0.11334	0.03321	0.00868	0.02180	0.00686	0.01672	0.00398	0.00116	0.01635	0.01369	0.04167	0.00512
19	0.01025	0.04094	0.00877	0.02919	0.00937	0.17664	0.02229	0.12397	0.10463	0.14277	0.02672	0.13743	0.01040	0.01757	0.01344	0.00124	0.06005	0.04655	0.01325	0.00454
20	0.22298	0.02147	0.05570	0.05693	0.14465	0.23613	0.13548	0.04657	0.00842	0.03158	0.00617	0.00749	0.00482	0.00338	0.00318	0.00105	0.00472	0.00274	0.00198	0.00454
21	0.01368	0.00618	0.00787	0.00617	0.00860	0.00575	0.00504	0.14397	0.01089	0.58501	0.08816	0.01338	0.03350	0.00471	0.00356	0.00108	0.00291	0.00383	0.05019	0.00554

[dist]
# distance from previous block
# <min> <max>
0	5

[block]
# block no. 2 follows, 79 sequences, length 26
# corresponding to MSA columns:
# 245-270
name=unknown_C
#
# <colnr> <probs for GDERKNQSTAVLIFYWHMCP>
#	G	D	E	R	K	N	Q	S	T	A	V	L	I	F	Y	W	H	M	C	P
0	0.00858	0.00812	0.01339	0.08816	0.60691	0.00837	0.05765	0.03268	0.10106	0.01198	0.02389	0.00965	0.00661	0.00345	0.00356	0.00108	0.00412	0.00335	0.00202	0.00536
1	0.00741	0.00687	0.01017	0.46030	0.15800	0.05007	0.02454	0.03877	0.02580	0.01040	0.02634	0.01167	0.04312	0.00492	0.03852	0.00131	0.00445	0.02207	0.05106	0.00419
2	0.00485	0.00358	0.00454	0.00434	0.00519	0.00326	0.00324	0.00637	0.00959	0.01332	0.71086	0.06402	0.13854	0.00759	0.00417	0.00113	0.00170	0.00667	0.00378	0.00326
3	0.08133	0.00592	0.00771	0.00600	0.00859	0.00529	0.00494	0.01622	0.00965	0.75169	0.01311	0.01159	0.00837	0.00427	0.00339	0.00108	0.00291	0.00341	0.04884	0.00570
4	0.00429	0.00308	0.00408	0.00487	0.00510	0.00287	0.00326	0.00491	0.00678	0.00901	0.01985	0.85170	0.04517	0.01099	0.00449	0.00142	0.00204	0.00995	0.00327	0.00287
5	0.00832	0.00951	0.02080	0.01485	0.01842	0.00891	0.84135	0.01129	0.00832	0.01129	0.00713	0.00951	0.00535	0.00297	0.00416	0.00119	0.00594	0.00416	0.00178	0.00475
6	0.00535	0.00377	0.00506	0.00571	0.00627	0.00374	0.00460	0.00649	0.00730	0.00956	0.01726	0.16569	0.01925	0.18372	0.00743	0.00195	0.00309	0.53773	0.00303	0.00296
7	0.00731	0.00626	0.00731	0.00522	0.00835	0.00470	0.00418	0.00887	0.00731	0.01148	0.00626	0.00731	0.00522	0.00261	0.00261	0.00052	0.00261	0.00209	0.00209	0.89768
8	0.00707	0.01823	0.85788	0.01005	0.01525	0.00818	0.01302	0.01116	0.00744	0.01116	0.00632	0.00744	0.00446	0.00335	0.00335	0.00112	0.00521	0.00260	0.00149	0.00521
9	0.90103	0.00682	0.00518	0.00463	0.00682	0.00791	0.00382	0.01036	0.00600	0.01581	0.00491	0.00573	0.00382	0.00327	0.00218	0.00109	0.00273	0.00191	0.00218	0.00382
10	0.00429	0.00307	0.00409	0.00491	0.00511	0.00286	0.00327	0.00491	0.00675	0.00900	0.01943	0.87384	0.02331	0.01104	0.00450	0.00143	0.00204	0.01002	0.00327	0.00286
11	0.00503	0.00397	0.00554	0.00575	0.00640	0.00387	0.05522	0.00677	0.09014	0.00979	0.01880	0.66860	0.05465	0.00979	0.00439	0.00139	0.00239	0.04103	0.00321	0.00327
12	0.00492	0.00380	0.00525	0.00557	0.00635	0.00356	0.04026	0.00606	0.00762	0.00983	0.03889	0.35685	0.20114	0.00972	0.00453	0.00143	0.00255	0.28534	0.00321	0.00311
13	0.00514	0.00351	0.00442	0.00442	0.00460	0.00369	0.00285	0.00545	0.00526	0.00720	0.01039	0.01977	0.01132	0.58528	0.26771	0.04473	0.00518	0.00463	0.00203	0.00241
14	0.06065	0.00711	0.00869	0.00669	0.00942	0.00690	0.00553	0.24429	0.01166	0.58340	0.01194	0.01070	0.00772	0.00427	0.00347	0.00108	0.00323	0.00336	0.00402	0.00588
15	0.00661	0.00482	0.00514	0.00508	0.00614	0.02069	0.00378	0.01049	0.26319	0.01236	0.04863	0.22341	0.05598	0.00643	0.00350	0.00113	0.00221	0.01794	0.29859	0.00388
16	0.04792	0.00600	0.00682	0.02336	0.00805	0.00633	0.02066	0.01270	0.39146	0.03459	0.19053	0.03722	0.11075	0.00558	0.00365	0.00112	0.00251	0.00473	0.00335	0.08267
17	0.00418	0.00351	0.00363	0.00373	0.00480	0.00296	0.00275	0.00504	0.00788	0.00946	0.03373	0.13575	0.75216	0.00918	0.00421	0.00122	0.00182	0.00775	0.00327	0.00296
18	0.01271	0.00746	0.00858	0.00673	0.00914	0.00772	0.00550	0.43073	0.01306	0.27713	0.08245	0.01156	0.00947	0.00451	0.00347	0.00105	0.00319	0.00357	0.09646	0.00549
19	0.00931	0.83553	0.06018	0.00623	0.00935	0.01366	0.00638	0.01058	0.00718	0.00843	0.00497	0.00574	0.00452	0.00303	0.00232	0.00077	0.00384	0.00192	0.00151	0.00456
20	0.00419	0.00354	0.00363	0.00368	0.00479	0.00297	0.00273	0.00508	0.00798	0.00958	0.05043	0.08990	0.78143	0.00903	0.00419	0.00120	0.00180	0.00759	0.00328	0.00297
21	0.00432	0.00332	0.00393	0.00431	0.00495	0.00296	0.00301	0.00511	0.00747	0.00956	0.09283	0.45062	0.35216	0.03265	0.00469	0.00136	0.00195	0.00857	0.00329	0.00293
22	0.00756	0.01465	0.56387	0.13254	0.03344	0.03371	0.01119	0.03294	0.10422	0.01151	0.01740	0.00862	0.00563	0.00361	0.00341	0.00112	0.00479	0.00290	0.00184	0.00504
23	0.00840	0.02538	0.07959	0.24454	0.16448	0.05950	0.26811	0.02078	0.05567	0.02861	0.00717	0.00917	0.00547	0.00337	0.00366	0.00113	0.00496	0.00340	0.00187	0.00475
24	0.00511	0.00347	0.00410	0.00410	0.00419	0.00356	0.00245	0.00529	0.00520	0.00702	0.01087	0.02177	0.01225	0.75673	0.13658	0.00373	0.00426	0.00494	0.00210	0.00228
25	0.00790	0.00554	0.00581	0.00533	0.00676	0.00612	0.00408	0.03717	0.40172	0.03022	0.01277	0.01348	0.00994	0.04776	0.00381	0.00114	0.00236	0.00371	0.38993	0.00443

[dist]
# distance from previous block
# <min> <max>
3	29

[block]
# block no. 3 follows, 79 sequences, length 40
# corresponding to MSA columns:
# 302-341
name=unknown_D
#
# <colnr> <probs for GDERKNQSTAVLIFYWHMCP>
#	G	D	E	R	K	N	Q	S	T	A	V	L	I	F	Y	W	H	M	C	P
0	0.00819	0.00644	0.00710	0.00628	0.00812	0.00698	0.00489	0.02981	0.52663	0.06483	0.17335	0.01652	0.06893	0.00536	0.00368	0.00114	0.00253	0.00452	0.00359	0.05113
1	0.00486	0.00356	0.00461	0.00476	0.00550	0.00330	0.00361	0.00621	0.00878	0.01197	0.45382	0.20811	0.12021	0.00861	0.00434	0.00127	0.00201	0.13771	0.00358	0.00318
2	0.00457	0.00361	0.00413	0.00406	0.00509	0.00317	0.00309	0.00580	0.00880	0.01138	0.35395	0.03125	0.48945	0.00830	0.00420	0.00118	0.00181	0.04956	0.00351	0.00313
3	0.00547	0.00390	0.00540	0.00618	0.00688	0.00387	0.00522	0.00690	0.00782	0.01020	0.01849	0.15300	0.02043	0.04119	0.00529	0.00166	0.00309	0.68866	0.00321	0.00315
4	0.85528	0.00677	0.00534	0.00472	0.00693	0.00777	0.00389	0.01071	0.00621	0.05927	0.00537	0.00605	0.00407	0.00333	0.00225	0.00109	0.00274	0.00199	0.00229	0.00393
5	0.00942	0.87826	0.01847	0.00603	0.00905	0.01395	0.00603	0.01055	0.00716	0.00829	0.00490	0.00565	0.00452	0.00302	0.00226	0.00075	0.00377	0.00188	0.00151	0.00452
6	0.00499	0.00360	0.00471	0.00443	0.00527	0.00333	0.00333	0.00665	0.00998	0.01413	0.85230	0.02633	0.03325	0.00721	0.00416	0.00111	0.00166	0.00637	0.00388	0.00333
7	0.00958	0.00797	0.00842	0.00734	0.00947	0.00914	0.00577	0.16261	0.70259	0.01605	0.01332	0.01233	0.00993	0.00469	0.00358	0.00117	0.00298	0.00384	0.00358	0.00565
8	0.00503	0.00378	0.00566	0.00566	0.00629	0.00441	0.00441	0.00629	0.00566	0.00818	0.00944	0.01385	0.00881	0.02643	0.86217	0.00566	0.00944	0.00378	0.00189	0.00315
9	0.90103	0.00682	0.00518	0.00463	0.00682	0.00791	0.00382	0.01036	0.00600	0.01581	0.00491	0.00573	0.00382	0.00327	0.00218	0.00109	0.00273	0.00191	0.00218	0.00382
10	0.01581	0.00600	0.00818	0.00627	0.00900	0.00518	0.00518	0.01718	0.01009	0.85660	0.01390	0.01200	0.00872	0.00436	0.00354	0.00109	0.00300	0.00354	0.00436	0.00600
11	0.00657	0.00328	0.00328	0.00328	0.00411	0.00328	0.00246	0.00821	0.00739	0.01314	0.01150	0.01314	0.00903	0.00411	0.00246	0.00082	0.00164	0.00328	0.89571	0.00328
12	0.00657	0.00328	0.00328	0.00328	0.00411	0.00328	0.00246	0.00821	0.00739	0.01314	0.01150	0.01314	0.00903	0.00411	0.00246	0.00082	0.00164	0.00328	0.89571	0.00328
13	0.00454	0.00359	0.00409	0.00396	0.00499	0.00313	0.00297	0.00578	0.00892	0.01162	0.40806	0.03046	0.47906	0.00814	0.00416	0.00115	0.00173	0.00695	0.00355	0.00313
14	0.05500	0.79910	0.05147	0.00612	0.00918	0.01340	0.00620	0.01057	0.00711	0.00879	0.00496	0.00573	0.00448	0.00304	0.00230	0.00079	0.00377	0.00191	0.00154	0.00451
15	0.00933	0.84375	0.05215	0.00619	0.00929	0.01371	0.00631	0.01058	0.00717	0.00841	0.00496	0.00573	0.00452	0.00303	0.00231	0.00077	0.00383	0.00191	0.00151	0.00455
16	0.00520	0.00390	0.00563	0.01978	0.00610	0.00414	0.04633	0.00599	0.00570	0.00788	0.01089	0.09839	0.01157	0.37186	0.37675	0.00404	0.00601	0.00493	0.00211	0.00280
17	0.04152	0.00755	0.00798	0.00707	0.00914	0.00864	0.00554	0.05093	0.74159	0.05820	0.01375	0.01264	0.01022	0.00468	0.00353	0.00118	0.00284	0.00385	0.00357	0.00555
18	0.01581	0.00600	0.00818	0.00627	0.00900	0.00518	0.00518	0.01718	0.01009	0.85660	0.01390	0.01200	0.00872	0.00436	0.00354	0.00109	0.00300	0.00354	0.00436	0.00600
19	0.00713	0.00667	0.01102	0.52609	0.26006	0.00760	0.00942	0.00949	0.02760	0.01005	0.02877	0.01148	0.04233	0.00391	0.00359	0.00115	0.00427	0.02318	0.00183	0.00436
20	0.01486	0.00723	0.05258	0.00708	0.02903	0.00622	0.00593	0.13342	0.01082	0.67546	0.01258	0.01119	0.00805	0.00426	0.00353	0.00109	0.00326	0.00343	0.00404	0.00595
21	0.00444	0.00317	0.00422	0.00502	0.00527	0.00298	0.00345	0.00513	0.00682	0.00907	0.01911	0.77451	0.02273	0.03694	0.00494	0.00151	0.00219	0.08241	0.00324	0.00287
22	0.68059	0.15614	0.03156	0.00519	0.00763	0.00909	0.00459	0.05085	0.00675	0.01471	0.00512	0.00589	0.00406	0.00328	0.00229	0.00103	0.00303	0.00199	0.00211	0.00408
23	0.00875	0.00405	0.00483	0.00431	0.00562	0.00378	0.00334	0.01028	0.00845	0.23946	0.13012	0.04575	0.01286	0.00486	0.00306	0.00096	0.00202	0.00403	0.49947	0.00400
24	0.00915	0.76898	0.10680	0.00664	0.00990	0.01323	0.02487	0.01063	0.00722	0.00866	0.00510	0.00593	0.00453	0.00305	0.00242	0.00080	0.00397	0.00201	0.00151	0.00460
25	0.00478	0.00332	0.00419	0.00470	0.00490	0.00322	0.00314	0.00528	0.00630	0.00837	0.01620	0.45127	0.01898	0.33687	0.00961	0.00220	0.00271	0.10848	0.00284	0.00264
26	0.00447	0.00333	0.00421	0.00484	0.00536	0.00306	0.00349	0.00529	0.00724	0.00934	0.02300	0.56080	0.21062	0.01037	0.00448	0.00140	0.00216	0.13033	0.00327	0.00294
27	0.00484	0.00360	0.00451	0.00428	0.00518	0.00326	0.00321	0.00637	0.00963	0.01331	0.70727	0.02767	0.17879	0.00751	0.00416	0.00112	0.00168	0.00656	0.00377	0.00326
28	0.00771	0.00771	0.01079	0.00925	0.00925	0.01079	0.00771	0.00848	0.00540	0.00848	0.00463	0.00771	0.00463	0.00617	0.01157	0.00154	0.86969	0.00308	0.00154	0.00386
29	0.00503	0.00378	0.00566	0.00566	0.00629	0.00441	0.00441	0.00629	0.00566	0.00818	0.00944	0.01385	0.00881	0.02643	0.86217	0.00566	0.00944	0.00378	0.00189	0.00315
30	0.57931	0.00652	0.00627	0.00523	0.00761	0.00692	0.00431	0.01284	0.00748	0.32139	0.00818	0.00800	0.00560	0.00367	0.00268	0.00109	0.00283	0.00250	0.00297	0.00461
31	0.00771	0.00771	0.01079	0.00925	0.00925	0.01079	0.00771	0.00848	0.00540	0.00848	0.00463	0.00771	0.00463	0.00617	0.01157	0.00154	0.86969	0.00308	0.00154	0.00386
32	0.01340	0.00987	0.01058	0.00811	0.01093	0.01093	0.00670	0.84240	0.01657	0.02221	0.00846	0.00846	0.00599	0.00423	0.00353	0.00106	0.00388	0.00317	0.00353	0.00599
33	0.00657	0.00328	0.00328	0.00328	0.00411	0.00328	0.00246	0.00821	0.00739	0.01314	0.01150	0.01314	0.00903	0.00411	0.00246	0.00082	0.00164	0.00328	0.89571	0.00328
34	0.00429	0.00307	0.00409	0.00491	0.00511	0.00286	0.00327	0.00491	0.00675	0.00900	0.01943	0.87384	0.02331	0.01104	0.00450	0.00143	0.00204	0.01002	0.00327	0.00286
35	0.00448	0.00358	0.00401	0.00390	0.00495	0.00311	0.00293	0.00567	0.00878	0.01130	0.35007	0.03100	0.53725	0.00826	0.00416	0.00116	0.00174	0.00703	0.00351	0.00311
36	0.00731	0.00626	0.00731	0.00522	0.00835	0.00470	0.00418	0.00887	0.00731	0.01148	0.00626	0.00731	0.00522	0.00261	0.00261	0.00052	0.00261	0.00209	0.00209	0.89768
37	0.00470	0.00363	0.00432	0.00435	0.00531	0.00325	0.00335	0.00598	0.00877	0.01148	0.35972	0.06535	0.38273	0.00843	0.00427	0.00122	0.00194	0.11455	0.00351	0.00315
38	0.00970	0.69844	0.01748	0.00695	0.00992	0.03507	0.07064	0.05410	0.04005	0.02125	0.00576	0.00649	0.00496	0.00318	0.00257	0.00083	0.00396	0.00224	0.00176	0.00467
39	0.00761	0.00751	0.05382	0.05866	0.01134	0.04098	0.21780	0.08874	0.07965	0.03199	0.22707	0.02834	0.12043	0.00529	0.00392	0.00114	0.00365	0.00488	0.00287	0.00430

[dist]
# distance from previous block
# <min> <max>
0	4

[block]
# block no. 4 follows, 79 sequences, length 27
# corresponding to MSA columns:
# 346-372
name=unknown_E
#
# <colnr> <probs for GDERKNQSTAVLIFYWHMCP>
#	G	D	E	R	K	N	Q	S	T	A	V	L	I	F	Y	W	H	M	C	P
0	0.00431	0.00353	0.00370	0.00377	0.00477	0.00304	0.00275	0.00513	0.00771	0.00934	0.04640	0.09388	0.68314	0.08820	0.00546	0.00142	0.00198	0.02540	0.00318	0.00290
1	0.03013	0.00851	0.05670	0.11394	0.60849	0.00813	0.03371	0.02228	0.00805	0.05096	0.00690	0.00881	0.00552	0.00325	0.00346	0.00106	0.00422	0.00311	0.00188	0.02086
2	0.00629	0.00487	0.00590	0.00574	0.00691	0.00507	0.00457	0.02344	0.23192	0.01343	0.38848	0.02612	0.03673	0.00719	0.00418	0.00126	0.00241	0.21792	0.00362	0.00394
3	0.00429	0.00307	0.00409	0.00491	0.00511	0.00286	0.00327	0.00491	0.00675	0.00900	0.01943	0.87384	0.02331	0.01104	0.00450	0.00143	0.00204	0.01002	0.00327	0.00286
4	0.00503	0.00378	0.00566	0.00566	0.00629	0.00441	0.00441	0.00629	0.00566	0.00818	0.00944	0.01385	0.00881	0.02643	0.86217	0.00566	0.00944	0.00378	0.00189	0.00315
5	0.00474	0.00359	0.00436	0.00417	0.00511	0.00322	0.00313	0.00617	0.00938	0.01273	0.60334	0.02864	0.28309	0.00773	0.00416	0.00113	0.00170	0.00670	0.00369	0.00322
6	0.00513	0.00342	0.00384	0.00384	0.00384	0.00342	0.00214	0.00513	0.00513	0.00683	0.01110	0.02306	0.01281	0.87614	0.01794	0.00342	0.00342	0.00513	0.00214	0.00214
7	0.00499	0.00360	0.00471	0.00443	0.00527	0.00333	0.00333	0.00665	0.00998	0.01413	0.85230	0.02633	0.03325	0.00721	0.00416	0.00111	0.00166	0.00637	0.00388	0.00333
8	0.00945	0.47454	0.08800	0.00705	0.00983	0.08920	0.00665	0.03125	0.21240	0.01046	0.00745	0.00781	0.00607	0.00363	0.00299	0.00093	0.02284	0.00255	0.00209	0.00482
9	0.00417	0.00357	0.00357	0.00357	0.00476	0.00298	0.00268	0.00506	0.00803	0.00952	0.03570	0.03392	0.85272	0.00893	0.00417	0.00119	0.00179	0.00744	0.00327	0.00298
10	0.09314	0.01003	0.06431	0.11542	0.19373	0.13967	0.08735	0.14419	0.03089	0.03963	0.00700	0.00840	0.00539	0.00404	0.01961	0.00117	0.02599	0.00300	0.00217	0.00488
11	0.00431	0.00360	0.00375	0.00381	0.00494	0.00307	0.00290	0.00526	0.00802	0.00963	0.04893	0.03401	0.76048	0.02480	0.00447	0.00126	0.00192	0.06857	0.00326	0.00299
12	0.00971	0.74194	0.04734	0.00665	0.00963	0.10188	0.02198	0.01095	0.00749	0.00848	0.00505	0.00586	0.00454	0.00309	0.00243	0.00079	0.00413	0.00199	0.00154	0.00451
13	0.00859	0.00962	0.19767	0.01887	0.01013	0.05992	0.00690	0.06049	0.26211	0.08412	0.04451	0.10017	0.03743	0.00512	0.00359	0.00113	0.00350	0.01947	0.00291	0.06376
14	0.05821	0.08171	0.01097	0.00849	0.05652	0.00823	0.12197	0.17497	0.12731	0.14630	0.05364	0.05606	0.02402	0.00451	0.00365	0.00109	0.01956	0.00386	0.00299	0.03593
15	0.00776	0.03107	0.01100	0.00917	0.00925	0.01088	0.00767	0.00854	0.00544	0.00848	0.00463	0.00766	0.00462	0.00608	0.01132	0.00152	0.84646	0.00305	0.00154	0.00387
16	0.00458	0.00324	0.00402	0.00447	0.00472	0.00306	0.00290	0.00509	0.00656	0.00871	0.07086	0.51079	0.07653	0.26780	0.00845	0.00198	0.00241	0.00816	0.00297	0.00268
17	0.00516	0.00430	0.02657	0.00505	0.02146	0.00380	0.00378	0.02133	0.04068	0.02799	0.11272	0.27581	0.37159	0.00877	0.00433	0.00127	0.01570	0.04312	0.00327	0.00333
18	0.01004	0.31010	0.17527	0.03251	0.12340	0.06629	0.00804	0.05267	0.01748	0.13262	0.00731	0.02322	0.00574	0.00362	0.00317	0.00098	0.01767	0.00274	0.00212	0.00501
19	0.00963	0.00775	0.00824	0.00710	0.00918	0.00880	0.00560	0.21813	0.56919	0.01646	0.04828	0.01257	0.01047	0.00472	0.00354	0.00114	0.00295	0.00385	0.04694	0.00547
20	0.00443	0.00336	0.00406	0.00434	0.00501	0.00302	0.00307	0.00537	0.00789	0.01034	0.22162	0.38601	0.29237	0.02668	0.00458	0.00132	0.00190	0.00823	0.00339	0.00299
21	0.00807	0.00922	0.12263	0.23983	0.33534	0.00834	0.13556	0.02466	0.03456	0.02256	0.00691	0.00902	0.00537	0.00338	0.00373	0.00112	0.01971	0.00325	0.00179	0.00495
22	0.00741	0.02666	0.02966	0.15139	0.18239	0.00589	0.02495	0.00882	0.00734	0.10969	0.02065	0.26313	0.01197	0.09317	0.01878	0.00150	0.02462	0.00541	0.00252	0.00406
23	0.01271	0.01585	0.00978	0.00888	0.01072	0.77462	0.00668	0.01455	0.09577	0.00925	0.00636	0.00705	0.00518	0.00375	0.00322	0.00094	0.00599	0.00245	0.00200	0.00424
24	0.00507	0.00341	0.00385	0.00388	0.00392	0.00338	0.00219	0.00511	0.00525	0.00698	0.01198	0.05807	0.03154	0.82188	0.01709	0.00329	0.00333	0.00538	0.00221	0.00218
25	0.05432	0.04043	0.14529	0.01793	0.04678	0.00694	0.09002	0.04938	0.06276	0.09291	0.02078	0.00867	0.00619	0.00330	0.00312	0.00088	0.00359	0.00280	0.00233	0.34157
26	0.06914	0.00774	0.01009	0.03367	0.23882	0.02709	0.02891	0.13680	0.07887	0.04151	0.04335	0.00961	0.01675	0.00370	0.00346	0.00096	0.02571	0.00309	0.00246	0.21828

[dist]
# distance from previous block
# <min> <max>
1	58

[block]
# block no. 5 follows, 79 sequences, length 21
# corresponding to MSA columns:
# 436-456
name=unknown_F
#
# <colnr> <probs for GDERKNQSTAVLIFYWHMCP>
#	G	D	E	R	K	N	Q	S	T	A	V	L	I	F	Y	W	H	M	C	P
0	0.00848	0.00733	0.01095	0.37450	0.13136	0.00855	0.03967	0.09948	0.11865	0.04595	0.00785	0.00968	0.00599	0.00402	0.00442	0.00118	0.09912	0.00330	0.01483	0.00468
1	0.00433	0.00329	0.00400	0.00453	0.00510	0.00296	0.00319	0.00510	0.00730	0.00935	0.04244	0.54378	0.29491	0.01021	0.00440	0.00135	0.00200	0.04556	0.00328	0.00293
2	0.08004	0.00590	0.00761	0.00599	0.00847	0.00534	0.00491	0.03886	0.00980	0.68369	0.05434	0.03538	0.00989	0.00459	0.00347	0.00109	0.00288	0.00372	0.02850	0.00555
3	0.00540	0.00393	0.00481	0.00502	0.00576	0.00384	0.00363	0.00742	0.10945	0.03459	0.17182	0.39814	0.11615	0.05678	0.00502	0.00143	0.00221	0.05784	0.00339	0.00336
4	0.00497	0.00355	0.00451	0.00433	0.00500	0.00331	0.00310	0.00628	0.00896	0.01256	0.65474	0.06078	0.04642	0.15844	0.00657	0.00152	0.00199	0.00633	0.00354	0.00309
5	0.41520	0.00849	0.00813	0.00654	0.00907	0.00956	0.00539	0.46577	0.01178	0.01932	0.00685	0.00722	0.00501	0.00380	0.00292	0.00107	0.00336	0.00260	0.00292	0.00501
6	0.00861	0.00743	0.00782	0.00705	0.00901	0.00856	0.00548	0.01825	0.81844	0.01456	0.01509	0.01388	0.04018	0.00493	0.00361	0.00120	0.00275	0.00411	0.00358	0.00549
7	0.00432	0.00358	0.00379	0.00374	0.00486	0.00304	0.00280	0.00536	0.00840	0.01040	0.19151	0.03247	0.69637	0.00860	0.00416	0.00117	0.00176	0.00724	0.00339	0.00304
8	0.00832	0.00951	0.02080	0.01485	0.01842	0.00891	0.84135	0.01129	0.00832	0.01129	0.00713	0.00951	0.00535	0.00297	0.00416	0.00119	0.00594	0.00416	0.00178	0.00475
9	0.00513	0.00342	0.00384	0.00384	0.00384	0.00342	0.00214	0.00513	0.00513	0.00683	0.01110	0.02306	0.01281	0.87614	0.01794	0.00342	0.00342	0.00513	0.00214	0.00214
10	0.00842	0.00860	0.00668	0.00613	0.00746	0.32157	0.00462	0.00969	0.00973	0.05118	0.39176	0.01925	0.12904	0.00597	0.00377	0.00104	0.00348	0.00486	0.00306	0.00369
11	0.03157	0.00722	0.00821	0.00663	0.02202	0.03934	0.00524	0.09298	0.17712	0.30467	0.01067	0.01015	0.00756	0.00386	0.00324	0.00094	0.00307	0.00309	0.00329	0.25911
12	0.01103	0.00722	0.00807	0.00681	0.00902	0.00782	0.00542	0.14178	0.45652	0.22177	0.01314	0.01216	0.00942	0.00455	0.00349	0.00112	0.00292	0.00370	0.06845	0.00558
13	0.00456	0.00347	0.00421	0.00457	0.00521	0.00321	0.00322	0.00580	0.04216	0.01020	0.15740	0.48064	0.24322	0.00961	0.00432	0.00131	0.00195	0.00850	0.00338	0.00308
14	0.00825	0.00899	0.01558	0.01195	0.01375	0.04871	0.40992	0.01009	0.00702	0.00984	0.00587	0.00852	0.00497	0.00451	0.00761	0.00134	0.41354	0.00357	0.00167	0.00430
15	0.22960	0.00746	0.00813	0.01813	0.02040	0.00792	0.00540	0.26549	0.08530	0.27268	0.02498	0.00970	0.00723	0.00411	0.00320	0.00109	0.00317	0.00311	0.01759	0.00530
16	0.00693	0.00418	0.00525	0.00503	0.00614	0.00388	0.00376	0.02869	0.04549	0.16135	0.22915	0.30728	0.14855	0.00811	0.00414	0.00124	0.00218	0.02125	0.00364	0.00375
17	0.01000	0.00742	0.01101	0.15766	0.36594	0.02827	0.00828	0.08769	0.00917	0.18130	0.04409	0.01094	0.03013	0.00391	0.00352	0.00107	0.00382	0.00346	0.02717	0.00516
18	0.03846	0.14594	0.12713	0.00937	0.08808	0.05372	0.09824	0.08001	0.09167	0.10201	0.00854	0.03063	0.00682	0.00393	0.00344	0.00104	0.01700	0.02646	0.00240	0.06512
19	0.02040	0.05553	0.19446	0.02417	0.20665	0.01711	0.04086	0.05199	0.09565	0.10688	0.05389	0.03466	0.01925	0.00407	0.00354	0.00107	0.01396	0.00348	0.00244	0.04994
20	0.00434	0.00309	0.00408	0.00485	0.00504	0.00289	0.00321	0.00492	0.00666	0.00888	0.01897	0.82682	0.02273	0.05885	0.00524	0.00154	0.00212	0.00975	0.00321	0.00282

[dist]
# distance from previous block
# <min> <max>
1	48

[block]
# block no. 6 follows, 79 sequences, length 26
# corresponding to MSA columns:
# 505-530
name=unknown_G
#
# <colnr> <probs for GDERKNQSTAVLIFYWHMCP>
#	G	D	E	R	K	N	Q	S	T	A	V	L	I	F	Y	W	H	M	C	P
0	0.11732	0.03624	0.14113	0.00943	0.14176	0.00777	0.00745	0.07810	0.00862	0.24866	0.02399	0.00919	0.00652	0.00403	0.00419	0.00111	0.10345	0.00301	0.01579	0.03224
1	0.42700	0.04052	0.12107	0.03185	0.03525	0.02912	0.04706	0.03077	0.02065	0.01339	0.02911	0.01139	0.03025	0.00427	0.00312	0.00114	0.01600	0.08774	0.00223	0.01806
2	0.00499	0.00375	0.00512	0.01937	0.00595	0.00408	0.00390	0.00593	0.00608	0.00831	0.01403	0.11783	0.10387	0.17547	0.44344	0.00393	0.02576	0.04297	0.00229	0.00294
3	0.00771	0.06998	0.09686	0.10618	0.07754	0.10256	0.03228	0.04288	0.04975	0.01032	0.03194	0.02658	0.03266	0.00936	0.19715	0.00213	0.04927	0.02081	0.02988	0.00416
4	0.00570	0.00388	0.00469	0.00442	0.00552	0.00350	0.00333	0.00726	0.03273	0.07636	0.41700	0.09781	0.26935	0.00758	0.00405	0.00114	0.00188	0.00655	0.02806	0.01919
5	0.00688	0.02720	0.02105	0.00584	0.02407	0.00573	0.00446	0.13424	0.15468	0.01294	0.13316	0.15960	0.21471	0.03257	0.00434	0.00125	0.00254	0.02930	0.02142	0.00403
6	0.00574	0.00446	0.00517	0.00460	0.00610	0.00395	0.00351	0.00777	0.07700	0.03509	0.31191	0.05512	0.28515	0.00675	0.00382	0.00104	0.00202	0.00577	0.00332	0.17169
7	0.00731	0.00626	0.00731	0.00522	0.00835	0.00470	0.00418	0.00887	0.00731	0.01148	0.00626	0.00731	0.00522	0.00261	0.00261	0.00052	0.00261	0.00209	0.00209	0.89768
8	0.00825	0.00932	0.02012	0.05519	0.04341	0.00885	0.77765	0.01117	0.00825	0.01119	0.00707	0.00948	0.00532	0.00300	0.00411	0.00118	0.00583	0.00408	0.00177	0.00474
9	0.00770	0.00555	0.02290	0.00509	0.00673	0.00541	0.00408	0.16117	0.10373	0.06523	0.06338	0.02015	0.30152	0.02218	0.00383	0.00112	0.00242	0.00498	0.18870	0.00412
10	0.00907	0.00755	0.01189	0.10281	0.50931	0.00777	0.00910	0.06068	0.06264	0.08417	0.00903	0.02692	0.00763	0.00413	0.00364	0.00113	0.00391	0.07106	0.00232	0.00523
11	0.00731	0.00626	0.00731	0.00522	0.00835	0.00470	0.00418	0.00887	0.00731	0.01148	0.00626	0.00731	0.00522	0.00261	0.00261	0.00052	0.00261	0.00209	0.00209	0.89768
12	0.00429	0.00307	0.00409	0.00491	0.00511	0.00286	0.00327	0.00491	0.00675	0.00900	0.01943	0.87384	0.02331	0.01104	0.00450	0.00143	0.00204	0.01002	0.00327	0.00286
13	0.01340	0.00987	0.01058	0.00811	0.01093	0.01093	0.00670	0.84240	0.01657	0.02221	0.00846	0.00846	0.00599	0.00423	0.00353	0.00106	0.00388	0.00317	0.00353	0.00599
14	0.00777	0.00702	0.01001	0.06374	0.31222	0.00621	0.00690	0.00958	0.00755	0.01134	0.00639	0.00794	0.00532	0.00286	0.00298	0.00075	0.00330	0.00253	0.00193	0.52365
15	0.90103	0.00682	0.00518	0.00463	0.00682	0.00791	0.00382	0.01036	0.00600	0.01581	0.00491	0.00573	0.00382	0.00327	0.00218	0.00109	0.00273	0.00191	0.00218	0.00382
16	0.00707	0.01823	0.85788	0.01005	0.01525	0.00818	0.01302	0.01116	0.00744	0.01116	0.00632	0.00744	0.00446	0.00335	0.00335	0.00112	0.00521	0.00260	0.00149	0.00521
17	0.00484	0.00375	0.00418	0.00402	0.00515	0.00331	0.00303	0.00626	0.03209	0.03128	0.30824	0.03028	0.53470	0.00813	0.00413	0.00116	0.00180	0.00689	0.00351	0.00324
18	0.00429	0.00307	0.00409	0.00491	0.00511	0.00286	0.00327	0.00491	0.00675	0.00900	0.01943	0.87384	0.02331	0.01104	0.00450	0.00143	0.00204	0.01002	0.00327	0.00286
19	0.90103	0.00682	0.00518	0.00463	0.00682	0.00791	0.00382	0.01036	0.00600	0.01581	0.00491	0.00573	0.00382	0.00327	0.00218	0.00109	0.00273	0.00191	0.00218	0.00382
20	0.00657	0.00328	0.00328	0.00328	0.00411	0.00328	0.00246	0.00821	0.00739	0.01314	0.01150	0.01314	0.00903	0.00411	0.00246	0.00082	0.00164	0.00328	0.89571	0.00328
21	0.00877	0.00757	0.00797	0.00717	0.00916	0.00877	0.00558	0.01873	0.84779	0.01474	0.01434	0.01315	0.01076	0.00478	0.00359	0.00120	0.00279	0.00398	0.00359	0.00558
22	0.01391	0.00906	0.01007	0.00772	0.01052	0.00972	0.00638	0.66860	0.01521	0.19794	0.00961	0.00921	0.00657	0.00426	0.00353	0.00106	0.00369	0.00325	0.00370	0.00599
23	0.00840	0.00747	0.08562	0.00618	0.00944	0.00530	0.03575	0.01036	0.02185	0.11587	0.00738	0.00808	0.00568	0.00294	0.00287	0.00068	0.00302	0.00242	0.00233	0.65836
24	0.00794	0.01807	0.01136	0.40524	0.18780	0.03989	0.05442	0.07592	0.03204	0.01109	0.04451	0.01051	0.00686	0.00440	0.02415	0.00124	0.03075	0.01763	0.01174	0.00446
25	0.00447	0.00324	0.00422	0.00487	0.00524	0.00302	0.00340	0.00525	0.00715	0.00948	0.08174	0.65481	0.08684	0.03455	0.00485	0.00146	0.00213	0.07708	0.00328	0.00292

[dist]
# distance from previous block
# <min> <max>
2	17

[block]
# block no. 7 follows, 79 sequences, length 10
# corresponding to MSA columns:
# 548-557
name=unknown_H
#
# <colnr> <probs for GDERKNQSTAVLIFYWHMCP>
#	G	D	E	R	K	N	Q	S	T	A	V	L	I	F	Y	W	H	M	C	P
0	0.00903	0.53975	0.25289	0.00805	0.05385	0.03909	0.00823	0.01104	0.00746	0.03410	0.00567	0.00652	0.00468	0.00317	0.00270	0.00089	0.00425	0.00221	0.00161	0.00480
1	0.03834	0.00539	0.00715	0.00609	0.02202	0.00487	0.00485	0.01370	0.02313	0.55402	0.07636	0.05148	0.05674	0.00612	0.03007	0.00129	0.00299	0.06642	0.02390	0.00508
2	0.00477	0.00361	0.00446	0.00466	0.00551	0.00330	0.00360	0.00602	0.00849	0.01117	0.29715	0.15833	0.28716	0.00885	0.00436	0.00129	0.00209	0.17859	0.00347	0.00313
3	0.00470	0.00352	0.00437	0.00438	0.00519	0.00319	0.00324	0.00599	0.00890	0.01203	0.48737	0.17535	0.22508	0.00836	0.00424	0.00120	0.00181	0.03433	0.00361	0.00316
4	0.00512	0.00366	0.00506	0.00506	0.00552	0.00409	0.00370	0.00605	0.00559	0.00802	0.00999	0.01637	0.00993	0.26049	0.59275	0.00484	0.00745	0.00413	0.03933	0.00287
5	0.00434	0.00324	0.00404	0.00455	0.00505	0.00294	0.00314	0.00514	0.00741	0.00971	0.11907	0.58421	0.21407	0.01012	0.00438	0.00134	0.00194	0.00901	0.00334	0.00294
6	0.71186	0.00623	0.00529	0.00503	0.00692	0.00709	0.00421	0.00971	0.00644	0.01470	0.00781	0.01292	0.00730	0.00464	0.00275	0.00120	0.00284	0.17697	0.00241	0.00370
7	0.00928	0.69429	0.01625	0.00627	0.00907	0.01285	0.00593	0.01228	0.18478	0.00965	0.00690	0.00724	0.00584	0.00339	0.00254	0.00085	0.00356	0.00233	0.00195	0.00475
8	0.71154	0.00613	0.00484	0.00441	0.00638	0.00686	0.00358	0.00924	0.00643	0.01448	0.01141	0.01168	0.18318	0.00447	0.00260	0.00111	0.00253	0.00308	0.00241	0.00364
9	0.00679	0.00626	0.00988	0.68544	0.02091	0.00717	0.00860	0.00898	0.00710	0.00953	0.00626	0.00896	0.00481	0.00333	0.00333	0.00104	0.00426	0.00291	0.00168	0.19276

[dist]
# distance from previous block
# <min> <max>
0	1

[block]
# block no. 8 follows, 79 sequences, length 21
# corresponding to MSA columns:
# 559-579
name=unknown_I
#
# <colnr> <probs for GDERKNQSTAVLIFYWHMCP>
#	G	D	E	R	K	N	Q	S	T	A	V	L	I	F	Y	W	H	M	C	P
0	0.00912	0.00741	0.01034	0.00873	0.00921	0.00982	0.00727	0.01000	0.00621	0.15615	0.00624	0.00846	0.00534	0.00585	0.01017	0.00146	0.71879	0.00316	0.00203	0.00423
1	0.00429	0.00309	0.00406	0.00484	0.00509	0.00287	0.00324	0.00491	0.00681	0.00902	0.02021	0.83340	0.06325	0.01094	0.00448	0.00142	0.00203	0.00989	0.00327	0.00287
2	0.00859	0.01610	0.70994	0.00939	0.01416	0.00766	0.01166	0.01221	0.00790	0.15836	0.00764	0.00823	0.00521	0.00352	0.00338	0.00111	0.00482	0.00277	0.00199	0.00535
3	0.01373	0.00934	0.01025	0.00786	0.01066	0.01014	0.00649	0.72921	0.01568	0.13666	0.00921	0.00895	0.00637	0.00425	0.00353	0.00106	0.00376	0.00322	0.00364	0.00599
4	0.00875	0.00454	0.00568	0.00491	0.00643	0.00405	0.00379	0.03861	0.00861	0.28497	0.11403	0.02061	0.29636	0.00757	0.00559	0.15718	0.00247	0.00506	0.00338	0.01740
5	0.00530	0.00381	0.00523	0.00600	0.00669	0.00374	0.00500	0.00666	0.00781	0.01015	0.01965	0.22404	0.06103	0.00999	0.00475	0.00156	0.00291	0.60926	0.00325	0.00315
6	0.00478	0.00429	0.00483	0.00456	0.00554	0.00434	0.00355	0.00565	0.00757	0.00934	0.03029	0.02936	0.70506	0.00845	0.00545	0.00125	0.15290	0.00668	0.00297	0.00313
7	0.01078	0.00646	0.00894	0.00730	0.00873	0.00731	0.04238	0.04336	0.00805	0.32641	0.00954	0.01036	0.00701	0.00492	0.00636	0.00121	0.32450	0.00334	0.15836	0.00468
8	0.01251	0.16679	0.01146	0.00855	0.01057	0.71434	0.00667	0.01346	0.00950	0.00857	0.00535	0.00623	0.00454	0.00352	0.00302	0.00088	0.00591	0.00220	0.00176	0.00416
9	0.00732	0.00632	0.00744	0.00537	0.00839	0.00492	0.00431	0.00886	0.00724	0.01137	0.00620	0.00732	0.00520	0.00274	0.00294	0.00056	0.03436	0.00212	0.00207	0.86495
10	0.08947	0.26997	0.13353	0.06994	0.04135	0.04124	0.00727	0.11610	0.07830	0.04292	0.00753	0.03748	0.00622	0.00396	0.00328	0.00103	0.02889	0.01457	0.00221	0.00477
11	0.00486	0.00349	0.00389	0.00398	0.00486	0.00317	0.00291	0.00612	0.02138	0.01099	0.17004	0.19153	0.37588	0.00806	0.00390	0.00115	0.00180	0.00691	0.17196	0.00311
12	0.00767	0.00643	0.03826	0.03995	0.07117	0.00524	0.02812	0.03282	0.00783	0.04046	0.03302	0.00934	0.00685	0.00322	0.00286	0.00073	0.00284	0.00270	0.15777	0.50271
13	0.01395	0.00555	0.00742	0.00585	0.00810	0.00487	0.00465	0.01508	0.00922	0.70864	0.01342	0.01392	0.00944	0.15615	0.00605	0.00150	0.00307	0.00382	0.00397	0.00533
14	0.00652	0.00474	0.00600	0.00557	0.00640	0.00526	0.00416	0.15154	0.00741	0.01024	0.00974	0.01554	0.00946	0.26476	0.47204	0.00422	0.00675	0.00406	0.00224	0.00335
15	0.00739	0.00695	0.01218	0.61673	0.16664	0.00797	0.09302	0.00973	0.00741	0.02892	0.00659	0.00935	0.00501	0.00342	0.00358	0.00115	0.00470	0.00325	0.00168	0.00433
16	0.00503	0.00378	0.00566	0.00566	0.00629	0.00441	0.00441	0.00629	0.00566	0.00818	0.00944	0.01385	0.00881	0.02643	0.86217	0.00566	0.00944	0.00378	0.00189	0.00315
17	0.00960	0.83762	0.01807	0.00617	0.00913	0.05395	0.00607	0.01072	0.00729	0.00831	0.00493	0.00569	0.00452	0.00304	0.00230	0.00076	0.00389	0.00190	0.00152	0.00450
18	0.00731	0.00626	0.00731	0.00522	0.00835	0.00470	0.00418	0.00887	0.00731	0.01148	0.00626	0.00731	0.00522	0.00261	0.00261	0.00052	0.00261	0.00209	0.00209	0.89768
19	0.00503	0.00378	0.00566	0.00566	0.00629	0.00441	0.00441	0.00629	0.00566	0.00818	0.00944	0.01385	0.00881	0.02643	0.86217	0.00566	0.00944	0.00378	0.00189	0.00315
20	0.03438	0.09657	0.08491	0.00794	0.01089	0.06136	0.00702	0.56065	0.03217	0.05810	0.00804	0.00817	0.00581	0.00399	0.00333	0.00103	0.00404	0.00295	0.00305	0.00560

[dist]
# distance from previous block
# <min> <max>
0	1

[block]
# block no. 9 follows, 79 sequences, length 25
# corresponding to MSA columns:
# 581-583,585-606
name=unknown_J
#
# <colnr> <probs for GDERKNQSTAVLIFYWHMCP>
#	G	D	E	R	K	N	Q	S	T	A	V	L	I	F	Y	W	H	M	C	P
0	0.00788	0.00749	0.02960	0.09960	0.49100	0.00753	0.00873	0.02375	0.11443	0.01199	0.10057	0.01276	0.06093	0.00420	0.00362	0.00110	0.00366	0.00385	0.00231	0.00501
1	0.00478	0.00329	0.00393	0.00425	0.00436	0.00319	0.00259	0.00504	0.00583	0.00774	0.01495	0.35334	0.03784	0.51894	0.01238	0.00259	0.00284	0.00708	0.00260	0.00244
2	0.00954	0.00788	0.00837	0.00726	0.00937	0.00899	0.00572	0.18124	0.65263	0.01620	0.04390	0.01270	0.01064	0.00476	0.00360	0.00116	0.00296	0.00391	0.00358	0.00558
3	0.00703	0.00768	0.09663	0.48172	0.08559	0.00773	0.05170	0.00937	0.02093	0.02573	0.00825	0.06198	0.03425	0.00435	0.00434	0.00121	0.08180	0.00371	0.00183	0.00419
4	0.00707	0.01823	0.85788	0.01005	0.01525	0.00818	0.01302	0.01116	0.00744	0.01116	0.00632	0.00744	0.00446	0.00335	0.00335	0.00112	0.00521	0.00260	0.00149	0.00521
5	0.10260	0.00688	0.05217	0.09284	0.05660	0.03356	0.01964	0.05314	0.12101	0.01997	0.01884	0.05152	0.02662	0.08946	0.17678	0.01069	0.05751	0.00384	0.00231	0.00402
6	0.00501	0.00373	0.00552	0.00555	0.00613	0.00430	0.00425	0.00619	0.00568	0.00814	0.00988	0.04533	0.00953	0.06827	0.78911	0.00540	0.00887	0.00407	0.00195	0.00309
7	0.05735	0.56677	0.14954	0.00681	0.00997	0.04884	0.00701	0.02159	0.00756	0.06041	0.01630	0.00669	0.00511	0.00332	0.00276	0.00088	0.02045	0.00221	0.00178	0.00465
8	0.00748	0.00750	0.01175	0.00967	0.01037	0.00953	0.15391	0.00865	0.00605	0.00898	0.00659	0.01057	0.02117	0.04725	0.03680	0.00169	0.60313	0.03332	0.00172	0.00387
9	0.02611	0.19139	0.19134	0.01041	0.14155	0.01737	0.10083	0.05896	0.03161	0.09517	0.05569	0.02589	0.00743	0.00384	0.00354	0.00105	0.02741	0.00323	0.00221	0.00498
10	0.00771	0.01060	0.28157	0.10480	0.07102	0.00750	0.17629	0.02615	0.08070	0.05389	0.01945	0.09562	0.02435	0.00450	0.00374	0.00118	0.00443	0.01956	0.00221	0.00475
11	0.00538	0.00384	0.00533	0.00615	0.00683	0.00380	0.00516	0.00678	0.00782	0.01021	0.01883	0.22050	0.02094	0.01002	0.00479	0.00158	0.00299	0.65265	0.00325	0.00316
12	0.00664	0.00652	0.02537	0.22221	0.06675	0.02387	0.13063	0.00864	0.03121	0.01029	0.11764	0.15101	0.04670	0.00610	0.02051	0.00132	0.11340	0.00498	0.00231	0.00391
13	0.03617	0.07797	0.12442	0.09019	0.16273	0.03810	0.06365	0.07753	0.15463	0.10482	0.00859	0.00934	0.00642	0.00378	0.00360	0.00109	0.02619	0.00316	0.00243	0.00517
14	0.00720	0.02846	0.00722	0.00672	0.03134	0.11646	0.04817	0.00906	0.06895	0.06090	0.20685	0.27439	0.04616	0.00728	0.00414	0.00122	0.01647	0.05214	0.00311	0.00377
15	0.00666	0.00626	0.01057	0.86767	0.02427	0.00783	0.00979	0.00900	0.00705	0.00900	0.00626	0.00940	0.00470	0.00352	0.00352	0.00117	0.00470	0.00313	0.00157	0.00392
16	0.06225	0.01667	0.03720	0.18797	0.18279	0.02938	0.11579	0.11346	0.02376	0.04745	0.00912	0.08830	0.01812	0.00482	0.01684	0.00122	0.00422	0.03371	0.00231	0.00463
17	0.02817	0.19453	0.29491	0.02422	0.07024	0.02307	0.07962	0.10632	0.05525	0.04158	0.00733	0.03003	0.00578	0.00370	0.00340	0.00105	0.02073	0.00298	0.00205	0.00503
18	0.01473	0.00679	0.03478	0.00678	0.00956	0.00590	0.03129	0.09885	0.01060	0.69495	0.03916	0.01187	0.00898	0.00436	0.00357	0.00109	0.00320	0.00359	0.00410	0.00585
19	0.00440	0.00356	0.00391	0.00393	0.00497	0.00308	0.00295	0.00546	0.00838	0.01051	0.20806	0.07955	0.60447	0.00870	0.00421	0.00120	0.00182	0.03440	0.00340	0.00305
