[name]
unknown

[dist]
# distance from previous block
# <min> <max>
0	8

[block]
# block no. 0 follows, 77 sequences, length 14
# corresponding to MSA columns:
# 85-98
name=unknown_A
#
# <colnr> <probs for GDERKNQSTAVLIFYWHMCP>
#	G	D	E	R	K	N	Q	S	T	A	V	L	I	F	Y	W	H	M	C	P
0	0.00567	0.00405	0.00565	0.00647	0.00725	0.00403	0.00557	0.00723	0.00815	0.01062	0.01912	0.11749	0.02099	0.01006	0.00493	0.00164	0.00320	0.75131	0.00331	0.00328
1	0.01133	0.43759	0.04596	0.00778	0.01036	0.41370	0.00680	0.01249	0.00868	0.00873	0.00532	0.00618	0.00462	0.00339	0.00279	0.00086	0.00515	0.00214	0.00169	0.00443
2	0.00552	0.00361	0.00470	0.00481	0.00555	0.00329	0.00346	0.00666	0.00857	0.07353	0.35526	0.40480	0.08852	0.00903	0.00435	0.00128	0.00198	0.00804	0.00367	0.00336
3	0.00656	0.00471	0.00542	0.00498	0.00612	0.00468	0.00369	0.08482	0.09113	0.05061	0.25997	0.06802	0.21040	0.15538	0.02612	0.00168	0.00262	0.00600	0.00339	0.00368
4	0.00935	0.05440	0.06541	0.05936	0.09779	0.09832	0.12786	0.10984	0.10001	0.05229	0.00984	0.08013	0.02107	0.04327	0.00469	0.00126	0.04040	0.01745	0.00249	0.00477
5	0.02936	0.00617	0.02070	0.00609	0.00839	0.00565	0.00500	0.10202	0.05002	0.47150	0.16118	0.01634	0.09077	0.00536	0.00376	0.00113	0.00282	0.00442	0.00405	0.00528
6	0.09066	0.00548	0.00684	0.00685	0.08503	0.00542	0.00480	0.09119	0.02593	0.13319	0.38552	0.03830	0.07690	0.00610	0.00385	0.00114	0.00252	0.02239	0.00356	0.00431
7	0.02515	0.11130	0.03669	0.13165	0.33801	0.02455	0.12738	0.11573	0.01900	0.01237	0.00682	0.00861	0.00543	0.00345	0.00362	0.00108	0.01883	0.00316	0.00198	0.00517
8	0.11237	0.00723	0.03484	0.00896	0.09362	0.03898	0.12844	0.05966	0.05295	0.11546	0.03437	0.11753	0.01040	0.08811	0.05666	0.00168	0.00412	0.02749	0.00271	0.00442
9	0.00508	0.00380	0.00565	0.00572	0.00633	0.00437	0.00440	0.00631	0.00587	0.00842	0.01044	0.08183	0.01016	0.02574	0.79182	0.00544	0.00904	0.00436	0.00204	0.00319
10	0.00451	0.00356	0.00393	0.00401	0.00488	0.00312	0.00286	0.00539	0.00797	0.01004	0.15389	0.15443	0.51204	0.10613	0.00588	0.00149	0.00203	0.00755	0.00330	0.00298
11	0.05223	0.14406	0.05275	0.00882	0.04014	0.13789	0.08697	0.20934	0.15468	0.03971	0.00873	0.00931	0.01658	0.01890	0.00361	0.00109	0.00429	0.00315	0.00263	0.00514
12	0.02932	0.07676	0.04321	0.24610	0.48785	0.00884	0.01012	0.01076	0.03285	0.01099	0.00671	0.00886	0.00545	0.00336	0.00344	0.00109	0.00434	0.00308	0.00177	0.00510
13	0.00531	0.00389	0.00516	0.00581	0.00661	0.00375	0.00483	0.00669	0.00815	0.01053	0.05989	0.16062	0.15637	0.00988	0.00476	0.00153	0.00282	0.53683	0.00335	0.00321

[dist]
# distance from previous block
# <min> <max>
10	44

[block]
# block no. 1 follows, 77 sequences, length 25
# corresponding to MSA columns:
# 156,157,160-182
name=unknown_B
#
# <colnr> <probs for GDERKNQSTAVLIFYWHMCP>
#	G	D	E	R	K	N	Q	S	T	A	V	L	I	F	Y	W	H	M	C	P
0	0.10975	0.00834	0.00948	0.00798	0.06640	0.02410	0.02959	0.32856	0.03789	0.05073	0.00771	0.00826	0.00581	0.00358	0.00316	0.00092	0.00347	0.00279	0.00281	0.28867
1	0.00540	0.00434	0.00461	0.00442	0.00569	0.00413	0.00333	0.00789	0.14484	0.02437	0.10064	0.02865	0.55302	0.04424	0.02501	0.00140	0.00225	0.00657	0.02568	0.00353
2	0.00505	0.00377	0.00450	0.00431	0.00533	0.00339	0.00324	0.00659	0.02530	0.02829	0.50311	0.05488	0.32305	0.00800	0.00423	0.00117	0.00180	0.00690	0.00372	0.00335
3	0.01354	0.01001	0.01072	0.00825	0.01110	0.01109	0.00680	0.81624	0.04004	0.02246	0.00880	0.00877	0.00625	0.00433	0.00360	0.00108	0.00393	0.00326	0.00360	0.00611
4	0.00693	0.00485	0.00600	0.00605	0.00719	0.00497	0.00490	0.05979	0.12940	0.04958	0.12651	0.14174	0.03731	0.00808	0.00432	0.00138	0.00276	0.33399	0.06035	0.00390
5	0.00918	0.00466	0.00583	0.00505	0.00658	0.00434	0.00395	0.03524	0.03351	0.27557	0.31641	0.04579	0.04388	0.00581	0.00367	0.00108	0.00223	0.00494	0.18793	0.00436
6	0.00737	0.00470	0.00599	0.00554	0.00668	0.00492	0.00424	0.04230	0.08776	0.12739	0.06638	0.01789	0.08129	0.13285	0.33765	0.00327	0.00545	0.02113	0.03336	0.00383
7	0.04147	0.00773	0.00851	0.00719	0.00953	0.00848	0.00573	0.15093	0.50070	0.19905	0.01325	0.01213	0.00950	0.00464	0.00359	0.00117	0.00307	0.00376	0.00377	0.00579
8	0.00833	0.00931	0.01998	0.01492	0.05593	0.00876	0.75105	0.01124	0.00851	0.01158	0.02874	0.01115	0.00670	0.00338	0.00424	0.00122	0.00578	0.03244	0.00192	0.00480
9	0.01329	0.00988	0.01058	0.00820	0.01101	0.01098	0.00674	0.77267	0.08402	0.02205	0.00912	0.00902	0.00651	0.00436	0.00360	0.00109	0.00387	0.00331	0.00360	0.00608
10	0.00921	0.08058	0.55370	0.00916	0.01350	0.05500	0.01068	0.04959	0.06033	0.11330	0.00783	0.00836	0.00556	0.00366	0.00337	0.00110	0.00478	0.00281	0.00212	0.00536
11	0.00449	0.00342	0.00415	0.00463	0.00528	0.00308	0.00332	0.00535	0.00763	0.00978	0.07097	0.47030	0.31042	0.01020	0.00448	0.00137	0.00207	0.07267	0.00337	0.00302
12	0.00469	0.00346	0.00490	0.00548	0.00586	0.00327	0.03186	0.00548	0.00703	0.00935	0.01905	0.73348	0.02252	0.03838	0.00505	0.00154	0.00239	0.08998	0.00325	0.00300
13	0.02458	0.02179	0.07776	0.04105	0.05529	0.19100	0.33765	0.06471	0.00927	0.08121	0.00787	0.03663	0.00623	0.00382	0.00388	0.00113	0.01694	0.01218	0.00219	0.00483
14	0.00864	0.00876	0.01279	0.06143	0.39014	0.07941	0.04825	0.01026	0.00735	0.01021	0.00615	0.00869	0.00539	0.00536	0.04627	0.00145	0.27978	0.00319	0.00172	0.00476
15	0.00794	0.06748	0.67951	0.01027	0.01509	0.05160	0.07252	0.03461	0.00803	0.01142	0.00645	0.00762	0.00467	0.00341	0.00341	0.00111	0.00531	0.00273	0.00162	0.00521
16	0.00485	0.00367	0.00448	0.00428	0.00523	0.00329	0.00321	0.00633	0.00962	0.01309	0.61854	0.02907	0.26549	0.00785	0.00424	0.00115	0.00173	0.00681	0.00378	0.00329
17	0.00510	0.00380	0.00545	0.00545	0.00605	0.00430	0.00413	0.00622	0.00584	0.00826	0.01118	0.01627	0.05174	0.12585	0.71722	0.00528	0.00852	0.00420	0.00203	0.00308
18	0.00444	0.00320	0.00423	0.00503	0.00531	0.00298	0.00343	0.00513	0.00700	0.00928	0.02041	0.80050	0.05440	0.01113	0.00460	0.00146	0.00214	0.04904	0.00334	0.00294
19	0.00557	0.00428	0.00461	0.00448	0.00531	0.00427	0.00309	0.00782	0.15382	0.00996	0.06583	0.05400	0.28628	0.33747	0.00946	0.00207	0.00263	0.00598	0.02988	0.00320
20	0.00864	0.39150	0.41315	0.00813	0.01215	0.03440	0.00943	0.01124	0.00771	0.03559	0.03381	0.00754	0.00568	0.00344	0.00296	0.00097	0.00452	0.00248	0.00171	0.00494
21	0.00752	0.00696	0.01053	0.54425	0.08379	0.02813	0.03430	0.04760	0.10478	0.01073	0.00860	0.08159	0.00724	0.00437	0.00370	0.00120	0.00435	0.00390	0.00210	0.00436
22	0.00436	0.00344	0.00393	0.00425	0.00504	0.00301	0.00302	0.00521	0.00781	0.00982	0.08457	0.36751	0.46560	0.00985	0.00439	0.00131	0.00192	0.00857	0.00338	0.00301
23	0.05760	0.49456	0.26648	0.00778	0.01147	0.01160	0.04995	0.01129	0.02330	0.02828	0.00593	0.00680	0.00481	0.00325	0.00278	0.00094	0.00430	0.00234	0.00169	0.00485
24	0.01259	0.03696	0.01039	0.03471	0.03235	0.43669	0.01609	0.21240	0.05273	0.06872	0.02359	0.00850	0.00631	0.00462	0.02664	0.00114	0.00528	0.00289	0.00256	0.00486

[dist]
# distance from previous block
# <min> <max>
1	5

[block]
# block no. 2 follows, 77 sequences, length 38
# corresponding to MSA columns:
# 188-217,219,220,231-236
name=unknown_C
#
# <colnr> <probs for GDERKNQSTAVLIFYWHMCP>
#	G	D	E	R	K	N	Q	S	T	A	V	L	I	F	Y	W	H	M	C	P
0	0.02136	0.02540	0.01042	0.65305	0.02093	0.07917	0.00892	0.05025	0.01767	0.02557	0.00709	0.03228	0.00566	0.02314	0.00387	0.00122	0.00469	0.00333	0.00186	0.00412
1	0.00844	0.28712	0.49985	0.00869	0.01297	0.03636	0.01026	0.05134	0.00802	0.01091	0.00627	0.01977	0.00495	0.00347	0.00308	0.00101	0.00474	0.00255	0.00167	0.01855
2	0.04597	0.00743	0.00917	0.12364	0.17151	0.05712	0.00672	0.11832	0.09207	0.04407	0.14293	0.01390	0.07375	0.00470	0.00360	0.00108	0.00347	0.00397	0.00279	0.07379
3	0.00574	0.00444	0.01771	0.00635	0.00731	0.00422	0.02315	0.03281	0.00832	0.01080	0.02021	0.16757	0.10577	0.00964	0.00476	0.00155	0.00307	0.55995	0.00327	0.00337
4	0.00803	0.00802	0.03136	0.35960	0.39764	0.03906	0.01001	0.01021	0.00772	0.01049	0.00656	0.00906	0.00529	0.00381	0.01792	0.00118	0.01932	0.00311	0.00172	0.04988
5	0.00788	0.00800	0.01093	0.00932	0.00971	0.05688	0.05575	0.00886	0.00597	0.00879	0.00552	0.00867	0.00528	0.00849	0.11462	0.00203	0.66447	0.00325	0.00165	0.00391
6	0.00453	0.00324	0.00434	0.00514	0.00542	0.00304	0.00356	0.00528	0.00711	0.00948	0.04526	0.77217	0.02383	0.01103	0.00461	0.00147	0.00218	0.08199	0.00336	0.00297
7	0.02620	0.08827	0.01348	0.20351	0.48353	0.04294	0.00973	0.05135	0.00840	0.02951	0.00669	0.00867	0.00541	0.00338	0.00342	0.00107	0.00437	0.00304	0.00188	0.00516
8	0.00775	0.00367	0.00395	0.00372	0.00478	0.00357	0.00285	0.00939	0.00791	0.10882	0.02794	0.01353	0.00965	0.00428	0.00267	0.00087	0.00183	0.00344	0.77571	0.00367
9	0.00444	0.00353	0.00400	0.00415	0.00505	0.00309	0.00301	0.00542	0.00820	0.01038	0.17236	0.23346	0.50080	0.00954	0.01480	0.00132	0.00196	0.00799	0.00343	0.00307
10	0.00706	0.00405	0.00472	0.00436	0.00547	0.00393	0.00333	0.02214	0.05013	0.08762	0.33839	0.01903	0.04102	0.00561	0.00340	0.00101	0.00190	0.00475	0.38834	0.00376
11	0.00517	0.00355	0.00433	0.00438	0.00452	0.00367	0.00273	0.00547	0.00543	0.00738	0.01141	0.06491	0.01275	0.64872	0.19715	0.00387	0.00473	0.00519	0.00218	0.00244
12	0.00481	0.00348	0.00435	0.00458	0.00527	0.00315	0.00326	0.00588	0.00835	0.02690	0.30359	0.39073	0.20369	0.00936	0.00438	0.00129	0.00192	0.00828	0.00357	0.00317
13	0.00787	0.00729	0.01204	0.57790	0.20474	0.00841	0.04275	0.07604	0.00824	0.01092	0.00669	0.00937	0.00512	0.00355	0.00361	0.00116	0.00466	0.00324	0.00181	0.00457
14	0.00751	0.00655	0.00741	0.00539	0.00845	0.02648	0.00429	0.00909	0.00765	0.01176	0.04307	0.00828	0.00656	0.00289	0.00275	0.00057	0.00272	0.00233	0.00220	0.83403
15	0.01014	0.00811	0.00871	0.00755	0.02075	0.00920	0.00591	0.26195	0.51326	0.01708	0.02660	0.01209	0.00967	0.00471	0.00369	0.00116	0.01411	0.00380	0.05588	0.00562
16	0.04138	0.02321	0.20418	0.05349	0.19883	0.03785	0.09990	0.02315	0.01846	0.08936	0.01709	0.00880	0.00588	0.00338	0.00338	0.00101	0.00431	0.00300	0.00211	0.16123
17	0.00862	0.18630	0.48444	0.01008	0.06470	0.02043	0.05166	0.06837	0.03422	0.02919	0.00678	0.00775	0.00508	0.00345	0.00327	0.00106	0.00480	0.00272	0.00183	0.00525
18	0.01268	0.01249	0.00999	0.00847	0.01076	0.36316	0.00664	0.32287	0.17737	0.02712	0.00862	0.00874	0.00650	0.00418	0.00346	0.00104	0.00478	0.00302	0.00290	0.00522
19	0.00452	0.00363	0.00404	0.00406	0.00509	0.00315	0.00304	0.00563	0.00860	0.01088	0.23740	0.09495	0.55945	0.00886	0.00430	0.00123	0.00186	0.03270	0.00349	0.00313
20	0.04425	0.08641	0.20532	0.03667	0.04593	0.10646	0.25927	0.04271	0.00852	0.06852	0.00732	0.02483	0.00572	0.01710	0.00399	0.00115	0.02561	0.00332	0.00201	0.00486
21	0.00736	0.05635	0.00697	0.05295	0.02573	0.00519	0.01166	0.02502	0.00737	0.13055	0.01351	0.28883	0.02070	0.08840	0.11109	0.01922	0.03907	0.02950	0.05682	0.00370
22	0.00445	0.00320	0.00424	0.00500	0.00529	0.00299	0.00341	0.00517	0.00710	0.00945	0.05055	0.78212	0.05217	0.01101	0.00458	0.00145	0.00211	0.03939	0.00336	0.00296
23	0.00702	0.00549	0.04244	0.04767	0.03855	0.00487	0.04161	0.06094	0.02492	0.08480	0.10728	0.08408	0.29594	0.00660	0.00383	0.00114	0.00264	0.00565	0.13058	0.00394
24	0.02766	0.19075	0.12541	0.10363	0.08758	0.07494	0.16496	0.04080	0.06314	0.03244	0.00695	0.00838	0.00545	0.00360	0.00380	0.00108	0.04960	0.00303	0.00194	0.00486
25	0.00721	0.01861	0.85495	0.01025	0.01557	0.00835	0.01329	0.01139	0.00759	0.01139	0.00646	0.00759	0.00456	0.00342	0.00342	0.00114	0.00532	0.00266	0.00152	0.00532
26	0.00441	0.00314	0.00417	0.00498	0.00518	0.00294	0.00331	0.00501	0.00684	0.00912	0.01959	0.84767	0.02349	0.03525	0.00497	0.00152	0.00213	0.01009	0.00331	0.00290
27	0.04653	0.00753	0.03692	0.51075	0.10358	0.02255	0.10052	0.01007	0.00752	0.04082	0.00705	0.01022	0.00554	0.00384	0.00403	0.00121	0.04659	0.02856	0.00183	0.00435
28	0.01032	0.11564	0.15736	0.09113	0.06202	0.21114	0.02398	0.10422	0.00928	0.07710	0.00746	0.02647	0.00600	0.02532	0.03132	0.00126	0.02137	0.00302	0.01086	0.00476
29	0.00746	0.00639	0.00746	0.00533	0.00852	0.00480	0.00426	0.00906	0.00746	0.01172	0.00639	0.00746	0.00533	0.00266	0.00266	0.00053	0.00266	0.00213	0.00213	0.89558
30	0.00833	0.00807	0.01320	0.26970	0.54761	0.02776	0.01048	0.01045	0.00781	0.01078	0.00653	0.00900	0.00536	0.00348	0.00396	0.00113	0.04636	0.00318	0.00172	0.00508
31	0.00514	0.00384	0.00569	0.00569	0.00629	0.00444	0.00438	0.00636	0.00575	0.00828	0.00972	0.01461	0.00920	0.07049	0.81610	0.00566	0.00932	0.00392	0.00194	0.00316
32	0.59608	0.00730	0.00705	0.02454	0.07532	0.00816	0.00504	0.10522	0.03117	0.08063	0.00671	0.00759	0.00510	0.02327	0.00303	0.00116	0.00312	0.00248	0.00254	0.00448
33	0.00858	0.03302	0.31396	0.01996	0.02871	0.03897	0.11427	0.15511	0.02523	0.03371	0.07204	0.02707	0.06422	0.02042	0.01823	0.00126	0.00451	0.01341	0.00242	0.00491
34	0.00514	0.00385	0.00578	0.00578	0.00642	0.00450	0.00450	0.00642	0.00578	0.00835	0.00963	0.01413	0.00899	0.02698	0.85933	0.00578	0.00963	0.00385	0.00193	0.00321
35	0.00657	0.00595	0.02663	0.00841	0.08545	0.03104	0.06694	0.00759	0.00617	0.00866	0.00823	0.02252	0.00795	0.12688	0.33865	0.08681	0.14641	0.00382	0.00185	0.00346
36	0.00436	0.00342	0.00395	0.00431	0.00505	0.00301	0.00305	0.00520	0.00774	0.00978	0.08053	0.40852	0.42839	0.00996	0.00440	0.00132	0.00193	0.00870	0.00338	0.00301
37	0.00527	0.00392	0.00554	0.00548	0.00594	0.00451	0.00407	0.00622	0.00564	0.00803	0.00985	0.01615	0.00981	0.23026	0.62304	0.00506	0.04209	0.00416	0.00197	0.00299

[dist]
# distance from previous block
# <min> <max>
0	1

[block]
# block no. 3 follows, 77 sequences, length 45
# corresponding to MSA columns:
# 238-282
name=unknown_D
#
# <colnr> <probs for GDERKNQSTAVLIFYWHMCP>
#	G	D	E	R	K	N	Q	S	T	A	V	L	I	F	Y	W	H	M	C	P
0	0.00515	0.00345	0.00395	0.00403	0.00405	0.00343	0.00229	0.00521	0.00539	0.00719	0.01215	0.10500	0.01411	0.79072	0.01699	0.00329	0.00335	0.00571	0.00229	0.00225
1	0.01270	0.01082	0.00999	0.00809	0.01058	0.17341	0.00650	0.55144	0.09640	0.01863	0.00938	0.00946	0.02568	0.00436	0.00351	0.00106	0.00420	0.00325	0.03502	0.00553
2	0.02920	0.01649	0.01015	0.00919	0.01096	0.80064	0.00694	0.01400	0.00988	0.00893	0.00551	0.00655	0.00462	0.00383	0.00366	0.00096	0.05014	0.00235	0.00185	0.00415
3	0.00612	0.00455	0.00541	0.01988	0.00642	0.00442	0.01738	0.05587	0.07775	0.03563	0.31368	0.03560	0.28651	0.05047	0.00476	0.00128	0.00224	0.01730	0.05106	0.00367
4	0.00463	0.00364	0.00418	0.00420	0.00516	0.00323	0.00309	0.00590	0.02189	0.01130	0.30569	0.15794	0.43871	0.00878	0.00429	0.00122	0.00184	0.00757	0.00355	0.00318
5	0.02640	0.00885	0.01062	0.07168	0.11794	0.04051	0.02416	0.36396	0.05265	0.04118	0.00791	0.00874	0.00598	0.00392	0.00385	0.00103	0.04997	0.00306	0.00277	0.15484
6	0.00890	0.00870	0.01410	0.09395	0.74705	0.04205	0.01079	0.01101	0.00818	0.01142	0.00669	0.00887	0.00558	0.00326	0.00355	0.00107	0.00441	0.00317	0.00177	0.00549
7	0.01250	0.00927	0.01076	0.00843	0.01108	0.05483	0.08287	0.44823	0.14007	0.13586	0.01011	0.01023	0.00729	0.02117	0.01934	0.00124	0.00409	0.00351	0.00341	0.00571
8	0.02334	0.31884	0.06624	0.00886	0.01190	0.01049	0.21539	0.14040	0.02239	0.06881	0.00769	0.02922	0.00634	0.05007	0.00408	0.00115	0.00436	0.00328	0.00225	0.00489
9	0.00448	0.00339	0.00413	0.00450	0.00514	0.00305	0.00317	0.00540	0.00791	0.01035	0.18343	0.45604	0.27625	0.00987	0.00442	0.00132	0.00193	0.00872	0.00346	0.00305
10	0.00795	0.01397	0.47122	0.03090	0.38209	0.00843	0.01224	0.01120	0.00785	0.01151	0.00659	0.00820	0.00506	0.00333	0.00348	0.00111	0.00485	0.00291	0.00164	0.00546
11	0.00843	0.00679	0.04092	0.37509	0.04467	0.00710	0.02728	0.09807	0.03671	0.11174	0.03891	0.07380	0.04480	0.00535	0.01733	0.00128	0.00402	0.04090	0.01233	0.00447
12	0.00442	0.00321	0.00419	0.00496	0.00527	0.00298	0.00338	0.00511	0.00705	0.00929	0.02117	0.77119	0.09185	0.01104	0.00458	0.00145	0.00211	0.04048	0.00334	0.00295
13	0.01614	0.00612	0.00835	0.00640	0.00918	0.00529	0.00529	0.01753	0.01030	0.85364	0.01419	0.01224	0.00890	0.00445	0.00362	0.00111	0.00306	0.00362	0.00445	0.00612
14	0.00765	0.03751	0.77288	0.01015	0.01525	0.00866	0.02937	0.05671	0.00812	0.01194	0.00656	0.00765	0.00466	0.00345	0.00342	0.00113	0.00522	0.00270	0.00164	0.00533
15	0.01388	0.00682	0.00869	0.07134	0.01038	0.01542	0.00579	0.17651	0.01118	0.53179	0.05654	0.01204	0.00929	0.00452	0.00371	0.00111	0.01462	0.00364	0.03707	0.00566
16	0.00962	0.87575	0.01885	0.00615	0.00923	0.01423	0.00615	0.01077	0.00731	0.00846	0.00500	0.00577	0.00462	0.00308	0.00231	0.00077	0.00385	0.00192	0.00154	0.00462
17	0.03233	0.31521	0.41208	0.00892	0.04348	0.04930	0.01937	0.04132	0.00798	0.01082	0.01552	0.00750	0.01487	0.00344	0.00303	0.00100	0.00463	0.00253	0.00170	0.00497
18	0.02673	0.00729	0.01111	0.02409	0.01083	0.05890	0.22578	0.04316	0.00753	0.01034	0.01005	0.15235	0.01813	0.04991	0.08924	0.00187	0.18624	0.04683	0.01570	0.00391
19	0.00721	0.01861	0.85495	0.01025	0.01557	0.00835	0.01329	0.01139	0.00759	0.01139	0.00646	0.00759	0.00456	0.00342	0.00342	0.00114	0.00532	0.00266	0.00152	0.00532
20	0.00684	0.00478	0.00586	0.00533	0.00654	0.00476	0.00411	0.10224	0.07128	0.05180	0.56392	0.07292	0.02656	0.00699	0.00412	0.00117	0.00218	0.03837	0.01626	0.00396
21	0.00503	0.00367	0.00473	0.00446	0.00534	0.00337	0.00335	0.00668	0.01004	0.01410	0.79299	0.02741	0.09041	0.00748	0.00424	0.00114	0.00171	0.00658	0.00392	0.00337
22	0.00879	0.04120	0.01115	0.30147	0.21489	0.00778	0.03732	0.03263	0.09191	0.10829	0.07666	0.01145	0.00863	0.00403	0.00359	0.00113	0.00393	0.00359	0.02671	0.00486
23	0.00840	0.05559	0.44526	0.02855	0.19575	0.00833	0.01078	0.05650	0.00841	0.06070	0.03883	0.03809	0.00690	0.00393	0.00363	0.00112	0.01872	0.00325	0.00202	0.00525
24	0.00503	0.00369	0.00470	0.00449	0.00536	0.00338	0.00338	0.00660	0.00979	0.01363	0.71409	0.02812	0.12077	0.02635	0.00457	0.00121	0.00181	0.03587	0.00383	0.00333
25	0.00784	0.01010	0.14203	0.03648	0.06891	0.00845	0.49228	0.01061	0.00806	0.01110	0.00938	0.01213	0.06358	0.00403	0.00462	0.00124	0.06604	0.03652	0.00191	0.00470
26	0.00717	0.01827	0.83554	0.01012	0.01534	0.00824	0.01306	0.01129	0.00765	0.01146	0.02570	0.00803	0.00523	0.00351	0.00344	0.00114	0.00523	0.00275	0.00157	0.00527
27	0.00561	0.00435	0.00555	0.00529	0.00591	0.00469	0.01497	0.03510	0.01679	0.00942	0.06085	0.11483	0.16252	0.23914	0.19175	0.00283	0.08875	0.00564	0.02289	0.00311
28	0.00520	0.00361	0.00452	0.00452	0.00473	0.00381	0.00293	0.00562	0.00541	0.00742	0.01079	0.02051	0.01176	0.60085	0.28924	0.00423	0.00547	0.00479	0.00210	0.00251
29	0.13794	0.00654	0.00972	0.00767	0.01013	0.00618	0.15708	0.03223	0.00903	0.42038	0.01240	0.10682	0.00982	0.00510	0.00372	0.00120	0.00350	0.05204	0.00345	0.00506
30	0.00962	0.87575	0.01885	0.00615	0.00923	0.01423	0.00615	0.01077	0.00731	0.00846	0.00500	0.00577	0.00462	0.00308	0.00231	0.00077	0.00385	0.00192	0.00154	0.00462
31	0.07012	0.00398	0.00522	0.00518	0.00575	0.00447	0.00380	0.00639	0.00565	0.00853	0.00978	0.01619	0.00978	0.26493	0.55896	0.00479	0.00740	0.00411	0.00202	0.00297
32	0.02355	0.03909	0.00709	0.00596	0.00721	0.01363	0.09602	0.02180	0.02773	0.05096	0.07187	0.26629	0.21893	0.09318	0.03863	0.00165	0.00309	0.00680	0.00300	0.00351
33	0.00911	0.00515	0.00634	0.00514	0.00725	0.00434	0.00408	0.02186	0.00921	0.28070	0.18701	0.01907	0.19991	0.00567	0.00365	0.00100	0.00241	0.00474	0.01765	0.20570
34	0.00478	0.00369	0.00453	0.00456	0.00531	0.00346	0.00333	0.00593	0.00854	0.01143	0.36528	0.23176	0.26662	0.02619	0.00489	0.00130	0.03414	0.00757	0.00351	0.00317
35	0.02818	0.04886	0.00976	0.03994	0.01069	0.55355	0.00647	0.08712	0.03171	0.03969	0.00724	0.03445	0.00603	0.00490	0.03520	0.00115	0.00558	0.00285	0.04228	0.00435
36	0.00821	0.08383	0.07502	0.00806	0.09859	0.02575	0.03277	0.02469	0.03290	0.02812	0.02971	0.00835	0.00627	0.00311	0.00296	0.00075	0.00335	0.00256	0.00215	0.52287
37	0.00979	0.33532	0.02617	0.00792	0.00969	0.15895	0.00689	0.06895	0.00783	0.00959	0.00550	0.00736	0.00502	0.02521	0.01902	0.00123	0.28682	0.00260	0.00177	0.00435
38	0.00470	0.00354	0.00476	0.00535	0.00557	0.00361	0.00371	0.00539	0.00692	0.00937	0.05494	0.76344	0.02267	0.01069	0.00517	0.00146	0.07299	0.00948	0.00322	0.00303
39	0.00552	0.00352	0.00413	0.00414	0.00432	0.00355	0.00254	0.00577	0.00566	0.01961	0.02062	0.05178	0.01281	0.64358	0.07698	0.03655	0.00369	0.01261	0.08016	0.00244
40	0.01216	0.00953	0.02987	0.00798	0.01057	0.02024	0.00660	0.63142	0.12417	0.02019	0.02627	0.05563	0.00817	0.00482	0.00377	0.00113	0.01446	0.00376	0.00350	0.00577
41	0.00454	0.00324	0.00411	0.00471	0.00498	0.00304	0.00310	0.00511	0.00680	0.00900	0.04343	0.64082	0.08434	0.15678	0.00687	0.00178	0.00229	0.00908	0.00316	0.00282
42	0.11002	0.17735	0.05184	0.00857	0.04351	0.44337	0.00686	0.03669	0.04017	0.01046	0.00591	0.00679	0.00488	0.00361	0.00318	0.00096	0.02376	0.00236	0.00193	0.01778
43	0.00550	0.00460	0.00628	0.00586	0.00699	0.00441	0.08388	0.04228	0.04885	0.01053	0.03354	0.33163	0.31089	0.03225	0.00485	0.00138	0.01622	0.04345	0.00317	0.00344
44	0.09449	0.03569	0.03549	0.00684	0.00921	0.06717	0.07048	0.04504	0.10608	0.06619	0.01081	0.10448	0.04834	0.02123	0.01995	0.00114	0.01302	0.00392	0.00263	0.23780

[dist]
# distance from previous block
# <min> <max>
6	50

[block]
# block no. 4 follows, 77 sequences, length 23
# corresponding to MSA columns:
# 334-356
name=unknown_E
#
# <colnr> <probs for GDERKNQSTAVLIFYWHMCP>
#	G	D	E	R	K	N	Q	S	T	A	V	L	I	F	Y	W	H	M	C	P
0	0.05835	0.18052	0.10480	0.02730	0.02223	0.04909	0.07461	0.12876	0.04278	0.10269	0.04283	0.01680	0.02332	0.00478	0.03371	0.00119	0.01451	0.00317	0.00251	0.06604
1	0.14243	0.01739	0.00954	0.00759	0.02216	0.00713	0.10725	0.11257	0.02726	0.27605	0.06433	0.01185	0.00895	0.00534	0.03910	0.00132	0.04633	0.02538	0.02701	0.04101
2	0.00532	0.00342	0.00451	0.00503	0.00543	0.00320	0.00344	0.00601	0.00712	0.06357	0.05205	0.65648	0.02196	0.10333	0.00600	0.00165	0.00233	0.04273	0.00331	0.00308
3	0.00900	0.13856	0.07993	0.01018	0.06514	0.08450	0.20465	0.08067	0.08917	0.02005	0.03018	0.10364	0.00852	0.00461	0.00403	0.00113	0.04622	0.00407	0.00232	0.01345
4	0.00785	0.01900	0.04679	0.55555	0.03818	0.03467	0.06356	0.07969	0.01984	0.02799	0.00781	0.06895	0.00644	0.00417	0.00367	0.00119	0.00461	0.00371	0.00200	0.00433
5	0.00900	0.00694	0.04147	0.00637	0.00815	0.00720	0.00527	0.16406	0.22340	0.06764	0.06280	0.01412	0.07259	0.00512	0.00417	0.00112	0.07917	0.00399	0.21269	0.00474
6	0.00831	0.00629	0.00793	0.04286	0.10665	0.00671	0.00572	0.08327	0.26266	0.07547	0.17990	0.11543	0.02797	0.00590	0.00395	0.00119	0.01340	0.01331	0.02829	0.00476
7	0.00945	0.07464	0.20718	0.04525	0.03560	0.10124	0.24382	0.05866	0.00882	0.08508	0.00811	0.05040	0.00643	0.00389	0.00370	0.00111	0.01380	0.00357	0.03439	0.00488
8	0.57911	0.00776	0.00717	0.00641	0.04221	0.00877	0.00498	0.22842	0.02696	0.02969	0.00652	0.00712	0.00489	0.00366	0.00270	0.00110	0.00313	0.00244	0.02234	0.00461
9	0.00465	0.00338	0.00421	0.00465	0.00522	0.00306	0.00324	0.00551	0.00772	0.02414	0.14442	0.54181	0.21463	0.01009	0.00445	0.00135	0.00199	0.00897	0.00345	0.00307
10	0.00616	0.00495	0.00620	0.00645	0.06494	0.00485	0.02660	0.02706	0.14627	0.03432	0.13246	0.17506	0.31292	0.00778	0.00415	0.00124	0.00243	0.02888	0.00336	0.00389
11	0.06048	0.00810	0.00939	0.00723	0.01003	0.00831	0.00597	0.41979	0.01332	0.40323	0.01100	0.01015	0.00728	0.00433	0.00354	0.00110	0.00349	0.00335	0.00392	0.00600
12	0.00518	0.00381	0.00481	0.00497	0.00566	0.00365	0.00358	0.03837	0.03675	0.01200	0.34540	0.42444	0.06867	0.00912	0.00437	0.00130	0.00203	0.01896	0.00360	0.00333
13	0.00472	0.00317	0.00406	0.00475	0.00503	0.00300	0.00319	0.00546	0.00691	0.00966	0.01843	0.72498	0.02145	0.04357	0.00484	0.00146	0.00209	0.00912	0.12117	0.00295
14	0.00450	0.00320	0.00422	0.00500	0.00522	0.00301	0.00336	0.00512	0.00683	0.00909	0.01921	0.77844	0.02292	0.07084	0.00556	0.00161	0.00223	0.04349	0.00326	0.00289
15	0.03748	0.00928	0.01089	0.00830	0.01119	0.00992	0.05999	0.62053	0.01493	0.16657	0.00942	0.00926	0.00650	0.00423	0.00361	0.00109	0.00391	0.00333	0.00360	0.00598
16	0.00448	0.00322	0.00424	0.00502	0.00529	0.00301	0.00342	0.00516	0.00696	0.00922	0.02013	0.76921	0.05322	0.03678	0.00501	0.00152	0.00219	0.05568	0.00330	0.00293
17	0.00867	0.00842	0.01470	0.10125	0.71551	0.00853	0.06812	0.01090	0.00812	0.01149	0.00677	0.00902	0.00560	0.00323	0.00361	0.00109	0.00445	0.00328	0.00177	0.00548
18	0.00776	0.00711	0.01142	0.04719	0.54805	0.00719	0.00867	0.01017	0.06593	0.01163	0.07523	0.11946	0.03041	0.02014	0.00404	0.00119	0.00364	0.01348	0.00233	0.00496
19	0.00955	0.00928	0.00995	0.13936	0.25112	0.23469	0.00753	0.02092	0.01709	0.03538	0.00777	0.00949	0.00620	0.00376	0.00344	0.00101	0.02385	0.00302	0.20211	0.00449
20	0.00746	0.00639	0.00746	0.00533	0.00852	0.00480	0.00426	0.00906	0.00746	0.01172	0.00639	0.00746	0.00533	0.00266	0.00266	0.00053	0.00266	0.00213	0.00213	0.89558
21	0.00673	0.03814	0.09000	0.04093	0.00845	0.00497	0.03873	0.00847	0.01957	0.09999	0.16506	0.16333	0.14790	0.01870	0.04150	0.00148	0.00322	0.09586	0.00312	0.00386
22	0.00435	0.00364	0.00376	0.00373	0.00489	0.00308	0.00278	0.00532	0.00832	0.01011	0.11362	0.03364	0.75353	0.02770	0.00456	0.00126	0.00185	0.00744	0.00337	0.00305

[dist]
# distance from previous block
# <min> <max>
0	1

[block]
# block no. 5 follows, 77 sequences, length 22
# corresponding to MSA columns:
# 358-367,377-388
name=unknown_F
#
# <colnr> <probs for GDERKNQSTAVLIFYWHMCP>
#	G	D	E	R	K	N	Q	S	T	A	V	L	I	F	Y	W	H	M	C	P
0	0.00704	0.00632	0.01055	0.75134	0.05942	0.00769	0.00953	0.00935	0.00740	0.03309	0.03713	0.01037	0.00611	0.00433	0.02511	0.00130	0.00473	0.00334	0.00178	0.00409
1	0.00520	0.00377	0.00545	0.00545	0.00596	0.00428	0.00408	0.00617	0.00565	0.00805	0.00977	0.01548	0.00952	0.15896	0.69449	0.04033	0.00842	0.00404	0.00195	0.00299
2	0.00830	0.13061	0.31486	0.05819	0.03223	0.00937	0.35151	0.01139	0.00798	0.03194	0.00679	0.00846	0.00508	0.00324	0.00362	0.00112	0.00532	0.00327	0.00173	0.00499
3	0.04556	0.00845	0.01110	0.09729	0.21125	0.08030	0.06115	0.16975	0.01010	0.15100	0.03047	0.06945	0.00799	0.00444	0.00384	0.00113	0.02508	0.00379	0.00273	0.00513
4	0.07895	0.03511	0.03051	0.00787	0.01009	0.24891	0.00646	0.30690	0.02390	0.04831	0.00880	0.01196	0.00745	0.02584	0.00405	0.00116	0.02444	0.09849	0.00279	0.01799
5	0.01366	0.01052	0.01076	0.00834	0.01115	0.06429	0.00684	0.78747	0.01649	0.02180	0.00844	0.00850	0.00602	0.00428	0.00358	0.00107	0.00412	0.00318	0.00349	0.00600
6	0.02000	0.07615	0.14205	0.04534	0.21804	0.03080	0.05570	0.04010	0.04863	0.03829	0.00974	0.09517	0.03889	0.00450	0.00359	0.00108	0.01176	0.01651	0.00224	0.10142
7	0.00751	0.06981	0.00688	0.02776	0.00753	0.04489	0.00482	0.02974	0.00846	0.12673	0.08329	0.29982	0.05370	0.00826	0.00422	0.00133	0.00293	0.20523	0.00329	0.00379
8	0.04664	0.00536	0.00647	0.00535	0.00731	0.00509	0.00429	0.07154	0.02413	0.41480	0.02228	0.04410	0.00949	0.00460	0.00322	0.00103	0.00258	0.00372	0.31307	0.00492
9	0.04452	0.00867	0.03567	0.11950	0.44266	0.02333	0.12684	0.05113	0.02977	0.04242	0.00742	0.02239	0.00597	0.00357	0.00378	0.00113	0.02058	0.00342	0.00203	0.00522
10	0.00826	0.02268	0.01265	0.23929	0.39961	0.00811	0.06317	0.03121	0.04393	0.03004	0.00839	0.04298	0.00726	0.00415	0.00382	0.00117	0.01494	0.05134	0.00206	0.00494
11	0.00441	0.00317	0.00419	0.00495	0.00521	0.00294	0.00333	0.00508	0.00705	0.00940	0.05308	0.81619	0.04555	0.01106	0.00457	0.00144	0.00206	0.01001	0.00336	0.00294
12	0.10672	0.00648	0.00817	0.00636	0.00907	0.00600	0.00524	0.06586	0.02810	0.69993	0.01292	0.01139	0.00827	0.00434	0.00347	0.00111	0.00308	0.00343	0.00416	0.00588
13	0.00882	0.09046	0.28713	0.04506	0.18658	0.03094	0.05538	0.09593	0.10668	0.01254	0.00805	0.00911	0.01984	0.00376	0.00365	0.00111	0.02448	0.00312	0.00210	0.00528
14	0.04948	0.07523	0.42927	0.04088	0.08880	0.02664	0.02852	0.07624	0.01539	0.05739	0.00762	0.03518	0.00588	0.00379	0.00334	0.00110	0.00451	0.00305	0.04261	0.00510
15	0.00468	0.00353	0.00432	0.00440	0.00519	0.00317	0.00320	0.00588	0.00879	0.01178	0.41160	0.24533	0.25732	0.00884	0.00433	0.00124	0.00183	0.00776	0.00363	0.00317
16	0.00980	0.02363	0.03515	0.21913	0.13517	0.07276	0.08744	0.13352	0.00938	0.11320	0.00862	0.06286	0.00703	0.01762	0.01966	0.00127	0.03277	0.00373	0.00242	0.00484
17	0.04236	0.02973	0.11267	0.04217	0.06464	0.06839	0.18691	0.02091	0.00739	0.01030	0.02096	0.02312	0.00718	0.01211	0.31345	0.00282	0.02520	0.00361	0.00190	0.00419
18	0.01862	0.04569	0.20453	0.03726	0.04549	0.00701	0.11531	0.01004	0.06846	0.04763	0.10078	0.06418	0.08479	0.07434	0.00536	0.00137	0.05057	0.00453	0.00969	0.00436
19	0.00459	0.00368	0.00409	0.00428	0.00529	0.00324	0.00328	0.00559	0.00808	0.00992	0.06320	0.09395	0.58932	0.04442	0.00496	0.00139	0.00215	0.14218	0.00331	0.00305
20	0.05599	0.06377	0.06784	0.04691	0.04561	0.20579	0.06063	0.10046	0.18967	0.07246	0.00948	0.03082	0.01570	0.00425	0.00346	0.00110	0.00438	0.01408	0.00264	0.00498
21	0.02549	0.02200	0.02541	0.12693	0.37434	0.00884	0.23047	0.05501	0.04585	0.02622	0.00733	0.00931	0.00575	0.00341	0.00384	0.00114	0.01799	0.00348	0.00199	0.00520

[dist]
# distance from previous block
# <min> <max>
11	17

[block]
# block no. 6 follows, 77 sequences, length 40
# corresponding to MSA columns:
# 409-427,432-452
name=unknown_G
#
# <colnr> <probs for GDERKNQSTAVLIFYWHMCP>
#	G	D	E	R	K	N	Q	S	T	A	V	L	I	F	Y	W	H	M	C	P
0	0.00764	0.00655	0.00754	0.00556	0.00862	0.00529	0.00443	0.01025	0.10677	0.01212	0.00737	0.00817	0.00600	0.00293	0.00278	0.00061	0.00269	0.00236	0.00231	0.79001
1	0.00505	0.00395	0.00500	0.00504	0.00590	0.00375	0.02368	0.00690	0.07626	0.01131	0.24989	0.34003	0.21113	0.00896	0.00434	0.00129	0.00211	0.02854	0.00350	0.00336
2	0.00438	0.00313	0.00417	0.00501	0.00522	0.00292	0.00334	0.00501	0.00689	0.00918	0.01983	0.87124	0.02379	0.01127	0.00459	0.00146	0.00209	0.01023	0.00334	0.00292
3	0.00443	0.00321	0.00419	0.00489	0.00521	0.00297	0.00331	0.00517	0.00724	0.00965	0.08944	0.75054	0.07484	0.01081	0.00454	0.00142	0.00204	0.00976	0.00339	0.00297
4	0.00438	0.00356	0.00388	0.00399	0.00499	0.00306	0.00292	0.00534	0.00822	0.01021	0.13496	0.17905	0.60438	0.00927	0.00431	0.00125	0.00185	0.00791	0.00342	0.00306
5	0.00442	0.00324	0.00415	0.00483	0.00521	0.00298	0.00329	0.00514	0.00723	0.00952	0.06032	0.70930	0.13449	0.01078	0.00453	0.00142	0.00205	0.02077	0.00337	0.00296
6	0.00942	0.80608	0.08681	0.00649	0.00975	0.01376	0.00673	0.01082	0.00733	0.00870	0.00512	0.00592	0.00461	0.00311	0.00240	0.00080	0.00397	0.00198	0.00154	0.00467
7	0.00679	0.00639	0.01079	0.86494	0.02477	0.00799	0.00999	0.00919	0.00719	0.00919	0.00639	0.00959	0.00480	0.00360	0.00360	0.00120	0.00480	0.00320	0.00160	0.00400
8	0.00800	0.00735	0.02815	0.40962	0.21538	0.01949	0.02978	0.09314	0.00837	0.01135	0.00740	0.01041	0.00599	0.05691	0.02022	0.00135	0.00448	0.00335	0.05476	0.00450
9	0.02340	0.31007	0.11580	0.00847	0.01131	0.19833	0.09076	0.06559	0.04720	0.01073	0.00678	0.00840	0.00568	0.00377	0.00340	0.00100	0.03429	0.02789	0.02248	0.00467
10	0.00962	0.87575	0.01885	0.00615	0.00923	0.01423	0.00615	0.01077	0.00731	0.00846	0.00500	0.00577	0.00462	0.00308	0.00231	0.00077	0.00385	0.00192	0.00154	0.00462
11	0.00895	0.00613	0.00736	0.00549	0.00839	0.00483	0.00439	0.01061	0.02413	0.17775	0.00997	0.03603	0.04796	0.00364	0.00301	0.00072	0.00269	0.00297	0.00271	0.63228
12	0.00526	0.00374	0.00452	0.00449	0.00548	0.00334	0.00339	0.00650	0.00887	0.05271	0.33680	0.14761	0.33462	0.00858	0.00431	0.00124	0.00197	0.05964	0.00362	0.00332
13	0.00913	0.00782	0.00824	0.00736	0.00942	0.00903	0.00574	0.05073	0.81274	0.01534	0.01441	0.01324	0.01079	0.00486	0.00366	0.00121	0.00289	0.00403	0.00366	0.00571
14	0.00773	0.00639	0.00749	0.00536	0.00854	0.00481	0.00429	0.00932	0.00755	0.03754	0.00663	0.00761	0.00544	0.00272	0.00269	0.00055	0.00268	0.00218	0.00220	0.86830
15	0.00441	0.00316	0.00420	0.00501	0.00526	0.00295	0.00338	0.00506	0.00694	0.00923	0.02015	0.83685	0.04055	0.01120	0.00459	0.00146	0.00211	0.02723	0.00334	0.00293
16	0.00438	0.00315	0.00415	0.00495	0.00520	0.00293	0.00331	0.00502	0.00695	0.00921	0.02059	0.83269	0.06185	0.01117	0.00458	0.00145	0.00207	0.01010	0.00334	0.00293
17	0.01102	0.01229	0.01189	0.00986	0.01213	0.37810	0.17648	0.07059	0.21660	0.01189	0.00867	0.00986	0.00686	0.00411	0.00381	0.00110	0.02430	0.02319	0.00244	0.00479
18	0.00817	0.00867	0.01693	0.01210	0.01560	0.00776	0.57812	0.01075	0.00817	0.01158	0.00700	0.00900	0.00542	0.00292	0.00375	0.00100	0.00500	0.00359	0.00192	0.28255
19	0.00625	0.00312	0.00469	0.00469	0.00469	0.00312	0.00312	0.00469	0.00469	0.00625	0.00625	0.01093	0.00625	0.01250	0.01406	0.89535	0.00312	0.00312	0.00156	0.00156
20	0.00914	0.00782	0.00824	0.00736	0.00943	0.00904	0.00574	0.05200	0.81146	0.01535	0.01440	0.01323	0.01079	0.00486	0.00366	0.00121	0.00289	0.00403	0.00366	0.00571
21	0.00514	0.00385	0.00578	0.00578	0.00642	0.00450	0.00450	0.00642	0.00578	0.00835	0.00963	0.01413	0.00899	0.02698	0.85933	0.00578	0.00963	0.00385	0.00193	0.00321
22	0.00820	0.01088	0.14809	0.06187	0.01864	0.00892	0.66576	0.01137	0.00828	0.01137	0.00710	0.00937	0.00528	0.00312	0.00408	0.00120	0.00588	0.00394	0.00176	0.00487
23	0.01547	0.00720	0.00901	0.00691	0.00972	0.00688	0.00571	0.24074	0.01209	0.62789	0.01268	0.01126	0.00815	0.00442	0.00361	0.00110	0.00330	0.00351	0.00422	0.00612
24	0.00580	0.00414	0.00580	0.00662	0.00745	0.00414	0.00580	0.00745	0.00828	0.01076	0.01905	0.04057	0.02070	0.00994	0.00497	0.00166	0.00331	0.82694	0.00331	0.00331
25	0.00485	0.00371	0.00445	0.00427	0.00525	0.00334	0.00320	0.00637	0.01979	0.01278	0.55539	0.04186	0.30567	0.00797	0.00424	0.00117	0.00176	0.00689	0.00374	0.00330
26	0.00866	0.00916	0.01098	0.00968	0.02696	0.12751	0.00781	0.00949	0.00621	0.00874	0.00488	0.00770	0.00473	0.00588	0.01046	0.00147	0.73105	0.00303	0.00162	0.00400
27	0.00726	0.01806	0.80988	0.01029	0.01538	0.00847	0.02534	0.01129	0.00753	0.01129	0.00640	0.00764	0.00458	0.00352	0.00375	0.00116	0.03868	0.00270	0.00153	0.00526
28	0.00473	0.00341	0.00464	0.00521	0.00559	0.00340	0.00372	0.00557	0.00678	0.00914	0.03394	0.53493	0.03506	0.06767	0.18014	0.00248	0.00382	0.08379	0.00299	0.00298
29	0.00442	0.00330	0.00409	0.00466	0.00513	0.00300	0.00320	0.00515	0.00730	0.00947	0.05680	0.60641	0.21717	0.03547	0.00490	0.00145	0.00207	0.01974	0.00333	0.00295
30	0.64568	0.00713	0.00621	0.00548	0.00766	0.00822	0.00445	0.02380	0.17459	0.05677	0.00743	0.00776	0.00561	0.00378	0.00281	0.00114	0.02196	0.00250	0.00263	0.00440
31	0.00430	0.00358	0.00375	0.00385	0.00492	0.00303	0.00283	0.00519	0.00809	0.00979	0.05983	0.14536	0.71444	0.00934	0.00430	0.00124	0.00185	0.00791	0.00336	0.00303
32	0.00985	0.06045	0.09063	0.04886	0.24931	0.23292	0.03748	0.03186	0.10896	0.01099	0.00728	0.00881	0.00594	0.02225	0.00426	0.00113	0.05903	0.00303	0.00202	0.00492
33	0.02596	0.03009	0.01098	0.15573	0.08814	0.59338	0.02374	0.01301	0.00935	0.00929	0.00582	0.00727	0.00476	0.00361	0.00332	0.00099	0.00589	0.00257	0.00180	0.00429
34	0.23521	0.01380	0.00932	0.00844	0.02280	0.56488	0.02492	0.02986	0.00907	0.01103	0.00551	0.00653	0.00452	0.00370	0.00334	0.00101	0.03760	0.00233	0.00197	0.00417
35	0.00632	0.00579	0.00927	0.57595	0.03582	0.00675	0.02814	0.00854	0.02535	0.00985	0.06330	0.05771	0.12535	0.00511	0.00382	0.00122	0.00401	0.02168	0.00216	0.00385
36	0.00510	0.00363	0.00453	0.00433	0.00521	0.00334	0.00324	0.00667	0.00965	0.01363	0.66065	0.04544	0.13423	0.00740	0.00411	0.00113	0.00172	0.00647	0.07618	0.00334
37	0.01036	0.55524	0.01556	0.00710	0.00969	0.15403	0.00639	0.06528	0.07636	0.00998	0.00610	0.00682	0.00524	0.00360	0.00322	0.00090	0.05523	0.00232	0.00190	0.00469
38	0.00464	0.00322	0.00416	0.00488	0.00520	0.00303	0.00334	0.00540	0.00703	0.00958	0.01962	0.71858	0.05314	0.02420	0.00464	0.00144	0.00212	0.04712	0.07568	0.00297
39	0.01253	0.02077	0.01054	0.06186	0.03175	0.05042	0.01593	0.55912	0.07751	0.07679	0.03253	0.00969	0.00725	0.00434	0.00367	0.00110	0.01176	0.00336	0.00336	0.00572

[dist]
# distance from previous block
# <min> <max>
0	14

[block]
# block no. 7 follows, 77 sequences, length 40
# corresponding to MSA columns:
# 467-481,501-508,510-516,519-528
name=unknown_H
#
# <colnr> <probs for GDERKNQSTAVLIFYWHMCP>
#	G	D	E	R	K	N	Q	S	T	A	V	L	I	F	Y	W	H	M	C	P
0	0.00562	0.03664	0.00569	0.00564	0.00625	0.04826	0.01760	0.03338	0.03145	0.00977	0.01754	0.67264	0.02042	0.03542	0.00479	0.00145	0.00261	0.03841	0.00315	0.00326
1	0.03445	0.00844	0.05038	0.12904	0.27372	0.00836	0.14817	0.08031	0.06883	0.05768	0.00938	0.02665	0.04493	0.00407	0.00403	0.00116	0.03932	0.00373	0.00229	0.00507
2	0.00834	0.07412	0.48541	0.01240	0.16515	0.02539	0.10041	0.02619	0.02376	0.03564	0.00690	0.00817	0.00514	0.00339	0.00347	0.00110	0.00500	0.00293	0.00177	0.00531
3	0.00468	0.00359	0.00428	0.00426	0.00516	0.00320	0.00314	0.00594	0.00899	0.01195	0.43121	0.14156	0.34198	0.00854	0.00429	0.00121	0.00180	0.00741	0.00364	0.00320
4	0.00572	0.00447	0.00528	0.00500	0.00611	0.00445	0.00377	0.00897	0.18101	0.01353	0.50629	0.08118	0.14560	0.00736	0.00415	0.00118	0.00198	0.00641	0.00377	0.00378
5	0.00447	0.00321	0.00424	0.00500	0.00527	0.00300	0.00340	0.00516	0.00704	0.00937	0.04406	0.77678	0.04517	0.02785	0.00485	0.00149	0.00214	0.04124	0.00333	0.00294
6	0.01302	0.00999	0.01020	0.00804	0.01070	0.06367	0.00655	0.66686	0.09205	0.03621	0.00921	0.00918	0.00663	0.00433	0.00354	0.00107	0.00392	0.00327	0.03569	0.00586
7	0.06016	0.05294	0.04220	0.02337	0.01120	0.00774	0.13449	0.13371	0.08738	0.22160	0.01962	0.00981	0.00706	0.00377	0.00339	0.00101	0.00369	0.00324	0.00298	0.17063
8	0.00866	0.21008	0.28721	0.03732	0.10852	0.02209	0.01831	0.11759	0.03599	0.01208	0.01794	0.07597	0.00732	0.00428	0.00336	0.00108	0.00428	0.02082	0.00211	0.00500
9	0.00903	0.02291	0.03233	0.01176	0.01419	0.12856	0.41441	0.03279	0.06948	0.01095	0.00757	0.03726	0.00633	0.01983	0.00567	0.00128	0.16520	0.00388	0.00200	0.00458
10	0.00962	0.87575	0.01885	0.00615	0.00923	0.01423	0.00615	0.01077	0.00731	0.00846	0.00500	0.00577	0.00462	0.00308	0.00231	0.00077	0.00385	0.00192	0.00154	0.00462
11	0.00775	0.08189	0.25285	0.02576	0.03218	0.00696	0.02793	0.02027	0.01854	0.02240	0.03135	0.00822	0.00602	0.00317	0.00302	0.00081	0.00369	0.00255	0.00200	0.44265
12	0.00520	0.00347	0.00393	0.00396	0.00397	0.00347	0.00222	0.00522	0.00529	0.00705	0.01164	0.05419	0.01346	0.84241	0.01781	0.00341	0.00344	0.00541	0.00222	0.00221
13	0.00518	0.00369	0.00497	0.00497	0.00533	0.00406	0.00349	0.00590	0.00554	0.00775	0.01038	0.01823	0.01077	0.39604	0.49271	0.00478	0.00695	0.00445	0.00204	0.00276
14	0.02428	0.02455	0.01198	0.06938	0.25060	0.00790	0.08540	0.09652	0.00943	0.28123	0.00939	0.01046	0.00686	0.00453	0.02231	0.00124	0.06038	0.01529	0.00282	0.00543
15	0.04470	0.12390	0.19829	0.02901	0.22515	0.14187	0.07352	0.01923	0.05169	0.04949	0.00701	0.00817	0.00546	0.00347	0.00333	0.00105	0.00475	0.00288	0.00195	0.00509
16	0.01224	0.01404	0.00994	0.00883	0.01068	0.55691	0.00678	0.09774	0.16252	0.01132	0.00746	0.00807	0.00595	0.00417	0.00398	0.00104	0.06859	0.00279	0.00234	0.00463
17	0.00564	0.00444	0.00639	0.05043	0.00812	0.00464	0.03232	0.00704	0.00775	0.01018	0.03150	0.21370	0.08777	0.00930	0.00522	0.00153	0.06632	0.44131	0.00307	0.00334
18	0.03556	0.00411	0.00565	0.00560	0.00624	0.00472	0.00424	0.00687	0.03679	0.00872	0.01019	0.04869	0.00992	0.13440	0.63871	0.00490	0.02520	0.00421	0.00208	0.00320
19	0.00809	0.05245	0.00833	0.02412	0.04918	0.03016	0.05916	0.10604	0.00881	0.11381	0.01466	0.43235	0.01548	0.00776	0.00423	0.00129	0.01588	0.04095	0.00313	0.00413
20	0.01311	0.01645	0.01004	0.00912	0.01099	0.79688	0.00686	0.01471	0.07131	0.00926	0.00623	0.00699	0.00510	0.00379	0.00327	0.00095	0.00622	0.00244	0.00199	0.00428
21	0.00522	0.00352	0.00411	0.00411	0.00418	0.00359	0.00242	0.00535	0.00529	0.00712	0.01116	0.02258	0.01266	0.78696	0.10437	0.00372	0.00412	0.00509	0.00215	0.00229
22	0.84244	0.00690	0.00548	0.00484	0.00710	0.00789	0.00398	0.01102	0.00639	0.06978	0.00560	0.00625	0.00422	0.00341	0.00232	0.00111	0.00280	0.00205	0.00237	0.00404
23	0.00842	0.44885	0.43527	0.00820	0.01239	0.01130	0.00971	0.01108	0.00745	0.00992	0.00573	0.00668	0.00459	0.00325	0.00286	0.00095	0.00458	0.00229	0.00153	0.00496
24	0.00436	0.00336	0.00399	0.00448	0.00511	0.00299	0.00314	0.00512	0.00746	0.00943	0.02667	0.50921	0.36477	0.01035	0.00446	0.00136	0.00200	0.02542	0.00334	0.00298
