[name]
unknown

[dist]
# distance from previous block
# <min> <max>
0	54

[block]
# block no. 0 follows, 73 sequences, length 14
# corresponding to MSA columns:
# 56-69
name=unknown_A
#
# <colnr> <probs for GDERKNQSTAVLIFYWHMCP>
#	G	D	E	R	K	N	Q	S	T	A	V	L	I	F	Y	W	H	M	C	P
0	0.00931	0.03761	0.02085	0.00810	0.04114	0.04138	0.05699	0.17341	0.14689	0.05365	0.03750	0.16109	0.03160	0.00646	0.00428	0.02232	0.00354	0.07796	0.00322	0.06270
1	0.00531	0.01886	0.00486	0.00469	0.00538	0.00402	0.00327	0.01915	0.02686	0.00945	0.05113	0.15331	0.25799	0.27844	0.13809	0.00275	0.00381	0.00668	0.00289	0.00306
2	0.00986	0.02458	0.13767	0.04162	0.11846	0.06432	0.05701	0.13328	0.09935	0.05185	0.01940	0.01004	0.02432	0.00390	0.00354	0.00103	0.00420	0.00327	0.00257	0.18974
3	0.00518	0.00379	0.00462	0.00443	0.00521	0.00349	0.00317	0.00646	0.00923	0.01263	0.53506	0.02877	0.17418	0.17900	0.00734	0.00168	0.00216	0.00672	0.00365	0.00322
4	0.01008	0.01049	0.01013	0.01120	0.19971	0.26056	0.00718	0.07277	0.12145	0.01214	0.05033	0.01388	0.11310	0.03687	0.00481	0.00124	0.05268	0.00400	0.00260	0.00480
5	0.00504	0.00382	0.00464	0.00443	0.00544	0.00342	0.00333	0.00655	0.00998	0.01352	0.59238	0.03054	0.28674	0.00824	0.00443	0.00121	0.00181	0.00714	0.00393	0.00342
6	0.00939	0.00888	0.01488	0.06144	0.77161	0.00900	0.01128	0.04583	0.00888	0.01261	0.00712	0.00931	0.00592	0.00341	0.00372	0.00112	0.00447	0.00334	0.00193	0.00588
7	0.00772	0.00651	0.00874	0.00780	0.00786	0.03827	0.00613	0.00753	0.00557	0.00800	0.00561	0.00948	0.00558	0.00914	0.01296	0.36852	0.47660	0.00324	0.00165	0.00309
8	0.38026	0.00807	0.01014	0.00846	0.04549	0.03106	0.15324	0.08357	0.00897	0.18139	0.00854	0.00974	0.00631	0.00396	0.00329	0.00118	0.00384	0.02606	0.02148	0.00496
9	0.50681	0.00793	0.00980	0.04236	0.32406	0.00863	0.02805	0.01119	0.00730	0.01473	0.00603	0.00754	0.00485	0.00343	0.00295	0.00115	0.00365	0.00263	0.00211	0.00480
10	0.00864	0.03931	0.33375	0.01781	0.50268	0.00902	0.01225	0.01165	0.00828	0.01201	0.00688	0.00866	0.00545	0.00342	0.00362	0.00113	0.00486	0.00308	0.00175	0.00576
11	0.00733	0.00642	0.00962	0.11695	0.29446	0.01793	0.00743	0.04325	0.02358	0.01236	0.18641	0.18160	0.03960	0.00635	0.00425	0.00125	0.01696	0.01693	0.00281	0.00451
12	0.00607	0.00472	0.00632	0.00601	0.00637	0.00556	0.00443	0.02788	0.00612	0.00867	0.01021	0.04957	0.01067	0.32370	0.36035	0.00414	0.14925	0.00465	0.00214	0.00316
13	0.00899	0.26281	0.22955	0.00775	0.02547	0.03168	0.00782	0.03994	0.03773	0.02562	0.00677	0.00765	0.00542	0.00332	0.00299	0.00087	0.00405	0.00246	0.00201	0.28710

[dist]
# distance from previous block
# <min> <max>
0	1

[block]
# block no. 1 follows, 73 sequences, length 7
# corresponding to MSA columns:
# 71-77
name=unknown_B
#
# <colnr> <probs for GDERKNQSTAVLIFYWHMCP>
#	G	D	E	R	K	N	Q	S	T	A	V	L	I	F	Y	W	H	M	C	P
0	0.00476	0.00372	0.00431	0.00436	0.00532	0.00328	0.00319	0.00594	0.00904	0.01174	0.31363	0.17130	0.42753	0.00924	0.00449	0.00128	0.00190	0.00798	0.00371	0.00328
1	0.00994	0.09567	0.32242	0.00989	0.04768	0.04858	0.05898	0.18460	0.09018	0.03645	0.02532	0.00977	0.00689	0.03239	0.00410	0.00122	0.00471	0.00327	0.00246	0.00549
2	0.00591	0.00376	0.00472	0.00493	0.00573	0.00339	0.00352	0.00691	0.00833	0.08924	0.14589	0.46251	0.18334	0.00972	0.00448	0.00136	0.00214	0.00860	0.04207	0.00348
3	0.04448	0.31423	0.01312	0.00757	0.01024	0.29505	0.00636	0.06261	0.05261	0.04815	0.00676	0.00738	0.00552	0.00363	0.00299	0.00090	0.00467	0.00245	0.00219	0.10908
4	0.05579	0.00883	0.04605	0.00748	0.00999	0.08298	0.03681	0.06032	0.32261	0.06398	0.04612	0.05239	0.01005	0.00468	0.00358	0.00109	0.00350	0.00385	0.00313	0.17676
5	0.08075	0.34817	0.11313	0.00848	0.06417	0.07899	0.00746	0.08491	0.10050	0.06935	0.00766	0.00812	0.00600	0.00375	0.00307	0.00101	0.00419	0.00270	0.00234	0.00524
6	0.01138	0.06767	0.22411	0.00863	0.01204	0.00860	0.05969	0.16042	0.11284	0.22607	0.01105	0.06277	0.00832	0.00465	0.00374	0.00118	0.00412	0.00385	0.00316	0.00572

[dist]
# distance from previous block
# <min> <max>
0	1

[block]
# block no. 2 follows, 73 sequences, length 26
# corresponding to MSA columns:
# 79-104
name=unknown_C
#
# <colnr> <probs for GDERKNQSTAVLIFYWHMCP>
#	G	D	E	R	K	N	Q	S	T	A	V	L	I	F	Y	W	H	M	C	P
0	0.00940	0.02065	0.07242	0.00836	0.05832	0.12846	0.00656	0.03975	0.30041	0.01321	0.01014	0.03979	0.00817	0.00421	0.00344	0.00100	0.00376	0.00339	0.00276	0.26579
1	0.31691	0.00678	0.00718	0.00566	0.00843	0.00640	0.00459	0.03255	0.00820	0.20616	0.00859	0.03871	0.00660	0.00381	0.00294	0.00095	0.00293	0.00284	0.00290	0.32686
2	0.10853	0.01019	0.24736	0.00770	0.01051	0.03187	0.00768	0.07488	0.07069	0.10643	0.01287	0.13217	0.03192	0.00614	0.00390	0.00130	0.00386	0.12425	0.00294	0.00482
3	0.00819	0.15672	0.13632	0.00714	0.00954	0.00762	0.04551	0.01126	0.11364	0.09012	0.23165	0.08833	0.04420	0.00584	0.00405	0.00117	0.02605	0.00492	0.00307	0.00466
4	0.00504	0.00346	0.00422	0.00463	0.00473	0.00336	0.00285	0.00535	0.00627	0.00837	0.01602	0.42328	0.01894	0.46220	0.01231	0.00264	0.00294	0.00793	0.00285	0.00264
5	0.00903	0.00871	0.01502	0.11519	0.72654	0.00887	0.03891	0.01132	0.00844	0.01195	0.00703	0.00939	0.00583	0.00338	0.00374	0.00113	0.00458	0.00338	0.00184	0.00572
6	0.01073	0.07061	0.03048	0.00837	0.04594	0.01508	0.08880	0.09051	0.07490	0.24797	0.01224	0.07903	0.01021	0.04606	0.10926	0.00191	0.00458	0.04505	0.00320	0.00509
7	0.01019	0.00956	0.06923	0.05383	0.07402	0.00843	0.50598	0.01297	0.00904	0.17115	0.00896	0.01053	0.00641	0.00354	0.00412	0.00122	0.00537	0.00405	0.02609	0.00532
8	0.00543	0.00370	0.00480	0.00508	0.00577	0.00340	0.00367	0.00657	0.00869	0.04864	0.29382	0.42738	0.10506	0.00980	0.00461	0.00138	0.00213	0.05294	0.00375	0.00339
9	0.00605	0.00852	0.25928	0.00674	0.00863	0.00552	0.00658	0.00781	0.00639	0.00915	0.00969	0.01622	0.00952	0.32334	0.29671	0.00371	0.00638	0.00416	0.00198	0.00362
10	0.03619	0.03425	0.18378	0.00947	0.04194	0.03388	0.07179	0.28502	0.01202	0.23998	0.00962	0.00967	0.00661	0.00412	0.00369	0.00115	0.00439	0.00334	0.00319	0.00593
11	0.00514	0.00363	0.00492	0.00591	0.03983	0.00338	0.00384	0.00592	0.00750	0.03449	0.04135	0.74434	0.06365	0.01099	0.00469	0.00148	0.00228	0.00993	0.00347	0.00328
12	0.00941	0.00800	0.00847	0.00756	0.00967	0.00920	0.00590	0.06057	0.76074	0.01607	0.05059	0.01435	0.01223	0.00517	0.00384	0.00126	0.00298	0.00431	0.00383	0.00586
13	0.54559	0.00863	0.00938	0.00832	0.05431	0.08700	0.14116	0.01128	0.00739	0.01452	0.00665	0.02904	0.00564	0.00397	0.00324	0.00120	0.02444	0.03168	0.00224	0.00431
14	0.00525	0.00383	0.00494	0.00466	0.00557	0.00352	0.00350	0.00697	0.01049	0.01473	0.79130	0.02854	0.08707	0.00779	0.00443	0.00119	0.00178	0.00686	0.00409	0.00352
15	0.00851	0.01078	0.21225	0.00917	0.01300	0.03760	0.18207	0.01109	0.00823	0.04807	0.00728	0.00865	0.00562	0.00376	0.02312	0.00103	0.00452	0.00294	0.00209	0.40022
16	0.00852	0.00715	0.00889	0.02787	0.03779	0.03010	0.04484	0.06402	0.00875	0.04861	0.04670	0.05790	0.02424	0.00405	0.00359	0.00084	0.03354	0.00337	0.00254	0.53668
17	0.01042	0.30112	0.28631	0.00837	0.01216	0.03185	0.02789	0.11486	0.00946	0.11237	0.00848	0.00896	0.03329	0.00393	0.00338	0.00105	0.01549	0.00292	0.00231	0.00537
18	0.00749	0.00734	0.01158	0.78878	0.02492	0.05059	0.03742	0.00994	0.00770	0.00965	0.00666	0.00984	0.00502	0.00374	0.00375	0.00124	0.00513	0.00332	0.00169	0.00421
19	0.00853	0.00946	0.02030	0.01479	0.01825	0.00890	0.73672	0.01153	0.00883	0.01193	0.00899	0.01380	0.00751	0.00399	0.00451	0.00132	0.00600	0.09768	0.00208	0.00488
20	0.00923	0.00886	0.01513	0.04413	0.82407	0.00890	0.01149	0.01147	0.00852	0.01219	0.00705	0.00930	0.00592	0.00335	0.00372	0.00112	0.00447	0.00334	0.00185	0.00590
21	0.00507	0.00387	0.00491	0.00480	0.00571	0.00375	0.00362	0.00643	0.00861	0.01165	0.35395	0.02665	0.26649	0.03486	0.23990	0.00261	0.00415	0.00632	0.00331	0.00335
22	0.00554	0.00397	0.00545	0.00629	0.00697	0.00389	0.00515	0.00691	0.00818	0.01068	0.02065	0.29887	0.04682	0.01077	0.00504	0.00165	0.00301	0.54337	0.00346	0.00332
23	0.00579	0.00388	0.00498	0.00482	0.00575	0.00356	0.00361	0.00732	0.00984	0.05533	0.57067	0.14066	0.10205	0.00819	0.00440	0.00124	0.00195	0.02859	0.03380	0.00358
24	0.00922	0.00884	0.01510	0.04971	0.81861	0.00890	0.01148	0.01145	0.00851	0.01217	0.00704	0.00931	0.00591	0.00336	0.00372	0.00112	0.00447	0.00334	0.00185	0.00589
25	0.85041	0.00734	0.00600	0.00584	0.04911	0.00844	0.00444	0.01105	0.00649	0.01660	0.00532	0.00625	0.00416	0.00348	0.00239	0.00116	0.00298	0.00210	0.00230	0.00416

[dist]
# distance from previous block
# <min> <max>
7	10

[block]
# block no. 3 follows, 73 sequences, length 16
# corresponding to MSA columns:
# 115-130
name=unknown_D
#
# <colnr> <probs for GDERKNQSTAVLIFYWHMCP>
#	G	D	E	R	K	N	Q	S	T	A	V	L	I	F	Y	W	H	M	C	P
0	0.07217	0.02939	0.01145	0.01208	0.21719	0.28560	0.02366	0.13268	0.08933	0.04501	0.02245	0.00917	0.00672	0.00450	0.02155	0.00119	0.00497	0.00312	0.00252	0.00524
1	0.02116	0.04312	0.00572	0.00505	0.00622	0.00482	0.00379	0.07110	0.04665	0.01203	0.10581	0.25664	0.25550	0.04715	0.00484	0.00137	0.00241	0.02027	0.06388	0.02246
2	0.21288	0.00870	0.06677	0.01080	0.22045	0.07411	0.03485	0.02926	0.00864	0.06387	0.10213	0.05374	0.04793	0.00468	0.00351	0.00113	0.00373	0.00389	0.00259	0.04633
3	0.00648	0.00413	0.00499	0.00492	0.00607	0.00360	0.00360	0.00743	0.00824	0.12527	0.04717	0.33410	0.30921	0.04373	0.00498	0.00141	0.00233	0.02505	0.00354	0.05373
4	0.00920	0.00877	0.01467	0.05737	0.76123	0.00891	0.01114	0.01193	0.05716	0.01235	0.00752	0.00959	0.00623	0.00346	0.00372	0.00113	0.00439	0.00340	0.00196	0.00587
5	0.01057	0.16152	0.06555	0.00726	0.01041	0.16010	0.02784	0.03029	0.00889	0.11407	0.00734	0.00800	0.00572	0.00338	0.00306	0.00082	0.00407	0.00253	0.00234	0.36624
6	0.79773	0.00806	0.00626	0.00599	0.04108	0.06741	0.00458	0.01132	0.00677	0.01612	0.00534	0.00627	0.00419	0.00350	0.00245	0.00115	0.00323	0.00211	0.00228	0.00416
7	0.01004	0.00778	0.01289	0.01008	0.01263	0.00769	0.28834	0.14831	0.02547	0.14103	0.04979	0.01896	0.04287	0.00570	0.00458	0.00133	0.02727	0.17710	0.00314	0.00499
8	0.00901	0.00798	0.00840	0.00754	0.00948	0.06290	0.02776	0.05680	0.53974	0.01493	0.09878	0.01772	0.04535	0.00578	0.00400	0.00127	0.00324	0.07040	0.00363	0.00529
9	0.00507	0.00368	0.00452	0.00470	0.00529	0.00343	0.00330	0.00603	0.00817	0.01092	0.26899	0.23179	0.16329	0.19914	0.00781	0.00186	0.00242	0.06313	0.00341	0.00307
10	0.00570	0.00416	0.00557	0.00633	0.00704	0.00416	0.00510	0.00758	0.05858	0.01089	0.01988	0.34352	0.02216	0.01055	0.00495	0.00162	0.00295	0.47229	0.00349	0.00346
11	0.00545	0.00390	0.00533	0.00601	0.00667	0.00378	0.00481	0.00683	0.00848	0.01130	0.15211	0.30747	0.02485	0.01038	0.00493	0.00157	0.00277	0.42643	0.00357	0.00334
12	0.00518	0.00384	0.00496	0.00557	0.00631	0.00362	0.00439	0.00640	0.00828	0.01070	0.07414	0.30235	0.20122	0.01046	0.00485	0.00153	0.00261	0.33683	0.00351	0.00327
13	0.89465	0.00726	0.00551	0.00493	0.00726	0.00842	0.00406	0.01103	0.00638	0.01683	0.00522	0.00609	0.00406	0.00348	0.00232	0.00116	0.00290	0.00203	0.00232	0.00406
14	0.01200	0.00954	0.00973	0.00810	0.01061	0.06139	0.00647	0.34264	0.41456	0.06546	0.01218	0.01150	0.00891	0.00476	0.00376	0.00119	0.00367	0.00376	0.00372	0.00604
15	0.07153	0.00698	0.00914	0.00874	0.14586	0.00604	0.00592	0.01275	0.00877	0.28234	0.00926	0.00952	0.00672	0.00352	0.00322	0.00088	0.00320	0.00289	0.00295	0.39975

[dist]
# distance from previous block
# <min> <max>
4	9

[block]
# block no. 4 follows, 73 sequences, length 21
# corresponding to MSA columns:
# 143-163
name=unknown_E
#
# <colnr> <probs for GDERKNQSTAVLIFYWHMCP>
#	G	D	E	R	K	N	Q	S	T	A	V	L	I	F	Y	W	H	M	C	P
0	0.02407	0.07011	0.16604	0.01854	0.08533	0.01684	0.03928	0.13263	0.08294	0.04491	0.05982	0.03960	0.01887	0.03553	0.00410	0.00115	0.00390	0.00366	0.00264	0.15004
1	0.00945	0.03946	0.18436	0.09624	0.24776	0.06684	0.00932	0.01183	0.00852	0.09342	0.01871	0.00908	0.00614	0.00353	0.00345	0.00102	0.00439	0.00298	0.00216	0.18136
2	0.00810	0.00695	0.00842	0.00688	0.06741	0.00550	0.00503	0.03703	0.00816	0.01261	0.00677	0.00793	0.00561	0.00288	0.00288	0.00061	0.00294	0.00234	0.00225	0.79970
3	0.02625	0.00734	0.04698	0.04658	0.20207	0.00693	0.03556	0.05367	0.11127	0.12594	0.14915	0.01804	0.07829	0.00556	0.00402	0.00123	0.00347	0.06941	0.00319	0.00506
4	0.04145	0.04292	0.26539	0.01040	0.11004	0.02164	0.04473	0.14921	0.07088	0.08736	0.05167	0.01011	0.00771	0.00403	0.00359	0.00111	0.00430	0.00332	0.00263	0.06751
5	0.01070	0.03950	0.03560	0.12824	0.26851	0.00833	0.07864	0.07687	0.05534	0.18129	0.01875	0.01036	0.00705	0.00385	0.00370	0.00112	0.00420	0.00348	0.00269	0.06179
6	0.00805	0.00745	0.04279	0.00635	0.00853	0.07038	0.00518	0.04162	0.11525	0.04268	0.12768	0.07084	0.11508	0.00566	0.00405	0.00105	0.03846	0.01551	0.00301	0.27038
7	0.00789	0.00916	0.13628	0.05456	0.29554	0.03104	0.03282	0.02697	0.04690	0.01251	0.16308	0.03514	0.05733	0.00518	0.00438	0.00121	0.04708	0.02548	0.00251	0.00492
8	0.00577	0.00600	0.13050	0.00508	0.00591	0.00440	0.00401	0.00642	0.00582	0.00796	0.01106	0.02206	0.01231	0.73875	0.01677	0.00327	0.00392	0.00505	0.00217	0.00276
9	0.00632	0.00544	0.00546	0.00531	0.00645	0.07629	0.00398	0.07113	0.00966	0.01223	0.22454	0.20267	0.30848	0.00869	0.00439	0.00128	0.00257	0.03799	0.00353	0.00359
10	0.00796	0.01763	0.72291	0.01009	0.01506	0.00863	0.01254	0.08130	0.00859	0.01259	0.00725	0.00909	0.00546	0.05944	0.00458	0.00134	0.00530	0.00300	0.00181	0.00540
11	0.01037	0.79783	0.01889	0.00670	0.00980	0.08620	0.00649	0.01155	0.00788	0.00886	0.00527	0.00608	0.00482	0.00327	0.00249	0.00082	0.00425	0.00204	0.00163	0.00478
12	0.13849	0.00441	0.00531	0.00590	0.00682	0.00447	0.00477	0.00734	0.00786	0.01150	0.01918	0.28036	0.07735	0.00969	0.00459	0.00155	0.00288	0.40084	0.00330	0.00340
13	0.04777	0.13744	0.01017	0.00749	0.00970	0.10322	0.00618	0.09045	0.33453	0.06711	0.01237	0.01537	0.01033	0.00531	0.00369	0.00121	0.00374	0.12551	0.00321	0.00521
14	0.00830	0.13525	0.59055	0.00927	0.01410	0.00895	0.01127	0.01175	0.00798	0.04677	0.00685	0.00784	0.00506	0.00346	0.00331	0.00105	0.00488	0.00264	0.00180	0.11891
15	0.01274	0.18788	0.13539	0.00817	0.04104	0.01866	0.00742	0.15320	0.04003	0.31984	0.02155	0.01011	0.00747	0.00448	0.01464	0.00115	0.00402	0.00322	0.00321	0.00580
16	0.00874	0.01578	0.55534	0.01165	0.01650	0.00862	0.22585	0.01251	0.00843	0.08967	0.00771	0.00894	0.00542	0.00356	0.00381	0.00121	0.00553	0.00330	0.00195	0.00550
17	0.00800	0.00642	0.01030	0.03959	0.02924	0.00658	0.18430	0.01092	0.13232	0.10077	0.04244	0.32325	0.01484	0.00716	0.00491	0.00137	0.06349	0.00654	0.00310	0.00447
18	0.01330	0.00654	0.00822	0.00669	0.00898	0.00628	0.00540	0.18205	0.01140	0.45971	0.06344	0.07432	0.01240	0.06600	0.00504	0.00139	0.00328	0.05596	0.00411	0.00551
19	0.05793	0.01052	0.07154	0.05385	0.04802	0.14337	0.18164	0.12114	0.12288	0.01355	0.01900	0.03482	0.06614	0.00477	0.00388	0.00120	0.00470	0.03347	0.00263	0.00496
20	0.07431	0.00790	0.01190	0.03814	0.05615	0.00784	0.17697	0.13670	0.02894	0.32928	0.03712	0.02603	0.01860	0.00447	0.00408	0.00120	0.02743	0.00395	0.00338	0.00559

[dist]
# distance from previous block
# <min> <max>
0	9

[block]
# block no. 5 follows, 73 sequences, length 37
# corresponding to MSA columns:
# 173-209
name=unknown_F
#
# <colnr> <probs for GDERKNQSTAVLIFYWHMCP>
#	G	D	E	R	K	N	Q	S	T	A	V	L	I	F	Y	W	H	M	C	P
0	0.20206	0.09166	0.00797	0.00644	0.00807	0.06268	0.00526	0.06556	0.05562	0.04255	0.01320	0.16451	0.03953	0.01725	0.00429	0.00135	0.03571	0.16921	0.00293	0.00415
1	0.01128	0.11141	0.20340	0.05257	0.06266	0.05206	0.06723	0.06802	0.03925	0.23822	0.02293	0.01037	0.02104	0.00407	0.00359	0.00112	0.00440	0.00335	0.00278	0.02025
2	0.00705	0.00628	0.03843	0.00716	0.05104	0.02503	0.00521	0.05981	0.22229	0.01250	0.06010	0.34618	0.07717	0.03810	0.00481	0.00143	0.00289	0.02688	0.00338	0.00428
3	0.00791	0.00675	0.00793	0.02374	0.00931	0.00522	0.00463	0.02746	0.00799	0.01242	0.00672	0.00785	0.00556	0.00284	0.00282	0.00058	0.00286	0.00227	0.00224	0.85289
4	0.01070	0.00549	0.00677	0.00576	0.00768	0.00515	0.00463	0.07952	0.03663	0.32383	0.13827	0.03677	0.10320	0.00609	0.00387	0.00117	0.00269	0.06310	0.13633	0.02234
5	0.89465	0.00726	0.00551	0.00493	0.00726	0.00842	0.00406	0.01103	0.00638	0.01683	0.00522	0.00609	0.00406	0.00348	0.00232	0.00116	0.00290	0.00203	0.00232	0.00406
6	0.00467	0.00333	0.00430	0.00504	0.00527	0.00312	0.00332	0.00526	0.00702	0.00932	0.02024	0.73516	0.05279	0.11432	0.00649	0.00177	0.00234	0.00994	0.00334	0.00296
7	0.00851	0.00832	0.03679	0.07280	0.11890	0.00834	0.22625	0.02866	0.27996	0.02213	0.10706	0.02667	0.02893	0.00469	0.00405	0.00124	0.00412	0.00452	0.00287	0.00520
8	0.01401	0.01788	0.01063	0.00967	0.01160	0.85309	0.00725	0.01498	0.01063	0.00918	0.00580	0.00677	0.00483	0.00387	0.00338	0.00097	0.00677	0.00242	0.00193	0.00435
9	0.00499	0.00356	0.00481	0.00566	0.00605	0.00340	0.00416	0.00592	0.00755	0.00998	0.02029	0.62616	0.02373	0.02737	0.00516	0.00162	0.00255	0.23044	0.00345	0.00314
10	0.89465	0.00726	0.00551	0.00493	0.00726	0.00842	0.00406	0.01103	0.00638	0.01683	0.00522	0.00609	0.00406	0.00348	0.00232	0.00116	0.00290	0.00203	0.00232	0.00406
11	0.01401	0.01788	0.01063	0.00967	0.01160	0.85309	0.00725	0.01498	0.01063	0.00918	0.00580	0.00677	0.00483	0.00387	0.00338	0.00097	0.00677	0.00242	0.00193	0.00435
12	0.00933	0.00806	0.00848	0.00764	0.00976	0.00933	0.00594	0.01994	0.83797	0.01569	0.01527	0.01400	0.01145	0.00509	0.00382	0.00127	0.00297	0.00424	0.00382	0.00594
13	0.00699	0.00350	0.00350	0.00350	0.00437	0.00350	0.00262	0.00874	0.00787	0.01399	0.01224	0.01399	0.00962	0.00437	0.00262	0.00087	0.00175	0.00350	0.88898	0.00350
14	0.00536	0.00402	0.00603	0.00603	0.00670	0.00469	0.00469	0.00670	0.00603	0.00871	0.01005	0.01474	0.00938	0.02814	0.85328	0.00603	0.01005	0.00402	0.00201	0.00335
15	0.00545	0.00378	0.00514	0.00591	0.00645	0.00365	0.00455	0.00656	0.00785	0.02474	0.03361	0.46086	0.02297	0.04161	0.00544	0.00167	0.00278	0.35026	0.00346	0.00326
16	0.01402	0.01771	0.01065	0.00964	0.01160	0.83398	0.00725	0.03353	0.01079	0.00951	0.00587	0.00682	0.00487	0.00388	0.00339	0.00097	0.00671	0.00244	0.00197	0.00440
17	0.01594	0.00782	0.00959	0.00735	0.01029	0.00764	0.00608	0.30096	0.01313	0.56128	0.01279	0.01146	0.00828	0.00459	0.00377	0.00115	0.00352	0.00364	0.00433	0.00638
18	0.00991	0.00835	0.00881	0.00775	0.00998	0.00960	0.00608	0.11512	0.74184	0.01663	0.01454	0.01341	0.01086	0.00502	0.00381	0.00126	0.00311	0.00414	0.00381	0.00599
19	0.00480	0.00347	0.00454	0.00501	0.00548	0.00321	0.00348	0.00582	0.00834	0.01135	0.28466	0.56555	0.05962	0.01036	0.00466	0.00140	0.00204	0.00932	0.00369	0.00321
20	0.00886	0.01012	0.02214	0.01581	0.01961	0.00949	0.83112	0.01202	0.00886	0.01202	0.00759	0.01012	0.00569	0.00316	0.00443	0.00127	0.00633	0.00443	0.00190	0.00506
21	0.04187	0.00551	0.00630	0.00547	0.00724	0.00556	0.00431	0.03545	0.16877	0.23733	0.10962	0.01488	0.01259	0.00494	0.00339	0.00108	0.00248	0.00404	0.32434	0.00484
22	0.00470	0.00341	0.00442	0.00517	0.00554	0.00318	0.00358	0.00545	0.00738	0.00969	0.02212	0.68838	0.10909	0.03927	0.00525	0.00158	0.00229	0.07299	0.00344	0.00307
23	0.00706	0.00639	0.01014	0.46523	0.15223	0.01974	0.00859	0.00899	0.00722	0.00958	0.00792	0.01244	0.00695	0.11645	0.14357	0.00230	0.00559	0.00370	0.00183	0.00409
24	0.04270	0.00815	0.04125	0.17666	0.01327	0.00842	0.02027	0.26339	0.11081	0.15089	0.06673	0.03864	0.03234	0.00492	0.00381	0.00120	0.00378	0.00406	0.00334	0.00537
25	0.00526	0.00398	0.00466	0.00449	0.00560	0.00357	0.00340	0.00686	0.02892	0.02965	0.42028	0.04264	0.38828	0.00848	0.00443	0.00124	0.00193	0.02904	0.00382	0.00348
26	0.00834	0.11804	0.01007	0.03955	0.08411	0.02244	0.00559	0.01002	0.00802	0.02466	0.03658	0.00856	0.00659	0.00315	0.00294	0.00070	0.00322	0.00253	0.00219	0.60273
27	0.00787	0.07573	0.64835	0.00985	0.01482	0.00874	0.03399	0.03007	0.00818	0.01204	0.02201	0.00823	0.00546	0.00354	0.00345	0.00110	0.00507	0.00279	0.00176	0.09695
28	0.00458	0.00332	0.00432	0.00509	0.00541	0.00307	0.00343	0.00528	0.00738	0.00975	0.04180	0.77622	0.09357	0.01147	0.00475	0.00149	0.00214	0.01034	0.00350	0.00307
29	0.00833	0.00845	0.01497	0.33102	0.21190	0.03352	0.24483	0.01095	0.02201	0.01105	0.00743	0.02463	0.00594	0.00374	0.00416	0.00122	0.02921	0.00377	0.01802	0.00484
30	0.01855	0.27492	0.37005	0.00930	0.01336	0.01069	0.08937	0.02546	0.11752	0.01176	0.02102	0.00868	0.00626	0.00370	0.00333	0.00109	0.00470	0.00296	0.00200	0.00529
31	0.02340	0.00848	0.11873	0.04062	0.04124	0.02067	0.06322	0.06300	0.02273	0.39753	0.01296	0.08656	0.01017	0.00534	0.00396	0.00124	0.00387	0.06725	0.00352	0.00550
32	0.00457	0.00340	0.00426	0.00490	0.00537	0.00309	0.00335	0.00532	0.00760	0.00989	0.05380	0.65763	0.20090	0.01112	0.00470	0.00146	0.00210	0.00994	0.00351	0.00309
33	0.06424	0.03971	0.01069	0.04502	0.27679	0.02992	0.05682	0.04612	0.06832	0.02809	0.01201	0.27180	0.01215	0.00623	0.00397	0.00126	0.00368	0.01578	0.00267	0.00473
34	0.01103	0.04177	0.03715	0.19237	0.11525	0.14160	0.05042	0.09722	0.08021	0.13598	0.00915	0.01017	0.01901	0.00418	0.00402	0.00116	0.03809	0.00339	0.00260	0.00521
35	0.00590	0.00485	0.03760	0.00580	0.00667	0.00486	0.00451	0.03959	0.00647	0.00917	0.01022	0.01652	0.01004	0.23803	0.54924	0.00487	0.00779	0.00425	0.00214	0.03147
36	0.05648	0.13770	0.02341	0.05593	0.14814	0.09479	0.06426	0.11800	0.11358	0.10719	0.00887	0.00977	0.00678	0.00398	0.00348	0.00109	0.00429	0.01307	0.00267	0.02651

[dist]
# distance from previous block
# <min> <max>
6	34

[block]
# block no. 6 follows, 73 sequences, length 11
# corresponding to MSA columns:
# 248-258
name=unknown_G
#
# <colnr> <probs for GDERKNQSTAVLIFYWHMCP>
#	G	D	E	R	K	N	Q	S	T	A	V	L	I	F	Y	W	H	M	C	P
0	0.04371	0.01073	0.20929	0.00907	0.01256	0.00816	0.10223	0.15454	0.01053	0.31180	0.00995	0.01003	0.00677	0.00419	0.00414	0.00118	0.04797	0.00340	0.00313	0.03662
1	0.00488	0.00355	0.00467	0.00542	0.00588	0.00333	0.00395	0.00582	0.00773	0.01017	0.05395	0.59605	0.09516	0.01112	0.00482	0.00153	0.00239	0.17291	0.00350	0.00316
2	0.02892	0.00791	0.01244	0.40449	0.23996	0.03842	0.06744	0.05818	0.00858	0.01159	0.03618	0.01042	0.00663	0.00502	0.04706	0.00144	0.00506	0.00351	0.00198	0.00477
3	0.01053	0.37811	0.04833	0.12628	0.03803	0.12796	0.04967	0.07158	0.00890	0.05078	0.00645	0.00772	0.00525	0.00374	0.00363	0.00102	0.05246	0.00270	0.00198	0.00489
4	0.00553	0.00377	0.00452	0.00501	0.00558	0.00372	0.00349	0.00733	0.08237	0.01112	0.01896	0.57092	0.05006	0.00944	0.00421	0.00135	0.00214	0.00841	0.19865	0.00341
5	0.00541	0.00381	0.00499	0.00499	0.00530	0.00413	0.00339	0.00603	0.00572	0.00794	0.01100	0.02000	0.01166	0.47875	0.40579	0.00475	0.00661	0.00479	0.00215	0.00277
6	0.00957	0.10091	0.18516	0.12107	0.17333	0.07273	0.11167	0.03562	0.07165	0.05790	0.00779	0.00920	0.00595	0.00373	0.00376	0.00115	0.01816	0.00324	0.00211	0.00530
7	0.02117	0.06044	0.01297	0.06870	0.08697	0.13013	0.17845	0.10558	0.08092	0.08002	0.03809	0.02585	0.00909	0.00471	0.00392	0.00120	0.00469	0.07935	0.00271	0.00505
8	0.00560	0.00398	0.00546	0.00628	0.00692	0.00392	0.00512	0.00693	0.00806	0.01055	0.01967	0.27465	0.02209	0.05581	0.00580	0.00177	0.00310	0.54760	0.00340	0.00328
9	0.07197	0.24973	0.10896	0.06711	0.06472	0.01079	0.03969	0.18365	0.07033	0.08693	0.00805	0.00867	0.00607	0.00384	0.00329	0.00107	0.00417	0.00297	0.00256	0.00543
10	0.03612	0.07976	0.14583	0.08743	0.27966	0.10722	0.08918	0.06826	0.02947	0.01230	0.00730	0.00940	0.00589	0.00373	0.00362	0.00113	0.00496	0.02144	0.00202	0.00529

[dist]
# distance from previous block
# <min> <max>
1	6

[block]
# block no. 7 follows, 73 sequences, length 23
# corresponding to MSA columns:
# 266-288
name=unknown_H
#
# <colnr> <probs for GDERKNQSTAVLIFYWHMCP>
#	G	D	E	R	K	N	Q	S	T	A	V	L	I	F	Y	W	H	M	C	P
0	0.06173	0.13179	0.23442	0.02875	0.08029	0.03784	0.08963	0.15081	0.07032	0.02465	0.03921	0.00933	0.00690	0.00394	0.00361	0.00113	0.01472	0.00321	0.00236	0.00536
1	0.28947	0.00887	0.02159	0.00693	0.00966	0.04308	0.00573	0.28523	0.08569	0.10692	0.00860	0.00871	0.00625	0.00404	0.00320	0.00109	0.00353	0.00291	0.00314	0.09537
2	0.00518	0.00384	0.00455	0.01882	0.00540	0.00366	0.00314	0.00618	0.02021	0.01040	0.23398	0.09040	0.22790	0.30133	0.04698	0.00228	0.00291	0.00669	0.00315	0.00302
3	0.00841	0.00683	0.00833	0.02841	0.00966	0.00620	0.03755	0.04594	0.16947	0.05170	0.01174	0.04508	0.05742	0.00446	0.00342	0.00092	0.00304	0.03545	0.00285	0.46313
4	0.00778	0.00667	0.00778	0.00556	0.00889	0.00500	0.00445	0.00945	0.00778	0.01223	0.00667	0.00778	0.00556	0.00278	0.00278	0.00056	0.00278	0.00222	0.00222	0.89108
5	0.00504	0.00390	0.00482	0.01680	0.00603	0.00374	0.00383	0.00607	0.00800	0.01036	0.11056	0.26006	0.29796	0.06718	0.03926	0.00175	0.02795	0.12015	0.00333	0.00320
6	0.02332	0.00582	0.00614	0.02413	0.00746	0.07567	0.00449	0.04256	0.03349	0.12077	0.19082	0.12310	0.24634	0.00779	0.00426	0.00127	0.00281	0.07214	0.00360	0.00402
7	0.00507	0.00352	0.00441	0.00489	0.00507	0.00343	0.00319	0.00554	0.00653	0.00870	0.01661	0.43018	0.01947	0.37223	0.03380	0.00255	0.00310	0.06601	0.00293	0.00276
8	0.00464	0.00338	0.00437	0.00502	0.00542	0.00312	0.00343	0.00545	0.00772	0.01026	0.11728	0.68633	0.10762	0.01106	0.00471	0.00146	0.00210	0.00994	0.00356	0.00312
9	0.02345	0.02972	0.03238	0.03770	0.01481	0.19048	0.35706	0.04596	0.11214	0.07041	0.00978	0.01085	0.03941	0.00399	0.00394	0.00118	0.00537	0.00387	0.00246	0.00505
10	0.00877	0.00566	0.00737	0.04227	0.00868	0.00567	0.03737	0.05062	0.13748	0.17290	0.21634	0.04020	0.08152	0.09502	0.00572	0.00151	0.00300	0.07175	0.00366	0.00450
11	0.00470	0.00336	0.00449	0.00527	0.00557	0.00315	0.00362	0.00548	0.00750	0.01004	0.07795	0.76538	0.02539	0.01140	0.00478	0.00151	0.00221	0.05157	0.00353	0.00310
12	0.00760	0.00740	0.01169	0.48704	0.01913	0.00966	0.03490	0.00943	0.00683	0.00943	0.00599	0.00928	0.00499	0.00488	0.00726	0.00141	0.35391	0.00335	0.00166	0.00417
13	0.00881	0.00879	0.04407	0.04315	0.10141	0.10908	0.14656	0.05374	0.09810	0.03868	0.03207	0.12211	0.04678	0.00606	0.00430	0.00130	0.01627	0.11128	0.00278	0.00467
14	0.01103	0.00538	0.00740	0.00628	0.01926	0.00500	0.02594	0.01258	0.00986	0.40040	0.24365	0.04389	0.03980	0.00651	0.02895	0.00132	0.03670	0.00491	0.08624	0.00492
15	0.00657	0.00459	0.00515	0.00499	0.00544	0.04149	0.00329	0.02144	0.00651	0.05612	0.02820	0.07052	0.01320	0.54940	0.16407	0.00359	0.00477	0.00527	0.00248	0.00293
16	0.00778	0.00667	0.00778	0.00556	0.00889	0.00500	0.00445	0.00945	0.00778	0.01223	0.00667	0.00778	0.00556	0.00278	0.00278	0.00056	0.00278	0.00222	0.00222	0.89108
17	0.00880	0.00990	0.01984	0.13799	0.01996	0.04495	0.65920	0.01172	0.00867	0.01148	0.00732	0.00992	0.00554	0.00335	0.00446	0.00126	0.02472	0.00416	0.00186	0.00488
18	0.00546	0.00364	0.00409	0.00409	0.00409	0.00364	0.00227	0.00546	0.00546	0.00727	0.01182	0.02455	0.01364	0.86815	0.01910	0.00364	0.00364	0.00546	0.00227	0.00227
19	0.03978	0.00712	0.00917	0.00707	0.00995	0.03785	0.02796	0.05307	0.01087	0.73539	0.01376	0.01213	0.00876	0.00454	0.00374	0.00115	0.00344	0.00368	0.00437	0.00621
20	0.00844	0.03773	0.57834	0.01147	0.01631	0.00891	0.19518	0.01222	0.00825	0.06081	0.00732	0.00865	0.00523	0.00359	0.00391	0.00120	0.02196	0.00319	0.00184	0.00544
21	0.00832	0.00790	0.01338	0.23911	0.39821	0.00837	0.09152	0.01132	0.07393	0.01184	0.03946	0.01269	0.00818	0.00417	0.00392	0.00122	0.00451	0.05466	0.00215	0.00514
22	0.17422	0.29737	0.02365	0.00694	0.00971	0.05506	0.00609	0.18499	0.09342	0.08167	0.02888	0.00862	0.00680	0.00399	0.00304	0.00104	0.00377	0.00282	0.00273	0.00520

[dist]
# distance from previous block
# <min> <max>
6	15

[block]
# block no. 8 follows, 73 sequences, length 17
# corresponding to MSA columns:
# 311-327
name=unknown_I
#
# <colnr> <probs for GDERKNQSTAVLIFYWHMCP>
#	G	D	E	R	K	N	Q	S	T	A	V	L	I	F	Y	W	H	M	C	P
0	0.06487	0.00994	0.02109	0.01512	0.01883	0.00942	0.77882	0.01196	0.00870	0.01232	0.00744	0.00987	0.00559	0.00318	0.00429	0.00126	0.00611	0.00428	0.00192	0.00500
1	0.01003	0.87041	0.01966	0.00642	0.00963	0.01485	0.00642	0.01123	0.00762	0.00883	0.00522	0.00602	0.00481	0.00321	0.00241	0.00080	0.00401	0.00201	0.00160	0.00481
2	0.01683	0.00638	0.00871	0.00668	0.00958	0.00551	0.00551	0.01828	0.01074	0.84734	0.01480	0.01277	0.00929	0.00464	0.00377	0.00116	0.00319	0.00377	0.00464	0.00638
3	0.00987	0.01866	0.54714	0.01030	0.01457	0.29014	0.01148	0.03478	0.00908	0.01130	0.00648	0.00756	0.00482	0.00369	0.00351	0.00111	0.00591	0.00267	0.00176	0.00517
4	0.00752	0.01941	0.84871	0.01069	0.01624	0.00871	0.01386	0.01188	0.00792	0.01188	0.00673	0.00792	0.00475	0.00356	0.00356	0.00119	0.00554	0.00277	0.00158	0.00554
5	0.00865	0.00413	0.00496	0.00465	0.00586	0.00387	0.00352	0.01011	0.00856	0.20381	0.06719	0.18643	0.01424	0.00613	0.00344	0.00109	0.00217	0.00521	0.45191	0.00407
6	0.00615	0.00340	0.00482	0.00485	0.00492	0.00345	0.00321	0.00517	0.00517	0.00696	0.00830	0.04292	0.00872	0.17476	0.08959	0.61594	0.00390	0.00399	0.00185	0.00195
7	0.04120	0.00776	0.00908	0.00753	0.00973	0.00839	0.05774	0.26483	0.27322	0.03070	0.14859	0.04001	0.07346	0.00565	0.00395	0.00121	0.00324	0.00476	0.00365	0.00529
8	0.00904	0.01136	0.18283	0.04876	0.01785	0.00889	0.53562	0.03217	0.00883	0.06484	0.00802	0.01031	0.00599	0.03250	0.00467	0.00132	0.00577	0.00402	0.00206	0.00514
9	0.00473	0.00366	0.00435	0.00479	0.00558	0.00328	0.00353	0.00570	0.00812	0.01027	0.06506	0.36292	0.38220	0.01041	0.00467	0.00142	0.00220	0.11043	0.00351	0.00317
10	0.00516	0.00384	0.00463	0.00488	0.00558	0.00361	0.00355	0.00636	0.02858	0.01061	0.15994	0.22059	0.23182	0.16468	0.00725	0.00181	0.00251	0.12807	0.00338	0.00315
11	0.00993	0.00951	0.01269	0.27889	0.05363	0.10676	0.11627	0.16184	0.03756	0.02502	0.00726	0.00931	0.00563	0.00432	0.00519	0.00125	0.14442	0.00341	0.00223	0.00487
12	0.00913	0.00684	0.00998	0.00822	0.01032	0.00692	0.15646	0.08438	0.18903	0.11529	0.19537	0.03199	0.01643	0.00597	0.00421	0.00128	0.00347	0.11246	0.02735	0.00491
13	0.00471	0.00338	0.00442	0.00517	0.00546	0.00317	0.00351	0.00542	0.00728	0.00967	0.04092	0.71805	0.05579	0.06570	0.00569	0.00165	0.00231	0.05123	0.00342	0.00304
14	0.00910	0.04210	0.01607	0.24915	0.07260	0.04533	0.35146	0.09385	0.03706	0.01234	0.00786	0.03157	0.00620	0.00379	0.00399	0.00121	0.00533	0.00392	0.00211	0.00494
15	0.00928	0.01011	0.02791	0.05420	0.03719	0.14215	0.37741	0.05887	0.07323	0.01258	0.09480	0.01324	0.06252	0.00440	0.00411	0.00120	0.00514	0.00439	0.00247	0.00480
16	0.00864	0.03807	0.01164	0.02713	0.39299	0.02605	0.03261	0.05437	0.04810	0.03600	0.25660	0.01502	0.01499	0.00486	0.00402	0.00114	0.01550	0.00439	0.00279	0.00511

[dist]
# distance from previous block
# <min> <max>
4	32

[block]
# block no. 9 follows, 73 sequences, length 9
# corresponding to MSA columns:
# 360-368
name=unknown_J
#
# <colnr> <probs for GDERKNQSTAVLIFYWHMCP>
#	G	D	E	R	K	N	Q	S	T	A	V	L	I	F	Y	W	H	M	C	P
0	0.00958	0.08562	0.06458	0.06840	0.20920	0.08987	0.36083	0.04478	0.00906	0.01183	0.00704	0.00908	0.00552	0.00339	0.00387	0.00115	0.00552	0.00357	0.00191	0.00520
1	0.00651	0.08108	0.03057	0.04385	0.04658	0.02834	0.04284	0.00779	0.00653	0.00889	0.00921	0.01433	0.00880	0.14912	0.46949	0.02911	0.00751	0.00392	0.00196	0.00358
2	0.00545	0.00374	0.00463	0.00499	0.00525	0.00370	0.00343	0.00599	0.00655	0.00866	0.01538	0.17592	0.01758	0.50436	0.01312	0.00279	0.00334	0.20964	0.00278	0.00270
3	0.31975	0.00865	0.07629	0.06102	0.04704	0.00842	0.06210	0.10749	0.09849	0.11350	0.00915	0.01093	0.00705	0.00430	0.00337	0.00121	0.00376	0.04960	0.00284	0.00504
4	0.48293	0.00563	0.00487	0.00455	0.00630	0.00603	0.00359	0.00868	0.00755	0.01435	0.10738	0.04885	0.25224	0.00602	0.00326	0.00120	0.00243	0.00462	0.02582	0.00369
5	0.04681	0.01304	0.33294	0.12483	0.04805	0.08764	0.05897	0.03996	0.07045	0.03258	0.01978	0.02978	0.02890	0.00430	0.00409	0.00121	0.04604	0.00346	0.00214	0.00503
6	0.00542	0.00371	0.00439	0.00456	0.00475	0.00369	0.00291	0.00575	0.00609	0.00806	0.01438	0.08656	0.04858	0.64413	0.04395	0.00325	0.00366	0.10108	0.00254	0.00254
7	0.00860	0.09622	0.25832	0.13648	0.17891	0.03869	0.06515	0.03282	0.08395	0.01203	0.04764	0.00996	0.00722	0.00386	0.00363	0.00115	0.00474	0.00333	0.00207	0.00524
8	0.00995	0.00766	0.00854	0.05573	0.01025	0.00849	0.00594	0.22743	0.36741	0.05443	0.07570	0.01541	0.08448	0.00602	0.02665	0.00134	0.00338	0.00443	0.02134	0.00543

[dist]
# distance from previous block
# <min> <max>
0	2

[block]
# block no. 10 follows, 73 sequences, length 9
# corresponding to MSA columns:
# 371-376,379-381
name=unknown_K
#
# <colnr> <probs for GDERKNQSTAVLIFYWHMCP>
#	G	D	E	R	K	N	Q	S	T	A	V	L	I	F	Y	W	H	M	C	P
0	0.00850	0.00972	0.18059	0.00988	0.13046	0.00796	0.00792	0.06883	0.29839	0.02870	0.12795	0.01557	0.06174	0.00521	0.00390	0.00122	0.00357	0.02144	0.00310	0.00535
1	0.00603	0.00469	0.00594	0.06122	0.00802	0.00487	0.00492	0.00876	0.14367	0.01126	0.07232	0.21643	0.13141	0.03468	0.03133	0.02544	0.00307	0.21893	0.00332	0.00370
2	0.00936	0.01053	0.14866	0.05340	0.46436	0.00909	0.03348	0.10362	0.08504	0.01372	0.02724	0.00995	0.00693	0.00378	0.00374	0.00115	0.00447	0.00345	0.00225	0.00577
3	0.00878	0.20060	0.00832	0.00505	0.00674	0.04897	0.00421	0.04892	0.06234	0.03536	0.01045	0.01157	0.00826	0.00414	0.00277	0.00091	0.00274	0.00316	0.52250	0.00421
4	0.00959	0.23248	0.06283	0.00712	0.00951	0.08848	0.00619	0.03499	0.26196	0.06642	0.06140	0.09119	0.04209	0.00528	0.00354	0.00112	0.00362	0.00423	0.00296	0.00500
5	0.00867	0.07178	0.60570	0.00983	0.01447	0.03280	0.03649	0.01219	0.00828	0.09319	0.00835	0.03808	0.00650	0.00416	0.00363	0.00119	0.00509	0.03220	0.00203	0.00537
6	0.01258	0.05070	0.03790	0.00838	0.01115	0.19893	0.07386	0.17152	0.05457	0.19311	0.00938	0.00978	0.00687	0.01931	0.00380	0.00108	0.00446	0.00321	0.02879	0.10063
7	0.05778	0.12076	0.33962	0.00830	0.01230	0.04482	0.02676	0.03744	0.02157	0.10705	0.00755	0.00823	0.00558	0.00354	0.00324	0.00100	0.00437	0.00270	0.00223	0.18518
8	0.04230	0.24814	0.23869	0.00801	0.01150	0.06309	0.02870	0.01354	0.05856	0.19646	0.04995	0.00975	0.00770	0.00401	0.00332	0.00107	0.00426	0.00306	0.00258	0.00531

[dist]
# distance from previous block
# <min> <max>
6	11

[block]
# block no. 11 follows, 73 sequences, length 82
# corresponding to MSA columns:
# 393-405,408,410-419,429-454,456-487
name=unknown_L
#
# <colnr> <probs for GDERKNQSTAVLIFYWHMCP>
#	G	D	E	R	K	N	Q	S	T	A	V	L	I	F	Y	W	H	M	C	P
0	0.00804	0.19414	0.67849	0.00982	0.01488	0.00997	0.01233	0.01175	0.00786	0.01125	0.00642	0.00753	0.00477	0.00349	0.00333	0.00111	0.00523	0.00262	0.00159	0.00539
1	0.02580	0.11509	0.03492	0.02215	0.06951	0.16250	0.04415	0.19343	0.09148	0.01416	0.06043	0.03531	0.01699	0.00444	0.00367	0.00106	0.01869	0.00350	0.00268	0.08003
2	0.00684	0.14744	0.00914	0.00612	0.00725	0.00638	0.10524	0.02834	0.00691	0.00907	0.06428	0.03900	0.01255	0.50279	0.01276	0.02161	0.00388	0.00487	0.00229	0.00323
3	0.00658	0.00482	0.00585	0.00618	0.02306	0.02757	0.00434	0.08923	0.02255	0.04093	0.03005	0.53957	0.01945	0.05639	0.07735	0.00194	0.00337	0.03383	0.00330	0.00365
4	0.00889	0.03285	0.03543	0.01864	0.44261	0.00905	0.33419	0.01145	0.00863	0.01197	0.00855	0.01066	0.04202	0.00354	0.00399	0.00117	0.00509	0.00392	0.00193	0.00544
5	0.00458	0.00330	0.00434	0.00515	0.00543	0.00306	0.00346	0.00527	0.00731	0.00971	0.03772	0.81158	0.06207	0.01157	0.00477	0.00151	0.00216	0.01046	0.00350	0.00306
6	0.01163	0.11503	0.06887	0.02423	0.05388	0.12976	0.16612	0.31606	0.03197	0.01552	0.00760	0.00861	0.00578	0.00393	0.00385	0.00111	0.02474	0.00326	0.00257	0.00548
7	0.00699	0.00350	0.00350	0.00350	0.00437	0.00350	0.00262	0.00874	0.00787	0.01399	0.01224	0.01399	0.00962	0.00437	0.00262	0.00087	0.00175	0.00350	0.88898	0.00350
8	0.00803	0.00792	0.00844	0.00755	0.00785	0.14049	0.00572	0.00855	0.00640	0.00836	0.00778	0.01443	0.00835	0.34583	0.01359	0.00232	0.38903	0.00400	0.00194	0.00342
9	0.00444	0.00378	0.00382	0.00386	0.00508	0.00316	0.00288	0.00538	0.00850	0.01011	0.03731	0.06956	0.81022	0.00959	0.00445	0.00128	0.00191	0.00803	0.00348	0.00316
10	0.04164	0.12035	0.03629	0.00847	0.01128	0.15793	0.02939	0.43030	0.07701	0.01743	0.00893	0.00919	0.02665	0.00430	0.00351	0.00108	0.00449	0.00318	0.00300	0.00558
11	0.16265	0.00832	0.01211	0.01082	0.11735	0.02888	0.22203	0.10648	0.06922	0.06045	0.03636	0.01348	0.09978	0.00459	0.00378	0.00120	0.00412	0.01883	0.00274	0.01681
12	0.00982	0.09654	0.36462	0.00911	0.01294	0.05926	0.02213	0.13625	0.18313	0.04284	0.00943	0.00974	0.01942	0.00413	0.00356	0.00115	0.00459	0.00321	0.00254	0.00560
13	0.00738	0.00608	0.00677	0.00622	0.00778	0.00660	0.00477	0.01379	0.45214	0.01495	0.32906	0.03548	0.08046	0.00649	0.00411	0.00124	0.00243	0.00558	0.00391	0.00479
14	0.01210	0.01429	0.01235	0.03465	0.32076	0.52025	0.00890	0.01357	0.00978	0.01033	0.00629	0.00778	0.00525	0.00367	0.00351	0.00103	0.00587	0.00278	0.00190	0.00494
15	0.00622	0.00570	0.04348	0.00679	0.00734	0.00641	0.00545	0.00725	0.00590	0.00860	0.00897	0.01500	0.00900	0.21618	0.40213	0.00411	0.23203	0.00411	0.00196	0.00339
16	0.00529	0.00378	0.00517	0.00601	0.00655	0.00366	0.00469	0.00647	0.00795	0.01049	0.03975	0.45692	0.02354	0.01100	0.00497	0.00161	0.00277	0.39265	0.00348	0.00325
17	0.00794	0.00706	0.01103	0.22239	0.13892	0.00819	0.06689	0.02719	0.02578	0.03968	0.04531	0.04460	0.02650	0.10312	0.00763	0.00160	0.20545	0.00420	0.00219	0.00434
18	0.01118	0.25492	0.03521	0.00767	0.01030	0.13647	0.00655	0.18314	0.20054	0.04137	0.00947	0.04374	0.00772	0.01317	0.00350	0.00108	0.00412	0.00333	0.00280	0.02371
19	0.89465	0.00726	0.00551	0.00493	0.00726	0.00842	0.00406	0.01103	0.00638	0.01683	0.00522	0.00609	0.00406	0.00348	0.00232	0.00116	0.00290	0.00203	0.00232	0.00406
20	0.00452	0.00348	0.00414	0.00467	0.00529	0.00309	0.00323	0.00529	0.00772	0.00980	0.02747	0.54045	0.34568	0.01087	0.00465	0.00142	0.00207	0.00959	0.00348	0.00309
21	0.00776	0.00628	0.00993	0.13210	0.23208	0.00636	0.05760	0.03185	0.02484	0.07112	0.05635	0.22804	0.06791	0.02007	0.00441	0.00132	0.00360	0.03106	0.00281	0.00452
22	0.03220	0.06641	0.14747	0.00773	0.01036	0.16584	0.00699	0.10249	0.01000	0.20731	0.01203	0.16048	0.03256	0.00564	0.00376	0.00118	0.00419	0.01536	0.00303	0.00500
23	0.23470	0.00840	0.01010	0.22190	0.11971	0.03059	0.00761	0.23152	0.01040	0.07980	0.00758	0.00879	0.00558	0.00390	0.00338	0.00116	0.00407	0.00303	0.00265	0.00513
24	0.00475	0.00339	0.00456	0.00543	0.00573	0.00320	0.00379	0.00553	0.00736	0.00978	0.02058	0.76562	0.02442	0.01159	0.00484	0.00155	0.00233	0.10898	0.00348	0.00310
25	0.00942	0.07874	0.14273	0.01260	0.13274	0.12932	0.21881	0.02290	0.08607	0.01181	0.05099	0.01001	0.00743	0.00403	0.00438	0.00117	0.06604	0.00356	0.00213	0.00509
26	0.02319	0.01780	0.71381	0.01114	0.01633	0.00882	0.11200	0.01208	0.02833	0.01208	0.00702	0.00830	0.00502	0.00355	0.00365	0.00120	0.00553	0.00299	0.00169	0.00547
27	0.00915	0.01922	0.16512	0.01544	0.30155	0.00928	0.19860	0.06736	0.10987	0.01319	0.00817	0.00969	0.00632	0.00370	0.00406	0.00118	0.02773	0.00356	0.00218	0.02460
28	0.00457	0.00368	0.00405	0.00421	0.00519	0.00319	0.00305	0.00552	0.00841	0.01046	0.11459	0.21680	0.56865	0.02450	0.00476	0.00135	0.00198	0.00836	0.00353	0.00316
29	0.00796	0.01466	0.51719	0.00928	0.01340	0.00857	0.01057	0.01418	0.28159	0.01323	0.04459	0.01142	0.02807	0.00438	0.00370	0.00122	0.00445	0.00354	0.00247	0.00554
30	0.00929	0.00891	0.01523	0.02303	0.84475	0.00891	0.01151	0.01151	0.00854	0.01226	0.00706	0.00929	0.00594	0.00334	0.00371	0.00111	0.00446	0.00334	0.00186	0.00594
31	0.00899	0.00935	0.01215	0.24365	0.12187	0.16293	0.11793	0.02998	0.04443	0.01078	0.00868	0.05962	0.00780	0.02002	0.00488	0.00130	0.07358	0.05542	0.00214	0.00453
32	0.01416	0.03050	0.01144	0.00861	0.01159	0.03312	0.00712	0.79254	0.01723	0.02294	0.00884	0.00888	0.00630	0.00446	0.00371	0.00111	0.00419	0.00332	0.00366	0.00629
33	0.00912	0.09175	0.16487	0.00722	0.01084	0.02059	0.02772	0.07733	0.00889	0.06467	0.02117	0.00843	0.00613	0.00333	0.00311	0.00081	0.00368	0.00263	0.00234	0.46539
34	0.00875	0.00725	0.02714	0.00692	0.00886	0.00761	0.01642	0.14534	0.38253	0.03205	0.15356	0.07320	0.08690	0.02088	0.00429	0.00129	0.00293	0.00524	0.00372	0.00511
35	0.00536	0.00406	0.00503	0.00562	0.00615	0.00408	0.00389	0.00765	0.14409	0.01059	0.01979	0.72535	0.02261	0.01066	0.00463	0.00148	0.00231	0.00961	0.00354	0.00352
