[name]
unknown

[dist]
# distance from previous block
# <min> <max>
7	137

[block]
# block no. 0 follows, 73 sequences, length 17
# corresponding to MSA columns:
# 197-213
name=unknown_A
#
# <colnr> <probs for GDERKNQSTAVLIFYWHMCP>
#	G	D	E	R	K	N	Q	S	T	A	V	L	I	F	Y	W	H	M	C	P
0	0.00776	0.00535	0.00598	0.00522	0.00699	0.00503	0.00408	0.10146	0.07390	0.11836	0.14853	0.02590	0.42088	0.00740	0.00415	0.00119	0.00242	0.00617	0.00372	0.04550
1	0.00963	0.04987	0.26427	0.05545	0.19229	0.00921	0.16693	0.08916	0.03954	0.07558	0.00802	0.00934	0.00594	0.00366	0.00376	0.00117	0.00497	0.00339	0.00222	0.00559
2	0.01032	0.10121	0.26030	0.00863	0.05158	0.03979	0.00826	0.03945	0.05366	0.20805	0.03981	0.04895	0.00856	0.00544	0.04107	0.00132	0.00437	0.00356	0.00276	0.06289
3	0.60425	0.14897	0.00871	0.02456	0.00864	0.09651	0.00506	0.02625	0.00724	0.01453	0.00538	0.00634	0.00435	0.00357	0.00273	0.00109	0.02325	0.00215	0.00216	0.00426
4	0.01083	0.59837	0.04650	0.00763	0.01086	0.05411	0.05160	0.15938	0.00965	0.01179	0.00611	0.00688	0.00514	0.00348	0.00285	0.00091	0.00434	0.00243	0.00202	0.00511
5	0.00606	0.00482	0.00595	0.03351	0.02703	0.00503	0.00451	0.00950	0.22058	0.01185	0.11237	0.47821	0.04766	0.00906	0.00443	0.00139	0.00247	0.00808	0.00355	0.00395
6	0.03825	0.00549	0.00707	0.00583	0.00787	0.00500	0.00466	0.03576	0.02835	0.43109	0.32740	0.01927	0.05577	0.00597	0.00400	0.00117	0.00261	0.00504	0.00429	0.00509
7	0.00469	0.00380	0.00419	0.00435	0.00537	0.00334	0.00320	0.00589	0.02735	0.01060	0.10299	0.21365	0.55689	0.00975	0.00451	0.00133	0.00201	0.02928	0.00355	0.00324
8	0.02528	0.00380	0.00466	0.00485	0.00568	0.00346	0.00348	0.00659	0.00849	0.06072	0.21441	0.40815	0.21719	0.00968	0.00451	0.00135	0.00209	0.00852	0.00368	0.00341
9	0.00682	0.00545	0.00825	0.00724	0.00799	0.00622	0.08570	0.04873	0.00659	0.00927	0.00885	0.03403	0.00870	0.15501	0.29056	0.14963	0.15141	0.00417	0.00204	0.00333
10	0.00529	0.00386	0.00516	0.00549	0.00616	0.00361	0.02443	0.00650	0.02632	0.02908	0.11619	0.50701	0.12367	0.03027	0.00502	0.00150	0.00240	0.09118	0.00352	0.00333
11	0.21834	0.00911	0.00977	0.16938	0.06905	0.07197	0.00717	0.26207	0.10387	0.03232	0.00812	0.00900	0.00606	0.00407	0.00339	0.00116	0.00408	0.00309	0.00279	0.00519
12	0.00710	0.00655	0.01015	0.52398	0.01894	0.00797	0.00865	0.00908	0.00729	0.00988	0.03490	0.01208	0.02101	0.02700	0.03234	0.00148	0.14859	0.02963	0.00191	0.08148
13	0.08598	0.48865	0.03281	0.00730	0.01013	0.17215	0.02030	0.05996	0.03742	0.02505	0.00649	0.02683	0.00563	0.00373	0.00285	0.00094	0.00443	0.00253	0.00203	0.00480
14	0.01135	0.01095	0.01131	0.02830	0.06053	0.27037	0.10464	0.14995	0.02892	0.08226	0.00974	0.13530	0.00874	0.00530	0.00447	0.00120	0.06480	0.00432	0.00270	0.00486
15	0.00611	0.00482	0.00673	0.00647	0.00765	0.00468	0.07474	0.00833	0.08780	0.02787	0.06707	0.20235	0.18787	0.05805	0.00548	0.00158	0.00298	0.23237	0.00336	0.00368
16	0.00668	0.00607	0.02804	0.02298	0.12450	0.00600	0.04378	0.00908	0.08590	0.01136	0.10062	0.06903	0.14939	0.04999	0.10078	0.00193	0.05957	0.07823	0.00281	0.04329

[dist]
# distance from previous block
# <min> <max>
0	1

[block]
# block no. 1 follows, 73 sequences, length 7
# corresponding to MSA columns:
# 215-220,228
name=unknown_B
#
# <colnr> <probs for GDERKNQSTAVLIFYWHMCP>
#	G	D	E	R	K	N	Q	S	T	A	V	L	I	F	Y	W	H	M	C	P
0	0.01004	0.00724	0.00955	0.00703	0.01024	0.00614	0.08281	0.05993	0.05423	0.16959	0.00888	0.00935	0.00664	0.00339	0.00323	0.00081	0.00328	0.00290	0.00282	0.54191
1	0.00591	0.00435	0.00507	0.00502	0.00606	0.00418	0.00367	0.00825	0.12083	0.04784	0.20927	0.23874	0.26722	0.04990	0.00511	0.00142	0.00222	0.00756	0.00367	0.00369
2	0.00744	0.05536	0.12102	0.11929	0.13585	0.02301	0.03561	0.01075	0.12171	0.01181	0.10938	0.01624	0.13992	0.00653	0.04991	0.00146	0.02301	0.00448	0.00257	0.00465
3	0.00652	0.00406	0.00517	0.00511	0.00617	0.00366	0.00387	0.00779	0.00916	0.12119	0.28871	0.24491	0.19007	0.00893	0.00450	0.00133	0.00224	0.07907	0.00384	0.00370
4	0.00851	0.05750	0.11770	0.08440	0.18497	0.02858	0.17274	0.02680	0.07363	0.02673	0.10997	0.01336	0.01038	0.00449	0.00413	0.00121	0.02458	0.04291	0.00239	0.00503
5	0.00986	0.04399	0.08994	0.07405	0.11071	0.02608	0.02034	0.11172	0.04527	0.11479	0.00942	0.06592	0.00783	0.00453	0.00403	0.00109	0.04884	0.02185	0.00267	0.18706
6	0.35223	0.02700	0.10080	0.02718	0.10293	0.04053	0.07573	0.03540	0.03512	0.03169	0.00756	0.02812	0.02461	0.00421	0.00410	0.00122	0.09153	0.00311	0.00224	0.00468

[dist]
# distance from previous block
# <min> <max>
0	10

[block]
# block no. 2 follows, 73 sequences, length 13
# corresponding to MSA columns:
# 239-251
name=unknown_C
#
# <colnr> <probs for GDERKNQSTAVLIFYWHMCP>
#	G	D	E	R	K	N	Q	S	T	A	V	L	I	F	Y	W	H	M	C	P
0	0.06623	0.01192	0.17800	0.01248	0.19121	0.14311	0.09674	0.04184	0.00912	0.13987	0.00802	0.00918	0.00600	0.00468	0.03375	0.00132	0.03568	0.00320	0.00234	0.00532
1	0.00727	0.06674	0.00965	0.00761	0.02221	0.00699	0.11801	0.02902	0.16835	0.01337	0.30120	0.03413	0.10080	0.00640	0.00465	0.00125	0.05464	0.04002	0.00329	0.00438
2	0.00646	0.00507	0.01660	0.00566	0.00644	0.00528	0.00409	0.02969	0.18085	0.01079	0.07032	0.15035	0.02689	0.34047	0.04719	0.00246	0.02479	0.06004	0.00300	0.00357
3	0.01097	0.01264	0.01527	0.01201	0.01459	0.33135	0.35129	0.06217	0.02473	0.01144	0.00754	0.01030	0.00624	0.00415	0.00459	0.00119	0.06879	0.04386	0.00212	0.00473
4	0.01014	0.00920	0.00886	0.00792	0.01004	0.10434	0.00620	0.09255	0.62921	0.01546	0.01386	0.01413	0.01075	0.00516	0.00383	0.00125	0.00353	0.04432	0.00358	0.00568
5	0.00855	0.00780	0.01177	0.36956	0.25375	0.03768	0.02703	0.04262	0.05968	0.03178	0.00903	0.01237	0.02421	0.00424	0.00381	0.00120	0.00450	0.05252	0.00218	0.03573
6	0.00564	0.00417	0.00580	0.00569	0.00617	0.00481	0.00424	0.00664	0.00596	0.00863	0.01025	0.01663	0.01012	0.22570	0.56274	0.00495	0.06178	0.00429	0.04264	0.00315
7	0.89465	0.00726	0.00551	0.00493	0.00726	0.00842	0.00406	0.01103	0.00638	0.01683	0.00522	0.00609	0.00406	0.00348	0.00232	0.00116	0.00290	0.00203	0.00232	0.00406
8	0.01319	0.00851	0.02289	0.03407	0.01040	0.08507	0.00633	0.20995	0.03034	0.34224	0.11455	0.01271	0.01092	0.00504	0.00452	0.00118	0.07496	0.00387	0.00371	0.00556
9	0.00506	0.00355	0.00431	0.00459	0.00485	0.00345	0.00293	0.00552	0.00656	0.00872	0.05435	0.31168	0.08562	0.41928	0.06049	0.00275	0.00328	0.00741	0.00285	0.00273
10	0.00850	0.00817	0.04118	0.25278	0.19302	0.04590	0.00821	0.03284	0.00832	0.02947	0.00717	0.02212	0.00582	0.00348	0.00339	0.00096	0.00409	0.00300	0.00206	0.31951
11	0.00770	0.00738	0.01056	0.00901	0.00936	0.00976	0.04305	0.00881	0.00679	0.01036	0.14917	0.01190	0.01035	0.00653	0.01028	0.00152	0.64656	0.00394	0.03294	0.00403
12	0.01146	0.13876	0.09336	0.07731	0.08005	0.04430	0.02780	0.30344	0.03063	0.09284	0.00920	0.01014	0.02703	0.03246	0.00405	0.00118	0.00432	0.00333	0.00281	0.00552

[dist]
# distance from previous block
# <min> <max>
2	5

[block]
# block no. 3 follows, 73 sequences, length 8
# corresponding to MSA columns:
# 257-264
name=unknown_D
#
# <colnr> <probs for GDERKNQSTAVLIFYWHMCP>
#	G	D	E	R	K	N	Q	S	T	A	V	L	I	F	Y	W	H	M	C	P
0	0.00790	0.04195	0.01253	0.11677	0.22803	0.00802	0.13796	0.03688	0.02649	0.01192	0.10541	0.05058	0.06439	0.00536	0.00481	0.00126	0.08143	0.05120	0.00244	0.00468
1	0.00860	0.00820	0.03989	0.12374	0.27780	0.00748	0.03996	0.05488	0.03664	0.01260	0.00725	0.00892	0.00583	0.00330	0.00338	0.00093	0.00391	0.00296	0.00214	0.35159
2	0.00566	0.00377	0.00541	0.00541	0.00579	0.00416	0.00391	0.00604	0.00565	0.00792	0.00952	0.01570	0.00945	0.17539	0.50106	0.21912	0.00726	0.00409	0.00197	0.00274
3	0.89465	0.00726	0.00551	0.00493	0.00726	0.00842	0.00406	0.01103	0.00638	0.01683	0.00522	0.00609	0.00406	0.00348	0.00232	0.00116	0.00290	0.00203	0.00232	0.00406
4	0.01241	0.01037	0.06604	0.00952	0.04252	0.01065	0.05092	0.51066	0.13169	0.05293	0.00960	0.00982	0.00698	0.00454	0.00427	0.00119	0.05296	0.00353	0.00337	0.00605
5	0.00864	0.00881	0.01683	0.12704	0.37021	0.00878	0.32724	0.01123	0.00853	0.01176	0.00799	0.01170	0.00667	0.00375	0.00408	0.00123	0.00519	0.05315	0.00194	0.00522
6	0.00573	0.00417	0.00535	0.00583	0.05645	0.00383	0.00403	0.00708	0.00905	0.04319	0.30928	0.14845	0.25486	0.03405	0.00486	0.00136	0.00226	0.06963	0.02695	0.00357
7	0.05985	0.00749	0.04096	0.13137	0.01174	0.03478	0.04505	0.06543	0.13591	0.09104	0.05651	0.07788	0.05906	0.00543	0.00423	0.03124	0.01686	0.00431	0.00291	0.11795

[dist]
# distance from previous block
# <min> <max>
3	64

[block]
# block no. 4 follows, 73 sequences, length 41
# corresponding to MSA columns:
# 333-373
name=unknown_E
#
# <colnr> <probs for GDERKNQSTAVLIFYWHMCP>
#	G	D	E	R	K	N	Q	S	T	A	V	L	I	F	Y	W	H	M	C	P
0	0.81211	0.00727	0.00587	0.00514	0.00752	0.00828	0.00424	0.03045	0.00695	0.07590	0.00599	0.00664	0.00449	0.00359	0.00246	0.00116	0.00295	0.00219	0.00252	0.00428
1	0.00580	0.00357	0.00468	0.00468	0.00478	0.00368	0.00300	0.00546	0.00535	0.00725	0.00972	0.01848	0.01052	0.44092	0.15197	0.30688	0.00454	0.00447	0.00201	0.00223
2	0.03267	0.00421	0.00505	0.00476	0.00593	0.00384	0.00357	0.00790	0.02356	0.10210	0.37747	0.11393	0.25700	0.03531	0.00479	0.00132	0.00211	0.00695	0.00382	0.00371
3	0.00694	0.00636	0.00900	0.00808	0.00838	0.00845	0.00658	0.00795	0.00592	0.00890	0.00790	0.01177	0.02751	0.02934	0.34730	0.00341	0.48689	0.00373	0.00184	0.00375
4	0.00498	0.00375	0.00457	0.00460	0.00543	0.00337	0.00331	0.00618	0.00893	0.01201	0.37737	0.23383	0.23291	0.05346	0.00523	0.00140	0.00202	0.00783	0.00367	0.02515
5	0.00466	0.00334	0.00444	0.00528	0.00556	0.00312	0.00361	0.00539	0.00734	0.00978	0.03655	0.79444	0.03753	0.01157	0.00480	0.00152	0.00223	0.05227	0.00349	0.00308
6	0.00821	0.00799	0.01393	0.16113	0.01537	0.00892	0.27200	0.01014	0.00739	0.03119	0.00685	0.00965	0.00564	0.00560	0.04134	0.02660	0.26311	0.00360	0.01401	0.08732
7	0.00800	0.00666	0.00780	0.00558	0.00891	0.00501	0.00447	0.00966	0.00785	0.03272	0.00687	0.00790	0.00565	0.00282	0.00280	0.00057	0.00279	0.00226	0.00228	0.86937
8	0.00984	0.00851	0.00876	0.00777	0.00995	0.03119	0.00607	0.08445	0.75144	0.01616	0.01453	0.01341	0.01088	0.00501	0.00380	0.00125	0.00316	0.00413	0.00376	0.00593
9	0.00866	0.00704	0.00815	0.00589	0.00918	0.00567	0.00474	0.09064	0.00883	0.03570	0.00712	0.00803	0.00574	0.00300	0.00290	0.00063	0.00292	0.00238	0.00244	0.78036
10	0.00767	0.07003	0.79940	0.01044	0.01584	0.00908	0.01342	0.01184	0.00790	0.01170	0.00664	0.00781	0.00476	0.00354	0.00350	0.00117	0.00545	0.00273	0.00159	0.00550
11	0.00572	0.00434	0.00506	0.00562	0.00612	0.04113	0.00388	0.03650	0.02361	0.02985	0.01935	0.76016	0.02264	0.01085	0.00465	0.00147	0.00249	0.00975	0.00346	0.00336
12	0.00652	0.00326	0.00489	0.00489	0.00489	0.00326	0.00326	0.00489	0.00489	0.00652	0.00652	0.01140	0.00652	0.01303	0.01466	0.89084	0.00326	0.00326	0.00163	0.00163
13	0.00945	0.00812	0.00855	0.00766	0.00980	0.00939	0.00597	0.04003	0.81767	0.01589	0.01512	0.01387	0.01133	0.00508	0.00382	0.00127	0.00300	0.00422	0.00382	0.00595
14	0.00691	0.00555	0.00797	0.07867	0.00967	0.03324	0.10183	0.04798	0.00868	0.05832	0.09486	0.40294	0.07717	0.00841	0.00454	0.00137	0.01309	0.03175	0.00321	0.00385
15	0.01390	0.01057	0.01031	0.00831	0.01099	0.13933	0.00669	0.44520	0.14105	0.15909	0.01045	0.01006	0.00741	0.00452	0.00371	0.00113	0.00420	0.00343	0.00363	0.00600
16	0.00460	0.00329	0.00438	0.00520	0.00545	0.00307	0.00348	0.00530	0.00732	0.00980	0.05393	0.83182	0.02524	0.01159	0.00477	0.00151	0.00216	0.01051	0.00351	0.00307
17	0.00775	0.01915	0.00799	0.00600	0.03150	0.00517	0.00461	0.00940	0.00778	0.01214	0.00713	0.03087	0.00614	0.00307	0.00285	0.00061	0.00281	0.00250	0.01773	0.81480
18	0.00814	0.00812	0.01148	0.06037	0.01080	0.01130	0.00834	0.00906	0.00585	0.00906	0.00503	0.00831	0.00493	0.00640	0.01180	0.00162	0.81035	0.00329	0.00164	0.00411
19	0.00709	0.00667	0.01125	0.85913	0.02584	0.00834	0.01042	0.00959	0.00750	0.00959	0.00667	0.01000	0.00500	0.00375	0.00375	0.00125	0.00500	0.00333	0.00167	0.00417
20	0.00933	0.00806	0.00848	0.00764	0.00976	0.00933	0.00594	0.01994	0.83797	0.01569	0.01527	0.01400	0.01145	0.00509	0.00382	0.00127	0.00297	0.00424	0.00382	0.00594
21	0.00886	0.01012	0.02214	0.01581	0.01961	0.00949	0.83112	0.01202	0.00886	0.01202	0.00759	0.01012	0.00569	0.00316	0.00443	0.00127	0.00633	0.00443	0.00190	0.00506
22	0.00465	0.00381	0.00410	0.00403	0.00520	0.00326	0.00302	0.00580	0.00906	0.01134	0.23611	0.03412	0.64437	0.00905	0.00443	0.00125	0.00187	0.00764	0.00364	0.00326
23	0.00488	0.00358	0.00458	0.00483	0.00547	0.00328	0.00343	0.00607	0.00887	0.01207	0.38660	0.39271	0.13042	0.00967	0.00458	0.00134	0.00196	0.00861	0.00377	0.00328
24	0.00536	0.00402	0.00603	0.00603	0.00670	0.00469	0.00469	0.00670	0.00603	0.00871	0.01005	0.01474	0.00938	0.02814	0.85328	0.00603	0.01005	0.00402	0.00201	0.00335
25	0.01050	0.00824	0.00889	0.00764	0.00986	0.00930	0.00603	0.21310	0.52965	0.05472	0.01423	0.04088	0.03030	0.01935	0.00424	0.00129	0.01790	0.00431	0.00376	0.00581
26	0.00901	0.00696	0.00813	0.03023	0.00963	0.00613	0.00506	0.01271	0.19731	0.09543	0.00943	0.00975	0.00725	0.00352	0.00314	0.00080	0.00293	0.00287	0.00281	0.57691
27	0.01003	0.87041	0.01966	0.00642	0.00963	0.01485	0.00642	0.01123	0.00762	0.00883	0.00522	0.00602	0.00481	0.00321	0.00241	0.00080	0.00401	0.00201	0.00160	0.00481
28	0.00711	0.00541	0.00602	0.00544	0.00696	0.00549	0.00429	0.19870	0.01015	0.01328	0.02377	0.02458	0.41200	0.01163	0.16674	0.00214	0.00402	0.03236	0.05593	0.00398
29	0.01485	0.00957	0.01068	0.00819	0.01117	0.01025	0.00676	0.64759	0.01607	0.21050	0.01032	0.00986	0.00704	0.00454	0.00376	0.00113	0.00392	0.00347	0.00396	0.00638
30	0.00560	0.00440	0.00645	0.00636	0.00711	0.01467	0.05350	0.00690	0.01565	0.00948	0.02773	0.22773	0.02354	0.09452	0.37923	0.00369	0.00622	0.10124	0.00262	0.00333
31	0.00463	0.00389	0.00403	0.00403	0.00525	0.00336	0.00301	0.00588	0.03200	0.01053	0.08051	0.07856	0.73260	0.00940	0.00443	0.00128	0.00194	0.00790	0.00353	0.00326
32	0.00649	0.00511	0.00608	0.00616	0.00724	0.00537	0.00475	0.03670	0.21675	0.01247	0.09895	0.27700	0.10855	0.00885	0.00465	0.00143	0.01797	0.16785	0.00360	0.00404
33	0.00824	0.00756	0.02242	0.00982	0.01165	0.00797	0.24107	0.12854	0.00905	0.01234	0.01121	0.04131	0.02396	0.08026	0.06468	0.00193	0.14217	0.16893	0.00254	0.00434
34	0.00732	0.00746	0.04720	0.39441	0.08043	0.04182	0.10217	0.00951	0.00797	0.01034	0.01026	0.10584	0.00978	0.00566	0.00432	0.01660	0.00464	0.12789	0.00218	0.00420
35	0.00464	0.00337	0.00437	0.00514	0.00548	0.00312	0.00351	0.00536	0.00736	0.00967	0.02226	0.73239	0.10740	0.02496	0.00500	0.00154	0.00223	0.04569	0.00346	0.00307
36	0.04545	0.20628	0.24813	0.17551	0.04843	0.17455	0.01940	0.01181	0.00827	0.01046	0.00623	0.00775	0.00492	0.00357	0.00326	0.00106	0.00515	0.00266	0.01230	0.00480
37	0.00750	0.00409	0.00512	0.00500	0.00610	0.00373	0.00373	0.00874	0.00871	0.17198	0.14247	0.29749	0.12018	0.00814	0.00412	0.00126	0.00224	0.03357	0.16195	0.00387
38	0.09266	0.00850	0.01138	0.27493	0.25827	0.08001	0.01913	0.05856	0.05097	0.04981	0.03210	0.01081	0.00710	0.00405	0.00365	0.00118	0.00444	0.02516	0.00229	0.00498
39	0.00826	0.00671	0.00787	0.00570	0.00893	0.00523	0.00457	0.03939	0.00825	0.04268	0.01978	0.00843	0.00624	0.00343	0.01806	0.00071	0.00296	0.00242	0.00239	0.79798
40	0.73648	0.00766	0.00630	0.03641	0.00827	0.05144	0.01435	0.01093	0.00671	0.01563	0.00587	0.02766	0.00482	0.00383	0.00284	0.00117	0.03049	0.00241	0.02269	0.00406

[dist]
# distance from previous block
# <min> <max>
0	1

[block]
# block no. 5 follows, 73 sequences, length 21
# corresponding to MSA columns:
# 375-395
name=unknown_F
#
# <colnr> <probs for GDERKNQSTAVLIFYWHMCP>
#	G	D	E	R	K	N	Q	S	T	A	V	L	I	F	Y	W	H	M	C	P
0	0.03525	0.02974	0.01035	0.00798	0.01069	0.04078	0.00654	0.58454	0.10333	0.05761	0.00985	0.00982	0.00712	0.00448	0.00360	0.00111	0.00386	0.00340	0.06396	0.00597
1	0.00689	0.00588	0.00802	0.26008	0.04465	0.00653	0.00643	0.03821	0.14357	0.01273	0.24445	0.03232	0.13072	0.00639	0.01612	0.00131	0.02320	0.00519	0.00306	0.00426
2	0.00506	0.00378	0.00470	0.00456	0.00547	0.00342	0.00338	0.00656	0.00990	0.01354	0.60256	0.09407	0.21240	0.00839	0.00445	0.00123	0.00183	0.00733	0.00394	0.00342
3	0.00510	0.00372	0.00384	0.00384	0.00496	0.00327	0.00287	0.00629	0.00852	0.01139	0.09336	0.05108	0.56813	0.00823	0.00402	0.00118	0.00186	0.00688	0.20822	0.00327
4	0.00784	0.01897	0.82066	0.01056	0.01602	0.00861	0.01358	0.01210	0.00802	0.03978	0.00700	0.00808	0.00490	0.00360	0.00357	0.00119	0.00547	0.00281	0.00169	0.00557
5	0.01545	0.00807	0.00969	0.00749	0.01039	0.00809	0.00616	0.33506	0.05545	0.48460	0.01257	0.01137	0.00827	0.00461	0.00377	0.00115	0.00355	0.00364	0.00426	0.00636
6	0.89465	0.00726	0.00551	0.00493	0.00726	0.00842	0.00406	0.01103	0.00638	0.01683	0.00522	0.00609	0.00406	0.00348	0.00232	0.00116	0.00290	0.00203	0.00232	0.00406
7	0.01118	0.00765	0.00854	0.00740	0.00971	0.00839	0.00583	0.01953	0.63409	0.22066	0.01515	0.01369	0.01092	0.00498	0.00381	0.00124	0.00302	0.00413	0.00402	0.00605
8	0.89465	0.00726	0.00551	0.00493	0.00726	0.00842	0.00406	0.01103	0.00638	0.01683	0.00522	0.00609	0.00406	0.00348	0.00232	0.00116	0.00290	0.00203	0.00232	0.00406
9	0.01426	0.01051	0.01126	0.00863	0.01163	0.01163	0.00713	0.83224	0.01764	0.02364	0.00901	0.00901	0.00638	0.00450	0.00375	0.00113	0.00413	0.00338	0.00375	0.00638
10	0.84521	0.00721	0.00569	0.00503	0.00739	0.00825	0.00414	0.01144	0.00663	0.06360	0.00576	0.00647	0.00436	0.00355	0.00240	0.00116	0.00292	0.00213	0.00245	0.00419
11	0.01426	0.01051	0.01126	0.00863	0.01163	0.01163	0.00713	0.83224	0.01764	0.02364	0.00901	0.00901	0.00638	0.00450	0.00375	0.00113	0.00413	0.00338	0.00375	0.00638
12	0.00519	0.00358	0.00440	0.00470	0.00492	0.00348	0.00304	0.00571	0.00681	0.00916	0.11251	0.29407	0.02024	0.44195	0.01197	0.00256	0.00294	0.05707	0.00295	0.00274
13	0.01240	0.00958	0.01021	0.00825	0.01092	0.01076	0.00668	0.52497	0.32794	0.02064	0.01138	0.01090	0.00830	0.00473	0.00378	0.00118	0.00369	0.00370	0.00378	0.00621
14	0.00821	0.00821	0.01149	0.00985	0.00985	0.01149	0.00821	0.00903	0.00575	0.00903	0.00492	0.00821	0.00492	0.00657	0.01231	0.00164	0.86128	0.00328	0.00164	0.00410
15	0.01542	0.00685	0.00884	0.00688	0.00960	0.00641	0.00565	0.15115	0.01154	0.63938	0.02800	0.01272	0.00935	0.02096	0.04789	0.00145	0.00368	0.00380	0.00431	0.00611
16	0.00730	0.00505	0.00565	0.00518	0.00641	0.00493	0.00379	0.15360	0.00950	0.06919	0.04742	0.16158	0.30123	0.19326	0.00748	0.00178	0.00280	0.00671	0.00337	0.00376
17	0.01021	0.00546	0.00678	0.00582	0.00765	0.00514	0.00458	0.06160	0.05019	0.32950	0.12966	0.11801	0.21151	0.00708	0.00437	0.00125	0.02649	0.00593	0.00399	0.00478
18	0.00698	0.00652	0.01096	0.82280	0.02497	0.00811	0.01012	0.00940	0.00749	0.00959	0.00726	0.04641	0.00584	0.00409	0.00380	0.00126	0.00488	0.00365	0.00174	0.00412
19	0.01305	0.00772	0.00893	0.00733	0.00987	0.00810	0.00589	0.16384	0.34851	0.33887	0.01389	0.01263	0.00966	0.00479	0.00376	0.00119	0.00323	0.00389	0.02874	0.00612
20	0.00576	0.00411	0.00492	0.00462	0.00576	0.00371	0.00349	0.02939	0.01002	0.05170	0.48490	0.05212	0.30920	0.00818	0.00439	0.00122	0.00195	0.00705	0.00391	0.00361

[dist]
# distance from previous block
# <min> <max>
0	96

[block]
# block no. 6 follows, 73 sequences, length 25
# corresponding to MSA columns:
# 492-516
name=unknown_G
#
# <colnr> <probs for GDERKNQSTAVLIFYWHMCP>
#	G	D	E	R	K	N	Q	S	T	A	V	L	I	F	Y	W	H	M	C	P
0	0.83689	0.00753	0.00621	0.00576	0.03195	0.02204	0.02098	0.01113	0.00657	0.01648	0.00533	0.00628	0.00416	0.00348	0.00242	0.00116	0.00308	0.00212	0.00229	0.00414
1	0.02544	0.00807	0.01283	0.10310	0.30981	0.00946	0.06460	0.01009	0.00723	0.01075	0.00658	0.00962	0.00580	0.03168	0.00743	0.00141	0.32868	0.00344	0.03923	0.00475
2	0.00486	0.00349	0.00462	0.00502	0.00551	0.00324	0.00351	0.00596	0.00854	0.01174	0.34627	0.53394	0.02901	0.01014	0.00464	0.00139	0.00202	0.00913	0.00374	0.00324
3	0.00617	0.00455	0.00606	0.00582	0.00613	0.00534	0.00431	0.00682	0.00606	0.00891	0.01036	0.06934	0.01066	0.24331	0.23483	0.07695	0.16787	0.02046	0.10300	0.00306
4	0.01169	0.00923	0.00981	0.00811	0.01065	0.01043	0.00651	0.40859	0.44547	0.01950	0.01227	0.01161	0.00903	0.00481	0.00379	0.00120	0.00352	0.00383	0.00379	0.00615
5	0.00560	0.00408	0.00525	0.00510	0.00540	0.00444	0.00351	0.00626	0.00635	0.00886	0.12637	0.02126	0.01492	0.46255	0.24214	0.00381	0.06372	0.00510	0.00242	0.00287
6	0.00809	0.21265	0.66045	0.00972	0.01474	0.01011	0.01217	0.01173	0.00785	0.01119	0.00639	0.00749	0.00477	0.00348	0.00330	0.00110	0.00520	0.00260	0.00159	0.00538
7	0.00538	0.00369	0.00428	0.00428	0.00444	0.00372	0.00257	0.00558	0.00573	0.00762	0.01342	0.02430	0.06987	0.71994	0.10701	0.00373	0.00420	0.00547	0.00233	0.00245
8	0.00864	0.06764	0.01200	0.00961	0.00993	0.05633	0.00804	0.00950	0.00613	0.00902	0.00499	0.00798	0.00491	0.00619	0.01116	0.00155	0.75740	0.00315	0.00165	0.00417
9	0.00924	0.01443	0.42903	0.05105	0.04719	0.06115	0.13975	0.04103	0.00881	0.08659	0.02113	0.00914	0.00595	0.00378	0.00396	0.00118	0.02917	0.00323	0.00208	0.03210
10	0.03260	0.02538	0.14928	0.00997	0.02293	0.01981	0.26468	0.01153	0.07769	0.04538	0.08967	0.04844	0.03031	0.00445	0.00386	0.00113	0.00434	0.01409	0.00251	0.14196
11	0.00709	0.00667	0.01125	0.85913	0.02584	0.00834	0.01042	0.00959	0.00750	0.00959	0.00667	0.01000	0.00500	0.00375	0.00375	0.00125	0.00500	0.00333	0.00167	0.00417
12	0.01063	0.00562	0.00746	0.00638	0.00808	0.00570	0.00506	0.04246	0.06572	0.34230	0.12074	0.01572	0.01282	0.06437	0.22534	0.00261	0.04632	0.00433	0.00351	0.00483
13	0.02193	0.10094	0.38955	0.01032	0.03966	0.07838	0.09806	0.04884	0.01815	0.04841	0.02145	0.03702	0.01664	0.00418	0.00406	0.00117	0.05067	0.00335	0.00205	0.00517
14	0.00852	0.00855	0.04172	0.03385	0.44926	0.00819	0.14403	0.03223	0.06885	0.01249	0.03698	0.05741	0.06284	0.00454	0.00398	0.00120	0.00431	0.01340	0.00232	0.00532
15	0.01231	0.00539	0.00723	0.00610	0.00818	0.00475	0.00492	0.01374	0.01009	0.52390	0.14358	0.09538	0.06541	0.00652	0.00412	0.00125	0.00283	0.07481	0.00429	0.00521
16	0.00783	0.00747	0.06973	0.20561	0.11777	0.00714	0.09763	0.02520	0.04977	0.05867	0.04215	0.15167	0.02570	0.02308	0.00470	0.00134	0.03877	0.03605	0.02518	0.00453
17	0.00919	0.05713	0.31628	0.02799	0.18801	0.06114	0.09857	0.01231	0.03587	0.07988	0.04383	0.03726	0.00766	0.00405	0.00372	0.00116	0.00484	0.00357	0.00219	0.00535
18	0.00768	0.07245	0.79703	0.01043	0.01583	0.00910	0.01340	0.01184	0.00790	0.01169	0.00664	0.00780	0.00476	0.00354	0.00349	0.00116	0.00545	0.00272	0.00159	0.00550
19	0.00517	0.00363	0.00409	0.00419	0.00445	0.00349	0.00254	0.00545	0.00631	0.00822	0.03684	0.12493	0.15831	0.60004	0.01456	0.00292	0.00312	0.00652	0.00267	0.00255
20	0.02541	0.02213	0.11723	0.10644	0.28047	0.02844	0.11020	0.05782	0.04171	0.07547	0.01817	0.03663	0.02055	0.00417	0.00414	0.00120	0.03845	0.00375	0.00230	0.00533
21	0.00938	0.20003	0.28050	0.05031	0.03719	0.00960	0.04790	0.10969	0.03765	0.07096	0.03724	0.07651	0.00822	0.00449	0.00354	0.00113	0.00437	0.00368	0.00240	0.00521
22	0.00857	0.00881	0.01144	0.00984	0.00996	0.06395	0.00815	0.00940	0.00605	0.00904	0.00498	0.00812	0.00492	0.00640	0.01176	0.00160	0.80802	0.00323	0.00166	0.00412
23	0.64595	0.00798	0.03370	0.07694	0.08192	0.02463	0.01761	0.01116	0.00690	0.03222	0.00578	0.00701	0.00449	0.00361	0.00295	0.00118	0.02700	0.00239	0.00222	0.00435
24	0.00479	0.00343	0.00455	0.00522	0.00561	0.00322	0.00364	0.00562	0.00764	0.01022	0.10965	0.65416	0.06089	0.01152	0.02384	0.01717	0.00239	0.05984	0.00349	0.00311

[dist]
# distance from previous block
# <min> <max>
1	13

[block]
# block no. 7 follows, 73 sequences, length 15
# corresponding to MSA columns:
# 530-544
name=unknown_H
#
# <colnr> <probs for GDERKNQSTAVLIFYWHMCP>
#	G	D	E	R	K	N	Q	S	T	A	V	L	I	F	Y	W	H	M	C	P
0	0.00755	0.00728	0.00626	0.00605	0.00704	0.20410	0.00434	0.00872	0.05236	0.00991	0.10181	0.18189	0.11012	0.11602	0.04317	0.08906	0.00387	0.00572	0.00277	0.03196
1	0.00569	0.00431	0.00530	0.00497	0.00603	0.00416	0.00375	0.00839	0.10375	0.01470	0.68104	0.02713	0.10136	0.00753	0.00436	0.00120	0.00192	0.00659	0.00404	0.00378
2	0.00852	0.02728	0.08737	0.05489	0.03736	0.00880	0.05888	0.01581	0.49947	0.01397	0.06486	0.01425	0.04709	0.00507	0.00420	0.00126	0.03808	0.00427	0.00318	0.00538
3	0.00687	0.00442	0.00543	0.00509	0.00629	0.00409	0.00382	0.05731	0.00978	0.10302	0.33512	0.21276	0.17131	0.00820	0.00431	0.00125	0.00220	0.00714	0.03130	0.02030
4	0.00986	0.00896	0.02472	0.11177	0.06876	0.10682	0.02094	0.06150	0.34352	0.06552	0.04837	0.02391	0.00980	0.00572	0.03772	0.00141	0.03851	0.00391	0.00303	0.00525
5	0.00876	0.00910	0.01113	0.00949	0.01025	0.12852	0.06831	0.01035	0.04678	0.01006	0.05859	0.01015	0.00753	0.00704	0.05463	0.00169	0.51753	0.00356	0.02230	0.00421
6	0.00750	0.00736	0.01325	0.67282	0.07411	0.00856	0.14284	0.01009	0.00778	0.01014	0.00684	0.00998	0.00517	0.00363	0.00386	0.00124	0.00518	0.00351	0.00172	0.00442
7	0.01078	0.71045	0.01797	0.00703	0.01000	0.17212	0.00658	0.01194	0.00819	0.00889	0.00533	0.00616	0.00482	0.00333	0.00259	0.00083	0.00453	0.00208	0.00167	0.00473
8	0.00594	0.00398	0.00522	0.00483	0.00582	0.00365	0.00365	0.00770	0.01063	0.06090	0.79715	0.02718	0.03396	0.00750	0.00439	0.00118	0.00185	0.00662	0.00416	0.00370
9	0.00673	0.00375	0.00408	0.00404	0.00494	0.00383	0.00306	0.02786	0.00786	0.01314	0.01356	0.03384	0.05927	0.00825	0.12474	0.00166	0.00301	0.00399	0.66887	0.00352
10	0.03948	0.01046	0.08107	0.11949	0.22660	0.14700	0.08740	0.03238	0.06084	0.06216	0.00920	0.01117	0.03359	0.00418	0.00390	0.00117	0.02125	0.02613	0.01746	0.00508
11	0.07305	0.37284	0.16398	0.00834	0.04181	0.04762	0.02014	0.14531	0.00941	0.02787	0.00702	0.04122	0.00594	0.00395	0.00321	0.00102	0.01712	0.00287	0.00216	0.00512
12	0.89465	0.00726	0.00551	0.00493	0.00726	0.00842	0.00406	0.01103	0.00638	0.01683	0.00522	0.00609	0.00406	0.00348	0.00232	0.00116	0.00290	0.00203	0.00232	0.00406
13	0.00546	0.00364	0.00409	0.00409	0.00409	0.00364	0.00227	0.00546	0.00546	0.00727	0.01182	0.02455	0.01364	0.86815	0.01910	0.00364	0.00364	0.00546	0.00227	0.00227
14	0.36799	0.08065	0.03383	0.00649	0.00852	0.02480	0.04277	0.03112	0.08537	0.01376	0.02604	0.16193	0.00949	0.00536	0.00372	0.00121	0.05105	0.00415	0.01346	0.02829

[dist]
# distance from previous block
# <min> <max>
3	41

[block]
# block no. 8 follows, 73 sequences, length 22
# corresponding to MSA columns:
# 586-607
name=unknown_I
#
# <colnr> <probs for GDERKNQSTAVLIFYWHMCP>
#	G	D	E	R	K	N	Q	S	T	A	V	L	I	F	Y	W	H	M	C	P
0	0.05190	0.04448	0.06492	0.04391	0.21230	0.14513	0.00724	0.01073	0.00926	0.05671	0.22395	0.04090	0.04579	0.00516	0.00376	0.00112	0.00385	0.00435	0.01993	0.00461
1	0.05538	0.00626	0.00825	0.00646	0.00915	0.00558	0.00530	0.01708	0.03120	0.72092	0.08213	0.01375	0.01124	0.00485	0.00376	0.00117	0.00306	0.00395	0.00448	0.00604
2	0.01067	0.61109	0.06188	0.00734	0.01039	0.16913	0.00696	0.02615	0.04839	0.00964	0.00595	0.00669	0.00516	0.00346	0.00274	0.00088	0.00456	0.00225	0.00181	0.00485
3	0.05740	0.00654	0.00822	0.00649	0.00904	0.00614	0.00530	0.12442	0.01126	0.56120	0.10284	0.02825	0.01174	0.00501	0.00374	0.00115	0.00308	0.00407	0.03832	0.00580
4	0.00506	0.00383	0.00467	0.00446	0.00545	0.00344	0.00335	0.00660	0.01004	0.01367	0.61678	0.03029	0.26225	0.00818	0.00443	0.00120	0.00181	0.00710	0.00395	0.00344
5	0.00542	0.00364	0.00408	0.00408	0.00413	0.00362	0.00230	0.00545	0.00558	0.00739	0.01284	0.02500	0.04600	0.83465	0.01852	0.00354	0.00357	0.00555	0.00232	0.00231
6	0.00457	0.00326	0.00435	0.00522	0.00544	0.00305	0.00348	0.00522	0.00718	0.00958	0.02068	0.86570	0.02481	0.01175	0.00479	0.00152	0.00218	0.01067	0.00348	0.00305
7	0.01003	0.87041	0.01966	0.00642	0.00963	0.01485	0.00642	0.01123	0.00762	0.00883	0.00522	0.00602	0.00481	0.00321	0.00241	0.00080	0.00401	0.00201	0.00160	0.00481
8	0.00459	0.00338	0.00430	0.00497	0.00539	0.00309	0.00338	0.00535	0.00759	0.00995	0.06658	0.68636	0.15900	0.01117	0.00471	0.00146	0.00211	0.01001	0.00352	0.00309
9	0.00778	0.00667	0.00778	0.00556	0.00889	0.00500	0.00445	0.00945	0.00778	0.01223	0.00667	0.00778	0.00556	0.00278	0.00278	0.00056	0.00278	0.00222	0.00222	0.89108
10	0.01451	0.00763	0.00940	0.00767	0.03226	0.02092	0.00611	0.22631	0.01193	0.48068	0.01309	0.01224	0.04062	0.00487	0.00434	0.00118	0.06313	0.00376	0.03338	0.00596
11	0.00778	0.00667	0.00778	0.00556	0.00889	0.00500	0.00445	0.00945	0.00778	0.01223	0.00667	0.00778	0.00556	0.00278	0.00278	0.00056	0.00278	0.00222	0.00222	0.89108
12	0.00674	0.04102	0.00607	0.00530	0.00555	0.00395	0.02930	0.00539	0.00513	0.00679	0.00649	0.01113	0.00642	0.01230	0.01381	0.82448	0.00339	0.00324	0.00164	0.00187
13	0.00800	0.21178	0.28929	0.00858	0.01181	0.02263	0.08177	0.05079	0.03821	0.01129	0.01029	0.21892	0.01011	0.00557	0.00369	0.00118	0.00429	0.00476	0.00228	0.00475
14	0.01615	0.00629	0.00848	0.00657	0.00935	0.00550	0.00540	0.01782	0.02893	0.78801	0.03222	0.01315	0.00990	0.00471	0.00376	0.00116	0.00312	0.00384	0.02944	0.00623
15	0.00465	0.00368	0.00418	0.00432	0.00526	0.00322	0.00314	0.00570	0.00866	0.01102	0.19936	0.22451	0.48977	0.00964	0.00451	0.00131	0.00194	0.00831	0.00362	0.00322
16	0.13039	0.08840	0.03661	0.02922	0.09791	0.00755	0.00606	0.03878	0.00795	0.02766	0.00652	0.00775	0.00535	0.00329	0.00332	0.00084	0.04295	0.00246	0.00218	0.45482
17	0.00857	0.00850	0.02782	0.00899	0.00946	0.07495	0.00741	0.03241	0.00665	0.03022	0.00648	0.02203	0.00629	0.06789	0.07432	0.00202	0.59651	0.00353	0.00189	0.00407
18	0.01100	0.00524	0.00686	0.00612	0.00782	0.00481	0.00468	0.05413	0.02933	0.40841	0.01746	0.38195	0.03031	0.00781	0.00422	0.00132	0.00277	0.00682	0.00406	0.00487
19	0.02358	0.12770	0.02473	0.01021	0.20281	0.00813	0.00672	0.08443	0.11790	0.07720	0.16612	0.03408	0.01292	0.02138	0.00472	0.06197	0.00341	0.00413	0.00292	0.00494
20	0.00977	0.07436	0.01342	0.23047	0.21285	0.06383	0.09962	0.11359	0.00961	0.05056	0.03780	0.01008	0.00689	0.00390	0.00383	0.00114	0.01997	0.00345	0.02979	0.00508
21	0.01179	0.00730	0.03578	0.04298	0.00994	0.03942	0.02226	0.12660	0.04720	0.33844	0.24535	0.01595	0.01567	0.00539	0.00408	0.00117	0.01696	0.00449	0.00391	0.00530

[dist]
# distance from previous block
# <min> <max>
6	46

[block]
# block no. 9 follows, 73 sequences, length 20
# corresponding to MSA columns:
# 662-681
name=unknown_J
#
# <colnr> <probs for GDERKNQSTAVLIFYWHMCP>
#	G	D	E	R	K	N	Q	S	T	A	V	L	I	F	Y	W	H	M	C	P
0	0.00468	0.00363	0.00417	0.00446	0.00523	0.00323	0.00316	0.00555	0.00803	0.01017	0.09753	0.30719	0.41739	0.07849	0.00574	0.00155	0.00216	0.03112	0.00344	0.00310
1	0.00690	0.00351	0.00358	0.00356	0.00444	0.00350	0.00267	0.00865	0.00801	0.01404	0.05612	0.01473	0.01098	0.00455	0.00272	0.00089	0.00175	0.00367	0.84222	0.00350
2	0.01072	0.00761	0.00803	0.00668	0.00877	0.00839	0.00535	0.37440	0.19716	0.01863	0.01149	0.01179	0.00860	0.00459	0.00339	0.00107	0.00307	0.00361	0.30134	0.00531
3	0.00546	0.00364	0.00409	0.00409	0.00409	0.00364	0.00227	0.00546	0.00546	0.00727	0.01182	0.02455	0.01364	0.86815	0.01910	0.00364	0.00364	0.00546	0.00227	0.00227
4	0.01426	0.01051	0.01126	0.00863	0.01163	0.01163	0.00713	0.83224	0.01764	0.02364	0.00901	0.00901	0.00638	0.00450	0.00375	0.00113	0.00413	0.00338	0.00375	0.00638
5	0.00778	0.00667	0.00778	0.00556	0.00889	0.00500	0.00445	0.00945	0.00778	0.01223	0.00667	0.00778	0.00556	0.00278	0.00278	0.00056	0.00278	0.00222	0.00222	0.89108
6	0.00699	0.00350	0.00350	0.00350	0.00437	0.00350	0.00262	0.00874	0.00787	0.01399	0.01224	0.01399	0.00962	0.00437	0.00262	0.00087	0.00175	0.00350	0.88898	0.00350
7	0.00454	0.00373	0.00396	0.00412	0.00517	0.00320	0.00302	0.00544	0.00825	0.00999	0.03399	0.15937	0.66826	0.03883	0.00500	0.00140	0.00205	0.03312	0.00344	0.00313
8	0.00752	0.01941	0.84871	0.01069	0.01624	0.00871	0.01386	0.01188	0.00792	0.01188	0.00673	0.00792	0.00475	0.00356	0.00356	0.00119	0.00554	0.00277	0.00158	0.00554
9	0.00886	0.01012	0.02214	0.01581	0.01961	0.00949	0.83112	0.01202	0.00886	0.01202	0.00759	0.01012	0.00569	0.00316	0.00443	0.00127	0.00633	0.00443	0.00190	0.00506
10	0.00654	0.00448	0.00563	0.00510	0.00627	0.00427	0.00390	0.05811	0.03125	0.05996	0.69908	0.02599	0.06016	0.00732	0.00433	0.00118	0.00202	0.00639	0.00410	0.00391
11	0.00858	0.15114	0.04774	0.01199	0.01517	0.00948	0.48412	0.02861	0.04948	0.01180	0.03724	0.07531	0.00891	0.00440	0.00408	0.00122	0.00512	0.03855	0.00223	0.00484
12	0.00814	0.00762	0.01301	0.49475	0.29957	0.00863	0.04562	0.01050	0.00791	0.02803	0.00695	0.00976	0.00543	0.00371	0.00407	0.00122	0.03505	0.00339	0.00180	0.00485
13	0.01003	0.00774	0.00837	0.00736	0.00951	0.00870	0.00577	0.07104	0.64950	0.08813	0.05825	0.01431	0.01215	0.00513	0.00381	0.00124	0.00297	0.00426	0.02591	0.00582
14	0.00631	0.00375	0.00422	0.00417	0.00515	0.00348	0.00310	0.00774	0.00863	0.05404	0.18404	0.12113	0.19785	0.00702	0.00369	0.00111	0.00191	0.00596	0.37320	0.00352
15	0.02851	0.04450	0.26314	0.04189	0.02781	0.00889	0.12295	0.16925	0.07335	0.04404	0.01008	0.09137	0.01972	0.00485	0.00399	0.00123	0.01912	0.01746	0.00259	0.00526
16	0.03461	0.02209	0.05476	0.00778	0.06296	0.01710	0.00614	0.04999	0.09751	0.45459	0.09407	0.02500	0.01145	0.00486	0.00373	0.00116	0.00326	0.00401	0.03925	0.00572
17	0.00486	0.00346	0.00465	0.00550	0.00582	0.00329	0.00391	0.00569	0.00740	0.00981	0.02029	0.69479	0.02393	0.03461	0.00525	0.00162	0.00245	0.15613	0.00344	0.00310
18	0.02794	0.02458	0.18928	0.28344	0.01654	0.05937	0.04514	0.05341	0.05538	0.12532	0.02222	0.04030	0.03199	0.00442	0.00374	0.00120	0.00458	0.00371	0.00247	0.00495
19	0.02640	0.08553	0.18840	0.04210	0.17438	0.00899	0.15360	0.07261	0.03356	0.14346	0.00881	0.03054	0.00667	0.00391	0.00371	0.00116	0.00464	0.00355	0.00246	0.00554

[dist]
# distance from previous block
# <min> <max>
0	2

[block]
# block no. 10 follows, 73 sequences, length 23
# corresponding to MSA columns:
# 684-706
name=unknown_K
#
# <colnr> <probs for GDERKNQSTAVLIFYWHMCP>
#	G	D	E	R	K	N	Q	S	T	A	V	L	I	F	Y	W	H	M	C	P
0	0.00832	0.00797	0.08054	0.03873	0.05888	0.07443	0.03012	0.03330	0.00797	0.08777	0.01178	0.26994	0.01190	0.00823	0.05504	0.00163	0.17102	0.00555	0.03261	0.00428
1	0.78142	0.03410	0.00647	0.03838	0.00827	0.00870	0.00454	0.04525	0.00701	0.03048	0.00560	0.00648	0.00431	0.00355	0.00246	0.00115	0.00307	0.00217	0.00237	0.00423
2	0.00591	0.00349	0.00437	0.00437	0.00440	0.00349	0.00266	0.00537	0.00534	0.00725	0.00985	0.01921	0.01081	0.51402	0.01679	0.33610	0.00342	0.00456	0.03652	0.00208
3	0.04873	0.00714	0.04976	0.00742	0.04884	0.02809	0.04208	0.10447	0.15954	0.01422	0.17164	0.08214	0.15480	0.01447	0.00418	0.00126	0.00307	0.02891	0.02475	0.00451
4	0.04994	0.35167	0.30398	0.00834	0.01214	0.05164	0.01835	0.08427	0.00876	0.03969	0.00654	0.00745	0.00515	0.00407	0.01969	0.00112	0.01751	0.00256	0.00195	0.00517
5	0.00465	0.00376	0.00409	0.00410	0.00518	0.00324	0.00302	0.00572	0.00880	0.01103	0.19966	0.09461	0.60066	0.02880	0.00479	0.00132	0.00193	0.00783	0.00359	0.00321
6	0.00996	0.05887	0.27147	0.01024	0.05824	0.06372	0.08766	0.21466	0.09148	0.01497	0.04592	0.01053	0.02790	0.00423	0.00370	0.00115	0.00466	0.00350	0.01167	0.00548
7	0.00814	0.00683	0.00749	0.00726	0.00886	0.03924	0.00589	0.03507	0.42461	0.01388	0.05868	0.02511	0.02895	0.00718	0.00434	0.00142	0.00325	0.30538	0.00362	0.00481
8	0.00536	0.00397	0.00527	0.00521	0.00596	0.00381	0.02434	0.01454	0.01823	0.01184	0.33563	0.23333	0.09306	0.10224	0.06682	0.00190	0.00289	0.04116	0.02110	0.00333
9	0.00764	0.04366	0.80527	0.01086	0.03551	0.00889	0.01359	0.01185	0.00793	0.01180	0.00670	0.00790	0.00478	0.00355	0.00353	0.00118	0.00548	0.00276	0.00159	0.00553
10	0.00606	0.00430	0.00497	0.00480	0.00586	0.00420	0.00362	0.03825	0.07670	0.01368	0.34155	0.11536	0.16959	0.00754	0.00407	0.00119	0.00205	0.02250	0.16999	0.00371
11	0.00753	0.02645	0.00821	0.00705	0.00846	0.02515	0.11348	0.07566	0.00899	0.09472	0.06147	0.45091	0.07936	0.00854	0.00442	0.00135	0.00310	0.00775	0.00336	0.00403
12	0.08933	0.00798	0.04302	0.03308	0.01108	0.06895	0.17227	0.01018	0.00817	0.07298	0.06193	0.14011	0.04717	0.00622	0.02530	0.00135	0.09373	0.01318	0.00259	0.09138
13	0.00765	0.00774	0.04529	0.51901	0.15877	0.00836	0.07932	0.01047	0.03914	0.01084	0.03902	0.01069	0.00670	0.00389	0.00395	0.00122	0.02018	0.00357	0.01957	0.00462
14	0.00820	0.02962	0.13621	0.18236	0.08221	0.02265	0.14014	0.04676	0.08892	0.01257	0.09437	0.01996	0.00923	0.00412	0.00377	0.00113	0.00440	0.00377	0.00234	0.10727
15	0.00634	0.03805	0.00720	0.00676	0.03973	0.02741	0.00499	0.00723	0.00693	0.00949	0.05904	0.10186	0.13378	0.04748	0.23837	0.07278	0.15603	0.00512	0.02797	0.00345
16	0.00965	0.08783	0.35320	0.02875	0.06544	0.18592	0.02591	0.04369	0.02299	0.03169	0.02877	0.00913	0.02181	0.00405	0.00394	0.00112	0.04896	0.00302	0.01905	0.00507
17	0.00725	0.00496	0.00601	0.00532	0.00672	0.00475	0.00411	0.10306	0.03286	0.07752	0.53013	0.04579	0.12065	0.00720	0.00425	0.00118	0.00223	0.00622	0.00398	0.02581
18	0.00794	0.00736	0.01177	0.40624	0.19207	0.03222	0.06498	0.02340	0.00835	0.03055	0.08247	0.02902	0.03064	0.00488	0.02002	0.00131	0.03608	0.00398	0.00214	0.00457
19	0.00907	0.00816	0.01115	0.29280	0.11476	0.04233	0.05099	0.08187	0.24250	0.02961	0.00978	0.02261	0.00759	0.00520	0.03515	0.00141	0.02358	0.00375	0.00259	0.00511
20	0.00781	0.03093	0.21517	0.12599	0.02771	0.00719	0.10769	0.04944	0.02747	0.05694	0.11730	0.03708	0.10660	0.00533	0.00398	0.00122	0.00413	0.03847	0.00263	0.02694
21	0.02910	0.00867	0.02837	0.18105	0.06172	0.09918	0.03956	0.11702	0.07549	0.04334	0.01036	0.01473	0.02787	0.02999	0.00483	0.00131	0.05820	0.10871	0.00260	0.05791
22	0.03822	0.00457	0.01350	0.03951	0.01875	0.00443	0.03324	0.00723	0.02066	0.01169	0.21779	0.28831	0.08799	0.02614	0.02803	0.00153	0.01762	0.09578	0.01923	0.02579

[dist]
# distance from previous block
# <min> <max>
6	211

[block]
# block no. 11 follows, 73 sequences, length 25
# corresponding to MSA columns:
# 943-967
name=unknown_L
#
# <colnr> <probs for GDERKNQSTAVLIFYWHMCP>
#	G	D	E	R	K	N	Q	S	T	A	V	L	I	F	Y	W	H	M	C	P
0	0.00706	0.00591	0.00748	0.09556	0.10908	0.03849	0.01476	0.03006	0.10861	0.01073	0.01355	0.12967	0.06236	0.21372	0.06947	0.00216	0.00401	0.01558	0.05785	0.00390
1	0.00704	0.02989	0.07898	0.20395	0.09610	0.04379	0.05593	0.02209	0.02939	0.01110	0.08979	0.21366	0.06992	0.00648	0.00411	0.00128	0.00385	0.02582	0.00261	0.00421
2	0.00939	0.00671	0.00762	0.00658	0.00846	0.00714	0.00520	0.19305	0.24408	0.08901	0.23481	0.02894	0.07139	0.00683	0.03213	0.00137	0.00307	0.02003	0.01916	0.00505
3	0.17355	0.00734	0.00812	0.00685	0.00882	0.00821	0.00554	0.14678	0.16833	0.15723	0.06689	0.01275	0.04897	0.00516	0.00464	0.00123	0.11429	0.00380	0.04640	0.00509
4	0.02828	0.00715	0.00977	0.15425	0.21400	0.02094	0.00753	0.04153	0.20663	0.03386	0.12658	0.04898	0.02360	0.01920	0.00418	0.00127	0.00360	0.04078	0.00292	0.00495
5	0.01717	0.00670	0.00779	0.00622	0.00854	0.01830	0.00495	0.10543	0.04755	0.08173	0.09101	0.04105	0.04258	0.02715	0.02311	0.00112	0.05894	0.01233	0.01985	0.37847
6	0.00826	0.03272	0.27832	0.00768	0.01097	0.00661	0.00796	0.05701	0.00880	0.07840	0.04262	0.05261	0.01037	0.00569	0.02244	0.00123	0.00402	0.13920	0.00261	0.22248
7	0.03389	0.00797	0.01067	0.11040	0.17675	0.04912	0.04238	0.13398	0.01871	0.06756	0.02620	0.07325	0.00821	0.00619	0.06302	0.00146	0.04163	0.00386	0.00256	0.12221
8	0.00938	0.12578	0.48264	0.00963	0.01397	0.04943	0.02904	0.14917	0.05787	0.01354	0.00760	0.00877	0.00572	0.00388	0.00350	0.00113	0.00500	0.01629	0.00213	0.00551
9	0.00752	0.00517	0.00699	0.02663	0.00828	0.00503	0.05450	0.01014	0.11871	0.12798	0.08894	0.18539	0.17821	0.00815	0.00444	0.00138	0.00288	0.15187	0.00360	0.00418
10	0.00922	0.00741	0.01091	0.09520	0.28586	0.00721	0.02620	0.07538	0.02903	0.08541	0.10149	0.01166	0.00959	0.00460	0.02473	0.00114	0.00384	0.00358	0.00262	0.20491
11	0.51910	0.00813	0.00730	0.00626	0.00867	0.02462	0.00509	0.16297	0.15914	0.04292	0.00822	0.00874	0.00622	0.00409	0.00295	0.00118	0.00323	0.01334	0.00293	0.00489
12	0.00830	0.00820	0.01126	0.00968	0.00984	0.01132	0.00803	0.00988	0.07099	0.00955	0.00574	0.00866	0.00544	0.00645	0.01165	0.00161	0.79399	0.00336	0.00181	0.00425
13	0.00992	0.00793	0.00850	0.00756	0.00974	0.00903	0.00591	0.01981	0.77312	0.08089	0.01523	0.01390	0.01128	0.00506	0.00381	0.00126	0.00299	0.00420	0.00388	0.00597
14	0.51882	0.00864	0.00797	0.00651	0.00912	0.00979	0.00537	0.36160	0.01119	0.01974	0.00684	0.00734	0.00505	0.00392	0.00293	0.00115	0.00343	0.00261	0.00293	0.00505
