[name]
unknown

[dist]
# distance from previous block
# <min> <max>
0	122

[block]
# block no. 0 follows, 74 sequences, length 22
# corresponding to MSA columns:
# 139-160
name=unknown_A
#
# <colnr> <probs for GDERKNQSTAVLIFYWHMCP>
#	G	D	E	R	K	N	Q	S	T	A	V	L	I	F	Y	W	H	M	C	P
0	0.07953	0.06042	0.06590	0.06733	0.01081	0.03391	0.01946	0.13869	0.04966	0.16506	0.02199	0.07070	0.00984	0.00574	0.01813	0.00128	0.02597	0.09834	0.00305	0.05420
1	0.00978	0.02425	0.05199	0.00715	0.00925	0.10146	0.02872	0.07848	0.10001	0.15814	0.05631	0.16369	0.02331	0.00693	0.03796	0.00137	0.00381	0.04788	0.00321	0.08629
2	0.03601	0.00962	0.01008	0.00808	0.01068	0.03145	0.00655	0.60755	0.14511	0.02067	0.01050	0.06831	0.00825	0.00500	0.00375	0.00116	0.00381	0.00391	0.00362	0.00591
3	0.00465	0.00346	0.00435	0.00495	0.00547	0.00316	0.00349	0.00551	0.00774	0.01009	0.08252	0.57279	0.20101	0.01077	0.00466	0.00144	0.00215	0.06521	0.00349	0.00310
4	0.00724	0.00703	0.01249	0.69873	0.05121	0.00827	0.11802	0.00974	0.00762	0.00989	0.00711	0.03347	0.00561	0.00384	0.00383	0.00124	0.00503	0.00364	0.00173	0.00427
5	0.00886	0.37983	0.25205	0.00818	0.01163	0.05189	0.06728	0.01133	0.03911	0.02322	0.00805	0.00999	0.03427	0.06302	0.00421	0.00119	0.00454	0.01469	0.00188	0.00478
6	0.00873	0.00690	0.01080	0.47294	0.13323	0.00788	0.00911	0.06686	0.00864	0.10190	0.00909	0.03050	0.00751	0.00464	0.00413	0.00126	0.03165	0.07724	0.00233	0.00466
7	0.00853	0.00957	0.02068	0.01485	0.01835	0.00899	0.77605	0.01145	0.00853	0.01157	0.00780	0.01099	0.00617	0.06244	0.00537	0.00141	0.00608	0.00445	0.00190	0.00482
8	0.00592	0.00462	0.00503	0.00484	0.00618	0.00442	0.00365	0.00876	0.16765	0.04540	0.11780	0.11305	0.48204	0.00840	0.00428	0.00127	0.00215	0.00712	0.00363	0.00381
9	0.06576	0.08395	0.02327	0.06129	0.02377	0.13510	0.04068	0.06643	0.04020	0.24161	0.12217	0.03562	0.01096	0.00479	0.00384	0.00113	0.02752	0.00382	0.00313	0.00498
10	0.01494	0.00747	0.00912	0.00709	0.00985	0.00730	0.00582	0.27716	0.02671	0.51869	0.01393	0.03003	0.04442	0.00491	0.00378	0.00115	0.00337	0.00393	0.00423	0.00610
11	0.00447	0.00343	0.00410	0.00463	0.00524	0.00306	0.00321	0.00523	0.00762	0.00968	0.02696	0.55207	0.33542	0.01078	0.00460	0.00141	0.00205	0.00952	0.00345	0.00306
12	0.00776	0.00943	0.15209	0.10840	0.35520	0.03431	0.05576	0.01005	0.00817	0.01127	0.04009	0.15523	0.02602	0.00507	0.00390	0.00121	0.00430	0.00468	0.00216	0.00490
13	0.00937	0.00857	0.01416	0.22001	0.25032	0.00914	0.18002	0.13243	0.06369	0.03098	0.00808	0.02017	0.00629	0.00386	0.00407	0.00120	0.02642	0.00369	0.00227	0.00527
14	0.00542	0.00396	0.00528	0.00597	0.00674	0.00382	0.00491	0.00680	0.00830	0.01076	0.05530	0.21773	0.13508	0.01033	0.00491	0.00158	0.00287	0.50349	0.00345	0.00330
15	0.00453	0.00327	0.00427	0.00506	0.00533	0.00304	0.00338	0.00518	0.00715	0.00945	0.02125	0.79923	0.07203	0.03136	0.00505	0.00154	0.00217	0.01027	0.00342	0.00300
16	0.01231	0.01488	0.00974	0.00887	0.01048	0.65647	0.00668	0.03922	0.00993	0.00956	0.02087	0.02565	0.00683	0.06229	0.02095	0.00130	0.05228	0.02548	0.00208	0.00414
17	0.00478	0.00335	0.00430	0.00495	0.00514	0.00320	0.00324	0.00531	0.00674	0.00898	0.01833	0.63800	0.02180	0.21717	0.00814	0.00202	0.00254	0.03599	0.00316	0.00284
18	0.04919	0.01698	0.01034	0.00934	0.01130	0.78773	0.00704	0.04676	0.01062	0.00995	0.00584	0.00675	0.00481	0.00383	0.00332	0.00097	0.00644	0.00241	0.00200	0.00437
19	0.01009	0.03102	0.08888	0.01127	0.08760	0.13525	0.20512	0.04310	0.05725	0.09944	0.09510	0.01125	0.00913	0.00441	0.00472	0.00119	0.09388	0.00379	0.00251	0.00500
20	0.00872	0.11403	0.11958	0.00707	0.01040	0.00733	0.04791	0.06652	0.03390	0.05334	0.02192	0.04812	0.00710	0.00369	0.00315	0.00084	0.00350	0.00303	0.00238	0.43749
21	0.03281	0.00739	0.04379	0.00785	0.02535	0.03807	0.12297	0.07093	0.06013	0.02294	0.14519	0.08294	0.14748	0.00600	0.00456	0.00118	0.06716	0.00513	0.00290	0.10522

[dist]
# distance from previous block
# <min> <max>
6	44

[block]
# block no. 1 follows, 74 sequences, length 29
# corresponding to MSA columns:
# 205-233
name=unknown_B
#
# <colnr> <probs for GDERKNQSTAVLIFYWHMCP>
#	G	D	E	R	K	N	Q	S	T	A	V	L	I	F	Y	W	H	M	C	P
0	0.00603	0.00537	0.03874	0.00592	0.02290	0.00477	0.04398	0.04567	0.07191	0.01358	0.42035	0.04094	0.25069	0.00737	0.00427	0.00120	0.00240	0.00642	0.00361	0.00389
1	0.00645	0.00322	0.00484	0.00484	0.00484	0.00322	0.00322	0.00484	0.00484	0.00645	0.00645	0.01128	0.00645	0.01289	0.01451	0.89201	0.00322	0.00322	0.00161	0.00161
2	0.00919	0.00882	0.01507	0.02278	0.84640	0.00882	0.01139	0.01139	0.00845	0.01213	0.00698	0.00919	0.00588	0.00331	0.00367	0.00110	0.00441	0.00331	0.00184	0.00588
3	0.00531	0.00382	0.00480	0.00457	0.00553	0.00346	0.00342	0.00686	0.00999	0.03172	0.64503	0.06765	0.17796	0.00803	0.00438	0.00120	0.00182	0.00703	0.00395	0.00347
4	0.00452	0.00323	0.00431	0.00517	0.00538	0.00301	0.00345	0.00517	0.00711	0.00948	0.02046	0.86713	0.02455	0.01163	0.00474	0.00151	0.00215	0.01055	0.00345	0.00301
5	0.00490	0.00376	0.00432	0.00418	0.00524	0.00332	0.00314	0.00625	0.00941	0.01249	0.42072	0.03108	0.42747	0.00834	0.00431	0.00120	0.00181	0.00713	0.03760	0.00332
6	0.00512	0.00367	0.00499	0.00532	0.00571	0.00384	0.00380	0.00597	0.00648	0.00889	0.03445	0.28941	0.01649	0.20661	0.32325	0.00363	0.00544	0.06128	0.00265	0.00300
7	0.00992	0.87178	0.01945	0.00635	0.00953	0.01469	0.00635	0.01111	0.00754	0.00873	0.00516	0.00595	0.00476	0.00318	0.00238	0.00079	0.00397	0.00198	0.00159	0.00476
8	0.00992	0.12662	0.03355	0.28529	0.13260	0.10690	0.04758	0.06374	0.03297	0.08786	0.00823	0.02138	0.01970	0.00393	0.00354	0.00111	0.00465	0.00330	0.00222	0.00491
9	0.00738	0.00561	0.02840	0.08453	0.10951	0.00535	0.05771	0.00898	0.01986	0.10054	0.11258	0.18875	0.01532	0.13582	0.05290	0.00187	0.00375	0.02892	0.02821	0.00402
10	0.56049	0.00802	0.00727	0.00610	0.00858	0.00909	0.00500	0.21826	0.08285	0.05239	0.00737	0.00771	0.00545	0.00389	0.00284	0.00115	0.00319	0.00261	0.00288	0.00485
11	0.00852	0.00859	0.01571	0.22167	0.08834	0.00896	0.37910	0.03429	0.14886	0.01222	0.00888	0.01136	0.00687	0.00383	0.00406	0.00124	0.00509	0.02519	0.00223	0.00500
12	0.03421	0.63608	0.03886	0.00661	0.00973	0.03355	0.00637	0.03473	0.00838	0.15122	0.00692	0.00723	0.00553	0.00348	0.00270	0.00089	0.00392	0.00235	0.00218	0.00506
13	0.00493	0.00401	0.00440	0.00426	0.00544	0.00360	0.00321	0.00667	0.05698	0.01184	0.28402	0.03201	0.54822	0.00859	0.00435	0.00123	0.00190	0.00728	0.00366	0.00340
14	0.00458	0.00367	0.00394	0.00405	0.00509	0.00316	0.00297	0.00557	0.00840	0.01050	0.10325	0.16508	0.61428	0.00940	0.00437	0.00127	0.00191	0.00800	0.03735	0.00316
15	0.01422	0.00983	0.01074	0.00828	0.01120	0.01071	0.00682	0.70717	0.04834	0.11969	0.00982	0.00954	0.00684	0.00449	0.00372	0.00112	0.00393	0.00342	0.00382	0.00630
16	0.01046	0.00823	0.00909	0.00703	0.00990	0.00821	0.00567	0.35500	0.12923	0.01728	0.02495	0.03319	0.00774	0.00412	0.00338	0.00092	0.00330	0.00327	0.00312	0.35591
17	0.00534	0.00395	0.00493	0.00501	0.00579	0.00376	0.00362	0.03700	0.03649	0.01265	0.38899	0.35103	0.10917	0.00913	0.00447	0.00131	0.00204	0.00810	0.00375	0.00346
18	0.00502	0.00348	0.00452	0.00516	0.00561	0.00323	0.00361	0.00580	0.00747	0.03289	0.04132	0.64244	0.10249	0.04407	0.00525	0.00156	0.00231	0.07721	0.00344	0.00313
19	0.00965	0.00807	0.01106	0.45204	0.01877	0.00931	0.02903	0.29014	0.06977	0.01481	0.00801	0.00975	0.00590	0.00400	0.00369	0.00117	0.00445	0.00335	0.00253	0.04451
20	0.00516	0.00379	0.00484	0.00457	0.00549	0.00346	0.00343	0.00683	0.01029	0.01437	0.75945	0.02857	0.12034	0.00778	0.00438	0.00118	0.00176	0.00683	0.00402	0.00346
21	0.01125	0.01165	0.01393	0.06220	0.28241	0.26352	0.14722	0.10711	0.01018	0.04456	0.00719	0.00872	0.00563	0.00364	0.00370	0.00109	0.00535	0.00323	0.00218	0.00523
22	0.00923	0.52739	0.28484	0.00825	0.01214	0.04457	0.04636	0.01150	0.00781	0.00986	0.00577	0.00677	0.00478	0.00331	0.00288	0.00094	0.00466	0.00235	0.00161	0.00499
23	0.00452	0.00323	0.00431	0.00517	0.00538	0.00301	0.00345	0.00517	0.00711	0.00948	0.02046	0.86713	0.02455	0.01163	0.00474	0.00151	0.00215	0.01055	0.00345	0.00301
24	0.00655	0.00598	0.00994	0.63110	0.04364	0.00712	0.02496	0.00863	0.00741	0.00960	0.00970	0.20008	0.00934	0.00545	0.00395	0.00129	0.00434	0.00493	0.00206	0.00394
25	0.01019	0.21399	0.23235	0.04466	0.17624	0.05347	0.00945	0.10394	0.03335	0.07778	0.00744	0.00835	0.00568	0.00365	0.00333	0.00106	0.00455	0.00287	0.00219	0.00545
26	0.00799	0.00540	0.00667	0.00640	0.00749	0.03633	0.01911	0.08379	0.02119	0.09725	0.04099	0.21907	0.01559	0.02021	0.03850	0.08228	0.03464	0.19117	0.06209	0.00383
27	0.86909	0.00750	0.00561	0.00502	0.00731	0.03393	0.00412	0.01103	0.00644	0.01642	0.00519	0.00605	0.00404	0.00346	0.00233	0.00114	0.00299	0.00202	0.00229	0.00403
28	0.00509	0.00384	0.00479	0.01740	0.00576	0.00350	0.00349	0.00666	0.00994	0.01359	0.62697	0.02960	0.22410	0.00801	0.00438	0.00120	0.00186	0.02249	0.00389	0.00342

[dist]
# distance from previous block
# <min> <max>
0	1

[block]
# block no. 2 follows, 74 sequences, length 8
# corresponding to MSA columns:
# 235-238,247-250
name=unknown_C
#
# <colnr> <probs for GDERKNQSTAVLIFYWHMCP>
#	G	D	E	R	K	N	Q	S	T	A	V	L	I	F	Y	W	H	M	C	P
0	0.00963	0.00817	0.00862	0.00763	0.00980	0.00942	0.00597	0.08643	0.77234	0.01617	0.01460	0.01344	0.01092	0.00499	0.00377	0.00125	0.00303	0.00413	0.00377	0.00591
1	0.00498	0.00364	0.00475	0.00529	0.00589	0.00341	0.00396	0.00612	0.00826	0.01099	0.18766	0.42112	0.11646	0.01026	0.00471	0.00146	0.00233	0.19192	0.00357	0.00322
2	0.00781	0.00764	0.01068	0.00923	0.00928	0.01057	0.00762	0.00862	0.00569	0.00883	0.00552	0.00930	0.00556	0.04940	0.06530	0.00199	0.76794	0.00340	0.00168	0.00393
3	0.00720	0.00516	0.00660	0.07609	0.00872	0.00539	0.00517	0.09991	0.07608	0.05639	0.11042	0.25605	0.04704	0.03063	0.04370	0.00165	0.00328	0.15314	0.00339	0.00400
4	0.00842	0.00831	0.01021	0.00878	0.01022	0.14829	0.15420	0.10267	0.00901	0.01140	0.01240	0.34306	0.01324	0.00731	0.00527	0.00134	0.11142	0.02765	0.00271	0.00410
5	0.00446	0.00349	0.00404	0.00448	0.00520	0.00307	0.00314	0.00525	0.00777	0.00975	0.02885	0.46012	0.42614	0.01054	0.00457	0.00138	0.00202	0.00922	0.00345	0.00307
6	0.08173	0.04317	0.01125	0.02879	0.07460	0.08814	0.03701	0.04240	0.06349	0.04977	0.00701	0.03222	0.00613	0.00532	0.00757	0.00136	0.40999	0.00336	0.00214	0.00457
7	0.11739	0.00927	0.01162	0.00885	0.01182	0.00984	0.13016	0.46689	0.03842	0.14472	0.00931	0.00944	0.00652	0.00418	0.00365	0.00115	0.00409	0.00342	0.00341	0.00583

[dist]
# distance from previous block
# <min> <max>
0	1

[block]
# block no. 3 follows, 74 sequences, length 31
# corresponding to MSA columns:
# 252-282
name=unknown_D
#
# <colnr> <probs for GDERKNQSTAVLIFYWHMCP>
#	G	D	E	R	K	N	Q	S	T	A	V	L	I	F	Y	W	H	M	C	P
0	0.01023	0.33037	0.04582	0.04299	0.12381	0.09325	0.07370	0.05298	0.02124	0.07227	0.01801	0.03260	0.00659	0.01757	0.00364	0.00105	0.02076	0.00309	0.00215	0.02788
1	0.00701	0.00660	0.01113	0.86063	0.02556	0.00825	0.01031	0.00948	0.00742	0.00948	0.00660	0.00990	0.00495	0.00371	0.00371	0.00124	0.00495	0.00330	0.00165	0.00412
2	0.00976	0.31261	0.05299	0.00752	0.01011	0.02661	0.03826	0.06576	0.02589	0.07925	0.00705	0.00824	0.00580	0.00508	0.04422	0.00123	0.14263	0.00275	0.01304	0.14120
3	0.00960	0.00736	0.00825	0.00610	0.00923	0.03341	0.00491	0.11557	0.00936	0.10181	0.00831	0.00888	0.02197	0.00332	0.00303	0.00071	0.00307	0.00262	0.00266	0.63984
4	0.00449	0.00359	0.00399	0.00426	0.00513	0.00312	0.00303	0.00534	0.00802	0.00996	0.06071	0.30508	0.52911	0.03080	0.00485	0.00139	0.00201	0.00862	0.00344	0.00309
5	0.00843	0.00700	0.00794	0.00579	0.00900	0.02337	0.00463	0.04035	0.03163	0.04296	0.00720	0.00807	0.00581	0.00297	0.00286	0.00062	0.00290	0.00236	0.00238	0.78372
6	0.00970	0.79370	0.09555	0.00674	0.01013	0.01413	0.00703	0.01117	0.00757	0.00901	0.00530	0.00613	0.00476	0.00321	0.00249	0.00083	0.00411	0.00205	0.00159	0.00483
7	0.00541	0.00396	0.00509	0.00478	0.00570	0.00372	0.00359	0.00750	0.04264	0.01491	0.81230	0.02719	0.03410	0.00749	0.00435	0.00117	0.00180	0.00662	0.00407	0.00359
8	0.00809	0.02616	0.00806	0.00561	0.00889	0.00533	0.00453	0.02889	0.00799	0.03071	0.00680	0.00779	0.00558	0.00284	0.00278	0.00058	0.00282	0.00225	0.00227	0.83200
9	0.01329	0.00557	0.00754	0.00603	0.00832	0.00488	0.00488	0.01482	0.01059	0.60303	0.25932	0.01708	0.01681	0.00548	0.00392	0.00115	0.00274	0.00461	0.00444	0.00549
10	0.00481	0.00376	0.00437	0.00431	0.00533	0.00332	0.00323	0.00611	0.00928	0.01214	0.38801	0.07952	0.42457	0.00876	0.00442	0.00124	0.00188	0.02791	0.00372	0.00329
11	0.00530	0.00398	0.00597	0.00597	0.00663	0.00464	0.00464	0.00663	0.00597	0.00862	0.00994	0.01458	0.00928	0.02784	0.85484	0.00597	0.00994	0.00398	0.00199	0.00331
12	0.00518	0.00351	0.00411	0.00433	0.00438	0.00345	0.00255	0.00534	0.00582	0.00776	0.01387	0.23389	0.01624	0.65620	0.01537	0.00308	0.00324	0.00668	0.00255	0.00244
13	0.00535	0.00369	0.00454	0.00443	0.00528	0.00341	0.00328	0.00691	0.00956	0.01371	0.55460	0.10013	0.12043	0.00764	0.00414	0.00116	0.00180	0.00668	0.13985	0.00341
14	0.00946	0.01085	0.25705	0.00874	0.01183	0.00798	0.05352	0.23682	0.04102	0.06652	0.03448	0.06677	0.01092	0.00576	0.00405	0.00129	0.00421	0.16061	0.00298	0.00515
15	0.00794	0.00659	0.00772	0.00553	0.00882	0.00496	0.00443	0.00959	0.00778	0.03512	0.00682	0.00783	0.00560	0.00280	0.00278	0.00057	0.00276	0.00224	0.00227	0.86787
16	0.00987	0.02788	0.00914	0.00804	0.02537	0.07362	0.00619	0.07883	0.65033	0.01517	0.01361	0.01282	0.02103	0.00492	0.00393	0.00122	0.02491	0.00396	0.00349	0.00568
17	0.00915	0.10857	0.25720	0.03800	0.08710	0.00840	0.09031	0.08077	0.00899	0.09558	0.00993	0.07280	0.04323	0.00441	0.00361	0.00111	0.00433	0.00379	0.00238	0.07036
18	0.00926	0.09024	0.51673	0.01040	0.05390	0.04640	0.05139	0.02941	0.02104	0.10212	0.00756	0.00843	0.00544	0.00367	0.00361	0.00113	0.01745	0.00291	0.00203	0.01690
19	0.01387	0.01745	0.01054	0.00953	0.01148	0.82694	0.00717	0.04175	0.01075	0.00955	0.00584	0.00677	0.00483	0.00385	0.00336	0.00096	0.00661	0.00242	0.00197	0.00437
20	0.00454	0.00359	0.00408	0.00433	0.00520	0.00314	0.00311	0.00548	0.00826	0.01043	0.12864	0.30936	0.47688	0.00992	0.00450	0.00133	0.00195	0.00860	0.00352	0.00314
21	0.12310	0.25899	0.05878	0.05292	0.15375	0.05616	0.14486	0.02130	0.02845	0.01157	0.02492	0.03619	0.00648	0.00374	0.00327	0.00106	0.00443	0.00319	0.00198	0.00484
22	0.02868	0.00593	0.00925	0.42101	0.02911	0.00668	0.03730	0.00978	0.02800	0.10194	0.01191	0.13156	0.04476	0.01983	0.03197	0.00149	0.01606	0.05808	0.00251	0.00417
23	0.00455	0.00378	0.00400	0.00409	0.00526	0.00323	0.00312	0.00557	0.00849	0.01028	0.06681	0.06763	0.71767	0.00948	0.00446	0.00130	0.00201	0.07163	0.00347	0.00317
24	0.06285	0.00609	0.00701	0.00598	0.00794	0.00624	0.01607	0.06751	0.21079	0.22432	0.10434	0.01588	0.07638	0.00525	0.00358	0.00113	0.00268	0.00431	0.16666	0.00498
25	0.00932	0.05440	0.13728	0.04882	0.04819	0.09981	0.38096	0.07880	0.02536	0.01229	0.01980	0.01076	0.03378	0.00384	0.00394	0.00118	0.00545	0.01891	0.00211	0.00500
26	0.00992	0.87178	0.01945	0.00635	0.00953	0.01469	0.00635	0.01111	0.00754	0.00873	0.00516	0.00595	0.00476	0.00318	0.00238	0.00079	0.00397	0.00198	0.00159	0.00476
27	0.00474	0.00337	0.00432	0.00500	0.00531	0.00317	0.00338	0.00542	0.00715	0.00950	0.03595	0.64626	0.07744	0.10903	0.00631	0.00172	0.00235	0.05012	0.01650	0.00297
28	0.03106	0.03851	0.04722	0.13743	0.17034	0.09966	0.25125	0.09332	0.03486	0.02301	0.00760	0.02534	0.00602	0.00375	0.00389	0.00116	0.01477	0.00360	0.00213	0.00508
29	0.02687	0.03039	0.07384	0.11723	0.24364	0.31165	0.03583	0.03157	0.01741	0.01096	0.02225	0.00851	0.00580	0.00375	0.00374	0.00108	0.02753	0.00297	0.00193	0.02307
30	0.34636	0.18335	0.03256	0.00743	0.01014	0.07359	0.12482	0.02467	0.00794	0.06910	0.02267	0.00876	0.00607	0.00373	0.00297	0.00107	0.00394	0.02441	0.02369	0.02272

[dist]
# distance from previous block
# <min> <max>
0	2

[block]
# block no. 4 follows, 74 sequences, length 27
# corresponding to MSA columns:
# 285-311
name=unknown_E
#
# <colnr> <probs for GDERKNQSTAVLIFYWHMCP>
#	G	D	E	R	K	N	Q	S	T	A	V	L	I	F	Y	W	H	M	C	P
0	0.00560	0.00445	0.00661	0.02976	0.12736	0.00438	0.01978	0.00674	0.00756	0.01026	0.03831	0.52486	0.04556	0.01015	0.03510	0.00159	0.01123	0.08489	0.02225	0.00357
1	0.00530	0.00398	0.00597	0.00597	0.00663	0.00464	0.00464	0.00663	0.00597	0.00862	0.00994	0.01458	0.00928	0.02784	0.85484	0.00597	0.00994	0.00398	0.00199	0.00331
2	0.01090	0.24985	0.25320	0.00863	0.01235	0.03030	0.04190	0.22444	0.03708	0.08597	0.00780	0.00826	0.00577	0.00380	0.00332	0.00105	0.00448	0.00288	0.00248	0.00554
3	0.01044	0.09855	0.09286	0.00771	0.02422	0.00904	0.01886	0.33693	0.02187	0.04018	0.05594	0.01108	0.05772	0.00437	0.00361	0.00100	0.01893	0.00341	0.00292	0.18039
4	0.00794	0.00448	0.00599	0.00550	0.00653	0.00456	0.00409	0.00915	0.02722	0.19665	0.04587	0.01787	0.02960	0.25932	0.35440	0.00381	0.00595	0.00452	0.00280	0.00375
5	0.00595	0.00477	0.00690	0.00658	0.00718	0.00584	0.00520	0.02603	0.00617	0.00898	0.00915	0.01364	0.00860	0.04193	0.68386	0.00512	0.14478	0.00388	0.00198	0.00348
6	0.00476	0.00356	0.00428	0.00457	0.00528	0.00321	0.00326	0.00578	0.00830	0.01096	0.20994	0.35847	0.28282	0.03024	0.00483	0.00139	0.00202	0.02337	0.02979	0.00316
7	0.01371	0.01700	0.01026	0.00931	0.01121	0.80966	0.00699	0.01470	0.01043	0.02715	0.00613	0.00705	0.00502	0.00386	0.00333	0.00096	0.00646	0.00245	0.03002	0.00432
8	0.00546	0.00361	0.00407	0.00410	0.00415	0.00361	0.00235	0.00557	0.00556	0.00752	0.01190	0.02436	0.01355	0.81902	0.01800	0.00346	0.00353	0.02508	0.03279	0.00232
9	0.00635	0.00512	0.00564	0.00545	0.00674	0.00521	0.00407	0.06489	0.21508	0.01253	0.08836	0.23673	0.31266	0.00840	0.00428	0.00130	0.00235	0.00722	0.00360	0.00403
10	0.04378	0.02703	0.04725	0.00831	0.01131	0.01093	0.00708	0.66243	0.07653	0.05405	0.00929	0.00922	0.00661	0.00440	0.00364	0.00112	0.00398	0.00332	0.00357	0.00614
11	0.04234	0.00843	0.00911	0.00710	0.00993	0.03846	0.00576	0.31742	0.09940	0.15271	0.02390	0.01027	0.02064	0.00417	0.00343	0.00099	0.00345	0.00325	0.00336	0.23589
12	0.00457	0.00357	0.00415	0.00443	0.00523	0.00314	0.00316	0.00552	0.00826	0.01055	0.15206	0.34821	0.41400	0.00997	0.00452	0.00134	0.00196	0.00869	0.00354	0.00314
13	0.01075	0.00905	0.03964	0.00782	0.04468	0.04459	0.00622	0.31840	0.05787	0.04114	0.00824	0.00876	0.00626	0.00369	0.00328	0.00089	0.00359	0.00288	0.01746	0.36481
14	0.00712	0.00671	0.01133	0.81868	0.06666	0.00828	0.01036	0.00958	0.00747	0.00962	0.00662	0.00986	0.00499	0.00369	0.00371	0.00123	0.00492	0.00330	0.00166	0.00421
15	0.01116	0.10149	0.06208	0.00890	0.02280	0.02679	0.13870	0.19416	0.03438	0.15362	0.02669	0.00961	0.00696	0.00394	0.00388	0.00104	0.04037	0.00328	0.00283	0.14732
16	0.00649	0.00523	0.00804	0.14131	0.19225	0.00539	0.00642	0.00787	0.00772	0.03915	0.05621	0.39609	0.03584	0.02295	0.02302	0.00148	0.01598	0.02177	0.00281	0.00397
17	0.00465	0.00334	0.00444	0.00528	0.00558	0.00313	0.00365	0.00540	0.00727	0.00964	0.02088	0.76961	0.04790	0.01144	0.00476	0.00152	0.00226	0.08276	0.00344	0.00305
18	0.00744	0.01920	0.85032	0.01058	0.01607	0.00862	0.01371	0.01176	0.00784	0.01176	0.00666	0.00784	0.00470	0.00353	0.00353	0.00118	0.00549	0.00274	0.00157	0.00549
19	0.00942	0.50225	0.20691	0.00816	0.01166	0.03664	0.05420	0.04542	0.02818	0.01038	0.00612	0.00718	0.00511	0.00394	0.01872	0.00106	0.03544	0.00249	0.00176	0.00497
20	0.00491	0.00345	0.00413	0.00451	0.00473	0.00330	0.00283	0.00529	0.00646	0.00848	0.01816	0.39323	0.10304	0.40754	0.01124	0.00245	0.00279	0.00790	0.00289	0.00267
21	0.05211	0.00635	0.00849	0.00653	0.00938	0.00557	0.00540	0.01780	0.01045	0.81540	0.01426	0.01237	0.00898	0.00455	0.00367	0.00115	0.00315	0.00366	0.00450	0.00622
22	0.04840	0.01000	0.03761	0.03370	0.11426	0.11405	0.05437	0.26561	0.06079	0.19222	0.02610	0.01006	0.00732	0.00420	0.00366	0.00112	0.00428	0.00340	0.00317	0.00568
23	0.01114	0.03926	0.08238	0.01021	0.06839	0.00717	0.21876	0.04593	0.00945	0.31284	0.02296	0.11789	0.00990	0.00501	0.00399	0.00122	0.00416	0.02085	0.00314	0.00532
24	0.01075	0.00563	0.00707	0.00593	0.00790	0.00534	0.00471	0.03837	0.12858	0.36071	0.29964	0.01949	0.07772	0.00602	0.00401	0.00118	0.00258	0.00510	0.00420	0.00507
25	0.01049	0.00572	0.00708	0.00616	0.00794	0.00552	0.00478	0.14561	0.04030	0.30129	0.10001	0.26666	0.06795	0.00726	0.00413	0.00126	0.00279	0.00625	0.00396	0.00485
26	0.03336	0.01583	0.04115	0.02592	0.03757	0.03467	0.14963	0.06122	0.08011	0.23488	0.04457	0.07546	0.04021	0.00524	0.00450	0.00123	0.06532	0.01941	0.02463	0.00508

[dist]
# distance from previous block
# <min> <max>
2	7

[block]
# block no. 5 follows, 74 sequences, length 26
# corresponding to MSA columns:
# 319,321-333,335-346
name=unknown_F
#
# <colnr> <probs for GDERKNQSTAVLIFYWHMCP>
#	G	D	E	R	K	N	Q	S	T	A	V	L	I	F	Y	W	H	M	C	P
0	0.13789	0.03206	0.00793	0.00626	0.00830	0.00711	0.01769	0.23934	0.01174	0.12957	0.34166	0.01642	0.01774	0.00552	0.00375	0.00114	0.00289	0.00452	0.00369	0.00480
1	0.01075	0.17416	0.17563	0.00893	0.01219	0.04798	0.09450	0.14296	0.11888	0.11787	0.00890	0.00937	0.00660	0.00452	0.02164	0.00121	0.03265	0.00321	0.00264	0.00544
2	0.00907	0.00941	0.01241	0.05528	0.15619	0.16077	0.16343	0.05994	0.00875	0.01113	0.00941	0.15879	0.00922	0.00558	0.00519	0.00128	0.12598	0.03138	0.00226	0.00453
3	0.00473	0.00377	0.00424	0.00412	0.00522	0.00328	0.00309	0.00599	0.00927	0.01196	0.35797	0.03255	0.52332	0.00868	0.00438	0.00122	0.00183	0.00739	0.00370	0.00328
4	0.01146	0.00882	0.08574	0.04446	0.15707	0.01852	0.06981	0.07781	0.03830	0.28263	0.01018	0.02497	0.00762	0.00465	0.00490	0.00124	0.11577	0.02756	0.00296	0.00551
5	0.00901	0.00935	0.01818	0.06575	0.35504	0.00916	0.42679	0.03805	0.00884	0.01222	0.00729	0.00964	0.00572	0.00328	0.00404	0.00119	0.00536	0.00385	0.00191	0.00535
6	0.00509	0.00375	0.00473	0.00456	0.00541	0.00342	0.00336	0.00660	0.00983	0.01361	0.65265	0.08383	0.14264	0.03813	0.00491	0.00129	0.00186	0.00707	0.00389	0.00338
7	0.00547	0.00392	0.00513	0.00513	0.00559	0.00422	0.00362	0.00660	0.03307	0.00891	0.07247	0.04920	0.01363	0.35100	0.38117	0.00423	0.00613	0.02090	0.01664	0.00299
8	0.00992	0.87178	0.01945	0.00635	0.00953	0.01469	0.00635	0.01111	0.00754	0.00873	0.00516	0.00595	0.00476	0.00318	0.00238	0.00079	0.00397	0.00198	0.00159	0.00476
9	0.00876	0.01001	0.02190	0.01564	0.01940	0.00939	0.83292	0.01189	0.00876	0.01189	0.00751	0.01001	0.00563	0.00313	0.00438	0.00125	0.00626	0.00438	0.00188	0.00501
10	0.00542	0.00410	0.00596	0.00590	0.00646	0.00478	0.00450	0.00658	0.00589	0.00847	0.00994	0.01543	0.00959	0.12260	0.72694	0.00553	0.04258	0.00411	0.00200	0.00322
11	0.00472	0.00342	0.00448	0.00520	0.00553	0.00324	0.00352	0.00576	0.03308	0.01007	0.08299	0.77691	0.02494	0.01112	0.00468	0.00147	0.00215	0.01006	0.00350	0.00314
12	0.01291	0.18483	0.03827	0.00887	0.01124	0.58983	0.00720	0.08564	0.01046	0.01035	0.00593	0.00678	0.00491	0.00374	0.00319	0.00094	0.00589	0.00240	0.00200	0.00461
13	0.00539	0.00363	0.00421	0.00421	0.00426	0.00368	0.00245	0.00550	0.00544	0.00731	0.01155	0.02349	0.01315	0.80022	0.08775	0.00379	0.00412	0.00528	0.00223	0.00234
14	0.00509	0.00415	0.00446	0.00431	0.00554	0.00374	0.00325	0.03318	0.04463	0.01168	0.20192	0.05583	0.59151	0.00874	0.00435	0.00124	0.00198	0.00738	0.00360	0.00343
15	0.00892	0.00651	0.00745	0.00641	0.00818	0.00691	0.00503	0.18964	0.23784	0.06620	0.38917	0.01899	0.02085	0.00604	0.00403	0.00118	0.00266	0.00512	0.00395	0.00492
16	0.02871	0.00552	0.02153	0.00595	0.00745	0.00519	0.00451	0.04640	0.15280	0.06606	0.04802	0.41809	0.01694	0.00778	0.00405	0.00124	0.00260	0.00685	0.00335	0.14696
17	0.00866	0.08864	0.65388	0.00995	0.01483	0.03693	0.01210	0.11021	0.00905	0.01281	0.00678	0.00777	0.00490	0.00362	0.00345	0.00113	0.00523	0.00274	0.00184	0.00549
18	0.00929	0.30689	0.01228	0.00636	0.00943	0.05328	0.00553	0.07363	0.00848	0.01155	0.00618	0.00715	0.00525	0.00319	0.00300	0.00073	0.02866	0.00225	0.00207	0.44478
19	0.01039	0.50810	0.17736	0.00782	0.01124	0.13542	0.00795	0.08374	0.00890	0.01065	0.00586	0.00668	0.00489	0.00345	0.00286	0.00092	0.00467	0.00231	0.00182	0.00497
20	0.00500	0.00356	0.00479	0.00560	0.00599	0.00342	0.00413	0.00592	0.00744	0.00983	0.01974	0.57829	0.02301	0.05790	0.00562	0.00168	0.00260	0.24901	0.00337	0.00309
21	0.00540	0.00360	0.00405	0.00405	0.00405	0.00360	0.00225	0.00540	0.00540	0.00720	0.01170	0.02429	0.01349	0.86955	0.01889	0.00360	0.00360	0.00540	0.00225	0.00225
22	0.00989	0.00812	0.05357	0.02243	0.00952	0.00805	0.00593	0.42152	0.05168	0.01780	0.12962	0.06861	0.13924	0.00604	0.00393	0.00117	0.00328	0.00494	0.02961	0.00505
23	0.00469	0.00340	0.00445	0.00525	0.00553	0.00323	0.00353	0.00568	0.03630	0.00969	0.02027	0.83721	0.02409	0.01140	0.00470	0.00150	0.00218	0.01033	0.00346	0.00312
24	0.15267	0.02705	0.10375	0.14050	0.10994	0.09131	0.03432	0.04353	0.00817	0.01230	0.00906	0.13262	0.00829	0.00482	0.00343	0.00115	0.00399	0.00401	0.10469	0.00438
25	0.00807	0.00763	0.00842	0.04127	0.00948	0.12522	0.04671	0.08554	0.00881	0.01125	0.01413	0.14461	0.10966	0.03711	0.00567	0.00135	0.11845	0.11251	0.00268	0.10143

[dist]
# distance from previous block
# <min> <max>
2	30

[block]
# block no. 6 follows, 74 sequences, length 33
# corresponding to MSA columns:
# 377-409
name=unknown_G
#
# <colnr> <probs for GDERKNQSTAVLIFYWHMCP>
#	G	D	E	R	K	N	Q	S	T	A	V	L	I	F	Y	W	H	M	C	P
0	0.01158	0.00792	0.00878	0.00718	0.00957	0.00844	0.00580	0.36045	0.19926	0.14869	0.06034	0.01555	0.11439	0.00550	0.00388	0.00118	0.00327	0.01877	0.00385	0.00561
1	0.00532	0.00392	0.00566	0.00566	0.00621	0.00447	0.00425	0.00643	0.00587	0.00839	0.01022	0.01615	0.00996	0.16354	0.72007	0.00558	0.00892	0.00421	0.00203	0.00314
2	0.03206	0.00686	0.05544	0.10195	0.02491	0.00719	0.00640	0.13758	0.05758	0.02604	0.02907	0.05009	0.00858	0.02820	0.21119	0.11353	0.09298	0.00390	0.00239	0.00410
3	0.01146	0.00718	0.01041	0.04474	0.06463	0.02850	0.12572	0.05397	0.09367	0.33745	0.03441	0.06829	0.07666	0.00559	0.01883	0.00128	0.00380	0.00461	0.00348	0.00533
4	0.00469	0.00352	0.00422	0.00470	0.00527	0.00322	0.00328	0.00543	0.00745	0.00950	0.02491	0.43305	0.28970	0.11528	0.00638	0.00169	0.00233	0.06907	0.00330	0.00299
5	0.01366	0.01711	0.01057	0.00954	0.01141	0.79759	0.00720	0.03995	0.01056	0.00952	0.00580	0.00681	0.00483	0.00394	0.00368	0.00099	0.03806	0.00245	0.00196	0.00436
6	0.01123	0.17490	0.01276	0.23149	0.04551	0.16047	0.00795	0.28632	0.01138	0.01401	0.00696	0.00822	0.00537	0.00386	0.00339	0.00106	0.00476	0.00290	0.00238	0.00507
7	0.10756	0.00693	0.00793	0.00598	0.00897	0.00611	0.00484	0.09200	0.02384	0.18795	0.02741	0.00922	0.00695	0.00353	0.00305	0.00082	0.00296	0.00275	0.00293	0.48827
8	0.04098	0.16515	0.04445	0.04396	0.16671	0.16725	0.10591	0.07832	0.06067	0.03368	0.03790	0.02414	0.00714	0.00392	0.00347	0.00107	0.00470	0.00328	0.00226	0.00505
9	0.01038	0.00737	0.00818	0.00694	0.00909	0.00791	0.00553	0.23809	0.30434	0.12007	0.08372	0.03875	0.11066	0.00585	0.00393	0.00122	0.00305	0.02568	0.00383	0.00540
10	0.07783	0.10648	0.01913	0.01928	0.15679	0.01695	0.03092	0.15593	0.27559	0.04487	0.01036	0.03519	0.00821	0.00442	0.00352	0.00114	0.00367	0.01261	0.00295	0.01416
11	0.00870	0.42689	0.39137	0.00861	0.01285	0.01145	0.04433	0.01138	0.00773	0.01032	0.00598	0.00702	0.00480	0.00332	0.00299	0.00098	0.00471	0.00243	0.00161	0.03255
12	0.00903	0.11652	0.27999	0.00956	0.04744	0.03815	0.07493	0.03603	0.19475	0.05395	0.06569	0.01083	0.00869	0.00443	0.01106	0.00119	0.02649	0.00348	0.00250	0.00530
13	0.00854	0.13520	0.36112	0.01011	0.07492	0.00876	0.08145	0.01212	0.08064	0.07003	0.05030	0.04246	0.02139	0.00437	0.00362	0.00115	0.00447	0.02188	0.00228	0.00519
14	0.00493	0.00383	0.00457	0.00490	0.00586	0.00347	0.00385	0.00611	0.00847	0.01069	0.10366	0.15740	0.42273	0.00980	0.00464	0.00141	0.00234	0.23461	0.00350	0.00323
15	0.00937	0.17605	0.35070	0.00903	0.01251	0.16697	0.00948	0.01314	0.13164	0.01104	0.00741	0.00829	0.00580	0.00430	0.01730	0.00118	0.05595	0.00280	0.00197	0.00507
16	0.08072	0.06560	0.10815	0.02949	0.09793	0.11488	0.05519	0.11745	0.12652	0.07556	0.03526	0.01152	0.03370	0.00440	0.00357	0.00114	0.00426	0.02677	0.00271	0.00519
17	0.00610	0.00533	0.06635	0.03692	0.00747	0.01529	0.00473	0.02578	0.00863	0.06319	0.15790	0.30933	0.20687	0.00879	0.00440	0.00134	0.00262	0.06191	0.00341	0.00366
18	0.00632	0.00422	0.00514	0.02944	0.00662	0.00412	0.00412	0.00837	0.05823	0.04841	0.19564	0.07614	0.17388	0.00765	0.00411	0.00126	0.00236	0.17517	0.18514	0.00366
19	0.03142	0.67051	0.09054	0.00719	0.01051	0.04572	0.03732	0.02590	0.00797	0.03573	0.00576	0.00656	0.00494	0.00330	0.00265	0.00088	0.00424	0.00223	0.00176	0.00487
20	0.02196	0.07173	0.01158	0.18163	0.09806	0.06056	0.06610	0.13336	0.14420	0.05878	0.04168	0.01199	0.05398	0.00449	0.00388	0.00116	0.02334	0.00376	0.00270	0.00507
21	0.00463	0.00388	0.00405	0.00402	0.00522	0.00336	0.00301	0.00594	0.03365	0.01073	0.12758	0.05791	0.70490	0.00913	0.00438	0.00125	0.00191	0.00768	0.00353	0.00325
22	0.01032	0.00515	0.00676	0.00565	0.00744	0.00470	0.00447	0.05351	0.01091	0.35323	0.46581	0.02066	0.02310	0.00622	0.00408	0.00116	0.00244	0.00533	0.00427	0.00479
23	0.02946	0.38467	0.04657	0.00797	0.02242	0.22160	0.00695	0.14473	0.03257	0.04700	0.00665	0.00726	0.00538	0.00373	0.00316	0.00095	0.01919	0.00251	0.00221	0.00501
24	0.64213	0.00764	0.00664	0.01850	0.00821	0.00872	0.00468	0.18637	0.00880	0.01782	0.00640	0.00716	0.00485	0.00372	0.00264	0.00113	0.00309	0.00240	0.05463	0.00448
25	0.00451	0.00326	0.00428	0.00509	0.00536	0.00302	0.00341	0.00518	0.00718	0.00951	0.02142	0.82061	0.07045	0.01150	0.00472	0.00149	0.00214	0.01040	0.00345	0.00302
26	0.00534	0.00362	0.00426	0.00431	0.00439	0.00367	0.00256	0.00551	0.00556	0.00748	0.01204	0.07327	0.01372	0.73250	0.10364	0.00372	0.00416	0.00556	0.00229	0.00240
27	0.01309	0.03969	0.01000	0.00773	0.01022	0.14183	0.00627	0.48975	0.01405	0.08796	0.00923	0.00949	0.00672	0.00431	0.00345	0.00104	0.00407	0.00320	0.13237	0.00553
28	0.00784	0.00496	0.00608	0.00550	0.00681	0.00492	0.00414	0.01099	0.17107	0.14804	0.41697	0.06670	0.02340	0.09902	0.00573	0.00146	0.00243	0.00581	0.00388	0.00426
29	0.00598	0.00410	0.00473	0.00455	0.00541	0.00389	0.00325	0.04814	0.00849	0.03907	0.20811	0.08616	0.22959	0.24027	0.00817	0.00186	0.00252	0.03106	0.06138	0.00327
30	0.00817	0.00451	0.00594	0.00540	0.00676	0.00413	0.00421	0.00992	0.02996	0.22318	0.44686	0.09870	0.05792	0.00741	0.00429	0.00124	0.00231	0.07080	0.00407	0.00420
31	0.00966	0.00819	0.00863	0.00764	0.00982	0.00943	0.00598	0.09127	0.76745	0.01622	0.01456	0.01341	0.01089	0.00498	0.00377	0.00125	0.00304	0.00412	0.00377	0.00591
32	0.00577	0.00424	0.00547	0.00601	0.00675	0.00422	0.00468	0.04392	0.05150	0.01125	0.04831	0.40334	0.05714	0.01021	0.00476	0.00153	0.00274	0.32119	0.00349	0.00349

[dist]
# distance from previous block
# <min> <max>
1	20

[block]
# block no. 7 follows, 74 sequences, length 13
# corresponding to MSA columns:
# 431-443
name=unknown_H
#
# <colnr> <probs for GDERKNQSTAVLIFYWHMCP>
#	G	D	E	R	K	N	Q	S	T	A	V	L	I	F	Y	W	H	M	C	P
0	0.05333	0.00739	0.00826	0.00700	0.00900	0.03456	0.01891	0.17582	0.20845	0.14172	0.14100	0.03817	0.07110	0.00574	0.00428	0.00122	0.04525	0.02008	0.00363	0.00511
1	0.00524	0.00396	0.00463	0.00452	0.00558	0.00360	0.00340	0.00685	0.03885	0.02763	0.36281	0.07626	0.37083	0.03101	0.00478	0.00131	0.00201	0.03962	0.00371	0.00342
2	0.00770	0.00660	0.00770	0.00550	0.00880	0.00495	0.00440	0.00935	0.00770	0.01210	0.00660	0.00770	0.00550	0.00275	0.00275	0.00055	0.00275	0.00220	0.00220	0.89224
3	0.00474	0.00396	0.00410	0.00404	0.00525	0.00348	0.00301	0.00618	0.04889	0.01061	0.10632	0.03351	0.70103	0.04244	0.00492	0.00134	0.00199	0.00746	0.00347	0.00326
4	0.00439	0.00376	0.00376	0.00376	0.00501	0.00313	0.00282	0.00533	0.00846	0.01003	0.03760	0.03572	0.84489	0.00940	0.00439	0.00125	0.00188	0.00783	0.00345	0.00313
5	0.00701	0.00660	0.01113	0.86063	0.02556	0.00825	0.01031	0.00948	0.00742	0.00948	0.00660	0.00990	0.00495	0.00371	0.00371	0.00124	0.00495	0.00330	0.00165	0.00412
6	0.01040	0.00501	0.00572	0.00488	0.00653	0.00489	0.00387	0.10128	0.00962	0.24608	0.01246	0.01297	0.00907	0.00441	0.00303	0.00097	0.00238	0.00352	0.54831	0.00456
7	0.00893	0.00709	0.00903	0.00666	0.00972	0.00604	0.07193	0.11439	0.00916	0.05686	0.00806	0.03386	0.00656	0.00343	0.00311	0.00075	0.00316	0.00291	0.04565	0.59272
8	0.00801	0.00766	0.01302	0.40254	0.33982	0.00833	0.06614	0.01060	0.03085	0.01106	0.02700	0.01008	0.00627	0.00361	0.00372	0.00116	0.00461	0.00344	0.00188	0.04022
9	0.71785	0.05193	0.00695	0.00563	0.00795	0.10722	0.00461	0.04016	0.00726	0.01561	0.00537	0.00620	0.00423	0.00351	0.00247	0.00111	0.00341	0.00210	0.00227	0.00417
10	0.33275	0.01103	0.00823	0.00723	0.00947	0.30513	0.00567	0.05399	0.11575	0.10632	0.00787	0.00814	0.00591	0.00396	0.00308	0.00109	0.00431	0.00268	0.00267	0.00472
11	0.01459	0.00638	0.00840	0.00635	0.00932	0.00534	0.00521	0.01608	0.00995	0.65640	0.01279	0.01150	0.00834	0.00417	0.00351	0.00101	0.00306	0.00338	0.00404	0.21018
12	0.01654	0.00650	0.00873	0.00669	0.00957	0.00573	0.00553	0.05543	0.01094	0.81119	0.01438	0.01246	0.00906	0.00459	0.00373	0.00115	0.00320	0.00371	0.00455	0.00632

[dist]
# distance from previous block
# <min> <max>
0	4

[block]
# block no. 8 follows, 74 sequences, length 16
# corresponding to MSA columns:
# 448-463
name=unknown_I
#
# <colnr> <probs for GDERKNQSTAVLIFYWHMCP>
#	G	D	E	R	K	N	Q	S	T	A	V	L	I	F	Y	W	H	M	C	P
0	0.00864	0.01059	0.22777	0.10950	0.15570	0.00792	0.16176	0.02419	0.05128	0.08457	0.09850	0.01202	0.02236	0.00415	0.00387	0.00119	0.00457	0.00388	0.00239	0.00516
1	0.00898	0.00844	0.01452	0.08814	0.68814	0.00852	0.04887	0.01121	0.00843	0.02693	0.00771	0.01089	0.00659	0.00368	0.00378	0.00115	0.00447	0.04203	0.00195	0.00559
2	0.00457	0.00330	0.00433	0.00506	0.00538	0.00306	0.00342	0.00532	0.00743	0.00991	0.08392	0.76401	0.06411	0.01122	0.00469	0.00147	0.00211	0.01013	0.00349	0.00306
3	0.10154	0.49734	0.20122	0.00743	0.01095	0.05577	0.00783	0.06103	0.00823	0.01112	0.00575	0.00660	0.00477	0.00339	0.00276	0.00094	0.00434	0.00226	0.00180	0.00492
4	0.02531	0.00819	0.01291	0.13982	0.27672	0.00860	0.13189	0.09979	0.12877	0.05995	0.00963	0.06493	0.00788	0.00432	0.00385	0.00120	0.00428	0.00406	0.00256	0.00534
5	0.00898	0.00867	0.01496	0.09617	0.74537	0.00879	0.04000	0.01124	0.00837	0.01189	0.00697	0.00928	0.00579	0.00334	0.00370	0.00112	0.00452	0.00334	0.00182	0.00569
6	0.00456	0.00333	0.00431	0.00507	0.00543	0.00307	0.00347	0.00528	0.00731	0.00960	0.02239	0.74222	0.11808	0.01132	0.00471	0.00149	0.00217	0.03972	0.00344	0.00304
7	0.00717	0.00676	0.01142	0.80000	0.08496	0.00829	0.01039	0.00962	0.00750	0.00967	0.00663	0.00984	0.00502	0.00368	0.00371	0.00123	0.00491	0.00330	0.00166	0.00425
8	0.00909	0.58553	0.29842	0.00777	0.01172	0.01265	0.00882	0.01133	0.00764	0.00975	0.00566	0.00659	0.00474	0.00329	0.00277	0.00092	0.00448	0.00224	0.00158	0.00501
9	0.01028	0.01004	0.00922	0.00822	0.00938	0.29473	0.00646	0.02468	0.00810	0.09727	0.00773	0.01021	0.00667	0.03553	0.22020	0.00249	0.22918	0.00325	0.00218	0.00418
10	0.00474	0.00356	0.00437	0.00461	0.00531	0.00322	0.00327	0.00581	0.00852	0.01130	0.28942	0.35788	0.24417	0.03031	0.00487	0.00138	0.00199	0.00848	0.00362	0.00318
11	0.00652	0.00521	0.00683	0.21954	0.02131	0.02700	0.00560	0.03656	0.03969	0.03504	0.01856	0.21850	0.21224	0.00814	0.00509	0.07627	0.00321	0.04825	0.00284	0.00361
12	0.03469	0.31924	0.01338	0.00801	0.01046	0.37607	0.00670	0.10829	0.03406	0.01109	0.00675	0.00837	0.00583	0.00397	0.00311	0.00096	0.00508	0.03712	0.00213	0.00470
13	0.01253	0.00777	0.00888	0.00730	0.00979	0.00821	0.00586	0.21967	0.32001	0.28476	0.01433	0.03568	0.03782	0.00507	0.00379	0.00119	0.00324	0.00413	0.00400	0.00596
14	0.00891	0.00831	0.01229	0.45651	0.27173	0.05174	0.01007	0.11404	0.00915	0.01201	0.00696	0.00940	0.00539	0.00369	0.00368	0.00117	0.00476	0.00326	0.00198	0.00494
15	0.07630	0.17169	0.02359	0.09749	0.01205	0.28476	0.00699	0.18839	0.04027	0.02503	0.00733	0.03665	0.00603	0.00411	0.00328	0.00104	0.00481	0.00295	0.00239	0.00484

[dist]
# distance from previous block
# <min> <max>
5	18

[block]
# block no. 9 follows, 74 sequences, length 35
# corresponding to MSA columns:
# 513-547
name=unknown_J
#
# <colnr> <probs for GDERKNQSTAVLIFYWHMCP>
#	G	D	E	R	K	N	Q	S	T	A	V	L	I	F	Y	W	H	M	C	P
0	0.03386	0.00600	0.00706	0.00671	0.03513	0.02837	0.04043	0.14351	0.09229	0.01205	0.01385	0.23145	0.03765	0.28455	0.00886	0.00203	0.00340	0.00602	0.00294	0.00385
1	0.00978	0.05068	0.13173	0.01137	0.01495	0.00945	0.35726	0.18040	0.03500	0.03232	0.00778	0.00917	0.00581	0.00360	0.00405	0.00113	0.02965	0.00355	0.00234	0.09997
2	0.00712	0.00671	0.01134	0.81681	0.06849	0.00828	0.01037	0.00958	0.00748	0.00962	0.00662	0.00986	0.00500	0.00369	0.00371	0.00123	0.00492	0.00330	0.00166	0.00422
3	0.03617	0.00607	0.00699	0.00526	0.00800	0.00482	0.00410	0.00887	0.00742	0.01178	0.00768	0.03218	0.00689	0.07526	0.02167	0.00097	0.00291	0.00278	0.04570	0.70451
4	0.00489	0.00354	0.00461	0.00485	0.00545	0.00327	0.00344	0.00611	0.00890	0.01226	0.44105	0.40001	0.06884	0.00946	0.00454	0.00132	0.00194	0.00847	0.00377	0.00327
5	0.00461	0.00328	0.00435	0.00517	0.00539	0.00308	0.00347	0.00525	0.00707	0.00942	0.02004	0.80410	0.02395	0.05066	0.00539	0.00161	0.00226	0.03452	0.00339	0.00299
6	0.00498	0.00376	0.00441	0.00434	0.00535	0.00332	0.00322	0.00625	0.00925	0.02581	0.38490	0.11327	0.40023	0.00876	0.00441	0.00124	0.00187	0.00755	0.00374	0.00333
7	0.00451	0.00358	0.00406	0.00433	0.00519	0.00312	0.00310	0.00542	0.00817	0.01027	0.10322	0.32528	0.48661	0.01002	0.00451	0.00133	0.00196	0.00868	0.00350	0.00312
8	0.04605	0.00377	0.00481	0.00522	0.00587	0.00357	0.00374	0.00667	0.00795	0.06266	0.14554	0.56469	0.05417	0.01004	0.00452	0.00142	0.00226	0.06012	0.00356	0.00337
9	0.00992	0.87178	0.01945	0.00635	0.00953	0.01469	0.00635	0.01111	0.00754	0.00873	0.00516	0.00595	0.00476	0.00318	0.00238	0.00079	0.00397	0.00198	0.00159	0.00476
10	0.00701	0.00660	0.01113	0.86063	0.02556	0.00825	0.01031	0.00948	0.00742	0.00948	0.00660	0.00990	0.00495	0.00371	0.00371	0.00124	0.00495	0.00330	0.00165	0.00412
11	0.06525	0.03247	0.01035	0.00905	0.01111	0.68110	0.00690	0.08348	0.04716	0.01100	0.00637	0.00714	0.00515	0.00390	0.00332	0.00099	0.00603	0.00252	0.00216	0.00453
12	0.00539	0.00389	0.00458	0.00453	0.00560	0.00346	0.00344	0.00661	0.00900	0.04966	0.27684	0.08267	0.41210	0.03831	0.00494	0.00136	0.00211	0.07848	0.00365	0.00338
13	0.00992	0.87178	0.01945	0.00635	0.00953	0.01469	0.00635	0.01111	0.00754	0.00873	0.00516	0.00595	0.00476	0.00318	0.00238	0.00079	0.00397	0.00198	0.00159	0.00476
14	0.00483	0.00345	0.00453	0.00524	0.00558	0.00329	0.00368	0.00558	0.00716	0.00947	0.01992	0.60967	0.05797	0.09928	0.02804	0.00185	0.00266	0.12150	0.00328	0.00301
15	0.01189	0.00562	0.00713	0.00584	0.00803	0.00507	0.00468	0.03483	0.05630	0.46550	0.14181	0.03424	0.12294	0.00576	0.00385	0.00115	0.00269	0.00480	0.04501	0.03286
16	0.01013	0.00784	0.00856	0.00694	0.00952	0.00812	0.00553	0.21609	0.32756	0.04656	0.01106	0.01092	0.00832	0.00421	0.00340	0.00100	0.00310	0.00338	0.06128	0.24647
17	0.00639	0.00488	0.00637	0.00631	0.00784	0.00439	0.00534	0.00805	0.00833	0.01148	0.04738	0.06140	0.01746	0.00806	0.00440	0.00135	0.00312	0.52674	0.00310	0.25761
18	0.00478	0.00338	0.00424	0.00478	0.00503	0.00319	0.00311	0.00532	0.00689	0.00917	0.05740	0.56754	0.06438	0.23300	0.00836	0.00202	0.00249	0.00890	0.00317	0.00285
19	0.04410	0.00892	0.01056	0.03300	0.01079	0.03822	0.00715	0.32327	0.01122	0.15789	0.00816	0.00912	0.00612	0.00512	0.00664	0.00130	0.30687	0.00329	0.00296	0.00531
20	0.00812	0.00812	0.01137	0.00975	0.00975	0.01137	0.00812	0.00893	0.00568	0.00893	0.00487	0.00812	0.00487	0.00650	0.01218	0.00162	0.86276	0.00325	0.00162	0.00406
21	0.07000	0.00925	0.00970	0.00792	0.01051	0.01042	0.00640	0.46404	0.33584	0.01990	0.01107	0.01064	0.00811	0.00461	0.00365	0.00117	0.00356	0.00359	0.00365	0.00599
22	0.00645	0.00322	0.00484	0.00484	0.00484	0.00322	0.00322	0.00484	0.00484	0.00645	0.00645	0.01128	0.00645	0.01289	0.01451	0.89201	0.00322	0.00322	0.00161	0.00161
23	0.00834	0.00689	0.00730	0.00661	0.00850	0.00763	0.00511	0.02712	0.59456	0.03918	0.03444	0.01889	0.19062	0.02268	0.00421	0.00130	0.00272	0.00502	0.00371	0.00519
