[name]
unknown

[dist]
# distance from previous block
# <min> <max>
5	379

[block]
# block no. 0 follows, 70 sequences, length 8
# corresponding to MSA columns:
# 611-618
name=unknown_A
#
# <colnr> <probs for GDERKNQSTAVLIFYWHMCP>
#	G	D	E	R	K	N	Q	S	T	A	V	L	I	F	Y	W	H	M	C	P
0	0.00824	0.00773	0.01067	0.09257	0.16306	0.05399	0.04425	0.06076	0.02489	0.01186	0.08022	0.09870	0.07094	0.00778	0.06304	0.00169	0.18764	0.00490	0.00252	0.00456
1	0.05414	0.00525	0.00639	0.00604	0.00754	0.00505	0.00472	0.08341	0.00964	0.20472	0.01996	0.28238	0.12570	0.00851	0.00440	0.00140	0.00285	0.12459	0.03892	0.00441
2	0.09842	0.01527	0.00992	0.00895	0.01101	0.61864	0.00679	0.01518	0.05110	0.08006	0.00787	0.04518	0.00654	0.00444	0.00351	0.00108	0.00590	0.00304	0.00244	0.00466
3	0.08950	0.07343	0.04471	0.17201	0.06574	0.18465	0.02936	0.13798	0.02988	0.06867	0.00777	0.00919	0.00599	0.02194	0.00386	0.00117	0.00486	0.00309	0.00248	0.04372
4	0.00493	0.00352	0.00449	0.00509	0.00540	0.00330	0.00338	0.00563	0.00756	0.01010	0.09937	0.61091	0.06509	0.14353	0.00718	0.00187	0.00243	0.00966	0.00347	0.00308
5	0.08012	0.00471	0.00543	0.00515	0.00635	0.00466	0.00389	0.00914	0.09323	0.04200	0.44972	0.10507	0.10570	0.00757	0.00423	0.00125	0.00215	0.00652	0.05916	0.00396
6	0.07398	0.18806	0.14035	0.05278	0.20369	0.09075	0.00895	0.06128	0.02926	0.03575	0.00855	0.03984	0.02265	0.00430	0.00350	0.00113	0.00457	0.02308	0.00224	0.00527
7	0.00506	0.00373	0.00484	0.00528	0.00589	0.00350	0.00382	0.00618	0.00849	0.01138	0.21393	0.43427	0.13645	0.01179	0.05768	0.00176	0.00273	0.07621	0.00366	0.00334

[dist]
# distance from previous block
# <min> <max>
2	31

[block]
# block no. 1 follows, 70 sequences, length 15
# corresponding to MSA columns:
# 653-667
name=unknown_B
#
# <colnr> <probs for GDERKNQSTAVLIFYWHMCP>
#	G	D	E	R	K	N	Q	S	T	A	V	L	I	F	Y	W	H	M	C	P
0	0.14123	0.04391	0.09750	0.20568	0.17675	0.03314	0.11000	0.03344	0.00859	0.05528	0.00804	0.02834	0.00653	0.00411	0.00372	0.00123	0.00474	0.03048	0.00221	0.00507
1	0.00957	0.03496	0.05480	0.02681	0.11179	0.12298	0.03342	0.06078	0.00813	0.01112	0.00663	0.00919	0.00582	0.00691	0.06641	0.00172	0.38362	0.00332	0.03733	0.00470
2	0.07391	0.07453	0.03312	0.11453	0.01192	0.02486	0.00643	0.10682	0.04223	0.06125	0.00829	0.04436	0.00682	0.00412	0.00376	0.00099	0.04523	0.00316	0.00258	0.33108
3	0.03386	0.15769	0.20439	0.07320	0.05466	0.05890	0.01857	0.07365	0.08467	0.01951	0.02166	0.02640	0.00725	0.00518	0.03218	0.00133	0.05181	0.00333	0.06664	0.00511
4	0.00741	0.04387	0.16870	0.04814	0.01015	0.00624	0.02259	0.06153	0.03496	0.05506	0.10300	0.23821	0.13223	0.00733	0.00421	0.00129	0.00338	0.00633	0.00312	0.04227
5	0.00964	0.00843	0.01180	0.18086	0.33930	0.08277	0.02135	0.04531	0.00930	0.07315	0.05939	0.05303	0.00934	0.02933	0.00433	0.00126	0.00440	0.00407	0.04780	0.00513
6	0.06451	0.00557	0.02241	0.00670	0.02383	0.02385	0.02226	0.02208	0.03491	0.02586	0.01555	0.25801	0.08905	0.07909	0.22149	0.00283	0.06914	0.00633	0.00279	0.00373
7	0.34235	0.26352	0.12898	0.03543	0.01078	0.03967	0.00698	0.07428	0.00847	0.04958	0.00641	0.00723	0.00500	0.00368	0.00287	0.00109	0.00404	0.00244	0.00225	0.00494
8	0.00542	0.00387	0.00518	0.00594	0.04117	0.00379	0.00381	0.00607	0.00716	0.00967	0.07526	0.40483	0.03809	0.22215	0.07876	0.04548	0.00345	0.03376	0.00305	0.00309
9	0.01091	0.04439	0.03897	0.00804	0.02338	0.07876	0.04165	0.14852	0.13778	0.14299	0.18183	0.02944	0.01426	0.00578	0.01708	0.00127	0.02197	0.01410	0.00353	0.03535
10	0.00572	0.00473	0.03897	0.00612	0.03241	0.00428	0.00441	0.00706	0.05220	0.01028	0.08488	0.32714	0.10339	0.07669	0.11843	0.10588	0.00376	0.00727	0.00302	0.00337
11	0.01003	0.12533	0.17891	0.00978	0.06587	0.02237	0.07955	0.17690	0.06498	0.04233	0.04944	0.04610	0.00887	0.02238	0.00411	0.00120	0.01169	0.00381	0.03806	0.03831
12	0.01009	0.20838	0.21379	0.01809	0.01196	0.02253	0.05016	0.11120	0.00984	0.10373	0.06960	0.04745	0.03317	0.00477	0.00399	0.00114	0.03896	0.00377	0.00264	0.03475
13	0.00524	0.00377	0.00428	0.00434	0.00492	0.00348	0.00287	0.00567	0.00737	0.00941	0.08770	0.10700	0.32312	0.32929	0.01114	0.07478	0.00277	0.00701	0.00303	0.00282
14	0.15651	0.00498	0.00550	0.00547	0.00666	0.00512	0.00415	0.03360	0.05731	0.02864	0.14714	0.22482	0.14162	0.04503	0.04592	0.00172	0.00297	0.07562	0.00342	0.00379

[dist]
# distance from previous block
# <min> <max>
0	1

[block]
# block no. 2 follows, 70 sequences, length 32
# corresponding to MSA columns:
# 669-700
name=unknown_C
#
# <colnr> <probs for GDERKNQSTAVLIFYWHMCP>
#	G	D	E	R	K	N	Q	S	T	A	V	L	I	F	Y	W	H	M	C	P
0	0.00938	0.02373	0.00837	0.05721	0.00977	0.04870	0.03779	0.14129	0.02822	0.10759	0.04400	0.12670	0.12086	0.00767	0.05735	0.00149	0.00382	0.00519	0.07056	0.09032
1	0.00851	0.00599	0.00766	0.22609	0.02827	0.00662	0.00605	0.06602	0.13742	0.05894	0.05696	0.01476	0.04988	0.00491	0.00356	0.00114	0.00318	0.00410	0.30536	0.00458
2	0.03211	0.00398	0.00468	0.00499	0.00593	0.00365	0.00378	0.00634	0.00872	0.01143	0.14303	0.24985	0.35921	0.01011	0.00473	0.00144	0.00231	0.13670	0.00365	0.00337
3	0.00907	0.00889	0.01554	0.21616	0.01838	0.03438	0.36338	0.05057	0.02748	0.03758	0.00836	0.04043	0.00665	0.00385	0.00405	0.00118	0.00521	0.00404	0.00224	0.14256
4	0.02883	0.02615	0.00865	0.06537	0.03523	0.07620	0.02040	0.12592	0.05246	0.11384	0.10890	0.12856	0.05851	0.05977	0.00527	0.00139	0.02968	0.00523	0.02526	0.02435
5	0.03195	0.00513	0.00656	0.00649	0.00776	0.00502	0.00510	0.09137	0.00958	0.16734	0.01837	0.37479	0.01927	0.00941	0.00469	0.00151	0.00302	0.22456	0.00381	0.00428
6	0.02473	0.03143	0.00534	0.00549	0.00605	0.00412	0.00384	0.04542	0.00806	0.01111	0.03870	0.70891	0.02301	0.01081	0.00463	0.00148	0.00239	0.00968	0.05136	0.00343
7	0.00618	0.13906	0.03728	0.00586	0.00696	0.03027	0.00463	0.00729	0.00808	0.01056	0.12461	0.46942	0.04420	0.03266	0.03266	0.00159	0.00309	0.02879	0.00318	0.00364
8	0.01197	0.01149	0.01136	0.10922	0.04973	0.23670	0.00805	0.25100	0.01145	0.03822	0.00776	0.03917	0.00642	0.00505	0.00567	0.00126	0.18430	0.00348	0.00259	0.00512
9	0.02899	0.19360	0.28795	0.00853	0.02821	0.03963	0.00879	0.07515	0.04053	0.05785	0.00788	0.00874	0.00604	0.00385	0.00350	0.00104	0.02554	0.00284	0.06376	0.10760
10	0.05990	0.09856	0.03499	0.02438	0.01068	0.08207	0.04024	0.23198	0.03595	0.17158	0.09227	0.03819	0.01068	0.04600	0.00451	0.00128	0.00403	0.00399	0.00335	0.00537
11	0.01005	0.02435	0.01326	0.12492	0.36959	0.02484	0.03923	0.14440	0.10910	0.01448	0.00883	0.01085	0.00707	0.00405	0.00383	0.00117	0.00441	0.02224	0.00251	0.06083
12	0.00820	0.05382	0.45782	0.01090	0.05285	0.00833	0.11166	0.01146	0.00844	0.05568	0.03703	0.11134	0.00921	0.00502	0.00418	0.00128	0.02467	0.02064	0.00222	0.00524
13	0.00557	0.00415	0.00508	0.03184	0.00638	0.00390	0.00373	0.00748	0.03652	0.01397	0.51774	0.05428	0.21764	0.00804	0.00441	0.00123	0.00202	0.00697	0.06539	0.00365
14	0.00769	0.00620	0.00941	0.49421	0.01846	0.00715	0.00807	0.01068	0.07881	0.07023	0.19880	0.01625	0.04772	0.00523	0.00407	0.00127	0.00396	0.00457	0.00279	0.00443
15	0.01646	0.00719	0.00927	0.00715	0.01008	0.00665	0.00589	0.15111	0.01226	0.67364	0.04839	0.01321	0.01022	0.00490	0.00392	0.00119	0.00340	0.00396	0.00463	0.00648
16	0.10788	0.00758	0.03298	0.00700	0.00989	0.00699	0.00590	0.13702	0.02740	0.54621	0.01371	0.03079	0.02561	0.00488	0.00375	0.00120	0.00340	0.00387	0.01781	0.00612
17	0.36581	0.00693	0.00728	0.00607	0.00858	0.00718	0.00494	0.01524	0.10055	0.35474	0.04062	0.01119	0.00866	0.00447	0.00328	0.00120	0.00304	0.00333	0.04155	0.00535
18	0.00526	0.00390	0.00558	0.00586	0.00641	0.00425	0.00435	0.00638	0.00667	0.00930	0.01473	0.28012	0.04007	0.03940	0.54329	0.00458	0.00746	0.00645	0.00260	0.00334
19	0.00732	0.00689	0.01163	0.85444	0.02670	0.00861	0.01077	0.00991	0.00775	0.00991	0.00689	0.01034	0.00517	0.00388	0.00388	0.00129	0.00517	0.00345	0.00172	0.00431
20	0.00759	0.00469	0.00570	0.00540	0.00677	0.00430	0.00413	0.04181	0.02864	0.15418	0.16882	0.20256	0.28337	0.00885	0.00454	0.00135	0.00244	0.05681	0.00394	0.00410
21	0.00678	0.00464	0.00546	0.00549	0.00655	0.00459	0.00413	0.05883	0.07945	0.04245	0.10022	0.30169	0.14342	0.00879	0.00436	0.00136	0.00245	0.07771	0.13772	0.00391
22	0.00732	0.00689	0.01163	0.85444	0.02670	0.00861	0.01077	0.00991	0.00775	0.00991	0.00689	0.01034	0.00517	0.00388	0.00388	0.00129	0.00517	0.00345	0.00172	0.00431
23	0.00664	0.00580	0.00841	0.03346	0.00868	0.00748	0.00632	0.00785	0.00620	0.00917	0.00865	0.03616	0.00832	0.01970	0.49405	0.00429	0.31903	0.00405	0.00197	0.00376
24	0.00888	0.00454	0.00589	0.00568	0.00694	0.00409	0.00419	0.02146	0.00887	0.26657	0.02055	0.46912	0.09508	0.00918	0.00446	0.00139	0.00255	0.00809	0.04816	0.00429
25	0.00492	0.00387	0.00435	0.00462	0.00547	0.00349	0.00327	0.00603	0.03206	0.01033	0.04886	0.30450	0.44369	0.08623	0.00604	0.00162	0.00227	0.02162	0.00351	0.00325
26	0.03506	0.03756	0.03184	0.05917	0.07762	0.10277	0.04368	0.09075	0.13568	0.05465	0.12507	0.11844	0.03928	0.00604	0.00406	0.00125	0.00386	0.02513	0.00317	0.00491
27	0.13171	0.40718	0.03597	0.03516	0.02975	0.12213	0.05124	0.05935	0.02795	0.05775	0.00674	0.00757	0.00546	0.00367	0.00302	0.00101	0.00451	0.00260	0.00218	0.00505
28	0.00957	0.02248	0.16199	0.10100	0.04646	0.02144	0.04426	0.14043	0.03038	0.08205	0.03476	0.03741	0.03828	0.00602	0.05646	0.00143	0.00461	0.00378	0.00270	0.15449
29	0.06876	0.05657	0.20444	0.04481	0.13510	0.06822	0.02208	0.14204	0.04741	0.06954	0.00966	0.05606	0.02425	0.00504	0.02028	0.00129	0.00465	0.00370	0.01067	0.00546
30	0.01053	0.11388	0.00967	0.00678	0.00881	0.00868	0.00543	0.30934	0.05765	0.07020	0.03286	0.01542	0.07554	0.15476	0.05298	0.05113	0.00407	0.00425	0.00317	0.00486
31	0.00582	0.00402	0.00489	0.00494	0.00586	0.00357	0.00350	0.00678	0.00838	0.06056	0.14190	0.35318	0.23223	0.09115	0.00603	0.00159	0.00236	0.00830	0.00358	0.05134

[dist]
# distance from previous block
# <min> <max>
4	7

[block]
# block no. 3 follows, 70 sequences, length 13
# corresponding to MSA columns:
# 708-720
name=unknown_D
#
# <colnr> <probs for GDERKNQSTAVLIFYWHMCP>
#	G	D	E	R	K	N	Q	S	T	A	V	L	I	F	Y	W	H	M	C	P
0	0.00700	0.00494	0.00731	0.00738	0.04594	0.00470	0.07501	0.03030	0.03064	0.09090	0.01862	0.54717	0.04815	0.05586	0.00549	0.00159	0.00298	0.00866	0.00345	0.00393
1	0.09236	0.03379	0.01256	0.13262	0.13780	0.12595	0.08900	0.04290	0.03077	0.01183	0.00708	0.02649	0.00603	0.00524	0.02800	0.00141	0.18751	0.00343	0.00207	0.02315
2	0.00600	0.00479	0.00547	0.00552	0.00658	0.00482	0.00402	0.00935	0.20535	0.01229	0.14059	0.31463	0.22477	0.03135	0.00495	0.00145	0.00235	0.00802	0.00374	0.00395
3	0.02767	0.57495	0.08626	0.00717	0.01036	0.01259	0.02504	0.01137	0.03696	0.01023	0.00711	0.06288	0.00664	0.00406	0.00316	0.00095	0.02799	0.00292	0.00194	0.07973
4	0.00713	0.00661	0.08954	0.00659	0.00800	0.02287	0.00563	0.04234	0.02485	0.04445	0.06969	0.07149	0.12158	0.01405	0.23418	0.13325	0.05980	0.01812	0.00265	0.01718
5	0.00520	0.00368	0.00467	0.00508	0.00547	0.00363	0.00346	0.00591	0.00699	0.00942	0.01873	0.38787	0.09746	0.22678	0.14291	0.00282	0.00391	0.02930	0.03367	0.00304
6	0.00509	0.00394	0.00461	0.00475	0.00566	0.00358	0.00346	0.00646	0.03073	0.01165	0.22925	0.22634	0.35704	0.05057	0.00540	0.00149	0.00218	0.04072	0.00371	0.00338
7	0.00828	0.00517	0.00596	0.00532	0.00699	0.00486	0.00419	0.08124	0.04370	0.15356	0.16870	0.02691	0.34801	0.00763	0.00427	0.00125	0.00248	0.04423	0.07291	0.00435
8	0.00676	0.00601	0.00920	0.34020	0.13781	0.00659	0.00785	0.00872	0.01990	0.01073	0.03369	0.08214	0.19500	0.00672	0.00463	0.01841	0.01818	0.08073	0.00256	0.00416
9	0.01307	0.00926	0.00993	0.00786	0.01050	0.01018	0.00641	0.58777	0.09271	0.04693	0.01066	0.01078	0.00774	0.00469	0.00369	0.00113	0.00371	0.00361	0.15332	0.00605
10	0.00478	0.00350	0.00438	0.00506	0.00544	0.00322	0.00339	0.00544	0.00751	0.00979	0.02354	0.65751	0.15757	0.08200	0.00611	0.00171	0.00233	0.01011	0.00350	0.00310
11	0.02921	0.25934	0.02994	0.00690	0.00948	0.02583	0.02795	0.11057	0.08130	0.14106	0.10995	0.03590	0.10624	0.00540	0.00364	0.00112	0.00350	0.00432	0.00321	0.00512
12	0.00831	0.00775	0.01087	0.16550	0.32260	0.05606	0.00843	0.05517	0.03159	0.01231	0.06524	0.07464	0.13614	0.00606	0.02144	0.00134	0.00416	0.00491	0.00257	0.00488

[dist]
# distance from previous block
# <min> <max>
0	2

[block]
# block no. 4 follows, 70 sequences, length 16
# corresponding to MSA columns:
# 723-738
name=unknown_E
#
# <colnr> <probs for GDERKNQSTAVLIFYWHMCP>
#	G	D	E	R	K	N	Q	S	T	A	V	L	I	F	Y	W	H	M	C	P
0	0.04128	0.03370	0.01109	0.04867	0.03650	0.30084	0.10625	0.06081	0.03977	0.06765	0.04360	0.12938	0.01023	0.01846	0.03334	0.00140	0.00521	0.00450	0.00268	0.00466
1	0.01069	0.08439	0.03482	0.08740	0.26789	0.00960	0.00860	0.23592	0.03665	0.05346	0.07088	0.03414	0.00918	0.00448	0.00379	0.00114	0.00411	0.00381	0.00284	0.03620
2	0.01256	0.01121	0.00930	0.00807	0.00981	0.33253	0.00621	0.10180	0.01028	0.16333	0.00932	0.01161	0.00765	0.11369	0.03932	0.00167	0.08721	0.00347	0.05626	0.00472
3	0.02288	0.09302	0.24059	0.01958	0.03303	0.03378	0.13510	0.10738	0.02643	0.05750	0.04485	0.06431	0.00921	0.00582	0.03624	0.00143	0.02422	0.03687	0.00253	0.00521
4	0.02892	0.01693	0.04251	0.00549	0.00685	0.00456	0.00453	0.02686	0.00945	0.04633	0.26530	0.09811	0.27108	0.02794	0.00503	0.00141	0.01732	0.11396	0.00364	0.00378
5	0.00778	0.02005	0.84367	0.01105	0.01678	0.00900	0.01432	0.01228	0.00818	0.01228	0.00696	0.00818	0.00491	0.00368	0.00368	0.00123	0.00573	0.00286	0.00164	0.00573
6	0.00757	0.00705	0.01182	0.66968	0.14393	0.00839	0.01059	0.01006	0.00800	0.01044	0.00797	0.01273	0.00660	0.00433	0.00398	0.00131	0.00497	0.06418	0.00189	0.00452
7	0.00800	0.01328	0.44387	0.00877	0.01249	0.00760	0.00976	0.05264	0.10945	0.04702	0.09338	0.11767	0.04809	0.00570	0.00402	0.00128	0.00426	0.00477	0.00274	0.00523
8	0.00906	0.01086	0.06349	0.01584	0.01970	0.00984	0.75386	0.01229	0.00898	0.01229	0.00769	0.01027	0.00580	0.00342	0.00484	0.00132	0.03883	0.00444	0.00193	0.00522
9	0.01631	0.00672	0.00891	0.00690	0.00975	0.00602	0.00567	0.07860	0.01162	0.71942	0.07603	0.01408	0.01138	0.00502	0.00395	0.00120	0.00326	0.00410	0.00469	0.00638
10	0.00480	0.00349	0.00448	0.00522	0.00558	0.00323	0.00354	0.00553	0.00763	0.01005	0.04463	0.69985	0.11184	0.04645	0.00551	0.00163	0.00230	0.02753	0.00357	0.00315
11	0.00885	0.00845	0.01438	0.29765	0.57158	0.00901	0.01152	0.01124	0.00847	0.01176	0.00716	0.00984	0.00582	0.00359	0.00385	0.00120	0.00479	0.00345	0.00185	0.00554
12	0.00498	0.00352	0.00445	0.00509	0.00532	0.00333	0.00333	0.00552	0.00708	0.00938	0.01988	0.60323	0.05728	0.21979	0.00855	0.00210	0.00264	0.02828	0.00329	0.00297
13	0.00565	0.00416	0.00483	0.00466	0.00583	0.00378	0.00353	0.00741	0.04114	0.03559	0.36361	0.06005	0.37340	0.00862	0.00449	0.00127	0.00203	0.02657	0.03972	0.00365
14	0.00732	0.00689	0.01163	0.85444	0.02670	0.00861	0.01077	0.00991	0.00775	0.00991	0.00689	0.01034	0.00517	0.00388	0.00388	0.00129	0.00517	0.00345	0.00172	0.00431
15	0.02574	0.00920	0.10318	0.14515	0.21987	0.00820	0.00908	0.07812	0.07162	0.25957	0.01042	0.01100	0.00737	0.00419	0.00381	0.00121	0.00421	0.00357	0.01856	0.00590

[dist]
# distance from previous block
# <min> <max>
6	56

[block]
# block no. 5 follows, 70 sequences, length 15
# corresponding to MSA columns:
# 795-797,800-811
name=unknown_F
#
# <colnr> <probs for GDERKNQSTAVLIFYWHMCP>
#	G	D	E	R	K	N	Q	S	T	A	V	L	I	F	Y	W	H	M	C	P
0	0.15673	0.04862	0.17380	0.05027	0.03971	0.02190	0.04409	0.00966	0.00772	0.03360	0.01163	0.25131	0.02148	0.05250	0.00465	0.00140	0.00381	0.00534	0.00254	0.05926
1	0.00505	0.00377	0.00436	0.00456	0.00518	0.00349	0.00309	0.00577	0.00766	0.00983	0.08659	0.22253	0.30844	0.25993	0.03687	0.00225	0.00285	0.02156	0.00323	0.00302
2	0.01108	0.00926	0.00978	0.00771	0.01054	0.07990	0.02543	0.27276	0.12261	0.03661	0.00957	0.03762	0.00759	0.00432	0.00370	0.00099	0.01930	0.00340	0.02068	0.30715
3	0.00929	0.04113	0.05234	0.14291	0.07226	0.04593	0.05594	0.12622	0.03681	0.05514	0.06485	0.06433	0.07462	0.00509	0.00385	0.00114	0.00398	0.00436	0.02165	0.11815
4	0.27624	0.00937	0.07136	0.00721	0.01017	0.05360	0.00627	0.15922	0.05184	0.27104	0.00986	0.00961	0.00682	0.00424	0.00337	0.00117	0.00374	0.00310	0.00339	0.03839
5	0.00512	0.00384	0.00464	0.00470	0.00553	0.00348	0.00340	0.00634	0.00923	0.01230	0.37077	0.18305	0.26478	0.07825	0.00588	0.00153	0.00214	0.02788	0.00378	0.00335
6	0.00717	0.00490	0.00593	0.00564	0.00696	0.00477	0.00433	0.01015	0.14335	0.09673	0.32095	0.12436	0.17023	0.00822	0.00451	0.00133	0.00239	0.06984	0.00402	0.00422
7	0.00898	0.00925	0.01335	0.34338	0.11489	0.12137	0.14736	0.02524	0.00852	0.01094	0.00728	0.01007	0.00582	0.00528	0.04691	0.00150	0.07428	0.00355	0.03737	0.00467
8	0.03111	0.00750	0.00846	0.00689	0.00934	0.00774	0.00555	0.22941	0.17402	0.23319	0.02916	0.01343	0.04146	0.00494	0.00368	0.00114	0.00318	0.00395	0.13591	0.04995
9	0.00484	0.00367	0.00442	0.00479	0.00548	0.00330	0.00335	0.00578	0.00841	0.01095	0.16421	0.42466	0.28874	0.04231	0.00532	0.00151	0.00214	0.00923	0.00367	0.00324
10	0.00631	0.00450	0.00515	0.00486	0.00618	0.00410	0.00368	0.04467	0.03142	0.06869	0.26199	0.10480	0.42166	0.00879	0.00452	0.00129	0.00217	0.00750	0.00389	0.00382
11	0.01576	0.00796	0.00964	0.00748	0.01039	0.00787	0.00615	0.28466	0.05007	0.50264	0.01324	0.01202	0.00872	0.00476	0.00385	0.00118	0.00355	0.00377	0.03983	0.00646
12	0.00542	0.00382	0.00443	0.00441	0.00537	0.00347	0.00326	0.00684	0.00938	0.01308	0.34289	0.12625	0.28602	0.00842	0.00429	0.00123	0.00192	0.00726	0.15878	0.00347
13	0.20681	0.00584	0.00678	0.00572	0.00785	0.00562	0.00458	0.01318	0.00961	0.37606	0.16628	0.06154	0.05316	0.00573	0.00371	0.00121	0.00276	0.00464	0.05391	0.00501
14	0.00974	0.12478	0.45626	0.00968	0.01387	0.12873	0.01079	0.08207	0.03617	0.02488	0.00795	0.01009	0.00634	0.02096	0.00392	0.00122	0.00532	0.03974	0.00211	0.00539

[dist]
# distance from previous block
# <min> <max>
2	32

[block]
# block no. 6 follows, 70 sequences, length 35
# corresponding to MSA columns:
# 855-889
name=unknown_G
#
# <colnr> <probs for GDERKNQSTAVLIFYWHMCP>
#	G	D	E	R	K	N	Q	S	T	A	V	L	I	F	Y	W	H	M	C	P
0	0.02122	0.00799	0.01111	0.41013	0.06637	0.06076	0.04405	0.06953	0.00923	0.06714	0.04754	0.02468	0.00755	0.00413	0.00377	0.00115	0.00455	0.00358	0.00237	0.13317
1	0.00545	0.00385	0.00494	0.00555	0.00592	0.00375	0.00389	0.02981	0.00762	0.01011	0.01901	0.53120	0.02218	0.18573	0.00801	0.00204	0.00283	0.14161	0.00335	0.00315
2	0.00759	0.00653	0.01053	0.44930	0.10657	0.00748	0.02825	0.02883	0.00851	0.03728	0.12251	0.06247	0.01137	0.02072	0.05311	0.00161	0.02606	0.00449	0.00238	0.00441
3	0.04746	0.00976	0.03029	0.19527	0.06884	0.17770	0.00763	0.04680	0.08257	0.04598	0.02942	0.01183	0.04322	0.01605	0.02419	0.00130	0.04326	0.01374	0.00248	0.10221
4	0.00878	0.00477	0.00586	0.00532	0.00701	0.00418	0.00423	0.01011	0.00971	0.26140	0.11739	0.05339	0.36918	0.00816	0.00443	0.00132	0.00253	0.09578	0.02211	0.00435
5	0.01082	0.00510	0.00597	0.00510	0.00681	0.00489	0.00404	0.07377	0.00997	0.26999	0.06065	0.01451	0.01111	0.00481	0.00327	0.00103	0.00245	0.00389	0.49705	0.00476
6	0.00499	0.00384	0.00456	0.00492	0.00570	0.00351	0.00353	0.00621	0.02997	0.01093	0.12041	0.37888	0.32138	0.03579	0.00520	0.00151	0.00223	0.04948	0.00365	0.00333
7	0.01039	0.01397	0.47613	0.00951	0.01380	0.00750	0.03978	0.01361	0.00909	0.25419	0.01099	0.05022	0.00843	0.00485	0.00395	0.00128	0.00475	0.05908	0.00279	0.00570
8	0.00895	0.00772	0.00810	0.00735	0.00942	0.00877	0.00570	0.01853	0.71936	0.01543	0.01901	0.01760	0.12537	0.00589	0.00403	0.00131	0.00292	0.00491	0.00390	0.00574
9	0.00516	0.00361	0.00461	0.00517	0.00571	0.00329	0.00357	0.00601	0.00806	0.03647	0.09334	0.63293	0.15536	0.01119	0.00483	0.00149	0.00220	0.01001	0.00369	0.00332
10	0.01047	0.00488	0.00603	0.00539	0.00702	0.00451	0.00416	0.01223	0.04061	0.32403	0.01711	0.18841	0.06174	0.00652	0.00377	0.00119	0.00251	0.00553	0.28917	0.00471
11	0.00778	0.02005	0.84367	0.01105	0.01678	0.00900	0.01432	0.01228	0.00818	0.01228	0.00696	0.00818	0.00491	0.00368	0.00368	0.00123	0.00573	0.00286	0.00164	0.00573
12	0.00490	0.00369	0.00444	0.00494	0.00556	0.00336	0.00348	0.00572	0.00790	0.01011	0.04289	0.43501	0.28452	0.09279	0.00627	0.00171	0.00240	0.07365	0.00349	0.00316
13	0.11934	0.00512	0.00589	0.00552	0.00704	0.00507	0.00428	0.01136	0.06301	0.20538	0.04140	0.21058	0.02939	0.00687	0.00381	0.00126	0.00260	0.05775	0.20990	0.00443
14	0.00514	0.00373	0.00466	0.00488	0.00544	0.00351	0.00337	0.00612	0.00833	0.01124	0.27133	0.31019	0.13379	0.16200	0.04667	0.00203	0.00273	0.00815	0.00351	0.00319
15	0.00672	0.00600	0.01720	0.06677	0.12989	0.00584	0.09656	0.02789	0.05447	0.01182	0.09323	0.29654	0.12761	0.03528	0.00497	0.00144	0.00336	0.00715	0.00308	0.00420
16	0.01149	0.26325	0.03802	0.05007	0.08842	0.32016	0.02273	0.03087	0.00935	0.03578	0.00702	0.00886	0.00601	0.05323	0.00420	0.00115	0.00524	0.00285	0.03653	0.00478
17	0.00796	0.00654	0.00763	0.00569	0.00876	0.00508	0.00450	0.02895	0.00843	0.03222	0.02462	0.05433	0.06525	0.00401	0.00317	0.00072	0.00280	0.00330	0.00259	0.72344
18	0.03241	0.08417	0.32895	0.08435	0.08610	0.00908	0.03922	0.07175	0.02283	0.08455	0.00878	0.02808	0.00696	0.00437	0.00393	0.00121	0.02511	0.03799	0.01356	0.02659
19	0.00598	0.00395	0.00506	0.00540	0.00612	0.00370	0.00391	0.02303	0.00862	0.05772	0.14564	0.47407	0.09733	0.03111	0.00509	0.00152	0.00239	0.07975	0.03607	0.00353
20	0.00553	0.00385	0.00491	0.00505	0.00578	0.00355	0.00366	0.00668	0.00904	0.03207	0.35450	0.27108	0.13294	0.06233	0.00598	0.02920	0.00227	0.05444	0.00376	0.00338
21	0.00955	0.03119	0.00807	0.03971	0.08803	0.00588	0.00546	0.03855	0.02575	0.22461	0.15414	0.01976	0.14116	0.07123	0.06581	0.00176	0.02399	0.00509	0.03556	0.00470
22	0.03707	0.03289	0.14359	0.12924	0.11316	0.05327	0.04697	0.07187	0.00926	0.09916	0.04959	0.10307	0.00968	0.00593	0.03034	0.00142	0.05150	0.00434	0.00260	0.00504
23	0.03391	0.00679	0.00817	0.10602	0.01066	0.00710	0.00575	0.19506	0.05692	0.23934	0.03137	0.01262	0.00913	0.00465	0.00353	0.00112	0.00325	0.00373	0.25556	0.00532
24	0.61517	0.05762	0.00783	0.05717	0.00933	0.06453	0.00534	0.02654	0.00723	0.01531	0.00575	0.00703	0.00462	0.00394	0.00349	0.00121	0.07682	0.00238	0.02439	0.00430
25	0.73457	0.00758	0.00644	0.00554	0.00805	0.00852	0.00456	0.05920	0.00781	0.11802	0.00683	0.00731	0.00499	0.00381	0.00267	0.00120	0.00311	0.00240	0.00278	0.00463
26	0.00529	0.00385	0.00465	0.00495	0.00548	0.00366	0.00342	0.00628	0.02599	0.01026	0.11763	0.29200	0.16332	0.25584	0.00910	0.00213	0.00272	0.07700	0.00332	0.00310
27	0.10461	0.00864	0.01112	0.30716	0.13016	0.07252	0.02843	0.11895	0.02030	0.04726	0.00801	0.03611	0.00641	0.00466	0.01956	0.00129	0.01668	0.00348	0.00238	0.05227
28	0.00798	0.00589	0.00681	0.00606	0.00776	0.00594	0.00463	0.04788	0.23059	0.06701	0.18426	0.08062	0.09403	0.05939	0.05357	0.00164	0.00313	0.00549	0.02111	0.10622
29	0.00487	0.00378	0.00442	0.00484	0.00559	0.00344	0.00339	0.00603	0.03451	0.01049	0.05815	0.45506	0.35265	0.02774	0.00505	0.00149	0.00217	0.00941	0.00361	0.00330
30	0.04401	0.02144	0.08851	0.03593	0.00942	0.02838	0.03017	0.05698	0.07797	0.06710	0.06791	0.25397	0.12752	0.00773	0.00465	0.00136	0.03930	0.03001	0.00326	0.00439
31	0.09613	0.14009	0.09048	0.12041	0.15838	0.04032	0.06195	0.06938	0.00893	0.05694	0.00861	0.04083	0.03058	0.00439	0.00413	0.00119	0.05634	0.00353	0.00227	0.00513
32	0.01219	0.00859	0.00849	0.00721	0.00926	0.13983	0.00559	0.18539	0.05710	0.23683	0.08409	0.09897	0.04351	0.07858	0.00536	0.00143	0.00383	0.00490	0.00370	0.00516
33	0.00507	0.00372	0.00462	0.00503	0.00563	0.00345	0.00352	0.00625	0.02360	0.01135	0.19699	0.47048	0.16109	0.04177	0.00528	0.00152	0.00219	0.02035	0.02479	0.00332
34	0.16719	0.00665	0.00830	0.00765	0.03928	0.03826	0.10043	0.04801	0.04570	0.05451	0.05244	0.20001	0.15548	0.00725	0.00415	0.00134	0.00334	0.05255	0.00318	0.00428

[dist]
# distance from previous block
# <min> <max>
6	9

[block]
# block no. 7 follows, 70 sequences, length 20
# corresponding to MSA columns:
# 901-920
name=unknown_H
#
# <colnr> <probs for GDERKNQSTAVLIFYWHMCP>
#	G	D	E	R	K	N	Q	S	T	A	V	L	I	F	Y	W	H	M	C	P
0	0.08355	0.00980	0.04125	0.00793	0.01087	0.10551	0.02778	0.24516	0.02493	0.29755	0.02689	0.01057	0.00783	0.00442	0.00366	0.00112	0.00407	0.00341	0.01791	0.06577
1	0.03520	0.04110	0.42237	0.00938	0.01371	0.02656	0.03329	0.13557	0.01006	0.11706	0.00864	0.03205	0.00640	0.00410	0.00364	0.00115	0.00477	0.00325	0.00252	0.08920
2	0.02493	0.00723	0.00790	0.00678	0.00879	0.03098	0.00534	0.23757	0.12078	0.14213	0.04201	0.12575	0.11325	0.00754	0.04294	0.00147	0.00352	0.00532	0.06061	0.00515
3	0.00661	0.00400	0.00501	0.00515	0.00607	0.00365	0.00377	0.00777	0.00875	0.10765	0.14686	0.38214	0.15288	0.00943	0.00450	0.00137	0.00227	0.04254	0.09589	0.00371
4	0.02830	0.00488	0.00584	0.00563	0.00700	0.00465	0.00426	0.02312	0.08763	0.16997	0.03846	0.30409	0.20869	0.00878	0.00442	0.00138	0.00255	0.04725	0.03888	0.00425
5	0.11513	0.17280	0.03347	0.03463	0.01027	0.03230	0.03299	0.08496	0.10129	0.15873	0.01177	0.11451	0.01026	0.00553	0.00366	0.00122	0.00369	0.05446	0.01321	0.00511
6	0.04942	0.00700	0.00793	0.00676	0.00889	0.00735	0.00534	0.12148	0.28198	0.17954	0.13484	0.03458	0.05160	0.00594	0.00428	0.02828	0.00298	0.00467	0.03148	0.02566
7	0.00522	0.00377	0.00455	0.00488	0.00538	0.00355	0.00336	0.00597	0.00762	0.00997	0.09888	0.27053	0.17989	0.28162	0.00958	0.00221	0.00277	0.09397	0.00326	0.00301
8	0.00482	0.00353	0.00455	0.00526	0.00569	0.00325	0.00364	0.00565	0.00788	0.01039	0.07345	0.67225	0.12599	0.01154	0.00490	0.00153	0.00225	0.04658	0.00364	0.00321
9	0.02541	0.04761	0.06787	0.00988	0.07155	0.02631	0.08789	0.04756	0.00748	0.01073	0.00798	0.01154	0.00719	0.04195	0.29788	0.01717	0.20394	0.00371	0.00201	0.00436
10	0.00513	0.00376	0.00488	0.00556	0.00607	0.00358	0.00399	0.00640	0.03468	0.01083	0.08953	0.60197	0.08123	0.01123	0.00491	0.00155	0.00239	0.11528	0.00366	0.00335
11	0.00523	0.00379	0.00493	0.00556	0.00607	0.00361	0.00403	0.00640	0.02374	0.01084	0.11047	0.51017	0.06987	0.06036	0.00580	0.00168	0.00253	0.15802	0.00360	0.00330
12	0.01160	0.50577	0.06526	0.00782	0.01095	0.17501	0.00727	0.08993	0.04757	0.03689	0.00675	0.00737	0.00559	0.00373	0.00299	0.00095	0.00472	0.00250	0.00213	0.00518
13	0.00984	0.06171	0.00966	0.00826	0.04233	0.06920	0.00627	0.13508	0.20331	0.04611	0.01157	0.07011	0.01038	0.08569	0.03863	0.03692	0.10288	0.04419	0.00300	0.00486
14	0.00811	0.00859	0.09295	0.04670	0.02725	0.00672	0.04485	0.01014	0.00788	0.01211	0.00676	0.00835	0.00558	0.00345	0.00415	0.00084	0.09515	0.00265	0.00212	0.60565
15	0.03903	0.04604	0.10474	0.14956	0.14262	0.08886	0.12769	0.04643	0.03577	0.08086	0.00835	0.01994	0.00654	0.00414	0.00418	0.00121	0.03992	0.01688	0.00902	0.02823
16	0.01002	0.00865	0.00960	0.11948	0.03182	0.03346	0.00698	0.13546	0.53223	0.01609	0.01408	0.01371	0.04096	0.00508	0.00393	0.00128	0.00362	0.00420	0.00353	0.00581
17	0.00778	0.00688	0.01151	0.81572	0.02593	0.00848	0.01054	0.01032	0.00790	0.04793	0.00727	0.01047	0.00537	0.00392	0.00388	0.00129	0.00508	0.00347	0.00186	0.00441
18	0.02959	0.02137	0.05369	0.05877	0.28233	0.02068	0.16730	0.06507	0.02004	0.03551	0.02295	0.01167	0.03536	0.00420	0.00430	0.00119	0.04639	0.01447	0.06660	0.03852
19	0.00580	0.00467	0.02112	0.00599	0.00664	0.00505	0.00462	0.00696	0.00680	0.00969	0.05894	0.09680	0.07094	0.13170	0.42125	0.00408	0.08710	0.00531	0.04313	0.00340

[dist]
# distance from previous block
# <min> <max>
1	3

[block]
# block no. 8 follows, 70 sequences, length 7
# corresponding to MSA columns:
# 924-930
name=unknown_I
#
# <colnr> <probs for GDERKNQSTAVLIFYWHMCP>
#	G	D	E	R	K	N	Q	S	T	A	V	L	I	F	Y	W	H	M	C	P
0	0.38695	0.20965	0.01113	0.00746	0.04141	0.13312	0.02657	0.05676	0.00836	0.01387	0.00610	0.00722	0.00503	0.00471	0.03930	0.00128	0.00439	0.00244	0.00220	0.03206
1	0.00655	0.00491	0.00588	0.03601	0.02306	0.02233	0.00414	0.03833	0.04709	0.01146	0.16693	0.10340	0.04151	0.26817	0.09870	0.00254	0.02377	0.00577	0.08598	0.00351
2	0.03240	0.34844	0.20676	0.05610	0.01234	0.12029	0.00853	0.02894	0.00853	0.01097	0.03466	0.00838	0.00631	0.00398	0.00371	0.00106	0.05667	0.00274	0.04429	0.00491
3	0.00528	0.00396	0.00491	0.00530	0.00596	0.00373	0.00367	0.00674	0.05817	0.01094	0.10874	0.55872	0.10788	0.05291	0.00546	0.00156	0.00233	0.00926	0.00357	0.04092
4	0.11705	0.10816	0.35549	0.06331	0.01395	0.04152	0.00998	0.13703	0.03137	0.03574	0.00728	0.00832	0.00542	0.00403	0.00388	0.00119	0.04574	0.00290	0.00224	0.00542
5	0.02941	0.00684	0.00829	0.05090	0.00961	0.05746	0.06412	0.10849	0.04988	0.10892	0.17642	0.05493	0.10053	0.05691	0.03377	0.00155	0.00367	0.02042	0.05335	0.00453
6	0.02937	0.00400	0.00497	0.00522	0.00604	0.00366	0.00371	0.00688	0.00826	0.06381	0.11551	0.49010	0.14755	0.03612	0.00510	0.00150	0.00234	0.02714	0.00363	0.03509

[dist]
# distance from previous block
# <min> <max>
0	20

[block]
# block no. 9 follows, 70 sequences, length 8
# corresponding to MSA columns:
# 951-958
name=unknown_J
#
# <colnr> <probs for GDERKNQSTAVLIFYWHMCP>
#	G	D	E	R	K	N	Q	S	T	A	V	L	I	F	Y	W	H	M	C	P
0	0.03790	0.00462	0.00534	0.00530	0.00619	0.02408	0.00373	0.00822	0.03467	0.10599	0.13972	0.32020	0.10251	0.17478	0.00745	0.00184	0.00274	0.00756	0.00352	0.00364
1	0.01392	0.00848	0.00974	0.00780	0.01053	0.00892	0.00633	0.31792	0.21742	0.29528	0.05225	0.01282	0.01032	0.00501	0.00393	0.00122	0.00353	0.00402	0.00422	0.00634
2	0.09727	0.00667	0.00729	0.00602	0.00836	0.03188	0.00480	0.04411	0.06718	0.13638	0.11794	0.01725	0.13319	0.00550	0.00386	0.00107	0.02014	0.03202	0.00332	0.25575
3	0.00547	0.00381	0.00472	0.00481	0.00507	0.00390	0.00311	0.00595	0.00630	0.00855	0.04744	0.12347	0.04355	0.51985	0.19390	0.00384	0.00485	0.00611	0.00256	0.00277
4	0.01100	0.00846	0.00902	0.00766	0.01002	0.00945	0.00608	0.25624	0.46216	0.05020	0.01499	0.01419	0.05694	0.00528	0.00388	0.00124	0.00329	0.00427	0.05966	0.00597
5	0.01044	0.57289	0.18686	0.00794	0.01163	0.07542	0.00831	0.06737	0.00887	0.01083	0.00602	0.00689	0.00507	0.00353	0.00290	0.00095	0.00469	0.00236	0.00183	0.00520
6	0.00942	0.01976	0.00801	0.02121	0.00858	0.00681	0.01873	0.09413	0.14170	0.14268	0.06342	0.08720	0.05059	0.15517	0.02379	0.03201	0.06729	0.00507	0.00331	0.04112
7	0.02877	0.04860	0.01100	0.05675	0.01150	0.15449	0.08865	0.11399	0.04477	0.01238	0.03482	0.09521	0.00933	0.00894	0.12948	0.00198	0.10852	0.00427	0.00251	0.03404

[dist]
# distance from previous block
# <min> <max>
6	23

[block]
# block no. 10 follows, 70 sequences, length 16
# corresponding to MSA columns:
# 983-998
name=unknown_K
#
# <colnr> <probs for GDERKNQSTAVLIFYWHMCP>
#	G	D	E	R	K	N	Q	S	T	A	V	L	I	F	Y	W	H	M	C	P
0	0.04125	0.00428	0.02592	0.00553	0.00614	0.00391	0.00410	0.00641	0.00751	0.01034	0.05081	0.42663	0.06293	0.16352	0.03021	0.00207	0.00304	0.13892	0.00326	0.00322
1	0.00879	0.00981	0.08140	0.12055	0.17372	0.06912	0.23350	0.02088	0.06422	0.02347	0.03109	0.11122	0.02470	0.00492	0.00418	0.00127	0.00495	0.00478	0.00237	0.00505
2	0.05223	0.01041	0.01186	0.04319	0.07912	0.17140	0.11109	0.15582	0.07194	0.11696	0.01865	0.01044	0.00728	0.01378	0.00449	0.00122	0.05739	0.00355	0.05384	0.00535
3	0.04797	0.00944	0.00937	0.00763	0.01016	0.09674	0.00614	0.36177	0.10086	0.15908	0.01208	0.01185	0.04069	0.00482	0.00369	0.00115	0.00384	0.00370	0.10329	0.00576
4	0.06522	0.00728	0.00958	0.09937	0.13571	0.00768	0.00701	0.15615	0.02923	0.17106	0.07776	0.01553	0.06375	0.00535	0.00425	0.00124	0.03822	0.04614	0.05419	0.00525
5	0.04367	0.00647	0.00874	0.08052	0.17768	0.03942	0.01766	0.03083	0.03030	0.04507	0.01481	0.12315	0.08063	0.05651	0.08119	0.00193	0.00435	0.12906	0.02365	0.00435
6	0.08618	0.00589	0.00679	0.00620	0.00783	0.03915	0.00479	0.03462	0.05100	0.25109	0.17442	0.24019	0.01906	0.00753	0.00424	0.00133	0.00289	0.04822	0.00393	0.00465
7	0.00514	0.00394	0.00449	0.00460	0.00569	0.00345	0.00346	0.00627	0.00900	0.02882	0.15603	0.16213	0.51352	0.00985	0.00468	0.00137	0.00213	0.06830	0.00372	0.00340
8	0.06317	0.00726	0.00862	0.00712	0.00932	0.00755	0.04277	0.23758	0.11574	0.14218	0.13842	0.07634	0.07121	0.00600	0.00400	0.00123	0.00320	0.00503	0.04798	0.00526
9	0.01063	0.00741	0.00974	0.13277	0.06081	0.00789	0.03004	0.17480	0.14474	0.15737	0.06819	0.05402	0.04664	0.00627	0.02805	0.00141	0.00389	0.03716	0.01279	0.00538
10	0.00823	0.00492	0.00612	0.00583	0.00716	0.00473	0.00451	0.02920	0.07812	0.16742	0.16080	0.16727	0.11440	0.06116	0.00542	0.00152	0.00273	0.12751	0.03870	0.00426
11	0.00494	0.00350	0.00448	0.00517	0.00541	0.00331	0.00341	0.00553	0.00717	0.00950	0.02015	0.64588	0.05008	0.17824	0.00783	0.00200	0.00257	0.03444	0.00335	0.00301
12	0.00949	0.00892	0.01355	0.30992	0.36708	0.06348	0.04207	0.02764	0.04132	0.04519	0.00773	0.01002	0.00606	0.00387	0.00410	0.00122	0.02745	0.00349	0.00209	0.00534
13	0.01331	0.06050	0.01129	0.00863	0.01130	0.17196	0.00698	0.48484	0.10555	0.01923	0.06036	0.01047	0.00862	0.00472	0.00378	0.00113	0.00450	0.00353	0.00342	0.00587
14	0.00644	0.02097	0.00558	0.00532	0.00550	0.00406	0.00369	0.00564	0.00551	0.00745	0.00866	0.06597	0.00900	0.10103	0.13659	0.57464	0.02563	0.00416	0.00193	0.00223
15	0.01253	0.01133	0.02609	0.00785	0.01064	0.27741	0.00628	0.13379	0.03324	0.14901	0.00989	0.01010	0.04020	0.00417	0.00350	0.00096	0.00450	0.00311	0.00293	0.25248

[dist]
# distance from previous block
# <min> <max>
9	29

[block]
# block no. 11 follows, 70 sequences, length 14
# corresponding to MSA columns:
# 1032-1045
name=unknown_L
#
# <colnr> <probs for GDERKNQSTAVLIFYWHMCP>
#	G	D	E	R	K	N	Q	S	T	A	V	L	I	F	Y	W	H	M	C	P
0	0.21470	0.00663	0.00720	0.00594	0.00842	0.00637	0.00473	0.05063	0.06454	0.19858	0.01249	0.09533	0.05327	0.00506	0.00340	0.00109	0.00293	0.00403	0.03388	0.22079
1	0.00487	0.00374	0.00446	0.00479	0.00556	0.00332	0.00337	0.00580	0.00831	0.01076	0.11953	0.42636	0.32151	0.02964	0.00505	0.00146	0.00215	0.00919	0.00361	0.02654
2	0.00888	0.00936	0.05978	0.26256	0.34836	0.00923	0.16824	0.03244	0.04016	0.01223	0.00764	0.01008	0.00597	0.00365	0.00399	0.00123	0.00513	0.00367	0.00198	0.00542
3	0.01323	0.08754	0.10380	0.00990	0.04421	0.08888	0.05484	0.45812	0.01419	0.07496	0.00865	0.00904	0.00627	0.00425	0.00374	0.00114	0.00474	0.00329	0.00314	0.00607
4	0.00484	0.00351	0.00453	0.00525	0.00562	0.00326	0.00358	0.00560	0.00768	0.01015	0.05715	0.68348	0.10139	0.04811	0.00555	0.00164	0.00232	0.03962	0.00357	0.00316
5	0.00494	0.00379	0.00454	0.00474	0.00560	0.00339	0.00345	0.00611	0.00906	0.01184	0.26954	0.27588	0.33804	0.00997	0.00471	0.00137	0.00206	0.03382	0.00380	0.00336
6	0.13882	0.14366	0.07467	0.05671	0.05590	0.02015	0.04152	0.18496	0.04410	0.06104	0.00912	0.05209	0.00771	0.00495	0.00409	0.01584	0.03520	0.04155	0.00273	0.00519
7	0.01024	0.00735	0.00753	0.00649	0.00819	0.07532	0.00495	0.22510	0.05066	0.10676	0.10860	0.07828	0.06703	0.13997	0.00642	0.00159	0.00345	0.00509	0.08230	0.00467
8	0.00539	0.00365	0.00479	0.00549	0.00587	0.00344	0.00381	0.00615	0.00756	0.03669	0.02057	0.64237	0.04195	0.09718	0.00643	0.00180	0.00257	0.09756	0.00351	0.00323
9	0.00785	0.04607	0.01200	0.11058	0.04156	0.00751	0.20435	0.03749	0.00852	0.02912	0.06673	0.10979	0.02093	0.00820	0.09590	0.00183	0.07084	0.02579	0.09056	0.00438
10	0.00637	0.00495	0.00643	0.00693	0.07454	0.00482	0.00468	0.03387	0.02183	0.03502	0.15549	0.25697	0.21201	0.02187	0.04893	0.00162	0.04197	0.00728	0.00337	0.05106
11	0.00940	0.02501	0.00961	0.06800	0.09954	0.10167	0.00621	0.04202	0.00891	0.03564	0.00744	0.00875	0.00601	0.00335	0.00317	0.00080	0.00372	0.00268	0.04947	0.50861
12	0.04151	0.08351	0.05111	0.00891	0.01127	0.19678	0.09286	0.13278	0.07122	0.05116	0.02268	0.04587	0.04746	0.03520	0.00494	0.00129	0.06261	0.01471	0.01918	0.00494
13	0.03992	0.04149	0.02296	0.00622	0.00807	0.00613	0.01677	0.07735	0.10444	0.02237	0.07746	0.18402	0.05071	0.02005	0.00417	0.00123	0.00291	0.07428	0.08293	0.15651

[dist]
# distance from previous block
# <min> <max>
0	2

[block]
# block no. 12 follows, 70 sequences, length 20
# corresponding to MSA columns:
# 1048-1067
name=unknown_M
#
# <colnr> <probs for GDERKNQSTAVLIFYWHMCP>
#	G	D	E	R	K	N	Q	S	T	A	V	L	I	F	Y	W	H	M	C	P
0	0.00911	0.00681	0.01110	0.54626	0.07692	0.00773	0.03695	0.01136	0.00834	0.14690	0.00888	0.01168	0.00665	0.04422	0.00458	0.00136	0.00463	0.00367	0.04815	0.00471
1	0.00973	0.09283	0.15372	0.14802	0.18320	0.04235	0.05196	0.15212	0.01008	0.01353	0.00875	0.01026	0.04468	0.00412	0.00393	0.00116	0.02528	0.00343	0.00225	0.03858
2	0.12089	0.03451	0.00752	0.00625	0.00810	0.00670	0.00499	0.10740	0.07820	0.15053	0.12300	0.05654	0.08283	0.01092	0.18194	0.00228	0.00452	0.00477	0.00341	0.00471
3	0.00526	0.00406	0.00480	0.00496	0.00588	0.00375	0.00363	0.02015	0.04043	0.01203	0.22897	0.29655	0.31100	0.00986	0.00468	0.00138	0.00215	0.03316	0.00378	0.00350
4	0.00497	0.00373	0.00466	0.00522	0.00589	0.00342	0.00382	0.00598	0.00831	0.01076	0.09226	0.45438	0.24289	0.01097	0.00488	0.00151	0.00233	0.12711	0.00365	0.00328
5	0.04050	0.46258	0.22513	0.00831	0.01197	0.15552	0.00865	0.02853	0.00865	0.01056	0.00596	0.00691	0.00497	0.00356	0.00298	0.00098	0.00499	0.00237	0.00178	0.00509
6	0.00499	0.00372	0.00465	0.00514	0.00579	0.00342	0.00371	0.00600	0.00836	0.01092	0.13638	0.43495	0.21835	0.03686	0.00531	0.00155	0.00232	0.10065	0.00365	0.00327
7	0.00508	0.00357	0.00442	0.00492	0.00516	0.00340	0.00317	0.00558	0.00699	0.00926	0.03893	0.48838	0.06693	0.31085	0.01012	0.00232	0.00277	0.02208	0.00318	0.00289
8	0.00602	0.00438	0.00583	0.04551	0.00717	0.00470	0.00440	0.04903	0.00723	0.00983	0.01385	0.19689	0.01498	0.25944	0.28068	0.00368	0.00565	0.07477	0.00268	0.00329
9	0.02282	0.53841	0.14501	0.00747	0.01087	0.01251	0.02790	0.05576	0.03373	0.01099	0.00916	0.03751	0.06512	0.00426	0.00307	0.00100	0.00419	0.00314	0.00207	0.00503
10	0.00682	0.00440	0.00535	0.00525	0.00640	0.00402	0.00390	0.04585	0.00943	0.11099	0.16499	0.31202	0.26911	0.00947	0.00461	0.00137	0.00234	0.02597	0.00387	0.00385
11	0.00506	0.00354	0.00441	0.00494	0.00513	0.00338	0.00315	0.00554	0.00692	0.00922	0.04022	0.52650	0.03889	0.31285	0.01015	0.00233	0.00277	0.00895	0.00318	0.00288
12	0.09476	0.00784	0.01085	0.56526	0.04364	0.07698	0.03618	0.01062	0.01922	0.01107	0.00778	0.02555	0.00634	0.00426	0.00376	0.00127	0.00488	0.03337	0.03205	0.00435
13	0.00479	0.00374	0.00429	0.00455	0.00539	0.00330	0.00322	0.00573	0.00847	0.01076	0.13004	0.31269	0.42780	0.05044	0.00541	0.00150	0.00213	0.00887	0.00362	0.00324
14	0.00861	0.00996	0.13865	0.10079	0.35134	0.00815	0.06797	0.01117	0.00839	0.01231	0.00736	0.00941	0.00591	0.00352	0.00382	0.00107	0.02296	0.00322	0.04338	0.18200
15	0.04713	0.00671	0.00865	0.04688	0.03007	0.00647	0.05265	0.10985	0.05960	0.04004	0.10725	0.10786	0.04283	0.00649	0.03178	0.00128	0.00349	0.04274	0.00309	0.24513
16	0.00866	0.00670	0.00762	0.02665	0.00897	0.04461	0.00485	0.04931	0.00867	0.08746	0.01116	0.15218	0.02632	0.03808	0.04796	0.00129	0.00353	0.00433	0.00281	0.45887
17	0.00901	0.03436	0.14578	0.00757	0.03076	0.00732	0.00677	0.16613	0.05783	0.04609	0.11040	0.03391	0.08101	0.04303	0.00450	0.00121	0.00356	0.02372	0.00306	0.18398
18	0.04553	0.00428	0.00583	0.00551	0.00609	0.00445	0.00399	0.00657	0.00626	0.02091	0.08644	0.01404	0.02461	0.03399	0.13351	0.48215	0.04847	0.00385	0.00215	0.06137
19	0.01034	0.02089	0.04870	0.07555	0.07612	0.02266	0.00715	0.15821	0.22981	0.09875	0.05083	0.06326	0.01101	0.00618	0.03598	0.00142	0.00397	0.02450	0.00334	0.05135

[dist]
# distance from previous block
# <min> <max>
5	47

[block]
# block no. 13 follows, 70 sequences, length 28
# corresponding to MSA columns:
# 1142-1169
name=unknown_N
#
# <colnr> <probs for GDERKNQSTAVLIFYWHMCP>
#	G	D	E	R	K	N	Q	S	T	A	V	L	I	F	Y	W	H	M	C	P
0	0.00666	0.00489	0.00637	0.00606	0.00716	0.00464	0.03878	0.08586	0.00876	0.03949	0.04413	0.46603	0.08676	0.08365	0.02278	0.00168	0.00297	0.00815	0.00338	0.07181
1	0.00695	0.00519	0.00615	0.02574	0.00755	0.00523	0.00460	0.05123	0.15114	0.04340	0.24892	0.13560	0.18842	0.00825	0.00449	0.00135	0.00254	0.08387	0.01519	0.00420
2	0.01179	0.27373	0.12182	0.00897	0.01191	0.28860	0.04643	0.01366	0.02585	0.09087	0.00741	0.02627	0.00605	0.00413	0.00380	0.00106	0.04753	0.00292	0.00218	0.00503
3	0.00929	0.01011	0.01445	0.01150	0.01317	0.13677	0.27254	0.01098	0.00798	0.01061	0.00822	0.03858	0.03717	0.00543	0.00774	0.00142	0.35982	0.00408	0.03565	0.00450
