[name]
unknown

[dist]
# distance from previous block
# <min> <max>
0	152

[block]
# block no. 0 follows, 75 sequences, length 9
# corresponding to MSA columns:
# 167-175
name=unknown_A
#
# <colnr> <probs for GDERKNQSTAVLIFYWHMCP>
#	G	D	E	R	K	N	Q	S	T	A	V	L	I	F	Y	W	H	M	C	P
0	0.00660	0.00532	0.00883	0.00806	0.00954	0.00510	0.16254	0.00853	0.00875	0.03153	0.12511	0.05177	0.01938	0.00819	0.00474	0.00149	0.00365	0.50328	0.00318	0.02440
1	0.00819	0.00774	0.01308	0.26444	0.55047	0.00819	0.01041	0.01042	0.00821	0.01143	0.06582	0.01058	0.00758	0.00369	0.00370	0.00113	0.00433	0.00351	0.00192	0.00515
2	0.00544	0.00457	0.00607	0.00738	0.15232	0.00419	0.00452	0.00681	0.00889	0.01171	0.27645	0.08696	0.39530	0.00786	0.00424	0.00121	0.00228	0.00682	0.00332	0.00368
3	0.00960	0.00912	0.01562	0.01962	0.60320	0.00914	0.15450	0.11004	0.00948	0.01329	0.00723	0.00920	0.00583	0.00338	0.00376	0.00112	0.00464	0.00346	0.00205	0.00572
4	0.00696	0.00463	0.00560	0.00519	0.00653	0.00445	0.00405	0.00968	0.12340	0.11004	0.39370	0.02617	0.18686	0.00731	0.00420	0.00122	0.00221	0.06967	0.02411	0.00403
5	0.00499	0.00392	0.00470	0.00480	0.00582	0.00335	0.00341	0.00588	0.00749	0.00997	0.02238	0.49589	0.24042	0.00938	0.00425	0.00126	0.00216	0.00828	0.00319	0.15845
6	0.16601	0.00877	0.01077	0.00902	0.05447	0.00951	0.11403	0.35334	0.13994	0.03407	0.02925	0.00991	0.00735	0.00417	0.00350	0.00114	0.00380	0.00343	0.03209	0.00543
7	0.00719	0.00671	0.01045	0.61053	0.02053	0.00796	0.00892	0.00929	0.00719	0.00977	0.00632	0.00920	0.00498	0.00384	0.00451	0.00115	0.10736	0.00307	0.00172	0.15932
8	0.04500	0.01249	0.01022	0.00845	0.01094	0.34843	0.00670	0.36124	0.01317	0.13585	0.00825	0.00837	0.00597	0.00414	0.00348	0.00105	0.00490	0.00294	0.00304	0.00537

[dist]
# distance from previous block
# <min> <max>
8	37

[block]
# block no. 1 follows, 75 sequences, length 41
# corresponding to MSA columns:
# 213,214,216-254
name=unknown_B
#
# <colnr> <probs for GDERKNQSTAVLIFYWHMCP>
#	G	D	E	R	K	N	Q	S	T	A	V	L	I	F	Y	W	H	M	C	P
0	0.00977	0.01941	0.01113	0.00889	0.01056	0.04994	0.13095	0.11385	0.06529	0.11795	0.06906	0.01182	0.00892	0.04145	0.07566	0.00175	0.24239	0.00385	0.00266	0.00469
1	0.00851	0.00809	0.01360	0.22073	0.43928	0.00826	0.08993	0.03718	0.00834	0.01170	0.00688	0.00915	0.00554	0.00332	0.00360	0.00107	0.00445	0.00324	0.00188	0.11524
2	0.00683	0.00541	0.00852	0.00717	0.00869	0.00522	0.15462	0.02642	0.02985	0.06661	0.33347	0.12050	0.10728	0.00717	0.00466	0.00127	0.03694	0.06203	0.00338	0.00396
3	0.00829	0.00713	0.00949	0.00727	0.02082	0.00648	0.08984	0.08479	0.02850	0.02334	0.04817	0.00991	0.00744	0.04179	0.00456	0.00095	0.07284	0.00302	0.00239	0.52299
4	0.00701	0.00661	0.01116	0.83199	0.05480	0.00818	0.01024	0.00945	0.00738	0.00948	0.00654	0.00977	0.00493	0.00366	0.00367	0.00122	0.00488	0.00326	0.00164	0.00414
5	0.01372	0.01750	0.01041	0.00946	0.01135	0.85618	0.00710	0.01467	0.01041	0.00899	0.00568	0.00662	0.00473	0.00378	0.00331	0.00095	0.00662	0.00237	0.00189	0.00426
6	0.00500	0.00364	0.00493	0.00526	0.00568	0.00380	0.00372	0.00604	0.02303	0.00910	0.04803	0.37477	0.03150	0.13397	0.32017	0.00337	0.00516	0.00703	0.00275	0.00307
7	0.01064	0.61727	0.04993	0.00760	0.03423	0.19433	0.00688	0.01193	0.00818	0.02245	0.00549	0.00632	0.00482	0.00332	0.00266	0.00085	0.00456	0.00214	0.00169	0.00470
8	0.00785	0.00671	0.00812	0.02443	0.00937	0.00554	0.02853	0.04646	0.05704	0.01248	0.00781	0.04976	0.00672	0.00338	0.00298	0.00069	0.00291	0.00283	0.00237	0.71401
9	0.02801	0.00910	0.12797	0.00760	0.02674	0.04329	0.00668	0.13045	0.10603	0.28128	0.05923	0.05193	0.00979	0.00467	0.00361	0.00110	0.00356	0.00380	0.00338	0.09179
10	0.00577	0.00465	0.04672	0.00619	0.00710	0.00388	0.05678	0.00687	0.00754	0.06649	0.03614	0.65760	0.02121	0.00997	0.00455	0.00144	0.00266	0.04764	0.00331	0.00348
11	0.00821	0.09205	0.01203	0.00932	0.00962	0.01157	0.00787	0.00905	0.00580	0.00882	0.00485	0.00783	0.00481	0.00611	0.01111	0.00153	0.78065	0.00309	0.00160	0.00409
12	0.00762	0.00653	0.00762	0.00544	0.00870	0.00490	0.00435	0.00925	0.00762	0.01197	0.00653	0.00762	0.00544	0.00272	0.00272	0.00054	0.00272	0.00218	0.00218	0.89338
13	0.00535	0.00368	0.00429	0.00433	0.00435	0.00377	0.00256	0.00544	0.00553	0.00742	0.01225	0.11328	0.01421	0.74852	0.01697	0.00327	0.03427	0.00581	0.00233	0.00237
14	0.00854	0.03941	0.58445	0.05213	0.01590	0.00875	0.11145	0.06183	0.00858	0.06429	0.00727	0.00842	0.00515	0.00356	0.00359	0.00116	0.00523	0.00301	0.00191	0.00539
15	0.03745	0.00625	0.00901	0.34979	0.03805	0.00678	0.00716	0.05667	0.04220	0.22077	0.17472	0.01391	0.01213	0.00472	0.00377	0.00118	0.00363	0.00404	0.00305	0.00473
16	0.05239	0.00675	0.00929	0.00705	0.00992	0.00600	0.08558	0.03008	0.05135	0.44440	0.02816	0.01115	0.00826	0.00401	0.00346	0.00101	0.00326	0.00340	0.02449	0.21000
17	0.00687	0.00637	0.01051	0.77890	0.02348	0.00786	0.00961	0.00948	0.02977	0.00992	0.06593	0.01114	0.00716	0.00398	0.00372	0.00122	0.00462	0.00353	0.00186	0.00408
18	0.00737	0.01900	0.85189	0.01047	0.01590	0.00853	0.01357	0.01163	0.00775	0.01163	0.00659	0.00775	0.00465	0.00349	0.00349	0.00116	0.00543	0.00271	0.00155	0.00543
19	0.00533	0.00406	0.00614	0.04645	0.00745	0.00476	0.00486	0.00669	0.00597	0.00857	0.00968	0.01421	0.00898	0.02641	0.81598	0.00568	0.00960	0.00390	0.00195	0.00332
20	0.00831	0.00693	0.00795	0.00723	0.02232	0.00768	0.02930	0.01604	0.58523	0.03352	0.17137	0.01729	0.04938	0.00560	0.00390	0.00123	0.00277	0.01501	0.00371	0.00522
21	0.00767	0.00691	0.01167	0.68614	0.15254	0.00815	0.02148	0.01005	0.00765	0.04304	0.00691	0.00979	0.00521	0.00364	0.00368	0.00120	0.00476	0.00330	0.00178	0.00445
22	0.01602	0.00621	0.00842	0.00650	0.00927	0.00541	0.00535	0.01761	0.02608	0.81086	0.03843	0.01295	0.00987	0.00464	0.00371	0.00114	0.00308	0.00379	0.00452	0.00616
23	0.00472	0.00345	0.00470	0.04365	0.00633	0.00332	0.00382	0.00560	0.00747	0.01003	0.11087	0.70585	0.02445	0.01066	0.00462	0.00145	0.00226	0.04026	0.00340	0.00310
24	0.01328	0.01658	0.01021	0.00927	0.01118	0.77492	0.00697	0.01513	0.09013	0.00960	0.00657	0.00730	0.00535	0.00390	0.00335	0.00097	0.00627	0.00254	0.00207	0.00441
25	0.01639	0.00640	0.00861	0.00660	0.00945	0.00561	0.00546	0.04750	0.01076	0.82061	0.01428	0.01237	0.00899	0.00454	0.00369	0.00114	0.00316	0.00368	0.00451	0.00625
26	0.00917	0.00616	0.00716	0.00630	0.00811	0.00647	0.00492	0.01486	0.39783	0.17390	0.28730	0.01832	0.03203	0.00580	0.00393	0.00120	0.00255	0.00494	0.00399	0.00508
27	0.00909	0.00873	0.01491	0.02254	0.84801	0.00873	0.01127	0.01127	0.00836	0.01200	0.00691	0.00909	0.00582	0.00327	0.00364	0.00109	0.00436	0.00327	0.00182	0.00582
28	0.00472	0.00340	0.00452	0.00530	0.00569	0.00320	0.00379	0.00557	0.00741	0.00980	0.04075	0.67092	0.06555	0.01108	0.00472	0.00150	0.00231	0.14327	0.00342	0.00307
29	0.00844	0.18442	0.58193	0.00980	0.01441	0.08110	0.04853	0.01177	0.00796	0.01083	0.00626	0.00739	0.00471	0.00343	0.00329	0.00107	0.00527	0.00261	0.00160	0.00517
30	0.00738	0.00716	0.01124	0.76971	0.07763	0.04633	0.01013	0.00974	0.00755	0.00953	0.00651	0.00960	0.00495	0.00365	0.00365	0.00120	0.00494	0.00322	0.00166	0.00420
31	0.00524	0.00382	0.00502	0.00528	0.00608	0.00360	0.00416	0.00673	0.00911	0.01233	0.38983	0.14972	0.10993	0.00908	0.00462	0.00138	0.00232	0.26474	0.00368	0.00334
32	0.00547	0.00377	0.00435	0.00427	0.00427	0.00393	0.00250	0.00551	0.00535	0.00720	0.01125	0.02327	0.01295	0.82985	0.01838	0.00347	0.04445	0.00524	0.00220	0.00231
33	0.01637	0.00643	0.00864	0.00662	0.00947	0.00567	0.00547	0.05467	0.01082	0.81336	0.01423	0.01234	0.00896	0.00454	0.00369	0.00113	0.00317	0.00368	0.00451	0.00625
34	0.00993	0.00848	0.01448	0.01969	0.66282	0.00835	0.07297	0.02613	0.00877	0.10851	0.00803	0.02127	0.00643	0.00354	0.00371	0.00111	0.00432	0.00350	0.00219	0.00577
35	0.00762	0.00653	0.00762	0.00544	0.00870	0.00490	0.00435	0.00925	0.00762	0.01197	0.00653	0.00762	0.00544	0.00272	0.00272	0.00054	0.00272	0.00218	0.00218	0.89338
36	0.00534	0.00356	0.00401	0.00401	0.00401	0.00356	0.00223	0.00534	0.00534	0.00712	0.01157	0.02403	0.01335	0.87092	0.01869	0.00356	0.00356	0.00534	0.00223	0.00223
37	0.00472	0.00355	0.00438	0.00456	0.00530	0.00320	0.00327	0.00587	0.00870	0.01162	0.34885	0.32454	0.23929	0.00937	0.00446	0.00130	0.00191	0.00826	0.00366	0.00320
38	0.52758	0.00687	0.00669	0.02279	0.00823	0.00746	0.00466	0.05877	0.00811	0.24240	0.00824	0.00841	0.00581	0.00388	0.00297	0.00113	0.01999	0.00265	0.04869	0.00469
39	0.01186	0.03105	0.02958	0.01035	0.01338	0.08364	0.26430	0.38338	0.01271	0.06545	0.00847	0.00934	0.00616	0.00390	0.00376	0.00111	0.00479	0.00353	0.04779	0.00548
40	0.00464	0.00330	0.00439	0.00519	0.00545	0.00312	0.00356	0.00534	0.00706	0.00939	0.01972	0.75421	0.02345	0.05671	0.00546	0.00162	0.00231	0.07876	0.00334	0.00298

[dist]
# distance from previous block
# <min> <max>
0	1

[block]
# block no. 2 follows, 75 sequences, length 43
# corresponding to MSA columns:
# 256-298
name=unknown_C
#
# <colnr> <probs for GDERKNQSTAVLIFYWHMCP>
#	G	D	E	R	K	N	Q	S	T	A	V	L	I	F	Y	W	H	M	C	P
0	0.03521	0.41620	0.15616	0.06593	0.03709	0.05882	0.02093	0.02322	0.00761	0.00985	0.00615	0.00772	0.00526	0.00603	0.09549	0.00149	0.02851	0.00255	0.00171	0.01407
1	0.87343	0.00742	0.02770	0.00498	0.00733	0.00825	0.00423	0.01082	0.00629	0.01635	0.00515	0.00601	0.00400	0.00341	0.00230	0.00114	0.00291	0.00201	0.00225	0.00402
2	0.00804	0.00804	0.01125	0.00964	0.00964	0.01125	0.00804	0.00884	0.00562	0.00884	0.00482	0.00804	0.00482	0.00643	0.01205	0.00161	0.86420	0.00321	0.00161	0.00402
3	0.00702	0.00629	0.00952	0.42679	0.06657	0.02856	0.04215	0.01830	0.04101	0.02550	0.21530	0.01599	0.07186	0.00504	0.00390	0.00119	0.00386	0.00447	0.00253	0.00413
4	0.00974	0.83454	0.03747	0.00659	0.00979	0.01428	0.02560	0.01103	0.00750	0.00878	0.00519	0.00603	0.00473	0.00315	0.00243	0.00080	0.00401	0.00204	0.00158	0.00473
5	0.72376	0.00717	0.00616	0.00528	0.00767	0.00803	0.00435	0.05991	0.00748	0.13206	0.00663	0.00704	0.00482	0.00362	0.00255	0.00113	0.00295	0.00230	0.00267	0.00442
6	0.00503	0.00372	0.00460	0.00441	0.00534	0.00337	0.00330	0.00656	0.00980	0.01351	0.62829	0.05291	0.20984	0.00794	0.00430	0.00118	0.00177	0.00692	0.02384	0.00337
7	0.00910	0.00908	0.11181	0.00779	0.00987	0.09343	0.03376	0.21228	0.00966	0.03938	0.00878	0.01112	0.00726	0.02169	0.34136	0.00303	0.03139	0.00345	0.03123	0.00453
8	0.00860	0.00579	0.00637	0.00557	0.00716	0.00613	0.00436	0.16443	0.17663	0.05192	0.19679	0.01641	0.03958	0.00532	0.00350	0.00107	0.00245	0.00440	0.28897	0.00455
9	0.00493	0.00366	0.00463	0.00518	0.00583	0.00342	0.00392	0.00597	0.00787	0.01018	0.07470	0.35482	0.21196	0.04979	0.00534	0.00156	0.00246	0.23727	0.00339	0.00312
10	0.07400	0.00672	0.00841	0.03124	0.02222	0.00654	0.01411	0.14405	0.02657	0.50497	0.01226	0.01149	0.00817	0.00436	0.00347	0.00110	0.00318	0.00348	0.10797	0.00567
11	0.00901	0.00875	0.01435	0.07046	0.76067	0.03288	0.01094	0.01114	0.00834	0.01171	0.00710	0.02509	0.00608	0.00346	0.00365	0.00110	0.00442	0.00338	0.00184	0.00562
12	0.00954	0.20267	0.01339	0.00942	0.03238	0.16336	0.04673	0.01087	0.03103	0.00923	0.00551	0.00758	0.00503	0.00494	0.00750	0.00126	0.43061	0.00286	0.00173	0.00436
13	0.00750	0.00616	0.00749	0.01935	0.02792	0.00520	0.00464	0.00956	0.05812	0.03096	0.00794	0.00992	0.00678	0.04983	0.11933	0.00150	0.00382	0.00277	0.00228	0.61894
14	0.06894	0.07629	0.06447	0.04862	0.16637	0.19736	0.02946	0.05888	0.06762	0.03823	0.02866	0.06100	0.01464	0.01301	0.00408	0.00114	0.05060	0.00352	0.00230	0.00479
15	0.01114	0.03584	0.01192	0.10600	0.08184	0.07204	0.07396	0.36577	0.06054	0.03058	0.03589	0.01030	0.00730	0.00442	0.00425	0.00116	0.06011	0.01873	0.00284	0.00536
16	0.00469	0.00344	0.00446	0.00516	0.00557	0.00321	0.00356	0.00560	0.02270	0.00965	0.02084	0.74316	0.07383	0.01099	0.00462	0.00146	0.00220	0.04855	0.00339	0.02293
17	0.01230	0.03039	0.07556	0.00851	0.01116	0.19977	0.02652	0.38103	0.04078	0.07031	0.04883	0.01023	0.03178	0.00452	0.00388	0.00110	0.03153	0.00338	0.00302	0.00537
18	0.03485	0.03242	0.00940	0.10680	0.11398	0.04792	0.03388	0.03404	0.25696	0.03719	0.04954	0.06400	0.03886	0.01468	0.01769	0.02681	0.02798	0.00423	0.04403	0.00472
19	0.00546	0.00375	0.00458	0.00471	0.00547	0.00348	0.00337	0.00665	0.02630	0.04858	0.20263	0.30180	0.20010	0.10316	0.00595	0.00156	0.00224	0.03768	0.02925	0.00327
20	0.03096	0.00516	0.00681	0.00579	0.00766	0.00464	0.00452	0.01278	0.00910	0.49202	0.06453	0.16419	0.05646	0.06466	0.05177	0.00163	0.00320	0.00533	0.00392	0.00488
21	0.01345	0.01003	0.01073	0.00835	0.01119	0.01115	0.00686	0.74906	0.10481	0.02232	0.00947	0.00934	0.00677	0.00447	0.00368	0.00112	0.00392	0.00340	0.00368	0.00620
22	0.79934	0.00708	0.00579	0.00505	0.00739	0.00804	0.00416	0.02679	0.00685	0.09345	0.00605	0.00662	0.00449	0.00353	0.00243	0.00114	0.00289	0.00217	0.00251	0.00423
23	0.08010	0.00866	0.00963	0.00746	0.01025	0.00918	0.00615	0.51378	0.01420	0.25602	0.01026	0.00982	0.00699	0.00437	0.00354	0.00111	0.00361	0.00332	0.03558	0.00598
24	0.27168	0.00502	0.00541	0.04591	0.00702	0.00544	0.00398	0.00940	0.00701	0.09533	0.03394	0.01196	0.00825	0.05324	0.12867	0.06766	0.00373	0.00327	0.22940	0.00368
25	0.05192	0.83203	0.01859	0.00622	0.00932	0.01423	0.00617	0.01099	0.00741	0.00901	0.00511	0.00590	0.00468	0.00315	0.00235	0.00080	0.00388	0.00197	0.00160	0.00468
26	0.89687	0.00710	0.00540	0.00483	0.00710	0.00824	0.00398	0.01080	0.00625	0.01648	0.00511	0.00597	0.00398	0.00341	0.00227	0.00114	0.00284	0.00199	0.00227	0.00398
27	0.03080	0.09232	0.36997	0.00815	0.01155	0.00742	0.06474	0.01054	0.03251	0.05005	0.23468	0.01450	0.04779	0.00484	0.00369	0.00113	0.00395	0.00409	0.00254	0.00471
28	0.00491	0.00372	0.00452	0.00437	0.00532	0.00333	0.00326	0.00635	0.00964	0.01305	0.56589	0.06402	0.28178	0.00822	0.00435	0.00119	0.00179	0.00713	0.00382	0.00333
29	0.00794	0.00749	0.01250	0.31320	0.48240	0.00801	0.01010	0.01012	0.00800	0.01097	0.00911	0.01136	0.06756	0.00388	0.00368	0.00114	0.00431	0.00360	0.01968	0.00496
30	0.00499	0.00378	0.00492	0.00495	0.00572	0.00362	0.01645	0.00622	0.02289	0.01079	0.24240	0.24542	0.20864	0.03647	0.13719	0.02854	0.00331	0.00724	0.00325	0.00320
31	0.00647	0.00356	0.00523	0.00512	0.00512	0.00380	0.00351	0.00510	0.00487	0.00659	0.00644	0.01138	0.00651	0.04189	0.01433	0.79673	0.06669	0.00327	0.00162	0.00180
32	0.01163	0.41675	0.01439	0.00787	0.01030	0.43616	0.00664	0.01270	0.00889	0.00881	0.00554	0.00653	0.00486	0.00423	0.02979	0.00103	0.00547	0.00223	0.00174	0.00444
33	0.00509	0.00353	0.00465	0.00527	0.00579	0.00329	0.00382	0.00602	0.00771	0.03449	0.08182	0.58488	0.08994	0.01062	0.00467	0.00147	0.00231	0.13796	0.00348	0.00319
34	0.05126	0.00776	0.00874	0.00710	0.00967	0.00811	0.00573	0.20800	0.29457	0.23899	0.02301	0.01180	0.00904	0.00454	0.00357	0.00112	0.00320	0.01202	0.00373	0.08803
35	0.01001	0.05311	0.08329	0.04519	0.09839	0.09750	0.10528	0.15390	0.25595	0.01420	0.01779	0.03227	0.00790	0.00428	0.00368	0.00115	0.00434	0.00367	0.00273	0.00537
36	0.02335	0.00714	0.01216	0.65527	0.09178	0.00849	0.08028	0.02441	0.00763	0.01015	0.00658	0.00959	0.00503	0.00371	0.00404	0.00123	0.03979	0.00333	0.00171	0.00433
37	0.03351	0.13594	0.20983	0.08339	0.17559	0.03797	0.06689	0.03729	0.03998	0.03574	0.03316	0.02103	0.04050	0.00398	0.00346	0.00110	0.00437	0.00338	0.02791	0.00500
38	0.00727	0.00952	0.29529	0.00642	0.00910	0.02262	0.01728	0.03421	0.00818	0.01291	0.03464	0.01243	0.04779	0.00424	0.00310	0.00099	0.00327	0.00340	0.41710	0.05027
39	0.00612	0.00492	0.00654	0.03120	0.04111	0.00484	0.04664	0.02108	0.11460	0.03115	0.17093	0.20450	0.23679	0.01878	0.01687	0.00138	0.00268	0.03267	0.00337	0.00384
40	0.03405	0.00559	0.00839	0.29644	0.08766	0.00615	0.01754	0.03922	0.00764	0.06157	0.03172	0.01296	0.03540	0.00698	0.04318	0.16453	0.00397	0.02942	0.10377	0.00382
41	0.01113	0.00994	0.02166	0.04973	0.03141	0.11037	0.09069	0.29794	0.21975	0.03613	0.04687	0.01081	0.00843	0.00448	0.00402	0.00116	0.03327	0.00365	0.00309	0.00545
42	0.00632	0.00443	0.00504	0.00484	0.00575	0.01516	0.00343	0.03158	0.06230	0.06731	0.15289	0.14456	0.20895	0.23964	0.02982	0.00199	0.00282	0.00650	0.00324	0.00341

[dist]
# distance from previous block
# <min> <max>
0	1

[block]
# block no. 3 follows, 75 sequences, length 7
# corresponding to MSA columns:
# 300-306
name=unknown_D
#
# <colnr> <probs for GDERKNQSTAVLIFYWHMCP>
#	G	D	E	R	K	N	Q	S	T	A	V	L	I	F	Y	W	H	M	C	P
0	0.03313	0.04136	0.01299	0.03408	0.11753	0.17662	0.22456	0.04721	0.04863	0.03681	0.05571	0.03122	0.02542	0.00505	0.02349	0.00126	0.00492	0.05875	0.00240	0.01886
1	0.13016	0.00617	0.00778	0.00610	0.00874	0.00563	0.00502	0.01635	0.00977	0.68613	0.01310	0.01173	0.00845	0.00438	0.00343	0.00112	0.00299	0.00345	0.06371	0.00577
2	0.00804	0.00804	0.01125	0.00964	0.00964	0.01125	0.00804	0.00884	0.00562	0.00884	0.00482	0.00804	0.00482	0.00643	0.01205	0.00161	0.86420	0.00321	0.00161	0.00402
3	0.00866	0.12572	0.24944	0.11993	0.06035	0.03401	0.00881	0.10701	0.03580	0.03998	0.06341	0.01039	0.00784	0.00678	0.10473	0.00167	0.00509	0.00326	0.00222	0.00489
4	0.61072	0.00855	0.00648	0.05107	0.00865	0.15784	0.00481	0.01088	0.00712	0.01412	0.00669	0.08622	0.00604	0.00424	0.00275	0.00114	0.00355	0.00291	0.00228	0.00394
5	0.00566	0.00443	0.00568	0.00588	0.03951	0.00463	0.00409	0.00665	0.02479	0.00936	0.04463	0.12148	0.18539	0.20740	0.11928	0.03184	0.08349	0.04649	0.01823	0.03109
6	0.00600	0.00434	0.00527	0.00481	0.00591	0.00416	0.00367	0.08365	0.01067	0.01492	0.63483	0.02585	0.12027	0.00725	0.00418	0.00114	0.00196	0.00628	0.05116	0.00368

[dist]
# distance from previous block
# <min> <max>
8	71

[block]
# block no. 4 follows, 75 sequences, length 9
# corresponding to MSA columns:
# 378-386
name=unknown_E
#
# <colnr> <probs for GDERKNQSTAVLIFYWHMCP>
#	G	D	E	R	K	N	Q	S	T	A	V	L	I	F	Y	W	H	M	C	P
0	0.07241	0.06768	0.12251	0.10022	0.08687	0.09591	0.13604	0.08829	0.15264	0.01297	0.00806	0.00918	0.00617	0.00383	0.00370	0.00114	0.02174	0.00325	0.00229	0.00509
1	0.00890	0.03087	0.06160	0.14908	0.15008	0.06398	0.03326	0.14971	0.05088	0.01239	0.03083	0.01169	0.00769	0.11175	0.05966	0.00175	0.05531	0.00361	0.00229	0.00466
2	0.00514	0.00362	0.00463	0.00502	0.00540	0.00356	0.00355	0.00591	0.00699	0.00933	0.08253	0.27924	0.04933	0.29805	0.06096	0.00245	0.00327	0.16517	0.00297	0.00287
3	0.00528	0.00386	0.00466	0.00494	0.00552	0.00371	0.00343	0.05568	0.00775	0.01018	0.05591	0.44345	0.16068	0.15992	0.02698	0.00188	0.00266	0.03719	0.00321	0.00311
4	0.01154	0.00909	0.00966	0.00796	0.01047	0.01026	0.00640	0.42702	0.42995	0.01925	0.01189	0.01126	0.00873	0.00470	0.00371	0.00117	0.00347	0.00373	0.00371	0.00603
5	0.06068	0.00425	0.00474	0.00446	0.00559	0.00422	0.00342	0.03437	0.03262	0.04991	0.30404	0.03820	0.05310	0.00589	0.00346	0.00106	0.00201	0.02362	0.36064	0.00372
6	0.64540	0.00729	0.00656	0.00552	0.00797	0.00807	0.00455	0.10013	0.00819	0.16614	0.00718	0.00744	0.00513	0.00372	0.00268	0.00113	0.00302	0.00243	0.00283	0.00463
7	0.01042	0.50355	0.01584	0.00739	0.01021	0.02944	0.06406	0.11887	0.05558	0.06411	0.03266	0.00872	0.02304	0.00389	0.00333	0.00096	0.03784	0.00285	0.00229	0.00498
8	0.00982	0.87313	0.01925	0.00628	0.00943	0.01453	0.00628	0.01100	0.00746	0.00864	0.00511	0.00589	0.00471	0.00314	0.00236	0.00079	0.00393	0.00196	0.00157	0.00471

[dist]
# distance from previous block
# <min> <max>
0	1

[block]
# block no. 5 follows, 75 sequences, length 7
# corresponding to MSA columns:
# 388-394
name=unknown_F
#
# <colnr> <probs for GDERKNQSTAVLIFYWHMCP>
#	G	D	E	R	K	N	Q	S	T	A	V	L	I	F	Y	W	H	M	C	P
0	0.02377	0.00787	0.01063	0.00945	0.06511	0.03179	0.14394	0.08057	0.34723	0.05135	0.03485	0.03709	0.02425	0.00715	0.09048	0.00169	0.00439	0.02017	0.00306	0.00516
1	0.00466	0.00367	0.00420	0.00420	0.00519	0.00322	0.00310	0.00584	0.00893	0.01155	0.32037	0.13009	0.46406	0.00893	0.00438	0.00124	0.00185	0.00768	0.00363	0.00322
2	0.00847	0.00803	0.01386	0.01936	0.65277	0.00805	0.06508	0.01059	0.00814	0.01157	0.00805	0.01179	0.00714	0.00617	0.09040	0.00163	0.00498	0.05666	0.00194	0.00534
3	0.00663	0.00581	0.00901	0.00835	0.03467	0.00609	0.14133	0.00936	0.12225	0.01109	0.04748	0.22032	0.03447	0.03345	0.04437	0.00170	0.07387	0.18286	0.00292	0.00397
4	0.00599	0.00328	0.00466	0.00475	0.00480	0.00328	0.00312	0.00497	0.00514	0.00688	0.00870	0.10031	0.00935	0.14109	0.04786	0.63436	0.00340	0.00428	0.00189	0.00190
5	0.01070	0.19168	0.06930	0.10151	0.18460	0.20359	0.00846	0.14350	0.00990	0.01209	0.00649	0.00776	0.00522	0.00359	0.00327	0.00100	0.00482	0.00273	0.00205	0.02773
6	0.00786	0.02434	0.00752	0.00735	0.09281	0.02990	0.00511	0.05270	0.06164	0.06082	0.07526	0.07391	0.09393	0.06196	0.00467	0.00123	0.00300	0.08916	0.05117	0.19567

[dist]
# distance from previous block
# <min> <max>
5	55

[block]
# block no. 6 follows, 75 sequences, length 16
# corresponding to MSA columns:
# 452-467
name=unknown_G
#
# <colnr> <probs for GDERKNQSTAVLIFYWHMCP>
#	G	D	E	R	K	N	Q	S	T	A	V	L	I	F	Y	W	H	M	C	P
0	0.00948	0.00780	0.00842	0.00736	0.00940	0.00886	0.00582	0.17085	0.55602	0.01635	0.07938	0.01510	0.03586	0.00537	0.00402	0.00123	0.02279	0.02668	0.00368	0.00553
1	0.00495	0.00366	0.00438	0.00440	0.00514	0.00348	0.00315	0.00553	0.00704	0.00898	0.05495	0.05952	0.39696	0.14157	0.17218	0.10853	0.00382	0.00618	0.00276	0.00284
2	0.00629	0.01998	0.00638	0.00583	0.00695	0.00450	0.03888	0.03162	0.00784	0.06305	0.04503	0.39207	0.12607	0.02258	0.07689	0.00172	0.03101	0.02728	0.00310	0.08293
3	0.47695	0.00777	0.03296	0.00608	0.00841	0.00831	0.00510	0.19949	0.05442	0.04752	0.00926	0.06194	0.03331	0.00466	0.00306	0.00118	0.00315	0.02895	0.00287	0.00462
4	0.05305	0.15957	0.08851	0.04463	0.33893	0.09523	0.06397	0.04429	0.02232	0.01165	0.00708	0.00945	0.00599	0.00368	0.00341	0.00107	0.00460	0.03548	0.00194	0.00515
5	0.20395	0.00861	0.00860	0.02794	0.00971	0.06931	0.00596	0.20279	0.21718	0.05332	0.00967	0.01058	0.01677	0.02400	0.01584	0.00132	0.09056	0.01589	0.00298	0.00502
6	0.06634	0.00535	0.00653	0.00564	0.00743	0.00508	0.00448	0.05773	0.04625	0.25322	0.28510	0.06339	0.08011	0.00638	0.00394	0.00118	0.00255	0.05065	0.00384	0.04482
7	0.00575	0.00372	0.00462	0.00466	0.00512	0.00363	0.00310	0.00635	0.00679	0.06012	0.10053	0.20408	0.06995	0.39633	0.10654	0.00284	0.00364	0.00646	0.00285	0.00293
8	0.00908	0.00851	0.01003	0.00875	0.02298	0.11329	0.11011	0.04641	0.31484	0.03539	0.01199	0.06193	0.01963	0.01699	0.07752	0.00169	0.07400	0.04917	0.00288	0.00481
9	0.48161	0.03720	0.00766	0.00606	0.00849	0.04567	0.00499	0.20931	0.00963	0.10446	0.00734	0.00773	0.00538	0.00382	0.00282	0.00109	0.00331	0.00257	0.04611	0.00477
10	0.00462	0.00360	0.00421	0.00441	0.00527	0.00318	0.00322	0.00566	0.00843	0.01085	0.20719	0.26963	0.41016	0.00957	0.00446	0.00131	0.00196	0.03558	0.00355	0.00316
11	0.01193	0.34846	0.01385	0.00741	0.01034	0.01212	0.00651	0.38997	0.10041	0.05273	0.00826	0.00835	0.00629	0.00398	0.00316	0.00099	0.00384	0.00289	0.00289	0.00560
12	0.00791	0.00759	0.01036	0.00894	0.00918	0.01027	0.00738	0.02367	0.03413	0.00947	0.00652	0.00997	0.02044	0.03342	0.02796	0.00169	0.71304	0.01591	0.02194	0.02021
13	0.00847	0.00822	0.01092	0.00923	0.00989	0.04855	0.05402	0.08749	0.00744	0.01061	0.03235	0.06357	0.03341	0.00637	0.00949	0.00148	0.58830	0.00394	0.00207	0.00418
14	0.02951	0.00670	0.02941	0.38850	0.05160	0.03654	0.02918	0.06076	0.00792	0.03532	0.05874	0.01156	0.01950	0.00738	0.07609	0.13700	0.00474	0.00355	0.00208	0.00392
15	0.06168	0.02058	0.07562	0.03860	0.16835	0.13906	0.03206	0.18654	0.07679	0.03148	0.00860	0.02991	0.00721	0.05866	0.00476	0.00129	0.02899	0.02223	0.00252	0.00505

[dist]
# distance from previous block
# <min> <max>
0	2

[block]
# block no. 7 follows, 75 sequences, length 8
# corresponding to MSA columns:
# 470-477
name=unknown_H
#
# <colnr> <probs for GDERKNQSTAVLIFYWHMCP>
#	G	D	E	R	K	N	Q	S	T	A	V	L	I	F	Y	W	H	M	C	P
0	0.04235	0.10340	0.12451	0.02920	0.13528	0.13429	0.08869	0.09832	0.07761	0.02972	0.00794	0.04591	0.00657	0.00419	0.00401	0.00113	0.05620	0.00337	0.00225	0.00505
1	0.04615	0.08687	0.01030	0.02537	0.03028	0.13508	0.02555	0.15817	0.04112	0.10792	0.00786	0.00837	0.00598	0.00358	0.00315	0.00088	0.00387	0.00272	0.00265	0.29412
2	0.00845	0.05788	0.00849	0.00760	0.07351	0.05976	0.02658	0.13095	0.05675	0.06290	0.19273	0.09209	0.10527	0.02977	0.04124	0.00144	0.00348	0.03353	0.00321	0.00439
3	0.00529	0.00358	0.00418	0.00422	0.00429	0.00362	0.00249	0.00544	0.00547	0.00735	0.01183	0.06301	0.01351	0.75773	0.09023	0.00367	0.00403	0.00546	0.00226	0.00235
4	0.01361	0.00584	0.00777	0.00616	0.00853	0.00522	0.00501	0.05569	0.01082	0.60602	0.21678	0.01596	0.01518	0.00526	0.00385	0.00114	0.00283	0.00439	0.00438	0.00557
5	0.01070	0.00749	0.00833	0.00720	0.00942	0.00823	0.00568	0.05768	0.59461	0.18749	0.05102	0.01382	0.01157	0.00498	0.00375	0.00121	0.00295	0.00413	0.00391	0.00582
6	0.17251	0.00574	0.00610	0.00515	0.00704	0.00589	0.00414	0.12515	0.00945	0.22372	0.01092	0.01132	0.00791	0.00420	0.00295	0.00101	0.00259	0.00321	0.38639	0.00462
7	0.54812	0.00799	0.00721	0.00599	0.00841	0.00905	0.00493	0.29193	0.01008	0.01860	0.00675	0.00735	0.00504	0.00380	0.00277	0.00111	0.00319	0.00252	0.05044	0.00472

[dist]
# distance from previous block
# <min> <max>
1	3

[block]
# block no. 8 follows, 75 sequences, length 11
# corresponding to MSA columns:
# 481-488,490-492
name=unknown_I
#
# <colnr> <probs for GDERKNQSTAVLIFYWHMCP>
#	G	D	E	R	K	N	Q	S	T	A	V	L	I	F	Y	W	H	M	C	P
0	0.06319	0.07829	0.03099	0.03158	0.06157	0.04232	0.19009	0.08210	0.06339	0.04982	0.16485	0.01416	0.05978	0.00475	0.00388	0.00114	0.01857	0.00424	0.03062	0.00466
1	0.00504	0.00367	0.00397	0.00389	0.00497	0.00326	0.00292	0.00632	0.00876	0.01187	0.23987	0.02920	0.47920	0.00789	0.00400	0.00115	0.00180	0.00664	0.17232	0.00326
2	0.01054	0.15385	0.05573	0.03685	0.01328	0.08144	0.21476	0.17831	0.02937	0.05455	0.00726	0.00858	0.00563	0.00406	0.00480	0.00116	0.12922	0.00326	0.00230	0.00506
3	0.00478	0.00376	0.00435	0.00457	0.00545	0.00342	0.00333	0.00618	0.04430	0.01077	0.15558	0.29456	0.39756	0.00956	0.00445	0.00132	0.00202	0.03728	0.00352	0.00325
4	0.00618	0.00332	0.00498	0.00498	0.00510	0.00344	0.00344	0.00510	0.00498	0.00676	0.00699	0.01174	0.00687	0.01536	0.16244	0.73710	0.00436	0.00332	0.00166	0.00189
5	0.00962	0.60834	0.15864	0.00837	0.07036	0.07145	0.00792	0.01138	0.00778	0.00941	0.00552	0.00648	0.00478	0.00325	0.00270	0.00088	0.00440	0.00221	0.00161	0.00488
6	0.00731	0.04093	0.27146	0.00829	0.05418	0.04014	0.00779	0.04263	0.03760	0.02198	0.06731	0.18778	0.05462	0.00642	0.01875	0.00128	0.03416	0.02708	0.00252	0.06776
7	0.04106	0.01156	0.20960	0.03764	0.01228	0.10718	0.07808	0.13905	0.18897	0.01361	0.00965	0.05528	0.00788	0.03611	0.03455	0.00143	0.00468	0.00375	0.00258	0.00504
8	0.00723	0.00686	0.01139	0.71250	0.09911	0.00848	0.01011	0.00951	0.00729	0.00958	0.00642	0.00958	0.00497	0.00387	0.00439	0.00124	0.07833	0.00326	0.00165	0.00423
9	0.04946	0.07086	0.07056	0.02148	0.02212	0.14820	0.03085	0.23396	0.09786	0.05682	0.02367	0.02228	0.00706	0.01699	0.00419	0.00112	0.05812	0.00322	0.00273	0.05845
10	0.04856	0.05828	0.19139	0.02963	0.10664	0.06397	0.03444	0.19618	0.17712	0.03050	0.02229	0.00960	0.00703	0.00404	0.00352	0.00113	0.00429	0.00325	0.00265	0.00549

[dist]
# distance from previous block
# <min> <max>
10	27

[block]
# block no. 9 follows, 75 sequences, length 14
# corresponding to MSA columns:
# 524-537
name=unknown_J
#
# <colnr> <probs for GDERKNQSTAVLIFYWHMCP>
#	G	D	E	R	K	N	Q	S	T	A	V	L	I	F	Y	W	H	M	C	P
0	0.00529	0.00408	0.00462	0.00457	0.00557	0.00380	0.00337	0.03676	0.00843	0.03182	0.10280	0.20399	0.48344	0.04659	0.00528	0.00139	0.03385	0.00767	0.00339	0.00330
1	0.00912	0.00798	0.00925	0.00790	0.00952	0.07222	0.04780	0.12758	0.22215	0.03668	0.04218	0.01275	0.04786	0.00862	0.13429	0.00194	0.15797	0.00390	0.01736	0.02291
2	0.02959	0.13189	0.01060	0.00736	0.00962	0.05587	0.00610	0.26759	0.13897	0.11808	0.05055	0.01073	0.00853	0.01846	0.00441	0.00115	0.07963	0.00341	0.04217	0.00529
3	0.00504	0.00366	0.00453	0.00446	0.00531	0.00333	0.00329	0.00648	0.00945	0.01311	0.54775	0.13619	0.18014	0.00818	0.00428	0.00120	0.00181	0.00716	0.05131	0.00333
4	0.01006	0.00785	0.01240	0.17130	0.42921	0.00819	0.02049	0.05234	0.05160	0.14826	0.00864	0.01008	0.00652	0.00379	0.00385	0.00114	0.02472	0.00340	0.02068	0.00549
5	0.00599	0.00373	0.00439	0.00429	0.00453	0.00375	0.00262	0.00625	0.00576	0.05263	0.01159	0.02214	0.01259	0.71379	0.09256	0.00353	0.00403	0.00505	0.03818	0.00258
6	0.01374	0.01677	0.01047	0.00936	0.01136	0.77011	0.00708	0.09832	0.01111	0.01043	0.00600	0.00685	0.00489	0.00385	0.00335	0.00096	0.00636	0.00246	0.00207	0.00446
7	0.00760	0.00726	0.01194	0.03869	0.02857	0.00629	0.26553	0.00964	0.00785	0.01148	0.00813	0.08442	0.00725	0.00443	0.03013	0.00105	0.00409	0.00370	0.00215	0.45981
8	0.00789	0.00661	0.00657	0.00582	0.00735	0.09263	0.00450	0.14111	0.08074	0.03411	0.36569	0.02250	0.19637	0.00673	0.00406	0.00115	0.00276	0.00563	0.00362	0.00418
9	0.00756	0.06102	0.76478	0.01054	0.01576	0.00887	0.05838	0.01161	0.00779	0.01149	0.00656	0.00778	0.00471	0.00345	0.00348	0.00115	0.00540	0.00277	0.00157	0.00537
10	0.00878	0.00825	0.07542	0.04889	0.03232	0.00823	0.00662	0.04788	0.48482	0.03642	0.03451	0.01356	0.01033	0.00517	0.01544	0.00126	0.03153	0.03557	0.03140	0.06362
11	0.01167	0.15018	0.08957	0.00827	0.01081	0.27527	0.00718	0.23031	0.02772	0.04051	0.00737	0.00863	0.00595	0.04159	0.03951	0.00133	0.03391	0.00288	0.00241	0.00493
12	0.00470	0.00357	0.00438	0.00461	0.00536	0.00325	0.00334	0.00579	0.00839	0.01106	0.25686	0.31985	0.28376	0.01026	0.03620	0.00149	0.00225	0.02819	0.00353	0.00318
13	0.00460	0.00332	0.00418	0.00479	0.00516	0.00307	0.00322	0.00529	0.00720	0.00954	0.05038	0.64344	0.13123	0.08130	0.00573	0.00160	0.00219	0.00940	0.02141	0.00296

[dist]
# distance from previous block
# <min> <max>
5	9

[block]
# block no. 10 follows, 75 sequences, length 44
# corresponding to MSA columns:
# 549-592
name=unknown_K
#
# <colnr> <probs for GDERKNQSTAVLIFYWHMCP>
#	G	D	E	R	K	N	Q	S	T	A	V	L	I	F	Y	W	H	M	C	P
0	0.01011	0.80998	0.01859	0.00652	0.00957	0.07665	0.00634	0.01127	0.00768	0.00867	0.00515	0.00595	0.00471	0.00319	0.00243	0.00080	0.00413	0.00199	0.00159	0.00468
1	0.00796	0.00818	0.01092	0.73372	0.02320	0.13584	0.00973	0.01018	0.00781	0.00932	0.00640	0.00931	0.00487	0.00369	0.00362	0.00118	0.00516	0.00313	0.00167	0.00411
2	0.06045	0.01004	0.01015	0.00805	0.01077	0.07697	0.00655	0.56237	0.09966	0.10346	0.00957	0.00936	0.00680	0.00438	0.00358	0.00111	0.00397	0.00329	0.00355	0.00593
3	0.00457	0.00368	0.00397	0.00397	0.00500	0.00319	0.00290	0.00554	0.00840	0.01047	0.16832	0.08252	0.60036	0.07420	0.00544	0.00142	0.00198	0.00754	0.00343	0.00309
4	0.00657	0.00472	0.00564	0.02039	0.00673	0.00466	0.00400	0.00965	0.16052	0.07298	0.42207	0.02496	0.19758	0.02428	0.01779	0.00131	0.00229	0.00609	0.00378	0.00400
5	0.00456	0.00328	0.00430	0.00505	0.00534	0.00306	0.00342	0.00526	0.00718	0.00955	0.04957	0.75648	0.05467	0.04068	0.00515	0.00155	0.00219	0.03235	0.00339	0.00299
6	0.00521	0.00386	0.00565	0.00570	0.00628	0.00441	0.00433	0.00637	0.00593	0.00847	0.01062	0.06795	0.01045	0.09340	0.73737	0.00544	0.00886	0.00445	0.00208	0.00318
7	0.00982	0.87313	0.01925	0.00628	0.00943	0.01453	0.00628	0.01100	0.00746	0.00864	0.00511	0.00589	0.00471	0.00314	0.00236	0.00079	0.00393	0.00196	0.00157	0.00471
8	0.00589	0.00450	0.00583	0.00582	0.00685	0.00440	0.04016	0.00825	0.12188	0.03607	0.06238	0.34819	0.19065	0.01715	0.00459	0.00141	0.00255	0.11863	0.01116	0.00365
9	0.00694	0.00653	0.01102	0.86210	0.02530	0.00816	0.01020	0.00938	0.00734	0.00938	0.00653	0.00979	0.00490	0.00367	0.00367	0.00122	0.00490	0.00326	0.00163	0.00408
10	0.03715	0.02861	0.17152	0.02451	0.01240	0.00924	0.11762	0.08407	0.38174	0.04450	0.01077	0.01092	0.00799	0.00433	0.00401	0.00121	0.03738	0.00365	0.00288	0.00550
11	0.08398	0.04142	0.02513	0.00824	0.03268	0.24182	0.00652	0.27754	0.04090	0.12065	0.03378	0.00950	0.00713	0.00421	0.00342	0.00105	0.00440	0.01497	0.00297	0.03970
12	0.07409	0.00771	0.00977	0.01028	0.17899	0.00825	0.03058	0.22515	0.16410	0.04299	0.06015	0.04696	0.01057	0.03889	0.01638	0.00135	0.00363	0.05077	0.01419	0.00519
13	0.00873	0.00660	0.00779	0.00568	0.00879	0.00525	0.00457	0.05613	0.00854	0.09394	0.03998	0.00892	0.00697	0.00318	0.00293	0.00066	0.00279	0.00256	0.00256	0.72341
14	0.00537	0.00513	0.06882	0.00560	0.00667	0.00426	0.00446	0.00767	0.10782	0.01109	0.13045	0.45588	0.13065	0.00926	0.00440	0.00137	0.00242	0.03170	0.00339	0.00360
15	0.05804	0.00818	0.01244	0.31759	0.15074	0.04956	0.13311	0.02527	0.08791	0.02528	0.00821	0.01023	0.02633	0.00400	0.00430	0.00121	0.06731	0.00351	0.00207	0.00470
16	0.00878	0.00850	0.01477	0.13377	0.69237	0.00868	0.05708	0.01105	0.00824	0.01164	0.00689	0.00923	0.00568	0.00332	0.00368	0.00112	0.00454	0.00333	0.00180	0.00554
17	0.00570	0.00435	0.00525	0.00510	0.00612	0.00427	0.00385	0.02431	0.11522	0.01331	0.44770	0.13486	0.14476	0.01837	0.00450	0.00128	0.00211	0.05149	0.00377	0.00368
18	0.00547	0.00435	0.00502	0.01496	0.00609	0.00420	0.00362	0.00811	0.12848	0.01282	0.40028	0.04568	0.31717	0.02193	0.00448	0.00125	0.00202	0.00670	0.00370	0.00365
19	0.00594	0.00479	0.00736	0.00724	0.00828	0.00472	0.10437	0.00803	0.06842	0.01079	0.01798	0.34680	0.01974	0.00944	0.00474	0.00153	0.00321	0.35979	0.00324	0.00360
20	0.00989	0.06103	0.09503	0.06159	0.30638	0.07170	0.07343	0.11128	0.13182	0.02970	0.00826	0.00941	0.00640	0.00374	0.00360	0.00111	0.00450	0.00330	0.00233	0.00550
21	0.00544	0.00385	0.00517	0.00588	0.00643	0.00379	0.00466	0.00658	0.00758	0.00994	0.01839	0.25730	0.02072	0.14916	0.00717	0.00194	0.00308	0.47663	0.00320	0.00309
22	0.00939	0.00772	0.01149	0.51652	0.11517	0.06658	0.04548	0.02762	0.00843	0.14456	0.00787	0.00991	0.00572	0.00376	0.00368	0.00117	0.00471	0.00332	0.00219	0.00472
23	0.01160	0.00845	0.00908	0.00737	0.00987	0.03449	0.00592	0.33492	0.25517	0.11823	0.06853	0.01187	0.00992	0.00464	0.00363	0.00110	0.00337	0.00371	0.01791	0.08021
24	0.01352	0.01708	0.01032	0.00937	0.01128	0.81898	0.00704	0.01488	0.04690	0.00927	0.00608	0.00693	0.00502	0.00384	0.00333	0.00096	0.00646	0.00244	0.00197	0.00433
25	0.01209	0.03160	0.01037	0.06544	0.08631	0.00800	0.05246	0.19039	0.13167	0.27870	0.02615	0.01142	0.00838	0.00432	0.00362	0.00112	0.00359	0.00363	0.06508	0.00564
26	0.00520	0.00368	0.00437	0.00459	0.00548	0.00325	0.00333	0.00614	0.00816	0.05777	0.10181	0.35707	0.38329	0.00975	0.00446	0.00134	0.00207	0.03145	0.00353	0.00327
27	0.01138	0.00673	0.00792	0.00701	0.05504	0.00691	0.00527	0.29012	0.02042	0.20059	0.07880	0.01264	0.01014	0.00459	0.00340	0.00104	0.00297	0.00370	0.26615	0.00516
28	0.00627	0.00323	0.00470	0.00470	0.00470	0.00323	0.00309	0.00484	0.00484	0.00646	0.00693	0.01253	0.00712	0.10363	0.01481	0.79894	0.00323	0.00342	0.00166	0.00166
29	0.01374	0.01678	0.01047	0.00936	0.01136	0.77085	0.00708	0.09761	0.01110	0.01042	0.00599	0.00684	0.00488	0.00385	0.00335	0.00096	0.00636	0.00246	0.00207	0.00446
30	0.00762	0.00653	0.00762	0.00544	0.00870	0.00490	0.00435	0.00925	0.00762	0.01197	0.00653	0.00762	0.00544	0.00272	0.00272	0.00054	0.00272	0.00218	0.00218	0.89338
31	0.00634	0.00501	0.00734	0.00737	0.00857	0.00505	0.07710	0.00897	0.09441	0.01143	0.02874	0.08264	0.04625	0.00902	0.00482	0.00157	0.00343	0.58489	0.00330	0.00374
32	0.00732	0.01598	0.64107	0.01085	0.04736	0.00806	0.09998	0.01100	0.00785	0.01151	0.03299	0.04695	0.00685	0.03133	0.00414	0.00126	0.00515	0.00345	0.00177	0.00512
33	0.01389	0.00633	0.00826	0.00622	0.00918	0.00525	0.00509	0.01537	0.00967	0.60585	0.01217	0.01108	0.00803	0.00401	0.00341	0.00096	0.00301	0.00325	0.00385	0.26512
34	0.00617	0.00449	0.00536	0.00521	0.00580	0.00480	0.00362	0.05352	0.09272	0.00950	0.01253	0.05381	0.02625	0.45693	0.19930	0.00349	0.00481	0.04600	0.00253	0.00315
35	0.00940	0.01020	0.00790	0.00734	0.00877	0.34818	0.00558	0.02776	0.13036	0.01072	0.07247	0.06062	0.11323	0.04076	0.05583	0.00153	0.04246	0.04015	0.00268	0.00407
36	0.00522	0.00354	0.00416	0.00429	0.00438	0.00351	0.00257	0.00544	0.00583	0.00781	0.03936	0.14667	0.01572	0.68158	0.03236	0.00319	0.00341	0.02606	0.00248	0.00242
37	0.00978	0.00623	0.00726	0.00646	0.00829	0.00654	0.00501	0.01535	0.39952	0.22050	0.11739	0.12736	0.01523	0.00602	0.00389	0.00123	0.00268	0.00515	0.03093	0.00519
38	0.01867	0.00488	0.00621	0.00541	0.00700	0.00453	0.00421	0.03623	0.03876	0.28890	0.35204	0.10092	0.05645	0.00659	0.00400	0.00117	0.00236	0.00567	0.05150	0.00449
39	0.10785	0.00639	0.00823	0.00638	0.00917	0.00578	0.00527	0.02835	0.01016	0.75265	0.01344	0.01177	0.00852	0.00443	0.00355	0.00114	0.00311	0.00351	0.00430	0.00601
40	0.06286	0.01464	0.01007	0.00876	0.01091	0.56624	0.00675	0.22470	0.01185	0.01318	0.00664	0.00737	0.00522	0.00394	0.00332	0.00099	0.00560	0.00262	0.02960	0.00473
41	0.00744	0.04515	0.82640	0.01034	0.01570	0.00871	0.01335	0.01161	0.00775	0.01154	0.00655	0.00770	0.00465	0.00348	0.00345	0.00115	0.00538	0.00269	0.00155	0.00541
42	0.00992	0.85117	0.01902	0.00637	0.00948	0.03614	0.00631	0.01109	0.00754	0.00865	0.00512	0.00591	0.00471	0.00316	0.00238	0.00079	0.00400	0.00197	0.00158	0.00470
43	0.02319	0.00633	0.00892	0.00793	0.00831	0.00830	0.01903	0.01890	0.00594	0.00906	0.00714	0.01125	0.00690	0.06189	0.30996	0.00320	0.46505	0.00359	0.01140	0.00369

[dist]
# distance from previous block
# <min> <max>
4	54

[block]
# block no. 11 follows, 75 sequences, length 46
# corresponding to MSA columns:
# 649-694
name=unknown_L
#
# <colnr> <probs for GDERKNQSTAVLIFYWHMCP>
#	G	D	E	R	K	N	Q	S	T	A	V	L	I	F	Y	W	H	M	C	P
0	0.00514	0.00366	0.00435	0.00435	0.00472	0.00367	0.00283	0.00557	0.00604	0.00794	0.01616	0.02412	0.17549	0.51892	0.18561	0.01644	0.00449	0.00550	0.00240	0.00260
1	0.01063	0.70424	0.01764	0.00671	0.00981	0.01392	0.00642	0.17244	0.00938	0.01148	0.00583	0.00646	0.00501	0.00339	0.00261	0.00085	0.00395	0.00223	0.00198	0.00501
2	0.00641	0.00456	0.00594	0.00635	0.00742	0.00455	0.00538	0.02415	0.06558	0.03946	0.08001	0.04608	0.10677	0.00924	0.00478	0.00154	0.00306	0.57156	0.00350	0.00367
3	0.00737	0.00679	0.01049	0.69481	0.02221	0.00835	0.00934	0.01137	0.17060	0.01055	0.00818	0.01056	0.00613	0.00393	0.00368	0.00123	0.00451	0.00344	0.00204	0.00442
4	0.00906	0.00887	0.01026	0.07653	0.21982	0.19856	0.03654	0.01761	0.00828	0.05468	0.00984	0.17762	0.00961	0.01963	0.07500	0.00162	0.05515	0.00461	0.00230	0.00441
5	0.00490	0.00360	0.00459	0.00523	0.00580	0.00338	0.00390	0.00584	0.00758	0.00979	0.02282	0.42758	0.18371	0.06294	0.00558	0.00162	0.00251	0.23223	0.00333	0.00307
6	0.02898	0.34685	0.08427	0.04034	0.09013	0.08846	0.02277	0.15136	0.06939	0.03462	0.00713	0.00786	0.00566	0.00365	0.00310	0.00099	0.00432	0.00271	0.00223	0.00518
7	0.00996	0.03175	0.02960	0.23460	0.07917	0.20728	0.03094	0.08226	0.08829	0.05157	0.04922	0.01085	0.02856	0.01329	0.00409	0.00116	0.03687	0.00344	0.00239	0.00470
8	0.01092	0.00650	0.00798	0.00589	0.00896	0.00525	0.00477	0.03805	0.00894	0.30749	0.00949	0.00947	0.00681	0.00344	0.00309	0.00077	0.00289	0.00276	0.01691	0.53962
9	0.00570	0.00428	0.00563	0.02701	0.00677	0.00419	0.02280	0.02542	0.07524	0.02398	0.35558	0.32685	0.06461	0.00859	0.00439	0.00130	0.00227	0.02816	0.00363	0.00361
10	0.00945	0.01018	0.01062	0.03127	0.05825	0.29529	0.13384	0.03031	0.03715	0.02207	0.02635	0.17989	0.01106	0.00596	0.00436	0.00123	0.04440	0.07389	0.01022	0.00422
11	0.00564	0.00407	0.00495	0.00479	0.01893	0.00383	0.00337	0.03757	0.00919	0.02516	0.46791	0.02691	0.17315	0.19006	0.00732	0.00168	0.00229	0.00634	0.00350	0.00332
12	0.00689	0.00637	0.00899	0.00802	0.00821	0.00832	0.02504	0.00768	0.00591	0.00875	0.00856	0.14125	0.00926	0.10915	0.10573	0.00229	0.51932	0.00466	0.00200	0.00359
13	0.00758	0.01775	0.01080	0.04516	0.37302	0.00688	0.05159	0.01667	0.02903	0.01085	0.02699	0.01871	0.01087	0.18227	0.00716	0.00173	0.01828	0.15792	0.00229	0.00443
14	0.16631	0.51281	0.01548	0.00922	0.17316	0.01188	0.00681	0.01132	0.00756	0.04806	0.00588	0.00682	0.00499	0.00328	0.00265	0.00092	0.00379	0.00230	0.00188	0.00487
15	0.00793	0.00787	0.01098	0.00943	0.00943	0.01096	0.00782	0.00871	0.00561	0.00877	0.00507	0.00863	0.00514	0.03880	0.01230	0.00168	0.83197	0.00329	0.00163	0.00395
16	0.00592	0.00415	0.00495	0.00467	0.00568	0.00407	0.00352	0.00858	0.10170	0.01442	0.56097	0.02352	0.05715	0.00666	0.00392	0.00111	0.00186	0.00578	0.17766	0.00370
