[name]
unknown

[dist]
# distance from previous block
# <min> <max>
0	299

[block]
# block no. 0 follows, 65 sequences, length 27
# corresponding to MSA columns:
# 383-409
name=unknown_A
#
# <colnr> <probs for GDERKNQSTAVLIFYWHMCP>
#	G	D	E	R	K	N	Q	S	T	A	V	L	I	F	Y	W	H	M	C	P
0	0.00966	0.09633	0.03365	0.00795	0.01094	0.07188	0.07612	0.07288	0.03459	0.03478	0.01038	0.14767	0.00976	0.00513	0.00374	0.00102	0.00396	0.00438	0.00277	0.36242
1	0.00717	0.00379	0.00547	0.00545	0.00555	0.00384	0.00366	0.00603	0.03810	0.00764	0.00807	0.03424	0.00807	0.03779	0.01543	0.79831	0.00353	0.00388	0.00195	0.00203
2	0.00930	0.00662	0.04063	0.00695	0.00870	0.00637	0.00571	0.12284	0.03297	0.12526	0.16869	0.06410	0.03767	0.04367	0.19004	0.00260	0.02898	0.04422	0.03027	0.02441
3	0.00944	0.22410	0.35354	0.01061	0.05339	0.03614	0.06912	0.05123	0.00924	0.01259	0.00928	0.03306	0.04360	0.00449	0.00397	0.00120	0.02880	0.00355	0.03710	0.00553
4	0.00913	0.02520	0.02610	0.24283	0.31105	0.03417	0.05404	0.02712	0.06300	0.01262	0.03363	0.01357	0.06589	0.00482	0.00469	0.00132	0.05020	0.01284	0.00235	0.00542
5	0.00660	0.00486	0.00636	0.00616	0.00665	0.00551	0.00447	0.03944	0.00708	0.01008	0.01217	0.08771	0.01265	0.30065	0.34198	0.00435	0.08396	0.00539	0.05044	0.00346
6	0.08843	0.03473	0.06675	0.06134	0.14111	0.00886	0.03630	0.10433	0.09801	0.25790	0.01241	0.01244	0.03831	0.00471	0.00396	0.00127	0.00415	0.00391	0.00347	0.01763
7	0.00851	0.00730	0.00851	0.00608	0.00973	0.00547	0.00486	0.01034	0.00851	0.01338	0.00730	0.00851	0.00608	0.00304	0.00304	0.00061	0.00304	0.00243	0.00243	0.88083
8	0.01015	0.02115	0.09055	0.08753	0.17089	0.04991	0.11265	0.06039	0.07958	0.08629	0.08431	0.05316	0.03939	0.00532	0.00447	0.00132	0.01979	0.01463	0.00295	0.00557
9	0.01220	0.06472	0.01214	0.03470	0.06550	0.22677	0.04524	0.16355	0.23834	0.01567	0.03863	0.01186	0.01895	0.00484	0.00396	0.00122	0.00488	0.00383	0.02725	0.00576
10	0.02340	0.00709	0.06514	0.00826	0.02078	0.00603	0.12260	0.07443	0.01004	0.04406	0.15024	0.30632	0.07924	0.00837	0.00473	0.00142	0.00351	0.02416	0.00351	0.03668
11	0.02251	0.20297	0.16829	0.00906	0.01268	0.06605	0.04401	0.12361	0.02135	0.17634	0.00949	0.00989	0.01706	0.00440	0.00413	0.00116	0.04505	0.00328	0.00288	0.05579
12	0.00930	0.31965	0.43718	0.01059	0.03974	0.01192	0.05597	0.01251	0.00856	0.01170	0.00713	0.02702	0.00582	0.00400	0.00374	0.00117	0.02346	0.00306	0.00182	0.00567
13	0.00513	0.00370	0.00486	0.00555	0.00596	0.00343	0.00379	0.00606	0.00855	0.01149	0.15626	0.68091	0.06506	0.01201	0.00516	0.00159	0.00229	0.01083	0.00393	0.00343
14	0.04387	0.00666	0.00891	0.00697	0.00985	0.00586	0.00571	0.01821	0.01158	0.70446	0.11836	0.01585	0.01359	0.00546	0.00417	0.00127	0.00329	0.00448	0.00493	0.00651
15	0.00559	0.00414	0.00521	0.00505	0.00602	0.00376	0.00375	0.00728	0.01094	0.01509	0.63362	0.10000	0.16617	0.00909	0.00488	0.00134	0.00200	0.00798	0.00435	0.00376
16	0.00955	0.00999	0.01322	0.01117	0.01160	0.08128	0.05899	0.01062	0.00694	0.01010	0.00565	0.00898	0.00543	0.00671	0.01212	0.00171	0.72593	0.00359	0.00184	0.00458
17	0.01042	0.00980	0.01490	0.02001	0.57292	0.05916	0.04546	0.03536	0.00981	0.03657	0.04444	0.01121	0.00809	0.02024	0.00434	0.00122	0.00476	0.00376	0.00234	0.08521
18	0.03684	0.00945	0.01518	0.21106	0.50777	0.03289	0.04802	0.04217	0.00953	0.03664	0.00787	0.01029	0.00628	0.00386	0.00406	0.00126	0.00507	0.00365	0.00217	0.00593
19	0.01016	0.00975	0.01666	0.02520	0.83013	0.00975	0.01260	0.01260	0.00935	0.01341	0.00772	0.01016	0.00650	0.00366	0.00406	0.00122	0.00488	0.00366	0.00203	0.00650
20	0.00526	0.00404	0.00482	0.00491	0.00587	0.00360	0.00357	0.00658	0.00990	0.01306	0.34628	0.22219	0.33475	0.01017	0.00494	0.00141	0.00209	0.00886	0.00409	0.00360
21	0.04321	0.01233	0.24412	0.01205	0.12125	0.00901	0.08588	0.13350	0.03368	0.19895	0.01946	0.03673	0.00834	0.00473	0.00413	0.00130	0.00481	0.01717	0.00313	0.00623
22	0.00965	0.35883	0.41588	0.00962	0.01426	0.01192	0.03895	0.01271	0.00865	0.04189	0.00761	0.03913	0.00625	0.00410	0.00348	0.00114	0.00519	0.00311	0.00195	0.00566
23	0.00567	0.00414	0.00533	0.00514	0.00607	0.00380	0.00381	0.00743	0.01113	0.01555	0.70037	0.10241	0.09596	0.00893	0.00488	0.00133	0.00199	0.00788	0.00441	0.00380
24	0.00869	0.01241	0.25650	0.29391	0.18150	0.00966	0.10533	0.01218	0.02643	0.01223	0.00765	0.01016	0.00583	0.00403	0.00447	0.00134	0.03661	0.00363	0.00192	0.00554
25	0.02108	0.08346	0.10114	0.07719	0.06181	0.05247	0.09886	0.04856	0.24366	0.03459	0.01042	0.01148	0.00805	0.00546	0.02908	0.00147	0.07228	0.00385	0.02941	0.00568
26	0.00819	0.00444	0.02248	0.00570	0.00627	0.00414	0.00414	0.02154	0.00677	0.08113	0.06269	0.01388	0.00964	0.01290	0.03743	0.66109	0.00369	0.00389	0.02733	0.00267

[dist]
# distance from previous block
# <min> <max>
0	24

[block]
# block no. 1 follows, 65 sequences, length 16
# corresponding to MSA columns:
# 443-458
name=unknown_B
#
# <colnr> <probs for GDERKNQSTAVLIFYWHMCP>
#	G	D	E	R	K	N	Q	S	T	A	V	L	I	F	Y	W	H	M	C	P
0	0.88473	0.00794	0.00603	0.00540	0.00794	0.00921	0.00445	0.01207	0.00699	0.01842	0.00572	0.00667	0.00445	0.00381	0.00254	0.00127	0.00318	0.00222	0.00254	0.00445
1	0.00979	0.00748	0.00879	0.00640	0.00995	0.00596	0.00514	0.04545	0.03143	0.09090	0.00849	0.00927	0.00668	0.00338	0.00322	0.00072	0.00315	0.00270	0.00280	0.73831
2	0.01456	0.00811	0.00977	0.00754	0.01065	0.00771	0.00615	0.21352	0.06496	0.37730	0.06045	0.01298	0.01042	0.00488	0.00396	0.00114	0.00355	0.00392	0.00424	0.17420
3	0.88473	0.00794	0.00603	0.00540	0.00794	0.00921	0.00445	0.01207	0.00699	0.01842	0.00572	0.00667	0.00445	0.00381	0.00254	0.00127	0.00318	0.00222	0.00254	0.00445
4	0.01152	0.00687	0.00747	0.00628	0.00830	0.00722	0.00501	0.24301	0.08472	0.12193	0.01303	0.01358	0.00964	0.00493	0.00350	0.00111	0.00298	0.00390	0.43964	0.00537
5	0.66152	0.00854	0.00746	0.00629	0.00901	0.00965	0.00519	0.16397	0.00963	0.07593	0.00722	0.00777	0.00532	0.00411	0.00294	0.00126	0.00345	0.00263	0.00301	0.00510
6	0.01016	0.00975	0.01666	0.02520	0.83013	0.00975	0.01260	0.01260	0.00935	0.01341	0.00772	0.01016	0.00650	0.00366	0.00406	0.00122	0.00488	0.00366	0.00203	0.00650
7	0.01244	0.00955	0.01032	0.00864	0.01130	0.01075	0.00691	0.31469	0.45623	0.05966	0.01394	0.01326	0.01028	0.00625	0.03527	0.00152	0.00402	0.00426	0.00412	0.00659
8	0.01249	0.00838	0.00990	0.00831	0.01093	0.00897	0.03645	0.07263	0.48692	0.23321	0.03643	0.01536	0.03006	0.00550	0.00422	0.00135	0.00348	0.00461	0.00433	0.00649
9	0.00952	0.00775	0.00831	0.00750	0.00955	0.00868	0.00581	0.04855	0.58333	0.03088	0.10497	0.03674	0.06451	0.00625	0.00424	0.00136	0.00300	0.00525	0.04795	0.00586
10	0.00570	0.00416	0.00506	0.00515	0.00617	0.00373	0.00384	0.00706	0.00991	0.03465	0.31408	0.21015	0.30269	0.01013	0.00497	0.00144	0.00224	0.06108	0.00409	0.00370
11	0.01023	0.01051	0.05645	0.17409	0.30236	0.03533	0.15319	0.10492	0.02882	0.01397	0.00798	0.01031	0.00628	0.00417	0.00484	0.00132	0.06333	0.00383	0.00226	0.00581
12	0.00676	0.00537	0.02154	0.00709	0.04206	0.00498	0.03433	0.00927	0.09088	0.04523	0.25106	0.28495	0.13226	0.00929	0.00485	0.00145	0.00273	0.03772	0.00392	0.00424
13	0.00502	0.00364	0.00475	0.00558	0.00593	0.00336	0.00376	0.00581	0.00812	0.01076	0.05542	0.76097	0.08673	0.01250	0.00520	0.00163	0.00234	0.01128	0.00384	0.00336
14	0.01600	0.00820	0.01036	0.00802	0.01103	0.00803	0.03634	0.24887	0.03556	0.46944	0.02927	0.01313	0.00973	0.00503	0.00407	0.00124	0.00376	0.00408	0.07122	0.00662
15	0.04459	0.07080	0.09878	0.08224	0.39636	0.07704	0.03836	0.06200	0.05320	0.01371	0.00817	0.02204	0.00667	0.00407	0.00391	0.00123	0.00507	0.00357	0.00226	0.00595

[dist]
# distance from previous block
# <min> <max>
0	34

[block]
# block no. 2 follows, 65 sequences, length 13
# corresponding to MSA columns:
# 493,494,501-511
name=unknown_C
#
# <colnr> <probs for GDERKNQSTAVLIFYWHMCP>
#	G	D	E	R	K	N	Q	S	T	A	V	L	I	F	Y	W	H	M	C	P
0	0.03495	0.16769	0.23356	0.06904	0.04582	0.05159	0.05979	0.08882	0.02774	0.06176	0.03307	0.03698	0.00783	0.01591	0.00400	0.00122	0.00493	0.00360	0.00249	0.04923
1	0.00905	0.00906	0.09070	0.00818	0.03323	0.13806	0.00661	0.05038	0.00958	0.07388	0.01642	0.31405	0.04952	0.01902	0.02002	0.00157	0.03357	0.08018	0.03243	0.00448
2	0.34812	0.10164	0.05159	0.05837	0.06723	0.11304	0.00712	0.06082	0.03348	0.04718	0.04096	0.00915	0.00694	0.00432	0.00365	0.00123	0.03449	0.00299	0.00258	0.00509
3	0.00787	0.00650	0.00819	0.03426	0.04267	0.03110	0.04547	0.07337	0.03307	0.02175	0.07601	0.05595	0.14470	0.16433	0.08905	0.00228	0.04640	0.00555	0.03696	0.07453
4	0.01003	0.15868	0.26031	0.03149	0.07531	0.06874	0.09256	0.06414	0.03941	0.03921	0.04317	0.01196	0.03527	0.04680	0.00473	0.00135	0.00517	0.00376	0.00239	0.00553
5	0.00544	0.00411	0.00487	0.00488	0.00587	0.00372	0.00359	0.00679	0.00976	0.01299	0.32726	0.12807	0.33503	0.04535	0.03591	0.00168	0.00250	0.02550	0.03311	0.00359
6	0.00778	0.00701	0.00957	0.00836	0.01001	0.04098	0.13382	0.02251	0.17619	0.01351	0.12542	0.22894	0.08980	0.00808	0.00506	0.00145	0.03581	0.04209	0.02901	0.00460
7	0.00878	0.03768	0.71121	0.01208	0.05752	0.00970	0.01427	0.01307	0.00870	0.04146	0.00757	0.00890	0.00545	0.00407	0.00431	0.00131	0.04293	0.00311	0.00187	0.00603
8	0.00665	0.00385	0.00565	0.00565	0.00587	0.00407	0.00394	0.00599	0.00577	0.00792	0.00878	0.01480	0.00873	0.09123	0.26261	0.54427	0.00582	0.00402	0.00197	0.00241
9	0.03446	0.07362	0.10720	0.19838	0.10922	0.04310	0.00877	0.05934	0.07664	0.01296	0.03465	0.06033	0.13258	0.00575	0.00433	0.00131	0.02484	0.00475	0.00267	0.00507
10	0.08864	0.05315	0.04009	0.00958	0.01209	0.49721	0.00764	0.10600	0.12269	0.01359	0.00811	0.00870	0.00639	0.00441	0.00367	0.00114	0.00597	0.00299	0.00263	0.00529
11	0.01053	0.26095	0.01293	0.00705	0.01046	0.07626	0.00603	0.06861	0.03237	0.02934	0.00737	0.00825	0.00610	0.00352	0.00310	0.00080	0.00391	0.00256	0.00243	0.44743
12	0.07239	0.01859	0.03212	0.00716	0.00923	0.03963	0.02528	0.14069	0.10474	0.05160	0.08676	0.11006	0.12528	0.00724	0.00432	0.00135	0.00342	0.08101	0.04727	0.03185

[dist]
# distance from previous block
# <min> <max>
2	29

[block]
# block no. 3 follows, 65 sequences, length 11
# corresponding to MSA columns:
# 547-557
name=unknown_D
#
# <colnr> <probs for GDERKNQSTAVLIFYWHMCP>
#	G	D	E	R	K	N	Q	S	T	A	V	L	I	F	Y	W	H	M	C	P
0	0.04577	0.02312	0.09524	0.03837	0.01325	0.00785	0.21845	0.09021	0.02624	0.04220	0.21902	0.06656	0.03188	0.00605	0.00451	0.00134	0.00433	0.04107	0.00322	0.02133
1	0.04663	0.01164	0.01168	0.00955	0.03710	0.09863	0.00752	0.56931	0.04431	0.04219	0.00946	0.00968	0.00689	0.00466	0.00393	0.00117	0.00460	0.00348	0.00367	0.07392
2	0.00930	0.00815	0.01420	0.01207	0.08316	0.00808	0.29327	0.03522	0.05735	0.07494	0.05929	0.08360	0.02764	0.10360	0.00708	0.00169	0.05957	0.02990	0.00289	0.02901
3	0.06566	0.00656	0.00828	0.02124	0.02376	0.00667	0.03930	0.06736	0.12333	0.08964	0.07339	0.05884	0.08094	0.05358	0.07047	0.00193	0.00406	0.13421	0.00353	0.06722
4	0.04220	0.18733	0.14231	0.00953	0.04301	0.03398	0.06566	0.08390	0.09465	0.21665	0.01055	0.01065	0.00760	0.00436	0.00373	0.00119	0.00449	0.00349	0.02863	0.00607
5	0.00991	0.00967	0.07304	0.08721	0.14138	0.00919	0.20369	0.11770	0.01056	0.05752	0.08297	0.07346	0.02259	0.00539	0.00521	0.00137	0.07596	0.00491	0.00279	0.00548
6	0.00591	0.00395	0.00449	0.00455	0.00457	0.00394	0.00257	0.00595	0.00609	0.00811	0.01353	0.07761	0.01567	0.80397	0.01993	0.00384	0.00388	0.00632	0.00257	0.00254
7	0.02542	0.13813	0.22847	0.06163	0.07701	0.02044	0.12474	0.11947	0.04066	0.05882	0.02694	0.03241	0.00756	0.00442	0.00408	0.00125	0.01641	0.00377	0.00254	0.00582
8	0.02419	0.26636	0.38687	0.02872	0.01429	0.02775	0.03362	0.04362	0.02381	0.04068	0.00851	0.06861	0.00718	0.00453	0.00365	0.00120	0.00510	0.00354	0.00217	0.00561
9	0.00605	0.00397	0.00463	0.00463	0.00466	0.00400	0.00268	0.00598	0.00595	0.00797	0.01244	0.02538	0.01417	0.76043	0.05563	0.06654	0.00425	0.00573	0.00242	0.00249
10	0.00516	0.00373	0.00490	0.00569	0.00611	0.00348	0.00395	0.00607	0.00835	0.01110	0.08661	0.68387	0.07958	0.01225	0.00521	0.00163	0.00242	0.06260	0.00386	0.00341

[dist]
# distance from previous block
# <min> <max>
0	1

[block]
# block no. 4 follows, 65 sequences, length 7
# corresponding to MSA columns:
# 559-565
name=unknown_E
#
# <colnr> <probs for GDERKNQSTAVLIFYWHMCP>
#	G	D	E	R	K	N	Q	S	T	A	V	L	I	F	Y	W	H	M	C	P
0	0.05163	0.00873	0.01305	0.44648	0.08286	0.05170	0.09854	0.05591	0.05726	0.01259	0.00875	0.05430	0.00720	0.00466	0.00441	0.00136	0.02914	0.00414	0.00228	0.00500
1	0.12462	0.00831	0.05758	0.00730	0.01028	0.00755	0.00629	0.11420	0.07567	0.43454	0.01333	0.01249	0.00899	0.00484	0.00378	0.00124	0.00355	0.00378	0.09540	0.00624
2	0.10740	0.04581	0.06587	0.08148	0.13421	0.11443	0.00864	0.16101	0.07390	0.06138	0.00950	0.01186	0.00763	0.00531	0.01976	0.00138	0.03460	0.04731	0.00286	0.00566
3	0.00965	0.00826	0.01201	0.11551	0.29278	0.05000	0.03300	0.03741	0.06566	0.07252	0.01093	0.01328	0.03689	0.01094	0.21020	0.00258	0.00632	0.00410	0.00255	0.00539
4	0.03120	0.00488	0.00664	0.03023	0.07688	0.00520	0.00489	0.02464	0.00733	0.01078	0.01230	0.11702	0.01244	0.19771	0.28300	0.05559	0.00594	0.00533	0.10437	0.00364
5	0.15757	0.00916	0.00908	0.07296	0.03199	0.13376	0.03034	0.06544	0.07437	0.01468	0.08247	0.01399	0.08028	0.00514	0.00406	0.00118	0.03413	0.00398	0.05451	0.12093
6	0.19444	0.01033	0.05366	0.02753	0.08245	0.03977	0.04863	0.30298	0.06896	0.04228	0.00956	0.01108	0.00734	0.00481	0.00398	0.01474	0.00433	0.02913	0.03817	0.00582

[dist]
# distance from previous block
# <min> <max>
7	43

[block]
# block no. 5 follows, 65 sequences, length 8
# corresponding to MSA columns:
# 624-631
name=unknown_F
#
# <colnr> <probs for GDERKNQSTAVLIFYWHMCP>
#	G	D	E	R	K	N	Q	S	T	A	V	L	I	F	Y	W	H	M	C	P
0	0.00542	0.00408	0.00491	0.00489	0.00579	0.00369	0.00352	0.00676	0.00994	0.01331	0.41277	0.14917	0.26918	0.08065	0.00625	0.00160	0.00221	0.00827	0.00404	0.00356
1	0.00889	0.10835	0.57493	0.01340	0.12136	0.01035	0.08103	0.01289	0.00880	0.01271	0.00731	0.00884	0.00546	0.00379	0.00386	0.00125	0.00581	0.00318	0.00180	0.00599
2	0.00959	0.43682	0.43081	0.00938	0.01418	0.01286	0.01112	0.01265	0.00850	0.01134	0.00654	0.00763	0.00523	0.00371	0.00327	0.00109	0.00523	0.00262	0.00174	0.00567
3	0.00563	0.00395	0.00469	0.00504	0.00534	0.00380	0.00326	0.00610	0.00716	0.00937	0.01961	0.25876	0.11199	0.45675	0.01348	0.00287	0.00330	0.07285	0.00311	0.00294
4	0.00851	0.00730	0.00851	0.00608	0.00973	0.00547	0.00486	0.01034	0.00851	0.01338	0.00730	0.00851	0.00608	0.00304	0.00304	0.00061	0.00304	0.00243	0.00243	0.88083
5	0.01442	0.01684	0.01134	0.01007	0.01223	0.62891	0.00769	0.05307	0.06986	0.03946	0.00757	0.00845	0.00609	0.00451	0.00431	0.00112	0.05569	0.00293	0.00245	0.04300
6	0.00798	0.00654	0.00966	0.00820	0.01009	0.00642	0.14912	0.07197	0.10064	0.04277	0.15381	0.14483	0.15928	0.02624	0.00517	0.00150	0.00353	0.08393	0.00369	0.00462
7	0.00714	0.00502	0.00601	0.00581	0.00650	0.00523	0.00406	0.07548	0.02564	0.03799	0.01706	0.17809	0.08989	0.37440	0.08205	0.00300	0.03894	0.03103	0.00310	0.00357

[dist]
# distance from previous block
# <min> <max>
6	10

[block]
# block no. 6 follows, 65 sequences, length 10
# corresponding to MSA columns:
# 644-653
name=unknown_G
#
# <colnr> <probs for GDERKNQSTAVLIFYWHMCP>
#	G	D	E	R	K	N	Q	S	T	A	V	L	I	F	Y	W	H	M	C	P
0	0.00582	0.00392	0.00472	0.00490	0.00500	0.00393	0.00297	0.00600	0.00636	0.00853	0.01445	0.18410	0.01666	0.60431	0.07805	0.03384	0.00418	0.00686	0.00270	0.00271
1	0.04841	0.00963	0.03617	0.26557	0.04327	0.07146	0.10435	0.01154	0.04095	0.01136	0.00756	0.03806	0.00651	0.00536	0.00718	0.00149	0.28033	0.00392	0.00206	0.00480
2	0.01194	0.10274	0.16624	0.02704	0.09809	0.14251	0.04554	0.11590	0.03929	0.10441	0.00932	0.04510	0.00741	0.00460	0.00408	0.00120	0.02310	0.00365	0.00272	0.04513
3	0.00993	0.00663	0.00755	0.00653	0.00842	0.00670	0.00506	0.20167	0.08504	0.12497	0.14325	0.10393	0.19423	0.07020	0.00574	0.00154	0.00310	0.00643	0.00409	0.00502
4	0.00519	0.00387	0.00487	0.00552	0.00615	0.00355	0.00396	0.00618	0.00861	0.01119	0.07704	0.52684	0.21224	0.01185	0.00517	0.00160	0.00244	0.09643	0.00385	0.00345
5	0.00781	0.05547	0.13276	0.19536	0.05019	0.00778	0.08774	0.01063	0.04765	0.02830	0.01327	0.21609	0.01322	0.00744	0.02046	0.00155	0.00465	0.09218	0.00271	0.00475
6	0.03518	0.01134	0.12946	0.16782	0.10223	0.03644	0.20635	0.11847	0.04299	0.07435	0.00897	0.01073	0.00663	0.00477	0.02500	0.00144	0.00562	0.00388	0.00256	0.00576
7	0.00684	0.00455	0.00627	0.00609	0.00650	0.00510	0.00442	0.00724	0.00645	0.03280	0.01083	0.04936	0.01088	0.20795	0.31563	0.18902	0.08053	0.00475	0.04163	0.00317
8	0.00716	0.00579	0.00757	0.02578	0.05103	0.03417	0.04175	0.05967	0.03244	0.02775	0.17617	0.37302	0.07204	0.01065	0.05370	0.00176	0.00354	0.00818	0.00363	0.00419
9	0.01099	0.05961	0.03822	0.07820	0.04889	0.02694	0.09094	0.04867	0.06114	0.18859	0.02450	0.01332	0.03586	0.02106	0.11737	0.00209	0.12107	0.00417	0.00297	0.00538

[dist]
# distance from previous block
# <min> <max>
2	21

[block]
# block no. 7 follows, 65 sequences, length 11
# corresponding to MSA columns:
# 675-685
name=unknown_H
#
# <colnr> <probs for GDERKNQSTAVLIFYWHMCP>
#	G	D	E	R	K	N	Q	S	T	A	V	L	I	F	Y	W	H	M	C	P
0	0.00959	0.00765	0.01050	0.18880	0.07558	0.05686	0.06389	0.03117	0.03973	0.12394	0.05448	0.14590	0.07666	0.00631	0.00455	0.00132	0.02402	0.00552	0.00311	0.07040
1	0.00890	0.02726	0.00761	0.00619	0.00817	0.00664	0.00477	0.10352	0.13672	0.03192	0.08446	0.01645	0.02895	0.12166	0.05527	0.00177	0.00357	0.00435	0.14986	0.19197
2	0.00905	0.00761	0.00880	0.00633	0.00995	0.00602	0.00509	0.07108	0.00932	0.01432	0.00749	0.00861	0.00615	0.00318	0.00312	0.00066	0.00315	0.00253	0.00256	0.81499
3	0.00580	0.00403	0.00494	0.00525	0.00610	0.00363	0.00377	0.00690	0.00911	0.04889	0.15152	0.40807	0.26198	0.01085	0.00496	0.00150	0.00230	0.02996	0.02682	0.00364
4	0.00551	0.00418	0.00506	0.00484	0.00595	0.00374	0.00363	0.00716	0.01090	0.01475	0.57811	0.03347	0.28965	0.00903	0.00484	0.00132	0.00198	0.00782	0.00429	0.00374
5	0.00578	0.00417	0.00494	0.00522	0.00582	0.00398	0.00373	0.00657	0.00788	0.01013	0.04600	0.09205	0.21333	0.37458	0.01197	0.00264	0.00331	0.19152	0.00325	0.00312
6	0.00575	0.00436	0.00466	0.00450	0.00580	0.00389	0.00340	0.03266	0.01006	0.01322	0.20262	0.03368	0.53420	0.00910	0.00458	0.00131	0.00211	0.00764	0.11277	0.00371
7	0.00605	0.00418	0.00505	0.00511	0.00615	0.00374	0.00378	0.00736	0.00973	0.05604	0.25889	0.24102	0.29667	0.00998	0.00486	0.00142	0.00224	0.03608	0.03789	0.00376
8	0.01339	0.01069	0.01089	0.00898	0.01178	0.06101	0.00719	0.40305	0.36083	0.04847	0.01278	0.01217	0.00935	0.00516	0.00411	0.00129	0.00412	0.00405	0.00405	0.00664
9	0.01020	0.32910	0.42536	0.00978	0.01443	0.08514	0.01120	0.04932	0.00929	0.01209	0.00678	0.00784	0.00531	0.00383	0.00343	0.00112	0.00550	0.00272	0.00188	0.00570
10	0.01161	0.00919	0.05839	0.00775	0.01033	0.03077	0.00651	0.21445	0.28114	0.10257	0.01548	0.01504	0.07145	0.00546	0.00397	0.00126	0.00357	0.00438	0.14074	0.00595

[dist]
# distance from previous block
# <min> <max>
18	47

[block]
# block no. 8 follows, 65 sequences, length 16
# corresponding to MSA columns:
# 740-755
name=unknown_I
#
# <colnr> <probs for GDERKNQSTAVLIFYWHMCP>
#	G	D	E	R	K	N	Q	S	T	A	V	L	I	F	Y	W	H	M	C	P
0	0.03629	0.00952	0.05154	0.12972	0.01365	0.11185	0.09565	0.05755	0.09232	0.01340	0.10140	0.06570	0.09061	0.00627	0.00510	0.00138	0.07354	0.02770	0.01202	0.00481
1	0.00512	0.00422	0.00455	0.00457	0.00586	0.00359	0.00342	0.00626	0.00939	0.01164	0.11189	0.12186	0.62274	0.01026	0.00486	0.00140	0.00218	0.03162	0.00383	0.03075
2	0.01170	0.07426	0.12020	0.05577	0.26353	0.06103	0.02749	0.19614	0.03360	0.06275	0.00932	0.01160	0.00741	0.00452	0.00403	0.00125	0.00496	0.04155	0.00276	0.00614
3	0.00591	0.00397	0.00456	0.00462	0.00465	0.00398	0.00265	0.00600	0.00610	0.00816	0.01344	0.07489	0.01549	0.78080	0.04537	0.00393	0.00410	0.00625	0.00256	0.00257
4	0.01430	0.01775	0.01126	0.01063	0.03749	0.72074	0.00776	0.01594	0.05430	0.01055	0.00789	0.05741	0.00699	0.00479	0.00383	0.00112	0.00681	0.00331	0.00232	0.00482
5	0.08245	0.00777	0.00912	0.02696	0.03252	0.00675	0.00564	0.08822	0.00988	0.12972	0.00867	0.00935	0.00660	0.00361	0.00331	0.00085	0.00336	0.00283	0.00295	0.55946
6	0.00559	0.00419	0.00482	0.00470	0.00588	0.00368	0.00351	0.00701	0.01022	0.02927	0.35721	0.07782	0.42713	0.00945	0.00480	0.00135	0.00206	0.00809	0.02952	0.00370
7	0.01686	0.01028	0.01015	0.00827	0.01113	0.19756	0.00661	0.06626	0.07999	0.52877	0.01361	0.01234	0.00906	0.00492	0.00403	0.00123	0.00443	0.00381	0.00427	0.00643
8	0.01080	0.00899	0.00989	0.07152	0.05866	0.09964	0.00653	0.08085	0.02591	0.09752	0.00928	0.04097	0.00760	0.00418	0.00359	0.00094	0.00398	0.01403	0.00284	0.44227
9	0.01049	0.00900	0.00978	0.00920	0.04924	0.01032	0.00685	0.06227	0.74320	0.01744	0.01593	0.01479	0.01196	0.00545	0.00417	0.00138	0.00339	0.00455	0.00407	0.00652
10	0.03916	0.00531	0.00582	0.00583	0.00678	0.03065	0.00415	0.08000	0.01820	0.03309	0.02134	0.35522	0.16267	0.15849	0.03893	0.00212	0.00337	0.02161	0.00348	0.00377
11	0.00604	0.00435	0.00590	0.00662	0.00742	0.00421	0.00539	0.00762	0.00939	0.01243	0.14321	0.23637	0.05966	0.01122	0.00541	0.00173	0.00310	0.46235	0.00390	0.00367
12	0.00897	0.00713	0.01082	0.04439	0.27777	0.00728	0.02886	0.02101	0.08723	0.07942	0.03975	0.16729	0.03654	0.00787	0.02966	0.00160	0.02263	0.11339	0.00318	0.00523
13	0.01103	0.00950	0.01545	0.04385	0.67008	0.00958	0.01155	0.04983	0.04325	0.08259	0.00888	0.01070	0.00705	0.00392	0.00408	0.00123	0.00469	0.00374	0.00246	0.00651
14	0.05597	0.00666	0.00862	0.04139	0.00989	0.00677	0.00588	0.03530	0.05353	0.38790	0.13311	0.06510	0.01464	0.04398	0.00590	0.00147	0.09048	0.00497	0.02289	0.00554
15	0.00509	0.00368	0.00483	0.00571	0.00608	0.00343	0.00393	0.00590	0.00806	0.01063	0.02395	0.74482	0.08536	0.01259	0.00524	0.00166	0.00244	0.05941	0.00381	0.00337

[dist]
# distance from previous block
# <min> <max>
0	1

[block]
# block no. 9 follows, 65 sequences, length 7
# corresponding to MSA columns:
# 757-763
name=unknown_J
#
# <colnr> <probs for GDERKNQSTAVLIFYWHMCP>
#	G	D	E	R	K	N	Q	S	T	A	V	L	I	F	Y	W	H	M	C	P
0	0.00898	0.00750	0.01054	0.32953	0.06813	0.04327	0.03741	0.06506	0.05953	0.06219	0.01291	0.13418	0.04137	0.02964	0.02964	0.00161	0.00469	0.03085	0.01817	0.00482
1	0.00668	0.00451	0.00522	0.00507	0.00640	0.00401	0.00381	0.00812	0.02941	0.09930	0.15043	0.14233	0.44293	0.03981	0.00541	0.00151	0.00240	0.03471	0.00401	0.00393
2	0.03103	0.00598	0.00740	0.00647	0.00827	0.00588	0.03317	0.09498	0.06584	0.15456	0.17981	0.10283	0.10662	0.00724	0.00432	0.00131	0.00290	0.04133	0.13520	0.00487
3	0.01109	0.04521	0.08135	0.02977	0.05602	0.10347	0.11265	0.13007	0.16170	0.06347	0.06172	0.03401	0.03786	0.00536	0.00447	0.00131	0.02654	0.02506	0.00317	0.00569
4	0.00923	0.00804	0.03829	0.08620	0.24150	0.00776	0.08046	0.07175	0.04638	0.06251	0.08621	0.10693	0.06733	0.00615	0.00442	0.00135	0.00412	0.03692	0.02911	0.00533
5	0.02954	0.01505	0.37651	0.01011	0.01376	0.12287	0.02880	0.04434	0.03496	0.05179	0.05570	0.03599	0.01014	0.00557	0.00482	0.00137	0.06285	0.08786	0.00257	0.00539
6	0.04340	0.00860	0.01198	0.06445	0.13739	0.04589	0.08916	0.10591	0.01107	0.28322	0.03317	0.01434	0.00963	0.06289	0.00531	0.00146	0.00445	0.03576	0.00346	0.02847

[dist]
# distance from previous block
# <min> <max>
1	13

[block]
# block no. 10 follows, 65 sequences, length 6
# corresponding to MSA columns:
# 782-785,792,793
name=unknown_K
#
# <colnr> <probs for GDERKNQSTAVLIFYWHMCP>
#	G	D	E	R	K	N	Q	S	T	A	V	L	I	F	Y	W	H	M	C	P
0	0.03299	0.04197	0.00844	0.02756	0.00891	0.05196	0.03029	0.07758	0.10093	0.06533	0.16659	0.04776	0.05086	0.00956	0.04900	0.21392	0.00394	0.00493	0.00321	0.00426
1	0.00978	0.00897	0.04262	0.00971	0.11093	0.05600	0.04719	0.05167	0.03324	0.05591	0.02666	0.06730	0.00863	0.00429	0.00366	0.00095	0.00387	0.00369	0.00273	0.45222
2	0.18385	0.18041	0.03164	0.06869	0.07014	0.04028	0.00718	0.12029	0.04690	0.05362	0.05632	0.01037	0.00820	0.00541	0.03516	0.00137	0.02818	0.00329	0.00274	0.04596
3	0.00966	0.00866	0.01216	0.17475	0.17965	0.06141	0.07303	0.07206	0.02579	0.03319	0.04198	0.05388	0.00876	0.00518	0.00481	0.05915	0.00456	0.00405	0.00252	0.16475
4	0.08983	0.03994	0.16188	0.00962	0.04098	0.06044	0.07639	0.11150	0.08094	0.10491	0.01208	0.10093	0.03765	0.00539	0.00401	0.00128	0.00446	0.00451	0.00307	0.05018
5	0.04459	0.00844	0.09966	0.03774	0.05896	0.00738	0.03643	0.09694	0.07910	0.08595	0.21523	0.05976	0.09518	0.02091	0.00497	0.00138	0.03317	0.00554	0.00355	0.00513

[dist]
# distance from previous block
# <min> <max>
5	15

[block]
# block no. 11 follows, 65 sequences, length 18
# corresponding to MSA columns:
# 811-828
name=unknown_L
#
# <colnr> <probs for GDERKNQSTAVLIFYWHMCP>
#	G	D	E	R	K	N	Q	S	T	A	V	L	I	F	Y	W	H	M	C	P
0	0.06194	0.01137	0.16353	0.02261	0.02613	0.03634	0.01887	0.28811	0.04314	0.11871	0.01133	0.01171	0.03298	0.00483	0.00402	0.00124	0.02006	0.00373	0.11341	0.00596
1	0.02858	0.01077	0.03066	0.00917	0.01162	0.18445	0.08990	0.18360	0.07358	0.04197	0.03441	0.03655	0.07635	0.00611	0.00430	0.00131	0.00472	0.10786	0.03351	0.03060
2	0.88473	0.00794	0.00603	0.00540	0.00794	0.00921	0.00445	0.01207	0.00699	0.01842	0.00572	0.00667	0.00445	0.00381	0.00254	0.00127	0.00318	0.00222	0.00254	0.00445
3	0.01097	0.85821	0.02151	0.00702	0.01054	0.01624	0.00702	0.01229	0.00834	0.00966	0.00571	0.00658	0.00527	0.00351	0.00263	0.00088	0.00439	0.00219	0.00176	0.00527
4	0.00495	0.00394	0.00445	0.00479	0.00573	0.00344	0.00341	0.00592	0.00891	0.01112	0.07291	0.34238	0.49116	0.01122	0.00500	0.00149	0.00218	0.00972	0.00385	0.00344
5	0.00792	0.00747	0.01261	0.78874	0.08410	0.00916	0.01148	0.01063	0.00829	0.01069	0.00733	0.01089	0.00554	0.00407	0.00410	0.00136	0.00543	0.00365	0.00184	0.00470
6	0.02875	0.01146	0.01116	0.00888	0.01180	0.12586	0.00720	0.53171	0.02920	0.11640	0.01040	0.01041	0.00741	0.00483	0.00394	0.00120	0.00458	0.00360	0.06480	0.00641
7	0.09023	0.00721	0.00913	0.00711	0.01013	0.00664	0.00586	0.07339	0.01171	0.66737	0.01474	0.01315	0.00948	0.00495	0.00393	0.00125	0.00346	0.00392	0.04974	0.00661
8	0.00562	0.00426	0.00468	0.00472	0.00592	0.00378	0.00348	0.00710	0.03569	0.03223	0.11338	0.17583	0.52371	0.01004	0.00478	0.00140	0.00218	0.00857	0.04893	0.00369
9	0.03469	0.01162	0.00948	0.00845	0.01053	0.31463	0.00655	0.14471	0.03103	0.12986	0.01373	0.12240	0.05703	0.00716	0.02841	0.00144	0.00510	0.05472	0.00334	0.00512
10	0.02923	0.01148	0.01162	0.00935	0.01220	0.18550	0.06329	0.30616	0.05532	0.19675	0.01116	0.01183	0.00813	0.00490	0.00405	0.00123	0.00486	0.02682	0.03999	0.00612
11	0.00526	0.00377	0.00511	0.00587	0.00623	0.00367	0.00409	0.00615	0.00786	0.01058	0.04695	0.65244	0.02489	0.04102	0.10674	0.00234	0.00354	0.05650	0.00360	0.00339
12	0.00891	0.01292	0.25268	0.01334	0.01712	0.00974	0.36877	0.04202	0.00907	0.01283	0.00870	0.05378	0.00723	0.00644	0.06362	0.00178	0.09909	0.00446	0.00212	0.00538
13	0.00595	0.00395	0.00459	0.00470	0.00474	0.00393	0.00275	0.00599	0.00620	0.00825	0.01375	0.09490	0.01587	0.73026	0.01899	0.03768	0.00383	0.02848	0.00260	0.00257
14	0.01023	0.00633	0.00747	0.00669	0.00828	0.02121	0.00510	0.13841	0.08268	0.15989	0.04748	0.14786	0.10033	0.03453	0.00722	0.16823	0.00336	0.03639	0.00369	0.00460
15	0.04792	0.00634	0.00703	0.00593	0.00791	0.00644	0.00470	0.16108	0.04267	0.20340	0.01385	0.01468	0.02953	0.03886	0.00419	0.00124	0.00294	0.00404	0.39207	0.00519
16	0.02276	0.00602	0.00778	0.04194	0.03745	0.00628	0.02409	0.09484	0.11295	0.04795	0.07684	0.32480	0.01940	0.03370	0.02939	0.00172	0.00348	0.08575	0.01828	0.00458
17	0.02605	0.02372	0.01299	0.10973	0.26318	0.07315	0.04082	0.20256	0.04821	0.03057	0.02602	0.09348	0.00933	0.00515	0.00416	0.00127	0.00467	0.00448	0.00289	0.01756

[dist]
# distance from previous block
# <min> <max>
3	60

[block]
# block no. 12 follows, 65 sequences, length 26
# corresponding to MSA columns:
# 897-908,919-932
name=unknown_M
#
# <colnr> <probs for GDERKNQSTAVLIFYWHMCP>
#	G	D	E	R	K	N	Q	S	T	A	V	L	I	F	Y	W	H	M	C	P
0	0.03225	0.01055	0.13545	0.04080	0.09245	0.10327	0.12264	0.04335	0.00933	0.02139	0.01344	0.15709	0.07482	0.06897	0.00552	0.00151	0.00474	0.00548	0.02800	0.02894
1	0.03444	0.06608	0.02262	0.00935	0.07474	0.00795	0.06490	0.12080	0.05242	0.17881	0.01497	0.11831	0.05224	0.00723	0.03070	0.00150	0.00410	0.08443	0.00353	0.05090
2	0.00697	0.02507	0.00640	0.00568	0.00722	0.00544	0.00438	0.09260	0.06770	0.01402	0.17505	0.10407	0.34391	0.03639	0.00520	0.00145	0.00267	0.05205	0.00385	0.03989
3	0.21137	0.03511	0.02351	0.00660	0.00859	0.00804	0.00527	0.13714	0.14131	0.02759	0.06250	0.08576	0.08155	0.09845	0.03010	0.00178	0.00359	0.02355	0.00339	0.00481
4	0.31730	0.00853	0.01050	0.06422	0.04651	0.02076	0.11412	0.06749	0.13656	0.03831	0.05904	0.03319	0.00921	0.00464	0.00367	0.00128	0.00397	0.00384	0.00298	0.05390
5	0.03462	0.00781	0.01293	0.52048	0.26230	0.00895	0.01110	0.01090	0.00853	0.01164	0.00842	0.04592	0.00715	0.00453	0.00414	0.00135	0.00505	0.02708	0.00204	0.00506
6	0.01010	0.42215	0.35921	0.00987	0.04329	0.06904	0.01068	0.01288	0.00874	0.01121	0.00651	0.00764	0.00529	0.00373	0.00329	0.00108	0.00531	0.00263	0.00178	0.00561
7	0.06412	0.01132	0.16294	0.01024	0.04272	0.03072	0.10773	0.17390	0.05836	0.19854	0.08783	0.01274	0.01037	0.00483	0.00413	0.00128	0.00456	0.00410	0.00346	0.00609
8	0.07055	0.01158	0.01120	0.00901	0.01194	0.11023	0.00729	0.52021	0.12462	0.05422	0.01039	0.01033	0.00754	0.00486	0.00395	0.00123	0.00453	0.00362	0.01627	0.00644
9	0.00531	0.00394	0.00486	0.00536	0.00604	0.00364	0.00379	0.00657	0.02655	0.01176	0.13613	0.49673	0.20327	0.01129	0.00503	0.00154	0.00231	0.03507	0.02727	0.00353
10	0.21747	0.05774	0.00904	0.00699	0.00921	0.02555	0.00552	0.24683	0.10808	0.04291	0.04710	0.01397	0.01003	0.17446	0.00703	0.00179	0.00384	0.00399	0.00330	0.00515
11	0.00528	0.00396	0.00508	0.00556	0.00619	0.00384	0.00399	0.00624	0.00790	0.01036	0.02390	0.40695	0.20527	0.06341	0.18221	0.00278	0.00429	0.04598	0.00339	0.00341
12	0.00605	0.00410	0.00488	0.00509	0.00527	0.00409	0.00329	0.00642	0.00668	0.00885	0.01493	0.06455	0.01700	0.66823	0.01749	0.00351	0.00388	0.15019	0.00278	0.00276
13	0.00876	0.00867	0.01253	0.16305	0.01397	0.01194	0.00942	0.00999	0.00664	0.00999	0.00574	0.00934	0.00540	0.00662	0.01176	0.00172	0.69456	0.00360	0.00180	0.00450
14	0.12023	0.00718	0.00897	0.00709	0.01000	0.00670	0.00581	0.07424	0.01154	0.61796	0.04044	0.04949	0.01089	0.00536	0.00401	0.00129	0.00343	0.00430	0.00464	0.00643
15	0.00523	0.00398	0.00483	0.00518	0.00601	0.00358	0.00376	0.00639	0.00929	0.01212	0.20743	0.34988	0.29872	0.01095	0.00505	0.00150	0.00226	0.05637	0.00397	0.00352
16	0.88473	0.00794	0.00603	0.00540	0.00794	0.00921	0.00445	0.01207	0.00699	0.01842	0.00572	0.00667	0.00445	0.00381	0.00254	0.00127	0.00318	0.00222	0.00254	0.00445
17	0.00948	0.00906	0.01543	0.25803	0.60264	0.00957	0.01226	0.01200	0.00902	0.01258	0.00760	0.01038	0.00621	0.00378	0.00408	0.00126	0.00505	0.00365	0.00197	0.00595
18	0.00539	0.00416	0.00492	0.00477	0.00589	0.00369	0.00356	0.00693	0.01058	0.01408	0.48236	0.06108	0.35906	0.00935	0.00486	0.00134	0.00201	0.00807	0.00421	0.00369
19	0.00522	0.00390	0.00472	0.00510	0.00576	0.00355	0.00354	0.00619	0.00876	0.01147	0.16763	0.39272	0.24678	0.09541	0.00663	0.00176	0.00240	0.02127	0.00380	0.00339
20	0.00798	0.00759	0.00865	0.00809	0.00882	0.12603	0.00637	0.00915	0.00720	0.00961	0.00892	0.01312	0.00833	0.02102	0.50327	0.03308	0.20281	0.00393	0.00208	0.00395
21	0.21945	0.01052	0.00808	0.00694	0.00931	0.24734	0.00541	0.05737	0.00967	0.01471	0.00803	0.00921	0.00642	0.00403	0.00314	0.00100	0.00418	0.00280	0.18145	0.19093
22	0.01146	0.01017	0.01563	0.02144	0.63540	0.01046	0.01146	0.20410	0.01172	0.01638	0.00823	0.01009	0.00662	0.00396	0.00407	0.00122	0.00479	0.00367	0.00253	0.00662
23	0.00821	0.00814	0.04642	0.51673	0.12305	0.00895	0.03952	0.03373	0.00843	0.01124	0.00823	0.03160	0.00701	0.08121	0.00614	0.00161	0.04895	0.00406	0.00203	0.00475
24	0.05063	0.23515	0.23966	0.00937	0.05876	0.03998	0.00895	0.03730	0.06114	0.06352	0.04301	0.08072	0.00964	0.00553	0.01431	0.01453	0.00460	0.01520	0.00257	0.00543
25	0.13332	0.14504	0.13367	0.00841	0.05162	0.03652	0.00738	0.07356	0.10850	0.02862	0.04507	0.01294	0.07001	0.02766	0.02332	0.00136	0.00419	0.00373	0.00278	0.08230

[dist]
# distance from previous block
# <min> <max>
4	78

[block]
# block no. 13 follows, 65 sequences, length 8
# corresponding to MSA columns:
# 1012-1014,1021-1025
name=unknown_N
#
# <colnr> <probs for GDERKNQSTAVLIFYWHMCP>
#	G	D	E	R	K	N	Q	S	T	A	V	L	I	F	Y	W	H	M	C	P
0	0.02428	0.21579	0.05551	0.00898	0.01165	0.14235	0.06918	0.10489	0.06838	0.04018	0.01064	0.07510	0.00970	0.00559	0.00423	0.00125	0.03369	0.08038	0.01993	0.01830
1	0.00710	0.00547	0.00640	0.00537	0.00752	0.00446	0.00415	0.00863	0.00947	0.04810	0.19171	0.04877	0.24787	0.03202	0.00464	0.00116	0.00258	0.02485	0.00345	0.33626
2	0.01128	0.27470	0.28276	0.01017	0.04010	0.21482	0.01009	0.04834	0.04998	0.01203	0.00719	0.00815	0.00572	0.00398	0.00349	0.00111	0.00564	0.00281	0.00207	0.00558
3	0.05017	0.15593	0.25985	0.05225	0.04739	0.03653	0.04190	0.11866	0.08513	0.03362	0.03190	0.03070	0.00824	0.00467	0.00384	0.00125	0.00487	0.02478	0.00261	0.00573
4	0.00535	0.00396	0.00497	0.00549	0.00606	0.00372	0.00379	0.00670	0.03946	0.01172	0.15922	0.55629	0.12571	0.04038	0.00562	0.00164	0.00236	0.01013	0.00390	0.00353
5	0.00664	0.00476	0.00569	0.00553	0.00671	0.00458	0.00421	0.02615	0.06135	0.04644	0.20598	0.05509	0.28954	0.07927	0.05675	0.03699	0.00318	0.09351	0.00376	0.00387
6	0.01125	0.29081	0.28796	0.00980	0.03526	0.09449	0.03271	0.04730	0.00966	0.10265	0.00836	0.03760	0.00667	0.00427	0.00358	0.00114	0.00517	0.00323	0.00234	0.00572
7	0.05922	0.10621	0.26515	0.06296	0.07737	0.06856	0.06686	0.05531	0.04970	0.04423	0.00899	0.01170	0.00725	0.00458	0.00414	0.00128	0.02756	0.05214	0.02121	0.00557

[dist]
# distance from previous block
# <min> <max>
0	2

[block]
# block no. 14 follows, 65 sequences, length 22
# corresponding to MSA columns:
# 1028-1046,1050-1052
name=unknown_O
#
# <colnr> <probs for GDERKNQSTAVLIFYWHMCP>
#	G	D	E	R	K	N	Q	S	T	A	V	L	I	F	Y	W	H	M	C	P
0	0.10891	0.00825	0.02570	0.00706	0.00901	0.04978	0.00550	0.21496	0.11452	0.03823	0.02692	0.09333	0.05221	0.18596	0.00762	0.00187	0.00384	0.01676	0.00339	0.02619
1	0.20817	0.03539	0.00915	0.00764	0.00947	0.06813	0.03044	0.05268	0.07996	0.03901	0.04069	0.13824	0.01108	0.00623	0.00528	0.00135	0.13621	0.01862	0.02837	0.07390
2	0.00805	0.00677	0.03364	0.00708	0.00879	0.00676	0.00574	0.05885	0.28528	0.02819	0.13212	0.13395	0.11874	0.00836	0.00472	0.00148	0.00307	0.13948	0.00400	0.00492
3	0.04046	0.25252	0.05737	0.00959	0.01300	0.04517	0.14607	0.19225	0.01132	0.07548	0.00896	0.01002	0.02403	0.01990	0.00419	0.00118	0.02214	0.00344	0.00272	0.06018
4	0.15930	0.00976	0.00934	0.00785	0.02625	0.10248	0.00611	0.21785	0.09728	0.03154	0.05189	0.02089	0.03425	0.00471	0.00363	0.00111	0.00390	0.00358	0.00323	0.20502
5	0.06107	0.24486	0.11105	0.05180	0.01394	0.03783	0.10582	0.16905	0.07708	0.01487	0.00803	0.00913	0.00629	0.00425	0.00415	0.00119	0.04980	0.00327	0.00252	0.02400
6	0.01010	0.03687	0.00952	0.00859	0.03611	0.14169	0.02651	0.05353	0.29474	0.04410	0.05172	0.15142	0.03367	0.03154	0.03018	0.00159	0.00421	0.02520	0.00350	0.00522
7	0.00588	0.00401	0.00469	0.00477	0.00494	0.00398	0.00291	0.00619	0.00669	0.00895	0.06528	0.08474	0.03995	0.66668	0.04159	0.00358	0.00389	0.03577	0.00278	0.00274
8	0.02289	0.00810	0.00972	0.04592	0.16356	0.10964	0.04874	0.03694	0.03587	0.03832	0.16762	0.08334	0.17371	0.00679	0.00439	0.00129	0.00383	0.00589	0.02867	0.00476
9	0.06980	0.00724	0.00766	0.00708	0.00866	0.06550	0.00534	0.19799	0.01121	0.10034	0.03664	0.41268	0.01750	0.00923	0.02197	0.00155	0.00358	0.00748	0.00379	0.00476
10	0.22435	0.00565	0.00645	0.00596	0.00740	0.00603	0.00451	0.01055	0.02209	0.15322	0.01184	0.06957	0.01091	0.18854	0.25206	0.00342	0.00564	0.00461	0.00298	0.00421
11	0.00501	0.00373	0.00466	0.00534	0.00587	0.00339	0.00366	0.00586	0.00838	0.01092	0.06739	0.62990	0.20676	0.01208	0.00513	0.00159	0.00229	0.01078	0.00385	0.00339
12	0.00791	0.00748	0.01065	0.00942	0.00963	0.00986	0.03173	0.00882	0.00669	0.00996	0.00949	0.17130	0.01037	0.05999	0.05366	0.00213	0.56916	0.00535	0.00225	0.00414
13	0.00997	0.01588	0.43278	0.01300	0.01786	0.00984	0.27149	0.06527	0.00984	0.07616	0.00844	0.00993	0.00603	0.00401	0.00453	0.00134	0.03164	0.00376	0.00225	0.00598
14	0.01533	0.01956	0.01163	0.01058	0.01269	0.83926	0.00793	0.01639	0.01163	0.01005	0.00635	0.00740	0.00529	0.00423	0.00370	0.00106	0.00740	0.00264	0.00212	0.00476
15	0.00583	0.00435	0.00645	0.00649	0.00717	0.00502	0.00498	0.00722	0.00663	0.00951	0.01154	0.05094	0.01112	0.05912	0.77630	0.00630	0.01039	0.00475	0.00228	0.00361
16	0.03666	0.03258	0.00731	0.00622	0.00795	0.04215	0.00475	0.08460	0.03281	0.04398	0.21930	0.22957	0.09129	0.00790	0.00437	0.00127	0.00291	0.00678	0.00369	0.13394
17	0.02341	0.19451	0.02806	0.00944	0.07403	0.00954	0.09116	0.03563	0.16164	0.01332	0.03688	0.12058	0.02529	0.00568	0.01346	0.00122	0.00398	0.00467	0.00284	0.14468
18	0.00869	0.00667	0.00817	0.08615	0.00971	0.00750	0.00556	0.19099	0.00943	0.01284	0.01090	0.04732	0.01101	0.37431	0.07149	0.00287	0.09754	0.00495	0.00274	0.03117
19	0.03164	0.00763	0.00628	0.00593	0.00697	0.17903	0.00420	0.01066	0.04815	0.03542	0.01171	0.01731	0.01083	0.29169	0.04394	0.00227	0.00428	0.00433	0.27394	0.00380
20	0.06566	0.07206	0.06714	0.03203	0.16324	0.12860	0.00848	0.10933	0.18123	0.02349	0.04347	0.01276	0.00945	0.00492	0.00405	0.00126	0.01585	0.03875	0.01250	0.00574
21	0.20505	0.14702	0.20499	0.03552	0.01295	0.07201	0.02826	0.12639	0.04748	0.04680	0.00777	0.00861	0.00588	0.00415	0.00361	0.00120	0.01844	0.00297	0.00254	0.01837

[dist]
# distance from previous block
# <min> <max>
1	15

[block]
# block no. 15 follows, 65 sequences, length 16
# corresponding to MSA columns:
# 1070-1085
name=unknown_P
#
# <colnr> <probs for GDERKNQSTAVLIFYWHMCP>
#	G	D	E	R	K	N	Q	S	T	A	V	L	I	F	Y	W	H	M	C	P
0	0.01006	0.36219	0.19469	0.02507	0.05223	0.01233	0.04874	0.06794	0.08750	0.01291	0.04791	0.00999	0.00792	0.00478	0.02082	0.00125	0.02248	0.00327	0.00232	0.00562
1	0.01030	0.33658	0.11328	0.00831	0.01123	0.06915	0.03367	0.07604	0.03577	0.02629	0.00947	0.02795	0.03035	0.00659	0.06224	0.00152	0.05570	0.02327	0.05714	0.00517
2	0.01048	0.00531	0.00679	0.00597	0.00771	0.00484	0.00466	0.03681	0.01084	0.29804	0.25175	0.10500	0.09818	0.03264	0.00497	0.00141	0.00274	0.03735	0.06959	0.00491
3	0.01151	0.06691	0.09362	0.00763	0.01020	0.08004	0.00668	0.16833	0.02102	0.16695	0.18949	0.05879	0.03535	0.03033	0.00463	0.00132	0.00388	0.00493	0.03299	0.00540
4	0.15189	0.09006	0.11407	0.08773	0.06669	0.06030	0.06739	0.06911	0.07221	0.09213	0.00981	0.01169	0.02143	0.03883	0.00444	0.00136	0.00466	0.01978	0.00273	0.01368
5	0.05591	0.00523	0.00618	0.00539	0.00723	0.00476	0.00421	0.01192	0.01002	0.29024	0.11486	0.04575	0.21150	0.02870	0.00451	0.00132	0.00262	0.00570	0.17915	0.00479
6	0.01084	0.00724	0.00818	0.00696	0.00910	0.00744	0.00551	0.26220	0.09356	0.13093	0.10303	0.10481	0.18019	0.00737	0.00445	0.00134	0.00319	0.01904	0.02922	0.00539
7	0.03019	0.39705	0.29750	0.02491	0.03272	0.07304	0.00997	0.02867	0.02565	0.02323	0.01911	0.00823	0.00601	0.00388	0.00332	0.00109	0.00512	0.00276	0.00198	0.00556
8	0.03751	0.03657	0.00856	0.00714	0.00892	0.07167	0.01688	0.05484	0.09259	0.19367	0.02284	0.03851	0.01050	0.07324	0.21571	0.06056	0.00571	0.00434	0.03541	0.00484
9	0.00528	0.00386	0.00522	0.00583	0.00619	0.00363	0.02280	0.00601	0.00775	0.01028	0.02161	0.67256	0.05174	0.12407	0.00730	0.00196	0.00273	0.03429	0.00359	0.00329
10	0.04539	0.01124	0.01195	0.00925	0.01246	0.01248	0.00762	0.74955	0.05839	0.02518	0.01005	0.01001	0.00717	0.00492	0.00406	0.00124	0.00441	0.00369	0.00406	0.00687
11	0.00860	0.20616	0.11845	0.00748	0.00984	0.00844	0.04460	0.03527	0.05756	0.05064	0.05355	0.16206	0.05361	0.08896	0.00647	0.05931	0.00393	0.01764	0.00284	0.00458
12	0.08001	0.00860	0.00955	0.00764	0.01042	0.03531	0.00621	0.27054	0.06140	0.32662	0.08159	0.01393	0.02702	0.00531	0.00402	0.00125	0.00369	0.00418	0.03646	0.00625
13	0.01082	0.79248	0.05451	0.00760	0.01124	0.01575	0.03776	0.01235	0.00840	0.00992	0.00587	0.00684	0.00530	0.00353	0.00277	0.00091	0.00455	0.00233	0.00177	0.00531
