[name]
unknown

[dist]
# distance from previous block
# <min> <max>
21	175

[block]
# block no. 0 follows, 72 sequences, length 10
# corresponding to MSA columns:
# 423-432
name=unknown_A
#
# <colnr> <probs for GDERKNQSTAVLIFYWHMCP>
#	G	D	E	R	K	N	Q	S	T	A	V	L	I	F	Y	W	H	M	C	P
0	0.03929	0.16923	0.23021	0.00942	0.07933	0.03055	0.04601	0.08335	0.07042	0.03387	0.07238	0.02640	0.03685	0.02278	0.00386	0.00116	0.00422	0.00360	0.00244	0.03462
1	0.03190	0.16384	0.12118	0.00962	0.07419	0.12961	0.06700	0.09697	0.03949	0.04491	0.02261	0.05425	0.02050	0.00474	0.01531	0.00116	0.03415	0.00350	0.01440	0.05067
2	0.05403	0.15700	0.29992	0.03466	0.06328	0.06269	0.03332	0.02839	0.00871	0.12488	0.02967	0.01076	0.02884	0.02977	0.00394	0.00120	0.00459	0.01682	0.00232	0.00518
3	0.04841	0.20441	0.18131	0.04450	0.02325	0.15498	0.00789	0.08032	0.00943	0.04088	0.06771	0.02211	0.03051	0.00496	0.02252	0.00118	0.00468	0.02162	0.00233	0.02698
4	0.09212	0.20357	0.15926	0.00907	0.05672	0.07340	0.05448	0.08158	0.09763	0.05759	0.02908	0.01001	0.03558	0.00417	0.00354	0.00111	0.02021	0.00321	0.00246	0.00520
5	0.02379	0.23796	0.22524	0.00812	0.05533	0.03734	0.00767	0.01038	0.02304	0.04320	0.10268	0.14812	0.05110	0.00564	0.00362	0.00114	0.00385	0.00463	0.00249	0.00466
6	0.04414	0.48540	0.19772	0.03870	0.04757	0.09213	0.00849	0.02836	0.00825	0.01042	0.00587	0.00692	0.00491	0.00345	0.00291	0.00096	0.00467	0.00237	0.00173	0.00501
7	0.03489	0.23362	0.44320	0.03948	0.01407	0.04277	0.04541	0.01198	0.04246	0.01121	0.00687	0.00814	0.00533	0.00464	0.03961	0.00131	0.00528	0.00278	0.00177	0.00518
8	0.00507	0.00442	0.03940	0.00471	0.00564	0.00365	0.00358	0.00600	0.00776	0.00989	0.07450	0.14928	0.36953	0.22743	0.00832	0.00195	0.00267	0.06991	0.00317	0.00310
9	0.00921	0.49990	0.25389	0.00768	0.01132	0.01179	0.00836	0.01163	0.03643	0.03953	0.00761	0.07334	0.00680	0.00413	0.00305	0.00101	0.00429	0.00306	0.00195	0.00503

[dist]
# distance from previous block
# <min> <max>
21	81

[block]
# block no. 1 follows, 72 sequences, length 9
# corresponding to MSA columns:
# 516-524
name=unknown_B
#
# <colnr> <probs for GDERKNQSTAVLIFYWHMCP>
#	G	D	E	R	K	N	Q	S	T	A	V	L	I	F	Y	W	H	M	C	P
0	0.06271	0.05296	0.04295	0.08170	0.09474	0.05147	0.05255	0.15132	0.04928	0.08952	0.01076	0.08323	0.03428	0.04116	0.03097	0.00145	0.03561	0.00419	0.02416	0.00496
1	0.01997	0.03201	0.00875	0.08098	0.07929	0.04824	0.02619	0.10832	0.05337	0.05563	0.04315	0.12755	0.06871	0.04964	0.06843	0.00166	0.00404	0.01642	0.04295	0.06469
2	0.00948	0.05473	0.12733	0.11449	0.18255	0.04666	0.02325	0.05148	0.05224	0.10410	0.06876	0.04476	0.00957	0.01693	0.00391	0.00118	0.00409	0.00388	0.07550	0.00511
3	0.07165	0.06960	0.11968	0.02703	0.08778	0.08245	0.03095	0.07705	0.06199	0.06656	0.03403	0.05295	0.03406	0.02457	0.00468	0.03455	0.03817	0.00374	0.02231	0.05617
4	0.00605	0.00485	0.04228	0.00546	0.00621	0.00438	0.00403	0.02541	0.03701	0.04155	0.08943	0.35347	0.07185	0.24846	0.00895	0.00205	0.03454	0.00751	0.00315	0.00337
5	0.05962	0.00470	0.00517	0.00547	0.00608	0.04567	0.00378	0.02688	0.00748	0.04693	0.01673	0.51922	0.01914	0.16928	0.02814	0.00198	0.00306	0.02420	0.00317	0.00331
6	0.10613	0.03662	0.02339	0.02190	0.10625	0.15859	0.03337	0.19198	0.03457	0.05184	0.02237	0.03230	0.02426	0.00609	0.06293	0.00146	0.02364	0.00345	0.01474	0.04412
7	0.00604	0.03182	0.00567	0.00505	0.00621	0.05579	0.00379	0.00800	0.06907	0.01250	0.37368	0.06883	0.28051	0.05025	0.00505	0.00134	0.00241	0.00674	0.00361	0.00364
8	0.00999	0.34131	0.23576	0.00997	0.04531	0.13047	0.09993	0.04289	0.00872	0.01085	0.00623	0.00746	0.00506	0.00357	0.00348	0.00104	0.02837	0.00270	0.00179	0.00511

[dist]
# distance from previous block
# <min> <max>
0	1

[block]
# block no. 2 follows, 72 sequences, length 23
# corresponding to MSA columns:
# 526-548
name=unknown_C
#
# <colnr> <probs for GDERKNQSTAVLIFYWHMCP>
#	G	D	E	R	K	N	Q	S	T	A	V	L	I	F	Y	W	H	M	C	P
0	0.00779	0.00684	0.03395	0.01831	0.00882	0.00723	0.02888	0.08958	0.04438	0.02848	0.06414	0.06481	0.09186	0.11822	0.00815	0.00164	0.21659	0.06516	0.00275	0.09242
1	0.05377	0.00818	0.01331	0.25295	0.37152	0.00879	0.07233	0.04715	0.02380	0.02835	0.00737	0.00971	0.00586	0.00435	0.02672	0.00132	0.03092	0.00341	0.00203	0.02815
2	0.00952	0.00993	0.01062	0.02570	0.07943	0.21494	0.03467	0.04783	0.02387	0.01059	0.00892	0.06405	0.00881	0.03081	0.01735	0.00151	0.29212	0.10272	0.00225	0.00433
3	0.00471	0.00334	0.00437	0.00516	0.00536	0.00314	0.00340	0.00530	0.00708	0.00944	0.01999	0.77893	0.02394	0.09876	0.00631	0.00176	0.00235	0.01025	0.00340	0.00300
4	0.01149	0.32095	0.01453	0.01043	0.13830	0.34066	0.00755	0.03865	0.00939	0.01023	0.02317	0.00806	0.02158	0.00386	0.00340	0.00097	0.02731	0.00268	0.00195	0.00483
5	0.00937	0.02895	0.00873	0.00647	0.00925	0.00589	0.04666	0.08013	0.00963	0.14030	0.10576	0.01434	0.05734	0.00457	0.00351	0.00091	0.00307	0.04064	0.00307	0.42141
6	0.02319	0.21396	0.14924	0.00787	0.01057	0.04144	0.04445	0.05627	0.03125	0.10646	0.01103	0.01314	0.07559	0.05423	0.04176	0.00151	0.07986	0.03089	0.00246	0.00481
7	0.06158	0.01222	0.00913	0.00820	0.01007	0.42030	0.00627	0.03654	0.13703	0.09354	0.02236	0.04958	0.02621	0.01872	0.04444	0.00140	0.03141	0.00358	0.00273	0.00470
8	0.00761	0.01962	0.84707	0.01081	0.01641	0.00881	0.01401	0.01201	0.00801	0.01201	0.00681	0.00801	0.00480	0.00360	0.00360	0.00120	0.00560	0.00280	0.00160	0.00560
9	0.00541	0.00392	0.00511	0.00569	0.00626	0.00388	0.00431	0.00664	0.02689	0.01002	0.01969	0.32553	0.08060	0.13654	0.06969	0.00223	0.00343	0.27774	0.00323	0.00320
10	0.00846	0.00807	0.01372	0.36994	0.50362	0.00877	0.01118	0.01083	0.00820	0.01127	0.00697	0.00969	0.00561	0.00355	0.00377	0.00118	0.00473	0.00338	0.00180	0.00526
11	0.00884	0.00813	0.01122	0.35981	0.21267	0.07499	0.00907	0.08857	0.03442	0.02669	0.00926	0.12205	0.00831	0.00490	0.00389	0.00123	0.00451	0.00431	0.00231	0.00481
12	0.00557	0.00449	0.00644	0.00767	0.10562	0.00435	0.02756	0.00681	0.02177	0.01020	0.02009	0.43782	0.14398	0.04459	0.08244	0.00195	0.00342	0.05856	0.00310	0.00358
13	0.00541	0.00363	0.00417	0.00428	0.00430	0.00360	0.00245	0.00549	0.00573	0.00764	0.01304	0.12660	0.01516	0.76307	0.01755	0.00342	0.00350	0.00615	0.00245	0.00239
14	0.79889	0.09963	0.00711	0.00515	0.00759	0.00920	0.00436	0.01117	0.00659	0.01615	0.00528	0.00615	0.00419	0.00349	0.00236	0.00113	0.00305	0.00205	0.00227	0.00419
15	0.01187	0.13817	0.01295	0.14725	0.17309	0.11938	0.00826	0.19190	0.02511	0.12401	0.00824	0.00917	0.00618	0.00396	0.00354	0.00109	0.00456	0.00314	0.00264	0.00550
16	0.00910	0.04562	0.03490	0.15953	0.11848	0.00678	0.00689	0.03475	0.05552	0.17575	0.07753	0.09934	0.13543	0.00598	0.00411	0.00123	0.01600	0.00511	0.00312	0.00481
17	0.01079	0.00643	0.00761	0.00631	0.00826	0.00644	0.00495	0.20743	0.06880	0.23198	0.23211	0.01895	0.07246	0.09343	0.00560	0.00144	0.00302	0.00501	0.00396	0.00502
18	0.00762	0.02290	0.04291	0.00756	0.09236	0.02513	0.00547	0.02103	0.04551	0.09088	0.24654	0.06759	0.16235	0.02256	0.00457	0.00126	0.01636	0.05794	0.00338	0.05607
19	0.02185	0.07806	0.32810	0.02129	0.09906	0.06369	0.14248	0.02635	0.00866	0.03518	0.03662	0.08369	0.02186	0.00457	0.00382	0.00120	0.00494	0.01136	0.00214	0.00509
20	0.10268	0.04673	0.00976	0.03098	0.01051	0.10085	0.00621	0.27356	0.10206	0.19922	0.07102	0.01124	0.00928	0.00463	0.00361	0.00114	0.00385	0.00354	0.00353	0.00560
21	0.01985	0.03968	0.15438	0.03706	0.02955	0.04835	0.02987	0.04811	0.05535	0.09718	0.11326	0.12784	0.10207	0.04219	0.02823	0.00147	0.01273	0.00528	0.00300	0.00455
22	0.02512	0.09156	0.18320	0.05876	0.06255	0.03684	0.24739	0.01243	0.08464	0.05948	0.03318	0.02508	0.05418	0.00424	0.00387	0.00119	0.00485	0.00398	0.00233	0.00513

[dist]
# distance from previous block
# <min> <max>
3	45

[block]
# block no. 3 follows, 72 sequences, length 10
# corresponding to MSA columns:
# 603-612
name=unknown_D
#
# <colnr> <probs for GDERKNQSTAVLIFYWHMCP>
#	G	D	E	R	K	N	Q	S	T	A	V	L	I	F	Y	W	H	M	C	P
0	0.00761	0.00606	0.00887	0.09662	0.09573	0.00631	0.04628	0.00992	0.07578	0.07191	0.13708	0.20691	0.02972	0.00712	0.02274	0.00138	0.08115	0.00573	0.00298	0.08010
1	0.06733	0.00711	0.01127	0.33474	0.19174	0.00797	0.04538	0.01054	0.00821	0.07635	0.09289	0.04046	0.00937	0.00464	0.00454	0.00126	0.07519	0.00397	0.00233	0.00469
2	0.08070	0.00764	0.01040	0.27871	0.13648	0.00869	0.02290	0.14973	0.10644	0.01411	0.00877	0.01090	0.00689	0.04003	0.00446	0.00130	0.02558	0.00350	0.07784	0.00493
3	0.11561	0.00957	0.00829	0.00756	0.00935	0.19598	0.00582	0.11410	0.25639	0.01409	0.01218	0.16888	0.01116	0.00603	0.00401	0.00125	0.02602	0.02578	0.00312	0.00482
4	0.00725	0.00581	0.00881	0.08446	0.08017	0.03398	0.09343	0.00806	0.00745	0.02740	0.06882	0.07095	0.06353	0.02503	0.03631	0.25951	0.02486	0.05871	0.00236	0.03312
5	0.00496	0.00355	0.00439	0.00493	0.00527	0.00335	0.00332	0.00556	0.00707	0.00926	0.02055	0.47918	0.11927	0.23899	0.00868	0.00209	0.00266	0.07080	0.00319	0.00292
6	0.00819	0.00610	0.00685	0.00625	0.00789	0.00648	0.00484	0.04687	0.35802	0.07001	0.20076	0.05828	0.11139	0.02276	0.00440	0.00131	0.00263	0.03641	0.03576	0.00482
7	0.00961	0.00926	0.02970	0.08086	0.32195	0.05908	0.14772	0.06086	0.11848	0.03849	0.03745	0.01132	0.01907	0.00453	0.02175	0.00128	0.00473	0.00383	0.01458	0.00544
8	0.13805	0.00714	0.00727	0.00635	0.04283	0.07124	0.00470	0.02388	0.00841	0.05835	0.04692	0.03346	0.13494	0.02650	0.00369	0.00099	0.00309	0.00374	0.00269	0.37579
9	0.00874	0.00940	0.07083	0.19715	0.51032	0.00895	0.11655	0.01132	0.00841	0.01177	0.00710	0.00956	0.00569	0.00346	0.00384	0.00118	0.00494	0.00348	0.00182	0.00549

[dist]
# distance from previous block
# <min> <max>
0	2

[block]
# block no. 4 follows, 72 sequences, length 7
# corresponding to MSA columns:
# 615-621
name=unknown_E
#
# <colnr> <probs for GDERKNQSTAVLIFYWHMCP>
#	G	D	E	R	K	N	Q	S	T	A	V	L	I	F	Y	W	H	M	C	P
0	0.00988	0.27296	0.21316	0.00894	0.04241	0.07966	0.04984	0.07608	0.02578	0.03122	0.00685	0.00779	0.00543	0.00349	0.00318	0.00095	0.00455	0.00265	0.00206	0.15314
1	0.03666	0.13577	0.10678	0.06396	0.01218	0.20393	0.00777	0.11618	0.19490	0.01307	0.00852	0.00921	0.00665	0.00475	0.02102	0.00123	0.04665	0.00308	0.00250	0.00516
2	0.00655	0.00338	0.00503	0.00510	0.00517	0.00338	0.00352	0.00517	0.00524	0.00696	0.00765	0.01399	0.00779	0.01296	0.01407	0.81982	0.00331	0.06733	0.00179	0.00179
3	0.00709	0.00565	0.00670	0.00541	0.00765	0.00462	0.00411	0.03744	0.00794	0.01163	0.03801	0.14430	0.06652	0.04259	0.00499	0.07232	0.00275	0.00437	0.00260	0.52331
4	0.00874	0.00769	0.03157	0.16648	0.09982	0.00700	0.08173	0.03349	0.00843	0.06750	0.00777	0.00993	0.00621	0.00359	0.00372	0.00095	0.03049	0.02379	0.00228	0.39882
5	0.04980	0.07517	0.00806	0.00629	0.00805	0.00663	0.02953	0.03982	0.14783	0.11675	0.08517	0.05665	0.17335	0.03070	0.09867	0.00185	0.01758	0.04033	0.00330	0.00448
6	0.08780	0.00895	0.01087	0.07663	0.10985	0.03861	0.05933	0.28108	0.14053	0.01687	0.05289	0.01132	0.02812	0.00443	0.00370	0.00115	0.00397	0.00368	0.00303	0.05719

[dist]
# distance from previous block
# <min> <max>
2	4

[block]
# block no. 5 follows, 72 sequences, length 6
# corresponding to MSA columns:
# 626-631
name=unknown_F
#
# <colnr> <probs for GDERKNQSTAVLIFYWHMCP>
#	G	D	E	R	K	N	Q	S	T	A	V	L	I	F	Y	W	H	M	C	P
0	0.51301	0.01068	0.22829	0.03555	0.01072	0.00855	0.00715	0.04493	0.03495	0.01542	0.00631	0.00727	0.00475	0.00361	0.00286	0.00115	0.00376	0.00244	0.00223	0.05639
1	0.00520	0.00383	0.00475	0.00518	0.00574	0.00368	0.00364	0.03759	0.00773	0.01012	0.02190	0.49107	0.16998	0.10322	0.06361	0.00202	0.00299	0.05127	0.00330	0.00319
2	0.05366	0.00867	0.00910	0.00822	0.05045	0.05805	0.00619	0.26610	0.26793	0.06539	0.03162	0.03469	0.07675	0.00623	0.03844	0.00140	0.00383	0.00424	0.00350	0.00552
3	0.00579	0.00421	0.00569	0.00646	0.00732	0.00411	0.00550	0.00734	0.00859	0.01107	0.02231	0.11608	0.11864	0.01050	0.00511	0.00167	0.00319	0.64950	0.00350	0.00342
4	0.00934	0.05589	0.17984	0.15289	0.21051	0.04340	0.04333	0.05131	0.11262	0.05472	0.04325	0.01054	0.00763	0.00402	0.00372	0.00117	0.00458	0.00348	0.00236	0.00541
5	0.00687	0.00729	0.11004	0.03757	0.06979	0.00585	0.06194	0.07559	0.00890	0.01223	0.08989	0.27176	0.08861	0.00837	0.04655	0.00152	0.00373	0.02317	0.00291	0.06740

[dist]
# distance from previous block
# <min> <max>
5	32

[block]
# block no. 6 follows, 72 sequences, length 9
# corresponding to MSA columns:
# 665-673
name=unknown_G
#
# <colnr> <probs for GDERKNQSTAVLIFYWHMCP>
#	G	D	E	R	K	N	Q	S	T	A	V	L	I	F	Y	W	H	M	C	P
0	0.40113	0.07783	0.03564	0.03373	0.02422	0.05716	0.00576	0.04079	0.01785	0.02914	0.00751	0.05704	0.00678	0.03221	0.01578	0.00137	0.10836	0.02262	0.02078	0.00428
1	0.07574	0.04530	0.08973	0.01678	0.00809	0.02599	0.01814	0.02118	0.05770	0.03514	0.21252	0.06156	0.15850	0.04477	0.03172	0.02327	0.00324	0.02768	0.01539	0.02756
2	0.00946	0.00812	0.01111	0.07623	0.10832	0.02659	0.11128	0.14672	0.22064	0.03118	0.04354	0.03653	0.03904	0.02751	0.01367	0.00135	0.02344	0.02258	0.03747	0.00521
3	0.00648	0.00708	0.14865	0.00683	0.03056	0.00551	0.00587	0.03488	0.03335	0.01007	0.05213	0.01702	0.08767	0.15404	0.23524	0.12837	0.02591	0.00443	0.00229	0.00360
4	0.00570	0.00375	0.00476	0.00476	0.00503	0.00396	0.00316	0.00611	0.00583	0.00826	0.01097	0.01982	0.01154	0.47038	0.27179	0.08037	0.00547	0.00473	0.07095	0.00267
5	0.02687	0.00866	0.08989	0.11034	0.19935	0.00778	0.06233	0.01425	0.13915	0.22681	0.03740	0.01268	0.02385	0.00443	0.00386	0.00121	0.00405	0.01847	0.00301	0.00561
6	0.00537	0.00372	0.00454	0.00458	0.00495	0.00369	0.00301	0.00577	0.00656	0.00874	0.08687	0.08116	0.13116	0.42564	0.13672	0.07216	0.00409	0.00595	0.00262	0.00270
7	0.00817	0.07446	0.37990	0.04339	0.09717	0.00844	0.00991	0.05273	0.06785	0.02929	0.10264	0.03216	0.03203	0.02580	0.00426	0.00125	0.01919	0.00384	0.00237	0.00517
8	0.00834	0.00780	0.01113	0.00975	0.04196	0.00995	0.03953	0.02732	0.00661	0.02867	0.00625	0.00946	0.00583	0.02827	0.08289	0.00193	0.58708	0.00340	0.00189	0.08192

[dist]
# distance from previous block
# <min> <max>
1	4

[block]
# block no. 7 follows, 72 sequences, length 23
# corresponding to MSA columns:
# 678-699,701
name=unknown_H
#
# <colnr> <probs for GDERKNQSTAVLIFYWHMCP>
#	G	D	E	R	K	N	Q	S	T	A	V	L	I	F	Y	W	H	M	C	P
0	0.00966	0.04029	0.06076	0.06969	0.17760	0.06565	0.07068	0.05754	0.06255	0.10016	0.03355	0.05261	0.06179	0.00504	0.01718	0.00120	0.01135	0.00406	0.00266	0.09599
1	0.01143	0.09036	0.15087	0.00944	0.06840	0.07652	0.00813	0.16980	0.08882	0.15237	0.00946	0.01031	0.00712	0.00578	0.05164	0.00145	0.06553	0.01417	0.00285	0.00555
2	0.00591	0.00472	0.00730	0.07874	0.08765	0.00536	0.00577	0.00739	0.00649	0.00921	0.01003	0.04524	0.00947	0.04598	0.64708	0.00499	0.00873	0.00422	0.00205	0.00366
3	0.04305	0.07717	0.07290	0.11291	0.23980	0.00919	0.27583	0.01192	0.01929	0.06016	0.03603	0.01018	0.00685	0.00363	0.00385	0.00118	0.00498	0.00369	0.00211	0.00526
4	0.03657	0.08392	0.13831	0.03526	0.02796	0.02146	0.23074	0.11450	0.01005	0.19736	0.01985	0.03308	0.00729	0.00443	0.01449	0.00125	0.01148	0.00377	0.00277	0.00547
5	0.00697	0.00575	0.00643	0.07409	0.00848	0.07696	0.00495	0.03275	0.04272	0.03925	0.34674	0.13389	0.09664	0.00783	0.00440	0.00130	0.00291	0.10055	0.00356	0.00386
6	0.00921	0.01084	0.13268	0.01289	0.01651	0.00923	0.48298	0.03116	0.17656	0.04353	0.00971	0.01155	0.00733	0.00390	0.00421	0.00127	0.00537	0.02322	0.00245	0.00540
7	0.02838	0.02924	0.13443	0.19275	0.05550	0.05093	0.07548	0.03205	0.00813	0.03286	0.01040	0.04565	0.03329	0.08742	0.02019	0.00162	0.05856	0.09649	0.00225	0.00437
8	0.00865	0.03440	0.02349	0.04022	0.13774	0.02637	0.14837	0.03281	0.04918	0.08833	0.01209	0.03628	0.03496	0.21305	0.00780	0.00185	0.00427	0.09305	0.00264	0.00445
9	0.00546	0.00375	0.00457	0.00460	0.00475	0.00389	0.00286	0.00578	0.00570	0.00775	0.01187	0.05144	0.01325	0.65728	0.19769	0.00412	0.00502	0.00538	0.00228	0.00256
10	0.00654	0.04451	0.03004	0.01877	0.00733	0.00477	0.03480	0.00741	0.00737	0.06855	0.03310	0.39299	0.02491	0.08396	0.05540	0.07811	0.02406	0.07091	0.00299	0.00346
11	0.04008	0.08520	0.05674	0.00885	0.01140	0.08717	0.13421	0.18956	0.06027	0.05170	0.02892	0.06504	0.06432	0.00580	0.01812	0.00130	0.02501	0.05844	0.00289	0.00498
12	0.01124	0.00522	0.00684	0.00581	0.00768	0.00478	0.00459	0.01309	0.04097	0.41506	0.21409	0.07498	0.03277	0.00732	0.05093	0.00145	0.00302	0.00510	0.09006	0.00500
13	0.00577	0.00540	0.07266	0.00535	0.00673	0.00431	0.00449	0.02996	0.03025	0.01450	0.62067	0.05076	0.11944	0.00759	0.00438	0.00121	0.00222	0.00662	0.00386	0.00382
14	0.03429	0.03934	0.31069	0.02337	0.05271	0.00761	0.09622	0.06469	0.00897	0.06897	0.03120	0.12468	0.04072	0.00565	0.00401	0.00128	0.00440	0.07368	0.00257	0.00495
15	0.04504	0.00860	0.01004	0.08627	0.01171	0.02326	0.00710	0.37280	0.05212	0.06719	0.01115	0.01382	0.04991	0.00560	0.00531	0.00130	0.14294	0.07736	0.00318	0.00529
16	0.17204	0.00563	0.00656	0.00615	0.00770	0.00575	0.00499	0.01983	0.00760	0.01214	0.01296	0.12758	0.03653	0.02208	0.06613	0.00168	0.06723	0.22057	0.00276	0.19411
17	0.01098	0.57863	0.06336	0.01961	0.01100	0.19968	0.01988	0.04028	0.00876	0.00975	0.00568	0.00658	0.00494	0.00346	0.00281	0.00089	0.00481	0.00227	0.00177	0.00485
18	0.00828	0.00717	0.00875	0.00676	0.00916	0.00693	0.00548	0.07484	0.00843	0.01279	0.07341	0.00970	0.00796	0.00419	0.00516	0.00090	0.19292	0.00295	0.00239	0.55182
19	0.07696	0.06738	0.29447	0.01037	0.01397	0.17340	0.16299	0.03205	0.02281	0.02437	0.00805	0.01116	0.00665	0.00422	0.00372	0.00119	0.00540	0.07379	0.00209	0.00497
20	0.03482	0.01024	0.00970	0.09059	0.01178	0.27787	0.04751	0.06902	0.01027	0.22132	0.04583	0.01385	0.04082	0.05303	0.00467	0.00130	0.00471	0.04486	0.00300	0.00482
21	0.00482	0.00363	0.00444	0.00495	0.00559	0.00332	0.00356	0.00572	0.00792	0.01017	0.06018	0.43527	0.27880	0.05321	0.00548	0.00157	0.00232	0.10242	0.00348	0.00315
22	0.00593	0.00470	0.00635	0.00569	0.00702	0.00435	0.06982	0.02968	0.02934	0.02658	0.30840	0.05460	0.32445	0.02466	0.00504	0.02405	0.00252	0.05958	0.00358	0.00365

[dist]
# distance from previous block
# <min> <max>
3	7

[block]
# block no. 8 follows, 72 sequences, length 23
# corresponding to MSA columns:
# 710-729,731-733
name=unknown_I
#
# <colnr> <probs for GDERKNQSTAVLIFYWHMCP>
#	G	D	E	R	K	N	Q	S	T	A	V	L	I	F	Y	W	H	M	C	P
0	0.03174	0.01050	0.01346	0.08341	0.07494	0.16342	0.21089	0.17137	0.03693	0.05263	0.04770	0.01031	0.00748	0.00455	0.01957	0.00125	0.02758	0.00365	0.00258	0.02602
1	0.01561	0.05681	0.07867	0.17048	0.12345	0.03546	0.09662	0.07007	0.04129	0.04184	0.03550	0.02651	0.02562	0.00596	0.03678	0.00145	0.02715	0.10345	0.00245	0.00483
2	0.00942	0.00866	0.03322	0.00769	0.00904	0.13478	0.00618	0.12145	0.07680	0.04515	0.00963	0.04719	0.00857	0.08047	0.17007	0.00239	0.16763	0.00393	0.05332	0.00441
3	0.00821	0.00695	0.00805	0.00578	0.00913	0.00541	0.00464	0.05290	0.00839	0.01297	0.00687	0.00793	0.00566	0.00290	0.00286	0.00059	0.00288	0.00231	0.00233	0.84324
4	0.00578	0.02953	0.00643	0.00600	0.00672	0.00502	0.00464	0.01944	0.00623	0.00884	0.00984	0.01472	0.00928	0.05889	0.72706	0.06306	0.00919	0.00400	0.00203	0.00332
5	0.00838	0.00846	0.01124	0.00970	0.00978	0.04446	0.00800	0.00919	0.00602	0.00909	0.00551	0.02450	0.00560	0.03112	0.01214	0.00169	0.78583	0.00348	0.00172	0.00409
6	0.00581	0.00402	0.00490	0.00470	0.00581	0.00356	0.00350	0.00716	0.00956	0.06670	0.40749	0.14131	0.28344	0.00857	0.00444	0.00125	0.00200	0.00744	0.00387	0.02446
7	0.01091	0.43149	0.04142	0.00731	0.01040	0.10465	0.00663	0.16692	0.03164	0.01257	0.00677	0.01715	0.00568	0.00366	0.00296	0.00089	0.00421	0.00255	0.00224	0.12994
8	0.09608	0.00797	0.00858	0.00722	0.00952	0.00872	0.00578	0.29232	0.25162	0.10657	0.03916	0.07139	0.01072	0.00536	0.00375	0.00122	0.00328	0.02040	0.04478	0.00558
9	0.00461	0.00333	0.00437	0.00520	0.00548	0.00309	0.00348	0.00529	0.00734	0.00971	0.02188	0.81795	0.07074	0.01175	0.00482	0.00153	0.00218	0.01063	0.00352	0.00309
10	0.00463	0.00335	0.00438	0.00517	0.00548	0.00310	0.00348	0.00534	0.00744	0.00986	0.04324	0.78674	0.08053	0.01162	0.00481	0.00151	0.00217	0.01049	0.00354	0.00310
11	0.00852	0.00943	0.02013	0.01468	0.01813	0.00885	0.71897	0.01150	0.00892	0.01201	0.00991	0.01439	0.03378	0.00414	0.00455	0.00133	0.00596	0.08778	0.00213	0.00489
12	0.00541	0.00392	0.00511	0.00534	0.00608	0.00371	0.00403	0.02414	0.00936	0.01277	0.39003	0.29589	0.06636	0.00953	0.00470	0.00140	0.00226	0.14271	0.00382	0.00345
13	0.05583	0.00913	0.01024	0.00792	0.01087	0.00967	0.00653	0.52121	0.04154	0.27140	0.01090	0.01028	0.00739	0.00457	0.00373	0.00116	0.00379	0.00350	0.00400	0.00633
14	0.00810	0.12622	0.37157	0.01087	0.12068	0.00922	0.01025	0.03725	0.02417	0.01153	0.00883	0.10624	0.00815	0.00511	0.00459	0.00125	0.09209	0.03675	0.00205	0.00508
15	0.00560	0.00395	0.00484	0.00485	0.00586	0.00358	0.00369	0.00680	0.00901	0.04987	0.26972	0.13260	0.32910	0.00988	0.03068	0.03007	0.00243	0.09037	0.00366	0.00343
16	0.01089	0.00616	0.00686	0.00598	0.00773	0.05267	0.00468	0.08897	0.04746	0.27207	0.01399	0.10589	0.02671	0.01771	0.06404	0.00151	0.00348	0.01414	0.24426	0.00479
17	0.00789	0.02342	0.01177	0.34548	0.26986	0.00795	0.03335	0.01022	0.02983	0.03070	0.04331	0.05043	0.06679	0.00483	0.00420	0.00124	0.03172	0.02001	0.00222	0.00474
18	0.00738	0.02537	0.01094	0.15572	0.01312	0.02295	0.14672	0.03304	0.00803	0.01069	0.01262	0.11561	0.04744	0.04033	0.00649	0.00155	0.15791	0.17758	0.00248	0.00404
19	0.01065	0.09151	0.01756	0.05471	0.01632	0.15723	0.42876	0.11020	0.04161	0.02315	0.00764	0.00929	0.00583	0.00361	0.00395	0.00116	0.00575	0.00370	0.00222	0.00513
20	0.28934	0.12287	0.35730	0.03104	0.01315	0.00963	0.08577	0.02933	0.00777	0.01341	0.00625	0.00746	0.00472	0.00352	0.00315	0.00115	0.00459	0.00265	0.00192	0.00497
21	0.01032	0.72493	0.08197	0.00712	0.01043	0.09262	0.00714	0.01176	0.00801	0.00919	0.00544	0.00630	0.00486	0.00333	0.00261	0.00086	0.00443	0.00213	0.00165	0.00488
22	0.03099	0.00696	0.01041	0.05553	0.07586	0.03410	0.12959	0.04461	0.00782	0.03259	0.01090	0.19222	0.01113	0.08458	0.06886	0.01011	0.15113	0.02595	0.00245	0.01422

[dist]
# distance from previous block
# <min> <max>
0	1

[block]
# block no. 9 follows, 72 sequences, length 22
# corresponding to MSA columns:
# 735-756
name=unknown_J
#
# <colnr> <probs for GDERKNQSTAVLIFYWHMCP>
#	G	D	E	R	K	N	Q	S	T	A	V	L	I	F	Y	W	H	M	C	P
0	0.10195	0.01049	0.10347	0.00857	0.01169	0.08635	0.07858	0.24468	0.01168	0.22483	0.02617	0.00999	0.00719	0.00471	0.02138	0.00124	0.00444	0.00335	0.00321	0.03603
1	0.00858	0.00781	0.00943	0.00837	0.01004	0.13283	0.12841	0.03688	0.10408	0.04974	0.07833	0.14429	0.01581	0.02714	0.02065	0.00152	0.00419	0.20449	0.00314	0.00430
2	0.09670	0.00754	0.00900	0.00708	0.00990	0.00746	0.00581	0.18224	0.09014	0.52421	0.01293	0.01163	0.00851	0.00460	0.00368	0.00118	0.00337	0.00362	0.00422	0.00619
3	0.06208	0.00899	0.00933	0.10395	0.01175	0.15161	0.00648	0.10844	0.06609	0.34522	0.03557	0.01170	0.01914	0.01981	0.00415	0.00121	0.02200	0.00358	0.00346	0.00544
4	0.13938	0.42771	0.17233	0.07091	0.01232	0.01159	0.04544	0.01179	0.00781	0.06084	0.00636	0.00735	0.00507	0.00348	0.00292	0.00101	0.00431	0.00250	0.00193	0.00495
5	0.00489	0.00342	0.00437	0.00503	0.00521	0.00326	0.00327	0.00540	0.00685	0.00913	0.01859	0.62982	0.02212	0.23035	0.00855	0.00209	0.00261	0.02894	0.00321	0.00289
6	0.00537	0.00439	0.00471	0.00477	0.00575	0.03325	0.00348	0.00691	0.04384	0.01170	0.23256	0.22438	0.35635	0.00910	0.00444	0.00129	0.00217	0.00786	0.03422	0.00344
7	0.00862	0.08062	0.61926	0.01102	0.03125	0.05391	0.09009	0.01236	0.00833	0.04019	0.00701	0.00821	0.00508	0.00359	0.00360	0.00117	0.00553	0.00293	0.00176	0.00548
8	0.00733	0.00696	0.01199	0.74151	0.02449	0.00847	0.07250	0.00983	0.00764	0.00999	0.00692	0.01018	0.00524	0.00386	0.00409	0.00127	0.03231	0.00346	0.02769	0.00426
9	0.13562	0.00657	0.00836	0.00651	0.00936	0.00597	0.00538	0.01749	0.01026	0.73355	0.01365	0.01200	0.00867	0.00454	0.00362	0.00117	0.00319	0.00358	0.00438	0.00614
10	0.00464	0.00339	0.00438	0.00516	0.00552	0.00313	0.00351	0.00536	0.00745	0.00979	0.02288	0.74998	0.11790	0.01159	0.00481	0.00152	0.00220	0.03018	0.00352	0.00310
11	0.00555	0.00373	0.00477	0.00481	0.00501	0.00392	0.00312	0.00581	0.00570	0.00778	0.01131	0.05466	0.01237	0.51824	0.25185	0.08607	0.00540	0.00512	0.00221	0.00257
12	0.00966	0.00667	0.00727	0.00635	0.00805	0.05226	0.00493	0.12707	0.15566	0.13459	0.20114	0.03535	0.02561	0.04806	0.07060	0.00166	0.00357	0.00473	0.09201	0.00477
13	0.00582	0.00445	0.00487	0.00506	0.00549	0.04857	0.00345	0.00652	0.00718	0.00951	0.09174	0.21930	0.04786	0.35875	0.06231	0.00260	0.00357	0.06924	0.04078	0.00295
14	0.16972	0.27643	0.44154	0.00843	0.01272	0.01064	0.00991	0.01165	0.00763	0.01198	0.00606	0.00708	0.00470	0.00348	0.00302	0.00108	0.00465	0.00243	0.00174	0.00511
15	0.00865	0.00744	0.01116	0.42586	0.06228	0.02760	0.08416	0.13406	0.00942	0.01293	0.00821	0.01064	0.00626	0.00447	0.02185	0.00127	0.00461	0.00350	0.15105	0.00460
16	0.02783	0.00719	0.00857	0.00697	0.00923	0.00746	0.00565	0.22541	0.09198	0.30536	0.09293	0.01410	0.03697	0.00628	0.04254	0.00141	0.04385	0.00412	0.05658	0.00557
17	0.00754	0.00476	0.00566	0.00537	0.00622	0.00474	0.00372	0.08061	0.05336	0.10443	0.06021	0.25245	0.02954	0.35216	0.01035	0.00228	0.00310	0.00663	0.00324	0.00363
18	0.00872	0.00749	0.01040	0.06176	0.07920	0.02085	0.01889	0.03879	0.04959	0.06729	0.03346	0.07074	0.03477	0.00667	0.00874	0.04855	0.42317	0.00419	0.00234	0.00440
19	0.06467	0.00859	0.00921	0.00757	0.03575	0.07119	0.02007	0.16434	0.11271	0.08527	0.00949	0.00983	0.02481	0.00393	0.00345	0.00094	0.01552	0.00307	0.00293	0.34667
20	0.09368	0.02536	0.00837	0.04364	0.00969	0.06325	0.02223	0.11527	0.13102	0.13551	0.04315	0.15492	0.01264	0.00734	0.04322	0.00151	0.01409	0.06695	0.00334	0.00481
21	0.00601	0.00383	0.00439	0.00430	0.00460	0.00372	0.00260	0.00624	0.00627	0.05235	0.03949	0.05041	0.08410	0.69762	0.01636	0.00320	0.00340	0.00583	0.00262	0.00266

[dist]
# distance from previous block
# <min> <max>
1	6

[block]
# block no. 10 follows, 72 sequences, length 49
# corresponding to MSA columns:
# 763-811
name=unknown_K
#
# <colnr> <probs for GDERKNQSTAVLIFYWHMCP>
#	G	D	E	R	K	N	Q	S	T	A	V	L	I	F	Y	W	H	M	C	P
0	0.00580	0.00404	0.00496	0.00514	0.00579	0.00383	0.00354	0.00690	0.04203	0.03850	0.03482	0.39039	0.06979	0.24695	0.01818	0.00209	0.00285	0.05341	0.00315	0.05783
1	0.05442	0.10895	0.02919	0.01926	0.07770	0.03865	0.00664	0.16414	0.26557	0.12493	0.01102	0.01157	0.00843	0.05756	0.00452	0.00131	0.00374	0.00359	0.00322	0.00560
2	0.07038	0.04098	0.07269	0.01715	0.02173	0.13308	0.09792	0.22467	0.12158	0.08969	0.00933	0.02949	0.00711	0.00446	0.00408	0.00118	0.04258	0.00353	0.00293	0.00546
3	0.59482	0.00663	0.00616	0.03846	0.02785	0.00742	0.00453	0.01084	0.03086	0.07235	0.01835	0.05805	0.01824	0.03242	0.00409	0.05606	0.00305	0.00315	0.00258	0.00409
4	0.00998	0.06499	0.01197	0.07090	0.18053	0.09291	0.05480	0.08739	0.16216	0.04664	0.02259	0.07053	0.00867	0.00477	0.00428	0.00118	0.05658	0.00397	0.00266	0.04247
5	0.03360	0.00594	0.00658	0.00566	0.00721	0.04315	0.00446	0.03597	0.03142	0.22004	0.02662	0.01312	0.00929	0.04719	0.00481	0.00119	0.08292	0.00362	0.37547	0.04175
6	0.00739	0.00725	0.01314	0.66411	0.02407	0.00842	0.16359	0.00996	0.00783	0.01015	0.00751	0.04606	0.00603	0.00402	0.00396	0.00128	0.00519	0.00389	0.00181	0.00433
7	0.00476	0.00342	0.00451	0.00529	0.00560	0.00320	0.00363	0.00553	0.00750	0.00997	0.05567	0.72983	0.05110	0.03413	0.00522	0.00159	0.00229	0.06013	0.00351	0.00311
8	0.01006	0.51454	0.02827	0.00668	0.00991	0.05802	0.00618	0.07574	0.00872	0.01108	0.00602	0.00686	0.00519	0.00328	0.00271	0.00079	0.00391	0.00223	0.00198	0.23784
9	0.00546	0.00389	0.00523	0.00523	0.00560	0.00427	0.00366	0.00622	0.00584	0.00816	0.01095	0.01929	0.01139	0.39985	0.48289	0.00502	0.00729	0.00471	0.00215	0.00290
10	0.00811	0.05715	0.06060	0.24624	0.10317	0.06152	0.00759	0.01984	0.04795	0.06125	0.05177	0.09930	0.13261	0.00569	0.00389	0.00121	0.00391	0.00485	0.01885	0.00448
11	0.00731	0.05969	0.01082	0.35211	0.09273	0.00814	0.02775	0.03067	0.00767	0.01018	0.01072	0.02271	0.09673	0.00874	0.14151	0.00205	0.10021	0.00401	0.00203	0.00424
12	0.00743	0.00592	0.00846	0.00697	0.02564	0.00537	0.11199	0.02122	0.02329	0.05068	0.08741	0.01740	0.04664	0.26096	0.03622	0.00194	0.01328	0.01527	0.00262	0.25131
13	0.00773	0.01461	0.54365	0.00973	0.01387	0.00775	0.06097	0.03336	0.00812	0.04335	0.00885	0.03417	0.00737	0.04571	0.10436	0.00192	0.00578	0.04162	0.00202	0.00506
14	0.01417	0.01808	0.01075	0.00977	0.01172	0.85149	0.00733	0.01514	0.01075	0.00928	0.00586	0.00684	0.00489	0.00391	0.00342	0.00098	0.00684	0.00244	0.00195	0.00440
15	0.00716	0.00674	0.01138	0.85760	0.02612	0.00843	0.01053	0.00969	0.00758	0.00969	0.00674	0.01011	0.00506	0.00379	0.00379	0.00126	0.00506	0.00337	0.00169	0.00421
16	0.03633	0.01050	0.13490	0.03363	0.01438	0.04820	0.25651	0.09201	0.01018	0.27135	0.00972	0.01025	0.00670	0.00389	0.00388	0.00117	0.00482	0.00363	0.00293	0.04503
17	0.00525	0.00357	0.00423	0.00448	0.00456	0.00350	0.00268	0.00548	0.00613	0.00819	0.03157	0.26820	0.01751	0.60130	0.01481	0.00301	0.00321	0.00707	0.00269	0.00255
18	0.00567	0.00379	0.00525	0.00525	0.00558	0.00412	0.00368	0.00602	0.00569	0.00792	0.01006	0.01745	0.01032	0.29512	0.42514	0.17305	0.00677	0.00438	0.00204	0.00271
19	0.00498	0.00375	0.00496	0.00599	0.04532	0.00353	0.00385	0.00595	0.02297	0.01009	0.05021	0.67212	0.10017	0.04055	0.00522	0.00155	0.00234	0.00973	0.00343	0.00328
20	0.01355	0.00604	0.00781	0.00642	0.00874	0.00559	0.00514	0.01618	0.11723	0.55800	0.06574	0.09375	0.01277	0.00559	0.00388	0.00121	0.00292	0.00470	0.05901	0.00572
21	0.15756	0.00424	0.00456	0.00484	0.00581	0.00412	0.00349	0.00670	0.00771	0.03016	0.05039	0.43430	0.25377	0.00950	0.00427	0.00138	0.00226	0.00820	0.00337	0.00338
22	0.00636	0.04569	0.00676	0.00585	0.00616	0.00583	0.00427	0.00668	0.00580	0.00804	0.00959	0.01787	0.01028	0.38484	0.18147	0.10658	0.15916	0.02380	0.00205	0.00292
23	0.00802	0.00785	0.01235	0.49692	0.21908	0.04646	0.03691	0.01024	0.00789	0.01036	0.00739	0.05028	0.00625	0.00425	0.00440	0.00126	0.05993	0.00372	0.00184	0.00462
24	0.00753	0.00733	0.01073	0.00968	0.04956	0.05882	0.11274	0.00897	0.00677	0.00954	0.00773	0.01138	0.00708	0.01536	0.37536	0.00347	0.28828	0.00374	0.00188	0.00405
25	0.01791	0.00402	0.00469	0.00490	0.00588	0.00367	0.00370	0.01850	0.00844	0.03731	0.06475	0.23457	0.39334	0.05063	0.00533	0.00152	0.00239	0.13156	0.00351	0.00336
26	0.06297	0.00801	0.03416	0.04976	0.16984	0.02503	0.18666	0.04201	0.07730	0.07180	0.04626	0.11833	0.04881	0.01271	0.00420	0.00129	0.00415	0.02904	0.00276	0.00492
27	0.00991	0.04648	0.00804	0.00667	0.00819	0.16442	0.00505	0.14003	0.03504	0.09320	0.01316	0.07733	0.07590	0.21050	0.05014	0.00201	0.01640	0.01944	0.01389	0.00423
28	0.00548	0.00360	0.00473	0.00523	0.00576	0.00331	0.00362	0.00635	0.00802	0.06199	0.13107	0.65541	0.06958	0.01076	0.00471	0.00146	0.00219	0.00968	0.00368	0.00336
29	0.27719	0.00908	0.14019	0.00747	0.01028	0.00770	0.06552	0.10174	0.04178	0.12300	0.08271	0.05286	0.02937	0.00497	0.00355	0.00123	0.00364	0.02980	0.00300	0.00491
30	0.08782	0.03587	0.05582	0.13538	0.12629	0.00841	0.21457	0.05642	0.00871	0.01253	0.02442	0.05602	0.00921	0.00508	0.00433	0.00131	0.03268	0.11809	0.00233	0.00472
31	0.00784	0.00752	0.01298	0.59367	0.24508	0.00864	0.04975	0.01033	0.00793	0.01053	0.00689	0.00992	0.00534	0.00365	0.00381	0.00123	0.00497	0.00343	0.00175	0.00474
32	0.61402	0.00746	0.00705	0.05827	0.00927	0.00844	0.00510	0.07720	0.00804	0.13663	0.00706	0.00768	0.00514	0.00389	0.00309	0.00119	0.03056	0.00254	0.00274	0.00464
33	0.00919	0.00542	0.00593	0.00535	0.00693	0.00569	0.00416	0.01374	0.26948	0.13437	0.03941	0.01441	0.01107	0.00479	0.00326	0.00106	0.00237	0.00392	0.45474	0.00473
34	0.00646	0.00469	0.00587	0.00550	0.00639	0.02371	0.00404	0.04403	0.00750	0.01039	0.14860	0.04988	0.02614	0.12676	0.24203	0.17451	0.00500	0.01504	0.00255	0.09093
35	0.07170	0.00777	0.06230	0.53171	0.09282	0.00829	0.00956	0.04356	0.02917	0.04245	0.00779	0.03253	0.00612	0.00489	0.03292	0.00141	0.00483	0.00350	0.00206	0.00461
36	0.00986	0.00822	0.00871	0.00774	0.00995	0.00945	0.00605	0.05863	0.77631	0.03735	0.01512	0.01388	0.01128	0.00511	0.00385	0.00128	0.00306	0.00423	0.00388	0.00604
37	0.03267	0.00699	0.00900	0.00694	0.00982	0.00644	0.00572	0.13211	0.01175	0.69207	0.03654	0.01267	0.00960	0.00474	0.00380	0.00117	0.00332	0.00381	0.00451	0.00633
38	0.03077	0.00454	0.00548	0.00551	0.00617	0.00463	0.00383	0.10795	0.00805	0.03089	0.01549	0.42496	0.01741	0.21696	0.06854	0.03143	0.00344	0.00748	0.00309	0.00339
39	0.00880	0.01733	0.62665	0.01076	0.01555	0.06085	0.07086	0.03346	0.03044	0.05182	0.00743	0.00853	0.00532	0.00381	0.00396	0.00121	0.03279	0.00302	0.00191	0.00552
40	0.00634	0.00405	0.00524	0.00516	0.00555	0.00423	0.00352	0.00710	0.09646	0.00871	0.06088	0.04179	0.02530	0.22193	0.10657	0.38368	0.00397	0.00454	0.00233	0.00266
41	0.03709	0.00554	0.00636	0.00538	0.00728	0.01790	0.00428	0.03863	0.06381	0.34411	0.01320	0.01316	0.00938	0.00455	0.00323	0.00104	0.00261	0.00363	0.41385	0.00497
42	0.00922	0.00884	0.01509	0.08705	0.78061	0.00897	0.01155	0.01149	0.00856	0.01218	0.00710	0.00944	0.00593	0.00341	0.00376	0.00114	0.00455	0.00338	0.00186	0.00587
43	0.00551	0.00372	0.00484	0.00532	0.00581	0.00353	0.00370	0.00660	0.02761	0.04479	0.13228	0.57318	0.02439	0.08811	0.00605	0.00168	0.00241	0.05361	0.00355	0.00331
44	0.00462	0.00345	0.00428	0.00490	0.00538	0.00313	0.00334	0.00537	0.00763	0.00989	0.04318	0.63166	0.21732	0.03055	0.00507	0.00152	0.00216	0.00992	0.00351	0.00310
45	0.00513	0.00343	0.00460	0.00513	0.00533	0.00336	0.00341	0.00541	0.00653	0.00877	0.01635	0.52628	0.01908	0.14503	0.08850	0.13642	0.00334	0.00821	0.00291	0.00277
46	0.08807	0.00985	0.01113	0.03645	0.06308	0.02244	0.02964	0.57639	0.03981	0.06082	0.00912	0.02019	0.00667	0.00444	0.00370	0.00116	0.00411	0.00345	0.00345	0.00603
47	0.00471	0.00335	0.00443	0.00524	0.00547	0.00315	0.00350	0.00538	0.00727	0.00970	0.03874	0.78370	0.02463	0.05976	0.00565	0.00166	0.00230	0.02483	0.00347	0.00306
48	0.04892	0.41637	0.06181	0.00789	0.01096	0.15694	0.02066	0.19280	0.01052	0.03174	0.00656	0.00721	0.00530	0.00371	0.00303	0.00096	0.00462	0.00253	0.00226	0.00518

[dist]
# distance from previous block
# <min> <max>
2	4

[block]
# block no. 11 follows, 72 sequences, length 27
# corresponding to MSA columns:
# 816-828,846-859
name=unknown_L
#
# <colnr> <probs for GDERKNQSTAVLIFYWHMCP>
#	G	D	E	R	K	N	Q	S	T	A	V	L	I	F	Y	W	H	M	C	P
0	0.01014	0.86900	0.01987	0.00649	0.00973	0.01501	0.00649	0.01136	0.00771	0.00892	0.00527	0.00608	0.00487	0.00324	0.00243	0.00081	0.00406	0.00203	0.00162	0.00487
1	0.00829	0.00702	0.00809	0.00589	0.00910	0.02271	0.00472	0.00992	0.00794	0.03762	0.00691	0.00801	0.00569	0.00302	0.00319	0.00063	0.03329	0.00234	0.00229	0.81332
2	0.00525	0.00405	0.00559	0.00591	0.00625	0.00443	0.00429	0.00612	0.00682	0.00942	0.03061	0.49746	0.02985	0.04297	0.23159	0.00282	0.09245	0.00795	0.00291	0.00326
3	0.35692	0.00590	0.00591	0.00507	0.00714	0.00609	0.00410	0.01263	0.00824	0.26428	0.01037	0.01065	0.00742	0.00415	0.00288	0.00108	0.00266	0.00304	0.27684	0.00463
4	0.00772	0.00474	0.00588	0.00565	0.00694	0.00454	0.00453	0.06718	0.00981	0.12077	0.18933	0.07911	0.13894	0.02745	0.00471	0.00139	0.00268	0.21956	0.09506	0.00401
5	0.02711	0.00519	0.00734	0.26483	0.05491	0.02048	0.00614	0.00789	0.00801	0.03478	0.08641	0.34040	0.08741	0.00774	0.00424	0.00134	0.00325	0.00687	0.02189	0.00378
6	0.00607	0.00486	0.00570	0.00598	0.00655	0.04975	0.00427	0.04902	0.02706	0.01021	0.01632	0.52550	0.01849	0.04324	0.16510	0.02212	0.02529	0.00801	0.00305	0.00342
7	0.00620	0.00431	0.00533	0.00536	0.00594	0.00444	0.00388	0.01533	0.03974	0.03406	0.04399	0.18314	0.12210	0.23354	0.00977	0.07589	0.06053	0.10119	0.04207	0.00317
8	0.00475	0.00380	0.00425	0.00446	0.00547	0.00333	0.00334	0.00577	0.00850	0.01055	0.08991	0.17813	0.54950	0.02676	0.00491	0.00141	0.00215	0.08626	0.00354	0.00322
9	0.00979	0.72074	0.04253	0.00702	0.00994	0.01420	0.00689	0.01106	0.00749	0.00911	0.00531	0.00645	0.00489	0.00366	0.00370	0.00092	0.10879	0.00221	0.00164	0.02365
10	0.00711	0.00629	0.00799	0.00710	0.00765	0.03455	0.03481	0.02285	0.04525	0.00932	0.01121	0.06046	0.05996	0.29474	0.06678	0.01469	0.28395	0.00481	0.00227	0.01821
11	0.00498	0.00367	0.00506	0.00547	0.00595	0.00381	0.00393	0.00592	0.00679	0.00925	0.01719	0.41773	0.07239	0.05630	0.35888	0.00352	0.00557	0.00756	0.00285	0.00318
12	0.01443	0.00611	0.00807	0.00652	0.00894	0.00551	0.00525	0.06785	0.01063	0.62159	0.02757	0.12314	0.01188	0.01832	0.00417	0.00126	0.00310	0.01750	0.03240	0.00578
13	0.00502	0.00365	0.00447	0.00492	0.00562	0.00324	0.00343	0.00582	0.00777	0.03227	0.02526	0.57936	0.25559	0.01075	0.00465	0.00143	0.00217	0.00953	0.00351	0.03154
14	0.00754	0.00670	0.01110	0.46808	0.20358	0.00753	0.02242	0.00970	0.00799	0.03280	0.01020	0.10460	0.02797	0.00516	0.00402	0.00129	0.00442	0.05822	0.00217	0.00449
15	0.07271	0.00896	0.00921	0.02729	0.01039	0.12769	0.00606	0.19192	0.02882	0.41568	0.01145	0.01080	0.00773	0.00445	0.00360	0.00113	0.00389	0.00340	0.04905	0.00579
16	0.04299	0.05059	0.06403	0.31391	0.16863	0.12513	0.00960	0.02929	0.00816	0.01074	0.00643	0.00886	0.00524	0.00448	0.01815	0.00130	0.12283	0.00310	0.00182	0.00471
17	0.00817	0.07673	0.51695	0.01092	0.01540	0.03467	0.15694	0.02828	0.00846	0.01186	0.00819	0.03673	0.00678	0.00425	0.00382	0.00123	0.00540	0.05810	0.00190	0.00523
18	0.00753	0.03294	0.00739	0.00647	0.00754	0.02339	0.00508	0.08092	0.00756	0.06137	0.00998	0.01456	0.00913	0.08613	0.50093	0.04179	0.05322	0.02136	0.00236	0.02036
19	0.02793	0.05638	0.22374	0.05829	0.07127	0.04928	0.22736	0.08033	0.05265	0.06265	0.00794	0.00933	0.00592	0.00386	0.00423	0.00121	0.04657	0.00346	0.00223	0.00537
20	0.00676	0.00435	0.00605	0.00579	0.00622	0.00484	0.00423	0.03022	0.03518	0.02401	0.00863	0.01370	0.00830	0.10143	0.26839	0.39923	0.06405	0.00380	0.00203	0.00279
21	0.00497	0.00358	0.00440	0.00487	0.00528	0.00337	0.00331	0.00563	0.00727	0.00950	0.05087	0.42778	0.15176	0.22835	0.00847	0.00204	0.00261	0.06975	0.00323	0.00295
22	0.00541	0.00461	0.03031	0.00473	0.00601	0.00389	0.00369	0.03271	0.03136	0.02400	0.16297	0.15909	0.48929	0.00906	0.00444	0.00129	0.00217	0.00773	0.01369	0.00355
23	0.00908	0.28501	0.14320	0.17798	0.08130	0.05662	0.11358	0.02420	0.01834	0.01065	0.00681	0.02214	0.00560	0.00369	0.00351	0.00109	0.01596	0.00308	0.01324	0.00493
24	0.00548	0.00379	0.00480	0.00529	0.00574	0.00365	0.00373	0.00644	0.02472	0.02863	0.04203	0.42370	0.06547	0.21351	0.00826	0.00204	0.00278	0.14356	0.00328	0.00312
25	0.01956	0.00485	0.00588	0.00538	0.00649	0.00500	0.00403	0.10245	0.00869	0.08817	0.09632	0.04536	0.06467	0.16616	0.20448	0.02248	0.00455	0.00484	0.13681	0.00381
26	0.03274	0.12063	0.14426	0.04503	0.06977	0.17407	0.13649	0.09093	0.05570	0.04806	0.00786	0.02705	0.00622	0.00400	0.00378	0.00113	0.02153	0.00330	0.00227	0.00519

[dist]
# distance from previous block
# <min> <max>
14	56

[block]
# block no. 12 follows, 72 sequences, length 7
# corresponding to MSA columns:
# 921-927
name=unknown_M
#
# <colnr> <probs for GDERKNQSTAVLIFYWHMCP>
#	G	D	E	R	K	N	Q	S	T	A	V	L	I	F	Y	W	H	M	C	P
0	0.00611	0.00438	0.00622	0.00587	0.00667	0.00435	0.05433	0.00707	0.00678	0.03563	0.01328	0.18009	0.01416	0.29020	0.21678	0.00326	0.00501	0.05524	0.03563	0.04895
1	0.12839	0.00925	0.00989	0.00781	0.01063	0.01010	0.00641	0.49942	0.11578	0.14862	0.01029	0.00993	0.00723	0.00451	0.00362	0.00117	0.00372	0.00341	0.00375	0.00609
2	0.00783	0.00542	0.00693	0.07383	0.02463	0.00562	0.00505	0.05271	0.12442	0.10726	0.23963	0.15258	0.07016	0.05309	0.03676	0.00159	0.01853	0.00608	0.00356	0.00432
3	0.01238	0.00614	0.00785	0.00627	0.00866	0.00556	0.00505	0.06996	0.04559	0.44086	0.23946	0.01639	0.01610	0.00534	0.00389	0.00112	0.00285	0.00447	0.00420	0.09788
4	0.00481	0.00349	0.00464	0.00533	0.00572	0.00332	0.00373	0.00568	0.00758	0.01013	0.07835	0.65499	0.06487	0.01259	0.06581	0.00184	0.00281	0.05768	0.00346	0.00317
5	0.01565	0.00733	0.00910	0.00703	0.00985	0.00703	0.00579	0.22713	0.01245	0.57575	0.01327	0.01201	0.00865	0.00464	0.00373	0.00114	0.00337	0.00369	0.06613	0.00625
6	0.00724	0.00607	0.00872	0.02299	0.11852	0.02743	0.03275	0.00877	0.02766	0.04565	0.01157	0.14205	0.02936	0.05651	0.27752	0.00302	0.14474	0.02299	0.00240	0.00405

[dist]
# distance from previous block
# <min> <max>
5	26

