[name]
unknown

[dist]
# distance from previous block
# <min> <max>
1	132

[block]
# block no. 0 follows, 81 sequences, length 9
# corresponding to MSA columns:
# 751-759
name=unknown_A
#
# <colnr> <probs for GDERKNQSTAVLIFYWHMCP>
#	G	D	E	R	K	N	Q	S	T	A	V	L	I	F	Y	W	H	M	C	P
0	0.00906	0.23069	0.34142	0.00892	0.01270	0.00986	0.11687	0.14418	0.03869	0.04616	0.00686	0.00765	0.00513	0.00338	0.00316	0.00101	0.00447	0.00275	0.00200	0.00505
1	0.00505	0.00346	0.00448	0.00448	0.00471	0.00369	0.00298	0.00542	0.00519	0.00715	0.00999	0.01851	0.01070	0.50806	0.33532	0.05645	0.00554	0.00441	0.00197	0.00243
2	0.00973	0.31122	0.16783	0.00772	0.03182	0.14148	0.00727	0.08617	0.04034	0.04903	0.00637	0.00706	0.00507	0.00339	0.00307	0.00089	0.02706	0.00238	0.00196	0.09015
3	0.04617	0.24915	0.08255	0.14993	0.04998	0.21966	0.00753	0.06272	0.02698	0.00999	0.00575	0.00706	0.00471	0.00354	0.00348	0.00098	0.06122	0.00246	0.00177	0.00437
4	0.00552	0.00469	0.00449	0.00427	0.00547	0.07468	0.00322	0.00659	0.00857	0.04876	0.22289	0.02829	0.55465	0.00772	0.00397	0.00112	0.00215	0.00645	0.00328	0.00322
5	0.08079	0.00500	0.00582	0.00543	0.00634	0.02112	0.00408	0.10144	0.04201	0.01023	0.01034	0.03195	0.04105	0.22105	0.37332	0.00353	0.02688	0.00402	0.00225	0.00334
6	0.08228	0.00615	0.00979	0.02546	0.02756	0.00640	0.19151	0.03903	0.00771	0.12986	0.05615	0.21747	0.01157	0.00690	0.04680	0.00145	0.10906	0.01812	0.00265	0.00407
7	0.13340	0.10194	0.39398	0.00810	0.01154	0.14786	0.00872	0.03504	0.07777	0.01141	0.00687	0.03644	0.00548	0.00368	0.00305	0.00104	0.00447	0.00271	0.00189	0.00464
8	0.08056	0.07045	0.00808	0.00635	0.00773	0.05598	0.12299	0.00765	0.00792	0.01101	0.24355	0.23030	0.08853	0.00703	0.01911	0.00123	0.01935	0.00588	0.00281	0.00349

[dist]
# distance from previous block
# <min> <max>
0	2

[block]
# block no. 1 follows, 81 sequences, length 20
# corresponding to MSA columns:
# 762-781
name=unknown_B
#
# <colnr> <probs for GDERKNQSTAVLIFYWHMCP>
#	G	D	E	R	K	N	Q	S	T	A	V	L	I	F	Y	W	H	M	C	P
0	0.01205	0.04394	0.00959	0.00721	0.00964	0.00868	0.02253	0.46567	0.05479	0.19588	0.02387	0.05039	0.04509	0.00474	0.00373	0.00108	0.02856	0.00373	0.00344	0.00540
1	0.00726	0.00615	0.02128	0.06442	0.23676	0.03391	0.02905	0.02160	0.02070	0.04624	0.04559	0.11670	0.01239	0.00641	0.00446	0.05317	0.00347	0.21793	0.00250	0.05001
2	0.00940	0.07158	0.07908	0.00818	0.04701	0.17342	0.06088	0.05224	0.09540	0.09290	0.05549	0.01973	0.00826	0.05686	0.03961	0.00137	0.07594	0.00336	0.04492	0.00440
3	0.05886	0.15169	0.00958	0.00619	0.00856	0.04480	0.04026	0.12871	0.00854	0.02899	0.04809	0.06764	0.02478	0.02964	0.01412	0.00098	0.02751	0.00324	0.00235	0.29545
4	0.90299	0.00668	0.00508	0.00454	0.00668	0.00775	0.00374	0.01015	0.00588	0.01550	0.00481	0.00561	0.00374	0.00321	0.00214	0.00107	0.00267	0.00187	0.00214	0.00374
5	0.00763	0.00695	0.01148	0.49030	0.32452	0.00784	0.00960	0.01022	0.05313	0.03507	0.00692	0.00925	0.00536	0.00341	0.00345	0.00110	0.00427	0.00313	0.00179	0.00458
6	0.00493	0.00338	0.00410	0.00451	0.00489	0.00329	0.00305	0.01697	0.03151	0.00936	0.03358	0.48869	0.05383	0.18542	0.00680	0.00171	0.00229	0.03288	0.10593	0.00285
7	0.00731	0.00700	0.01206	0.53591	0.31785	0.00791	0.04360	0.00954	0.00730	0.00979	0.00630	0.00898	0.00494	0.00330	0.00347	0.00111	0.00448	0.00311	0.00161	0.00445
8	0.00456	0.00330	0.00410	0.00455	0.00495	0.00310	0.00316	0.00525	0.00680	0.00891	0.06744	0.42318	0.14634	0.19346	0.00717	0.00178	0.00237	0.10386	0.00300	0.00274
9	0.04710	0.00746	0.00874	0.00749	0.04350	0.03634	0.02477	0.19815	0.19870	0.32205	0.02615	0.04572	0.00887	0.00451	0.00347	0.00109	0.00324	0.00369	0.00354	0.00543
10	0.00880	0.27647	0.24833	0.06738	0.09530	0.02829	0.04804	0.04315	0.00785	0.06888	0.00641	0.00742	0.00496	0.00321	0.00298	0.00093	0.00421	0.00254	0.00183	0.07301
11	0.06276	0.04493	0.04698	0.01028	0.07697	0.06910	0.21308	0.30890	0.08369	0.01521	0.02920	0.00895	0.00643	0.00370	0.00347	0.00106	0.00433	0.00329	0.00256	0.00510
12	0.51617	0.02790	0.04227	0.00690	0.04276	0.07031	0.04072	0.08752	0.02476	0.05260	0.00596	0.00678	0.00457	0.00354	0.00314	0.00108	0.05416	0.00236	0.00225	0.00427
13	0.00450	0.00333	0.00408	0.00445	0.00499	0.00307	0.00315	0.00530	0.00719	0.00937	0.11549	0.37590	0.22448	0.12839	0.00613	0.00159	0.00220	0.09042	0.00312	0.00282
14	0.41172	0.00623	0.00542	0.00495	0.00664	0.06698	0.00393	0.03038	0.02693	0.05349	0.14445	0.03468	0.14820	0.00527	0.00311	0.00110	0.00266	0.03739	0.00278	0.00370
15	0.00550	0.00321	0.00431	0.00431	0.00437	0.00327	0.00276	0.00488	0.00481	0.00648	0.00829	0.01568	0.00890	0.36244	0.09878	0.45070	0.00376	0.00388	0.00177	0.00189
16	0.00843	0.00808	0.01380	0.07223	0.80697	0.00818	0.01054	0.01050	0.00781	0.01114	0.00648	0.00859	0.00542	0.00310	0.00342	0.00103	0.00413	0.00308	0.00170	0.00537
17	0.09447	0.01015	0.00831	0.00687	0.00922	0.30977	0.00539	0.11894	0.00960	0.13746	0.02398	0.00838	0.02264	0.00364	0.00303	0.00087	0.00405	0.00262	0.00253	0.21808
18	0.01096	0.04642	0.09705	0.00769	0.01036	0.07956	0.03081	0.39128	0.05562	0.08612	0.03744	0.01021	0.04385	0.00480	0.02543	0.00115	0.02172	0.00329	0.00293	0.03332
19	0.11690	0.04372	0.03420	0.07226	0.39155	0.04122	0.04376	0.06001	0.05877	0.05638	0.04339	0.00918	0.00673	0.00352	0.00327	0.00104	0.00386	0.00308	0.00217	0.00496

[dist]
# distance from previous block
# <min> <max>
2	14

[block]
# block no. 2 follows, 81 sequences, length 29
# corresponding to MSA columns:
# 804-809,821-843
name=unknown_C
#
# <colnr> <probs for GDERKNQSTAVLIFYWHMCP>
#	G	D	E	R	K	N	Q	S	T	A	V	L	I	F	Y	W	H	M	C	P
0	0.00669	0.00511	0.00601	0.00519	0.00680	0.00489	0.00401	0.06152	0.14910	0.03733	0.39176	0.05287	0.06929	0.00578	0.00364	0.00100	0.00219	0.00497	0.00335	0.17851
1	0.00664	0.23930	0.16394	0.00606	0.00812	0.00725	0.03893	0.00824	0.02803	0.00912	0.09215	0.02901	0.05988	0.24752	0.02433	0.01818	0.00367	0.00393	0.00207	0.00363
2	0.00883	0.00804	0.01067	0.00919	0.04841	0.08420	0.18590	0.08875	0.25591	0.05390	0.01132	0.16043	0.00998	0.00519	0.00409	0.00118	0.04188	0.00465	0.00279	0.00469
3	0.00440	0.00336	0.00399	0.00425	0.00495	0.00306	0.00306	0.00529	0.00741	0.00959	0.11879	0.30911	0.35796	0.04830	0.05374	0.00159	0.00236	0.03512	0.02079	0.00291
4	0.02907	0.17268	0.02127	0.00766	0.01046	0.06283	0.13394	0.15755	0.03840	0.09048	0.02733	0.00918	0.00659	0.00357	0.00313	0.00090	0.00379	0.02471	0.00245	0.19401
5	0.12980	0.00732	0.00940	0.07625	0.06720	0.02304	0.05280	0.17514	0.00986	0.33251	0.00962	0.00966	0.01877	0.00396	0.00358	0.00107	0.03442	0.00315	0.00308	0.02937
6	0.12367	0.09676	0.09100	0.00732	0.01008	0.06434	0.00649	0.37191	0.12487	0.03412	0.00795	0.00812	0.00589	0.00382	0.00311	0.00101	0.00373	0.00280	0.00278	0.03024
7	0.02298	0.40599	0.29590	0.00827	0.01183	0.11227	0.07830	0.01101	0.00752	0.00946	0.00551	0.00652	0.00447	0.00314	0.00283	0.00092	0.00462	0.00231	0.00154	0.00461
8	0.00430	0.00339	0.00387	0.00417	0.00497	0.00299	0.00305	0.00515	0.00749	0.00935	0.05812	0.28910	0.48071	0.03382	0.00462	0.00133	0.00198	0.07551	0.00320	0.00289
9	0.08235	0.10735	0.21127	0.04260	0.06297	0.04791	0.02521	0.08327	0.05046	0.11090	0.00917	0.07446	0.02394	0.00441	0.00350	0.00109	0.02682	0.02525	0.00237	0.00470
10	0.06524	0.00786	0.07705	0.03660	0.08604	0.02979	0.00640	0.21274	0.07475	0.11967	0.03040	0.10005	0.03039	0.00543	0.00417	0.03991	0.02527	0.04067	0.00289	0.00469
11	0.07284	0.00480	0.00599	0.00511	0.00681	0.00440	0.00402	0.01986	0.00893	0.38078	0.21581	0.06354	0.10866	0.05136	0.00439	0.00123	0.00245	0.02014	0.01456	0.00434
12	0.00905	0.06015	0.02261	0.01079	0.04780	0.17895	0.34998	0.07407	0.02996	0.01096	0.01962	0.03320	0.05528	0.02275	0.00430	0.00113	0.04609	0.00377	0.01515	0.00438
13	0.00601	0.00320	0.00462	0.00457	0.00466	0.00325	0.00308	0.02130	0.00483	0.00648	0.00658	0.01150	0.00662	0.07527	0.06073	0.76741	0.00339	0.00319	0.00160	0.00172
14	0.00868	0.00741	0.01097	0.12390	0.01258	0.00783	0.19838	0.29911	0.01044	0.01383	0.01184	0.06619	0.10423	0.04998	0.00469	0.00127	0.02416	0.03741	0.00264	0.00445
15	0.00712	0.00681	0.01098	0.60352	0.22339	0.03169	0.00948	0.00929	0.00735	0.00963	0.04344	0.00970	0.00604	0.00352	0.00346	0.00111	0.00440	0.00319	0.00168	0.00421
16	0.14156	0.00459	0.00561	0.07016	0.00732	0.00459	0.00401	0.00891	0.00793	0.18395	0.26796	0.12568	0.01722	0.12902	0.00556	0.00144	0.00257	0.00507	0.00316	0.00369
17	0.10051	0.00553	0.00674	0.00546	0.00758	0.00521	0.00443	0.06923	0.00944	0.48282	0.10065	0.01351	0.04880	0.00501	0.01869	0.00112	0.00274	0.00373	0.10387	0.00491
18	0.17484	0.00709	0.00901	0.37216	0.13449	0.07693	0.00746	0.00986	0.04411	0.02581	0.00774	0.10151	0.00684	0.00422	0.00328	0.00112	0.00391	0.00355	0.00201	0.00406
19	0.55833	0.03095	0.00733	0.00687	0.07679	0.07506	0.00506	0.07314	0.07163	0.03578	0.00617	0.00685	0.00477	0.00350	0.00279	0.00106	0.02507	0.00231	0.00230	0.00427
20	0.00580	0.00452	0.00578	0.00547	0.00602	0.03186	0.00404	0.00629	0.00560	0.00783	0.00885	0.07542	0.00910	0.17776	0.31816	0.14153	0.10437	0.00402	0.00191	0.07565
21	0.38414	0.02068	0.34779	0.00782	0.01128	0.00783	0.10441	0.01066	0.00685	0.03262	0.00602	0.00708	0.00445	0.00325	0.00286	0.00108	0.00399	0.00248	0.03028	0.00443
22	0.00427	0.00311	0.00403	0.00468	0.00503	0.00287	0.00320	0.00498	0.00696	0.00920	0.07043	0.72306	0.10698	0.01036	0.00436	0.00136	0.00198	0.02704	0.00324	0.00285
23	0.00808	0.00724	0.01196	0.40988	0.40557	0.00796	0.00976	0.04663	0.00787	0.04242	0.00668	0.00896	0.00521	0.00334	0.00344	0.00109	0.00428	0.00309	0.00180	0.00475
24	0.00436	0.00341	0.00393	0.00408	0.00491	0.00301	0.00297	0.00534	0.00794	0.01018	0.21091	0.21994	0.43944	0.03185	0.00453	0.00127	0.00187	0.03379	0.00331	0.00295
25	0.11652	0.01805	0.00703	0.00653	0.04437	0.05352	0.07419	0.04155	0.03886	0.04157	0.03408	0.16417	0.06470	0.17237	0.05563	0.00182	0.00354	0.01973	0.03822	0.00354
26	0.00674	0.00528	0.00662	0.00634	0.00753	0.00557	0.04289	0.06295	0.26691	0.02968	0.03487	0.35697	0.01656	0.02142	0.00429	0.00134	0.00270	0.11406	0.00327	0.00401
27	0.00916	0.00891	0.01189	0.26325	0.40106	0.13769	0.00926	0.07478	0.00858	0.03328	0.00655	0.00845	0.00518	0.00337	0.00339	0.00104	0.00452	0.00296	0.00187	0.00482
28	0.03653	0.09050	0.01049	0.00878	0.05390	0.48973	0.00657	0.14671	0.09085	0.02435	0.00677	0.00732	0.00535	0.00368	0.00312	0.00094	0.00502	0.00255	0.00223	0.00458

[dist]
# distance from previous block
# <min> <max>
2	13

[block]
# block no. 3 follows, 81 sequences, length 10
# corresponding to MSA columns:
# 867-876
name=unknown_D
#
# <colnr> <probs for GDERKNQSTAVLIFYWHMCP>
#	G	D	E	R	K	N	Q	S	T	A	V	L	I	F	Y	W	H	M	C	P
0	0.00537	0.00396	0.00545	0.10852	0.03145	0.00387	0.00425	0.00667	0.00810	0.04335	0.32097	0.27030	0.11169	0.02237	0.00427	0.00123	0.00230	0.02241	0.00318	0.02029
1	0.00615	0.00597	0.06566	0.02214	0.00761	0.00621	0.00546	0.00777	0.04092	0.03062	0.13588	0.03651	0.15062	0.03058	0.15491	0.00206	0.26059	0.00454	0.02224	0.00358
2	0.00817	0.00814	0.01315	0.32588	0.16432	0.06372	0.21739	0.06902	0.03106	0.01093	0.00734	0.01046	0.00592	0.00365	0.00365	0.00113	0.00475	0.04493	0.00191	0.00449
3	0.00477	0.00332	0.00421	0.00448	0.00468	0.00336	0.00293	0.00522	0.00571	0.00771	0.01340	0.29011	0.01534	0.43176	0.15933	0.00306	0.00394	0.03172	0.00244	0.00252
4	0.14376	0.58761	0.03553	0.03603	0.02504	0.01141	0.00576	0.01026	0.03939	0.00980	0.02313	0.02775	0.02575	0.00349	0.00248	0.00087	0.00345	0.00242	0.00179	0.00429
5	0.90299	0.00668	0.00508	0.00454	0.00668	0.00775	0.00374	0.01015	0.00588	0.01550	0.00481	0.00561	0.00374	0.00321	0.00214	0.00107	0.00267	0.00187	0.00214	0.00374
6	0.00496	0.00332	0.00379	0.00384	0.00386	0.00331	0.00217	0.00501	0.00514	0.00685	0.01148	0.08528	0.01331	0.81489	0.01662	0.00321	0.00325	0.00538	0.00217	0.00215
7	0.02913	0.07025	0.08325	0.15921	0.21133	0.00823	0.09394	0.09244	0.06002	0.05550	0.04218	0.02952	0.00748	0.00395	0.00357	0.00109	0.01517	0.02672	0.00223	0.00479
8	0.04998	0.11633	0.30788	0.10143	0.01473	0.02257	0.22835	0.01034	0.00742	0.01058	0.02340	0.02280	0.00552	0.00339	0.00347	0.00106	0.02046	0.00307	0.00169	0.04556
9	0.04884	0.27465	0.21600	0.00785	0.03394	0.00976	0.03268	0.14023	0.07263	0.07929	0.00820	0.00907	0.02542	0.00376	0.00305	0.00099	0.00389	0.02254	0.00228	0.00495

[dist]
# distance from previous block
# <min> <max>
2	3

[block]
# block no. 4 follows, 81 sequences, length 43
# corresponding to MSA columns:
# 880-884,895-898,908-922,925-943
name=unknown_E
#
# <colnr> <probs for GDERKNQSTAVLIFYWHMCP>
#	G	D	E	R	K	N	Q	S	T	A	V	L	I	F	Y	W	H	M	C	P
0	0.00757	0.04428	0.07111	0.24488	0.38423	0.01825	0.03739	0.00980	0.02466	0.01850	0.00816	0.08645	0.02180	0.00402	0.00349	0.00109	0.00411	0.00371	0.00186	0.00464
1	0.00441	0.00328	0.00399	0.00441	0.00501	0.00297	0.00308	0.00529	0.01670	0.01924	0.09373	0.52758	0.27830	0.00973	0.00426	0.00130	0.00191	0.00861	0.00327	0.00294
2	0.06825	0.00803	0.01137	0.03261	0.23432	0.00824	0.09569	0.27192	0.01840	0.17479	0.00914	0.01963	0.02387	0.00386	0.00346	0.00107	0.00381	0.00336	0.00283	0.00535
3	0.03925	0.15799	0.05609	0.02997	0.33098	0.12643	0.03261	0.15641	0.00936	0.02027	0.00637	0.00758	0.00512	0.00334	0.00315	0.00097	0.00432	0.00272	0.00201	0.00504
4	0.00648	0.09944	0.05279	0.00494	0.00592	0.00522	0.00386	0.00740	0.02308	0.07155	0.06449	0.09478	0.03893	0.41503	0.02302	0.00222	0.04263	0.00482	0.03027	0.00315
5	0.00558	0.00380	0.00439	0.00435	0.00484	0.00377	0.00285	0.00677	0.07825	0.04407	0.06915	0.12599	0.09874	0.49879	0.01168	0.00243	0.00284	0.02621	0.00269	0.00281
6	0.00861	0.05311	0.02843	0.05435	0.45435	0.00864	0.07787	0.10110	0.04431	0.01191	0.00754	0.05911	0.00655	0.00392	0.00403	0.00109	0.06449	0.00351	0.00203	0.00504
7	0.04190	0.06380	0.02752	0.15015	0.07839	0.09727	0.09130	0.06454	0.08230	0.13092	0.03382	0.03196	0.04937	0.00425	0.00373	0.00109	0.03707	0.00355	0.00248	0.00460
8	0.00833	0.00839	0.00846	0.14420	0.02307	0.24003	0.00633	0.00946	0.03655	0.02225	0.00679	0.03037	0.00609	0.00879	0.13581	0.12948	0.16717	0.00312	0.00180	0.00352
9	0.00510	0.00349	0.00480	0.00480	0.00513	0.00382	0.00338	0.00556	0.00524	0.00731	0.00940	0.01630	0.00965	0.31837	0.46429	0.11844	0.00642	0.00407	0.00189	0.00254
10	0.11474	0.05695	0.03603	0.06395	0.17099	0.17487	0.01769	0.24947	0.01015	0.01376	0.00642	0.00753	0.00503	0.00366	0.00354	0.00103	0.04628	0.00271	0.01039	0.00482
11	0.00571	0.00490	0.00698	0.05160	0.09583	0.00484	0.05907	0.02604	0.05015	0.01111	0.20306	0.12505	0.26590	0.00706	0.00418	0.00119	0.02261	0.04811	0.00298	0.00363
12	0.04602	0.12317	0.19851	0.00872	0.01187	0.14774	0.15050	0.06601	0.06298	0.01136	0.02086	0.00852	0.02643	0.00348	0.00319	0.00097	0.00448	0.00289	0.00200	0.10030
13	0.00450	0.00332	0.00422	0.00472	0.00522	0.00310	0.00337	0.00551	0.02043	0.00977	0.13431	0.52488	0.14626	0.02748	0.00461	0.00138	0.00207	0.08864	0.00327	0.00295
14	0.01753	0.06819	0.52243	0.02401	0.01236	0.01997	0.02416	0.02331	0.03423	0.03764	0.06347	0.08031	0.00881	0.00451	0.00345	0.00112	0.00428	0.04355	0.00204	0.00465
15	0.00819	0.01143	0.27258	0.01058	0.05952	0.05268	0.18223	0.04163	0.08570	0.03109	0.04056	0.00916	0.00649	0.00403	0.00494	0.00117	0.15919	0.00327	0.00199	0.01357
16	0.00821	0.00758	0.01236	0.21492	0.52168	0.00798	0.02558	0.08115	0.00845	0.01167	0.04269	0.00997	0.02537	0.00355	0.00349	0.00106	0.00407	0.00332	0.00194	0.00496
17	0.00796	0.21347	0.59696	0.00887	0.01321	0.08240	0.01069	0.01105	0.00744	0.01009	0.00581	0.00681	0.00440	0.00323	0.00303	0.00100	0.00488	0.00236	0.00149	0.00486
18	0.00573	0.00498	0.00705	0.00666	0.00707	0.00584	0.03996	0.00680	0.02326	0.00928	0.07547	0.36008	0.03645	0.04206	0.00714	0.00148	0.28527	0.06953	0.00260	0.00329
19	0.01133	0.00709	0.00783	0.00625	0.00833	0.00751	0.00502	0.45387	0.01226	0.15346	0.01004	0.01109	0.00754	0.07875	0.00443	0.00119	0.00314	0.00336	0.20256	0.00496
20	0.02194	0.00355	0.00438	0.00465	0.00529	0.00340	0.00334	0.00611	0.04584	0.01049	0.22588	0.40353	0.14656	0.03430	0.03293	0.00147	0.00224	0.03776	0.00327	0.00308
21	0.00769	0.00728	0.01235	0.36467	0.50493	0.00791	0.01005	0.00984	0.00747	0.01032	0.00644	0.00889	0.00518	0.00325	0.00342	0.00107	0.00426	0.00308	0.01713	0.00477
22	0.90299	0.00668	0.00508	0.00454	0.00668	0.00775	0.00374	0.01015	0.00588	0.01550	0.00481	0.00561	0.00374	0.00321	0.00214	0.00107	0.00267	0.00187	0.00214	0.00374
23	0.00593	0.00304	0.00451	0.00451	0.00453	0.00306	0.00301	0.00457	0.00455	0.00609	0.00628	0.01104	0.00633	0.04390	0.04170	0.83753	0.00322	0.00310	0.00153	0.00157
24	0.01292	0.01611	0.00982	0.00885	0.01068	0.82073	0.00667	0.05664	0.01012	0.00914	0.00549	0.00634	0.00452	0.00359	0.00313	0.00090	0.00610	0.00227	0.00187	0.00410
25	0.00587	0.00309	0.00463	0.00463	0.00471	0.00317	0.00317	0.00471	0.00463	0.00626	0.00641	0.01089	0.00634	0.01377	0.12174	0.78585	0.00380	0.00309	0.00154	0.00170
26	0.90299	0.00668	0.00508	0.00454	0.00668	0.00775	0.00374	0.01015	0.00588	0.01550	0.00481	0.00561	0.00374	0.00321	0.00214	0.00107	0.00267	0.00187	0.00214	0.00374
27	0.00847	0.03734	0.04680	0.05806	0.31298	0.03951	0.12555	0.02271	0.26261	0.01206	0.03289	0.01026	0.00759	0.00371	0.00351	0.00109	0.00399	0.00347	0.00232	0.00511
28	0.03412	0.00612	0.00754	0.00620	0.00831	0.02327	0.00500	0.02770	0.15325	0.49679	0.12601	0.02279	0.01207	0.00490	0.00384	0.00111	0.03434	0.01760	0.00384	0.00521
29	0.00834	0.26592	0.26684	0.07563	0.19832	0.02758	0.04998	0.04085	0.00771	0.01036	0.00593	0.00732	0.00475	0.00320	0.00314	0.00098	0.01407	0.00259	0.00162	0.00486
30	0.00486	0.00336	0.00399	0.00409	0.00434	0.00326	0.00259	0.00531	0.00627	0.00843	0.15142	0.15144	0.05588	0.53786	0.01236	0.00253	0.00279	0.03415	0.00263	0.00246
31	0.15281	0.03728	0.07563	0.00985	0.15383	0.03476	0.07805	0.12163	0.08165	0.12523	0.02731	0.02751	0.00712	0.00417	0.01064	0.00112	0.02711	0.01678	0.00258	0.00492
32	0.55672	0.00721	0.00754	0.17381	0.12283	0.04664	0.00593	0.01023	0.00658	0.02726	0.00546	0.00682	0.00425	0.00327	0.00263	0.00107	0.00340	0.00230	0.00198	0.00404
33	0.01165	0.03886	0.01162	0.05361	0.04056	0.18669	0.11998	0.30206	0.01124	0.11387	0.00762	0.00831	0.00560	0.00380	0.00376	0.00103	0.04390	0.00302	0.00262	0.03021
34	0.02711	0.10674	0.31935	0.00718	0.00995	0.07222	0.00750	0.03995	0.04532	0.01151	0.20326	0.11238	0.01334	0.00510	0.00346	0.00107	0.00367	0.00421	0.00241	0.00427
35	0.00439	0.00317	0.00418	0.00486	0.00522	0.00296	0.00341	0.00518	0.00706	0.00939	0.08600	0.68325	0.06623	0.01029	0.00440	0.00138	0.00208	0.09039	0.00325	0.00288
36	0.00957	0.02847	0.14532	0.00746	0.01008	0.02862	0.05428	0.28155	0.06048	0.09654	0.15333	0.01373	0.06015	0.00504	0.01284	0.00113	0.00360	0.01986	0.00306	0.00489
37	0.00498	0.00333	0.00378	0.00382	0.00383	0.00332	0.00215	0.00501	0.00511	0.00681	0.01131	0.06678	0.01309	0.83369	0.01690	0.00325	0.00328	0.00527	0.00215	0.00213
38	0.01063	0.24414	0.07013	0.00768	0.01021	0.21257	0.04945	0.16773	0.03038	0.07383	0.00794	0.07454	0.00682	0.00417	0.00316	0.00097	0.00431	0.01433	0.00234	0.00465
39	0.00516	0.00373	0.00477	0.00472	0.01916	0.00351	0.00340	0.03646	0.00889	0.01222	0.52979	0.11207	0.13872	0.00818	0.01652	0.07785	0.00202	0.00628	0.00339	0.00315
40	0.19353	0.10859	0.11736	0.06551	0.03993	0.20235	0.12989	0.04599	0.00814	0.04973	0.00611	0.00722	0.00470	0.00332	0.00304	0.00101	0.00459	0.00260	0.00194	0.00443
41	0.14732	0.23840	0.04715	0.02310	0.01008	0.31053	0.02248	0.10198	0.00876	0.01104	0.00548	0.00640	0.00451	0.00351	0.00320	0.00094	0.04660	0.00227	0.00191	0.00432
42	0.00867	0.00831	0.02821	0.16100	0.42637	0.04595	0.09188	0.06718	0.00827	0.03914	0.00704	0.02908	0.00578	0.00392	0.01721	0.00116	0.04069	0.00331	0.00191	0.00491

[dist]
# distance from previous block
# <min> <max>
0	1

[block]
# block no. 5 follows, 81 sequences, length 15
# corresponding to MSA columns:
# 945-959
name=unknown_F
#
# <colnr> <probs for GDERKNQSTAVLIFYWHMCP>
#	G	D	E	R	K	N	Q	S	T	A	V	L	I	F	Y	W	H	M	C	P
0	0.00710	0.00585	0.00681	0.00572	0.00790	0.00532	0.00455	0.04273	0.17292	0.01198	0.03106	0.10398	0.01072	0.00495	0.00331	0.00091	0.00265	0.11573	0.00271	0.45312
1	0.01190	0.01739	0.00744	0.00599	0.00817	0.00562	0.00490	0.08498	0.10026	0.47797	0.08552	0.01598	0.06965	0.00517	0.00361	0.00111	0.00279	0.05854	0.02787	0.00514
2	0.00505	0.00336	0.00391	0.00391	0.00395	0.00340	0.00227	0.00509	0.00504	0.00677	0.01062	0.02161	0.01208	0.79283	0.07525	0.03204	0.00374	0.00487	0.00206	0.00214
3	0.00704	0.05931	0.82022	0.00966	0.01466	0.00829	0.01243	0.01091	0.00728	0.01081	0.00613	0.00721	0.00438	0.00327	0.00323	0.00108	0.00504	0.00252	0.00146	0.00507
4	0.00425	0.00340	0.00380	0.00392	0.00482	0.00295	0.00286	0.00520	0.00795	0.01002	0.17613	0.20667	0.53811	0.00888	0.00415	0.00120	0.00178	0.00763	0.00331	0.00295
5	0.00753	0.00613	0.00720	0.00516	0.00821	0.00463	0.00414	0.00906	0.00728	0.04859	0.00647	0.00737	0.00527	0.00263	0.00260	0.00054	0.00258	0.00211	0.00214	0.86037
6	0.00454	0.00323	0.00438	0.00487	0.00525	0.00326	0.00343	0.00538	0.00636	0.00879	0.01624	0.54552	0.04454	0.03066	0.24475	0.00256	0.00402	0.00758	0.05173	0.00290
7	0.08120	0.00925	0.00913	0.04197	0.01031	0.12785	0.00612	0.40342	0.07965	0.13153	0.00886	0.00933	0.00650	0.00479	0.02944	0.00119	0.01460	0.01659	0.00308	0.00518
8	0.00930	0.05090	0.21747	0.04808	0.01246	0.26020	0.09917	0.02295	0.03059	0.03688	0.00666	0.03953	0.00553	0.00411	0.00460	0.00111	0.14121	0.00303	0.00183	0.00440
9	0.00535	0.00366	0.00452	0.00426	0.00526	0.00327	0.00321	0.00672	0.00916	0.06804	0.54940	0.05994	0.24937	0.00747	0.00405	0.00112	0.00176	0.00648	0.00365	0.00332
10	0.06121	0.00855	0.00883	0.00705	0.00938	0.06497	0.00574	0.47412	0.03962	0.13630	0.01061	0.01049	0.06215	0.00446	0.00364	0.00105	0.03545	0.00334	0.04783	0.00522
11	0.01130	0.01302	0.01244	0.04556	0.01288	0.50662	0.21988	0.01278	0.00901	0.06506	0.00629	0.00758	0.00493	0.00358	0.00387	0.00102	0.05513	0.00286	0.00191	0.00427
12	0.00916	0.00643	0.00687	0.00588	0.00765	0.00705	0.00465	0.24666	0.27273	0.03985	0.05753	0.01227	0.00983	0.00444	0.00317	0.00101	0.00261	0.00358	0.29388	0.00474
13	0.01109	0.01215	0.00873	0.00783	0.00967	0.48095	0.00597	0.04527	0.26088	0.04281	0.04546	0.01021	0.03550	0.00426	0.00333	0.00100	0.00463	0.00314	0.00259	0.00451
14	0.00687	0.00503	0.00632	0.00655	0.06263	0.00506	0.01740	0.02162	0.21532	0.09057	0.06116	0.32489	0.13572	0.00738	0.00393	0.00122	0.00245	0.00650	0.00328	0.01609

[dist]
# distance from previous block
# <min> <max>
1	2

[block]
# block no. 6 follows, 81 sequences, length 10
# corresponding to MSA columns:
# 962-964,967-973
name=unknown_G
#
# <colnr> <probs for GDERKNQSTAVLIFYWHMCP>
#	G	D	E	R	K	N	Q	S	T	A	V	L	I	F	Y	W	H	M	C	P
0	0.00806	0.00771	0.01314	0.22506	0.65699	0.00808	0.01036	0.01018	0.00764	0.01070	0.00641	0.00871	0.00526	0.00317	0.00343	0.00106	0.00422	0.00308	0.00167	0.00508
1	0.01182	0.03519	0.00976	0.00852	0.01024	0.63919	0.00653	0.04838	0.09932	0.00962	0.00642	0.00727	0.00526	0.00438	0.02368	0.00107	0.06460	0.00252	0.00201	0.00421
2	0.00693	0.01787	0.86069	0.00985	0.01495	0.00802	0.01276	0.01094	0.00729	0.01094	0.00620	0.00729	0.00438	0.00328	0.00328	0.00109	0.00511	0.00255	0.00146	0.00511
3	0.00561	0.00372	0.00468	0.00433	0.00537	0.00334	0.00329	0.00707	0.00942	0.08315	0.62621	0.02608	0.19032	0.00716	0.00403	0.00110	0.00176	0.00622	0.00373	0.00341
4	0.05989	0.00661	0.00780	0.00632	0.00867	0.00665	0.00512	0.13264	0.20408	0.42873	0.04817	0.01275	0.04755	0.00461	0.00346	0.00109	0.00289	0.00372	0.00380	0.00543
5	0.00464	0.00341	0.00433	0.00461	0.00525	0.00316	0.00341	0.00573	0.00796	0.01064	0.28877	0.30175	0.16760	0.04819	0.00489	0.00138	0.00207	0.12588	0.00334	0.00299
6	0.00733	0.05174	0.78330	0.00964	0.01449	0.05279	0.01218	0.01107	0.00741	0.01070	0.00610	0.00717	0.00438	0.00328	0.00323	0.00107	0.00511	0.00251	0.00148	0.00502
7	0.00497	0.00336	0.00393	0.00404	0.00411	0.00336	0.00242	0.00514	0.00532	0.00710	0.01192	0.10214	0.01372	0.73290	0.04196	0.00316	0.00340	0.04260	0.00224	0.00224
8	0.03762	0.04903	0.00950	0.00772	0.00897	0.16161	0.01711	0.08596	0.03271	0.10935	0.05172	0.05610	0.00805	0.02046	0.00648	0.00125	0.31503	0.01474	0.00238	0.00423
9	0.02833	0.06475	0.01088	0.02530	0.01044	0.03955	0.26154	0.00868	0.03448	0.01031	0.03841	0.25803	0.06192	0.00570	0.00373	0.00110	0.00359	0.00540	0.00240	0.12546

[dist]
# distance from previous block
# <min> <max>
2	24

[block]
# block no. 7 follows, 81 sequences, length 17
# corresponding to MSA columns:
# 1000-1004,1012-1023
name=unknown_H
#
# <colnr> <probs for GDERKNQSTAVLIFYWHMCP>
#	G	D	E	R	K	N	Q	S	T	A	V	L	I	F	Y	W	H	M	C	P
0	0.02958	0.35614	0.06273	0.03705	0.12019	0.03906	0.00673	0.06007	0.03001	0.11425	0.00699	0.01731	0.00558	0.00336	0.00283	0.00088	0.00368	0.00254	0.00212	0.09892
1	0.09019	0.00761	0.07934	0.00700	0.02993	0.03745	0.02723	0.06507	0.04703	0.47833	0.01126	0.04393	0.00788	0.00423	0.00333	0.00106	0.00329	0.00342	0.02446	0.02796
2	0.20759	0.00853	0.15356	0.04251	0.05546	0.00687	0.04962	0.06915	0.03963	0.04866	0.08831	0.02083	0.00796	0.00371	0.00306	0.00097	0.00337	0.00301	0.00234	0.18487
3	0.00701	0.44975	0.01136	0.00508	0.00700	0.00851	0.00455	0.00828	0.00811	0.01039	0.32452	0.03959	0.09330	0.00523	0.00314	0.00093	0.00270	0.00420	0.00255	0.00381
4	0.02937	0.01232	0.33157	0.00941	0.01306	0.02218	0.14601	0.29667	0.01059	0.04392	0.00749	0.00832	0.00536	0.00359	0.00341	0.00107	0.00451	0.00304	0.04293	0.00519
5	0.00432	0.00311	0.00412	0.00489	0.00518	0.00291	0.00339	0.00501	0.00677	0.00897	0.01956	0.77467	0.05298	0.01064	0.00443	0.00141	0.00209	0.07950	0.00320	0.00284
6	0.00572	0.00417	0.00544	0.00560	0.00652	0.00415	0.00459	0.04530	0.04604	0.01239	0.35286	0.06373	0.02404	0.00814	0.00436	0.00134	0.00252	0.39621	0.00346	0.00342
7	0.00712	0.08992	0.79033	0.00952	0.01444	0.00849	0.01219	0.01089	0.00727	0.01071	0.00608	0.00715	0.00438	0.00325	0.00319	0.00106	0.00499	0.00249	0.00146	0.00505
8	0.00540	0.00378	0.00505	0.00558	0.00638	0.00370	0.00471	0.00692	0.00810	0.01094	0.13913	0.06966	0.06806	0.00873	0.00442	0.00142	0.00270	0.56419	0.07798	0.00316
9	0.00670	0.00625	0.01015	0.79820	0.02256	0.00775	0.00925	0.00962	0.07738	0.00930	0.00680	0.00952	0.00510	0.00356	0.00346	0.00115	0.00445	0.00314	0.00170	0.00397
10	0.00487	0.00328	0.00381	0.00397	0.00400	0.00325	0.00230	0.00498	0.00533	0.00710	0.01243	0.18488	0.01452	0.71365	0.01508	0.00298	0.00309	0.00594	0.00230	0.00223
11	0.00568	0.00476	0.00681	0.00638	0.00677	0.00600	0.00503	0.00667	0.00543	0.00799	0.00807	0.01268	0.00783	0.09569	0.54968	0.00422	0.25171	0.00363	0.00178	0.00319
12	0.00469	0.00369	0.00426	0.00421	0.00520	0.00336	0.00319	0.00628	0.04676	0.01134	0.35016	0.07147	0.41251	0.00806	0.00411	0.00117	0.00184	0.05109	0.00345	0.00317
13	0.00721	0.00629	0.00779	0.00556	0.00865	0.00480	0.04365	0.00881	0.00721	0.01125	0.00618	0.00726	0.00512	0.00258	0.00263	0.00054	0.00271	0.00214	0.00203	0.85758
14	0.50374	0.02201	0.00633	0.00518	0.00742	0.00727	0.00422	0.08099	0.08035	0.05930	0.05134	0.00883	0.03124	0.00374	0.00265	0.00100	0.00271	0.00264	0.00257	0.11646
15	0.02445	0.11209	0.01001	0.00763	0.03087	0.08698	0.04786	0.11736	0.39055	0.02847	0.07618	0.01148	0.00981	0.01581	0.00364	0.00110	0.01427	0.00354	0.00294	0.00496
16	0.00795	0.08763	0.13878	0.00732	0.00984	0.02158	0.11634	0.03165	0.08443	0.10673	0.14877	0.04546	0.10762	0.00498	0.00368	0.00106	0.01733	0.00430	0.00273	0.05182

[dist]
# distance from previous block
# <min> <max>
1	62

[block]
# block no. 8 follows, 81 sequences, length 20
# corresponding to MSA columns:
# 1086-1105
name=unknown_I
#
# <colnr> <probs for GDERKNQSTAVLIFYWHMCP>
#	G	D	E	R	K	N	Q	S	T	A	V	L	I	F	Y	W	H	M	C	P
0	0.11807	0.20581	0.38996	0.07912	0.01261	0.00890	0.02640	0.01068	0.01847	0.04661	0.02282	0.00850	0.00563	0.00353	0.00301	0.00103	0.00422	0.02821	0.00180	0.00462
1	0.00736	0.06228	0.10177	0.01030	0.17449	0.00699	0.13323	0.02554	0.08807	0.03487	0.19700	0.04631	0.05926	0.00491	0.00380	0.00110	0.01651	0.01917	0.00257	0.00447
2	0.05620	0.38754	0.02957	0.00706	0.00969	0.17479	0.00622	0.22311	0.05462	0.01241	0.00631	0.00680	0.00509	0.00348	0.00279	0.00089	0.00413	0.00236	0.00218	0.00475
3	0.01036	0.00613	0.00841	0.00838	0.15608	0.00544	0.00563	0.02801	0.02469	0.33222	0.02638	0.05226	0.02360	0.00481	0.02937	0.00107	0.00316	0.02079	0.00301	0.25019
4	0.01001	0.05607	0.00710	0.00536	0.00720	0.00502	0.00433	0.05680	0.00995	0.36826	0.37737	0.01804	0.04868	0.00556	0.00368	0.00106	0.00242	0.00469	0.00383	0.00456
5	0.02140	0.09120	0.35532	0.01009	0.03949	0.08222	0.18688	0.01120	0.05252	0.01075	0.00728	0.00963	0.00587	0.00359	0.00339	0.00106	0.00479	0.05138	0.00181	0.05015
6	0.01032	0.03377	0.09279	0.00657	0.01825	0.00571	0.02500	0.07152	0.05148	0.35950	0.08282	0.16472	0.03903	0.00592	0.01529	0.00119	0.00309	0.00480	0.00343	0.00482
7	0.00495	0.00334	0.00376	0.00379	0.00386	0.00331	0.00216	0.00501	0.00523	0.00691	0.01241	0.05442	0.05572	0.80267	0.01642	0.00317	0.00322	0.00531	0.00219	0.00216
8	0.00736	0.00590	0.00863	0.06256	0.05190	0.03255	0.04923	0.00867	0.00641	0.09785	0.00802	0.01098	0.00694	0.01448	0.40320	0.00325	0.21284	0.00342	0.00199	0.00382
9	0.02076	0.17517	0.34035	0.04499	0.08512	0.03767	0.16397	0.07250	0.00816	0.01117	0.00621	0.00754	0.00475	0.00321	0.00324	0.00103	0.00478	0.00279	0.00171	0.00488
10	0.00975	0.01060	0.12063	0.01007	0.08019	0.18381	0.15899	0.02626	0.18063	0.10832	0.00956	0.05976	0.00764	0.00418	0.00356	0.00110	0.00443	0.01319	0.00249	0.00485
11	0.00457	0.00334	0.00430	0.00444	0.00506	0.00307	0.00319	0.00576	0.00846	0.01164	0.48100	0.33627	0.09890	0.00858	0.00420	0.00121	0.00178	0.00764	0.00354	0.00307
12	0.00627	0.00524	0.00793	0.05831	0.24749	0.00532	0.00660	0.00821	0.05035	0.01037	0.01478	0.21030	0.04219	0.00739	0.00415	0.00133	0.00319	0.30402	0.00270	0.00389
13	0.01042	0.11819	0.24325	0.00944	0.06420	0.03994	0.09237	0.22321	0.01010	0.13126	0.00766	0.00819	0.00551	0.00355	0.00329	0.00102	0.00431	0.00290	0.00242	0.01876
14	0.00825	0.00797	0.01320	0.04815	0.70816	0.02935	0.03229	0.01023	0.00768	0.01083	0.00672	0.00899	0.00570	0.00516	0.08120	0.00144	0.00469	0.00314	0.00172	0.00514
15	0.01484	0.00571	0.00778	0.00607	0.00860	0.00494	0.00497	0.01613	0.00970	0.80976	0.01394	0.06225	0.00939	0.00466	0.00353	0.00109	0.00288	0.00384	0.00421	0.00570
16	0.09007	0.41056	0.21355	0.00715	0.01045	0.03114	0.00744	0.14635	0.03407	0.01187	0.00599	0.00665	0.00478	0.00332	0.00272	0.00092	0.00398	0.00229	0.00192	0.00478
17	0.00442	0.00346	0.00388	0.00386	0.00474	0.00305	0.00279	0.00540	0.00805	0.01033	0.26619	0.08558	0.48048	0.09592	0.00546	0.00138	0.00189	0.00693	0.00327	0.00292
18	0.36188	0.04344	0.08254	0.00489	0.00694	0.00620	0.00437	0.05687	0.00744	0.01259	0.01709	0.04337	0.32936	0.00561	0.00313	0.00110	0.00263	0.00432	0.00257	0.00367
19	0.00931	0.06101	0.17791	0.04221	0.01452	0.03026	0.34116	0.11647	0.07823	0.08267	0.00793	0.00900	0.00577	0.00344	0.00360	0.00110	0.00478	0.00339	0.00224	0.00501

[dist]
# distance from previous block
# <min> <max>
0	1

[block]
# block no. 9 follows, 81 sequences, length 53
# corresponding to MSA columns:
# 1107-1109,1116-1121,1124-1135,1150-1181
name=unknown_J
#
# <colnr> <probs for GDERKNQSTAVLIFYWHMCP>
#	G	D	E	R	K	N	Q	S	T	A	V	L	I	F	Y	W	H	M	C	P
0	0.01145	0.00710	0.00853	0.00716	0.02398	0.00744	0.02607	0.15063	0.34745	0.30258	0.05997	0.01232	0.01013	0.00452	0.00354	0.00111	0.00301	0.00375	0.00371	0.00553
1	0.75203	0.03912	0.04176	0.00509	0.00741	0.00817	0.00441	0.05536	0.03787	0.01534	0.00540	0.00609	0.00416	0.00331	0.00231	0.00106	0.00287	0.00204	0.00221	0.00400
2	0.00874	0.62260	0.15583	0.00729	0.01059	0.01208	0.07262	0.01094	0.05399	0.00917	0.00572	0.00653	0.00483	0.00310	0.00261	0.00085	0.00404	0.00225	0.00161	0.00462
3	0.03406	0.00672	0.00778	0.00629	0.00860	0.03797	0.00503	0.10966	0.14087	0.42591	0.03634	0.04672	0.00943	0.03399	0.00389	0.00112	0.00303	0.00369	0.00361	0.07529
4	0.00431	0.00349	0.00378	0.00378	0.00476	0.00305	0.00278	0.00523	0.00780	0.00970	0.14244	0.05930	0.61577	0.07365	0.03451	0.00148	0.00213	0.01598	0.00316	0.00291
5	0.00894	0.00437	0.00563	0.00486	0.00634	0.00395	0.00380	0.01871	0.00933	0.31643	0.36438	0.05355	0.04654	0.00581	0.00363	0.00106	0.00214	0.00497	0.13137	0.00419
6	0.00820	0.00722	0.05516	0.00651	0.00856	0.00703	0.03630	0.26611	0.18795	0.01479	0.09883	0.05355	0.22336	0.00588	0.00374	0.00113	0.00292	0.00492	0.00325	0.00458
7	0.00493	0.00331	0.00380	0.00389	0.00391	0.00329	0.00222	0.00500	0.00521	0.00694	0.01183	0.12192	0.01376	0.77765	0.01605	0.00312	0.00319	0.00558	0.00222	0.00218
8	0.00756	0.00875	0.13966	0.17199	0.10361	0.00756	0.18249	0.08004	0.06995	0.01145	0.00892	0.13085	0.00792	0.00446	0.00376	0.00114	0.01545	0.00418	0.00215	0.03812
9	0.00814	0.43761	0.39127	0.00826	0.01220	0.01082	0.06775	0.01066	0.00722	0.00958	0.00557	0.00658	0.00446	0.00310	0.00282	0.00093	0.00447	0.00232	0.00149	0.00475
10	0.00453	0.00340	0.00398	0.00403	0.00487	0.00304	0.00295	0.00566	0.00829	0.01105	0.32294	0.18380	0.36235	0.00826	0.00405	0.00116	0.00175	0.00715	0.05372	0.00304
11	0.00567	0.00501	0.00869	0.00747	0.00859	0.00487	0.22706	0.02524	0.00695	0.00938	0.01378	0.45796	0.01541	0.12055	0.04597	0.00178	0.02264	0.00710	0.00258	0.00331
12	0.00615	0.00415	0.00484	0.00456	0.00513	0.00456	0.00337	0.03799	0.00698	0.01078	0.06638	0.06746	0.07001	0.19376	0.00737	0.00154	0.12981	0.00444	0.36761	0.00311
13	0.00557	0.00398	0.00492	0.00526	0.00593	0.00400	0.00371	0.00794	0.16285	0.04950	0.04972	0.64432	0.02028	0.00924	0.00419	0.00133	0.00217	0.00830	0.00334	0.00346
14	0.00841	0.00734	0.00807	0.00715	0.00912	0.00838	0.03368	0.01760	0.79025	0.01414	0.01462	0.01354	0.04256	0.00478	0.00356	0.00117	0.00280	0.00404	0.00344	0.00534
15	0.00716	0.00614	0.00716	0.00512	0.00819	0.00461	0.00409	0.00870	0.00716	0.01126	0.00614	0.00716	0.00512	0.00256	0.00256	0.00051	0.00256	0.00205	0.00205	0.89971
16	0.00652	0.00614	0.01036	0.87029	0.02379	0.00768	0.00959	0.00883	0.00691	0.00883	0.00614	0.00921	0.00461	0.00345	0.00345	0.00115	0.00461	0.00307	0.00154	0.00384
17	0.90299	0.00668	0.00508	0.00454	0.00668	0.00775	0.00374	0.01015	0.00588	0.01550	0.00481	0.00561	0.00374	0.00321	0.00214	0.00107	0.00267	0.00187	0.00214	0.00374
18	0.00652	0.00614	0.01036	0.87029	0.02379	0.00768	0.00959	0.00883	0.00691	0.00883	0.00614	0.00921	0.00461	0.00345	0.00345	0.00115	0.00461	0.00307	0.00154	0.00384
19	0.00496	0.00361	0.00509	0.00509	0.00555	0.00407	0.00375	0.00588	0.00542	0.00768	0.00967	0.01589	0.00964	0.24471	0.64748	0.00499	0.00774	0.00404	0.00191	0.00283
20	0.00955	0.73421	0.06242	0.00641	0.00940	0.06358	0.00636	0.05754	0.00772	0.00907	0.00511	0.00583	0.00451	0.00308	0.00240	0.00078	0.00393	0.00198	0.00161	0.00453
21	0.00419	0.00351	0.00366	0.00369	0.00480	0.00297	0.00279	0.00514	0.00797	0.00965	0.08693	0.05366	0.75163	0.00872	0.00412	0.00118	0.00180	0.03741	0.00325	0.00295
22	0.00880	0.43925	0.06300	0.11556	0.24424	0.01096	0.00807	0.05511	0.00775	0.00997	0.00570	0.00706	0.00481	0.00313	0.00282	0.00090	0.00400	0.00244	0.00165	0.00476
23	0.00488	0.00367	0.00463	0.00495	0.00583	0.00342	0.00402	0.00620	0.00825	0.01072	0.20865	0.08895	0.27410	0.00884	0.00439	0.00134	0.00233	0.34840	0.00333	0.00309
24	0.00523	0.00388	0.00546	0.00536	0.00590	0.00445	0.00403	0.02756	0.00572	0.00813	0.00943	0.01502	0.00922	0.18860	0.65913	0.00491	0.02916	0.00392	0.00193	0.00298
25	0.00923	0.03817	0.14117	0.00968	0.11190	0.01770	0.13688	0.04456	0.00823	0.15771	0.00780	0.02146	0.00591	0.00338	0.00345	0.00093	0.02616	0.00299	0.00229	0.25041
26	0.01111	0.14033	0.03252	0.00787	0.02476	0.22793	0.00639	0.22884	0.23521	0.03827	0.00863	0.00866	0.00658	0.00393	0.00320	0.00099	0.00413	0.00290	0.00269	0.00505
27	0.00870	0.00661	0.00683	0.00583	0.00709	0.05262	0.00429	0.33429	0.02314	0.01302	0.00953	0.01521	0.00916	0.40461	0.06332	0.00236	0.00400	0.00399	0.02160	0.00381
28	0.00446	0.00332	0.00386	0.00417	0.00469	0.00306	0.00285	0.00506	0.00670	0.00852	0.02232	0.30930	0.30662	0.24093	0.00782	0.00185	0.00234	0.05652	0.00291	0.00268
29	0.00758	0.00703	0.01210	0.52968	0.01962	0.00827	0.15952	0.03992	0.00737	0.04524	0.00646	0.00908	0.00492	0.00377	0.00465	0.00120	0.12442	0.00326	0.00175	0.00414
30	0.00421	0.00301	0.00401	0.00481	0.00501	0.00281	0.00321	0.00481	0.00661	0.00882	0.01904	0.87634	0.02285	0.01082	0.00441	0.00140	0.00200	0.00982	0.00321	0.00281
31	0.00684	0.00656	0.01013	0.48017	0.01691	0.00858	0.00843	0.00849	0.00643	0.00891	0.05325	0.00949	0.00615	0.00468	0.00661	0.00129	0.34842	0.00323	0.00165	0.00378
32	0.90299	0.00668	0.00508	0.00454	0.00668	0.00775	0.00374	0.01015	0.00588	0.01550	0.00481	0.00561	0.00374	0.00321	0.00214	0.00107	0.00267	0.00187	0.00214	0.00374
33	0.00853	0.00827	0.01436	0.02085	0.81199	0.00824	0.05538	0.01063	0.00788	0.01127	0.00652	0.00859	0.00546	0.00307	0.00346	0.00103	0.00420	0.00313	0.00171	0.00543
34	0.00924	0.00774	0.00818	0.00716	0.00923	0.00890	0.00563	0.13720	0.73089	0.01550	0.01323	0.01223	0.00987	0.00461	0.00351	0.00115	0.00289	0.00379	0.00351	0.00553
35	0.00516	0.00383	0.00525	0.00521	0.00575	0.00433	0.00385	0.00658	0.05295	0.00806	0.00992	0.01571	0.00969	0.22973	0.61274	0.00478	0.00747	0.00403	0.00200	0.00298
36	0.00894	0.76992	0.12626	0.00642	0.00965	0.01294	0.00679	0.01042	0.00705	0.00849	0.00498	0.00577	0.00443	0.00300	0.00235	0.00078	0.00388	0.00194	0.00148	0.00452
37	0.00509	0.00390	0.00574	0.00565	0.00620	0.00462	0.00438	0.00623	0.00551	0.00796	0.00908	0.01374	0.00862	0.07226	0.76974	0.00520	0.05745	0.00374	0.00185	0.00307
38	0.00832	0.00793	0.01349	0.06838	0.77782	0.00802	0.01035	0.01037	0.00782	0.01111	0.00693	0.00975	0.00597	0.00335	0.00347	0.00105	0.00410	0.03472	0.00176	0.00529
39	0.00425	0.00344	0.00377	0.00383	0.00480	0.00296	0.00282	0.00522	0.00805	0.01009	0.18303	0.14788	0.59031	0.00873	0.00413	0.00118	0.00176	0.00745	0.00332	0.00296
40	0.00750	0.00731	0.03006	0.00895	0.01185	0.00624	0.32806	0.02219	0.02240	0.02988	0.00841	0.09607	0.00749	0.00382	0.00345	0.00092	0.00386	0.02506	0.00216	0.37429
41	0.00588	0.00500	0.00640	0.00645	0.03533	0.05108	0.01557	0.00716	0.02483	0.01559	0.01970	0.06131	0.07624	0.08118	0.43086	0.00355	0.08507	0.06334	0.00217	0.00328
42	0.00966	0.05381	0.08169	0.14361	0.12583	0.07519	0.02390	0.20687	0.20385	0.02836	0.00853	0.00923	0.00643	0.00382	0.00337	0.00107	0.00404	0.00313	0.00252	0.00511
43	0.01081	0.00941	0.01102	0.00880	0.01115	0.10248	0.13438	0.30039	0.24694	0.05525	0.00939	0.00963	0.00697	0.00418	0.00406	0.00111	0.06249	0.00340	0.00294	0.00523
44	0.00458	0.00355	0.00402	0.00393	0.00497	0.00309	0.00296	0.00574	0.00856	0.02377	0.32516	0.04233	0.51929	0.00813	0.00409	0.00115	0.00176	0.02638	0.00343	0.00309
45	0.00728	0.00735	0.03094	0.01013	0.14145	0.08900	0.15788	0.04282	0.03639	0.01056	0.04283	0.30372	0.01285	0.00637	0.00436	0.00122	0.05257	0.03580	0.00248	0.00403
46	0.00718	0.00680	0.01157	0.62728	0.21271	0.00790	0.04072	0.02704	0.00737	0.00974	0.00630	0.00904	0.00485	0.00336	0.00347	0.00112	0.00452	0.00311	0.00162	0.00428
47	0.00433	0.00321	0.00387	0.00434	0.00477	0.00295	0.00293	0.00493	0.00673	0.00866	0.02195	0.50337	0.24005	0.14530	0.00638	0.00165	0.00217	0.02663	0.00303	0.00273
48	0.00503	0.00344	0.00402	0.00409	0.00431	0.00339	0.00261	0.00538	0.00586	0.00778	0.07560	0.02526	0.05793	0.66992	0.01442	0.00287	0.00312	0.10022	0.00240	0.00235
49	0.00615	0.00449	0.00540	0.00536	0.00622	0.00452	0.00391	0.17875	0.00908	0.01218	0.12488	0.54108	0.05580	0.00886	0.00416	0.00128	0.00233	0.01870	0.00333	0.00351
50	0.00424	0.00303	0.00403	0.00479	0.00502	0.00282	0.00321	0.00488	0.00675	0.00903	0.05405	0.84073	0.02326	0.01067	0.00440	0.00139	0.00199	0.00967	0.00323	0.00282
51	0.00705	0.00602	0.00705	0.00511	0.00807	0.00454	0.00406	0.00855	0.00714	0.01117	0.00662	0.03939	0.00577	0.00286	0.00263	0.00054	0.00254	0.00233	0.00209	0.86645
52	0.00805	0.00784	0.01246	0.06199	0.47612	0.00912	0.00934	0.00960	0.00679	0.00998	0.00570	0.00819	0.00505	0.00428	0.00656	0.00123	0.34832	0.00306	0.00162	0.00471

[dist]
# distance from previous block
# <min> <max>
0	1

[block]
# block no. 10 follows, 81 sequences, length 29
# corresponding to MSA columns:
# 1191-1199,1208-1215,1232,1233,1240-1245,1256-1259
name=unknown_K
#
# <colnr> <probs for GDERKNQSTAVLIFYWHMCP>
#	G	D	E	R	K	N	Q	S	T	A	V	L	I	F	Y	W	H	M	C	P
0	0.00924	0.88067	0.01810	0.00591	0.00887	0.01367	0.00591	0.01034	0.00702	0.00813	0.00480	0.00554	0.00443	0.00296	0.00222	0.00074	0.00369	0.00185	0.00148	0.00443
