[name]
unknown

[dist]
# distance from previous block
# <min> <max>
1	47

[block]
# block no. 0 follows, 72 sequences, length 16
# corresponding to MSA columns:
# 80-95
name=unknown_A
#
# <colnr> <probs for GDERKNQSTAVLIFYWHMCP>
#	G	D	E	R	K	N	Q	S	T	A	V	L	I	F	Y	W	H	M	C	P
0	0.00923	0.00803	0.01086	0.06629	0.23843	0.04178	0.01904	0.07891	0.00892	0.05148	0.00879	0.07410	0.02011	0.00449	0.00445	0.00106	0.08967	0.00368	0.00239	0.25828
1	0.00518	0.00400	0.00469	0.00459	0.00559	0.00366	0.00340	0.00686	0.04241	0.01262	0.40681	0.08020	0.33075	0.05034	0.00521	0.00138	0.00204	0.02304	0.00378	0.00344
2	0.00908	0.05146	0.23263	0.04521	0.13817	0.05360	0.06855	0.06047	0.04651	0.01188	0.00687	0.00872	0.00554	0.00441	0.00584	0.00127	0.21782	0.00320	0.00195	0.02681
3	0.00990	0.00775	0.00965	0.00849	0.03189	0.00938	0.00670	0.15070	0.16509	0.07582	0.00960	0.01118	0.00772	0.02417	0.05199	0.00165	0.31901	0.00366	0.09069	0.00497
4	0.00475	0.00352	0.00443	0.00490	0.00546	0.00321	0.00341	0.00570	0.00824	0.01093	0.19415	0.53503	0.18117	0.01060	0.00470	0.00142	0.00206	0.00945	0.00366	0.00321
5	0.00520	0.00386	0.00473	0.00451	0.00550	0.00349	0.00338	0.00679	0.01015	0.01398	0.62389	0.02988	0.22863	0.00810	0.00442	0.00120	0.00182	0.00704	0.02993	0.00349
6	0.00745	0.00415	0.00541	0.00528	0.00632	0.00376	0.00387	0.00862	0.00900	0.18284	0.23785	0.37230	0.07602	0.02390	0.00469	0.00137	0.00230	0.00780	0.03316	0.00391
7	0.01014	0.86900	0.01987	0.00649	0.00973	0.01501	0.00649	0.01136	0.00771	0.00892	0.00527	0.00608	0.00487	0.00324	0.00243	0.00081	0.00406	0.00203	0.00162	0.00487
8	0.01395	0.00732	0.00884	0.00722	0.00986	0.00738	0.00582	0.06010	0.33114	0.48255	0.01485	0.01320	0.01009	0.00486	0.00383	0.00122	0.00319	0.00398	0.00432	0.00628
9	0.42595	0.00822	0.00750	0.00640	0.00881	0.06368	0.00516	0.09201	0.14515	0.15923	0.03744	0.00971	0.00759	0.00426	0.00313	0.00118	0.00333	0.00304	0.00317	0.00505
10	0.05775	0.00655	0.00811	0.00609	0.00913	0.00544	0.00496	0.01378	0.00929	0.40622	0.03456	0.01075	0.00819	0.00388	0.00331	0.00090	0.00298	0.00311	0.00346	0.40154
11	0.00502	0.00359	0.00416	0.00445	0.00477	0.00339	0.00281	0.00543	0.00670	0.00868	0.02013	0.29809	0.18272	0.41965	0.01168	0.00251	0.00285	0.00771	0.00294	0.00273
12	0.00458	0.00370	0.00404	0.00425	0.00520	0.00320	0.00305	0.00546	0.00825	0.01016	0.05918	0.24858	0.57726	0.03928	0.00508	0.00143	0.00205	0.00860	0.00350	0.00315
13	0.00915	0.00869	0.01209	0.22022	0.33247	0.06572	0.02311	0.03312	0.19055	0.01257	0.00921	0.02428	0.00735	0.00410	0.00376	0.00119	0.00437	0.00366	0.02906	0.00534
14	0.07219	0.07483	0.01316	0.05024	0.04941	0.36417	0.15932	0.05356	0.00977	0.05269	0.00701	0.00833	0.00551	0.00384	0.00379	0.00109	0.03184	0.00303	0.03145	0.00477
15	0.02680	0.13686	0.03913	0.00695	0.00970	0.02293	0.00597	0.14143	0.09971	0.27842	0.11635	0.01262	0.01123	0.00468	0.00358	0.00108	0.00340	0.00372	0.00356	0.07187

[dist]
# distance from previous block
# <min> <max>
3	9

[block]
# block no. 1 follows, 72 sequences, length 26
# corresponding to MSA columns:
# 105-130
name=unknown_B
#
# <colnr> <probs for GDERKNQSTAVLIFYWHMCP>
#	G	D	E	R	K	N	Q	S	T	A	V	L	I	F	Y	W	H	M	C	P
0	0.04573	0.20159	0.08752	0.00890	0.02793	0.20303	0.07937	0.06736	0.03559	0.13854	0.00840	0.03487	0.00663	0.00432	0.01204	0.00111	0.00483	0.00316	0.00251	0.02658
1	0.00638	0.00554	0.00856	0.04702	0.03385	0.00568	0.12625	0.03528	0.01894	0.01073	0.07415	0.07454	0.18639	0.11489	0.18424	0.00260	0.03906	0.01947	0.00268	0.00375
2	0.25597	0.00684	0.00771	0.00620	0.00879	0.00680	0.00509	0.08459	0.02580	0.46138	0.03111	0.01120	0.00838	0.00442	0.00335	0.00115	0.00310	0.00336	0.05918	0.00555
3	0.02977	0.04746	0.37603	0.02147	0.09848	0.05872	0.06886	0.04860	0.03662	0.04640	0.05379	0.03001	0.00776	0.00475	0.02166	0.00130	0.03738	0.00349	0.00219	0.00527
4	0.01118	0.02234	0.18948	0.03687	0.09195	0.29725	0.04035	0.07175	0.03861	0.07244	0.03239	0.01000	0.03279	0.00428	0.00395	0.00113	0.03251	0.00327	0.00236	0.00512
5	0.00505	0.00368	0.00434	0.00456	0.00516	0.00345	0.00314	0.00586	0.00759	0.01002	0.10512	0.24111	0.25663	0.21633	0.05241	0.00216	0.00286	0.02800	0.03950	0.00302
6	0.00538	0.00412	0.00576	0.00573	0.00640	0.00457	0.00437	0.00660	0.00687	0.00961	0.09725	0.07313	0.10290	0.06074	0.55083	0.00451	0.04017	0.00524	0.00250	0.00335
7	0.00943	0.00807	0.00850	0.00760	0.00975	0.00927	0.00593	0.05198	0.77001	0.01596	0.01611	0.01485	0.04491	0.00530	0.00388	0.00128	0.00300	0.00440	0.00384	0.00591
8	0.00716	0.00640	0.05322	0.00613	0.00780	0.00610	0.00497	0.01235	0.33855	0.02772	0.14015	0.13313	0.16792	0.00709	0.00410	0.00127	0.00259	0.00606	0.06271	0.00457
9	0.00819	0.00752	0.01106	0.09032	0.04624	0.00652	0.14630	0.02450	0.02453	0.01234	0.00713	0.00869	0.00573	0.00307	0.00326	0.00080	0.00373	0.00284	0.00218	0.58505
10	0.12485	0.16363	0.13569	0.02165	0.01116	0.02966	0.03298	0.14356	0.10591	0.12352	0.02149	0.02712	0.00736	0.00429	0.00352	0.00113	0.01796	0.00327	0.01588	0.00537
11	0.00527	0.00387	0.00494	0.00467	0.00561	0.00354	0.00350	0.00697	0.01051	0.01468	0.75551	0.02920	0.12166	0.00795	0.00447	0.00120	0.00180	0.00698	0.00411	0.00354
12	0.00524	0.00401	0.00492	0.00485	0.00559	0.00388	0.00354	0.00639	0.00875	0.01177	0.35504	0.13474	0.23417	0.12434	0.00696	0.00163	0.04708	0.03030	0.00352	0.00327
13	0.04626	0.14040	0.07951	0.03311	0.01154	0.11113	0.02881	0.21923	0.07768	0.12570	0.00919	0.03946	0.00713	0.00454	0.00399	0.00114	0.04946	0.00339	0.00290	0.00543
14	0.00761	0.01962	0.84707	0.01081	0.01641	0.00881	0.01401	0.01201	0.00801	0.01201	0.00681	0.00801	0.00480	0.00360	0.00360	0.00120	0.00560	0.00280	0.00160	0.00560
15	0.00464	0.00379	0.00409	0.00414	0.00525	0.00325	0.00306	0.00570	0.00883	0.01097	0.16354	0.12198	0.62849	0.00955	0.00452	0.00129	0.00193	0.00811	0.00362	0.00325
16	0.00792	0.00742	0.01208	0.48719	0.28038	0.00845	0.01017	0.01095	0.07515	0.01105	0.00859	0.03229	0.02402	0.00410	0.00383	0.00123	0.00458	0.00373	0.00201	0.00487
17	0.03826	0.64345	0.01734	0.00715	0.01013	0.16044	0.00660	0.06040	0.00880	0.01012	0.00560	0.00640	0.00494	0.00345	0.00268	0.00087	0.00451	0.00218	0.00183	0.00486
18	0.01047	0.10305	0.13249	0.02243	0.26342	0.03222	0.01834	0.04020	0.00929	0.16828	0.06774	0.01062	0.00839	0.00395	0.00356	0.00106	0.00410	0.00335	0.00260	0.09442
19	0.03818	0.06237	0.04047	0.20282	0.02847	0.09324	0.06869	0.01304	0.02243	0.24115	0.05056	0.01107	0.00804	0.00504	0.03081	0.00132	0.04243	0.00351	0.00276	0.03358
20	0.01138	0.00822	0.01200	0.00939	0.01214	0.00842	0.20341	0.09071	0.31645	0.21719	0.05936	0.01325	0.01055	0.00466	0.00402	0.00124	0.00391	0.00428	0.00361	0.00580
21	0.00701	0.00645	0.01068	0.63449	0.10515	0.00765	0.00956	0.00924	0.00771	0.01002	0.00948	0.10652	0.02757	0.00498	0.00396	0.00129	0.00456	0.02743	0.00200	0.00422
22	0.00952	0.00926	0.10137	0.21245	0.22921	0.00853	0.09710	0.08597	0.04792	0.08963	0.00908	0.03503	0.00718	0.00460	0.01775	0.00130	0.00474	0.02161	0.00242	0.00535
23	0.00870	0.02906	0.01217	0.50652	0.05550	0.13445	0.08130	0.04475	0.00855	0.01045	0.00721	0.02261	0.00583	0.02554	0.03072	0.00141	0.00544	0.00348	0.00189	0.00441
24	0.00482	0.00346	0.00452	0.00515	0.00552	0.00323	0.00353	0.00566	0.00781	0.01048	0.14536	0.63920	0.05909	0.05109	0.00546	0.00158	0.00224	0.03511	0.00356	0.00314
25	0.00977	0.02802	0.32305	0.01900	0.01220	0.06050	0.05529	0.05923	0.00953	0.16811	0.10701	0.04497	0.02501	0.03541	0.00437	0.00127	0.00437	0.00407	0.02367	0.00514

[dist]
# distance from previous block
# <min> <max>
9	27

[block]
# block no. 2 follows, 72 sequences, length 41
# corresponding to MSA columns:
# 159-199
name=unknown_C
#
# <colnr> <probs for GDERKNQSTAVLIFYWHMCP>
#	G	D	E	R	K	N	Q	S	T	A	V	L	I	F	Y	W	H	M	C	P
0	0.00957	0.05472	0.24583	0.03221	0.01310	0.09589	0.07434	0.07912	0.14102	0.03113	0.04063	0.01004	0.00745	0.00459	0.00513	0.00125	0.14300	0.00343	0.00238	0.00521
1	0.00812	0.00654	0.00773	0.00561	0.00880	0.00498	0.00448	0.00980	0.00819	0.05073	0.06124	0.00942	0.00775	0.00322	0.00296	0.00063	0.00276	0.00262	0.00248	0.79192
2	0.02084	0.03932	0.03431	0.14469	0.19039	0.06668	0.00800	0.17791	0.06506	0.01346	0.00880	0.03050	0.00755	0.09262	0.04437	0.00165	0.02880	0.00372	0.01639	0.00498
3	0.00973	0.00862	0.08618	0.00759	0.02033	0.00687	0.05808	0.08050	0.10782	0.11158	0.00901	0.00949	0.00678	0.00356	0.00332	0.00088	0.00350	0.00298	0.00277	0.46042
4	0.03919	0.08017	0.46451	0.00984	0.05355	0.04277	0.01055	0.02439	0.04678	0.16881	0.01925	0.00930	0.00644	0.00392	0.00354	0.00116	0.00476	0.00305	0.00240	0.00563
5	0.03547	0.02794	0.00983	0.00780	0.01002	0.07553	0.00629	0.45781	0.01331	0.06141	0.03863	0.01133	0.00820	0.05937	0.10134	0.00186	0.04490	0.00361	0.02001	0.00533
6	0.00484	0.00383	0.00437	0.00437	0.00540	0.00339	0.00325	0.00603	0.00899	0.01156	0.27009	0.09527	0.47851	0.03173	0.03173	0.00150	0.00224	0.02595	0.00363	0.00329
7	0.00967	0.08015	0.03630	0.12805	0.38620	0.04378	0.07045	0.05194	0.00911	0.06230	0.03315	0.03101	0.00739	0.00395	0.00371	0.00113	0.00450	0.00361	0.02826	0.00536
8	0.00839	0.00582	0.00831	0.13373	0.12800	0.00607	0.00617	0.01010	0.03905	0.15057	0.10511	0.07466	0.08631	0.15886	0.00730	0.00170	0.05741	0.00515	0.00296	0.00433
9	0.00526	0.00384	0.00479	0.00459	0.00553	0.00350	0.00343	0.00687	0.01017	0.01417	0.65213	0.05827	0.16640	0.00808	0.00442	0.00121	0.00182	0.00707	0.03495	0.00350
10	0.02006	0.00820	0.00971	0.03168	0.06757	0.00899	0.03398	0.24759	0.33881	0.02655	0.11866	0.01476	0.04602	0.00524	0.00394	0.00122	0.00341	0.00441	0.00360	0.00561
11	0.03408	0.27288	0.38487	0.03056	0.06852	0.04069	0.01018	0.02237	0.03727	0.05547	0.00705	0.00797	0.00539	0.00362	0.00325	0.00107	0.00479	0.00270	0.00193	0.00536
12	0.00546	0.00370	0.00420	0.00419	0.00430	0.00368	0.00243	0.00560	0.00585	0.00779	0.04047	0.02526	0.05508	0.77579	0.03851	0.00354	0.00369	0.00565	0.00241	0.00241
13	0.01614	0.00750	0.00941	0.00723	0.01016	0.00716	0.00597	0.23072	0.01268	0.61697	0.02706	0.01217	0.00905	0.00471	0.00382	0.00116	0.00345	0.00376	0.00445	0.00641
14	0.00871	0.00828	0.01394	0.26005	0.57666	0.00879	0.01110	0.01126	0.03030	0.01170	0.00743	0.01019	0.00611	0.00364	0.00379	0.00118	0.00461	0.01492	0.00190	0.00546
15	0.00832	0.00770	0.01286	0.11601	0.52056	0.00787	0.04157	0.03708	0.00855	0.01190	0.00994	0.18099	0.00973	0.00516	0.00401	0.00123	0.00417	0.00491	0.00225	0.00519
16	0.00943	0.00815	0.00858	0.00772	0.00986	0.00943	0.00600	0.02015	0.83621	0.01586	0.01544	0.01415	0.01158	0.00515	0.00386	0.00129	0.00300	0.00429	0.00386	0.00600
17	0.89350	0.00733	0.00557	0.00499	0.00733	0.00851	0.00411	0.01115	0.00645	0.01702	0.00528	0.00616	0.00411	0.00352	0.00235	0.00117	0.00293	0.00205	0.00235	0.00411
18	0.01014	0.86900	0.01987	0.00649	0.00973	0.01501	0.00649	0.01136	0.00771	0.00892	0.00527	0.00608	0.00487	0.00324	0.00243	0.00081	0.00406	0.00203	0.00162	0.00487
19	0.00560	0.00420	0.00608	0.07444	0.00789	0.00471	0.00477	0.00676	0.00651	0.02002	0.01284	0.17876	0.03453	0.10241	0.49232	0.00433	0.02260	0.00552	0.00238	0.00334
20	0.06101	0.00884	0.08822	0.00738	0.01056	0.00755	0.02202	0.21688	0.03458	0.24534	0.01114	0.01140	0.03553	0.00434	0.00355	0.00105	0.00359	0.02020	0.00336	0.20347
21	0.00907	0.00680	0.00766	0.00643	0.00819	0.02262	0.00508	0.32352	0.02761	0.01845	0.49201	0.02031	0.02353	0.00641	0.00418	0.00117	0.00282	0.00541	0.00398	0.00474
22	0.00466	0.00333	0.00444	0.00532	0.00556	0.00311	0.00358	0.00534	0.00730	0.00972	0.02088	0.84452	0.02501	0.01185	0.00485	0.00155	0.00223	0.03015	0.00352	0.00309
23	0.01442	0.01062	0.01138	0.00873	0.01176	0.01176	0.00721	0.83041	0.01783	0.02390	0.00911	0.00911	0.00645	0.00455	0.00379	0.00114	0.00417	0.00341	0.00379	0.00645
24	0.04338	0.00668	0.00928	0.15856	0.07566	0.00667	0.00671	0.06290	0.03905	0.41821	0.09144	0.04339	0.01116	0.00495	0.00385	0.00120	0.00351	0.00417	0.00369	0.00553
25	0.01010	0.00964	0.00956	0.00808	0.01039	0.18537	0.06836	0.01547	0.35310	0.05750	0.07766	0.01332	0.03977	0.00477	0.00374	0.00111	0.00392	0.00395	0.00316	0.12102
26	0.01014	0.86900	0.01987	0.00649	0.00973	0.01501	0.00649	0.01136	0.00771	0.00892	0.00527	0.00608	0.00487	0.00324	0.00243	0.00081	0.00406	0.00203	0.00162	0.00487
27	0.00456	0.00366	0.00408	0.00437	0.00527	0.00317	0.00313	0.00545	0.00824	0.01022	0.06036	0.32090	0.53265	0.01032	0.00461	0.00137	0.00201	0.00892	0.00354	0.00317
28	0.03716	0.02210	0.09172	0.08249	0.20526	0.03298	0.14736	0.03522	0.00815	0.04828	0.00740	0.03891	0.00624	0.00461	0.00596	0.00131	0.21410	0.00369	0.00204	0.00503
29	0.00498	0.00378	0.00459	0.00457	0.00548	0.00339	0.00336	0.00635	0.00956	0.01285	0.47047	0.16167	0.27722	0.00896	0.00453	0.00127	0.00189	0.00782	0.00388	0.00339
30	0.00479	0.00359	0.00439	0.00497	0.00560	0.00326	0.00357	0.00569	0.00791	0.01019	0.03903	0.49522	0.27831	0.01083	0.00472	0.00146	0.00223	0.09124	0.01982	0.00318
31	0.01692	0.00660	0.00889	0.00682	0.00975	0.00579	0.00563	0.04688	0.01110	0.81694	0.01476	0.01278	0.00929	0.00469	0.00381	0.00117	0.00326	0.00380	0.00466	0.00645
32	0.00462	0.00330	0.00440	0.00528	0.00550	0.00308	0.00352	0.00528	0.00726	0.00968	0.02090	0.86424	0.02508	0.01188	0.00484	0.00154	0.00220	0.01078	0.00352	0.00308
33	0.06513	0.00758	0.00856	0.00725	0.00971	0.00810	0.00578	0.04374	0.47274	0.30661	0.01447	0.01308	0.01021	0.00487	0.00375	0.00124	0.00311	0.00396	0.00406	0.00606
34	0.00555	0.00417	0.00619	0.00614	0.00680	0.00491	0.00479	0.00690	0.00614	0.00895	0.01006	0.01468	0.00936	0.02717	0.80451	0.00583	0.03492	0.00403	0.02549	0.00341
35	0.00813	0.05978	0.48335	0.03038	0.01684	0.00923	0.26893	0.01196	0.02689	0.01179	0.00734	0.00928	0.00553	0.02888	0.00429	0.00128	0.00564	0.00341	0.00178	0.00529
36	0.00475	0.00345	0.00452	0.00517	0.00556	0.00321	0.00356	0.00561	0.00781	0.01045	0.12986	0.66843	0.07915	0.01153	0.02321	0.00158	0.00232	0.02310	0.00357	0.00317
37	0.00778	0.04571	0.68685	0.01062	0.01546	0.00917	0.04372	0.01179	0.02353	0.01168	0.00689	0.00834	0.00510	0.00445	0.02510	0.00135	0.07245	0.00294	0.00167	0.00540
38	0.00872	0.00575	0.00784	0.03393	0.17928	0.00573	0.00572	0.03590	0.07106	0.12075	0.16852	0.06034	0.03428	0.00542	0.00369	0.00112	0.00281	0.00470	0.23976	0.00469
39	0.00763	0.04725	0.68444	0.05337	0.03472	0.00876	0.02344	0.01175	0.02910	0.01179	0.00804	0.03190	0.02334	0.00398	0.00365	0.00120	0.00527	0.00320	0.00177	0.00540
40	0.00792	0.00731	0.02796	0.23108	0.06128	0.08607	0.02679	0.02366	0.02993	0.05053	0.03545	0.19870	0.01169	0.07509	0.04563	0.00173	0.06730	0.00527	0.00250	0.00412

[dist]
# distance from previous block
# <min> <max>
5	6

[block]
# block no. 3 follows, 72 sequences, length 7
# corresponding to MSA columns:
# 207-213
name=unknown_D
#
# <colnr> <probs for GDERKNQSTAVLIFYWHMCP>
#	G	D	E	R	K	N	Q	S	T	A	V	L	I	F	Y	W	H	M	C	P
0	0.00473	0.00341	0.00436	0.00503	0.00535	0.00317	0.00336	0.00541	0.00739	0.00980	0.06380	0.67402	0.09272	0.09098	0.00614	0.00170	0.00229	0.00986	0.00344	0.00304
1	0.00932	0.00859	0.01227	0.46155	0.24720	0.08699	0.01010	0.05050	0.00884	0.05803	0.00734	0.00972	0.00561	0.00378	0.00375	0.00119	0.00493	0.00331	0.00203	0.00496
2	0.00961	0.07587	0.07841	0.04713	0.15924	0.03281	0.06105	0.14369	0.08882	0.06328	0.05068	0.15091	0.01109	0.00545	0.00391	0.00121	0.00399	0.00477	0.00288	0.00521
3	0.00813	0.03205	0.25937	0.02673	0.09550	0.01990	0.07115	0.01191	0.12495	0.03540	0.11740	0.02462	0.02214	0.02926	0.02451	0.00143	0.08399	0.00407	0.00248	0.00502
4	0.00778	0.00671	0.00824	0.00698	0.07415	0.00524	0.00499	0.00945	0.00789	0.01219	0.00765	0.06110	0.00686	0.00342	0.00301	0.00067	0.00290	0.00287	0.00230	0.76561
5	0.26457	0.00967	0.09325	0.00878	0.08711	0.10629	0.05319	0.02969	0.03803	0.07201	0.03749	0.05881	0.03568	0.00447	0.00337	0.00113	0.00393	0.00355	0.00257	0.08644
6	0.02609	0.11197	0.05791	0.01083	0.11053	0.00807	0.21646	0.02749	0.02279	0.07512	0.03761	0.06002	0.05277	0.02375	0.08304	0.00168	0.00490	0.02638	0.00247	0.04014

[dist]
# distance from previous block
# <min> <max>
27	295

[block]
# block no. 4 follows, 72 sequences, length 22
# corresponding to MSA columns:
# 567-588
name=unknown_E
#
# <colnr> <probs for GDERKNQSTAVLIFYWHMCP>
#	G	D	E	R	K	N	Q	S	T	A	V	L	I	F	Y	W	H	M	C	P
0	0.00998	0.32918	0.25033	0.00780	0.01120	0.06528	0.00814	0.07098	0.00880	0.07740	0.00780	0.02075	0.00650	0.07432	0.00446	0.00123	0.00448	0.00297	0.03340	0.00501
1	0.04671	0.22062	0.21996	0.00825	0.01163	0.05099	0.02940	0.18118	0.02931	0.05751	0.04408	0.02231	0.00746	0.00501	0.03350	0.00126	0.00460	0.00318	0.01777	0.00528
2	0.03379	0.42521	0.18227	0.00770	0.01116	0.02542	0.00787	0.15473	0.00973	0.05036	0.02120	0.04108	0.00662	0.00404	0.00311	0.00101	0.00425	0.00293	0.00228	0.00524
3	0.01069	0.43887	0.13034	0.00761	0.01094	0.03769	0.00750	0.15601	0.02903	0.04878	0.02818	0.00808	0.00631	0.00382	0.00323	0.00097	0.02180	0.00268	0.00229	0.04518
4	0.04237	0.70445	0.04825	0.00667	0.00987	0.01383	0.00659	0.07647	0.00852	0.01058	0.00692	0.00758	0.03752	0.00362	0.00266	0.00088	0.00400	0.00240	0.00190	0.00493
5	0.15579	0.57074	0.07446	0.00674	0.00992	0.05607	0.00661	0.02370	0.00791	0.03282	0.00575	0.00653	0.00490	0.00340	0.00262	0.00092	0.00408	0.00218	0.00188	0.02297
6	0.47749	0.16481	0.10718	0.00633	0.00929	0.00952	0.01890	0.05891	0.00777	0.02721	0.00689	0.00767	0.02639	0.00369	0.00273	0.00108	0.00353	0.00246	0.01513	0.04301
7	0.47346	0.18807	0.19836	0.00677	0.01007	0.01006	0.00696	0.04693	0.00756	0.01452	0.00579	0.00669	0.00452	0.00353	0.00271	0.00110	0.00382	0.00228	0.00209	0.00470
8	0.00659	0.00329	0.00494	0.00494	0.00494	0.00329	0.00329	0.00494	0.00494	0.00659	0.00659	0.01153	0.00659	0.01318	0.01482	0.88966	0.00329	0.00329	0.00165	0.00165
9	0.00448	0.00384	0.00384	0.00384	0.00512	0.00320	0.00288	0.00544	0.00864	0.01025	0.03842	0.03650	0.84152	0.00960	0.00448	0.00128	0.00192	0.00800	0.00352	0.00320
10	0.00972	0.00846	0.00873	0.00780	0.00997	0.02902	0.00608	0.04881	0.78803	0.01600	0.01499	0.01380	0.01124	0.00510	0.00385	0.00127	0.00313	0.00421	0.00381	0.00598
11	0.00786	0.00771	0.07008	0.00625	0.00956	0.00567	0.00542	0.01012	0.04396	0.01237	0.00755	0.00940	0.00638	0.00334	0.00324	0.00071	0.02487	0.03136	0.00230	0.73184
12	0.07012	0.21949	0.15327	0.00910	0.04541	0.05231	0.02941	0.33651	0.02330	0.01625	0.00735	0.00800	0.00560	0.00390	0.00334	0.00107	0.00449	0.00288	0.00259	0.00561
13	0.01400	0.01772	0.01067	0.00970	0.01166	0.82177	0.00728	0.01532	0.03988	0.00951	0.00620	0.00710	0.00512	0.00395	0.00344	0.00099	0.00670	0.00251	0.00202	0.00445
14	0.00469	0.00362	0.00427	0.00464	0.00537	0.00324	0.00329	0.00557	0.00805	0.01026	0.08765	0.39281	0.37005	0.04092	0.01953	0.00156	0.00227	0.02556	0.00350	0.00315
15	0.01841	0.05333	0.01319	0.05700	0.34771	0.02048	0.06671	0.05460	0.16998	0.03229	0.02198	0.01137	0.00788	0.00457	0.01499	0.00126	0.05385	0.02468	0.00248	0.02325
16	0.00894	0.07755	0.26410	0.01450	0.23428	0.03457	0.19992	0.04305	0.02545	0.01228	0.00858	0.01011	0.04185	0.00376	0.00380	0.00117	0.00515	0.00355	0.00197	0.00544
17	0.00819	0.00689	0.05222	0.06595	0.09282	0.01958	0.00652	0.01976	0.03797	0.11781	0.19307	0.03839	0.15617	0.00683	0.01979	0.00137	0.14396	0.00513	0.00308	0.00448
18	0.00847	0.00825	0.01366	0.05487	0.20469	0.05987	0.25843	0.01061	0.00882	0.04079	0.02967	0.05156	0.09849	0.00550	0.00449	0.00130	0.02555	0.10777	0.00247	0.00473
19	0.02991	0.00681	0.03156	0.06057	0.16494	0.00631	0.08108	0.02307	0.00922	0.20371	0.06036	0.04888	0.17513	0.00604	0.00423	0.00126	0.01362	0.06525	0.00317	0.00488
20	0.00968	0.08032	0.14715	0.12664	0.27164	0.04207	0.08520	0.05480	0.05514	0.06456	0.00816	0.02365	0.00639	0.00385	0.00371	0.00116	0.00476	0.00344	0.00221	0.00547
21	0.00937	0.43620	0.04564	0.00699	0.00944	0.07306	0.00642	0.06976	0.02537	0.02027	0.02844	0.10351	0.01056	0.00582	0.01278	0.00116	0.00404	0.12417	0.00242	0.00458

[dist]
# distance from previous block
# <min> <max>
6	57

[block]
# block no. 5 follows, 72 sequences, length 28
# corresponding to MSA columns:
# 676-703
name=unknown_F
#
# <colnr> <probs for GDERKNQSTAVLIFYWHMCP>
#	G	D	E	R	K	N	Q	S	T	A	V	L	I	F	Y	W	H	M	C	P
0	0.01837	0.04460	0.14229	0.02421	0.26675	0.01644	0.02646	0.03858	0.02775	0.08654	0.03947	0.03433	0.00777	0.00427	0.00397	0.03380	0.00402	0.00342	0.00238	0.17459
1	0.04913	0.13936	0.04357	0.01744	0.03573	0.05081	0.06185	0.06439	0.17479	0.02834	0.05713	0.03668	0.03168	0.01667	0.01626	0.00125	0.06048	0.02950	0.00272	0.08223
2	0.00760	0.00695	0.00637	0.00609	0.00742	0.16268	0.00465	0.02413	0.02854	0.04079	0.21105	0.14695	0.18463	0.00784	0.00429	0.00125	0.00318	0.09580	0.00337	0.04643
3	0.00832	0.03779	0.03683	0.09563	0.19020	0.00849	0.32326	0.01148	0.07427	0.01210	0.05144	0.07268	0.02019	0.00439	0.00409	0.00122	0.00478	0.00454	0.00229	0.03601
4	0.00765	0.00438	0.00576	0.00515	0.00645	0.00395	0.00396	0.00932	0.01061	0.18077	0.63173	0.04787	0.05270	0.00730	0.00435	0.00120	0.00209	0.00639	0.00424	0.00413
5	0.18182	0.00662	0.00819	0.00642	0.00924	0.00613	0.00530	0.01710	0.01003	0.68988	0.01314	0.01164	0.00840	0.00447	0.00354	0.00117	0.00317	0.00348	0.00425	0.00601
6	0.00655	0.00423	0.00475	0.00491	0.00580	0.00434	0.00362	0.00936	0.13539	0.01295	0.05106	0.26544	0.03083	0.00723	0.00371	0.00120	0.00217	0.04327	0.39943	0.00378
7	0.00854	0.00499	0.00616	0.00574	0.00723	0.00465	0.00450	0.08088	0.00983	0.20352	0.08969	0.20924	0.22674	0.00850	0.00445	0.00135	0.00267	0.11319	0.00386	0.00427
8	0.00968	0.00827	0.00871	0.00777	0.00995	0.00955	0.00606	0.05948	0.79649	0.01625	0.01513	0.01390	0.01133	0.00512	0.00386	0.00128	0.00306	0.00425	0.00386	0.00602
9	0.25600	0.00809	0.00810	0.00702	0.00935	0.00915	0.00564	0.16526	0.37578	0.05435	0.01195	0.01236	0.02106	0.00483	0.00349	0.00124	0.00321	0.03423	0.00345	0.00544
10	0.01014	0.86900	0.01987	0.00649	0.00973	0.01501	0.00649	0.01136	0.00771	0.00892	0.00527	0.00608	0.00487	0.00324	0.00243	0.00081	0.00406	0.00203	0.00162	0.00487
11	0.00553	0.00377	0.00453	0.00457	0.00472	0.00387	0.00285	0.00582	0.00576	0.00777	0.01208	0.02419	0.01353	0.69784	0.14471	0.00395	0.00465	0.04502	0.00232	0.00252
12	0.01683	0.00675	0.00899	0.00689	0.00983	0.00602	0.00569	0.07665	0.01135	0.78681	0.01454	0.01264	0.00918	0.00468	0.00381	0.00117	0.00329	0.00379	0.00463	0.00645
13	0.00594	0.00410	0.00548	0.00605	0.00689	0.00402	0.00506	0.00760	0.00885	0.01211	0.14918	0.09995	0.04367	0.00948	0.00479	0.00154	0.00290	0.51940	0.09954	0.00347
14	0.00886	0.01006	0.02184	0.05716	0.02013	0.00953	0.78923	0.01203	0.00888	0.01203	0.00763	0.01022	0.00572	0.00323	0.00444	0.00128	0.00633	0.00442	0.00191	0.00507
15	0.01418	0.01780	0.01077	0.00973	0.01173	0.82053	0.00732	0.04520	0.01101	0.00982	0.00598	0.00692	0.00494	0.00393	0.00343	0.00098	0.00674	0.00248	0.00202	0.00447
16	0.00537	0.00388	0.00507	0.00477	0.00567	0.00358	0.00358	0.00716	0.01074	0.01521	0.84106	0.02833	0.03578	0.00775	0.00447	0.00119	0.00179	0.00686	0.00417	0.00358
17	0.00890	0.00493	0.00627	0.00598	0.00729	0.00467	0.00446	0.07028	0.03968	0.23696	0.01922	0.47289	0.06615	0.00899	0.00444	0.00139	0.00267	0.02663	0.00387	0.00436
18	0.00553	0.00437	0.00622	0.00806	0.13637	0.00417	0.00493	0.00656	0.00772	0.01025	0.02031	0.52570	0.11257	0.04052	0.00518	0.00154	0.00271	0.09050	0.00322	0.00356
19	0.00858	0.00938	0.01930	0.18274	0.05363	0.00945	0.58710	0.01147	0.00849	0.01150	0.00731	0.01006	0.00558	0.00352	0.00477	0.00129	0.05492	0.00415	0.00186	0.00492
20	0.00576	0.00414	0.00521	0.00567	0.00669	0.00386	0.00466	0.00710	0.00862	0.04041	0.02659	0.12462	0.31720	0.01010	0.00487	0.00154	0.00278	0.41318	0.00355	0.00345
21	0.49336	0.01222	0.00793	0.00716	0.00933	0.39211	0.00557	0.01297	0.00841	0.01350	0.00555	0.00647	0.00446	0.00370	0.00284	0.00108	0.00471	0.00223	0.00217	0.00424
22	0.00467	0.00339	0.00442	0.00522	0.00556	0.00314	0.00357	0.00540	0.00745	0.00980	0.02248	0.75504	0.10006	0.01162	0.00482	0.00152	0.00223	0.04299	0.00352	0.00311
23	0.01147	0.04381	0.01155	0.01031	0.06077	0.44325	0.02645	0.03035	0.00918	0.01013	0.03942	0.00839	0.00630	0.00472	0.00594	0.00117	0.24086	0.00296	0.00199	0.03097
24	0.00492	0.00354	0.00453	0.00492	0.00548	0.00326	0.00345	0.00599	0.00850	0.01159	0.27674	0.49559	0.10933	0.01014	0.00462	0.00139	0.00203	0.00906	0.03166	0.00326
25	0.00634	0.00413	0.00540	0.00569	0.00652	0.00392	0.00430	0.01813	0.02989	0.08182	0.17219	0.40211	0.06419	0.00986	0.00471	0.00146	0.00250	0.16944	0.00375	0.00366
26	0.03053	0.05357	0.01092	0.00836	0.01108	0.23482	0.00676	0.36649	0.01360	0.21273	0.00936	0.00920	0.00660	0.00433	0.00361	0.00109	0.00463	0.00316	0.00338	0.00578
27	0.00756	0.00522	0.00624	0.00567	0.00704	0.00507	0.00423	0.07509	0.08643	0.08073	0.16759	0.16888	0.06846	0.13840	0.03513	0.00175	0.00302	0.03167	0.00342	0.09839

[dist]
# distance from previous block
# <min> <max>
0	1

[block]
# block no. 6 follows, 72 sequences, length 24
# corresponding to MSA columns:
# 705-725,735-737
name=unknown_G
#
# <colnr> <probs for GDERKNQSTAVLIFYWHMCP>
#	G	D	E	R	K	N	Q	S	T	A	V	L	I	F	Y	W	H	M	C	P
0	0.05834	0.21058	0.04032	0.00813	0.01085	0.24762	0.00689	0.19203	0.11560	0.06280	0.00818	0.00844	0.00629	0.00407	0.00330	0.00104	0.00468	0.00286	0.00269	0.00530
1	0.63126	0.00628	0.00542	0.00523	0.00701	0.00708	0.00419	0.00972	0.00680	0.01495	0.00946	0.13240	0.00949	0.03855	0.00368	0.00139	0.00292	0.09771	0.00264	0.00382
2	0.00785	0.00628	0.01030	0.12514	0.08480	0.00642	0.13728	0.04048	0.03049	0.07171	0.01349	0.16817	0.01338	0.04136	0.05634	0.00178	0.00443	0.17314	0.00283	0.00433
3	0.00673	0.00599	0.00986	0.41693	0.08786	0.00666	0.06097	0.00876	0.00805	0.01081	0.08153	0.16464	0.04974	0.00586	0.00407	0.00128	0.00399	0.01488	0.04730	0.00408
4	0.00455	0.00384	0.00394	0.00392	0.00517	0.00323	0.00294	0.00558	0.00881	0.01064	0.10176	0.03585	0.77794	0.00946	0.00448	0.00127	0.00191	0.00791	0.00357	0.00323
5	0.00856	0.00809	0.01322	0.35914	0.31909	0.00900	0.06235	0.03282	0.10259	0.01188	0.00794	0.01024	0.00622	0.00386	0.00407	0.00123	0.02890	0.00355	0.00207	0.00518
6	0.00844	0.02372	0.08202	0.19568	0.08747	0.04499	0.25881	0.01124	0.04216	0.01118	0.03909	0.01039	0.00684	0.00470	0.02234	0.00139	0.13900	0.00378	0.00196	0.00479
7	0.00712	0.00432	0.00557	0.00550	0.00661	0.00392	0.00407	0.00849	0.02979	0.14623	0.15062	0.41268	0.08767	0.00911	0.00447	0.00135	0.00240	0.05122	0.00375	0.05511
8	0.00838	0.00829	0.01290	0.50568	0.25838	0.06115	0.04697	0.01098	0.03040	0.01071	0.00707	0.00981	0.00552	0.00369	0.00379	0.00121	0.00501	0.00339	0.00183	0.00483
9	0.01223	0.01171	0.01013	0.03326	0.01144	0.25271	0.00688	0.26203	0.32828	0.01621	0.01052	0.01041	0.00792	0.00457	0.00371	0.00115	0.00452	0.00347	0.00323	0.00562
10	0.00645	0.00474	0.00668	0.00677	0.04330	0.00540	0.00481	0.04472	0.00644	0.00909	0.00929	0.01498	0.00908	0.16304	0.43344	0.14568	0.07671	0.00406	0.00206	0.00324
11	0.00558	0.00407	0.00501	0.02019	0.00638	0.00371	0.00399	0.00698	0.00931	0.04206	0.28762	0.08166	0.33772	0.00903	0.00461	0.00135	0.00230	0.16121	0.00373	0.00350
12	0.00520	0.00385	0.00530	0.01920	0.04615	0.00376	0.00420	0.01835	0.00741	0.00994	0.01878	0.66800	0.02201	0.05604	0.05070	0.00187	0.00295	0.04972	0.00327	0.00329
13	0.00713	0.00654	0.01100	0.80827	0.02490	0.00813	0.01011	0.00942	0.00743	0.00951	0.00673	0.01019	0.00514	0.00433	0.00443	0.05266	0.00495	0.00337	0.00168	0.00406
14	0.00707	0.00353	0.00353	0.00353	0.00442	0.00353	0.00265	0.00884	0.00795	0.01414	0.01237	0.01414	0.00972	0.00442	0.00265	0.00088	0.00177	0.00353	0.88777	0.00353
15	0.00775	0.00724	0.00999	0.00875	0.00899	0.00980	0.00718	0.00907	0.03751	0.00957	0.00678	0.01032	0.00643	0.03356	0.13944	0.00233	0.62464	0.00354	0.05308	0.00402
16	0.28269	0.02483	0.00813	0.00634	0.00906	0.00712	0.00523	0.04543	0.06009	0.49630	0.01164	0.01066	0.00772	0.00433	0.00334	0.00117	0.00318	0.00326	0.00383	0.00568
17	0.00707	0.00353	0.00353	0.00353	0.00442	0.00353	0.00265	0.00884	0.00795	0.01414	0.01237	0.01414	0.00972	0.00442	0.00265	0.00088	0.00177	0.00353	0.88777	0.00353
18	0.00552	0.00368	0.00431	0.00435	0.00440	0.00372	0.00255	0.00557	0.00560	0.00751	0.01194	0.05382	0.01362	0.74463	0.07685	0.03768	0.00406	0.00552	0.00230	0.00238
19	0.01975	0.00823	0.01285	0.13656	0.41019	0.02353	0.05715	0.04104	0.08407	0.05687	0.00931	0.05948	0.00794	0.02291	0.00440	0.00127	0.02282	0.01388	0.00238	0.00537
20	0.00691	0.00567	0.00652	0.02963	0.00805	0.00593	0.00480	0.01178	0.32109	0.01333	0.16403	0.15909	0.12911	0.00747	0.00424	0.00130	0.00259	0.05918	0.00364	0.05565
21	0.00828	0.00676	0.00728	0.00671	0.00835	0.00763	0.00509	0.01603	0.58139	0.01452	0.07972	0.06292	0.01423	0.07948	0.01710	0.00153	0.00293	0.00489	0.07002	0.00511
22	0.03081	0.00922	0.01167	0.07509	0.28217	0.05986	0.00822	0.21798	0.02917	0.01502	0.00754	0.00888	0.00595	0.00372	0.00369	0.00102	0.02186	0.00307	0.00248	0.20257
23	0.00836	0.35916	0.10496	0.05644	0.02750	0.05003	0.01860	0.01915	0.01908	0.01855	0.04580	0.09798	0.09273	0.00596	0.02180	0.00121	0.00405	0.04184	0.00231	0.00447

[dist]
# distance from previous block
# <min> <max>
0	4

[block]
# block no. 7 follows, 72 sequences, length 11
# corresponding to MSA columns:
# 762-772
name=unknown_H
#
# <colnr> <probs for GDERKNQSTAVLIFYWHMCP>
#	G	D	E	R	K	N	Q	S	T	A	V	L	I	F	Y	W	H	M	C	P
0	0.00752	0.00592	0.00824	0.05191	0.13331	0.00614	0.00694	0.04016	0.11729	0.02681	0.03773	0.07257	0.01671	0.00791	0.00460	0.00149	0.00355	0.42488	0.00323	0.02311
1	0.02411	0.07810	0.03953	0.00769	0.01039	0.10131	0.02811	0.14544	0.25166	0.06258	0.03928	0.01083	0.00867	0.00429	0.00349	0.00105	0.00379	0.00339	0.02280	0.15351
2	0.00861	0.00812	0.01351	0.22402	0.55956	0.00858	0.01066	0.01128	0.04775	0.01191	0.03153	0.03257	0.00739	0.00391	0.00382	0.00118	0.00443	0.00371	0.00203	0.00543
3	0.00787	0.00739	0.01248	0.02928	0.06604	0.00807	0.22773	0.02422	0.02685	0.03245	0.16387	0.04559	0.04547	0.00693	0.04671	0.00159	0.22342	0.01704	0.00256	0.00444
4	0.00551	0.00370	0.00424	0.00424	0.00428	0.00373	0.00243	0.00558	0.00555	0.00743	0.01185	0.02428	0.01356	0.82140	0.06430	0.00381	0.00403	0.00544	0.00228	0.00236
5	0.00707	0.00353	0.00353	0.00353	0.00442	0.00353	0.00265	0.00884	0.00795	0.01414	0.01237	0.01414	0.00972	0.00442	0.00265	0.00088	0.00177	0.00353	0.88777	0.00353
6	0.04658	0.00710	0.00831	0.00640	0.03333	0.00585	0.00495	0.07150	0.00875	0.06446	0.00737	0.00824	0.00586	0.00310	0.00295	0.00068	0.00299	0.00245	0.00251	0.70661
7	0.01050	0.00900	0.01157	0.14251	0.18074	0.05139	0.00845	0.24934	0.05837	0.02939	0.02283	0.00989	0.00671	0.00501	0.00572	0.04348	0.14384	0.00345	0.00257	0.00523
8	0.00707	0.00353	0.00353	0.00353	0.00442	0.00353	0.00265	0.00884	0.00795	0.01414	0.01237	0.01414	0.00972	0.00442	0.00265	0.00088	0.00177	0.00353	0.88777	0.00353
9	0.89350	0.00733	0.00557	0.00499	0.00733	0.00851	0.00411	0.01115	0.00645	0.01702	0.00528	0.00616	0.00411	0.00352	0.00235	0.00117	0.00293	0.00205	0.00235	0.00411
10	0.26648	0.01204	0.01059	0.02541	0.08297	0.34206	0.07502	0.03436	0.00883	0.01241	0.00628	0.02425	0.00528	0.00409	0.00401	0.00115	0.07528	0.00286	0.00211	0.00452

[dist]
# distance from previous block
# <min> <max>
1	2

[block]
# block no. 8 follows, 72 sequences, length 11
# corresponding to MSA columns:
# 775-785
name=unknown_I
#
# <colnr> <probs for GDERKNQSTAVLIFYWHMCP>
#	G	D	E	R	K	N	Q	S	T	A	V	L	I	F	Y	W	H	M	C	P
0	0.01046	0.00845	0.00900	0.00783	0.01014	0.00963	0.00617	0.14057	0.68351	0.04824	0.01448	0.01335	0.01073	0.00504	0.00385	0.00126	0.00318	0.00414	0.00388	0.00609
1	0.00471	0.00336	0.00449	0.00532	0.00560	0.00315	0.00362	0.00546	0.00746	0.00998	0.05519	0.79844	0.02541	0.01166	0.00484	0.00153	0.00223	0.04088	0.00355	0.00312
2	0.00821	0.05336	0.01163	0.06605	0.32880	0.03027	0.04688	0.01148	0.14606	0.01190	0.01238	0.18018	0.03107	0.00581	0.00402	0.00126	0.00386	0.03915	0.00262	0.00500
3	0.00800	0.00760	0.01290	0.54169	0.33545	0.00865	0.01095	0.01043	0.00798	0.01071	0.00689	0.00984	0.00542	0.00364	0.00378	0.00121	0.00485	0.00337	0.00176	0.00489
4	0.00599	0.00422	0.00505	0.00483	0.00586	0.00411	0.00365	0.00855	0.08932	0.01449	0.51753	0.04354	0.09011	0.00721	0.00412	0.00117	0.00196	0.02537	0.15914	0.00376
5	0.01451	0.00850	0.00972	0.00760	0.01048	0.02885	0.00621	0.31944	0.11147	0.36999	0.01211	0.01118	0.00821	0.00456	0.00374	0.00113	0.00361	0.00359	0.00404	0.06103
6	0.00586	0.00380	0.00460	0.00447	0.00538	0.00359	0.00340	0.00760	0.00968	0.01440	0.50458	0.02534	0.07343	0.00701	0.00397	0.00114	0.00188	0.04909	0.26726	0.00354
7	0.01200	0.00987	0.03092	0.00833	0.01097	0.03429	0.00683	0.44403	0.33544	0.01956	0.01146	0.01117	0.00846	0.00554	0.03226	0.00136	0.00403	0.00373	0.00365	0.00609
8	0.00647	0.00500	0.00583	0.00565	0.00685	0.00513	0.00422	0.01034	0.23942	0.03280	0.24653	0.20701	0.15900	0.00898	0.03776	0.00150	0.00260	0.00701	0.00376	0.00414
9	0.03073	0.40606	0.03187	0.00787	0.01054	0.20701	0.00693	0.11041	0.05976	0.03315	0.00675	0.00746	0.00557	0.00393	0.00359	0.00100	0.05760	0.00257	0.00219	0.00501
10	0.03443	0.15301	0.26149	0.00897	0.04356	0.06832	0.00875	0.15595	0.02446	0.12853	0.02033	0.00888	0.00638	0.00391	0.00340	0.00107	0.00448	0.00295	0.00258	0.05855

[dist]
# distance from previous block
# <min> <max>
3	5

[block]
# block no. 9 follows, 72 sequences, length 8
# corresponding to MSA columns:
# 797-804
name=unknown_J
#
# <colnr> <probs for GDERKNQSTAVLIFYWHMCP>
#	G	D	E	R	K	N	Q	S	T	A	V	L	I	F	Y	W	H	M	C	P
0	0.00627	0.00553	0.00908	0.10448	0.01084	0.00546	0.16986	0.00798	0.02408	0.01054	0.07778	0.18134	0.10602	0.15210	0.03404	0.00189	0.00392	0.05840	0.00276	0.02764
1	0.00827	0.00846	0.05742	0.10322	0.22395	0.00845	0.13672	0.02660	0.11198	0.01235	0.04920	0.01332	0.07723	0.00478	0.00490	0.00125	0.10071	0.00418	0.04200	0.00500
2	0.00559	0.00435	0.00537	0.00526	0.00648	0.00396	0.00410	0.00689	0.00820	0.01099	0.12075	0.09510	0.24413	0.05716	0.11172	0.00201	0.00350	0.16856	0.00316	0.13270
3	0.00776	0.00746	0.01037	0.00903	0.00909	0.01021	0.00738	0.00855	0.00580	0.00892	0.00614	0.01055	0.00627	0.09602	0.08620	0.00225	0.69873	0.00361	0.00176	0.00389
4	0.00483	0.00359	0.00427	0.00472	0.00525	0.00330	0.00323	0.00551	0.00741	0.00949	0.02436	0.40959	0.26724	0.17747	0.00757	0.00189	0.00247	0.05154	0.00328	0.00299
5	0.01234	0.01174	0.01191	0.01338	0.28052	0.27541	0.00834	0.19776	0.01167	0.07494	0.05885	0.00994	0.00782	0.00418	0.00371	0.00109	0.00491	0.00334	0.00268	0.00548
6	0.07865	0.00778	0.01110	0.16629	0.28424	0.03350	0.02615	0.03913	0.04647	0.08647	0.00877	0.03286	0.00742	0.08947	0.00552	0.00143	0.03535	0.00371	0.00238	0.03328
7	0.01166	0.01375	0.01179	0.20363	0.17675	0.49739	0.00889	0.01323	0.00962	0.00998	0.00631	0.00807	0.00514	0.00378	0.00357	0.00107	0.00598	0.00283	0.00188	0.00467

[dist]
# distance from previous block
# <min> <max>
1	2

[block]
# block no. 10 follows, 72 sequences, length 19
# corresponding to MSA columns:
# 807-825
name=unknown_K
#
# <colnr> <probs for GDERKNQSTAVLIFYWHMCP>
#	G	D	E	R	K	N	Q	S	T	A	V	L	I	F	Y	W	H	M	C	P
0	0.00796	0.00821	0.03049	0.03615	0.02663	0.02232	0.36915	0.01041	0.00897	0.01269	0.17310	0.01306	0.01164	0.00404	0.00395	0.00105	0.00441	0.00421	0.00244	0.24912
1	0.00564	0.00358	0.00485	0.00505	0.00545	0.00342	0.00347	0.00551	0.00640	0.00859	0.03280	0.31495	0.07743	0.04799	0.07044	0.35001	0.00326	0.00647	0.00259	0.04210
2	0.01175	0.01290	0.01025	0.10852	0.04080	0.42118	0.00732	0.09694	0.18347	0.01227	0.00944	0.01032	0.03182	0.02187	0.00396	0.00116	0.00527	0.00330	0.00256	0.00489
3	0.01141	0.01046	0.01015	0.07289	0.08518	0.24821	0.02095	0.05072	0.15903	0.12529	0.00998	0.04675	0.00797	0.01734	0.00407	0.00115	0.02250	0.00359	0.00282	0.08955
4	0.00752	0.00711	0.01202	0.72310	0.15782	0.00852	0.01071	0.01000	0.00775	0.01013	0.00680	0.00999	0.00521	0.00373	0.00379	0.00124	0.00497	0.00337	0.00172	0.00450
5	0.80635	0.00701	0.00563	0.00510	0.00728	0.00814	0.00417	0.01072	0.00642	0.01621	0.00576	0.00702	0.00463	0.00597	0.08570	0.00166	0.00364	0.00225	0.00232	0.00404
6	0.00959	0.07740	0.05782	0.01190	0.23018	0.22257	0.00784	0.02330	0.08520	0.01151	0.05670	0.13522	0.01116	0.00546	0.00383	0.00117	0.00446	0.03735	0.00250	0.00483
7	0.04365	0.00818	0.01143	0.35302	0.27855	0.09064	0.00930	0.01053	0.00864	0.01160	0.12833	0.01206	0.00978	0.00424	0.00379	0.00118	0.00450	0.00374	0.00216	0.00470
8	0.00631	0.00509	0.00779	0.06452	0.00895	0.00576	0.06676	0.04012	0.00676	0.00948	0.00978	0.01542	0.00933	0.16861	0.51422	0.00459	0.04664	0.00424	0.00210	0.00354
9	0.01297	0.04674	0.01097	0.00806	0.01109	0.02897	0.00665	0.58873	0.05619	0.03689	0.00892	0.00905	0.00653	0.00423	0.00357	0.00104	0.00393	0.00320	0.00343	0.14884
10	0.00479	0.00362	0.00444	0.00485	0.00553	0.00327	0.00347	0.00580	0.00839	0.01097	0.18065	0.42727	0.26458	0.01037	0.00469	0.00141	0.00210	0.04693	0.00364	0.00323
11	0.00956	0.00684	0.00830	0.04393	0.00997	0.00554	0.00504	0.04137	0.00871	0.14767	0.00816	0.00883	0.00623	0.00322	0.00305	0.00071	0.00303	0.00259	0.00268	0.67457
12	0.00989	0.00806	0.01096	0.05608	0.29005	0.00843	0.00795	0.20135	0.12264	0.04537	0.01202	0.09370	0.04645	0.00522	0.00392	0.00120	0.00377	0.02653	0.00297	0.04344
13	0.00787	0.00616	0.00728	0.00548	0.00822	0.00482	0.00425	0.00920	0.00760	0.04650	0.00801	0.01108	0.00718	0.11198	0.00545	0.03647	0.00297	0.01973	0.00236	0.68739
14	0.00760	0.03539	0.04252	0.03866	0.23551	0.00738	0.19622	0.01004	0.04269	0.01191	0.09893	0.16408	0.05881	0.00586	0.00433	0.00127	0.01620	0.01533	0.00258	0.00472
15	0.48642	0.00805	0.00790	0.00654	0.00889	0.00913	0.00540	0.19199	0.00941	0.10687	0.00718	0.00781	0.00533	0.00418	0.00390	0.00120	0.09334	0.00268	0.00284	0.03095
16	0.69892	0.00770	0.00774	0.00901	0.19126	0.00862	0.00576	0.01126	0.00693	0.01600	0.00569	0.00687	0.00453	0.00349	0.00266	0.00116	0.00328	0.00235	0.00224	0.00453
17	0.01088	0.01078	0.01289	0.07733	0.37859	0.18311	0.02934	0.10680	0.11627	0.02478	0.00825	0.00956	0.00651	0.00389	0.00372	0.00113	0.00482	0.00334	0.00239	0.00558
18	0.01090	0.00794	0.01087	0.00934	0.04594	0.00925	0.04842	0.18470	0.00961	0.17062	0.00878	0.01075	0.00700	0.03398	0.10611	0.00199	0.31232	0.00365	0.00277	0.00506

[dist]
# distance from previous block
# <min> <max>
3	23

[block]
# block no. 11 follows, 72 sequences, length 19
# corresponding to MSA columns:
# 851-869
name=unknown_L
#
# <colnr> <probs for GDERKNQSTAVLIFYWHMCP>
#	G	D	E	R	K	N	Q	S	T	A	V	L	I	F	Y	W	H	M	C	P
0	0.00678	0.01699	0.01743	0.00558	0.00781	0.01655	0.00432	0.00815	0.00782	0.01144	0.04353	0.26084	0.03717	0.00650	0.02381	0.00104	0.00285	0.00515	0.00271	0.51352
1	0.00513	0.00428	0.00516	0.02145	0.00624	0.00427	0.00387	0.00621	0.00837	0.01081	0.16478	0.16209	0.44433	0.00995	0.03716	0.00153	0.09014	0.00754	0.00335	0.00337
2	0.00472	0.00339	0.00446	0.00523	0.00552	0.00320	0.00354	0.00541	0.00724	0.00961	0.02092	0.74105	0.06065	0.05173	0.03224	0.00178	0.00254	0.03028	0.00342	0.00307
3	0.01024	0.00702	0.00855	0.21859	0.01279	0.06592	0.00640	0.05922	0.10095	0.20910	0.09966	0.01458	0.01131	0.08556	0.03408	0.00158	0.00403	0.00412	0.04152	0.00478
4	0.00834	0.01755	0.72522	0.01011	0.01520	0.00822	0.01267	0.01227	0.00830	0.08607	0.03886	0.00927	0.00641	0.00404	0.00386	0.01784	0.00521	0.00305	0.00197	0.00553
5	0.00988	0.82207	0.01913	0.00647	0.00957	0.01445	0.00639	0.01111	0.00762	0.00892	0.00554	0.00656	0.00512	0.00461	0.04851	0.00110	0.00439	0.00214	0.00164	0.00479
6	0.00893	0.01016	0.02199	0.01577	0.01947	0.00966	0.79975	0.01204	0.00884	0.01204	0.00758	0.01016	0.00573	0.00332	0.00476	0.00129	0.03709	0.00443	0.00191	0.00508
7	0.05872	0.00776	0.01180	0.22343	0.34915	0.00797	0.00901	0.01050	0.00793	0.01183	0.00674	0.00896	0.00552	0.00349	0.00384	0.00105	0.04259	0.00302	0.00194	0.22475
8	0.00671	0.01179	0.40826	0.05412	0.01207	0.00669	0.00905	0.00988	0.05488	0.01105	0.01400	0.06086	0.11645	0.12630	0.00615	0.00163	0.00432	0.07901	0.00235	0.00446
9	0.00729	0.00622	0.00727	0.00615	0.00797	0.05335	0.00478	0.00862	0.00711	0.02348	0.00843	0.01197	0.00773	0.08871	0.31465	0.00295	0.05240	0.00329	0.00216	0.37546
10	0.01814	0.08032	0.11896	0.07297	0.05266	0.00889	0.34071	0.01137	0.03918	0.03605	0.09269	0.01271	0.04825	0.00434	0.00443	0.00123	0.04567	0.00424	0.00228	0.00490
11	0.00860	0.00952	0.04573	0.23693	0.13246	0.10320	0.25843	0.01120	0.02993	0.01104	0.00886	0.09636	0.00784	0.00452	0.00408	0.00125	0.00524	0.01801	0.00208	0.00473
12	0.03099	0.00710	0.03717	0.32525	0.09841	0.00711	0.05487	0.01211	0.00872	0.24181	0.04312	0.03348	0.00898	0.04332	0.00459	0.00135	0.00423	0.02967	0.00279	0.00494
13	0.02061	0.00632	0.02629	0.00734	0.05569	0.03891	0.03613	0.03270	0.03364	0.09655	0.12684	0.17590	0.09857	0.00705	0.00414	0.00122	0.00309	0.09120	0.00328	0.13455
