[name]
unknown

[dist]
# distance from previous block
# <min> <max>
2	456

[block]
# block no. 0 follows, 74 sequences, length 11
# corresponding to MSA columns:
# 538-548
name=unknown_A
#
# <colnr> <probs for GDERKNQSTAVLIFYWHMCP>
#	G	D	E	R	K	N	Q	S	T	A	V	L	I	F	Y	W	H	M	C	P
0	0.00800	0.05056	0.19264	0.00938	0.12134	0.03087	0.02368	0.04912	0.13584	0.03186	0.17782	0.04575	0.07772	0.00534	0.00381	0.00116	0.00359	0.00455	0.02209	0.00487
1	0.00595	0.00467	0.00622	0.00618	0.00692	0.04418	0.07185	0.00682	0.00751	0.04949	0.01844	0.63036	0.04924	0.06681	0.00552	0.00157	0.00284	0.00890	0.00322	0.00335
2	0.00923	0.55360	0.08929	0.00784	0.05478	0.07608	0.02575	0.01072	0.00788	0.00940	0.00829	0.07870	0.04646	0.00425	0.00296	0.00095	0.00414	0.00319	0.00187	0.00464
3	0.00781	0.00730	0.01217	0.42402	0.37797	0.00806	0.01011	0.01006	0.00793	0.01080	0.00861	0.01111	0.05053	0.00386	0.00369	0.00117	0.00444	0.00355	0.03199	0.00481
4	0.02677	0.11051	0.15654	0.00981	0.08233	0.04308	0.04744	0.29274	0.06064	0.08759	0.00844	0.00889	0.00620	0.00393	0.00349	0.00108	0.00432	0.00311	0.00278	0.04032
5	0.01066	0.00627	0.00887	0.00832	0.08513	0.02712	0.07292	0.05562	0.00915	0.31908	0.03973	0.17658	0.01263	0.11791	0.03116	0.00167	0.00369	0.00531	0.00339	0.00479
6	0.00540	0.00360	0.00405	0.00405	0.00405	0.00360	0.00225	0.00540	0.00540	0.00720	0.01170	0.02429	0.01349	0.86955	0.01889	0.00360	0.00360	0.00540	0.00225	0.00225
7	0.00946	0.06023	0.02960	0.14959	0.18382	0.03749	0.04152	0.10128	0.21432	0.04103	0.02581	0.02429	0.02527	0.00438	0.00382	0.00117	0.01901	0.00373	0.01893	0.00527
8	0.00866	0.00816	0.01368	0.12082	0.44723	0.00841	0.11487	0.04695	0.07455	0.01263	0.06201	0.02906	0.00879	0.00413	0.00388	0.00118	0.00434	0.02307	0.00227	0.00530
9	0.00951	0.03524	0.08014	0.03948	0.09778	0.04655	0.04706	0.11576	0.27616	0.04319	0.02287	0.01236	0.05793	0.00509	0.02522	0.00125	0.00397	0.00378	0.00291	0.07376
10	0.00558	0.00418	0.00511	0.00486	0.00577	0.00409	0.00367	0.00678	0.00874	0.04089	0.33217	0.08748	0.30436	0.05296	0.02938	0.00151	0.07302	0.00678	0.01926	0.00342

[dist]
# distance from previous block
# <min> <max>
0	1

[block]
# block no. 1 follows, 74 sequences, length 9
# corresponding to MSA columns:
# 550-558
name=unknown_B
#
# <colnr> <probs for GDERKNQSTAVLIFYWHMCP>
#	G	D	E	R	K	N	Q	S	T	A	V	L	I	F	Y	W	H	M	C	P
0	0.00942	0.06087	0.03140	0.00816	0.05340	0.11533	0.04435	0.11948	0.10815	0.01319	0.02997	0.03501	0.03198	0.00499	0.03233	0.00112	0.01728	0.00339	0.02437	0.25580
1	0.00567	0.00398	0.00493	0.00496	0.00582	0.00372	0.00364	0.02574	0.02690	0.04557	0.32058	0.27262	0.16940	0.04502	0.00507	0.00141	0.00218	0.04563	0.00369	0.00347
2	0.00898	0.00659	0.00831	0.00659	0.02426	0.00575	0.04637	0.09995	0.02513	0.10673	0.05938	0.06465	0.04824	0.00442	0.00337	0.00088	0.00297	0.00376	0.03855	0.43513
3	0.03704	0.00576	0.00770	0.03676	0.00872	0.00564	0.02528	0.06236	0.00978	0.36009	0.19180	0.02922	0.03589	0.04641	0.02283	0.02720	0.04429	0.00454	0.03388	0.00481
4	0.00837	0.00439	0.00564	0.00524	0.00660	0.00388	0.00395	0.00951	0.00904	0.27043	0.15807	0.29200	0.19136	0.00832	0.00429	0.00129	0.00234	0.00724	0.00391	0.00414
5	0.09426	0.00776	0.06124	0.17447	0.17444	0.00764	0.03316	0.08058	0.07563	0.04695	0.06157	0.03530	0.07854	0.00589	0.04559	0.00142	0.00413	0.00408	0.00258	0.00479
6	0.00556	0.00382	0.00464	0.00451	0.00536	0.00347	0.00323	0.00670	0.00883	0.05378	0.38370	0.12530	0.22225	0.14442	0.00668	0.00161	0.00219	0.00707	0.00360	0.00330
7	0.00870	0.00871	0.09475	0.06736	0.08213	0.03948	0.05383	0.11067	0.02109	0.03382	0.00850	0.04357	0.00744	0.08162	0.01625	0.00128	0.02087	0.01840	0.00237	0.27917
8	0.05400	0.19466	0.07554	0.02992	0.14069	0.07224	0.03215	0.03487	0.02957	0.07418	0.04362	0.03948	0.04296	0.00430	0.00328	0.00103	0.00383	0.00348	0.08367	0.03651

[dist]
# distance from previous block
# <min> <max>
6	13

[block]
# block no. 2 follows, 74 sequences, length 6
# corresponding to MSA columns:
# 572-577
name=unknown_C
#
# <colnr> <probs for GDERKNQSTAVLIFYWHMCP>
#	G	D	E	R	K	N	Q	S	T	A	V	L	I	F	Y	W	H	M	C	P
0	0.00619	0.00461	0.00637	0.02299	0.09567	0.00453	0.02809	0.02123	0.00781	0.02736	0.06411	0.25343	0.11821	0.13707	0.00654	0.00165	0.01864	0.06916	0.10279	0.00355
1	0.02777	0.00837	0.03716	0.10257	0.40363	0.00832	0.02648	0.12582	0.03626	0.07618	0.00878	0.04433	0.00731	0.04792	0.00447	0.00126	0.00415	0.00372	0.00244	0.02306
2	0.02969	0.07989	0.03369	0.13281	0.24598	0.09931	0.04420	0.05332	0.00867	0.02630	0.00735	0.00974	0.00610	0.00384	0.00382	0.00106	0.04330	0.02750	0.04708	0.09635
3	0.00897	0.19106	0.10116	0.07173	0.04485	0.00842	0.00685	0.09660	0.02855	0.08742	0.04548	0.03351	0.00854	0.02867	0.15898	0.00199	0.00497	0.00349	0.01903	0.04973
4	0.00687	0.00459	0.00552	0.00546	0.00652	0.00449	0.00403	0.03210	0.11578	0.09932	0.07833	0.32422	0.15818	0.07976	0.00558	0.00154	0.00254	0.05775	0.00356	0.00384
5	0.00469	0.00345	0.00432	0.00485	0.00533	0.00318	0.00336	0.00549	0.00758	0.00993	0.09156	0.53657	0.18013	0.07626	0.00574	0.00160	0.00224	0.04727	0.00341	0.00304

[dist]
# distance from previous block
# <min> <max>
2	5

[block]
# block no. 3 follows, 74 sequences, length 7
# corresponding to MSA columns:
# 583-589
name=unknown_D
#
# <colnr> <probs for GDERKNQSTAVLIFYWHMCP>
#	G	D	E	R	K	N	Q	S	T	A	V	L	I	F	Y	W	H	M	C	P
0	0.11380	0.00879	0.01036	0.35496	0.13010	0.14266	0.00838	0.03640	0.03091	0.01131	0.00799	0.01000	0.04133	0.00412	0.00399	0.00118	0.05557	0.00322	0.02047	0.00444
1	0.00541	0.00428	0.00467	0.00483	0.00550	0.04005	0.00336	0.00656	0.03230	0.01044	0.16535	0.29919	0.18760	0.15345	0.02877	0.00181	0.00267	0.00753	0.03307	0.00316
2	0.03546	0.02566	0.01149	0.10065	0.30253	0.13124	0.00827	0.09470	0.04830	0.03619	0.00848	0.03383	0.02633	0.00406	0.00374	0.00107	0.02602	0.00337	0.00231	0.09629
3	0.00895	0.00754	0.00991	0.09615	0.08057	0.03126	0.04116	0.08261	0.02961	0.06083	0.03190	0.00989	0.00698	0.02702	0.02553	0.00116	0.10088	0.00312	0.00239	0.34254
4	0.00531	0.00405	0.00501	0.04056	0.00643	0.00384	0.00374	0.00719	0.04266	0.01311	0.49152	0.06006	0.23629	0.00790	0.00430	0.00121	0.00202	0.02859	0.03268	0.00351
5	0.00687	0.00656	0.04903	0.17590	0.07121	0.00633	0.10656	0.03676	0.00865	0.02622	0.17817	0.04202	0.13610	0.00782	0.08359	0.00166	0.02897	0.00503	0.01841	0.00414
6	0.04032	0.13454	0.12639	0.05208	0.07819	0.08819	0.03171	0.10765	0.04008	0.06951	0.00796	0.00880	0.01998	0.00373	0.00341	0.00099	0.01769	0.00288	0.00234	0.16357

[dist]
# distance from previous block
# <min> <max>
3	42

[block]
# block no. 4 follows, 74 sequences, length 8
# corresponding to MSA columns:
# 632-639
name=unknown_E
#
# <colnr> <probs for GDERKNQSTAVLIFYWHMCP>
#	G	D	E	R	K	N	Q	S	T	A	V	L	I	F	Y	W	H	M	C	P
0	0.06793	0.05363	0.03247	0.03238	0.07519	0.02096	0.00506	0.00894	0.02312	0.07692	0.01399	0.25809	0.05786	0.04815	0.04556	0.00154	0.02170	0.00560	0.12136	0.02957
1	0.00482	0.00362	0.00440	0.00462	0.00535	0.00329	0.00333	0.00588	0.00844	0.01112	0.26063	0.28712	0.26998	0.06332	0.00543	0.00148	0.00211	0.04835	0.00355	0.00316
2	0.00548	0.07698	0.00627	0.03897	0.00688	0.00472	0.00424	0.00680	0.03673	0.01006	0.09005	0.46525	0.05844	0.03709	0.09009	0.00191	0.00329	0.05026	0.00310	0.00338
3	0.00467	0.00329	0.00426	0.00498	0.00516	0.00311	0.00325	0.00521	0.00682	0.00910	0.01901	0.72741	0.02272	0.15385	0.00708	0.00185	0.00239	0.00970	0.00325	0.00289
4	0.01019	0.22178	0.05999	0.13626	0.06777	0.17147	0.02681	0.05912	0.03072	0.03824	0.00649	0.00803	0.00531	0.00409	0.00464	0.00111	0.13843	0.00283	0.00197	0.00476
5	0.05681	0.06804	0.08997	0.02407	0.00948	0.00617	0.00552	0.00971	0.02877	0.01216	0.06025	0.04340	0.00835	0.00378	0.00305	0.00079	0.00309	0.01946	0.00232	0.54479
6	0.12336	0.13135	0.12347	0.02181	0.02288	0.03710	0.07396	0.11725	0.05682	0.04039	0.00809	0.04754	0.00672	0.00560	0.05612	0.00139	0.03730	0.00327	0.00238	0.08321
7	0.00817	0.00747	0.05601	0.04098	0.25948	0.02822	0.00726	0.03533	0.06287	0.07253	0.11966	0.05893	0.15976	0.00575	0.00429	0.00119	0.04110	0.00491	0.00285	0.02326

[dist]
# distance from previous block
# <min> <max>
9	37

[block]
# block no. 5 follows, 74 sequences, length 25
# corresponding to MSA columns:
# 685-699,701-710
name=unknown_F
#
# <colnr> <probs for GDERKNQSTAVLIFYWHMCP>
#	G	D	E	R	K	N	Q	S	T	A	V	L	I	F	Y	W	H	M	C	P
0	0.08665	0.06663	0.16022	0.03404	0.12013	0.09499	0.09768	0.07363	0.03610	0.08141	0.02345	0.02241	0.02422	0.00464	0.02268	0.00125	0.03908	0.00338	0.00234	0.00507
1	0.00501	0.00367	0.00448	0.00459	0.00526	0.00336	0.00319	0.00584	0.00784	0.01047	0.21622	0.27292	0.20184	0.14377	0.02587	0.03783	0.00246	0.00751	0.00326	0.03461
2	0.03626	0.05370	0.07329	0.04869	0.09507	0.05667	0.03230	0.09782	0.04964	0.03137	0.10751	0.05633	0.09087	0.00581	0.01951	0.00124	0.05488	0.01353	0.03428	0.04124
3	0.01947	0.03668	0.07836	0.05309	0.09633	0.06175	0.01919	0.06103	0.05657	0.02569	0.00926	0.07739	0.01877	0.04667	0.02432	0.02005	0.02408	0.01601	0.00237	0.25292
4	0.02738	0.00560	0.05665	0.02093	0.02280	0.00544	0.03790	0.00814	0.04936	0.02413	0.06162	0.05041	0.04361	0.09954	0.42489	0.00380	0.03380	0.00454	0.01577	0.00368
5	0.00957	0.15587	0.18405	0.03165	0.03971	0.17383	0.06197	0.06286	0.07003	0.01180	0.04965	0.02509	0.02392	0.00412	0.00349	0.00104	0.01260	0.00325	0.01816	0.05731
6	0.00492	0.00382	0.00506	0.00605	0.06090	0.00357	0.00395	0.00588	0.00771	0.01014	0.07970	0.49686	0.21222	0.01114	0.05075	0.00165	0.00266	0.02642	0.00330	0.00329
7	0.00914	0.11351	0.19835	0.03036	0.09425	0.02211	0.08308	0.06779	0.15865	0.05063	0.03914	0.03883	0.01636	0.00447	0.00416	0.00118	0.05657	0.00369	0.00248	0.00525
8	0.00456	0.00330	0.00432	0.00505	0.00537	0.00305	0.00341	0.00530	0.00742	0.00987	0.07646	0.76081	0.07490	0.01122	0.00469	0.00147	0.00211	0.01013	0.00349	0.00305
9	0.17095	0.26833	0.03586	0.02210	0.03904	0.10371	0.02122	0.04710	0.23326	0.01291	0.00824	0.00861	0.00653	0.00387	0.00304	0.00105	0.00391	0.00282	0.00244	0.00499
10	0.00535	0.00393	0.00582	0.00582	0.00643	0.00454	0.00446	0.00650	0.00590	0.00847	0.00992	0.01501	0.00942	0.07363	0.78100	0.03522	0.00937	0.00403	0.00199	0.00320
11	0.02550	0.39560	0.32998	0.00892	0.04411	0.08762	0.00938	0.02896	0.00812	0.01048	0.00592	0.00695	0.00481	0.00345	0.00311	0.00099	0.01698	0.00240	0.00168	0.00504
12	0.01009	0.08409	0.00961	0.00784	0.00918	0.39401	0.00605	0.02789	0.00831	0.00900	0.00729	0.01070	0.00686	0.11927	0.18210	0.00239	0.09630	0.00318	0.00195	0.00389
13	0.00596	0.00336	0.00463	0.00470	0.00475	0.00337	0.00304	0.00509	0.00521	0.00698	0.00911	0.08125	0.00989	0.24578	0.05289	0.54210	0.00355	0.00441	0.00194	0.00197
14	0.02614	0.04418	0.01180	0.10536	0.23684	0.09053	0.03072	0.15143	0.14894	0.01384	0.00895	0.02096	0.00728	0.00423	0.00376	0.00113	0.01691	0.03050	0.00255	0.04396
15	0.03234	0.00630	0.00785	0.02542	0.00879	0.00663	0.00535	0.14202	0.07560	0.24216	0.04459	0.01408	0.03953	0.05619	0.20298	0.00241	0.04307	0.00400	0.01155	0.02914
16	0.00930	0.29178	0.23832	0.00970	0.11020	0.02455	0.00876	0.06682	0.00842	0.05327	0.00779	0.04347	0.01608	0.01747	0.00419	0.01713	0.05284	0.01284	0.00204	0.00502
17	0.02478	0.22948	0.44607	0.00931	0.01362	0.01029	0.06541	0.08951	0.02016	0.03291	0.00738	0.00827	0.01983	0.00365	0.00332	0.00108	0.00482	0.00284	0.00195	0.00531
18	0.00468	0.00374	0.00403	0.00399	0.00511	0.00323	0.00298	0.00583	0.00886	0.01125	0.21626	0.05295	0.61200	0.00885	0.00432	0.00123	0.00185	0.00748	0.03814	0.00323
19	0.00491	0.00365	0.00443	0.00489	0.00543	0.00344	0.00342	0.00595	0.03408	0.00967	0.03540	0.44484	0.20681	0.13888	0.00677	0.00177	0.00243	0.07689	0.00329	0.00306
20	0.03009	0.03745	0.09373	0.18466	0.33336	0.03270	0.05165	0.10478	0.05863	0.01289	0.00751	0.00932	0.00588	0.00402	0.01671	0.00122	0.00469	0.00327	0.00211	0.00533
21	0.01509	0.00783	0.03935	0.05893	0.01120	0.00728	0.00645	0.22589	0.01208	0.55738	0.01241	0.01135	0.00804	0.00447	0.00372	0.00115	0.00359	0.00357	0.00408	0.00615
22	0.00507	0.00383	0.00457	0.00451	0.00543	0.00351	0.00331	0.00667	0.03591	0.01254	0.43034	0.13626	0.27490	0.02985	0.00472	0.00129	0.00192	0.00735	0.02462	0.00337
23	0.00451	0.00326	0.00428	0.00509	0.00536	0.00302	0.00341	0.00518	0.00718	0.00951	0.02141	0.82089	0.07018	0.01150	0.00472	0.00149	0.00214	0.01040	0.00345	0.00302
24	0.00770	0.00660	0.00770	0.00550	0.00880	0.00495	0.00440	0.00935	0.00770	0.01210	0.00660	0.00770	0.00550	0.00275	0.00275	0.00055	0.00275	0.00220	0.00220	0.89224

[dist]
# distance from previous block
# <min> <max>
2	9

[block]
# block no. 6 follows, 74 sequences, length 29
# corresponding to MSA columns:
# 720-748
name=unknown_G
#
# <colnr> <probs for GDERKNQSTAVLIFYWHMCP>
#	G	D	E	R	K	N	Q	S	T	A	V	L	I	F	Y	W	H	M	C	P
0	0.07590	0.02973	0.05561	0.00588	0.01837	0.02436	0.00487	0.09937	0.02338	0.04274	0.20847	0.05839	0.25975	0.00693	0.00407	0.00119	0.01283	0.03538	0.00331	0.02948
1	0.00687	0.00559	0.00671	0.00558	0.00769	0.00487	0.01759	0.00922	0.09701	0.02387	0.06770	0.11555	0.10497	0.03760	0.04612	0.00128	0.00299	0.01743	0.01243	0.40892
2	0.04327	0.08076	0.01143	0.02060	0.01117	0.01016	0.07638	0.39806	0.18218	0.04775	0.07187	0.01121	0.00928	0.00455	0.00367	0.00114	0.00379	0.00371	0.00337	0.00566
3	0.54781	0.07998	0.00829	0.00607	0.00864	0.00962	0.00510	0.23603	0.00962	0.04946	0.00655	0.00706	0.00490	0.00374	0.00275	0.00111	0.00331	0.00244	0.00271	0.00480
4	0.00541	0.00365	0.00436	0.00436	0.00446	0.00375	0.00263	0.00557	0.00547	0.00739	0.01130	0.02250	0.01268	0.72078	0.14508	0.02636	0.00455	0.00513	0.00219	0.00239
5	0.01200	0.00938	0.00966	0.00786	0.01048	0.06114	0.00631	0.36785	0.30942	0.07618	0.01114	0.01070	0.00814	0.00449	0.00363	0.00111	0.00366	0.00352	0.00356	0.07977
6	0.00764	0.00687	0.01183	0.24686	0.05599	0.00711	0.21978	0.01026	0.05719	0.06027	0.04685	0.03339	0.15502	0.01926	0.00446	0.00130	0.01539	0.03361	0.00253	0.00439
7	0.00668	0.00471	0.00543	0.00499	0.00640	0.00450	0.00383	0.00954	0.14645	0.09266	0.33132	0.02695	0.32714	0.00755	0.00422	0.00121	0.00213	0.00643	0.00385	0.00403
8	0.89577	0.00718	0.00546	0.00488	0.00718	0.00833	0.00402	0.01091	0.00632	0.01665	0.00517	0.00603	0.00402	0.00345	0.00230	0.00115	0.00287	0.00201	0.00230	0.00402
9	0.00830	0.00808	0.01106	0.00935	0.00973	0.01084	0.00777	0.03907	0.00628	0.00972	0.00516	0.00811	0.00498	0.00611	0.01109	0.00152	0.75985	0.00316	0.00175	0.07806
10	0.00463	0.00371	0.00414	0.00415	0.00519	0.00322	0.00307	0.00575	0.00885	0.01124	0.24765	0.12445	0.54255	0.00917	0.00442	0.00126	0.00188	0.00784	0.00361	0.00322
11	0.02356	0.00520	0.00677	0.00579	0.00772	0.00464	0.00461	0.02609	0.00985	0.44328	0.14788	0.12228	0.12104	0.00679	0.00409	0.00124	0.00268	0.04746	0.00412	0.00490
12	0.00816	0.00822	0.01194	0.01007	0.01027	0.01126	0.05316	0.00909	0.00585	0.00909	0.00502	0.00822	0.00491	0.00631	0.01176	0.00160	0.81599	0.00331	0.00164	0.00411
13	0.00496	0.00349	0.00450	0.00498	0.00545	0.00328	0.00352	0.00596	0.00793	0.01086	0.19822	0.49485	0.05418	0.06561	0.00549	0.00154	0.00223	0.07252	0.04730	0.00313
14	0.01354	0.08877	0.01126	0.00930	0.01131	0.78474	0.00710	0.01451	0.01027	0.00906	0.00569	0.00663	0.00478	0.00377	0.00327	0.00094	0.00647	0.00236	0.00189	0.00434
15	0.00462	0.00332	0.00432	0.00501	0.00532	0.00309	0.00336	0.00534	0.00736	0.00984	0.08935	0.71942	0.06061	0.05357	0.00539	0.00157	0.00218	0.00986	0.00344	0.00302
16	0.00793	0.00702	0.01111	0.54369	0.15053	0.01938	0.00939	0.01010	0.00773	0.05155	0.00745	0.03897	0.00602	0.00399	0.00397	0.00117	0.03621	0.00346	0.00193	0.07839
17	0.00909	0.33201	0.36510	0.02041	0.03043	0.01085	0.02828	0.05643	0.04093	0.03242	0.00678	0.00766	0.00526	0.00349	0.00313	0.00101	0.00458	0.00261	0.00189	0.03763
18	0.00812	0.01280	0.36723	0.04704	0.01404	0.02388	0.10728	0.01088	0.00762	0.03919	0.03524	0.00906	0.00612	0.00433	0.00574	0.00124	0.21635	0.00320	0.00187	0.07876
19	0.00593	0.00465	0.00760	0.00685	0.00784	0.00462	0.13128	0.00707	0.00703	0.03346	0.04397	0.29301	0.03750	0.10904	0.24639	0.03605	0.00519	0.00650	0.00265	0.00338
20	0.00567	0.00461	0.00675	0.07910	0.13561	0.00468	0.00533	0.00685	0.02117	0.00999	0.03024	0.53789	0.06588	0.02341	0.00506	0.01863	0.02447	0.00811	0.00297	0.00359
21	0.04024	0.08787	0.12124	0.00654	0.01973	0.00654	0.01523	0.01717	0.00770	0.01184	0.00687	0.02656	0.00587	0.02186	0.00323	0.00078	0.00331	0.00254	0.00210	0.59277
22	0.00542	0.00396	0.00557	0.00554	0.00600	0.00449	0.00408	0.00632	0.00579	0.00821	0.01018	0.01681	0.01017	0.24017	0.60211	0.02831	0.02752	0.00430	0.00204	0.00302
23	0.05921	0.05914	0.01353	0.26148	0.48904	0.00905	0.01024	0.03437	0.00824	0.01175	0.00672	0.00901	0.00545	0.00346	0.00353	0.00113	0.00444	0.00315	0.00185	0.00521
24	0.00979	0.05484	0.03491	0.02858	0.11198	0.16110	0.05902	0.06574	0.02306	0.04766	0.00727	0.01011	0.00638	0.08114	0.04868	0.00168	0.23808	0.00336	0.00210	0.00455
25	0.00481	0.00347	0.00430	0.00479	0.00536	0.00314	0.00331	0.00560	0.00770	0.02803	0.07401	0.57160	0.23356	0.02588	0.00486	0.00145	0.00211	0.00939	0.00349	0.00313
26	0.00444	0.00374	0.00385	0.00387	0.00506	0.00315	0.00288	0.00541	0.00852	0.01026	0.07993	0.06862	0.76883	0.00939	0.00440	0.00126	0.00188	0.00788	0.00348	0.00315
27	0.62158	0.00691	0.00644	0.00542	0.00789	0.00743	0.00447	0.01315	0.00766	0.27625	0.00812	0.00809	0.00563	0.00380	0.00274	0.00115	0.00296	0.00255	0.00301	0.00474
28	0.00843	0.01268	0.29818	0.04470	0.08200	0.00903	0.39407	0.01198	0.03420	0.02777	0.00743	0.00932	0.00553	0.00350	0.00425	0.00122	0.03496	0.00365	0.00186	0.00522

[dist]
# distance from previous block
# <min> <max>
0	3

[block]
# block no. 7 follows, 74 sequences, length 6
# corresponding to MSA columns:
# 752-757
name=unknown_H
#
# <colnr> <probs for GDERKNQSTAVLIFYWHMCP>
#	G	D	E	R	K	N	Q	S	T	A	V	L	I	F	Y	W	H	M	C	P
0	0.00507	0.00375	0.00473	0.00457	0.00545	0.00341	0.00340	0.00662	0.00995	0.01376	0.66285	0.09067	0.15568	0.00816	0.00441	0.00121	0.00180	0.00716	0.00394	0.00341
1	0.00511	0.00367	0.00445	0.00484	0.00560	0.00331	0.00352	0.00601	0.00791	0.03962	0.05267	0.39894	0.31375	0.04065	0.00511	0.00149	0.00226	0.09441	0.00346	0.00320
2	0.00562	0.00426	0.00530	0.04500	0.03600	0.02857	0.00423	0.00664	0.00775	0.02845	0.05080	0.48081	0.12591	0.03080	0.00479	0.00144	0.00258	0.07277	0.05491	0.00335
3	0.01013	0.67000	0.11442	0.00715	0.01052	0.05537	0.00729	0.06962	0.00843	0.01014	0.00563	0.00642	0.00487	0.00334	0.00266	0.00087	0.00429	0.00219	0.00175	0.00493
4	0.00919	0.00882	0.01507	0.02278	0.84640	0.00882	0.01139	0.01139	0.00845	0.01213	0.00698	0.00919	0.00588	0.00331	0.00367	0.00110	0.00441	0.00331	0.00184	0.00588
5	0.00972	0.01145	0.03700	0.00780	0.00930	0.39770	0.00613	0.01147	0.06235	0.01049	0.12363	0.06879	0.11923	0.00592	0.00474	0.00116	0.10204	0.00442	0.00257	0.00408

[dist]
# distance from previous block
# <min> <max>
1	4

[block]
# block no. 8 follows, 74 sequences, length 12
# corresponding to MSA columns:
# 762-773
name=unknown_I
#
# <colnr> <probs for GDERKNQSTAVLIFYWHMCP>
#	G	D	E	R	K	N	Q	S	T	A	V	L	I	F	Y	W	H	M	C	P
0	0.00640	0.00394	0.00460	0.00438	0.00553	0.00353	0.00330	0.00774	0.00903	0.09989	0.25729	0.09534	0.30637	0.00763	0.00401	0.00117	0.00197	0.00650	0.16776	0.00362
1	0.00795	0.02701	0.06908	0.36680	0.15774	0.00861	0.10729	0.01185	0.14875	0.01137	0.00872	0.04334	0.00700	0.00408	0.00379	0.00122	0.00458	0.00379	0.00213	0.00488
2	0.00989	0.00770	0.00820	0.00719	0.00930	0.00871	0.00565	0.11057	0.62147	0.05504	0.01407	0.01323	0.01047	0.00488	0.00364	0.00120	0.00295	0.00400	0.09614	0.00569
3	0.00631	0.00404	0.00525	0.00481	0.00590	0.00367	0.00365	0.00798	0.01040	0.09526	0.71827	0.02672	0.07863	0.00740	0.00432	0.00117	0.00189	0.00649	0.00410	0.00375
4	0.00508	0.00376	0.00459	0.00440	0.00525	0.00343	0.00320	0.00644	0.00945	0.01290	0.56805	0.02908	0.21064	0.11034	0.00610	0.00148	0.00200	0.00680	0.00373	0.00327
5	0.11745	0.12423	0.01163	0.04091	0.01158	0.55671	0.04526	0.01341	0.00933	0.01008	0.00569	0.00683	0.00474	0.00372	0.00336	0.00100	0.02538	0.00244	0.00190	0.00435
6	0.00898	0.01005	0.11424	0.02133	0.74780	0.00880	0.01167	0.01143	0.00838	0.01208	0.00694	0.00903	0.00574	0.00333	0.00366	0.00111	0.00454	0.00324	0.00181	0.00583
7	0.04839	0.00558	0.00629	0.00570	0.00730	0.00562	0.00438	0.04771	0.19305	0.03539	0.17135	0.14499	0.15906	0.00697	0.00413	0.00119	0.01919	0.02061	0.00344	0.10966
8	0.02437	0.28749	0.16332	0.02380	0.01193	0.24023	0.04118	0.10753	0.00965	0.01150	0.02799	0.02224	0.00608	0.00383	0.00320	0.00100	0.00500	0.00277	0.00204	0.00487
9	0.02505	0.10401	0.02241	0.00921	0.10902	0.18438	0.00666	0.14917	0.15749	0.04557	0.03294	0.01304	0.11576	0.00484	0.00358	0.00109	0.00407	0.00379	0.00285	0.00507
10	0.00465	0.00377	0.00413	0.00404	0.00518	0.00325	0.00303	0.00585	0.00909	0.01153	0.28695	0.03325	0.59461	0.00884	0.00438	0.00123	0.00184	0.00749	0.00364	0.00325
11	0.30204	0.31495	0.07099	0.00657	0.00935	0.06527	0.00610	0.01237	0.04633	0.09693	0.00672	0.00728	0.00527	0.00367	0.00303	0.00103	0.03272	0.00240	0.00225	0.00473

[dist]
# distance from previous block
# <min> <max>
3	5

[block]
# block no. 9 follows, 74 sequences, length 11
# corresponding to MSA columns:
# 779-789
name=unknown_J
#
# <colnr> <probs for GDERKNQSTAVLIFYWHMCP>
#	G	D	E	R	K	N	Q	S	T	A	V	L	I	F	Y	W	H	M	C	P
0	0.00676	0.00626	0.01045	0.77500	0.02354	0.00772	0.00962	0.00905	0.00739	0.00948	0.00798	0.09570	0.00691	0.00450	0.00381	0.00126	0.00467	0.00402	0.00183	0.00401
1	0.09913	0.01072	0.00841	0.00765	0.00950	0.29386	0.00581	0.01571	0.38843	0.01263	0.01054	0.01147	0.00849	0.07095	0.02968	0.00146	0.00445	0.00345	0.00283	0.00481
2	0.00527	0.00354	0.00409	0.00422	0.00425	0.00351	0.00243	0.00536	0.00565	0.00754	0.01301	0.15026	0.01515	0.74133	0.01678	0.00329	0.00338	0.00617	0.00243	0.00236
3	0.02415	0.07829	0.13778	0.01116	0.10557	0.03807	0.20355	0.05951	0.00905	0.12689	0.00791	0.00899	0.00589	0.00351	0.00368	0.00104	0.01796	0.00320	0.00234	0.15149
4	0.00641	0.00539	0.00607	0.00653	0.00734	0.08924	0.00528	0.00774	0.00794	0.01003	0.01662	0.12903	0.03606	0.06304	0.15204	0.00244	0.00470	0.43775	0.00296	0.00337
5	0.00799	0.05532	0.68901	0.01171	0.10748	0.04166	0.01288	0.01181	0.00800	0.01156	0.00660	0.00786	0.00484	0.00350	0.00349	0.00114	0.00535	0.00276	0.00161	0.00545
6	0.00505	0.00363	0.00462	0.00471	0.00542	0.00335	0.00341	0.00638	0.00911	0.01264	0.47625	0.25976	0.10305	0.03153	0.00481	0.00133	0.00196	0.02489	0.03479	0.00330
7	0.00449	0.00336	0.00418	0.00483	0.00529	0.00304	0.00330	0.00521	0.00743	0.00961	0.02458	0.66709	0.22192	0.01109	0.00465	0.00145	0.00209	0.00990	0.00345	0.00304
8	0.03941	0.00638	0.00834	0.01977	0.00936	0.00594	0.00543	0.06322	0.02789	0.64820	0.03026	0.01257	0.00933	0.00539	0.03171	0.00130	0.01797	0.00371	0.04794	0.00587
9	0.89577	0.00718	0.00546	0.00488	0.00718	0.00833	0.00402	0.01091	0.00632	0.01665	0.00517	0.00603	0.00402	0.00345	0.00230	0.00115	0.00287	0.00201	0.00230	0.00402
10	0.00830	0.13532	0.37515	0.04910	0.07260	0.02695	0.00965	0.03817	0.02902	0.01181	0.02667	0.00837	0.00591	0.00348	0.00325	0.00099	0.00444	0.00273	0.00192	0.18618

[dist]
# distance from previous block
# <min> <max>
1	2

[block]
# block no. 10 follows, 74 sequences, length 16
# corresponding to MSA columns:
# 792-807
name=unknown_K
#
# <colnr> <probs for GDERKNQSTAVLIFYWHMCP>
#	G	D	E	R	K	N	Q	S	T	A	V	L	I	F	Y	W	H	M	C	P
0	0.01152	0.48974	0.03839	0.00779	0.01052	0.34813	0.00689	0.03121	0.00896	0.00929	0.00552	0.00637	0.00480	0.00347	0.00283	0.00088	0.00510	0.00220	0.00176	0.00464
1	0.00559	0.00406	0.00547	0.00583	0.00643	0.00430	0.00445	0.00717	0.05688	0.00962	0.01519	0.20698	0.01632	0.13024	0.26887	0.02425	0.00515	0.21713	0.00281	0.00325
2	0.00753	0.01736	0.02094	0.06895	0.06495	0.14470	0.06248	0.00974	0.06428	0.01172	0.21941	0.07184	0.14179	0.00656	0.00412	0.00122	0.00361	0.07177	0.00298	0.00405
3	0.00781	0.00549	0.00649	0.00584	0.00735	0.00566	0.00450	0.01249	0.29372	0.10398	0.45251	0.02157	0.04433	0.00644	0.00410	0.00120	0.00231	0.00556	0.00402	0.00460
4	0.00829	0.01206	0.32057	0.05354	0.16137	0.00851	0.06081	0.05899	0.15443	0.01309	0.05151	0.01181	0.03260	0.00432	0.00390	0.00120	0.01816	0.01714	0.00236	0.00535
5	0.00611	0.00505	0.00794	0.00677	0.00815	0.00478	0.14309	0.02061	0.02491	0.02596	0.43991	0.14296	0.10013	0.00749	0.00453	0.00126	0.01477	0.02830	0.00351	0.00379
6	0.00924	0.00826	0.01188	0.21519	0.29772	0.02997	0.00908	0.15845	0.02342	0.01289	0.01959	0.01038	0.03306	0.00464	0.00513	0.03457	0.10583	0.00349	0.00221	0.00501
7	0.00753	0.01820	0.76993	0.01072	0.01582	0.00881	0.04407	0.01159	0.00774	0.01159	0.00659	0.00793	0.00475	0.00369	0.00407	0.00120	0.05596	0.00283	0.00158	0.00538
8	0.04619	0.01365	0.05857	0.00981	0.01239	0.38017	0.11079	0.21708	0.04763	0.03006	0.00733	0.00817	0.00561	0.00402	0.00385	0.00109	0.03305	0.00301	0.00247	0.00504
9	0.32744	0.19290	0.01078	0.03332	0.06970	0.16297	0.00616	0.04063	0.00802	0.03715	0.00613	0.01743	0.00511	0.00430	0.02175	0.00117	0.04592	0.00251	0.00212	0.00449
10	0.00679	0.00405	0.00463	0.03185	0.00590	0.00417	0.00351	0.05652	0.00833	0.01329	0.07537	0.08881	0.02686	0.02071	0.07499	0.00147	0.00278	0.02607	0.54035	0.00358
11	0.00929	0.00830	0.05889	0.13383	0.05848	0.03118	0.00706	0.16947	0.23543	0.04884	0.06078	0.06097	0.06055	0.00531	0.00385	0.00120	0.00363	0.01821	0.00314	0.02158
12	0.00537	0.00371	0.00459	0.00459	0.00478	0.00389	0.00292	0.00575	0.00556	0.00760	0.01120	0.02155	0.01230	0.63188	0.25494	0.00427	0.00539	0.00500	0.00218	0.00255
13	0.00854	0.02747	0.27926	0.10230	0.19959	0.00916	0.07790	0.04666	0.14493	0.01252	0.00816	0.00954	0.00623	0.00389	0.00411	0.00120	0.04768	0.00334	0.00212	0.00540
14	0.00530	0.00358	0.00417	0.00433	0.00440	0.00354	0.00258	0.00546	0.00578	0.00769	0.01329	0.14541	0.01542	0.70966	0.01627	0.00322	0.00338	0.04163	0.00247	0.00241
15	0.00999	0.78438	0.01859	0.00669	0.00962	0.05047	0.00649	0.01115	0.00756	0.00876	0.00517	0.00611	0.00477	0.00340	0.00300	0.00085	0.05462	0.00208	0.00160	0.00470

[dist]
# distance from previous block
# <min> <max>
0	5

[block]
# block no. 11 follows, 74 sequences, length 19
# corresponding to MSA columns:
# 813-831
name=unknown_L
#
# <colnr> <probs for GDERKNQSTAVLIFYWHMCP>
#	G	D	E	R	K	N	Q	S	T	A	V	L	I	F	Y	W	H	M	C	P
0	0.00534	0.00368	0.00442	0.00442	0.00460	0.00379	0.00275	0.00564	0.00564	0.00760	0.01246	0.02285	0.04835	0.66481	0.18493	0.00397	0.00479	0.00522	0.00225	0.00250
1	0.01354	0.00929	0.01077	0.12160	0.01308	0.01018	0.00725	0.60409	0.01511	0.14320	0.00945	0.00959	0.00655	0.00438	0.00372	0.00114	0.00406	0.00339	0.00357	0.00602
2	0.00945	0.08929	0.04826	0.08279	0.55800	0.03717	0.05448	0.04067	0.00871	0.02632	0.00696	0.00890	0.00568	0.00340	0.00358	0.00109	0.00459	0.00320	0.00191	0.00555
3	0.00525	0.00379	0.00496	0.00467	0.00555	0.00350	0.00350	0.00700	0.01051	0.01488	0.84444	0.02773	0.03502	0.00759	0.00438	0.00117	0.00175	0.00671	0.00409	0.00350
4	0.00531	0.00395	0.00585	0.00585	0.00647	0.00458	0.00449	0.00655	0.00593	0.00853	0.01005	0.01518	0.00954	0.07954	0.80350	0.00582	0.00955	0.00406	0.00200	0.00325
5	0.00629	0.00332	0.00478	0.00478	0.00487	0.00337	0.00320	0.00518	0.00509	0.00698	0.00742	0.01282	0.00743	0.09283	0.07262	0.71015	0.00366	0.00349	0.03984	0.00187
6	0.01350	0.09673	0.01135	0.00927	0.01129	0.77692	0.00710	0.01448	0.01024	0.00905	0.00568	0.00663	0.00478	0.00376	0.00326	0.00094	0.00644	0.00235	0.00188	0.00435
7	0.01058	0.00839	0.00922	0.00709	0.01005	0.00836	0.00574	0.34881	0.15256	0.01730	0.00899	0.00924	0.00682	0.00384	0.00332	0.00090	0.00333	0.00301	0.00309	0.37938
8	0.00741	0.00701	0.01186	0.70618	0.17688	0.00835	0.01051	0.00984	0.00761	0.00997	0.00667	0.00977	0.00512	0.00364	0.00370	0.00121	0.00485	0.00330	0.00168	0.00445
9	0.00452	0.00323	0.00431	0.00517	0.00538	0.00301	0.00345	0.00517	0.00711	0.00948	0.02046	0.86713	0.02455	0.01163	0.00474	0.00151	0.00215	0.01055	0.00345	0.00301
10	0.05957	0.04058	0.08249	0.00782	0.01014	0.03577	0.02476	0.26722	0.01102	0.13266	0.05545	0.01045	0.00803	0.00473	0.00486	0.00117	0.14202	0.00340	0.09268	0.00516
11	0.04241	0.00817	0.00866	0.00787	0.02965	0.03401	0.00602	0.03122	0.65157	0.06163	0.01353	0.01271	0.01014	0.00486	0.00400	0.00123	0.03576	0.00391	0.00354	0.02911
12	0.00744	0.01920	0.85032	0.01058	0.01607	0.00862	0.01371	0.01176	0.00784	0.01176	0.00666	0.00784	0.00470	0.00353	0.00353	0.00118	0.00549	0.00274	0.00157	0.00549
13	0.00802	0.00798	0.01135	0.08848	0.01121	0.01108	0.00832	0.00898	0.00585	0.00898	0.00503	0.00829	0.00488	0.00624	0.01140	0.00159	0.78338	0.00325	0.00163	0.00407
14	0.03830	0.08345	0.24726	0.09291	0.11338	0.02663	0.12942	0.06588	0.06640	0.04454	0.00834	0.01949	0.00661	0.00400	0.00366	0.00117	0.00475	0.03642	0.00219	0.00520
15	0.00725	0.00650	0.01086	0.76949	0.04639	0.00796	0.00988	0.00961	0.00750	0.03438	0.00727	0.03073	0.00569	0.00455	0.02615	0.00136	0.00494	0.00350	0.00179	0.00419
16	0.00463	0.00357	0.00425	0.00464	0.00538	0.00319	0.00334	0.00557	0.00810	0.01037	0.11484	0.39198	0.35913	0.01021	0.00458	0.00138	0.00207	0.05610	0.00351	0.00314
17	0.00614	0.00449	0.00539	0.00501	0.00616	0.00434	0.00380	0.04890	0.08082	0.03253	0.52692	0.07456	0.15485	0.00760	0.00427	0.00120	0.00204	0.00660	0.02056	0.00382
18	0.09692	0.15336	0.15647	0.06230	0.11381	0.14413	0.04967	0.10372	0.02456	0.03799	0.00682	0.00795	0.00530	0.00369	0.00344	0.00108	0.01879	0.00281	0.00212	0.00508

[dist]
# distance from previous block
# <min> <max>
2	34

[block]
# block no. 12 follows, 74 sequences, length 20
# corresponding to MSA columns:
# 869-888
name=unknown_M
#
# <colnr> <probs for GDERKNQSTAVLIFYWHMCP>
#	G	D	E	R	K	N	Q	S	T	A	V	L	I	F	Y	W	H	M	C	P
0	0.16022	0.02151	0.09352	0.06479	0.28890	0.10671	0.06962	0.04222	0.02477	0.03328	0.00684	0.00838	0.00540	0.00361	0.00365	0.00112	0.02933	0.00298	0.00207	0.03109
1	0.00860	0.02582	0.04677	0.05125	0.16753	0.02984	0.04307	0.06315	0.03262	0.03937	0.00883	0.09446	0.00788	0.00419	0.00343	0.00094	0.00362	0.01232	0.00240	0.35388
2	0.55937	0.05539	0.02342	0.08075	0.01026	0.03112	0.05173	0.03551	0.05615	0.03123	0.00633	0.00737	0.00489	0.00368	0.00304	0.00116	0.02938	0.00251	0.00231	0.00438
3	0.00940	0.37255	0.25582	0.00848	0.01217	0.01133	0.07188	0.10908	0.05030	0.01219	0.02427	0.00823	0.00609	0.00364	0.00314	0.00101	0.00443	0.00280	0.02803	0.00516
4	0.00693	0.00438	0.00546	0.00506	0.00624	0.00421	0.00390	0.00908	0.06428	0.10864	0.44846	0.05726	0.10309	0.00752	0.01956	0.00127	0.01516	0.03343	0.09214	0.00392
5	0.00501	0.00363	0.00466	0.00475	0.00541	0.00336	0.00341	0.00628	0.00904	0.01245	0.48561	0.26170	0.08877	0.06458	0.00543	0.00144	0.00203	0.02544	0.00373	0.00326
6	0.03809	0.00426	0.00525	0.00486	0.00587	0.00426	0.00358	0.00902	0.00745	0.16136	0.06945	0.03192	0.01222	0.22168	0.18761	0.00271	0.00423	0.00439	0.21811	0.00366
7	0.00992	0.87178	0.01945	0.00635	0.00953	0.01469	0.00635	0.01111	0.00754	0.00873	0.00516	0.00595	0.00476	0.00318	0.00238	0.00079	0.00397	0.00198	0.00159	0.00476
8	0.00650	0.00403	0.00524	0.00485	0.00592	0.00369	0.00369	0.00815	0.01018	0.10170	0.65491	0.05838	0.04570	0.00735	0.00425	0.00117	0.00194	0.02057	0.04800	0.00377
9	0.00571	0.00379	0.00469	0.00489	0.00529	0.00388	0.00349	0.00650	0.00650	0.00912	0.01334	0.02569	0.01422	0.44492	0.13208	0.00316	0.00422	0.19347	0.11221	0.00282
10	0.05336	0.00652	0.00829	0.00646	0.00914	0.00601	0.00531	0.09820	0.01088	0.66019	0.01345	0.01208	0.00871	0.00451	0.00357	0.00112	0.00312	0.00360	0.07950	0.00598
11	0.89577	0.00718	0.00546	0.00488	0.00718	0.00833	0.00402	0.01091	0.00632	0.01665	0.00517	0.00603	0.00402	0.00345	0.00230	0.00115	0.00287	0.00201	0.00230	0.00402
12	0.00507	0.00379	0.00471	0.00448	0.00544	0.00343	0.00336	0.00666	0.01008	0.01388	0.67807	0.02938	0.20202	0.00796	0.00438	0.00119	0.00178	0.00694	0.00395	0.00343
13	0.89577	0.00718	0.00546	0.00488	0.00718	0.00833	0.00402	0.01091	0.00632	0.01665	0.00517	0.00603	0.00402	0.00345	0.00230	0.00115	0.00287	0.00201	0.00230	0.00402
14	0.00859	0.00657	0.00779	0.00561	0.00886	0.00500	0.00450	0.01022	0.00799	0.09540	0.00740	0.00819	0.00587	0.00293	0.00285	0.00061	0.00279	0.00235	0.00244	0.80405
15	0.00531	0.00356	0.00407	0.00416	0.00418	0.00354	0.00237	0.00538	0.00557	0.00742	0.01257	0.10819	0.01460	0.78415	0.01748	0.00339	0.00345	0.00591	0.00237	0.00233
16	0.01414	0.00731	0.00891	0.00700	0.00962	0.00722	0.00572	0.25250	0.06590	0.46147	0.10806	0.01337	0.01145	0.00493	0.00380	0.00115	0.00325	0.00399	0.00423	0.00596
17	0.00484	0.00372	0.00437	0.00440	0.00535	0.00331	0.00328	0.00610	0.00907	0.01192	0.34351	0.13766	0.38545	0.00893	0.00443	0.00126	0.00192	0.03856	0.01865	0.00328
18	0.00856	0.00657	0.00792	0.03807	0.00950	0.00512	0.00473	0.01022	0.00798	0.09530	0.00740	0.00827	0.00584	0.00297	0.00288	0.00064	0.00287	0.00239	0.00242	0.77034
19	0.02803	0.00623	0.00819	0.00643	0.00902	0.00559	0.00525	0.06550	0.01086	0.67465	0.09741	0.02771	0.02761	0.00507	0.00380	0.00116	0.00303	0.00417	0.00442	0.00589

[dist]
# distance from previous block
# <min> <max>
5	8

[block]
# block no. 13 follows, 74 sequences, length 24
# corresponding to MSA columns:
# 898-921
name=unknown_N
#
# <colnr> <probs for GDERKNQSTAVLIFYWHMCP>
#	G	D	E	R	K	N	Q	S	T	A	V	L	I	F	Y	W	H	M	C	P
0	0.00523	0.00379	0.00492	0.00464	0.00553	0.00349	0.00348	0.00695	0.01044	0.01473	0.81867	0.02798	0.06088	0.00765	0.00438	0.00117	0.00176	0.00675	0.00407	0.00349
1	0.00529	0.00346	0.00459	0.00494	0.00511	0.00343	0.00328	0.00539	0.00632	0.00850	0.04935	0.38493	0.01756	0.21941	0.03943	0.19260	0.01595	0.02516	0.00271	0.00259
2	0.04482	0.00634	0.00851	0.00655	0.00940	0.00555	0.00541	0.01786	0.01049	0.82230	0.01434	0.01242	0.00902	0.00456	0.00369	0.00115	0.00315	0.00368	0.00452	0.00624
3	0.01387	0.01745	0.01054	0.00953	0.01148	0.82655	0.00717	0.04212	0.01075	0.00956	0.00584	0.00677	0.00483	0.00385	0.00336	0.00096	0.00661	0.00242	0.00197	0.00437
4	0.00969	0.79195	0.09726	0.00675	0.01014	0.01412	0.00704	0.01117	0.00757	0.00902	0.00530	0.00613	0.00476	0.00321	0.00249	0.00083	0.00411	0.00206	0.00159	0.00483
5	0.00496	0.00376	0.00535	0.08590	0.03423	0.00374	0.00444	0.00587	0.00723	0.00962	0.01870	0.72796	0.02200	0.01057	0.00462	0.00148	0.00254	0.04058	0.00322	0.00323
6	0.01322	0.01665	0.01058	0.08926	0.01279	0.77539	0.00747	0.01432	0.01023	0.00912	0.00582	0.00699	0.00480	0.00381	0.00338	0.00098	0.00653	0.00248	0.00189	0.00429
7	0.04364	0.08764	0.00871	0.00555	0.00880	0.00600	0.00457	0.00957	0.00763	0.01196	0.00641	0.00747	0.00537	0.00282	0.00270	0.00060	0.00287	0.00217	0.00215	0.77339
8	0.00895	0.09034	0.42756	0.01044	0.09108	0.06613	0.01042	0.05807	0.00863	0.05498	0.04082	0.00919	0.00661	0.00518	0.04779	0.00139	0.05216	0.00304	0.00202	0.00520
9	0.08876	0.00906	0.00967	0.00759	0.01021	0.00993	0.00622	0.62048	0.01519	0.05486	0.08719	0.01077	0.00905	0.00466	0.00361	0.00111	0.00363	0.00356	0.03870	0.00574
10	0.00565	0.00475	0.02628	0.00564	0.00639	0.02325	0.00437	0.00680	0.00669	0.00930	0.08703	0.01876	0.09374	0.16216	0.45285	0.00411	0.05112	0.00472	0.02314	0.00325
11	0.00882	0.09167	0.15080	0.11582	0.34625	0.04720	0.09364	0.01133	0.01574	0.02643	0.00804	0.00980	0.03696	0.00370	0.00375	0.00113	0.01845	0.00334	0.00188	0.00522
12	0.00761	0.00429	0.00583	0.00549	0.00628	0.00439	0.00405	0.06443	0.00729	0.10316	0.05592	0.09346	0.01094	0.03098	0.20535	0.33382	0.00459	0.00439	0.04454	0.00319
13	0.00475	0.00339	0.00457	0.00543	0.00575	0.00321	0.00385	0.00557	0.00733	0.00973	0.02033	0.73706	0.02405	0.01141	0.00480	0.00154	0.00235	0.13835	0.00344	0.00308
14	0.00802	0.02393	0.12349	0.11134	0.11717	0.03679	0.16726	0.02562	0.01982	0.04617	0.14244	0.08609	0.01219	0.00492	0.00390	0.00118	0.00419	0.00459	0.05626	0.00463
15	0.02114	0.11528	0.20752	0.09340	0.07837	0.01740	0.00868	0.01090	0.05191	0.05823	0.06003	0.01165	0.06230	0.00516	0.01672	0.00129	0.16953	0.00356	0.00219	0.00475
16	0.05802	0.01528	0.00995	0.00884	0.01093	0.67166	0.00673	0.01517	0.01033	0.14898	0.00719	0.00765	0.00548	0.00393	0.00336	0.00100	0.00592	0.00259	0.00238	0.00462
17	0.01996	0.00496	0.00632	0.11291	0.02839	0.00497	0.00482	0.05621	0.02449	0.09247	0.20895	0.05654	0.20300	0.01524	0.00412	0.00122	0.00266	0.04259	0.10619	0.00399
18	0.03023	0.00823	0.06411	0.19568	0.28379	0.02615	0.04865	0.03293	0.02920	0.10624	0.02519	0.07280	0.02825	0.01378	0.00393	0.00120	0.00420	0.00404	0.00241	0.01898
19	0.04349	0.02389	0.00853	0.19940	0.07207	0.10601	0.03945	0.00887	0.01996	0.02880	0.02295	0.33288	0.06483	0.00706	0.00404	0.00128	0.00372	0.00622	0.00264	0.00391
20	0.01367	0.01733	0.01070	0.01010	0.04553	0.82015	0.00734	0.01468	0.01043	0.00921	0.00579	0.00680	0.00483	0.00380	0.00336	0.00096	0.00660	0.00243	0.00191	0.00437
21	0.00917	0.00877	0.01484	0.05802	0.74195	0.00896	0.03119	0.03192	0.00855	0.01218	0.00696	0.00920	0.00581	0.00346	0.00398	0.00113	0.03299	0.00333	0.00187	0.00573
22	0.00593	0.00410	0.00520	0.00489	0.00589	0.00385	0.00367	0.02829	0.02931	0.04833	0.63550	0.10685	0.07770	0.00778	0.00433	0.00120	0.00194	0.00684	0.01472	0.00367
23	0.05558	0.11491	0.13703	0.09407	0.18340	0.04957	0.05550	0.10779	0.04574	0.05100	0.00806	0.04300	0.00660	0.01685	0.00384	0.00116	0.01506	0.00339	0.00228	0.00518

[dist]
# distance from previous block
# <min> <max>
1	14

[block]
# block no. 14 follows, 74 sequences, length 20
# corresponding to MSA columns:
# 937-956
name=unknown_O
#
# <colnr> <probs for GDERKNQSTAVLIFYWHMCP>
#	G	D	E	R	K	N	Q	S	T	A	V	L	I	F	Y	W	H	M	C	P
0	0.00839	0.00831	0.06933	0.13956	0.35839	0.00797	0.05456	0.01154	0.09966	0.04519	0.03779	0.03837	0.02248	0.00580	0.05993	0.00150	0.01992	0.00391	0.00228	0.00514
1	0.00867	0.00558	0.00661	0.00559	0.00758	0.00513	0.00437	0.04297	0.11019	0.15708	0.13439	0.09740	0.07536	0.00571	0.00365	0.00104	0.00254	0.01664	0.09253	0.21696
2	0.00728	0.00578	0.00694	0.00702	0.07137	0.02248	0.00460	0.09901	0.06199	0.01033	0.01119	0.01842	0.03800	0.45167	0.08509	0.00286	0.08536	0.00463	0.00243	0.00355
3	0.04805	0.01528	0.03992	0.00871	0.01072	0.64031	0.00679	0.06770	0.01049	0.01099	0.03291	0.00809	0.00618	0.00400	0.00331	0.00098	0.00578	0.00267	0.07277	0.00437
4	0.04253	0.00686	0.05280	0.01894	0.15136	0.00635	0.12251	0.02092	0.07595	0.01176	0.01451	0.20845	0.04751	0.00736	0.01926	0.00144	0.00379	0.16428	0.01906	0.00433
5	0.01056	0.77275	0.01830	0.00653	0.00962	0.05550	0.00633	0.01176	0.00789	0.06401	0.00581	0.00643	0.00506	0.00330	0.00252	0.00083	0.00405	0.00212	0.00180	0.00484
6	0.72969	0.00703	0.00599	0.00513	0.00757	0.00775	0.00422	0.01169	0.00694	0.11829	0.00642	0.00695	0.00475	0.00354	0.00250	0.00111	0.00290	0.00223	0.00257	0.06272
7	0.05643	0.00681	0.01033	0.41696	0.13164	0.00773	0.00846	0.02514	0.03431	0.13475	0.02350	0.01142	0.03095	0.02355	0.00461	0.01771	0.04514	0.00356	0.00235	0.00465
8	0.00878	0.25574	0.28349	0.06569	0.06805	0.01000	0.06576	0.03160	0.03595	0.04821	0.00848	0.02952	0.03106	0.00408	0.00356	0.00110	0.02110	0.02075	0.00202	0.00506
9	0.00555	0.00382	0.00454	0.00485	0.03777	0.00384	0.00268	0.00567	0.00554	0.00743	0.01146	0.02341	0.01307	0.81103	0.04204	0.00357	0.00381	0.00527	0.00223	0.00242
10	0.00484	0.00379	0.00413	0.00413	0.00527	0.00325	0.00309	0.00590	0.00869	0.03048	0.15296	0.10621	0.62227	0.00923	0.00441	0.00127	0.00194	0.02130	0.00357	0.00326
11	0.00798	0.00809	0.02851	0.32499	0.14340	0.03889	0.17557	0.01061	0.04114	0.01099	0.03956	0.03408	0.00735	0.00419	0.00447	0.00123	0.06958	0.00384	0.04095	0.00458
12	0.12285	0.04020	0.23879	0.01867	0.05381	0.05330	0.15281	0.04938	0.05998	0.02240	0.00801	0.00980	0.02441	0.03260	0.00507	0.05290	0.04487	0.00331	0.00209	0.00476
13	0.01096	0.08171	0.08370	0.00745	0.02914	0.04139	0.01992	0.18719	0.02015	0.19502	0.06526	0.06812	0.04376	0.00492	0.00359	0.00106	0.00355	0.00400	0.02820	0.10092
14	0.00719	0.00482	0.00620	0.00557	0.00700	0.00443	0.02193	0.03829	0.03491	0.10617	0.29928	0.13764	0.09408	0.05043	0.00492	0.00132	0.00252	0.07064	0.00358	0.09906
15	0.00941	0.06312	0.05705	0.23724	0.24314	0.04346	0.03232	0.02507	0.02016	0.12864	0.02037	0.08697	0.00806	0.00446	0.00372	0.00117	0.00429	0.00395	0.00238	0.00501
16	0.00869	0.11061	0.19845	0.04867	0.10700	0.03963	0.06483	0.07389	0.07797	0.03579	0.00981	0.13801	0.00890	0.02075	0.00394	0.00119	0.00423	0.00424	0.00239	0.04102
17	0.00659	0.13302	0.09953	0.01508	0.00789	0.00635	0.00549	0.00807	0.02305	0.04017	0.10474	0.35516	0.03182	0.05294	0.02711	0.00154	0.06823	0.00655	0.00283	0.00383
18	0.00594	0.02915	0.01795	0.02614	0.01855	0.01992	0.03732	0.01969	0.00719	0.02418	0.05244	0.38577	0.05432	0.13303	0.06417	0.08767	0.00344	0.00713	0.00282	0.00318
