[name]
unknown

[dist]
# distance from previous block
# <min> <max>
0	126

[block]
# block no. 0 follows, 71 sequences, length 13
# corresponding to MSA columns:
# 152-164
name=unknown_A
#
# <colnr> <probs for GDERKNQSTAVLIFYWHMCP>
#	G	D	E	R	K	N	Q	S	T	A	V	L	I	F	Y	W	H	M	C	P
0	0.02607	0.03770	0.03277	0.00679	0.00942	0.04482	0.00562	0.07771	0.13312	0.24561	0.04290	0.04549	0.03135	0.00494	0.00363	0.00108	0.00330	0.02562	0.03576	0.18631
1	0.00893	0.13259	0.25623	0.08373	0.06130	0.04298	0.02769	0.04370	0.05872	0.05077	0.03920	0.04849	0.02587	0.00473	0.00390	0.00117	0.02626	0.03449	0.00236	0.04690
2	0.00978	0.02682	0.06032	0.23216	0.20629	0.09330	0.08704	0.03405	0.03842	0.08375	0.00857	0.04498	0.00689	0.00424	0.00397	0.01247	0.00483	0.00370	0.00229	0.03614
3	0.02034	0.00396	0.00507	0.04870	0.00663	0.00392	0.00385	0.00653	0.02654	0.01075	0.17359	0.38286	0.07276	0.16033	0.03404	0.00198	0.00286	0.02874	0.00331	0.00324
4	0.00681	0.00629	0.00965	0.31332	0.13154	0.03310	0.04957	0.00859	0.00808	0.01052	0.04065	0.27254	0.08012	0.00685	0.00425	0.00133	0.00392	0.00621	0.00255	0.00411
5	0.04822	0.07329	0.17010	0.14551	0.10777	0.08403	0.00907	0.14140	0.03550	0.08533	0.00882	0.05856	0.00708	0.00443	0.00366	0.00118	0.00462	0.00357	0.00253	0.00533
6	0.02241	0.03141	0.17033	0.16144	0.11906	0.03949	0.07801	0.02248	0.06418	0.03292	0.03583	0.04815	0.07475	0.05175	0.00502	0.00138	0.02997	0.00428	0.00234	0.00481
7	0.00591	0.00413	0.00471	0.00448	0.00562	0.00368	0.00329	0.00718	0.02375	0.07194	0.24089	0.04801	0.43398	0.11789	0.00639	0.00158	0.00225	0.00715	0.00367	0.00351
8	0.05297	0.05619	0.00839	0.00656	0.00845	0.02909	0.02411	0.06528	0.04944	0.24343	0.17888	0.11661	0.08448	0.00655	0.00450	0.00125	0.04991	0.00540	0.00370	0.00483
9	0.01145	0.00914	0.01188	0.07786	0.23889	0.05641	0.04281	0.24655	0.07108	0.09348	0.01020	0.01161	0.02117	0.00441	0.00382	0.00117	0.00426	0.02392	0.05416	0.00572
10	0.04279	0.00619	0.00746	0.02799	0.00858	0.00636	0.00510	0.08884	0.13208	0.21754	0.21387	0.03304	0.09878	0.03204	0.00514	0.02138	0.03898	0.00511	0.00383	0.00489
11	0.00643	0.00445	0.00476	0.00470	0.00485	0.05261	0.00290	0.00613	0.00583	0.00763	0.01032	0.02006	0.01133	0.55541	0.01669	0.23565	0.00372	0.00472	0.03948	0.00233
12	0.00988	0.03723	0.03906	0.12513	0.46166	0.03765	0.04546	0.10159	0.07991	0.01351	0.00800	0.00976	0.00636	0.00376	0.00379	0.00117	0.00464	0.00345	0.00224	0.00575

[dist]
# distance from previous block
# <min> <max>
0	1

[block]
# block no. 1 follows, 71 sequences, length 10
# corresponding to MSA columns:
# 166,168,169,172-178
name=unknown_B
#
# <colnr> <probs for GDERKNQSTAVLIFYWHMCP>
#	G	D	E	R	K	N	Q	S	T	A	V	L	I	F	Y	W	H	M	C	P
0	0.01875	0.00745	0.05800	0.13702	0.10965	0.00702	0.12188	0.07095	0.04009	0.03725	0.03519	0.19527	0.05984	0.00645	0.00425	0.00133	0.00398	0.05782	0.02321	0.00460
1	0.12173	0.05678	0.09229	0.08656	0.01151	0.10286	0.02101	0.10540	0.02862	0.01311	0.07166	0.01099	0.00842	0.02812	0.07849	0.00171	0.12088	0.00343	0.03189	0.00456
2	0.42802	0.00749	0.00805	0.17526	0.01192	0.00871	0.00615	0.11530	0.00855	0.05447	0.00907	0.01018	0.06739	0.00451	0.00387	0.00125	0.06958	0.00315	0.00257	0.00452
3	0.25071	0.00692	0.07073	0.00602	0.00758	0.04479	0.02371	0.00847	0.00734	0.01204	0.04456	0.23753	0.07493	0.11561	0.03131	0.00175	0.02288	0.00570	0.00272	0.02470
4	0.07368	0.00657	0.04669	0.00672	0.00846	0.00625	0.04446	0.07322	0.16854	0.04685	0.16806	0.21649	0.08757	0.00741	0.00423	0.00132	0.00292	0.02252	0.00356	0.00449
5	0.00532	0.00439	0.00617	0.06905	0.00790	0.00418	0.06735	0.00635	0.00776	0.00994	0.04596	0.31018	0.28177	0.14760	0.00702	0.00177	0.00291	0.00798	0.00311	0.00328
6	0.06842	0.03879	0.00955	0.22493	0.11402	0.00714	0.02159	0.03450	0.02561	0.01271	0.18930	0.03425	0.08402	0.00532	0.00409	0.00117	0.02955	0.00452	0.00268	0.08783
7	0.08124	0.17715	0.13414	0.02778	0.08750	0.07230	0.00767	0.12697	0.00983	0.07816	0.00985	0.01041	0.07013	0.00419	0.00335	0.00105	0.00418	0.00318	0.00251	0.08842
8	0.13402	0.12073	0.30779	0.03635	0.07092	0.02413	0.03361	0.05393	0.00875	0.03471	0.07169	0.01004	0.02154	0.00403	0.00341	0.00112	0.00438	0.00316	0.00223	0.05345
9	0.07588	0.07849	0.04463	0.00713	0.00989	0.02575	0.02879	0.05945	0.09158	0.40492	0.01310	0.06462	0.02432	0.00495	0.00366	0.00117	0.00348	0.00401	0.02233	0.03185

[dist]
# distance from previous block
# <min> <max>
0	5

[block]
# block no. 2 follows, 71 sequences, length 11
# corresponding to MSA columns:
# 184-194
name=unknown_C
#
# <colnr> <probs for GDERKNQSTAVLIFYWHMCP>
#	G	D	E	R	K	N	Q	S	T	A	V	L	I	F	Y	W	H	M	C	P
0	0.16671	0.00631	0.06272	0.01777	0.00766	0.02244	0.00497	0.03458	0.03786	0.02746	0.01239	0.11512	0.06165	0.11559	0.25059	0.03977	0.00537	0.00479	0.00254	0.00374
1	0.00517	0.00377	0.00461	0.00502	0.00561	0.00356	0.00350	0.00650	0.04181	0.01104	0.14503	0.46487	0.14614	0.07164	0.00570	0.00158	0.00227	0.02471	0.04419	0.00330
2	0.02431	0.03686	0.10011	0.01083	0.15957	0.06652	0.06336	0.03688	0.10616	0.14595	0.11026	0.04984	0.04507	0.00521	0.00396	0.00121	0.00399	0.02156	0.00307	0.00529
3	0.04265	0.11178	0.30798	0.01139	0.11327	0.05453	0.08688	0.06679	0.04722	0.06073	0.02531	0.00920	0.00645	0.00387	0.00373	0.00115	0.01828	0.00318	0.00223	0.02338
4	0.00710	0.00617	0.04127	0.00665	0.00827	0.03734	0.07184	0.00923	0.05330	0.07319	0.23451	0.08009	0.21955	0.00877	0.04983	0.00157	0.02661	0.05721	0.00343	0.00408
5	0.00498	0.00367	0.00455	0.00511	0.00557	0.00347	0.00349	0.00601	0.03402	0.01002	0.04675	0.56486	0.14469	0.10987	0.00650	0.00176	0.00241	0.03567	0.00345	0.00316
6	0.04704	0.02778	0.10384	0.06310	0.12692	0.04238	0.12965	0.06386	0.05821	0.07378	0.01032	0.09630	0.02245	0.00525	0.00445	0.04860	0.00432	0.00427	0.02873	0.03874
7	0.00970	0.06295	0.28964	0.02733	0.01299	0.06515	0.04397	0.12426	0.08825	0.04524	0.00958	0.02306	0.03829	0.00435	0.00400	0.00113	0.03998	0.00340	0.00248	0.10424
8	0.00659	0.00552	0.00678	0.00716	0.05153	0.04246	0.00510	0.03874	0.00844	0.02181	0.10875	0.31752	0.12525	0.02491	0.04093	0.00168	0.11164	0.06826	0.00317	0.00374
9	0.05031	0.08262	0.22396	0.07266	0.09761	0.11047	0.00931	0.11724	0.05766	0.01325	0.00776	0.00894	0.01792	0.00407	0.00402	0.00113	0.05429	0.00303	0.00222	0.06151
10	0.17279	0.10147	0.22917	0.00840	0.07533	0.00823	0.00771	0.04322	0.02623	0.04463	0.06738	0.03999	0.06228	0.00470	0.00350	0.00114	0.01408	0.00367	0.04970	0.03638

[dist]
# distance from previous block
# <min> <max>
30	126

[block]
# block no. 3 follows, 71 sequences, length 12
# corresponding to MSA columns:
# 346-357
name=unknown_D
#
# <colnr> <probs for GDERKNQSTAVLIFYWHMCP>
#	G	D	E	R	K	N	Q	S	T	A	V	L	I	F	Y	W	H	M	C	P
0	0.17963	0.05657	0.17274	0.02102	0.02368	0.04212	0.06620	0.10074	0.05742	0.03273	0.08593	0.03896	0.02057	0.00461	0.00352	0.00116	0.00399	0.01219	0.02957	0.04665
1	0.04062	0.12953	0.03914	0.00761	0.02795	0.02625	0.05161	0.07545	0.10137	0.02490	0.04976	0.22397	0.05233	0.02811	0.00491	0.00131	0.06349	0.00554	0.00290	0.04322
2	0.00783	0.11209	0.18979	0.03435	0.03602	0.04428	0.05065	0.07663	0.00904	0.01191	0.03233	0.19700	0.12355	0.00644	0.00396	0.00122	0.00394	0.01539	0.00263	0.04095
3	0.03501	0.33093	0.16709	0.00877	0.03201	0.15589	0.02645	0.01291	0.08957	0.02216	0.00755	0.04059	0.00646	0.00418	0.00366	0.00107	0.04560	0.00301	0.00207	0.00502
4	0.06072	0.04559	0.04030	0.00658	0.00884	0.05429	0.03641	0.05468	0.07771	0.06697	0.04583	0.01430	0.11468	0.00630	0.00542	0.14510	0.00343	0.01349	0.00274	0.19662
5	0.04675	0.05495	0.33099	0.22016	0.08051	0.00915	0.03006	0.03494	0.03685	0.01185	0.00771	0.05032	0.00630	0.00432	0.00425	0.00125	0.05915	0.00348	0.00194	0.00506
6	0.01037	0.15274	0.02714	0.10830	0.12393	0.11578	0.05781	0.10292	0.07872	0.03053	0.02837	0.00948	0.00682	0.00426	0.00454	0.00115	0.09816	0.00326	0.00233	0.03338
7	0.00598	0.00447	0.00600	0.00581	0.00645	0.00487	0.00441	0.00709	0.03906	0.01044	0.18252	0.08851	0.12797	0.01404	0.20033	0.16455	0.09752	0.02390	0.00281	0.00328
8	0.00521	0.00364	0.00437	0.00473	0.00497	0.00351	0.00303	0.00563	0.00664	0.00873	0.01789	0.31840	0.08517	0.44803	0.01237	0.00265	0.00304	0.05630	0.00293	0.00274
9	0.04713	0.01078	0.01229	0.05652	0.34856	0.22221	0.02912	0.04721	0.03569	0.04289	0.00774	0.00979	0.00639	0.03495	0.02482	0.00134	0.03275	0.00329	0.02134	0.00519
10	0.00518	0.00388	0.00475	0.00458	0.00551	0.00351	0.00338	0.00666	0.00995	0.01355	0.57123	0.06145	0.23329	0.04984	0.00526	0.00136	0.00195	0.00730	0.00394	0.00344
11	0.00504	0.00418	0.00460	0.00449	0.00559	0.00387	0.00335	0.00640	0.03549	0.01112	0.15922	0.07158	0.57958	0.04669	0.00551	0.00142	0.03731	0.00762	0.00354	0.00338

[dist]
# distance from previous block
# <min> <max>
0	1

[block]
# block no. 4 follows, 71 sequences, length 19
# corresponding to MSA columns:
# 359-362,368-382
name=unknown_E
#
# <colnr> <probs for GDERKNQSTAVLIFYWHMCP>
#	G	D	E	R	K	N	Q	S	T	A	V	L	I	F	Y	W	H	M	C	P
0	0.14750	0.31321	0.02579	0.00770	0.01044	0.24338	0.00663	0.14361	0.01006	0.01295	0.00618	0.00698	0.00509	0.00377	0.00314	0.00099	0.01880	0.00243	0.00222	0.02913
1	0.01436	0.00653	0.00847	0.00669	0.00935	0.00597	0.00545	0.05913	0.06716	0.58096	0.07446	0.01434	0.02829	0.00604	0.04099	0.00138	0.00345	0.00409	0.00431	0.05858
2	0.00699	0.08084	0.00686	0.02641	0.00648	0.04919	0.00382	0.03411	0.04390	0.00882	0.01081	0.01994	0.01158	0.56868	0.08701	0.00324	0.02108	0.00476	0.00231	0.00314
3	0.01032	0.29417	0.23572	0.00998	0.06268	0.08010	0.05829	0.12284	0.06837	0.01282	0.00730	0.00817	0.00573	0.00375	0.00335	0.00106	0.00485	0.00287	0.00215	0.00546
4	0.00720	0.00710	0.01340	0.01047	0.01279	0.00670	0.39135	0.00981	0.04153	0.01235	0.14608	0.10963	0.11023	0.00653	0.00463	0.00136	0.00430	0.09730	0.00291	0.00434
5	0.00836	0.00782	0.01089	0.00848	0.04845	0.02558	0.13560	0.01027	0.00811	0.01221	0.00686	0.00840	0.00567	0.00317	0.00370	0.00078	0.05050	0.00274	0.00216	0.64024
6	0.00905	0.00788	0.01172	0.39551	0.19755	0.04508	0.02838	0.03828	0.05524	0.07234	0.00894	0.06349	0.00735	0.00441	0.00396	0.00123	0.01320	0.00392	0.00231	0.03017
7	0.00589	0.00412	0.00515	0.00515	0.00564	0.00415	0.00351	0.03729	0.00682	0.00928	0.02881	0.18209	0.02801	0.37561	0.16268	0.05457	0.00450	0.03560	0.00263	0.03850
8	0.00832	0.06346	0.00923	0.12246	0.05188	0.01917	0.00636	0.09248	0.15075	0.03414	0.14443	0.03869	0.12221	0.00678	0.02966	0.00140	0.06400	0.01825	0.01165	0.00467
9	0.00559	0.00397	0.00570	0.00570	0.00620	0.00448	0.00421	0.00646	0.00596	0.00845	0.01034	0.01671	0.01019	0.18682	0.62823	0.07302	0.00849	0.00433	0.00208	0.00308
10	0.01237	0.27194	0.04466	0.00858	0.01108	0.41437	0.00725	0.09826	0.01028	0.01110	0.00634	0.00731	0.00529	0.00394	0.00354	0.00099	0.03953	0.00254	0.03586	0.00481
11	0.00932	0.00764	0.03950	0.00783	0.05870	0.04482	0.03529	0.11187	0.03603	0.09770	0.15290	0.06000	0.04649	0.04039	0.00460	0.00117	0.01907	0.00448	0.01452	0.20768
12	0.03490	0.10343	0.26941	0.04288	0.03264	0.05251	0.00868	0.05354	0.11066	0.04340	0.09344	0.04985	0.03054	0.00509	0.00406	0.00121	0.03637	0.01968	0.00261	0.00508
13	0.00824	0.00776	0.01287	0.32985	0.41231	0.00842	0.02344	0.01096	0.05134	0.01147	0.00900	0.06674	0.02233	0.00434	0.00391	0.00123	0.00451	0.00406	0.00207	0.00514
14	0.09313	0.00834	0.01292	0.15211	0.52295	0.02219	0.01012	0.03366	0.00862	0.01268	0.00817	0.03048	0.00720	0.00420	0.00378	0.00121	0.00440	0.05637	0.00211	0.00536
15	0.03352	0.00914	0.01483	0.05316	0.29670	0.05301	0.21727	0.02895	0.03886	0.01225	0.03812	0.01169	0.00776	0.00520	0.03465	0.00145	0.10246	0.03371	0.00216	0.00514
16	0.00550	0.00377	0.00446	0.00457	0.00475	0.00378	0.00286	0.00580	0.00609	0.00809	0.01429	0.08087	0.05213	0.65532	0.07581	0.00351	0.00399	0.05930	0.00252	0.00257
17	0.00705	0.11354	0.23814	0.03959	0.01097	0.00722	0.05899	0.03684	0.00873	0.01183	0.14022	0.13614	0.10837	0.04508	0.00473	0.00135	0.00383	0.02034	0.00268	0.00438
18	0.00676	0.00587	0.02356	0.12701	0.09084	0.00555	0.03911	0.02270	0.00790	0.02054	0.03111	0.19132	0.08958	0.10234	0.05943	0.00179	0.00390	0.02416	0.00263	0.14388

[dist]
# distance from previous block
# <min> <max>
4	22

[block]
# block no. 5 follows, 71 sequences, length 31
# corresponding to MSA columns:
# 405-435
name=unknown_F
#
# <colnr> <probs for GDERKNQSTAVLIFYWHMCP>
#	G	D	E	R	K	N	Q	S	T	A	V	L	I	F	Y	W	H	M	C	P
0	0.00852	0.00751	0.05009	0.09236	0.08228	0.02564	0.00639	0.01086	0.05659	0.08169	0.03508	0.07601	0.05178	0.00463	0.00372	0.00098	0.02165	0.00388	0.00265	0.37766
1	0.04721	0.02551	0.08973	0.02629	0.01115	0.12283	0.02969	0.25891	0.12830	0.04965	0.01179	0.10391	0.03517	0.02058	0.00413	0.00126	0.00422	0.01272	0.01168	0.00528
2	0.00611	0.00507	0.00662	0.02464	0.09519	0.03893	0.01793	0.02221	0.01826	0.01087	0.07955	0.51427	0.04527	0.04481	0.00524	0.00154	0.00293	0.05363	0.00326	0.00367
3	0.00721	0.00446	0.00553	0.00541	0.00617	0.00440	0.00381	0.05336	0.00796	0.10979	0.03286	0.30874	0.06100	0.26752	0.04344	0.00230	0.02183	0.02618	0.02450	0.00355
4	0.27546	0.00731	0.00779	0.00650	0.03942	0.02450	0.00500	0.01229	0.03106	0.16669	0.00814	0.00858	0.00609	0.00352	0.00296	0.00092	0.00311	0.00261	0.00278	0.38528
5	0.03012	0.20037	0.06682	0.00884	0.02036	0.11917	0.08885	0.15450	0.12790	0.04320	0.00891	0.03911	0.00719	0.00432	0.00359	0.00879	0.00447	0.00338	0.00265	0.05746
6	0.01220	0.00641	0.00797	0.00636	0.00895	0.00571	0.00509	0.06103	0.06779	0.40534	0.04633	0.08047	0.07250	0.00542	0.00380	0.00110	0.00298	0.00451	0.00391	0.19215
7	0.02652	0.07385	0.12441	0.11593	0.10621	0.02740	0.09066	0.22612	0.01095	0.04755	0.02223	0.03518	0.02467	0.00458	0.01368	0.00122	0.00465	0.00367	0.00259	0.03794
8	0.02586	0.16083	0.01193	0.00795	0.01037	0.01042	0.02392	0.30435	0.07120	0.12259	0.01729	0.01100	0.00771	0.00663	0.06222	0.02201	0.08923	0.02588	0.00311	0.00548
9	0.02677	0.00890	0.01293	0.13190	0.50309	0.07389	0.00983	0.04159	0.00890	0.04608	0.00788	0.01057	0.00658	0.05366	0.01953	0.00138	0.00471	0.00347	0.02297	0.00538
10	0.03701	0.00684	0.00782	0.00654	0.00872	0.00696	0.00521	0.19502	0.14191	0.22066	0.12964	0.04877	0.15586	0.00628	0.00406	0.00123	0.00297	0.00519	0.00402	0.00530
11	0.01017	0.11522	0.20790	0.04349	0.01247	0.03353	0.05431	0.07577	0.09853	0.13971	0.01044	0.09672	0.00863	0.00502	0.00425	0.00122	0.05340	0.00405	0.00276	0.02241
12	0.00722	0.00483	0.00675	0.00635	0.00749	0.00471	0.05175	0.05328	0.00873	0.09699	0.09208	0.25770	0.07569	0.08120	0.10723	0.00217	0.00387	0.10850	0.01959	0.00386
13	0.00630	0.00400	0.00483	0.00481	0.00530	0.00386	0.00316	0.00678	0.00669	0.07057	0.01573	0.14388	0.07543	0.51001	0.06454	0.00304	0.00371	0.04527	0.00281	0.01926
14	0.00832	0.00806	0.01163	0.44389	0.09744	0.07677	0.07252	0.05350	0.02398	0.01140	0.04020	0.06849	0.02727	0.00462	0.00393	0.00123	0.00475	0.00414	0.00220	0.03565
15	0.01013	0.18102	0.22901	0.02993	0.01374	0.19694	0.11296	0.01396	0.14176	0.01147	0.00786	0.00879	0.00612	0.00389	0.00366	0.00112	0.01728	0.00308	0.00211	0.00520
16	0.00724	0.00681	0.01150	0.85604	0.02641	0.00852	0.01065	0.00980	0.00767	0.00980	0.00681	0.01022	0.00511	0.00383	0.00383	0.00128	0.00511	0.00341	0.00170	0.00426
17	0.00544	0.00398	0.00577	0.00585	0.00640	0.00450	0.00439	0.00653	0.00618	0.00877	0.01133	0.09044	0.01137	0.11669	0.66730	0.02608	0.00870	0.00484	0.00221	0.00324
18	0.00982	0.05185	0.04365	0.00847	0.02304	0.20120	0.01980	0.01811	0.12343	0.06473	0.00979	0.05413	0.01641	0.04567	0.12847	0.01615	0.15438	0.00389	0.00247	0.00453
19	0.00493	0.00380	0.00454	0.00489	0.00570	0.00346	0.00355	0.00616	0.02605	0.01104	0.14323	0.36033	0.33309	0.01031	0.00471	0.00142	0.00217	0.06363	0.00366	0.00332
20	0.00515	0.00415	0.00466	0.00486	0.00573	0.02158	0.00349	0.00652	0.03630	0.01140	0.20279	0.32575	0.33397	0.00985	0.00461	0.00136	0.00216	0.00859	0.00368	0.00340
21	0.00831	0.00751	0.01179	0.14635	0.19045	0.02459	0.08626	0.05690	0.00785	0.01084	0.00769	0.04366	0.00691	0.00841	0.09580	0.11560	0.16085	0.00385	0.00200	0.00439
22	0.02406	0.16390	0.10689	0.01291	0.01665	0.01042	0.50688	0.04612	0.00892	0.01210	0.00738	0.00947	0.00574	0.00460	0.04564	0.00143	0.00599	0.00380	0.00194	0.00513
23	0.00741	0.00674	0.01102	0.67094	0.09177	0.00806	0.00981	0.02647	0.00819	0.01081	0.05489	0.01195	0.02662	0.00420	0.00384	0.00125	0.00467	0.00372	0.03327	0.00437
24	0.00718	0.00541	0.00614	0.00589	0.00726	0.00558	0.00444	0.01154	0.28569	0.06067	0.12717	0.18159	0.19393	0.04309	0.00499	0.00144	0.00255	0.03728	0.00378	0.00438
25	0.00773	0.00536	0.00688	0.02194	0.00790	0.00561	0.01365	0.11756	0.00930	0.08278	0.03679	0.37274	0.07072	0.02727	0.00559	0.00151	0.07698	0.10305	0.02259	0.00406
26	0.00731	0.00689	0.01163	0.82952	0.05236	0.00854	0.01068	0.00986	0.00770	0.00988	0.00683	0.01020	0.00514	0.00382	0.00383	0.00127	0.00509	0.00341	0.00171	0.00432
27	0.01147	0.04838	0.01080	0.00918	0.01052	0.46394	0.00722	0.01260	0.02026	0.00973	0.00738	0.00900	0.03679	0.00504	0.00625	0.00121	0.27006	0.00303	0.05283	0.00431
28	0.00918	0.05924	0.58409	0.02455	0.08027	0.00892	0.01216	0.03345	0.00865	0.10316	0.00776	0.00871	0.00553	0.00379	0.00376	0.00118	0.01878	0.00297	0.00205	0.02177
29	0.01014	0.00968	0.04289	0.00821	0.02489	0.18401	0.00645	0.15533	0.09909	0.05484	0.01316	0.23520	0.02741	0.00692	0.00478	0.00131	0.06997	0.03787	0.00312	0.00474
30	0.00567	0.00387	0.00437	0.00438	0.00448	0.00390	0.00254	0.00612	0.03690	0.00789	0.01273	0.07286	0.01451	0.78378	0.01809	0.00350	0.00361	0.00584	0.00245	0.00251

[dist]
# distance from previous block
# <min> <max>
2	38

[block]
# block no. 6 follows, 71 sequences, length 11
# corresponding to MSA columns:
# 475-485
name=unknown_G
#
# <colnr> <probs for GDERKNQSTAVLIFYWHMCP>
#	G	D	E	R	K	N	Q	S	T	A	V	L	I	F	Y	W	H	M	C	P
0	0.00930	0.01006	0.09831	0.04754	0.37317	0.00911	0.16579	0.07657	0.09231	0.01378	0.05883	0.01116	0.00830	0.00396	0.00398	0.00120	0.00470	0.00388	0.00236	0.00568
1	0.00476	0.00352	0.00433	0.00489	0.00535	0.00322	0.00330	0.00547	0.00762	0.00990	0.05650	0.56638	0.20382	0.09459	0.00623	0.00170	0.00229	0.00961	0.00347	0.00308
2	0.00926	0.00807	0.01083	0.12761	0.14621	0.00895	0.05986	0.07036	0.40466	0.01479	0.03271	0.01273	0.00966	0.00458	0.00385	0.00123	0.00375	0.00403	0.06131	0.00557
3	0.00907	0.03661	0.01034	0.06758	0.06162	0.00806	0.06522	0.12030	0.21884	0.01418	0.01071	0.07396	0.00913	0.04501	0.00441	0.00120	0.00363	0.00405	0.00288	0.23321
4	0.00627	0.00442	0.00482	0.00453	0.00587	0.00409	0.00346	0.03403	0.05339	0.05185	0.19417	0.02875	0.44693	0.00794	0.00417	0.00121	0.00209	0.00666	0.13159	0.00377
5	0.00947	0.04377	0.46148	0.03114	0.23215	0.03576	0.01206	0.02929	0.00880	0.08932	0.00770	0.00888	0.00565	0.00371	0.00366	0.00117	0.00510	0.00307	0.00204	0.00578
6	0.01120	0.01218	0.00975	0.00911	0.04662	0.41666	0.03779	0.05162	0.08642	0.04009	0.01163	0.03173	0.08855	0.03230	0.09579	0.00173	0.00586	0.00386	0.00254	0.00455
7	0.00477	0.00344	0.00453	0.00533	0.00567	0.00321	0.00366	0.00555	0.00761	0.01009	0.04877	0.74688	0.07035	0.01167	0.00488	0.00154	0.00226	0.05304	0.00358	0.00316
8	0.04453	0.00398	0.00494	0.00555	0.00608	0.00389	0.00389	0.04963	0.00799	0.01098	0.02030	0.71530	0.04828	0.01111	0.00473	0.00152	0.00242	0.04799	0.00352	0.00337
9	0.55617	0.00795	0.00728	0.00606	0.00859	0.00887	0.00499	0.20716	0.00979	0.10167	0.00756	0.00798	0.00550	0.00397	0.00288	0.00117	0.00324	0.00265	0.04160	0.00493
10	0.00947	0.00862	0.04413	0.35607	0.01726	0.02851	0.00858	0.20042	0.17410	0.01453	0.01044	0.01315	0.02123	0.00486	0.00409	0.00128	0.01968	0.05566	0.00278	0.00514

[dist]
# distance from previous block
# <min> <max>
2	12

[block]
# block no. 7 follows, 71 sequences, length 15
# corresponding to MSA columns:
# 499-512,515
name=unknown_H
#
# <colnr> <probs for GDERKNQSTAVLIFYWHMCP>
#	G	D	E	R	K	N	Q	S	T	A	V	L	I	F	Y	W	H	M	C	P
0	0.16338	0.04930	0.04682	0.02274	0.15482	0.04603	0.18042	0.15225	0.08774	0.01524	0.00826	0.00993	0.00648	0.00396	0.00366	0.00119	0.00456	0.02162	0.00253	0.01908
1	0.01084	0.15691	0.10407	0.13518	0.08100	0.21015	0.00863	0.13971	0.03363	0.01246	0.00731	0.02484	0.00600	0.01530	0.00393	0.00113	0.02686	0.00308	0.00221	0.01677
2	0.00641	0.00480	0.00611	0.00565	0.00610	0.00529	0.00410	0.00725	0.00763	0.04028	0.25847	0.05011	0.06589	0.33437	0.01181	0.00227	0.17141	0.00579	0.00296	0.00330
3	0.00511	0.00377	0.00474	0.00516	0.00584	0.00354	0.00375	0.00639	0.02546	0.01125	0.16688	0.42111	0.17763	0.01092	0.03223	0.00159	0.00248	0.08105	0.02776	0.00335
4	0.00494	0.00364	0.00463	0.00493	0.00557	0.00333	0.00349	0.00609	0.00890	0.01202	0.33872	0.42082	0.14865	0.01007	0.00470	0.00138	0.00202	0.00896	0.00381	0.00333
5	0.00494	0.00348	0.00450	0.00521	0.00543	0.00331	0.00347	0.00554	0.00708	0.00942	0.01929	0.64764	0.02290	0.18105	0.00782	0.00200	0.00260	0.05803	0.00331	0.00298
6	0.89233	0.00741	0.00564	0.00504	0.00741	0.00860	0.00415	0.01127	0.00653	0.01720	0.00534	0.00623	0.00415	0.00356	0.00237	0.00119	0.00297	0.00208	0.00237	0.00415
7	0.00552	0.00402	0.00560	0.04518	0.00762	0.00399	0.00509	0.00684	0.00822	0.01084	0.06089	0.40444	0.02345	0.01077	0.00501	0.00162	0.00294	0.38106	0.00349	0.00338
8	0.00467	0.00350	0.00428	0.00489	0.00540	0.00317	0.00333	0.00539	0.00766	0.00986	0.02570	0.60149	0.25104	0.04394	0.00535	0.00157	0.00220	0.00992	0.00351	0.00312
9	0.01092	0.02137	0.00965	0.05534	0.05493	0.02676	0.00661	0.19375	0.36684	0.09893	0.08786	0.01399	0.02563	0.00511	0.00391	0.00122	0.00348	0.00422	0.00369	0.00579
10	0.00781	0.00812	0.04102	0.10678	0.16298	0.00783	0.27407	0.01067	0.05319	0.01193	0.06487	0.02858	0.09987	0.00626	0.04825	0.00154	0.02315	0.03589	0.00241	0.00478
11	0.00978	0.02440	0.00859	0.00775	0.00919	0.23843	0.02921	0.13100	0.01012	0.04374	0.01340	0.29392	0.01409	0.04029	0.00507	0.00141	0.02901	0.08334	0.00302	0.00425
12	0.01050	0.00878	0.03654	0.03725	0.28660	0.04085	0.00806	0.08257	0.10863	0.11641	0.00954	0.01095	0.00746	0.02212	0.00397	0.00111	0.00394	0.01701	0.00276	0.18496
13	0.00977	0.12189	0.35631	0.02994	0.11464	0.05327	0.01031	0.04556	0.11580	0.07723	0.02412	0.00962	0.00692	0.00399	0.00358	0.00115	0.00473	0.00317	0.00235	0.00564
14	0.75863	0.07676	0.00756	0.00567	0.00813	0.00905	0.04214	0.01118	0.00671	0.01605	0.00548	0.00655	0.00435	0.00376	0.00279	0.02325	0.00323	0.00222	0.00228	0.00420

[dist]
# distance from previous block
# <min> <max>
0	1

[block]
# block no. 8 follows, 71 sequences, length 16
# corresponding to MSA columns:
# 517-528,534-537
name=unknown_I
#
# <colnr> <probs for GDERKNQSTAVLIFYWHMCP>
#	G	D	E	R	K	N	Q	S	T	A	V	L	I	F	Y	W	H	M	C	P
0	0.03537	0.10005	0.05601	0.06907	0.29853	0.12872	0.05779	0.03776	0.07306	0.02487	0.02501	0.00994	0.00699	0.01476	0.00378	0.00114	0.00466	0.00332	0.04390	0.00528
1	0.00542	0.00372	0.00508	0.00542	0.00569	0.00386	0.00377	0.00584	0.00642	0.00874	0.01451	0.34649	0.01637	0.17053	0.21214	0.12893	0.02053	0.03099	0.00267	0.00287
2	0.00963	0.00689	0.03942	0.00711	0.00879	0.00704	0.03814	0.15396	0.04348	0.12649	0.01143	0.03098	0.02665	0.07077	0.14558	0.02536	0.09317	0.00408	0.14640	0.00462
3	0.00471	0.00348	0.00441	0.00504	0.00551	0.00318	0.00345	0.00553	0.00788	0.01036	0.09407	0.64916	0.16665	0.01126	0.00480	0.00148	0.00214	0.01008	0.00362	0.00318
4	0.00854	0.01756	0.64699	0.01054	0.01548	0.03761	0.04488	0.08398	0.04156	0.01327	0.02051	0.00944	0.02455	0.00398	0.00373	0.00121	0.00537	0.00318	0.00201	0.00561
5	0.01025	0.86756	0.02009	0.00656	0.00984	0.01517	0.00656	0.01148	0.00779	0.00902	0.00533	0.00615	0.00492	0.00328	0.00246	0.00082	0.00410	0.00205	0.00164	0.00492
6	0.04256	0.04059	0.04199	0.00616	0.00846	0.00571	0.00504	0.05586	0.02737	0.08951	0.01288	0.25056	0.02771	0.00679	0.02410	0.00119	0.00314	0.02742	0.00299	0.31996
7	0.05222	0.13084	0.05961	0.00795	0.01073	0.01088	0.00684	0.23310	0.41377	0.01704	0.01146	0.01106	0.00862	0.00460	0.00359	0.00118	0.00365	0.00358	0.00336	0.00591
8	0.72892	0.09562	0.00760	0.00551	0.00804	0.00955	0.00466	0.07949	0.00761	0.01695	0.00566	0.00647	0.00443	0.00362	0.00250	0.00115	0.00319	0.00219	0.00242	0.00443
9	0.01152	0.02382	0.01047	0.04142	0.02822	0.02761	0.04482	0.32079	0.18923	0.08736	0.03585	0.01246	0.02443	0.03417	0.01737	0.01856	0.03891	0.00394	0.02345	0.00560
10	0.00540	0.00399	0.00465	0.00443	0.00560	0.00350	0.00334	0.00679	0.00982	0.04206	0.41666	0.03215	0.43043	0.00865	0.00450	0.00125	0.00193	0.00740	0.00391	0.00353
11	0.04237	0.04018	0.25863	0.01082	0.08363	0.00823	0.14851	0.05616	0.03952	0.10338	0.08222	0.02863	0.00919	0.00425	0.00381	0.00116	0.00451	0.00380	0.00258	0.06841
12	0.00470	0.00347	0.00439	0.00505	0.00551	0.00317	0.00345	0.00549	0.00781	0.01025	0.07720	0.66493	0.16788	0.01134	0.00481	0.00149	0.00215	0.01015	0.00360	0.00317
13	0.01053	0.66377	0.09033	0.00742	0.01070	0.10153	0.00737	0.03430	0.00838	0.00975	0.00563	0.00653	0.00496	0.00349	0.00292	0.00090	0.02258	0.00223	0.00173	0.00496
14	0.00483	0.00361	0.00447	0.00501	0.00557	0.00333	0.00351	0.00567	0.00779	0.01010	0.06010	0.49649	0.22880	0.06289	0.03080	0.00175	0.00254	0.05611	0.00347	0.00315
15	0.01257	0.01042	0.04442	0.02432	0.11302	0.02954	0.04788	0.46474	0.12904	0.05214	0.00973	0.01006	0.00712	0.00446	0.00404	0.00119	0.02220	0.00359	0.00335	0.00617

[dist]
# distance from previous block
# <min> <max>
5	19

[block]
# block no. 9 follows, 71 sequences, length 9
# corresponding to MSA columns:
# 562-570
name=unknown_J
#
# <colnr> <probs for GDERKNQSTAVLIFYWHMCP>
#	G	D	E	R	K	N	Q	S	T	A	V	L	I	F	Y	W	H	M	C	P
0	0.00942	0.00692	0.00651	0.00607	0.00752	0.11794	0.00486	0.13615	0.01023	0.04543	0.01285	0.01852	0.01121	0.00571	0.00355	0.00114	0.00326	0.17284	0.41563	0.00424
1	0.00510	0.00371	0.00429	0.00454	0.00509	0.00346	0.00306	0.00576	0.00734	0.00954	0.04910	0.23990	0.26462	0.29013	0.02937	0.00227	0.00284	0.03726	0.02968	0.00294
2	0.00627	0.00404	0.00525	0.00505	0.00602	0.00367	0.00374	0.00778	0.01004	0.08808	0.55355	0.19267	0.08212	0.00850	0.00454	0.00128	0.00203	0.00752	0.00410	0.00375
3	0.00528	0.00436	0.00685	0.00659	0.00746	0.00403	0.11334	0.00638	0.00791	0.01048	0.06492	0.61280	0.11391	0.01036	0.00478	0.00147	0.00274	0.00953	0.00338	0.00343
4	0.03729	0.00487	0.00615	0.00551	0.00701	0.00452	0.00422	0.01098	0.03637	0.26802	0.28293	0.13358	0.05708	0.05533	0.00504	0.00139	0.00253	0.02165	0.05109	0.00445
5	0.00960	0.19588	0.43111	0.00988	0.01405	0.16361	0.05171	0.03232	0.00876	0.01118	0.00659	0.00784	0.00513	0.00445	0.03118	0.00126	0.00572	0.00274	0.00177	0.00521
6	0.77398	0.00687	0.00548	0.00508	0.00717	0.00787	0.00407	0.01048	0.00663	0.01621	0.00744	0.12043	0.00698	0.00469	0.00271	0.00124	0.00287	0.00325	0.00253	0.00401
7	0.00696	0.00717	0.08060	0.03263	0.05120	0.05668	0.02627	0.02570	0.08588	0.01119	0.08300	0.02148	0.30356	0.00911	0.05481	0.12793	0.00373	0.00537	0.00284	0.00390
8	0.00550	0.00402	0.00572	0.00572	0.00625	0.00455	0.00424	0.00656	0.00603	0.00857	0.01068	0.01732	0.01057	0.21742	0.66273	0.00561	0.00879	0.00444	0.00211	0.00318

[dist]
# distance from previous block
# <min> <max>
3	25

[block]
# block no. 10 follows, 71 sequences, length 21
# corresponding to MSA columns:
# 597-617
name=unknown_K
#
# <colnr> <probs for GDERKNQSTAVLIFYWHMCP>
#	G	D	E	R	K	N	Q	S	T	A	V	L	I	F	Y	W	H	M	C	P
0	0.00702	0.00591	0.00832	0.11155	0.14981	0.00614	0.01878	0.01036	0.14096	0.01363	0.32493	0.04341	0.08716	0.00629	0.00417	0.00123	0.00298	0.01590	0.03698	0.00448
1	0.00532	0.00364	0.00431	0.00456	0.00469	0.00356	0.00278	0.00560	0.00630	0.00839	0.03325	0.24872	0.03665	0.58179	0.01465	0.00299	0.00323	0.02423	0.00275	0.00261
2	0.00820	0.00814	0.03322	0.10161	0.11574	0.05637	0.05126	0.01024	0.04943	0.02570	0.10116	0.03964	0.04652	0.03668	0.02632	0.00157	0.27704	0.00435	0.00236	0.00446
3	0.17365	0.00470	0.00526	0.00485	0.00617	0.00463	0.00373	0.00850	0.00977	0.05920	0.54121	0.02388	0.09992	0.00693	0.00403	0.00120	0.00212	0.00585	0.03054	0.00384
4	0.00954	0.04083	0.08110	0.00770	0.00973	0.15313	0.04712	0.11260	0.10075	0.04670	0.05597	0.07510	0.05261	0.15981	0.00674	0.00166	0.00426	0.02721	0.00290	0.00452
5	0.09649	0.01066	0.12561	0.00799	0.01085	0.10510	0.00716	0.20840	0.03284	0.24088	0.01035	0.01171	0.00774	0.05827	0.00484	0.00135	0.02235	0.02860	0.00327	0.00552
6	0.00503	0.00387	0.00450	0.00470	0.00559	0.00350	0.00350	0.00608	0.00848	0.01078	0.13728	0.14711	0.40821	0.10822	0.00641	0.00167	0.00240	0.12596	0.00350	0.00321
7	0.59928	0.02632	0.00655	0.00551	0.00783	0.00811	0.00450	0.01293	0.10211	0.11129	0.03118	0.00899	0.00684	0.00404	0.00280	0.00118	0.00294	0.00275	0.05024	0.00461
8	0.10293	0.00635	0.00880	0.00770	0.00850	0.00745	0.08836	0.00858	0.03226	0.01032	0.01039	0.10282	0.01102	0.25097	0.01107	0.00215	0.26265	0.06165	0.00235	0.00366
9	0.00810	0.00666	0.00784	0.00567	0.00894	0.00505	0.00453	0.00980	0.00818	0.03685	0.04774	0.00911	0.00728	0.00314	0.00295	0.00062	0.00280	0.00255	0.00244	0.81974
10	0.00777	0.00663	0.00773	0.00568	0.00887	0.00509	0.00454	0.00963	0.02383	0.01254	0.02834	0.01029	0.03281	0.00340	0.00301	0.00065	0.00281	0.02163	0.00242	0.80233
11	0.09539	0.00645	0.00719	0.02366	0.00848	0.00647	0.00482	0.10905	0.11225	0.17536	0.06100	0.01314	0.02891	0.00464	0.00336	0.00105	0.00284	0.00369	0.21344	0.11881
12	0.00769	0.01983	0.84538	0.01093	0.01659	0.00890	0.01417	0.01214	0.00810	0.01214	0.00688	0.00810	0.00486	0.00364	0.00364	0.00121	0.00567	0.00283	0.00162	0.00567
13	0.00897	0.01996	0.01086	0.31801	0.11664	0.02556	0.02269	0.08957	0.06348	0.04703	0.02727	0.05076	0.00775	0.00426	0.00370	0.00111	0.00415	0.00369	0.00246	0.17206
14	0.01073	0.00746	0.01083	0.49820	0.01976	0.00849	0.00883	0.14946	0.03932	0.19490	0.00934	0.01081	0.00654	0.00421	0.00384	0.00124	0.00448	0.00355	0.00280	0.00520
15	0.02640	0.11975	0.28251	0.03666	0.07957	0.05473	0.02042	0.12462	0.05237	0.10921	0.00826	0.00902	0.00610	0.00410	0.00403	0.00117	0.04990	0.00310	0.00247	0.00562
16	0.01022	0.02332	0.00882	0.00743	0.02397	0.04334	0.04176	0.13557	0.21698	0.14468	0.10768	0.03181	0.15039	0.01957	0.00432	0.00127	0.00330	0.01665	0.00372	0.00520
17	0.01223	0.00886	0.00964	0.00795	0.01048	0.00981	0.00635	0.34394	0.38142	0.10967	0.01284	0.01258	0.00948	0.04131	0.00453	0.00133	0.00356	0.00398	0.00390	0.00614
18	0.00629	0.00542	0.00845	0.41476	0.04533	0.00619	0.00746	0.00825	0.02858	0.01011	0.01360	0.32458	0.02902	0.00798	0.02841	0.00154	0.00400	0.04357	0.00257	0.00387
19	0.20336	0.06341	0.12127	0.03266	0.07839	0.02174	0.00722	0.12972	0.02742	0.17501	0.04320	0.01081	0.03685	0.00434	0.00343	0.00115	0.00380	0.00333	0.00297	0.02992
20	0.02208	0.02298	0.04780	0.00635	0.00780	0.03778	0.00516	0.01025	0.09269	0.11690	0.05985	0.06877	0.11391	0.11702	0.18194	0.00261	0.04417	0.03478	0.00302	0.00415

[dist]
# distance from previous block
# <min> <max>
0	15

[block]
# block no. 11 follows, 71 sequences, length 12
# corresponding to MSA columns:
# 633-644
name=unknown_L
#
# <colnr> <probs for GDERKNQSTAVLIFYWHMCP>
#	G	D	E	R	K	N	Q	S	T	A	V	L	I	F	Y	W	H	M	C	P
0	0.00628	0.00469	0.00566	0.00538	0.00592	0.00506	0.00377	0.06907	0.00717	0.00964	0.01500	0.07319	0.11956	0.42029	0.16330	0.00335	0.07131	0.00563	0.00258	0.00315
1	0.70343	0.00812	0.00663	0.00573	0.00819	0.04960	0.00468	0.07471	0.00802	0.09188	0.00655	0.00710	0.00485	0.00377	0.00267	0.00117	0.00328	0.00236	0.00268	0.00456
2	0.01144	0.04610	0.10288	0.00905	0.01109	0.42590	0.00759	0.04544	0.07776	0.01045	0.00694	0.00848	0.00578	0.00551	0.00593	0.11422	0.09602	0.00289	0.00209	0.00443
3	0.00761	0.00642	0.07049	0.00622	0.00792	0.00555	0.00519	0.11287	0.08005	0.07131	0.18355	0.21846	0.16554	0.00807	0.00438	0.00132	0.00279	0.03421	0.00369	0.00436
4	0.01233	0.43849	0.01551	0.00812	0.01086	0.34317	0.00697	0.10354	0.01013	0.01084	0.00599	0.00679	0.00511	0.00369	0.00300	0.00092	0.00522	0.00237	0.00202	0.00491
5	0.00711	0.00596	0.00577	0.00564	0.00632	0.09824	0.00386	0.02520	0.10098	0.00953	0.01419	0.11717	0.06300	0.39098	0.03336	0.07043	0.00386	0.03248	0.00269	0.00323
6	0.00570	0.00388	0.00476	0.00504	0.00530	0.00385	0.00327	0.03497	0.02251	0.00921	0.01557	0.37237	0.01799	0.37114	0.01184	0.07602	0.00306	0.02778	0.00290	0.00285
7	0.79506	0.00778	0.00629	0.00546	0.00791	0.00897	0.00450	0.10184	0.00780	0.01797	0.00577	0.00656	0.00441	0.00367	0.00253	0.00118	0.00310	0.00223	0.00253	0.00441
8	0.37670	0.10159	0.00779	0.00600	0.03088	0.00738	0.01652	0.01029	0.00802	0.08021	0.10732	0.07417	0.09327	0.00554	0.00333	0.00119	0.00294	0.03341	0.00291	0.03054
9	0.19918	0.06429	0.05813	0.02516	0.02905	0.07905	0.00661	0.13709	0.00914	0.01424	0.00654	0.00786	0.00531	0.00448	0.02063	0.00116	0.11833	0.00268	0.00233	0.20874
10	0.05554	0.07649	0.02787	0.04990	0.01217	0.13964	0.05195	0.35273	0.02897	0.03598	0.00860	0.01062	0.00688	0.01986	0.00426	0.00119	0.03490	0.04279	0.00291	0.03676
11	0.00963	0.18068	0.09518	0.01007	0.13466	0.06575	0.03374	0.06801	0.11184	0.04288	0.02982	0.07893	0.03656	0.00475	0.00358	0.00109	0.00405	0.00393	0.00259	0.08227

[dist]
# distance from previous block
# <min> <max>
15	43

[block]
# block no. 12 follows, 71 sequences, length 8
# corresponding to MSA columns:
# 693-700
name=unknown_M
#
# <colnr> <probs for GDERKNQSTAVLIFYWHMCP>
#	G	D	E	R	K	N	Q	S	T	A	V	L	I	F	Y	W	H	M	C	P
0	0.02808	0.31783	0.09591	0.16634	0.03001	0.05912	0.02550	0.10532	0.00935	0.07189	0.00721	0.00842	0.00562	0.00384	0.00349	0.00107	0.02734	0.00285	0.02570	0.00510
1	0.14931	0.03914	0.01033	0.02398	0.04199	0.04118	0.08800	0.04764	0.06696	0.09996	0.01129	0.09604	0.04294	0.02037	0.00573	0.00138	0.16477	0.04156	0.00277	0.00467
2	0.00900	0.00759	0.01077	0.16720	0.20702	0.04373	0.03103	0.08074	0.02989	0.05052	0.01091	0.01762	0.00995	0.03133	0.02495	0.00151	0.04853	0.17409	0.03881	0.00480
3	0.00569	0.00400	0.00460	0.00461	0.00531	0.00376	0.00316	0.00666	0.03007	0.03805	0.10913	0.11899	0.25754	0.34076	0.01037	0.00227	0.00280	0.04591	0.00320	0.00311
4	0.00628	0.00410	0.00515	0.00481	0.00588	0.00371	0.00359	0.00775	0.01002	0.08639	0.53906	0.06310	0.17615	0.06047	0.00540	0.00139	0.00209	0.00695	0.00400	0.00370
5	0.00511	0.00378	0.00410	0.00412	0.00483	0.00345	0.00276	0.00579	0.00757	0.00973	0.07933	0.07634	0.39081	0.33378	0.01015	0.00220	0.00261	0.00701	0.04360	0.00292
6	0.00556	0.00381	0.00491	0.00539	0.00605	0.00354	0.00396	0.00658	0.00824	0.04632	0.10750	0.45083	0.13882	0.04567	0.00543	0.00159	0.00247	0.14634	0.00362	0.00337
7	0.28208	0.00946	0.00955	0.00754	0.01039	0.01049	0.00623	0.52803	0.01407	0.07428	0.00841	0.00854	0.00599	0.00429	0.00339	0.00116	0.00378	0.00306	0.00345	0.00580

[dist]
# distance from previous block
# <min> <max>
0	1

[block]
# block no. 13 follows, 71 sequences, length 21
# corresponding to MSA columns:
# 702,704-723
name=unknown_N
#
# <colnr> <probs for GDERKNQSTAVLIFYWHMCP>
#	G	D	E	R	K	N	Q	S	T	A	V	L	I	F	Y	W	H	M	C	P
0	0.00984	0.58653	0.23912	0.00794	0.01177	0.06797	0.00864	0.01191	0.00807	0.00988	0.00578	0.00672	0.00490	0.00342	0.00284	0.00094	0.00470	0.00229	0.00166	0.00509
1	0.00534	0.00378	0.00474	0.00482	0.00556	0.00352	0.00351	0.00669	0.00923	0.01285	0.43141	0.20169	0.11051	0.07317	0.00565	0.00148	0.00214	0.04936	0.06117	0.00337
2	0.00771	0.00636	0.00659	0.02474	0.00698	0.12772	0.00446	0.00777	0.03471	0.00800	0.00831	0.01442	0.00845	0.23679	0.05156	0.35173	0.08508	0.00387	0.00198	0.00277
3	0.00471	0.00338	0.00447	0.00527	0.00556	0.00315	0.00354	0.00545	0.00757	0.01011	0.06662	0.79325	0.04927	0.01172	0.00486	0.00153	0.00219	0.01060	0.00360	0.00315
4	0.01039	0.83762	0.01977	0.00668	0.00991	0.04460	0.00659	0.01162	0.00790	0.00903	0.00535	0.00618	0.00492	0.00330	0.00250	0.00083	0.00420	0.00206	0.00165	0.00490
5	0.00978	0.22201	0.09662	0.02677	0.02790	0.15085	0.17386	0.03706	0.03263	0.01126	0.06145	0.02874	0.02297	0.00442	0.00438	0.00114	0.07758	0.00359	0.00214	0.00484
6	0.01557	0.00639	0.05320	0.00668	0.03247	0.00523	0.01696	0.02840	0.03535	0.03891	0.16750	0.17940	0.01649	0.03134	0.00451	0.00117	0.01817	0.04307	0.00305	0.29612
7	0.00982	0.04468	0.09099	0.09024	0.28986	0.05853	0.08544	0.05547	0.05763	0.06914	0.03789	0.01178	0.02738	0.00431	0.00414	0.00120	0.03116	0.02248	0.00242	0.00543
8	0.00755	0.00602	0.00677	0.00617	0.00776	0.00642	0.00474	0.02750	0.38089	0.02978	0.35636	0.02245	0.10837	0.00674	0.00422	0.00126	0.00244	0.00577	0.00401	0.00478
9	0.00549	0.00477	0.05104	0.00627	0.00707	0.00405	0.01972	0.00684	0.01789	0.01055	0.04639	0.47294	0.02238	0.06752	0.00588	0.00172	0.00296	0.23973	0.00336	0.00341
10	0.06345	0.18556	0.20515	0.05580	0.05608	0.09113	0.08603	0.07441	0.06173	0.02474	0.02210	0.00891	0.00629	0.00425	0.01856	0.00119	0.00493	0.00306	0.00218	0.02446
11	0.12060	0.00832	0.01086	0.02522	0.28155	0.06718	0.00766	0.01515	0.00964	0.39994	0.01057	0.01058	0.00734	0.00410	0.00363	0.00116	0.00394	0.00339	0.00328	0.00591
12	0.00483	0.00343	0.00441	0.00511	0.00535	0.00322	0.00336	0.00543	0.00722	0.00961	0.04407	0.68855	0.04735	0.14039	0.00708	0.00186	0.00243	0.00990	0.00339	0.00301
13	0.00911	0.00870	0.05427	0.34696	0.21916	0.03946	0.02576	0.02899	0.06063	0.06720	0.00808	0.01054	0.00633	0.02914	0.00493	0.00132	0.06868	0.00352	0.00217	0.00505
14	0.00854	0.00806	0.02043	0.04837	0.40670	0.00822	0.06930	0.02801	0.13522	0.01302	0.07480	0.02712	0.08556	0.00497	0.00430	0.00123	0.03062	0.01755	0.00261	0.00535
15	0.00542	0.00393	0.00493	0.00531	0.00606	0.00374	0.00400	0.00694	0.03278	0.01175	0.19338	0.29932	0.14793	0.03473	0.00512	0.00151	0.00241	0.17513	0.05220	0.00341
16	0.00529	0.00363	0.00437	0.00471	0.00486	0.00355	0.00295	0.00563	0.00640	0.00849	0.01609	0.30119	0.03634	0.51946	0.01361	0.00285	0.00318	0.05190	0.00282	0.00267
17	0.08121	0.11194	0.11885	0.03658	0.03047	0.02548	0.12616	0.24608	0.06237	0.07972	0.02719	0.01005	0.01857	0.00417	0.00365	0.00116	0.00447	0.00346	0.00284	0.00558
18	0.41366	0.00798	0.00850	0.00957	0.17946	0.05457	0.02054	0.05084	0.04567	0.01514	0.05896	0.05997	0.02227	0.01877	0.00351	0.00123	0.00350	0.00358	0.01765	0.00464
19	0.00537	0.00389	0.00549	0.00568	0.00628	0.00427	0.00425	0.00655	0.00659	0.00939	0.01389	0.19226	0.04706	0.05488	0.56161	0.00462	0.00754	0.00571	0.05135	0.00332
20	0.01223	0.07850	0.10472	0.00923	0.04722	0.17367	0.04018	0.20429	0.06016	0.13534	0.04862	0.01097	0.02668	0.00448	0.00368	0.00112	0.00457	0.00350	0.02533	0.00551

[dist]
# distance from previous block
# <min> <max>
1	25

[block]
# block no. 14 follows, 71 sequences, length 16
# corresponding to MSA columns:
# 749-764
name=unknown_O
#
# <colnr> <probs for GDERKNQSTAVLIFYWHMCP>
#	G	D	E	R	K	N	Q	S	T	A	V	L	I	F	Y	W	H	M	C	P
0	0.00943	0.15216	0.06579	0.03295	0.00981	0.05625	0.06315	0.05413	0.04130	0.11130	0.04016	0.05674	0.01057	0.14881	0.02479	0.00167	0.00409	0.02797	0.08443	0.00449
1	0.00793	0.00624	0.00772	0.06644	0.00976	0.00540	0.01692	0.02219	0.05629	0.06103	0.03731	0.07943	0.08773	0.00517	0.01460	0.00098	0.00304	0.01539	0.01434	0.48208
2	0.00795	0.00681	0.00795	0.00568	0.00909	0.00511	0.00454	0.00965	0.00795	0.01249	0.00681	0.00795	0.00568	0.00284	0.00284	0.00057	0.00284	0.00227	0.00227	0.88869
3	0.00721	0.00553	0.00711	0.02289	0.02934	0.00570	0.03538	0.01103	0.22284	0.05062	0.13576	0.17235	0.08954	0.06455	0.00547	0.00155	0.00295	0.12230	0.00357	0.00430
4	0.01147	0.00558	0.00700	0.00596	0.00791	0.00526	0.00472	0.04074	0.08351	0.37902	0.15054	0.08701	0.03157	0.00603	0.00391	0.00119	0.00270	0.01798	0.14274	0.00515
5	0.00511	0.00372	0.00413	0.00424	0.00475	0.00345	0.00273	0.00550	0.00696	0.00880	0.02308	0.13140	0.32556	0.41355	0.01196	0.02944	0.00286	0.00710	0.00292	0.00274
6	0.00515	0.00392	0.00471	0.00456	0.00557	0.00352	0.00342	0.00663	0.00993	0.01335	0.52248	0.03175	0.30484	0.03297	0.00498	0.00132	0.00196	0.03157	0.00392	0.00345
7	0.00501	0.00351	0.00453	0.00520	0.00545	0.00334	0.00349	0.00558	0.00709	0.00940	0.01943	0.59580	0.04395	0.17750	0.00800	0.02340	0.00263	0.07048	0.00327	0.00296
8	0.00746	0.00564	0.00693	0.00640	0.00777	0.05406	0.07947	0.00961	0.04911	0.03338	0.02982	0.05719	0.09820	0.02138	0.00422	0.00129	0.00312	0.20355	0.30484	0.01656
9	0.89233	0.00741	0.00564	0.00504	0.00741	0.00860	0.00415	0.01127	0.00653	0.01720	0.00534	0.00623	0.00415	0.00356	0.00237	0.00119	0.00297	0.00208	0.00237	0.00415
10	0.01299	0.08097	0.02795	0.00893	0.01142	0.43949	0.00717	0.20942	0.01177	0.01330	0.00675	0.00760	0.00540	0.00404	0.00378	0.00100	0.04067	0.00269	0.00241	0.10224
11	0.00557	0.00374	0.00431	0.00431	0.00435	0.00379	0.00248	0.00566	0.00561	0.00753	0.01196	0.02445	0.01366	0.81150	0.07288	0.00387	0.00414	0.00548	0.00231	0.00239
12	0.00996	0.00714	0.00793	0.00694	0.00880	0.02012	0.00542	0.24001	0.20370	0.08386	0.12184	0.17184	0.03013	0.00672	0.00412	0.00127	0.00307	0.02052	0.04149	0.00514
