[name]
unknown

[dist]
# distance from previous block
# <min> <max>
0	410

[block]
# block no. 0 follows, 68 sequences, length 8
# corresponding to MSA columns:
# 1955-1957,1960-1964
name=unknown_A
#
# <colnr> <probs for GDERKNQSTAVLIFYWHMCP>
#	G	D	E	R	K	N	Q	S	T	A	V	L	I	F	Y	W	H	M	C	P
0	0.15053	0.05092	0.03322	0.00811	0.05225	0.04118	0.05168	0.08238	0.05364	0.04871	0.01224	0.11511	0.05173	0.00562	0.00375	0.00118	0.00366	0.05843	0.00292	0.17274
1	0.05014	0.00696	0.00864	0.00734	0.00876	0.00782	0.02298	0.10262	0.08798	0.09672	0.12150	0.01689	0.05438	0.13805	0.03072	0.00187	0.19173	0.00467	0.00315	0.03707
2	0.00884	0.18826	0.51614	0.01112	0.05348	0.01050	0.07526	0.03938	0.00886	0.01247	0.03571	0.00899	0.00636	0.00383	0.00364	0.00117	0.00536	0.00310	0.00189	0.00564
3	0.23349	0.11824	0.21861	0.04543	0.03708	0.05263	0.02349	0.02748	0.00828	0.03210	0.00982	0.10028	0.03669	0.01862	0.00377	0.00128	0.00429	0.02125	0.00237	0.00480
4	0.00567	0.00422	0.00623	0.00623	0.00689	0.00488	0.00478	0.00699	0.00633	0.00910	0.01075	0.01630	0.01023	0.08787	0.78724	0.00620	0.01015	0.00435	0.00214	0.00346
5	0.00568	0.00386	0.00430	0.00430	0.00440	0.00381	0.00245	0.00576	0.00602	0.00792	0.01464	0.02689	0.07798	0.79471	0.01898	0.00365	0.00370	0.00597	0.00250	0.00248
6	0.01089	0.16871	0.19753	0.02474	0.01163	0.00936	0.01969	0.12528	0.02900	0.16337	0.03231	0.02929	0.00866	0.07869	0.03553	0.01454	0.02881	0.00373	0.00284	0.00538
7	0.01116	0.00885	0.01571	0.01206	0.03328	0.00867	0.37863	0.08811	0.05628	0.18604	0.05284	0.06808	0.01011	0.00493	0.00484	0.00133	0.04549	0.00490	0.00312	0.00557

[dist]
# distance from previous block
# <min> <max>
4	9

[block]
# block no. 1 follows, 68 sequences, length 11
# corresponding to MSA columns:
# 1974-1979,1994-1998
name=unknown_B
#
# <colnr> <probs for GDERKNQSTAVLIFYWHMCP>
#	G	D	E	R	K	N	Q	S	T	A	V	L	I	F	Y	W	H	M	C	P
0	0.00875	0.03363	0.01255	0.08987	0.36918	0.02026	0.05457	0.05266	0.00936	0.02886	0.06384	0.15571	0.02960	0.00590	0.00437	0.00130	0.01672	0.03504	0.00264	0.00517
1	0.05046	0.00819	0.01015	0.04111	0.14094	0.00915	0.02633	0.01714	0.50518	0.03547	0.05625	0.03952	0.01196	0.00529	0.00423	0.00132	0.02349	0.00450	0.00348	0.00584
2	0.01500	0.01116	0.01163	0.00903	0.01211	0.05064	0.00741	0.71563	0.04795	0.06429	0.00991	0.00980	0.00702	0.00476	0.00395	0.00119	0.00440	0.00358	0.00393	0.00663
3	0.07857	0.21534	0.01361	0.07659	0.13216	0.27942	0.00791	0.02766	0.05275	0.07024	0.00746	0.00846	0.00596	0.00394	0.00339	0.00108	0.00512	0.00286	0.00230	0.00520
4	0.01261	0.01380	0.01153	0.15170	0.01441	0.43096	0.00834	0.11429	0.01069	0.03421	0.00680	0.00846	0.00549	0.00467	0.00536	0.00122	0.15529	0.00304	0.00226	0.00484
5	0.01121	0.00984	0.00990	0.00893	0.03622	0.07590	0.00680	0.16791	0.59022	0.01748	0.01387	0.01307	0.01039	0.00511	0.00398	0.00129	0.00373	0.00413	0.00380	0.00623
6	0.00531	0.00383	0.00513	0.00600	0.00651	0.00365	0.00450	0.00638	0.00815	0.01070	0.02254	0.55903	0.06725	0.01183	0.00517	0.00166	0.00271	0.26260	0.00367	0.00336
7	0.04484	0.04951	0.04466	0.00921	0.01228	0.09376	0.08848	0.26431	0.13606	0.19994	0.01097	0.01078	0.00776	0.00454	0.00389	0.00121	0.00448	0.00367	0.00355	0.00612
8	0.01008	0.00843	0.01280	0.11576	0.25033	0.03370	0.09826	0.10454	0.02769	0.08385	0.01175	0.04692	0.02773	0.00553	0.00451	0.00135	0.02399	0.12460	0.00282	0.00538
9	0.03601	0.00510	0.00672	0.00625	0.00766	0.00475	0.02143	0.04753	0.00944	0.25252	0.06588	0.43733	0.05072	0.02312	0.00482	0.00147	0.00281	0.00795	0.00400	0.00451
10	0.06250	0.03588	0.05608	0.06454	0.10531	0.05237	0.03183	0.04208	0.03904	0.12027	0.03988	0.01021	0.00763	0.00393	0.00367	0.00101	0.01957	0.00319	0.00271	0.29829

[dist]
# distance from previous block
# <min> <max>
0	2

[block]
# block no. 2 follows, 68 sequences, length 14
# corresponding to MSA columns:
# 2001-2006,2008-2015
name=unknown_C
#
# <colnr> <probs for GDERKNQSTAVLIFYWHMCP>
#	G	D	E	R	K	N	Q	S	T	A	V	L	I	F	Y	W	H	M	C	P
0	0.00850	0.06795	0.01124	0.19805	0.09621	0.00785	0.06004	0.07537	0.02258	0.03636	0.07685	0.14888	0.01237	0.00581	0.00425	0.00124	0.02092	0.03137	0.00275	0.11143
1	0.00556	0.00432	0.00617	0.00620	0.00708	0.00395	0.05209	0.00677	0.00850	0.01154	0.14939	0.51840	0.06211	0.01038	0.00486	0.00148	0.00263	0.07655	0.00360	0.05842
2	0.04264	0.25010	0.03998	0.00740	0.01012	0.04535	0.02041	0.06864	0.23383	0.06238	0.01282	0.06478	0.06362	0.00515	0.00357	0.00114	0.00373	0.00406	0.00302	0.05725
3	0.00919	0.03743	0.13628	0.16479	0.05550	0.03401	0.15468	0.04123	0.00837	0.03470	0.00707	0.00955	0.00567	0.00509	0.02166	0.00146	0.23522	0.00355	0.00199	0.03257
4	0.04168	0.22624	0.32367	0.00998	0.03384	0.01055	0.09215	0.07168	0.00892	0.02824	0.00752	0.00912	0.00595	0.00686	0.10547	0.00177	0.00583	0.00312	0.00203	0.00537
5	0.00931	0.06631	0.32898	0.03463	0.07447	0.00942	0.08516	0.07709	0.13727	0.03855	0.06623	0.01242	0.00936	0.00457	0.00397	0.00126	0.00478	0.02789	0.00262	0.00570
6	0.00581	0.05544	0.05790	0.00572	0.00663	0.00485	0.00447	0.00683	0.00731	0.00982	0.05615	0.28993	0.07018	0.22748	0.15082	0.00288	0.00443	0.02708	0.00289	0.00339
7	0.02620	0.02417	0.03828	0.05409	0.00907	0.03265	0.02716	0.07510	0.03549	0.09306	0.05467	0.10930	0.01362	0.30752	0.01036	0.00223	0.05459	0.02536	0.00296	0.00409
8	0.02508	0.06921	0.13607	0.08241	0.13494	0.06430	0.02244	0.08208	0.04778	0.10199	0.01243	0.09278	0.06056	0.00552	0.00412	0.00127	0.01589	0.03301	0.00281	0.00531
9	0.00718	0.00521	0.00697	0.03704	0.06601	0.00503	0.01806	0.03574	0.03220	0.07126	0.05382	0.35120	0.13821	0.02622	0.02896	0.00156	0.01654	0.00753	0.03226	0.05899
10	0.00715	0.00527	0.00643	0.00645	0.00746	0.00549	0.00480	0.10931	0.10026	0.02937	0.05163	0.46644	0.04594	0.01120	0.05726	0.00181	0.01642	0.05946	0.00368	0.00416
11	0.06535	0.05464	0.15899	0.08842	0.07543	0.13036	0.04736	0.10020	0.04338	0.05030	0.10854	0.04008	0.01048	0.00481	0.00386	0.00121	0.00471	0.00394	0.00270	0.00522
12	0.04143	0.05216	0.15243	0.02359	0.18938	0.12686	0.06458	0.07030	0.04211	0.05660	0.08018	0.01245	0.03620	0.02947	0.00436	0.00127	0.00480	0.00385	0.00258	0.00539
13	0.00769	0.03344	0.00745	0.00684	0.03666	0.01965	0.03445	0.02118	0.04150	0.09971	0.13767	0.21194	0.06459	0.15655	0.08325	0.00224	0.02120	0.00663	0.00332	0.00404

[dist]
# distance from previous block
# <min> <max>
4	7

[block]
# block no. 3 follows, 68 sequences, length 47
# corresponding to MSA columns:
# 2034-2062,2069-2074,2091-2093,2103-2111
name=unknown_D
#
# <colnr> <probs for GDERKNQSTAVLIFYWHMCP>
#	G	D	E	R	K	N	Q	S	T	A	V	L	I	F	Y	W	H	M	C	P
0	0.01116	0.01012	0.12833	0.03410	0.18298	0.00859	0.11340	0.12057	0.02610	0.17416	0.01996	0.01204	0.02345	0.03641	0.03877	0.00154	0.02984	0.00393	0.00288	0.02167
1	0.05558	0.09569	0.10860	0.04098	0.24488	0.03491	0.05843	0.10607	0.05776	0.14550	0.00915	0.00997	0.00679	0.00404	0.00375	0.00118	0.00458	0.00342	0.00274	0.00597
2	0.00995	0.10090	0.29869	0.05290	0.02948	0.05847	0.02292	0.05781	0.04210	0.08093	0.00824	0.02333	0.00641	0.00483	0.02056	0.00129	0.08688	0.00324	0.00232	0.08877
3	0.00690	0.00600	0.00872	0.23023	0.14681	0.00637	0.00723	0.00941	0.07184	0.01159	0.03473	0.13242	0.20815	0.00725	0.00439	0.00137	0.00357	0.07452	0.02413	0.00435
4	0.01022	0.07778	0.13261	0.10038	0.17576	0.08723	0.08154	0.07816	0.00990	0.06843	0.04113	0.01141	0.02976	0.00485	0.02338	0.00130	0.00498	0.00367	0.05214	0.00537
5	0.02194	0.03106	0.07777	0.03686	0.15707	0.00820	0.16098	0.05817	0.04046	0.09844	0.02518	0.02787	0.00918	0.12852	0.05731	0.00195	0.03395	0.01734	0.00261	0.00511
6	0.00495	0.00356	0.00472	0.00560	0.00593	0.00333	0.00387	0.00575	0.00777	0.01029	0.02253	0.75906	0.05877	0.01221	0.00508	0.00162	0.00240	0.07562	0.00368	0.00326
7	0.00865	0.00876	0.04793	0.03229	0.04378	0.11226	0.08600	0.06964	0.08816	0.01206	0.03259	0.15503	0.03056	0.11899	0.05304	0.00196	0.05836	0.03270	0.00279	0.00444
8	0.05006	0.15546	0.22042	0.05375	0.11061	0.06067	0.08472	0.08413	0.00956	0.04343	0.02658	0.02033	0.02041	0.00423	0.00406	0.00119	0.03931	0.00341	0.00225	0.00544
9	0.00816	0.03925	0.07934	0.01072	0.11605	0.05490	0.14912	0.01027	0.02676	0.04932	0.06751	0.20431	0.08198	0.02838	0.03880	0.00160	0.02000	0.00607	0.00282	0.00463
10	0.00820	0.00822	0.01219	0.01015	0.01120	0.05342	0.15178	0.00964	0.00720	0.01021	0.00898	0.04165	0.04053	0.01100	0.17715	0.00252	0.40911	0.00427	0.01829	0.00428
11	0.02672	0.02176	0.15862	0.21057	0.12795	0.00901	0.05746	0.11266	0.04855	0.07479	0.00992	0.01138	0.03578	0.00438	0.00412	0.00125	0.02696	0.00371	0.04894	0.00545
12	0.03793	0.02121	0.02942	0.19612	0.16285	0.03531	0.07296	0.16160	0.08968	0.08638	0.00977	0.01131	0.01829	0.02090	0.01897	0.00139	0.01375	0.00377	0.00279	0.00560
13	0.00860	0.03522	0.00878	0.02782	0.00934	0.04885	0.04843	0.17300	0.01013	0.02914	0.03006	0.25688	0.02948	0.08024	0.07512	0.00203	0.03593	0.08346	0.00318	0.00433
14	0.00587	0.00409	0.00488	0.00480	0.00491	0.00429	0.00296	0.00611	0.00600	0.00816	0.03615	0.02427	0.01425	0.71369	0.10629	0.00395	0.03873	0.00555	0.00240	0.00264
15	0.02278	0.07426	0.03512	0.01989	0.01069	0.04902	0.02207	0.12364	0.06914	0.02857	0.00812	0.02324	0.00674	0.00514	0.02401	0.01489	0.14247	0.00317	0.01031	0.30673
16	0.00899	0.00938	0.01861	0.05951	0.25422	0.00910	0.45238	0.01174	0.00901	0.01236	0.00904	0.03335	0.00780	0.03437	0.00503	0.00141	0.00567	0.05058	0.00213	0.00532
17	0.00670	0.00356	0.00531	0.00531	0.00541	0.00365	0.00363	0.00543	0.00534	0.00721	0.00750	0.01279	0.00744	0.03210	0.12699	0.74985	0.00442	0.00360	0.00179	0.00198
18	0.00771	0.02765	0.04713	0.02341	0.00907	0.02601	0.06834	0.02071	0.00821	0.05796	0.03394	0.08620	0.04280	0.02491	0.08071	0.15872	0.01894	0.20452	0.04929	0.00378
19	0.00626	0.00411	0.00482	0.00484	0.00513	0.00412	0.00302	0.03508	0.00680	0.02908	0.01413	0.17834	0.01589	0.59043	0.04973	0.00328	0.00378	0.00653	0.03170	0.00290
20	0.00790	0.01417	0.42598	0.01096	0.01503	0.02330	0.18514	0.03488	0.00885	0.01236	0.01221	0.12143	0.08282	0.00546	0.00439	0.00133	0.02147	0.00490	0.00226	0.00516
21	0.00525	0.00370	0.00484	0.00556	0.00599	0.00351	0.00396	0.00620	0.00806	0.01085	0.07903	0.57878	0.05511	0.05472	0.00577	0.00170	0.00252	0.12645	0.03472	0.00330
22	0.02240	0.04737	0.08349	0.10325	0.01257	0.04781	0.03784	0.15841	0.09163	0.03564	0.03136	0.05721	0.05188	0.00590	0.00546	0.02728	0.11268	0.01901	0.04380	0.00501
23	0.00844	0.01294	0.27959	0.01232	0.01601	0.05987	0.34032	0.01152	0.00878	0.01201	0.00999	0.14371	0.00911	0.00517	0.00456	0.00134	0.02605	0.01644	0.01676	0.00505
24	0.77396	0.04951	0.00700	0.01551	0.00834	0.06880	0.00473	0.01195	0.00714	0.01672	0.00558	0.00654	0.00440	0.00370	0.00256	0.00120	0.00344	0.00219	0.00238	0.00435
25	0.00608	0.00415	0.00486	0.00476	0.00496	0.00429	0.00291	0.03480	0.00630	0.00850	0.01215	0.02402	0.01356	0.72277	0.12646	0.00408	0.00474	0.00549	0.00242	0.00270
26	0.01445	0.01607	0.01121	0.00976	0.01210	0.56598	0.00751	0.21739	0.08287	0.01410	0.00783	0.00839	0.00611	0.00436	0.00371	0.00109	0.00611	0.00297	0.00269	0.00527
27	0.00485	0.00376	0.00442	0.00481	0.00560	0.00333	0.00340	0.00580	0.00861	0.01099	0.11654	0.41397	0.37789	0.01093	0.00486	0.00145	0.00213	0.00957	0.00375	0.00333
28	0.00604	0.00439	0.00478	0.00525	0.00583	0.04782	0.00366	0.00714	0.00831	0.01175	0.09161	0.51798	0.04038	0.00967	0.00439	0.00138	0.00240	0.00856	0.21522	0.00346
29	0.00515	0.00362	0.00455	0.00509	0.00534	0.00344	0.00329	0.00573	0.00736	0.00983	0.07501	0.53461	0.04905	0.25790	0.00941	0.00222	0.00271	0.00930	0.00336	0.00302
30	0.00584	0.00449	0.00663	0.00653	0.00717	0.00533	0.00508	0.00717	0.00633	0.00917	0.01038	0.01556	0.00981	0.05938	0.76584	0.00601	0.05937	0.00426	0.00211	0.00354
31	0.88866	0.00767	0.00583	0.00521	0.00767	0.00889	0.00429	0.01166	0.00675	0.01779	0.00552	0.00644	0.00429	0.00368	0.00245	0.00123	0.00307	0.00215	0.00245	0.00429
32	0.00530	0.00385	0.00504	0.00539	0.00599	0.00368	0.00383	0.00623	0.00803	0.01084	0.14826	0.41290	0.11120	0.04624	0.12438	0.03960	0.00353	0.02780	0.00340	0.02453
33	0.88866	0.00767	0.00583	0.00521	0.00767	0.00889	0.00429	0.01166	0.00675	0.01779	0.00552	0.00644	0.00429	0.00368	0.00245	0.00123	0.00307	0.00215	0.00245	0.00429
34	0.01507	0.01111	0.01190	0.00912	0.01230	0.01230	0.00754	0.82270	0.01864	0.02499	0.00952	0.00952	0.00674	0.00476	0.00397	0.00119	0.00436	0.00357	0.00397	0.00674
35	0.00981	0.00942	0.01609	0.02434	0.83592	0.00942	0.01217	0.01217	0.00903	0.01295	0.00746	0.00981	0.00628	0.00353	0.00393	0.00118	0.00471	0.00353	0.00196	0.00628
36	0.00754	0.00742	0.03189	0.53645	0.12037	0.00836	0.03980	0.00993	0.00801	0.01057	0.00987	0.01285	0.06953	0.00642	0.06802	0.00170	0.04075	0.00398	0.00197	0.00455
37	0.02967	0.11850	0.08867	0.11411	0.07314	0.14381	0.03192	0.07979	0.02442	0.04831	0.04207	0.02259	0.02346	0.00506	0.01840	0.00127	0.08042	0.00351	0.02286	0.02801
38	0.00502	0.00360	0.00459	0.00522	0.00555	0.00338	0.00347	0.00572	0.00762	0.01014	0.07202	0.61366	0.07943	0.13822	0.02121	0.00198	0.00262	0.00989	0.00351	0.00315
39	0.00513	0.00381	0.00483	0.00553	0.00602	0.00361	0.00384	0.00643	0.04653	0.01072	0.04612	0.67072	0.11690	0.01164	0.00498	0.00157	0.00235	0.04214	0.00372	0.00341
40	0.02367	0.07176	0.35822	0.02546	0.03007	0.09741	0.10346	0.03202	0.04522	0.01224	0.00895	0.05180	0.00772	0.00490	0.00451	0.00130	0.05708	0.05679	0.00216	0.00525
41	0.02235	0.20645	0.12090	0.09950	0.17566	0.07131	0.04763	0.11801	0.03506	0.05563	0.00778	0.00903	0.00604	0.00389	0.00360	0.00113	0.00490	0.00315	0.00233	0.00565
42	0.00566	0.00382	0.00445	0.00454	0.00460	0.00383	0.00265	0.00580	0.00599	0.00801	0.01340	0.11354	0.01546	0.73380	0.05540	0.00372	0.00398	0.00628	0.00253	0.00254
43	0.01119	0.00708	0.01043	0.21898	0.04982	0.00767	0.03148	0.05186	0.02563	0.27790	0.13085	0.01418	0.01180	0.00586	0.02474	0.00144	0.10622	0.00427	0.00332	0.00529
44	0.01807	0.11726	0.15288	0.05373	0.08885	0.03595	0.04553	0.06680	0.13129	0.01952	0.02122	0.05575	0.05246	0.07160	0.00545	0.00144	0.03596	0.00427	0.01685	0.00512
45	0.01018	0.09331	0.10745	0.08157	0.11163	0.09537	0.00837	0.14865	0.05442	0.01306	0.00815	0.01076	0.00688	0.07015	0.01604	0.07092	0.07033	0.00345	0.01429	0.00500
46	0.00617	0.00474	0.00661	0.00704	0.04066	0.00490	0.02070	0.00765	0.02014	0.02594	0.06950	0.23058	0.13294	0.01389	0.17857	0.00253	0.05140	0.14981	0.02247	0.00376

[dist]
# distance from previous block
# <min> <max>
2	52

[block]
# block no. 4 follows, 68 sequences, length 23
# corresponding to MSA columns:
# 2223,2242-2252,2254-2264
name=unknown_E
#
# <colnr> <probs for GDERKNQSTAVLIFYWHMCP>
#	G	D	E	R	K	N	Q	S	T	A	V	L	I	F	Y	W	H	M	C	P
0	0.00856	0.04180	0.06675	0.02970	0.02916	0.00718	0.02761	0.12731	0.02994	0.02631	0.04822	0.04898	0.10203	0.10425	0.02298	0.00152	0.04262	0.00449	0.01741	0.21320
1	0.02364	0.04256	0.02119	0.04285	0.12278	0.05778	0.06131	0.04783	0.08608	0.01316	0.04571	0.02508	0.07527	0.02024	0.00417	0.00112	0.01375	0.03432	0.00268	0.25847
2	0.00672	0.00543	0.00632	0.00578	0.00685	0.01636	0.01744	0.02807	0.06473	0.01238	0.12481	0.03871	0.30947	0.06496	0.00661	0.00149	0.13126	0.00609	0.14264	0.00387
3	0.00553	0.00395	0.00493	0.00504	0.00586	0.00360	0.00365	0.00679	0.00939	0.03189	0.35273	0.26208	0.19160	0.05742	0.00567	0.00153	0.00223	0.03869	0.00391	0.00351
4	0.00572	0.00432	0.00532	0.00508	0.00616	0.00405	0.00386	0.00795	0.05639	0.01487	0.61656	0.03088	0.17610	0.00841	0.00467	0.00129	0.00203	0.03834	0.00420	0.00381
5	0.00530	0.00401	0.00480	0.00465	0.00563	0.00361	0.00341	0.00673	0.01004	0.01350	0.49826	0.05716	0.29249	0.06607	0.00573	0.00146	0.00206	0.00759	0.00399	0.00351
6	0.01453	0.01837	0.01151	0.01100	0.05833	0.79801	0.00791	0.01563	0.01111	0.00989	0.00620	0.00730	0.00517	0.00405	0.00359	0.00103	0.00701	0.00261	0.00204	0.00469
7	0.88866	0.00767	0.00583	0.00521	0.00767	0.00889	0.00429	0.01166	0.00675	0.01779	0.00552	0.00644	0.00429	0.00368	0.00245	0.00123	0.00307	0.00215	0.00245	0.00429
8	0.00591	0.00441	0.00601	0.00589	0.00629	0.00504	0.00427	0.00676	0.00613	0.00866	0.01094	0.01895	0.01126	0.33663	0.48079	0.00511	0.06683	0.00476	0.00220	0.00317
9	0.00978	0.00957	0.00750	0.00694	0.00813	0.28311	0.00493	0.03033	0.08785	0.04341	0.06776	0.04976	0.03400	0.32852	0.01008	0.00218	0.00462	0.00483	0.00279	0.00392
10	0.00897	0.00737	0.00907	0.03883	0.01057	0.00608	0.02616	0.05119	0.00884	0.04727	0.00751	0.00867	0.00604	0.00325	0.00335	0.00072	0.02321	0.00261	0.00249	0.72781
11	0.14430	0.07866	0.01144	0.00853	0.01130	0.11980	0.05214	0.29043	0.15507	0.05657	0.01018	0.01029	0.02513	0.00455	0.00364	0.00119	0.00434	0.00345	0.00325	0.00573
12	0.00637	0.00457	0.00515	0.00519	0.00625	0.00446	0.00383	0.06232	0.06459	0.01304	0.08902	0.28937	0.24194	0.00902	0.00439	0.00134	0.00233	0.02269	0.16030	0.00383
13	0.01187	0.01100	0.01133	0.00982	0.03805	0.14516	0.06703	0.21189	0.41590	0.01709	0.01206	0.01183	0.00905	0.00481	0.00399	0.00125	0.00439	0.00394	0.00348	0.00605
14	0.00525	0.00398	0.00485	0.00504	0.00583	0.00378	0.00368	0.00629	0.00820	0.01066	0.12081	0.17113	0.29982	0.13344	0.13300	0.00252	0.00372	0.07135	0.00335	0.00329
15	0.00905	0.00897	0.01536	0.31995	0.42400	0.03091	0.11112	0.01160	0.00873	0.01182	0.00735	0.01012	0.00586	0.00368	0.00402	0.00124	0.00522	0.00365	0.00190	0.00545
16	0.01152	0.36113	0.14187	0.00968	0.06396	0.08209	0.02171	0.20999	0.02107	0.01404	0.00707	0.00794	0.00566	0.00395	0.00353	0.00106	0.02295	0.00282	0.00233	0.00565
17	0.00535	0.00401	0.00465	0.00463	0.00570	0.00354	0.00344	0.00666	0.00963	0.02707	0.30912	0.13575	0.41049	0.00944	0.00467	0.00133	0.00204	0.02007	0.02886	0.00354
18	0.00571	0.00386	0.00486	0.00531	0.00571	0.00367	0.00353	0.02396	0.00778	0.03651	0.06274	0.55877	0.04837	0.20007	0.00833	0.00206	0.00269	0.00934	0.00348	0.00326
19	0.01209	0.07495	0.02214	0.06719	0.09301	0.24764	0.03949	0.11907	0.11958	0.07232	0.00931	0.03614	0.00746	0.00498	0.01469	0.00126	0.04694	0.00360	0.00274	0.00541
20	0.03177	0.11295	0.06183	0.00812	0.01088	0.05137	0.00695	0.24255	0.26710	0.07057	0.01257	0.06834	0.02715	0.00531	0.00384	0.00123	0.00391	0.00420	0.00348	0.00587
21	0.00502	0.00397	0.00415	0.00415	0.00531	0.00343	0.00305	0.00609	0.00896	0.01127	0.10848	0.06073	0.63535	0.05716	0.00544	0.00145	0.00210	0.00789	0.06266	0.00335
22	0.04488	0.00652	0.00763	0.00708	0.02624	0.00672	0.00540	0.08322	0.22307	0.16892	0.08096	0.14573	0.09517	0.02050	0.00457	0.00140	0.00303	0.05982	0.00397	0.00515

[dist]
# distance from previous block
# <min> <max>
16	36

[block]
# block no. 5 follows, 68 sequences, length 6
# corresponding to MSA columns:
# 2313-2318
name=unknown_F
#
# <colnr> <probs for GDERKNQSTAVLIFYWHMCP>
#	G	D	E	R	K	N	Q	S	T	A	V	L	I	F	Y	W	H	M	C	P
0	0.00805	0.04618	0.02363	0.02607	0.11665	0.04282	0.04587	0.03555	0.04856	0.03506	0.02613	0.11095	0.03117	0.20637	0.04374	0.06830	0.01749	0.06068	0.00267	0.00408
1	0.00614	0.00445	0.00524	0.00530	0.00646	0.00412	0.00405	0.04684	0.00932	0.04986	0.07765	0.21469	0.39524	0.01094	0.04227	0.00166	0.00283	0.10552	0.00372	0.00371
2	0.00723	0.00812	0.14058	0.06671	0.01062	0.02892	0.05132	0.03572	0.05158	0.03350	0.12177	0.13731	0.14017	0.09331	0.00604	0.00162	0.00373	0.05438	0.00310	0.00427
3	0.04385	0.09169	0.14136	0.08027	0.11215	0.08727	0.05646	0.13989	0.05560	0.04048	0.00880	0.04738	0.00721	0.00555	0.03868	0.00143	0.03031	0.00368	0.00251	0.00544
4	0.00752	0.00672	0.06384	0.06481	0.05889	0.00645	0.00629	0.00998	0.09152	0.06501	0.04979	0.08676	0.12345	0.11935	0.12109	0.00238	0.08530	0.02364	0.00290	0.00430
5	0.00552	0.00407	0.00560	0.00571	0.00624	0.00397	0.03725	0.00627	0.00731	0.00972	0.04396	0.34315	0.09034	0.22980	0.10248	0.03392	0.00388	0.05461	0.00306	0.00313

[dist]
# distance from previous block
# <min> <max>
3	21

[block]
# block no. 6 follows, 68 sequences, length 11
# corresponding to MSA columns:
# 2340-2350
name=unknown_G
#
# <colnr> <probs for GDERKNQSTAVLIFYWHMCP>
#	G	D	E	R	K	N	Q	S	T	A	V	L	I	F	Y	W	H	M	C	P
0	0.04423	0.06625	0.10489	0.04472	0.02382	0.02616	0.04164	0.07680	0.03009	0.01314	0.07361	0.10539	0.09679	0.00607	0.00449	0.01754	0.03911	0.02123	0.00277	0.16124
1	0.00937	0.06143	0.11197	0.08355	0.18035	0.02385	0.03412	0.06732	0.04957	0.01276	0.00735	0.00921	0.00600	0.00428	0.00533	0.00118	0.15984	0.00321	0.00217	0.16714
2	0.00556	0.00401	0.00486	0.00525	0.00601	0.00372	0.00372	0.00688	0.04253	0.03786	0.07662	0.46668	0.23959	0.04609	0.00550	0.00159	0.00237	0.03393	0.00372	0.00351
3	0.00663	0.00520	0.00629	0.02393	0.00743	0.00548	0.00451	0.00996	0.18364	0.01214	0.16387	0.04202	0.09447	0.16668	0.18600	0.00284	0.00456	0.03044	0.00322	0.04070
4	0.00516	0.00379	0.00481	0.00517	0.00581	0.00348	0.00368	0.00631	0.00900	0.01211	0.29059	0.41084	0.14595	0.03455	0.00532	0.00152	0.00222	0.04242	0.00387	0.00340
5	0.00523	0.00381	0.00456	0.00491	0.00566	0.00341	0.00344	0.00613	0.00846	0.03152	0.10506	0.42163	0.31637	0.05389	0.00563	0.00158	0.00226	0.00938	0.00371	0.00336
6	0.00514	0.00392	0.00447	0.00452	0.00554	0.00347	0.00332	0.00640	0.00943	0.01240	0.27331	0.15935	0.42651	0.00952	0.00463	0.00133	0.00200	0.00819	0.05307	0.00347
7	0.01077	0.01143	0.01177	0.01021	0.01091	0.24297	0.00827	0.01170	0.00773	0.04490	0.00591	0.00846	0.00537	0.00606	0.01001	0.00152	0.58231	0.00324	0.00196	0.00451
8	0.01441	0.01559	0.01108	0.00958	0.01193	0.52975	0.00740	0.25637	0.05241	0.01475	0.00784	0.00847	0.00609	0.00437	0.00369	0.00108	0.00596	0.00299	0.03096	0.00529
9	0.00489	0.00380	0.00447	0.00489	0.00571	0.00338	0.00352	0.00585	0.00854	0.01081	0.07567	0.39144	0.39839	0.01101	0.00489	0.00148	0.00221	0.05200	0.00372	0.00333
10	0.01046	0.81823	0.06435	0.00702	0.01055	0.01534	0.00720	0.01191	0.00807	0.00950	0.00560	0.00647	0.00508	0.00341	0.00261	0.00087	0.00433	0.00216	0.00169	0.00513

[dist]
# distance from previous block
# <min> <max>
1	5

[block]
# block no. 7 follows, 68 sequences, length 60
# corresponding to MSA columns:
# 2358-2361,2368,2370-2377,2379-2385,2389-2405,2435-2452,2457-2461
name=unknown_H
#
# <colnr> <probs for GDERKNQSTAVLIFYWHMCP>
#	G	D	E	R	K	N	Q	S	T	A	V	L	I	F	Y	W	H	M	C	P
0	0.00506	0.00369	0.00468	0.00536	0.00577	0.00347	0.00365	0.00601	0.02394	0.01035	0.04706	0.63893	0.11392	0.07591	0.00614	0.00174	0.00243	0.03503	0.00361	0.00326
1	0.00735	0.00698	0.01188	0.72137	0.02487	0.00837	0.05988	0.00987	0.00809	0.01033	0.00976	0.03217	0.06363	0.00455	0.00408	0.00133	0.00507	0.00411	0.00196	0.00436
2	0.16417	0.03357	0.01193	0.16272	0.19822	0.08069	0.05360	0.11901	0.01909	0.03994	0.03825	0.01082	0.02179	0.02501	0.00409	0.00127	0.00455	0.00353	0.00252	0.00520
3	0.05790	0.24632	0.15725	0.00823	0.02708	0.07808	0.00779	0.07251	0.03396	0.15857	0.01992	0.02227	0.00706	0.00412	0.00337	0.00106	0.00435	0.00306	0.00269	0.08440
4	0.03621	0.02407	0.01344	0.14725	0.33992	0.02872	0.07072	0.02564	0.06823	0.13341	0.00994	0.01129	0.02710	0.00409	0.00391	0.00120	0.00450	0.00373	0.00261	0.04403
5	0.01139	0.00855	0.02915	0.00767	0.00971	0.07110	0.02051	0.18365	0.15961	0.15251	0.03700	0.01594	0.01099	0.16449	0.03832	0.00193	0.03027	0.02916	0.01281	0.00524
6	0.00923	0.01027	0.02186	0.01572	0.01954	0.00961	0.74363	0.02661	0.00941	0.01282	0.00858	0.04556	0.00686	0.00373	0.00462	0.00132	0.00633	0.00485	0.00212	0.03734
7	0.01184	0.02508	0.04517	0.00979	0.01268	0.06500	0.16070	0.19181	0.20307	0.13094	0.04903	0.04399	0.01042	0.00507	0.00416	0.00127	0.00442	0.01620	0.00349	0.00585
8	0.00753	0.00474	0.00593	0.00583	0.00708	0.00447	0.00454	0.00906	0.03529	0.14838	0.07756	0.22440	0.26975	0.00951	0.00506	0.00147	0.03282	0.13864	0.00387	0.00408
9	0.00488	0.00352	0.00454	0.00534	0.00563	0.00327	0.00355	0.00555	0.00756	0.01000	0.02245	0.74566	0.08016	0.07023	0.00607	0.00174	0.00239	0.01070	0.00359	0.00317
10	0.14334	0.00912	0.04383	0.00765	0.01066	0.00903	0.00652	0.35640	0.01346	0.29514	0.01107	0.01064	0.00753	0.00460	0.00368	0.00120	0.00376	0.00348	0.05270	0.00618
11	0.00949	0.00855	0.01466	0.24428	0.04289	0.00915	0.27064	0.10792	0.05970	0.04830	0.00940	0.04023	0.00755	0.03185	0.02979	0.00155	0.03656	0.00434	0.01806	0.00511
12	0.00482	0.00348	0.00457	0.00545	0.00573	0.00323	0.00365	0.00553	0.00766	0.01015	0.02273	0.81874	0.06499	0.01231	0.00504	0.00160	0.00229	0.01113	0.00368	0.00323
13	0.02868	0.00742	0.00932	0.00734	0.01017	0.00708	0.00606	0.19267	0.01267	0.55555	0.04457	0.01484	0.01079	0.00529	0.00404	0.00124	0.00351	0.04745	0.02495	0.00636
14	0.01344	0.02471	0.03993	0.05880	0.05153	0.02415	0.06477	0.33858	0.03814	0.22213	0.03299	0.04082	0.00911	0.00499	0.00406	0.00124	0.00427	0.01654	0.00368	0.00613
15	0.00708	0.00538	0.00650	0.00609	0.00722	0.00565	0.00470	0.04704	0.05799	0.06628	0.10623	0.19390	0.31443	0.00902	0.00588	0.00144	0.12736	0.02017	0.00358	0.00407
16	0.00903	0.05084	0.02286	0.16005	0.06922	0.03256	0.00693	0.03519	0.00866	0.03836	0.00726	0.00885	0.00585	0.00347	0.00357	0.00087	0.02956	0.00277	0.00228	0.50183
17	0.04583	0.01272	0.06358	0.01259	0.08880	0.25767	0.21987	0.06955	0.01015	0.04492	0.00847	0.03946	0.00717	0.00465	0.00468	0.00126	0.06413	0.03698	0.00237	0.00514
18	0.00495	0.00396	0.00439	0.00445	0.00554	0.00344	0.00328	0.00608	0.00923	0.01165	0.19962	0.13325	0.54149	0.03167	0.00514	0.00142	0.00209	0.02116	0.00379	0.00339
19	0.00998	0.00759	0.00979	0.06984	0.01058	0.05146	0.00701	0.05916	0.00812	0.13504	0.02842	0.01138	0.00764	0.00975	0.11376	0.10284	0.33146	0.00370	0.01806	0.00444
20	0.00548	0.00380	0.00474	0.00517	0.00578	0.00349	0.00359	0.00632	0.00817	0.04062	0.09021	0.49030	0.18337	0.09726	0.00646	0.00175	0.00245	0.03406	0.00365	0.00335
21	0.00538	0.00399	0.00479	0.00487	0.00586	0.00356	0.00361	0.00667	0.00954	0.02966	0.30860	0.20524	0.33854	0.00980	0.00478	0.00138	0.00212	0.04410	0.00394	0.00354
22	0.05145	0.00649	0.00829	0.00655	0.00919	0.00593	0.00535	0.06478	0.01122	0.59888	0.07348	0.01428	0.01143	0.00504	0.00383	0.00119	0.00313	0.00408	0.10933	0.00607
23	0.01409	0.01062	0.01134	0.00892	0.01192	0.01184	0.00730	0.67125	0.17170	0.02340	0.01077	0.01052	0.00776	0.00488	0.00398	0.00122	0.00413	0.00374	0.00398	0.00665
24	0.00855	0.00554	0.00645	0.00579	0.00752	0.00538	0.00448	0.01217	0.19480	0.16867	0.23208	0.04683	0.27061	0.00759	0.00442	0.00130	0.00249	0.00644	0.00417	0.00474
25	0.01077	0.82820	0.02038	0.00693	0.01026	0.04991	0.00682	0.01204	0.00819	0.00934	0.00554	0.00639	0.00509	0.00342	0.00259	0.00086	0.00436	0.00214	0.00171	0.00507
26	0.00928	0.00933	0.01151	0.04100	0.01115	0.07183	0.00827	0.01203	0.15035	0.01081	0.00725	0.00970	0.00641	0.00635	0.01043	0.00160	0.61226	0.00358	0.00216	0.00470
27	0.00561	0.00468	0.00516	0.00464	0.00637	0.00383	0.00352	0.00686	0.00901	0.01177	0.12185	0.08001	0.50558	0.00834	0.00431	0.00117	0.00222	0.00703	0.00346	0.20458
28	0.01291	0.10117	0.01151	0.00925	0.01124	0.57446	0.00719	0.05680	0.01054	0.01046	0.00725	0.02206	0.00639	0.00731	0.10042	0.00167	0.02545	0.01716	0.00217	0.00459
29	0.01376	0.00623	0.00798	0.00649	0.00867	0.00581	0.00504	0.04535	0.06793	0.51822	0.03360	0.01684	0.01161	0.21106	0.02168	0.00195	0.00359	0.00451	0.00415	0.00555
30	0.00940	0.00722	0.00852	0.00636	0.00953	0.00602	0.00509	0.08550	0.00933	0.07745	0.00878	0.05982	0.00746	0.00393	0.00349	0.00078	0.02432	0.00315	0.00276	0.66108
31	0.00489	0.00351	0.00462	0.00541	0.00572	0.00327	0.00364	0.00565	0.00783	0.01044	0.07071	0.76427	0.05567	0.02740	0.00530	0.00162	0.00229	0.01082	0.00370	0.00324
32	0.00523	0.00378	0.00502	0.00578	0.00629	0.00357	0.00425	0.00630	0.00833	0.01104	0.09330	0.55843	0.07349	0.01158	0.00510	0.00161	0.00254	0.18724	0.00373	0.00337
33	0.00686	0.00345	0.00514	0.00514	0.00514	0.00345	0.00342	0.00518	0.00518	0.00691	0.00702	0.01239	0.00707	0.03442	0.01561	0.86317	0.00345	0.00350	0.00174	0.00174
34	0.01060	0.86304	0.02078	0.00678	0.01018	0.01569	0.00678	0.01187	0.00806	0.00933	0.00551	0.00636	0.00509	0.00339	0.00254	0.00085	0.00424	0.00212	0.00170	0.00509
35	0.01092	0.01983	0.01247	0.00992	0.01206	0.13418	0.16127	0.15411	0.03407	0.07804	0.03994	0.04840	0.09647	0.00580	0.00586	0.00133	0.16273	0.00460	0.00291	0.00507
36	0.07916	0.00933	0.03745	0.02857	0.03062	0.08628	0.00654	0.26176	0.06608	0.14484	0.02407	0.05043	0.02971	0.07066	0.00518	0.00145	0.00408	0.04123	0.01712	0.00543
37	0.00827	0.00751	0.01214	0.16506	0.41886	0.01521	0.01886	0.01043	0.02407	0.02253	0.03504	0.19344	0.01173	0.00590	0.00437	0.00132	0.01702	0.02064	0.00247	0.00512
38	0.00995	0.00717	0.03429	0.20581	0.02973	0.00704	0.10879	0.06303	0.00968	0.19706	0.04775	0.16781	0.02463	0.00613	0.00444	0.00134	0.01910	0.01824	0.03304	0.00497
39	0.01269	0.07510	0.02797	0.07504	0.06351	0.01092	0.15007	0.39062	0.03922	0.08941	0.00938	0.01014	0.00680	0.00429	0.00396	0.00120	0.00472	0.00370	0.01515	0.00610
40	0.01123	0.02688	0.01277	0.05303	0.07468	0.16374	0.16699	0.11857	0.03580	0.10763	0.01140	0.13644	0.01019	0.00593	0.01536	0.00135	0.00501	0.03487	0.00295	0.00520
41	0.00597	0.00404	0.00522	0.00528	0.00565	0.00424	0.00359	0.00661	0.00639	0.02875	0.01307	0.09060	0.01413	0.46304	0.28879	0.00435	0.00592	0.03883	0.00253	0.00300
42	0.01386	0.01725	0.01167	0.07462	0.07878	0.71552	0.00827	0.01511	0.01081	0.00999	0.00630	0.00762	0.00521	0.00403	0.00363	0.00106	0.00682	0.00270	0.00202	0.00472
43	0.00607	0.00375	0.00461	0.00465	0.00469	0.00375	0.00282	0.00567	0.00574	0.00764	0.01142	0.03725	0.01287	0.59665	0.01825	0.23726	0.00371	0.02866	0.00228	0.00227
44	0.01896	0.00434	0.00530	0.00528	0.00624	0.00414	0.00388	0.02931	0.03802	0.03054	0.34864	0.25507	0.15449	0.02486	0.02518	0.00153	0.00244	0.02011	0.01792	0.00375
45	0.00635	0.00369	0.00493	0.00496	0.00502	0.00373	0.00320	0.00561	0.00559	0.00749	0.00978	0.01882	0.01057	0.35756	0.06619	0.45088	0.00404	0.02737	0.00208	0.00216
46	0.00771	0.00689	0.00933	0.00832	0.00854	0.02463	0.00665	0.00819	0.00622	0.00904	0.00865	0.01264	0.05638	0.04572	0.12707	0.15425	0.49024	0.00394	0.00194	0.00365
47	0.01041	0.68176	0.15121	0.00770	0.01141	0.06043	0.00809	0.01220	0.00828	0.00987	0.00580	0.00673	0.00508	0.00349	0.00280	0.00092	0.00466	0.00227	0.00171	0.00518
48	0.00887	0.00517	0.00606	0.00549	0.00699	0.00511	0.00422	0.02484	0.13659	0.15310	0.23071	0.06986	0.06378	0.00646	0.00393	0.00119	0.00238	0.00548	0.25514	0.00462
49	0.01003	0.00851	0.00901	0.00802	0.01027	0.00979	0.00626	0.06990	0.74876	0.01708	0.04588	0.01502	0.01271	0.00544	0.00405	0.00133	0.00317	0.00453	0.00404	0.00621
50	0.01076	0.02345	0.00957	0.00841	0.01066	0.14291	0.00653	0.03573	0.67011	0.01554	0.01425	0.01334	0.01078	0.00513	0.00394	0.00128	0.00382	0.00412	0.00368	0.00600
51	0.00573	0.00400	0.00513	0.00520	0.00549	0.00424	0.00350	0.00632	0.00618	0.00847	0.01251	0.04697	0.01360	0.51334	0.30076	0.00455	0.00611	0.04263	0.00240	0.00287
52	0.01094	0.05481	0.20060	0.05366	0.01274	0.02422	0.06210	0.10324	0.02122	0.21972	0.02637	0.13598	0.04541	0.00576	0.00409	0.00128	0.00425	0.00490	0.00323	0.00548
53	0.02238	0.02572	0.00940	0.05532	0.01096	0.01919	0.00579	0.12075	0.06277	0.04045	0.00811	0.00906	0.00641	0.00363	0.00356	0.00084	0.03076	0.00280	0.00269	0.55941
54	0.00654	0.00538	0.00689	0.02324	0.00782	0.05150	0.00519	0.02910	0.00700	0.00965	0.01040	0.02886	0.00985	0.07555	0.66811	0.00544	0.02705	0.00428	0.00220	0.01595
55	0.03751	0.10246	0.05985	0.00862	0.01147	0.00989	0.08640	0.19273	0.24060	0.07227	0.07600	0.01350	0.03633	0.00570	0.02786	0.00137	0.00413	0.00417	0.00340	0.00574
56	0.00913	0.05968	0.20824	0.03840	0.02806	0.04201	0.00757	0.02372	0.03356	0.14768	0.19870	0.04646	0.11574	0.00615	0.00413	0.00125	0.00375	0.01752	0.00328	0.00498
57	0.00795	0.02051	0.84011	0.01130	0.01716	0.00921	0.01465	0.01256	0.00837	0.01256	0.00712	0.00837	0.00502	0.00377	0.00377	0.00126	0.00586	0.00293	0.00167	0.00586
58	0.00957	0.00731	0.00809	0.00724	0.00912	0.00800	0.00559	0.16011	0.37249	0.05107	0.07793	0.14662	0.05055	0.04299	0.00497	0.00146	0.00314	0.02443	0.00394	0.00537
59	0.01403	0.16508	0.01299	0.00850	0.01156	0.06344	0.00716	0.49040	0.08448	0.08922	0.00967	0.00959	0.00706	0.00454	0.00369	0.00113	0.00432	0.00336	0.00352	0.00627

[dist]
# distance from previous block
# <min> <max>
8	15

[block]
# block no. 8 follows, 68 sequences, length 18
# corresponding to MSA columns:
# 2551-2554,2558-2563,2571-2578
name=unknown_I
#
# <colnr> <probs for GDERKNQSTAVLIFYWHMCP>
#	G	D	E	R	K	N	Q	S	T	A	V	L	I	F	Y	W	H	M	C	P
0	0.03091	0.00834	0.02674	0.00755	0.02488	0.07401	0.00597	0.17780	0.04807	0.31167	0.11286	0.01621	0.04376	0.07762	0.00541	0.00144	0.00375	0.01349	0.00394	0.00558
1	0.17438	0.00725	0.00731	0.00679	0.00830	0.09491	0.04271	0.08863	0.04149	0.01388	0.08475	0.32813	0.07041	0.00792	0.00419	0.00136	0.00334	0.00676	0.00330	0.00418
2	0.42163	0.00728	0.00756	0.00673	0.04129	0.00757	0.00518	0.03602	0.05028	0.23553	0.08023	0.01106	0.00925	0.00445	0.00326	0.00119	0.00314	0.00329	0.00337	0.06168
3	0.04313	0.00629	0.04053	0.03635	0.12839	0.02151	0.00606	0.03011	0.02344	0.11033	0.04450	0.42580	0.05049	0.00855	0.00447	0.00141	0.00318	0.00760	0.00339	0.00446
4	0.05032	0.09203	0.17821	0.01141	0.13498	0.01087	0.02818	0.36049	0.01284	0.03554	0.00877	0.04287	0.00689	0.00448	0.00378	0.00119	0.00460	0.00358	0.00290	0.00606
5	0.40285	0.00920	0.00897	0.00721	0.01005	0.01022	0.00595	0.39308	0.01273	0.09252	0.00828	0.00850	0.00592	0.00429	0.00330	0.00121	0.00370	0.00297	0.00338	0.00566
6	0.00803	0.00446	0.00591	0.00579	0.00695	0.00405	0.00436	0.00931	0.00954	0.19632	0.22042	0.34806	0.07578	0.00942	0.00474	0.00144	0.00253	0.07462	0.00412	0.00418
7	0.06743	0.00911	0.03971	0.08879	0.27942	0.04909	0.05135	0.02565	0.15361	0.08734	0.03929	0.01314	0.04581	0.00467	0.00409	0.00126	0.01683	0.01500	0.00281	0.00560
8	0.00801	0.00696	0.00824	0.00742	0.00803	0.06000	0.00568	0.08398	0.00755	0.01035	0.00923	0.01558	0.00930	0.26583	0.22988	0.00347	0.25013	0.00431	0.00226	0.00380
9	0.00561	0.00405	0.00530	0.00499	0.00592	0.00374	0.00374	0.00748	0.01122	0.01590	0.83383	0.02962	0.03741	0.00811	0.00468	0.00125	0.00187	0.00717	0.00436	0.00374
10	0.00515	0.00363	0.00462	0.00526	0.00549	0.00348	0.00346	0.00573	0.00718	0.00954	0.01957	0.57084	0.04261	0.23431	0.02808	0.00230	0.00294	0.03947	0.00331	0.00303
11	0.01009	0.00986	0.11024	0.22299	0.13992	0.06309	0.08236	0.04519	0.00929	0.12871	0.00960	0.06427	0.00775	0.00563	0.03748	0.00148	0.02421	0.00408	0.01848	0.00526
12	0.01507	0.01111	0.01190	0.00912	0.01230	0.01230	0.00754	0.82270	0.01864	0.02499	0.00952	0.00952	0.00674	0.00476	0.00397	0.00119	0.00436	0.00357	0.00397	0.00674
13	0.00487	0.00348	0.00463	0.00550	0.00576	0.00324	0.00368	0.00561	0.00776	0.01039	0.05963	0.81953	0.02674	0.01222	0.00504	0.00159	0.00228	0.01108	0.00371	0.00324
14	0.00968	0.00875	0.00882	0.00760	0.01011	0.06340	0.00592	0.01775	0.56265	0.01513	0.01392	0.01330	0.02976	0.00483	0.00376	0.00115	0.00333	0.00395	0.00350	0.21271
15	0.00941	0.04345	0.14030	0.00796	0.04156	0.00737	0.00701	0.11278	0.03674	0.06943	0.04452	0.05383	0.03697	0.02310	0.00413	0.00108	0.01698	0.01815	0.00284	0.32239
16	0.01448	0.01828	0.01155	0.01114	0.06629	0.78994	0.00796	0.01559	0.01109	0.00992	0.00622	0.00732	0.00518	0.00405	0.00360	0.00103	0.00699	0.00262	0.00204	0.00471
17	0.03801	0.00805	0.00997	0.00784	0.01059	0.00819	0.00645	0.20097	0.06733	0.50601	0.01312	0.01208	0.00873	0.00505	0.00473	0.00127	0.07703	0.00383	0.00430	0.00644

[dist]
# distance from previous block
# <min> <max>
0	1

[block]
# block no. 9 follows, 68 sequences, length 16
# corresponding to MSA columns:
# 2580-2595
name=unknown_J
#
# <colnr> <probs for GDERKNQSTAVLIFYWHMCP>
#	G	D	E	R	K	N	Q	S	T	A	V	L	I	F	Y	W	H	M	C	P
0	0.00859	0.00828	0.01439	0.44795	0.37126	0.00914	0.06112	0.01116	0.00848	0.01149	0.00728	0.01026	0.00575	0.00374	0.00399	0.00126	0.00513	0.00360	0.00186	0.00526
1	0.30321	0.01019	0.01036	0.12301	0.16299	0.15079	0.00769	0.11025	0.02420	0.05212	0.00730	0.00856	0.00561	0.00397	0.00339	0.00119	0.00453	0.00295	0.00252	0.00516
2	0.00500	0.00386	0.00460	0.00505	0.00589	0.00347	0.00372	0.00602	0.00859	0.01087	0.06871	0.35815	0.38158	0.01099	0.00493	0.00150	0.00232	0.10770	0.00371	0.00335
3	0.00572	0.00402	0.00523	0.00523	0.00554	0.00433	0.00353	0.00635	0.00603	0.00836	0.01167	0.02137	0.01243	0.49394	0.38418	0.00496	0.00683	0.00510	0.00228	0.00290
4	0.04638	0.00714	0.01110	0.32563	0.23993	0.02440	0.02555	0.00984	0.00832	0.01140	0.01162	0.16465	0.03529	0.00596	0.00421	0.00136	0.00436	0.05584	0.00238	0.00464
5	0.00590	0.00476	0.02616	0.00565	0.00647	0.02946	0.00415	0.00712	0.02528	0.04075	0.10565	0.51542	0.14920	0.02923	0.00517	0.00154	0.00257	0.02826	0.00367	0.00358
6	0.00480	0.00358	0.00447	0.00517	0.00566	0.00325	0.00353	0.00556	0.00793	0.01026	0.02609	0.66860	0.21297	0.01187	0.00497	0.00155	0.00223	0.01060	0.00368	0.00325
7	0.02100	0.00448	0.00559	0.00537	0.00659	0.00409	0.00402	0.00900	0.02626	0.15085	0.27274	0.25370	0.16904	0.00892	0.00458	0.00136	0.00233	0.01884	0.02715	0.00409
8	0.06221	0.02803	0.16216	0.07518	0.20501	0.04406	0.05745	0.02915	0.12610	0.05146	0.03240	0.01279	0.04698	0.00533	0.02964	0.00141	0.00474	0.01785	0.00257	0.00549
9	0.00865	0.01009	0.19908	0.03493	0.08137	0.03865	0.00836	0.01200	0.11093	0.06924	0.01027	0.02973	0.00862	0.06277	0.17673	0.00249	0.08428	0.00395	0.04293	0.00494
10	0.00845	0.00912	0.01881	0.01383	0.01709	0.00857	0.61378	0.01158	0.03245	0.01289	0.09433	0.04793	0.06376	0.00483	0.00469	0.00135	0.00556	0.02349	0.00251	0.00496
11	0.00496	0.00361	0.00470	0.00549	0.00590	0.00335	0.00382	0.00580	0.00796	0.01049	0.04860	0.68928	0.10638	0.01194	0.00504	0.00159	0.00236	0.07172	0.00370	0.00328
12	0.01012	0.14474	0.30175	0.00960	0.02646	0.03876	0.07005	0.07962	0.06408	0.09212	0.02724	0.01260	0.04484	0.00466	0.00380	0.00121	0.00473	0.03637	0.02168	0.00556
13	0.02961	0.01358	0.05147	0.02862	0.06561	0.42465	0.02590	0.04827	0.01054	0.07954	0.03142	0.05327	0.02489	0.00531	0.00423	0.00121	0.03293	0.06151	0.00262	0.00485
14	0.04092	0.00725	0.01786	0.03121	0.15303	0.05517	0.04701	0.06149	0.00956	0.05373	0.02775	0.06875	0.06588	0.06324	0.00560	0.00161	0.00407	0.27824	0.00309	0.00454
15	0.09370	0.32640	0.16752	0.02548	0.04330	0.06107	0.03356	0.12235	0.00967	0.01324	0.00717	0.00914	0.00600	0.00414	0.00360	0.00112	0.03068	0.03436	0.00219	0.00531

[dist]
# distance from previous block
# <min> <max>
1	30

[block]
# block no. 10 follows, 68 sequences, length 68
# corresponding to MSA columns:
# 2627-2635,2641-2658,2665-2670,2674-2685,2710-2717,2719-2723,2725-2734
name=unknown_K
#
# <colnr> <probs for GDERKNQSTAVLIFYWHMCP>
#	G	D	E	R	K	N	Q	S	T	A	V	L	I	F	Y	W	H	M	C	P
0	0.02569	0.06630	0.07232	0.00839	0.02425	0.09271	0.02953	0.17154	0.09408	0.11987	0.04188	0.06237	0.07528	0.00604	0.01712	0.00131	0.03732	0.02005	0.00327	0.03065
1	0.01968	0.01928	0.11236	0.06183	0.08860	0.00740	0.00745	0.12551	0.02209	0.06082	0.02328	0.01337	0.00877	0.07563	0.30272	0.01293	0.00664	0.00392	0.00254	0.02520
2	0.00843	0.00680	0.00851	0.02168	0.00940	0.01878	0.06939	0.09858	0.13236	0.05011	0.13179	0.04853	0.18232	0.05693	0.00538	0.00139	0.02186	0.02118	0.00346	0.10312
3	0.74989	0.00779	0.00653	0.00563	0.00819	0.00880	0.00464	0.06173	0.00792	0.09895	0.00676	0.00732	0.00499	0.00387	0.00270	0.00122	0.00318	0.00241	0.00279	0.00468
4	0.00547	0.00402	0.00503	0.00518	0.00599	0.00374	0.00387	0.00681	0.00938	0.01259	0.35338	0.14475	0.18134	0.10343	0.00657	0.00169	0.00246	0.13704	0.00381	0.00343
5	0.00996	0.08142	0.34636	0.00911	0.01298	0.00940	0.00970	0.16486	0.01023	0.06370	0.00885	0.06666	0.00724	0.00472	0.00437	0.00119	0.06602	0.00359	0.00944	0.11019
6	0.00562	0.00391	0.00485	0.00495	0.00524	0.00400	0.00324	0.00605	0.00634	0.00851	0.01489	0.10390	0.07372	0.48968	0.20626	0.03247	0.00510	0.01593	0.00255	0.00280
7	0.00921	0.06199	0.07586	0.22534	0.28123	0.02945	0.16158	0.02806	0.00875	0.01189	0.00717	0.00971	0.00573	0.00388	0.00459	0.00126	0.06343	0.00359	0.00191	0.00537
8	0.01014	0.30674	0.11856	0.02316	0.06193	0.02694	0.06246	0.05845	0.08524	0.06976	0.05250	0.04415	0.00975	0.00484	0.00365	0.00116	0.00433	0.04827	0.00263	0.00535
9	0.00534	0.00368	0.00467	0.00512	0.00542	0.00358	0.00339	0.00606	0.00735	0.01013	0.08626	0.45924	0.02196	0.24137	0.06977	0.00249	0.00326	0.00854	0.04929	0.00309
10	0.00649	0.00559	0.00649	0.00648	0.00724	0.08876	0.00488	0.00773	0.00721	0.00962	0.05407	0.11079	0.01294	0.07017	0.57705	0.00490	0.00851	0.00510	0.00242	0.00356
11	0.01026	0.01048	0.01592	0.05825	0.01572	0.09377	0.33898	0.09627	0.12459	0.01336	0.00857	0.01050	0.00671	0.00481	0.00608	0.03055	0.14350	0.00402	0.00243	0.00521
12	0.01004	0.02869	0.08001	0.07194	0.24987	0.06909	0.12342	0.04401	0.05440	0.08068	0.01056	0.09134	0.00926	0.00509	0.00426	0.00129	0.01413	0.04385	0.00261	0.00546
