[name]
unknown

[dist]
# distance from previous block
# <min> <max>
1	77

[block]
# block no. 0 follows, 92 sequences, length 31
# corresponding to MSA columns:
# 94-124
name=unknown_A
#
# <colnr> <probs for GDERKNQSTAVLIFYWHMCP>
#	G	D	E	R	K	N	Q	S	T	A	V	L	I	F	Y	W	H	M	C	P
0	0.09211	0.04551	0.18319	0.00852	0.13021	0.03184	0.09322	0.00872	0.01400	0.05409	0.07018	0.07569	0.09546	0.00432	0.00354	0.00100	0.05635	0.00364	0.00203	0.02639
1	0.00730	0.28627	0.38405	0.00883	0.10580	0.00882	0.05206	0.03353	0.01689	0.00942	0.00538	0.00639	0.00425	0.00286	0.00276	0.00086	0.01268	0.00224	0.00146	0.04815
2	0.00864	0.00544	0.00783	0.00739	0.09088	0.01405	0.03723	0.00972	0.00678	0.29733	0.04161	0.03215	0.03312	0.07391	0.11495	0.00172	0.20734	0.00348	0.00246	0.00397
3	0.00826	0.86389	0.04423	0.00545	0.00817	0.01216	0.00553	0.00935	0.00634	0.00741	0.00437	0.00505	0.00400	0.00267	0.00203	0.00068	0.00337	0.00169	0.00133	0.00402
4	0.00423	0.00299	0.00391	0.00414	0.00465	0.00276	0.00295	0.00522	0.00735	0.02185	0.39862	0.43569	0.06244	0.00806	0.00382	0.00113	0.00168	0.02259	0.00314	0.00276
5	0.00499	0.00375	0.00457	0.00429	0.00518	0.00373	0.00324	0.00765	0.15143	0.01238	0.66494	0.04159	0.03817	0.00602	0.00355	0.00099	0.00164	0.00528	0.03335	0.00326
6	0.00424	0.00318	0.00392	0.00374	0.00455	0.00287	0.00280	0.00554	0.00841	0.01153	0.67058	0.02486	0.22886	0.00673	0.00368	0.00100	0.00150	0.00586	0.00330	0.00287
7	0.00373	0.00316	0.00322	0.00321	0.00424	0.00265	0.00241	0.00457	0.00722	0.00869	0.08789	0.02953	0.81332	0.00779	0.00368	0.00105	0.00157	0.00651	0.00293	0.00265
8	0.91252	0.00602	0.00458	0.00410	0.00602	0.00699	0.00337	0.00916	0.00530	0.01398	0.00434	0.00506	0.00337	0.00289	0.00193	0.00096	0.00241	0.00169	0.00193	0.00337
9	0.49296	0.00711	0.00669	0.00544	0.00763	0.00797	0.00449	0.36286	0.00936	0.06009	0.00605	0.00635	0.00439	0.00329	0.00248	0.00095	0.00284	0.00222	0.00252	0.00427
10	0.91252	0.00602	0.00458	0.00410	0.00602	0.00699	0.00337	0.00916	0.00530	0.01398	0.00434	0.00506	0.00337	0.00289	0.00193	0.00096	0.00241	0.00169	0.00193	0.00337
11	0.00609	0.00512	0.00605	0.00449	0.00690	0.00394	0.00356	0.00749	0.00688	0.01057	0.15955	0.00946	0.00903	0.00303	0.00255	0.00055	0.00216	0.00252	0.00213	0.74793
12	0.68778	0.00584	0.00524	0.00446	0.00651	0.00639	0.00368	0.01066	0.00621	0.22889	0.00633	0.00645	0.00446	0.00313	0.00223	0.00096	0.00247	0.00205	0.00241	0.00386
13	0.91252	0.00602	0.00458	0.00410	0.00602	0.00699	0.00337	0.00916	0.00530	0.01398	0.00434	0.00506	0.00337	0.00289	0.00193	0.00096	0.00241	0.00169	0.00193	0.00337
14	0.00445	0.00334	0.00501	0.00501	0.00556	0.00389	0.00389	0.00556	0.00501	0.00723	0.00834	0.01224	0.00779	0.02336	0.87817	0.00501	0.00834	0.00334	0.00167	0.00278
15	0.00455	0.00337	0.00428	0.00399	0.00482	0.00313	0.00301	0.00626	0.04110	0.01227	0.77880	0.02276	0.06708	0.00627	0.00362	0.00097	0.00153	0.00551	0.00336	0.02330
16	0.04790	0.00546	0.00721	0.00555	0.00794	0.00486	0.00458	0.04691	0.00900	0.80847	0.01181	0.01028	0.00746	0.00381	0.00309	0.00096	0.00267	0.00307	0.00375	0.00523
17	0.01379	0.00561	0.00742	0.00569	0.00810	0.00503	0.00470	0.09041	0.00943	0.79730	0.01186	0.01033	0.00750	0.00385	0.00313	0.00096	0.00272	0.00310	0.00379	0.00530
18	0.00370	0.00316	0.00318	0.00317	0.00422	0.00264	0.00238	0.00451	0.00714	0.00852	0.05235	0.02981	0.84896	0.00785	0.00368	0.00105	0.00158	0.00655	0.00291	0.00264
19	0.00758	0.00727	0.01241	0.08045	0.81076	0.00737	0.00950	0.00945	0.00703	0.01002	0.00584	0.00775	0.00488	0.00280	0.00309	0.00093	0.00373	0.00278	0.00153	0.00483
20	0.04358	0.00563	0.00733	0.00564	0.00804	0.00511	0.00466	0.09071	0.00931	0.76829	0.01160	0.01014	0.00735	0.00381	0.00309	0.00096	0.00271	0.00306	0.00373	0.00524
21	0.17411	0.00553	0.00682	0.00533	0.00766	0.00515	0.00440	0.03786	0.00843	0.69607	0.01074	0.00953	0.00687	0.00368	0.00292	0.00096	0.00263	0.00287	0.00349	0.00496
22	0.00735	0.00840	0.01838	0.01313	0.01628	0.00788	0.85977	0.00998	0.00735	0.00998	0.00630	0.00840	0.00473	0.00263	0.00368	0.00105	0.00525	0.00368	0.00158	0.00420
23	0.00486	0.00533	0.14842	0.00558	0.00675	0.00367	0.04357	0.00606	0.00630	0.04820	0.01452	0.63910	0.01646	0.00801	0.00376	0.00120	0.00249	0.03000	0.00261	0.00309
24	0.87847	0.00636	0.00474	0.00425	0.00616	0.03991	0.00347	0.00928	0.00543	0.01374	0.00436	0.00508	0.00340	0.00290	0.00196	0.00096	0.00253	0.00170	0.00192	0.00338
25	0.00438	0.00309	0.00408	0.00460	0.00493	0.00305	0.00338	0.00511	0.00596	0.00790	0.01478	0.37351	0.01693	0.21208	0.05532	0.00193	0.00278	0.27109	0.00259	0.00250
26	0.00809	0.11127	0.01286	0.01652	0.68647	0.07810	0.02324	0.00977	0.00715	0.00964	0.00560	0.00724	0.00475	0.00280	0.00295	0.00089	0.00384	0.00260	0.00152	0.00471
27	0.00723	0.00605	0.00655	0.00587	0.00745	0.00683	0.00456	0.04974	0.65272	0.01320	0.18955	0.01386	0.01344	0.00465	0.00327	0.00104	0.00230	0.00393	0.00322	0.00453
28	0.03004	0.00445	0.00562	0.00477	0.00632	0.00417	0.00377	0.01065	0.09883	0.35094	0.36875	0.01705	0.07110	0.00517	0.00337	0.00099	0.00207	0.00439	0.00350	0.00407
29	0.00617	0.00333	0.00337	0.00324	0.00409	0.00342	0.00246	0.04677	0.04292	0.01204	0.01015	0.01143	0.00793	0.00366	0.00226	0.00075	0.00158	0.00293	0.82841	0.00310
30	0.00412	0.00316	0.00362	0.00351	0.00440	0.00279	0.00263	0.00526	0.00789	0.01049	0.42892	0.02602	0.43422	0.00699	0.00362	0.00100	0.00152	0.00597	0.04109	0.00279

[dist]
# distance from previous block
# <min> <max>
0	2

[block]
# block no. 1 follows, 92 sequences, length 32
# corresponding to MSA columns:
# 127-158
name=unknown_B
#
# <colnr> <probs for GDERKNQSTAVLIFYWHMCP>
#	G	D	E	R	K	N	Q	S	T	A	V	L	I	F	Y	W	H	M	C	P
0	0.00656	0.03867	0.70345	0.01053	0.16001	0.00740	0.01101	0.00980	0.00666	0.00985	0.00560	0.00673	0.00412	0.00292	0.00295	0.00097	0.00441	0.00237	0.00135	0.00464
1	0.00771	0.00740	0.01264	0.01912	0.87108	0.00740	0.00956	0.00956	0.00709	0.01018	0.00586	0.00771	0.00493	0.00278	0.00308	0.00093	0.00370	0.00278	0.00154	0.00493
2	0.02821	0.05684	0.07075	0.34876	0.01435	0.41302	0.00734	0.01028	0.00745	0.00804	0.00512	0.00669	0.00405	0.00312	0.00288	0.00090	0.00479	0.00230	0.00149	0.00364
3	0.34884	0.14386	0.11039	0.00570	0.00807	0.15633	0.00522	0.01007	0.01714	0.06096	0.00551	0.01588	0.00443	0.00308	0.00238	0.00086	0.00336	0.01099	0.00185	0.08507
4	0.00938	0.00747	0.00828	0.05646	0.07074	0.04892	0.00572	0.25491	0.37926	0.07722	0.01801	0.00959	0.00735	0.00382	0.00311	0.00098	0.00307	0.00310	0.00288	0.02972
5	0.00595	0.00325	0.00436	0.00457	0.00522	0.00296	0.00323	0.00665	0.00659	0.18834	0.01604	0.69099	0.01771	0.00843	0.00377	0.00119	0.00198	0.00756	0.01810	0.00311
6	0.75710	0.00546	0.00441	0.00414	0.00577	0.00623	0.00329	0.00833	0.00542	0.01295	0.00653	0.15615	0.00632	0.00407	0.00228	0.00102	0.00231	0.00291	0.00209	0.00323
7	0.75777	0.00626	0.00596	0.00667	0.15398	0.00706	0.00443	0.00923	0.00561	0.01333	0.00460	0.00551	0.00364	0.00287	0.00213	0.00096	0.00263	0.00187	0.00186	0.00364
8	0.00845	0.00704	0.00744	0.00648	0.00837	0.00808	0.00510	0.16093	0.71994	0.01416	0.01179	0.01091	0.00879	0.00414	0.00316	0.00104	0.00263	0.00340	0.00316	0.00499
9	0.00581	0.00290	0.00290	0.00290	0.00363	0.00290	0.00218	0.00726	0.00653	0.01161	0.01016	0.01161	0.00798	0.00363	0.00218	0.00073	0.00145	0.00290	0.90781	0.00290
10	0.00415	0.00319	0.00459	0.15462	0.00742	0.00328	0.00388	0.00496	0.00601	0.00795	0.01518	0.73794	0.01779	0.00862	0.00383	0.00123	0.00221	0.00782	0.00263	0.00269
11	0.01040	0.01285	0.00803	0.00732	0.00878	0.72834	0.00549	0.01132	0.00883	0.00846	0.15269	0.00864	0.00835	0.00375	0.00296	0.00083	0.00491	0.00263	0.00192	0.00350
12	0.00617	0.00371	0.00478	0.00427	0.00536	0.00343	0.00329	0.00791	0.04919	0.15954	0.64187	0.02088	0.06540	0.00591	0.00356	0.00098	0.00172	0.00515	0.00346	0.00342
13	0.91252	0.00602	0.00458	0.00410	0.00602	0.00699	0.00337	0.00916	0.00530	0.01398	0.00434	0.00506	0.00337	0.00289	0.00193	0.00096	0.00241	0.00169	0.00193	0.00337
14	0.00567	0.00302	0.00327	0.00339	0.00411	0.00302	0.00266	0.00712	0.00664	0.01122	0.01125	0.01564	0.00969	0.00448	0.00254	0.00085	0.00169	0.14780	0.75304	0.00290
15	0.00508	0.00411	0.00422	0.00384	0.00514	0.00383	0.00297	0.15091	0.00839	0.01033	0.02744	0.02613	0.72196	0.00718	0.00359	0.00103	0.00189	0.00593	0.00293	0.00309
16	0.00661	0.00603	0.00850	0.00607	0.00890	0.00479	0.15011	0.00821	0.00661	0.01012	0.00567	0.00679	0.00463	0.00236	0.00254	0.00056	0.00281	0.00216	0.00180	0.75471
17	0.01184	0.00873	0.00935	0.00717	0.00966	0.00966	0.00592	0.86070	0.01465	0.01963	0.00748	0.00748	0.00530	0.00374	0.00312	0.00093	0.00343	0.00280	0.00312	0.00530
18	0.00765	0.00757	0.01363	0.01810	0.72488	0.00748	0.15497	0.00963	0.00714	0.01014	0.00594	0.00783	0.00490	0.00275	0.00319	0.00095	0.00397	0.00293	0.00155	0.00481
19	0.01293	0.00615	0.00764	0.00590	0.00822	0.00593	0.00483	0.25113	0.01031	0.59360	0.01083	0.01019	0.00721	0.04567	0.00373	0.00105	0.00289	0.00311	0.00356	0.00514
20	0.00390	0.00279	0.00374	0.00446	0.00468	0.00262	0.00307	0.00452	0.00607	0.00807	0.01711	0.81522	0.02037	0.00966	0.00400	0.00128	0.00190	0.08108	0.00289	0.00256
21	0.00380	0.00271	0.00361	0.00434	0.00452	0.00253	0.00289	0.00434	0.00596	0.00795	0.01717	0.88848	0.02060	0.00976	0.00398	0.00127	0.00181	0.00886	0.00289	0.00253
22	0.01124	0.01419	0.00889	0.00804	0.00951	0.80658	0.00608	0.01203	0.00849	0.00761	0.00476	0.00572	0.00402	0.00339	0.00342	0.00085	0.07793	0.00207	0.00159	0.00359
23	0.01165	0.01455	0.00885	0.00798	0.00963	0.83601	0.00601	0.05347	0.00911	0.00821	0.00494	0.00571	0.00407	0.00324	0.00282	0.00081	0.00551	0.00205	0.00168	0.00369
24	0.01184	0.00873	0.00935	0.00717	0.00966	0.00966	0.00592	0.86070	0.01465	0.01963	0.00748	0.00748	0.00530	0.00374	0.00312	0.00093	0.00343	0.00280	0.00312	0.00530
25	0.00684	0.00745	0.05151	0.00826	0.00880	0.04981	0.06339	0.00781	0.00527	0.00779	0.00500	0.03867	0.00488	0.00599	0.04734	0.00146	0.67185	0.00298	0.00145	0.00347
26	0.00435	0.00323	0.00440	0.00502	0.04655	0.00327	0.00334	0.00506	0.00564	0.00761	0.01394	0.34687	0.07434	0.18993	0.22224	0.00252	0.00380	0.05295	0.00232	0.00261
27	0.00444	0.00329	0.00487	0.00489	0.00540	0.00378	0.00375	0.00545	0.00501	0.00718	0.00871	0.04693	0.00841	0.06119	0.79250	0.01839	0.00777	0.00360	0.00172	0.00271
28	0.00703	0.00767	0.05150	0.00829	0.00865	0.05039	0.02235	0.00789	0.00510	0.00766	0.00424	0.00678	0.00409	0.00518	0.00940	0.00131	0.78492	0.00269	0.00138	0.00349
29	0.00580	0.00607	0.07835	0.00806	0.00981	0.00518	0.28187	0.00786	0.04091	0.02060	0.01229	0.23314	0.01273	0.00627	0.00385	0.00121	0.00350	0.25668	0.00236	0.00347
30	0.01057	0.00475	0.00619	0.00515	0.00705	0.00425	0.00422	0.01216	0.05462	0.55424	0.05729	0.01701	0.14623	0.00515	0.00338	0.00103	0.00244	0.09626	0.00354	0.00448
31	0.00692	0.00654	0.00989	0.00999	0.17817	0.02308	0.10415	0.05721	0.02054	0.01693	0.03136	0.14391	0.01951	0.00518	0.00606	0.00117	0.34162	0.01207	0.00191	0.00379

[dist]
# distance from previous block
# <min> <max>
1	2

[block]
# block no. 2 follows, 92 sequences, length 8
# corresponding to MSA columns:
# 161-168
name=unknown_C
#
# <colnr> <probs for GDERKNQSTAVLIFYWHMCP>
#	G	D	E	R	K	N	Q	S	T	A	V	L	I	F	Y	W	H	M	C	P
0	0.04299	0.57237	0.14042	0.00627	0.00891	0.07977	0.00634	0.03096	0.00662	0.00830	0.00462	0.00548	0.00401	0.00299	0.00284	0.00079	0.06897	0.00189	0.00142	0.00402
1	0.00605	0.00394	0.00481	0.00465	0.00537	0.00405	0.00331	0.04584	0.11128	0.09834	0.03002	0.23406	0.01290	0.28686	0.11041	0.00218	0.00322	0.02704	0.00259	0.00308
2	0.00936	0.05392	0.12013	0.01207	0.31680	0.04801	0.13943	0.01128	0.00760	0.23958	0.00748	0.00821	0.00543	0.00308	0.00310	0.00094	0.00385	0.00286	0.00213	0.00477
3	0.03578	0.00946	0.05017	0.03805	0.08619	0.18121	0.05996	0.32977	0.02673	0.06170	0.00714	0.00806	0.01783	0.00365	0.00351	0.00096	0.05768	0.01533	0.00233	0.00452
4	0.00619	0.00561	0.00889	0.74837	0.01924	0.00682	0.00797	0.07534	0.00696	0.00892	0.00762	0.00985	0.06838	0.00352	0.00316	0.00103	0.00390	0.00305	0.00163	0.00354
5	0.91252	0.00602	0.00458	0.00410	0.00602	0.00699	0.00337	0.00916	0.00530	0.01398	0.00434	0.00506	0.00337	0.00289	0.00193	0.00096	0.00241	0.00169	0.00193	0.00337
6	0.00378	0.00316	0.00329	0.00326	0.00427	0.00267	0.00244	0.00465	0.00732	0.00895	0.14039	0.02911	0.76066	0.00769	0.00368	0.00104	0.00156	0.00645	0.00296	0.00267
7	0.00716	0.20551	0.33041	0.00753	0.05409	0.03539	0.00753	0.04200	0.13876	0.01012	0.06487	0.02311	0.02356	0.01814	0.00320	0.00096	0.01863	0.00284	0.00190	0.00428

[dist]
# distance from previous block
# <min> <max>
2	6

[block]
# block no. 3 follows, 92 sequences, length 24
# corresponding to MSA columns:
# 175-198
name=unknown_D
#
# <colnr> <probs for GDERKNQSTAVLIFYWHMCP>
#	G	D	E	R	K	N	Q	S	T	A	V	L	I	F	Y	W	H	M	C	P
0	0.00459	0.00332	0.00412	0.00389	0.00475	0.00301	0.00291	0.00598	0.02174	0.03321	0.61336	0.06087	0.18041	0.01897	0.00381	0.00102	0.00159	0.00575	0.00326	0.02344
1	0.02914	0.02052	0.02252	0.11867	0.41143	0.03087	0.05047	0.17888	0.07541	0.02188	0.00668	0.00794	0.00520	0.00314	0.00308	0.00095	0.00370	0.00282	0.00199	0.00471
2	0.00406	0.00288	0.00369	0.00415	0.00453	0.00266	0.00285	0.00474	0.00643	0.02232	0.11526	0.62825	0.12026	0.04503	0.00438	0.00128	0.00182	0.01986	0.00293	0.00261
3	0.01102	0.17958	0.01024	0.00752	0.00932	0.71550	0.00589	0.01186	0.00836	0.00757	0.00472	0.00550	0.00401	0.00311	0.00266	0.00078	0.00519	0.00194	0.00155	0.00368
4	0.00397	0.00287	0.00369	0.00417	0.00450	0.00267	0.00286	0.00465	0.00638	0.00851	0.13363	0.60714	0.08750	0.07486	0.00481	0.00135	0.00187	0.03913	0.00289	0.00256
5	0.06924	0.28033	0.20220	0.00676	0.02565	0.03575	0.05288	0.02236	0.02332	0.10655	0.00605	0.00662	0.00464	0.00289	0.00256	0.00080	0.00349	0.00219	0.00182	0.14392
6	0.01833	0.00781	0.01322	0.01430	0.40517	0.05955	0.28406	0.01028	0.04739	0.05322	0.05043	0.00890	0.00639	0.00306	0.00328	0.00097	0.00408	0.00321	0.00185	0.00452
7	0.00471	0.00326	0.00433	0.00488	0.00538	0.00321	0.00388	0.00574	0.00652	0.00874	0.03370	0.22248	0.01725	0.13577	0.00576	0.00157	0.00254	0.47296	0.05465	0.00265
8	0.00541	0.00454	0.00751	0.00705	0.00811	0.00458	0.15707	0.00693	0.00695	0.00920	0.01405	0.11509	0.01506	0.00748	0.00449	0.00134	0.05318	0.56630	0.00256	0.00310
9	0.03541	0.06832	0.21253	0.01265	0.36633	0.03004	0.08568	0.02975	0.00733	0.11308	0.00647	0.00754	0.00489	0.00296	0.00300	0.00094	0.00391	0.00266	0.00180	0.00470
10	0.01107	0.00656	0.01066	0.00802	0.01049	0.02872	0.26610	0.04399	0.02009	0.47950	0.00987	0.01013	0.00676	0.00437	0.03918	0.00117	0.01782	0.01784	0.00292	0.00474
11	0.00761	0.00730	0.01246	0.06809	0.82292	0.00737	0.00951	0.00947	0.00704	0.01005	0.00584	0.00774	0.00489	0.00279	0.00309	0.00093	0.00373	0.00278	0.00153	0.00485
12	0.00833	0.27332	0.17080	0.04362	0.02495	0.01838	0.05558	0.15931	0.05964	0.05765	0.02451	0.05730	0.00627	0.00363	0.00301	0.00091	0.02351	0.00287	0.00204	0.00435
13	0.05281	0.04906	0.00954	0.00988	0.22048	0.21294	0.02394	0.07107	0.25918	0.04841	0.00787	0.00823	0.00608	0.00341	0.00296	0.00093	0.00368	0.00275	0.00225	0.00453
14	0.01107	0.00573	0.00707	0.00560	0.00763	0.00559	0.00455	0.24642	0.01048	0.42904	0.21856	0.01281	0.01230	0.00443	0.00326	0.00096	0.00258	0.00365	0.00355	0.00473
15	0.00433	0.00318	0.00405	0.00383	0.00460	0.00291	0.00288	0.00572	0.00863	0.01204	0.77647	0.02402	0.12264	0.00654	0.00368	0.00099	0.00148	0.00574	0.00337	0.00291
16	0.04906	0.03247	0.02325	0.06424	0.52336	0.04598	0.00803	0.09930	0.06209	0.02899	0.00671	0.03078	0.00553	0.00322	0.00302	0.00094	0.00358	0.00287	0.00190	0.00467
17	0.27905	0.02993	0.00938	0.00697	0.00942	0.00699	0.18651	0.14282	0.00833	0.27955	0.00770	0.00786	0.00532	0.00326	0.00286	0.00097	0.00327	0.00273	0.00262	0.00446
18	0.00380	0.00271	0.00361	0.00434	0.00452	0.00253	0.00289	0.00434	0.00596	0.00795	0.01717	0.88848	0.02060	0.00976	0.00398	0.00127	0.00181	0.00886	0.00289	0.00253
19	0.00811	0.00661	0.00705	0.00629	0.00809	0.00757	0.00491	0.01648	0.81633	0.06237	0.01266	0.01156	0.00941	0.00421	0.00317	0.00105	0.00248	0.00350	0.00321	0.00495
20	0.53535	0.00722	0.00739	0.00876	0.24784	0.07661	0.00544	0.03958	0.02671	0.01259	0.00511	0.00608	0.00407	0.00295	0.00239	0.00094	0.00306	0.00210	0.00187	0.00393
21	0.91252	0.00602	0.00458	0.00410	0.00602	0.00699	0.00337	0.00916	0.00530	0.01398	0.00434	0.00506	0.00337	0.00289	0.00193	0.00096	0.00241	0.00169	0.00193	0.00337
22	0.00382	0.00316	0.00335	0.00330	0.00429	0.00269	0.00248	0.00474	0.00743	0.00919	0.18978	0.02871	0.71112	0.00760	0.00368	0.00104	0.00156	0.00640	0.00299	0.00269
23	0.02880	0.01100	0.47209	0.00751	0.03246	0.00599	0.00826	0.01130	0.00753	0.29924	0.07817	0.00928	0.00729	0.00353	0.00306	0.00098	0.00362	0.00285	0.00236	0.00468

[dist]
# distance from previous block
# <min> <max>
0	1

[block]
# block no. 4 follows, 92 sequences, length 26
# corresponding to MSA columns:
# 200-225
name=unknown_E
#
# <colnr> <probs for GDERKNQSTAVLIFYWHMCP>
#	G	D	E	R	K	N	Q	S	T	A	V	L	I	F	Y	W	H	M	C	P
0	0.08176	0.00485	0.00653	0.00605	0.00670	0.00564	0.04726	0.03033	0.01872	0.00880	0.00985	0.07102	0.01042	0.17519	0.06189	0.00185	0.22220	0.22585	0.00210	0.00300
1	0.00380	0.00271	0.00361	0.00434	0.00452	0.00253	0.00289	0.00434	0.00596	0.00795	0.01717	0.88848	0.02060	0.00976	0.00398	0.00127	0.00181	0.00886	0.00289	0.00253
2	0.00446	0.00300	0.00345	0.00352	0.00355	0.00300	0.00202	0.00454	0.00467	0.00624	0.01044	0.09752	0.01207	0.79223	0.03452	0.00291	0.00303	0.00489	0.00197	0.00197
3	0.00790	0.00746	0.01244	0.04272	0.78940	0.02438	0.02628	0.00974	0.00716	0.03391	0.00602	0.00778	0.00497	0.00282	0.00309	0.00093	0.00375	0.00279	0.00160	0.00486
4	0.00842	0.00749	0.01341	0.01577	0.53466	0.00732	0.22332	0.04193	0.00763	0.09927	0.00669	0.00817	0.00518	0.00288	0.00324	0.00096	0.00397	0.00304	0.00185	0.00480
5	0.01118	0.01411	0.00868	0.00790	0.00941	0.81493	0.00595	0.01200	0.00855	0.00760	0.00495	0.00595	0.00418	0.00417	0.04191	0.00101	0.03027	0.00209	0.00160	0.00357
6	0.18847	0.00763	0.01071	0.01512	0.62192	0.06275	0.00801	0.03129	0.00704	0.01101	0.00553	0.00704	0.00457	0.00285	0.00284	0.00093	0.00356	0.00251	0.00166	0.00455
7	0.00433	0.00318	0.00405	0.00383	0.00460	0.00291	0.00288	0.00572	0.00863	0.01204	0.77627	0.02402	0.12285	0.00654	0.00368	0.00099	0.00148	0.00574	0.00337	0.00291
8	0.02992	0.17712	0.13021	0.03624	0.06182	0.07853	0.01585	0.02451	0.28463	0.04206	0.06620	0.00942	0.01485	0.00366	0.00296	0.00093	0.01158	0.00290	0.00225	0.00436
9	0.00530	0.00445	0.00666	0.08500	0.00780	0.00536	0.03145	0.02038	0.00538	0.00769	0.00781	0.09515	0.00764	0.01460	0.43871	0.04415	0.18551	0.00364	0.00171	0.02162
10	0.00450	0.00322	0.00407	0.00399	0.00476	0.00303	0.00297	0.00558	0.00730	0.04051	0.35764	0.11827	0.24352	0.03446	0.15016	0.00176	0.00277	0.00573	0.00291	0.00284
11	0.00820	0.04147	0.04392	0.04149	0.56098	0.11295	0.05450	0.04094	0.01833	0.01001	0.00579	0.00738	0.00477	0.00293	0.00316	0.00092	0.02029	0.00267	0.00161	0.01770
12	0.91252	0.00602	0.00458	0.00410	0.00602	0.00699	0.00337	0.00916	0.00530	0.01398	0.00434	0.00506	0.00337	0.00289	0.00193	0.00096	0.00241	0.00169	0.00193	0.00337
13	0.00724	0.00672	0.08935	0.02243	0.00775	0.04239	0.00535	0.04428	0.14636	0.09727	0.05921	0.05096	0.02321	0.13062	0.05804	0.00161	0.19758	0.00363	0.00229	0.00372
14	0.76538	0.00591	0.00501	0.00433	0.00634	0.00659	0.00357	0.01014	0.00589	0.15469	0.00564	0.00597	0.00408	0.00305	0.00213	0.00096	0.00245	0.00192	0.00224	0.00369
15	0.00976	0.00750	0.00950	0.03699	0.23805	0.00807	0.00662	0.36616	0.17043	0.07881	0.00878	0.00921	0.01944	0.00368	0.00314	0.00097	0.00325	0.01193	0.00270	0.00501
16	0.00411	0.00307	0.00333	0.00335	0.00386	0.00282	0.00219	0.00454	0.00591	0.00744	0.05105	0.06473	0.40048	0.41910	0.00937	0.00198	0.00226	0.00569	0.00244	0.00229
17	0.00666	0.00711	0.14371	0.00679	0.05629	0.00601	0.02280	0.03459	0.33042	0.03785	0.22315	0.01498	0.06538	0.00475	0.00332	0.00102	0.00267	0.02548	0.00281	0.00420
18	0.36349	0.21892	0.00887	0.00552	0.00768	0.11110	0.00469	0.14440	0.05506	0.04645	0.00566	0.00607	0.00441	0.00312	0.00235	0.00087	0.00318	0.00205	0.00208	0.00402
19	0.00762	0.02889	0.20407	0.00903	0.17880	0.00627	0.03794	0.04676	0.05681	0.08040	0.01745	0.00766	0.00539	0.00291	0.00282	0.00080	0.00330	0.00248	0.00196	0.29864
20	0.01012	0.01196	0.00895	0.00817	0.03279	0.56229	0.02316	0.02981	0.12231	0.00869	0.00592	0.00684	0.00487	0.00394	0.01573	0.00099	0.13542	0.00240	0.00181	0.00383
21	0.00743	0.01025	0.27703	0.03684	0.08014	0.03698	0.17339	0.07705	0.18838	0.01112	0.01674	0.00900	0.02965	0.00346	0.00339	0.00101	0.02858	0.00307	0.00199	0.00450
22	0.00422	0.00315	0.00392	0.00378	0.00455	0.00285	0.00282	0.00550	0.00831	0.01140	0.64845	0.07092	0.20489	0.00687	0.00369	0.00101	0.00151	0.00600	0.00329	0.00285
23	0.00850	0.00794	0.07833	0.02697	0.25714	0.05674	0.02763	0.08102	0.25889	0.09404	0.05487	0.01856	0.00788	0.00369	0.00315	0.00098	0.00331	0.00318	0.00246	0.00472
24	0.00706	0.00378	0.00499	0.00435	0.00556	0.00339	0.00338	0.00843	0.00879	0.25327	0.60014	0.01996	0.05280	0.00572	0.00352	0.00098	0.00180	0.00497	0.00353	0.00359
25	0.00829	0.07765	0.02599	0.00974	0.23796	0.09260	0.02014	0.09550	0.13173	0.07203	0.00909	0.13273	0.01691	0.00471	0.01955	0.00106	0.03405	0.00366	0.00229	0.00432

[dist]
# distance from previous block
# <min> <max>
2	13

[block]
# block no. 5 follows, 92 sequences, length 20
# corresponding to MSA columns:
# 239-258
name=unknown_F
#
# <colnr> <probs for GDERKNQSTAVLIFYWHMCP>
#	G	D	E	R	K	N	Q	S	T	A	V	L	I	F	Y	W	H	M	C	P
0	0.00687	0.02139	0.07478	0.02229	0.06356	0.00627	0.10274	0.08574	0.23101	0.02990	0.19290	0.05307	0.07438	0.00474	0.00346	0.00102	0.01492	0.00418	0.00269	0.00411
1	0.00400	0.00312	0.00368	0.01743	0.00465	0.00283	0.00274	0.00491	0.00709	0.00920	0.24404	0.18696	0.39728	0.06080	0.03596	0.00133	0.00196	0.00646	0.00290	0.00267
2	0.00842	0.11504	0.11508	0.07532	0.24990	0.19667	0.00742	0.03547	0.05194	0.04079	0.03740	0.00843	0.02936	0.01208	0.00305	0.00092	0.00396	0.00269	0.00181	0.00425
3	0.14189	0.00610	0.00688	0.00570	0.00779	0.00638	0.00459	0.07273	0.31284	0.37067	0.02473	0.01015	0.00790	0.00388	0.00298	0.00100	0.00258	0.00308	0.00327	0.00485
4	0.00755	0.07058	0.05575	0.07993	0.70561	0.00771	0.00929	0.00944	0.00695	0.00980	0.00571	0.00750	0.00476	0.00280	0.00300	0.00092	0.00375	0.00267	0.00150	0.00475
5	0.01076	0.01338	0.00897	0.08453	0.03896	0.73452	0.00636	0.01171	0.00837	0.00773	0.00494	0.00605	0.00411	0.00355	0.01573	0.00090	0.03210	0.00214	0.00158	0.00362
6	0.00380	0.00315	0.00328	0.00325	0.00422	0.00268	0.00241	0.00463	0.00718	0.00876	0.12156	0.02885	0.74248	0.04489	0.00419	0.00113	0.00163	0.00639	0.00291	0.00263
7	0.00389	0.00296	0.00361	0.00403	0.00458	0.00267	0.00289	0.00464	0.00660	0.00848	0.07046	0.48341	0.30460	0.00885	0.00389	0.00119	0.00180	0.07592	0.00292	0.00261
8	0.00380	0.00314	0.00333	0.00332	0.00429	0.00268	0.00248	0.00469	0.00733	0.00905	0.16514	0.05984	0.70471	0.00771	0.00369	0.00105	0.00157	0.00651	0.00298	0.00268
9	0.01339	0.00543	0.00721	0.00562	0.00797	0.00488	0.00461	0.01531	0.08913	0.79268	0.01233	0.01070	0.00788	0.00389	0.00314	0.00097	0.00263	0.00317	0.00379	0.00527
10	0.00823	0.00693	0.00731	0.00644	0.00828	0.00797	0.00505	0.11501	0.76622	0.01380	0.01207	0.01114	0.00902	0.00417	0.00316	0.00104	0.00258	0.00344	0.00316	0.00497
11	0.91252	0.00602	0.00458	0.00410	0.00602	0.00699	0.00337	0.00916	0.00530	0.01398	0.00434	0.00506	0.00337	0.00289	0.00193	0.00096	0.00241	0.00169	0.00193	0.00337
12	0.01184	0.00873	0.00935	0.00717	0.00966	0.00966	0.00592	0.86070	0.01465	0.01963	0.00748	0.00748	0.00530	0.00374	0.00312	0.00093	0.00343	0.00280	0.00312	0.00530
13	0.00673	0.01515	0.77489	0.00861	0.01294	0.00737	0.01080	0.08946	0.00738	0.01084	0.02410	0.00702	0.00461	0.00311	0.00299	0.00098	0.00443	0.00242	0.00153	0.00463
14	0.00615	0.00379	0.00495	0.00434	0.00551	0.00346	0.00336	0.02327	0.00854	0.14222	0.60746	0.01914	0.02251	0.00665	0.05556	0.00118	0.00216	0.00478	0.00326	0.07172
15	0.00791	0.00633	0.00689	0.00629	0.02606	0.00708	0.00482	0.05705	0.65377	0.06724	0.01409	0.01344	0.08982	0.00458	0.00323	0.00105	0.00248	0.02000	0.00314	0.00472
16	0.02666	0.00654	0.08770	0.00500	0.00792	0.00450	0.00442	0.00806	0.00645	0.01021	0.00552	0.00644	0.00452	0.00238	0.00236	0.00052	0.00252	0.00188	0.00180	0.80459
17	0.00440	0.00302	0.00338	0.00341	0.00354	0.00295	0.00199	0.00451	0.00490	0.00641	0.01272	0.06144	0.11300	0.74592	0.01387	0.00271	0.00279	0.00497	0.00205	0.00200
18	0.00694	0.00570	0.00662	0.00482	0.00752	0.00454	0.00386	0.04051	0.04634	0.03600	0.00614	0.00686	0.00496	0.00249	0.00240	0.00052	0.00237	0.00200	0.00201	0.80740
19	0.78405	0.00682	0.00511	0.00454	0.00646	0.08844	0.00368	0.00976	0.00581	0.05556	0.00477	0.00538	0.00365	0.00297	0.00207	0.00095	0.00272	0.00179	0.00199	0.00349

[dist]
# distance from previous block
# <min> <max>
0	2

[block]
# block no. 6 follows, 92 sequences, length 57
# corresponding to MSA columns:
# 261-317
name=unknown_G
#
# <colnr> <probs for GDERKNQSTAVLIFYWHMCP>
#	G	D	E	R	K	N	Q	S	T	A	V	L	I	F	Y	W	H	M	C	P
0	0.00401	0.00329	0.00356	0.00365	0.00455	0.00296	0.00267	0.00530	0.06265	0.00883	0.07101	0.20747	0.59310	0.00796	0.00371	0.00109	0.00168	0.00680	0.00294	0.00277
1	0.00763	0.05473	0.34900	0.00900	0.10758	0.02273	0.03277	0.09618	0.25198	0.01162	0.00777	0.00819	0.00581	0.00335	0.00301	0.00097	0.00371	0.00275	0.00207	0.01917
2	0.00384	0.00315	0.00333	0.00329	0.00423	0.00270	0.00243	0.00469	0.00722	0.00891	0.15997	0.02841	0.69205	0.05675	0.00436	0.00115	0.00164	0.00632	0.00292	0.00264
3	0.00844	0.86424	0.01608	0.00542	0.00805	0.04009	0.00535	0.00943	0.00641	0.00734	0.00435	0.00502	0.00400	0.00268	0.00202	0.00067	0.00340	0.00168	0.00134	0.00399
4	0.00625	0.01611	0.87438	0.00888	0.01348	0.00723	0.01151	0.00987	0.00658	0.00987	0.00559	0.00658	0.00395	0.00296	0.00296	0.00099	0.00460	0.00230	0.00132	0.00460
5	0.00724	0.12112	0.31879	0.01329	0.39101	0.00800	0.07785	0.00967	0.00684	0.00970	0.00561	0.00703	0.00445	0.00282	0.00295	0.00092	0.00410	0.00254	0.00144	0.00464
6	0.00710	0.06424	0.01102	0.30444	0.08799	0.03216	0.17067	0.03855	0.16456	0.00977	0.01612	0.00941	0.01438	0.04012	0.00378	0.00109	0.01556	0.00313	0.00188	0.00402
7	0.00381	0.00316	0.00334	0.00329	0.00429	0.00269	0.00247	0.00472	0.00741	0.00914	0.18109	0.02878	0.71984	0.00762	0.00368	0.00104	0.00156	0.00641	0.00299	0.00269
8	0.00421	0.00317	0.00390	0.00374	0.00454	0.00285	0.00279	0.00549	0.00832	0.01136	0.63872	0.04591	0.23990	0.00683	0.00368	0.00100	0.00151	0.00595	0.00328	0.00285
9	0.01098	0.00830	0.00886	0.00699	0.00933	0.00926	0.00571	0.68283	0.19391	0.01824	0.00858	0.00835	0.00619	0.00384	0.00313	0.00096	0.00323	0.00296	0.00313	0.00522
10	0.01184	0.00873	0.00935	0.00717	0.00966	0.00966	0.00592	0.86070	0.01465	0.01963	0.00748	0.00748	0.00530	0.00374	0.00312	0.00093	0.00343	0.00280	0.00312	0.00530
11	0.00775	0.00669	0.00704	0.00634	0.00810	0.00775	0.00493	0.01655	0.86546	0.01303	0.01268	0.01162	0.00951	0.00423	0.00317	0.00106	0.00247	0.00352	0.00317	0.00493
12	0.91252	0.00602	0.00458	0.00410	0.00602	0.00699	0.00337	0.00916	0.00530	0.01398	0.00434	0.00506	0.00337	0.00289	0.00193	0.00096	0.00241	0.00169	0.00193	0.00337
13	0.01358	0.00522	0.00708	0.00546	0.00781	0.00451	0.00450	0.01478	0.00887	0.83906	0.02675	0.01126	0.02812	0.00399	0.00315	0.00097	0.00261	0.00325	0.00383	0.00520
14	0.00379	0.00275	0.00357	0.00423	0.00449	0.00254	0.00284	0.00435	0.00607	0.00799	0.01846	0.81149	0.09676	0.00959	0.00395	0.00125	0.00179	0.00865	0.00289	0.00254
15	0.01120	0.04696	0.05616	0.00811	0.09580	0.00865	0.00634	0.56712	0.01222	0.13487	0.00777	0.00782	0.00549	0.00357	0.00305	0.00093	0.00339	0.00277	0.01265	0.00514
16	0.00383	0.00272	0.00361	0.00430	0.00447	0.00255	0.00285	0.00435	0.00590	0.00787	0.01687	0.85246	0.02022	0.04630	0.00447	0.00134	0.00186	0.00868	0.00285	0.00250
17	0.02258	0.03967	0.13562	0.01264	0.36735	0.00785	0.08665	0.17059	0.05084	0.04922	0.00670	0.00773	0.00512	0.00308	0.00306	0.00094	0.00376	0.00278	0.00199	0.02184
18	0.00779	0.01046	0.29040	0.02394	0.33687	0.02422	0.09792	0.08526	0.04913	0.03461	0.00644	0.00763	0.00490	0.00302	0.00311	0.00097	0.00408	0.00275	0.00175	0.00475
19	0.00455	0.00342	0.00425	0.00402	0.00486	0.00323	0.00304	0.00642	0.06417	0.01200	0.70110	0.02351	0.12491	0.00645	0.00365	0.00100	0.00157	0.02147	0.00334	0.00303
20	0.00646	0.00554	0.00646	0.00461	0.00738	0.00415	0.00369	0.00784	0.00646	0.01015	0.00554	0.00646	0.00461	0.00231	0.00231	0.00046	0.00231	0.00185	0.00185	0.90956
21	0.00709	0.02188	0.34049	0.03766	0.42769	0.00737	0.02328	0.01006	0.06255	0.01014	0.00617	0.00751	0.00481	0.00294	0.00303	0.00095	0.00398	0.00263	0.00156	0.01821
22	0.00766	0.00764	0.03452	0.21426	0.48952	0.05518	0.00871	0.05517	0.04437	0.01005	0.00603	0.00782	0.00486	0.00310	0.00335	0.00097	0.03791	0.00275	0.00165	0.00448
23	0.00457	0.00324	0.00439	0.00503	0.00549	0.00318	0.00398	0.00556	0.00649	0.00852	0.01598	0.31028	0.01807	0.10632	0.00547	0.00155	0.00254	0.48394	0.00277	0.00265
24	0.02471	0.00386	0.00457	0.00418	0.00533	0.00363	0.00320	0.01614	0.08437	0.12243	0.38609	0.05802	0.25879	0.00632	0.00353	0.00102	0.00179	0.00541	0.00325	0.00335
25	0.00443	0.00336	0.00411	0.00398	0.00478	0.00315	0.00296	0.00616	0.06381	0.01134	0.57719	0.10997	0.17939	0.00684	0.00367	0.00103	0.00159	0.00599	0.00326	0.00297
26	0.06268	0.00333	0.00330	0.00327	0.00435	0.00292	0.00247	0.00483	0.00703	0.00894	0.06425	0.04636	0.76065	0.00754	0.00357	0.00105	0.00163	0.00627	0.00285	0.00269
27	0.91252	0.00602	0.00458	0.00410	0.00602	0.00699	0.00337	0.00916	0.00530	0.01398	0.00434	0.00506	0.00337	0.00289	0.00193	0.00096	0.00241	0.00169	0.00193	0.00337
28	0.41931	0.00567	0.00606	0.00491	0.00710	0.00573	0.00405	0.02283	0.00736	0.47514	0.00864	0.00806	0.00573	0.00342	0.00259	0.00096	0.00255	0.00248	0.00298	0.00443
29	0.91252	0.00602	0.00458	0.00410	0.00602	0.00699	0.00337	0.00916	0.00530	0.01398	0.00434	0.00506	0.00337	0.00289	0.00193	0.00096	0.00241	0.00169	0.00193	0.00337
30	0.00412	0.00317	0.00374	0.00362	0.00443	0.00286	0.00268	0.00521	0.00768	0.01020	0.43758	0.02535	0.36872	0.06506	0.04075	0.00131	0.00190	0.00585	0.00304	0.00274
31	0.00373	0.00316	0.00322	0.00321	0.00424	0.00265	0.00240	0.00456	0.00721	0.00868	0.08592	0.02955	0.81529	0.00779	0.00368	0.00105	0.00157	0.00651	0.00293	0.00265
32	0.91252	0.00602	0.00458	0.00410	0.00602	0.00699	0.00337	0.00916	0.00530	0.01398	0.00434	0.00506	0.00337	0.00289	0.00193	0.00096	0.00241	0.00169	0.00193	0.00337
33	0.00414	0.00291	0.00384	0.00432	0.00466	0.00273	0.00297	0.00502	0.02238	0.02268	0.17382	0.69913	0.02181	0.00894	0.00389	0.00120	0.00177	0.00807	0.00301	0.00269
34	0.00625	0.01611	0.87438	0.00888	0.01348	0.00723	0.01151	0.00987	0.00658	0.00987	0.00559	0.00658	0.00395	0.00296	0.00296	0.00099	0.00460	0.00230	0.00132	0.00460
35	0.00439	0.00314	0.00430	0.00502	0.00546	0.00305	0.00393	0.00537	0.00655	0.00862	0.01684	0.47138	0.01930	0.00920	0.00414	0.00135	0.00233	0.42005	0.00288	0.00270
36	0.72441	0.00596	0.00519	0.00444	0.00647	0.00662	0.00366	0.03250	0.00621	0.17153	0.00588	0.00614	0.00422	0.00309	0.00218	0.00096	0.00248	0.00198	0.00231	0.00378
37	0.01184	0.00873	0.00935	0.00717	0.00966	0.00966	0.00592	0.86070	0.01465	0.01963	0.00748	0.00748	0.00530	0.00374	0.00312	0.00093	0.00343	0.00280	0.00312	0.00530
38	0.00441	0.00318	0.00416	0.00392	0.00465	0.00294	0.00294	0.00588	0.00882	0.01249	0.86944	0.02327	0.02939	0.00637	0.00367	0.00098	0.00147	0.00563	0.00343	0.00294
39	0.00523	0.00282	0.00423	0.00423	0.00434	0.00293	0.00293	0.00434	0.00423	0.00575	0.00595	0.00998	0.00585	0.01314	0.17243	0.74201	0.00375	0.00282	0.00141	0.00162
40	0.04512	0.00847	0.01219	0.04559	0.02580	0.05258	0.30360	0.39882	0.01068	0.04509	0.00691	0.00781	0.00502	0.00325	0.00324	0.00097	0.00412	0.00304	0.01306	0.00464
41	0.00588	0.00554	0.00934	0.88303	0.02146	0.00692	0.00865	0.00796	0.00623	0.00796	0.00554	0.00831	0.00415	0.00311	0.00311	0.00104	0.00415	0.00277	0.00138	0.00346
42	0.00388	0.00276	0.00360	0.00422	0.00442	0.00259	0.00280	0.00440	0.00593	0.00791	0.03922	0.77484	0.03334	0.08812	0.00502	0.00141	0.00190	0.00835	0.00282	0.00249
43	0.91252	0.00602	0.00458	0.00410	0.00602	0.00699	0.00337	0.00916	0.00530	0.01398	0.00434	0.00506	0.00337	0.00289	0.00193	0.00096	0.00241	0.00169	0.00193	0.00337
44	0.01278	0.00690	0.00818	0.00631	0.00873	0.00699	0.00520	0.39725	0.04330	0.45563	0.01013	0.00923	0.00669	0.00382	0.00313	0.00095	0.00300	0.00300	0.00350	0.00529
45	0.00748	0.25734	0.26861	0.01171	0.31882	0.02032	0.04467	0.00962	0.00673	0.00922	0.00534	0.00661	0.00435	0.00283	0.00285	0.00088	0.01435	0.00235	0.00142	0.00451
46	0.00447	0.00325	0.00422	0.00396	0.00472	0.00303	0.00298	0.00608	0.02483	0.01250	0.85343	0.02305	0.02902	0.00633	0.00366	0.00098	0.00149	0.00559	0.00342	0.00298
47	0.00780	0.00688	0.02246	0.01943	0.00841	0.00774	0.00511	0.04619	0.79784	0.01308	0.01247	0.01154	0.01858	0.00421	0.00317	0.00105	0.00255	0.00350	0.00311	0.00489
48	0.00822	0.00420	0.00541	0.00463	0.00607	0.00385	0.00364	0.01002	0.06425	0.33701	0.41262	0.02723	0.06651	0.00534	0.00340	0.00098	0.00199	0.00457	0.02613	0.00394
49	0.00414	0.00315	0.00381	0.00371	0.00451	0.00282	0.00276	0.00534	0.00811	0.01094	0.55533	0.07760	0.29233	0.00705	0.00369	0.00102	0.00152	0.00612	0.00323	0.00282
50	0.00638	0.07297	0.81870	0.00865	0.01313	0.00757	0.01111	0.00983	0.00656	0.00970	0.00551	0.00647	0.00395	0.00294	0.00290	0.00097	0.00452	0.00226	0.00132	0.00456
51	0.00499	0.00345	0.00408	0.00394	0.00420	0.00361	0.00252	0.06027	0.00527	0.00714	0.00939	0.01805	0.01028	0.67306	0.17406	0.00325	0.00403	0.00420	0.00193	0.00227
52	0.00566	0.00442	0.00692	0.02934	0.00761	0.00431	0.14241	0.08225	0.00718	0.04532	0.01399	0.54574	0.01550	0.00756	0.00382	0.00119	0.00268	0.06817	0.00270	0.00321
53	0.38883	0.08507	0.03526	0.00525	0.00756	0.06736	0.00447	0.12785	0.03671	0.01275	0.00539	0.00601	0.00424	0.00293	0.00232	0.00082	0.00290	0.00198	0.00202	0.20028
54	0.01753	0.00755	0.01119	0.00892	0.02695	0.03394	0.23883	0.14486	0.13554	0.08657	0.00742	0.00869	0.00576	0.02538	0.00535	0.00114	0.22469	0.00316	0.00221	0.00431
55	0.00418	0.00324	0.00350	0.00339	0.00443	0.00276	0.00256	0.00513	0.00751	0.03898	0.20111	0.02795	0.66945	0.00744	0.00366	0.00103	0.00159	0.00627	0.00303	0.00278
56	0.87484	0.00591	0.00456	0.00409	0.00597	0.00682	0.00336	0.00902	0.00545	0.01392	0.04023	0.00582	0.00445	0.00304	0.00200	0.00096	0.00237	0.00185	0.00199	0.00336

[dist]
# distance from previous block
# <min> <max>
1	2

[block]
# block no. 7 follows, 92 sequences, length 34
# corresponding to MSA columns:
# 320-353
name=unknown_H
#
# <colnr> <probs for GDERKNQSTAVLIFYWHMCP>
#	G	D	E	R	K	N	Q	S	T	A	V	L	I	F	Y	W	H	M	C	P
0	0.67995	0.00652	0.00537	0.00471	0.00665	0.04332	0.00385	0.07675	0.04588	0.02487	0.00559	0.00683	0.00448	0.00324	0.00224	0.00096	0.00264	0.03363	0.00212	0.04041
1	0.00430	0.00334	0.00403	0.00439	0.00525	0.00307	0.00361	0.00538	0.00709	0.00882	0.02408	0.06447	0.44562	0.00829	0.00398	0.00124	0.00218	0.39525	0.00288	0.00274
2	0.00833	0.89239	0.01632	0.00533	0.00800	0.01233	0.00533	0.00933	0.00633	0.00733	0.00433	0.00500	0.00400	0.00267	0.00200	0.00067	0.00333	0.00167	0.00133	0.00400
3	0.27828	0.04385	0.01438	0.00650	0.06536	0.02704	0.04017	0.04402	0.06135	0.16412	0.00920	0.03771	0.00797	0.00437	0.00295	0.00103	0.00290	0.15576	0.00251	0.03053
4	0.00641	0.08399	0.80791	0.00860	0.01306	0.00763	0.01103	0.00982	0.00656	0.00967	0.00549	0.00645	0.00395	0.00294	0.00289	0.00096	0.00451	0.00225	0.00132	0.00456
5	0.00409	0.00317	0.00372	0.00366	0.00452	0.00281	0.00276	0.00522	0.00788	0.01037	0.42710	0.05219	0.41172	0.00725	0.00371	0.00104	0.00159	0.04125	0.00315	0.00278
6	0.02969	0.00677	0.00808	0.00621	0.00864	0.00678	0.00513	0.37458	0.01129	0.49440	0.01010	0.00917	0.00661	0.00379	0.00310	0.00095	0.00298	0.00297	0.00351	0.00526
7	0.00805	0.00750	0.01252	0.01726	0.71237	0.00756	0.06567	0.06698	0.03975	0.02269	0.00634	0.00793	0.00515	0.00290	0.00313	0.00094	0.00373	0.00287	0.00174	0.00492
8	0.00963	0.00911	0.01011	0.00812	0.01023	0.22717	0.18604	0.14482	0.19271	0.09114	0.00908	0.00947	0.04212	0.01461	0.00349	0.00099	0.02120	0.00315	0.00243	0.00437
9	0.00631	0.00417	0.00479	0.00447	0.00526	0.00426	0.00313	0.06212	0.13738	0.09531	0.02686	0.11640	0.06239	0.41686	0.00922	0.00199	0.00267	0.03075	0.00259	0.00307
10	0.00737	0.00817	0.03045	0.03826	0.04045	0.00781	0.68961	0.04420	0.00747	0.01018	0.00658	0.00924	0.00519	0.00305	0.00394	0.00107	0.04595	0.03518	0.00167	0.00417
11	0.00727	0.00705	0.01153	0.28174	0.58696	0.03305	0.00918	0.00916	0.00688	0.00943	0.00573	0.00783	0.00467	0.00289	0.00309	0.00096	0.00390	0.00275	0.00150	0.00445
12	0.00452	0.00361	0.00390	0.00385	0.00474	0.00342	0.00280	0.03209	0.09080	0.00909	0.07412	0.12808	0.47858	0.12806	0.00532	0.00134	0.00196	0.01807	0.00282	0.00285
13	0.00397	0.00297	0.00419	0.00465	0.00499	0.00278	0.03497	0.00462	0.00608	0.00806	0.01721	0.77947	0.05425	0.02392	0.00416	0.00128	0.00198	0.03503	0.00283	0.00260
14	0.08026	0.00761	0.03594	0.01019	0.18619	0.00770	0.16553	0.15263	0.23066	0.07873	0.00834	0.00879	0.00620	0.00338	0.00313	0.00099	0.00347	0.00307	0.00243	0.00475
15	0.00764	0.00733	0.01251	0.05389	0.83689	0.00738	0.00952	0.00950	0.00706	0.01009	0.00585	0.00773	0.00490	0.00279	0.00309	0.00093	0.00372	0.00278	0.00154	0.00488
16	0.00735	0.00840	0.01838	0.01313	0.01628	0.00788	0.85977	0.00998	0.00735	0.00998	0.00630	0.00840	0.00473	0.00263	0.00368	0.00105	0.00525	0.00368	0.00158	0.00420
17	0.88939	0.00604	0.00471	0.00420	0.00608	0.00705	0.00346	0.00912	0.00529	0.01381	0.00433	0.00511	0.00339	0.00296	0.00214	0.00097	0.02494	0.00171	0.00191	0.00337
18	0.00402	0.00303	0.00358	0.00392	0.00444	0.00277	0.00278	0.00467	0.00627	0.00796	0.02102	0.33337	0.32387	0.15769	0.00592	0.00150	0.00205	0.10591	0.00272	0.00250
19	0.01681	0.10804	0.09580	0.01539	0.58440	0.05303	0.04917	0.02344	0.00716	0.00988	0.00564	0.00719	0.00467	0.00281	0.00295	0.00090	0.00390	0.00260	0.00153	0.00469
20	0.00453	0.00302	0.00340	0.00340	0.00340	0.00302	0.00189	0.00453	0.00453	0.00604	0.00982	0.02039	0.01133	0.89052	0.01586	0.00302	0.00302	0.00453	0.00189	0.00189
21	0.00733	0.00700	0.01170	0.04261	0.71895	0.01774	0.02544	0.00908	0.00700	0.00987	0.00696	0.06272	0.00639	0.00349	0.00329	0.00098	0.01439	0.03877	0.00167	0.00461
22	0.00432	0.00315	0.00403	0.00457	0.00497	0.00309	0.00323	0.00571	0.08026	0.00879	0.04886	0.68300	0.01939	0.00888	0.00387	0.00123	0.00193	0.07824	0.02970	0.00279
23	0.34892	0.01973	0.05000	0.00647	0.00851	0.35380	0.01449	0.13366	0.00820	0.02283	0.00517	0.00581	0.00401	0.00315	0.00254	0.00089	0.00398	0.00205	0.00196	0.00385
24	0.00792	0.00665	0.00710	0.00635	0.00810	0.00769	0.00496	0.01634	0.82402	0.03837	0.01251	0.01150	0.00936	0.00424	0.00330	0.00106	0.01898	0.00350	0.00316	0.00491
25	0.00771	0.00740	0.01264	0.01912	0.87108	0.00740	0.00956	0.00956	0.00709	0.01018	0.00586	0.00771	0.00493	0.00278	0.00308	0.00093	0.00370	0.00278	0.00154	0.00493
26	0.00438	0.00317	0.00414	0.00394	0.00465	0.00292	0.00294	0.00582	0.00870	0.01231	0.83483	0.05840	0.02904	0.00651	0.00369	0.00099	0.00148	0.00576	0.00341	0.00292
27	0.00593	0.00510	0.00538	0.00528	0.00635	0.05120	0.00398	0.00998	0.35015	0.01058	0.10471	0.25438	0.09892	0.00658	0.00356	0.00112	0.00229	0.06788	0.00299	0.00362
28	0.36015	0.02234	0.00765	0.00666	0.07049	0.00805	0.00506	0.37151	0.02122	0.08933	0.00657	0.00684	0.00477	0.00334	0.00264	0.00094	0.00297	0.00239	0.00258	0.00450
29	0.28211	0.00541	0.00627	0.00503	0.00722	0.00521	0.00413	0.01291	0.00776	0.57727	0.02114	0.02299	0.02174	0.00376	0.00280	0.00097	0.00253	0.00288	0.00324	0.00461
30	0.00798	0.15975	0.20099	0.00900	0.14513	0.04810	0.04758	0.06487	0.14005	0.05340	0.07048	0.00880	0.00716	0.00346	0.00308	0.00093	0.01987	0.00283	0.00206	0.00447
31	0.00733	0.03871	0.01055	0.20847	0.44627	0.02306	0.01748	0.01686	0.01614	0.05421	0.09678	0.00982	0.01973	0.00337	0.00311	0.00094	0.00349	0.00309	0.00187	0.01870
32	0.00908	0.08265	0.09461	0.04491	0.11890	0.14157	0.03197	0.24908	0.10419	0.01240	0.04334	0.00844	0.01954	0.00358	0.00316	0.00093	0.02210	0.00281	0.00222	0.00449
33	0.68719	0.08738	0.01647	0.00457	0.00668	0.01992	0.00388	0.06383	0.00617	0.02480	0.00473	0.00539	0.00370	0.00291	0.00207	0.00091	0.00263	0.00180	0.00196	0.05302

[dist]
# distance from previous block
# <min> <max>
1	4

[block]
# block no. 8 follows, 92 sequences, length 6
# corresponding to MSA columns:
# 358-363
name=unknown_I
#
