[name]
unknown

[dist]
# distance from previous block
# <min> <max>
11	122

[block]
# block no. 0 follows, 75 sequences, length 19
# corresponding to MSA columns:
# 125-143
name=unknown_A
#
# <colnr> <probs for GDERKNQSTAVLIFYWHMCP>
#	G	D	E	R	K	N	Q	S	T	A	V	L	I	F	Y	W	H	M	C	P
0	0.02812	0.13209	0.09916	0.04697	0.08626	0.04214	0.02316	0.07155	0.07368	0.02765	0.04073	0.11542	0.04358	0.02334	0.01767	0.01433	0.00377	0.03086	0.02221	0.05731
1	0.06414	0.19700	0.25718	0.02248	0.03471	0.05895	0.06700	0.06216	0.05426	0.05811	0.02575	0.00915	0.00643	0.00390	0.00359	0.00109	0.03306	0.01893	0.00217	0.01995
2	0.01839	0.27572	0.13518	0.08794	0.11966	0.03870	0.02873	0.03893	0.04335	0.04439	0.00806	0.05294	0.00702	0.00478	0.02475	0.00119	0.02341	0.02590	0.01612	0.00485
3	0.00495	0.00394	0.00499	0.00538	0.02915	0.00361	0.02237	0.00610	0.02926	0.01005	0.06095	0.39276	0.30539	0.05866	0.00526	0.00147	0.00232	0.02923	0.00327	0.02088
4	0.00876	0.15580	0.06853	0.12320	0.06417	0.03848	0.02115	0.09507	0.00853	0.05775	0.04739	0.03294	0.04417	0.02883	0.02905	0.10547	0.03781	0.01562	0.00230	0.01499
5	0.03740	0.16675	0.18105	0.06036	0.06283	0.06432	0.06686	0.06154	0.02999	0.04281	0.02901	0.05581	0.06484	0.00457	0.00373	0.00111	0.03168	0.00370	0.02690	0.00474
6	0.00662	0.00592	0.05194	0.02403	0.03753	0.02892	0.02217	0.00854	0.06395	0.03734	0.12421	0.08761	0.03021	0.17934	0.18820	0.00265	0.02850	0.01378	0.00263	0.05592
7	0.00552	0.00465	0.03341	0.00618	0.00705	0.00488	0.02619	0.00711	0.02915	0.00878	0.00996	0.01491	0.00936	0.09822	0.71105	0.00530	0.00887	0.00403	0.00202	0.00337
8	0.00940	0.14546	0.38135	0.00947	0.01338	0.06593	0.09536	0.10480	0.00917	0.05460	0.00760	0.00921	0.00584	0.00432	0.02281	0.00121	0.00504	0.02561	0.02425	0.00517
9	0.00484	0.00379	0.00458	0.03212	0.00604	0.00352	0.00353	0.00622	0.03241	0.01108	0.22533	0.27990	0.33620	0.00924	0.00442	0.00130	0.00207	0.02660	0.00351	0.00327
10	0.02935	0.25161	0.30470	0.03276	0.08336	0.02917	0.02342	0.05293	0.03370	0.04789	0.02212	0.00817	0.00584	0.00354	0.00317	0.00101	0.00441	0.00273	0.00200	0.05814
11	0.02584	0.01011	0.21696	0.36524	0.14374	0.00819	0.04225	0.04347	0.00818	0.05446	0.00741	0.02819	0.00569	0.00377	0.00363	0.00117	0.00473	0.00331	0.00194	0.02171
12	0.00744	0.00515	0.00580	0.00557	0.00684	0.00542	0.00421	0.03258	0.26836	0.05844	0.07584	0.21294	0.05914	0.00683	0.00380	0.00121	0.00237	0.02842	0.20537	0.00428
13	0.02328	0.01540	0.00698	0.00643	0.05177	0.00516	0.02441	0.05178	0.05638	0.21170	0.19868	0.08228	0.14667	0.00631	0.00387	0.00115	0.00258	0.00540	0.09527	0.00448
14	0.07710	0.09007	0.13281	0.10938	0.16283	0.04492	0.14392	0.03444	0.04015	0.11813	0.00787	0.00908	0.00585	0.00360	0.00351	0.00112	0.00459	0.00320	0.00225	0.00518
15	0.02567	0.01541	0.13225	0.00633	0.02978	0.00498	0.01954	0.00685	0.00593	0.00843	0.02995	0.01525	0.00927	0.28682	0.11258	0.25480	0.02733	0.00397	0.00192	0.00294
16	0.00456	0.00358	0.00405	0.00424	0.00508	0.00315	0.00302	0.00547	0.00813	0.01031	0.14857	0.25435	0.46049	0.06160	0.00530	0.00143	0.00202	0.00816	0.00343	0.00307
17	0.05037	0.00971	0.05698	0.26712	0.14482	0.13184	0.12367	0.04011	0.05751	0.01150	0.02422	0.01007	0.02449	0.00388	0.00378	0.00116	0.01822	0.00341	0.01246	0.00470
18	0.01009	0.16357	0.20191	0.06243	0.08760	0.07214	0.13764	0.08581	0.04464	0.08845	0.00769	0.00870	0.00576	0.00362	0.00348	0.00109	0.00480	0.00309	0.00221	0.00526

[dist]
# distance from previous block
# <min> <max>
1	11

[block]
# block no. 1 follows, 75 sequences, length 24
# corresponding to MSA columns:
# 155-178
name=unknown_B
#
# <colnr> <probs for GDERKNQSTAVLIFYWHMCP>
#	G	D	E	R	K	N	Q	S	T	A	V	L	I	F	Y	W	H	M	C	P
0	0.32269	0.02231	0.12086	0.05506	0.09184	0.11524	0.06275	0.05545	0.02791	0.05797	0.00670	0.00780	0.00509	0.00369	0.00339	0.00113	0.03043	0.00273	0.00222	0.00475
1	0.00579	0.00381	0.00525	0.01494	0.00581	0.00413	0.00378	0.00628	0.00600	0.02526	0.02246	0.11812	0.01155	0.19313	0.32571	0.15491	0.03219	0.00485	0.05319	0.00284
2	0.02023	0.00910	0.03652	0.13242	0.41355	0.05694	0.11986	0.03499	0.06786	0.03056	0.02423	0.00992	0.00663	0.00397	0.01645	0.00121	0.00471	0.00348	0.00210	0.00528
3	0.00872	0.05084	0.01323	0.37926	0.28188	0.04820	0.05947	0.06926	0.02011	0.01135	0.00685	0.00920	0.00539	0.00360	0.00375	0.00115	0.01771	0.00324	0.00189	0.00490
4	0.00480	0.00374	0.00436	0.00421	0.00524	0.00330	0.00315	0.00617	0.00946	0.01251	0.47326	0.03108	0.40886	0.00833	0.00434	0.00119	0.00179	0.00715	0.00375	0.00330
5	0.06204	0.00649	0.00781	0.00638	0.00879	0.00640	0.00515	0.03433	0.21587	0.49084	0.01370	0.01249	0.00931	0.00456	0.00351	0.00113	0.00292	0.00368	0.09888	0.00572
6	0.00447	0.00320	0.00426	0.00511	0.00533	0.00298	0.00341	0.00511	0.00703	0.00938	0.02024	0.86853	0.02429	0.01151	0.00469	0.00149	0.00213	0.01044	0.00341	0.00298
7	0.00867	0.00991	0.02167	0.01548	0.01920	0.00929	0.83467	0.01176	0.00867	0.01176	0.00743	0.00991	0.00557	0.00310	0.00433	0.00124	0.00619	0.00433	0.00186	0.00495
8	0.00531	0.00355	0.00402	0.00405	0.00406	0.00354	0.00227	0.00533	0.00541	0.00721	0.01192	0.05792	0.01379	0.83644	0.01813	0.00348	0.00350	0.00555	0.00227	0.00226
9	0.00802	0.00664	0.00774	0.00556	0.00880	0.00511	0.00446	0.03476	0.00798	0.03243	0.00679	0.00777	0.00555	0.00282	0.00277	0.00058	0.00277	0.00225	0.00228	0.84493
10	0.01013	0.82271	0.01867	0.00638	0.00948	0.03806	0.00628	0.01131	0.00764	0.03412	0.00541	0.00611	0.00485	0.00320	0.00242	0.00080	0.00398	0.00203	0.00167	0.00475
11	0.03720	0.17853	0.18342	0.00849	0.01148	0.06545	0.05525	0.17522	0.04378	0.04474	0.00747	0.00875	0.00591	0.02425	0.04868	0.00139	0.07112	0.00298	0.00230	0.02360
12	0.00555	0.02999	0.00539	0.00564	0.00622	0.00389	0.00424	0.00649	0.00751	0.04347	0.01933	0.55542	0.04041	0.02573	0.00503	0.00154	0.01673	0.21081	0.00334	0.00327
13	0.00454	0.00334	0.00425	0.00484	0.00529	0.00306	0.00332	0.00535	0.00764	0.01009	0.11984	0.63985	0.15373	0.01069	0.00459	0.00141	0.00204	0.00958	0.00348	0.00306
14	0.10551	0.00720	0.02707	0.06860	0.08391	0.02707	0.00611	0.08190	0.02639	0.11731	0.04708	0.04727	0.02969	0.01393	0.00433	0.00111	0.08300	0.01294	0.05432	0.15526
15	0.00898	0.65754	0.01617	0.00633	0.00882	0.02809	0.00595	0.01012	0.00744	0.00902	0.05653	0.04344	0.00771	0.02470	0.04202	0.00118	0.05687	0.00284	0.00184	0.00440
16	0.01477	0.00899	0.01022	0.00784	0.01074	0.00947	0.00647	0.57336	0.01510	0.28862	0.01064	0.01000	0.00716	0.00445	0.00368	0.00111	0.00375	0.00343	0.00395	0.00625
17	0.09571	0.00670	0.02767	0.00630	0.02194	0.00625	0.00506	0.10863	0.08539	0.20314	0.17957	0.01428	0.03933	0.00484	0.00351	0.00104	0.00284	0.00395	0.02307	0.16081
18	0.01818	0.07512	0.05755	0.18549	0.05715	0.00718	0.04928	0.03810	0.08219	0.12498	0.01306	0.10044	0.08720	0.04069	0.00462	0.02269	0.00371	0.01608	0.01176	0.00451
19	0.00501	0.00383	0.00461	0.00442	0.00542	0.00347	0.00331	0.00667	0.02899	0.01315	0.56010	0.04962	0.28173	0.00809	0.00433	0.00119	0.00181	0.00701	0.00383	0.00340
20	0.00946	0.00529	0.00664	0.00578	0.00736	0.00519	0.00446	0.05244	0.10729	0.26557	0.23582	0.05079	0.04494	0.09255	0.08781	0.00187	0.00339	0.00509	0.00372	0.00455
21	0.03205	0.00991	0.15693	0.13305	0.08685	0.02598	0.15398	0.10486	0.05031	0.08037	0.00953	0.08001	0.02032	0.00454	0.00410	0.00121	0.03450	0.00404	0.00244	0.00502
22	0.00741	0.00787	0.16158	0.11351	0.04334	0.00604	0.07008	0.03207	0.00812	0.09621	0.05201	0.23679	0.05625	0.02367	0.05619	0.00160	0.01464	0.00564	0.00270	0.00429
23	0.00453	0.00332	0.00427	0.00499	0.00537	0.00306	0.00343	0.00527	0.00733	0.00961	0.03733	0.71052	0.13246	0.01109	0.00465	0.00146	0.00214	0.04274	0.00342	0.00302

[dist]
# distance from previous block
# <min> <max>
4	141

[block]
# block no. 2 follows, 75 sequences, length 13
# corresponding to MSA columns:
# 322-334
name=unknown_C
#
# <colnr> <probs for GDERKNQSTAVLIFYWHMCP>
#	G	D	E	R	K	N	Q	S	T	A	V	L	I	F	Y	W	H	M	C	P
0	0.18155	0.09034	0.22919	0.02650	0.06217	0.09023	0.00811	0.10234	0.03999	0.04911	0.02482	0.00897	0.01769	0.00395	0.00340	0.00110	0.02296	0.01222	0.00230	0.02307
1	0.02636	0.01648	0.04750	0.15957	0.04893	0.00683	0.08473	0.05029	0.03888	0.22094	0.08816	0.02397	0.04673	0.00488	0.01494	0.00119	0.02169	0.00397	0.01603	0.07793
2	0.03039	0.06431	0.03336	0.19450	0.36238	0.06395	0.06216	0.03087	0.03430	0.04751	0.00746	0.00968	0.00599	0.00363	0.00357	0.00111	0.00455	0.01847	0.00203	0.01978
3	0.00578	0.00415	0.00496	0.00507	0.00590	0.00404	0.00369	0.01971	0.08436	0.03714	0.13835	0.26950	0.17564	0.12702	0.00636	0.00165	0.00246	0.08280	0.01802	0.00342
4	0.00577	0.00400	0.00572	0.00549	0.00594	0.00437	0.02707	0.00633	0.02011	0.00803	0.00955	0.01606	0.00957	0.25110	0.38042	0.18635	0.02671	0.00415	0.02049	0.00276
5	0.00488	0.00378	0.00416	0.00406	0.00522	0.00325	0.00305	0.00602	0.00890	0.03348	0.24088	0.05610	0.59569	0.00878	0.00433	0.00122	0.00187	0.00744	0.00360	0.00327
6	0.00457	0.00326	0.00436	0.00517	0.00543	0.00306	0.00352	0.00529	0.00722	0.00964	0.05059	0.80073	0.02453	0.01130	0.00469	0.00149	0.00217	0.04651	0.00343	0.00302
7	0.33766	0.00656	0.00738	0.00591	0.00855	0.00643	0.00488	0.01531	0.00896	0.54627	0.01107	0.01012	0.00723	0.00413	0.00318	0.00114	0.00302	0.00307	0.00372	0.00542
8	0.00982	0.87313	0.01925	0.00628	0.00943	0.01453	0.00628	0.01100	0.00746	0.00864	0.00511	0.00589	0.00471	0.00314	0.00236	0.00079	0.00393	0.00196	0.00157	0.00471
9	0.00939	0.00802	0.00845	0.00753	0.00965	0.00925	0.00588	0.06265	0.79783	0.01578	0.01462	0.01344	0.01095	0.00495	0.00373	0.00124	0.00297	0.00411	0.00373	0.00584
10	0.01398	0.00944	0.01009	0.00794	0.01070	0.05329	0.00648	0.50727	0.11041	0.21574	0.01069	0.01013	0.00741	0.00448	0.00367	0.00112	0.00383	0.00345	0.00379	0.00609
11	0.00532	0.00390	0.00573	0.00573	0.00637	0.00450	0.00442	0.00660	0.00596	0.00870	0.00999	0.01474	0.00934	0.05668	0.78912	0.00560	0.00926	0.00396	0.04084	0.00325
12	0.50076	0.00804	0.00776	0.05917	0.00976	0.00907	0.00542	0.27708	0.01014	0.07166	0.00700	0.00754	0.00509	0.00382	0.00290	0.00113	0.00337	0.00260	0.00283	0.00486

[dist]
# distance from previous block
# <min> <max>
0	30

[block]
# block no. 3 follows, 75 sequences, length 27
# corresponding to MSA columns:
# 365-391
name=unknown_D
#
# <colnr> <probs for GDERKNQSTAVLIFYWHMCP>
#	G	D	E	R	K	N	Q	S	T	A	V	L	I	F	Y	W	H	M	C	P
0	0.01373	0.00996	0.01024	0.00802	0.01082	0.08570	0.00653	0.54278	0.06046	0.15242	0.00965	0.00941	0.00679	0.00432	0.00360	0.00107	0.00399	0.00327	0.00358	0.05366
1	0.00673	0.00346	0.00361	0.00361	0.00445	0.00351	0.00272	0.00841	0.00757	0.01330	0.01182	0.01375	0.00940	0.00603	0.06694	0.00124	0.00232	0.00346	0.82426	0.00341
2	0.00707	0.06900	0.00462	0.00364	0.00467	0.00426	0.00285	0.00874	0.00768	0.01331	0.01146	0.01310	0.00906	0.00419	0.00255	0.00085	0.00188	0.00331	0.82423	0.00352
3	0.00536	0.00382	0.00487	0.00460	0.00556	0.00348	0.00348	0.00699	0.01011	0.03282	0.70959	0.02838	0.13401	0.00772	0.00433	0.00118	0.00182	0.02445	0.00396	0.00348
4	0.00982	0.87313	0.01925	0.00628	0.00943	0.01453	0.00628	0.01100	0.00746	0.00864	0.00511	0.00589	0.00471	0.00314	0.00236	0.00079	0.00393	0.00196	0.00157	0.00471
5	0.00737	0.01589	0.65883	0.00938	0.01387	0.00783	0.01147	0.06065	0.00864	0.01264	0.11589	0.04343	0.00939	0.00437	0.00366	0.00117	0.00474	0.00355	0.00207	0.00513
6	0.00493	0.00368	0.00458	0.00448	0.00536	0.00333	0.00332	0.00637	0.00959	0.01311	0.58144	0.12277	0.20684	0.00834	0.00437	0.00121	0.00180	0.00730	0.00384	0.00333
7	0.13022	0.00648	0.00817	0.00637	0.00913	0.00596	0.00526	0.03389	0.02647	0.70908	0.01317	0.01160	0.00841	0.00440	0.00351	0.00114	0.00310	0.00347	0.00422	0.00595
8	0.01603	0.00652	0.00861	0.00662	0.00942	0.00586	0.00546	0.08659	0.01101	0.76057	0.01395	0.01222	0.00886	0.00453	0.00366	0.00113	0.00317	0.00365	0.02595	0.00618
9	0.04077	0.01513	0.54003	0.01057	0.01503	0.02366	0.14875	0.04336	0.00845	0.05600	0.00794	0.01035	0.00607	0.00392	0.00370	0.00120	0.00519	0.05269	0.00198	0.00523
10	0.00813	0.00832	0.01281	0.01052	0.01107	0.01096	0.13182	0.00928	0.00608	0.00928	0.00521	0.00832	0.00493	0.00593	0.01090	0.00155	0.73572	0.00338	0.00164	0.00416
11	0.00795	0.00447	0.00569	0.00502	0.00642	0.00408	0.00390	0.03240	0.01023	0.19911	0.49930	0.02380	0.10794	0.00680	0.00408	0.00115	0.00214	0.01646	0.05494	0.00412
12	0.23169	0.12863	0.03383	0.02026	0.06375	0.17937	0.16459	0.08736	0.00895	0.02464	0.00630	0.00752	0.00497	0.00355	0.00335	0.00107	0.02055	0.00279	0.00212	0.00471
13	0.08871	0.00655	0.00816	0.00637	0.00903	0.00613	0.00524	0.10414	0.01067	0.63116	0.01292	0.01165	0.00839	0.00442	0.00349	0.00111	0.00310	0.00349	0.06943	0.00585
14	0.02110	0.60283	0.08964	0.00801	0.01132	0.04998	0.11524	0.01166	0.04215	0.00970	0.00597	0.00693	0.00508	0.00327	0.00281	0.00091	0.00441	0.00245	0.00172	0.00482
15	0.09302	0.00501	0.00604	0.00536	0.00695	0.00477	0.00415	0.04986	0.00937	0.27043	0.19552	0.18741	0.05979	0.00669	0.00383	0.00119	0.00246	0.00569	0.07808	0.00438
16	0.00478	0.00363	0.00441	0.00448	0.00533	0.00326	0.00329	0.00602	0.00898	0.01194	0.38903	0.20909	0.29712	0.00900	0.00443	0.00127	0.00189	0.02515	0.00369	0.00324
17	0.00486	0.00373	0.00444	0.00429	0.00528	0.00332	0.00321	0.00626	0.00955	0.01278	0.52002	0.04684	0.34558	0.00827	0.00434	0.00119	0.00179	0.00714	0.00379	0.00332
18	0.00804	0.00804	0.01125	0.00964	0.00964	0.01125	0.00804	0.00884	0.00562	0.00884	0.00482	0.00804	0.00482	0.00643	0.01205	0.00161	0.86420	0.00321	0.00161	0.00402
19	0.00531	0.00369	0.00466	0.00466	0.00488	0.00391	0.00304	0.00576	0.00553	0.00760	0.01098	0.02074	0.01192	0.58143	0.30623	0.00436	0.00572	0.00486	0.00214	0.00259
20	0.89687	0.00710	0.00540	0.00483	0.00710	0.00824	0.00398	0.01080	0.00625	0.01648	0.00511	0.00597	0.00398	0.00341	0.00227	0.00114	0.00284	0.00199	0.00227	0.00398
21	0.00855	0.21190	0.04764	0.17638	0.09055	0.01001	0.02012	0.05173	0.00770	0.01059	0.00601	0.00796	0.00508	0.00394	0.00492	0.00107	0.18053	0.00276	0.00182	0.15075
22	0.01527	0.00740	0.00934	0.00759	0.03807	0.00715	0.00600	0.21758	0.05150	0.58060	0.01287	0.01154	0.00839	0.00449	0.00369	0.00113	0.00338	0.00361	0.00420	0.00621
23	0.00738	0.00394	0.00400	0.00380	0.00482	0.00402	0.00290	0.07093	0.00842	0.01441	0.01174	0.01333	0.00917	0.00429	0.00265	0.00087	0.00189	0.00341	0.82439	0.00364
24	0.00475	0.00347	0.00462	0.00532	0.00555	0.00343	0.00366	0.00541	0.00695	0.00930	0.01904	0.73790	0.02266	0.06324	0.00586	0.00163	0.03784	0.05310	0.00326	0.00300
25	0.01341	0.01191	0.01059	0.00861	0.01119	0.22946	0.00689	0.54008	0.09981	0.01869	0.00863	0.00875	0.00636	0.00431	0.00359	0.00108	0.00459	0.00315	0.00322	0.00569
26	0.00953	0.00765	0.05968	0.03940	0.07016	0.00630	0.02882	0.09718	0.01945	0.14290	0.04271	0.02801	0.02657	0.00386	0.00332	0.00088	0.00331	0.00324	0.00275	0.40428

[dist]
# distance from previous block
# <min> <max>
1	3

[block]
# block no. 4 follows, 75 sequences, length 24
# corresponding to MSA columns:
# 398-409,411-415,428-434
name=unknown_E
#
# <colnr> <probs for GDERKNQSTAVLIFYWHMCP>
#	G	D	E	R	K	N	Q	S	T	A	V	L	I	F	Y	W	H	M	C	P
0	0.00825	0.03381	0.01194	0.41219	0.22028	0.04652	0.02285	0.02435	0.07608	0.01086	0.00721	0.00947	0.00568	0.00373	0.00391	0.00114	0.03971	0.00321	0.00193	0.05686
1	0.00463	0.00346	0.00431	0.00495	0.00542	0.00322	0.00341	0.00561	0.02998	0.00965	0.02305	0.65383	0.17514	0.02561	0.00485	0.00148	0.00216	0.03277	0.00340	0.00308
2	0.00793	0.04488	0.03544	0.00648	0.03214	0.02790	0.02779	0.00966	0.00774	0.01173	0.00648	0.00762	0.00538	0.00282	0.00281	0.00062	0.00310	0.00228	0.00210	0.75508
3	0.00728	0.00444	0.00568	0.00513	0.00640	0.00416	0.00393	0.00952	0.07106	0.15226	0.58051	0.06271	0.05808	0.00708	0.00420	0.00118	0.00207	0.00619	0.00405	0.00406
4	0.00592	0.00427	0.00569	0.04549	0.06023	0.00411	0.00433	0.00729	0.02891	0.06023	0.16442	0.30117	0.17531	0.06107	0.03074	0.00158	0.00271	0.02969	0.00330	0.00356
5	0.00558	0.00427	0.00595	0.00585	0.00634	0.00496	0.00441	0.00677	0.02492	0.00851	0.01052	0.04368	0.01058	0.20044	0.54042	0.00469	0.07788	0.02893	0.00212	0.00317
6	0.00585	0.01863	0.00532	0.00472	0.00587	0.00420	0.00361	0.07337	0.01036	0.01421	0.55768	0.02684	0.20943	0.00747	0.00419	0.00115	0.00198	0.00643	0.03507	0.00363
7	0.00509	0.00348	0.00419	0.00444	0.00454	0.00345	0.00270	0.00535	0.00586	0.00785	0.01397	0.26677	0.01626	0.57402	0.06364	0.00310	0.00352	0.00673	0.00255	0.00251
8	0.50400	0.00735	0.03765	0.01575	0.00828	0.00768	0.01939	0.01198	0.17017	0.01500	0.00876	0.04495	0.02377	0.00414	0.00285	0.00112	0.00294	0.00303	0.02783	0.08337
9	0.00927	0.03040	0.03550	0.16587	0.27663	0.09463	0.10146	0.07432	0.07530	0.01219	0.03399	0.00988	0.00683	0.00389	0.00404	0.00115	0.04259	0.00343	0.01355	0.00506
10	0.04850	0.00751	0.04165	0.17001	0.07392	0.04341	0.02981	0.03335	0.00783	0.02072	0.03268	0.05916	0.00852	0.03266	0.00498	0.00119	0.10107	0.06318	0.00222	0.21762
11	0.04698	0.06070	0.05798	0.06001	0.04334	0.05007	0.04668	0.10488	0.04792	0.03468	0.01594	0.01008	0.01610	0.05781	0.04288	0.00134	0.04345	0.00310	0.00234	0.25373
12	0.00479	0.00358	0.00436	0.00474	0.00535	0.00333	0.00331	0.00601	0.03660	0.01056	0.15472	0.47593	0.20677	0.03974	0.00497	0.00143	0.00208	0.00872	0.01986	0.00317
13	0.01043	0.51191	0.04641	0.02651	0.02369	0.08411	0.00657	0.08794	0.00871	0.05933	0.00650	0.00772	0.00554	0.04103	0.00362	0.00100	0.01855	0.00248	0.00203	0.04593
14	0.00620	0.00463	0.02212	0.03623	0.00697	0.00446	0.00425	0.02651	0.07419	0.05104	0.19934	0.26713	0.11600	0.03533	0.04055	0.07080	0.02068	0.00677	0.00326	0.00355
15	0.04981	0.23166	0.30705	0.02775	0.05385	0.04485	0.03389	0.03766	0.06682	0.04252	0.00749	0.00836	0.01769	0.00372	0.00347	0.00106	0.03174	0.00280	0.00200	0.02581
16	0.00867	0.04462	0.13937	0.04749	0.14391	0.02204	0.03250	0.04333	0.01514	0.11197	0.09190	0.11770	0.01130	0.00550	0.01553	0.00121	0.04387	0.01754	0.00264	0.08377
17	0.00640	0.00393	0.00474	0.00469	0.00558	0.00373	0.00343	0.00797	0.04240	0.08236	0.20442	0.22170	0.10784	0.08214	0.00525	0.00141	0.00221	0.02976	0.17652	0.00353
18	0.00751	0.00648	0.09164	0.07011	0.00917	0.01997	0.02411	0.03371	0.03237	0.12686	0.19898	0.10417	0.19208	0.00686	0.00407	0.00122	0.00295	0.03644	0.02715	0.00416
19	0.00986	0.07073	0.23420	0.02464	0.15534	0.08650	0.06857	0.11017	0.03253	0.07789	0.03621	0.02957	0.00752	0.00413	0.00360	0.00112	0.00459	0.02087	0.01669	0.00526
20	0.03506	0.00895	0.09469	0.04067	0.13216	0.02639	0.08153	0.11486	0.08430	0.25022	0.03670	0.02160	0.00826	0.00427	0.00380	0.00115	0.01647	0.00366	0.02974	0.00552
21	0.00504	0.00352	0.00411	0.00426	0.00452	0.00338	0.00265	0.00544	0.00648	0.00860	0.09504	0.20000	0.10395	0.52234	0.01295	0.00267	0.00292	0.00677	0.00276	0.00259
22	0.00873	0.01043	0.17463	0.11397	0.26848	0.03524	0.10023	0.05424	0.07315	0.03105	0.01847	0.02799	0.00679	0.00448	0.02459	0.00128	0.02350	0.00354	0.01402	0.00520
23	0.00963	0.04117	0.32643	0.07436	0.08224	0.05837	0.06769	0.05259	0.04688	0.13838	0.00918	0.03960	0.01796	0.00439	0.01408	0.00121	0.00474	0.00346	0.00237	0.00527

[dist]
# distance from previous block
# <min> <max>
4	8

[block]
# block no. 5 follows, 75 sequences, length 19
# corresponding to MSA columns:
# 458-465,476-482,487-489,495
name=unknown_F
#
# <colnr> <probs for GDERKNQSTAVLIFYWHMCP>
#	G	D	E	R	K	N	Q	S	T	A	V	L	I	F	Y	W	H	M	C	P
0	0.00963	0.03295	0.01243	0.04139	0.40441	0.09427	0.00884	0.05308	0.00850	0.04150	0.00685	0.00872	0.00570	0.00418	0.01482	0.00115	0.13876	0.00306	0.01756	0.09220
1	0.00483	0.00363	0.00433	0.00439	0.00526	0.00325	0.00323	0.00606	0.00890	0.01189	0.35493	0.19260	0.31907	0.00884	0.00435	0.00125	0.00188	0.02198	0.03609	0.00324
2	0.03520	0.00378	0.00443	0.03484	0.00581	0.00363	0.00335	0.00684	0.00844	0.01232	0.27195	0.17252	0.18836	0.02173	0.00413	0.00120	0.00200	0.00649	0.20964	0.00332
3	0.00469	0.00341	0.00423	0.00467	0.00520	0.00313	0.00323	0.00558	0.00780	0.01044	0.16229	0.50782	0.17670	0.04517	0.00506	0.00145	0.00206	0.00884	0.03515	0.00307
4	0.00600	0.03240	0.00544	0.00540	0.00605	0.00404	0.00407	0.00691	0.00741	0.05718	0.04358	0.27887	0.04491	0.22280	0.00811	0.00200	0.00296	0.25557	0.00313	0.00318
5	0.01117	0.00639	0.00790	0.00660	0.00853	0.00660	0.00528	0.22879	0.03284	0.27251	0.03473	0.01430	0.00985	0.08029	0.21238	0.00250	0.00497	0.02949	0.01989	0.00497
6	0.03597	0.61918	0.14848	0.00725	0.01054	0.08629	0.00747	0.01136	0.00768	0.00938	0.00538	0.00630	0.00469	0.00334	0.00284	0.00089	0.02444	0.00215	0.00162	0.00475
7	0.00913	0.00574	0.00687	0.00580	0.00764	0.00557	0.00455	0.11509	0.10559	0.18422	0.30730	0.03901	0.08768	0.02786	0.00430	0.00118	0.00258	0.00515	0.00381	0.07093
8	0.00979	0.00814	0.06731	0.03475	0.06071	0.04997	0.02153	0.07558	0.14130	0.15183	0.05352	0.02451	0.05659	0.00457	0.00354	0.00103	0.00341	0.01494	0.03082	0.18616
9	0.00575	0.00435	0.00579	0.00569	0.00625	0.02607	0.00430	0.00680	0.00603	0.00868	0.00979	0.01506	0.00936	0.13600	0.59485	0.03285	0.04695	0.00399	0.06828	0.00315
10	0.01199	0.03997	0.05696	0.00768	0.01023	0.03949	0.04898	0.18553	0.10645	0.28244	0.04442	0.02576	0.00916	0.00611	0.05878	0.00145	0.02743	0.00375	0.02798	0.00546
11	0.00879	0.06461	0.01095	0.02603	0.03349	0.08319	0.01982	0.07577	0.00750	0.01850	0.01450	0.02969	0.00644	0.01748	0.08263	0.00178	0.45007	0.01332	0.00198	0.03346
12	0.01087	0.00792	0.06309	0.00835	0.05798	0.04585	0.00671	0.05480	0.00863	0.27497	0.01069	0.03387	0.03556	0.00570	0.02440	0.00134	0.24451	0.00368	0.09618	0.00490
13	0.00627	0.00506	0.00673	0.02257	0.04928	0.02962	0.05654	0.03755	0.00879	0.03945	0.14978	0.25648	0.21505	0.00842	0.00439	0.00132	0.00279	0.09297	0.00330	0.00368
14	0.06090	0.18623	0.22137	0.03112	0.06130	0.05754	0.03580	0.05592	0.02950	0.08469	0.00743	0.01802	0.00578	0.00407	0.02027	0.00109	0.00439	0.00280	0.00218	0.10961
15	0.02686	0.05740	0.16641	0.06009	0.07924	0.05339	0.05931	0.13595	0.09080	0.12800	0.00935	0.03234	0.01516	0.00419	0.00378	0.00112	0.02678	0.00343	0.00266	0.04375
16	0.00468	0.00356	0.00444	0.02734	0.00582	0.00328	0.00348	0.00563	0.00793	0.01034	0.14903	0.44027	0.25358	0.03014	0.00485	0.00142	0.00214	0.03553	0.00343	0.00311
17	0.02919	0.03377	0.05939	0.03913	0.05783	0.00656	0.03297	0.04940	0.04965	0.13753	0.06431	0.07179	0.01096	0.10597	0.16243	0.00233	0.06245	0.00437	0.01564	0.00434
18	0.05131	0.08649	0.12069	0.06180	0.21454	0.06207	0.02308	0.15090	0.08876	0.08230	0.00839	0.00946	0.00640	0.00389	0.00347	0.00110	0.00429	0.01309	0.00251	0.00545

[dist]
# distance from previous block
# <min> <max>
3	9

[block]
# block no. 6 follows, 75 sequences, length 10
# corresponding to MSA columns:
# 514-523
name=unknown_G
#
# <colnr> <probs for GDERKNQSTAVLIFYWHMCP>
#	G	D	E	R	K	N	Q	S	T	A	V	L	I	F	Y	W	H	M	C	P
0	0.02673	0.16506	0.01268	0.03680	0.05862	0.40537	0.05371	0.09609	0.02730	0.01102	0.00671	0.00852	0.00568	0.00400	0.00367	0.00103	0.03968	0.03059	0.00209	0.00465
1	0.00652	0.00475	0.00688	0.00704	0.06250	0.00462	0.05111	0.03122	0.00850	0.07553	0.18483	0.34235	0.09650	0.00933	0.04584	0.00154	0.03036	0.02347	0.00331	0.00379
2	0.00611	0.04627	0.00584	0.00507	0.00605	0.00468	0.00381	0.02713	0.04810	0.04400	0.22046	0.13117	0.17130	0.14207	0.07742	0.00199	0.01774	0.03410	0.00321	0.00349
3	0.00841	0.00629	0.04928	0.00589	0.00753	0.04232	0.00480	0.08451	0.02862	0.14817	0.08586	0.08084	0.15063	0.07537	0.12009	0.00198	0.01543	0.00508	0.05309	0.02582
4	0.05744	0.00732	0.00795	0.00666	0.00877	0.00786	0.00529	0.31739	0.16722	0.08293	0.04390	0.10110	0.01064	0.00526	0.00356	0.00112	0.00305	0.00427	0.12050	0.03776
5	0.00889	0.09274	0.11810	0.08779	0.10301	0.00863	0.07121	0.13066	0.06056	0.05113	0.02273	0.06124	0.04860	0.05374	0.01633	0.00137	0.05192	0.00404	0.00248	0.00485
6	0.00675	0.00448	0.00539	0.00507	0.00630	0.00408	0.00374	0.06199	0.00881	0.10042	0.14095	0.29902	0.20061	0.05683	0.00501	0.00136	0.00237	0.00715	0.00347	0.07617
7	0.00929	0.12472	0.05086	0.00745	0.05209	0.15874	0.00580	0.02526	0.07759	0.10754	0.12786	0.11653	0.06110	0.03932	0.01875	0.00129	0.00378	0.00470	0.00290	0.00443
8	0.00727	0.05506	0.03705	0.03818	0.01906	0.03089	0.01446	0.04069	0.04093	0.03110	0.02597	0.21503	0.08308	0.03875	0.02395	0.00140	0.13898	0.00531	0.05051	0.10233
9	0.03911	0.16774	0.09683	0.04229	0.03043	0.11364	0.02508	0.11073	0.03725	0.05517	0.00798	0.02871	0.01702	0.00380	0.00315	0.00094	0.00404	0.00291	0.02619	0.18701

[dist]
# distance from previous block
# <min> <max>
14	65

[block]
# block no. 7 follows, 75 sequences, length 13
# corresponding to MSA columns:
# 650-659,661-663
name=unknown_H
#
# <colnr> <probs for GDERKNQSTAVLIFYWHMCP>
#	G	D	E	R	K	N	Q	S	T	A	V	L	I	F	Y	W	H	M	C	P
0	0.05927	0.05609	0.20976	0.05407	0.06950	0.05840	0.15820	0.08443	0.04950	0.04696	0.00826	0.06272	0.00678	0.00422	0.00399	0.00117	0.04193	0.00363	0.00224	0.01889
1	0.05653	0.25577	0.27489	0.00841	0.02473	0.10911	0.02946	0.05137	0.02161	0.03715	0.00649	0.00736	0.00508	0.00343	0.00305	0.00097	0.00456	0.00250	0.00194	0.09561
2	0.00677	0.00495	0.00691	0.06153	0.02728	0.00567	0.00526	0.05219	0.04352	0.03719	0.00996	0.01435	0.00897	0.04896	0.47260	0.04849	0.05307	0.03234	0.05629	0.00368
3	0.08963	0.11872	0.07709	0.00804	0.02951	0.02730	0.07279	0.17830	0.05789	0.07176	0.03411	0.01201	0.08139	0.00460	0.00390	0.00110	0.04914	0.01785	0.00273	0.06213
4	0.03886	0.00384	0.00471	0.00493	0.00576	0.00359	0.00359	0.00720	0.00786	0.09326	0.07483	0.43026	0.13541	0.02975	0.00459	0.00139	0.00226	0.05750	0.08696	0.00344
5	0.00500	0.00353	0.00399	0.00414	0.00441	0.00338	0.00253	0.00529	0.00620	0.00804	0.01792	0.16890	0.17386	0.56162	0.01359	0.00277	0.00300	0.00666	0.00265	0.00252
6	0.00633	0.00532	0.00742	0.00684	0.00709	0.00675	0.00531	0.00707	0.00564	0.00826	0.00821	0.01389	0.00831	0.18887	0.34378	0.04230	0.31956	0.00392	0.00187	0.00326
7	0.00470	0.00365	0.00404	0.00407	0.00508	0.00319	0.00300	0.00583	0.00865	0.01119	0.22071	0.12701	0.51632	0.00884	0.00427	0.00123	0.00185	0.00755	0.05562	0.00319
8	0.56127	0.00835	0.03275	0.00612	0.00858	0.02996	0.00513	0.15275	0.11967	0.03396	0.00730	0.00769	0.00547	0.00382	0.00280	0.00114	0.00323	0.00257	0.00272	0.00471
9	0.07437	0.06324	0.19118	0.05001	0.04367	0.04979	0.03505	0.08254	0.05772	0.04434	0.05101	0.04102	0.04363	0.05554	0.00462	0.00128	0.02263	0.03575	0.01357	0.03905
10	0.02994	0.16431	0.11564	0.02741	0.04190	0.02089	0.01908	0.07204	0.04285	0.01230	0.00678	0.00775	0.00547	0.00319	0.00294	0.00080	0.00361	0.00247	0.00213	0.41849
11	0.20424	0.07623	0.08956	0.00826	0.03798	0.15560	0.07122	0.07744	0.00881	0.05765	0.00703	0.02046	0.00565	0.00373	0.00324	0.00101	0.01567	0.01502	0.00228	0.13890
12	0.02281	0.15275	0.01216	0.07994	0.04261	0.02940	0.09455	0.18873	0.07619	0.08073	0.03502	0.06402	0.01909	0.00444	0.00351	0.00106	0.00388	0.00375	0.00276	0.08260

[dist]
# distance from previous block
# <min> <max>
0	10

[block]
# block no. 8 follows, 75 sequences, length 8
# corresponding to MSA columns:
# 674-681
name=unknown_I
#
# <colnr> <probs for GDERKNQSTAVLIFYWHMCP>
#	G	D	E	R	K	N	Q	S	T	A	V	L	I	F	Y	W	H	M	C	P
0	0.01073	0.11144	0.02994	0.00693	0.00952	0.00840	0.00578	0.12905	0.28233	0.17394	0.01187	0.06811	0.00929	0.00470	0.00348	0.00107	0.00321	0.00381	0.00334	0.12307
1	0.00498	0.00382	0.00514	0.06584	0.00686	0.00394	0.00402	0.00575	0.00701	0.00936	0.05172	0.59011	0.06633	0.09670	0.00644	0.00166	0.05550	0.00867	0.00308	0.00307
2	0.00763	0.00607	0.03807	0.04158	0.04039	0.00584	0.00515	0.11693	0.11243	0.05330	0.03009	0.28993	0.01466	0.14490	0.00639	0.00163	0.00313	0.02445	0.00309	0.05436
3	0.00859	0.00893	0.00777	0.06927	0.00968	0.28639	0.02491	0.06858	0.00911	0.01043	0.01399	0.34367	0.05000	0.00748	0.00409	0.00126	0.00413	0.06517	0.00276	0.00380
4	0.00676	0.00478	0.00617	0.00583	0.00664	0.00506	0.02735	0.02256	0.12865	0.05889	0.02984	0.17906	0.03336	0.24165	0.11809	0.06219	0.03635	0.02044	0.00281	0.00350
5	0.00666	0.00437	0.00554	0.00572	0.00663	0.00429	0.00427	0.05692	0.05418	0.09206	0.01952	0.48354	0.08290	0.01031	0.03657	0.00159	0.00282	0.11491	0.00350	0.00372
6	0.00768	0.00572	0.00662	0.00632	0.00756	0.03880	0.01765	0.11657	0.09387	0.05938	0.07108	0.24803	0.06296	0.05550	0.02276	0.00156	0.00317	0.15346	0.01727	0.00404
7	0.12287	0.00898	0.02817	0.00783	0.01028	0.02932	0.03794	0.30646	0.28045	0.05064	0.02651	0.01056	0.00813	0.00452	0.00384	0.00117	0.03537	0.00350	0.01794	0.00552

[dist]
# distance from previous block
# <min> <max>
1	4

[block]
# block no. 9 follows, 75 sequences, length 10
# corresponding to MSA columns:
# 686-695
name=unknown_J
#
# <colnr> <probs for GDERKNQSTAVLIFYWHMCP>
#	G	D	E	R	K	N	Q	S	T	A	V	L	I	F	Y	W	H	M	C	P
0	0.07837	0.02757	0.02092	0.04083	0.02352	0.02092	0.02687	0.00899	0.03915	0.09070	0.18236	0.04054	0.02614	0.25242	0.00818	0.01634	0.01310	0.00475	0.07467	0.00365
1	0.04646	0.00777	0.02524	0.07723	0.16897	0.03871	0.10415	0.10578	0.02579	0.11370	0.01058	0.02810	0.04348	0.01522	0.00388	0.00114	0.01450	0.02293	0.11095	0.03541
2	0.03172	0.02065	0.03061	0.04898	0.10526	0.04199	0.06402	0.25719	0.07879	0.10940	0.02437	0.01000	0.00716	0.01881	0.00399	0.00111	0.02334	0.00334	0.00292	0.11634
3	0.02487	0.00380	0.00463	0.00467	0.00524	0.00371	0.00329	0.00648	0.03472	0.01037	0.21865	0.10241	0.10746	0.22205	0.00930	0.13135	0.00264	0.06915	0.03233	0.00288
4	0.00840	0.00693	0.03206	0.02602	0.01891	0.01781	0.00581	0.15075	0.10109	0.03953	0.02212	0.02762	0.00896	0.14697	0.15439	0.03240	0.17063	0.00397	0.02142	0.00421
5	0.00806	0.00612	0.00704	0.03807	0.00831	0.00654	0.00496	0.21699	0.10854	0.03386	0.10253	0.12335	0.20666	0.00803	0.04838	0.00147	0.03372	0.00569	0.02730	0.00440
6	0.00539	0.00365	0.00468	0.00475	0.00511	0.00388	0.00325	0.00612	0.00595	0.00854	0.01174	0.09501	0.01235	0.38633	0.32974	0.00397	0.00559	0.00507	0.09606	0.00281
7	0.01026	0.34660	0.05025	0.00716	0.00983	0.15689	0.02124	0.08937	0.04736	0.02970	0.00738	0.02991	0.00622	0.00382	0.00308	0.00091	0.01722	0.00275	0.07315	0.08687
8	0.00851	0.02760	0.00805	0.00625	0.00888	0.07430	0.00493	0.03245	0.22241	0.01291	0.04292	0.01068	0.02726	0.00382	0.00314	0.00082	0.00305	0.00306	0.02796	0.47097
9	0.04919	0.16737	0.09812	0.02381	0.09891	0.06267	0.05348	0.06683	0.05248	0.08408	0.04788	0.04113	0.06709	0.00461	0.00346	0.00107	0.00391	0.02288	0.00255	0.04848

[dist]
# distance from previous block
# <min> <max>
5	18

[block]
# block no. 10 follows, 75 sequences, length 69
# corresponding to MSA columns:
# 714-759,762-784
name=unknown_K
#
# <colnr> <probs for GDERKNQSTAVLIFYWHMCP>
#	G	D	E	R	K	N	Q	S	T	A	V	L	I	F	Y	W	H	M	C	P
0	0.16309	0.04291	0.02668	0.15566	0.03741	0.10894	0.02380	0.13525	0.05740	0.02172	0.03024	0.07013	0.00781	0.02693	0.01689	0.00126	0.02532	0.00357	0.00247	0.04251
1	0.03300	0.02678	0.04076	0.00650	0.00895	0.04799	0.00537	0.05146	0.24696	0.15177	0.07434	0.01433	0.09447	0.00487	0.00353	0.00105	0.00307	0.00395	0.00329	0.17756
2	0.09320	0.02589	0.00874	0.01774	0.04623	0.12548	0.01699	0.14745	0.12148	0.16309	0.03485	0.01251	0.00890	0.13529	0.02503	0.00159	0.00402	0.00364	0.00304	0.00485
3	0.02782	0.00648	0.00934	0.35119	0.09027	0.00670	0.00738	0.02675	0.02560	0.08258	0.02994	0.01252	0.07179	0.00419	0.00351	0.00105	0.00373	0.02178	0.00236	0.21500
4	0.00963	0.00587	0.00742	0.00678	0.02864	0.02370	0.02414	0.14511	0.04074	0.19554	0.03516	0.25854	0.01309	0.02482	0.00615	0.14978	0.01176	0.00559	0.00328	0.00426
5	0.00488	0.00366	0.00505	0.09800	0.00752	0.00366	0.00418	0.00575	0.00709	0.00934	0.01880	0.63402	0.05506	0.07020	0.00556	0.00161	0.00259	0.05681	0.00313	0.00308
6	0.03095	0.00596	0.00904	0.28197	0.11350	0.00643	0.00782	0.02095	0.01793	0.12153	0.01262	0.02201	0.01179	0.00622	0.00417	0.00137	0.00394	0.31469	0.00277	0.00435
7	0.00762	0.00723	0.01226	0.59424	0.28778	0.00834	0.01054	0.00999	0.00767	0.01022	0.00665	0.00957	0.00519	0.00354	0.00366	0.00118	0.00473	0.00327	0.00169	0.00463
8	0.00719	0.00669	0.01111	0.81732	0.04404	0.00827	0.01013	0.03385	0.00766	0.00985	0.00660	0.00975	0.00496	0.00368	0.00367	0.00122	0.00486	0.00327	0.00170	0.00418
9	0.00559	0.00447	0.00673	0.10902	0.00884	0.00525	0.01557	0.00685	0.00619	0.00870	0.01049	0.12031	0.01050	0.07921	0.52383	0.00429	0.06400	0.00472	0.00210	0.00334
10	0.02390	0.00551	0.00807	0.05276	0.12765	0.00577	0.00584	0.01025	0.00741	0.22245	0.01038	0.01387	0.00877	0.13350	0.30758	0.00318	0.04230	0.00388	0.00261	0.00433
11	0.00612	0.00439	0.00583	0.03131	0.03549	0.01405	0.00446	0.01530	0.03783	0.06194	0.04784	0.41912	0.05799	0.04666	0.14643	0.00223	0.02112	0.03529	0.00307	0.00354
12	0.00498	0.00372	0.00462	0.00482	0.00566	0.00341	0.00368	0.00629	0.00885	0.01178	0.32005	0.18613	0.24986	0.00913	0.00450	0.00133	0.00213	0.14872	0.01707	0.00326
13	0.00826	0.01397	0.45047	0.00962	0.01314	0.04360	0.04265	0.04774	0.11850	0.02614	0.00854	0.06341	0.00698	0.00466	0.00484	0.00125	0.12542	0.00356	0.00213	0.00511
14	0.00845	0.00724	0.01083	0.29073	0.20370	0.00801	0.02598	0.13613	0.04751	0.02300	0.11447	0.02477	0.01842	0.00474	0.00404	0.00120	0.02434	0.03911	0.00254	0.00479
15	0.02795	0.00476	0.00624	0.00560	0.00716	0.00433	0.01426	0.01140	0.01799	0.36826	0.03266	0.32002	0.03316	0.00713	0.00391	0.00123	0.00256	0.00620	0.12066	0.00452
16	0.00915	0.00808	0.01188	0.38257	0.27429	0.04261	0.00958	0.11358	0.03469	0.04401	0.00779	0.01038	0.00612	0.00389	0.00369	0.00117	0.00453	0.02483	0.00217	0.00501
17	0.01013	0.46875	0.01438	0.00693	0.00965	0.02634	0.00619	0.09328	0.26890	0.02983	0.00905	0.00952	0.00733	0.00403	0.00302	0.00099	0.00364	0.02029	0.00256	0.00520
18	0.01517	0.00613	0.00815	0.00636	0.00899	0.00545	0.00522	0.03758	0.03198	0.72438	0.06152	0.01334	0.01054	0.00471	0.00368	0.00113	0.00300	0.00385	0.04285	0.00596
19	0.19683	0.05730	0.01142	0.13610	0.04379	0.09480	0.11839	0.13374	0.00916	0.03442	0.00667	0.00808	0.00516	0.00365	0.00359	0.00108	0.03793	0.00288	0.00226	0.09274
20	0.00642	0.00496	0.00555	0.00516	0.00650	0.00502	0.00398	0.04956	0.19334	0.01380	0.31368	0.02491	0.24151	0.00709	0.00405	0.00119	0.00219	0.03089	0.07619	0.00402
21	0.00488	0.00368	0.00429	0.00421	0.00504	0.00332	0.00301	0.00595	0.00862	0.01138	0.36340	0.06467	0.33831	0.14030	0.00671	0.01662	0.00210	0.00696	0.00346	0.00309
22	0.89687	0.00710	0.00540	0.00483	0.00710	0.00824	0.00398	0.01080	0.00625	0.01648	0.00511	0.00597	0.00398	0.00341	0.00227	0.00114	0.00284	0.00199	0.00227	0.00398
23	0.00438	0.00363	0.00383	0.00398	0.00503	0.00308	0.00291	0.00527	0.00816	0.00989	0.04514	0.18434	0.68837	0.00967	0.00440	0.00128	0.00191	0.00822	0.00342	0.00308
24	0.00467	0.00335	0.00444	0.00498	0.00537	0.00312	0.00342	0.00561	0.00795	0.01084	0.24667	0.63792	0.02713	0.01041	0.00459	0.00140	0.00202	0.00940	0.00358	0.00312
25	0.00631	0.00406	0.00503	0.00465	0.00586	0.00361	0.00357	0.00777	0.00976	0.11255	0.48797	0.02838	0.26613	0.00776	0.00428	0.00119	0.00199	0.03154	0.00390	0.00369
26	0.35095	0.01189	0.00804	0.00717	0.00926	0.41665	0.00556	0.01326	0.00873	0.09366	0.00656	0.00722	0.00505	0.00373	0.00292	0.00103	0.00465	0.00239	0.03695	0.00431
27	0.00962	0.00801	0.00872	0.00809	0.04232	0.00913	0.00608	0.06409	0.73899	0.04035	0.01428	0.01322	0.01067	0.00487	0.00373	0.00123	0.00303	0.00406	0.00368	0.00585
28	0.00459	0.00331	0.00438	0.00511	0.00543	0.00306	0.00344	0.00530	0.00716	0.00963	0.04800	0.81440	0.02409	0.01111	0.00462	0.00145	0.00213	0.01007	0.00339	0.02932
29	0.36669	0.03606	0.00882	0.00687	0.00947	0.02995	0.00567	0.40079	0.05566	0.03627	0.00759	0.00787	0.00557	0.00399	0.00307	0.00111	0.00354	0.00277	0.00303	0.00522
30	0.06674	0.00425	0.00514	0.00501	0.00600	0.00414	0.00377	0.03262	0.03125	0.03206	0.46514	0.20140	0.07644	0.00806	0.00425	0.00125	0.00210	0.04307	0.00371	0.00358
31	0.01177	0.05132	0.04503	0.10570	0.21109	0.02650	0.01901	0.11505	0.03769	0.28542	0.02237	0.01084	0.02148	0.00414	0.00374	0.00112	0.01566	0.00347	0.00301	0.00560
32	0.18671	0.08919	0.04388	0.09512	0.04094	0.39328	0.05767	0.03346	0.00891	0.01121	0.00587	0.00713	0.00472	0.00359	0.00315	0.00103	0.00525	0.00253	0.00194	0.00442
33	0.00666	0.00551	0.00728	0.00681	0.00771	0.00667	0.00537	0.02273	0.18982	0.01037	0.02120	0.01352	0.00932	0.03005	0.50631	0.00406	0.13636	0.00392	0.00236	0.00398
34	0.00599	0.00498	0.00771	0.17437	0.17551	0.00518	0.00634	0.00735	0.00743	0.01008	0.01468	0.47664	0.01634	0.00810	0.00424	0.00135	0.00314	0.03781	0.02899	0.00378
35	0.00833	0.10046	0.35222	0.02253	0.03721	0.00911	0.02631	0.09837	0.05948	0.01234	0.01847	0.04173	0.03922	0.00449	0.00444	0.00115	0.10124	0.00340	0.00214	0.05736
36	0.00926	0.00543	0.00650	0.00573	0.00752	0.00522	0.00455	0.06389	0.12305	0.24959	0.12753	0.06721	0.23687	0.00701	0.00410	0.00124	0.00261	0.06420	0.00387	0.00462
37	0.00520	0.00378	0.00453	0.00462	0.00551	0.00342	0.00337	0.02347	0.00874	0.03697	0.24496	0.29630	0.31825	0.00929	0.00442	0.00130	0.00201	0.01691	0.00362	0.00333
38	0.01169	0.11356	0.12388	0.01024	0.09510	0.23767	0.04576	0.11379	0.03401	0.12312	0.00771	0.00841	0.00582	0.00394	0.00387	0.00107	0.04984	0.00293	0.00241	0.00519
39	0.00858	0.00791	0.02740	0.22021	0.08646	0.00931	0.05673	0.07458	0.08708	0.03908	0.00804	0.02426	0.00680	0.00510	0.00654	0.00135	0.28673	0.03700	0.00220	0.00464
40	0.00505	0.00362	0.00462	0.00503	0.00566	0.00338	0.00366	0.00626	0.02222	0.02313	0.19843	0.45213	0.13542	0.00990	0.00454	0.00139	0.00216	0.09316	0.01700	0.00324
41	0.01829	0.00775	0.01345	0.26407	0.30353	0.00814	0.15658	0.01821	0.03590	0.04698	0.03355	0.01156	0.04922	0.00394	0.00390	0.00118	0.01290	0.00382	0.00212	0.00493
42	0.01883	0.04976	0.16336	0.07175	0.24658	0.12263	0.07901	0.04257	0.04214	0.07953	0.00782	0.02565	0.00614	0.00384	0.00378	0.00112	0.02482	0.00328	0.00216	0.00523
43	0.00620	0.00516	0.01737	0.04538	0.05664	0.01302	0.09485	0.00788	0.04438	0.04481	0.02874	0.45544	0.10465	0.00868	0.00441	0.00137	0.00301	0.05115	0.00310	0.00375
44	0.00633	0.00420	0.00466	0.00445	0.00576	0.00381	0.00337	0.00805	0.06490	0.10311	0.08041	0.11544	0.47324	0.00808	0.00408	0.00121	0.00207	0.00682	0.09635	0.00367
45	0.00999	0.00782	0.02170	0.18150	0.35734	0.00798	0.07168	0.03128	0.02128	0.17493	0.00905	0.02205	0.01733	0.00396	0.00405	0.00117	0.03767	0.00360	0.01030	0.00534
46	0.01124	0.03696	0.12886	0.07434	0.07861	0.02665	0.04743	0.09012	0.02867	0.30058	0.05279	0.05104	0.01988	0.00476	0.00384	0.00117	0.01285	0.02172	0.00315	0.00535
47	0.01398	0.00776	0.00908	0.06544	0.05599	0.10029	0.00621	0.05997	0.04593	0.51705	0.02094	0.01206	0.00858	0.00447	0.00363	0.00112	0.00367	0.01825	0.03995	0.00565
48	0.77779	0.03523	0.02249	0.03016	0.02758	0.03505	0.00468	0.01091	0.00653	0.01559	0.00524	0.00620	0.00411	0.00342	0.00240	0.00112	0.00314	0.00208	0.00220	0.00408
49	0.00880	0.00838	0.01424	0.06106	0.76862	0.00845	0.01084	0.01097	0.00841	0.01201	0.04753	0.01001	0.00717	0.00350	0.00367	0.00110	0.00426	0.00344	0.00192	0.00562
50	0.00866	0.00829	0.01413	0.18950	0.68440	0.00861	0.01106	0.01090	0.00816	0.01148	0.00683	0.00923	0.00563	0.00335	0.00364	0.00112	0.00447	0.00327	0.00178	0.00547
51	0.01164	0.00879	0.01002	0.00805	0.01020	0.01001	0.00658	0.47751	0.09487	0.06034	0.01002	0.01074	0.03552	0.02455	0.03356	0.00141	0.15288	0.00358	0.00323	0.02649
52	0.00522	0.00393	0.00584	0.00584	0.00651	0.00455	0.00454	0.00652	0.00598	0.00857	0.01067	0.01507	0.03474	0.02699	0.83036	0.00576	0.00959	0.00405	0.00201	0.00327
53	0.00620	0.00495	0.00574	0.00570	0.00686	0.00513	0.00436	0.01021	0.26150	0.01261	0.19560	0.19003	0.15956	0.00815	0.00431	0.00133	0.00239	0.10771	0.00364	0.00401
54	0.00496	0.00351	0.00412	0.00434	0.00466	0.00334	0.00277	0.00542	0.00667	0.00876	0.07998	0.25017	0.14373	0.43684	0.01156	0.00246	0.00279	0.01839	0.00287	0.00267
55	0.01011	0.00612	0.00730	0.00606	0.00790	0.02110	0.00481	0.20109	0.01201	0.21954	0.43572	0.01914	0.02135	0.00601	0.00401	0.00113	0.00269	0.00508	0.00404	0.00480
56	0.00515	0.00373	0.00487	0.00477	0.00558	0.00345	0.00359	0.00675	0.00990	0.01386	0.69518	0.11063	0.05418	0.00810	0.00441	0.00122	0.00187	0.05543	0.00393	0.00340
57	0.89687	0.00710	0.00540	0.00483	0.00710	0.00824	0.00398	0.01080	0.00625	0.01648	0.00511	0.00597	0.00398	0.00341	0.00227	0.00114	0.00284	0.00199	0.00227	0.00398
58	0.00884	0.00847	0.01445	0.12092	0.75161	0.00866	0.01115	0.01105	0.00824	0.01169	0.00686	0.00917	0.00571	0.00332	0.00364	0.00111	0.00443	0.00327	0.00180	0.00561
59	0.00575	0.00468	0.00551	0.00486	0.00657	0.00381	0.00364	0.00696	0.00793	0.01109	0.10763	0.24774	0.21045	0.00714	0.00380	0.00103	0.00225	0.00618	0.00300	0.34998
60	0.01323	0.01629	0.01019	0.00922	0.01116	0.74436	0.00695	0.03460	0.10068	0.01001	0.00676	0.00744	0.00547	0.00393	0.00337	0.00098	0.00616	0.00258	0.00213	0.00447
