[name]
unknown

[dist]
# distance from previous block
# <min> <max>
0	101

[block]
# block no. 0 follows, 74 sequences, length 36
# corresponding to MSA columns:
# 133-168
name=unknown_A
#
# <colnr> <probs for GDERKNQSTAVLIFYWHMCP>
#	G	D	E	R	K	N	Q	S	T	A	V	L	I	F	Y	W	H	M	C	P
0	0.06990	0.06701	0.12943	0.08043	0.10133	0.06104	0.07560	0.17980	0.02773	0.11893	0.00859	0.01020	0.00652	0.00411	0.00368	0.00115	0.01361	0.03296	0.00263	0.00535
1	0.02002	0.00523	0.00633	0.00648	0.05169	0.00563	0.00437	0.03730	0.17658	0.02161	0.01350	0.08809	0.05250	0.29955	0.15930	0.00287	0.01626	0.00510	0.01292	0.01465
2	0.00701	0.00660	0.01113	0.86063	0.02556	0.00825	0.01031	0.00948	0.00742	0.00948	0.00660	0.00990	0.00495	0.00371	0.00371	0.00124	0.00495	0.00330	0.00165	0.00412
3	0.00716	0.00568	0.00687	0.00687	0.06886	0.00574	0.01652	0.05060	0.21483	0.04343	0.25719	0.03330	0.25427	0.00688	0.00413	0.00121	0.00251	0.00590	0.00362	0.00441
4	0.00726	0.01793	0.78072	0.01009	0.01520	0.00820	0.01287	0.01136	0.00806	0.01201	0.07564	0.00947	0.00720	0.00386	0.00360	0.00117	0.00518	0.00307	0.00177	0.00532
5	0.00946	0.00875	0.07878	0.13642	0.06409	0.00886	0.00753	0.22879	0.25343	0.01514	0.01033	0.01165	0.00803	0.03949	0.08854	0.00175	0.00454	0.00368	0.01547	0.00527
6	0.00992	0.87178	0.01945	0.00635	0.00953	0.01469	0.00635	0.01111	0.00754	0.00873	0.00516	0.00595	0.00476	0.00318	0.00238	0.00079	0.00397	0.00198	0.00159	0.00476
7	0.02726	0.00755	0.00870	0.00714	0.00964	0.00791	0.00575	0.15862	0.32979	0.33917	0.01358	0.01240	0.00945	0.00471	0.00368	0.00117	0.00317	0.00380	0.04051	0.00599
8	0.00528	0.00357	0.00406	0.00413	0.00420	0.00353	0.00237	0.00538	0.00566	0.00750	0.01348	0.09416	0.04859	0.76354	0.01713	0.00333	0.00341	0.00592	0.00240	0.00235
9	0.89577	0.00718	0.00546	0.00488	0.00718	0.00833	0.00402	0.01091	0.00632	0.01665	0.00517	0.00603	0.00402	0.00345	0.00230	0.00115	0.00287	0.00201	0.00230	0.00402
10	0.00815	0.09556	0.62747	0.01088	0.08325	0.03122	0.01210	0.01188	0.02200	0.02264	0.00677	0.00791	0.00501	0.00350	0.00341	0.00111	0.00512	0.00273	0.00170	0.03762
11	0.00449	0.00357	0.00404	0.00432	0.00518	0.00312	0.00309	0.00538	0.00812	0.01016	0.08588	0.33109	0.49834	0.01007	0.00451	0.00134	0.00197	0.00873	0.00349	0.00312
12	0.00946	0.05187	0.15257	0.03372	0.29037	0.09852	0.22843	0.04836	0.00892	0.01189	0.00688	0.00875	0.00543	0.00348	0.00395	0.00114	0.02573	0.00334	0.00187	0.00530
13	0.00525	0.00379	0.00496	0.00467	0.00555	0.00350	0.00350	0.00700	0.01051	0.01488	0.84444	0.02773	0.03502	0.00759	0.00438	0.00117	0.00175	0.00671	0.00409	0.00350
14	0.00829	0.04870	0.02136	0.01913	0.00930	0.00572	0.00484	0.03162	0.00805	0.04340	0.00689	0.00787	0.00560	0.00291	0.00282	0.00062	0.00293	0.00230	0.00228	0.76536
15	0.03613	0.08079	0.00992	0.00753	0.03182	0.08145	0.00597	0.17826	0.04644	0.39318	0.01199	0.08096	0.00900	0.00492	0.00363	0.00113	0.00365	0.00392	0.00367	0.00565
16	0.01013	0.64636	0.13331	0.00725	0.01064	0.07821	0.00744	0.03596	0.00816	0.02537	0.00570	0.00648	0.00489	0.00334	0.00268	0.00088	0.00438	0.00219	0.00173	0.00490
17	0.00855	0.00818	0.01386	0.25612	0.59267	0.00874	0.01099	0.01079	0.00808	0.01129	0.00681	0.00935	0.00559	0.00351	0.00394	0.00116	0.02995	0.00330	0.00178	0.00534
18	0.00530	0.00398	0.00597	0.00597	0.00663	0.00464	0.00464	0.00663	0.00597	0.00862	0.00994	0.01458	0.00928	0.02784	0.85484	0.00597	0.00994	0.00398	0.00199	0.00331
19	0.00588	0.00360	0.00540	0.00540	0.00573	0.00393	0.00393	0.00573	0.00540	0.00753	0.00819	0.01293	0.00786	0.02036	0.43422	0.44946	0.00658	0.00360	0.00180	0.00246
20	0.89577	0.00718	0.00546	0.00488	0.00718	0.00833	0.00402	0.01091	0.00632	0.01665	0.00517	0.00603	0.00402	0.00345	0.00230	0.00115	0.00287	0.00201	0.00230	0.00402
21	0.01655	0.00648	0.00872	0.00668	0.00956	0.00570	0.00552	0.05164	0.01090	0.81502	0.01441	0.01248	0.00907	0.00459	0.00373	0.00115	0.00320	0.00372	0.00456	0.00632
22	0.00910	0.01049	0.02063	0.01496	0.01850	0.07660	0.74823	0.01203	0.00890	0.01165	0.00765	0.01048	0.00592	0.00335	0.00432	0.00124	0.00623	0.02291	0.00192	0.00491
23	0.00923	0.00797	0.00839	0.00755	0.00965	0.00923	0.00588	0.01972	0.83969	0.01553	0.01511	0.01385	0.01133	0.00504	0.00378	0.00126	0.00294	0.00420	0.00378	0.00588
24	0.01030	0.00881	0.11240	0.01029	0.01343	0.00701	0.33068	0.01280	0.00951	0.26231	0.15531	0.01417	0.01197	0.00451	0.00410	0.00121	0.00441	0.01856	0.00306	0.00517
25	0.00701	0.00660	0.01113	0.86063	0.02556	0.00825	0.01031	0.00948	0.00742	0.00948	0.00660	0.00990	0.00495	0.00371	0.00371	0.00124	0.00495	0.00330	0.00165	0.00412
26	0.01411	0.01040	0.01114	0.00854	0.01151	0.01151	0.00706	0.83402	0.01745	0.02339	0.00891	0.00891	0.00631	0.00446	0.00371	0.00111	0.00408	0.00334	0.00371	0.00631
27	0.00604	0.00476	0.00617	0.00670	0.04716	0.00485	0.02518	0.02843	0.15220	0.01092	0.01787	0.50027	0.04097	0.09000	0.00582	0.00163	0.00273	0.04126	0.00328	0.00373
28	0.17007	0.00914	0.14804	0.00946	0.01220	0.00757	0.22769	0.03292	0.01851	0.03185	0.01134	0.02708	0.04148	0.00550	0.00429	0.00134	0.03554	0.19903	0.00248	0.00447
29	0.01387	0.01769	0.01052	0.00956	0.01148	0.85465	0.00717	0.01482	0.01052	0.00908	0.00574	0.00669	0.00478	0.00383	0.00335	0.00096	0.00669	0.00239	0.00191	0.00430
30	0.00540	0.00360	0.00405	0.00405	0.00405	0.00360	0.00225	0.00540	0.00540	0.00720	0.01170	0.02429	0.01349	0.86955	0.01889	0.00360	0.00360	0.00540	0.00225	0.00225
31	0.00958	0.24757	0.03321	0.08976	0.41356	0.09455	0.00930	0.01143	0.00828	0.01065	0.00630	0.00803	0.00534	0.00334	0.00325	0.00100	0.00453	0.00280	0.00177	0.03577
32	0.00446	0.00376	0.00386	0.00384	0.00506	0.00316	0.00288	0.00547	0.00863	0.01043	0.10403	0.03506	0.77821	0.00925	0.00439	0.00125	0.00187	0.00774	0.00350	0.00316
33	0.64978	0.00893	0.00628	0.00568	0.00779	0.17376	0.00452	0.01149	0.00726	0.01494	0.00585	0.00680	0.00462	0.00359	0.00253	0.00109	0.00353	0.00220	0.07532	0.00403
34	0.59094	0.04167	0.00975	0.00745	0.01008	0.00892	0.17689	0.02354	0.07565	0.01536	0.00653	0.00754	0.00502	0.00351	0.00288	0.00116	0.00364	0.00270	0.00232	0.00444
35	0.00814	0.04127	0.15082	0.07694	0.01117	0.00617	0.01797	0.01988	0.00845	0.08358	0.11255	0.01179	0.02755	0.00399	0.00333	0.00089	0.00340	0.01239	0.00252	0.39719

[dist]
# distance from previous block
# <min> <max>
0	2

[block]
# block no. 1 follows, 74 sequences, length 25
# corresponding to MSA columns:
# 171-195
name=unknown_B
#
# <colnr> <probs for GDERKNQSTAVLIFYWHMCP>
#	G	D	E	R	K	N	Q	S	T	A	V	L	I	F	Y	W	H	M	C	P
0	0.00750	0.00698	0.01113	0.67414	0.09795	0.00843	0.00983	0.01098	0.11532	0.01051	0.00773	0.01034	0.00586	0.00385	0.00372	0.00123	0.00464	0.00342	0.00194	0.00451
1	0.00578	0.00415	0.00571	0.00651	0.00732	0.00411	0.00556	0.00734	0.00837	0.01086	0.02042	0.10718	0.06023	0.02550	0.00530	0.00170	0.00325	0.70396	0.00340	0.00335
2	0.00770	0.00660	0.00770	0.00550	0.00880	0.00495	0.00440	0.00935	0.00770	0.01210	0.00660	0.00770	0.00550	0.00275	0.00275	0.00055	0.00275	0.00220	0.00220	0.89224
3	0.00641	0.04177	0.16675	0.00603	0.00847	0.00531	0.00567	0.00848	0.03828	0.02633	0.04634	0.16574	0.23190	0.02018	0.00403	0.00114	0.00298	0.00554	0.00277	0.20589
4	0.02218	0.00799	0.06445	0.00764	0.01111	0.00603	0.14750	0.01057	0.00807	0.06988	0.00729	0.00842	0.00570	0.00300	0.00314	0.00076	0.00356	0.00271	0.00227	0.60774
5	0.00481	0.00368	0.00441	0.00444	0.00532	0.00328	0.00325	0.00606	0.00914	0.01213	0.40079	0.18860	0.32267	0.00900	0.00445	0.00126	0.00187	0.00784	0.00374	0.00328
6	0.00475	0.00377	0.00426	0.00414	0.00523	0.00329	0.00310	0.00602	0.00931	0.01204	0.37233	0.03241	0.50891	0.00865	0.00438	0.00122	0.00183	0.00737	0.00371	0.00329
7	0.00797	0.00815	0.05426	0.28971	0.36135	0.00855	0.02047	0.01031	0.02278	0.01070	0.00703	0.00978	0.00580	0.00582	0.07455	0.00161	0.09112	0.00336	0.00179	0.00489
8	0.05795	0.00679	0.00873	0.00673	0.00958	0.00623	0.00556	0.10375	0.01114	0.72260	0.01359	0.01193	0.00864	0.00453	0.00366	0.00114	0.00324	0.00361	0.00439	0.00621
9	0.00533	0.00359	0.00417	0.00430	0.00437	0.00357	0.00256	0.00548	0.00573	0.00763	0.01302	0.11672	0.01507	0.73568	0.01670	0.00328	0.00343	0.04454	0.00243	0.00239
10	0.72051	0.00701	0.00609	0.00522	0.00764	0.00775	0.00431	0.01234	0.00718	0.18258	0.00706	0.00735	0.00505	0.00367	0.00258	0.00115	0.00293	0.00235	0.00276	0.00448
11	0.00506	0.00407	0.00464	0.00460	0.00574	0.00378	0.00354	0.00683	0.05760	0.01139	0.20865	0.03163	0.48956	0.01019	0.06753	0.00162	0.00264	0.07401	0.00350	0.00341
12	0.00455	0.00331	0.00427	0.00500	0.00533	0.00305	0.00337	0.00524	0.00731	0.00965	0.04634	0.74658	0.10515	0.02573	0.00493	0.00151	0.00214	0.01009	0.00344	0.00303
13	0.00919	0.00882	0.01507	0.02278	0.84640	0.00882	0.01139	0.01139	0.00845	0.01213	0.00698	0.00919	0.00588	0.00331	0.00367	0.00110	0.00441	0.00331	0.00184	0.00588
14	0.16724	0.00898	0.08138	0.17586	0.41651	0.00864	0.04217	0.01124	0.03185	0.01250	0.00681	0.00881	0.00542	0.00347	0.00345	0.00115	0.00435	0.00309	0.00192	0.00515
15	0.01489	0.00669	0.00854	0.00665	0.00929	0.00625	0.00545	0.15646	0.01167	0.60568	0.08181	0.01329	0.01083	0.00481	0.00374	0.00113	0.00314	0.00390	0.03979	0.00597
16	0.01615	0.00643	0.00860	0.00667	0.00949	0.00571	0.00548	0.01820	0.06657	0.79272	0.01468	0.01272	0.00933	0.00462	0.00374	0.00116	0.00314	0.00376	0.00454	0.00629
17	0.01653	0.00651	0.00873	0.00670	0.00957	0.00574	0.00553	0.05659	0.01095	0.81001	0.01437	0.01246	0.00905	0.00459	0.00373	0.00115	0.00320	0.00371	0.00455	0.00632
18	0.00713	0.00898	0.20999	0.00708	0.02582	0.02059	0.01598	0.02505	0.20296	0.02296	0.05372	0.04852	0.25120	0.00612	0.00385	0.00120	0.00322	0.00509	0.07597	0.00457
19	0.00589	0.00421	0.00533	0.00495	0.00599	0.00402	0.00374	0.00834	0.07867	0.03894	0.73763	0.02629	0.04702	0.00732	0.00431	0.00118	0.00189	0.00644	0.00406	0.00377
20	0.01387	0.01769	0.01052	0.00956	0.01148	0.85465	0.00717	0.01482	0.01052	0.00908	0.00574	0.00669	0.00478	0.00383	0.00335	0.00096	0.00669	0.00239	0.00191	0.00430
21	0.00754	0.00902	0.15886	0.05104	0.19194	0.00722	0.13254	0.01051	0.06381	0.01155	0.03227	0.01893	0.01102	0.07647	0.00538	0.00151	0.00443	0.19892	0.00239	0.00465
22	0.06816	0.15459	0.19623	0.05606	0.22118	0.03410	0.05221	0.08542	0.05136	0.03633	0.00726	0.00847	0.00563	0.00360	0.00338	0.00109	0.00452	0.00297	0.00211	0.00536
23	0.00539	0.00409	0.00519	0.00539	0.00581	0.02795	0.00383	0.00621	0.00627	0.00852	0.01303	0.22468	0.01420	0.24163	0.39031	0.00404	0.00618	0.02186	0.00244	0.00299
24	0.89577	0.00718	0.00546	0.00488	0.00718	0.00833	0.00402	0.01091	0.00632	0.01665	0.00517	0.00603	0.00402	0.00345	0.00230	0.00115	0.00287	0.00201	0.00230	0.00402

[dist]
# distance from previous block
# <min> <max>
0	1

[block]
# block no. 2 follows, 74 sequences, length 61
# corresponding to MSA columns:
# 197-211,213-218,221-243,250-266
name=unknown_C
#
# <colnr> <probs for GDERKNQSTAVLIFYWHMCP>
#	G	D	E	R	K	N	Q	S	T	A	V	L	I	F	Y	W	H	M	C	P
0	0.00455	0.00330	0.00431	0.00510	0.00542	0.00306	0.00347	0.00526	0.00726	0.00957	0.02184	0.77450	0.09163	0.01141	0.00472	0.00149	0.00217	0.03445	0.00344	0.00304
1	0.01029	0.75072	0.03216	0.00664	0.00983	0.01408	0.00651	0.09869	0.00860	0.01040	0.00561	0.00633	0.00494	0.00331	0.00255	0.00083	0.00399	0.00215	0.00182	0.02054
2	0.03650	0.04672	0.03233	0.00698	0.04159	0.00671	0.02369	0.12409	0.00934	0.05752	0.04732	0.00906	0.00713	0.00340	0.00307	0.00077	0.00318	0.00274	0.00256	0.53530
3	0.02406	0.02967	0.06920	0.01927	0.63406	0.02020	0.03140	0.04875	0.04952	0.01272	0.00736	0.00915	0.00600	0.00345	0.00362	0.00110	0.00441	0.00326	0.00201	0.02078
4	0.00472	0.00378	0.00442	0.00481	0.02482	0.00336	0.00334	0.00584	0.01936	0.01065	0.14245	0.28686	0.45306	0.00963	0.00447	0.00132	0.00202	0.00835	0.00350	0.00325
5	0.21641	0.00727	0.00822	0.00652	0.00915	0.00735	0.00536	0.20066	0.01118	0.41519	0.06713	0.01130	0.00910	0.00450	0.00344	0.00114	0.00321	0.00345	0.00383	0.00560
6	0.04489	0.27419	0.13941	0.01108	0.18099	0.11966	0.03167	0.05466	0.03361	0.05777	0.01572	0.00809	0.00582	0.00359	0.00320	0.00101	0.00457	0.00277	0.00208	0.00520
7	0.01436	0.00640	0.00838	0.00671	0.02176	0.01985	0.00536	0.01597	0.02507	0.64035	0.06073	0.01305	0.01024	0.01658	0.02381	0.00125	0.01839	0.00377	0.00411	0.08387
8	0.00439	0.00376	0.00376	0.00376	0.00501	0.00313	0.00282	0.00533	0.00846	0.01003	0.03760	0.03572	0.84489	0.00940	0.00439	0.00125	0.00188	0.00783	0.00345	0.00313
9	0.00811	0.00763	0.02752	0.01092	0.07716	0.00726	0.31788	0.06739	0.06763	0.03174	0.14142	0.01822	0.08324	0.00534	0.00422	0.00125	0.00417	0.08228	0.03196	0.00467
10	0.00882	0.00961	0.04851	0.03252	0.38363	0.00899	0.39074	0.01174	0.03193	0.01201	0.00764	0.02264	0.00614	0.00341	0.00401	0.00119	0.00524	0.00392	0.00192	0.00539
11	0.01614	0.00620	0.00845	0.00652	0.00930	0.00537	0.00537	0.01759	0.01062	0.81116	0.05226	0.01332	0.01036	0.00473	0.00376	0.00115	0.00309	0.00387	0.00457	0.00619
12	0.01534	0.00607	0.00803	0.00626	0.00888	0.00538	0.00514	0.04116	0.01047	0.71816	0.01415	0.01268	0.00914	0.00456	0.00359	0.00111	0.00300	0.00369	0.11723	0.00595
13	0.01023	0.55142	0.03419	0.07802	0.06294	0.02127	0.04807	0.03257	0.03776	0.08245	0.00681	0.00766	0.00554	0.00346	0.00290	0.00094	0.00415	0.00258	0.00202	0.00501
14	0.00755	0.05606	0.81440	0.01040	0.01578	0.00888	0.01340	0.01173	0.00782	0.01162	0.00660	0.00776	0.00470	0.00351	0.00348	0.00116	0.00542	0.00271	0.00157	0.00545
15	0.00521	0.00379	0.00491	0.00463	0.00552	0.00349	0.00347	0.00693	0.01041	0.01466	0.80786	0.02809	0.07174	0.00767	0.00438	0.00117	0.00176	0.00676	0.00406	0.00349
16	0.00983	0.00535	0.01562	0.00545	0.00741	0.00475	0.00439	0.06295	0.00974	0.33117	0.06180	0.02280	0.35765	0.00861	0.07373	0.00159	0.00320	0.00556	0.00379	0.00461
17	0.02972	0.17978	0.25090	0.00931	0.02291	0.01020	0.08744	0.15961	0.00976	0.12354	0.00773	0.00850	0.00570	0.00397	0.00413	0.00113	0.07484	0.00302	0.00241	0.00541
18	0.79506	0.00673	0.00533	0.00491	0.00698	0.00773	0.00395	0.01026	0.00641	0.01584	0.00690	0.10333	0.00634	0.00437	0.00257	0.00119	0.00279	0.00298	0.00243	0.00391
19	0.00918	0.03009	0.01558	0.03573	0.70181	0.00905	0.09199	0.02097	0.02722	0.01218	0.00719	0.00930	0.00594	0.00335	0.00372	0.00112	0.00455	0.00340	0.00190	0.00574
20	0.00484	0.00364	0.00488	0.00552	0.00571	0.00371	0.00380	0.00548	0.00695	0.00937	0.01896	0.77571	0.02266	0.03266	0.00570	0.00157	0.07266	0.00983	0.00327	0.00308
21	0.00938	0.26339	0.03032	0.00769	0.04230	0.23653	0.00617	0.03314	0.02403	0.01010	0.03780	0.12651	0.08646	0.00571	0.00369	0.00109	0.02188	0.04718	0.00238	0.00426
22	0.01043	0.66703	0.06559	0.00735	0.02555	0.09449	0.00699	0.06714	0.00853	0.00999	0.00559	0.00639	0.00489	0.00335	0.00265	0.00086	0.00433	0.00218	0.00177	0.00489
23	0.00830	0.02595	0.13296	0.00980	0.01073	0.04677	0.00886	0.00963	0.00624	0.00934	0.00517	0.00798	0.00484	0.00589	0.01037	0.00152	0.68662	0.00312	0.00163	0.00429
24	0.00540	0.00360	0.00405	0.00405	0.00405	0.00360	0.00225	0.00540	0.00540	0.00720	0.01170	0.02429	0.01349	0.86955	0.01889	0.00360	0.00360	0.00540	0.00225	0.00225
25	0.00770	0.00660	0.00770	0.00550	0.00880	0.00495	0.00440	0.00935	0.00770	0.01210	0.00660	0.00770	0.00550	0.00275	0.00275	0.00055	0.00275	0.00220	0.00220	0.89224
26	0.00452	0.00323	0.00431	0.00517	0.00538	0.00301	0.00345	0.00517	0.00711	0.00948	0.02046	0.86713	0.02455	0.01163	0.00474	0.00151	0.00215	0.01055	0.00345	0.00301
27	0.00546	0.00384	0.00503	0.00470	0.00561	0.00354	0.00354	0.00720	0.01051	0.02963	0.82977	0.02746	0.03457	0.00754	0.00437	0.00117	0.00178	0.00666	0.00410	0.00355
28	0.00521	0.00394	0.00483	0.00458	0.00558	0.00364	0.00344	0.00712	0.04086	0.01386	0.63969	0.02894	0.20875	0.00788	0.00436	0.00119	0.00182	0.00686	0.00394	0.00351
29	0.00607	0.00337	0.00460	0.00460	0.00462	0.00338	0.00294	0.00507	0.00505	0.00675	0.00827	0.01566	0.00884	0.29582	0.03696	0.57683	0.00352	0.00396	0.00183	0.00186
30	0.00876	0.01001	0.02190	0.01564	0.01940	0.00939	0.83292	0.01189	0.00876	0.01189	0.00751	0.01001	0.00563	0.00313	0.00438	0.00125	0.00626	0.00438	0.00188	0.00501
31	0.00923	0.00797	0.00839	0.00755	0.00965	0.00923	0.00588	0.01972	0.83969	0.01553	0.01511	0.01385	0.01133	0.00504	0.00378	0.00126	0.00294	0.00420	0.00378	0.00588
32	0.89577	0.00718	0.00546	0.00488	0.00718	0.00833	0.00402	0.01091	0.00632	0.01665	0.00517	0.00603	0.00402	0.00345	0.00230	0.00115	0.00287	0.00201	0.00230	0.00402
33	0.01411	0.01040	0.01114	0.00854	0.01151	0.01151	0.00706	0.83402	0.01745	0.02339	0.00891	0.00891	0.00631	0.00446	0.00371	0.00111	0.00408	0.00334	0.00371	0.00631
34	0.89577	0.00718	0.00546	0.00488	0.00718	0.00833	0.00402	0.01091	0.00632	0.01665	0.00517	0.00603	0.00402	0.00345	0.00230	0.00115	0.00287	0.00201	0.00230	0.00402
35	0.00923	0.00797	0.00839	0.00755	0.00965	0.00923	0.00588	0.01972	0.83969	0.01553	0.01511	0.01385	0.01133	0.00504	0.00378	0.00126	0.00294	0.00420	0.00378	0.00588
36	0.00876	0.01001	0.02190	0.01564	0.01940	0.00939	0.83292	0.01189	0.00876	0.01189	0.00751	0.01001	0.00563	0.00313	0.00438	0.00125	0.00626	0.00438	0.00188	0.00501
37	0.01191	0.00930	0.00990	0.00810	0.01067	0.01048	0.00652	0.46707	0.38798	0.01985	0.01170	0.01114	0.00857	0.00472	0.00374	0.00118	0.00357	0.00373	0.00374	0.00612
38	0.01387	0.01769	0.01052	0.00956	0.01148	0.85465	0.00717	0.01482	0.01052	0.00908	0.00574	0.00669	0.00478	0.00383	0.00335	0.00096	0.00669	0.00239	0.00191	0.00430
39	0.00598	0.00427	0.00598	0.00684	0.00769	0.00427	0.00598	0.00769	0.00854	0.01111	0.01965	0.04187	0.02136	0.01025	0.00513	0.00171	0.00342	0.82141	0.00342	0.00342
40	0.01387	0.01769	0.01052	0.00956	0.01148	0.85465	0.00717	0.01482	0.01052	0.00908	0.00574	0.00669	0.00478	0.00383	0.00335	0.00096	0.00669	0.00239	0.00191	0.00430
41	0.01005	0.00526	0.00672	0.00563	0.00743	0.00486	0.00446	0.08052	0.01099	0.31620	0.41831	0.02126	0.07989	0.00637	0.00409	0.00116	0.00246	0.00543	0.00419	0.00473
42	0.01387	0.01769	0.01052	0.00956	0.01148	0.85465	0.00717	0.01482	0.01052	0.00908	0.00574	0.00669	0.00478	0.00383	0.00335	0.00096	0.00669	0.00239	0.00191	0.00430
43	0.00744	0.01920	0.85032	0.01058	0.01607	0.00862	0.01371	0.01176	0.00784	0.01176	0.00666	0.00784	0.00470	0.00353	0.00353	0.00118	0.00549	0.00274	0.00157	0.00549
44	0.00525	0.00379	0.00496	0.00467	0.00555	0.00350	0.00350	0.00700	0.01051	0.01488	0.84444	0.02773	0.03502	0.00759	0.00438	0.00117	0.00175	0.00671	0.00409	0.00350
45	0.00440	0.00370	0.00382	0.00391	0.00505	0.00312	0.00289	0.00531	0.00832	0.00997	0.03578	0.12422	0.75757	0.00964	0.00442	0.00128	0.00191	0.00812	0.00345	0.00312
46	0.01432	0.01006	0.01093	0.00838	0.01134	0.01101	0.00692	0.76670	0.01689	0.09150	0.00938	0.00922	0.00655	0.00447	0.00371	0.00112	0.00401	0.00337	0.00379	0.00631
47	0.01389	0.01709	0.01057	0.00948	0.01148	0.78561	0.00716	0.08191	0.01109	0.01026	0.00600	0.00688	0.00491	0.00388	0.00338	0.00097	0.00648	0.00247	0.00206	0.00447
48	0.00701	0.00660	0.01113	0.86063	0.02556	0.00825	0.01031	0.00948	0.00742	0.00948	0.00660	0.00990	0.00495	0.00371	0.00371	0.00124	0.00495	0.00330	0.00165	0.00412
49	0.05651	0.00636	0.00847	0.00653	0.00937	0.00559	0.00539	0.01776	0.01043	0.81124	0.01421	0.01233	0.00895	0.00454	0.00367	0.00115	0.00315	0.00365	0.00449	0.00621
50	0.00548	0.00472	0.00459	0.00434	0.00575	0.02916	0.00331	0.07350	0.00930	0.01118	0.04892	0.03252	0.73656	0.00880	0.00430	0.00123	0.00220	0.00728	0.00343	0.00344
51	0.00744	0.01865	0.81209	0.01061	0.01595	0.00854	0.03194	0.01166	0.00787	0.01174	0.00698	0.00868	0.00511	0.00367	0.00358	0.00119	0.00545	0.02181	0.00162	0.00543
52	0.00474	0.00372	0.00436	0.00477	0.00565	0.00333	0.00363	0.00576	0.00810	0.01009	0.02923	0.26855	0.45158	0.01019	0.00463	0.00142	0.00226	0.17139	0.00344	0.00316
53	0.00464	0.00341	0.00438	0.00509	0.00552	0.00315	0.00356	0.00544	0.00750	0.00982	0.04296	0.65838	0.14390	0.01109	0.00471	0.00148	0.00221	0.07622	0.00346	0.00308
54	0.82323	0.07798	0.00660	0.00500	0.00737	0.00885	0.00421	0.01093	0.00642	0.01601	0.00517	0.00602	0.00408	0.00342	0.00230	0.00112	0.00296	0.00201	0.00224	0.00408
55	0.86962	0.00715	0.00555	0.00493	0.00725	0.00824	0.00406	0.01112	0.00645	0.04141	0.00545	0.00623	0.00417	0.00348	0.00234	0.00115	0.00288	0.00206	0.00237	0.00409
56	0.00915	0.01330	0.37633	0.02278	0.18294	0.02023	0.04485	0.08052	0.13949	0.05130	0.01808	0.00968	0.00670	0.00388	0.00367	0.00117	0.00465	0.00329	0.00233	0.00566
57	0.00524	0.00402	0.00576	0.07650	0.05655	0.00400	0.00488	0.00631	0.00748	0.00992	0.01880	0.58993	0.04021	0.01021	0.00465	0.00149	0.00272	0.14479	0.00320	0.00334
58	0.82357	0.00744	0.00592	0.00518	0.00753	0.00859	0.00427	0.07832	0.00723	0.01721	0.00547	0.00627	0.00421	0.00353	0.00241	0.00115	0.00297	0.00212	0.00241	0.00421
59	0.01374	0.01021	0.01093	0.00847	0.01137	0.01134	0.00697	0.77270	0.07937	0.02280	0.00938	0.00928	0.00669	0.00450	0.00372	0.00112	0.00400	0.00341	0.00372	0.00628
60	0.00901	0.00864	0.01474	0.09139	0.77918	0.00877	0.01130	0.01124	0.00837	0.01191	0.00695	0.00924	0.00580	0.00334	0.00368	0.00111	0.00445	0.00331	0.00182	0.00574

[dist]
# distance from previous block
# <min> <max>
0	1

[block]
# block no. 3 follows, 74 sequences, length 53
# corresponding to MSA columns:
# 268-320
name=unknown_D
#
# <colnr> <probs for GDERKNQSTAVLIFYWHMCP>
#	G	D	E	R	K	N	Q	S	T	A	V	L	I	F	Y	W	H	M	C	P
0	0.00827	0.00734	0.00978	0.00779	0.05496	0.00624	0.09223	0.04360	0.07786	0.01281	0.00752	0.00858	0.00605	0.00308	0.00309	0.00074	0.00328	0.00270	0.00234	0.64171
1	0.00512	0.00379	0.00478	0.00453	0.00546	0.00345	0.00340	0.00675	0.01020	0.01415	0.72206	0.02894	0.15786	0.00786	0.00438	0.00118	0.00177	0.00688	0.00399	0.00345
2	0.00812	0.00812	0.01137	0.00975	0.00975	0.01137	0.00812	0.00893	0.00568	0.00893	0.00487	0.00812	0.00487	0.00650	0.01218	0.00162	0.86276	0.00325	0.00162	0.00406
3	0.00770	0.00660	0.00770	0.00550	0.00880	0.00495	0.00440	0.00935	0.00770	0.01210	0.00660	0.00770	0.00550	0.00275	0.00275	0.00055	0.00275	0.00220	0.00220	0.89224
4	0.01387	0.01769	0.01052	0.00956	0.01148	0.85465	0.00717	0.01482	0.01052	0.00908	0.00574	0.00669	0.00478	0.00383	0.00335	0.00096	0.00669	0.00239	0.00191	0.00430
5	0.01071	0.70192	0.01767	0.00699	0.00991	0.18174	0.00651	0.01185	0.00813	0.00880	0.00528	0.00610	0.00477	0.00330	0.00257	0.00083	0.00451	0.00207	0.00165	0.00467
6	0.00821	0.05190	0.01178	0.00957	0.00973	0.01154	0.00803	0.00904	0.00578	0.00892	0.00489	0.00801	0.00487	0.00633	0.01168	0.00158	0.81922	0.00318	0.00162	0.00410
7	0.00549	0.00374	0.00470	0.00446	0.00534	0.00349	0.00335	0.00722	0.01004	0.01461	0.69709	0.02576	0.04978	0.00713	0.00410	0.00112	0.00175	0.00624	0.14110	0.00349
8	0.01387	0.01769	0.01052	0.00956	0.01148	0.85465	0.00717	0.01482	0.01052	0.00908	0.00574	0.00669	0.00478	0.00383	0.00335	0.00096	0.00669	0.00239	0.00191	0.00430
9	0.00727	0.00654	0.01135	0.04737	0.24132	0.00648	0.15280	0.00931	0.00839	0.01132	0.01356	0.09502	0.01393	0.00694	0.00451	0.00143	0.00415	0.35130	0.00264	0.00437
10	0.08813	0.00973	0.01042	0.00805	0.01095	0.01066	0.00665	0.68641	0.01586	0.10250	0.00915	0.00903	0.00640	0.00438	0.00360	0.00112	0.00389	0.00327	0.00368	0.00612
11	0.01027	0.00931	0.01937	0.01392	0.01751	0.00864	0.67517	0.01307	0.00912	0.17147	0.00887	0.01051	0.00631	0.00341	0.00426	0.00123	0.00567	0.00426	0.00240	0.00526
12	0.01411	0.01040	0.01114	0.00854	0.01151	0.01151	0.00706	0.83402	0.01745	0.02339	0.00891	0.00891	0.00631	0.00446	0.00371	0.00111	0.00408	0.00334	0.00371	0.00631
13	0.01411	0.01040	0.01114	0.00854	0.01151	0.01151	0.00706	0.83402	0.01745	0.02339	0.00891	0.00891	0.00631	0.00446	0.00371	0.00111	0.00408	0.00334	0.00371	0.00631
14	0.01387	0.01769	0.01052	0.00956	0.01148	0.85465	0.00717	0.01482	0.01052	0.00908	0.00574	0.00669	0.00478	0.00383	0.00335	0.00096	0.00669	0.00239	0.00191	0.00430
15	0.00992	0.87178	0.01945	0.00635	0.00953	0.01469	0.00635	0.01111	0.00754	0.00873	0.00516	0.00595	0.00476	0.00318	0.00238	0.00079	0.00397	0.00198	0.00159	0.00476
16	0.00917	0.00779	0.00820	0.00731	0.00939	0.00888	0.00570	0.07550	0.71259	0.01562	0.01656	0.01533	0.08073	0.00536	0.00382	0.00125	0.00293	0.00444	0.00374	0.00568
17	0.00539	0.00363	0.00421	0.00421	0.00427	0.00369	0.00246	0.00550	0.00545	0.00732	0.01154	0.02345	0.01313	0.79672	0.09122	0.00380	0.00415	0.00527	0.00223	0.00234
18	0.00770	0.00660	0.00770	0.00550	0.00880	0.00495	0.00440	0.00935	0.00770	0.01210	0.00660	0.00770	0.00550	0.00275	0.00275	0.00055	0.00275	0.00220	0.00220	0.89224
19	0.00990	0.00830	0.00877	0.00769	0.00991	0.00954	0.00604	0.13076	0.72757	0.01660	0.01426	0.01318	0.01065	0.00496	0.00377	0.00124	0.00309	0.00408	0.00377	0.00593
20	0.01171	0.00522	0.00703	0.00577	0.00777	0.00461	0.00461	0.01328	0.01057	0.48730	0.37445	0.01918	0.02039	0.00589	0.00401	0.00116	0.00255	0.00502	0.00437	0.00510
21	0.00598	0.00427	0.00598	0.00684	0.00769	0.00427	0.00598	0.00769	0.00854	0.01111	0.01965	0.04187	0.02136	0.01025	0.00513	0.00171	0.00342	0.82141	0.00342	0.00342
22	0.00860	0.00892	0.01130	0.00973	0.00989	0.08193	0.00804	0.00943	0.00609	0.00895	0.00494	0.00800	0.00486	0.00627	0.01144	0.00157	0.79112	0.00318	0.00165	0.00408
23	0.00447	0.00372	0.00390	0.00395	0.00509	0.00315	0.00293	0.00545	0.00852	0.01038	0.10233	0.10464	0.70983	0.00944	0.00442	0.00127	0.00189	0.00797	0.00350	0.00315
24	0.03752	0.00668	0.00875	0.00672	0.00959	0.00603	0.00555	0.08619	0.01109	0.75993	0.01394	0.01216	0.00882	0.00456	0.00370	0.00115	0.00323	0.00366	0.00447	0.00626
25	0.01318	0.00573	0.00752	0.00602	0.00834	0.00509	0.00488	0.04663	0.01065	0.57266	0.17723	0.01736	0.08402	0.00557	0.00390	0.00116	0.00279	0.00463	0.01718	0.00546
26	0.03103	0.00517	0.00670	0.00563	0.00743	0.00474	0.00446	0.03694	0.02347	0.35573	0.44787	0.02027	0.02251	0.00613	0.00404	0.00116	0.00244	0.00525	0.00424	0.00479
27	0.00656	0.00540	0.00704	0.06867	0.04033	0.00570	0.02909	0.02161	0.22026	0.01187	0.06257	0.28879	0.08272	0.02674	0.00466	0.00143	0.00293	0.10621	0.00330	0.00410
28	0.00828	0.06296	0.67161	0.01058	0.01561	0.00894	0.08743	0.03174	0.00826	0.05053	0.00708	0.00818	0.00504	0.00354	0.00356	0.00116	0.00533	0.00291	0.00179	0.00546
29	0.00511	0.00412	0.00455	0.00448	0.00558	0.00382	0.00331	0.00710	0.08907	0.01154	0.22385	0.10625	0.46423	0.04424	0.00496	0.00135	0.00205	0.00736	0.00358	0.00344
30	0.01006	0.02446	0.19683	0.00955	0.03108	0.13916	0.04721	0.02218	0.20129	0.09473	0.00903	0.00979	0.00687	0.00487	0.01600	0.00130	0.16462	0.00332	0.00249	0.00517
31	0.07207	0.05359	0.16486	0.04906	0.06028	0.21838	0.08781	0.06036	0.05267	0.02004	0.00691	0.00845	0.00549	0.00460	0.00479	0.07567	0.04532	0.00297	0.00203	0.00466
32	0.00935	0.02960	0.10701	0.12305	0.09568	0.06711	0.04921	0.17391	0.06823	0.02663	0.15834	0.01252	0.01121	0.00470	0.00421	0.00117	0.04645	0.00389	0.00272	0.00500
33	0.00458	0.00328	0.00436	0.00513	0.00540	0.00306	0.00345	0.00532	0.00739	0.00993	0.08941	0.79689	0.02543	0.01129	0.00471	0.00148	0.00212	0.01023	0.00350	0.00306
34	0.00461	0.00374	0.02375	0.00506	0.00563	0.00321	0.00364	0.00544	0.00745	0.00970	0.02369	0.64612	0.19509	0.01093	0.00465	0.00145	0.00222	0.03711	0.00340	0.00311
35	0.00770	0.00660	0.00770	0.00550	0.00880	0.00495	0.00440	0.00935	0.00770	0.01210	0.00660	0.00770	0.00550	0.00275	0.00275	0.00055	0.00275	0.00220	0.00220	0.89224
36	0.25255	0.01014	0.16875	0.00784	0.02253	0.02769	0.03590	0.15661	0.01002	0.26001	0.00900	0.00901	0.00616	0.00397	0.00331	0.00115	0.00389	0.00299	0.00305	0.00544
37	0.00467	0.00341	0.00442	0.00514	0.00551	0.00320	0.00352	0.00560	0.02366	0.00988	0.05204	0.73602	0.08392	0.01115	0.00469	0.00148	0.00217	0.03293	0.00348	0.00311
38	0.00940	0.01042	0.09624	0.06745	0.18552	0.07976	0.18577	0.04156	0.22359	0.02676	0.00959	0.01064	0.01769	0.00398	0.00393	0.00119	0.01499	0.00370	0.00244	0.00537
39	0.02596	0.01017	0.08897	0.01213	0.20140	0.08362	0.06028	0.15693	0.06605	0.09334	0.00903	0.06064	0.00739	0.00467	0.00470	0.00121	0.10177	0.00375	0.00263	0.00536
40	0.00455	0.00324	0.00430	0.00513	0.00534	0.00303	0.00341	0.00518	0.00705	0.00940	0.02016	0.83875	0.02418	0.04052	0.00521	0.00158	0.00220	0.01038	0.00341	0.00299
41	0.00729	0.00738	0.04249	0.33303	0.17767	0.00818	0.02541	0.00918	0.00740	0.01007	0.01043	0.06331	0.09477	0.00526	0.00558	0.00131	0.18070	0.00420	0.00198	0.00435
42	0.02354	0.46838	0.05446	0.03874	0.01065	0.16947	0.00679	0.04101	0.04812	0.05827	0.04413	0.00816	0.00673	0.00375	0.00294	0.00093	0.00438	0.00261	0.00212	0.00482
43	0.01522	0.00688	0.00879	0.00681	0.00953	0.00644	0.00559	0.17149	0.01191	0.62302	0.08300	0.01319	0.01081	0.00482	0.00378	0.00114	0.00322	0.00391	0.00438	0.00608
44	0.00460	0.00328	0.00429	0.00504	0.00527	0.00307	0.00334	0.00523	0.00707	0.00942	0.03797	0.76567	0.04057	0.07906	0.00584	0.00166	0.00225	0.01001	0.00337	0.00297
45	0.02869	0.15686	0.11055	0.06467	0.17582	0.02704	0.22616	0.03674	0.02538	0.05803	0.00723	0.00885	0.00563	0.00361	0.00403	0.00114	0.04910	0.00329	0.00201	0.00518
46	0.03455	0.02075	0.02874	0.03409	0.14871	0.04502	0.07816	0.07160	0.02399	0.33044	0.04203	0.01322	0.07828	0.00468	0.00401	0.00116	0.02788	0.00397	0.00326	0.00544
47	0.00919	0.00882	0.01507	0.02278	0.84640	0.00882	0.01139	0.01139	0.00845	0.01213	0.00698	0.00919	0.00588	0.00331	0.00367	0.00110	0.00441	0.00331	0.00184	0.00588
48	0.01130	0.00796	0.05035	0.06366	0.01102	0.00774	0.02941	0.30631	0.03787	0.19042	0.15911	0.01598	0.01323	0.00541	0.00396	0.00120	0.00357	0.07250	0.00365	0.00534
49	0.00900	0.16919	0.24109	0.02740	0.23225	0.00965	0.03799	0.01161	0.02791	0.06267	0.01669	0.00913	0.01659	0.00392	0.00426	0.00113	0.08875	0.00309	0.02244	0.00524
50	0.01704	0.06034	0.63487	0.01105	0.04080	0.01943	0.09952	0.03162	0.00826	0.03338	0.00692	0.00813	0.00499	0.00351	0.00356	0.00116	0.00535	0.00292	0.00175	0.00542
51	0.00542	0.00360	0.00411	0.00411	0.00412	0.00361	0.00233	0.00541	0.00540	0.00721	0.01152	0.02374	0.01322	0.82897	0.03659	0.02714	0.00372	0.00531	0.00223	0.00225
52	0.01025	0.12096	0.18845	0.01209	0.21105	0.01806	0.06330	0.08317	0.02863	0.14235	0.00931	0.01187	0.00743	0.00425	0.00366	0.00115	0.00439	0.07163	0.00252	0.00548

[dist]
# distance from previous block
# <min> <max>
0	2

[block]
# block no. 4 follows, 74 sequences, length 11
# corresponding to MSA columns:
# 323-333
name=unknown_E
#
# <colnr> <probs for GDERKNQSTAVLIFYWHMCP>
#	G	D	E	R	K	N	Q	S	T	A	V	L	I	F	Y	W	H	M	C	P
0	0.01077	0.23996	0.01541	0.01114	0.11424	0.16436	0.13534	0.13516	0.00963	0.01193	0.00638	0.00783	0.00528	0.00391	0.00446	0.00108	0.11312	0.00295	0.00205	0.00500
1	0.00446	0.00373	0.00388	0.00390	0.00507	0.00315	0.00290	0.00544	0.00854	0.01035	0.09532	0.07936	0.74241	0.00939	0.00440	0.00126	0.00189	0.00790	0.00349	0.00315
2	0.00456	0.00377	0.00400	0.00394	0.00512	0.00321	0.00296	0.00566	0.00887	0.01100	0.19985	0.03411	0.68203	0.00904	0.00439	0.00124	0.00185	0.00761	0.00358	0.00321
3	0.00919	0.00882	0.01507	0.02278	0.84640	0.00882	0.01139	0.01139	0.00845	0.01213	0.00698	0.00919	0.00588	0.00331	0.00367	0.00110	0.00441	0.00331	0.00184	0.00588
4	0.00446	0.00376	0.00386	0.00383	0.00506	0.00316	0.00287	0.00546	0.00862	0.01041	0.10198	0.03508	0.78027	0.00926	0.00439	0.00125	0.00187	0.00774	0.00350	0.00316
5	0.89577	0.00718	0.00546	0.00488	0.00718	0.00833	0.00402	0.01091	0.00632	0.01665	0.00517	0.00603	0.00402	0.00345	0.00230	0.00115	0.00287	0.00201	0.00230	0.00402
6	0.00701	0.00660	0.01113	0.86063	0.02556	0.00825	0.01031	0.00948	0.00742	0.00948	0.00660	0.00990	0.00495	0.00371	0.00371	0.00124	0.00495	0.00330	0.00165	0.00412
7	0.00923	0.00797	0.00839	0.00755	0.00965	0.00923	0.00588	0.01972	0.83969	0.01553	0.01511	0.01385	0.01133	0.00504	0.00378	0.00126	0.00294	0.00420	0.00378	0.00588
8	0.00812	0.00812	0.01137	0.00975	0.00975	0.01137	0.00812	0.00893	0.00568	0.00893	0.00487	0.00812	0.00487	0.00650	0.01218	0.00162	0.86276	0.00325	0.00162	0.00406
9	0.00714	0.00511	0.00610	0.00617	0.00726	0.00535	0.00455	0.01119	0.28520	0.07857	0.01817	0.47031	0.01874	0.00879	0.00436	0.00141	0.00256	0.05112	0.00365	0.00425
10	0.00876	0.01001	0.02190	0.01564	0.01940	0.00939	0.83292	0.01189	0.00876	0.01189	0.00751	0.01001	0.00563	0.00313	0.00438	0.00125	0.00626	0.00438	0.00188	0.00501

[dist]
# distance from previous block
# <min> <max>
0	1

[block]
# block no. 5 follows, 74 sequences, length 63
# corresponding to MSA columns:
# 335-397
name=unknown_F
#
# <colnr> <probs for GDERKNQSTAVLIFYWHMCP>
#	G	D	E	R	K	N	Q	S	T	A	V	L	I	F	Y	W	H	M	C	P
0	0.01665	0.00632	0.00861	0.00660	0.00948	0.00546	0.00546	0.01809	0.01062	0.84897	0.01464	0.01263	0.00919	0.00459	0.00373	0.00115	0.00316	0.00373	0.00459	0.00632
1	0.00780	0.00647	0.00716	0.00654	0.00819	0.00718	0.00503	0.01516	0.54423	0.01520	0.29493	0.03472	0.01957	0.00602	0.00400	0.00123	0.00252	0.00517	0.00387	0.00502
2	0.00770	0.00660	0.00770	0.00550	0.00880	0.00495	0.00440	0.00935	0.00770	0.01210	0.00660	0.00770	0.00550	0.00275	0.00275	0.00055	0.00275	0.00220	0.00220	0.89224
3	0.00467	0.00333	0.00447	0.00533	0.00561	0.00314	0.00370	0.00542	0.00725	0.00964	0.02038	0.78478	0.02423	0.01149	0.00478	0.00153	0.00228	0.09146	0.00344	0.00306
4	0.00993	0.00832	0.00879	0.00769	0.00992	0.00956	0.00604	0.13599	0.72229	0.01665	0.01422	0.01314	0.01061	0.00495	0.00377	0.00124	0.00310	0.00407	0.00377	0.00594
5	0.00458	0.00328	0.00436	0.00513	0.00540	0.00305	0.00345	0.00532	0.00738	0.00992	0.08750	0.79883	0.02540	0.01130	0.00471	0.00148	0.00212	0.01024	0.00350	0.00305
6	0.80418	0.00709	0.00578	0.00506	0.00742	0.00803	0.00417	0.01166	0.00677	0.10337	0.00616	0.00672	0.00456	0.00357	0.00245	0.00115	0.00290	0.00219	0.00254	0.00426
7	0.00876	0.01001	0.02190	0.01564	0.01940	0.00939	0.83292	0.01189	0.00876	0.01189	0.00751	0.01001	0.00563	0.00313	0.00438	0.00125	0.00626	0.00438	0.00188	0.00501
8	0.00739	0.01880	0.82830	0.01043	0.01579	0.00849	0.01345	0.01163	0.00791	0.01184	0.02848	0.00835	0.00549	0.00363	0.00355	0.00118	0.00539	0.00285	0.00163	0.00543
9	0.00533	0.00357	0.00407	0.00414	0.00416	0.00355	0.00235	0.00538	0.00554	0.00738	0.01241	0.09287	0.01439	0.79975	0.01774	0.00343	0.00348	0.00582	0.00235	0.00231
10	0.09246	0.01011	0.01063	0.00822	0.01113	0.01123	0.00679	0.76088	0.01646	0.02279	0.00858	0.00866	0.00611	0.00437	0.00359	0.00112	0.00398	0.00322	0.00359	0.00611
11	0.84824	0.00713	0.00563	0.00497	0.00730	0.00817	0.00410	0.01130	0.00655	0.06166	0.00568	0.00639	0.00430	0.00351	0.00237	0.00115	0.00289	0.00210	0.00242	0.00414
12	0.00530	0.00398	0.00597	0.00597	0.00663	0.00464	0.00464	0.00663	0.00597	0.00862	0.00994	0.01458	0.00928	0.02784	0.85484	0.00597	0.00994	0.00398	0.00199	0.00331
13	0.00604	0.00484	0.04354	0.02092	0.00674	0.00417	0.00428	0.00832	0.04931	0.04875	0.71830	0.02523	0.03093	0.00709	0.00427	0.00117	0.00209	0.00623	0.00393	0.00383
14	0.02201	0.00909	0.01658	0.01263	0.04815	0.00885	0.47524	0.09071	0.10413	0.15891	0.00969	0.01072	0.00695	0.00374	0.00408	0.00121	0.00502	0.00408	0.00274	0.00548
15	0.00876	0.01001	0.02190	0.01564	0.01940	0.00939	0.83292	0.01189	0.00876	0.01189	0.00751	0.01001	0.00563	0.00313	0.00438	0.00125	0.00626	0.00438	0.00188	0.00501
16	0.00473	0.00349	0.00442	0.00478	0.00537	0.00319	0.00336	0.00577	0.00839	0.01125	0.28019	0.46596	0.16546	0.01000	0.00457	0.00136	0.00198	0.00890	0.00365	0.00319
17	0.02190	0.19108	0.18387	0.03395	0.18997	0.00979	0.08573	0.02597	0.12594	0.05697	0.01874	0.00986	0.02265	0.00382	0.00346	0.00110	0.00434	0.00327	0.00225	0.00536
18	0.00954	0.01049	0.00945	0.07280	0.01098	0.36664	0.07334	0.01082	0.00830	0.02304	0.00813	0.02833	0.00738	0.07927	0.26222	0.00274	0.00712	0.00352	0.00201	0.00389
19	0.61857	0.03377	0.00705	0.00570	0.00815	0.05212	0.00470	0.06841	0.00804	0.15357	0.00701	0.00735	0.00509	0.00372	0.00269	0.00113	0.00323	0.00240	0.00273	0.00459
20	0.00494	0.00388	0.00427	0.00429	0.00545	0.00339	0.00327	0.00617	0.01995	0.02765	0.14694	0.07465	0.60478	0.00916	0.00443	0.00128	0.00203	0.06658	0.00356	0.00330
21	0.03053	0.12028	0.25000	0.00962	0.07290	0.00872	0.06565	0.05236	0.08991	0.22894	0.01937	0.00999	0.00713	0.00423	0.01325	0.00118	0.00430	0.00327	0.00276	0.00560
22	0.00759	0.00691	0.01113	0.79130	0.02442	0.00851	0.01004	0.07657	0.00824	0.01062	0.00679	0.00982	0.00506	0.00377	0.00371	0.00123	0.00488	0.00330	0.00182	0.00430
23	0.00489	0.00378	0.00445	0.00429	0.00532	0.00335	0.00321	0.00630	0.00964	0.01283	0.50333	0.03111	0.37741	0.00835	0.00438	0.00120	0.00181	0.00719	0.00382	0.00335
24	0.00889	0.01250	0.28244	0.03089	0.39375	0.03639	0.13492	0.01184	0.00841	0.03443	0.00712	0.00890	0.00550	0.00341	0.00372	0.00115	0.00508	0.00327	0.00183	0.00555
25	0.02626	0.05247	0.02138	0.00877	0.05327	0.06062	0.03880	0.29470	0.03615	0.27483	0.03884	0.01053	0.00798	0.00450	0.00414	0.00114	0.05292	0.00348	0.00345	0.00576
26	0.01189	0.00788	0.00977	0.00779	0.01027	0.00827	0.07301	0.26862	0.21096	0.20370	0.06349	0.01278	0.01022	0.02019	0.00403	0.00120	0.00347	0.00397	0.06282	0.00567
27	0.00485	0.00356	0.00490	0.00559	0.00603	0.00336	0.01956	0.00574	0.00745	0.00983	0.02088	0.66875	0.06211	0.01112	0.00478	0.00153	0.00244	0.15097	0.00341	0.00313
28	0.00771	0.02191	0.05333	0.00654	0.04099	0.00561	0.00527	0.02588	0.00784	0.01199	0.00760	0.00883	0.02800	0.00425	0.04282	0.00091	0.01487	0.00254	0.00219	0.70093
29	0.00809	0.09060	0.01131	0.45663	0.01788	0.05410	0.00855	0.05590	0.03033	0.01024	0.00762	0.07886	0.00675	0.00483	0.00501	0.00126	0.14206	0.00373	0.00197	0.00426
30	0.00460	0.00339	0.00430	0.00487	0.00534	0.00310	0.00335	0.00544	0.00778	0.01029	0.13326	0.61816	0.16106	0.01072	0.00463	0.00142	0.00205	0.00959	0.00353	0.00310
31	0.00754	0.00609	0.00899	0.20427	0.11652	0.00689	0.01911	0.11496	0.00832	0.01173	0.00895	0.02567	0.00764	0.01309	0.32550	0.00297	0.01671	0.00371	0.08708	0.00425
32	0.00670	0.00899	0.21444	0.00826	0.01025	0.02761	0.09830	0.00861	0.00714	0.00997	0.01096	0.14029	0.01121	0.15310	0.09212	0.00220	0.09497	0.07797	0.01299	0.00392
33	0.00452	0.00323	0.00431	0.00517	0.00538	0.00301	0.00345	0.00517	0.00711	0.00948	0.02046	0.86713	0.02455	0.01163	0.00474	0.00151	0.00215	0.01055	0.00345	0.00301
34	0.01665	0.00632	0.00861	0.00660	0.00948	0.00546	0.00546	0.01809	0.01062	0.84897	0.01464	0.01263	0.00919	0.00459	0.00373	0.00115	0.00316	0.00373	0.00459	0.00632
35	0.01083	0.00806	0.01549	0.01135	0.01448	0.00738	0.46462	0.01321	0.00949	0.28146	0.07915	0.01337	0.04405	0.00422	0.00417	0.00121	0.00471	0.00451	0.00300	0.00523
36	0.89577	0.00718	0.00546	0.00488	0.00718	0.00833	0.00402	0.01091	0.00632	0.01665	0.00517	0.00603	0.00402	0.00345	0.00230	0.00115	0.00287	0.00201	0.00230	0.00402
37	0.89577	0.00718	0.00546	0.00488	0.00718	0.00833	0.00402	0.01091	0.00632	0.01665	0.00517	0.00603	0.00402	0.00345	0.00230	0.00115	0.00287	0.00201	0.00230	0.00402
38	0.00923	0.00797	0.00839	0.00755	0.00965	0.00923	0.00588	0.01972	0.83969	0.01553	0.01511	0.01385	0.01133	0.00504	0.00378	0.00126	0.00294	0.00420	0.00378	0.00588
39	0.01650	0.00632	0.00860	0.00658	0.00946	0.00545	0.00544	0.01794	0.01057	0.83432	0.01450	0.01255	0.00912	0.00456	0.00372	0.00114	0.00315	0.00371	0.00455	0.02183
40	0.00525	0.00379	0.00496	0.00467	0.00555	0.00350	0.00350	0.00700	0.01051	0.01488	0.84444	0.02773	0.03502	0.00759	0.00438	0.00117	0.00175	0.00671	0.00409	0.00350
41	0.89577	0.00718	0.00546	0.00488	0.00718	0.00833	0.00402	0.01091	0.00632	0.01665	0.00517	0.00603	0.00402	0.00345	0.00230	0.00115	0.00287	0.00201	0.00230	0.00402
42	0.00923	0.00797	0.00839	0.00755	0.00965	0.00923	0.00588	0.01972	0.83969	0.01553	0.01511	0.01385	0.01133	0.00504	0.00378	0.00126	0.00294	0.00420	0.00378	0.00588
43	0.89577	0.00718	0.00546	0.00488	0.00718	0.00833	0.00402	0.01091	0.00632	0.01665	0.00517	0.00603	0.00402	0.00345	0.00230	0.00115	0.00287	0.00201	0.00230	0.00402
44	0.00450	0.00330	0.00423	0.00497	0.00533	0.00303	0.00336	0.00519	0.00729	0.00955	0.02282	0.75263	0.13752	0.01132	0.00469	0.00147	0.00212	0.01018	0.00345	0.00303
45	0.01387	0.01769	0.01052	0.00956	0.01148	0.85465	0.00717	0.01482	0.01052	0.00908	0.00574	0.00669	0.00478	0.00383	0.00335	0.00096	0.00669	0.00239	0.00191	0.00430
46	0.00904	0.00761	0.00799	0.00722	0.00922	0.00876	0.00561	0.01882	0.77200	0.01539	0.01486	0.01385	0.01118	0.00498	0.00368	0.00123	0.00284	0.00414	0.07590	0.00568
47	0.00760	0.00659	0.01020	0.37301	0.19539	0.00744	0.00828	0.07599	0.00803	0.01079	0.02037	0.01281	0.00756	0.15279	0.08609	0.00204	0.00495	0.00377	0.00203	0.00428
48	0.00693	0.00712	0.06333	0.02802	0.30709	0.00616	0.04710	0.02441	0.00880	0.01183	0.11332	0.02056	0.30441	0.00596	0.00401	0.00116	0.00333	0.00528	0.00269	0.02848
49	0.89577	0.00718	0.00546	0.00488	0.00718	0.00833	0.00402	0.01091	0.00632	0.01665	0.00517	0.00603	0.00402	0.00345	0.00230	0.00115	0.00287	0.00201	0.00230	0.00402
