[name]
unknown

[dist]
# distance from previous block
# <min> <max>
11	180

[block]
# block no. 0 follows, 65 sequences, length 7
# corresponding to MSA columns:
# 305-311
name=unknown_A
#
# <colnr> <probs for GDERKNQSTAVLIFYWHMCP>
#	G	D	E	R	K	N	Q	S	T	A	V	L	I	F	Y	W	H	M	C	P
0	0.03484	0.17870	0.40802	0.04091	0.01471	0.04789	0.02639	0.07678	0.00963	0.03419	0.02377	0.01009	0.02622	0.02387	0.00407	0.00125	0.00523	0.00324	0.00220	0.02801
1	0.00950	0.26210	0.38314	0.01053	0.04235	0.05267	0.05826	0.01308	0.05062	0.01223	0.03912	0.01046	0.00752	0.00424	0.00368	0.00119	0.00529	0.02632	0.00208	0.00562
2	0.00820	0.23019	0.22037	0.00819	0.01122	0.00915	0.06492	0.01025	0.00783	0.01063	0.00935	0.05797	0.00911	0.20129	0.06788	0.00217	0.00518	0.00414	0.00212	0.05983
3	0.11226	0.10513	0.14338	0.06275	0.02700	0.10108	0.04529	0.06271	0.03913	0.05266	0.08222	0.01220	0.03206	0.02218	0.00449	0.00128	0.04026	0.00371	0.01313	0.03709
4	0.01111	0.38644	0.11606	0.00806	0.01150	0.18465	0.00767	0.01286	0.00925	0.03626	0.00844	0.00921	0.04768	0.00404	0.00323	0.00097	0.00488	0.00282	0.00213	0.13275
5	0.32779	0.00764	0.00815	0.05779	0.05195	0.03232	0.02535	0.01098	0.00828	0.03872	0.01147	0.03543	0.10304	0.00466	0.00335	0.00110	0.00344	0.00360	0.00267	0.26228
6	0.00618	0.00461	0.00692	0.00652	0.00718	0.00496	0.05525	0.00711	0.00657	0.00916	0.01157	0.04608	0.01181	0.28180	0.45904	0.05668	0.00786	0.00510	0.00231	0.00330

[dist]
# distance from previous block
# <min> <max>
0	2

[block]
# block no. 1 follows, 65 sequences, length 47
# corresponding to MSA columns:
# 314-360
name=unknown_B
#
# <colnr> <probs for GDERKNQSTAVLIFYWHMCP>
#	G	D	E	R	K	N	Q	S	T	A	V	L	I	F	Y	W	H	M	C	P
0	0.00894	0.27502	0.51968	0.01000	0.01493	0.01124	0.02859	0.01243	0.00870	0.01209	0.04258	0.02376	0.00707	0.00412	0.00360	0.00118	0.00533	0.00316	0.00190	0.00567
1	0.43498	0.12394	0.03418	0.01016	0.15036	0.11582	0.01713	0.04751	0.00877	0.01543	0.00639	0.00760	0.00517	0.00384	0.00310	0.00118	0.00435	0.00264	0.00233	0.00512
2	0.00759	0.00645	0.00995	0.08792	0.29279	0.00656	0.00780	0.04366	0.00892	0.01218	0.01526	0.38926	0.01672	0.03081	0.00512	0.00154	0.00372	0.04606	0.00299	0.00469
3	0.00628	0.04124	0.00661	0.00626	0.00703	0.00513	0.00490	0.00749	0.00748	0.01002	0.01577	0.02820	0.05272	0.22504	0.32198	0.00410	0.00648	0.23700	0.00278	0.00347
4	0.29175	0.00773	0.01005	0.11016	0.23163	0.00852	0.00785	0.04568	0.00862	0.01470	0.03282	0.01363	0.03406	0.00746	0.08723	0.00185	0.02131	0.05748	0.00252	0.00495
5	0.01229	0.55577	0.05365	0.00808	0.01154	0.08460	0.00763	0.19836	0.01116	0.01358	0.00679	0.00750	0.00566	0.00392	0.00312	0.00099	0.00475	0.00262	0.00233	0.00565
6	0.01168	0.06656	0.37861	0.01069	0.04974	0.00925	0.05076	0.07495	0.04481	0.22002	0.01024	0.01066	0.00716	0.00514	0.03039	0.00143	0.00523	0.00353	0.00290	0.00625
7	0.01188	0.02762	0.34557	0.03011	0.15264	0.02164	0.04247	0.10035	0.01069	0.20281	0.00971	0.01035	0.00680	0.00423	0.00402	0.00127	0.00512	0.00352	0.00283	0.00636
8	0.01052	0.72475	0.11506	0.04378	0.01214	0.01516	0.00815	0.01230	0.00837	0.01008	0.00597	0.00701	0.00527	0.00358	0.00284	0.00095	0.00463	0.00235	0.00176	0.00533
9	0.00888	0.00861	0.01510	0.44679	0.34482	0.00948	0.08413	0.01156	0.00879	0.01188	0.00755	0.01065	0.00595	0.00387	0.00415	0.00131	0.00537	0.00376	0.00193	0.00542
10	0.01370	0.07021	0.25145	0.02367	0.07979	0.02381	0.02542	0.06855	0.01082	0.37476	0.01133	0.01112	0.00764	0.00444	0.00396	0.00125	0.00465	0.00359	0.00340	0.00645
11	0.00877	0.02666	0.15927	0.31549	0.06991	0.03637	0.04703	0.02709	0.02528	0.02998	0.00852	0.01230	0.00701	0.00677	0.06778	0.00179	0.10080	0.04202	0.00212	0.00504
12	0.00501	0.00381	0.00461	0.00516	0.00583	0.00341	0.00359	0.00591	0.00861	0.01109	0.08346	0.52854	0.29269	0.01174	0.00508	0.00155	0.00225	0.01039	0.00386	0.00341
13	0.03855	0.03076	0.28154	0.00905	0.01216	0.06799	0.02389	0.01207	0.00940	0.11671	0.01409	0.09564	0.01342	0.00713	0.00452	0.00148	0.00469	0.24881	0.00303	0.00506
14	0.10069	0.02527	0.01309	0.02349	0.03898	0.06839	0.16198	0.20106	0.01227	0.25717	0.01116	0.03879	0.00821	0.00480	0.00410	0.00128	0.00469	0.01499	0.00355	0.00605
15	0.00601	0.00429	0.00592	0.00686	0.00754	0.00420	0.00556	0.00745	0.00885	0.01160	0.02207	0.35042	0.02495	0.01191	0.00551	0.00181	0.00325	0.50439	0.00379	0.00361
16	0.00970	0.05485	0.01003	0.06242	0.01153	0.00832	0.00614	0.08199	0.24998	0.01516	0.01021	0.01069	0.00798	0.00404	0.00351	0.00096	0.00346	0.00326	0.00301	0.44277
17	0.00823	0.02123	0.83447	0.01170	0.01777	0.00953	0.01517	0.01300	0.00867	0.01300	0.00737	0.00867	0.00520	0.00390	0.00390	0.00130	0.00607	0.00303	0.00173	0.00607
18	0.00729	0.00637	0.00951	0.01298	0.31956	0.00613	0.00751	0.00907	0.00942	0.01248	0.06697	0.06966	0.26854	0.00804	0.00474	0.00143	0.00350	0.16893	0.00317	0.00470
19	0.00855	0.01912	0.67205	0.01330	0.06793	0.00966	0.12603	0.01300	0.00885	0.01305	0.00752	0.00909	0.00542	0.00382	0.00404	0.00131	0.00611	0.00332	0.00180	0.00602
20	0.00775	0.00730	0.01231	0.84587	0.02827	0.00912	0.01140	0.01049	0.00821	0.01049	0.00730	0.01094	0.00547	0.00410	0.00410	0.00137	0.00547	0.00365	0.00182	0.00456
21	0.00823	0.02123	0.83447	0.01170	0.01777	0.00953	0.01517	0.01300	0.00867	0.01300	0.00737	0.00867	0.00520	0.00390	0.00390	0.00130	0.00607	0.00303	0.00173	0.00607
22	0.00994	0.01189	0.13406	0.01356	0.01742	0.01033	0.43028	0.05712	0.24120	0.01493	0.01064	0.01188	0.00791	0.00420	0.00448	0.00137	0.00563	0.00447	0.00273	0.00596
23	0.00652	0.01047	0.30520	0.00765	0.01047	0.00605	0.00799	0.00948	0.05093	0.01242	0.08492	0.21168	0.21699	0.00823	0.00459	0.00143	0.00370	0.03359	0.00313	0.00458
24	0.00496	0.00373	0.00460	0.00530	0.00584	0.00337	0.00362	0.00576	0.00826	0.01064	0.02773	0.63418	0.24274	0.01220	0.00513	0.00159	0.00230	0.01086	0.00381	0.00337
25	0.01014	0.00564	0.00679	0.00591	0.00713	0.00561	0.00418	0.10623	0.00901	0.21079	0.01322	0.02092	0.01248	0.48734	0.07437	0.00318	0.00444	0.00514	0.00329	0.00420
26	0.01060	0.19072	0.35576	0.01283	0.15500	0.18350	0.01155	0.01349	0.00933	0.01177	0.00687	0.00823	0.00546	0.00385	0.00363	0.00115	0.00580	0.00289	0.00187	0.00571
27	0.00775	0.00730	0.01231	0.84587	0.02827	0.00912	0.01140	0.01049	0.00821	0.01049	0.00730	0.01094	0.00547	0.00410	0.00410	0.00137	0.00547	0.00365	0.00182	0.00456
28	0.01125	0.00737	0.00882	0.03378	0.01022	0.01958	0.03350	0.21233	0.03891	0.19469	0.03525	0.02384	0.27010	0.00724	0.00452	0.00136	0.00353	0.07433	0.00403	0.00537
29	0.00934	0.01475	0.35554	0.01365	0.01832	0.00971	0.36944	0.01389	0.07532	0.04148	0.00925	0.01153	0.00695	0.00409	0.00440	0.00136	0.00606	0.02682	0.00226	0.00583
30	0.00882	0.03489	0.29601	0.09576	0.16297	0.00926	0.16632	0.01258	0.05000	0.02407	0.03538	0.02959	0.04683	0.00452	0.00422	0.00131	0.00535	0.00421	0.00226	0.00566
31	0.00691	0.00599	0.00836	0.32528	0.01527	0.03244	0.00745	0.00897	0.00942	0.01209	0.16268	0.02781	0.14149	0.00770	0.00474	0.00148	0.00395	0.21075	0.00312	0.00408
32	0.00923	0.20973	0.44926	0.06558	0.01701	0.01113	0.12263	0.01304	0.03123	0.02382	0.00749	0.00893	0.00565	0.00383	0.00376	0.00122	0.00565	0.00319	0.00191	0.00574
33	0.00843	0.00727	0.02348	0.30290	0.19985	0.00770	0.00895	0.03669	0.00975	0.05215	0.18613	0.03685	0.06799	0.00570	0.00459	0.00133	0.02744	0.00499	0.00285	0.00496
34	0.00701	0.06451	0.03576	0.04372	0.02270	0.00702	0.07429	0.00866	0.00794	0.01079	0.01456	0.18122	0.04008	0.01432	0.22065	0.00287	0.09428	0.14277	0.00272	0.00412
35	0.01019	0.01091	0.01658	0.23928	0.29560	0.13578	0.20719	0.01275	0.00947	0.01206	0.00754	0.01017	0.00598	0.00382	0.00421	0.00127	0.00592	0.00379	0.00200	0.00549
36	0.00945	0.04467	0.19658	0.10564	0.03612	0.01017	0.30225	0.01489	0.19917	0.02461	0.00994	0.01137	0.00741	0.00415	0.00429	0.00134	0.00553	0.00413	0.00249	0.00580
37	0.00995	0.13484	0.01368	0.51579	0.04843	0.16306	0.01004	0.03729	0.00924	0.01086	0.00698	0.00959	0.00549	0.00405	0.00381	0.00123	0.00562	0.00325	0.00195	0.00484
38	0.00727	0.00596	0.00917	0.20413	0.19275	0.00635	0.00719	0.00847	0.00757	0.01018	0.01190	0.12533	0.02648	0.24292	0.02513	0.07653	0.00437	0.02196	0.00239	0.00397
39	0.00890	0.01088	0.30993	0.00841	0.01147	0.00639	0.00876	0.01152	0.00924	0.16085	0.07322	0.19697	0.01555	0.00866	0.05040	0.00173	0.00453	0.09426	0.00324	0.00510
40	0.00512	0.00389	0.00455	0.00502	0.00568	0.00351	0.00346	0.00590	0.00823	0.01043	0.02851	0.40818	0.32992	0.12441	0.00720	0.00188	0.00252	0.03467	0.00363	0.00328
41	0.00840	0.01158	0.22925	0.44140	0.16218	0.00941	0.05676	0.01165	0.00860	0.01179	0.00744	0.01022	0.00562	0.00394	0.00408	0.00133	0.00561	0.00355	0.00185	0.00534
42	0.00941	0.01113	0.13358	0.21543	0.24483	0.00966	0.26547	0.01255	0.00916	0.03726	0.00801	0.01054	0.00610	0.00378	0.00430	0.00132	0.00579	0.00396	0.00205	0.00569
43	0.00814	0.00708	0.01144	0.21498	0.32484	0.00747	0.00924	0.01009	0.00871	0.03441	0.01336	0.22701	0.03831	0.00679	0.00464	0.00142	0.01891	0.04554	0.00266	0.00498
44	0.06166	0.00493	0.00699	0.00751	0.05055	0.00474	0.04546	0.00823	0.00869	0.06870	0.08714	0.52014	0.02311	0.01030	0.00491	0.00156	0.00294	0.07473	0.00370	0.00401
45	0.01129	0.00928	0.01348	0.21991	0.36328	0.06509	0.01036	0.05317	0.01007	0.13899	0.03481	0.01135	0.00774	0.00434	0.00435	0.00127	0.02894	0.00378	0.00263	0.00587
46	0.02972	0.03692	0.04634	0.02213	0.06709	0.17084	0.10227	0.14973	0.12409	0.06646	0.01197	0.09156	0.02230	0.00558	0.00421	0.00130	0.00492	0.03383	0.00314	0.00559

[dist]
# distance from previous block
# <min> <max>
4	101

[block]
# block no. 2 follows, 65 sequences, length 6
# corresponding to MSA columns:
# 488-493
name=unknown_C
#
# <colnr> <probs for GDERKNQSTAVLIFYWHMCP>
#	G	D	E	R	K	N	Q	S	T	A	V	L	I	F	Y	W	H	M	C	P
0	0.13764	0.11768	0.03967	0.01191	0.21840	0.05206	0.00794	0.07802	0.08348	0.06962	0.00970	0.01262	0.00820	0.05988	0.00480	0.00139	0.00429	0.04491	0.00277	0.03504
1	0.06760	0.15659	0.13723	0.01007	0.03301	0.03862	0.11321	0.15994	0.13708	0.01564	0.02711	0.05138	0.00892	0.00490	0.00392	0.00126	0.00469	0.02023	0.00286	0.00573
2	0.00884	0.08485	0.01284	0.51535	0.08425	0.00974	0.01002	0.01111	0.00826	0.04742	0.00775	0.01067	0.00606	0.00447	0.00500	0.00133	0.10467	0.00354	0.05900	0.00483
3	0.01327	0.01077	0.01282	0.07827	0.24545	0.10818	0.00908	0.28269	0.04255	0.11596	0.03391	0.01105	0.00805	0.00457	0.00407	0.00123	0.00479	0.00375	0.00324	0.00629
4	0.04425	0.01011	0.01372	0.01421	0.24353	0.01100	0.06688	0.30219	0.10813	0.05270	0.00965	0.01065	0.00734	0.00471	0.00495	0.00131	0.08130	0.00383	0.00316	0.00637
5	0.07909	0.04945	0.28487	0.01079	0.08745	0.03883	0.00989	0.16760	0.13452	0.01612	0.01024	0.07502	0.00842	0.00501	0.00393	0.00129	0.00470	0.00402	0.00282	0.00593

[dist]
# distance from previous block
# <min> <max>
4	14

[block]
# block no. 3 follows, 65 sequences, length 17
# corresponding to MSA columns:
# 508-524
name=unknown_D
#
# <colnr> <probs for GDERKNQSTAVLIFYWHMCP>
#	G	D	E	R	K	N	Q	S	T	A	V	L	I	F	Y	W	H	M	C	P
0	0.00951	0.02910	0.17031	0.01747	0.44906	0.02983	0.01098	0.02911	0.00944	0.04474	0.02460	0.09929	0.04836	0.00515	0.00417	0.00128	0.00465	0.00464	0.00244	0.00586
1	0.01053	0.00885	0.01407	0.17159	0.48336	0.00921	0.01081	0.01399	0.10498	0.09683	0.00955	0.01126	0.00738	0.00409	0.00407	0.00126	0.00461	0.00379	0.00257	0.02721
2	0.02989	0.03523	0.07870	0.03122	0.06150	0.01011	0.03961	0.36631	0.05644	0.15544	0.03378	0.02993	0.00909	0.03820	0.00475	0.00137	0.00438	0.00410	0.00366	0.00630
3	0.02915	0.15807	0.04176	0.04976	0.01426	0.10941	0.14649	0.21973	0.08570	0.05976	0.00897	0.00985	0.00679	0.00441	0.00427	0.00122	0.03811	0.00356	0.00287	0.00584
4	0.08073	0.00767	0.01090	0.03126	0.19086	0.00716	0.00749	0.01756	0.01078	0.57253	0.01334	0.01252	0.00882	0.00465	0.00400	0.00126	0.00382	0.00387	0.00414	0.00663
5	0.00567	0.00422	0.00543	0.00615	0.00697	0.00398	0.00487	0.00698	0.00892	0.01142	0.02683	0.30227	0.21993	0.01160	0.00533	0.00170	0.00292	0.35746	0.00380	0.00356
6	0.01241	0.20961	0.26264	0.00950	0.01367	0.01158	0.03379	0.24577	0.02563	0.12391	0.00905	0.00941	0.00654	0.00428	0.00373	0.00118	0.00487	0.00326	0.00291	0.00626
7	0.01167	0.06751	0.25410	0.01002	0.01377	0.04748	0.09462	0.14031	0.01115	0.17235	0.01147	0.07539	0.00939	0.00538	0.00420	0.00132	0.00495	0.05594	0.00310	0.00587
8	0.00512	0.00369	0.00502	0.00584	0.00615	0.00359	0.00400	0.00594	0.00768	0.01034	0.02097	0.73425	0.02475	0.01541	0.12367	0.00237	0.00360	0.01064	0.00358	0.00338
9	0.00942	0.00905	0.01559	0.27286	0.56208	0.00958	0.03786	0.01198	0.00901	0.01252	0.00761	0.01043	0.00618	0.00379	0.00410	0.00127	0.00512	0.00369	0.00197	0.00588
10	0.01292	0.00785	0.01261	0.23688	0.19972	0.00789	0.05517	0.01509	0.01006	0.36405	0.01159	0.02991	0.00822	0.00457	0.00417	0.00130	0.00451	0.00409	0.00332	0.00607
11	0.01082	0.01106	0.14425	0.12828	0.10220	0.00903	0.32723	0.01386	0.00965	0.16968	0.00977	0.02880	0.00719	0.00414	0.00439	0.00134	0.00563	0.00428	0.00260	0.00582
12	0.00792	0.00744	0.01242	0.76734	0.07343	0.00902	0.01122	0.01060	0.00828	0.01076	0.00732	0.01081	0.00555	0.00404	0.00406	0.00133	0.00535	0.00360	0.00186	0.03765
13	0.01162	0.04791	0.49068	0.00985	0.01462	0.00854	0.01136	0.03592	0.00987	0.27143	0.01072	0.04207	0.00764	0.00462	0.00398	0.00129	0.00501	0.00369	0.00293	0.00625
14	0.04812	0.03760	0.31759	0.07998	0.24865	0.00997	0.15161	0.03476	0.00921	0.01345	0.00757	0.00957	0.00579	0.00378	0.00404	0.00128	0.00561	0.00353	0.00199	0.00591
15	0.00978	0.00939	0.01591	0.13710	0.68859	0.00978	0.01229	0.01220	0.00907	0.01287	0.00757	0.01022	0.00632	0.00385	0.00443	0.00126	0.03755	0.00365	0.00199	0.00616
16	0.14559	0.00982	0.01215	0.05811	0.27499	0.08691	0.03102	0.12385	0.03781	0.11572	0.03193	0.03696	0.00826	0.00458	0.00390	0.00125	0.00451	0.00383	0.00296	0.00585

[dist]
# distance from previous block
# <min> <max>
43	123

[block]
# block no. 4 follows, 65 sequences, length 44
# corresponding to MSA columns:
# 697-740
name=unknown_E
#
# <colnr> <probs for GDERKNQSTAVLIFYWHMCP>
#	G	D	E	R	K	N	Q	S	T	A	V	L	I	F	Y	W	H	M	C	P
0	0.00967	0.16594	0.05894	0.00763	0.01027	0.02081	0.01808	0.15824	0.06354	0.01492	0.10438	0.10860	0.01305	0.00649	0.02595	0.00130	0.03433	0.02135	0.00307	0.15342
1	0.01034	0.27169	0.03213	0.02894	0.01231	0.04110	0.15171	0.05835	0.06781	0.07319	0.13764	0.03425	0.04039	0.00517	0.00408	0.00120	0.01708	0.00442	0.00293	0.00527
2	0.00847	0.00852	0.10933	0.16649	0.01366	0.00689	0.00743	0.02737	0.00836	0.05127	0.00860	0.01166	0.00724	0.07769	0.09668	0.00185	0.03084	0.00339	0.00235	0.35189
3	0.00778	0.05666	0.10599	0.03739	0.00990	0.00623	0.00607	0.03907	0.01003	0.03361	0.26515	0.03233	0.10928	0.00596	0.00402	0.00109	0.00317	0.00501	0.00323	0.25804
4	0.01534	0.02969	0.03799	0.00811	0.01128	0.04581	0.00683	0.26453	0.06492	0.36562	0.01261	0.01183	0.00858	0.00481	0.00395	0.00119	0.00399	0.00376	0.03569	0.06349
5	0.02735	0.01369	0.31793	0.02108	0.11124	0.05993	0.01030	0.07567	0.17214	0.01459	0.03379	0.10330	0.01028	0.00541	0.00413	0.00133	0.00474	0.00451	0.00278	0.00578
6	0.00698	0.00602	0.00841	0.08483	0.17036	0.02604	0.00642	0.00843	0.00862	0.01173	0.05878	0.41093	0.05344	0.00853	0.00457	0.00138	0.00332	0.00769	0.00311	0.11043
7	0.02331	0.12636	0.34705	0.19441	0.01738	0.02358	0.02231	0.03388	0.00890	0.06154	0.00810	0.02823	0.00628	0.00497	0.02715	0.00139	0.02266	0.00337	0.00213	0.03700
8	0.01010	0.55165	0.24721	0.00922	0.01350	0.01387	0.08029	0.01256	0.00855	0.01089	0.00640	0.00756	0.00533	0.00361	0.00318	0.00104	0.00508	0.00266	0.00178	0.00551
9	0.00536	0.00391	0.00481	0.00519	0.00570	0.00370	0.00353	0.00616	0.00801	0.01055	0.09831	0.36643	0.17263	0.20603	0.06076	0.00242	0.00322	0.02656	0.00347	0.00325
10	0.04210	0.03664	0.12629	0.02976	0.01414	0.49779	0.08706	0.03953	0.02125	0.01170	0.00700	0.00835	0.00559	0.00423	0.00414	0.00117	0.03696	0.00302	0.01819	0.00508
11	0.00912	0.00877	0.01442	0.45291	0.35114	0.02797	0.03643	0.02847	0.00902	0.01206	0.00753	0.01053	0.00594	0.00392	0.00410	0.00130	0.00530	0.00367	0.00197	0.00543
12	0.00731	0.00466	0.00555	0.00524	0.00663	0.00418	0.00395	0.00904	0.04009	0.12879	0.25605	0.13966	0.33723	0.00911	0.00473	0.00137	0.00232	0.00782	0.02208	0.00418
13	0.00848	0.00798	0.01347	0.65588	0.15015	0.00940	0.04469	0.03995	0.00884	0.01160	0.00749	0.01079	0.00572	0.00404	0.00413	0.00134	0.00541	0.00370	0.00195	0.00498
14	0.00518	0.00392	0.00479	0.00510	0.00588	0.00352	0.00362	0.00633	0.00935	0.01233	0.25273	0.38473	0.26582	0.01089	0.00501	0.00148	0.00217	0.00960	0.00401	0.00352
15	0.48705	0.00945	0.00884	0.00719	0.01007	0.01065	0.00594	0.35949	0.01243	0.04281	0.00777	0.00823	0.00569	0.00433	0.00326	0.00125	0.00376	0.00291	0.00328	0.00561
16	0.00775	0.00730	0.01231	0.84587	0.02827	0.00912	0.01140	0.01049	0.00821	0.01049	0.00730	0.01094	0.00547	0.00410	0.00410	0.00137	0.00547	0.00365	0.00182	0.00456
17	0.01195	0.01038	0.01134	0.00945	0.01118	0.08032	0.00762	0.32474	0.10471	0.01679	0.00913	0.01130	0.00757	0.06539	0.02496	0.00172	0.27899	0.00385	0.00305	0.00555
18	0.00932	0.00949	0.04765	0.13978	0.34304	0.10712	0.00922	0.01115	0.00883	0.02809	0.01113	0.01529	0.06813	0.16619	0.00728	0.00176	0.00492	0.00432	0.00228	0.00501
19	0.00564	0.00400	0.00501	0.00538	0.00585	0.00382	0.00374	0.00653	0.00825	0.01103	0.16094	0.29352	0.08118	0.26879	0.00997	0.00232	0.00296	0.11430	0.00353	0.00324
20	0.01323	0.01308	0.36544	0.00918	0.01346	0.00760	0.00991	0.01652	0.03990	0.41892	0.01264	0.04265	0.00873	0.00488	0.00407	0.00130	0.00455	0.00395	0.00356	0.00644
21	0.00922	0.00947	0.03319	0.26525	0.36191	0.02733	0.16725	0.01192	0.00908	0.01232	0.00836	0.02871	0.00699	0.00417	0.00428	0.00132	0.00545	0.02616	0.00206	0.00555
22	0.00625	0.00414	0.00550	0.00541	0.00575	0.00426	0.00372	0.00655	0.00744	0.01031	0.21733	0.07187	0.01889	0.26216	0.10851	0.21512	0.03518	0.00583	0.00285	0.00293
23	0.00728	0.00398	0.00433	0.00425	0.00525	0.00385	0.00318	0.00912	0.00930	0.03217	0.18142	0.04531	0.05592	0.00604	0.00347	0.00107	0.00197	0.00504	0.61319	0.00387
24	0.00768	0.00641	0.00761	0.00691	0.00708	0.04418	0.00498	0.00806	0.00646	0.02779	0.01020	0.01974	0.01121	0.51534	0.01726	0.00306	0.28537	0.00499	0.00230	0.00336
25	0.00674	0.00504	0.00689	0.00705	0.00784	0.01915	0.00559	0.00835	0.02438	0.03797	0.01530	0.16290	0.01585	0.02007	0.39923	0.00402	0.05736	0.18947	0.00294	0.00387
26	0.00903	0.00760	0.00879	0.00633	0.00995	0.00600	0.00508	0.06948	0.00930	0.01429	0.00748	0.00861	0.00615	0.00318	0.00312	0.00065	0.00315	0.00252	0.00255	0.81672
27	0.40186	0.05388	0.03014	0.01868	0.00753	0.00752	0.00447	0.00973	0.01922	0.01339	0.01040	0.01619	0.04547	0.28640	0.02441	0.00228	0.01964	0.02242	0.00253	0.00385
28	0.00594	0.00397	0.00449	0.00452	0.00453	0.00396	0.00253	0.00596	0.00603	0.00804	0.01326	0.05441	0.01533	0.82763	0.02037	0.00390	0.00393	0.00616	0.00253	0.00252
29	0.01235	0.19305	0.26936	0.01011	0.05549	0.14504	0.00975	0.02789	0.02928	0.18214	0.00896	0.00937	0.00654	0.00415	0.00365	0.00115	0.00519	0.00309	0.00262	0.02082
30	0.01007	0.24639	0.11390	0.14536	0.20015	0.03023	0.11146	0.05222	0.00938	0.01237	0.00719	0.00911	0.00580	0.00375	0.00372	0.00116	0.00523	0.00327	0.00201	0.02725
31	0.03139	0.00689	0.00813	0.03306	0.00976	0.00710	0.00567	0.02814	0.29959	0.24807	0.09795	0.06855	0.09845	0.00661	0.00432	0.00136	0.00309	0.01821	0.01797	0.00570
32	0.00574	0.00430	0.00522	0.00509	0.00620	0.00393	0.00385	0.00747	0.02425	0.02539	0.44807	0.07289	0.29339	0.01008	0.03494	0.00155	0.00244	0.03726	0.00414	0.00379
33	0.00898	0.00818	0.03678	0.04547	0.10378	0.01960	0.08232	0.07399	0.19866	0.03550	0.09570	0.08540	0.12449	0.00667	0.00481	0.00139	0.03421	0.02538	0.00341	0.00528
34	0.68273	0.08579	0.00818	0.00622	0.00881	0.11226	0.00514	0.01277	0.00777	0.03176	0.00599	0.00689	0.00473	0.00386	0.00272	0.00121	0.00381	0.00231	0.00246	0.00461
35	0.05811	0.00464	0.00442	0.00429	0.00545	0.02245	0.00326	0.01049	0.03838	0.03042	0.01297	0.01462	0.01013	0.00475	0.00294	0.00100	0.00218	0.00374	0.76171	0.00404
36	0.00592	0.00417	0.00543	0.00543	0.00576	0.00450	0.00367	0.00658	0.00625	0.00866	0.01206	0.02204	0.01283	0.48550	0.38827	0.00515	0.00713	0.00526	0.00236	0.00302
37	0.20630	0.00546	0.00608	0.00548	0.00710	0.00546	0.00427	0.01032	0.03157	0.10374	0.49986	0.02343	0.06164	0.00702	0.00423	0.00129	0.00242	0.00588	0.00409	0.00439
38	0.00797	0.00752	0.01270	0.77260	0.09987	0.00918	0.01151	0.01068	0.00831	0.01075	0.00733	0.01087	0.00556	0.00406	0.00410	0.00135	0.00542	0.00365	0.00184	0.00473
39	0.00523	0.00414	0.00471	0.00464	0.00580	0.00362	0.00345	0.00660	0.01014	0.01313	0.34412	0.08310	0.47725	0.00976	0.00487	0.00137	0.00204	0.00836	0.00408	0.00362
40	0.33157	0.01302	0.00943	0.00821	0.01068	0.34230	0.00644	0.14429	0.01119	0.05169	0.03149	0.00851	0.00646	0.00435	0.00340	0.00118	0.00506	0.00287	0.00279	0.00508
41	0.00507	0.00409	0.00451	0.00456	0.00572	0.00353	0.00336	0.00626	0.00965	0.01214	0.20343	0.13745	0.56531	0.01028	0.00490	0.00140	0.00209	0.00877	0.00396	0.00353
42	0.88473	0.00794	0.00603	0.00540	0.00794	0.00921	0.00445	0.01207	0.00699	0.01842	0.00572	0.00667	0.00445	0.00381	0.00254	0.00127	0.00318	0.00222	0.00254	0.00445
43	0.01056	0.01084	0.01001	0.00882	0.02615	0.27958	0.06280	0.01300	0.07528	0.04237	0.14749	0.04905	0.03081	0.00575	0.00414	0.00117	0.00463	0.06016	0.00305	0.15432

[dist]
# distance from previous block
# <min> <max>
1	3

[block]
# block no. 5 follows, 65 sequences, length 14
# corresponding to MSA columns:
# 744-748,754-762
name=unknown_F
#
# <colnr> <probs for GDERKNQSTAVLIFYWHMCP>
#	G	D	E	R	K	N	Q	S	T	A	V	L	I	F	Y	W	H	M	C	P
0	0.06809	0.03810	0.03797	0.00912	0.01174	0.22547	0.02106	0.13597	0.37691	0.01625	0.01153	0.01135	0.00875	0.00486	0.00389	0.00126	0.00470	0.00371	0.00334	0.00592
1	0.57456	0.00992	0.00904	0.03761	0.02991	0.10529	0.05652	0.10833	0.00925	0.01761	0.00655	0.00764	0.00504	0.00398	0.00310	0.00125	0.00418	0.00270	0.00261	0.00490
2	0.00969	0.02974	0.03034	0.10239	0.21723	0.06023	0.25665	0.01239	0.02731	0.05220	0.05286	0.02853	0.06273	0.00490	0.00442	0.00132	0.00522	0.03390	0.00255	0.00540
3	0.01122	0.04789	0.05247	0.00844	0.01164	0.20549	0.04558	0.05053	0.09060	0.05422	0.02460	0.00974	0.00734	0.00395	0.00356	0.00095	0.00456	0.00308	0.00270	0.36145
4	0.00784	0.02913	0.13059	0.00764	0.00982	0.04628	0.04731	0.06747	0.01080	0.03062	0.30571	0.09961	0.08635	0.00773	0.00466	0.00138	0.00360	0.09534	0.00358	0.00455
5	0.00586	0.00440	0.00660	0.00660	0.00733	0.00513	0.00513	0.00733	0.00660	0.00953	0.01100	0.01613	0.01026	0.03079	0.83947	0.00660	0.01100	0.00440	0.00220	0.00367
6	0.00775	0.00730	0.01231	0.84587	0.02827	0.00912	0.01140	0.01049	0.00821	0.01049	0.00730	0.01094	0.00547	0.00410	0.00410	0.00137	0.00547	0.00365	0.00182	0.00456
7	0.00594	0.00432	0.00573	0.00616	0.00704	0.00411	0.00494	0.00759	0.00995	0.01336	0.30393	0.16369	0.09739	0.01047	0.00525	0.00161	0.00278	0.33799	0.00404	0.00372
8	0.08926	0.00620	0.00779	0.00637	0.00877	0.00572	0.00514	0.01561	0.03188	0.48138	0.20710	0.01743	0.01652	0.00574	0.00406	0.00125	0.00296	0.00473	0.07633	0.00576
9	0.00877	0.01296	0.32500	0.04312	0.17988	0.00850	0.09636	0.04948	0.00945	0.03422	0.03105	0.13895	0.01047	0.00557	0.00433	0.00136	0.00503	0.02745	0.00247	0.00558
10	0.00495	0.00416	0.00430	0.00427	0.00561	0.00351	0.00320	0.00609	0.00960	0.01166	0.12526	0.03856	0.74443	0.01018	0.00485	0.00138	0.00206	0.00853	0.00389	0.00351
11	0.00893	0.01042	0.17232	0.01312	0.25123	0.00834	0.00934	0.07069	0.14310	0.01484	0.09580	0.05668	0.07763	0.00578	0.00426	0.00132	0.00409	0.02381	0.02264	0.00567
12	0.36178	0.13192	0.10178	0.11716	0.15214	0.04967	0.00843	0.01229	0.00814	0.01431	0.00647	0.00805	0.00517	0.00381	0.00322	0.00121	0.00445	0.00275	0.00214	0.00512
13	0.00575	0.00413	0.00505	0.00486	0.00560	0.00386	0.00340	0.00704	0.00978	0.01348	0.51138	0.03059	0.12090	0.24579	0.00934	0.00205	0.00252	0.00716	0.00387	0.00344

[dist]
# distance from previous block
# <min> <max>
0	2

[block]
# block no. 6 follows, 65 sequences, length 9
# corresponding to MSA columns:
# 765,784-791
name=unknown_G
#
# <colnr> <probs for GDERKNQSTAVLIFYWHMCP>
#	G	D	E	R	K	N	Q	S	T	A	V	L	I	F	Y	W	H	M	C	P
0	0.00896	0.01129	0.25919	0.05910	0.08290	0.00802	0.00894	0.06939	0.12327	0.05638	0.03732	0.01653	0.07156	0.16098	0.00721	0.00180	0.00448	0.00455	0.00283	0.00527
1	0.00832	0.01014	0.18715	0.00838	0.01129	0.00780	0.03319	0.01430	0.31391	0.01436	0.06240	0.16726	0.01411	0.00630	0.00422	0.00131	0.00371	0.00546	0.00330	0.12309
2	0.28386	0.07947	0.12257	0.00972	0.06561	0.00949	0.10279	0.06612	0.00955	0.16890	0.00866	0.00932	0.00626	0.00403	0.00352	0.00123	0.00436	0.00319	0.00285	0.03851
3	0.06668	0.00903	0.01491	0.22437	0.58057	0.00956	0.01177	0.01205	0.00891	0.01302	0.00749	0.01012	0.00612	0.00378	0.00397	0.00126	0.00491	0.00356	0.00201	0.00589
4	0.00914	0.00642	0.00788	0.00652	0.03693	0.00518	0.00492	0.01086	0.00965	0.13669	0.14757	0.01705	0.11910	0.00520	0.00377	0.00094	0.00287	0.00436	0.00334	0.46162
5	0.00586	0.00440	0.00660	0.00660	0.00733	0.00513	0.00513	0.00733	0.00660	0.00953	0.01100	0.01613	0.01026	0.03079	0.83947	0.00660	0.01100	0.00440	0.00220	0.00367
6	0.01388	0.01004	0.01460	0.07999	0.06365	0.08740	0.22095	0.12094	0.01168	0.29913	0.01092	0.01145	0.00756	0.00434	0.00424	0.00127	0.00514	0.00402	0.00337	0.02542
7	0.00605	0.00441	0.00563	0.00632	0.00704	0.00436	0.00482	0.00801	0.06986	0.01172	0.02242	0.41521	0.07403	0.03743	0.00567	0.00175	0.00292	0.27203	0.03660	0.00372
8	0.47858	0.03186	0.18243	0.00789	0.01129	0.03955	0.05978	0.01218	0.00796	0.01572	0.00720	0.00959	0.00589	0.00415	0.00322	0.00125	0.00423	0.04397	0.00236	0.07090

[dist]
# distance from previous block
# <min> <max>
1	6

[block]
# block no. 7 follows, 65 sequences, length 14
# corresponding to MSA columns:
# 798-811
name=unknown_H
#
# <colnr> <probs for GDERKNQSTAVLIFYWHMCP>
#	G	D	E	R	K	N	Q	S	T	A	V	L	I	F	Y	W	H	M	C	P
0	0.00860	0.00662	0.00702	0.00649	0.00767	0.02914	0.00464	0.08207	0.25945	0.02533	0.01438	0.03966	0.01380	0.40537	0.01209	0.00261	0.00380	0.04738	0.01954	0.00435
1	0.00830	0.00697	0.01007	0.29460	0.12144	0.00772	0.00800	0.10016	0.04467	0.01380	0.17245	0.01776	0.04829	0.09008	0.03696	0.00177	0.00441	0.00491	0.00290	0.00475
2	0.00949	0.00788	0.00836	0.00760	0.00958	0.00899	0.00582	0.01908	0.66519	0.01633	0.05904	0.01698	0.01396	0.06848	0.00536	0.00155	0.00314	0.00483	0.06245	0.00588
3	0.01320	0.26516	0.01437	0.00964	0.03476	0.46009	0.00760	0.01582	0.12127	0.01100	0.00761	0.00832	0.00630	0.00418	0.00346	0.00105	0.00588	0.00281	0.00229	0.00520
4	0.00892	0.00915	0.01739	0.05414	0.29209	0.00884	0.35165	0.01158	0.00945	0.01278	0.01345	0.01662	0.12286	0.00495	0.00459	0.00135	0.00532	0.04704	0.00238	0.00544
5	0.34159	0.00575	0.00638	0.00614	0.00756	0.00669	0.00487	0.00914	0.00675	0.01292	0.00898	0.01251	0.00804	0.02048	0.51977	0.00456	0.00801	0.00357	0.00233	0.00396
6	0.00686	0.00415	0.00531	0.00547	0.00618	0.00385	0.00379	0.00780	0.00868	0.10237	0.15536	0.42639	0.05507	0.15401	0.00762	0.00192	0.00268	0.00881	0.02997	0.00370
7	0.13790	0.00783	0.01183	0.09263	0.23966	0.00809	0.11110	0.01154	0.07755	0.01401	0.08927	0.04158	0.12900	0.00554	0.00417	0.00132	0.00406	0.00499	0.00281	0.00511
8	0.00765	0.00438	0.00584	0.00582	0.00682	0.00399	0.00423	0.00890	0.00974	0.15901	0.27577	0.44379	0.02778	0.01006	0.00492	0.00148	0.00244	0.00898	0.00426	0.00416
9	0.01310	0.00894	0.01160	0.19662	0.14615	0.06406	0.00860	0.07558	0.13107	0.28402	0.01181	0.01215	0.00833	0.00464	0.00409	0.00128	0.00445	0.00389	0.00347	0.00615
10	0.00903	0.00937	0.01582	0.01255	0.01386	0.01149	0.25634	0.01074	0.00735	0.01086	0.00659	0.01002	0.00592	0.00734	0.05643	0.00193	0.54366	0.00402	0.00190	0.00477
11	0.71462	0.00952	0.00701	0.00623	0.00875	0.12579	0.00502	0.01311	0.00790	0.06221	0.00638	0.00717	0.00488	0.00394	0.00279	0.00124	0.00379	0.00239	0.00262	0.00463
12	0.02984	0.01052	0.01420	0.01836	0.48707	0.08363	0.01029	0.12650	0.06022	0.07585	0.00898	0.01035	0.00703	0.00417	0.00418	0.00122	0.02050	0.00362	0.00270	0.02080
13	0.01264	0.22171	0.09307	0.07184	0.01487	0.04374	0.16827	0.05252	0.02975	0.23765	0.00986	0.01041	0.00707	0.00416	0.00386	0.00120	0.00498	0.00358	0.00292	0.00590

[dist]
# distance from previous block
# <min> <max>
0	1

[block]
# block no. 8 follows, 65 sequences, length 16
# corresponding to MSA columns:
# 813-828
name=unknown_I
#
# <colnr> <probs for GDERKNQSTAVLIFYWHMCP>
#	G	D	E	R	K	N	Q	S	T	A	V	L	I	F	Y	W	H	M	C	P
0	0.00818	0.05580	0.31017	0.24320	0.01824	0.00911	0.06723	0.02217	0.06557	0.01273	0.07901	0.01351	0.05723	0.00484	0.00424	0.00132	0.01575	0.00412	0.00234	0.00525
1	0.00889	0.00846	0.01437	0.45728	0.40795	0.00942	0.01197	0.01149	0.00875	0.01187	0.00750	0.01057	0.00596	0.00389	0.00408	0.00130	0.00519	0.00365	0.00192	0.00548
2	0.00774	0.07716	0.17600	0.00698	0.00952	0.02550	0.00673	0.03776	0.01075	0.03888	0.44322	0.02178	0.06303	0.00659	0.00431	0.00122	0.00330	0.00558	0.00353	0.05040
3	0.00608	0.00394	0.00477	0.00481	0.00487	0.00398	0.00289	0.00597	0.00601	0.00807	0.01241	0.05985	0.01404	0.64267	0.07985	0.12473	0.00437	0.00577	0.00243	0.00251
4	0.00895	0.00822	0.01375	0.29687	0.01903	0.00796	0.20826	0.01148	0.00883	0.04582	0.00791	0.01020	0.00608	0.00359	0.00390	0.00109	0.00486	0.00352	0.00224	0.32743
5	0.00580	0.00408	0.00520	0.00579	0.00621	0.00397	0.00418	0.00664	0.00777	0.01021	0.01995	0.30522	0.05547	0.29027	0.01051	0.00248	0.00331	0.24635	0.00336	0.00319
6	0.00911	0.01368	0.29158	0.02691	0.02832	0.15948	0.00903	0.07209	0.01025	0.01297	0.07279	0.01791	0.20217	0.02878	0.00488	0.00135	0.02628	0.00476	0.00270	0.00497
7	0.00892	0.00519	0.00627	0.00571	0.00684	0.00516	0.00403	0.01076	0.09488	0.18273	0.01650	0.02285	0.08991	0.40903	0.11066	0.00320	0.00445	0.00551	0.00330	0.00409
8	0.00707	0.00419	0.00490	0.00467	0.00546	0.00401	0.00325	0.00832	0.00889	0.06131	0.26775	0.02457	0.04670	0.28569	0.00954	0.00209	0.00270	0.00582	0.23950	0.00358
9	0.01560	0.01150	0.01232	0.00944	0.01273	0.01273	0.00780	0.81645	0.01930	0.02587	0.00986	0.00986	0.00698	0.00493	0.00411	0.00123	0.00452	0.00370	0.00411	0.00698
10	0.01291	0.45170	0.03843	0.00871	0.01171	0.34420	0.00765	0.06135	0.01031	0.01086	0.00625	0.00716	0.00537	0.00389	0.00318	0.00098	0.00564	0.00248	0.00204	0.00519
11	0.28097	0.01038	0.01417	0.03474	0.04776	0.04154	0.25381	0.23799	0.01157	0.01816	0.00782	0.00920	0.00585	0.00403	0.00383	0.00129	0.00499	0.00355	0.00278	0.00559
12	0.00937	0.10149	0.19601	0.06920	0.08403	0.00815	0.00863	0.01178	0.00877	0.08643	0.00941	0.08962	0.00815	0.00461	0.00386	0.00108	0.02008	0.00379	0.00248	0.27306
13	0.00569	0.00404	0.00456	0.00457	0.00496	0.00389	0.00285	0.00611	0.00714	0.00932	0.07263	0.05360	0.19045	0.56422	0.04649	0.00328	0.00365	0.00675	0.00293	0.00286
14	0.01039	0.00853	0.00913	0.00817	0.01043	0.00972	0.00636	0.06001	0.69804	0.04384	0.03510	0.05646	0.01349	0.00594	0.00424	0.00139	0.00325	0.00499	0.00419	0.00632
15	0.00922	0.13899	0.49904	0.01164	0.01676	0.01059	0.15398	0.04757	0.00925	0.01312	0.00740	0.00883	0.00551	0.00377	0.00385	0.00122	0.00576	0.00323	0.00193	0.04834

[dist]
# distance from previous block
# <min> <max>
0	16

[block]
# block no. 9 follows, 65 sequences, length 54
# corresponding to MSA columns:
# 846-856,862-867,911-935,937-948
name=unknown_J
#
# <colnr> <probs for GDERKNQSTAVLIFYWHMCP>
#	G	D	E	R	K	N	Q	S	T	A	V	L	I	F	Y	W	H	M	C	P
0	0.05158	0.10683	0.03791	0.02788	0.01208	0.08272	0.03253	0.21733	0.09144	0.21764	0.01074	0.01060	0.00767	0.00452	0.00378	0.00117	0.00436	0.00349	0.00353	0.07221
1	0.00823	0.02123	0.83447	0.01170	0.01777	0.00953	0.01517	0.01300	0.00867	0.01300	0.00737	0.00867	0.00520	0.00390	0.00390	0.00130	0.00607	0.00303	0.00173	0.00607
2	0.00596	0.00406	0.00514	0.00519	0.00541	0.00426	0.00336	0.00631	0.00620	0.00847	0.01248	0.05938	0.01369	0.53542	0.25375	0.05416	0.00589	0.00564	0.00242	0.00282
3	0.01039	0.14256	0.14578	0.02507	0.07010	0.15146	0.13592	0.06522	0.00993	0.01245	0.02335	0.01388	0.01819	0.04527	0.00521	0.00140	0.03776	0.07852	0.00234	0.00519
4	0.00860	0.00816	0.01385	0.55645	0.31106	0.00934	0.01182	0.01123	0.00861	0.01152	0.00745	0.01067	0.00584	0.00395	0.00409	0.00132	0.00526	0.00365	0.00190	0.00524
5	0.00638	0.00404	0.00600	0.00600	0.00640	0.00444	0.00438	0.00647	0.00606	0.00849	0.00951	0.01512	0.00920	0.06041	0.46916	0.36126	0.00767	0.00413	0.00204	0.00285
6	0.00754	0.00696	0.02897	0.07850	0.27454	0.01924	0.00800	0.00953	0.02629	0.01223	0.07529	0.24265	0.06717	0.00831	0.02160	0.00155	0.02453	0.07939	0.00298	0.00473
7	0.00949	0.06239	0.24609	0.10684	0.12498	0.04095	0.15632	0.02553	0.04138	0.03747	0.04449	0.02872	0.00801	0.00446	0.00458	0.00131	0.04517	0.00396	0.00226	0.00559
8	0.01292	0.04237	0.07796	0.00841	0.01135	0.03624	0.03732	0.07568	0.25606	0.29039	0.08065	0.02884	0.01237	0.00537	0.00415	0.00130	0.00385	0.00446	0.00405	0.00625
9	0.00647	0.00413	0.00512	0.00566	0.00641	0.00405	0.00434	0.02248	0.00884	0.01289	0.03741	0.32439	0.03645	0.00965	0.00459	0.00149	0.00264	0.22441	0.27489	0.00369
10	0.03702	0.07561	0.14283	0.04604	0.04727	0.07476	0.03883	0.02522	0.02417	0.17162	0.01323	0.05876	0.06869	0.06681	0.00587	0.00152	0.05621	0.03740	0.00295	0.00521
11	0.01122	0.03886	0.01065	0.02378	0.14824	0.10018	0.01931	0.11713	0.05316	0.13955	0.17928	0.08682	0.02815	0.00618	0.00430	0.00128	0.00397	0.01891	0.00359	0.00546
12	0.03328	0.12531	0.21298	0.00970	0.01336	0.04297	0.07077	0.13373	0.09041	0.14811	0.00993	0.01047	0.00727	0.00551	0.03710	0.00146	0.03515	0.00353	0.00295	0.00601
13	0.35683	0.17823	0.02566	0.02298	0.04794	0.15196	0.02411	0.03703	0.00863	0.02615	0.00627	0.00755	0.00516	0.00418	0.00400	0.00121	0.08225	0.00265	0.00227	0.00492
14	0.00663	0.00611	0.06026	0.00641	0.02405	0.02010	0.00529	0.02642	0.04756	0.01313	0.13344	0.07620	0.28418	0.00939	0.02509	0.00155	0.00313	0.16006	0.08692	0.00409
15	0.03718	0.05698	0.01304	0.04789	0.10693	0.07907	0.12269	0.09047	0.12129	0.06560	0.05809	0.01227	0.02669	0.00449	0.00395	0.00116	0.00447	0.00392	0.00296	0.14086
16	0.02047	0.00544	0.00773	0.02475	0.13300	0.00517	0.02288	0.00821	0.01637	0.01213	0.09202	0.30438	0.09820	0.04719	0.00549	0.00157	0.00318	0.11559	0.00334	0.07288
17	0.00980	0.03686	0.00931	0.00645	0.01003	0.00643	0.00524	0.07183	0.00954	0.06920	0.00803	0.00891	0.00639	0.00334	0.00318	0.00071	0.00323	0.00263	0.00271	0.72619
18	0.01146	0.02782	0.01032	0.00882	0.02986	0.01062	0.00683	0.25380	0.48327	0.01880	0.01384	0.01384	0.01058	0.03572	0.04412	0.00166	0.00407	0.00432	0.00390	0.00634
19	0.00721	0.00584	0.00840	0.03565	0.20130	0.00571	0.00637	0.02139	0.04256	0.02786	0.09924	0.33554	0.08168	0.03582	0.00521	0.00151	0.00321	0.03533	0.00335	0.03681
20	0.01084	0.27148	0.06670	0.05460	0.04835	0.03137	0.04417	0.11255	0.00980	0.08185	0.00838	0.01007	0.00681	0.00837	0.13463	0.00199	0.05761	0.00331	0.00246	0.03465
21	0.00909	0.13838	0.17003	0.02858	0.05237	0.02209	0.04257	0.06124	0.09134	0.04036	0.06189	0.06534	0.05777	0.04950	0.04191	0.00167	0.02000	0.03789	0.00283	0.00517
22	0.00517	0.00390	0.00478	0.00517	0.00592	0.00352	0.00367	0.00627	0.00917	0.01205	0.21188	0.42111	0.25802	0.01111	0.00504	0.00150	0.00222	0.02202	0.00397	0.00350
23	0.01177	0.04010	0.23259	0.04472	0.03936	0.19203	0.00953	0.09937	0.08492	0.10299	0.02828	0.03193	0.00896	0.00508	0.00406	0.00127	0.00524	0.04922	0.00289	0.00570
24	0.04094	0.06795	0.06045	0.02739	0.21464	0.21261	0.08884	0.02641	0.04706	0.03136	0.01025	0.05398	0.03466	0.00504	0.00429	0.00126	0.02592	0.03914	0.00246	0.00536
25	0.01015	0.00977	0.01671	0.02455	0.78604	0.00978	0.03661	0.01284	0.02897	0.01349	0.00796	0.01031	0.00664	0.00370	0.00409	0.00123	0.00490	0.00372	0.00208	0.00647
26	0.00818	0.00793	0.11579	0.04487	0.03509	0.00635	0.05943	0.07271	0.02748	0.07032	0.16230	0.11571	0.12733	0.06572	0.03178	0.00169	0.00387	0.00616	0.03261	0.00467
27	0.03754	0.13415	0.03984	0.05546	0.29682	0.08894	0.03631	0.01319	0.00959	0.13150	0.03837	0.06607	0.00932	0.01051	0.00404	0.00124	0.00465	0.01413	0.00267	0.00566
28	0.01087	0.35960	0.29118	0.03411	0.01364	0.01229	0.00982	0.11358	0.01977	0.06668	0.00852	0.00921	0.02599	0.00413	0.00346	0.00112	0.00487	0.00302	0.00234	0.00581
29	0.00497	0.00408	0.00438	0.00447	0.00566	0.00349	0.00329	0.00606	0.00939	0.01157	0.12150	0.14707	0.63881	0.01051	0.00490	0.00141	0.00210	0.00893	0.00389	0.00349
30	0.01137	0.09101	0.05259	0.02745	0.28461	0.25396	0.06470	0.02643	0.05378	0.01230	0.02380	0.01163	0.00781	0.01986	0.00427	0.00125	0.00556	0.03980	0.00230	0.00552
31	0.03170	0.10230	0.26296	0.14597	0.07553	0.07842	0.02669	0.06728	0.00989	0.12126	0.00855	0.00984	0.00629	0.00496	0.03002	0.00140	0.00548	0.00331	0.00245	0.00572
32	0.01027	0.00497	0.00647	0.00594	0.00722	0.00453	0.00426	0.01114	0.00885	0.31528	0.03524	0.28887	0.01763	0.24913	0.00926	0.00217	0.00324	0.00716	0.00392	0.00446
33	0.02549	0.00483	0.00564	0.00588	0.01989	0.02922	0.00424	0.02062	0.00976	0.02488	0.28440	0.27801	0.18646	0.01063	0.03359	0.00162	0.00280	0.04436	0.00390	0.00380
34	0.01387	0.03599	0.03093	0.00997	0.01246	0.47808	0.05120	0.15875	0.02784	0.04038	0.04756	0.01094	0.02014	0.00478	0.00393	0.00115	0.00602	0.01941	0.02135	0.00525
35	0.00784	0.00846	0.08941	0.14625	0.04208	0.00860	0.07752	0.01078	0.08042	0.01115	0.00925	0.01293	0.00800	0.04404	0.26596	0.00316	0.16322	0.00409	0.00219	0.00466
36	0.06782	0.02410	0.14651	0.01211	0.14311	0.00916	0.11666	0.13352	0.04145	0.02889	0.00827	0.00954	0.00635	0.00380	0.00377	0.00110	0.00461	0.00333	0.00257	0.23332
37	0.00602	0.00389	0.00490	0.00514	0.00535	0.00386	0.00335	0.00621	0.00684	0.00930	0.05365	0.19994	0.01763	0.40229	0.04797	0.13695	0.00369	0.05106	0.02916	0.00279
38	0.01140	0.01099	0.01129	0.01205	0.16952	0.15121	0.00800	0.06791	0.47829	0.01577	0.01279	0.01264	0.00979	0.00493	0.00407	0.00129	0.00435	0.00405	0.00341	0.00623
39	0.01007	0.25693	0.34881	0.02365	0.05717	0.01103	0.01048	0.06131	0.02871	0.05513	0.02283	0.00976	0.00683	0.00410	0.00357	0.00114	0.00490	0.01754	0.00226	0.06379
40	0.01097	0.01375	0.30068	0.01565	0.25599	0.03408	0.12727	0.01432	0.02219	0.15159	0.00921	0.01041	0.00668	0.00400	0.00412	0.00128	0.00540	0.00367	0.00248	0.00624
41	0.00912	0.40119	0.23738	0.00821	0.01173	0.01158	0.00866	0.01221	0.08130	0.01142	0.01018	0.14376	0.00978	0.00546	0.00359	0.00119	0.00441	0.02124	0.00234	0.00525
42	0.00604	0.00492	0.00547	0.00554	0.00677	0.00479	0.00412	0.00911	0.16322	0.01256	0.09369	0.23576	0.38345	0.00997	0.00485	0.00147	0.00243	0.03786	0.00394	0.00405
43	0.01058	0.26629	0.26706	0.01159	0.06869	0.12567	0.11555	0.03119	0.04448	0.01211	0.00734	0.00860	0.00581	0.00385	0.00365	0.00115	0.00563	0.00309	0.00201	0.00565
44	0.00975	0.09257	0.34779	0.04195	0.14126	0.00977	0.10375	0.01370	0.07031	0.07799	0.00945	0.04717	0.00745	0.00440	0.00402	0.00128	0.00523	0.00387	0.00236	0.00593
45	0.00668	0.00585	0.00828	0.04744	0.23002	0.00557	0.00652	0.00831	0.00938	0.01213	0.07781	0.07023	0.39177	0.00839	0.00471	0.00140	0.00318	0.09464	0.00328	0.00439
46	0.00551	0.00402	0.00512	0.00518	0.00595	0.00370	0.00372	0.00695	0.01016	0.01398	0.50274	0.24670	0.11347	0.04708	0.00565	0.00152	0.00216	0.00859	0.00417	0.00363
47	0.01104	0.03432	0.06368	0.36210	0.15072	0.00894	0.03444	0.02668	0.02824	0.20443	0.00965	0.01130	0.00692	0.00433	0.00430	0.00131	0.02548	0.00374	0.00271	0.00567
48	0.00975	0.01547	0.33628	0.19712	0.14911	0.15964	0.01234	0.01285	0.00910	0.01184	0.00713	0.00919	0.00549	0.00412	0.00437	0.00128	0.04431	0.00322	0.00187	0.00550
49	0.00978	0.00931	0.01597	0.20738	0.41149	0.00969	0.14056	0.08153	0.01001	0.01368	0.00940	0.01175	0.04248	0.00413	0.00424	0.00129	0.00519	0.00407	0.00225	0.00581
50	0.17959	0.04026	0.16302	0.01115	0.09264	0.08550	0.10514	0.05404	0.00952	0.01423	0.01042	0.01710	0.00958	0.00556	0.00411	0.00139	0.00496	0.18407	0.00258	0.00511
51	0.00956	0.02533	0.05032	0.28820	0.12111	0.00806	0.06125	0.03268	0.04264	0.12382	0.09682	0.05469	0.04006	0.00543	0.00430	0.00134	0.00445	0.02177	0.00294	0.00524
52	0.00609	0.00454	0.00492	0.00517	0.00541	0.03766	0.00326	0.00643	0.00696	0.00900	0.01657	0.24285	0.04608	0.53515	0.01489	0.00308	0.00363	0.04249	0.00292	0.00289
53	0.01077	0.09223	0.05087	0.24152	0.15853	0.19776	0.09235	0.01334	0.03676	0.03631	0.02665	0.01020	0.00680	0.00410	0.00395	0.00122	0.00566	0.00351	0.00218	0.00530

[dist]
# distance from previous block
# <min> <max>
6	13

[block]
# block no. 10 follows, 65 sequences, length 34
# corresponding to MSA columns:
# 962-988,1008-1014
name=unknown_K
#
# <colnr> <probs for GDERKNQSTAVLIFYWHMCP>
#	G	D	E	R	K	N	Q	S	T	A	V	L	I	F	Y	W	H	M	C	P
