[name]
unknown

[dist]
# distance from previous block
# <min> <max>
0	270

[block]
# block no. 0 follows, 70 sequences, length 22
# corresponding to MSA columns:
# 368-375,377-390
name=unknown_A
#
# <colnr> <probs for GDERKNQSTAVLIFYWHMCP>
#	G	D	E	R	K	N	Q	S	T	A	V	L	I	F	Y	W	H	M	C	P
0	0.00848	0.00848	0.01187	0.01018	0.01018	0.01187	0.00848	0.00933	0.00594	0.00933	0.00509	0.00848	0.00509	0.00679	0.01272	0.00170	0.85666	0.00339	0.00170	0.00424
1	0.00474	0.00379	0.00424	0.00442	0.00541	0.00330	0.00321	0.00576	0.00878	0.01103	0.14524	0.24070	0.52546	0.01013	0.00467	0.00136	0.00202	0.00872	0.00369	0.00330
2	0.89114	0.00750	0.00570	0.00510	0.00750	0.00870	0.00420	0.01140	0.00660	0.01739	0.00540	0.00630	0.00420	0.00360	0.00240	0.00120	0.00300	0.00210	0.00240	0.00420
3	0.00848	0.00848	0.01187	0.01018	0.01018	0.01187	0.00848	0.00933	0.00594	0.00933	0.00509	0.00848	0.00509	0.00679	0.01272	0.00170	0.85666	0.00339	0.00170	0.00424
4	0.00534	0.00360	0.00480	0.00547	0.00588	0.00336	0.00378	0.00618	0.00788	0.04122	0.08576	0.70814	0.02553	0.02794	0.00518	0.00158	0.00235	0.04899	0.00367	0.00332
5	0.00575	0.00448	0.00684	0.00661	0.00734	0.00523	0.02612	0.00713	0.00628	0.00907	0.01014	0.01505	0.00950	0.04552	0.77504	0.00587	0.04426	0.00417	0.00206	0.00351
6	0.01294	0.00997	0.01062	0.00856	0.01134	0.01118	0.00693	0.54265	0.30515	0.02154	0.01159	0.01112	0.00844	0.00487	0.00390	0.00122	0.00384	0.00380	0.00390	0.00643
7	0.01227	0.03866	0.00872	0.00720	0.00937	0.04482	0.00593	0.12863	0.05072	0.33421	0.03562	0.09180	0.02508	0.00677	0.00426	0.00134	0.00354	0.18174	0.00398	0.00535
8	0.00520	0.00381	0.00490	0.00515	0.00580	0.00356	0.00366	0.00670	0.03044	0.01274	0.40591	0.40748	0.07039	0.00987	0.00473	0.00139	0.00206	0.00882	0.00392	0.00347
9	0.00537	0.00381	0.00463	0.00505	0.00579	0.00345	0.00355	0.00643	0.02494	0.04751	0.05542	0.52338	0.27478	0.01081	0.00476	0.00146	0.00221	0.00955	0.00368	0.00342
10	0.08397	0.00636	0.00790	0.00631	0.00888	0.00592	0.00515	0.03450	0.04998	0.58382	0.01397	0.01284	0.00927	0.00468	0.00359	0.00116	0.00304	0.00372	0.14905	0.00590
11	0.01036	0.86609	0.02032	0.00663	0.00995	0.01534	0.00663	0.01161	0.00788	0.00912	0.00539	0.00622	0.00498	0.00332	0.00249	0.00083	0.00415	0.00207	0.00166	0.00498
12	0.00975	0.00557	0.00671	0.00579	0.00756	0.00537	0.00450	0.05908	0.10968	0.24174	0.25913	0.02204	0.14042	0.05334	0.00500	0.00136	0.00265	0.00556	0.04994	0.00480
13	0.00691	0.00533	0.00768	0.05041	0.00897	0.00537	0.08326	0.05108	0.04428	0.05472	0.04596	0.34062	0.12624	0.05951	0.05491	0.00184	0.02692	0.01880	0.00325	0.00394
14	0.02889	0.00886	0.01090	0.01089	0.15320	0.10544	0.03631	0.06779	0.00948	0.19903	0.02631	0.01095	0.00769	0.01627	0.00587	0.00128	0.19203	0.00357	0.10004	0.00521
15	0.00746	0.00703	0.01187	0.80506	0.07502	0.00865	0.01083	0.01002	0.00782	0.01007	0.00691	0.01029	0.00523	0.00385	0.00387	0.00128	0.00513	0.00345	0.00173	0.00442
16	0.00638	0.00412	0.00579	0.00563	0.00579	0.00461	0.00397	0.00602	0.00554	0.00768	0.00864	0.01529	0.00890	0.20506	0.21019	0.40178	0.08613	0.00406	0.00192	0.00249
17	0.00994	0.01152	0.09698	0.10858	0.13348	0.17332	0.17085	0.04045	0.02108	0.02996	0.00780	0.03528	0.00645	0.00507	0.02421	0.02117	0.08094	0.00369	0.01426	0.00496
18	0.05948	0.03453	0.04177	0.21074	0.16392	0.05945	0.08320	0.02306	0.08251	0.05029	0.07105	0.07201	0.01006	0.01635	0.00413	0.00127	0.00441	0.00429	0.00253	0.00494
19	0.00497	0.00357	0.00474	0.00551	0.00586	0.00340	0.00386	0.00580	0.00759	0.01010	0.04078	0.65990	0.04840	0.05055	0.03672	0.00185	0.00274	0.09698	0.00350	0.00319
20	0.00851	0.02024	0.01079	0.15227	0.15535	0.08229	0.08473	0.02878	0.05314	0.04192	0.05652	0.16948	0.03895	0.00621	0.00433	0.01408	0.00415	0.03511	0.02855	0.00460
21	0.41047	0.07181	0.03439	0.12028	0.03010	0.02691	0.02490	0.02687	0.04514	0.02585	0.04731	0.00902	0.00675	0.00438	0.01430	0.00124	0.04504	0.00289	0.00238	0.04995

[dist]
# distance from previous block
# <min> <max>
4	28

[block]
# block no. 1 follows, 70 sequences, length 18
# corresponding to MSA columns:
# 420-437
name=unknown_B
#
# <colnr> <probs for GDERKNQSTAVLIFYWHMCP>
#	G	D	E	R	K	N	Q	S	T	A	V	L	I	F	Y	W	H	M	C	P
0	0.00542	0.00370	0.00448	0.00479	0.00493	0.00366	0.00301	0.00576	0.00637	0.00849	0.01528	0.26169	0.01776	0.54879	0.03502	0.00308	0.00348	0.05883	0.00277	0.00268
1	0.01086	0.00760	0.00833	0.00720	0.00921	0.02586	0.00563	0.26863	0.20627	0.10871	0.03362	0.19351	0.01317	0.00646	0.00404	0.00127	0.00325	0.00542	0.07558	0.00540
2	0.00984	0.00810	0.00862	0.00772	0.00992	0.00925	0.00601	0.02004	0.76745	0.05479	0.01651	0.01514	0.03839	0.00539	0.00396	0.00131	0.00304	0.00448	0.00397	0.00607
3	0.89114	0.00750	0.00570	0.00510	0.00750	0.00870	0.00420	0.01140	0.00660	0.01739	0.00540	0.00630	0.00420	0.00360	0.00240	0.00120	0.00300	0.00210	0.00240	0.00420
4	0.00917	0.00786	0.00835	0.00757	0.00962	0.00901	0.00586	0.01914	0.74809	0.01587	0.05846	0.04014	0.03226	0.00570	0.00402	0.00132	0.00296	0.00480	0.00394	0.00586
5	0.01036	0.86609	0.02032	0.00663	0.00995	0.01534	0.00663	0.01161	0.00788	0.00912	0.00539	0.00622	0.00498	0.00332	0.00249	0.00083	0.00415	0.00207	0.00166	0.00498
6	0.00778	0.02005	0.84367	0.01105	0.01678	0.00900	0.01432	0.01228	0.00818	0.01228	0.00696	0.00818	0.00491	0.00368	0.00368	0.00123	0.00573	0.00286	0.00164	0.00573
7	0.00833	0.00826	0.01158	0.00997	0.01001	0.01151	0.00829	0.00920	0.00595	0.00931	0.00536	0.00883	0.00533	0.00795	0.05625	0.00193	0.81258	0.00343	0.00172	0.00420
8	0.89114	0.00750	0.00570	0.00510	0.00750	0.00870	0.00420	0.01140	0.00660	0.01739	0.00540	0.00630	0.00420	0.00360	0.00240	0.00120	0.00300	0.00210	0.00240	0.00420
9	0.00698	0.00563	0.00666	0.00668	0.00769	0.03980	0.02839	0.09044	0.09564	0.01226	0.01870	0.48801	0.04004	0.02612	0.00499	0.00154	0.00304	0.10990	0.00352	0.00396
10	0.00960	0.00921	0.01574	0.02380	0.83957	0.00921	0.01190	0.01190	0.00883	0.01267	0.00729	0.00960	0.00614	0.00345	0.00384	0.00115	0.00461	0.00345	0.00192	0.00614
11	0.00491	0.00395	0.00438	0.00432	0.00549	0.00343	0.00327	0.00617	0.00949	0.01205	0.28122	0.03497	0.56888	0.00927	0.00460	0.00130	0.00197	0.03312	0.00380	0.00340
12	0.00862	0.00965	0.03530	0.01480	0.03423	0.00893	0.67197	0.01154	0.00882	0.01198	0.00901	0.02757	0.00762	0.05319	0.02516	0.00159	0.00619	0.04681	0.00209	0.00493
13	0.00908	0.00914	0.01635	0.06859	0.14623	0.03519	0.39231	0.04383	0.06092	0.02512	0.01063	0.06963	0.04104	0.00462	0.00451	0.00129	0.02597	0.01445	0.01598	0.00513
14	0.01610	0.00698	0.02732	0.00700	0.00992	0.00606	0.00586	0.04241	0.05414	0.71513	0.05593	0.01382	0.01086	0.00495	0.00393	0.00121	0.00330	0.00404	0.00463	0.00641
15	0.01704	0.00717	0.00935	0.00717	0.01018	0.00654	0.00592	0.12644	0.01205	0.73337	0.01450	0.01268	0.00920	0.00478	0.00390	0.00119	0.00343	0.00384	0.00468	0.00660
16	0.02390	0.01204	0.31196	0.00978	0.06963	0.02721	0.02652	0.06264	0.05773	0.24318	0.01215	0.07970	0.03614	0.00501	0.00391	0.00124	0.00434	0.00417	0.00305	0.00572
17	0.01186	0.02583	0.03715	0.02666	0.27245	0.04121	0.06831	0.06968	0.04859	0.25763	0.01240	0.04949	0.05149	0.00475	0.00396	0.00120	0.00415	0.00421	0.00315	0.00583

[dist]
# distance from previous block
# <min> <max>
3	28

[block]
# block no. 2 follows, 70 sequences, length 44
# corresponding to MSA columns:
# 468-511
name=unknown_C
#
# <colnr> <probs for GDERKNQSTAVLIFYWHMCP>
#	G	D	E	R	K	N	Q	S	T	A	V	L	I	F	Y	W	H	M	C	P
0	0.02370	0.24778	0.10932	0.01891	0.01204	0.05160	0.06587	0.16898	0.06882	0.06205	0.00807	0.00867	0.00620	0.00382	0.00334	0.00101	0.00435	0.00295	0.00257	0.12995
1	0.00820	0.00697	0.01980	0.00607	0.00897	0.01886	0.00487	0.01101	0.10724	0.03835	0.08473	0.03457	0.02141	0.00453	0.01863	0.00090	0.00303	0.00339	0.00278	0.59569
2	0.02872	0.05679	0.03404	0.06509	0.28127	0.02088	0.17224	0.04195	0.02761	0.04159	0.01030	0.07129	0.04775	0.01701	0.00433	0.00123	0.01995	0.00431	0.00235	0.05129
3	0.01009	0.09534	0.23077	0.01960	0.03579	0.05046	0.10294	0.04003	0.06443	0.14630	0.04366	0.05102	0.03732	0.01648	0.00421	0.00125	0.01693	0.01585	0.01220	0.00532
4	0.00549	0.00392	0.00502	0.00517	0.00539	0.00414	0.00344	0.00601	0.00621	0.00849	0.01369	0.21804	0.01545	0.43824	0.21225	0.00376	0.03339	0.00647	0.00256	0.00286
5	0.00698	0.00377	0.00399	0.00392	0.00485	0.00375	0.00294	0.00899	0.02621	0.01468	0.15331	0.01693	0.01452	0.00511	0.00305	0.00097	0.00184	0.00421	0.71630	0.00367
6	0.01049	0.60397	0.05306	0.02202	0.02941	0.04826	0.02088	0.02782	0.11094	0.03048	0.00719	0.00780	0.00601	0.00367	0.00291	0.00095	0.00425	0.00258	0.00208	0.00522
7	0.03295	0.05936	0.07187	0.17885	0.23760	0.05039	0.11569	0.04984	0.04216	0.04038	0.01990	0.02216	0.02584	0.00428	0.00390	0.00122	0.00481	0.03128	0.00228	0.00525
8	0.02767	0.00535	0.00534	0.00539	0.00637	0.08348	0.00394	0.00752	0.02769	0.01210	0.27671	0.26792	0.22459	0.00911	0.00453	0.00133	0.00256	0.02121	0.00363	0.00356
9	0.01327	0.00917	0.01025	0.00811	0.01071	0.01008	0.00665	0.58713	0.01525	0.09395	0.01008	0.01065	0.00740	0.00751	0.10081	0.00174	0.02528	0.00361	0.06236	0.00598
10	0.03977	0.10728	0.08307	0.06192	0.09776	0.03825	0.13387	0.08774	0.04890	0.09718	0.02493	0.03459	0.03272	0.00439	0.00401	0.00116	0.02979	0.00377	0.00261	0.06627
11	0.00893	0.03250	0.14422	0.14760	0.16917	0.04651	0.19171	0.04238	0.05664	0.01233	0.02857	0.04616	0.00752	0.00432	0.00442	0.00126	0.04439	0.00399	0.00216	0.00522
12	0.00562	0.00382	0.00453	0.00453	0.00463	0.00392	0.00272	0.00583	0.00573	0.00774	0.01194	0.02386	0.01344	0.73919	0.14340	0.00413	0.00475	0.00542	0.00231	0.00252
13	0.00819	0.00843	0.05106	0.27466	0.20152	0.00844	0.16807	0.04041	0.00899	0.01226	0.09894	0.02090	0.04128	0.00453	0.00442	0.00127	0.03517	0.00428	0.00225	0.00492
14	0.01026	0.15950	0.14880	0.03123	0.05541	0.10401	0.16040	0.05665	0.04006	0.06456	0.03168	0.03510	0.00737	0.00438	0.00446	0.00119	0.07381	0.00361	0.00230	0.00521
15	0.00558	0.00379	0.00500	0.00564	0.00616	0.00358	0.00401	0.00673	0.02909	0.04574	0.06917	0.65929	0.03962	0.01123	0.00489	0.00155	0.00241	0.08940	0.00369	0.00344
16	0.02887	0.10685	0.00776	0.00553	0.00696	0.04602	0.00414	0.01080	0.00788	0.23610	0.01183	0.03253	0.01078	0.35580	0.01045	0.03170	0.00362	0.00438	0.07397	0.00405
17	0.00999	0.19513	0.10041	0.13697	0.16457	0.02556	0.12139	0.06094	0.04870	0.06450	0.00810	0.00979	0.00632	0.00383	0.00364	0.00114	0.00478	0.01198	0.01686	0.00541
18	0.01002	0.05847	0.16162	0.09918	0.10218	0.02231	0.07551	0.07114	0.03610	0.15131	0.03589	0.06851	0.04732	0.00513	0.00410	0.00125	0.01589	0.02595	0.00282	0.00532
19	0.04029	0.00518	0.00646	0.00568	0.00719	0.00495	0.00431	0.04006	0.00892	0.31205	0.05174	0.07329	0.01330	0.21133	0.05653	0.00212	0.00355	0.04312	0.10544	0.00448
20	0.15140	0.18042	0.07506	0.03321	0.02416	0.32762	0.02995	0.07320	0.00974	0.03202	0.00664	0.02040	0.00545	0.00396	0.00333	0.00107	0.01261	0.00272	0.00218	0.00486
21	0.00519	0.00399	0.00443	0.00436	0.00556	0.00344	0.00327	0.00638	0.00933	0.03520	0.22390	0.07772	0.57265	0.00937	0.00459	0.00131	0.00201	0.02005	0.00379	0.00345
22	0.04022	0.18508	0.04854	0.03070	0.07403	0.08695	0.09104	0.34016	0.01259	0.04320	0.00783	0.00862	0.00593	0.00401	0.00358	0.00110	0.00475	0.00316	0.00276	0.00574
23	0.00799	0.00735	0.00802	0.00732	0.00836	0.12986	0.01911	0.06167	0.00781	0.01035	0.00945	0.01359	0.01825	0.08719	0.42297	0.00390	0.11219	0.00388	0.03176	0.02899
24	0.01098	0.19528	0.01184	0.00795	0.01045	0.09716	0.00653	0.10172	0.45503	0.03325	0.01169	0.01126	0.00896	0.00466	0.00370	0.00116	0.01583	0.00357	0.00323	0.00575
25	0.00921	0.30451	0.01390	0.23959	0.07003	0.02211	0.00784	0.04998	0.03959	0.03868	0.04749	0.01113	0.03967	0.01518	0.02528	0.00128	0.05410	0.00340	0.00221	0.00480
26	0.00563	0.00380	0.00442	0.00442	0.00448	0.00386	0.00259	0.00576	0.00569	0.00766	0.01204	0.02441	0.01368	0.78463	0.09828	0.00399	0.00439	0.00550	0.00232	0.00245
27	0.00479	0.00394	0.00419	0.00423	0.00541	0.00338	0.00318	0.00586	0.00893	0.01096	0.12157	0.05797	0.66789	0.03570	0.00509	0.00140	0.00209	0.04647	0.00363	0.00330
28	0.00732	0.00689	0.01163	0.85444	0.02670	0.00861	0.01077	0.00991	0.00775	0.00991	0.00689	0.01034	0.00517	0.00388	0.00388	0.00129	0.00517	0.00345	0.00172	0.00431
29	0.00964	0.00833	0.00877	0.00789	0.01008	0.00964	0.00614	0.02060	0.83257	0.01622	0.01578	0.01446	0.01183	0.00526	0.00394	0.00131	0.00307	0.00438	0.00394	0.00614
30	0.00988	0.00844	0.00890	0.00794	0.01017	0.00975	0.00619	0.05773	0.79505	0.01660	0.01548	0.01423	0.01159	0.00523	0.00394	0.00131	0.00312	0.00434	0.00394	0.00616
31	0.00972	0.40564	0.36341	0.00895	0.01327	0.01205	0.03576	0.06739	0.00883	0.03291	0.00664	0.00756	0.00521	0.00360	0.00318	0.00104	0.00487	0.00263	0.00189	0.00545
32	0.01034	0.05615	0.13327	0.00818	0.04464	0.03240	0.03362	0.03600	0.05903	0.18732	0.01112	0.06214	0.03336	0.00480	0.01459	0.00110	0.00385	0.00372	0.00292	0.26144
33	0.00969	0.27150	0.04217	0.32632	0.03551	0.03172	0.06633	0.01173	0.00837	0.10022	0.00775	0.02967	0.00616	0.00391	0.00348	0.00111	0.00465	0.00325	0.00213	0.03432
34	0.00848	0.00848	0.01187	0.01018	0.01018	0.01187	0.00848	0.00933	0.00594	0.00933	0.00509	0.00848	0.00509	0.00679	0.01272	0.00170	0.85666	0.00339	0.00170	0.00424
35	0.00740	0.00662	0.01039	0.17461	0.24684	0.00698	0.04684	0.00962	0.03445	0.01199	0.11301	0.05611	0.12606	0.02029	0.00477	0.00131	0.04250	0.02454	0.05109	0.00456
36	0.00948	0.08546	0.23962	0.09578	0.18694	0.07710	0.06899	0.04611	0.00926	0.05251	0.04864	0.02016	0.03467	0.00421	0.00379	0.00117	0.00494	0.00361	0.00222	0.00534
37	0.03570	0.00835	0.00876	0.00724	0.00970	0.12235	0.00577	0.06577	0.11283	0.44599	0.08256	0.03303	0.01157	0.00513	0.00386	0.00119	0.00364	0.00412	0.02666	0.00579
38	0.00573	0.00402	0.00526	0.00492	0.00588	0.00370	0.00370	0.00755	0.01098	0.03256	0.82060	0.02863	0.03602	0.00786	0.00456	0.00122	0.00186	0.00695	0.00428	0.00372
39	0.03987	0.01133	0.17479	0.10286	0.08785	0.04733	0.27406	0.03677	0.02074	0.02603	0.00812	0.03373	0.00655	0.00458	0.01796	0.00136	0.06471	0.01308	0.02317	0.00510
40	0.00862	0.04898	0.05784	0.06525	0.08764	0.04238	0.04746	0.03733	0.01772	0.02151	0.00739	0.02733	0.00666	0.02064	0.12463	0.00212	0.35145	0.00365	0.01683	0.00456
41	0.00571	0.00380	0.00456	0.00468	0.00494	0.00371	0.00294	0.00611	0.00665	0.02915	0.06940	0.18921	0.04322	0.54947	0.04233	0.00307	0.00349	0.02195	0.00283	0.00278
42	0.00663	0.00339	0.00507	0.00510	0.00513	0.00340	0.00342	0.00512	0.00517	0.00691	0.00733	0.04019	0.00745	0.01390	0.04016	0.83089	0.00354	0.00365	0.00176	0.00179
43	0.06672	0.02919	0.16260	0.09135	0.07363	0.23622	0.05613	0.07648	0.05813	0.01267	0.02125	0.03472	0.00725	0.00452	0.00398	0.00120	0.02758	0.02905	0.00230	0.00502

[dist]
# distance from previous block
# <min> <max>
3	25

[block]
# block no. 3 follows, 70 sequences, length 28
# corresponding to MSA columns:
# 537,542-568
name=unknown_D
#
# <colnr> <probs for GDERKNQSTAVLIFYWHMCP>
#	G	D	E	R	K	N	Q	S	T	A	V	L	I	F	Y	W	H	M	C	P
0	0.73737	0.06538	0.00767	0.02013	0.00866	0.03652	0.03672	0.01153	0.00697	0.01617	0.00557	0.00658	0.00439	0.00357	0.00256	0.00116	0.00338	0.00223	0.00231	0.02113
1	0.00654	0.01805	0.00730	0.00677	0.00734	0.00602	0.02031	0.03141	0.00693	0.02578	0.01236	0.23563	0.01322	0.11352	0.29357	0.02085	0.16240	0.00591	0.00253	0.00357
2	0.00463	0.00385	0.00404	0.00415	0.00530	0.00327	0.00305	0.00559	0.00870	0.01053	0.05884	0.14864	0.70592	0.01008	0.00463	0.00134	0.00200	0.00853	0.00362	0.00327
3	0.00605	0.00472	0.00727	0.04251	0.00845	0.00541	0.03693	0.03243	0.00682	0.00969	0.01029	0.01517	0.00948	0.02594	0.73914	0.00560	0.00971	0.01860	0.00214	0.00366
4	0.00978	0.01014	0.08519	0.06120	0.46285	0.00945	0.09977	0.10896	0.06569	0.01405	0.00847	0.02181	0.00686	0.00395	0.00395	0.00121	0.00475	0.01372	0.00230	0.00589
5	0.61510	0.06345	0.00786	0.00619	0.02371	0.00919	0.00503	0.09708	0.02751	0.10373	0.00711	0.00758	0.00527	0.00385	0.00278	0.00117	0.00327	0.00251	0.00278	0.00483
6	0.01005	0.00956	0.06920	0.02330	0.25545	0.02455	0.03952	0.17088	0.19320	0.02568	0.03637	0.05829	0.02474	0.01963	0.00443	0.00128	0.02091	0.00430	0.00296	0.00572
7	0.00662	0.00574	0.00830	0.00768	0.00812	0.00743	0.00618	0.00781	0.00612	0.00912	0.00844	0.01275	0.00800	0.02089	0.54137	0.00456	0.32130	0.00387	0.00194	0.00375
8	0.01096	0.01458	0.39340	0.01056	0.06584	0.02622	0.01059	0.28245	0.04407	0.06788	0.01833	0.00951	0.00655	0.00419	0.00377	0.00119	0.00484	0.00328	0.01575	0.00603
9	0.89114	0.00750	0.00570	0.00510	0.00750	0.00870	0.00420	0.01140	0.00660	0.01739	0.00540	0.00630	0.00420	0.00360	0.00240	0.00120	0.00300	0.00210	0.00240	0.00420
10	0.00666	0.00341	0.00512	0.00512	0.00516	0.00345	0.00345	0.00516	0.00512	0.00687	0.00695	0.01199	0.00691	0.01439	0.06462	0.83491	0.00378	0.00341	0.00171	0.00179
11	0.00554	0.00415	0.00623	0.00623	0.00692	0.00485	0.00485	0.00692	0.00623	0.00900	0.01038	0.01523	0.00969	0.02908	0.84839	0.00623	0.01038	0.00415	0.00208	0.00346
12	0.01131	0.00760	0.00776	0.00640	0.00843	0.03859	0.00513	0.38524	0.01298	0.04882	0.01096	0.01177	0.00821	0.00457	0.00332	0.00104	0.00318	0.00353	0.41602	0.00512
13	0.00749	0.03172	0.00662	0.00567	0.00723	0.00561	0.00440	0.01139	0.21591	0.08320	0.38481	0.02493	0.18121	0.00722	0.00430	0.00125	0.00236	0.00617	0.00402	0.00449
14	0.01358	0.00987	0.01110	0.00866	0.01156	0.03898	0.04282	0.52845	0.07945	0.11398	0.02683	0.01070	0.00794	0.00559	0.03692	0.00136	0.00439	0.00367	0.00371	0.04044
15	0.01002	0.75460	0.12881	0.00722	0.01085	0.01450	0.00765	0.01170	0.00792	0.00954	0.00560	0.00648	0.00497	0.00337	0.00265	0.00088	0.00435	0.00218	0.00166	0.00507
16	0.00778	0.02005	0.84367	0.01105	0.01678	0.00900	0.01432	0.01228	0.00818	0.01228	0.00696	0.00818	0.00491	0.00368	0.00368	0.00123	0.00573	0.00286	0.00164	0.00573
17	0.02813	0.00699	0.00794	0.03990	0.00956	0.00752	0.00556	0.08781	0.33969	0.18987	0.01401	0.01423	0.01037	0.00501	0.00367	0.00120	0.00305	0.02625	0.19367	0.00555
18	0.00563	0.00378	0.00433	0.00433	0.00437	0.00381	0.00248	0.00570	0.00567	0.00759	0.01212	0.02485	0.01387	0.82075	0.06242	0.00389	0.00410	0.00556	0.00234	0.00241
19	0.00521	0.00377	0.00524	0.00558	0.00608	0.00390	0.00403	0.00616	0.00715	0.00983	0.08217	0.36414	0.05567	0.04041	0.34346	0.03811	0.00554	0.00738	0.00294	0.00324
20	0.01054	0.00774	0.00894	0.00714	0.02406	0.00725	0.00562	0.13191	0.18640	0.12044	0.01044	0.01087	0.00794	0.00403	0.00344	0.00093	0.00321	0.01653	0.00321	0.42938
21	0.02278	0.18018	0.33637	0.03959	0.04305	0.04355	0.07992	0.06958	0.00922	0.06175	0.01986	0.00873	0.00598	0.00373	0.00350	0.00110	0.00496	0.00300	0.00213	0.06101
22	0.04705	0.12372	0.03272	0.00982	0.09317	0.03353	0.02377	0.29376	0.16743	0.09533	0.00991	0.01005	0.00737	0.00444	0.00392	0.00117	0.03023	0.00343	0.00322	0.00598
23	0.00942	0.11759	0.07752	0.01591	0.20611	0.01036	0.41366	0.01212	0.00869	0.02726	0.00732	0.00950	0.00578	0.00359	0.00457	0.00123	0.05825	0.00380	0.00193	0.00541
24	0.00546	0.00404	0.00497	0.00490	0.00582	0.00377	0.00361	0.00736	0.04574	0.01381	0.51308	0.16766	0.15722	0.00869	0.00454	0.00129	0.00197	0.00763	0.03481	0.00362
25	0.03720	0.00889	0.13803	0.06026	0.08343	0.01681	0.05044	0.01168	0.16326	0.02398	0.13301	0.02739	0.12960	0.00598	0.00475	0.00131	0.06723	0.02900	0.00293	0.00483
26	0.04319	0.10888	0.24429	0.06397	0.19082	0.03527	0.06332	0.02650	0.02735	0.01197	0.00894	0.05611	0.03236	0.00456	0.00407	0.01355	0.02443	0.01316	0.00207	0.02518
27	0.05499	0.08556	0.03950	0.08386	0.09243	0.04152	0.07436	0.07098	0.02511	0.09688	0.17263	0.09989	0.01456	0.00569	0.00399	0.00123	0.00383	0.02507	0.00304	0.00484

[dist]
# distance from previous block
# <min> <max>
2	23

[block]
# block no. 4 follows, 70 sequences, length 31
# corresponding to MSA columns:
# 602-632
name=unknown_E
#
# <colnr> <probs for GDERKNQSTAVLIFYWHMCP>
#	G	D	E	R	K	N	Q	S	T	A	V	L	I	F	Y	W	H	M	C	P
0	0.00786	0.00618	0.00744	0.00783	0.09521	0.00623	0.00531	0.04950	0.22954	0.05889	0.07602	0.14337	0.23964	0.00734	0.00424	0.00128	0.00279	0.00630	0.00358	0.04144
1	0.00859	0.08756	0.66878	0.01015	0.01526	0.00930	0.01256	0.05067	0.00876	0.04724	0.00829	0.02245	0.02550	0.00403	0.00365	0.00120	0.00528	0.00313	0.00195	0.00565
2	0.01242	0.00988	0.01015	0.00834	0.01095	0.04543	0.00670	0.44382	0.33593	0.02019	0.01184	0.01144	0.00872	0.00486	0.00384	0.00121	0.00381	0.00380	0.04047	0.00620
3	0.60411	0.00866	0.00778	0.05646	0.10305	0.09288	0.00583	0.02463	0.00755	0.01544	0.00624	0.02498	0.00514	0.00430	0.01842	0.00128	0.00385	0.00262	0.00231	0.00446
4	0.01129	0.05797	0.01251	0.11168	0.07422	0.23735	0.03334	0.12575	0.02897	0.03244	0.00690	0.00869	0.00564	0.00476	0.00606	0.00127	0.23082	0.00317	0.00224	0.00496
5	0.02228	0.01092	0.25667	0.03466	0.08521	0.00714	0.04556	0.01190	0.05093	0.08057	0.09219	0.01124	0.00924	0.00401	0.00361	0.00104	0.00405	0.00342	0.00253	0.26284
6	0.00584	0.00404	0.00522	0.00490	0.00590	0.00369	0.00368	0.00757	0.01073	0.04541	0.73028	0.05249	0.08945	0.00806	0.00456	0.00123	0.00190	0.00709	0.00422	0.00373
7	0.00792	0.02816	0.51097	0.00935	0.02479	0.00820	0.01066	0.07949	0.03228	0.01343	0.10268	0.01373	0.08417	0.01867	0.00437	0.00127	0.02839	0.00396	0.01227	0.00524
8	0.00670	0.00404	0.00627	0.00592	0.00619	0.00428	0.03799	0.00587	0.00546	0.00747	0.00743	0.01251	0.00730	0.04061	0.14375	0.64551	0.04508	0.00361	0.00178	0.00225
9	0.00876	0.00795	0.04833	0.00868	0.01073	0.00805	0.11536	0.08113	0.25351	0.04197	0.09312	0.05388	0.05306	0.02297	0.00539	0.00143	0.07949	0.09783	0.00332	0.00502
10	0.01054	0.01378	0.31785	0.01255	0.14044	0.02112	0.08124	0.24674	0.06172	0.02963	0.00839	0.00937	0.00617	0.00406	0.00401	0.00121	0.01923	0.00340	0.00255	0.00599
11	0.00778	0.02005	0.84367	0.01105	0.01678	0.00900	0.01432	0.01228	0.00818	0.01228	0.00696	0.00818	0.00491	0.00368	0.00368	0.00123	0.00573	0.00286	0.00164	0.00573
12	0.00840	0.08011	0.32970	0.01942	0.09995	0.00911	0.02287	0.02465	0.18688	0.01297	0.05013	0.04075	0.02435	0.00517	0.01862	0.00132	0.03991	0.00387	0.01640	0.00542
13	0.01428	0.01786	0.01079	0.00978	0.01177	0.80254	0.00735	0.03641	0.01109	0.01002	0.00627	0.00726	0.00518	0.00403	0.00348	0.00100	0.00677	0.00255	0.02703	0.00452
14	0.00564	0.00420	0.00622	0.00618	0.00680	0.00490	0.00476	0.00686	0.00616	0.00887	0.01026	0.01549	0.00973	0.06994	0.76478	0.03147	0.02812	0.00419	0.00207	0.00337
15	0.00674	0.00549	0.00786	0.00958	0.17259	0.00573	0.00613	0.00801	0.00782	0.01059	0.05238	0.04326	0.08415	0.22150	0.02673	0.00217	0.07895	0.24374	0.00277	0.00381
16	0.00564	0.00376	0.00423	0.00423	0.00423	0.00376	0.00235	0.00564	0.00564	0.00752	0.01222	0.02537	0.01409	0.86375	0.01973	0.00376	0.00376	0.00564	0.00235	0.00235
17	0.00828	0.02922	0.01332	0.46014	0.29631	0.00884	0.03478	0.01067	0.00814	0.01105	0.00698	0.00981	0.00555	0.00369	0.00393	0.00119	0.01943	0.00337	0.00183	0.06345
18	0.00488	0.00349	0.00468	0.00558	0.00587	0.00329	0.00388	0.00567	0.00758	0.01007	0.02128	0.77586	0.02529	0.01200	0.00499	0.00160	0.00239	0.09481	0.00360	0.00319
19	0.09561	0.01017	0.02499	0.04737	0.02950	0.01111	0.00725	0.61535	0.06349	0.02177	0.00920	0.00975	0.00675	0.02512	0.00412	0.00124	0.00414	0.00345	0.00353	0.00611
20	0.02739	0.02031	0.04903	0.04554	0.09765	0.01900	0.13369	0.16649	0.02396	0.21665	0.01055	0.03390	0.00816	0.03021	0.00493	0.00132	0.05020	0.03026	0.00312	0.02763
21	0.00567	0.00394	0.00477	0.00480	0.00492	0.00411	0.00302	0.00596	0.00593	0.00802	0.01262	0.07612	0.01428	0.66054	0.11658	0.00380	0.02909	0.03080	0.00241	0.00262
22	0.00887	0.00899	0.01558	0.25513	0.23373	0.04044	0.25581	0.02864	0.04833	0.01197	0.00842	0.05105	0.00696	0.00407	0.00412	0.00126	0.00524	0.00416	0.00210	0.00515
23	0.06914	0.33702	0.23131	0.00965	0.07351	0.04526	0.03631	0.05604	0.04427	0.01211	0.00673	0.00778	0.00543	0.00370	0.00340	0.00106	0.02590	0.00270	0.00198	0.02671
24	0.02404	0.13101	0.07311	0.13968	0.13973	0.00914	0.14923	0.02508	0.00876	0.08767	0.03260	0.01074	0.03149	0.00399	0.00396	0.00113	0.03011	0.00355	0.00229	0.09271
25	0.00482	0.00349	0.00455	0.00524	0.00562	0.00322	0.00357	0.00566	0.00798	0.01069	0.13154	0.69887	0.07752	0.01144	0.00488	0.00151	0.00218	0.01031	0.00369	0.00322
26	0.00636	0.00605	0.04578	0.12753	0.08378	0.00551	0.07303	0.00799	0.00837	0.03016	0.05391	0.26063	0.24595	0.00803	0.00459	0.00136	0.01680	0.00715	0.00299	0.00401
27	0.02081	0.16902	0.19626	0.05967	0.07567	0.05793	0.07707	0.04266	0.02116	0.05153	0.00746	0.00918	0.00596	0.00574	0.05933	0.00151	0.10669	0.00317	0.02407	0.00511
28	0.00676	0.00448	0.00643	0.00647	0.03074	0.00506	0.00446	0.00615	0.00565	0.00783	0.00860	0.09381	0.00914	0.10304	0.04725	0.49721	0.14806	0.00438	0.00196	0.00253
29	0.00514	0.00371	0.00479	0.00525	0.00586	0.00353	0.00372	0.00604	0.00769	0.02917	0.04149	0.50424	0.19680	0.01423	0.14678	0.00228	0.00357	0.00900	0.00339	0.00332
30	0.01796	0.05310	0.08357	0.15758	0.23160	0.08402	0.04615	0.16352	0.02762	0.01391	0.02244	0.03597	0.02332	0.00442	0.00385	0.00119	0.00478	0.01721	0.00242	0.00539

[dist]
# distance from previous block
# <min> <max>
4	10

[block]
# block no. 5 follows, 70 sequences, length 10
# corresponding to MSA columns:
# 644-648,654-658
name=unknown_F
#
# <colnr> <probs for GDERKNQSTAVLIFYWHMCP>
#	G	D	E	R	K	N	Q	S	T	A	V	L	I	F	Y	W	H	M	C	P
0	0.02715	0.05002	0.16734	0.02795	0.14893	0.02902	0.02229	0.09285	0.06225	0.15685	0.07104	0.01192	0.02259	0.00513	0.02863	0.00129	0.00432	0.00367	0.00291	0.06384
1	0.00931	0.00858	0.03430	0.05618	0.13401	0.05388	0.09606	0.11841	0.06208	0.04130	0.09998	0.05740	0.07188	0.00527	0.00434	0.00118	0.03714	0.00457	0.00288	0.10124
2	0.00666	0.00521	0.00773	0.14648	0.10122	0.00578	0.00590	0.00793	0.00693	0.02804	0.05347	0.01736	0.01117	0.27331	0.27680	0.00360	0.03196	0.00453	0.00225	0.00366
3	0.02164	0.03653	0.02815	0.17999	0.05397	0.00860	0.07021	0.05033	0.08579	0.01144	0.00966	0.03902	0.00879	0.05758	0.11654	0.00216	0.15443	0.05837	0.00233	0.00448
4	0.04033	0.08720	0.04973	0.08903	0.11832	0.11120	0.07324	0.08844	0.06397	0.06812	0.02095	0.06869	0.00803	0.00464	0.00411	0.00117	0.04082	0.00383	0.00256	0.05561
5	0.03318	0.08567	0.13398	0.03326	0.03621	0.02317	0.14706	0.03203	0.04178	0.08723	0.02927	0.08465	0.16250	0.02782	0.00441	0.00129	0.00410	0.00504	0.00277	0.02456
6	0.00602	0.00400	0.00505	0.00508	0.00603	0.00361	0.00375	0.00730	0.00940	0.07688	0.33543	0.28129	0.19385	0.00944	0.00466	0.00136	0.00216	0.03707	0.00395	0.00365
7	0.00598	0.00496	0.00661	0.03571	0.05118	0.02105	0.02044	0.02196	0.00829	0.01113	0.14121	0.43502	0.10182	0.03593	0.00583	0.00152	0.07620	0.00824	0.00329	0.00363
8	0.02601	0.14758	0.01598	0.10476	0.14156	0.08327	0.22097	0.07085	0.05061	0.03157	0.00772	0.00939	0.00607	0.00376	0.00391	0.00114	0.02282	0.00344	0.01646	0.03212
9	0.02372	0.03074	0.17458	0.00791	0.00992	0.02905	0.06350	0.07812	0.02501	0.01106	0.00981	0.09019	0.00948	0.03797	0.02183	0.27551	0.02667	0.06879	0.00230	0.00385

[dist]
# distance from previous block
# <min> <max>
3	18

[block]
# block no. 6 follows, 70 sequences, length 24
# corresponding to MSA columns:
# 677-698,701,702
name=unknown_G
#
# <colnr> <probs for GDERKNQSTAVLIFYWHMCP>
#	G	D	E	R	K	N	Q	S	T	A	V	L	I	F	Y	W	H	M	C	P
0	0.00538	0.02510	0.05428	0.00585	0.00662	0.00413	0.00445	0.02355	0.02266	0.01047	0.02032	0.69096	0.05438	0.02438	0.00500	0.00155	0.00260	0.03140	0.00343	0.00347
1	0.06438	0.03154	0.08969	0.08877	0.02893	0.00767	0.18969	0.02879	0.02453	0.04358	0.01844	0.00941	0.00628	0.00385	0.01752	0.00107	0.00440	0.00319	0.00227	0.33598
2	0.01046	0.81033	0.04153	0.00688	0.01021	0.04816	0.00687	0.01178	0.00801	0.00922	0.00545	0.00630	0.00497	0.00335	0.00256	0.00085	0.00430	0.00211	0.00167	0.00498
3	0.00472	0.00348	0.00442	0.00514	0.00556	0.00318	0.00349	0.00547	0.00774	0.01012	0.04286	0.70711	0.15919	0.01167	0.00488	0.00152	0.00219	0.01046	0.00361	0.00318
4	0.01474	0.01086	0.01163	0.00892	0.01202	0.01202	0.00737	0.82664	0.01823	0.02443	0.00931	0.00931	0.00659	0.00465	0.00388	0.00116	0.00427	0.00349	0.00388	0.00659
5	0.00492	0.00391	0.00443	0.00445	0.00554	0.00342	0.00334	0.00616	0.00935	0.01195	0.26960	0.10265	0.50566	0.00949	0.00464	0.00132	0.00201	0.03997	0.00379	0.00339
6	0.01440	0.01069	0.01145	0.00885	0.01189	0.01187	0.00729	0.77355	0.07187	0.02389	0.00973	0.00965	0.00694	0.00469	0.00388	0.00117	0.00419	0.00355	0.00388	0.00656
7	0.00732	0.00689	0.01163	0.85444	0.02670	0.00861	0.01077	0.00991	0.00775	0.00991	0.00689	0.01034	0.00517	0.00388	0.00388	0.00129	0.00517	0.00345	0.00172	0.00431
8	0.00861	0.07522	0.03103	0.05175	0.02234	0.00718	0.09482	0.07213	0.00888	0.01290	0.00802	0.06460	0.00703	0.00378	0.00332	0.00085	0.00365	0.00328	0.00237	0.51824
9	0.01096	0.00830	0.01060	0.21951	0.10279	0.03289	0.00790	0.27509	0.03480	0.10374	0.07188	0.01405	0.06574	0.00505	0.00399	0.00122	0.00412	0.01878	0.00318	0.00541
10	0.01304	0.10676	0.06160	0.00986	0.07227	0.13848	0.00786	0.42164	0.06820	0.03822	0.00870	0.00922	0.00656	0.01568	0.00387	0.00115	0.00467	0.00324	0.00308	0.00593
11	0.00769	0.00730	0.01211	0.68188	0.11641	0.00899	0.01068	0.01007	0.00770	0.01016	0.00677	0.01008	0.00527	0.00410	0.00470	0.00131	0.08508	0.00344	0.00174	0.00451
12	0.00534	0.00379	0.00484	0.00519	0.00578	0.00357	0.00365	0.02823	0.00893	0.01231	0.27980	0.50239	0.06054	0.01016	0.00468	0.00141	0.00214	0.00909	0.04473	0.00343
13	0.01031	0.02107	0.01318	0.01135	0.10266	0.00992	0.14636	0.21884	0.09851	0.01525	0.00842	0.00989	0.00666	0.00516	0.02971	0.00135	0.15383	0.00358	0.00266	0.13128
14	0.00673	0.00337	0.00505	0.00505	0.00505	0.00337	0.00337	0.00505	0.00505	0.00673	0.00673	0.01178	0.00673	0.01347	0.01515	0.88721	0.00337	0.00337	0.00168	0.00168
15	0.69135	0.00742	0.00653	0.00557	0.00811	0.00821	0.00459	0.03793	0.00784	0.18080	0.00748	0.00775	0.00534	0.00387	0.00274	0.00120	0.00310	0.00250	0.00292	0.00475
16	0.00473	0.00395	0.00414	0.00422	0.00545	0.00336	0.00321	0.00579	0.00888	0.01072	0.06741	0.06116	0.73086	0.00987	0.00464	0.00134	0.00207	0.06127	0.00362	0.00330
17	0.00894	0.04133	0.08882	0.06465	0.01156	0.00669	0.02463	0.04312	0.03232	0.06144	0.00770	0.00873	0.00603	0.00329	0.00317	0.00079	0.00352	0.00267	0.00242	0.57816
18	0.00636	0.00470	0.00584	0.00537	0.00649	0.00461	0.00407	0.06215	0.06804	0.01603	0.70456	0.04880	0.03261	0.00764	0.00449	0.00123	0.00209	0.00670	0.00420	0.00401
19	0.00804	0.00689	0.00804	0.00574	0.00919	0.00517	0.00459	0.00976	0.00804	0.01263	0.00689	0.00804	0.00574	0.00287	0.00287	0.00057	0.00287	0.00230	0.00230	0.88745
20	0.35476	0.08575	0.04613	0.03317	0.01008	0.17513	0.01821	0.09653	0.03241	0.01473	0.00702	0.00831	0.00562	0.02679	0.00354	0.00119	0.01277	0.00270	0.06054	0.00463
21	0.01028	0.82629	0.01992	0.00680	0.00996	0.01518	0.00672	0.01150	0.00779	0.00913	0.00538	0.00632	0.00498	0.00348	0.00296	0.00087	0.04370	0.00213	0.00166	0.00494
22	0.03046	0.16276	0.20304	0.00798	0.02483	0.03233	0.00779	0.08453	0.01881	0.04023	0.00714	0.00808	0.00562	0.00355	0.00341	0.00092	0.02675	0.00262	0.00225	0.32690
23	0.03011	0.03333	0.08701	0.00895	0.01201	0.05998	0.02700	0.47836	0.17206	0.01978	0.01016	0.02639	0.00761	0.00470	0.00382	0.00119	0.00432	0.00365	0.00344	0.00612

[dist]
# distance from previous block
# <min> <max>
0	1

[block]
# block no. 7 follows, 70 sequences, length 20
# corresponding to MSA columns:
# 704-723
name=unknown_H
#
# <colnr> <probs for GDERKNQSTAVLIFYWHMCP>
#	G	D	E	R	K	N	Q	S	T	A	V	L	I	F	Y	W	H	M	C	P
0	0.00884	0.00978	0.02012	0.01475	0.01784	0.00989	0.64306	0.01160	0.00845	0.01171	0.00752	0.01038	0.00595	0.00526	0.05164	0.00164	0.15034	0.00435	0.00192	0.00497
1	0.00943	0.00789	0.00949	0.02606	0.14574	0.00870	0.00678	0.09902	0.44958	0.01604	0.09596	0.01511	0.03453	0.00522	0.00393	0.00124	0.00326	0.00444	0.05189	0.00569
2	0.00511	0.00421	0.00455	0.00451	0.00577	0.00376	0.00345	0.00683	0.05380	0.01171	0.17195	0.03506	0.60621	0.00931	0.00459	0.00132	0.00210	0.05852	0.00373	0.00351
3	0.00554	0.00415	0.00623	0.00623	0.00692	0.00485	0.00485	0.00692	0.00623	0.00900	0.01038	0.01523	0.00969	0.02908	0.84839	0.00623	0.01038	0.00415	0.00208	0.00346
4	0.00549	0.00396	0.00518	0.00488	0.00579	0.00366	0.00366	0.00732	0.01097	0.01555	0.83752	0.02896	0.03658	0.00793	0.00457	0.00122	0.00183	0.00701	0.00427	0.00366
5	0.00673	0.00337	0.00505	0.00505	0.00505	0.00337	0.00337	0.00505	0.00505	0.00673	0.00673	0.01178	0.00673	0.01347	0.01515	0.88721	0.00337	0.00337	0.00168	0.00168
6	0.00521	0.00362	0.00453	0.00494	0.00518	0.00348	0.00320	0.00579	0.00719	0.00969	0.11271	0.41655	0.02235	0.34042	0.01063	0.00238	0.00282	0.03319	0.00319	0.00291
7	0.01036	0.86609	0.02032	0.00663	0.00995	0.01534	0.00663	0.01161	0.00788	0.00912	0.00539	0.00622	0.00498	0.00332	0.00249	0.00083	0.00415	0.00207	0.00166	0.00498
8	0.01739	0.00660	0.00900	0.00690	0.00990	0.00570	0.00570	0.01889	0.01110	0.84226	0.01529	0.01320	0.00960	0.00480	0.00390	0.00120	0.00330	0.00390	0.00480	0.00660
9	0.00476	0.00340	0.00453	0.00538	0.00563	0.00317	0.00360	0.00548	0.00758	0.01014	0.05691	0.82498	0.02612	0.01196	0.00493	0.00156	0.00223	0.01085	0.00363	0.00317
10	0.00652	0.00434	0.00525	0.00501	0.00609	0.00413	0.00375	0.03000	0.04796	0.05358	0.42602	0.13883	0.11829	0.00789	0.00429	0.00124	0.00209	0.00686	0.12398	0.00387
11	0.01397	0.01737	0.01067	0.00965	0.01163	0.77022	0.00726	0.04295	0.01124	0.01036	0.05451	0.00835	0.00689	0.00425	0.00357	0.00102	0.00660	0.00279	0.00219	0.00452
12	0.00554	0.00415	0.00623	0.00623	0.00692	0.00485	0.00485	0.00692	0.00623	0.00900	0.01038	0.01523	0.00969	0.02908	0.84839	0.00623	0.01038	0.00415	0.00208	0.00346
13	0.00534	0.00366	0.00474	0.00529	0.00585	0.00336	0.00370	0.00624	0.00816	0.04325	0.10942	0.61698	0.11964	0.01109	0.00484	0.00150	0.00226	0.03759	0.00372	0.00337
14	0.01062	0.00884	0.00952	0.00855	0.03481	0.01009	0.00654	0.17450	0.65263	0.01768	0.01429	0.01334	0.01066	0.00509	0.00393	0.00128	0.00334	0.00419	0.00387	0.00622
15	0.06226	0.00640	0.00793	0.01782	0.03961	0.00634	0.00538	0.16005	0.01181	0.24716	0.33171	0.01855	0.01921	0.00628	0.01580	0.00127	0.00304	0.01767	0.01658	0.00514
16	0.00978	0.00575	0.00724	0.01728	0.00833	0.00551	0.02596	0.08787	0.06869	0.23860	0.11181	0.14323	0.18828	0.00739	0.00429	0.00130	0.00285	0.02995	0.03111	0.00480
17	0.72409	0.05484	0.02489	0.00685	0.06728	0.04566	0.00523	0.01164	0.00705	0.01616	0.00559	0.00660	0.00443	0.00359	0.00258	0.00117	0.00341	0.00223	0.00229	0.00442
18	0.12618	0.00477	0.00607	0.00586	0.00679	0.00541	0.00451	0.00752	0.00652	0.01038	0.04063	0.01593	0.03866	0.11025	0.53701	0.00464	0.03701	0.00420	0.00227	0.02542
19	0.02288	0.02834	0.00738	0.00553	0.00813	0.00522	0.00430	0.03678	0.00830	0.01232	0.03860	0.08982	0.08569	0.06549	0.00448	0.00102	0.00284	0.00405	0.00264	0.56619

[dist]
# distance from previous block
# <min> <max>
5	37

[block]
# block no. 8 follows, 70 sequences, length 25
# corresponding to MSA columns:
# 765-789
name=unknown_I
#
# <colnr> <probs for GDERKNQSTAVLIFYWHMCP>
#	G	D	E	R	K	N	Q	S	T	A	V	L	I	F	Y	W	H	M	C	P
0	0.00707	0.00563	0.01760	0.01538	0.00771	0.00577	0.02421	0.05467	0.14961	0.01487	0.39754	0.06118	0.04794	0.00785	0.03620	0.00145	0.03941	0.02221	0.07943	0.00429
1	0.00870	0.00912	0.01545	0.01218	0.01346	0.01120	0.27419	0.01033	0.00698	0.01033	0.00598	0.00912	0.00535	0.00564	0.01007	0.00157	0.58018	0.00378	0.00178	0.00456
2	0.00514	0.00386	0.00470	0.00467	0.00555	0.00348	0.00340	0.00649	0.00965	0.01301	0.46707	0.15504	0.25036	0.04372	0.00524	0.00140	0.00201	0.00787	0.00391	0.00343
3	0.00492	0.00388	0.00432	0.00430	0.00540	0.00338	0.00319	0.00614	0.00930	0.01196	0.26129	0.10070	0.52469	0.00933	0.00456	0.00129	0.00194	0.00796	0.02805	0.00338
4	0.89114	0.00750	0.00570	0.00510	0.00750	0.00870	0.00420	0.01140	0.00660	0.01739	0.00540	0.00630	0.00420	0.00360	0.00240	0.00120	0.00300	0.00210	0.00240	0.00420
5	0.00943	0.00900	0.01531	0.02303	0.80581	0.00899	0.01156	0.01171	0.00891	0.01278	0.04091	0.01038	0.00737	0.00364	0.00387	0.00115	0.00449	0.00360	0.00201	0.00604
6	0.01029	0.84231	0.04345	0.00676	0.01014	0.01516	0.00685	0.01163	0.00789	0.00921	0.00543	0.00627	0.00497	0.00333	0.00252	0.00084	0.00419	0.00210	0.00166	0.00500
7	0.00458	0.00393	0.00393	0.00393	0.00524	0.00327	0.00295	0.00556	0.00884	0.01047	0.03927	0.03731	0.83800	0.00982	0.00458	0.00131	0.00196	0.00818	0.00360	0.00327
8	0.00586	0.00450	0.02424	0.00568	0.00656	0.00403	0.01421	0.03058	0.03610	0.04278	0.09991	0.53189	0.14109	0.01036	0.00473	0.00146	0.00245	0.02626	0.00366	0.00364
9	0.00896	0.00850	0.01411	0.25763	0.55469	0.00907	0.01120	0.01191	0.06316	0.01212	0.00774	0.01013	0.00624	0.00369	0.00386	0.00120	0.00466	0.00351	0.00200	0.00562
10	0.00590	0.00406	0.00453	0.00447	0.00462	0.00415	0.00260	0.00663	0.06048	0.00809	0.01245	0.02465	0.01394	0.80682	0.01869	0.00360	0.00371	0.00555	0.00245	0.00260
11	0.00848	0.00848	0.01187	0.01018	0.01018	0.01187	0.00848	0.00933	0.00594	0.00933	0.00509	0.00848	0.00509	0.00679	0.01272	0.00170	0.85666	0.00339	0.00170	0.00424
12	0.20601	0.00644	0.00735	0.00605	0.00848	0.00632	0.00491	0.02921	0.06383	0.44266	0.01338	0.03202	0.02766	0.00481	0.00345	0.00118	0.00298	0.00375	0.12402	0.00548
13	0.00486	0.00388	0.00434	0.00435	0.00543	0.00339	0.00322	0.00596	0.00904	0.01143	0.21326	0.11125	0.54753	0.01014	0.02434	0.02044	0.00219	0.00799	0.00367	0.00332
14	0.00562	0.00428	0.00623	0.00618	0.00680	0.00498	0.00475	0.00686	0.00629	0.00899	0.01139	0.03948	0.03337	0.07982	0.71464	0.00562	0.04462	0.00452	0.00216	0.00341
15	0.00660	0.00338	0.00500	0.00504	0.00505	0.00337	0.00334	0.00509	0.00518	0.00691	0.00759	0.05164	0.00785	0.04116	0.01483	0.81728	0.00333	0.00380	0.00179	0.00177
16	0.00852	0.00719	0.00829	0.00600	0.00940	0.00573	0.00481	0.06420	0.02830	0.01350	0.00726	0.00828	0.00594	0.00305	0.00296	0.00063	0.00297	0.00243	0.00244	0.80810
17	0.01556	0.00717	0.00901	0.00705	0.00988	0.00676	0.00578	0.14314	0.06650	0.59889	0.01574	0.01409	0.05722	0.00509	0.00392	0.00120	0.00333	0.00411	0.01923	0.00632
18	0.00548	0.00380	0.00448	0.00472	0.00498	0.00371	0.00305	0.00588	0.00658	0.00862	0.01695	0.15447	0.08904	0.55926	0.01447	0.00298	0.00335	0.10269	0.00279	0.00270
19	0.00472	0.00337	0.00450	0.00540	0.00562	0.00315	0.00360	0.00540	0.00742	0.00990	0.02137	0.86122	0.02564	0.01215	0.00495	0.00157	0.00225	0.01102	0.00360	0.00315
20	0.00571	0.00438	0.00614	0.00659	0.00735	0.00435	0.03178	0.00702	0.00827	0.01081	0.02193	0.32650	0.11651	0.01070	0.00540	0.00164	0.03842	0.37957	0.00345	0.00347
21	0.10627	0.00687	0.00877	0.00680	0.00974	0.00627	0.00561	0.05165	0.01093	0.72432	0.01404	0.01233	0.00892	0.00467	0.00375	0.00120	0.00331	0.00370	0.00452	0.00635
22	0.01392	0.00608	0.00793	0.00660	0.00887	0.01929	0.00522	0.03992	0.01040	0.58281	0.02996	0.22417	0.01386	0.00666	0.00416	0.00129	0.00310	0.00569	0.00442	0.00566
23	0.52359	0.12984	0.02343	0.02077	0.04404	0.11196	0.01746	0.06710	0.00827	0.01528	0.00590	0.00687	0.00470	0.00367	0.00278	0.00112	0.00393	0.00236	0.00230	0.00463
24	0.00527	0.00421	0.02299	0.03093	0.00679	0.00382	0.00426	0.02746	0.00810	0.01066	0.04580	0.58900	0.12390	0.02555	0.00509	0.00156	0.00255	0.07519	0.00350	0.00338

[dist]
# distance from previous block
# <min> <max>
0	15

[block]
# block no. 9 follows, 70 sequences, length 32
# corresponding to MSA columns:
# 805-816,818-837
name=unknown_J
#
# <colnr> <probs for GDERKNQSTAVLIFYWHMCP>
#	G	D	E	R	K	N	Q	S	T	A	V	L	I	F	Y	W	H	M	C	P
0	0.00906	0.05001	0.22245	0.03218	0.02664	0.00777	0.00790	0.10885	0.02087	0.02667	0.00737	0.00842	0.00572	0.00347	0.00340	0.00089	0.01609	0.00270	0.00232	0.43722
1	0.00630	0.00485	0.00602	0.00559	0.00716	0.00402	0.00408	0.00743	0.00776	0.02678	0.01551	0.49253	0.01740	0.00831	0.00411	0.00118	0.00254	0.02233	0.00311	0.35298
2	0.00844	0.00728	0.00824	0.00595	0.00936	0.02240	0.00476	0.04258	0.00851	0.01304	0.00697	0.00807	0.00576	0.00297	0.00292	0.00061	0.00301	0.00235	0.00235	0.83443
3	0.03211	0.03302	0.05466	0.23911	0.35245	0.02715	0.07560	0.02718	0.01929	0.02125	0.00714	0.00956	0.00573	0.00391	0.00455	0.00124	0.07535	0.00343	0.00194	0.00530
4	0.00929	0.00901	0.01490	0.20202	0.16136	0.03683	0.24706	0.04353	0.11739	0.02784	0.01824	0.01092	0.00704	0.00407	0.00451	0.00127	0.04935	0.00392	0.02622	0.00524
5	0.00482	0.00376	0.00438	0.00460	0.00548	0.00331	0.00331	0.00588	0.00884	0.01137	0.20361	0.30073	0.40574	0.01016	0.00470	0.00138	0.00203	0.00885	0.00374	0.00331
6	0.00529	0.00392	0.00501	0.00524	0.00576	0.00390	0.00371	0.00624	0.00791	0.01076	0.18016	0.34859	0.11898	0.12496	0.08344	0.00218	0.04004	0.02014	0.02051	0.00325
