[name]
unknown

[dist]
# distance from previous block
# <min> <max>
0	348

[block]
# block no. 0 follows, 83 sequences, length 38
# corresponding to MSA columns:
# 355-369,377-399
name=unknown_A
#
# <colnr> <probs for GDERKNQSTAVLIFYWHMCP>
#	G	D	E	R	K	N	Q	S	T	A	V	L	I	F	Y	W	H	M	C	P
0	0.00532	0.00381	0.00529	0.00605	0.00679	0.00378	0.00520	0.00678	0.00768	0.00999	0.01830	0.11225	0.03485	0.00945	0.00464	0.00154	0.00299	0.74910	0.00312	0.00308
1	0.00584	0.00376	0.00478	0.00439	0.00544	0.00342	0.00334	0.00743	0.02248	0.10291	0.63892	0.03508	0.13546	0.00686	0.00393	0.00108	0.00177	0.00598	0.00369	0.00345
2	0.01184	0.00854	0.00912	0.00712	0.00954	0.00942	0.00584	0.70890	0.03675	0.01994	0.00869	0.00888	0.00629	0.00406	0.00325	0.00099	0.00340	0.00309	0.12896	0.00539
3	0.00906	0.88299	0.01775	0.00580	0.00869	0.01340	0.00580	0.01014	0.00688	0.00797	0.00471	0.00543	0.00435	0.00290	0.00217	0.00072	0.00362	0.00181	0.00145	0.00435
4	0.00505	0.00350	0.00383	0.00381	0.00385	0.01755	0.00217	0.00509	0.00501	0.00662	0.01055	0.02173	0.01211	0.84975	0.03364	0.00329	0.00344	0.00486	0.00204	0.00210
5	0.00496	0.00328	0.00368	0.00368	0.00370	0.00328	0.00206	0.00500	0.00498	0.00672	0.01068	0.02193	0.01223	0.85920	0.01687	0.00322	0.00324	0.00488	0.02431	0.00208
6	0.00517	0.00391	0.00548	0.00534	0.00578	0.00459	0.00404	0.00613	0.00540	0.00788	0.00902	0.01436	0.00881	0.18183	0.58479	0.00443	0.09073	0.00378	0.04559	0.00292
7	0.00689	0.00588	0.00688	0.00500	0.00788	0.00443	0.00397	0.00835	0.00700	0.01093	0.00661	0.04766	0.00583	0.00289	0.00259	0.00054	0.00248	0.00236	0.00206	0.85975
8	0.01037	0.01191	0.01302	0.01035	0.01266	0.40746	0.31134	0.06755	0.00921	0.02666	0.02435	0.04855	0.00623	0.00376	0.00366	0.00102	0.02230	0.00337	0.00199	0.00424
9	0.00631	0.00476	0.00624	0.00652	0.08004	0.00434	0.00465	0.01658	0.04414	0.05245	0.14343	0.15027	0.07966	0.00661	0.00377	0.00110	0.00253	0.18935	0.00293	0.19433
10	0.90488	0.00655	0.00498	0.00445	0.00655	0.00760	0.00367	0.00996	0.00576	0.01520	0.00472	0.00550	0.00367	0.00314	0.00210	0.00105	0.00262	0.00183	0.00210	0.00367
11	0.90488	0.00655	0.00498	0.00445	0.00655	0.00760	0.00367	0.00996	0.00576	0.01520	0.00472	0.00550	0.00367	0.00314	0.00210	0.00105	0.00262	0.00183	0.00210	0.00367
12	0.00473	0.00345	0.00444	0.00422	0.00503	0.00317	0.00315	0.00626	0.00941	0.01320	0.78723	0.04198	0.08684	0.00711	0.00400	0.00108	0.00161	0.00626	0.00368	0.00317
13	0.00679	0.01752	0.86340	0.00966	0.01466	0.00787	0.01252	0.01073	0.00715	0.01073	0.00608	0.00715	0.00429	0.00322	0.00322	0.00107	0.00501	0.00250	0.00143	0.00501
14	0.04290	0.00961	0.14632	0.00709	0.00939	0.08116	0.00629	0.30744	0.14019	0.01418	0.00907	0.03777	0.00770	0.15914	0.00577	0.00145	0.00380	0.00350	0.00265	0.00459
15	0.00741	0.00741	0.01038	0.00889	0.00889	0.01038	0.00741	0.00815	0.00519	0.00815	0.00445	0.00741	0.00445	0.00593	0.01112	0.00148	0.87475	0.00296	0.00148	0.00371
16	0.00429	0.00356	0.00378	0.00378	0.00489	0.00310	0.00290	0.00547	0.02826	0.00978	0.11435	0.03177	0.70015	0.00837	0.00403	0.00116	0.00182	0.06236	0.00321	0.00297
17	0.00516	0.00395	0.00584	0.00644	0.07911	0.00439	0.00436	0.00622	0.00554	0.00790	0.00914	0.01452	0.00891	0.18142	0.63616	0.00466	0.00757	0.00382	0.00185	0.00305
18	0.00837	0.00861	0.01245	0.00984	0.01169	0.13245	0.30944	0.04170	0.04970	0.03113	0.00821	0.01169	0.02337	0.06281	0.04635	0.00153	0.17458	0.05000	0.00202	0.00407
19	0.00413	0.00298	0.00392	0.00466	0.00490	0.00276	0.00312	0.00475	0.00658	0.00875	0.03258	0.83183	0.05555	0.01047	0.00431	0.00136	0.00195	0.00948	0.00315	0.00276
20	0.06350	0.00866	0.00947	0.00729	0.00995	0.00936	0.00602	0.65406	0.01425	0.16981	0.00887	0.00859	0.00611	0.00404	0.00332	0.00102	0.00352	0.00304	0.00346	0.00564
21	0.02333	0.00931	0.08940	0.01217	0.04073	0.00827	0.54816	0.06537	0.08851	0.02832	0.02579	0.01009	0.02672	0.00339	0.00378	0.00112	0.00490	0.00383	0.00209	0.00472
22	0.00755	0.00791	0.13724	0.04869	0.24431	0.06707	0.00692	0.02965	0.00767	0.01156	0.00848	0.01058	0.00683	0.00367	0.00295	0.00094	0.00332	0.02556	0.36490	0.00419
23	0.00414	0.00296	0.00394	0.00471	0.00492	0.00276	0.00315	0.00475	0.00655	0.00875	0.03655	0.86056	0.02261	0.01053	0.00432	0.00137	0.00196	0.00956	0.00316	0.00276
24	0.00422	0.00345	0.00395	0.01768	0.01605	0.00307	0.00308	0.00511	0.00739	0.00915	0.04964	0.22049	0.56751	0.00953	0.03816	0.00137	0.00217	0.03203	0.00306	0.00290
25	0.00891	0.18876	0.20819	0.11154	0.06927	0.00911	0.11418	0.13327	0.01730	0.07190	0.00716	0.02057	0.00556	0.00352	0.00321	0.00102	0.00426	0.01543	0.00205	0.00480
26	0.00577	0.00521	0.02010	0.41597	0.07603	0.00577	0.01813	0.00742	0.00687	0.00908	0.02745	0.28713	0.01190	0.00620	0.00393	0.00123	0.01900	0.06709	0.00220	0.00353
27	0.90488	0.00655	0.00498	0.00445	0.00655	0.00760	0.00367	0.00996	0.00576	0.01520	0.00472	0.00550	0.00367	0.00314	0.00210	0.00105	0.00262	0.00183	0.00210	0.00367
28	0.00749	0.00756	0.01018	0.00877	0.00885	0.03775	0.00727	0.00825	0.00534	0.00815	0.00463	0.00757	0.00458	0.00652	0.04032	0.00160	0.81701	0.00296	0.00150	0.00369
29	0.00941	0.00847	0.01252	0.05406	0.59183	0.03421	0.00924	0.20368	0.00961	0.01322	0.00688	0.01901	0.00560	0.00338	0.00337	0.00101	0.00401	0.00308	0.00208	0.00531
30	0.00477	0.00346	0.00450	0.00424	0.00505	0.00319	0.00318	0.00635	0.00954	0.01346	0.83569	0.02550	0.05438	0.00697	0.00400	0.00107	0.00160	0.00615	0.00371	0.00319
31	0.00430	0.00343	0.00379	0.00372	0.00473	0.00297	0.00278	0.00541	0.00830	0.01065	0.30270	0.04584	0.55801	0.00800	0.00398	0.00112	0.00168	0.00679	0.01882	0.00297
32	0.00445	0.00350	0.00403	0.00388	0.00487	0.00310	0.00292	0.00579	0.02082	0.01138	0.43438	0.02877	0.44452	0.00772	0.00399	0.00111	0.00167	0.00660	0.00343	0.00306
33	0.00435	0.00343	0.00383	0.00388	0.00485	0.00298	0.00290	0.00536	0.00796	0.01967	0.18787	0.12647	0.56390	0.00848	0.00406	0.00117	0.00179	0.04085	0.00327	0.00295
34	0.00831	0.00715	0.00756	0.00681	0.00869	0.00826	0.00529	0.01763	0.82653	0.01415	0.04096	0.01305	0.01104	0.00467	0.00346	0.00115	0.00265	0.00390	0.00346	0.00529
35	0.00741	0.00741	0.01038	0.00889	0.00889	0.01038	0.00741	0.00815	0.00519	0.00815	0.00445	0.00741	0.00445	0.00593	0.01112	0.00148	0.87475	0.00296	0.00148	0.00371
36	0.02975	0.03368	0.00950	0.04780	0.04373	0.03010	0.02361	0.28753	0.01132	0.43227	0.01027	0.00969	0.00685	0.00396	0.00334	0.00103	0.00344	0.00316	0.00347	0.00550
37	0.00552	0.00402	0.00593	0.00573	0.00639	0.00474	0.00451	0.00670	0.00562	0.04771	0.00892	0.01278	0.00816	0.02293	0.76188	0.00494	0.07485	0.00357	0.00190	0.00320

[dist]
# distance from previous block
# <min> <max>
1	5

[block]
# block no. 1 follows, 83 sequences, length 9
# corresponding to MSA columns:
# 405-413
name=unknown_B
#
# <colnr> <probs for GDERKNQSTAVLIFYWHMCP>
#	G	D	E	R	K	N	Q	S	T	A	V	L	I	F	Y	W	H	M	C	P
0	0.09022	0.30508	0.08514	0.02753	0.03378	0.24091	0.03109	0.06875	0.05663	0.01040	0.00586	0.00667	0.00478	0.00334	0.00290	0.00091	0.01746	0.00231	0.00185	0.00440
1	0.00613	0.00538	0.00859	0.61915	0.01815	0.00654	0.00772	0.00838	0.04018	0.00906	0.00802	0.08112	0.00690	0.00634	0.09255	0.00157	0.00451	0.00366	0.06243	0.00363
2	0.00686	0.00705	0.09579	0.03786	0.11327	0.04353	0.03039	0.03513	0.12148	0.02631	0.31371	0.05830	0.04635	0.00537	0.00377	0.00108	0.01830	0.00465	0.02668	0.00413
3	0.90488	0.00655	0.00498	0.00445	0.00655	0.00760	0.00367	0.00996	0.00576	0.01520	0.00472	0.00550	0.00367	0.00314	0.00210	0.00105	0.00262	0.00183	0.00210	0.00367
4	0.00456	0.00339	0.00395	0.00388	0.00477	0.00303	0.00288	0.00580	0.00843	0.01142	0.40614	0.09171	0.34935	0.00760	0.00389	0.00110	0.00167	0.00654	0.07688	0.00303
5	0.00673	0.00640	0.01056	0.67732	0.10784	0.00793	0.00926	0.00877	0.00667	0.00884	0.00586	0.00876	0.00459	0.00367	0.00435	0.00116	0.11284	0.00301	0.00152	0.00392
6	0.00551	0.00422	0.00623	0.00694	0.09398	0.00465	0.00475	0.00665	0.02365	0.00848	0.04195	0.01580	0.02542	0.08310	0.46412	0.08918	0.03819	0.07202	0.00201	0.00313
7	0.00450	0.00337	0.00446	0.00518	0.03679	0.00313	0.00353	0.00543	0.00737	0.00984	0.17800	0.51541	0.12913	0.00929	0.00421	0.00129	0.00203	0.07086	0.00320	0.00297
8	0.17459	0.00764	0.04906	0.00644	0.00866	0.00792	0.00533	0.13261	0.42160	0.01467	0.01049	0.05227	0.00829	0.00430	0.00314	0.00106	0.00288	0.00341	0.00295	0.08270

[dist]
# distance from previous block
# <min> <max>
0	1

[block]
# block no. 2 follows, 83 sequences, length 13
# corresponding to MSA columns:
# 415-427
name=unknown_C
#
# <colnr> <probs for GDERKNQSTAVLIFYWHMCP>
#	G	D	E	R	K	N	Q	S	T	A	V	L	I	F	Y	W	H	M	C	P
0	0.58722	0.00748	0.00601	0.04028	0.00777	0.11232	0.00441	0.06036	0.00694	0.01361	0.00604	0.00818	0.00512	0.04206	0.03218	0.00129	0.00343	0.03264	0.01895	0.00371
1	0.00414	0.00300	0.00391	0.00459	0.00489	0.00277	0.00310	0.00478	0.00669	0.00884	0.04584	0.78061	0.09369	0.01033	0.00429	0.00135	0.00193	0.00931	0.00316	0.00277
2	0.00811	0.00769	0.01290	0.05043	0.75251	0.00777	0.00979	0.01038	0.03723	0.01123	0.05367	0.00949	0.00698	0.00330	0.00339	0.00102	0.00386	0.00322	0.00185	0.00519
3	0.00475	0.00346	0.00446	0.00421	0.00503	0.00318	0.00316	0.00630	0.00948	0.01333	0.81014	0.02573	0.08002	0.00702	0.00400	0.00107	0.00160	0.00619	0.00370	0.00318
4	0.00484	0.00361	0.00537	0.00537	0.00595	0.00419	0.00414	0.00600	0.00542	0.00781	0.00914	0.01369	0.00864	0.06252	0.83064	0.00535	0.00882	0.00369	0.00183	0.00298
5	0.00572	0.00466	0.00658	0.00616	0.00668	0.00574	0.00486	0.04044	0.00578	0.00838	0.00815	0.01242	0.00775	0.07764	0.59160	0.00427	0.19457	0.00355	0.00182	0.00322
6	0.00435	0.00320	0.00398	0.00429	0.00487	0.00291	0.00303	0.00530	0.00763	0.01025	0.26100	0.44656	0.19067	0.00900	0.00412	0.00123	0.00180	0.00798	0.02493	0.00291
7	0.00727	0.11319	0.00834	0.00511	0.00811	0.00560	0.00423	0.00873	0.00701	0.01066	0.00586	0.00683	0.00494	0.00256	0.00247	0.00053	0.00264	0.00198	0.00194	0.79200
8	0.00467	0.00352	0.00427	0.00439	0.00478	0.00354	0.00302	0.00522	0.00622	0.00816	0.04413	0.23402	0.20842	0.31199	0.06148	0.00223	0.05377	0.03094	0.00261	0.00263
9	0.05035	0.00527	0.00761	0.07616	0.14634	0.00522	0.04338	0.00757	0.00648	0.03335	0.00994	0.14696	0.03813	0.15274	0.01721	0.06964	0.03356	0.00435	0.00213	0.14360
10	0.00530	0.00409	0.00498	0.00453	0.00567	0.00385	0.00344	0.00770	0.10208	0.01301	0.61480	0.02308	0.10667	0.00646	0.00381	0.00104	0.00180	0.00563	0.00350	0.07854
11	0.00518	0.00351	0.00424	0.00436	0.00509	0.00323	0.00319	0.00606	0.00730	0.05695	0.12868	0.18484	0.25381	0.17635	0.00664	0.00163	0.00231	0.12256	0.02116	0.00293
12	0.00666	0.00412	0.00582	0.00546	0.00636	0.00450	0.00429	0.00779	0.00622	0.12978	0.00973	0.01340	0.00853	0.04024	0.54332	0.03037	0.05125	0.02702	0.07212	0.02300

[dist]
# distance from previous block
# <min> <max>
0	3

[block]
# block no. 3 follows, 83 sequences, length 46
# corresponding to MSA columns:
# 431-476
name=unknown_D
#
# <colnr> <probs for GDERKNQSTAVLIFYWHMCP>
#	G	D	E	R	K	N	Q	S	T	A	V	L	I	F	Y	W	H	M	C	P
0	0.00955	0.02353	0.00984	0.31451	0.08011	0.32536	0.00758	0.07305	0.03020	0.02674	0.00683	0.02203	0.00556	0.00374	0.00326	0.00101	0.00476	0.02098	0.02721	0.00414
1	0.07364	0.01137	0.21693	0.01076	0.01420	0.07607	0.36827	0.12081	0.00889	0.05625	0.00689	0.00816	0.00502	0.00324	0.00349	0.00108	0.00495	0.00319	0.00202	0.00478
2	0.04431	0.02009	0.00757	0.00612	0.00816	0.00742	0.00493	0.28969	0.20758	0.14459	0.03488	0.01096	0.00847	0.00421	0.00315	0.00100	0.00281	0.00333	0.18577	0.00497
3	0.03310	0.00609	0.00654	0.00587	0.00758	0.00667	0.00457	0.03292	0.51379	0.06677	0.10431	0.01655	0.13790	0.00533	0.00351	0.00111	0.00242	0.00444	0.03588	0.00467
4	0.00596	0.00356	0.00448	0.00459	0.00510	0.00338	0.00313	0.01531	0.00658	0.11321	0.03652	0.37130	0.02852	0.32720	0.00892	0.00203	0.00263	0.05177	0.00289	0.00293
5	0.02805	0.00618	0.00701	0.00525	0.00804	0.00514	0.00418	0.02050	0.12019	0.01164	0.00781	0.00843	0.02833	0.00298	0.00268	0.00062	0.00253	0.00240	0.00225	0.72581
6	0.00975	0.00874	0.00827	0.00725	0.00926	0.12470	0.00566	0.13047	0.60716	0.03281	0.01185	0.01112	0.00887	0.00437	0.00339	0.00109	0.00329	0.00349	0.00323	0.00523
7	0.00487	0.00339	0.00431	0.00450	0.00514	0.00318	0.00333	0.00595	0.00774	0.02599	0.28608	0.25766	0.12736	0.07806	0.02022	0.00146	0.00220	0.11534	0.04025	0.00298
8	0.00486	0.00343	0.00400	0.00399	0.00426	0.00342	0.00252	0.00538	0.01950	0.00794	0.11041	0.07539	0.09400	0.58293	0.05087	0.00275	0.01406	0.00546	0.00242	0.00242
9	0.18410	0.00699	0.00754	0.00632	0.00809	0.00795	0.00512	0.26852	0.10323	0.08318	0.00889	0.05068	0.00706	0.00450	0.00409	0.00109	0.11929	0.00325	0.11553	0.00456
10	0.01023	0.01747	0.00806	0.00669	0.00853	0.12012	0.00522	0.34433	0.15502	0.05242	0.01014	0.02527	0.01996	0.14407	0.00556	0.00139	0.00360	0.01874	0.03857	0.00461
11	0.01827	0.00331	0.00408	0.00435	0.00469	0.00319	0.00288	0.00543	0.00628	0.03241	0.07174	0.37970	0.06543	0.32019	0.04148	0.00217	0.00273	0.02627	0.00276	0.00266
12	0.00700	0.00581	0.00691	0.02948	0.00823	0.00459	0.00416	0.02130	0.00716	0.02766	0.00767	0.02872	0.03789	0.00384	0.03398	0.00076	0.00279	0.00251	0.00212	0.75741
13	0.00462	0.00337	0.00415	0.00443	0.00509	0.00316	0.00320	0.00547	0.02668	0.02187	0.03677	0.35686	0.30791	0.01107	0.08755	0.07361	0.00270	0.03574	0.00292	0.00284
14	0.00447	0.00327	0.00390	0.00415	0.00462	0.00304	0.00283	0.00514	0.00681	0.00891	0.12886	0.29230	0.21704	0.24942	0.00778	0.00182	0.00228	0.04780	0.00292	0.00266
15	0.00646	0.00609	0.01028	0.84421	0.05141	0.00754	0.00944	0.00871	0.00681	0.00874	0.00603	0.00901	0.00454	0.00337	0.00339	0.00112	0.00450	0.00301	0.00151	0.00382
16	0.00945	0.01094	0.09212	0.03925	0.02965	0.35238	0.01378	0.02419	0.07776	0.04672	0.00745	0.00900	0.00608	0.01806	0.14171	0.00173	0.05996	0.00285	0.05285	0.00407
17	0.00408	0.00343	0.00353	0.00351	0.00462	0.00289	0.00263	0.00500	0.00790	0.00957	0.11147	0.03192	0.78103	0.00842	0.00400	0.00114	0.00170	0.00705	0.00320	0.00289
18	0.00452	0.00318	0.00397	0.00428	0.00455	0.00308	0.00281	0.00508	0.00629	0.00847	0.10168	0.39296	0.06659	0.30593	0.06050	0.00222	0.00278	0.00711	0.01141	0.00259
19	0.00433	0.03281	0.00424	0.00403	0.00489	0.00323	0.00295	0.00523	0.00761	0.00965	0.15746	0.28726	0.44681	0.00875	0.00404	0.00119	0.00184	0.00756	0.00318	0.00293
20	0.00680	0.00704	0.04118	0.76043	0.02193	0.05028	0.02751	0.00923	0.02609	0.00888	0.00618	0.00890	0.00465	0.00340	0.00338	0.00111	0.00460	0.00299	0.00156	0.00387
21	0.00682	0.01714	0.83113	0.00963	0.01444	0.00796	0.01232	0.01063	0.00708	0.01063	0.00602	0.00716	0.00430	0.00332	0.00352	0.00109	0.03791	0.00252	0.00143	0.00496
22	0.00810	0.00989	0.11347	0.19694	0.02626	0.13562	0.28441	0.02243	0.00767	0.01003	0.00645	0.00851	0.00500	0.00348	0.00412	0.00109	0.08122	0.00316	0.06794	0.00420
23	0.00414	0.00344	0.00363	0.00358	0.00466	0.00292	0.00268	0.00513	0.00805	0.00994	0.18050	0.03131	0.71177	0.00829	0.00400	0.00113	0.00169	0.00697	0.00325	0.00292
24	0.01550	0.15934	0.20664	0.00946	0.01261	0.01818	0.24966	0.02255	0.19689	0.01882	0.00790	0.00879	0.00603	0.00349	0.00356	0.00106	0.03390	0.00315	0.01770	0.00476
25	0.00409	0.00337	0.00360	0.00367	0.00466	0.00288	0.00270	0.00499	0.00774	0.00950	0.10970	0.13667	0.67736	0.00868	0.00404	0.00117	0.00174	0.00736	0.00320	0.00288
26	0.00455	0.00344	0.00420	0.00405	0.00492	0.00309	0.00302	0.00591	0.00896	0.01217	0.59822	0.05814	0.26191	0.00752	0.00401	0.00110	0.00164	0.00654	0.00355	0.00309
27	0.00741	0.00741	0.01038	0.00889	0.00889	0.01038	0.00741	0.00815	0.00519	0.00815	0.00445	0.00741	0.00445	0.00593	0.01112	0.00148	0.87475	0.00296	0.00148	0.00371
28	0.55492	0.00699	0.00652	0.00543	0.00772	0.00773	0.00447	0.16400	0.04544	0.15749	0.00718	0.00730	0.00513	0.00355	0.00261	0.00105	0.00287	0.00241	0.00274	0.00447
29	0.00741	0.00741	0.01038	0.00889	0.00889	0.01038	0.00741	0.00815	0.00519	0.00815	0.00445	0.00741	0.00445	0.00593	0.01112	0.00148	0.87475	0.00296	0.00148	0.00371
30	0.24291	0.00782	0.00945	0.00731	0.00985	0.00829	0.11268	0.35430	0.01101	0.15075	0.04744	0.00892	0.00677	0.00383	0.00316	0.00105	0.00346	0.00306	0.00298	0.00495
31	0.02628	0.00784	0.00883	0.00697	0.00947	0.00830	0.00569	0.43706	0.14672	0.26678	0.01121	0.01045	0.02983	0.00429	0.00340	0.00105	0.00324	0.00337	0.00361	0.00559
32	0.00534	0.00339	0.00420	0.00431	0.00468	0.00326	0.00286	0.00590	0.00644	0.05823	0.12655	0.25660	0.01780	0.41509	0.01023	0.00221	0.00264	0.05103	0.01656	0.00269
33	0.01288	0.00949	0.01017	0.00779	0.01051	0.01051	0.00644	0.84852	0.01593	0.02135	0.00813	0.00813	0.00576	0.00407	0.00339	0.00102	0.00373	0.00305	0.00339	0.00576
34	0.01130	0.00758	0.00823	0.00668	0.00895	0.04380	0.00535	0.28431	0.22304	0.22220	0.04057	0.01140	0.02230	0.03017	0.00378	0.00109	0.00316	0.00347	0.01264	0.04997
35	0.00461	0.00329	0.00431	0.00490	0.00530	0.00315	0.00359	0.00544	0.00683	0.00903	0.05778	0.46369	0.06078	0.12385	0.00608	0.00165	0.00241	0.22749	0.00302	0.00278
36	0.09211	0.00516	0.00622	0.00508	0.00708	0.00486	0.00411	0.03041	0.02838	0.49241	0.01179	0.01128	0.00804	0.00403	0.00298	0.00097	0.00248	0.00319	0.27464	0.00478
37	0.02604	0.00683	0.00920	0.00800	0.00830	0.03469	0.03633	0.00784	0.00570	0.00855	0.00752	0.10343	0.03548	0.03933	0.00945	0.00147	0.61883	0.00390	0.02558	0.00353
38	0.00717	0.16219	0.72205	0.00901	0.01366	0.00879	0.01139	0.01063	0.00711	0.01027	0.00585	0.00686	0.00430	0.00316	0.00304	0.00101	0.00478	0.00239	0.00143	0.00490
39	0.21058	0.00620	0.00722	0.00580	0.00818	0.00611	0.00475	0.05868	0.08584	0.52717	0.03776	0.01055	0.00812	0.00408	0.00314	0.00106	0.00281	0.00316	0.00361	0.00518
40	0.00486	0.00355	0.00430	0.00458	0.00541	0.00328	0.00350	0.00610	0.02913	0.03242	0.09815	0.26105	0.32653	0.00883	0.00417	0.00128	0.00211	0.17680	0.02090	0.00306
41	0.00487	0.00377	0.00434	0.00467	0.00514	0.03331	0.00328	0.00574	0.02218	0.00885	0.08349	0.37054	0.11393	0.19703	0.03966	0.00189	0.00273	0.08892	0.00286	0.00278
42	0.00687	0.00666	0.00905	0.00785	0.00809	0.00895	0.00648	0.00786	0.02415	0.00868	0.03551	0.01157	0.12020	0.00625	0.00959	0.00140	0.69333	0.00365	0.02024	0.00360
43	0.21503	0.00611	0.00729	0.00576	0.00824	0.00585	0.00474	0.04335	0.03280	0.61921	0.01125	0.01009	0.00729	0.00396	0.00311	0.00105	0.00285	0.00305	0.00367	0.00528
44	0.02965	0.00873	0.01083	0.28422	0.21338	0.17327	0.04141	0.05721	0.00800	0.03407	0.00619	0.00818	0.00493	0.00377	0.00404	0.03364	0.04927	0.00285	0.00180	0.02457
45	0.00759	0.00631	0.00652	0.00614	0.00754	0.05181	0.00463	0.04398	0.46726	0.02804	0.03392	0.23875	0.01337	0.00610	0.00360	0.00116	0.00262	0.00523	0.06099	0.00443

[dist]
# distance from previous block
# <min> <max>
0	2

[block]
# block no. 4 follows, 83 sequences, length 18
# corresponding to MSA columns:
# 479-496
name=unknown_E
#
# <colnr> <probs for GDERKNQSTAVLIFYWHMCP>
#	G	D	E	R	K	N	Q	S	T	A	V	L	I	F	Y	W	H	M	C	P
0	0.00486	0.00350	0.00475	0.00549	0.00606	0.00339	0.00439	0.00600	0.00728	0.00950	0.01916	0.36470	0.06856	0.00980	0.00450	0.00146	0.00259	0.46790	0.00313	0.00296
1	0.73326	0.00810	0.00608	0.00536	0.00744	0.13624	0.02026	0.03035	0.00662	0.01423	0.00492	0.00573	0.00385	0.00321	0.00231	0.00102	0.00323	0.00196	0.00207	0.00377
2	0.00431	0.00315	0.00394	0.00446	0.00495	0.00292	0.00314	0.00509	0.00687	0.00910	0.04464	0.56141	0.19906	0.01039	0.04286	0.00148	0.00225	0.04494	0.04219	0.00283
3	0.00748	0.00734	0.01218	0.34866	0.32913	0.03262	0.09483	0.00955	0.00724	0.00982	0.00627	0.00872	0.00505	0.00400	0.03347	0.00121	0.03308	0.00307	0.00163	0.04465
4	0.00899	0.00726	0.00776	0.00687	0.00886	0.00829	0.00538	0.04665	0.77402	0.06534	0.01357	0.01242	0.01006	0.00455	0.00344	0.00114	0.00273	0.00378	0.00349	0.00540
5	0.00494	0.00354	0.00448	0.00426	0.00511	0.00327	0.00319	0.00658	0.02672	0.02505	0.68853	0.07002	0.10900	0.00713	0.00396	0.00109	0.00167	0.00626	0.02199	0.00322
6	0.00491	0.00347	0.00396	0.00392	0.00406	0.00353	0.00238	0.00505	0.00530	0.00699	0.01334	0.04540	0.10998	0.71899	0.01510	0.00291	0.04107	0.00522	0.00218	0.00224
7	0.00843	0.00728	0.00766	0.00689	0.00881	0.00843	0.00536	0.01800	0.85370	0.01417	0.01379	0.01264	0.01034	0.00460	0.00345	0.00115	0.00268	0.00383	0.00345	0.00536
8	0.00891	0.82649	0.07296	0.00605	0.00908	0.01304	0.00623	0.01018	0.00690	0.00815	0.00480	0.00555	0.00434	0.00292	0.00224	0.00075	0.00371	0.00186	0.00145	0.00439
9	0.00741	0.00741	0.01038	0.00889	0.00889	0.01038	0.00741	0.00815	0.00519	0.00815	0.00445	0.00741	0.00445	0.00593	0.01112	0.00148	0.87475	0.00296	0.00148	0.00371
10	0.01288	0.00949	0.01017	0.00779	0.01051	0.01051	0.00644	0.84852	0.01593	0.02135	0.00813	0.00813	0.00576	0.00407	0.00339	0.00102	0.00373	0.00305	0.00339	0.00576
11	0.00412	0.00298	0.00389	0.00462	0.00489	0.00276	0.00310	0.00473	0.00657	0.00868	0.01980	0.81777	0.08265	0.01047	0.00430	0.00136	0.00195	0.00945	0.00314	0.00276
12	0.00515	0.00375	0.00424	0.00421	0.00439	0.02999	0.00264	0.00542	0.00518	0.00689	0.01017	0.01983	0.01127	0.67587	0.19387	0.00366	0.00458	0.00457	0.00199	0.00231
13	0.76126	0.00778	0.10427	0.00513	0.00758	0.00751	0.00475	0.01034	0.00610	0.05264	0.00526	0.00596	0.00395	0.00320	0.00228	0.00105	0.00291	0.00198	0.00211	0.00392
14	0.00487	0.00329	0.00380	0.00382	0.00392	0.00324	0.00225	0.00508	0.00555	0.00750	0.10902	0.07148	0.01516	0.73025	0.01497	0.00292	0.00301	0.00533	0.00231	0.00222
15	0.15448	0.10099	0.03210	0.00621	0.00876	0.02085	0.00535	0.12261	0.00938	0.46478	0.00979	0.00915	0.00657	0.00389	0.00329	0.00102	0.02947	0.00288	0.00327	0.00517
16	0.06035	0.49990	0.03053	0.00679	0.04581	0.06723	0.00588	0.06058	0.09600	0.01035	0.02045	0.00700	0.00557	0.00325	0.00256	0.00082	0.00357	0.00227	0.00192	0.06917
17	0.05931	0.00461	0.00553	0.00500	0.00636	0.00443	0.00378	0.02209	0.08525	0.23912	0.12825	0.17198	0.11066	0.10753	0.00526	0.00139	0.00244	0.02025	0.00334	0.01341

[dist]
# distance from previous block
# <min> <max>
0	2

[block]
# block no. 5 follows, 83 sequences, length 8
# corresponding to MSA columns:
# 499-506
name=unknown_F
#
# <colnr> <probs for GDERKNQSTAVLIFYWHMCP>
#	G	D	E	R	K	N	Q	S	T	A	V	L	I	F	Y	W	H	M	C	P
0	0.26484	0.00879	0.08525	0.00671	0.00932	0.00870	0.00592	0.40304	0.06277	0.06349	0.04408	0.00849	0.00658	0.00389	0.00304	0.00104	0.00333	0.00285	0.00291	0.00497
1	0.05097	0.00898	0.07796	0.05386	0.01071	0.06387	0.00647	0.35202	0.03039	0.29636	0.00937	0.00908	0.00636	0.00394	0.00330	0.00103	0.00368	0.00303	0.00323	0.00538
2	0.00496	0.00359	0.00403	0.00384	0.00498	0.00309	0.00291	0.00606	0.00838	0.06672	0.26397	0.02916	0.57050	0.00783	0.00396	0.00112	0.00176	0.00662	0.00338	0.00315
3	0.00495	0.00343	0.00435	0.00469	0.00526	0.00322	0.00333	0.03676	0.00739	0.03449	0.10305	0.54907	0.14018	0.00952	0.00454	0.03590	0.00207	0.04165	0.00318	0.00298
4	0.13040	0.00656	0.00661	0.00602	0.00770	0.04421	0.00470	0.01373	0.45464	0.05321	0.14346	0.03626	0.03731	0.00513	0.00341	0.00113	0.00263	0.03513	0.00324	0.00453
5	0.01265	0.01614	0.00960	0.00873	0.01047	0.86735	0.00655	0.01353	0.00960	0.00829	0.00524	0.00611	0.00436	0.00349	0.00305	0.00087	0.00611	0.00218	0.00175	0.00393
6	0.05739	0.00830	0.01235	0.01754	0.66364	0.06454	0.00923	0.03369	0.00807	0.05880	0.00696	0.00907	0.00578	0.00333	0.00331	0.00102	0.00399	0.02592	0.00193	0.00515
7	0.00510	0.00329	0.00425	0.00464	0.00513	0.00307	0.00323	0.00582	0.00682	0.06811	0.04811	0.56818	0.08581	0.09239	0.02334	0.00158	0.00231	0.04414	0.02172	0.00295

[dist]
# distance from previous block
# <min> <max>
0	1

[block]
# block no. 6 follows, 83 sequences, length 27
# corresponding to MSA columns:
# 508-526,528-535
name=unknown_G
#
# <colnr> <probs for GDERKNQSTAVLIFYWHMCP>
#	G	D	E	R	K	N	Q	S	T	A	V	L	I	F	Y	W	H	M	C	P
0	0.00495	0.00338	0.00440	0.00493	0.00537	0.00323	0.00347	0.03961	0.00717	0.03228	0.04574	0.71170	0.02114	0.00980	0.00423	0.00134	0.00212	0.06742	0.02472	0.00300
1	0.02786	0.00944	0.19020	0.08036	0.26574	0.00777	0.08333	0.01172	0.18201	0.02755	0.03251	0.03606	0.00736	0.00382	0.00356	0.00109	0.01916	0.00343	0.00214	0.00489
2	0.06434	0.00366	0.00423	0.00418	0.00474	0.00360	0.00282	0.00614	0.00639	0.05558	0.12354	0.13051	0.09205	0.41783	0.04423	0.00234	0.00292	0.02553	0.00264	0.00274
3	0.00995	0.00723	0.00781	0.00652	0.00852	0.02121	0.00520	0.29356	0.29112	0.10013	0.06367	0.01309	0.06720	0.01877	0.00379	0.00111	0.01927	0.00383	0.05302	0.00501
4	0.00429	0.00300	0.00393	0.00464	0.00487	0.00282	0.00312	0.00491	0.00647	0.00875	0.01796	0.78239	0.02130	0.05171	0.00487	0.00145	0.00204	0.02924	0.03952	0.00274
5	0.06613	0.00670	0.00794	0.02717	0.10359	0.00734	0.00557	0.17807	0.22287	0.08521	0.04153	0.03199	0.02354	0.00443	0.00358	0.00106	0.04244	0.00355	0.13255	0.00475
6	0.01962	0.36407	0.03620	0.00694	0.00912	0.33266	0.00603	0.01129	0.00803	0.03970	0.00644	0.00844	0.00568	0.00371	0.00296	0.00088	0.02531	0.05314	0.05569	0.00409
7	0.00551	0.00409	0.00468	0.00439	0.00547	0.00403	0.00333	0.02477	0.13197	0.01273	0.42756	0.02309	0.20741	0.00651	0.00370	0.00106	0.00182	0.00557	0.11883	0.00348
8	0.06553	0.56746	0.02451	0.00659	0.00911	0.22792	0.00597	0.02559	0.00762	0.00877	0.00491	0.00571	0.00434	0.00315	0.00260	0.00081	0.02161	0.00196	0.00160	0.00422
9	0.04831	0.00715	0.02938	0.14295	0.02638	0.00859	0.06820	0.02945	0.00645	0.09988	0.00614	0.00852	0.00512	0.01907	0.00786	0.03790	0.43972	0.00307	0.00187	0.00398
10	0.00589	0.00373	0.00456	0.00421	0.00524	0.00346	0.00320	0.01822	0.02371	0.07943	0.51146	0.02285	0.14840	0.00652	0.00383	0.01330	0.00178	0.00552	0.13130	0.00339
11	0.00405	0.00343	0.00350	0.00348	0.00460	0.00288	0.00261	0.00495	0.00783	0.00942	0.08369	0.03216	0.80890	0.00848	0.00400	0.00114	0.00171	0.00709	0.00318	0.00288
12	0.00659	0.00324	0.00330	0.00324	0.00409	0.00321	0.00245	0.00816	0.00718	0.03854	0.01112	0.01260	0.00867	0.00395	0.00240	0.00080	0.00162	0.00316	0.87244	0.00324
13	0.00479	0.00346	0.00453	0.00426	0.00506	0.00320	0.00320	0.00639	0.00959	0.01358	0.85803	0.02530	0.03196	0.00693	0.00400	0.00107	0.00160	0.00613	0.00373	0.00320
14	0.01288	0.00949	0.01017	0.00779	0.01051	0.01051	0.00644	0.84852	0.01593	0.02135	0.00813	0.00813	0.00576	0.00407	0.00339	0.00102	0.00373	0.00305	0.00339	0.00576
15	0.00792	0.00913	0.08274	0.00829	0.00919	0.15242	0.00712	0.03130	0.00643	0.00870	0.00564	0.00824	0.00517	0.00869	0.16087	0.00204	0.47779	0.00291	0.00163	0.00379
16	0.00766	0.00652	0.00691	0.00625	0.00799	0.00733	0.00485	0.03581	0.65523	0.01360	0.07512	0.01622	0.13128	0.00531	0.00356	0.00114	0.00250	0.00444	0.00342	0.00487
17	0.27580	0.00596	0.00571	0.00492	0.00663	0.00657	0.00394	0.22736	0.03975	0.01562	0.00869	0.03068	0.00683	0.00393	0.00264	0.00095	0.00250	0.00292	0.34455	0.00406
18	0.00811	0.00777	0.01325	0.13873	0.74403	0.00798	0.01026	0.01016	0.00758	0.01073	0.00632	0.00847	0.00525	0.00307	0.00336	0.00102	0.00409	0.00302	0.00165	0.00514
19	0.00679	0.03937	0.80250	0.00940	0.01416	0.00783	0.01202	0.01054	0.00717	0.01063	0.00658	0.00852	0.00498	0.00349	0.00326	0.00109	0.00488	0.04036	0.00151	0.00490
20	0.01265	0.01614	0.00960	0.00873	0.01047	0.86735	0.00655	0.01353	0.00960	0.00829	0.00524	0.00611	0.00436	0.00349	0.00305	0.00087	0.00611	0.00218	0.00175	0.00393
21	0.00756	0.00637	0.00694	0.00649	0.00814	0.00718	0.00514	0.01503	0.63621	0.01320	0.04632	0.01843	0.06110	0.00569	0.00370	0.00121	0.00266	0.14048	0.00339	0.00477
22	0.00544	0.00392	0.00502	0.00466	0.00555	0.00384	0.00359	0.00705	0.02778	0.05110	0.61628	0.02455	0.13253	0.00697	0.00444	0.00112	0.05817	0.03115	0.00351	0.00335
23	0.00423	0.00307	0.00400	0.00463	0.00498	0.00284	0.00319	0.00497	0.00693	0.00922	0.10076	0.69930	0.08923	0.01005	0.00428	0.00133	0.00195	0.03902	0.00320	0.00282
24	0.00640	0.00602	0.01016	0.87281	0.02333	0.00753	0.00941	0.00866	0.00677	0.00866	0.00602	0.00903	0.00452	0.00339	0.00339	0.00113	0.00452	0.00301	0.00151	0.00376
25	0.09728	0.00617	0.00755	0.00601	0.00843	0.00595	0.00491	0.06125	0.12781	0.59222	0.01226	0.01097	0.00808	0.00414	0.00326	0.00105	0.00284	0.00329	0.03109	0.00543
26	0.02966	0.10603	0.03072	0.05742	0.19042	0.09540	0.06573	0.16983	0.02732	0.09563	0.02078	0.04907	0.00721	0.00406	0.00333	0.00103	0.00397	0.03519	0.00242	0.00480

[dist]
# distance from previous block
# <min> <max>
3	15

[block]
# block no. 7 follows, 83 sequences, length 20
# corresponding to MSA columns:
# 555-574
name=unknown_H
#
# <colnr> <probs for GDERKNQSTAVLIFYWHMCP>
#	G	D	E	R	K	N	Q	S	T	A	V	L	I	F	Y	W	H	M	C	P
0	0.00832	0.11955	0.23078	0.03959	0.05016	0.10270	0.02289	0.12129	0.00850	0.03244	0.01884	0.14661	0.01908	0.00509	0.01455	0.00113	0.03512	0.01681	0.00217	0.00438
1	0.00728	0.02711	0.00931	0.19044	0.24669	0.05195	0.00730	0.04445	0.02427	0.02555	0.01297	0.02801	0.14414	0.00529	0.00385	0.00115	0.02609	0.13774	0.00227	0.00412
2	0.00491	0.00351	0.00443	0.00422	0.00511	0.00319	0.00318	0.00635	0.00914	0.03368	0.65544	0.05359	0.16829	0.00730	0.00401	0.00110	0.00169	0.02405	0.00361	0.00319
3	0.01129	0.00817	0.00907	0.00719	0.00941	0.00907	0.00586	0.64251	0.01349	0.04106	0.00848	0.00952	0.00647	0.03883	0.11831	0.00169	0.02457	0.00321	0.02665	0.00515
4	0.00493	0.00361	0.00465	0.00436	0.00520	0.00340	0.00328	0.00684	0.04192	0.01361	0.82569	0.02482	0.03113	0.00684	0.00397	0.00107	0.00164	0.00604	0.00372	0.00328
5	0.00403	0.00343	0.00347	0.00346	0.00459	0.00287	0.00259	0.00491	0.00778	0.00930	0.06212	0.03235	0.83054	0.00852	0.00400	0.00114	0.00171	0.00711	0.00317	0.00287
6	0.00702	0.00602	0.00702	0.00502	0.00803	0.00452	0.00401	0.00853	0.00702	0.01104	0.00602	0.00702	0.00502	0.00251	0.00251	0.00050	0.00251	0.00201	0.00201	0.90166
7	0.01265	0.01614	0.00960	0.00873	0.01047	0.86735	0.00655	0.01353	0.00960	0.00829	0.00524	0.00611	0.00436	0.00349	0.00305	0.00087	0.00611	0.00218	0.00175	0.00393
8	0.05751	0.00580	0.00772	0.00595	0.00855	0.00510	0.00492	0.01620	0.00951	0.82188	0.01295	0.01124	0.00816	0.00414	0.00334	0.00105	0.00287	0.00333	0.00409	0.00567
9	0.00469	0.00352	0.00436	0.00420	0.00505	0.00324	0.00313	0.00628	0.03079	0.01240	0.61907	0.08629	0.18952	0.00744	0.00401	0.00110	0.00167	0.00651	0.00357	0.00316
10	0.00646	0.33365	0.07622	0.00516	0.00711	0.00734	0.00482	0.00796	0.00818	0.01076	0.37909	0.01728	0.11311	0.00532	0.00325	0.00095	0.00263	0.00435	0.00263	0.00373
11	0.02865	0.02025	0.00817	0.00635	0.00888	0.03416	0.00514	0.15228	0.19739	0.30288	0.01052	0.00990	0.00741	0.00385	0.00317	0.00094	0.00301	0.00306	0.00328	0.19068
12	0.00893	0.08968	0.24851	0.03690	0.12176	0.00850	0.00824	0.14589	0.15521	0.06897	0.00857	0.02282	0.00662	0.01611	0.00357	0.00108	0.01740	0.01221	0.01401	0.00504
13	0.00879	0.28476	0.03137	0.00737	0.04913	0.16479	0.04088	0.04512	0.00801	0.04983	0.03953	0.13959	0.02874	0.00487	0.00345	0.00099	0.03722	0.02574	0.02575	0.00407
14	0.00493	0.00328	0.00369	0.00369	0.00369	0.00328	0.00205	0.00493	0.00493	0.00657	0.01067	0.02217	0.01232	0.88095	0.01724	0.00328	0.00328	0.00493	0.00205	0.00205
15	0.00737	0.00692	0.03230	0.18428	0.20350	0.00727	0.05384	0.03434	0.24120	0.01151	0.04450	0.03280	0.04055	0.00536	0.04462	0.00132	0.00382	0.02809	0.01184	0.00456
16	0.00702	0.00602	0.00702	0.00502	0.00803	0.00452	0.00401	0.00853	0.00702	0.01104	0.00602	0.00702	0.00502	0.00251	0.00251	0.00050	0.00251	0.00201	0.00201	0.90166
17	0.00780	0.33536	0.03874	0.06983	0.08066	0.01856	0.00581	0.05522	0.02577	0.03881	0.07796	0.14872	0.02100	0.02051	0.00334	0.00101	0.00323	0.00396	0.02561	0.01810
18	0.01761	0.07461	0.12075	0.05030	0.01019	0.04942	0.02127	0.14175	0.04783	0.01993	0.03793	0.02067	0.03586	0.00369	0.00329	0.00086	0.03435	0.00287	0.00225	0.30457
19	0.03089	0.00862	0.08092	0.04941	0.07953	0.10248	0.03635	0.17623	0.04640	0.03649	0.02565	0.01021	0.00692	0.08085	0.07464	0.00156	0.05369	0.00316	0.03756	0.05844

[dist]
# distance from previous block
# <min> <max>
6	43

[block]
# block no. 8 follows, 83 sequences, length 25
# corresponding to MSA columns:
# 618-642
name=unknown_I
#
# <colnr> <probs for GDERKNQSTAVLIFYWHMCP>
#	G	D	E	R	K	N	Q	S	T	A	V	L	I	F	Y	W	H	M	C	P
0	0.00813	0.00729	0.00760	0.03243	0.03376	0.05366	0.00542	0.01585	0.66290	0.01325	0.05764	0.03390	0.04355	0.00487	0.00349	0.00113	0.00285	0.00408	0.00324	0.00497
1	0.00415	0.00343	0.00364	0.00361	0.00467	0.00292	0.00270	0.00513	0.00802	0.00992	0.17851	0.05216	0.69279	0.00834	0.00401	0.00114	0.00170	0.00703	0.00325	0.00292
2	0.00484	0.00348	0.00443	0.00420	0.00505	0.00317	0.00315	0.00631	0.00927	0.02642	0.71678	0.05098	0.13486	0.00720	0.00400	0.00108	0.00164	0.00631	0.00365	0.00318
3	0.00516	0.00373	0.00462	0.00432	0.00524	0.00349	0.00325	0.02538	0.03401	0.02659	0.65715	0.03730	0.13497	0.02366	0.00419	0.00112	0.00175	0.00607	0.01472	0.00329
4	0.00466	0.00347	0.00409	0.00413	0.00505	0.00308	0.00311	0.00576	0.00817	0.03303	0.28050	0.14977	0.40811	0.00830	0.00408	0.00118	0.00184	0.06527	0.00335	0.00304
5	0.11025	0.00880	0.00922	0.00723	0.00970	0.03456	0.02785	0.62576	0.03066	0.01917	0.00799	0.00826	0.00580	0.00392	0.00317	0.00100	0.00353	0.00294	0.07496	0.00523
6	0.00640	0.00602	0.01016	0.87281	0.02333	0.00753	0.00941	0.00866	0.00677	0.00866	0.00602	0.00903	0.00452	0.00339	0.00339	0.00113	0.00452	0.00301	0.00151	0.00376
7	0.00417	0.00298	0.00398	0.00477	0.00498	0.00279	0.00322	0.00479	0.00653	0.00870	0.01865	0.85029	0.02231	0.01057	0.00434	0.00138	0.00200	0.03764	0.00314	0.00276
8	0.00536	0.00356	0.00458	0.00438	0.00503	0.00343	0.00315	0.00647	0.00787	0.05168	0.47454	0.02318	0.02280	0.24803	0.08722	0.00210	0.00287	0.03770	0.00309	0.00299
9	0.03610	0.00432	0.00583	0.00537	0.00649	0.00457	0.00419	0.00711	0.01997	0.03369	0.00858	0.01215	0.00782	0.05422	0.59902	0.00408	0.02352	0.00333	0.00196	0.15769
10	0.00890	0.01007	0.00994	0.52719	0.01819	0.35144	0.00826	0.01060	0.00790	0.00851	0.00571	0.00786	0.00445	0.00343	0.00325	0.00103	0.00515	0.00268	0.00160	0.00383
11	0.00838	0.00805	0.01375	0.02079	0.85982	0.00805	0.01040	0.01040	0.00771	0.01107	0.00637	0.00838	0.00537	0.00302	0.00335	0.00101	0.00402	0.00302	0.00168	0.00537
12	0.90488	0.00655	0.00498	0.00445	0.00655	0.00760	0.00367	0.00996	0.00576	0.01520	0.00472	0.00550	0.00367	0.00314	0.00210	0.00105	0.00262	0.00183	0.00210	0.00367
13	0.00802	0.00489	0.00576	0.00506	0.00666	0.00470	0.00397	0.03975	0.15576	0.22051	0.19630	0.03210	0.27527	0.00635	0.00375	0.00111	0.00224	0.02003	0.00358	0.00418
14	0.02323	0.81213	0.03323	0.00596	0.00886	0.03395	0.00592	0.02902	0.00714	0.00844	0.00483	0.00554	0.00437	0.00295	0.00224	0.00075	0.00370	0.00186	0.00151	0.00437
15	0.00415	0.00298	0.00390	0.00463	0.00485	0.00278	0.00308	0.00473	0.00647	0.00858	0.01889	0.81701	0.05027	0.04421	0.00481	0.00144	0.00201	0.00936	0.00310	0.00273
16	0.00434	0.00314	0.00413	0.00487	0.00515	0.00299	0.00334	0.00526	0.03302	0.00890	0.01848	0.80439	0.02186	0.01035	0.00432	0.00138	0.00205	0.05600	0.00315	0.00285
17	0.03481	0.00544	0.00628	0.00536	0.00718	0.00539	0.00425	0.07281	0.18514	0.26221	0.13071	0.01807	0.20697	0.00560	0.00356	0.00108	0.00241	0.00464	0.03357	0.00452
18	0.15523	0.03217	0.09117	0.12999	0.04056	0.00731	0.06054	0.04985	0.00787	0.25035	0.01680	0.02837	0.00630	0.00399	0.00396	0.00110	0.09067	0.00309	0.01608	0.00460
19	0.00664	0.00420	0.00482	0.00444	0.00581	0.00380	0.00340	0.03750	0.04934	0.16448	0.09337	0.12688	0.46729	0.00754	0.00388	0.00114	0.00206	0.00638	0.00341	0.00362
20	0.00467	0.00351	0.00379	0.00375	0.00486	0.00299	0.00280	0.00558	0.00782	0.05577	0.08326	0.11532	0.67708	0.00844	0.00400	0.00116	0.00180	0.00713	0.00324	0.00303
21	0.00750	0.00601	0.00702	0.00509	0.00800	0.00466	0.00408	0.03502	0.00746	0.05383	0.00757	0.00829	0.03890	0.00288	0.00264	0.00057	0.00253	0.00231	0.00220	0.79341
22	0.00726	0.07020	0.15353	0.23801	0.15250	0.01513	0.02406	0.03864	0.04898	0.03025	0.00945	0.08439	0.05863	0.00472	0.01822	0.00116	0.02683	0.00372	0.00200	0.01232
23	0.00430	0.00338	0.00389	0.00406	0.00491	0.00299	0.00302	0.00527	0.00771	0.00978	0.16057	0.19435	0.47077	0.03182	0.00447	0.00127	0.00191	0.07943	0.00321	0.00289
24	0.00630	0.00352	0.00390	0.00420	0.03893	0.00352	0.00291	0.03120	0.00737	0.01240	0.03382	0.10690	0.01057	0.00472	0.00269	0.00088	0.00178	0.00393	0.71717	0.00328

[dist]
# distance from previous block
# <min> <max>
3	4

[block]
# block no. 9 follows, 83 sequences, length 23
# corresponding to MSA columns:
# 647-669
name=unknown_J
#
# <colnr> <probs for GDERKNQSTAVLIFYWHMCP>
#	G	D	E	R	K	N	Q	S	T	A	V	L	I	F	Y	W	H	M	C	P
0	0.01023	0.30919	0.06413	0.03140	0.12234	0.24937	0.00712	0.09378	0.03249	0.03166	0.00605	0.00692	0.00494	0.00356	0.01255	0.00094	0.00450	0.00239	0.00188	0.00458
1	0.00476	0.00353	0.00440	0.00434	0.00508	0.00332	0.00315	0.00638	0.04726	0.01185	0.53188	0.17628	0.12035	0.05631	0.00477	0.00126	0.00182	0.00669	0.00345	0.00312
2	0.00810	0.14185	0.11332	0.26102	0.07803	0.13400	0.07015	0.01000	0.00720	0.00906	0.00576	0.00776	0.00468	0.00405	0.02453	0.00115	0.10107	0.00273	0.01136	0.00417
3	0.00488	0.00330	0.00373	0.00371	0.00381	0.00326	0.00214	0.00500	0.00531	0.00707	0.05890	0.02281	0.05137	0.79316	0.01591	0.00306	0.00312	0.00509	0.00219	0.00215
4	0.00416	0.00328	0.00376	0.00404	0.00481	0.00288	0.00291	0.00501	0.00745	0.00939	0.10097	0.33320	0.46406	0.00918	0.00414	0.00123	0.00183	0.03165	0.00320	0.00286
5	0.00415	0.00342	0.00364	0.00361	0.00467	0.00292	0.00270	0.00513	0.00802	0.00992	0.17888	0.05499	0.68956	0.00834	0.00401	0.00114	0.00170	0.00704	0.00325	0.00292
6	0.42046	0.00576	0.00601	0.00503	0.00712	0.00589	0.00410	0.01190	0.00788	0.33975	0.14382	0.01097	0.00998	0.00415	0.00290	0.00105	0.00256	0.00312	0.00316	0.00440
7	0.90488	0.00655	0.00498	0.00445	0.00655	0.00760	0.00367	0.00996	0.00576	0.01520	0.00472	0.00550	0.00367	0.00314	0.00210	0.00105	0.00262	0.00183	0.00210	0.00367
8	0.00953	0.51641	0.15435	0.00699	0.01009	0.07730	0.00704	0.13903	0.03231	0.01067	0.00575	0.00638	0.00472	0.00322	0.00263	0.00085	0.00403	0.00220	0.00182	0.00467
9	0.90488	0.00655	0.00498	0.00445	0.00655	0.00760	0.00367	0.00996	0.00576	0.01520	0.00472	0.00550	0.00367	0.00314	0.00210	0.00105	0.00262	0.00183	0.00210	0.00367
10	0.00702	0.00602	0.00702	0.00502	0.00803	0.00452	0.00401	0.00853	0.00702	0.01104	0.00602	0.00702	0.00502	0.00251	0.00251	0.00050	0.00251	0.00201	0.00201	0.90166
11	0.00847	0.00829	0.01299	0.01917	0.75597	0.06051	0.00986	0.01038	0.00783	0.01084	0.00700	0.01005	0.00616	0.00343	0.00342	0.00103	0.00410	0.05357	0.00177	0.00514
12	0.00720	0.00547	0.01982	0.36170	0.08103	0.00590	0.00674	0.03181	0.00714	0.10546	0.00969	0.06857	0.00900	0.16664	0.02580	0.00165	0.00387	0.07652	0.00222	0.00374
13	0.02589	0.05871	0.04013	0.00458	0.00606	0.00459	0.00377	0.07431	0.00838	0.02168	0.18004	0.06523	0.39467	0.00717	0.00420	0.04870	0.00225	0.00563	0.00295	0.04107
14	0.04749	0.27453	0.15253	0.00638	0.00865	0.05748	0.02999	0.00882	0.00728	0.03097	0.06285	0.17793	0.07502	0.00541	0.00336	0.00104	0.01886	0.02529	0.00221	0.00391
15	0.00423	0.00309	0.00383	0.00435	0.00470	0.00286	0.00290	0.00482	0.00658	0.00860	0.04579	0.59440	0.16252	0.12748	0.00600	0.00158	0.00209	0.00847	0.00302	0.00269
16	0.00685	0.01419	0.58743	0.01057	0.04987	0.00755	0.17288	0.01020	0.00728	0.01058	0.00737	0.08603	0.00613	0.00381	0.00347	0.00111	0.00483	0.00345	0.00165	0.00473
17	0.00754	0.04790	0.36648	0.01204	0.01609	0.00847	0.47037	0.01077	0.00760	0.01068	0.00645	0.00817	0.00476	0.00301	0.00360	0.00110	0.00534	0.00330	0.00159	0.00474
18	0.00572	0.00397	0.00510	0.00526	0.00625	0.00383	0.00432	0.00757	0.05422	0.05846	0.23371	0.05231	0.15925	0.00810	0.00425	0.00131	0.00244	0.37720	0.00336	0.00336
19	0.00540	0.00474	0.00711	0.42513	0.03774	0.00528	0.00621	0.00700	0.00719	0.00924	0.06592	0.13626	0.23657	0.00598	0.00369	0.00115	0.00316	0.00522	0.02363	0.00338
20	0.00734	0.11683	0.69603	0.00937	0.01393	0.04327	0.04658	0.01078	0.00726	0.01032	0.00592	0.00700	0.00434	0.00318	0.00312	0.00103	0.00492	0.00247	0.00146	0.00487
21	0.00839	0.00889	0.10477	0.28945	0.23460	0.05365	0.06471	0.08732	0.05295	0.04166	0.01710	0.00890	0.00563	0.00344	0.00339	0.00107	0.00434	0.00308	0.00197	0.00471
22	0.00763	0.00849	0.05088	0.00721	0.02185	0.25404	0.02553	0.00897	0.02101	0.00859	0.00832	0.05831	0.01767	0.03602	0.33198	0.00278	0.08710	0.00348	0.03661	0.00352

[dist]
# distance from previous block
# <min> <max>
5	13

[block]
# block no. 10 follows, 83 sequences, length 58
# corresponding to MSA columns:
# 687-744
name=unknown_K
#
# <colnr> <probs for GDERKNQSTAVLIFYWHMCP>
#	G	D	E	R	K	N	Q	S	T	A	V	L	I	F	Y	W	H	M	C	P
0	0.00472	0.00344	0.00444	0.00423	0.00503	0.00316	0.00316	0.00623	0.00935	0.01312	0.77422	0.06208	0.07978	0.00718	0.00401	0.00108	0.00162	0.00634	0.00367	0.00316
