[name]
unknown

[dist]
# distance from previous block
# <min> <max>
0	57

[block]
# block no. 0 follows, 85 sequences, length 36
# corresponding to MSA columns:
# 113-131,181-187,191-200
name=unknown_A
#
# <colnr> <probs for GDERKNQSTAVLIFYWHMCP>
#	G	D	E	R	K	N	Q	S	T	A	V	L	I	F	Y	W	H	M	C	P
0	0.00982	0.13333	0.02333	0.00907	0.02513	0.12291	0.24771	0.09254	0.02263	0.13817	0.03504	0.00965	0.00673	0.02267	0.01769	0.00113	0.05549	0.02019	0.00228	0.00449
1	0.00905	0.16068	0.24373	0.00850	0.01174	0.00844	0.16311	0.14818	0.00883	0.11700	0.00847	0.04793	0.02485	0.00385	0.00327	0.00102	0.00410	0.02025	0.00225	0.00475
2	0.00650	0.06614	0.04860	0.05210	0.13378	0.01843	0.18707	0.03606	0.00755	0.00993	0.01444	0.15963	0.19315	0.00558	0.00376	0.00111	0.01649	0.02033	0.01548	0.00387
3	0.01055	0.03547	0.01025	0.15889	0.08002	0.00645	0.12258	0.04681	0.02685	0.37068	0.01060	0.01133	0.03543	0.02091	0.00365	0.00109	0.00358	0.01657	0.02348	0.00480
4	0.04940	0.00887	0.00953	0.00868	0.08753	0.20100	0.07620	0.13376	0.04777	0.19475	0.04285	0.02655	0.00750	0.00407	0.00363	0.00102	0.04492	0.01483	0.03250	0.00464
5	0.00874	0.12865	0.25627	0.05569	0.06551	0.17999	0.00772	0.01094	0.03291	0.09661	0.02527	0.01043	0.09957	0.00395	0.00313	0.00097	0.00416	0.00306	0.00205	0.00439
6	0.00472	0.00359	0.00393	0.00379	0.00491	0.00315	0.00286	0.00602	0.03618	0.04759	0.20914	0.04399	0.60269	0.00779	0.00389	0.00111	0.00174	0.00657	0.00326	0.00308
7	0.03377	0.00636	0.00999	0.75744	0.06704	0.02728	0.00896	0.03361	0.00699	0.00917	0.00593	0.00863	0.00448	0.00332	0.00328	0.00109	0.00436	0.00290	0.00156	0.00383
8	0.05784	0.00909	0.04080	0.00822	0.03085	0.14592	0.13123	0.22168	0.04209	0.20615	0.00936	0.00951	0.03439	0.00381	0.00328	0.00100	0.00395	0.00316	0.03281	0.00485
9	0.00773	0.00804	0.01090	0.43680	0.07154	0.15031	0.12009	0.02820	0.03779	0.00958	0.05233	0.02418	0.00651	0.00365	0.00352	0.00106	0.01872	0.00325	0.00181	0.00397
10	0.03808	0.00764	0.03772	0.08769	0.14018	0.03468	0.03887	0.18159	0.04735	0.04113	0.00813	0.00949	0.03638	0.02145	0.00357	0.00096	0.02403	0.01344	0.00229	0.22533
11	0.00455	0.00360	0.00418	0.00389	0.00500	0.00310	0.00294	0.00580	0.00840	0.01123	0.42920	0.02641	0.38948	0.00713	0.00380	0.00103	0.00169	0.00610	0.00327	0.07919
12	0.03360	0.01001	0.00821	0.00692	0.02568	0.35278	0.00528	0.03650	0.00858	0.15327	0.00684	0.00729	0.00521	0.00320	0.00286	0.00077	0.00401	0.00231	0.00226	0.32443
13	0.00577	0.00289	0.00433	0.00433	0.00433	0.00289	0.00289	0.00433	0.00433	0.00577	0.00577	0.01010	0.00577	0.01154	0.01299	0.90332	0.00289	0.00289	0.00144	0.00144
14	0.03703	0.24108	0.21870	0.00946	0.01284	0.02028	0.28233	0.04469	0.07267	0.02077	0.00655	0.00764	0.00504	0.00311	0.00313	0.00098	0.00447	0.00286	0.00178	0.00461
15	0.31060	0.00728	0.00745	0.00599	0.00834	0.00787	0.00492	0.33835	0.03828	0.18796	0.00920	0.00899	0.04314	0.00392	0.00293	0.00102	0.00301	0.00287	0.00305	0.00483
16	0.00617	0.00382	0.00550	0.00533	0.00614	0.00410	0.00411	0.00727	0.00625	0.13423	0.03666	0.16301	0.01127	0.01844	0.55016	0.00381	0.02340	0.00461	0.00240	0.00333
17	0.00676	0.00506	0.03521	0.00635	0.01763	0.00462	0.10010	0.02345	0.00797	0.13317	0.24806	0.23249	0.03954	0.04254	0.00481	0.00126	0.05055	0.03377	0.00303	0.00364
18	0.00694	0.00711	0.01353	0.51295	0.05741	0.00783	0.30616	0.00931	0.00707	0.00934	0.00617	0.00883	0.00468	0.00318	0.00371	0.00112	0.02575	0.00329	0.00156	0.00404
19	0.12933	0.00729	0.00815	0.00641	0.00883	0.00763	0.00526	0.39398	0.02507	0.31218	0.00981	0.03757	0.00694	0.00413	0.00318	0.00102	0.00311	0.00318	0.02169	0.00523
20	0.21296	0.05336	0.06748	0.06018	0.08959	0.01945	0.27420	0.07171	0.00767	0.05762	0.00629	0.00770	0.00477	0.00326	0.00354	0.00106	0.04986	0.00292	0.00196	0.00442
21	0.00625	0.05779	0.11542	0.00626	0.00777	0.04337	0.00568	0.03645	0.08179	0.01034	0.05806	0.15331	0.03679	0.03590	0.00435	0.00133	0.00316	0.32967	0.00273	0.00359
22	0.00400	0.00328	0.00353	0.00365	0.00458	0.00281	0.00267	0.00484	0.00747	0.00917	0.08481	0.18867	0.65165	0.00868	0.00398	0.00116	0.00172	0.00740	0.00312	0.00281
23	0.03341	0.03535	0.03827	0.00761	0.01007	0.04442	0.04687	0.42421	0.29422	0.01668	0.00940	0.00924	0.00692	0.00400	0.00329	0.00103	0.00351	0.00317	0.00304	0.00527
24	0.06842	0.11695	0.30085	0.00896	0.03943	0.01881	0.16190	0.05246	0.01434	0.10432	0.02540	0.00802	0.00555	0.00324	0.00311	0.00098	0.00417	0.00279	0.00200	0.05831
25	0.00799	0.29645	0.35733	0.02643	0.01122	0.06385	0.02194	0.04365	0.02905	0.02020	0.00664	0.03240	0.01471	0.02937	0.00327	0.00099	0.00418	0.00262	0.00169	0.02602
26	0.00815	0.57671	0.19348	0.00722	0.01038	0.01124	0.07735	0.00994	0.00689	0.00873	0.01999	0.00667	0.01408	0.00314	0.00285	0.00085	0.03420	0.00226	0.00150	0.00436
27	0.02941	0.00383	0.00501	0.00485	0.00562	0.00389	0.00359	0.00745	0.00676	0.14620	0.09177	0.26342	0.01453	0.10869	0.17541	0.00221	0.03902	0.00547	0.07959	0.00328
28	0.04309	0.09486	0.09786	0.04475	0.09435	0.10603	0.07016	0.15896	0.05850	0.16469	0.02964	0.00872	0.00638	0.00360	0.00317	0.00099	0.00395	0.00293	0.00250	0.00487
29	0.00587	0.00509	0.03505	0.03897	0.14490	0.01697	0.01512	0.00727	0.04560	0.01922	0.06231	0.13791	0.06327	0.27638	0.02374	0.00186	0.02166	0.04307	0.03247	0.00329
30	0.00592	0.00378	0.00426	0.00397	0.00523	0.00327	0.00300	0.00696	0.02129	0.15203	0.07372	0.07501	0.57510	0.04602	0.00441	0.00121	0.00196	0.00633	0.00325	0.00330
31	0.00823	0.00770	0.04054	0.07844	0.44606	0.00753	0.09617	0.07213	0.06784	0.04544	0.07752	0.01039	0.01968	0.00360	0.00342	0.00103	0.00380	0.00342	0.00216	0.00489
32	0.01046	0.02885	0.05184	0.09694	0.12447	0.08257	0.03193	0.12377	0.02021	0.26770	0.05224	0.04459	0.02057	0.00423	0.00348	0.01381	0.00361	0.00345	0.00278	0.01247
33	0.00466	0.00333	0.00419	0.00438	0.00483	0.00326	0.00301	0.00568	0.03481	0.01780	0.17550	0.33674	0.08326	0.20715	0.09411	0.00209	0.00287	0.00673	0.00284	0.00278
34	0.00815	0.42739	0.37599	0.00736	0.01100	0.01021	0.00842	0.02989	0.03553	0.03790	0.00602	0.01789	0.00483	0.00320	0.00270	0.00089	0.00406	0.00231	0.00163	0.00463
35	0.04880	0.00789	0.01029	0.04752	0.31925	0.08088	0.03500	0.14874	0.04884	0.08017	0.04708	0.01717	0.00773	0.00397	0.00343	0.00103	0.01464	0.04882	0.02398	0.00477

[dist]
# distance from previous block
# <min> <max>
26	40

[block]
# block no. 1 follows, 85 sequences, length 16
# corresponding to MSA columns:
# 268-279,289-292
name=unknown_B
#
# <colnr> <probs for GDERKNQSTAVLIFYWHMCP>
#	G	D	E	R	K	N	Q	S	T	A	V	L	I	F	Y	W	H	M	C	P
0	0.00794	0.23621	0.16217	0.00739	0.04480	0.04622	0.05088	0.02573	0.09839	0.05061	0.09669	0.03143	0.00912	0.03650	0.00357	0.00102	0.00355	0.02397	0.00220	0.06161
1	0.00858	0.53237	0.09148	0.00802	0.01103	0.04242	0.18801	0.02473	0.00721	0.00896	0.00528	0.00641	0.00447	0.00299	0.00293	0.00086	0.03069	0.00237	0.00153	0.01966
2	0.00726	0.00562	0.00593	0.00531	0.00680	0.03452	0.00412	0.08051	0.28871	0.05627	0.21308	0.01856	0.18468	0.00568	0.00352	0.00106	0.00232	0.00475	0.06717	0.00413
3	0.00578	0.00441	0.00656	0.05116	0.08296	0.00417	0.06663	0.00720	0.00810	0.06596	0.29687	0.14059	0.19489	0.00668	0.00384	0.00112	0.00242	0.03159	0.01559	0.00348
4	0.00805	0.00840	0.01559	0.11888	0.28203	0.04012	0.40858	0.01035	0.00760	0.02570	0.00645	0.00859	0.00504	0.00307	0.00386	0.00108	0.03695	0.00339	0.00168	0.00460
5	0.00742	0.00510	0.00638	0.00576	0.00693	0.04133	0.01827	0.11933	0.00752	0.11067	0.00965	0.04806	0.00844	0.04844	0.48292	0.00348	0.00637	0.00367	0.05660	0.00366
6	0.00526	0.00378	0.00443	0.00432	0.00535	0.00349	0.00328	0.02716	0.04734	0.05821	0.25119	0.15144	0.36065	0.00778	0.00394	0.00115	0.00192	0.05276	0.00332	0.00323
7	0.00505	0.00411	0.00622	0.00599	0.00674	0.00401	0.10449	0.04089	0.02894	0.00950	0.02929	0.65290	0.04138	0.00887	0.00426	0.00130	0.01944	0.02057	0.00291	0.00313
8	0.00792	0.00750	0.00661	0.00595	0.00733	0.21237	0.00455	0.06482	0.16676	0.03070	0.40806	0.01678	0.03628	0.00536	0.00355	0.00101	0.00299	0.00443	0.00312	0.00391
9	0.00471	0.00334	0.00451	0.00533	0.03691	0.00321	0.00356	0.01772	0.00654	0.02008	0.01679	0.63258	0.03511	0.06652	0.02367	0.02817	0.00240	0.08312	0.00290	0.00284
10	0.00507	0.00357	0.00425	0.00429	0.00513	0.00329	0.00312	0.00642	0.05258	0.05967	0.19192	0.27615	0.28881	0.05870	0.00472	0.00130	0.00196	0.02273	0.00321	0.00310
11	0.08757	0.26050	0.01062	0.00614	0.00861	0.07250	0.00529	0.14189	0.03433	0.29576	0.03995	0.00871	0.00692	0.00370	0.00288	0.00092	0.00332	0.00273	0.00283	0.00484
12	0.00859	0.62055	0.22037	0.00672	0.01005	0.01166	0.00731	0.06443	0.00739	0.00931	0.00516	0.00591	0.00434	0.00299	0.00245	0.00081	0.00389	0.00202	0.00154	0.00451
13	0.00542	0.00367	0.00476	0.00520	0.00585	0.00358	0.00390	0.01977	0.06276	0.06105	0.01788	0.53002	0.04777	0.00919	0.00419	0.00135	0.00231	0.20498	0.00316	0.00318
14	0.00416	0.00303	0.00380	0.00431	0.00465	0.00280	0.00289	0.00478	0.00657	0.00865	0.07411	0.61148	0.14323	0.10245	0.00552	0.00150	0.00201	0.00838	0.00301	0.00267
15	0.00885	0.07957	0.08908	0.00865	0.01123	0.05315	0.23593	0.17359	0.06049	0.06376	0.00997	0.07450	0.04285	0.00435	0.00347	0.00106	0.00399	0.03528	0.03573	0.00451

[dist]
# distance from previous block
# <min> <max>
20	35

[block]
# block no. 2 follows, 85 sequences, length 8
# corresponding to MSA columns:
# 333-340
name=unknown_C
#
# <colnr> <probs for GDERKNQSTAVLIFYWHMCP>
#	G	D	E	R	K	N	Q	S	T	A	V	L	I	F	Y	W	H	M	C	P
0	0.00869	0.65970	0.19740	0.00650	0.00977	0.01161	0.00705	0.01036	0.00694	0.04829	0.00530	0.00597	0.00444	0.00297	0.00241	0.00080	0.00381	0.00199	0.00154	0.00447
1	0.08764	0.14958	0.12843	0.02844	0.02548	0.06866	0.04814	0.12764	0.03141	0.02876	0.02166	0.06787	0.06692	0.02382	0.04221	0.00122	0.00385	0.00341	0.00220	0.04267
2	0.00586	0.00471	0.00694	0.00573	0.00697	0.00440	0.13030	0.02275	0.00638	0.02592	0.04559	0.05166	0.06304	0.36745	0.09390	0.00230	0.00380	0.00442	0.00218	0.14571
3	0.00513	0.00427	0.00456	0.00427	0.00553	0.00409	0.00321	0.00782	0.18370	0.01049	0.13131	0.02513	0.48623	0.05842	0.00450	0.00120	0.00199	0.00583	0.00310	0.04922
4	0.00671	0.00598	0.00802	0.04636	0.09583	0.04936	0.08126	0.04291	0.03792	0.01191	0.30990	0.01573	0.04673	0.00473	0.00344	0.00094	0.00288	0.02751	0.02020	0.18169
5	0.00691	0.00607	0.00612	0.00599	0.00675	0.14789	0.00448	0.04159	0.00732	0.06187	0.01380	0.41898	0.05207	0.00897	0.06573	0.00152	0.10286	0.03510	0.00265	0.00334
6	0.05114	0.00447	0.00676	0.00740	0.09895	0.00432	0.08825	0.00658	0.00702	0.00965	0.01694	0.37234	0.12228	0.00797	0.00403	0.00128	0.00275	0.18185	0.00273	0.00329
7	0.01118	0.04308	0.00837	0.00651	0.00874	0.00766	0.00533	0.27926	0.23240	0.24470	0.01133	0.01168	0.00832	0.00437	0.00330	0.00104	0.00300	0.04549	0.05904	0.00520

[dist]
# distance from previous block
# <min> <max>
0	1

[block]
# block no. 3 follows, 85 sequences, length 13
# corresponding to MSA columns:
# 342-351,355-357
name=unknown_D
#
# <colnr> <probs for GDERKNQSTAVLIFYWHMCP>
#	G	D	E	R	K	N	Q	S	T	A	V	L	I	F	Y	W	H	M	C	P
0	0.06217	0.07143	0.00859	0.00627	0.00852	0.00754	0.00516	0.35743	0.01123	0.27001	0.04304	0.09727	0.00890	0.00464	0.00327	0.00102	0.00304	0.00371	0.02179	0.00499
1	0.00778	0.00657	0.00876	0.22299	0.04480	0.03392	0.05457	0.17075	0.09081	0.02426	0.02312	0.01199	0.02578	0.13685	0.08773	0.00180	0.03772	0.00355	0.00226	0.00401
2	0.00743	0.00705	0.00627	0.00638	0.06938	0.21483	0.00437	0.04068	0.00836	0.05470	0.13748	0.05803	0.26740	0.09718	0.00496	0.00126	0.00319	0.00492	0.00268	0.00346
3	0.00415	0.00311	0.00387	0.00432	0.00483	0.00282	0.00304	0.00496	0.00711	0.00930	0.13521	0.53407	0.22275	0.00941	0.00414	0.00126	0.00186	0.03783	0.00316	0.00280
4	0.03496	0.00615	0.03844	0.00592	0.00779	0.00599	0.00483	0.07761	0.27425	0.22807	0.19868	0.07795	0.01443	0.00521	0.00350	0.00108	0.00256	0.00440	0.00349	0.00467
5	0.03269	0.00707	0.00873	0.02881	0.25261	0.05942	0.00627	0.17966	0.07778	0.02581	0.06635	0.07302	0.07002	0.06936	0.00444	0.00121	0.00333	0.02643	0.00257	0.00439
6	0.00489	0.00317	0.00411	0.00460	0.00505	0.00291	0.00317	0.00554	0.00667	0.07141	0.01902	0.69210	0.09685	0.04241	0.00463	0.00138	0.00204	0.02403	0.00312	0.00291
7	0.00735	0.00402	0.00545	0.06887	0.00721	0.00377	0.00407	0.00838	0.00763	0.24540	0.09314	0.36261	0.08119	0.03831	0.00434	0.00127	0.00241	0.04770	0.00326	0.00363
8	0.04215	0.00578	0.02921	0.00533	0.00711	0.00563	0.00437	0.19742	0.05949	0.17389	0.15687	0.01473	0.08971	0.00531	0.02230	0.00109	0.00263	0.00396	0.16870	0.00432
9	0.05220	0.03961	0.00855	0.01993	0.05879	0.03889	0.13027	0.02583	0.05344	0.04857	0.00870	0.06666	0.02144	0.16764	0.02054	0.18051	0.04924	0.00384	0.00204	0.00330
10	0.14031	0.03967	0.07857	0.01853	0.02393	0.02977	0.04534	0.30420	0.01029	0.15182	0.03914	0.00862	0.00643	0.00415	0.01795	0.00108	0.03974	0.00289	0.00274	0.03482
11	0.07175	0.05216	0.02969	0.09827	0.18793	0.04067	0.02900	0.05603	0.03576	0.04588	0.03744	0.17190	0.02347	0.00492	0.00354	0.00105	0.02816	0.01615	0.00229	0.06393
12	0.01828	0.13209	0.10559	0.02290	0.06510	0.00696	0.02677	0.02426	0.19809	0.03840	0.05960	0.12651	0.04635	0.00536	0.02279	0.00112	0.00310	0.00414	0.06861	0.02400

[dist]
# distance from previous block
# <min> <max>
4	12

[block]
# block no. 4 follows, 85 sequences, length 6
# corresponding to MSA columns:
# 375-380
name=unknown_E
#
# <colnr> <probs for GDERKNQSTAVLIFYWHMCP>
#	G	D	E	R	K	N	Q	S	T	A	V	L	I	F	Y	W	H	M	C	P
0	0.00845	0.19389	0.02779	0.00585	0.00758	0.02176	0.03800	0.00963	0.00755	0.22303	0.08181	0.15077	0.03526	0.04291	0.06245	0.00143	0.02716	0.04798	0.00274	0.00399
1	0.00472	0.00321	0.00412	0.00448	0.00499	0.00295	0.00315	0.00555	0.00715	0.04791	0.16805	0.52882	0.11218	0.05027	0.00472	0.00135	0.00198	0.03834	0.00318	0.00290
2	0.00893	0.03508	0.09556	0.00794	0.03272	0.14980	0.09693	0.09345	0.07386	0.06007	0.00884	0.00946	0.06310	0.00372	0.00352	0.00092	0.04786	0.00298	0.00223	0.20304
3	0.00721	0.00718	0.08485	0.04081	0.14548	0.00650	0.15596	0.06124	0.07938	0.03948	0.04134	0.06238	0.02380	0.12901	0.07146	0.00172	0.01835	0.01753	0.00222	0.00411
4	0.00436	0.00321	0.00417	0.00448	0.00490	0.00322	0.00314	0.00506	0.00600	0.00801	0.01665	0.36266	0.14354	0.15465	0.25721	0.00277	0.00412	0.00663	0.00253	0.00268
5	0.04642	0.00325	0.00406	0.00444	0.00479	0.00323	0.00301	0.00516	0.00612	0.00858	0.06335	0.49216	0.04386	0.18293	0.11090	0.00216	0.00302	0.00720	0.00270	0.00267

[dist]
# distance from previous block
# <min> <max>
10	106

[block]
# block no. 5 follows, 85 sequences, length 27
# corresponding to MSA columns:
# 507-509,530-532,537-545,564,574-577,580-586
name=unknown_F
#
# <colnr> <probs for GDERKNQSTAVLIFYWHMCP>
#	G	D	E	R	K	N	Q	S	T	A	V	L	I	F	Y	W	H	M	C	P
0	0.16059	0.20816	0.17966	0.00762	0.01033	0.15297	0.09089	0.01039	0.00712	0.02460	0.00593	0.04377	0.00507	0.00353	0.00324	0.00096	0.05139	0.00261	0.00173	0.02945
1	0.03529	0.00491	0.04048	0.00621	0.04687	0.00492	0.00461	0.00838	0.17455	0.00986	0.03998	0.28066	0.01318	0.01317	0.29822	0.00261	0.00466	0.00537	0.00255	0.00355
2	0.00677	0.00603	0.01062	0.08618	0.01141	0.00586	0.30870	0.05758	0.00804	0.02531	0.10728	0.07778	0.08687	0.00505	0.00393	0.02646	0.00358	0.03953	0.08951	0.03352
3	0.00724	0.26491	0.10013	0.00814	0.01054	0.03990	0.22525	0.00897	0.00680	0.00882	0.00768	0.04669	0.02873	0.04909	0.15310	0.00183	0.02319	0.00336	0.00170	0.00392
4	0.00620	0.00467	0.00514	0.00463	0.00589	0.00466	0.00354	0.16054	0.06666	0.01270	0.23557	0.05706	0.30839	0.04404	0.00424	0.00116	0.00214	0.00555	0.06369	0.00356
5	0.23641	0.00502	0.00543	0.00468	0.00638	0.00507	0.00373	0.01918	0.05625	0.25374	0.16946	0.01336	0.04502	0.00450	0.00297	0.00100	0.00226	0.00357	0.15787	0.00409
6	0.02648	0.00421	0.00524	0.00464	0.00605	0.00381	0.00361	0.00917	0.03624	0.25814	0.32601	0.06616	0.21077	0.00646	0.00372	0.00108	0.00206	0.01873	0.00358	0.00384
7	0.06745	0.00743	0.04676	0.34105	0.01673	0.03204	0.29054	0.02483	0.00742	0.01028	0.06287	0.05320	0.00739	0.00379	0.00352	0.00111	0.00442	0.01336	0.00186	0.00395
8	0.04910	0.00524	0.07959	0.00515	0.00642	0.00446	0.03984	0.08390	0.00764	0.01176	0.06041	0.28933	0.01316	0.02097	0.00349	0.00109	0.00240	0.00523	0.30740	0.00343
9	0.00421	0.00305	0.00409	0.00465	0.00494	0.00299	0.00320	0.00488	0.00615	0.00826	0.01682	0.64939	0.05122	0.05812	0.15909	0.00215	0.00323	0.00807	0.00280	0.00272
10	0.03431	0.00987	0.10480	0.01150	0.03545	0.04521	0.47455	0.17374	0.00935	0.04041	0.02345	0.00871	0.00562	0.00323	0.00360	0.00107	0.00488	0.00345	0.00210	0.00473
11	0.05799	0.02816	0.20829	0.00687	0.00915	0.00617	0.02112	0.06981	0.04853	0.14485	0.03883	0.10172	0.01094	0.00558	0.00385	0.00118	0.03868	0.17136	0.02264	0.00426
12	0.00450	0.00324	0.00434	0.00494	0.00540	0.00308	0.00370	0.00550	0.00721	0.00963	0.14575	0.49444	0.04673	0.00947	0.00428	0.00135	0.00218	0.23823	0.00316	0.00287
13	0.00484	0.00313	0.00415	0.00469	0.00509	0.00291	0.00326	0.00559	0.00679	0.05935	0.06697	0.72090	0.02119	0.00958	0.00412	0.00130	0.00199	0.04055	0.03067	0.00292
14	0.06322	0.00604	0.00865	0.43907	0.03624	0.00694	0.02394	0.07976	0.08577	0.06802	0.04555	0.01142	0.04882	0.03476	0.02703	0.00127	0.00381	0.00342	0.00223	0.00403
15	0.05556	0.02349	0.00684	0.06066	0.00799	0.04365	0.03868	0.07158	0.12265	0.01204	0.26814	0.11016	0.11033	0.00599	0.00396	0.00110	0.04549	0.00505	0.00293	0.00372
16	0.00853	0.16420	0.04739	0.08873	0.26608	0.06649	0.04969	0.06915	0.03406	0.01880	0.00619	0.00753	0.00503	0.00313	0.00316	0.00090	0.02419	0.00261	0.00182	0.13231
17	0.02296	0.03499	0.26256	0.08238	0.11485	0.00723	0.07282	0.09402	0.02698	0.05895	0.05565	0.04510	0.02853	0.02089	0.00365	0.00107	0.01321	0.00339	0.00213	0.04865
18	0.00705	0.00456	0.00613	0.00559	0.00658	0.00503	0.00436	0.09666	0.00703	0.12123	0.02823	0.01307	0.00870	0.09530	0.51796	0.00379	0.04381	0.00360	0.01777	0.00355
19	0.00652	0.00615	0.01040	0.76935	0.12688	0.00745	0.00935	0.00870	0.00676	0.00878	0.00595	0.00878	0.00453	0.00328	0.00332	0.00109	0.00437	0.00295	0.00150	0.00389
20	0.00695	0.05272	0.15640	0.04563	0.10856	0.00686	0.14366	0.04766	0.03867	0.01743	0.00859	0.11700	0.00812	0.10870	0.04226	0.00150	0.03605	0.00400	0.00199	0.04723
21	0.00880	0.00554	0.02980	0.00625	0.00808	0.00500	0.09052	0.03488	0.07688	0.28807	0.09628	0.13928	0.11577	0.03051	0.00415	0.00118	0.01388	0.02523	0.00325	0.01666
22	0.00524	0.00336	0.00409	0.00399	0.00439	0.00325	0.00261	0.00565	0.00620	0.04976	0.16854	0.05817	0.09073	0.46402	0.05374	0.06309	0.00296	0.00517	0.00251	0.00250
23	0.00583	0.00345	0.00519	0.00481	0.00525	0.00336	0.04454	0.01697	0.00591	0.02535	0.17860	0.03236	0.03024	0.04407	0.01016	0.57307	0.00273	0.00388	0.00207	0.00215
24	0.05227	0.07878	0.16799	0.00973	0.15947	0.11860	0.03225	0.09537	0.03508	0.16048	0.02006	0.03139	0.00646	0.00372	0.00316	0.00100	0.00398	0.01302	0.00235	0.00482
25	0.03001	0.00738	0.07602	0.00759	0.00939	0.05823	0.13707	0.05796	0.06662	0.08895	0.09418	0.06455	0.04367	0.03492	0.05854	0.00148	0.09536	0.06155	0.00252	0.00402
26	0.02653	0.22335	0.18544	0.17849	0.02386	0.09327	0.04335	0.02421	0.00726	0.04395	0.00578	0.00713	0.00456	0.00327	0.00332	0.00094	0.05220	0.00245	0.00167	0.06897

[dist]
# distance from previous block
# <min> <max>
11	100

[block]
# block no. 6 follows, 85 sequences, length 21
# corresponding to MSA columns:
# 695-715
name=unknown_G
#
# <colnr> <probs for GDERKNQSTAVLIFYWHMCP>
#	G	D	E	R	K	N	Q	S	T	A	V	L	I	F	Y	W	H	M	C	P
0	0.17019	0.00888	0.00968	0.17454	0.24204	0.18506	0.00736	0.07943	0.03756	0.01142	0.00656	0.00795	0.02145	0.00345	0.00318	0.00101	0.02131	0.00269	0.00192	0.00433
1	0.06728	0.00443	0.00518	0.00474	0.00599	0.00432	0.01303	0.06364	0.05200	0.03957	0.26707	0.14662	0.09394	0.00622	0.00349	0.00104	0.00211	0.04058	0.10270	0.07606
2	0.55158	0.06621	0.00700	0.00561	0.00761	0.21401	0.00452	0.02968	0.02946	0.02407	0.03076	0.00644	0.00491	0.00333	0.00242	0.00097	0.00345	0.00210	0.00207	0.00381
3	0.00503	0.00362	0.00427	0.00428	0.00494	0.00340	0.00289	0.00602	0.04985	0.03093	0.01655	0.31166	0.14623	0.29667	0.02479	0.00192	0.00255	0.00638	0.00266	0.07536
4	0.00782	0.00888	0.01915	0.01375	0.01695	0.00849	0.80953	0.01052	0.00771	0.01052	0.00661	0.00888	0.00501	0.00295	0.00426	0.00114	0.04787	0.00387	0.00167	0.00444
5	0.00479	0.00333	0.00419	0.00457	0.00517	0.00308	0.00328	0.02340	0.00724	0.04421	0.08288	0.54099	0.18518	0.00928	0.00412	0.00127	0.00200	0.06488	0.00317	0.00296
6	0.00742	0.00750	0.01456	0.01126	0.04297	0.00720	0.52887	0.09515	0.00831	0.01120	0.01014	0.19373	0.03603	0.00471	0.00391	0.00115	0.00444	0.00506	0.00219	0.00420
7	0.00475	0.00356	0.00534	0.00534	0.00593	0.00415	0.00415	0.00593	0.00534	0.00771	0.00890	0.01305	0.00831	0.02492	0.87005	0.00534	0.00890	0.00356	0.00178	0.00297
8	0.00727	0.00769	0.01310	0.03756	0.01247	0.07802	0.39332	0.00906	0.00680	0.00911	0.00669	0.00947	0.00566	0.00893	0.21427	0.02792	0.14371	0.00347	0.00166	0.00382
9	0.00709	0.00462	0.00559	0.00520	0.00639	0.00458	0.00400	0.12136	0.06468	0.11330	0.20745	0.21491	0.09266	0.03490	0.00426	0.00123	0.00235	0.08402	0.01770	0.00374
10	0.02310	0.00373	0.00445	0.00460	0.00541	0.00357	0.00331	0.02353	0.07324	0.06003	0.09078	0.46282	0.21176	0.00855	0.00396	0.00122	0.00200	0.00752	0.00320	0.00321
11	0.00459	0.00327	0.00404	0.00439	0.00456	0.00326	0.00284	0.00522	0.03005	0.00790	0.02912	0.45923	0.01733	0.36517	0.00952	0.00210	0.02211	0.02012	0.00263	0.00253
12	0.00659	0.00423	0.00474	0.00438	0.00544	0.00431	0.00334	0.11033	0.06490	0.02630	0.24280	0.09803	0.03387	0.00544	0.00318	0.00096	0.00194	0.00461	0.37106	0.00356
13	0.00439	0.00333	0.00394	0.00415	0.00479	0.00308	0.00293	0.00546	0.03411	0.00946	0.16811	0.31828	0.28297	0.10866	0.00552	0.00144	0.00199	0.03153	0.00307	0.00282
14	0.00577	0.00289	0.00433	0.00433	0.00433	0.00289	0.00289	0.00433	0.00433	0.00577	0.00577	0.01010	0.00577	0.01154	0.01299	0.90332	0.00289	0.00289	0.00144	0.00144
15	0.00512	0.00456	0.02209	0.00645	0.00760	0.00411	0.18133	0.00650	0.00746	0.01025	0.20708	0.41004	0.06244	0.00750	0.00399	0.00119	0.00264	0.00700	0.03940	0.00323
16	0.00424	0.00365	0.04573	0.00490	0.00538	0.00301	0.00363	0.00504	0.00650	0.00867	0.01818	0.76657	0.04835	0.00993	0.00420	0.00134	0.00212	0.05274	0.00300	0.00283
17	0.01091	0.00773	0.00849	0.00699	0.00925	0.00850	0.00565	0.36099	0.36567	0.13589	0.01130	0.01117	0.00829	0.00438	0.00339	0.00107	0.00309	0.02838	0.00345	0.00541
18	0.00483	0.00324	0.00371	0.00371	0.00374	0.00327	0.00212	0.00489	0.00486	0.00651	0.01039	0.02131	0.01189	0.84016	0.05971	0.00333	0.00351	0.00477	0.00200	0.00206
19	0.00978	0.12498	0.30994	0.00828	0.01141	0.27692	0.00830	0.14833	0.05174	0.01130	0.00624	0.00691	0.00477	0.00340	0.00302	0.00094	0.00476	0.00242	0.00191	0.00464
20	0.11292	0.00699	0.02289	0.03343	0.10698	0.05670	0.03257	0.04620	0.00782	0.11432	0.05344	0.00906	0.02376	0.00337	0.00299	0.00083	0.01479	0.00273	0.01243	0.33578

[dist]
# distance from previous block
# <min> <max>
7	9

[block]
# block no. 7 follows, 85 sequences, length 14
# corresponding to MSA columns:
# 742-755
name=unknown_H
#
# <colnr> <probs for GDERKNQSTAVLIFYWHMCP>
#	G	D	E	R	K	N	Q	S	T	A	V	L	I	F	Y	W	H	M	C	P
0	0.00705	0.05882	0.12941	0.10947	0.16512	0.03070	0.02724	0.03375	0.00676	0.03192	0.00714	0.01008	0.00620	0.06810	0.22041	0.00226	0.06796	0.00310	0.01047	0.00401
1	0.00588	0.00461	0.00612	0.00568	0.00648	0.01895	0.03416	0.03968	0.02223	0.03423	0.01129	0.27289	0.01202	0.13363	0.21650	0.00248	0.09031	0.00528	0.00234	0.07524
2	0.09710	0.18714	0.18771	0.00806	0.05352	0.17379	0.03100	0.09390	0.04304	0.04066	0.03044	0.00741	0.00556	0.00338	0.00288	0.00093	0.00415	0.00249	0.00199	0.02486
3	0.00549	0.07819	0.08002	0.00518	0.03049	0.00457	0.00426	0.02575	0.00785	0.03250	0.22423	0.16111	0.26887	0.02812	0.00399	0.00113	0.00233	0.00585	0.00288	0.02720
4	0.00427	0.00332	0.00377	0.00378	0.00457	0.00298	0.00271	0.00515	0.00741	0.00952	0.21496	0.10828	0.44581	0.12625	0.04108	0.00158	0.00218	0.00658	0.00302	0.00277
5	0.06051	0.00545	0.00730	0.00604	0.02714	0.00467	0.08071	0.00830	0.02221	0.05799	0.02305	0.22289	0.02218	0.00478	0.00313	0.00086	0.00265	0.00424	0.00240	0.43350
6	0.02763	0.02870	0.00619	0.00619	0.05953	0.10342	0.00433	0.03463	0.05639	0.05317	0.12471	0.30125	0.12204	0.00699	0.00370	0.00112	0.00268	0.02963	0.00289	0.02480
7	0.00425	0.00304	0.00410	0.00470	0.00500	0.00298	0.00326	0.00497	0.00624	0.00845	0.01680	0.66644	0.03901	0.02713	0.14805	0.00203	0.00311	0.02495	0.02275	0.00275
8	0.06258	0.00520	0.00599	0.00546	0.00686	0.00534	0.00416	0.11437	0.15893	0.15794	0.07151	0.28924	0.06572	0.02608	0.00393	0.00120	0.00245	0.00565	0.00329	0.00410
9	0.00834	0.33164	0.05604	0.04607	0.16383	0.03595	0.13322	0.03406	0.04783	0.00963	0.00596	0.00740	0.00499	0.00380	0.02460	0.00106	0.07675	0.00267	0.00167	0.00447
10	0.00447	0.00327	0.00382	0.00403	0.00482	0.00287	0.00289	0.00529	0.00733	0.04264	0.09638	0.36508	0.42737	0.00890	0.00403	0.00120	0.00181	0.00774	0.00317	0.00290
11	0.00656	0.00377	0.00493	0.00490	0.00579	0.00348	0.00361	0.03392	0.00788	0.17385	0.16342	0.47119	0.05293	0.00825	0.00399	0.00122	0.00213	0.04132	0.00339	0.00345
12	0.03205	0.00768	0.01207	0.29807	0.31061	0.02605	0.10326	0.13132	0.02581	0.01162	0.00652	0.00844	0.00506	0.00325	0.00334	0.00104	0.00423	0.00304	0.00188	0.00464
13	0.02803	0.17270	0.16015	0.00608	0.00820	0.03174	0.02291	0.04405	0.05396	0.03325	0.16457	0.17132	0.07886	0.00561	0.00337	0.00104	0.00302	0.00471	0.00254	0.00390

[dist]
# distance from previous block
# <min> <max>
0	1

[block]
# block no. 8 follows, 85 sequences, length 21
# corresponding to MSA columns:
# 757-777
name=unknown_I
#
# <colnr> <probs for GDERKNQSTAVLIFYWHMCP>
#	G	D	E	R	K	N	Q	S	T	A	V	L	I	F	Y	W	H	M	C	P
0	0.00598	0.02496	0.00559	0.00463	0.00618	0.00418	0.01370	0.01872	0.07656	0.05809	0.30118	0.05058	0.23415	0.00600	0.00353	0.00097	0.00206	0.00513	0.00309	0.17471
1	0.00822	0.00790	0.01349	0.02040	0.86249	0.00790	0.01020	0.01020	0.00757	0.01086	0.00625	0.00822	0.00526	0.00296	0.00329	0.00099	0.00395	0.00296	0.00164	0.00526
2	0.00659	0.03326	0.76610	0.00900	0.01346	0.00752	0.01133	0.01035	0.03363	0.01044	0.00698	0.06395	0.00555	0.00366	0.00321	0.00107	0.00462	0.00294	0.00157	0.00477
3	0.00822	0.00790	0.01349	0.02040	0.86249	0.00790	0.01020	0.01020	0.00757	0.01086	0.00625	0.00822	0.00526	0.00296	0.00329	0.00099	0.00395	0.00296	0.00164	0.00526
4	0.00511	0.00404	0.00468	0.00446	0.00550	0.00395	0.00336	0.00784	0.16186	0.01201	0.44301	0.07365	0.24388	0.00701	0.00384	0.00110	0.00181	0.00606	0.00343	0.00341
5	0.00806	0.00661	0.00711	0.00625	0.00802	0.00738	0.00490	0.15176	0.51646	0.01430	0.10335	0.01499	0.09813	0.00570	0.03069	0.00123	0.00279	0.00419	0.00332	0.00478
6	0.00628	0.00591	0.00997	0.87523	0.02289	0.00738	0.00923	0.00849	0.00664	0.00849	0.00591	0.00886	0.00443	0.00332	0.00332	0.00111	0.00443	0.00295	0.00148	0.00369
7	0.00417	0.00319	0.00383	0.00413	0.00479	0.00286	0.00296	0.00506	0.00742	0.00961	0.17930	0.37879	0.33548	0.00896	0.00408	0.00122	0.00181	0.03632	0.00319	0.00283
8	0.00672	0.00441	0.00497	0.00453	0.00582	0.00422	0.00347	0.12093	0.03031	0.10184	0.10261	0.14734	0.33354	0.00688	0.00363	0.00108	0.00210	0.00581	0.10617	0.00360
9	0.00429	0.00322	0.00399	0.00430	0.00488	0.00296	0.00303	0.00539	0.02721	0.00997	0.24016	0.45980	0.20075	0.00891	0.00407	0.00122	0.00180	0.00791	0.00324	0.00289
10	0.06790	0.00679	0.00822	0.00634	0.00890	0.00666	0.00523	0.26541	0.01111	0.56146	0.01107	0.00996	0.00718	0.00401	0.00326	0.00102	0.00306	0.00314	0.00375	0.00553
11	0.00789	0.00589	0.00623	0.00549	0.00716	0.03594	0.00429	0.08613	0.29681	0.11590	0.12194	0.01892	0.26201	0.00580	0.00358	0.00108	0.00245	0.00481	0.00335	0.00431
12	0.00430	0.00309	0.00374	0.00412	0.00440	0.00292	0.00267	0.00475	0.00602	0.00787	0.01790	0.44504	0.14920	0.29848	0.02840	0.00202	0.00248	0.00741	0.00270	0.00250
13	0.00600	0.00503	0.00762	0.36971	0.07472	0.02145	0.00644	0.00754	0.00688	0.03893	0.09030	0.21234	0.01175	0.02393	0.09009	0.00161	0.01514	0.00484	0.00220	0.00349
14	0.01174	0.01483	0.01091	0.00936	0.01131	0.74350	0.13023	0.01288	0.00919	0.00850	0.00537	0.00643	0.00439	0.00333	0.00313	0.00089	0.00594	0.00240	0.00171	0.00394
15	0.00462	0.00305	0.00372	0.00416	0.00454	0.00290	0.00285	0.00538	0.00648	0.00917	0.03721	0.49340	0.07471	0.12294	0.00551	0.00147	0.00204	0.03855	0.17457	0.00272
16	0.00488	0.00323	0.00394	0.00417	0.00484	0.00294	0.00297	0.00582	0.00734	0.04998	0.15952	0.42025	0.19957	0.00835	0.00386	0.00117	0.00182	0.00736	0.10501	0.00298
17	0.00971	0.09347	0.28669	0.00803	0.03155	0.02304	0.00796	0.31994	0.06593	0.06741	0.03807	0.00878	0.01703	0.00377	0.00319	0.00100	0.00388	0.00292	0.00252	0.00509
18	0.01877	0.02900	0.04050	0.01286	0.40279	0.03152	0.01963	0.09488	0.09779	0.05104	0.04303	0.04014	0.04246	0.01260	0.00344	0.00102	0.00348	0.00347	0.00231	0.04928
19	0.01018	0.06942	0.03000	0.05102	0.00987	0.17698	0.03189	0.12020	0.03523	0.16581	0.05435	0.00936	0.02362	0.00379	0.00339	0.00091	0.03832	0.00290	0.00253	0.16024
20	0.00733	0.03697	0.14930	0.08858	0.03432	0.06814	0.06492	0.02783	0.06004	0.04408	0.18453	0.01218	0.03700	0.00408	0.00326	0.00094	0.00344	0.00349	0.00235	0.16722

[dist]
# distance from previous block
# <min> <max>
3	9

[block]
# block no. 9 follows, 85 sequences, length 6
# corresponding to MSA columns:
# 787-792
name=unknown_J
#
# <colnr> <probs for GDERKNQSTAVLIFYWHMCP>
#	G	D	E	R	K	N	Q	S	T	A	V	L	I	F	Y	W	H	M	C	P
0	0.00743	0.00475	0.00659	0.04359	0.14022	0.00463	0.00491	0.05621	0.00802	0.15398	0.07246	0.27187	0.06385	0.00638	0.00361	0.00112	0.00256	0.03970	0.10423	0.00390
1	0.00710	0.03335	0.03429	0.00728	0.09231	0.04633	0.05137	0.04277	0.00764	0.04223	0.03238	0.15582	0.07821	0.00488	0.00325	0.00090	0.00297	0.03381	0.00237	0.32074
2	0.00913	0.00510	0.00665	0.00567	0.00733	0.00485	0.03033	0.08559	0.07406	0.30172	0.16809	0.20736	0.04355	0.00608	0.00366	0.00110	0.00250	0.00529	0.00351	0.02844
3	0.00721	0.00401	0.00539	0.00541	0.00653	0.00372	0.00441	0.00844	0.00796	0.21361	0.07824	0.19489	0.08765	0.00798	0.00412	0.00131	0.00256	0.34960	0.00336	0.00359
4	0.00489	0.00343	0.00427	0.00441	0.00507	0.00319	0.00314	0.03430	0.00778	0.03781	0.26113	0.41721	0.15093	0.04097	0.00451	0.00127	0.00192	0.00751	0.00325	0.00301
5	0.03251	0.00495	0.00796	0.03099	0.00832	0.00487	0.18290	0.03669	0.00703	0.00981	0.08827	0.35453	0.01497	0.12903	0.00593	0.00147	0.03098	0.00617	0.00252	0.04011

[dist]
# distance from previous block
# <min> <max>
0	1

[block]
# block no. 10 follows, 85 sequences, length 14
# corresponding to MSA columns:
# 794-802,805-809
name=unknown_K
#
# <colnr> <probs for GDERKNQSTAVLIFYWHMCP>
#	G	D	E	R	K	N	Q	S	T	A	V	L	I	F	Y	W	H	M	C	P
0	0.15826	0.00675	0.04825	0.00558	0.00736	0.04896	0.00469	0.15803	0.02477	0.13452	0.05055	0.03255	0.00799	0.00418	0.00332	0.00098	0.05410	0.00313	0.24182	0.00418
1	0.00847	0.05883	0.01302	0.16420	0.40520	0.11273	0.10206	0.03483	0.00773	0.01008	0.00597	0.00793	0.00489	0.00322	0.00364	0.00101	0.04703	0.00290	0.00165	0.00461
2	0.18494	0.00427	0.00478	0.00462	0.00572	0.00431	0.00347	0.00796	0.05772	0.08736	0.27899	0.27282	0.05701	0.00683	0.00356	0.00114	0.00205	0.00587	0.00317	0.00343
3	0.00503	0.04687	0.00587	0.00514	0.00623	0.00386	0.04532	0.00596	0.00669	0.00908	0.01592	0.54040	0.08250	0.00798	0.00377	0.00113	0.00230	0.03148	0.00272	0.17173
4	0.03325	0.00723	0.00973	0.01082	0.29142	0.04559	0.02706	0.06933	0.03187	0.19768	0.00886	0.00936	0.03551	0.00342	0.00311	0.00089	0.00333	0.00294	0.00248	0.20612
5	0.00676	0.00577	0.00810	0.00695	0.00837	0.04782	0.16197	0.02952	0.13756	0.05218	0.09793	0.20967	0.05837	0.07704	0.02966	0.00146	0.00332	0.05103	0.00279	0.00372
6	0.00466	0.00320	0.00406	0.00446	0.00493	0.00299	0.00307	0.00560	0.02493	0.03695	0.13030	0.58347	0.09203	0.05244	0.00470	0.00135	0.00196	0.00807	0.02795	0.00289
7	0.00828	0.02757	0.18437	0.03892	0.12943	0.03950	0.21590	0.14988	0.06371	0.01241	0.05248	0.01019	0.04456	0.00370	0.00346	0.00105	0.00427	0.00344	0.00216	0.00472
8	0.00894	0.00946	0.00829	0.00760	0.03822	0.32309	0.05418	0.11922	0.05478	0.01074	0.04989	0.12970	0.13283	0.00540	0.00372	0.00104	0.03218	0.00436	0.00247	0.00390
9	0.00418	0.00300	0.00390	0.00455	0.00482	0.00281	0.00309	0.00480	0.00647	0.00857	0.04221	0.71232	0.06631	0.07116	0.00512	0.00147	0.00205	0.04750	0.00302	0.00269
10	0.03253	0.06304	0.16985	0.03675	0.04023	0.07219	0.13451	0.28214	0.04450	0.02926	0.00764	0.05049	0.00605	0.00380	0.00329	0.00102	0.00419	0.00322	0.01046	0.00481
11	0.16426	0.05356	0.18416	0.00933	0.05337	0.04654	0.20016	0.13746	0.04623	0.06389	0.00688	0.00775	0.00507	0.00329	0.00314	0.00103	0.00418	0.00285	0.00214	0.00470
12	0.00687	0.00673	0.01104	0.65435	0.14541	0.03601	0.05860	0.00902	0.00691	0.00894	0.00595	0.00865	0.00458	0.00329	0.00348	0.00109	0.02060	0.00298	0.00152	0.00397
13	0.00802	0.00790	0.01230	0.04976	0.55162	0.04621	0.04493	0.00984	0.02120	0.01010	0.00613	0.00844	0.00530	0.02862	0.00489	0.00112	0.14459	0.00299	0.00166	0.03437

[dist]
# distance from previous block
# <min> <max>
2	6

[block]
# block no. 11 follows, 85 sequences, length 20
# corresponding to MSA columns:
# 823-834,839-846
name=unknown_L
#
# <colnr> <probs for GDERKNQSTAVLIFYWHMCP>
#	G	D	E	R	K	N	Q	S	T	A	V	L	I	F	Y	W	H	M	C	P
0	0.00888	0.88522	0.01741	0.00569	0.00853	0.01315	0.00569	0.00995	0.00675	0.00782	0.00462	0.00533	0.00426	0.00284	0.00213	0.00071	0.00355	0.00178	0.00142	0.00426
1	0.00719	0.12142	0.48060	0.00788	0.01185	0.00763	0.03685	0.04132	0.00732	0.01061	0.00659	0.00751	0.02626	0.00311	0.00292	0.00088	0.00407	0.00244	0.00166	0.21189
2	0.00812	0.58553	0.31039	0.00699	0.01055	0.01127	0.00796	0.01015	0.00684	0.00875	0.00508	0.00591	0.00425	0.00295	0.00249	0.00083	0.00402	0.00201	0.00142	0.00449
3	0.00428	0.00319	0.00376	0.00408	0.00477	0.00282	0.00288	0.00504	0.00712	0.02943	0.06370	0.44230	0.39629	0.00920	0.00407	0.00123	0.00182	0.00806	0.00314	0.00284
4	0.00715	0.02730	0.02799	0.11517	0.12132	0.02832	0.03735	0.09538	0.11909	0.02675	0.09325	0.19099	0.04254	0.00574	0.00364	0.00113	0.00315	0.04699	0.00267	0.00409
5	0.03241	0.21058	0.37609	0.00801	0.01148	0.11564	0.04863	0.02096	0.00770	0.09550	0.03899	0.00768	0.00571	0.00334	0.00296	0.00095	0.00436	0.00255	0.00186	0.00459
6	0.00871	0.84719	0.01689	0.00567	0.00842	0.01276	0.00562	0.00978	0.00669	0.00781	0.00480	0.00566	0.00444	0.00380	0.03956	0.00091	0.00378	0.00185	0.00144	0.00421
7	0.00418	0.00322	0.00393	0.02199	0.00514	0.00292	0.00307	0.00506	0.00729	0.00943	0.15167	0.41232	0.32132	0.00898	0.00407	0.00122	0.00186	0.02635	0.00314	0.00283
8	0.00860	0.13629	0.26493	0.02287	0.13793	0.07242	0.09858	0.09466	0.03151	0.04488	0.03149	0.00862	0.02573	0.00345	0.00317	0.00098	0.00428	0.00291	0.00195	0.00474
9	0.00724	0.00573	0.01894	0.00634	0.05195	0.06247	0.03174	0.08917	0.05889	0.06424	0.02545	0.03068	0.00958	0.33445	0.16441	0.02455	0.00448	0.00398	0.00229	0.00340
10	0.00409	0.00298	0.00386	0.00447	0.00480	0.00275	0.00304	0.00478	0.00674	0.00894	0.09159	0.72766	0.10223	0.00991	0.00418	0.00130	0.00187	0.00892	0.00313	0.00275
11	0.00796	0.02972	0.00938	0.06164	0.22409	0.07809	0.02137	0.09729	0.16503	0.01144	0.03390	0.10740	0.03723	0.00600	0.05751	0.00134	0.03977	0.00401	0.00239	0.00442
12	0.06032	0.20633	0.43372	0.00799	0.01169	0.03313	0.03039	0.06708	0.07113	0.03924	0.00652	0.00718	0.00488	0.00327	0.00292	0.00097	0.00420	0.00246	0.00183	0.00475
13	0.00680	0.00729	0.11042	0.05364	0.20964	0.02112	0.04843	0.01618	0.09939	0.03181	0.04571	0.09215	0.12074	0.00547	0.00381	0.00114	0.02142	0.09823	0.00242	0.00419
14	0.00412	0.00296	0.00392	0.00460	0.00487	0.00276	0.00313	0.00479	0.00663	0.00886	0.07740	0.78687	0.03837	0.01009	0.00422	0.00133	0.00192	0.02729	0.00312	0.00274
15	0.09263	0.13916	0.26165	0.00900	0.02685	0.08191	0.17112	0.05633	0.05106	0.03145	0.00658	0.02352	0.00516	0.00339	0.00328	0.00101	0.02668	0.00282	0.00185	0.00453
16	0.00845	0.04210	0.43251	0.00835	0.01186	0.06769	0.05397	0.11088	0.03270	0.08732	0.03916	0.02983	0.03073	0.00397	0.00331	0.00105	0.00425	0.02497	0.00218	0.00473
17	0.00848	0.00839	0.12443	0.06916	0.01045	0.04185	0.04665	0.26679	0.05308	0.03372	0.02049	0.03488	0.03261	0.02974	0.15487	0.00186	0.03371	0.00346	0.02101	0.00438
18	0.00598	0.00497	0.03005	0.00581	0.02741	0.00490	0.02532	0.04497	0.16535	0.02162	0.33300	0.10715	0.02738	0.04326	0.13581	0.00183	0.00334	0.00515	0.00302	0.00368
19	0.00840	0.02361	0.01459	0.03486	0.26333	0.05015	0.35870	0.03146	0.02264	0.05462	0.00809	0.02752	0.03837	0.00353	0.00392	0.00107	0.04496	0.00362	0.00193	0.00462

[dist]
# distance from previous block
# <min> <max>
0	1

[block]
# block no. 12 follows, 85 sequences, length 17
# corresponding to MSA columns:
# 849-865
name=unknown_M
#
# <colnr> <probs for GDERKNQSTAVLIFYWHMCP>
#	G	D	E	R	K	N	Q	S	T	A	V	L	I	F	Y	W	H	M	C	P
0	0.02790	0.27777	0.12847	0.03472	0.07115	0.02363	0.00685	0.08953	0.21698	0.01125	0.00770	0.00862	0.00622	0.03943	0.00375	0.00106	0.03544	0.00276	0.00214	0.00464
1	0.00530	0.00465	0.00809	0.00783	0.06217	0.00441	0.19017	0.00655	0.00687	0.00923	0.01479	0.52926	0.01672	0.02328	0.00437	0.00133	0.00301	0.09604	0.00266	0.00328
2	0.00993	0.00796	0.00845	0.00710	0.00927	0.00904	0.00566	0.33470	0.53674	0.01658	0.01142	0.01072	0.00844	0.00431	0.00336	0.00108	0.00302	0.00347	0.00336	0.00541
3	0.01046	0.00845	0.00874	0.00724	0.00948	0.03817	0.00580	0.41026	0.43192	0.01702	0.01063	0.01010	0.00783	0.00423	0.00334	0.00106	0.00323	0.00334	0.00330	0.00540
4	0.00479	0.00322	0.00387	0.00394	0.00403	0.00327	0.00240	0.00492	0.00501	0.00675	0.01080	0.09890	0.01228	0.66661	0.11325	0.04300	0.00374	0.00502	0.00206	0.00216
5	0.00917	0.81794	0.01684	0.00584	0.00867	0.01293	0.00573	0.07458	0.00743	0.00883	0.00488	0.00553	0.00437	0.00293	0.00222	0.00073	0.00356	0.00187	0.00157	0.00437
6	0.00715	0.01514	0.68011	0.03639	0.01428	0.00781	0.07307	0.07493	0.00775	0.01125	0.00660	0.00840	0.00493	0.00342	0.00328	0.00107	0.00478	0.03317	0.00163	0.00483
7	0.00475	0.00356	0.00534	0.00534	0.00593	0.00415	0.00415	0.00593	0.00534	0.00771	0.00890	0.01305	0.00831	0.02492	0.87005	0.00534	0.00890	0.00356	0.00178	0.00297
8	0.00873	0.00582	0.03642	0.07309	0.03985	0.00559	0.00526	0.13128	0.06950	0.21521	0.12969	0.15107	0.04284	0.00664	0.04708	0.00132	0.00312	0.01998	0.00316	0.00434
9	0.02584	0.00716	0.00808	0.00681	0.02717	0.04458	0.00533	0.23744	0.16831	0.33250	0.02591	0.07727	0.00903	0.00461	0.00339	0.00105	0.00308	0.00375	0.00349	0.00519
10	0.00666	0.01719	0.86600	0.00947	0.01438	0.00772	0.01228	0.01052	0.00702	0.01052	0.00596	0.00702	0.00421	0.00316	0.00316	0.00105	0.00491	0.00246	0.00140	0.00491
11	0.00427	0.00317	0.00398	0.00421	0.00481	0.00288	0.00299	0.00526	0.00772	0.01037	0.33276	0.39817	0.18984	0.00868	0.00406	0.00119	0.00175	0.00770	0.00330	0.00288
12	0.00824	0.12457	0.07997	0.05388	0.29892	0.07986	0.13896	0.02343	0.02286	0.03293	0.00853	0.01958	0.07098	0.00362	0.00340	0.00100	0.01960	0.00325	0.00185	0.00456
13	0.01214	0.00934	0.00957	0.00754	0.01005	0.06289	0.00615	0.67377	0.11858	0.04286	0.00863	0.00849	0.00619	0.00402	0.00331	0.00101	0.00365	0.00304	0.00325	0.00549
14	0.70992	0.00653	0.00626	0.04897	0.08221	0.00731	0.01737	0.00984	0.00605	0.03389	0.00512	0.00607	0.00397	0.00308	0.00230	0.00101	0.00283	0.00203	0.00203	0.04320
15	0.00670	0.00635	0.00930	0.26635	0.07716	0.02855	0.03102	0.02900	0.00650	0.00894	0.00840	0.13951	0.03845	0.00542	0.00610	0.00124	0.30644	0.00407	0.01682	0.00368
16	0.00404	0.00292	0.00383	0.00456	0.00480	0.00270	0.00306	0.00463	0.00642	0.00851	0.01907	0.83913	0.06340	0.01031	0.00423	0.00134	0.00192	0.00933	0.00308	0.00270

[dist]
# distance from previous block
# <min> <max>
2	4

[block]
# block no. 13 follows, 85 sequences, length 6
# corresponding to MSA columns:
# 875-880
name=unknown_N
#
# <colnr> <probs for GDERKNQSTAVLIFYWHMCP>
#	G	D	E	R	K	N	Q	S	T	A	V	L	I	F	Y	W	H	M	C	P
0	0.01204	0.00901	0.00964	0.00753	0.01008	0.01003	0.00617	0.73841	0.12959	0.01999	0.00873	0.00858	0.00626	0.00406	0.00333	0.00101	0.00352	0.00310	0.00333	0.00560
1	0.00689	0.00591	0.00689	0.00492	0.00787	0.00443	0.00394	0.00837	0.00689	0.01083	0.00591	0.00689	0.00492	0.00246	0.00246	0.00049	0.00246	0.00197	0.00197	0.90353
2	0.00736	0.00503	0.00614	0.00496	0.00687	0.00441	0.00390	0.05217	0.04732	0.12400	0.37201	0.01542	0.01690	0.00470	0.00328	0.00085	0.00220	0.00401	0.00310	0.31535
3	0.00727	0.00727	0.01018	0.00872	0.00872	0.01018	0.00727	0.00800	0.00509	0.00800	0.00436	0.00727	0.00436	0.00582	0.01091	0.00145	0.87714	0.00291	0.00145	0.00364
