[name]
unknown

[dist]
# distance from previous block
# <min> <max>
23	192

[block]
# block no. 0 follows, 74 sequences, length 14
# corresponding to MSA columns:
# 832-835,837-846
name=unknown_A
#
# <colnr> <probs for GDERKNQSTAVLIFYWHMCP>
#	G	D	E	R	K	N	Q	S	T	A	V	L	I	F	Y	W	H	M	C	P
0	0.00928	0.00929	0.08400	0.06871	0.07187	0.09363	0.07905	0.11058	0.12802	0.05505	0.01027	0.05217	0.02218	0.02222	0.14020	0.00200	0.03007	0.00397	0.00258	0.00486
1	0.00719	0.00431	0.00532	0.00512	0.00599	0.00430	0.00367	0.04725	0.02275	0.11584	0.01542	0.21219	0.06702	0.22743	0.14015	0.00257	0.00390	0.00597	0.10007	0.00355
2	0.85496	0.00715	0.00556	0.00491	0.00725	0.00817	0.00404	0.01084	0.00638	0.01644	0.00523	0.00611	0.00409	0.00341	0.00232	0.00112	0.00287	0.00202	0.00229	0.04484
3	0.00876	0.01001	0.02190	0.01564	0.01940	0.00939	0.83292	0.01189	0.00876	0.01189	0.00751	0.01001	0.00563	0.00313	0.00438	0.00125	0.00626	0.00438	0.00188	0.00501
4	0.00837	0.00658	0.00791	0.03980	0.00952	0.00512	0.00472	0.01004	0.00792	0.07768	0.00723	0.00817	0.00577	0.00293	0.00286	0.00062	0.00287	0.00236	0.00237	0.78717
5	0.00741	0.00579	0.00666	0.00626	0.00756	0.00619	0.00475	0.13649	0.21985	0.01409	0.15353	0.28938	0.07243	0.00791	0.00443	0.00132	0.02140	0.02657	0.00364	0.00436
6	0.02301	0.02653	0.00841	0.00678	0.00818	0.00731	0.00537	0.07950	0.00761	0.05168	0.03032	0.02981	0.00838	0.16175	0.06295	0.00188	0.24957	0.00364	0.00234	0.22497
7	0.00811	0.04047	0.40390	0.00912	0.03348	0.00782	0.04363	0.04094	0.04965	0.06879	0.02658	0.02498	0.02106	0.08395	0.07998	0.00183	0.04500	0.00362	0.00220	0.00489
8	0.01072	0.00948	0.00918	0.00797	0.01022	0.09723	0.00625	0.18727	0.58415	0.01648	0.01286	0.01209	0.00962	0.00479	0.00372	0.00120	0.00356	0.00383	0.00357	0.00580
9	0.00784	0.00774	0.01131	0.22147	0.01368	0.01059	0.00867	0.00907	0.00612	0.00907	0.00530	0.00856	0.00489	0.00580	0.01007	0.00153	0.64931	0.00326	0.00163	0.00408
10	0.00794	0.00684	0.00829	0.00594	0.00924	0.00531	0.03256	0.03600	0.00805	0.01245	0.00670	0.00781	0.00553	0.00282	0.00284	0.00059	0.00291	0.00231	0.00224	0.83363
11	0.00846	0.00868	0.01065	0.00918	0.00956	0.11217	0.03691	0.00925	0.00634	0.00882	0.00587	0.00970	0.00582	0.08066	0.03889	0.02892	0.60114	0.00339	0.00173	0.00387
12	0.00499	0.00361	0.00459	0.00518	0.00567	0.00341	0.00365	0.03073	0.00784	0.01043	0.06093	0.63741	0.10933	0.01072	0.00463	0.00145	0.00224	0.06577	0.02424	0.00319
13	0.00471	0.00348	0.00437	0.00490	0.00541	0.00320	0.00344	0.00557	0.00775	0.01017	0.11425	0.52377	0.18027	0.05221	0.00534	0.00154	0.00221	0.06088	0.00346	0.00308

[dist]
# distance from previous block
# <min> <max>
2	34

[block]
# block no. 1 follows, 74 sequences, length 24
# corresponding to MSA columns:
# 882,883,885-906
name=unknown_B
#
# <colnr> <probs for GDERKNQSTAVLIFYWHMCP>
#	G	D	E	R	K	N	Q	S	T	A	V	L	I	F	Y	W	H	M	C	P
0	0.60426	0.11486	0.03002	0.00665	0.04718	0.07596	0.00535	0.03171	0.00719	0.01468	0.00542	0.00640	0.00436	0.00356	0.00282	0.00110	0.02983	0.00219	0.00215	0.00432
1	0.00781	0.09743	0.67686	0.01061	0.01557	0.00933	0.08470	0.01163	0.00783	0.01141	0.00655	0.00786	0.00479	0.00354	0.00374	0.00116	0.02943	0.00283	0.00160	0.00534
2	0.00485	0.00350	0.00440	0.00472	0.00533	0.00321	0.00333	0.00594	0.00842	0.01149	0.28575	0.43848	0.14651	0.00968	0.00447	0.00133	0.00197	0.00860	0.04482	0.00321
3	0.00783	0.00656	0.00716	0.00664	0.00831	0.00730	0.00511	0.01529	0.56442	0.01448	0.15110	0.07812	0.07396	0.00637	0.00403	0.00128	0.00263	0.03062	0.00377	0.00503
4	0.00765	0.00661	0.00796	0.00589	0.00896	0.00529	0.02928	0.00997	0.06904	0.01232	0.02895	0.02738	0.02209	0.00336	0.00299	0.00067	0.00282	0.00280	0.00240	0.74358
5	0.83324	0.00699	0.00556	0.02769	0.00759	0.00809	0.00416	0.01062	0.00638	0.01615	0.00587	0.04367	0.00494	0.00381	0.00244	0.00117	0.00290	0.00242	0.00233	0.00398
6	0.00454	0.00368	0.00393	0.00403	0.00501	0.00318	0.00289	0.00541	0.00812	0.00997	0.07863	0.14736	0.61307	0.08654	0.00573	0.00149	0.00206	0.00792	0.00338	0.00306
7	0.01009	0.00896	0.02789	0.06770	0.06019	0.03545	0.03736	0.20927	0.33236	0.01569	0.01040	0.01068	0.00787	0.00436	0.00398	0.00113	0.03940	0.00352	0.00305	0.11065
8	0.02585	0.00662	0.01038	0.04484	0.16924	0.00625	0.09779	0.02783	0.00937	0.33128	0.06820	0.12015	0.05453	0.00545	0.00397	0.00121	0.00354	0.00493	0.00336	0.00520
9	0.00858	0.07925	0.13892	0.00973	0.05529	0.00796	0.18323	0.09911	0.06215	0.05321	0.07022	0.13385	0.04162	0.00542	0.00394	0.00121	0.00408	0.01817	0.01922	0.00485
10	0.00774	0.05584	0.79054	0.01037	0.01565	0.03309	0.01321	0.01182	0.00790	0.01155	0.00657	0.00772	0.00471	0.00352	0.00347	0.00115	0.00546	0.00270	0.00158	0.00542
11	0.00520	0.00381	0.00527	0.00534	0.00587	0.00414	0.00391	0.00620	0.00632	0.00882	0.05703	0.10606	0.04950	0.18815	0.52198	0.00458	0.00712	0.00525	0.00236	0.00308
12	0.00950	0.01547	0.08487	0.09289	0.19762	0.00747	0.07053	0.06221	0.02387	0.15833	0.01076	0.04203	0.04383	0.07228	0.05133	0.00164	0.04375	0.00406	0.00259	0.00499
13	0.03272	0.11004	0.20410	0.05356	0.07353	0.00878	0.13119	0.04716	0.07657	0.06580	0.00992	0.10451	0.02335	0.00477	0.00403	0.00120	0.03727	0.00413	0.00237	0.00500
14	0.00701	0.00660	0.01113	0.86063	0.02556	0.00825	0.01031	0.00948	0.00742	0.00948	0.00660	0.00990	0.00495	0.00371	0.00371	0.00124	0.00495	0.00330	0.00165	0.00412
15	0.00701	0.00660	0.01113	0.86063	0.02556	0.00825	0.01031	0.00948	0.00742	0.00948	0.00660	0.00990	0.00495	0.00371	0.00371	0.00124	0.00495	0.00330	0.00165	0.00412
16	0.01058	0.03221	0.04698	0.10167	0.06395	0.10683	0.05461	0.13719	0.04031	0.13504	0.04752	0.04206	0.02641	0.00533	0.01900	0.00129	0.10812	0.01316	0.00276	0.00498
17	0.01002	0.03236	0.02368	0.17356	0.32187	0.06443	0.09343	0.03752	0.01618	0.12297	0.00839	0.02490	0.00664	0.00398	0.00399	0.00117	0.02865	0.01871	0.00229	0.00525
18	0.00467	0.00331	0.00433	0.00502	0.00526	0.00311	0.00332	0.00532	0.00717	0.00962	0.07790	0.71969	0.02414	0.10091	0.00619	0.00170	0.00228	0.00974	0.00337	0.00297
19	0.00910	0.00469	0.00634	0.00606	0.00745	0.00434	0.00492	0.01041	0.00902	0.27937	0.10570	0.11227	0.05116	0.04823	0.00543	0.02646	0.00297	0.29812	0.00376	0.00420
20	0.01972	0.09599	0.19463	0.02777	0.03692	0.04780	0.05702	0.20771	0.01880	0.16439	0.01663	0.01077	0.00713	0.01239	0.00402	0.00117	0.03047	0.03840	0.00280	0.00547
21	0.02309	0.02644	0.05193	0.06579	0.13173	0.09847	0.04317	0.14753	0.04565	0.04830	0.01209	0.22699	0.03673	0.00606	0.00406	0.00123	0.01801	0.00521	0.00279	0.00474
22	0.00491	0.00363	0.00441	0.00476	0.00553	0.00326	0.00346	0.00590	0.00820	0.02639	0.13027	0.38425	0.31846	0.01008	0.00458	0.00138	0.00212	0.07165	0.00355	0.00321
23	0.02302	0.00729	0.05827	0.09676	0.02380	0.03817	0.05013	0.02303	0.04989	0.05782	0.02405	0.06426	0.03986	0.02308	0.01194	0.01941	0.02617	0.01645	0.08864	0.25796

[dist]
# distance from previous block
# <min> <max>
0	15

[block]
# block no. 2 follows, 74 sequences, length 18
# corresponding to MSA columns:
# 922-939
name=unknown_C
#
# <colnr> <probs for GDERKNQSTAVLIFYWHMCP>
#	G	D	E	R	K	N	Q	S	T	A	V	L	I	F	Y	W	H	M	C	P
0	0.01842	0.17269	0.09826	0.05506	0.15239	0.03190	0.04289	0.07011	0.08514	0.03272	0.03575	0.03841	0.04073	0.02720	0.00397	0.00114	0.01405	0.01088	0.01264	0.05564
1	0.13654	0.10095	0.06453	0.02070	0.09184	0.25326	0.02305	0.06260	0.03466	0.05653	0.00724	0.00873	0.00589	0.03835	0.02664	0.00129	0.03723	0.00286	0.02243	0.00470
2	0.03735	0.05546	0.01225	0.00919	0.01121	0.02603	0.09766	0.24775	0.01044	0.15459	0.00800	0.00911	0.00606	0.00490	0.00650	0.00129	0.29084	0.00336	0.00277	0.00523
3	0.00608	0.00439	0.00519	0.00531	0.03489	0.00420	0.00376	0.02963	0.06599	0.03379	0.23815	0.11185	0.26070	0.05427	0.00492	0.00134	0.00224	0.02507	0.10458	0.00366
4	0.00888	0.00461	0.00603	0.00533	0.00684	0.00412	0.00417	0.01035	0.00995	0.28499	0.38895	0.06381	0.10932	0.02606	0.00455	0.00127	0.00237	0.05000	0.00408	0.00432
5	0.00479	0.00376	0.00433	0.00423	0.00527	0.00330	0.00316	0.00609	0.00935	0.01224	0.40783	0.06457	0.44051	0.00865	0.00440	0.00122	0.00183	0.00742	0.00374	0.00330
6	0.00552	0.00395	0.00463	0.00463	0.00562	0.00359	0.00339	0.03678	0.00893	0.04263	0.21218	0.26396	0.34173	0.00908	0.00437	0.00128	0.00205	0.00787	0.03437	0.00343
7	0.02881	0.00589	0.00764	0.03506	0.00898	0.00542	0.03053	0.03272	0.05346	0.15293	0.06710	0.17138	0.01313	0.00595	0.00398	0.00110	0.02482	0.07107	0.00314	0.27690
8	0.22926	0.00839	0.00900	0.00707	0.00985	0.00893	0.00584	0.38981	0.01270	0.26870	0.00972	0.00932	0.00662	0.00425	0.00337	0.00113	0.00351	0.00313	0.00363	0.00576
9	0.08699	0.00938	0.02830	0.00772	0.01031	0.14463	0.02605	0.16783	0.01108	0.39415	0.01047	0.01013	0.00715	0.00500	0.02692	0.00126	0.04030	0.00328	0.00348	0.00558
10	0.00912	0.08540	0.08008	0.06168	0.01159	0.03396	0.06255	0.11676	0.11253	0.03201	0.02732	0.01014	0.02911	0.00422	0.01758	0.00102	0.00386	0.00315	0.00254	0.29538
11	0.00696	0.00611	0.00828	0.03184	0.17332	0.02156	0.03550	0.01035	0.17267	0.01284	0.24099	0.09486	0.14611	0.00658	0.00413	0.00122	0.00292	0.01612	0.00323	0.00442
12	0.00843	0.00758	0.01238	0.14458	0.33035	0.00804	0.09628	0.05721	0.05356	0.02521	0.05057	0.03810	0.00854	0.01708	0.06278	0.00154	0.03823	0.00395	0.03062	0.00497
13	0.00580	0.00437	0.00622	0.00609	0.00672	0.00508	0.00469	0.03720	0.00640	0.00910	0.01023	0.04474	0.00994	0.08565	0.64835	0.02858	0.05473	0.02067	0.00212	0.00333
14	0.00761	0.00507	0.00744	0.13599	0.04644	0.00520	0.00674	0.00941	0.00864	0.11847	0.01684	0.03179	0.03208	0.00823	0.00466	0.00153	0.00363	0.54300	0.00324	0.00400
15	0.01317	0.00921	0.01001	0.00791	0.01061	0.01009	0.00646	0.57209	0.15241	0.10506	0.01069	0.01037	0.00761	0.00456	0.00367	0.00113	0.00367	0.00353	0.05168	0.00609
16	0.34642	0.10711	0.09653	0.02212	0.02498	0.14962	0.04810	0.04813	0.02334	0.02744	0.00610	0.00717	0.00483	0.00374	0.00348	0.00111	0.05647	0.00252	0.00213	0.01867
17	0.05364	0.20387	0.02414	0.02769	0.17996	0.07248	0.00734	0.07551	0.02311	0.18478	0.00811	0.00874	0.00615	0.00385	0.00370	0.00103	0.04940	0.00290	0.00256	0.06105

[dist]
# distance from previous block
# <min> <max>
0	1

[block]
# block no. 3 follows, 74 sequences, length 15
# corresponding to MSA columns:
# 941-955
name=unknown_D
#
# <colnr> <probs for GDERKNQSTAVLIFYWHMCP>
#	G	D	E	R	K	N	Q	S	T	A	V	L	I	F	Y	W	H	M	C	P
0	0.00586	0.00401	0.00467	0.00437	0.00563	0.00349	0.00332	0.00715	0.00944	0.08991	0.34038	0.03055	0.46109	0.00827	0.00432	0.00121	0.00195	0.00703	0.00380	0.00357
1	0.00697	0.00537	0.00611	0.00498	0.00665	0.00472	0.00353	0.06481	0.00732	0.01052	0.01001	0.01636	0.03258	0.41042	0.01045	0.00204	0.00322	0.00394	0.00236	0.38764
2	0.00590	0.00488	0.00647	0.00631	0.00694	0.04315	0.00488	0.00710	0.00612	0.00858	0.00947	0.01428	0.00898	0.07151	0.70697	0.00528	0.07392	0.00393	0.00197	0.00336
3	0.00778	0.03232	0.11258	0.02510	0.13027	0.00662	0.04385	0.02572	0.07670	0.02836	0.15522	0.01364	0.05004	0.01531	0.00374	0.00102	0.00340	0.00384	0.00262	0.26188
4	0.00557	0.00397	0.00487	0.00476	0.00486	0.00431	0.00304	0.00584	0.00551	0.00755	0.01094	0.02159	0.01221	0.67332	0.15363	0.00384	0.06446	0.00502	0.00216	0.00255
5	0.00767	0.00768	0.01304	0.43543	0.01928	0.00947	0.14891	0.00971	0.00707	0.00971	0.00618	0.00933	0.00504	0.00454	0.00663	0.00137	0.28955	0.00347	0.00168	0.00425
6	0.00876	0.01001	0.02190	0.01564	0.01940	0.00939	0.83292	0.01189	0.00876	0.01189	0.00751	0.01001	0.00563	0.00313	0.00438	0.00125	0.00626	0.00438	0.00188	0.00501
7	0.01195	0.24863	0.12227	0.00884	0.01173	0.39372	0.04222	0.04111	0.00953	0.06842	0.00650	0.00727	0.00516	0.00366	0.00319	0.00097	0.00544	0.00253	0.00203	0.00482
8	0.01206	0.01105	0.01047	0.00858	0.01114	0.19428	0.04106	0.34289	0.23669	0.01687	0.00967	0.00972	0.00725	0.00430	0.00361	0.00108	0.00434	0.00333	0.00315	0.06846
9	0.01130	0.53029	0.04191	0.00767	0.01045	0.32436	0.00688	0.01250	0.00865	0.00896	0.00542	0.00629	0.00477	0.00343	0.00277	0.00087	0.00502	0.00216	0.00171	0.00462
10	0.00532	0.00359	0.00417	0.00432	0.00438	0.00356	0.00257	0.00548	0.00575	0.00766	0.01311	0.12329	0.01517	0.72704	0.01656	0.00326	0.00342	0.04648	0.00245	0.00240
11	0.00520	0.00356	0.00486	0.03747	0.00599	0.00364	0.00361	0.00558	0.00624	0.00841	0.01432	0.38835	0.01633	0.20477	0.15165	0.12356	0.00403	0.00704	0.00262	0.00275
12	0.00530	0.00398	0.00597	0.00597	0.00663	0.00464	0.00464	0.00663	0.00597	0.00862	0.00994	0.01458	0.00928	0.02784	0.85484	0.00597	0.00994	0.00398	0.00199	0.00331
13	0.00479	0.00343	0.00443	0.00516	0.00541	0.00328	0.00345	0.00564	0.02804	0.00942	0.01930	0.72298	0.02285	0.10908	0.00634	0.00175	0.00238	0.03593	0.00332	0.00301
14	0.00995	0.00781	0.00824	0.00714	0.00924	0.00884	0.00563	0.19776	0.52937	0.01700	0.01328	0.01276	0.00994	0.00480	0.00358	0.00117	0.00300	0.00389	0.14102	0.00560

[dist]
# distance from previous block
# <min> <max>
0	19

[block]
# block no. 4 follows, 74 sequences, length 11
# corresponding to MSA columns:
# 975-985
name=unknown_E
#
# <colnr> <probs for GDERKNQSTAVLIFYWHMCP>
#	G	D	E	R	K	N	Q	S	T	A	V	L	I	F	Y	W	H	M	C	P
0	0.89577	0.00718	0.00546	0.00488	0.00718	0.00833	0.00402	0.01091	0.00632	0.01665	0.00517	0.00603	0.00402	0.00345	0.00230	0.00115	0.00287	0.00201	0.00230	0.00402
1	0.00594	0.00349	0.00407	0.00407	0.00432	0.00347	0.00256	0.00603	0.00596	0.00871	0.01174	0.01952	0.04555	0.44739	0.01354	0.19396	0.00301	0.00458	0.20966	0.00243
2	0.00929	0.00973	0.02770	0.00954	0.02745	0.23428	0.17900	0.03246	0.04347	0.04735	0.01191	0.22522	0.01191	0.00638	0.00440	0.00128	0.03179	0.07987	0.00265	0.00430
3	0.00744	0.01920	0.85032	0.01058	0.01607	0.00862	0.01371	0.01176	0.00784	0.01176	0.00666	0.00784	0.00470	0.00353	0.00353	0.00118	0.00549	0.00274	0.00157	0.00549
4	0.03421	0.00716	0.03441	0.00602	0.00933	0.00545	0.02977	0.00993	0.03819	0.01234	0.00690	0.00795	0.00565	0.00289	0.00285	0.00063	0.00295	0.00235	0.00223	0.77881
5	0.05620	0.56898	0.10066	0.00731	0.01046	0.15415	0.00713	0.03988	0.00834	0.01001	0.00554	0.00637	0.00477	0.00338	0.00270	0.00089	0.00453	0.00218	0.00175	0.00477
6	0.01445	0.00842	0.00972	0.00753	0.01032	0.00873	0.00619	0.46056	0.03668	0.32864	0.03549	0.01112	0.00844	0.00461	0.00371	0.00112	0.00357	0.00361	0.03096	0.00613
7	0.00746	0.00434	0.00535	0.00493	0.00623	0.00393	0.00373	0.00904	0.03557	0.18150	0.29698	0.12947	0.22054	0.03354	0.00464	0.00129	0.00221	0.00661	0.03869	0.00396
8	0.00791	0.00418	0.00555	0.00554	0.00659	0.00381	0.00415	0.00900	0.00845	0.22321	0.07925	0.44760	0.04079	0.00901	0.00438	0.00137	0.00247	0.08583	0.04695	0.00395
9	0.00509	0.00388	0.00469	0.00457	0.00553	0.00356	0.00339	0.00683	0.03998	0.01304	0.51090	0.10892	0.25917	0.00838	0.00439	0.00123	0.00187	0.00730	0.00384	0.00344
10	0.00468	0.00359	0.00434	0.00486	0.00557	0.00324	0.00357	0.00559	0.00784	0.00992	0.02697	0.42681	0.34140	0.01057	0.00466	0.00144	0.00223	0.12616	0.00344	0.00312

[dist]
# distance from previous block
# <min> <max>
6	25

[block]
# block no. 5 follows, 74 sequences, length 25
# corresponding to MSA columns:
# 1018-1042
name=unknown_F
#
# <colnr> <probs for GDERKNQSTAVLIFYWHMCP>
#	G	D	E	R	K	N	Q	S	T	A	V	L	I	F	Y	W	H	M	C	P
0	0.00714	0.04734	0.02063	0.00675	0.00762	0.00707	0.00542	0.03549	0.03984	0.03642	0.09792	0.02599	0.02498	0.12377	0.24473	0.00291	0.23052	0.00424	0.01115	0.02008
1	0.00761	0.03641	0.07584	0.07461	0.23275	0.00726	0.05356	0.03532	0.11290	0.01255	0.13698	0.03499	0.12721	0.01858	0.00412	0.00121	0.00359	0.00471	0.01505	0.00476
2	0.00906	0.00635	0.03326	0.00621	0.00772	0.00627	0.00488	0.20168	0.06262	0.10456	0.01243	0.05425	0.01171	0.29076	0.05279	0.00225	0.00386	0.08275	0.03256	0.01404
3	0.00802	0.00719	0.01802	0.03732	0.01750	0.00844	0.00625	0.06135	0.30726	0.01289	0.07774	0.03444	0.10715	0.00662	0.01851	0.00142	0.23761	0.02457	0.00301	0.00468
4	0.00487	0.00351	0.00468	0.00548	0.00590	0.00332	0.00400	0.00579	0.00757	0.00998	0.03777	0.62279	0.06149	0.01113	0.00480	0.00154	0.00242	0.19640	0.00345	0.00312
5	0.00529	0.00364	0.00433	0.00440	0.00458	0.00367	0.00273	0.00559	0.00586	0.00784	0.02710	0.08239	0.05222	0.64120	0.11893	0.00357	0.00416	0.01761	0.00240	0.00251
6	0.00564	0.00387	0.00495	0.00481	0.00570	0.00361	0.00361	0.00736	0.02409	0.03857	0.58773	0.13423	0.06790	0.00798	0.00433	0.00122	0.00193	0.03709	0.05185	0.00354
7	0.00804	0.00716	0.01017	0.29538	0.07275	0.00704	0.04107	0.05793	0.03848	0.01199	0.00710	0.00893	0.00560	0.00331	0.00330	0.00091	0.00383	0.00287	0.00212	0.41201
8	0.09362	0.00862	0.09832	0.11402	0.11663	0.00719	0.05400	0.05049	0.02273	0.02325	0.00697	0.00845	0.00550	0.00357	0.01392	0.00098	0.00389	0.00277	0.00214	0.36296
9	0.00857	0.00830	0.01339	0.25012	0.48004	0.03375	0.04023	0.01123	0.05175	0.01131	0.00734	0.00974	0.00596	0.00437	0.03156	0.00132	0.02053	0.00338	0.00189	0.00520
10	0.01050	0.74800	0.01816	0.00682	0.00981	0.13643	0.00647	0.01165	0.00797	0.00878	0.00524	0.00606	0.00477	0.00327	0.00252	0.00082	0.00436	0.00204	0.00163	0.00470
11	0.01068	0.02043	0.11035	0.00792	0.06930	0.02383	0.00650	0.05367	0.02113	0.25743	0.01014	0.06842	0.00792	0.00418	0.00340	0.00096	0.00344	0.00345	0.00297	0.31386
12	0.04828	0.03365	0.03265	0.05371	0.05823	0.04475	0.06946	0.06357	0.02421	0.10104	0.02082	0.03738	0.00788	0.10432	0.05258	0.00181	0.23501	0.00383	0.00237	0.00445
13	0.01181	0.03798	0.04141	0.13039	0.10312	0.04662	0.04189	0.14961	0.06566	0.26253	0.02454	0.01197	0.03556	0.00444	0.00373	0.00115	0.00403	0.01489	0.00317	0.00551
14	0.00751	0.01882	0.82154	0.01048	0.01585	0.00864	0.01345	0.01203	0.03627	0.01188	0.00695	0.00804	0.00493	0.00358	0.00354	0.00118	0.00540	0.00279	0.00164	0.00550
15	0.00628	0.00538	0.00895	0.03354	0.12029	0.00521	0.13536	0.00794	0.03046	0.02406	0.04601	0.48634	0.02948	0.00844	0.00446	0.00138	0.00324	0.03628	0.00298	0.00390
16	0.00645	0.00322	0.00484	0.00484	0.00484	0.00322	0.00322	0.00484	0.00484	0.00645	0.00645	0.01128	0.00645	0.01289	0.01451	0.89201	0.00322	0.00322	0.00161	0.00161
17	0.02407	0.46477	0.28193	0.00810	0.01185	0.10567	0.00877	0.03795	0.00826	0.01033	0.00582	0.00673	0.00478	0.00340	0.00289	0.00095	0.00474	0.00231	0.00170	0.00498
18	0.89577	0.00718	0.00546	0.00488	0.00718	0.00833	0.00402	0.01091	0.00632	0.01665	0.00517	0.00603	0.00402	0.00345	0.00230	0.00115	0.00287	0.00201	0.00230	0.00402
19	0.00872	0.00666	0.04633	0.00589	0.00856	0.00521	0.00485	0.03439	0.01850	0.13697	0.00921	0.03931	0.00785	0.09513	0.06637	0.00143	0.00357	0.00325	0.00262	0.49517
20	0.00744	0.00681	0.01109	0.72057	0.07686	0.00827	0.00989	0.03666	0.03795	0.01023	0.00700	0.01001	0.00533	0.00405	0.00406	0.02961	0.00476	0.00333	0.00180	0.00429
21	0.01123	0.00864	0.00906	0.00765	0.00999	0.03993	0.00607	0.27374	0.42612	0.08726	0.01368	0.04349	0.03589	0.00515	0.00379	0.00120	0.00339	0.00417	0.00374	0.00580
22	0.71028	0.05195	0.00714	0.03372	0.03869	0.00877	0.00483	0.05894	0.00728	0.04227	0.00579	0.00664	0.00445	0.00353	0.00252	0.00113	0.00313	0.00223	0.00238	0.00433
23	0.00743	0.00632	0.06259	0.00693	0.05782	0.00542	0.00529	0.04907	0.10824	0.07258	0.25965	0.16408	0.06737	0.00666	0.00401	0.00117	0.00270	0.00580	0.00341	0.10349
24	0.00954	0.28830	0.22911	0.00991	0.04096	0.06776	0.14317	0.05152	0.03623	0.03503	0.02056	0.00836	0.00590	0.00391	0.01370	0.00112	0.02491	0.00296	0.00197	0.00509

[dist]
# distance from previous block
# <min> <max>
0	1

[block]
# block no. 6 follows, 74 sequences, length 12
# corresponding to MSA columns:
# 1044,1045,1052-1061
name=unknown_G
#
# <colnr> <probs for GDERKNQSTAVLIFYWHMCP>
#	G	D	E	R	K	N	Q	S	T	A	V	L	I	F	Y	W	H	M	C	P
0	0.36353	0.02315	0.02495	0.04879	0.00855	0.01888	0.00490	0.05312	0.02363	0.14941	0.01097	0.09322	0.03649	0.04439	0.00394	0.00130	0.00312	0.03958	0.04373	0.00434
1	0.06137	0.00606	0.00787	0.00621	0.00874	0.00546	0.00507	0.03775	0.01044	0.65205	0.10638	0.01392	0.01173	0.00485	0.00368	0.00114	0.00295	0.00395	0.04463	0.00575
2	0.00821	0.00616	0.02365	0.04014	0.11306	0.00577	0.04043	0.04812	0.06670	0.11477	0.16053	0.13558	0.06893	0.00626	0.00400	0.00118	0.00306	0.04631	0.01981	0.08731
3	0.01067	0.18350	0.19523	0.00914	0.07352	0.10205	0.00816	0.07911	0.06322	0.13539	0.00878	0.04814	0.00698	0.00422	0.00359	0.00107	0.02510	0.00324	0.00250	0.03639
4	0.00480	0.00356	0.00437	0.00466	0.00532	0.00324	0.00331	0.00573	0.00818	0.01077	0.21989	0.35104	0.24945	0.05091	0.00552	0.02649	0.00212	0.03406	0.00349	0.00310
5	0.00607	0.00442	0.00494	0.00485	0.00531	0.00463	0.00311	0.00818	0.16967	0.00910	0.01371	0.09785	0.03576	0.57911	0.01416	0.02451	0.00328	0.00564	0.00267	0.00304
6	0.53698	0.01068	0.03973	0.00748	0.03246	0.23168	0.04934	0.03224	0.00794	0.01426	0.00564	0.00664	0.00444	0.00355	0.00280	0.00110	0.00423	0.00233	0.00217	0.00431
7	0.00937	0.00483	0.00617	0.00533	0.00700	0.00435	0.00417	0.01120	0.04188	0.31123	0.36339	0.04374	0.13825	0.00671	0.00409	0.00118	0.00233	0.00573	0.02453	0.00453
8	0.00941	0.66407	0.16299	0.00724	0.01067	0.01333	0.00767	0.01145	0.03670	0.00950	0.00576	0.00663	0.00499	0.00342	0.00296	0.00090	0.03350	0.00224	0.00166	0.00490
9	0.02436	0.06418	0.37275	0.06755	0.02766	0.05357	0.07900	0.04940	0.02502	0.03526	0.04392	0.01002	0.01952	0.02038	0.02124	0.00132	0.07457	0.00330	0.00203	0.00496
10	0.05386	0.00704	0.00842	0.00674	0.00920	0.00703	0.00547	0.19931	0.09992	0.40082	0.14834	0.01409	0.01275	0.00505	0.00377	0.00116	0.00310	0.00410	0.00412	0.00570
11	0.10978	0.02913	0.05271	0.00778	0.05762	0.04533	0.01975	0.00897	0.03426	0.02697	0.01042	0.17634	0.01054	0.06334	0.16607	0.00234	0.14258	0.01392	0.01822	0.00392

[dist]
# distance from previous block
# <min> <max>
4	8

[block]
# block no. 7 follows, 74 sequences, length 7
# corresponding to MSA columns:
# 1070-1076
name=unknown_H
#
# <colnr> <probs for GDERKNQSTAVLIFYWHMCP>
#	G	D	E	R	K	N	Q	S	T	A	V	L	I	F	Y	W	H	M	C	P
0	0.06466	0.04455	0.17136	0.05264	0.05687	0.02758	0.04846	0.20518	0.03008	0.12544	0.02663	0.05713	0.00769	0.00446	0.00378	0.00114	0.02290	0.00361	0.00280	0.04303
1	0.03997	0.05111	0.10322	0.05739	0.06356	0.05729	0.06769	0.17870	0.04618	0.03103	0.03060	0.04509	0.03335	0.00499	0.00494	0.00122	0.12940	0.02748	0.00253	0.02424
2	0.03430	0.00548	0.04413	0.02458	0.00773	0.00531	0.03894	0.04706	0.00761	0.04281	0.08819	0.12035	0.07578	0.15266	0.23029	0.00290	0.04648	0.01913	0.00267	0.00361
3	0.00482	0.00356	0.00445	0.00484	0.00539	0.00323	0.00331	0.00562	0.00755	0.01009	0.11727	0.54201	0.13002	0.09028	0.00587	0.00158	0.00223	0.00887	0.00335	0.04564
4	0.03042	0.03544	0.02287	0.05127	0.16142	0.02896	0.04629	0.08906	0.08042	0.09015	0.00986	0.01145	0.02859	0.00449	0.02001	0.00110	0.00378	0.03055	0.04589	0.20798
5	0.02599	0.04539	0.03586	0.03952	0.29298	0.03242	0.05981	0.27209	0.01120	0.04755	0.00767	0.00887	0.00590	0.00380	0.00384	0.00108	0.03118	0.00320	0.00255	0.06908
6	0.00548	0.00456	0.03323	0.04610	0.00691	0.00411	0.00416	0.00655	0.00769	0.04204	0.05669	0.21566	0.34067	0.08848	0.06978	0.00189	0.03365	0.02592	0.00308	0.00334

[dist]
# distance from previous block
# <min> <max>
23	91

[block]
# block no. 8 follows, 74 sequences, length 38
# corresponding to MSA columns:
# 1182-1219
name=unknown_I
#
# <colnr> <probs for GDERKNQSTAVLIFYWHMCP>
#	G	D	E	R	K	N	Q	S	T	A	V	L	I	F	Y	W	H	M	C	P
0	0.05022	0.04607	0.04028	0.01900	0.02594	0.02101	0.00598	0.28037	0.04044	0.07291	0.01632	0.03429	0.01639	0.00403	0.00329	0.00093	0.00345	0.00316	0.01543	0.30048
1	0.00580	0.00430	0.00535	0.00518	0.00630	0.00385	0.00376	0.00708	0.02647	0.03884	0.14443	0.40326	0.10332	0.02602	0.02086	0.00136	0.01558	0.00744	0.00328	0.16753
2	0.02866	0.06135	0.03725	0.21949	0.17451	0.00858	0.09903	0.08990	0.06052	0.07660	0.06478	0.01114	0.00822	0.00498	0.03796	0.00135	0.00454	0.00364	0.00245	0.00504
3	0.05670	0.00869	0.05631	0.08078	0.06650	0.06942	0.07284	0.05865	0.05537	0.06844	0.01902	0.03793	0.01851	0.00488	0.02865	0.00120	0.07581	0.00340	0.00242	0.21447
4	0.00617	0.00540	0.05389	0.02694	0.06853	0.00478	0.00497	0.02593	0.04227	0.04265	0.06182	0.36424	0.15745	0.08354	0.00585	0.00154	0.02980	0.00739	0.00311	0.00372
5	0.00532	0.00393	0.00467	0.00484	0.00574	0.00364	0.00362	0.02153	0.02793	0.02371	0.17194	0.24938	0.30519	0.03229	0.00486	0.00140	0.00222	0.09667	0.02775	0.00335
6	0.02118	0.04342	0.05741	0.02133	0.01244	0.15476	0.17324	0.01237	0.03174	0.12578	0.00732	0.00894	0.00577	0.00470	0.00663	0.00129	0.30138	0.00333	0.00220	0.00476
7	0.02418	0.05094	0.15835	0.07959	0.17014	0.07755	0.08737	0.11226	0.02020	0.04199	0.00755	0.00930	0.00592	0.00441	0.02859	0.00123	0.01566	0.01480	0.00219	0.08778
8	0.00490	0.00373	0.00510	0.00558	0.00605	0.00359	0.02641	0.00574	0.00735	0.00968	0.02113	0.62044	0.11009	0.03622	0.00537	0.00156	0.02761	0.09299	0.00331	0.00313
9	0.00709	0.00668	0.01128	0.82864	0.05691	0.00827	0.01035	0.00956	0.00746	0.00958	0.00661	0.00987	0.00498	0.00370	0.00371	0.00123	0.00493	0.00330	0.00166	0.00419
10	0.00787	0.00503	0.00675	0.02204	0.06891	0.00495	0.00493	0.06660	0.00916	0.14392	0.16694	0.29706	0.05503	0.03533	0.00499	0.00139	0.02789	0.05131	0.01579	0.00412
11	0.00507	0.00409	0.00469	0.00487	0.03202	0.00372	0.00342	0.01505	0.03136	0.01108	0.19258	0.06743	0.49452	0.07693	0.02675	0.00155	0.00235	0.01578	0.00340	0.00334
12	0.00919	0.00882	0.01507	0.02278	0.84640	0.00882	0.01139	0.01139	0.00845	0.01213	0.00698	0.00919	0.00588	0.00331	0.00367	0.00110	0.00441	0.00331	0.00184	0.00588
13	0.01395	0.01032	0.01105	0.00851	0.01145	0.01143	0.00702	0.80675	0.04499	0.02313	0.00912	0.00908	0.00648	0.00448	0.00372	0.00112	0.00405	0.00337	0.00372	0.00630
14	0.00885	0.06580	0.17453	0.02579	0.03803	0.01628	0.02938	0.06342	0.04392	0.06550	0.00806	0.03916	0.00651	0.00363	0.00322	0.00088	0.00370	0.00297	0.00236	0.39802
15	0.03514	0.03698	0.04596	0.00735	0.02217	0.04747	0.02548	0.09812	0.01079	0.55855	0.02789	0.01196	0.02231	0.00450	0.00363	0.00112	0.00355	0.00361	0.02757	0.00586
16	0.00744	0.01920	0.85032	0.01058	0.01607	0.00862	0.01371	0.01176	0.00784	0.01176	0.00666	0.00784	0.00470	0.00353	0.00353	0.00118	0.00549	0.00274	0.00157	0.00549
17	0.00516	0.00434	0.00607	0.03407	0.00725	0.00396	0.07987	0.00648	0.00857	0.01112	0.18812	0.19662	0.38371	0.00865	0.00441	0.00129	0.00245	0.02476	0.01971	0.00340
18	0.00970	0.13282	0.18999	0.14866	0.09690	0.02152	0.08479	0.02108	0.00870	0.16372	0.05483	0.01120	0.00796	0.00408	0.00362	0.00114	0.00446	0.02731	0.00241	0.00513
19	0.00640	0.00599	0.00653	0.07215	0.00840	0.12673	0.04030	0.00755	0.00829	0.01045	0.13767	0.44418	0.07225	0.00862	0.00432	0.00131	0.00312	0.00764	0.02464	0.00346
20	0.00582	0.00417	0.00579	0.00663	0.00744	0.00414	0.00570	0.00742	0.00841	0.01094	0.02001	0.11760	0.03479	0.01037	0.00508	0.00168	0.00328	0.73393	0.00342	0.00338
21	0.02395	0.00733	0.01271	0.49357	0.18204	0.00834	0.10840	0.00995	0.00769	0.01041	0.00763	0.01079	0.02302	0.00459	0.02904	0.00137	0.03701	0.01584	0.00180	0.00451
22	0.01873	0.00837	0.11168	0.26163	0.22870	0.02016	0.03175	0.00977	0.00803	0.03311	0.02013	0.04576	0.13767	0.00499	0.00412	0.00122	0.03228	0.01513	0.00218	0.00461
23	0.01493	0.00712	0.00889	0.00698	0.00969	0.00686	0.00571	0.16879	0.09512	0.57571	0.03652	0.02650	0.00983	0.00481	0.00377	0.00116	0.00325	0.00390	0.00432	0.00614
24	0.48517	0.00604	0.00559	0.00487	0.00691	0.00647	0.00395	0.01175	0.00761	0.18451	0.02030	0.00960	0.00685	0.00395	0.00269	0.00108	0.00263	0.00278	0.22289	0.00434
25	0.00906	0.13435	0.06835	0.15831	0.13803	0.03051	0.26861	0.06041	0.05386	0.01179	0.00727	0.00917	0.00568	0.00357	0.00391	0.00115	0.02549	0.00344	0.00198	0.00506
26	0.00556	0.00398	0.00453	0.01987	0.00587	0.00348	0.00335	0.00667	0.00878	0.07535	0.15222	0.09019	0.56286	0.02009	0.00455	0.00129	0.00209	0.02227	0.00358	0.00344
27	0.03327	0.00873	0.00972	0.00767	0.01041	0.00934	0.00627	0.46412	0.14257	0.22006	0.01218	0.01145	0.03735	0.00473	0.00372	0.00115	0.00358	0.00370	0.00389	0.00608
28	0.35260	0.00820	0.00828	0.00665	0.00929	0.00892	0.00548	0.33254	0.02300	0.18051	0.00874	0.00869	0.00612	0.00410	0.00315	0.00113	0.00338	0.00292	0.02093	0.00537
29	0.00873	0.06040	0.17208	0.31463	0.07489	0.04163	0.13596	0.01133	0.00807	0.07773	0.00730	0.00936	0.00547	0.00414	0.01903	0.00127	0.03793	0.00329	0.00193	0.00484
30	0.04914	0.00680	0.00865	0.00671	0.00945	0.00635	0.00552	0.13894	0.01147	0.64252	0.06458	0.01276	0.01015	0.00471	0.00371	0.00114	0.00320	0.00379	0.00434	0.00606
31	0.00530	0.00396	0.00477	0.00477	0.00524	0.00408	0.00329	0.00606	0.02233	0.00857	0.01771	0.08493	0.19450	0.40226	0.15203	0.00314	0.03977	0.03184	0.00259	0.00285
32	0.01017	0.01001	0.03805	0.06006	0.09218	0.23578	0.00670	0.02694	0.19349	0.09466	0.06413	0.01474	0.12702	0.00512	0.00376	0.00114	0.00412	0.00412	0.00293	0.00485
33	0.00905	0.04900	0.28496	0.12266	0.15585	0.04300	0.13113	0.04817	0.01888	0.06331	0.00785	0.02715	0.00609	0.00382	0.00371	0.00117	0.00501	0.01191	0.00205	0.00525
34	0.01150	0.00669	0.00793	0.00671	0.00893	0.00687	0.00533	0.02761	0.37412	0.33765	0.12954	0.01576	0.03393	0.00531	0.00386	0.00120	0.00285	0.00444	0.00413	0.00566
35	0.00556	0.00408	0.00544	0.00602	0.00686	0.00403	0.00503	0.00697	0.00808	0.01043	0.02145	0.06911	0.16102	0.05567	0.08419	0.00211	0.00372	0.53371	0.00323	0.00328
36	0.04875	0.00692	0.02233	0.27650	0.08039	0.00702	0.08407	0.03271	0.00850	0.21691	0.00979	0.02372	0.00775	0.08194	0.00509	0.00140	0.00417	0.03295	0.00266	0.04643
37	0.01681	0.00819	0.06855	0.05676	0.11417	0.05028	0.09931	0.08271	0.03424	0.10484	0.02440	0.08592	0.05925	0.09557	0.02481	0.00157	0.04341	0.01230	0.01226	0.00464

[dist]
# distance from previous block
# <min> <max>
1	10

[block]
# block no. 9 follows, 74 sequences, length 19
# corresponding to MSA columns:
# 1246-1264
name=unknown_J
#
# <colnr> <probs for GDERKNQSTAVLIFYWHMCP>
#	G	D	E	R	K	N	Q	S	T	A	V	L	I	F	Y	W	H	M	C	P
0	0.23723	0.02837	0.03974	0.00584	0.02470	0.03427	0.00443	0.08873	0.00735	0.01199	0.00785	0.01262	0.00757	0.25458	0.00905	0.12376	0.00352	0.00337	0.00225	0.09276
1	0.02801	0.04938	0.03706	0.15055	0.06520	0.00664	0.04118	0.03644	0.09128	0.03808	0.15240	0.04041	0.13831	0.00600	0.00395	0.00121	0.00333	0.06876	0.02066	0.02117
2	0.02319	0.08595	0.09029	0.05760	0.06389	0.21017	0.00768	0.22045	0.10328	0.01406	0.00841	0.02237	0.00671	0.00511	0.03614	0.00127	0.00489	0.01190	0.02149	0.00514
3	0.00744	0.01920	0.85032	0.01058	0.01607	0.00862	0.01371	0.01176	0.00784	0.01176	0.00666	0.00784	0.00470	0.00353	0.00353	0.00118	0.00549	0.00274	0.00157	0.00549
4	0.03167	0.00831	0.01135	0.15450	0.17698	0.02607	0.00831	0.18045	0.00994	0.16589	0.00821	0.00954	0.00614	0.00451	0.00540	0.00124	0.18019	0.00333	0.00266	0.00530
5	0.00883	0.17329	0.15537	0.03031	0.01246	0.02901	0.17597	0.02106	0.09546	0.05735	0.04721	0.01162	0.02873	0.06423	0.00533	0.00133	0.07168	0.00368	0.00228	0.00480
6	0.00493	0.00343	0.00450	0.00516	0.00558	0.00318	0.00358	0.00574	0.00757	0.03071	0.07398	0.69975	0.07629	0.01099	0.00469	0.00147	0.00220	0.04958	0.00351	0.00315
7	0.04348	0.03921	0.03831	0.01636	0.00867	0.02251	0.06896	0.04820	0.00752	0.10200	0.05185	0.01400	0.00948	0.17367	0.13800	0.05867	0.13198	0.00396	0.01926	0.00391
8	0.01479	0.00667	0.00917	0.00712	0.00979	0.00612	0.04789	0.09896	0.02455	0.62905	0.03925	0.04536	0.01006	0.00509	0.00411	0.02449	0.00333	0.00407	0.00421	0.00591
9	0.00793	0.00682	0.03660	0.05892	0.18328	0.05402	0.00625	0.00968	0.05386	0.06985	0.03858	0.05778	0.02108	0.25429	0.06854	0.00222	0.04032	0.00449	0.02137	0.00410
10	0.00507	0.00357	0.00447	0.00482	0.00520	0.00342	0.00330	0.00581	0.00734	0.00984	0.15586	0.33096	0.06438	0.28587	0.00924	0.00213	0.00266	0.09000	0.00317	0.00290
11	0.00886	0.35178	0.42940	0.00875	0.01288	0.05966	0.01007	0.01186	0.03372	0.01046	0.00624	0.00723	0.00494	0.00353	0.00330	0.00103	0.02704	0.00248	0.00167	0.00511
12	0.05163	0.00470	0.00614	0.00587	0.00649	0.00547	0.00440	0.03252	0.02685	0.00932	0.00980	0.01586	0.00966	0.23755	0.47876	0.00448	0.08090	0.00416	0.00214	0.00330
13	0.08142	0.02776	0.30004	0.03978	0.12861	0.04696	0.08268	0.01125	0.03968	0.03153	0.00839	0.04769	0.02319	0.02411	0.02617	0.00138	0.06889	0.00355	0.00202	0.00491
14	0.00700	0.00461	0.00463	0.00440	0.00510	0.03494	0.00301	0.06154	0.02866	0.01150	0.03092	0.01808	0.01149	0.37670	0.00978	0.00208	0.00290	0.00434	0.37513	0.00322
15	0.00811	0.00678	0.01047	0.41342	0.11697	0.01811	0.05054	0.04951	0.02835	0.07071	0.02677	0.04661	0.09874	0.00478	0.00383	0.00120	0.00415	0.00424	0.03221	0.00450
16	0.00849	0.00570	0.01773	0.06022	0.00892	0.00557	0.00538	0.12639	0.04188	0.14314	0.06757	0.12121	0.17487	0.00769	0.00432	0.00134	0.00304	0.18861	0.00357	0.00435
17	0.22031	0.00897	0.01028	0.19962	0.02445	0.12796	0.07350	0.04601	0.04019	0.09901	0.00726	0.00871	0.00550	0.00412	0.00441	0.00121	0.10853	0.00303	0.00233	0.00459
18	0.79731	0.00801	0.02417	0.00537	0.00776	0.04117	0.00451	0.05332	0.00708	0.01660	0.00541	0.00624	0.00418	0.00351	0.00244	0.00114	0.00314	0.00211	0.00234	0.00418

[dist]
# distance from previous block
# <min> <max>
0	3

[block]
# block no. 10 follows, 74 sequences, length 14
# corresponding to MSA columns:
# 1268-1281
name=unknown_K
#
# <colnr> <probs for GDERKNQSTAVLIFYWHMCP>
#	G	D	E	R	K	N	Q	S	T	A	V	L	I	F	Y	W	H	M	C	P
0	0.10197	0.00530	0.00607	0.00516	0.00700	0.00515	0.00411	0.06089	0.00922	0.32364	0.01257	0.05588	0.00941	0.00472	0.00316	0.00105	0.00254	0.00377	0.37368	0.00472
1	0.08014	0.39376	0.21207	0.00864	0.02538	0.05063	0.08621	0.05665	0.00842	0.03805	0.00630	0.00725	0.00502	0.00342	0.00301	0.00100	0.00457	0.00256	0.00190	0.00503
2	0.16744	0.00670	0.00924	0.18332	0.21377	0.02218	0.02012	0.00948	0.02557	0.01134	0.01028	0.01353	0.07865	0.08370	0.10222	0.00195	0.01829	0.01587	0.00214	0.00423
3	0.00802	0.03200	0.04672	0.02661	0.00915	0.05293	0.02821	0.16124	0.04358	0.01292	0.01355	0.33349	0.01419	0.00723	0.00403	0.00123	0.00336	0.07075	0.00302	0.12777
4	0.08632	0.00653	0.00845	0.00653	0.00936	0.00589	0.00540	0.04591	0.01052	0.75420	0.01369	0.01198	0.00868	0.00450	0.00362	0.00115	0.00317	0.00358	0.00438	0.00613
5	0.00531	0.00394	0.00576	0.00576	0.00636	0.00453	0.00439	0.00650	0.00591	0.00847	0.01013	0.01560	0.00972	0.11621	0.76707	0.00572	0.00928	0.00413	0.00202	0.00320
6	0.00589	0.00470	0.00564	0.00479	0.00652	0.00390	0.00368	0.00743	0.00912	0.01294	0.39945	0.04485	0.17054	0.00642	0.00385	0.00099	0.00212	0.00552	0.00333	0.29833
7	0.00770	0.00660	0.00770	0.00550	0.00880	0.00495	0.00440	0.00935	0.00770	0.01210	0.00660	0.00770	0.00550	0.00275	0.00275	0.00055	0.00275	0.00220	0.00220	0.89224
8	0.00525	0.00379	0.00496	0.00467	0.00555	0.00350	0.00350	0.00700	0.01051	0.01488	0.84444	0.02773	0.03502	0.00759	0.00438	0.00117	0.00175	0.00671	0.00409	0.00350
9	0.00526	0.00376	0.00466	0.00444	0.00537	0.00344	0.00333	0.00688	0.00998	0.01408	0.65770	0.02782	0.15414	0.00760	0.00424	0.00116	0.00177	0.00662	0.07430	0.00344
10	0.10523	0.00640	0.00830	0.00643	0.00924	0.00574	0.00531	0.01737	0.01019	0.76510	0.01369	0.01197	0.00867	0.00448	0.00359	0.00115	0.00313	0.00356	0.00436	0.00609
11	0.51749	0.00747	0.00708	0.00595	0.00842	0.00822	0.00487	0.10922	0.10001	0.18604	0.00862	0.00856	0.00614	0.00397	0.00292	0.00116	0.00308	0.00275	0.00309	0.00496
12	0.89577	0.00718	0.00546	0.00488	0.00718	0.00833	0.00402	0.01091	0.00632	0.01665	0.00517	0.00603	0.00402	0.00345	0.00230	0.00115	0.00287	0.00201	0.00230	0.00402
13	0.03962	0.07123	0.05218	0.06408	0.07104	0.16752	0.07754	0.16519	0.03040	0.10253	0.00831	0.00906	0.01730	0.00383	0.00345	0.00103	0.00455	0.00307	0.00258	0.10548

[dist]
# distance from previous block
# <min> <max>
0	2

[block]
# block no. 11 follows, 74 sequences, length 14
# corresponding to MSA columns:
# 1284-1297
name=unknown_L
#
# <colnr> <probs for GDERKNQSTAVLIFYWHMCP>
#	G	D	E	R	K	N	Q	S	T	A	V	L	I	F	Y	W	H	M	C	P
0	0.01072	0.01205	0.01050	0.34761	0.01673	0.43044	0.00825	0.01228	0.00901	0.03904	0.00691	0.03966	0.00573	0.00418	0.00383	0.00112	0.03263	0.00312	0.00195	0.00425
1	0.09543	0.00714	0.00874	0.00681	0.00961	0.00687	0.00561	0.15349	0.04364	0.60368	0.01285	0.01146	0.00833	0.00448	0.00360	0.00115	0.00328	0.00353	0.00421	0.00609
2	0.00982	0.01094	0.00838	0.00789	0.00927	0.40806	0.03128	0.04428	0.07124	0.01037	0.01221	0.33431	0.01287	0.00688	0.00395	0.00120	0.00457	0.00573	0.00271	0.00403
3	0.00816	0.00621	0.00678	0.00613	0.00777	0.00674	0.00482	0.10907	0.31742	0.02747	0.08753	0.01951	0.14676	0.00646	0.01748	0.00128	0.01832	0.05346	0.14394	0.00469
4	0.00442	0.00364	0.00388	0.00407	0.00510	0.00311	0.00296	0.00529	0.00816	0.00990	0.03377	0.22134	0.66174	0.00990	0.00447	0.00131	0.00194	0.00844	0.00345	0.00311
5	0.00812	0.00812	0.01137	0.00975	0.00975	0.01137	0.00812	0.00893	0.00568	0.00893	0.00487	0.00812	0.00487	0.00650	0.01218	0.00162	0.86276	0.00325	0.00162	0.00406
6	0.00530	0.00398	0.00597	0.00597	0.00663	0.00464	0.00464	0.00663	0.00597	0.00862	0.00994	0.01458	0.00928	0.02784	0.85484	0.00597	0.00994	0.00398	0.00199	0.00331
7	0.00637	0.00526	0.00577	0.00538	0.00682	0.00540	0.00411	0.01093	0.30298	0.01347	0.27851	0.02552	0.30038	0.00730	0.00417	0.00123	0.00221	0.00620	0.00376	0.00422
8	0.01035	0.04586	0.02632	0.20183	0.14495	0.17845	0.00812	0.10091	0.02707	0.07923	0.03673	0.01062	0.02235	0.03494	0.00466	0.00122	0.05582	0.00338	0.00237	0.00483
9	0.01388	0.01731	0.01055	0.00951	0.01148	0.81078	0.00717	0.05745	0.01088	0.00983	0.00590	0.00681	0.00486	0.00386	0.00337	0.00096	0.00656	0.00244	0.00201	0.00441
10	0.01232	0.29164	0.01348	0.00875	0.03342	0.47771	0.00697	0.06489	0.04023	0.01018	0.00613	0.00692	0.00514	0.00369	0.00308	0.00093	0.00545	0.00241	0.00199	0.00468
11	0.00924	0.25438	0.01856	0.10854	0.01618	0.02482	0.40959	0.03945	0.00851	0.02508	0.00689	0.00881	0.00543	0.00341	0.00387	0.00111	0.02946	0.00345	0.01839	0.00484
12	0.00615	0.00519	0.04000	0.05881	0.05509	0.00466	0.01948	0.00825	0.05999	0.04176	0.25119	0.18318	0.19066	0.00757	0.00418	0.00124	0.00255	0.00664	0.04952	0.00386
13	0.00531	0.00373	0.00457	0.00480	0.00556	0.00341	0.00349	0.00628	0.00813	0.04309	0.15543	0.29801	0.25287	0.09949	0.00606	0.00161	0.00233	0.08917	0.00347	0.00321

[dist]
# distance from previous block
# <min> <max>
3	19

[block]
# block no. 12 follows, 74 sequences, length 24
# corresponding to MSA columns:
# 1318-1341
name=unknown_M
#
# <colnr> <probs for GDERKNQSTAVLIFYWHMCP>
#	G	D	E	R	K	N	Q	S	T	A	V	L	I	F	Y	W	H	M	C	P
0	0.00849	0.22413	0.50740	0.02177	0.03146	0.02243	0.08610	0.03704	0.00819	0.01133	0.00644	0.00765	0.00488	0.00344	0.00334	0.00108	0.00513	0.00274	0.00168	0.00527
1	0.00526	0.00374	0.00506	0.00583	0.00634	0.00363	0.00451	0.00638	0.00776	0.01025	0.04790	0.41354	0.02277	0.06616	0.00581	0.00172	0.00280	0.37400	0.00338	0.00316
2	0.00526	0.00388	0.00493	0.00467	0.00559	0.00360	0.00350	0.00713	0.02925	0.01442	0.74727	0.04322	0.09783	0.00775	0.00437	0.00118	0.00180	0.00681	0.00402	0.00352
3	0.00468	0.00325	0.00425	0.00506	0.00531	0.00304	0.00339	0.00540	0.00715	0.00976	0.01991	0.81137	0.02357	0.01115	0.00460	0.00147	0.00213	0.01009	0.06139	0.00304
4	0.00520	0.00381	0.00495	0.00522	0.00601	0.00357	0.00406	0.00663	0.00910	0.01226	0.37091	0.18749	0.13388	0.00927	0.00464	0.00138	0.00228	0.22228	0.00371	0.00334
5	0.00992	0.87178	0.01945	0.00635	0.00953	0.01469	0.00635	0.01111	0.00754	0.00873	0.00516	0.00595	0.00476	0.00318	0.00238	0.00079	0.00397	0.00198	0.00159	0.00476
6	0.21346	0.00660	0.00796	0.00626	0.00900	0.00623	0.00517	0.03404	0.00981	0.64482	0.01240	0.01107	0.00797	0.00433	0.00341	0.00115	0.00311	0.00334	0.00406	0.00580
7	0.75984	0.00718	0.00603	0.00521	0.00760	0.00808	0.00429	0.03901	0.00721	0.11796	0.00644	0.00693	0.00472	0.00362	0.00252	0.00115	0.00295	0.00226	0.00262	0.00437
8	0.41098	0.00532	0.00469	0.00431	0.00593	0.00579	0.00341	0.01017	0.00723	0.06569	0.00910	0.01049	0.00710	0.02615	0.00295	0.00108	0.00238	0.00287	0.41050	0.00386
9	0.00891	0.01646	0.60223	0.01055	0.01529	0.03491	0.09150	0.09393	0.00909	0.05889	0.00743	0.00848	0.00527	0.00400	0.01590	0.00124	0.00539	0.00302	0.00199	0.00550
10	0.00582	0.00417	0.00563	0.00567	0.00636	0.00448	0.00421	0.05976	0.00713	0.02174	0.01408	0.24636	0.05174	0.07562	0.44242	0.02649	0.00640	0.00596	0.00261	0.00335
11	0.38819	0.06452	0.00873	0.00682	0.00859	0.05347	0.00563	0.09785	0.00783	0.05774	0.00640	0.00817	0.00534	0.04237	0.02308	0.00143	0.20443	0.00274	0.00234	0.00436
12	0.68502	0.00681	0.00561	0.00508	0.00716	0.00781	0.00412	0.03185	0.06858	0.01620	0.00728	0.02746	0.00593	0.00398	0.00258	0.00115	0.00279	0.01765	0.08880	0.00413
13	0.00530	0.00398	0.00597	0.00597	0.00663	0.00464	0.00464	0.00663	0.00597	0.00862	0.00994	0.01458	0.00928	0.02784	0.85484	0.00597	0.00994	0.00398	0.00199	0.00331
