[name]
unknown

[dist]
# distance from previous block
# <min> <max>
0	39

[block]
# block no. 0 follows, 79 sequences, length 19
# corresponding to MSA columns:
# 91-109
name=unknown_A
#
# <colnr> <probs for GDERKNQSTAVLIFYWHMCP>
#	G	D	E	R	K	N	Q	S	T	A	V	L	I	F	Y	W	H	M	C	P
0	0.00989	0.00537	0.00748	0.00652	0.00855	0.00478	0.03744	0.01146	0.00874	0.33127	0.01436	0.02269	0.01283	0.00626	0.00396	0.00122	0.00315	0.34794	0.00342	0.15269
1	0.00767	0.11213	0.70586	0.00937	0.01414	0.00875	0.01172	0.01158	0.04003	0.03754	0.00672	0.00761	0.00485	0.00340	0.00324	0.00108	0.00489	0.00261	0.00166	0.00517
2	0.00719	0.00609	0.00985	0.06504	0.36315	0.00601	0.04039	0.00910	0.00888	0.04498	0.36420	0.01682	0.03335	0.00503	0.00381	0.00109	0.00313	0.00464	0.00277	0.00446
3	0.00967	0.82055	0.01790	0.00623	0.00917	0.07075	0.00608	0.01079	0.00735	0.00831	0.00494	0.00570	0.00452	0.00306	0.00232	0.00076	0.00394	0.00191	0.00153	0.00449
4	0.00513	0.00374	0.00517	0.00515	0.00565	0.00420	0.00381	0.00610	0.00569	0.00812	0.01078	0.01654	0.04095	0.21716	0.59027	0.00473	0.02310	0.00419	0.03659	0.00293
5	0.01215	0.00918	0.04364	0.00774	0.01042	0.00963	0.00649	0.49973	0.23963	0.10795	0.01054	0.01006	0.00751	0.00436	0.00354	0.00110	0.00355	0.00341	0.00355	0.00585
6	0.01033	0.06859	0.20093	0.01158	0.21378	0.01800	0.06172	0.13945	0.02065	0.17244	0.04226	0.00960	0.00707	0.00376	0.00346	0.00106	0.00413	0.00321	0.00255	0.00541
7	0.00816	0.15115	0.09824	0.00806	0.06360	0.05905	0.05862	0.04545	0.23638	0.02000	0.02696	0.03119	0.16865	0.00498	0.00348	0.00108	0.00352	0.00413	0.00264	0.00467
8	0.00596	0.00385	0.00477	0.00468	0.00549	0.00369	0.00340	0.03805	0.02770	0.05796	0.35142	0.26556	0.03706	0.06323	0.00487	0.00132	0.00206	0.00666	0.10887	0.00340
9	0.01002	0.63131	0.01656	0.00852	0.13079	0.07754	0.00672	0.01128	0.00769	0.06304	0.00577	0.00655	0.00495	0.00317	0.00259	0.00083	0.00398	0.00220	0.00175	0.00474
10	0.00868	0.14506	0.35147	0.02618	0.08861	0.04321	0.09770	0.03691	0.05249	0.06497	0.03416	0.00910	0.01881	0.00362	0.00335	0.00106	0.00454	0.00304	0.00202	0.00502
11	0.00771	0.02528	0.12906	0.09608	0.18782	0.00691	0.18419	0.00985	0.00775	0.07881	0.01034	0.22022	0.00985	0.00520	0.00384	0.00119	0.00412	0.00497	0.00228	0.00454
12	0.00467	0.00370	0.00495	0.00492	0.00561	0.00339	0.05648	0.00540	0.00695	0.00890	0.02222	0.39275	0.28251	0.17270	0.00690	0.00171	0.00247	0.00791	0.00296	0.00288
13	0.00743	0.00625	0.00797	0.00661	0.06250	0.00504	0.03560	0.02771	0.00778	0.03086	0.04231	0.04406	0.04122	0.00351	0.00297	0.00069	0.00278	0.00299	0.00231	0.65943
14	0.04344	0.01285	0.42848	0.01171	0.19085	0.00797	0.04736	0.06438	0.04209	0.04615	0.01776	0.03222	0.03140	0.00385	0.00346	0.00111	0.00443	0.00327	0.00204	0.00516
15	0.00830	0.00429	0.00504	0.00453	0.00599	0.00391	0.00351	0.00990	0.04212	0.24719	0.05374	0.08641	0.25494	0.00626	0.00353	0.00108	0.00214	0.00523	0.24786	0.00401
16	0.00888	0.18942	0.32032	0.05437	0.12725	0.12492	0.06123	0.01136	0.00791	0.03720	0.00649	0.02360	0.00519	0.00345	0.00321	0.00102	0.00482	0.00278	0.00172	0.00486
17	0.01004	0.04350	0.05028	0.02384	0.30353	0.06260	0.05653	0.13561	0.04457	0.12294	0.02161	0.01170	0.08913	0.00418	0.00354	0.00107	0.00394	0.00362	0.00259	0.00519
18	0.00451	0.00331	0.00427	0.00497	0.00537	0.00312	0.00349	0.00545	0.02513	0.00933	0.02098	0.68565	0.11110	0.01056	0.00448	0.00142	0.00215	0.08848	0.00328	0.00297

[dist]
# distance from previous block
# <min> <max>
1	13

[block]
# block no. 1 follows, 79 sequences, length 18
# corresponding to MSA columns:
# 166-183
name=unknown_B
#
# <colnr> <probs for GDERKNQSTAVLIFYWHMCP>
#	G	D	E	R	K	N	Q	S	T	A	V	L	I	F	Y	W	H	M	C	P
0	0.00895	0.28058	0.04615	0.08210	0.17386	0.16799	0.06076	0.01050	0.00788	0.00942	0.00745	0.11467	0.00713	0.00420	0.00321	0.00100	0.00439	0.00348	0.00185	0.00443
1	0.00560	0.01387	0.00517	0.00505	0.00580	0.00401	0.00374	0.00679	0.02570	0.05071	0.10342	0.29616	0.10545	0.06301	0.17374	0.00225	0.03590	0.02159	0.04538	0.02663
2	0.01827	0.05832	0.08999	0.00995	0.04909	0.09652	0.25657	0.04388	0.02336	0.04738	0.02886	0.03729	0.00752	0.11204	0.00585	0.00138	0.05716	0.00374	0.00210	0.05072
3	0.10114	0.06460	0.35892	0.02238	0.01227	0.00796	0.05333	0.08304	0.00881	0.24194	0.00838	0.00862	0.00574	0.00365	0.00328	0.00108	0.00419	0.00289	0.00253	0.00526
4	0.04686	0.00670	0.00871	0.00814	0.11358	0.04282	0.00580	0.03029	0.00979	0.61041	0.07015	0.01204	0.00962	0.00433	0.00351	0.00108	0.00321	0.00357	0.00380	0.00560
5	0.00434	0.00332	0.00398	0.00437	0.00501	0.00296	0.00307	0.00519	0.00762	0.00985	0.13242	0.46350	0.32212	0.00979	0.00433	0.00130	0.00190	0.00862	0.00335	0.00296
6	0.00819	0.32804	0.39289	0.00801	0.01174	0.03270	0.00902	0.01172	0.11159	0.01041	0.00728	0.04087	0.00599	0.00371	0.00302	0.00100	0.00430	0.00279	0.00183	0.00489
7	0.01713	0.04197	0.03545	0.02622	0.39374	0.02175	0.12946	0.09395	0.07167	0.02843	0.01022	0.01173	0.07968	0.00400	0.00361	0.00109	0.00410	0.01838	0.00226	0.00513
8	0.00496	0.00378	0.00541	0.00694	0.11042	0.00362	0.00422	0.00585	0.00705	0.00964	0.05669	0.67874	0.02078	0.01013	0.02863	0.00147	0.00249	0.00863	0.02731	0.00324
9	0.00564	0.00427	0.00495	0.00532	0.00586	0.04365	0.00372	0.03920	0.03229	0.03328	0.03967	0.62484	0.01988	0.05842	0.04920	0.00170	0.00283	0.01892	0.00314	0.00320
10	0.07393	0.00705	0.00814	0.00675	0.00851	0.05792	0.03167	0.16381	0.03206	0.18794	0.20414	0.03461	0.04965	0.00542	0.00463	0.00115	0.11053	0.00423	0.00326	0.00459
11	0.00488	0.00369	0.00491	0.00528	0.00551	0.00389	0.00372	0.00535	0.00644	0.00866	0.01736	0.60631	0.07685	0.04790	0.00663	0.06887	0.10976	0.00824	0.00288	0.00286
12	0.11793	0.01681	0.75214	0.00937	0.01421	0.00815	0.01188	0.01106	0.00726	0.01174	0.00615	0.00723	0.00438	0.00334	0.00320	0.00111	0.00490	0.00252	0.00157	0.00504
13	0.00872	0.00837	0.01431	0.02163	0.85415	0.00837	0.01082	0.01082	0.00802	0.01151	0.00663	0.00872	0.00558	0.00314	0.00349	0.00105	0.00419	0.00314	0.00174	0.00558
14	0.00816	0.00871	0.01765	0.01504	0.17952	0.00839	0.56984	0.03039	0.00826	0.01134	0.00805	0.08254	0.00691	0.00379	0.00421	0.00119	0.02490	0.00441	0.00194	0.00476
15	0.00898	0.00676	0.00735	0.00649	0.00844	0.00740	0.00508	0.04839	0.56574	0.11286	0.05334	0.01625	0.12670	0.00538	0.00368	0.00117	0.00267	0.00448	0.00364	0.00519
16	0.00746	0.00757	0.01050	0.76119	0.02261	0.11376	0.00942	0.00963	0.00741	0.00896	0.00616	0.00902	0.00468	0.00354	0.00348	0.00114	0.00490	0.00303	0.00160	0.00394
17	0.00826	0.00831	0.01298	0.01017	0.01264	0.04845	0.35659	0.01376	0.35469	0.01242	0.02677	0.07286	0.03613	0.00458	0.00390	0.00119	0.00418	0.00455	0.00272	0.00485

[dist]
# distance from previous block
# <min> <max>
0	13

[block]
# block no. 2 follows, 79 sequences, length 18
# corresponding to MSA columns:
# 197-214
name=unknown_C
#
# <colnr> <probs for GDERKNQSTAVLIFYWHMCP>
#	G	D	E	R	K	N	Q	S	T	A	V	L	I	F	Y	W	H	M	C	P
0	0.19448	0.00659	0.00784	0.00614	0.00877	0.00637	0.00507	0.10777	0.00998	0.59366	0.01148	0.01033	0.00743	0.00413	0.00327	0.00109	0.00304	0.00317	0.00383	0.00556
1	0.03903	0.00821	0.00910	0.00709	0.00969	0.03116	0.00582	0.45867	0.01326	0.30632	0.01034	0.00985	0.00703	0.00422	0.00341	0.00105	0.00346	0.00325	0.06334	0.00570
2	0.00942	0.87826	0.01847	0.00603	0.00905	0.01395	0.00603	0.01055	0.00716	0.00829	0.00490	0.00565	0.00452	0.00302	0.00226	0.00075	0.00377	0.00188	0.00151	0.00452
3	0.00603	0.00393	0.00520	0.00565	0.00639	0.00383	0.00432	0.00766	0.06368	0.08359	0.03357	0.47234	0.02047	0.00958	0.00446	0.00144	0.00254	0.25851	0.00339	0.00344
4	0.00974	0.00675	0.04231	0.00743	0.08121	0.03184	0.00558	0.04634	0.05898	0.25740	0.18331	0.01486	0.06973	0.00497	0.00399	0.00105	0.04865	0.00407	0.00325	0.11853
5	0.01314	0.00953	0.01027	0.00796	0.01071	0.01052	0.00655	0.74372	0.08135	0.05623	0.00915	0.00897	0.00648	0.00428	0.00353	0.00107	0.00376	0.00325	0.00357	0.00596
6	0.01071	0.00950	0.00900	0.00771	0.00991	0.12648	0.00607	0.25710	0.49162	0.01607	0.01142	0.01086	0.00852	0.00446	0.00351	0.00112	0.00359	0.00351	0.00333	0.00549
7	0.13538	0.00892	0.01004	0.01062	0.21041	0.06998	0.00698	0.26637	0.16438	0.06923	0.00874	0.00907	0.00653	0.00390	0.00332	0.00108	0.00371	0.00310	0.00286	0.00538
8	0.00707	0.04632	0.06213	0.66923	0.11291	0.00820	0.00984	0.00959	0.02326	0.00948	0.00640	0.00911	0.00489	0.00347	0.00345	0.00114	0.00460	0.00306	0.00162	0.00423
9	0.00456	0.00350	0.00417	0.00418	0.00505	0.00312	0.00307	0.00575	0.00870	0.01152	0.40245	0.16851	0.34570	0.00850	0.00422	0.00119	0.00177	0.00738	0.00355	0.00312
10	0.00443	0.00319	0.00422	0.00491	0.00524	0.00298	0.00340	0.00521	0.00716	0.00955	0.09191	0.71605	0.05803	0.01055	0.00448	0.00141	0.00207	0.05897	0.00332	0.00293
11	0.03085	0.00550	0.02884	0.00634	0.03147	0.01937	0.07643	0.03245	0.06394	0.07105	0.37628	0.07001	0.16025	0.00652	0.00397	0.00114	0.00257	0.00575	0.00336	0.00391
12	0.02978	0.00697	0.03329	0.02049	0.17400	0.00676	0.01949	0.08797	0.08589	0.29926	0.01102	0.05981	0.00846	0.00638	0.07737	0.00151	0.02652	0.00378	0.03607	0.00518
13	0.00552	0.00383	0.00434	0.00424	0.00546	0.00331	0.00328	0.00659	0.00838	0.09238	0.11604	0.07235	0.57353	0.00848	0.00418	0.00122	0.00203	0.07809	0.00344	0.00332
14	0.00576	0.00398	0.00498	0.00461	0.00566	0.00372	0.00350	0.00782	0.06015	0.06316	0.66008	0.02555	0.12332	0.00709	0.00409	0.00112	0.00182	0.00618	0.00382	0.00358
15	0.00846	0.19101	0.10485	0.06400	0.20060	0.02172	0.11677	0.03408	0.15094	0.01127	0.00835	0.05790	0.00704	0.00390	0.00338	0.00106	0.00413	0.00347	0.00211	0.00495
16	0.00470	0.00359	0.00437	0.00480	0.00546	0.00339	0.00346	0.00611	0.05910	0.00997	0.08067	0.47787	0.23576	0.00974	0.00436	0.00135	0.00210	0.07674	0.00333	0.00312
17	0.00694	0.00416	0.00464	0.00450	0.00546	0.00421	0.00335	0.09819	0.03229	0.03715	0.06113	0.24054	0.01389	0.00615	0.00327	0.00104	0.00206	0.00525	0.46215	0.00361

[dist]
# distance from previous block
# <min> <max>
2	7

[block]
# block no. 3 follows, 79 sequences, length 37
# corresponding to MSA columns:
# 223-259
name=unknown_D
#
# <colnr> <probs for GDERKNQSTAVLIFYWHMCP>
#	G	D	E	R	K	N	Q	S	T	A	V	L	I	F	Y	W	H	M	C	P
0	0.08406	0.02468	0.01814	0.01891	0.03728	0.10108	0.08345	0.09657	0.04959	0.39225	0.01019	0.01009	0.00705	0.01807	0.00391	0.00113	0.03179	0.00327	0.00322	0.00527
1	0.25687	0.03321	0.01085	0.04072	0.25863	0.16065	0.06611	0.03032	0.04248	0.03385	0.00640	0.00769	0.00511	0.00347	0.00333	0.00106	0.02983	0.00273	0.00204	0.00465
2	0.00983	0.37551	0.10317	0.04325	0.13354	0.21878	0.04948	0.01149	0.00806	0.00932	0.00560	0.00679	0.00472	0.00324	0.00292	0.00091	0.00475	0.00240	0.00163	0.00463
3	0.00601	0.00310	0.00457	0.00458	0.00460	0.00311	0.00305	0.00467	0.00468	0.00626	0.00670	0.02627	0.00684	0.05892	0.03532	0.81155	0.00322	0.00331	0.00160	0.00163
4	0.03186	0.36577	0.05586	0.00809	0.05503	0.12164	0.03307	0.13300	0.07869	0.05331	0.00713	0.01739	0.00575	0.00360	0.00294	0.00093	0.00410	0.00265	0.00222	0.01697
5	0.05577	0.02673	0.06749	0.02562	0.02905	0.00483	0.01794	0.02174	0.00752	0.13754	0.03039	0.39931	0.01547	0.01796	0.07862	0.00169	0.00341	0.05208	0.00299	0.00382
6	0.00435	0.00310	0.00415	0.00495	0.00518	0.00291	0.00334	0.00501	0.00684	0.00913	0.03305	0.83557	0.02338	0.01094	0.00450	0.00143	0.00207	0.03394	0.00328	0.00288
7	0.01231	0.10245	0.01082	0.00868	0.01064	0.67344	0.02572	0.03037	0.00970	0.02648	0.00641	0.00840	0.00556	0.00393	0.00322	0.00095	0.00579	0.04901	0.00195	0.00418
8	0.00760	0.21173	0.66902	0.00914	0.01386	0.00948	0.01145	0.01102	0.00738	0.01052	0.00600	0.00704	0.00448	0.00327	0.00310	0.00103	0.00488	0.00244	0.00149	0.00505
9	0.00844	0.00913	0.01394	0.01092	0.01301	0.11983	0.36908	0.01133	0.10946	0.01056	0.00873	0.06049	0.01766	0.00527	0.03014	0.00137	0.16916	0.02498	0.00210	0.00438
10	0.00458	0.00358	0.00413	0.00421	0.00507	0.00323	0.00305	0.00586	0.03344	0.01071	0.24878	0.21431	0.40033	0.03681	0.00466	0.00129	0.00189	0.00754	0.00341	0.00310
11	0.00624	0.00500	0.00631	0.00597	0.00721	0.00510	0.04178	0.04970	0.18583	0.01243	0.20256	0.16333	0.13527	0.00766	0.00419	0.00128	0.00256	0.15032	0.00341	0.00386
12	0.01559	0.00430	0.00519	0.00525	0.00614	0.00425	0.00381	0.07759	0.07413	0.05449	0.10197	0.49556	0.11076	0.00893	0.00421	0.00130	0.00226	0.01727	0.00342	0.00357
13	0.00444	0.00319	0.00424	0.00503	0.00529	0.00302	0.00344	0.00525	0.01931	0.00917	0.01931	0.81466	0.02296	0.01088	0.00451	0.00144	0.00212	0.05557	0.00327	0.00292
14	0.01229	0.00884	0.00958	0.00754	0.01008	0.00969	0.00614	0.62459	0.11430	0.07171	0.03451	0.01077	0.02636	0.03208	0.00402	0.00116	0.00357	0.00354	0.00355	0.00568
15	0.00866	0.00831	0.01419	0.04715	0.82913	0.00836	0.01079	0.01076	0.00800	0.01144	0.00662	0.00874	0.00556	0.00315	0.00349	0.00105	0.00420	0.00314	0.00174	0.00553
16	0.00808	0.00772	0.01315	0.28335	0.59743	0.00821	0.01050	0.01026	0.00772	0.01074	0.00652	0.00893	0.00531	0.00326	0.00350	0.00109	0.00435	0.00314	0.00169	0.00507
17	0.00725	0.00708	0.01070	0.38076	0.01575	0.00951	0.00861	0.00871	0.00611	0.00871	0.00534	0.00844	0.00466	0.00502	0.00809	0.00138	0.49534	0.00310	0.00155	0.00388
18	0.50020	0.00776	0.00722	0.00600	0.00832	0.00874	0.00490	0.32729	0.01013	0.02922	0.00720	0.05579	0.00581	0.00409	0.00284	0.00110	0.00313	0.00287	0.00278	0.00462
19	0.00799	0.00900	0.01945	0.01403	0.01735	0.00843	0.77433	0.01078	0.00822	0.01112	0.00850	0.05881	0.02635	0.00357	0.00418	0.00120	0.00562	0.00457	0.00190	0.00460
20	0.00461	0.00336	0.00430	0.00493	0.00535	0.00316	0.00342	0.02919	0.00723	0.00951	0.02080	0.71973	0.11087	0.01056	0.00445	0.00140	0.00213	0.04873	0.00328	0.00298
21	0.00872	0.00837	0.01431	0.02163	0.85415	0.00837	0.01082	0.01082	0.00802	0.01151	0.00663	0.00872	0.00558	0.00314	0.00349	0.00105	0.00419	0.00314	0.00174	0.00558
22	0.00769	0.00763	0.01481	0.02767	0.01410	0.00737	0.49830	0.05821	0.03873	0.02137	0.01095	0.16168	0.01039	0.00529	0.00422	0.00127	0.00467	0.09887	0.00240	0.00436
23	0.01509	0.00715	0.00889	0.00682	0.00957	0.00689	0.00563	0.26332	0.01202	0.60772	0.01228	0.01094	0.00791	0.00432	0.00354	0.00108	0.00326	0.00343	0.00411	0.00600
24	0.00508	0.00405	0.00462	0.00446	0.00556	0.00382	0.00339	0.00735	0.10564	0.01203	0.36690	0.04781	0.37457	0.00782	0.00412	0.00118	0.00190	0.03270	0.00356	0.00342
25	0.02754	0.00763	0.01134	0.00885	0.01147	0.00777	0.22193	0.04318	0.34008	0.24994	0.02432	0.01178	0.00883	0.00418	0.00370	0.00116	0.00368	0.00388	0.00331	0.00543
26	0.00858	0.00732	0.01167	0.06712	0.52809	0.00756	0.00879	0.03716	0.06461	0.06366	0.00815	0.01038	0.00674	0.03223	0.12087	0.00177	0.00473	0.00337	0.00211	0.00509
27	0.00554	0.00395	0.00548	0.00626	0.00699	0.00393	0.00534	0.00702	0.00788	0.01028	0.01844	0.10887	0.02025	0.04301	0.00534	0.00168	0.00315	0.73023	0.00321	0.00317
28	0.00479	0.00359	0.00443	0.00422	0.00514	0.00324	0.00317	0.00626	0.00950	0.01300	0.65151	0.02819	0.23475	0.00763	0.00416	0.00113	0.00169	0.00664	0.00373	0.00324
29	0.00820	0.00920	0.01973	0.08331	0.05088	0.00881	0.74307	0.01109	0.00821	0.01112	0.00704	0.00947	0.00530	0.00302	0.00408	0.00118	0.00578	0.00404	0.00176	0.00472
30	0.00803	0.11287	0.21074	0.07327	0.08740	0.00864	0.12803	0.05258	0.09201	0.02596	0.07498	0.04563	0.00856	0.00423	0.00396	0.00112	0.05138	0.00364	0.00219	0.00477
31	0.00661	0.00382	0.00458	0.00422	0.00530	0.00357	0.00322	0.01995	0.00907	0.09677	0.41307	0.02113	0.09812	0.00605	0.00355	0.00102	0.00183	0.00516	0.28938	0.00358
32	0.00560	0.00370	0.00459	0.00490	0.00573	0.00363	0.00399	0.00706	0.00785	0.01120	0.09296	0.02854	0.13108	0.03714	0.04920	0.00157	0.00279	0.34690	0.24840	0.00318
33	0.11864	0.08515	0.16012	0.00820	0.07851	0.00828	0.02019	0.05278	0.26080	0.06077	0.03100	0.01052	0.01613	0.01873	0.00363	0.01555	0.00345	0.00324	0.03936	0.00493
34	0.00599	0.00479	0.00621	0.02286	0.00676	0.03777	0.01567	0.00693	0.00606	0.02180	0.01017	0.03958	0.01034	0.23132	0.36854	0.00368	0.10567	0.07022	0.02253	0.00310
35	0.00449	0.00330	0.00421	0.00458	0.00511	0.00302	0.00321	0.00546	0.00791	0.01063	0.27442	0.49986	0.14167	0.00958	0.00435	0.00130	0.00189	0.00855	0.00346	0.00302
36	0.00901	0.57129	0.14584	0.00768	0.05016	0.02507	0.02125	0.04237	0.00761	0.00961	0.00553	0.00654	0.00475	0.00366	0.02047	0.00095	0.02196	0.00222	0.00164	0.04241

[dist]
# distance from previous block
# <min> <max>
4	92

[block]
# block no. 4 follows, 79 sequences, length 36
# corresponding to MSA columns:
# 352-387
name=unknown_E
#
# <colnr> <probs for GDERKNQSTAVLIFYWHMCP>
#	G	D	E	R	K	N	Q	S	T	A	V	L	I	F	Y	W	H	M	C	P
0	0.00870	0.20777	0.29421	0.00919	0.09258	0.05045	0.01671	0.04264	0.05053	0.03670	0.00667	0.00758	0.00522	0.00335	0.00320	0.00094	0.02187	0.00255	0.00190	0.13725
1	0.00694	0.00598	0.02808	0.00596	0.00752	0.00614	0.00471	0.02793	0.41222	0.02307	0.11672	0.12116	0.17315	0.00673	0.00391	0.00122	0.00248	0.03819	0.00347	0.00442
2	0.00820	0.00778	0.01326	0.13337	0.66240	0.00798	0.02589	0.01031	0.00791	0.01110	0.00752	0.01122	0.00659	0.00370	0.00361	0.00111	0.00422	0.06683	0.00184	0.00516
3	0.00470	0.02136	0.00474	0.03265	0.00607	0.00349	0.00376	0.00568	0.00753	0.00971	0.07917	0.42081	0.24092	0.00962	0.00437	0.00135	0.00226	0.13554	0.00322	0.00305
4	0.00983	0.00876	0.03478	0.12396	0.45908	0.04201	0.01943	0.14582	0.04014	0.07056	0.00761	0.00903	0.00587	0.00353	0.00350	0.00107	0.00420	0.00317	0.00225	0.00539
5	0.00587	0.00405	0.00502	0.00514	0.00592	0.00397	0.00370	0.05961	0.06312	0.05053	0.17846	0.51051	0.05509	0.00894	0.00421	0.00129	0.00216	0.00796	0.02095	0.00348
6	0.00421	0.00357	0.00364	0.00362	0.00479	0.00300	0.00272	0.00515	0.00815	0.00979	0.08304	0.03348	0.80522	0.00883	0.00416	0.00119	0.00178	0.00738	0.00331	0.00300
7	0.00789	0.29531	0.54249	0.00901	0.01342	0.01008	0.05479	0.01097	0.00740	0.01024	0.00591	0.00697	0.00453	0.00322	0.00304	0.00100	0.00478	0.00245	0.00151	0.00496
8	0.00900	0.00760	0.00779	0.00704	0.00893	0.04853	0.00544	0.01742	0.70315	0.05587	0.02889	0.06289	0.01149	0.00511	0.00363	0.00119	0.00291	0.00427	0.00353	0.00533
9	0.00426	0.00320	0.00395	0.00455	0.00502	0.00289	0.00311	0.00495	0.00709	0.00914	0.02375	0.65054	0.24381	0.01048	0.00441	0.00137	0.00198	0.00933	0.00327	0.00289
10	0.00666	0.00626	0.01057	0.86767	0.02427	0.00783	0.00979	0.00900	0.00705	0.00900	0.00626	0.00940	0.00470	0.00352	0.00352	0.00117	0.00470	0.00313	0.00157	0.00392
11	0.00869	0.00772	0.00828	0.00766	0.03327	0.06234	0.02862	0.06675	0.55146	0.01407	0.06248	0.03224	0.02618	0.00530	0.00373	0.00120	0.00315	0.06844	0.00335	0.00508
12	0.00510	0.00374	0.00480	0.00451	0.00539	0.00350	0.00339	0.00703	0.03882	0.01405	0.80431	0.02605	0.05163	0.00716	0.00414	0.00111	0.00170	0.00632	0.00386	0.00339
13	0.00897	0.00753	0.00798	0.00715	0.00916	0.00866	0.00557	0.01868	0.82384	0.03881	0.01433	0.01312	0.01070	0.00477	0.00358	0.00119	0.00280	0.00397	0.00361	0.00559
14	0.00855	0.12083	0.61743	0.00897	0.01349	0.00851	0.01091	0.01212	0.03493	0.12131	0.00740	0.00800	0.00523	0.00349	0.00325	0.00107	0.00467	0.00268	0.00193	0.00524
15	0.64546	0.00908	0.00687	0.00682	0.06865	0.19204	0.00497	0.01119	0.00700	0.01395	0.00515	0.00608	0.00410	0.00334	0.00249	0.00105	0.00361	0.00207	0.00207	0.00400
16	0.00872	0.00837	0.01431	0.02163	0.85415	0.00837	0.01082	0.01082	0.00802	0.01151	0.00663	0.00872	0.00558	0.00314	0.00349	0.00105	0.00419	0.00314	0.00174	0.00558
17	0.00417	0.00357	0.00357	0.00357	0.00476	0.00298	0.00268	0.00506	0.00803	0.00952	0.03570	0.03392	0.85272	0.00893	0.00417	0.00119	0.00179	0.00744	0.00327	0.00298
18	0.00508	0.00359	0.00474	0.00474	0.00505	0.00390	0.00325	0.00570	0.00539	0.00750	0.01029	0.01853	0.01085	0.45863	0.43276	0.00452	0.00638	0.00446	0.00201	0.00263
19	0.00497	0.00359	0.00470	0.00444	0.00526	0.00332	0.00332	0.00661	0.00991	0.01403	0.83501	0.04391	0.03305	0.00728	0.00416	0.00112	0.00167	0.00645	0.00387	0.00332
20	0.00707	0.01823	0.85788	0.01005	0.01525	0.00818	0.01302	0.01116	0.00744	0.01116	0.00632	0.00744	0.00446	0.00335	0.00335	0.00112	0.00521	0.00260	0.00149	0.00521
21	0.00530	0.00424	0.00484	0.00456	0.00556	0.03186	0.00343	0.00722	0.05297	0.01310	0.62517	0.02643	0.18751	0.00729	0.00410	0.00112	0.00190	0.00632	0.00368	0.00340
22	0.00707	0.01823	0.85788	0.01005	0.01525	0.00818	0.01302	0.01116	0.00744	0.01116	0.00632	0.00744	0.00446	0.00335	0.00335	0.00112	0.00521	0.00260	0.00149	0.00521
23	0.00666	0.00626	0.01057	0.86767	0.02427	0.00783	0.00979	0.00900	0.00705	0.00900	0.00626	0.00940	0.00470	0.00352	0.00352	0.00117	0.00470	0.00313	0.00157	0.00392
24	0.01581	0.00600	0.00818	0.00627	0.00900	0.00518	0.00518	0.01718	0.01009	0.85660	0.01390	0.01200	0.00872	0.00436	0.00354	0.00109	0.00300	0.00354	0.00436	0.00600
25	0.02454	0.00608	0.01000	0.78815	0.02254	0.00750	0.00918	0.00881	0.00717	0.00936	0.04059	0.01079	0.03334	0.00384	0.00354	0.00117	0.00444	0.00338	0.00173	0.00386
26	0.00465	0.00336	0.00439	0.00463	0.00518	0.00310	0.00328	0.00581	0.00845	0.01165	0.44840	0.41375	0.05217	0.00901	0.00431	0.00126	0.00184	0.00807	0.00358	0.00310
27	0.00919	0.00778	0.00821	0.00726	0.00933	0.00897	0.00568	0.09495	0.77086	0.01543	0.01380	0.01272	0.01032	0.00473	0.00358	0.00118	0.00289	0.00391	0.00358	0.00562
28	0.00774	0.00719	0.01131	0.27768	0.29739	0.01697	0.02831	0.05884	0.00776	0.01063	0.00783	0.08860	0.00718	0.00496	0.01834	0.00128	0.12001	0.02156	0.00194	0.00449
29	0.00659	0.05267	0.05689	0.07448	0.07820	0.00628	0.07710	0.00966	0.14943	0.01929	0.02616	0.09001	0.24232	0.00639	0.00391	0.00121	0.00321	0.08934	0.00276	0.00411
30	0.00432	0.00309	0.00411	0.00489	0.00512	0.00288	0.00327	0.00498	0.00687	0.00920	0.05203	0.84066	0.02370	0.01089	0.00449	0.00142	0.00203	0.00988	0.00330	0.00288
31	0.01303	0.00718	0.00854	0.00672	0.00917	0.00724	0.00549	0.32694	0.05103	0.38047	0.11968	0.01258	0.01095	0.00469	0.00360	0.00108	0.00313	0.00378	0.01911	0.00559
32	0.00880	0.15024	0.11112	0.03817	0.28301	0.08046	0.07098	0.01151	0.08533	0.01055	0.00671	0.00825	0.00551	0.00371	0.00430	0.00108	0.11055	0.00295	0.00183	0.00492
33	0.00464	0.00391	0.00450	0.00506	0.05569	0.00343	0.00357	0.00569	0.00801	0.00976	0.03135	0.05492	0.67325	0.00874	0.00422	0.00124	0.00212	0.11356	0.00318	0.00316
34	0.00738	0.00684	0.01136	0.18512	0.48337	0.00724	0.00896	0.00919	0.00743	0.01036	0.00880	0.15748	0.00855	0.00559	0.03783	0.00134	0.03223	0.00434	0.00197	0.00463
35	0.00716	0.04016	0.40893	0.11332	0.22279	0.00771	0.01061	0.01001	0.00741	0.01059	0.00782	0.10030	0.00689	0.00472	0.02554	0.00124	0.00462	0.00360	0.00176	0.00482

[dist]
# distance from previous block
# <min> <max>
1	2

[block]
# block no. 5 follows, 79 sequences, length 16
# corresponding to MSA columns:
# 423-438
name=unknown_F
#
# <colnr> <probs for GDERKNQSTAVLIFYWHMCP>
#	G	D	E	R	K	N	Q	S	T	A	V	L	I	F	Y	W	H	M	C	P
0	0.00872	0.07837	0.27667	0.02920	0.01443	0.07917	0.29001	0.03850	0.00829	0.05974	0.00771	0.06259	0.00626	0.00385	0.00377	0.00112	0.02126	0.00360	0.00196	0.00478
1	0.78263	0.04402	0.00617	0.00510	0.00728	0.08634	0.00418	0.01071	0.00641	0.01484	0.00496	0.00578	0.00391	0.00329	0.00228	0.00106	0.00310	0.00194	0.00212	0.00387
2	0.00946	0.57851	0.05553	0.00989	0.19563	0.07992	0.00747	0.01092	0.00759	0.00916	0.00539	0.00647	0.00475	0.00311	0.00265	0.00085	0.00413	0.00222	0.00158	0.00475
3	0.00471	0.00367	0.00424	0.00431	0.00521	0.00333	0.00315	0.02279	0.02802	0.01095	0.24085	0.24747	0.39085	0.00884	0.00422	0.00123	0.00189	0.00766	0.00344	0.00316
4	0.02117	0.24761	0.09173	0.01091	0.22402	0.03596	0.00788	0.04858	0.13583	0.08046	0.00780	0.00852	0.00614	0.00372	0.00361	0.00103	0.05482	0.00286	0.00222	0.00514
5	0.17358	0.01255	0.39281	0.00979	0.09957	0.00828	0.03583	0.11776	0.02230	0.08508	0.00717	0.00793	0.00515	0.00352	0.00322	0.00110	0.00427	0.00276	0.00219	0.00515
6	0.01581	0.00600	0.00818	0.00627	0.00900	0.00518	0.00518	0.01718	0.01009	0.85660	0.01390	0.01200	0.00872	0.00436	0.00354	0.00109	0.00300	0.00354	0.00436	0.00600
7	0.01239	0.00626	0.00852	0.00691	0.02099	0.00595	0.06423	0.02729	0.16382	0.49798	0.04069	0.01338	0.04472	0.00458	0.00357	0.00110	0.00301	0.00389	0.06530	0.00543
8	0.01031	0.30352	0.18316	0.02277	0.02547	0.11705	0.00764	0.10912	0.09258	0.08564	0.00745	0.00785	0.00569	0.00361	0.00303	0.00097	0.00425	0.00262	0.00224	0.00502
9	0.00512	0.00376	0.00421	0.00416	0.00529	0.00329	0.00314	0.00632	0.02437	0.06010	0.14768	0.11429	0.55955	0.00857	0.00417	0.00121	0.00194	0.03614	0.00343	0.00325
10	0.00452	0.00326	0.00432	0.00510	0.00546	0.00307	0.00364	0.00531	0.00705	0.00928	0.02021	0.68852	0.06906	0.01071	0.00454	0.00145	0.00223	0.14609	0.00327	0.00293
11	0.00684	0.00583	0.03674	0.00765	0.00944	0.00532	0.28199	0.00886	0.00755	0.01176	0.01069	0.11026	0.00928	0.00553	0.04297	0.00125	0.00359	0.00435	0.42633	0.00378
12	0.00803	0.13851	0.65314	0.00935	0.01394	0.06955	0.01140	0.03770	0.00787	0.01093	0.00613	0.00715	0.00453	0.00335	0.00319	0.00105	0.00505	0.00250	0.00158	0.00506
13	0.00455	0.00419	0.06463	0.00534	0.00593	0.00329	0.00407	0.00546	0.00686	0.00922	0.01846	0.77398	0.02184	0.01044	0.00443	0.00142	0.00232	0.04736	0.00314	0.00305
14	0.00869	0.00907	0.01910	0.01367	0.01715	0.00839	0.73286	0.01146	0.00835	0.06104	0.00747	0.00950	0.00554	0.00303	0.00401	0.00114	0.00553	0.00398	0.00196	0.06807
15	0.00499	0.00360	0.00471	0.00443	0.00527	0.00333	0.00333	0.00665	0.00998	0.01413	0.85230	0.02633	0.03325	0.00721	0.00416	0.00111	0.00166	0.00637	0.00388	0.00333

[dist]
# distance from previous block
# <min> <max>
0	1

[block]
# block no. 6 follows, 79 sequences, length 44
# corresponding to MSA columns:
# 440-456,461-466,489-493,495-510
name=unknown_G
#
# <colnr> <probs for GDERKNQSTAVLIFYWHMCP>
#	G	D	E	R	K	N	Q	S	T	A	V	L	I	F	Y	W	H	M	C	P
0	0.00707	0.01823	0.85788	0.01005	0.01525	0.00818	0.01302	0.01116	0.00744	0.01116	0.00632	0.00744	0.00446	0.00335	0.00335	0.00112	0.00521	0.00260	0.00149	0.00521
1	0.00877	0.00757	0.00797	0.00717	0.00916	0.00877	0.00558	0.01873	0.84779	0.01474	0.01434	0.01315	0.01076	0.00478	0.00359	0.00120	0.00279	0.00398	0.00359	0.00558
2	0.00507	0.00364	0.00499	0.00499	0.00539	0.00404	0.00357	0.00586	0.00547	0.00769	0.01005	0.01724	0.01028	0.33922	0.55140	0.00484	0.00722	0.00427	0.00198	0.00277
3	0.82200	0.00709	0.00566	0.00494	0.00718	0.00818	0.00407	0.08445	0.00694	0.01638	0.00522	0.00597	0.00401	0.00336	0.00230	0.00109	0.00283	0.00202	0.00230	0.00401
4	0.01241	0.00918	0.00990	0.00779	0.01034	0.01013	0.00635	0.73636	0.04745	0.02075	0.00966	0.08569	0.00772	0.00486	0.00361	0.00110	0.00367	0.00381	0.00351	0.00570
5	0.00565	0.00402	0.00558	0.00635	0.00712	0.00402	0.00549	0.00718	0.00795	0.01035	0.01825	0.03885	0.01988	0.05656	0.00557	0.00172	0.00325	0.78583	0.00319	0.00319
6	0.00892	0.24990	0.39893	0.00809	0.01199	0.01867	0.00908	0.06196	0.07646	0.07085	0.00724	0.00778	0.00542	0.00347	0.00306	0.00099	0.00427	0.00259	0.00202	0.04830
7	0.00659	0.00578	0.00935	0.30137	0.21774	0.00627	0.02283	0.00833	0.00731	0.00976	0.01076	0.11522	0.01086	0.08321	0.00519	0.00146	0.00389	0.16795	0.00219	0.00392
8	0.00800	0.04259	0.01181	0.36679	0.23364	0.00820	0.05634	0.10861	0.00837	0.01122	0.00725	0.03025	0.00602	0.02756	0.05732	0.00145	0.00470	0.00340	0.00193	0.00455
9	0.00725	0.05939	0.78271	0.00973	0.01471	0.00849	0.01238	0.01144	0.04161	0.01117	0.00658	0.00759	0.00472	0.00339	0.00331	0.00110	0.00504	0.00263	0.00157	0.00519
10	0.00854	0.00837	0.02728	0.08688	0.77678	0.00833	0.01077	0.01068	0.00794	0.01131	0.00660	0.00875	0.00550	0.00317	0.00349	0.00106	0.00424	0.00313	0.00173	0.00545
11	0.00660	0.00473	0.00543	0.00497	0.00635	0.00465	0.00382	0.00992	0.20368	0.08927	0.33418	0.02427	0.27447	0.00691	0.00397	0.00115	0.00208	0.00589	0.00367	0.00398
12	0.03633	0.02409	0.64074	0.00984	0.01445	0.02070	0.07395	0.07158	0.00830	0.05775	0.00688	0.00783	0.00485	0.00344	0.00338	0.00111	0.00497	0.00278	0.00184	0.00521
13	0.00500	0.00342	0.00411	0.00422	0.00433	0.00347	0.00258	0.00525	0.00541	0.00730	0.01201	0.13625	0.01371	0.65085	0.12443	0.00344	0.00401	0.00561	0.00226	0.00236
14	0.00420	0.00355	0.00364	0.00370	0.00483	0.00299	0.00277	0.00510	0.00797	0.00952	0.03450	0.07744	0.79223	0.00905	0.00420	0.00121	0.00183	0.02501	0.00327	0.00298
15	0.00431	0.00310	0.00409	0.00487	0.00513	0.00289	0.00328	0.00495	0.00683	0.00904	0.02017	0.82274	0.06161	0.01092	0.00449	0.00142	0.00205	0.02196	0.00327	0.00287
16	0.00827	0.10905	0.63486	0.00963	0.02920	0.04500	0.03177	0.01165	0.00774	0.07155	0.00671	0.00760	0.00482	0.00338	0.00326	0.00107	0.00494	0.00263	0.00172	0.00514
17	0.00832	0.00951	0.02080	0.01485	0.01842	0.00891	0.84135	0.01129	0.00832	0.01129	0.00713	0.00951	0.00535	0.00297	0.00416	0.00119	0.00594	0.00416	0.00178	0.00475
18	0.00533	0.00386	0.00519	0.00554	0.00639	0.00372	0.00462	0.00692	0.00880	0.01181	0.32757	0.03442	0.07847	0.00875	0.00456	0.00141	0.00257	0.47337	0.00348	0.00326
19	0.01868	0.00974	0.21644	0.41976	0.05270	0.03380	0.05000	0.02014	0.00784	0.12660	0.00737	0.00911	0.00526	0.00356	0.00349	0.00113	0.00465	0.00307	0.00199	0.00465
20	0.00439	0.00318	0.00425	0.00499	0.00520	0.00306	0.00337	0.00501	0.00668	0.00894	0.01883	0.82893	0.02252	0.02248	0.02169	0.00154	0.01918	0.00970	0.00320	0.00288
21	0.02238	0.00601	0.00558	0.00497	0.00631	0.07809	0.00383	0.17429	0.04993	0.01433	0.01040	0.01206	0.00826	0.05124	0.00362	0.00104	0.00265	0.00329	0.53779	0.00395
22	0.00468	0.00391	0.00420	0.00453	0.00524	0.03961	0.00320	0.00546	0.00742	0.00922	0.03982	0.41338	0.37474	0.02385	0.04247	0.00152	0.00246	0.00817	0.00314	0.00297
23	0.00915	0.00818	0.18444	0.00851	0.05989	0.00572	0.10417	0.01112	0.00830	0.26948	0.04552	0.24588	0.01220	0.00585	0.00386	0.00120	0.00356	0.00527	0.00300	0.00471
24	0.00818	0.02225	0.01176	0.22477	0.43690	0.03504	0.00906	0.06325	0.01994	0.01170	0.09396	0.01122	0.02895	0.00390	0.00356	0.00108	0.00402	0.00354	0.00209	0.00484
25	0.34737	0.01931	0.03020	0.01183	0.29042	0.12383	0.05282	0.05604	0.00795	0.01324	0.00590	0.00722	0.00473	0.00334	0.00305	0.00106	0.01244	0.00259	0.00201	0.00465
26	0.00952	0.85704	0.01828	0.00608	0.00909	0.01387	0.00605	0.03088	0.00739	0.00863	0.00499	0.00572	0.00456	0.00304	0.00229	0.00076	0.00377	0.00192	0.00156	0.00456
27	0.00524	0.00351	0.00493	0.00497	0.00530	0.00383	0.00353	0.00561	0.00537	0.00748	0.00962	0.05354	0.00989	0.23023	0.44782	0.18403	0.00636	0.00424	0.00194	0.00256
28	0.00849	0.00655	0.00736	0.00636	0.00815	0.05272	0.04037	0.12056	0.19524	0.10273	0.10125	0.01952	0.22017	0.00718	0.05024	0.00140	0.00330	0.04063	0.00333	0.00446
29	0.00743	0.00767	0.01509	0.33773	0.05642	0.00798	0.40822	0.00992	0.00768	0.01020	0.00757	0.01164	0.00624	0.04077	0.00451	0.00130	0.00514	0.04842	0.00179	0.00428
30	0.01330	0.00631	0.00797	0.00650	0.00892	0.00608	0.00529	0.01703	0.23839	0.57868	0.02511	0.01373	0.01011	0.00475	0.00362	0.00114	0.00294	0.04031	0.00409	0.00573
31	0.12893	0.00827	0.01268	0.01115	0.12311	0.02217	0.27181	0.07273	0.18969	0.09383	0.00926	0.02542	0.00702	0.00380	0.00357	0.00114	0.00411	0.00363	0.00262	0.00508
32	0.00453	0.00379	0.00397	0.00389	0.00507	0.00334	0.00293	0.00603	0.05370	0.01046	0.15157	0.03171	0.68979	0.00846	0.00413	0.00118	0.00182	0.00710	0.00338	0.00317
33	0.00435	0.00332	0.00402	0.00443	0.00503	0.00303	0.00310	0.00514	0.00728	0.00938	0.07325	0.46224	0.31084	0.03496	0.05109	0.00161	0.00237	0.00844	0.00320	0.00292
34	0.04945	0.00919	0.00989	0.00768	0.01039	0.01008	0.00632	0.68146	0.06037	0.08995	0.00914	0.00898	0.00644	0.00423	0.00346	0.00107	0.00366	0.00320	0.01923	0.00584
35	0.00774	0.00745	0.01226	0.46330	0.40280	0.02618	0.01019	0.00994	0.00756	0.01014	0.00641	0.00902	0.00510	0.00335	0.00350	0.00111	0.00450	0.00312	0.00165	0.00468
36	0.00872	0.00837	0.01431	0.02163	0.85415	0.00837	0.01082	0.01082	0.00802	0.01151	0.00663	0.00872	0.00558	0.00314	0.00349	0.00105	0.00419	0.00314	0.00174	0.00558
37	0.00424	0.00357	0.00367	0.00365	0.00481	0.00301	0.00274	0.00520	0.00821	0.00993	0.10831	0.03324	0.77987	0.00877	0.00416	0.00118	0.00177	0.00734	0.00333	0.00301
38	0.02258	0.01054	0.00822	0.00746	0.00904	0.35765	0.00563	0.21930	0.02415	0.01235	0.01065	0.27464	0.01079	0.00608	0.00367	0.00111	0.00430	0.00491	0.00273	0.00421
39	0.00713	0.00612	0.00778	0.02218	0.16253	0.00642	0.00565	0.01194	0.33446	0.01284	0.17778	0.09305	0.08848	0.00576	0.00377	0.00114	0.00269	0.00504	0.00316	0.04208
40	0.00841	0.00806	0.01375	0.14849	0.72972	0.00829	0.01066	0.01054	0.00788	0.01114	0.00657	0.00882	0.00545	0.00320	0.00349	0.00107	0.00426	0.00314	0.00172	0.00533
41	0.00656	0.00491	0.00572	0.00536	0.00617	0.00539	0.00381	0.08429	0.17443	0.01019	0.01132	0.03865	0.01108	0.39788	0.21577	0.00325	0.00474	0.00452	0.00252	0.00343
42	0.00494	0.00334	0.00390	0.00409	0.00413	0.00329	0.00239	0.00508	0.00549	0.00733	0.01300	0.21663	0.01520	0.67931	0.01488	0.00297	0.00310	0.00624	0.00239	0.00230
43	0.01024	0.07106	0.20893	0.05305	0.16977	0.08627	0.09925	0.11285	0.00933	0.13431	0.00764	0.00856	0.00559	0.00353	0.00343	0.00106	0.00460	0.00302	0.00227	0.00523

[dist]
# distance from previous block
# <min> <max>
1	38

[block]
# block no. 7 follows, 79 sequences, length 18
# corresponding to MSA columns:
# 549-566
name=unknown_H
#
# <colnr> <probs for GDERKNQSTAVLIFYWHMCP>
#	G	D	E	R	K	N	Q	S	T	A	V	L	I	F	Y	W	H	M	C	P
0	0.00839	0.00623	0.02392	0.00655	0.00815	0.02850	0.04028	0.02404	0.23294	0.14849	0.19368	0.01594	0.02882	0.04753	0.12696	0.00190	0.04561	0.00439	0.00320	0.00445
1	0.00854	0.07182	0.28446	0.00994	0.01339	0.00875	0.21525	0.02787	0.14720	0.06435	0.00815	0.00909	0.00607	0.00371	0.00408	0.00112	0.06556	0.00325	0.00216	0.04525
2	0.00933	0.40376	0.17342	0.00812	0.05734	0.03641	0.03352	0.06464	0.03384	0.07030	0.01912	0.06171	0.00675	0.00389	0.00300	0.00096	0.00400	0.00301	0.00207	0.00482
3	0.00467	0.00343	0.00472	0.00520	0.00555	0.00330	0.02486	0.02078	0.00679	0.00910	0.01770	0.72269	0.02089	0.07174	0.05901	0.00182	0.00274	0.00901	0.00307	0.00294
4	0.00872	0.00837	0.01431	0.02163	0.85415	0.00837	0.01082	0.01082	0.00802	0.01151	0.00663	0.00872	0.00558	0.00314	0.00349	0.00105	0.00419	0.00314	0.00174	0.00558
5	0.00537	0.00355	0.00462	0.00514	0.00563	0.00339	0.00355	0.00662	0.05955	0.06821	0.01872	0.76020	0.02151	0.01019	0.00438	0.00139	0.00216	0.00919	0.00337	0.00325
6	0.00810	0.02848	0.08566	0.16165	0.44752	0.00830	0.04628	0.01142	0.11858	0.01133	0.00821	0.02074	0.02081	0.00363	0.00352	0.00110	0.00418	0.00338	0.00198	0.00513
7	0.00505	0.00371	0.00532	0.00532	0.00583	0.00422	0.00398	0.00607	0.00556	0.00793	0.00975	0.01558	0.00956	0.18623	0.70340	0.00524	0.00831	0.00403	0.00193	0.00296
8	0.00494	0.00367	0.00539	0.00550	0.00604	0.00416	0.00417	0.00607	0.00579	0.00824	0.01082	0.12766	0.01088	0.05672	0.71690	0.00502	0.00824	0.00465	0.00208	0.00307
9	0.00917	0.13578	0.23422	0.10003	0.16303	0.16823	0.09483	0.01152	0.00810	0.03418	0.00630	0.00775	0.00492	0.00333	0.00329	0.00103	0.00500	0.00278	0.00172	0.00481
10	0.00534	0.00452	0.00749	0.02755	0.00816	0.00448	0.14455	0.01907	0.00704	0.00949	0.01551	0.52271	0.03381	0.01157	0.13244	0.00201	0.01492	0.02326	0.00276	0.00332
11	0.00612	0.00510	0.00841	0.00834	0.05588	0.00497	0.14731	0.03203	0.00799	0.01062	0.01595	0.27686	0.01739	0.00844	0.00452	0.00144	0.00342	0.37866	0.00293	0.00360
12	0.00430	0.00360	0.00376	0.00380	0.00495	0.00306	0.00290	0.00528	0.00814	0.00982	0.07664	0.03389	0.75846	0.00889	0.00421	0.00121	0.00187	0.05891	0.00330	0.00301
13	0.00831	0.11308	0.22202	0.05460	0.15266	0.03072	0.12690	0.03554	0.06001	0.04915	0.01029	0.01149	0.09007	0.00404	0.00349	0.00109	0.00432	0.01525	0.00211	0.00486
14	0.00432	0.00332	0.00401	0.00441	0.00505	0.00301	0.00311	0.00514	0.00738	0.00947	0.07650	0.46462	0.33470	0.01075	0.04569	0.00152	0.00228	0.00852	0.00324	0.00295
15	0.15098	0.22881	0.01068	0.00638	0.00897	0.09040	0.00546	0.11664	0.00944	0.30557	0.00868	0.00846	0.00616	0.00376	0.00294	0.00098	0.00355	0.00269	0.02439	0.00504
16	0.01661	0.02473	0.06767	0.05573	0.10743	0.09782	0.14805	0.03053	0.00834	0.03303	0.12181	0.24742	0.01386	0.00595	0.00389	0.00118	0.00383	0.00547	0.00255	0.00411
17	0.00791	0.06222	0.01042	0.04966	0.00951	0.03051	0.03826	0.00879	0.00600	0.04940	0.00629	0.01021	0.00609	0.13137	0.02354	0.00176	0.53914	0.00336	0.00178	0.00378

[dist]
# distance from previous block
# <min> <max>
0	1

[block]
# block no. 8 follows, 79 sequences, length 21
# corresponding to MSA columns:
# 568-587,636
name=unknown_I
#
# <colnr> <probs for GDERKNQSTAVLIFYWHMCP>
#	G	D	E	R	K	N	Q	S	T	A	V	L	I	F	Y	W	H	M	C	P
0	0.30403	0.08079	0.02358	0.07371	0.10532	0.08970	0.00639	0.18124	0.00894	0.01412	0.00627	0.00752	0.00499	0.00494	0.05472	0.00133	0.02306	0.00258	0.00223	0.00454
1	0.01012	0.19465	0.08621	0.02572	0.17837	0.06446	0.00751	0.22416	0.00988	0.05110	0.00746	0.04472	0.00621	0.00451	0.00400	0.06658	0.00403	0.00308	0.00230	0.00491
2	0.00521	0.00398	0.00578	0.00568	0.00620	0.00469	0.00435	0.00630	0.00559	0.00805	0.00933	0.01451	0.00901	0.12212	0.71274	0.00515	0.06246	0.00389	0.00189	0.00308
3	0.00427	0.00317	0.00398	0.00463	0.00504	0.00289	0.00315	0.00494	0.00702	0.00911	0.02283	0.69836	0.19659	0.01060	0.00443	0.00138	0.00199	0.00948	0.00327	0.00289
4	0.01043	0.24315	0.22035	0.00928	0.08797	0.03350	0.02304	0.24876	0.01029	0.07088	0.00709	0.00769	0.00532	0.00356	0.00314	0.00099	0.00425	0.00271	0.00231	0.00530
5	0.00575	0.00429	0.00492	0.00467	0.00586	0.00410	0.00353	0.00834	0.14027	0.05274	0.31882	0.08837	0.32978	0.00760	0.00407	0.00117	0.00198	0.00652	0.00359	0.00364
6	0.00909	0.00467	0.00533	0.00461	0.00606	0.00460	0.00363	0.11048	0.00935	0.18639	0.11102	0.01390	0.01147	0.00454	0.00301	0.00094	0.00219	0.00369	0.50085	0.00417
7	0.00807	0.00806	0.01477	0.24798	0.44187	0.00835	0.19812	0.01044	0.00783	0.01079	0.00664	0.00908	0.00529	0.00321	0.00365	0.00111	0.00472	0.00337	0.00171	0.00495
8	0.00768	0.02605	0.00925	0.00803	0.00851	0.12382	0.00649	0.00859	0.00612	0.00837	0.00624	0.00959	0.00599	0.03471	0.24485	0.00263	0.47455	0.00319	0.00169	0.00366
9	0.00565	0.00475	0.00579	0.00576	0.00635	0.06709	0.00433	0.00667	0.00603	0.00817	0.01020	0.10289	0.01028	0.11244	0.59360	0.00451	0.03592	0.00443	0.00204	0.00310
10	0.00648	0.00596	0.01024	0.43892	0.05137	0.00662	0.12344	0.02646	0.00738	0.00967	0.01043	0.20710	0.03216	0.00564	0.00415	0.02556	0.00408	0.01842	0.00211	0.00381
11	0.01101	0.01030	0.27841	0.00857	0.01194	0.00681	0.11002	0.05135	0.00899	0.36755	0.01062	0.07232	0.00780	0.00439	0.00380	0.00114	0.02293	0.00376	0.00296	0.00532
12	0.00456	0.00356	0.00414	0.00409	0.00505	0.00314	0.00306	0.00578	0.00878	0.01150	0.38771	0.09148	0.42281	0.00835	0.00420	0.00118	0.00178	0.02218	0.00353	0.00312
13	0.00474	0.00353	0.00497	0.00520	0.00575	0.00376	0.00386	0.00581	0.00646	0.00894	0.07236	0.27710	0.07592	0.01917	0.48084	0.00374	0.00611	0.00611	0.00255	0.00306
14	0.00920	0.37845	0.22855	0.00825	0.01153	0.14919	0.07816	0.01136	0.02328	0.02249	0.01843	0.03416	0.00576	0.00356	0.00299	0.00095	0.00462	0.00270	0.00175	0.00462
15	0.00883	0.00740	0.00779	0.00687	0.00888	0.00837	0.00538	0.12585	0.63878	0.01511	0.01609	0.01499	0.10967	0.00520	0.00365	0.00118	0.00281	0.00429	0.00354	0.00533
16	0.00801	0.13278	0.15956	0.00811	0.08566	0.02256	0.03527	0.02532	0.01864	0.02194	0.00692	0.00793	0.02078	0.00307	0.00290	0.00077	0.00357	0.00248	0.00195	0.43178
17	0.01022	0.00687	0.03597	0.00695	0.04570	0.01726	0.00540	0.27873	0.01096	0.17952	0.05870	0.11440	0.04495	0.04554	0.00430	0.00122	0.00312	0.03601	0.08942	0.00475
18	0.00458	0.00359	0.00414	0.00400	0.00501	0.00315	0.00300	0.00586	0.00901	0.01184	0.44553	0.03011	0.44145	0.00806	0.00416	0.00115	0.00172	0.00690	0.00358	0.00315
19	0.00790	0.00964	0.17311	0.11945	0.23733	0.00775	0.22913	0.01066	0.02320	0.04343	0.05964	0.04689	0.00787	0.00384	0.00373	0.00114	0.00459	0.00383	0.00201	0.00485
20	0.00969	0.09506	0.41478	0.00969	0.05658	0.04538	0.06700	0.06495	0.03429	0.15763	0.00791	0.00846	0.00562	0.00357	0.00335	0.00107	0.00458	0.00290	0.00223	0.00528

[dist]
# distance from previous block
# <min> <max>
0	1

[block]
# block no. 9 follows, 79 sequences, length 38
# corresponding to MSA columns:
# 638-651,653-661,669-683
name=unknown_J
#
# <colnr> <probs for GDERKNQSTAVLIFYWHMCP>
#	G	D	E	R	K	N	Q	S	T	A	V	L	I	F	Y	W	H	M	C	P
0	0.00873	0.01031	0.23934	0.04459	0.08531	0.00732	0.03609	0.13192	0.04923	0.06040	0.00817	0.00896	0.02544	0.00349	0.00325	0.00094	0.00385	0.00289	0.00230	0.26747
1	0.02293	0.03964	0.30695	0.00931	0.05360	0.06258	0.08770	0.06799	0.02128	0.19325	0.01962	0.02539	0.03706	0.00400	0.00354	0.00108	0.01223	0.00333	0.00248	0.02603
