[name]
unknown

[dist]
# distance from previous block
# <min> <max>
0	333

[block]
# block no. 0 follows, 81 sequences, length 43
# corresponding to MSA columns:
# 396-438
name=unknown_A
#
# <colnr> <probs for GDERKNQSTAVLIFYWHMCP>
#	G	D	E	R	K	N	Q	S	T	A	V	L	I	F	Y	W	H	M	C	P
0	0.00763	0.06820	0.43484	0.10361	0.16827	0.00843	0.09684	0.01097	0.03762	0.02199	0.00662	0.00808	0.00497	0.00327	0.00335	0.00107	0.00474	0.00288	0.00165	0.00497
1	0.04893	0.66581	0.14969	0.00681	0.01007	0.02122	0.03705	0.01049	0.00708	0.00901	0.00511	0.00596	0.00442	0.00302	0.00246	0.00083	0.00397	0.00204	0.00152	0.00451
2	0.00855	0.00819	0.01386	0.02084	0.83500	0.00822	0.01047	0.01080	0.02978	0.01137	0.00669	0.00866	0.00560	0.00312	0.00342	0.00103	0.00407	0.00310	0.00176	0.00547
3	0.00617	0.04371	0.06309	0.00524	0.00584	0.00440	0.00413	0.00590	0.02697	0.00699	0.00668	0.01085	0.00645	0.04670	0.10912	0.60563	0.03515	0.00310	0.00161	0.00226
4	0.04847	0.00875	0.04359	0.06306	0.15960	0.18480	0.10114	0.01010	0.02059	0.02370	0.00816	0.06968	0.00733	0.06370	0.03557	0.00137	0.03874	0.00359	0.10399	0.00407
5	0.00419	0.00306	0.00395	0.00466	0.00497	0.00282	0.00314	0.00483	0.00676	0.00888	0.02086	0.78030	0.11771	0.01059	0.00437	0.00138	0.00198	0.00953	0.00321	0.00282
6	0.00474	0.00357	0.00497	0.10321	0.00721	0.00354	0.00396	0.00595	0.00790	0.01082	0.34936	0.44008	0.02464	0.00849	0.00417	0.00125	0.00215	0.00763	0.00325	0.00310
7	0.00787	0.00629	0.00780	0.00653	0.07901	0.00494	0.00471	0.00943	0.00741	0.07132	0.00670	0.00760	0.00539	0.00272	0.00270	0.00059	0.00271	0.00223	0.00218	0.76185
8	0.01310	0.00714	0.10327	0.00653	0.00920	0.00552	0.00582	0.06906	0.00964	0.61261	0.01306	0.10951	0.00954	0.00490	0.00356	0.00111	0.00313	0.00407	0.00378	0.00544
9	0.00492	0.00333	0.00392	0.00401	0.00407	0.00335	0.00237	0.00508	0.00524	0.00703	0.01170	0.11925	0.01347	0.72240	0.07307	0.00328	0.00359	0.00548	0.00220	0.00224
10	0.00425	0.00303	0.00400	0.00475	0.00494	0.00284	0.00315	0.00482	0.00653	0.00870	0.01860	0.82980	0.02229	0.05812	0.00513	0.00151	0.00208	0.00956	0.00315	0.00277
11	0.00871	0.00902	0.08119	0.03504	0.62165	0.00820	0.10855	0.03416	0.00814	0.04198	0.00683	0.00866	0.00546	0.00315	0.00349	0.00105	0.00434	0.00317	0.00183	0.00534
12	0.09883	0.02020	0.00607	0.00537	0.00669	0.10297	0.00413	0.03945	0.11850	0.01358	0.50059	0.01903	0.03957	0.00582	0.00364	0.00107	0.00252	0.00487	0.00330	0.00379
13	0.00826	0.00796	0.01370	0.13629	0.72052	0.00815	0.03372	0.01037	0.00774	0.01095	0.00646	0.00866	0.00535	0.00312	0.00344	0.00105	0.00422	0.00310	0.00169	0.00523
14	0.75274	0.00777	0.00590	0.05223	0.00807	0.10536	0.00439	0.01050	0.00638	0.01433	0.00494	0.00588	0.00387	0.00326	0.00232	0.00105	0.00318	0.00198	0.00206	0.00378
15	0.00419	0.00306	0.00395	0.00466	0.00497	0.00282	0.00314	0.00483	0.00676	0.00888	0.02086	0.78030	0.11771	0.01059	0.00437	0.00138	0.00198	0.00953	0.00321	0.00282
16	0.05384	0.00369	0.00459	0.00436	0.00514	0.00358	0.00321	0.00649	0.00870	0.01265	0.63993	0.02366	0.04305	0.10743	0.06340	0.00165	0.00240	0.00572	0.00337	0.00313
17	0.00861	0.00802	0.01323	0.04326	0.73870	0.00812	0.00997	0.06644	0.00835	0.01181	0.00717	0.04744	0.00625	0.00351	0.00347	0.00105	0.00400	0.00338	0.00189	0.00533
18	0.00779	0.00982	0.11414	0.01290	0.01597	0.00870	0.60237	0.01044	0.00760	0.01059	0.00699	0.04002	0.00568	0.00368	0.00501	0.00121	0.12687	0.00396	0.00173	0.00452
19	0.00751	0.00740	0.01019	0.00862	0.00897	0.00990	0.00716	0.00836	0.00550	0.00865	0.00472	0.00751	0.00460	0.00565	0.01034	0.00140	0.77320	0.00291	0.00157	0.10583
20	0.00435	0.00351	0.00389	0.00400	0.00493	0.00310	0.00292	0.00553	0.03253	0.00997	0.14031	0.21675	0.53827	0.00886	0.00414	0.00121	0.00182	0.00761	0.00330	0.00301
21	0.00922	0.62336	0.01467	0.00595	0.00841	0.06863	0.00549	0.01030	0.00748	0.07323	0.03879	0.10601	0.00789	0.00415	0.00269	0.00086	0.00354	0.00307	0.00199	0.00429
22	0.01265	0.00931	0.01002	0.00778	0.01040	0.01028	0.00638	0.79970	0.01572	0.02107	0.00888	0.05561	0.00680	0.00451	0.00351	0.00106	0.00370	0.00348	0.00344	0.00571
23	0.00491	0.00340	0.00426	0.00436	0.00454	0.00354	0.00281	0.00530	0.00534	0.00729	0.01138	0.11748	0.01270	0.55536	0.23906	0.00371	0.00475	0.00522	0.00216	0.00244
24	0.11381	0.13001	0.01036	0.00801	0.00998	0.65420	0.00624	0.01292	0.00898	0.00921	0.00521	0.00607	0.00437	0.00344	0.00288	0.00089	0.00549	0.00213	0.00178	0.00403
25	0.00599	0.00433	0.00630	0.00598	0.00663	0.00514	0.00470	0.00712	0.00579	0.06526	0.00900	0.01303	0.00826	0.05606	0.66224	0.00464	0.12058	0.00365	0.00198	0.00332
26	0.00500	0.00334	0.00378	0.00380	0.00381	0.00333	0.00213	0.00502	0.00508	0.00677	0.01116	0.05106	0.01290	0.84967	0.01714	0.00328	0.00330	0.00518	0.00213	0.00212
27	0.05353	0.00367	0.00410	0.00395	0.00489	0.00338	0.00290	0.00592	0.00826	0.01132	0.38389	0.02732	0.35867	0.10680	0.00551	0.00138	0.00193	0.00629	0.00328	0.00302
28	0.01052	0.28457	0.15299	0.00842	0.01124	0.38405	0.05500	0.03812	0.00863	0.00933	0.00550	0.00643	0.00452	0.00331	0.00293	0.00090	0.00516	0.00229	0.00168	0.00441
29	0.00639	0.01246	0.04585	0.00631	0.04507	0.00542	0.01449	0.06507	0.12232	0.01383	0.54326	0.02009	0.03048	0.00608	0.00423	0.00111	0.04500	0.00520	0.00338	0.00396
30	0.00784	0.32197	0.49394	0.00884	0.01306	0.01008	0.07873	0.01074	0.00727	0.00996	0.00577	0.00684	0.00447	0.00314	0.00297	0.00097	0.00467	0.00243	0.00149	0.00483
31	0.00422	0.00334	0.00381	0.00416	0.00494	0.00294	0.00302	0.00503	0.00741	0.00920	0.02805	0.34785	0.49525	0.00957	0.00425	0.00128	0.00193	0.05765	0.00321	0.00289
32	0.00833	0.00808	0.01408	0.10177	0.72453	0.00819	0.06321	0.01046	0.00779	0.01104	0.00649	0.00866	0.00537	0.00310	0.00346	0.00105	0.00426	0.00314	0.00170	0.00526
33	0.00953	0.05922	0.08276	0.01641	0.54090	0.13527	0.00956	0.07405	0.00871	0.02206	0.00643	0.00796	0.00524	0.00325	0.00330	0.00100	0.00444	0.00285	0.00185	0.00520
34	0.00408	0.00350	0.00350	0.00350	0.00467	0.00292	0.00262	0.00496	0.00787	0.00933	0.03500	0.03325	0.85564	0.00875	0.00408	0.00117	0.00175	0.00729	0.00321	0.00292
35	0.00477	0.00355	0.00451	0.00473	0.00551	0.00329	0.00367	0.00607	0.00844	0.01126	0.35014	0.16781	0.19878	0.00861	0.00430	0.00127	0.00209	0.20467	0.00343	0.00310
36	0.00786	0.00891	0.12092	0.19417	0.41614	0.00788	0.12138	0.01025	0.00763	0.02835	0.00707	0.04100	0.00583	0.00347	0.00354	0.00109	0.00446	0.00340	0.00176	0.00489
37	0.01475	0.00653	0.00911	0.00691	0.00965	0.00594	0.06169	0.10734	0.01047	0.71050	0.01260	0.01121	0.00804	0.00417	0.00351	0.00107	0.00323	0.00347	0.00402	0.00580
38	0.01292	0.01591	0.00984	0.00882	0.01068	0.79451	0.00667	0.08218	0.01032	0.00955	0.00558	0.00640	0.00457	0.00361	0.00314	0.00090	0.00603	0.00230	0.00192	0.00416
39	0.00930	0.07501	0.35762	0.05129	0.02715	0.05357	0.10416	0.08762	0.00852	0.12363	0.00721	0.00815	0.00521	0.00363	0.00388	0.00109	0.06302	0.00290	0.00208	0.00498
40	0.00789	0.00709	0.04429	0.07190	0.40677	0.00683	0.00788	0.01069	0.11522	0.06813	0.03467	0.08131	0.06928	0.03114	0.00403	0.00118	0.00348	0.02102	0.00241	0.00477
41	0.00458	0.00351	0.00419	0.00404	0.00497	0.00312	0.00302	0.00591	0.00902	0.01208	0.53532	0.04211	0.34010	0.00775	0.00408	0.00112	0.00168	0.00669	0.00357	0.00312
42	0.00686	0.00586	0.00748	0.18749	0.02542	0.00659	0.01921	0.04134	0.32833	0.01158	0.02779	0.17412	0.08360	0.01492	0.04247	0.00142	0.00330	0.00512	0.00287	0.00424

[dist]
# distance from previous block
# <min> <max>
0	1

[block]
# block no. 1 follows, 81 sequences, length 19
# corresponding to MSA columns:
# 440-458
name=unknown_B
#
# <colnr> <probs for GDERKNQSTAVLIFYWHMCP>
#	G	D	E	R	K	N	Q	S	T	A	V	L	I	F	Y	W	H	M	C	P
0	0.02324	0.69226	0.12718	0.00628	0.00934	0.01211	0.00657	0.01013	0.00715	0.00889	0.05005	0.00713	0.00604	0.01805	0.00271	0.00085	0.00375	0.00223	0.00162	0.00441
1	0.00867	0.00538	0.03132	0.00549	0.00729	0.00472	0.02166	0.06023	0.04356	0.24962	0.34767	0.01902	0.09435	0.03314	0.00417	0.00113	0.00247	0.00487	0.00359	0.05165
2	0.00944	0.69603	0.09993	0.00662	0.00967	0.09273	0.00667	0.02892	0.00751	0.00873	0.00507	0.00584	0.00446	0.00307	0.00243	0.00079	0.00407	0.00198	0.00155	0.00449
3	0.00844	0.00658	0.00799	0.00634	0.04275	0.00567	0.00486	0.07801	0.00805	0.08405	0.00687	0.00773	0.00545	0.00308	0.00330	0.00069	0.05823	0.00236	0.00230	0.65724
4	0.03399	0.01067	0.12745	0.03080	0.13741	0.25084	0.01591	0.04180	0.04092	0.01045	0.00940	0.08418	0.03521	0.00505	0.00404	0.01655	0.04651	0.07335	0.02126	0.00422
5	0.00531	0.00350	0.00435	0.00464	0.03838	0.00352	0.00264	0.00520	0.00507	0.00681	0.00991	0.01991	0.01115	0.68473	0.04084	0.14180	0.00350	0.00459	0.00198	0.00217
6	0.00524	0.00367	0.00543	0.00540	0.00583	0.00421	0.00407	0.00583	0.00534	0.00760	0.00874	0.04008	0.00848	0.04577	0.60216	0.19255	0.04130	0.00376	0.00181	0.00274
7	0.00426	0.00314	0.00400	0.00461	0.00501	0.00288	0.00317	0.00500	0.00706	0.00928	0.07866	0.66756	0.15439	0.01021	0.00434	0.00135	0.00196	0.02701	0.00325	0.00286
8	0.00806	0.01020	0.20483	0.09435	0.53638	0.00824	0.01074	0.02681	0.02436	0.01117	0.00653	0.00838	0.00523	0.00329	0.00360	0.00107	0.02688	0.00297	0.00170	0.00521
9	0.00496	0.00361	0.00507	0.00507	0.00552	0.00406	0.00372	0.00586	0.00541	0.00766	0.00969	0.01601	0.00969	0.25578	0.63648	0.00496	0.00766	0.00406	0.00192	0.00282
10	0.00681	0.00596	0.00662	0.02449	0.03884	0.05132	0.00485	0.01127	0.34459	0.01156	0.08655	0.31692	0.02974	0.00702	0.00415	0.00124	0.03472	0.00607	0.00315	0.00413
11	0.02769	0.61949	0.01545	0.00664	0.00928	0.22609	0.00603	0.01141	0.00778	0.03573	0.00522	0.00591	0.00456	0.00315	0.00248	0.00079	0.00428	0.00199	0.00166	0.00436
12	0.00450	0.00357	0.00376	0.00368	0.00484	0.00302	0.00277	0.00548	0.00817	0.03343	0.13732	0.03172	0.72893	0.00841	0.00406	0.00115	0.00177	0.00705	0.00331	0.00304
13	0.00691	0.00653	0.00909	0.41197	0.01554	0.07210	0.03176	0.03086	0.04244	0.00917	0.00732	0.01031	0.00608	0.01032	0.25883	0.00245	0.05951	0.00326	0.00179	0.00377
14	0.00473	0.00349	0.00442	0.00426	0.00508	0.00318	0.00317	0.00618	0.00929	0.01286	0.68115	0.08522	0.14902	0.00756	0.00410	0.00112	0.00167	0.00664	0.00368	0.00318
15	0.76233	0.03469	0.02475	0.00562	0.05188	0.00776	0.00438	0.01016	0.00615	0.03091	0.00555	0.03330	0.00456	0.00345	0.00233	0.00107	0.00282	0.00223	0.00215	0.00390
16	0.00814	0.00763	0.06160	0.06340	0.23401	0.02516	0.02637	0.09505	0.08697	0.04033	0.00969	0.08301	0.00883	0.03331	0.03586	0.00137	0.05235	0.07259	0.00239	0.05194
17	0.00724	0.00630	0.00785	0.05103	0.07394	0.00504	0.00488	0.00885	0.00720	0.01113	0.00617	0.00738	0.00512	0.00264	0.00267	0.00058	0.00278	0.00218	0.00199	0.78501
18	0.01948	0.23045	0.04315	0.12455	0.02517	0.07944	0.02841	0.19298	0.09856	0.03713	0.02211	0.00863	0.00629	0.00375	0.00320	0.00098	0.01812	0.00286	0.05002	0.00473

[dist]
# distance from previous block
# <min> <max>
0	20

[block]
# block no. 2 follows, 81 sequences, length 26
# corresponding to MSA columns:
# 479-504
name=unknown_C
#
# <colnr> <probs for GDERKNQSTAVLIFYWHMCP>
#	G	D	E	R	K	N	Q	S	T	A	V	L	I	F	Y	W	H	M	C	P
0	0.00720	0.07806	0.73419	0.01005	0.02874	0.00847	0.06464	0.01090	0.00734	0.01076	0.00616	0.00732	0.00445	0.00323	0.00326	0.00107	0.00503	0.00261	0.00148	0.00504
1	0.00644	0.00322	0.00322	0.00322	0.00402	0.00322	0.00241	0.00805	0.00724	0.01288	0.01127	0.01288	0.00885	0.00402	0.00241	0.00080	0.00161	0.00322	0.89777	0.00322
2	0.00652	0.00614	0.01036	0.87029	0.02379	0.00768	0.00959	0.00883	0.00691	0.00883	0.00614	0.00921	0.00461	0.00345	0.00345	0.00115	0.00461	0.00307	0.00154	0.00384
3	0.00421	0.00301	0.00401	0.00481	0.00501	0.00281	0.00321	0.00481	0.00661	0.00882	0.01904	0.87634	0.02285	0.01082	0.00441	0.00140	0.00200	0.00982	0.00321	0.00281
4	0.00687	0.00633	0.01022	0.79254	0.02252	0.00783	0.00926	0.03875	0.05362	0.00959	0.00665	0.00938	0.00498	0.00355	0.00346	0.00115	0.00447	0.00312	0.00171	0.00400
5	0.00924	0.88067	0.01810	0.00591	0.00887	0.01367	0.00591	0.01034	0.00702	0.00813	0.00480	0.00554	0.00443	0.00296	0.00222	0.00074	0.00369	0.00185	0.00148	0.00443
6	0.00577	0.00431	0.00544	0.00583	0.00672	0.00437	0.00471	0.05347	0.08852	0.01086	0.01904	0.26225	0.09379	0.00906	0.00442	0.00143	0.00272	0.41063	0.00324	0.00342
7	0.00902	0.00832	0.00801	0.00722	0.00915	0.09382	0.00559	0.01790	0.76708	0.01385	0.01319	0.01223	0.00994	0.00457	0.00348	0.00114	0.00308	0.00374	0.00334	0.00532
8	0.00494	0.00370	0.00555	0.00555	0.00617	0.00432	0.00432	0.00617	0.00555	0.00802	0.00925	0.01357	0.00864	0.02591	0.86490	0.00555	0.00925	0.00370	0.00185	0.00308
9	0.05092	0.00810	0.00906	0.00703	0.00959	0.00857	0.00577	0.53020	0.01343	0.24961	0.00978	0.00969	0.00681	0.02851	0.00376	0.00110	0.00343	0.00321	0.03582	0.00558
10	0.07800	0.00597	0.00781	0.00605	0.00867	0.00533	0.00499	0.01639	0.02609	0.78331	0.01301	0.01135	0.00825	0.00421	0.00338	0.00107	0.00292	0.00337	0.00411	0.00572
11	0.00734	0.00737	0.06798	0.00596	0.00905	0.02715	0.02960	0.00904	0.00720	0.01106	0.00609	0.00723	0.00503	0.00277	0.00297	0.00062	0.03312	0.00218	0.00197	0.75628
12	0.00413	0.00350	0.00357	0.00355	0.00470	0.00294	0.00266	0.00505	0.00799	0.00960	0.08435	0.03280	0.80612	0.00865	0.00408	0.00116	0.00174	0.00723	0.00324	0.00294
13	0.00653	0.00590	0.05363	0.03056	0.02430	0.00587	0.02298	0.06505	0.20407	0.01100	0.05044	0.10810	0.03242	0.09569	0.26467	0.00271	0.00495	0.00462	0.00260	0.00392
14	0.00489	0.00353	0.00462	0.00435	0.00516	0.00326	0.00326	0.00652	0.00978	0.01385	0.85522	0.02581	0.03260	0.00706	0.00407	0.00109	0.00163	0.00625	0.00380	0.00326
15	0.00924	0.76636	0.04921	0.00623	0.00917	0.04270	0.00617	0.01096	0.05693	0.00862	0.00542	0.00607	0.00479	0.00309	0.00236	0.00078	0.00378	0.00201	0.00161	0.00451
16	0.00433	0.00349	0.00376	0.00370	0.00469	0.00303	0.00271	0.00529	0.00802	0.01005	0.20391	0.03077	0.61061	0.08416	0.00526	0.00134	0.00186	0.00688	0.00323	0.00292
17	0.00777	0.01468	0.61021	0.00982	0.03739	0.00770	0.07588	0.01174	0.06721	0.07741	0.04202	0.00898	0.00639	0.00358	0.00341	0.00110	0.00466	0.00300	0.00195	0.00509
18	0.00494	0.00368	0.00543	0.00543	0.00600	0.00425	0.00416	0.00609	0.00551	0.00793	0.00937	0.01421	0.00891	0.08609	0.80510	0.00540	0.00884	0.00379	0.00187	0.00301
19	0.00694	0.00579	0.00653	0.00630	0.03107	0.00623	0.00475	0.01266	0.44616	0.01293	0.16245	0.02031	0.13058	0.02284	0.00405	0.00122	0.00250	0.08417	0.00337	0.02917
20	0.05599	0.00636	0.01041	0.74416	0.09993	0.00773	0.00937	0.00906	0.00694	0.00942	0.00610	0.00895	0.00464	0.00341	0.00338	0.00114	0.00445	0.00300	0.00158	0.00398
21	0.59021	0.06868	0.06594	0.00645	0.00897	0.07648	0.08741	0.04071	0.00696	0.01391	0.00529	0.00623	0.00411	0.00323	0.00254	0.00104	0.00354	0.00220	0.00203	0.00407
22	0.07266	0.00972	0.05724	0.24017	0.14668	0.16056	0.02036	0.14382	0.04796	0.01206	0.00660	0.00816	0.00512	0.00369	0.00372	0.00108	0.05092	0.00287	0.00204	0.00459
23	0.03378	0.00997	0.09770	0.01281	0.17798	0.08478	0.31189	0.07209	0.03221	0.04790	0.00767	0.01787	0.00611	0.00354	0.00362	0.00108	0.00476	0.03329	0.00208	0.03887
24	0.00601	0.03861	0.00793	0.32616	0.08231	0.02943	0.00626	0.00762	0.00767	0.00982	0.11588	0.06696	0.23782	0.00565	0.00366	0.00111	0.00323	0.00486	0.00239	0.03663
25	0.00544	0.00447	0.00494	0.00460	0.00565	0.03652	0.00351	0.05239	0.00917	0.01209	0.42621	0.02579	0.32406	0.00802	0.03525	0.00128	0.02783	0.00611	0.00336	0.00332

[dist]
# distance from previous block
# <min> <max>
7	16

[block]
# block no. 3 follows, 81 sequences, length 58
# corresponding to MSA columns:
# 573-593,604-640
name=unknown_D
#
# <colnr> <probs for GDERKNQSTAVLIFYWHMCP>
#	G	D	E	R	K	N	Q	S	T	A	V	L	I	F	Y	W	H	M	C	P
0	0.00666	0.00622	0.01046	0.75652	0.09579	0.00755	0.00950	0.00890	0.00704	0.00911	0.00673	0.01052	0.00538	0.00370	0.00351	0.00116	0.00450	0.04117	0.00163	0.00395
1	0.00531	0.00384	0.00525	0.00599	0.00675	0.00377	0.00510	0.00675	0.00780	0.01010	0.01955	0.12990	0.07902	0.00963	0.00468	0.00154	0.00295	0.68576	0.00319	0.00312
2	0.00716	0.00614	0.00716	0.00512	0.00819	0.00461	0.00409	0.00870	0.00716	0.01126	0.00614	0.00716	0.00512	0.00256	0.00256	0.00051	0.00256	0.00205	0.00205	0.89971
3	0.00429	0.00350	0.00380	0.00380	0.00485	0.00301	0.00286	0.00533	0.00822	0.01026	0.20144	0.06347	0.63353	0.00850	0.00411	0.00117	0.00177	0.02976	0.00333	0.00299
4	0.00557	0.00398	0.00557	0.00636	0.00716	0.00398	0.00557	0.00716	0.00795	0.01034	0.01829	0.03897	0.01988	0.00954	0.00477	0.00159	0.00318	0.83379	0.00318	0.00318
5	0.00421	0.00301	0.00401	0.00481	0.00501	0.00281	0.00321	0.00481	0.00661	0.00882	0.01904	0.87634	0.02285	0.01082	0.00441	0.00140	0.00200	0.00982	0.00321	0.00281
6	0.00690	0.00652	0.01104	0.71299	0.17816	0.00777	0.00978	0.00916	0.00709	0.00928	0.00621	0.00909	0.00477	0.00338	0.00345	0.00113	0.00451	0.00307	0.00157	0.00414
7	0.01297	0.00952	0.01019	0.00783	0.01055	0.01053	0.00646	0.82461	0.01602	0.02155	0.00837	0.00841	0.00595	0.00414	0.00343	0.00103	0.00375	0.00311	0.02579	0.00581
8	0.01276	0.03341	0.02327	0.00874	0.05018	0.25065	0.00680	0.50374	0.01340	0.05260	0.00749	0.00779	0.00551	0.00389	0.00333	0.00099	0.00448	0.00283	0.00286	0.00528
9	0.05150	0.01065	0.01124	0.04308	0.41453	0.31034	0.00829	0.01122	0.00833	0.01019	0.00739	0.03041	0.03882	0.00376	0.00350	0.00101	0.02624	0.00305	0.00184	0.00461
10	0.00644	0.00322	0.00322	0.00322	0.00402	0.00322	0.00241	0.00805	0.00724	0.01288	0.01127	0.01288	0.00885	0.00402	0.00241	0.00080	0.00161	0.00322	0.89777	0.00322
11	0.00558	0.00429	0.00520	0.05973	0.00671	0.02556	0.00386	0.00735	0.04250	0.03332	0.49068	0.02395	0.17821	0.00718	0.01756	0.01272	0.01528	0.02363	0.03330	0.00338
12	0.00421	0.00301	0.00401	0.00481	0.00501	0.00281	0.00321	0.00481	0.00661	0.00882	0.01904	0.87634	0.02285	0.01082	0.00441	0.00140	0.00200	0.00982	0.00321	0.00281
13	0.03071	0.02856	0.04579	0.03270	0.05918	0.11245	0.01906	0.10808	0.28683	0.10642	0.00980	0.01014	0.00742	0.00568	0.06195	0.00140	0.06282	0.00327	0.00278	0.00497
14	0.53201	0.08225	0.02773	0.00645	0.02601	0.15032	0.03311	0.06779	0.00756	0.03190	0.00546	0.00625	0.00427	0.00332	0.00254	0.00101	0.00362	0.00216	0.00212	0.00413
15	0.00911	0.00722	0.01176	0.04619	0.55976	0.00713	0.02132	0.01967	0.01709	0.14135	0.00992	0.03641	0.04427	0.00412	0.00357	0.00109	0.00374	0.04881	0.00232	0.00516
16	0.01134	0.09624	0.01008	0.00752	0.00984	0.16598	0.00608	0.33109	0.24392	0.04833	0.00945	0.02900	0.00725	0.00423	0.00331	0.00103	0.00386	0.00321	0.00300	0.00521
17	0.00803	0.11434	0.39512	0.00799	0.01170	0.07592	0.01792	0.01055	0.00741	0.03495	0.00609	0.00714	0.00472	0.00325	0.00339	0.00091	0.04914	0.00238	0.00173	0.23734
18	0.01042	0.00699	0.06077	0.06916	0.08627	0.01556	0.01616	0.12947	0.03134	0.28625	0.01021	0.01260	0.00800	0.10547	0.05244	0.04357	0.01619	0.03155	0.00290	0.00469
19	0.00746	0.04639	0.55671	0.01081	0.05371	0.00822	0.17055	0.01118	0.04198	0.02324	0.02416	0.00868	0.00564	0.00340	0.00345	0.00110	0.00493	0.01170	0.00172	0.00498
20	0.00489	0.00346	0.00464	0.00534	0.00576	0.00337	0.00407	0.00583	0.00698	0.00919	0.01768	0.41118	0.02027	0.12161	0.00625	0.00173	0.00268	0.35914	0.00305	0.00287
21	0.01372	0.00713	0.05520	0.00676	0.00946	0.00628	0.01565	0.13021	0.07157	0.59310	0.01250	0.01179	0.00834	0.00465	0.01550	0.00115	0.00329	0.02416	0.00386	0.00569
22	0.00794	0.01876	0.03476	0.16675	0.43901	0.00772	0.06431	0.02772	0.01960	0.03088	0.06965	0.03081	0.00780	0.00396	0.00402	0.01580	0.04023	0.00353	0.00197	0.00476
23	0.00485	0.00351	0.00480	0.00559	0.02527	0.00338	0.00411	0.00590	0.00741	0.00989	0.11357	0.45615	0.03141	0.03360	0.00482	0.00147	0.00242	0.27563	0.00320	0.00302
24	0.04712	0.05006	0.02916	0.04985	0.06989	0.52667	0.05822	0.04443	0.03335	0.00992	0.00600	0.00713	0.00487	0.00356	0.00336	0.00096	0.02771	0.00254	0.02094	0.00426
25	0.00693	0.01787	0.86069	0.00985	0.01495	0.00802	0.01276	0.01094	0.00729	0.01094	0.00620	0.00729	0.00438	0.00328	0.00328	0.00109	0.00511	0.00255	0.00146	0.00511
26	0.00644	0.00322	0.00322	0.00322	0.00402	0.00322	0.00241	0.00805	0.00724	0.01288	0.01127	0.01288	0.00885	0.00402	0.00241	0.00080	0.00161	0.00322	0.89777	0.00322
27	0.00741	0.00604	0.00708	0.00511	0.00810	0.00457	0.00409	0.00891	0.00730	0.04635	0.00742	0.00823	0.03372	0.00284	0.00265	0.00056	0.00255	0.00228	0.00218	0.83265
28	0.00521	0.00435	0.00540	0.00571	0.00606	0.04431	0.00419	0.00600	0.00658	0.00880	0.02895	0.55263	0.01783	0.01176	0.11937	0.00195	0.11108	0.05400	0.00276	0.00305
29	0.00924	0.88067	0.01810	0.00591	0.00887	0.01367	0.00591	0.01034	0.00702	0.00813	0.00480	0.00554	0.00443	0.00296	0.00222	0.00074	0.00369	0.00185	0.00148	0.00443
30	0.00737	0.00626	0.00734	0.00535	0.00822	0.00506	0.00430	0.03667	0.00738	0.01151	0.00626	0.00735	0.00520	0.00281	0.00300	0.00058	0.04321	0.00215	0.02266	0.80734
31	0.90299	0.00668	0.00508	0.00454	0.00668	0.00775	0.00374	0.01015	0.00588	0.01550	0.00481	0.00561	0.00374	0.00321	0.00214	0.00107	0.00267	0.00187	0.00214	0.00374
32	0.90299	0.00668	0.00508	0.00454	0.00668	0.00775	0.00374	0.01015	0.00588	0.01550	0.00481	0.00561	0.00374	0.00321	0.00214	0.00107	0.00267	0.00187	0.00214	0.00374
33	0.00494	0.00370	0.00555	0.00555	0.00617	0.00432	0.00432	0.00617	0.00555	0.00802	0.00925	0.01357	0.00864	0.02591	0.86490	0.00555	0.00925	0.00370	0.00185	0.00308
34	0.00502	0.00335	0.00377	0.00377	0.00377	0.00335	0.00209	0.00502	0.00502	0.00670	0.01088	0.02261	0.01256	0.87859	0.01758	0.00335	0.00335	0.00502	0.00209	0.00209
35	0.00431	0.00351	0.00382	0.00374	0.00481	0.00301	0.00281	0.00540	0.00842	0.01062	0.26934	0.03112	0.62050	0.00827	0.00408	0.00114	0.00172	0.00699	0.00338	0.00301
36	0.00479	0.00361	0.00444	0.00422	0.00514	0.00330	0.00317	0.00644	0.02740	0.01289	0.66019	0.02713	0.20973	0.00738	0.00406	0.00111	0.00168	0.00642	0.00367	0.00323
37	0.06981	0.01088	0.01111	0.17561	0.31829	0.33645	0.00845	0.01146	0.00829	0.01002	0.00587	0.00759	0.00480	0.00334	0.00322	0.00100	0.00492	0.00267	0.00173	0.00449
38	0.90299	0.00668	0.00508	0.00454	0.00668	0.00775	0.00374	0.01015	0.00588	0.01550	0.00481	0.00561	0.00374	0.00321	0.00214	0.00107	0.00267	0.00187	0.00214	0.00374
39	0.00821	0.00746	0.01002	0.00820	0.01031	0.02747	0.17764	0.06524	0.45625	0.01396	0.16303	0.01404	0.01299	0.00469	0.00372	0.00114	0.00332	0.00427	0.00316	0.00490
40	0.00693	0.01787	0.86069	0.00985	0.01495	0.00802	0.01276	0.01094	0.00729	0.01094	0.00620	0.00729	0.00438	0.00328	0.00328	0.00109	0.00511	0.00255	0.00146	0.00511
41	0.00840	0.00805	0.01375	0.08545	0.79399	0.00817	0.01053	0.01047	0.00779	0.01110	0.00647	0.00860	0.00541	0.00311	0.00342	0.00104	0.00414	0.00308	0.00170	0.00535
42	0.00489	0.00353	0.00462	0.00435	0.00516	0.00326	0.00326	0.00652	0.00978	0.01385	0.85522	0.02581	0.03260	0.00706	0.00407	0.00109	0.00163	0.00625	0.00380	0.00326
43	0.00417	0.00350	0.00362	0.00359	0.00472	0.00295	0.00269	0.00512	0.00807	0.00981	0.12078	0.03247	0.76956	0.00857	0.00408	0.00116	0.00174	0.00718	0.00327	0.00295
44	0.00421	0.00301	0.00401	0.00481	0.00501	0.00281	0.00321	0.00481	0.00661	0.00882	0.01904	0.87634	0.02285	0.01082	0.00441	0.00140	0.00200	0.00982	0.00321	0.00281
45	0.00459	0.00357	0.00421	0.00419	0.00517	0.00318	0.00324	0.00587	0.00867	0.01132	0.37108	0.03087	0.41614	0.00815	0.00416	0.00118	0.00187	0.10600	0.00345	0.00309
46	0.00850	0.00916	0.01981	0.01417	0.01762	0.00857	0.80528	0.01134	0.00823	0.05070	0.00730	0.00943	0.00540	0.00298	0.00405	0.00116	0.00569	0.00405	0.00187	0.00472
47	0.00693	0.01787	0.86069	0.00985	0.01495	0.00802	0.01276	0.01094	0.00729	0.01094	0.00620	0.00729	0.00438	0.00328	0.00328	0.00109	0.00511	0.00255	0.00146	0.00511
48	0.00815	0.00932	0.02038	0.01456	0.01805	0.00874	0.84450	0.01107	0.00815	0.01107	0.00699	0.00932	0.00524	0.00291	0.00408	0.00116	0.00582	0.00408	0.00175	0.00466
49	0.00456	0.00332	0.00436	0.00501	0.00542	0.00313	0.00351	0.00553	0.02790	0.00927	0.03283	0.73315	0.02184	0.01021	0.00435	0.00138	0.00214	0.08598	0.00318	0.03293
50	0.01275	0.00901	0.00971	0.00756	0.01014	0.02795	0.00619	0.68997	0.01494	0.10053	0.03877	0.03956	0.00763	0.00448	0.00351	0.00105	0.00363	0.00347	0.00350	0.00564
51	0.00838	0.00804	0.01282	0.10156	0.67866	0.04781	0.00980	0.01016	0.00763	0.01055	0.00638	0.00864	0.00538	0.00375	0.00410	0.06247	0.00418	0.00303	0.00168	0.00497
52	0.01290	0.01646	0.00979	0.00890	0.01068	0.86472	0.00667	0.01379	0.00979	0.00845	0.00534	0.00623	0.00445	0.00356	0.00311	0.00089	0.00623	0.00222	0.00178	0.00400
53	0.00673	0.00635	0.01073	0.78381	0.10866	0.00773	0.00970	0.00901	0.00701	0.00908	0.00618	0.00914	0.00469	0.00342	0.00345	0.00114	0.00455	0.00307	0.00155	0.00400
54	0.00440	0.00356	0.00394	0.00406	0.00511	0.00311	0.00316	0.00545	0.00804	0.00992	0.11174	0.05448	0.62432	0.00876	0.00420	0.00123	0.00197	0.13630	0.00326	0.00299
55	0.00421	0.00346	0.00372	0.00388	0.00488	0.00297	0.00290	0.00510	0.00774	0.00942	0.04870	0.15210	0.67027	0.00905	0.00417	0.00122	0.00187	0.05819	0.00322	0.00292
56	0.00498	0.00376	0.00464	0.00444	0.00534	0.00354	0.00332	0.00699	0.06680	0.01291	0.62426	0.08551	0.14570	0.00740	0.00406	0.00113	0.00175	0.00648	0.00366	0.00333
57	0.06194	0.09905	0.70652	0.00906	0.01367	0.00844	0.01138	0.01074	0.00720	0.01094	0.00629	0.00782	0.00473	0.00340	0.00315	0.00107	0.00477	0.02337	0.00155	0.00491

[dist]
# distance from previous block
# <min> <max>
16	34

[block]
# block no. 4 follows, 81 sequences, length 49
# corresponding to MSA columns:
# 676-724
name=unknown_E
#
# <colnr> <probs for GDERKNQSTAVLIFYWHMCP>
#	G	D	E	R	K	N	Q	S	T	A	V	L	I	F	Y	W	H	M	C	P
0	0.00713	0.00667	0.01103	0.52523	0.27536	0.00763	0.00937	0.00964	0.04725	0.00996	0.02703	0.03528	0.00635	0.00370	0.00349	0.00112	0.00422	0.00339	0.00179	0.00437
1	0.00835	0.00798	0.01359	0.06207	0.79374	0.00805	0.01036	0.01041	0.00787	0.01123	0.02915	0.00904	0.00615	0.00320	0.00344	0.00103	0.00406	0.00316	0.00176	0.00533
2	0.01214	0.00913	0.00978	0.00770	0.01027	0.01015	0.00629	0.68236	0.15808	0.02031	0.03190	0.00954	0.00738	0.00432	0.00348	0.00106	0.00356	0.00333	0.00348	0.00574
3	0.00789	0.00753	0.01283	0.29852	0.58490	0.00803	0.01027	0.01002	0.00755	0.01048	0.00638	0.00877	0.00519	0.00320	0.00343	0.00107	0.00427	0.00308	0.00165	0.00494
4	0.00913	0.00769	0.00811	0.00714	0.00919	0.00884	0.00560	0.11639	0.75190	0.01532	0.01338	0.01234	0.00999	0.00462	0.00351	0.00116	0.00286	0.00381	0.00351	0.00552
5	0.00845	0.00915	0.00730	0.00690	0.00806	0.37041	0.00525	0.00952	0.00753	0.02169	0.00875	0.02428	0.03815	0.01520	0.43988	0.00327	0.00748	0.00329	0.00193	0.00351
6	0.00469	0.00352	0.00437	0.00433	0.00518	0.00319	0.00328	0.00605	0.00893	0.01208	0.52496	0.09434	0.23330	0.00796	0.00416	0.00117	0.00181	0.07000	0.00356	0.00313
7	0.01994	0.00413	0.00489	0.00463	0.00580	0.00387	0.00351	0.00811	0.08318	0.10637	0.29339	0.11951	0.27728	0.02123	0.00420	0.00120	0.00204	0.02962	0.00351	0.00358
8	0.07664	0.00584	0.02476	0.00597	0.00746	0.00600	0.02533	0.08951	0.23536	0.03521	0.19839	0.14552	0.01650	0.03674	0.00420	0.00125	0.00263	0.05120	0.02732	0.00417
9	0.00859	0.00833	0.01384	0.04275	0.81770	0.02635	0.01049	0.01062	0.00788	0.01116	0.00646	0.00852	0.00543	0.00310	0.00341	0.00103	0.00416	0.00306	0.00171	0.00540
10	0.02101	0.03276	0.01328	0.01396	0.31834	0.19417	0.15815	0.02574	0.00842	0.09725	0.00686	0.00831	0.00540	0.00354	0.00410	0.00106	0.07770	0.00306	0.00201	0.00487
11	0.51951	0.20685	0.05330	0.00592	0.00841	0.09765	0.02791	0.02755	0.00689	0.01287	0.00506	0.00590	0.00409	0.00320	0.00240	0.00098	0.00351	0.00202	0.00193	0.00406
12	0.00746	0.00710	0.01177	0.37562	0.42861	0.01616	0.00963	0.00949	0.00735	0.01001	0.00704	0.06065	0.00612	0.00377	0.00368	0.00111	0.02468	0.00347	0.00172	0.00457
13	0.00458	0.00349	0.00424	0.00433	0.00499	0.00341	0.00311	0.00537	0.00655	0.00848	0.03751	0.10441	0.32886	0.19961	0.24209	0.00286	0.00420	0.02649	0.00261	0.00279
14	0.00555	0.00415	0.00582	0.00565	0.00642	0.00475	0.00438	0.06486	0.02122	0.00925	0.03445	0.03431	0.00962	0.04421	0.72298	0.00488	0.00822	0.00392	0.00209	0.00329
15	0.00438	0.00315	0.00417	0.00478	0.00513	0.00294	0.00332	0.00521	0.00723	0.00974	0.15747	0.67576	0.04345	0.01009	0.00436	0.00135	0.00199	0.04925	0.00330	0.00290
16	0.03203	0.00728	0.01203	0.29849	0.42307	0.00783	0.04823	0.03205	0.02783	0.02585	0.01720	0.00924	0.00576	0.00337	0.00340	0.00107	0.00413	0.00316	0.03322	0.00476
17	0.00761	0.00768	0.01068	0.00911	0.00922	0.02441	0.02521	0.00843	0.00550	0.00847	0.01852	0.00787	0.00501	0.00596	0.01093	0.00149	0.82548	0.00309	0.00156	0.00379
18	0.01290	0.01646	0.00979	0.00890	0.01068	0.86472	0.00667	0.01379	0.00979	0.00845	0.00534	0.00623	0.00445	0.00356	0.00311	0.00089	0.00623	0.00222	0.00178	0.00400
19	0.00991	0.00748	0.00877	0.00715	0.00932	0.00804	0.05291	0.36999	0.19987	0.05560	0.10349	0.01476	0.08042	0.00511	0.00366	0.00111	0.00318	0.03699	0.01719	0.00504
20	0.00443	0.00323	0.00395	0.00442	0.00481	0.00300	0.00299	0.00503	0.00666	0.00865	0.03280	0.48192	0.18558	0.18471	0.00701	0.00175	0.00228	0.05109	0.00299	0.00271
21	0.01008	0.00880	0.04027	0.00868	0.03329	0.07270	0.12820	0.23864	0.17813	0.08383	0.08714	0.01167	0.03139	0.00446	0.00398	0.00111	0.04588	0.00374	0.00297	0.00502
22	0.00747	0.24135	0.61965	0.00868	0.01312	0.00936	0.01074	0.01067	0.00729	0.01029	0.02808	0.00732	0.00513	0.00330	0.00303	0.00100	0.00465	0.00247	0.00153	0.00488
23	0.03006	0.56017	0.15386	0.00650	0.00959	0.04102	0.00669	0.01034	0.00716	0.03289	0.00593	0.02999	0.00528	0.02665	0.00295	0.00089	0.00384	0.00233	0.00168	0.06217
24	0.00469	0.00357	0.00394	0.00385	0.00495	0.00307	0.00289	0.00573	0.00831	0.04141	0.21634	0.07369	0.59872	0.00831	0.00408	0.00116	0.00178	0.00705	0.00338	0.00310
25	0.00705	0.00602	0.00704	0.00510	0.00806	0.00453	0.00406	0.00854	0.00714	0.01116	0.00665	0.04164	0.00582	0.00289	0.00263	0.00055	0.00254	0.00236	0.00209	0.86413
26	0.00429	0.00350	0.00375	0.00369	0.00474	0.00300	0.00274	0.00529	0.00818	0.01021	0.20934	0.03128	0.65032	0.03886	0.00455	0.00123	0.00178	0.00699	0.00330	0.00296
27	0.00898	0.00488	0.00623	0.00530	0.00689	0.00461	0.00417	0.05784	0.06504	0.28404	0.48422	0.01950	0.02198	0.00585	0.00381	0.00108	0.00224	0.00503	0.00392	0.00439
28	0.00419	0.00348	0.00364	0.00364	0.00471	0.00296	0.00270	0.00512	0.00795	0.00971	0.11853	0.06399	0.71837	0.03018	0.00443	0.00122	0.00179	0.00722	0.00324	0.00293
29	0.00589	0.00377	0.00451	0.00432	0.00540	0.00335	0.00324	0.00695	0.00827	0.11870	0.23007	0.11059	0.36374	0.07218	0.00506	0.00134	0.00208	0.04381	0.00341	0.00332
30	0.00466	0.00321	0.00394	0.00435	0.00447	0.00312	0.00274	0.00500	0.00588	0.00782	0.01499	0.42525	0.01766	0.43947	0.01093	0.00237	0.00271	0.03632	0.00266	0.00247
31	0.00837	0.00803	0.01370	0.09492	0.78470	0.00816	0.01051	0.01045	0.00778	0.01107	0.00647	0.00861	0.00540	0.00311	0.00342	0.00104	0.00415	0.00308	0.00169	0.00533
32	0.04432	0.00578	0.00774	0.00600	0.00855	0.00507	0.00494	0.01606	0.00975	0.78617	0.05845	0.01231	0.00968	0.00439	0.00346	0.00107	0.00286	0.00357	0.00418	0.00567
33	0.01335	0.00406	0.00563	0.00653	0.05205	0.00399	0.00499	0.00742	0.00761	0.05915	0.01665	0.21199	0.01786	0.02513	0.02202	0.00155	0.00298	0.47115	0.06252	0.00336
34	0.80795	0.03095	0.00580	0.00493	0.00706	0.07629	0.00403	0.01045	0.00622	0.01474	0.00485	0.00566	0.00382	0.00323	0.00222	0.00105	0.00298	0.00190	0.00209	0.00378
35	0.06907	0.00367	0.00408	0.00408	0.00501	0.00339	0.00300	0.00584	0.00804	0.01104	0.29037	0.14639	0.36877	0.04598	0.00458	0.00127	0.00190	0.01722	0.00327	0.00304
36	0.00680	0.00805	0.16626	0.00780	0.01006	0.00629	0.14989	0.00979	0.10053	0.03171	0.19152	0.08106	0.04892	0.00523	0.00428	0.00113	0.07012	0.00458	0.04378	0.05218
37	0.01232	0.00965	0.05537	0.00772	0.01048	0.02808	0.00658	0.64188	0.07200	0.06632	0.00886	0.00881	0.00630	0.00410	0.00340	0.00103	0.00372	0.00312	0.02894	0.02132
38	0.00892	0.81751	0.03308	0.00593	0.00877	0.01298	0.00589	0.01006	0.00700	0.00822	0.00559	0.05225	0.00542	0.00338	0.00235	0.00078	0.00363	0.00229	0.00157	0.00436
39	0.00722	0.00727	0.01312	0.05975	0.19397	0.02306	0.30610	0.00907	0.00736	0.01007	0.00943	0.18818	0.00936	0.03086	0.00507	0.00129	0.08796	0.02463	0.00205	0.00420
40	0.00704	0.08112	0.68981	0.02832	0.05931	0.00818	0.01157	0.01052	0.00726	0.01059	0.00677	0.05193	0.00539	0.00364	0.00327	0.00108	0.00478	0.00291	0.00157	0.00493
41	0.00446	0.00376	0.00427	0.00475	0.05057	0.00328	0.00331	0.00545	0.00786	0.00961	0.05458	0.07791	0.68176	0.00857	0.00411	0.00120	0.00199	0.06634	0.00314	0.00308
42	0.00537	0.00395	0.00554	0.00614	0.05159	0.00385	0.01713	0.00666	0.00796	0.02423	0.23857	0.26710	0.05222	0.02123	0.00462	0.00135	0.02104	0.23091	0.02726	0.00327
43	0.00757	0.00851	0.06651	0.01161	0.01448	0.00755	0.55106	0.06966	0.00842	0.01137	0.01052	0.15281	0.05371	0.00464	0.00404	0.00119	0.00479	0.00503	0.00217	0.00438
44	0.00571	0.00392	0.00509	0.00553	0.00623	0.00385	0.00422	0.05151	0.03258	0.04723	0.02663	0.49313	0.03703	0.00954	0.00439	0.00141	0.00250	0.25290	0.00327	0.00330
45	0.00491	0.00369	0.00432	0.00411	0.00515	0.00332	0.00310	0.00646	0.03392	0.03191	0.46550	0.02822	0.37750	0.00764	0.00405	0.00112	0.00174	0.00655	0.00356	0.00324
46	0.42867	0.00560	0.00548	0.00476	0.00667	0.00589	0.00383	0.01135	0.01861	0.24042	0.00933	0.05546	0.00715	0.00408	0.00269	0.00104	0.00250	0.00302	0.17927	0.00418
47	0.43583	0.00651	0.00614	0.00549	0.00735	0.00742	0.00438	0.03580	0.25551	0.03400	0.07783	0.03439	0.04190	0.00451	0.00318	0.00113	0.02820	0.00336	0.00282	0.00426
48	0.02547	0.12393	0.35716	0.00860	0.01203	0.13251	0.05558	0.08606	0.05140	0.03702	0.03912	0.00874	0.02365	0.00374	0.00338	0.00103	0.02089	0.00288	0.00203	0.00478

[dist]
# distance from previous block
# <min> <max>
1	4

[block]
# block no. 5 follows, 81 sequences, length 13
# corresponding to MSA columns:
# 729-741
name=unknown_F
#
# <colnr> <probs for GDERKNQSTAVLIFYWHMCP>
#	G	D	E	R	K	N	Q	S	T	A	V	L	I	F	Y	W	H	M	C	P
0	0.00685	0.00663	0.01247	0.04450	0.11184	0.00645	0.34106	0.00881	0.00784	0.01057	0.07189	0.05236	0.06635	0.00575	0.00470	0.04114	0.02294	0.17156	0.00231	0.00398
1	0.01096	0.24681	0.06527	0.00866	0.11556	0.09649	0.00677	0.14806	0.02299	0.17929	0.04640	0.00927	0.02125	0.00382	0.00311	0.00096	0.00382	0.00293	0.00258	0.00502
2	0.00958	0.06906	0.06856	0.08181	0.12830	0.05105	0.04780	0.04441	0.04550	0.22577	0.01328	0.06186	0.12851	0.00480	0.00352	0.00108	0.00356	0.00408	0.00276	0.00472
3	0.00556	0.00383	0.00440	0.00436	0.00467	0.00387	0.00283	0.06141	0.00624	0.00826	0.01258	0.05749	0.03959	0.66547	0.01432	0.00286	0.00326	0.09410	0.00238	0.00252
4	0.11109	0.00587	0.00705	0.00588	0.00789	0.00583	0.00470	0.11618	0.06410	0.38174	0.10532	0.10317	0.01197	0.00623	0.04585	0.00133	0.00307	0.00426	0.00360	0.00486
5	0.04788	0.00540	0.00668	0.00521	0.00752	0.00448	0.03653	0.00907	0.00805	0.13747	0.13244	0.01527	0.16529	0.00463	0.00323	0.00085	0.00247	0.00388	0.00283	0.40084
6	0.01128	0.01061	0.00870	0.00744	0.00940	0.30063	0.00581	0.33420	0.08910	0.01468	0.00887	0.06654	0.00729	0.00443	0.00329	0.00100	0.00416	0.00334	0.10455	0.00469
7	0.00471	0.00343	0.00425	0.00459	0.00506	0.00317	0.00314	0.00533	0.00647	0.00862	0.01746	0.46154	0.09111	0.22686	0.00758	0.00183	0.00245	0.07695	0.00285	0.06261
8	0.00647	0.06335	0.55144	0.00877	0.04943	0.00706	0.00980	0.00941	0.00728	0.01046	0.04732	0.14829	0.03359	0.00538	0.02589	0.00124	0.00434	0.00403	0.00192	0.00451
9	0.00728	0.10450	0.61050	0.00880	0.01292	0.00835	0.01058	0.01100	0.06363	0.02570	0.02734	0.04661	0.00636	0.00389	0.00357	0.00109	0.03820	0.00302	0.00178	0.00488
10	0.05376	0.00467	0.00535	0.00456	0.00615	0.00453	0.00362	0.06679	0.00870	0.27906	0.04327	0.01235	0.00920	0.00419	0.00287	0.00093	0.00223	0.00334	0.48019	0.00426
11	0.02482	0.00681	0.00997	0.00799	0.00976	0.00735	0.14099	0.10650	0.05514	0.19605	0.06332	0.06018	0.06737	0.00591	0.03053	0.00134	0.19435	0.00422	0.00286	0.00454
12	0.00880	0.00960	0.09704	0.13349	0.42890	0.10994	0.00934	0.03812	0.04161	0.03749	0.02756	0.00949	0.02622	0.00357	0.00341	0.00105	0.00431	0.00314	0.00196	0.00495

[dist]
# distance from previous block
# <min> <max>
0	2

[block]
# block no. 6 follows, 81 sequences, length 21
# corresponding to MSA columns:
# 744-764
name=unknown_G
#
# <colnr> <probs for GDERKNQSTAVLIFYWHMCP>
#	G	D	E	R	K	N	Q	S	T	A	V	L	I	F	Y	W	H	M	C	P
0	0.00768	0.00564	0.07635	0.00609	0.00743	0.01555	0.01560	0.02361	0.00766	0.20665	0.04756	0.40960	0.01555	0.00882	0.05707	0.00154	0.05867	0.02193	0.00311	0.00390
1	0.27306	0.05003	0.05604	0.01879	0.10796	0.22108	0.16026	0.02934	0.00784	0.01174	0.00569	0.00702	0.00453	0.00332	0.00326	0.00104	0.03020	0.00261	0.00187	0.00432
2	0.00480	0.00368	0.00418	0.00402	0.00510	0.00328	0.00303	0.00625	0.03519	0.03124	0.34727	0.04500	0.47868	0.00791	0.00405	0.00114	0.00177	0.00674	0.00347	0.00320
3	0.00540	0.00404	0.00516	0.00493	0.00519	0.00456	0.00344	0.01500	0.00561	0.00785	0.04970	0.01858	0.02791	0.48122	0.22586	0.00346	0.11313	0.00451	0.01176	0.00267
4	0.00909	0.00743	0.00792	0.00702	0.00904	0.00850	0.00549	0.04894	0.77955	0.05524	0.01383	0.01266	0.01028	0.00465	0.00351	0.00116	0.00278	0.00386	0.00355	0.00550
5	0.00803	0.00864	0.01820	0.07156	0.03777	0.00830	0.69351	0.01075	0.00799	0.02166	0.00723	0.00951	0.00546	0.00308	0.00402	0.00114	0.01820	0.00391	0.05650	0.00454
6	0.00782	0.00938	0.10893	0.08257	0.08571	0.08945	0.26961	0.01070	0.08097	0.01051	0.00902	0.08917	0.00812	0.00462	0.00425	0.00119	0.05632	0.06520	0.00207	0.00439
7	0.05224	0.08033	0.01883	0.05110	0.03978	0.00903	0.67518	0.01085	0.00789	0.01095	0.00665	0.00880	0.00508	0.00296	0.00378	0.00112	0.00539	0.00371	0.00173	0.00458
8	0.01509	0.05581	0.00864	0.00617	0.00886	0.00569	0.00516	0.03463	0.00986	0.79256	0.01301	0.01133	0.00826	0.00420	0.00340	0.00105	0.00300	0.00337	0.00410	0.00580
9	0.00435	0.00302	0.00396	0.00471	0.00495	0.00283	0.00316	0.00501	0.00665	0.00907	0.01857	0.82358	0.02199	0.01041	0.00429	0.00137	0.00198	0.00942	0.05786	0.00283
10	0.00811	0.07435	0.36983	0.10674	0.13480	0.07933	0.03734	0.01079	0.01633	0.05144	0.00686	0.00881	0.00541	0.05364	0.02087	0.00127	0.00477	0.00288	0.00174	0.00469
11	0.00522	0.00368	0.00530	0.00524	0.00564	0.00420	0.00388	0.00581	0.00529	0.00750	0.00882	0.01428	0.00868	0.15733	0.56487	0.14575	0.04020	0.00377	0.00182	0.00271
12	0.00431	0.00340	0.00384	0.00407	0.00489	0.00300	0.00296	0.00516	0.00752	0.00940	0.07901	0.23938	0.49972	0.05877	0.00498	0.00137	0.00199	0.06017	0.00318	0.00288
13	0.63567	0.00771	0.00636	0.00555	0.00758	0.08841	0.00450	0.03965	0.02783	0.08725	0.00595	0.00659	0.00451	0.00357	0.00299	0.00108	0.05620	0.00221	0.00233	0.00407
14	0.04546	0.02550	0.00982	0.00898	0.10360	0.17920	0.00650	0.27226	0.08957	0.17476	0.00880	0.00889	0.00639	0.00398	0.00352	0.00103	0.02757	0.00300	0.01597	0.00522
15	0.00773	0.00730	0.01226	0.40914	0.45574	0.00802	0.01004	0.02980	0.00763	0.01041	0.00638	0.00885	0.00509	0.00328	0.00344	0.00108	0.00433	0.00308	0.00167	0.00473
16	0.05627	0.00388	0.00501	0.07810	0.00688	0.00383	0.00385	0.00667	0.00832	0.03175	0.42953	0.20968	0.08234	0.02871	0.00432	0.00124	0.00215	0.03093	0.00329	0.00324
17	0.00770	0.00712	0.01169	0.21632	0.51964	0.00748	0.00915	0.03581	0.00784	0.01085	0.04902	0.01110	0.03327	0.05346	0.00429	0.00120	0.00397	0.00347	0.00189	0.00472
18	0.00778	0.00632	0.00987	0.12254	0.02715	0.00643	0.17054	0.03534	0.13001	0.09247	0.08597	0.04024	0.07393	0.00526	0.00396	0.00117	0.01892	0.10570	0.00278	0.05363
19	0.06692	0.02856	0.01055	0.12157	0.15078	0.12105	0.11787	0.03518	0.03951	0.02495	0.07059	0.01334	0.05233	0.00437	0.00351	0.00107	0.00403	0.07259	0.00226	0.05899
20	0.04236	0.00672	0.01075	0.56886	0.11131	0.00780	0.05548	0.04694	0.05564	0.01057	0.03180	0.00963	0.00593	0.00357	0.00344	0.00112	0.00428	0.00321	0.00186	0.01875

[dist]
# distance from previous block
# <min> <max>
5	22

[block]
# block no. 7 follows, 81 sequences, length 18
# corresponding to MSA columns:
# 787-804
name=unknown_H
#
# <colnr> <probs for GDERKNQSTAVLIFYWHMCP>
#	G	D	E	R	K	N	Q	S	T	A	V	L	I	F	Y	W	H	M	C	P
0	0.00676	0.00614	0.07334	0.00697	0.03394	0.00535	0.08416	0.06172	0.04808	0.06625	0.11461	0.15056	0.17690	0.00771	0.04211	0.01949	0.03466	0.05447	0.00290	0.00388
1	0.02041	0.20363	0.21866	0.00913	0.01219	0.02101	0.18944	0.08909	0.02785	0.02394	0.00747	0.08000	0.00647	0.00410	0.00394	0.00108	0.07153	0.00345	0.00197	0.00463
2	0.00717	0.05553	0.64087	0.01032	0.05543	0.00817	0.09012	0.01089	0.03302	0.01088	0.00762	0.00868	0.03900	0.00349	0.00335	0.00109	0.00485	0.00292	0.00163	0.00497
3	0.18634	0.00544	0.00647	0.00540	0.00743	0.00516	0.00435	0.01264	0.00838	0.47268	0.04060	0.01532	0.06326	0.08723	0.00469	0.00133	0.00283	0.06232	0.00349	0.00464
