[name]
unknown

[dist]
# distance from previous block
# <min> <max>
0	221

[block]
# block no. 0 follows, 83 sequences, length 15
# corresponding to MSA columns:
# 338-352
name=unknown_A
#
# <colnr> <probs for GDERKNQSTAVLIFYWHMCP>
#	G	D	E	R	K	N	Q	S	T	A	V	L	I	F	Y	W	H	M	C	P
0	0.00877	0.16745	0.05723	0.29264	0.06334	0.09128	0.00750	0.10085	0.02243	0.06625	0.02457	0.02427	0.03128	0.00391	0.00320	0.00102	0.00407	0.02350	0.00209	0.00435
1	0.00731	0.02948	0.15226	0.01428	0.04601	0.00598	0.03032	0.04334	0.01472	0.05214	0.04695	0.01030	0.00737	0.08143	0.07190	0.00142	0.04961	0.00298	0.02843	0.30377
2	0.03077	0.22703	0.32556	0.00781	0.01110	0.11028	0.03531	0.02874	0.03606	0.07379	0.03551	0.02533	0.02331	0.00370	0.00310	0.00098	0.01228	0.00281	0.00196	0.00459
3	0.00553	0.00315	0.00458	0.00458	0.00472	0.00329	0.00315	0.00486	0.00472	0.00643	0.00719	0.01236	0.00723	0.11376	0.21778	0.58536	0.00445	0.00333	0.00162	0.00191
4	0.06589	0.17937	0.09435	0.03100	0.13200	0.02004	0.00700	0.17981	0.00955	0.23707	0.00809	0.00828	0.00580	0.00356	0.00305	0.00097	0.00364	0.00276	0.00264	0.00515
5	0.00935	0.81538	0.01716	0.00595	0.00883	0.01318	0.00585	0.07504	0.00758	0.00901	0.00497	0.00564	0.00446	0.00299	0.00227	0.00075	0.00363	0.00191	0.00160	0.00446
6	0.00448	0.00340	0.00414	0.00411	0.00494	0.00305	0.00305	0.00573	0.00858	0.01153	0.48258	0.13922	0.27914	0.00796	0.00406	0.00114	0.00171	0.02468	0.00346	0.00304
7	0.00753	0.06866	0.24923	0.00839	0.06827	0.00774	0.03564	0.03284	0.28264	0.02270	0.12321	0.02275	0.02903	0.00441	0.00356	0.00108	0.02129	0.00368	0.00256	0.00477
8	0.00682	0.00588	0.00705	0.06355	0.00888	0.00463	0.00430	0.00835	0.00704	0.01078	0.00751	0.00851	0.04989	0.00289	0.00265	0.00058	0.00260	0.00235	0.00203	0.79372
9	0.00444	0.00345	0.00407	0.00424	0.00503	0.00314	0.00310	0.00572	0.03586	0.01030	0.23151	0.27684	0.34840	0.00866	0.00410	0.00121	0.00185	0.04176	0.00330	0.00300
10	0.00777	0.06113	0.07325	0.00613	0.03704	0.00571	0.00514	0.04972	0.00757	0.06042	0.00722	0.00814	0.02323	0.00401	0.04447	0.00088	0.00320	0.00238	0.00213	0.59048
11	0.00598	0.00611	0.02503	0.00847	0.01043	0.00554	0.34186	0.00779	0.02109	0.00988	0.01642	0.23920	0.21199	0.00630	0.00415	0.00118	0.02305	0.00605	0.00245	0.04702
12	0.03047	0.30706	0.16056	0.05296	0.02490	0.13655	0.02018	0.04926	0.04996	0.03171	0.02086	0.03653	0.00613	0.01363	0.03586	0.00113	0.01323	0.00275	0.00189	0.00437
13	0.02768	0.38030	0.22453	0.00768	0.05115	0.01009	0.00751	0.03592	0.14580	0.01047	0.00760	0.02976	0.00645	0.00375	0.00289	0.00096	0.00375	0.03707	0.00196	0.00466
14	0.61729	0.07163	0.06598	0.00538	0.00781	0.02236	0.00479	0.08221	0.03633	0.01456	0.00548	0.00616	0.00424	0.00324	0.00237	0.00100	0.00301	0.00207	0.00215	0.04194

[dist]
# distance from previous block
# <min> <max>
1	27

[block]
# block no. 1 follows, 83 sequences, length 26
# corresponding to MSA columns:
# 380-405
name=unknown_B
#
# <colnr> <probs for GDERKNQSTAVLIFYWHMCP>
#	G	D	E	R	K	N	Q	S	T	A	V	L	I	F	Y	W	H	M	C	P
0	0.07790	0.13919	0.04741	0.02568	0.00982	0.26672	0.05130	0.06079	0.02581	0.04657	0.01873	0.03471	0.00637	0.02396	0.02536	0.00113	0.05725	0.02475	0.00206	0.05448
1	0.00798	0.00858	0.18912	0.00676	0.01006	0.00562	0.06186	0.02173	0.01728	0.10888	0.04412	0.00858	0.00650	0.00311	0.00295	0.00077	0.00327	0.00262	0.00223	0.48799
2	0.00534	0.00345	0.00446	0.00460	0.00533	0.00314	0.00335	0.00637	0.00792	0.08456	0.27609	0.40382	0.12556	0.00863	0.00412	0.00123	0.00195	0.04347	0.00341	0.00318
3	0.00744	0.00383	0.00474	0.00424	0.00541	0.00355	0.00328	0.00897	0.00876	0.18663	0.39466	0.01814	0.01915	0.00534	0.00332	0.00097	0.00185	0.00455	0.31146	0.00371
4	0.00920	0.00756	0.02736	0.07694	0.09497	0.00729	0.26054	0.07084	0.07016	0.15707	0.03670	0.01071	0.00733	0.00374	0.00379	0.00106	0.03227	0.02713	0.00248	0.09283
5	0.00400	0.00343	0.00343	0.00343	0.00458	0.00286	0.00257	0.00486	0.00772	0.00915	0.03432	0.03260	0.85844	0.00858	0.00400	0.00114	0.00172	0.00715	0.00315	0.00286
6	0.00940	0.01434	0.04390	0.00595	0.00771	0.00452	0.02874	0.02304	0.00837	0.36595	0.02305	0.19738	0.08008	0.02025	0.00408	0.00125	0.00283	0.15143	0.00344	0.00429
7	0.00505	0.00387	0.00561	0.00553	0.00619	0.00451	0.00431	0.00663	0.04253	0.00839	0.04612	0.01367	0.00948	0.02325	0.77291	0.00498	0.02812	0.00373	0.00196	0.00315
8	0.02993	0.07455	0.00961	0.00708	0.00956	0.00947	0.00582	0.43530	0.26526	0.06403	0.00969	0.00936	0.00709	0.00405	0.00325	0.00101	0.00328	0.00314	0.00322	0.04527
9	0.02550	0.27400	0.42348	0.00782	0.01895	0.01784	0.01801	0.02804	0.00732	0.03174	0.00625	0.01665	0.01222	0.00322	0.00285	0.00091	0.00416	0.00240	0.00166	0.09700
10	0.01979	0.15982	0.31567	0.04670	0.24151	0.02387	0.07112	0.01068	0.00748	0.04740	0.02170	0.00789	0.00533	0.00320	0.00315	0.00100	0.00437	0.00275	0.00170	0.00487
11	0.00490	0.00346	0.00461	0.00461	0.00494	0.00378	0.00321	0.00557	0.00524	0.00735	0.00984	0.01734	0.01023	0.41514	0.46496	0.00438	0.00631	0.00421	0.01735	0.00258
12	0.02363	0.00818	0.03131	0.15271	0.39387	0.06950	0.02165	0.08987	0.04150	0.07270	0.00822	0.03873	0.02563	0.00375	0.00338	0.00105	0.00399	0.00332	0.00215	0.00488
13	0.00824	0.41447	0.20986	0.02936	0.03904	0.01040	0.10778	0.04661	0.03795	0.00994	0.00657	0.03197	0.00564	0.00348	0.00292	0.00094	0.00413	0.02443	0.00173	0.00456
14	0.00861	0.00445	0.00575	0.00501	0.00650	0.00405	0.00390	0.02023	0.04275	0.31585	0.35337	0.10871	0.09400	0.00635	0.00379	0.00110	0.00217	0.00548	0.00377	0.00415
15	0.00543	0.00406	0.00522	0.00537	0.00607	0.00432	0.00418	0.00743	0.10144	0.00949	0.07188	0.04838	0.04603	0.18928	0.20152	0.00268	0.01494	0.26648	0.00267	0.00313
16	0.30386	0.29267	0.01057	0.00593	0.00836	0.05681	0.00520	0.17145	0.00860	0.06130	0.00646	0.00778	0.00528	0.00359	0.00261	0.00095	0.00339	0.03851	0.00228	0.00440
17	0.00474	0.00359	0.00504	0.00519	0.00581	0.00394	0.00395	0.00604	0.02804	0.00836	0.01352	0.17564	0.08852	0.02013	0.58146	0.00407	0.00675	0.02994	0.00226	0.00302
18	0.00633	0.00362	0.00458	0.00459	0.00515	0.00346	0.00316	0.00691	0.00639	0.13838	0.01389	0.27589	0.01493	0.36805	0.04677	0.00228	0.00302	0.06189	0.02773	0.00297
19	0.00630	0.00586	0.00982	0.77931	0.04908	0.00719	0.00897	0.00845	0.00684	0.00883	0.02358	0.05812	0.00609	0.00385	0.00345	0.00114	0.00430	0.00344	0.00165	0.00375
20	0.05595	0.00602	0.00791	0.04333	0.00926	0.00557	0.00518	0.04772	0.04609	0.71718	0.01246	0.01106	0.00798	0.00412	0.00335	0.00105	0.00296	0.00332	0.00392	0.00556
21	0.00439	0.00326	0.00407	0.00426	0.00488	0.00296	0.00303	0.00542	0.00795	0.01070	0.35965	0.35182	0.19120	0.02507	0.00437	0.00124	0.00179	0.00764	0.00336	0.00294
22	0.00498	0.00360	0.00468	0.00515	0.00580	0.00348	0.00398	0.00643	0.04406	0.01998	0.12918	0.35015	0.09368	0.02454	0.00455	0.00140	0.00235	0.28571	0.00322	0.00308
23	0.00989	0.00782	0.04246	0.02040	0.21470	0.00736	0.18538	0.15423	0.02187	0.18522	0.02407	0.05781	0.04451	0.00415	0.00360	0.00108	0.00387	0.00389	0.00268	0.00503
24	0.00999	0.00754	0.01009	0.10191	0.17979	0.03513	0.05076	0.25122	0.04442	0.13061	0.03064	0.06762	0.02339	0.00439	0.00354	0.00107	0.01024	0.01103	0.02170	0.00493
25	0.19175	0.13813	0.06365	0.03224	0.15139	0.28946	0.04979	0.01118	0.00774	0.01041	0.00566	0.02369	0.00478	0.00334	0.00287	0.00095	0.00448	0.00248	0.00176	0.00425

[dist]
# distance from previous block
# <min> <max>
0	12

[block]
# block no. 2 follows, 83 sequences, length 21
# corresponding to MSA columns:
# 418-438
name=unknown_C
#
# <colnr> <probs for GDERKNQSTAVLIFYWHMCP>
#	G	D	E	R	K	N	Q	S	T	A	V	L	I	F	Y	W	H	M	C	P
0	0.00679	0.01752	0.86340	0.00966	0.01466	0.00787	0.01252	0.01073	0.00715	0.01073	0.00608	0.00715	0.00429	0.00322	0.00322	0.00107	0.00501	0.00250	0.00143	0.00501
1	0.00601	0.00507	0.00781	0.11216	0.22647	0.00540	0.00615	0.00740	0.00687	0.00953	0.08345	0.11391	0.02942	0.10134	0.14179	0.00208	0.03703	0.07858	0.01587	0.00363
2	0.01269	0.00940	0.01006	0.00776	0.01043	0.01042	0.00639	0.81365	0.05110	0.02105	0.00837	0.00832	0.00595	0.00409	0.00339	0.00102	0.00368	0.00308	0.00339	0.00574
3	0.00756	0.08359	0.49478	0.00815	0.01204	0.02479	0.04038	0.01040	0.00745	0.06991	0.04000	0.03869	0.01638	0.00362	0.00315	0.00097	0.00417	0.00293	0.00189	0.12916
4	0.00640	0.00602	0.01016	0.87281	0.02333	0.00753	0.00941	0.00866	0.00677	0.00866	0.00602	0.00903	0.00452	0.00339	0.00339	0.00113	0.00452	0.00301	0.00151	0.00376
5	0.04408	0.00540	0.00710	0.00564	0.00789	0.00483	0.00459	0.01447	0.03277	0.65120	0.15188	0.01364	0.01216	0.00461	0.00344	0.00105	0.00263	0.00381	0.02362	0.00520
6	0.00454	0.00328	0.00442	0.00527	0.03498	0.00317	0.00346	0.00519	0.00635	0.00849	0.01652	0.61084	0.01941	0.14687	0.04299	0.00185	0.00264	0.07410	0.00286	0.00277
7	0.04433	0.03901	0.12852	0.07893	0.10749	0.04634	0.07626	0.01844	0.03213	0.21630	0.01852	0.02101	0.01352	0.04174	0.02357	0.01752	0.06617	0.00326	0.00237	0.00459
8	0.00449	0.00312	0.00406	0.00459	0.00500	0.00287	0.00315	0.00524	0.00704	0.03166	0.12023	0.68286	0.09340	0.00983	0.00423	0.00131	0.00192	0.00884	0.00324	0.00289
9	0.00853	0.00722	0.00750	0.00675	0.00860	0.03398	0.00524	0.01699	0.74195	0.04334	0.04784	0.03601	0.01129	0.00480	0.00348	0.00114	0.00273	0.00401	0.00342	0.00518
10	0.04183	0.05422	0.25755	0.04517	0.05907	0.01837	0.03290	0.16013	0.12076	0.14892	0.02279	0.00910	0.00654	0.00374	0.00327	0.00105	0.00388	0.00301	0.00257	0.00514
11	0.00866	0.33890	0.09074	0.04273	0.06770	0.04772	0.02898	0.01046	0.04320	0.06941	0.01689	0.04376	0.00614	0.00405	0.00427	0.00101	0.15276	0.00287	0.01538	0.00438
12	0.06213	0.00442	0.00546	0.00476	0.00630	0.00404	0.00376	0.01006	0.00872	0.31280	0.25536	0.05869	0.12977	0.00592	0.00356	0.00107	0.00219	0.02908	0.08787	0.00406
13	0.00493	0.00356	0.00390	0.00382	0.00496	0.00304	0.00286	0.00586	0.00789	0.07482	0.09388	0.11436	0.64742	0.00832	0.00399	0.00115	0.00182	0.00703	0.00327	0.00310
14	0.02975	0.15384	0.16542	0.13093	0.04426	0.08059	0.03467	0.10945	0.03259	0.10762	0.02088	0.01652	0.00593	0.00418	0.01465	0.03497	0.00417	0.00285	0.00216	0.00458
15	0.00530	0.00449	0.04126	0.00583	0.00682	0.00390	0.06119	0.01586	0.03053	0.03453	0.05568	0.45234	0.10048	0.00877	0.00421	0.00132	0.00258	0.15862	0.00304	0.00326
16	0.01209	0.01236	0.00861	0.00765	0.00943	0.56706	0.00582	0.04990	0.00967	0.15947	0.05342	0.06027	0.00775	0.00426	0.00325	0.00095	0.00488	0.00311	0.01585	0.00421
17	0.00946	0.00617	0.00742	0.00547	0.00834	0.00506	0.00442	0.05515	0.03086	0.22951	0.00822	0.00839	0.00606	0.00308	0.00281	0.00069	0.00267	0.00247	0.00268	0.60107
18	0.03124	0.00670	0.00821	0.00635	0.00895	0.03746	0.00522	0.13719	0.01052	0.69298	0.01215	0.01073	0.00777	0.00413	0.00337	0.00104	0.00312	0.00328	0.00395	0.00566
19	0.00889	0.03642	0.00889	0.00770	0.00854	0.34404	0.00600	0.00966	0.00700	0.00801	0.00630	0.03294	0.00617	0.10261	0.09457	0.00181	0.30210	0.00309	0.00173	0.00354
20	0.00513	0.00408	0.00555	0.00551	0.00614	0.03586	0.00426	0.00629	0.00558	0.00784	0.00898	0.01330	0.00843	0.04910	0.81148	0.00521	0.00880	0.00361	0.00182	0.00303

[dist]
# distance from previous block
# <min> <max>
0	4

[block]
# block no. 3 follows, 83 sequences, length 13
# corresponding to MSA columns:
# 443-455
name=unknown_D
#
# <colnr> <probs for GDERKNQSTAVLIFYWHMCP>
#	G	D	E	R	K	N	Q	S	T	A	V	L	I	F	Y	W	H	M	C	P
0	0.00846	0.00716	0.00767	0.00685	0.00872	0.00826	0.00535	0.07377	0.73348	0.01419	0.01305	0.01238	0.00989	0.00611	0.06768	0.00146	0.00323	0.00376	0.00332	0.00522
1	0.00594	0.00385	0.00478	0.00442	0.00553	0.00351	0.00338	0.00759	0.03856	0.11026	0.50579	0.04499	0.21763	0.00704	0.00393	0.00110	0.00185	0.02276	0.00361	0.00348
2	0.00592	0.00317	0.00484	0.06897	0.00582	0.00328	0.00342	0.00473	0.00459	0.00609	0.00589	0.01020	0.00578	0.01115	0.01251	0.83451	0.00306	0.00295	0.00147	0.00164
3	0.00814	0.00859	0.01089	0.03177	0.03295	0.20327	0.22125	0.00954	0.00764	0.03883	0.02289	0.17134	0.05888	0.00572	0.01822	0.00123	0.13824	0.00461	0.00215	0.00385
4	0.00500	0.00383	0.00559	0.00550	0.00601	0.00452	0.00423	0.00608	0.00538	0.00776	0.00894	0.01375	0.00857	0.10138	0.73856	0.00501	0.06140	0.00371	0.00182	0.00298
5	0.00640	0.00602	0.01016	0.87281	0.02333	0.00753	0.00941	0.00866	0.00677	0.00866	0.00602	0.00903	0.00452	0.00339	0.00339	0.00113	0.00452	0.00301	0.00151	0.00376
6	0.00767	0.00484	0.00717	0.30334	0.01204	0.00526	0.00568	0.00902	0.00695	0.19940	0.02914	0.02978	0.03807	0.16966	0.15522	0.00226	0.00450	0.00389	0.00240	0.00371
7	0.00825	0.12179	0.13695	0.04697	0.16669	0.08313	0.07327	0.06952	0.03710	0.03329	0.10465	0.06589	0.01875	0.00426	0.00345	0.00103	0.01463	0.00365	0.00220	0.00450
8	0.00542	0.00463	0.00475	0.00473	0.00581	0.03736	0.00349	0.00815	0.19110	0.01035	0.05683	0.23393	0.38216	0.00783	0.00388	0.00118	0.00215	0.00670	0.02613	0.00344
9	0.00428	0.00314	0.00392	0.00434	0.00485	0.00286	0.00302	0.00513	0.00729	0.00973	0.16984	0.53747	0.18772	0.00937	0.00415	0.00126	0.00184	0.00834	0.02857	0.00286
10	0.00780	0.00715	0.03273	0.07984	0.33477	0.01820	0.05004	0.11119	0.05466	0.01167	0.04931	0.06466	0.00941	0.10071	0.00508	0.00134	0.00372	0.05098	0.00227	0.00447
11	0.03377	0.03713	0.16308	0.02968	0.01037	0.03466	0.00703	0.18093	0.00952	0.29632	0.02403	0.00916	0.00650	0.00432	0.00452	0.01993	0.11820	0.00301	0.00282	0.00501
12	0.00464	0.00380	0.02731	0.00522	0.00578	0.00337	0.03288	0.02838	0.00687	0.00913	0.01811	0.69996	0.06186	0.04003	0.00470	0.00141	0.00230	0.03828	0.00302	0.00295

[dist]
# distance from previous block
# <min> <max>
3	17

[block]
# block no. 4 follows, 83 sequences, length 12
# corresponding to MSA columns:
# 473-484
name=unknown_E
#
# <colnr> <probs for GDERKNQSTAVLIFYWHMCP>
#	G	D	E	R	K	N	Q	S	T	A	V	L	I	F	Y	W	H	M	C	P
0	0.00421	0.00302	0.00392	0.00454	0.00484	0.00280	0.00306	0.00480	0.00664	0.00878	0.05530	0.71908	0.09906	0.03270	0.00485	0.02562	0.00199	0.00895	0.00310	0.00273
1	0.04164	0.05452	0.04686	0.11137	0.07025	0.15594	0.06020	0.02851	0.02654	0.05085	0.03220	0.02304	0.00653	0.00656	0.10650	0.02659	0.06724	0.00302	0.00197	0.07967
2	0.02020	0.22643	0.29911	0.03161	0.13122	0.02705	0.05586	0.04135	0.03015	0.05253	0.03659	0.00806	0.00590	0.00339	0.00318	0.00098	0.01704	0.00272	0.00185	0.00479
3	0.00679	0.01752	0.86340	0.00966	0.01466	0.00787	0.01252	0.01073	0.00715	0.01073	0.00608	0.00715	0.00429	0.00322	0.00322	0.00107	0.00501	0.00250	0.00143	0.00501
4	0.00431	0.00312	0.00403	0.00468	0.00502	0.00292	0.00326	0.00499	0.00664	0.00871	0.01959	0.64680	0.10412	0.06961	0.00521	0.00150	0.00215	0.09749	0.00307	0.00275
5	0.00926	0.20672	0.17105	0.08836	0.12820	0.11099	0.03994	0.04771	0.05129	0.08484	0.00693	0.00790	0.00534	0.00385	0.02278	0.00107	0.00441	0.00268	0.00196	0.00472
6	0.00556	0.00351	0.00490	0.00488	0.00523	0.00374	0.00350	0.03877	0.00552	0.00757	0.00886	0.07318	0.00907	0.12303	0.30346	0.36280	0.00504	0.02710	0.00190	0.00238
7	0.00472	0.00353	0.00420	0.00442	0.00518	0.00333	0.00325	0.00627	0.06065	0.01042	0.18098	0.31646	0.25269	0.00846	0.00402	0.00121	0.00193	0.06439	0.06082	0.00308
8	0.06245	0.22184	0.11485	0.02987	0.02991	0.25020	0.02005	0.07378	0.09747	0.04304	0.00669	0.00733	0.00526	0.00361	0.00310	0.01719	0.00436	0.00248	0.00204	0.00449
9	0.04159	0.08777	0.30323	0.04413	0.06970	0.07409	0.07077	0.02829	0.02940	0.08817	0.02146	0.00929	0.03968	0.00409	0.02302	0.00110	0.00432	0.00295	0.02249	0.03447
10	0.00470	0.00358	0.00425	0.00433	0.00512	0.00335	0.00321	0.00613	0.04718	0.01046	0.26965	0.14799	0.28884	0.09466	0.00540	0.00141	0.00206	0.09145	0.00322	0.00301
11	0.00891	0.00521	0.00599	0.00513	0.00697	0.00496	0.00406	0.06419	0.15157	0.28494	0.02246	0.02091	0.38823	0.00621	0.00368	0.00111	0.00238	0.00513	0.00355	0.00440

[dist]
# distance from previous block
# <min> <max>
4	71

[block]
# block no. 5 follows, 83 sequences, length 15
# corresponding to MSA columns:
# 556-570
name=unknown_F
#
# <colnr> <probs for GDERKNQSTAVLIFYWHMCP>
#	G	D	E	R	K	N	Q	S	T	A	V	L	I	F	Y	W	H	M	C	P
0	0.00838	0.00805	0.01375	0.02079	0.85982	0.00805	0.01040	0.01040	0.00771	0.01107	0.00637	0.00838	0.00537	0.00302	0.00335	0.00101	0.00402	0.00302	0.00168	0.00537
1	0.01246	0.01525	0.00954	0.00857	0.01039	0.76621	0.00648	0.07020	0.05249	0.00947	0.00586	0.00657	0.00476	0.00359	0.00310	0.00090	0.00578	0.00232	0.00194	0.00412
2	0.00484	0.00363	0.00544	0.00544	0.00605	0.00423	0.00423	0.00605	0.00544	0.00786	0.00907	0.01331	0.00847	0.02541	0.86753	0.00544	0.00907	0.00363	0.00181	0.00302
3	0.00800	0.00914	0.01999	0.01428	0.01770	0.00857	0.84752	0.01085	0.00800	0.01085	0.00685	0.00914	0.00514	0.00286	0.00400	0.00114	0.00571	0.00400	0.00171	0.00457
4	0.00438	0.00338	0.00399	0.00399	0.00484	0.00300	0.00293	0.00553	0.00839	0.01107	0.40202	0.14864	0.36939	0.00812	0.00405	0.00114	0.00170	0.00704	0.00341	0.00300
5	0.00684	0.00480	0.00514	0.00502	0.00527	0.12484	0.00345	0.00570	0.00514	0.00622	0.00579	0.00971	0.00567	0.01060	0.01180	0.77445	0.00339	0.00283	0.00151	0.00182
6	0.00867	0.00829	0.01085	0.01033	0.12947	0.06840	0.04312	0.14077	0.00773	0.01086	0.00570	0.00787	0.00499	0.00560	0.04265	0.00141	0.45024	0.00297	0.00187	0.03822
7	0.00756	0.00679	0.00916	0.00791	0.00844	0.00891	0.00651	0.12615	0.00676	0.00994	0.00608	0.00893	0.00560	0.01036	0.21639	0.00237	0.54333	0.00314	0.00183	0.00383
8	0.00655	0.00603	0.00969	0.70013	0.05070	0.00702	0.00852	0.00868	0.00685	0.00917	0.00615	0.00881	0.00471	0.00326	0.00324	0.00103	0.00415	0.00287	0.02201	0.13042
9	0.00692	0.00737	0.04292	0.29488	0.06787	0.02037	0.27527	0.02733	0.00756	0.00992	0.01073	0.03231	0.12582	0.00429	0.00401	0.00115	0.03941	0.01593	0.00191	0.00405
10	0.00698	0.00487	0.00662	0.00599	0.00698	0.00515	0.03624	0.03844	0.06066	0.11866	0.24328	0.22522	0.02931	0.02679	0.00528	0.00128	0.12539	0.04599	0.00315	0.00373
11	0.00414	0.00325	0.00375	0.00403	0.00476	0.00286	0.00287	0.00498	0.00745	0.00946	0.12268	0.36153	0.43784	0.00918	0.00413	0.00123	0.00180	0.00800	0.00321	0.00286
12	0.00572	0.00423	0.00509	0.00485	0.00586	0.00413	0.00370	0.12461	0.00944	0.01275	0.38170	0.19490	0.15783	0.00769	0.00402	0.00117	0.00209	0.06337	0.00343	0.00341
13	0.03649	0.14015	0.33183	0.02965	0.09758	0.00808	0.00824	0.07325	0.05011	0.03476	0.00753	0.02869	0.00645	0.12725	0.00508	0.00133	0.00403	0.00308	0.00193	0.00450
14	0.00680	0.00557	0.03892	0.03871	0.03020	0.07392	0.01906	0.03898	0.01817	0.05286	0.03044	0.25120	0.03799	0.00882	0.02543	0.25652	0.02601	0.03494	0.00237	0.00307

[dist]
# distance from previous block
# <min> <max>
4	16

[block]
# block no. 6 follows, 83 sequences, length 11
# corresponding to MSA columns:
# 587-597
name=unknown_G
#
# <colnr> <probs for GDERKNQSTAVLIFYWHMCP>
#	G	D	E	R	K	N	Q	S	T	A	V	L	I	F	Y	W	H	M	C	P
0	0.03881	0.07946	0.03608	0.06205	0.11133	0.02835	0.05429	0.25814	0.05431	0.06079	0.05828	0.02208	0.02203	0.00442	0.02141	0.00109	0.01890	0.00327	0.00258	0.06233
1	0.12338	0.04779	0.11046	0.16736	0.09966	0.02952	0.11056	0.09989	0.03563	0.02443	0.00762	0.06865	0.00646	0.00393	0.00327	0.00107	0.00399	0.02009	0.00209	0.03416
2	0.00728	0.06271	0.76617	0.00940	0.01409	0.06150	0.01179	0.01087	0.00729	0.01043	0.00596	0.00700	0.00430	0.00322	0.00315	0.00104	0.00500	0.00245	0.00145	0.00490
3	0.02219	0.00399	0.00572	0.05241	0.04149	0.00392	0.04342	0.00629	0.02828	0.02316	0.01626	0.54943	0.05810	0.05223	0.02887	0.00150	0.00271	0.03463	0.00282	0.02258
4	0.02638	0.11240	0.24071	0.04001	0.03007	0.01953	0.06045	0.06627	0.02209	0.03914	0.01657	0.00774	0.00528	0.00374	0.01727	0.00100	0.07832	0.00261	0.00190	0.20853
5	0.00466	0.00328	0.00383	0.00397	0.00425	0.00317	0.00252	0.00504	0.00592	0.00779	0.05981	0.16823	0.13959	0.51362	0.03931	0.00256	0.00292	0.02460	0.00250	0.00240
6	0.00541	0.00424	0.00482	0.00490	0.00584	0.00430	0.00364	0.00834	0.20915	0.01050	0.06477	0.25707	0.22686	0.06213	0.00478	0.00136	0.00222	0.07953	0.03669	0.00343
7	0.04366	0.09477	0.21883	0.00866	0.04960	0.04515	0.07329	0.12276	0.07626	0.10245	0.00893	0.01084	0.02406	0.00415	0.00367	0.00108	0.04300	0.06167	0.00238	0.00480
8	0.00798	0.08706	0.19723	0.07206	0.10426	0.03699	0.04466	0.04683	0.09348	0.07125	0.05547	0.04679	0.04057	0.00489	0.01760	0.00116	0.00388	0.06097	0.00235	0.00453
9	0.00615	0.00465	0.00562	0.00558	0.00662	0.02288	0.00462	0.05737	0.02394	0.03946	0.14012	0.02886	0.20545	0.00782	0.00461	0.00130	0.05674	0.35407	0.02071	0.00341
10	0.00422	0.00311	0.00378	0.00425	0.00465	0.00286	0.00284	0.00478	0.00655	0.00845	0.02121	0.54642	0.22107	0.14192	0.00620	0.00161	0.00211	0.00832	0.00298	0.00267

[dist]
# distance from previous block
# <min> <max>
2	8

[block]
# block no. 7 follows, 83 sequences, length 15
# corresponding to MSA columns:
# 606-620
name=unknown_H
#
# <colnr> <probs for GDERKNQSTAVLIFYWHMCP>
#	G	D	E	R	K	N	Q	S	T	A	V	L	I	F	Y	W	H	M	C	P
0	0.00481	0.00376	0.00526	0.00519	0.00585	0.00425	0.00402	0.00590	0.00584	0.00808	0.01355	0.01682	0.16493	0.04404	0.64527	0.00441	0.04870	0.00428	0.00205	0.00300
1	0.00722	0.00716	0.01034	0.16801	0.01155	0.00985	0.00778	0.00824	0.00548	0.00824	0.00474	0.00771	0.00446	0.00546	0.00969	0.00142	0.71447	0.00297	0.00149	0.00372
2	0.00989	0.00704	0.00692	0.00598	0.00766	0.16363	0.00465	0.03159	0.10430	0.26172	0.33890	0.01591	0.01693	0.00516	0.00357	0.00103	0.00298	0.00427	0.00346	0.00439
3	0.00605	0.00563	0.16262	0.00538	0.00630	0.00385	0.00471	0.00558	0.00492	0.00678	0.00592	0.00972	0.00559	0.01019	0.01139	0.73561	0.00332	0.00286	0.00146	0.00212
4	0.03046	0.00856	0.01241	0.00967	0.03005	0.00900	0.26312	0.31517	0.20998	0.06189	0.00924	0.00963	0.00674	0.00379	0.00356	0.00109	0.00402	0.00351	0.00287	0.00525
5	0.00636	0.00555	0.00745	0.00682	0.00745	0.00702	0.00545	0.00892	0.16158	0.00909	0.00844	0.01143	0.00757	0.03473	0.40477	0.00329	0.29495	0.00348	0.00201	0.00366
6	0.00583	0.00538	0.00858	0.66541	0.01887	0.00641	0.00781	0.00774	0.00693	0.00875	0.01192	0.06074	0.16277	0.00474	0.00355	0.00115	0.00386	0.00413	0.00190	0.00354
7	0.17324	0.00823	0.01475	0.04067	0.13653	0.00852	0.43464	0.03045	0.00740	0.01158	0.00614	0.00815	0.00482	0.00330	0.00427	0.00114	0.09666	0.00329	0.00179	0.00443
8	0.00708	0.00420	0.00552	0.00508	0.00562	0.00442	0.00364	0.15999	0.00661	0.00887	0.00662	0.01040	0.00619	0.03458	0.06354	0.65687	0.00347	0.00306	0.00186	0.00237
9	0.00561	0.00350	0.00428	0.00433	0.00495	0.00333	0.00302	0.01810	0.01881	0.06605	0.18927	0.31190	0.05182	0.16856	0.00627	0.00154	0.00216	0.00647	0.12698	0.00305
10	0.00458	0.00341	0.00407	0.00407	0.00493	0.00308	0.00301	0.00571	0.00809	0.02372	0.32481	0.15858	0.35297	0.00903	0.05103	0.00138	0.00213	0.00682	0.02557	0.00302
11	0.02968	0.03317	0.05403	0.13077	0.07499	0.03065	0.11064	0.09868	0.03632	0.05234	0.02340	0.11376	0.02577	0.00493	0.00494	0.00118	0.16426	0.00400	0.00222	0.00427
12	0.00740	0.00978	0.24955	0.07500	0.14765	0.01851	0.00845	0.01985	0.13952	0.02598	0.00792	0.02226	0.00666	0.08472	0.03171	0.00147	0.13385	0.00327	0.00197	0.00448
13	0.00482	0.00333	0.00415	0.00424	0.00441	0.00346	0.00271	0.00518	0.00523	0.00712	0.01117	0.11584	0.01250	0.57252	0.22554	0.00360	0.00456	0.00513	0.00212	0.00237
14	0.11974	0.07419	0.05437	0.03137	0.17200	0.15858	0.04890	0.07637	0.00819	0.01153	0.01818	0.00761	0.00529	0.01945	0.00319	0.00092	0.00396	0.00254	0.00195	0.18167

[dist]
# distance from previous block
# <min> <max>
4	24

[block]
# block no. 8 follows, 83 sequences, length 22
# corresponding to MSA columns:
# 651,661-670,678,679,687-695
name=unknown_I
#
# <colnr> <probs for GDERKNQSTAVLIFYWHMCP>
#	G	D	E	R	K	N	Q	S	T	A	V	L	I	F	Y	W	H	M	C	P
0	0.00679	0.01752	0.86340	0.00966	0.01466	0.00787	0.01252	0.01073	0.00715	0.01073	0.00608	0.00715	0.00429	0.00322	0.00322	0.00107	0.00501	0.00250	0.00143	0.00501
1	0.00437	0.00309	0.00414	0.02462	0.00540	0.00292	0.00332	0.00502	0.00656	0.02067	0.01855	0.79672	0.04246	0.02483	0.00450	0.00139	0.00207	0.02344	0.00310	0.00281
2	0.02496	0.10227	0.24538	0.03676	0.05532	0.04313	0.14602	0.10840	0.04953	0.10173	0.00763	0.02600	0.00577	0.00357	0.00339	0.00104	0.01585	0.00306	0.00218	0.01802
3	0.00615	0.08619	0.00622	0.00489	0.00563	0.00513	0.00359	0.05873	0.02455	0.02779	0.00927	0.01564	0.00937	0.37006	0.29619	0.05648	0.00522	0.00391	0.00205	0.00294
4	0.00746	0.02235	0.00594	0.00506	0.00649	0.00490	0.00395	0.04356	0.16511	0.14301	0.40759	0.01980	0.09476	0.00588	0.00366	0.00106	0.00213	0.00502	0.04816	0.00408
5	0.02656	0.31689	0.22001	0.00743	0.01043	0.10121	0.02456	0.09712	0.01975	0.05848	0.00699	0.06240	0.00595	0.00382	0.00312	0.00095	0.02494	0.00283	0.00198	0.00458
6	0.06746	0.07546	0.08334	0.09692	0.11514	0.08478	0.13487	0.10015	0.03285	0.03726	0.00772	0.02775	0.02441	0.01373	0.00398	0.01695	0.04410	0.01537	0.01332	0.00444
7	0.00484	0.00358	0.00485	0.01575	0.02409	0.00354	0.00404	0.02248	0.00710	0.00948	0.05794	0.54341	0.03342	0.02515	0.01616	0.00147	0.02027	0.19636	0.00305	0.00300
8	0.00406	0.00320	0.00367	0.00405	0.00474	0.00281	0.00285	0.00479	0.00713	0.00891	0.02678	0.44021	0.45570	0.00956	0.00416	0.00126	0.00184	0.00834	0.00315	0.00281
9	0.02097	0.12058	0.19269	0.10255	0.11094	0.07764	0.05804	0.09170	0.03097	0.05269	0.01739	0.07145	0.02983	0.00406	0.00328	0.00103	0.00413	0.00340	0.00209	0.00458
10	0.02359	0.11762	0.27593	0.12031	0.06680	0.03236	0.05786	0.07342	0.04578	0.03033	0.04364	0.05480	0.03514	0.00404	0.00329	0.00105	0.00408	0.00338	0.00204	0.00453
11	0.00906	0.88299	0.01775	0.00580	0.00869	0.01340	0.00580	0.01014	0.00688	0.00797	0.00471	0.00543	0.00435	0.00290	0.00217	0.00072	0.00362	0.00181	0.00145	0.00435
12	0.04961	0.00425	0.00493	0.00469	0.00567	0.03027	0.01329	0.03434	0.00895	0.01256	0.51302	0.09128	0.12360	0.00708	0.00389	0.00112	0.00205	0.06320	0.02293	0.00326
13	0.00620	0.00562	0.00932	0.67342	0.04856	0.00687	0.00841	0.00825	0.00662	0.00871	0.00682	0.01026	0.00551	0.00702	0.14206	0.00182	0.00515	0.01747	0.01823	0.00368
14	0.01265	0.01614	0.00960	0.00873	0.01047	0.86735	0.00655	0.01353	0.00960	0.00829	0.00524	0.00611	0.00436	0.00349	0.00305	0.00087	0.00611	0.00218	0.00175	0.00393
15	0.01265	0.01614	0.00960	0.00873	0.01047	0.86735	0.00655	0.01353	0.00960	0.00829	0.00524	0.00611	0.00436	0.00349	0.00305	0.00087	0.00611	0.00218	0.00175	0.00393
16	0.01288	0.00949	0.01017	0.00779	0.01051	0.01051	0.00644	0.84852	0.01593	0.02135	0.00813	0.00813	0.00576	0.00407	0.00339	0.00102	0.00373	0.00305	0.00339	0.00576
17	0.01401	0.00550	0.00748	0.00583	0.00824	0.00478	0.00478	0.01536	0.00968	0.76543	0.10966	0.01310	0.01107	0.00450	0.00347	0.00105	0.00274	0.00372	0.00414	0.00547
18	0.00582	0.00299	0.00448	0.00448	0.00452	0.00302	0.00302	0.00452	0.00448	0.00601	0.00609	0.01049	0.00605	0.01264	0.06766	0.84436	0.00333	0.00299	0.00149	0.00157
19	0.04063	0.01312	0.00918	0.00810	0.00995	0.55873	0.00622	0.12386	0.10787	0.03626	0.00689	0.00742	0.00540	0.00380	0.00340	0.00095	0.03555	0.00255	0.01575	0.00436
20	0.00723	0.00771	0.04089	0.01004	0.01132	0.00881	0.26460	0.00871	0.00612	0.00896	0.00581	0.00869	0.00515	0.00728	0.10546	0.03070	0.45374	0.00334	0.00159	0.00386
21	0.00643	0.00606	0.01017	0.84571	0.02288	0.00762	0.00935	0.00864	0.00672	0.00864	0.00597	0.00898	0.00451	0.00347	0.00363	0.00114	0.03181	0.00301	0.00150	0.00376

[dist]
# distance from previous block
# <min> <max>
7	46

[block]
# block no. 9 follows, 83 sequences, length 27
# corresponding to MSA columns:
# 754-780
name=unknown_J
#
# <colnr> <probs for GDERKNQSTAVLIFYWHMCP>
#	G	D	E	R	K	N	Q	S	T	A	V	L	I	F	Y	W	H	M	C	P
0	0.00484	0.00351	0.00492	0.00499	0.00543	0.00390	0.00367	0.00572	0.00545	0.00766	0.01029	0.06618	0.01056	0.23569	0.58148	0.00456	0.00705	0.02934	0.00199	0.00277
1	0.00912	0.00560	0.00652	0.00567	0.00741	0.00576	0.00445	0.04325	0.31257	0.23202	0.16786	0.04087	0.06478	0.00526	0.00351	0.00108	0.00241	0.00443	0.07275	0.00469
2	0.00682	0.00588	0.02379	0.05378	0.28293	0.00566	0.08587	0.00842	0.01481	0.04854	0.02703	0.21834	0.02696	0.04170	0.00457	0.01889	0.00340	0.10427	0.01431	0.00402
3	0.06267	0.17420	0.19042	0.04349	0.06109	0.11830	0.06974	0.05886	0.07647	0.08617	0.00706	0.00778	0.00534	0.00346	0.00321	0.00099	0.02129	0.00268	0.00207	0.00472
4	0.00852	0.00708	0.01081	0.09578	0.33776	0.04325	0.07251	0.03653	0.03397	0.09725	0.00891	0.02002	0.01593	0.03165	0.01345	0.04681	0.02426	0.07946	0.01155	0.00450
5	0.00421	0.00355	0.00366	0.00364	0.00476	0.00306	0.00273	0.00540	0.03579	0.00961	0.08967	0.05774	0.74770	0.00840	0.00399	0.00115	0.00175	0.00705	0.00320	0.00296
6	0.02310	0.07261	0.10637	0.15864	0.11109	0.01446	0.05786	0.07691	0.02776	0.03068	0.02933	0.11189	0.04200	0.02044	0.04657	0.00133	0.01564	0.00401	0.04516	0.00417
7	0.00651	0.02668	0.04915	0.03175	0.23740	0.04063	0.02990	0.03383	0.01349	0.02085	0.02669	0.34731	0.07744	0.03158	0.00417	0.00123	0.00314	0.01189	0.00249	0.00388
8	0.00958	0.00473	0.01721	0.00497	0.00671	0.00412	0.00400	0.01113	0.02873	0.39391	0.22731	0.03346	0.14835	0.00565	0.00357	0.00105	0.00227	0.00476	0.08414	0.00436
9	0.00728	0.00624	0.00765	0.01506	0.08389	0.00526	0.00476	0.03266	0.05578	0.01151	0.02812	0.00840	0.01705	0.00299	0.00285	0.00065	0.01505	0.00244	0.01823	0.67414
10	0.06018	0.01118	0.11030	0.01074	0.03666	0.21629	0.30386	0.02505	0.00783	0.02219	0.00607	0.00788	0.00484	0.01337	0.00476	0.00113	0.13943	0.00306	0.01088	0.00430
11	0.01265	0.01614	0.00960	0.00873	0.01047	0.86735	0.00655	0.01353	0.00960	0.00829	0.00524	0.00611	0.00436	0.00349	0.00305	0.00087	0.00611	0.00218	0.00175	0.00393
12	0.00711	0.01125	0.39864	0.06519	0.02348	0.00675	0.09878	0.02089	0.00762	0.06023	0.06524	0.02166	0.08494	0.00410	0.00365	0.00105	0.03098	0.00348	0.00204	0.08292
13	0.01288	0.00949	0.01017	0.00779	0.01051	0.01051	0.00644	0.84852	0.01593	0.02135	0.00813	0.00813	0.00576	0.00407	0.00339	0.00102	0.00373	0.00305	0.00339	0.00576
14	0.01166	0.00636	0.00777	0.00595	0.00855	0.00579	0.00484	0.14404	0.05366	0.40279	0.04330	0.01036	0.00807	0.00383	0.00316	0.00089	0.00283	0.00309	0.01966	0.25340
15	0.00588	0.00294	0.00441	0.00441	0.00441	0.00294	0.00294	0.00441	0.00441	0.00588	0.00588	0.01030	0.00588	0.01177	0.01324	0.90144	0.00294	0.00294	0.00147	0.00147
16	0.02780	0.01402	0.00911	0.00820	0.00997	0.67067	0.00620	0.06792	0.07512	0.02917	0.00669	0.03388	0.00558	0.00397	0.00329	0.01421	0.00538	0.00263	0.00209	0.00412
17	0.00494	0.00372	0.00542	0.00537	0.00589	0.00434	0.00411	0.00600	0.00538	0.00774	0.00909	0.01405	0.00874	0.11616	0.74755	0.00508	0.03789	0.00375	0.00183	0.00294
18	0.00491	0.00318	0.00422	0.00478	0.00519	0.00293	0.00329	0.00559	0.00682	0.06694	0.03291	0.76526	0.04739	0.01003	0.00425	0.00134	0.00203	0.02273	0.00323	0.00297
19	0.00697	0.00661	0.03660	0.56511	0.13276	0.00729	0.03140	0.04240	0.01921	0.02390	0.01800	0.05466	0.00635	0.03012	0.00387	0.00118	0.00421	0.00348	0.00181	0.00406
20	0.80461	0.00638	0.00516	0.00455	0.00662	0.00725	0.00372	0.01030	0.00604	0.08124	0.00560	0.00654	0.00433	0.03307	0.00271	0.00112	0.00266	0.00206	0.00226	0.00378
21	0.00441	0.00341	0.00400	0.00412	0.00490	0.00309	0.00298	0.00557	0.02635	0.01023	0.24741	0.23871	0.35818	0.04628	0.00466	0.00128	0.00187	0.02634	0.00326	0.00295
22	0.00462	0.00351	0.00500	0.00528	0.00571	0.00360	0.02872	0.00547	0.00643	0.00879	0.03519	0.56574	0.04208	0.01268	0.16958	0.00213	0.04201	0.02807	0.02246	0.00293
23	0.00755	0.06742	0.13342	0.13015	0.09898	0.02437	0.16145	0.07358	0.03437	0.02217	0.02940	0.08558	0.05034	0.00452	0.00367	0.00111	0.01871	0.03382	0.01504	0.00434
24	0.02653	0.11791	0.02407	0.04725	0.15364	0.05006	0.07376	0.03893	0.02168	0.12639	0.03616	0.03713	0.00708	0.01887	0.03532	0.00129	0.17402	0.00330	0.00217	0.00445
25	0.12957	0.06794	0.00793	0.09270	0.05390	0.04831	0.02516	0.05928	0.05030	0.09368	0.03189	0.02690	0.00833	0.21265	0.04260	0.00175	0.02136	0.00351	0.01841	0.00382
26	0.27780	0.10253	0.06870	0.03476	0.11461	0.03683	0.01441	0.08304	0.02247	0.05216	0.00698	0.04838	0.00596	0.01332	0.00339	0.00105	0.04405	0.01910	0.00216	0.04831

[dist]
# distance from previous block
# <min> <max>
4	11

[block]
# block no. 10 follows, 83 sequences, length 9
# corresponding to MSA columns:
# 798-806
name=unknown_K
#
# <colnr> <probs for GDERKNQSTAVLIFYWHMCP>
#	G	D	E	R	K	N	Q	S	T	A	V	L	I	F	Y	W	H	M	C	P
0	0.06511	0.06813	0.18944	0.03004	0.05330	0.03421	0.03347	0.07192	0.00790	0.05313	0.01957	0.05456	0.00632	0.00353	0.00297	0.00087	0.00352	0.00287	0.01432	0.28481
1	0.07043	0.08696	0.03625	0.02536	0.08032	0.06882	0.02023	0.01824	0.00650	0.02658	0.03335	0.05497	0.03147	0.36213	0.00926	0.03315	0.00350	0.02717	0.00210	0.00321
2	0.00786	0.00432	0.00547	0.00494	0.00624	0.00403	0.00378	0.03029	0.05502	0.23932	0.29753	0.19092	0.07901	0.00670	0.00378	0.00112	0.00213	0.00582	0.04777	0.00395
3	0.03122	0.02422	0.09128	0.07560	0.09346	0.00566	0.01822	0.05571	0.07903	0.02327	0.08346	0.27312	0.05051	0.03601	0.00421	0.00126	0.00301	0.04422	0.00268	0.00387
4	0.07826	0.09024	0.19751	0.04221	0.09051	0.04671	0.09642	0.13515	0.08634	0.01255	0.00690	0.00786	0.00528	0.00339	0.00325	0.00100	0.01808	0.00277	0.00207	0.07349
5	0.02972	0.00470	0.02131	0.02001	0.05902	0.00464	0.08759	0.02191	0.00596	0.00835	0.02898	0.05545	0.01079	0.46563	0.15894	0.00299	0.00451	0.00454	0.00205	0.00292
6	0.00689	0.00422	0.00485	0.00450	0.00569	0.00414	0.00343	0.03368	0.11045	0.10911	0.19204	0.10843	0.13930	0.00605	0.00343	0.00104	0.00199	0.00514	0.25190	0.00372
7	0.02562	0.10737	0.17331	0.00746	0.02627	0.07178	0.05356	0.05386	0.03833	0.05682	0.05740	0.16107	0.01009	0.00511	0.00383	0.00108	0.05599	0.02088	0.03259	0.03759
8	0.05958	0.17026	0.18960	0.02488	0.04843	0.05513	0.00662	0.04941	0.00749	0.03601	0.02724	0.13295	0.03407	0.02741	0.02682	0.00118	0.02348	0.00373	0.02164	0.05408

[dist]
# distance from previous block
# <min> <max>
2	26

[block]
# block no. 11 follows, 83 sequences, length 17
# corresponding to MSA columns:
# 836-852
name=unknown_L
#
# <colnr> <probs for GDERKNQSTAVLIFYWHMCP>
#	G	D	E	R	K	N	Q	S	T	A	V	L	I	F	Y	W	H	M	C	P
0	0.00628	0.00541	0.00605	0.03754	0.05765	0.07359	0.00444	0.04756	0.02335	0.01107	0.20536	0.12251	0.18983	0.00682	0.01950	0.00118	0.07164	0.00534	0.10142	0.00348
1	0.00774	0.02006	0.14621	0.27964	0.13789	0.00746	0.03337	0.06711	0.05802	0.04834	0.00825	0.00974	0.03952	0.00387	0.01132	0.00109	0.02749	0.00312	0.02353	0.06624
2	0.01133	0.00797	0.00867	0.00683	0.00913	0.00866	0.00558	0.61210	0.03654	0.05961	0.08912	0.01087	0.02293	0.00442	0.00336	0.00101	0.00322	0.00346	0.09000	0.00521
3	0.00921	0.00749	0.00784	0.00617	0.00856	0.06098	0.00492	0.29668	0.05960	0.02883	0.07126	0.02914	0.04223	0.02456	0.00347	0.00090	0.00308	0.00324	0.00278	0.32907
4	0.03873	0.00499	0.00707	0.00641	0.00701	0.00601	0.03843	0.01945	0.00580	0.03155	0.00860	0.07025	0.00848	0.12033	0.36482	0.00327	0.23291	0.00394	0.01868	0.00327
5	0.00997	0.00445	0.00600	0.00537	0.00686	0.00399	0.00411	0.01101	0.00812	0.44998	0.01516	0.35392	0.01393	0.00773	0.04507	0.00138	0.00276	0.00586	0.03998	0.00434
6	0.00431	0.00316	0.00403	0.00461	0.00499	0.00296	0.00319	0.00512	0.01762	0.00897	0.05758	0.63694	0.11871	0.05189	0.01533	0.00148	0.00214	0.05106	0.00311	0.00281
7	0.03174	0.08610	0.35328	0.00779	0.01142	0.00742	0.03254	0.07236	0.00873	0.34231	0.00893	0.00879	0.00600	0.00362	0.00321	0.00103	0.00394	0.00286	0.00267	0.00525
8	0.00521	0.00342	0.00409	0.00416	0.00441	0.00348	0.00269	0.00583	0.04194	0.00788	0.02284	0.11435	0.01271	0.49744	0.06087	0.08880	0.00323	0.03437	0.07987	0.00242
9	0.00454	0.00332	0.00425	0.00480	0.00527	0.00316	0.00344	0.00561	0.04072	0.00924	0.05908	0.57335	0.11854	0.00985	0.00460	0.03406	0.00212	0.10804	0.00312	0.00289
10	0.02269	0.00467	0.00600	0.00501	0.00669	0.00420	0.00394	0.02848	0.00919	0.40036	0.29256	0.01898	0.11233	0.06392	0.00457	0.00121	0.00237	0.00479	0.00373	0.00432
11	0.00855	0.63074	0.09413	0.02181	0.04849	0.01174	0.00661	0.02489	0.01989	0.00876	0.00543	0.00664	0.00482	0.02198	0.01831	0.00096	0.04355	0.00218	0.01615	0.00437
12	0.03133	0.00446	0.03077	0.04603	0.00648	0.00411	0.00388	0.03495	0.01854	0.02530	0.13303	0.10706	0.37756	0.00728	0.00403	0.00115	0.03168	0.05099	0.07811	0.00327
13	0.00542	0.00379	0.00539	0.00537	0.00601	0.00415	0.01889	0.00664	0.02501	0.02700	0.01127	0.13715	0.01121	0.04003	0.44247	0.05225	0.02936	0.07430	0.09122	0.00305
14	0.04288	0.04796	0.26690	0.00824	0.02382	0.00729	0.11150	0.12377	0.02158	0.16315	0.06697	0.03544	0.05696	0.00423	0.00342	0.00107	0.00384	0.00361	0.00258	0.00481
15	0.00798	0.15371	0.40947	0.06057	0.11254	0.03167	0.06181	0.01083	0.02248	0.05808	0.01977	0.02410	0.00559	0.00341	0.00317	0.00102	0.00444	0.00283	0.00175	0.00479
16	0.00835	0.05839	0.14800	0.13328	0.10593	0.07969	0.11060	0.05881	0.01723	0.07502	0.02077	0.04248	0.03230	0.00441	0.00353	0.00110	0.00423	0.08925	0.00219	0.00443

[dist]
# distance from previous block
# <min> <max>
1	28

[block]
# block no. 12 follows, 83 sequences, length 6
# corresponding to MSA columns:
# 881-886
name=unknown_M
#
# <colnr> <probs for GDERKNQSTAVLIFYWHMCP>
#	G	D	E	R	K	N	Q	S	T	A	V	L	I	F	Y	W	H	M	C	P
0	0.00721	0.00569	0.02209	0.04384	0.12998	0.02007	0.03506	0.03547	0.05158	0.10317	0.03004	0.17218	0.16218	0.02956	0.03596	0.01940	0.04440	0.01866	0.00269	0.03078
1	0.04066	0.09095	0.15755	0.06036	0.03682	0.13956	0.06999	0.02495	0.00795	0.10038	0.05779	0.05932	0.00817	0.00475	0.02570	0.00114	0.02494	0.01949	0.05212	0.01742
2	0.00790	0.03265	0.10334	0.09385	0.44850	0.04442	0.04901	0.04324	0.00779	0.01066	0.00763	0.07617	0.00693	0.03078	0.00386	0.00113	0.00412	0.02144	0.00186	0.00472
3	0.05247	0.00592	0.00747	0.00594	0.00820	0.00558	0.00483	0.13662	0.01025	0.55472	0.11094	0.06061	0.01132	0.00480	0.00347	0.00106	0.00279	0.00395	0.00387	0.00520
4	0.00648	0.06664	0.05854	0.04770	0.09392	0.02217	0.05257	0.00835	0.04987	0.05526	0.13678	0.20853	0.10013	0.02233	0.05415	0.00141	0.00332	0.00542	0.00265	0.00380
5	0.03427	0.10281	0.21462	0.06716	0.18294	0.03681	0.11740	0.01049	0.07403	0.01052	0.00860	0.05851	0.03382	0.00400	0.00336	0.00107	0.00417	0.02894	0.00192	0.00457

[dist]
# distance from previous block
# <min> <max>
6	14

[block]
# block no. 13 follows, 83 sequences, length 18
# corresponding to MSA columns:
# 901-918
name=unknown_N
#
# <colnr> <probs for GDERKNQSTAVLIFYWHMCP>
#	G	D	E	R	K	N	Q	S	T	A	V	L	I	F	Y	W	H	M	C	P
0	0.00790	0.03465	0.21260	0.04050	0.34793	0.00756	0.03675	0.03317	0.07107	0.04909	0.02268	0.09265	0.00764	0.00411	0.00354	0.00108	0.01647	0.00366	0.00207	0.00489
1	0.00606	0.00521	0.01809	0.00724	0.06985	0.01450	0.00531	0.02767	0.01600	0.00877	0.02628	0.04600	0.04086	0.04796	0.37160	0.05064	0.20175	0.01566	0.01720	0.00335
2	0.00906	0.88299	0.01775	0.00580	0.00869	0.01340	0.00580	0.01014	0.00688	0.00797	0.00471	0.00543	0.00435	0.00290	0.00217	0.00072	0.00362	0.00181	0.00145	0.00435
3	0.00732	0.00648	0.00832	0.02145	0.13584	0.00630	0.00558	0.01036	0.16716	0.01137	0.05375	0.00976	0.01705	0.00409	0.02118	0.00094	0.08693	0.00292	0.00227	0.42092
4	0.00424	0.00345	0.00375	0.00372	0.00477	0.00297	0.00282	0.00529	0.00816	0.01022	0.22539	0.03109	0.63805	0.00822	0.00402	0.00114	0.00174	0.03474	0.00328	0.00295
5	0.00665	0.09053	0.01089	0.78926	0.02192	0.00809	0.00906	0.00880	0.00678	0.00859	0.00589	0.00868	0.00450	0.00334	0.00327	0.00109	0.00443	0.00289	0.00150	0.00382
6	0.03810	0.00639	0.02138	0.15203	0.30971	0.00648	0.00725	0.06128	0.01819	0.10672	0.07155	0.09447	0.02171	0.00460	0.00361	0.01746	0.00336	0.00396	0.04727	0.00448
7	0.10640	0.10746	0.15655	0.06291	0.14243	0.28333	0.02438	0.02710	0.00796	0.01020	0.00568	0.00707	0.00463	0.01803	0.00320	0.00099	0.00468	0.00243	0.00171	0.02286
8	0.00472	0.00353	0.00497	0.00503	0.00560	0.00391	0.00379	0.00573	0.00569	0.00792	0.01233	0.07632	0.09172	0.10623	0.64121	0.00454	0.00730	0.00451	0.00206	0.00289
9	0.00573	0.00303	0.00448	0.00445	0.00456	0.00303	0.00303	0.00469	0.00496	0.00673	0.08817	0.01190	0.00853	0.01200	0.05634	0.76853	0.00313	0.00328	0.00171	0.00172
10	0.00854	0.13523	0.15266	0.21470	0.09419	0.17158	0.05109	0.03058	0.00779	0.02938	0.00670	0.05811	0.00570	0.00374	0.00331	0.00102	0.01657	0.00304	0.00176	0.00431
11	0.00530	0.00399	0.00548	0.00530	0.00560	0.00468	0.00391	0.00593	0.00528	0.00757	0.00912	0.05044	0.00940	0.25986	0.40094	0.05754	0.12937	0.00409	0.02345	0.00275
12	0.00611	0.00574	0.01904	0.18661	0.11902	0.03108	0.10142	0.00784	0.00782	0.01037	0.16874	0.08072	0.14473	0.01588	0.00394	0.00116	0.00331	0.05870	0.02408	0.00368
13	0.09844	0.00585	0.02153	0.07433	0.09187	0.00583	0.02171	0.11594	0.04601	0.07954	0.05556	0.08336	0.24672	0.00577	0.00353	0.00111	0.00281	0.01512	0.02093	0.00406
