[name]
unknown

[dist]
# distance from previous block
# <min> <max>
0	105

[block]
# block no. 0 follows, 68 sequences, length 12
# corresponding to MSA columns:
# 151-162
name=unknown_A
#
# <colnr> <probs for GDERKNQSTAVLIFYWHMCP>
#	G	D	E	R	K	N	Q	S	T	A	V	L	I	F	Y	W	H	M	C	P
0	0.05891	0.35879	0.15036	0.00757	0.01064	0.01103	0.00753	0.08819	0.00887	0.04673	0.00867	0.03256	0.02567	0.00853	0.14454	0.00196	0.01891	0.00324	0.00226	0.00504
1	0.03412	0.12179	0.13955	0.04158	0.03563	0.05987	0.02963	0.17506	0.06086	0.03438	0.03244	0.01041	0.01795	0.01710	0.03569	0.00132	0.01447	0.00332	0.00265	0.13215
2	0.00570	0.00409	0.00534	0.00541	0.00569	0.00443	0.00368	0.00632	0.00624	0.00862	0.01286	0.13466	0.01412	0.42378	0.30940	0.00436	0.03396	0.00590	0.00246	0.00298
3	0.00952	0.09501	0.02545	0.18083	0.08400	0.05387	0.04630	0.05993	0.03939	0.03816	0.03558	0.01164	0.03131	0.00529	0.00651	0.00136	0.24856	0.02010	0.00229	0.00491
4	0.00795	0.02051	0.84011	0.01130	0.01716	0.00921	0.01465	0.01256	0.00837	0.01256	0.00712	0.00837	0.00502	0.00377	0.00377	0.00126	0.00586	0.00293	0.00167	0.00586
5	0.00955	0.05417	0.41519	0.05874	0.04355	0.07669	0.10905	0.06627	0.02876	0.02613	0.00745	0.00897	0.00558	0.00409	0.00454	0.00126	0.06915	0.00326	0.00202	0.00556
6	0.00482	0.00348	0.00457	0.00545	0.00573	0.00323	0.00365	0.00553	0.00766	0.01015	0.02274	0.81816	0.06556	0.01231	0.00504	0.00160	0.00229	0.01113	0.00368	0.00323
7	0.02502	0.06496	0.02010	0.02094	0.04922	0.04844	0.00504	0.04052	0.02213	0.01208	0.20334	0.24238	0.03162	0.12768	0.03296	0.00185	0.01803	0.02659	0.00320	0.00389
8	0.00488	0.00377	0.00441	0.00483	0.00558	0.00336	0.00340	0.00577	0.00836	0.01060	0.06947	0.40362	0.37838	0.04872	0.00556	0.00158	0.00225	0.02853	0.00366	0.00328
9	0.00944	0.00873	0.01364	0.25462	0.35370	0.00963	0.04475	0.06502	0.14183	0.01337	0.00882	0.01081	0.00692	0.00416	0.00434	0.00127	0.03721	0.00373	0.00236	0.00566
10	0.00848	0.02646	0.00898	0.02733	0.01012	0.00593	0.02172	0.04073	0.00870	0.01329	0.02682	0.00885	0.00663	0.00317	0.00307	0.00067	0.00313	0.00258	0.00242	0.77093
11	0.00483	0.00345	0.00460	0.00552	0.00575	0.00322	0.00368	0.00552	0.00759	0.01012	0.02185	0.85807	0.02622	0.01242	0.00506	0.00161	0.00230	0.01127	0.00368	0.00322

[dist]
# distance from previous block
# <min> <max>
0	1

[block]
# block no. 1 follows, 68 sequences, length 15
# corresponding to MSA columns:
# 164-178
name=unknown_B
#
# <colnr> <probs for GDERKNQSTAVLIFYWHMCP>
#	G	D	E	R	K	N	Q	S	T	A	V	L	I	F	Y	W	H	M	C	P
0	0.06322	0.09009	0.01235	0.11389	0.06310	0.12373	0.05851	0.18469	0.03925	0.03637	0.02354	0.03852	0.00732	0.00446	0.00401	0.00114	0.03575	0.00352	0.00266	0.09388
1	0.36052	0.06478	0.05195	0.00846	0.04279	0.25876	0.00678	0.13835	0.01017	0.01552	0.00648	0.00735	0.00508	0.00395	0.00315	0.00114	0.00476	0.00258	0.00246	0.00497
2	0.00994	0.15302	0.01209	0.06150	0.02949	0.05001	0.03974	0.10934	0.03291	0.06903	0.00896	0.03386	0.00794	0.08004	0.12617	0.00221	0.16263	0.00384	0.00248	0.00478
3	0.00530	0.00390	0.00499	0.00540	0.00602	0.00368	0.00384	0.00680	0.03898	0.01223	0.27161	0.48383	0.09008	0.01061	0.00489	0.00148	0.00222	0.03672	0.00390	0.00352
4	0.00784	0.00527	0.00662	0.02560	0.00783	0.03887	0.00491	0.03963	0.00847	0.12663	0.04394	0.39172	0.01759	0.01461	0.21619	0.00270	0.02687	0.00732	0.00333	0.00406
5	0.04034	0.00748	0.00914	0.00724	0.00994	0.00730	0.00586	0.19360	0.06045	0.48627	0.05596	0.03376	0.01114	0.04699	0.00479	0.00136	0.00349	0.00429	0.00440	0.00620
6	0.01166	0.00928	0.01069	0.00873	0.01096	0.02758	0.03449	0.42491	0.13054	0.01852	0.02541	0.01206	0.00862	0.04367	0.12050	0.00208	0.08732	0.00396	0.00334	0.00568
7	0.00572	0.00383	0.00434	0.00438	0.00439	0.00381	0.00246	0.00575	0.00585	0.00780	0.01293	0.06494	0.01497	0.82091	0.01947	0.00374	0.00377	0.00602	0.00246	0.00244
8	0.01133	0.02795	0.06187	0.04189	0.03331	0.22349	0.38617	0.07084	0.01029	0.04325	0.00766	0.00949	0.00585	0.00391	0.00458	0.00124	0.04563	0.00377	0.00222	0.00527
9	0.00577	0.00384	0.00432	0.00432	0.00432	0.00384	0.00240	0.00577	0.00577	0.00769	0.01249	0.02595	0.01441	0.86066	0.02018	0.00384	0.00384	0.00577	0.00240	0.00240
10	0.00905	0.07109	0.08951	0.23194	0.02913	0.00912	0.08475	0.02493	0.20866	0.06251	0.03898	0.01291	0.03151	0.00614	0.05359	0.00158	0.02260	0.00404	0.00271	0.00524
11	0.00987	0.00723	0.00814	0.00735	0.00934	0.00779	0.00584	0.12705	0.36332	0.09399	0.05178	0.08177	0.08729	0.00703	0.00437	0.00139	0.00319	0.11378	0.00401	0.00545
12	0.00988	0.01106	0.09635	0.12700	0.08051	0.18610	0.08944	0.02974	0.08952	0.05252	0.04177	0.10479	0.03868	0.00580	0.01817	0.00135	0.00503	0.00465	0.00265	0.00498
13	0.01069	0.00791	0.03322	0.00736	0.00915	0.02988	0.00583	0.32017	0.09354	0.03890	0.03287	0.06874	0.00948	0.00844	0.00795	0.30016	0.00381	0.00420	0.00311	0.00459
14	0.01117	0.26729	0.16138	0.00947	0.03888	0.13975	0.02674	0.12445	0.09899	0.02455	0.00817	0.02575	0.00662	0.00431	0.00383	0.00112	0.03647	0.00315	0.00241	0.00551

[dist]
# distance from previous block
# <min> <max>
3	20

[block]
# block no. 2 follows, 68 sequences, length 35
# corresponding to MSA columns:
# 237-247,254-271,294-299
name=unknown_C
#
# <colnr> <probs for GDERKNQSTAVLIFYWHMCP>
#	G	D	E	R	K	N	Q	S	T	A	V	L	I	F	Y	W	H	M	C	P
0	0.04223	0.00617	0.00799	0.01712	0.03102	0.03301	0.05455	0.07466	0.05097	0.03482	0.14942	0.10973	0.01626	0.11642	0.19459	0.00277	0.01889	0.03215	0.00306	0.00416
1	0.01083	0.02848	0.03168	0.08478	0.11749	0.03434	0.13844	0.24210	0.04222	0.04910	0.00990	0.08724	0.00839	0.00582	0.02831	0.00144	0.06663	0.00443	0.00285	0.00554
2	0.00950	0.03446	0.01202	0.01005	0.01046	0.10860	0.00827	0.02952	0.00702	0.00986	0.00566	0.00902	0.00553	0.03473	0.01164	0.00168	0.68234	0.00340	0.00184	0.00438
3	0.00691	0.00523	0.00675	0.00641	0.00725	0.00602	0.00486	0.05101	0.09698	0.01088	0.01132	0.01664	0.01056	0.17689	0.46004	0.00450	0.05753	0.00444	0.05191	0.00385
4	0.03876	0.04426	0.01145	0.28018	0.01615	0.12791	0.03108	0.01346	0.17864	0.03557	0.00944	0.01107	0.02656	0.00492	0.00543	0.00133	0.15282	0.00363	0.00243	0.00490
5	0.00531	0.00450	0.03904	0.00567	0.00644	0.00391	0.00426	0.00671	0.02638	0.01139	0.17646	0.48516	0.08678	0.02347	0.09318	0.00203	0.00325	0.00897	0.00356	0.00353
6	0.00616	0.00403	0.00469	0.00470	0.00493	0.00399	0.00284	0.00667	0.02937	0.03713	0.03633	0.13910	0.01643	0.66806	0.01668	0.00331	0.00354	0.00646	0.00276	0.00281
7	0.00857	0.00725	0.00841	0.00604	0.00954	0.00564	0.00484	0.05099	0.00875	0.01353	0.00717	0.00829	0.00592	0.00303	0.00299	0.00062	0.00301	0.00241	0.00243	0.84059
8	0.00861	0.00813	0.01380	0.42987	0.33088	0.00899	0.05524	0.03776	0.00876	0.01183	0.00796	0.04597	0.00663	0.00415	0.00403	0.00128	0.00499	0.00392	0.00200	0.00519
9	0.04358	0.00816	0.00933	0.00733	0.01011	0.00823	0.00595	0.32181	0.05588	0.26234	0.04570	0.01409	0.06691	0.03462	0.00446	0.00126	0.00355	0.00413	0.00399	0.08858
10	0.00487	0.00367	0.00447	0.00506	0.00564	0.00332	0.00350	0.00568	0.00805	0.01035	0.04178	0.55240	0.26489	0.04219	0.00550	0.00161	0.00229	0.02784	0.00365	0.00325
11	0.48818	0.02234	0.03785	0.00671	0.02857	0.02055	0.00545	0.10486	0.03920	0.08778	0.00964	0.07452	0.03098	0.00481	0.00319	0.00124	0.00337	0.00351	0.00297	0.02428
12	0.00907	0.06080	0.24933	0.03716	0.01728	0.00932	0.37415	0.02501	0.00898	0.02977	0.00763	0.00947	0.00573	0.00348	0.00400	0.00117	0.00561	0.00363	0.00203	0.13635
13	0.00506	0.00399	0.00463	0.00477	0.00580	0.00348	0.00347	0.00616	0.00892	0.01148	0.15936	0.28203	0.41225	0.01016	0.00474	0.00138	0.00215	0.02542	0.00373	0.04101
14	0.00534	0.00402	0.00484	0.00520	0.00597	0.00372	0.00375	0.02947	0.00877	0.01139	0.11695	0.39020	0.26613	0.05369	0.00567	0.00161	0.00241	0.07377	0.00370	0.00341
15	0.04366	0.03359	0.13339	0.06877	0.02922	0.01037	0.23334	0.17515	0.09669	0.04924	0.00888	0.01020	0.00661	0.00433	0.00483	0.00131	0.07832	0.00379	0.00265	0.00567
16	0.00962	0.02618	0.03353	0.13383	0.20050	0.06178	0.11130	0.05480	0.04296	0.03468	0.00900	0.02792	0.03402	0.00538	0.02193	0.00144	0.17975	0.00394	0.00225	0.00518
17	0.00898	0.00683	0.00807	0.00730	0.00854	0.04696	0.00565	0.04497	0.17298	0.09865	0.01175	0.02762	0.01023	0.12512	0.29046	0.00338	0.11072	0.00437	0.00288	0.00455
18	0.16529	0.08911	0.03469	0.00946	0.04682	0.17860	0.05571	0.20492	0.01135	0.10671	0.00796	0.00866	0.00598	0.00429	0.00406	0.00118	0.05384	0.00307	0.00282	0.00547
19	0.00728	0.00549	0.00642	0.00597	0.00738	0.00563	0.00454	0.01184	0.26143	0.04881	0.42394	0.08429	0.09586	0.00761	0.00448	0.00131	0.00236	0.00661	0.00418	0.00457
20	0.00935	0.10834	0.04056	0.39501	0.09499	0.02462	0.12696	0.06535	0.04372	0.03462	0.00786	0.01013	0.00600	0.00391	0.00388	0.00123	0.00513	0.00355	0.00966	0.00513
21	0.00817	0.01898	0.71315	0.01214	0.01771	0.00934	0.14008	0.01258	0.00852	0.01258	0.00726	0.00873	0.00518	0.00370	0.00391	0.00127	0.00599	0.00320	0.00173	0.00578
22	0.00503	0.00359	0.00465	0.00536	0.00567	0.00337	0.00361	0.00577	0.00771	0.01026	0.06768	0.65393	0.05836	0.10769	0.00674	0.00184	0.00249	0.03948	0.00357	0.00318
23	0.00867	0.00867	0.01214	0.01041	0.01041	0.01214	0.00867	0.00954	0.00607	0.00954	0.00520	0.00867	0.00520	0.00694	0.01301	0.00173	0.85340	0.00347	0.00173	0.00434
24	0.00488	0.00355	0.00455	0.00528	0.00565	0.00328	0.00355	0.00562	0.00781	0.01030	0.05303	0.70014	0.11801	0.04730	0.00563	0.00166	0.00232	0.01056	0.00365	0.00322
25	0.03632	0.00893	0.01119	0.31335	0.01721	0.01020	0.00843	0.35417	0.11113	0.07482	0.00973	0.01072	0.00700	0.00453	0.00393	0.00126	0.00444	0.00365	0.00320	0.00577
26	0.00543	0.00386	0.00493	0.00520	0.00545	0.00373	0.02215	0.00589	0.00682	0.00905	0.01743	0.38308	0.04304	0.42958	0.01249	0.00270	0.00319	0.03009	0.00301	0.00288
27	0.02351	0.00959	0.00944	0.00828	0.01064	0.08077	0.00648	0.10648	0.62756	0.05045	0.01441	0.01341	0.01073	0.00516	0.00396	0.00129	0.00362	0.00417	0.00387	0.00617
28	0.03941	0.00965	0.05828	0.13207	0.04982	0.02856	0.34960	0.04677	0.04861	0.04757	0.01926	0.06253	0.00795	0.00525	0.02766	0.00148	0.05351	0.00451	0.00239	0.00513
29	0.86937	0.00774	0.00596	0.00530	0.00777	0.00897	0.00437	0.02956	0.00701	0.01795	0.00561	0.00651	0.00435	0.00370	0.00249	0.00123	0.00310	0.00218	0.00249	0.00435
30	0.00630	0.00499	0.00716	0.13767	0.05211	0.00519	0.03321	0.02667	0.01895	0.01007	0.01602	0.28421	0.07701	0.23845	0.03631	0.02858	0.00380	0.00701	0.00280	0.00352
31	0.00689	0.00344	0.00517	0.00517	0.00517	0.00344	0.00344	0.00517	0.00517	0.00689	0.00689	0.01205	0.00689	0.01377	0.01550	0.88464	0.00344	0.00344	0.00172	0.00172
32	0.00961	0.34231	0.01552	0.37609	0.05627	0.06045	0.00901	0.04823	0.00867	0.01059	0.00648	0.00860	0.00531	0.00383	0.00360	0.00112	0.02466	0.00292	0.00186	0.00487
33	0.01074	0.00743	0.03294	0.00794	0.00968	0.00804	0.00656	0.08644	0.13758	0.21411	0.01180	0.03724	0.00938	0.01203	0.22540	0.00269	0.16733	0.00418	0.00323	0.00525
34	0.00876	0.09387	0.46087	0.10165	0.03596	0.04583	0.09752	0.04001	0.00890	0.01225	0.00788	0.02859	0.00630	0.00417	0.00386	0.00125	0.00556	0.02940	0.00193	0.00543

[dist]
# distance from previous block
# <min> <max>
8	42

[block]
# block no. 3 follows, 68 sequences, length 13
# corresponding to MSA columns:
# 342-354
name=unknown_D
#
# <colnr> <probs for GDERKNQSTAVLIFYWHMCP>
#	G	D	E	R	K	N	Q	S	T	A	V	L	I	F	Y	W	H	M	C	P
0	0.33313	0.00734	0.00809	0.04935	0.01001	0.00761	0.00555	0.09877	0.01025	0.34972	0.07378	0.01160	0.00938	0.00464	0.00348	0.00123	0.00335	0.00349	0.00371	0.00550
1	0.44863	0.00765	0.00719	0.00580	0.00868	0.02598	0.00470	0.01199	0.03676	0.07270	0.00718	0.00791	0.00556	0.00356	0.00282	0.00099	0.00313	0.00244	0.00263	0.33370
2	0.01172	0.00898	0.00967	0.00770	0.01065	0.03482	0.00617	0.24497	0.25794	0.09126	0.01122	0.01100	0.00832	0.00440	0.00367	0.00106	0.00357	0.00349	0.00353	0.26586
3	0.88866	0.00767	0.00583	0.00521	0.00767	0.00889	0.00429	0.01166	0.00675	0.01779	0.00552	0.00644	0.00429	0.00368	0.00245	0.00123	0.00307	0.00215	0.00245	0.00429
4	0.01283	0.00583	0.00769	0.00630	0.00855	0.00523	0.00504	0.01493	0.05140	0.49207	0.28793	0.01990	0.05234	0.00620	0.00425	0.00124	0.00281	0.00524	0.00464	0.00559
5	0.00796	0.01878	0.72371	0.01147	0.01691	0.00900	0.08717	0.01231	0.00861	0.01274	0.04923	0.00966	0.00676	0.00395	0.00390	0.00126	0.00573	0.00330	0.00184	0.00571
6	0.00554	0.00377	0.00494	0.00548	0.00605	0.00348	0.00387	0.00653	0.00848	0.04455	0.14516	0.59563	0.08716	0.01121	0.00495	0.00153	0.00233	0.05202	0.00383	0.00347
7	0.00724	0.00400	0.00565	0.00548	0.00573	0.00413	0.00378	0.05585	0.00612	0.00823	0.00759	0.01275	0.00744	0.04861	0.08549	0.72001	0.00413	0.00361	0.00192	0.00221
8	0.01467	0.00645	0.00849	0.00673	0.00929	0.00585	0.00547	0.08104	0.01190	0.57706	0.21031	0.01702	0.01615	0.00566	0.00415	0.00123	0.00309	0.00471	0.00470	0.00603
9	0.00685	0.00415	0.00618	0.04279	0.00696	0.00419	0.03198	0.00653	0.03935	0.00872	0.08763	0.01543	0.06432	0.01187	0.01242	0.63839	0.00338	0.00421	0.00220	0.00244
10	0.00545	0.00391	0.00442	0.00449	0.00496	0.00371	0.00291	0.00597	0.00726	0.00939	0.08010	0.07586	0.22852	0.49440	0.01356	0.00280	0.00313	0.04330	0.00300	0.00284
11	0.05420	0.10602	0.24906	0.01275	0.11024	0.03841	0.19514	0.06386	0.03623	0.04645	0.00778	0.00921	0.00591	0.00391	0.00424	0.00123	0.04412	0.00342	0.00219	0.00562
12	0.07339	0.15075	0.11944	0.03139	0.03157	0.02326	0.02620	0.04160	0.00970	0.33219	0.01007	0.01005	0.00704	0.00417	0.00376	0.00112	0.02654	0.00319	0.00315	0.09142

[dist]
# distance from previous block
# <min> <max>
1	7

[block]
# block no. 4 follows, 68 sequences, length 28
# corresponding to MSA columns:
# 362-389
name=unknown_E
#
# <colnr> <probs for GDERKNQSTAVLIFYWHMCP>
#	G	D	E	R	K	N	Q	S	T	A	V	L	I	F	Y	W	H	M	C	P
0	0.00976	0.00546	0.00695	0.00629	0.03633	0.00489	0.00470	0.02341	0.03660	0.27246	0.29380	0.02407	0.20520	0.00701	0.00433	0.00123	0.00260	0.00596	0.00419	0.04477
1	0.00953	0.53924	0.04904	0.03665	0.03713	0.03136	0.00672	0.03643	0.00808	0.00989	0.00733	0.02081	0.00703	0.11797	0.06660	0.00171	0.00482	0.00305	0.00194	0.00469
2	0.08099	0.08960	0.17516	0.10658	0.16552	0.03383	0.07289	0.08501	0.00933	0.04729	0.00807	0.04755	0.00663	0.00438	0.00425	0.00124	0.05039	0.00360	0.00227	0.00542
3	0.04167	0.02853	0.07286	0.16340	0.17803	0.09281	0.09236	0.14599	0.04765	0.07254	0.00845	0.00990	0.00635	0.00410	0.00404	0.00123	0.01841	0.00351	0.00256	0.00564
4	0.00689	0.00344	0.00517	0.00517	0.00517	0.00344	0.00344	0.00517	0.00517	0.00689	0.00689	0.01205	0.00689	0.01377	0.01550	0.88464	0.00344	0.00344	0.00172	0.00172
5	0.01911	0.00818	0.01234	0.04178	0.40663	0.02537	0.05465	0.09447	0.02267	0.01352	0.04647	0.08419	0.09899	0.04817	0.00497	0.00138	0.00416	0.00500	0.00265	0.00529
6	0.18650	0.06105	0.15166	0.01071	0.14449	0.00946	0.02539	0.10379	0.09455	0.01490	0.00990	0.05311	0.02935	0.00555	0.02666	0.00141	0.04212	0.02146	0.00260	0.00532
7	0.00500	0.00354	0.00462	0.00539	0.00562	0.00334	0.00357	0.00566	0.00748	0.01000	0.04244	0.71228	0.02493	0.12167	0.00701	0.00189	0.00251	0.02637	0.00353	0.00314
8	0.01123	0.00760	0.00883	0.05506	0.01060	0.00820	0.00610	0.15203	0.32670	0.16659	0.15026	0.01590	0.01453	0.00553	0.00406	0.00126	0.00324	0.00460	0.04189	0.00580
9	0.06857	0.01581	0.01172	0.01010	0.01230	0.55838	0.05116	0.14054	0.01164	0.01274	0.00665	0.00777	0.00537	0.00433	0.00430	0.00113	0.06736	0.00287	0.00234	0.00493
10	0.01420	0.00792	0.00941	0.00749	0.01019	0.00798	0.00611	0.28493	0.08342	0.36354	0.10382	0.01546	0.04370	0.00554	0.00411	0.00124	0.00347	0.01687	0.00439	0.00620
11	0.00494	0.00352	0.00469	0.00559	0.00585	0.00331	0.00380	0.00568	0.00763	0.01015	0.02156	0.79120	0.02572	0.03481	0.00548	0.00168	0.00242	0.05510	0.00365	0.00322
12	0.05504	0.01079	0.01122	0.00872	0.01179	0.05713	0.00716	0.63199	0.01670	0.13469	0.00999	0.00979	0.00696	0.00469	0.00388	0.00119	0.00432	0.00351	0.00392	0.00651
13	0.88866	0.00767	0.00583	0.00521	0.00767	0.00889	0.00429	0.01166	0.00675	0.01779	0.00552	0.00644	0.00429	0.00368	0.00245	0.00123	0.00307	0.00215	0.00245	0.00429
14	0.00518	0.00391	0.00492	0.00545	0.00600	0.00375	0.00384	0.00634	0.03150	0.01083	0.08262	0.56048	0.16780	0.02888	0.00546	0.00159	0.02246	0.04193	0.00367	0.00339
15	0.00587	0.00402	0.00456	0.00460	0.00472	0.00406	0.00269	0.00644	0.04325	0.00831	0.01348	0.09873	0.01535	0.74716	0.01812	0.00353	0.00368	0.00619	0.00259	0.00265
16	0.00739	0.00370	0.00370	0.00370	0.00462	0.00370	0.00277	0.00924	0.00831	0.01478	0.01293	0.01478	0.01016	0.00462	0.00277	0.00092	0.00185	0.00370	0.88267	0.00370
17	0.01628	0.00754	0.00949	0.00746	0.01041	0.00721	0.00610	0.11713	0.13356	0.61785	0.01497	0.01321	0.00978	0.00496	0.00399	0.00124	0.00346	0.00401	0.00466	0.00668
18	0.01507	0.01111	0.01190	0.00912	0.01230	0.01230	0.00754	0.82270	0.01864	0.02499	0.00952	0.00952	0.00674	0.00476	0.00397	0.00119	0.00436	0.00357	0.00397	0.00674
19	0.00488	0.00355	0.00457	0.00536	0.00573	0.00328	0.00364	0.00561	0.00774	0.01017	0.02365	0.72371	0.11699	0.03420	0.00542	0.00164	0.00234	0.03063	0.00365	0.00322
20	0.06343	0.07317	0.01123	0.00940	0.01150	0.66018	0.00719	0.04946	0.01089	0.01082	0.00707	0.05405	0.00629	0.00451	0.00354	0.00106	0.00634	0.00303	0.00222	0.00463
21	0.00727	0.05184	0.00621	0.03710	0.00635	0.00522	0.00349	0.03365	0.02706	0.06394	0.01237	0.04638	0.01328	0.65140	0.01617	0.00320	0.00384	0.00542	0.00263	0.00317
22	0.00490	0.00395	0.00437	0.00450	0.00559	0.00343	0.00333	0.00601	0.00914	0.01143	0.15479	0.16232	0.56645	0.01015	0.00477	0.00138	0.00208	0.03423	0.00378	0.00340
23	0.02757	0.64435	0.05715	0.00727	0.01045	0.07341	0.00702	0.04288	0.03001	0.01050	0.00696	0.05379	0.00648	0.00407	0.00291	0.00095	0.00437	0.00281	0.00199	0.00507
24	0.04640	0.09455	0.10533	0.00906	0.05140	0.05325	0.00770	0.28094	0.06500	0.06475	0.01876	0.03937	0.00760	0.00458	0.00391	0.00113	0.02842	0.00349	0.00302	0.11131
25	0.01092	0.00931	0.04759	0.06527	0.03218	0.00973	0.06610	0.16884	0.40593	0.07358	0.03347	0.01320	0.01017	0.01822	0.00444	0.00134	0.01587	0.00421	0.00358	0.00604
26	0.01014	0.01161	0.04297	0.19032	0.10849	0.28589	0.04950	0.03114	0.01830	0.01109	0.03371	0.01255	0.08232	0.00617	0.05068	0.00150	0.04285	0.00383	0.00223	0.00469
27	0.01043	0.00883	0.00943	0.00828	0.01055	0.01023	0.00651	0.11437	0.70277	0.01730	0.01495	0.01394	0.01121	0.00537	0.00437	0.00134	0.03559	0.00434	0.00394	0.00626

[dist]
# distance from previous block
# <min> <max>
0	1

[block]
# block no. 5 follows, 68 sequences, length 8
# corresponding to MSA columns:
# 391-398
name=unknown_F
#
# <colnr> <probs for GDERKNQSTAVLIFYWHMCP>
#	G	D	E	R	K	N	Q	S	T	A	V	L	I	F	Y	W	H	M	C	P
0	0.00771	0.00582	0.00662	0.00613	0.00764	0.00607	0.00464	0.01277	0.31710	0.06041	0.27786	0.07943	0.13765	0.04592	0.00512	0.00144	0.00257	0.00637	0.00404	0.00471
1	0.01017	0.00884	0.06249	0.12050	0.02771	0.04255	0.07554	0.16182	0.11079	0.09065	0.04024	0.01430	0.02645	0.10171	0.08675	0.00204	0.00506	0.00426	0.00300	0.00514
2	0.00822	0.00705	0.00822	0.00587	0.00940	0.00529	0.00470	0.00998	0.00822	0.01292	0.00705	0.00822	0.00587	0.00294	0.00294	0.00059	0.00294	0.00235	0.00235	0.88490
3	0.00816	0.00834	0.09587	0.09925	0.12304	0.00752	0.06671	0.04969	0.11287	0.02902	0.23911	0.01777	0.03751	0.02297	0.02875	0.00148	0.02502	0.01888	0.00307	0.00497
4	0.00890	0.00645	0.02506	0.03590	0.04186	0.00696	0.00636	0.07718	0.02168	0.11667	0.04213	0.09317	0.01232	0.05861	0.15313	0.05395	0.14780	0.08453	0.00293	0.00439
5	0.01310	0.00939	0.01046	0.00837	0.01102	0.01027	0.00679	0.49407	0.12852	0.09453	0.04047	0.06075	0.00988	0.00546	0.00445	0.00124	0.04336	0.00426	0.00389	0.03972
6	0.00638	0.00446	0.00518	0.00505	0.00549	0.00457	0.00326	0.07502	0.00731	0.00975	0.01473	0.11832	0.06251	0.56259	0.09571	0.00346	0.00426	0.00621	0.00273	0.00303
7	0.00945	0.02467	0.05447	0.20375	0.16475	0.04784	0.13658	0.07105	0.05767	0.03983	0.00985	0.04845	0.03099	0.02341	0.00508	0.02564	0.03480	0.00420	0.00239	0.00514

[dist]
# distance from previous block
# <min> <max>
6	43

[block]
# block no. 6 follows, 68 sequences, length 30
# corresponding to MSA columns:
# 442-452,455-473
name=unknown_G
#
# <colnr> <probs for GDERKNQSTAVLIFYWHMCP>
#	G	D	E	R	K	N	Q	S	T	A	V	L	I	F	Y	W	H	M	C	P
0	0.08012	0.17860	0.03165	0.02597	0.04654	0.25398	0.03061	0.06065	0.04980	0.04570	0.06240	0.02272	0.00858	0.02025	0.03992	0.00135	0.00511	0.00334	0.00251	0.03021
1	0.03157	0.08314	0.05705	0.02090	0.06740	0.10782	0.08098	0.17168	0.06403	0.05626	0.00826	0.00961	0.00651	0.00568	0.04140	0.00146	0.14399	0.00341	0.00261	0.03625
2	0.05847	0.00644	0.00785	0.05737	0.00951	0.00701	0.00571	0.17481	0.04462	0.06165	0.01459	0.34751	0.01505	0.00936	0.05172	0.00170	0.06697	0.02481	0.00337	0.03147
3	0.00686	0.00717	0.08071	0.04670	0.02080	0.03335	0.02372	0.00815	0.00693	0.00957	0.01191	0.08180	0.05941	0.20459	0.21415	0.00320	0.16993	0.00502	0.00226	0.00376
4	0.00525	0.00389	0.00519	0.00569	0.00615	0.00370	0.01997	0.00649	0.03940	0.01092	0.10917	0.65758	0.03978	0.05972	0.00583	0.00168	0.00246	0.01007	0.00366	0.00339
5	0.00655	0.00565	0.00884	0.43465	0.05194	0.00644	0.00775	0.00834	0.00790	0.01031	0.03659	0.23352	0.04676	0.07568	0.00566	0.00161	0.00407	0.04127	0.00255	0.00392
6	0.00714	0.00619	0.00922	0.20501	0.01278	0.00781	0.00734	0.03789	0.00711	0.01007	0.00848	0.01257	0.00761	0.01746	0.42285	0.00392	0.20664	0.00387	0.00201	0.00404
7	0.31021	0.00779	0.00852	0.00678	0.00966	0.00794	0.00560	0.15161	0.01103	0.42601	0.01121	0.01046	0.00744	0.00447	0.00347	0.00122	0.00344	0.00330	0.00392	0.00592
8	0.03919	0.00766	0.00947	0.00778	0.01024	0.02418	0.05192	0.12670	0.18802	0.29369	0.12377	0.04824	0.01414	0.00575	0.00416	0.00129	0.00348	0.03036	0.00413	0.00581
9	0.00488	0.00349	0.00466	0.00558	0.00583	0.00326	0.00376	0.00560	0.00764	0.01018	0.02183	0.83279	0.02612	0.01238	0.00507	0.00162	0.00234	0.03607	0.00368	0.00323
10	0.01055	0.00713	0.00856	0.00627	0.00966	0.00571	0.00506	0.03697	0.02525	0.19333	0.00917	0.00954	0.00688	0.00347	0.00322	0.00076	0.00308	0.00278	0.00299	0.64961
11	0.13760	0.00994	0.01079	0.38040	0.03831	0.16745	0.00865	0.09564	0.04104	0.04297	0.00753	0.00942	0.00571	0.00417	0.00389	0.00124	0.02483	0.00320	0.00235	0.00487
12	0.00795	0.02051	0.84011	0.01130	0.01716	0.00921	0.01465	0.01256	0.00837	0.01256	0.00712	0.00837	0.00502	0.00377	0.00377	0.00126	0.00586	0.00293	0.00167	0.00586
13	0.04197	0.00649	0.00710	0.00598	0.00805	0.04437	0.00468	0.01063	0.07703	0.08643	0.21812	0.01993	0.16738	0.00616	0.00434	0.00110	0.04168	0.00502	0.00342	0.24010
14	0.00563	0.00405	0.00510	0.00491	0.00589	0.00367	0.00365	0.00724	0.01053	0.03092	0.61046	0.10281	0.17288	0.00875	0.00470	0.00129	0.00196	0.00767	0.00420	0.00369
15	0.00739	0.00370	0.00370	0.00370	0.00462	0.00370	0.00277	0.00924	0.00831	0.01478	0.01293	0.01478	0.01016	0.00462	0.00277	0.00092	0.00185	0.00370	0.88267	0.00370
16	0.01016	0.00866	0.00913	0.00813	0.01042	0.01000	0.00635	0.06639	0.78296	0.01706	0.01576	0.01449	0.01180	0.00534	0.00403	0.00134	0.00321	0.00443	0.00403	0.00630
17	0.00795	0.02051	0.84011	0.01130	0.01716	0.00921	0.01465	0.01256	0.00837	0.01256	0.00712	0.00837	0.00502	0.00377	0.00377	0.00126	0.00586	0.00293	0.00167	0.00586
18	0.01481	0.01890	0.01124	0.01021	0.01226	0.84474	0.00766	0.01583	0.01124	0.00970	0.00613	0.00715	0.00511	0.00409	0.00358	0.00102	0.00715	0.00255	0.00204	0.00460
19	0.00493	0.00351	0.00466	0.00554	0.00579	0.00330	0.00373	0.00564	0.00757	0.01008	0.02142	0.79077	0.02558	0.04881	0.00573	0.00171	0.00242	0.04199	0.00362	0.00320
20	0.01017	0.00845	0.00897	0.00803	0.01030	0.00971	0.00626	0.02100	0.79706	0.04847	0.01612	0.01474	0.01201	0.00536	0.00403	0.00134	0.00315	0.00446	0.00407	0.00629
21	0.00822	0.00705	0.00822	0.00587	0.00940	0.00529	0.00470	0.00998	0.00822	0.01292	0.00705	0.00822	0.00587	0.00294	0.00294	0.00059	0.00294	0.00235	0.00235	0.88490
22	0.00620	0.00363	0.00473	0.00481	0.00483	0.00361	0.00299	0.00547	0.00565	0.00753	0.01073	0.09146	0.01198	0.39888	0.01673	0.40771	0.00353	0.00518	0.00220	0.00216
23	0.00713	0.00601	0.00899	0.04799	0.27687	0.00597	0.00694	0.00917	0.05493	0.02549	0.05208	0.32846	0.11330	0.00814	0.00452	0.00140	0.00327	0.03169	0.00311	0.00455
24	0.00976	0.04708	0.01615	0.05348	0.77015	0.00968	0.01189	0.01208	0.00895	0.01269	0.00736	0.00969	0.00619	0.00354	0.00387	0.00117	0.00471	0.00347	0.00194	0.00616
25	0.00491	0.00351	0.00469	0.00553	0.00578	0.00334	0.00371	0.00562	0.00746	0.00999	0.02092	0.78392	0.02493	0.04044	0.05302	0.00195	0.00282	0.01070	0.00355	0.00321
26	0.00490	0.00348	0.00458	0.00544	0.00565	0.00326	0.00359	0.00554	0.00746	0.00995	0.02119	0.79886	0.02538	0.07278	0.00614	0.00177	0.00241	0.01088	0.00359	0.00316
27	0.00822	0.00705	0.00822	0.00587	0.00940	0.00529	0.00470	0.00998	0.00822	0.01292	0.00705	0.00822	0.00587	0.00294	0.00294	0.00059	0.00294	0.00235	0.00235	0.88490
28	0.00823	0.00500	0.00513	0.00482	0.00612	0.00533	0.00369	0.04761	0.17552	0.01560	0.01343	0.01455	0.01041	0.00478	0.00308	0.00102	0.00222	0.00385	0.66524	0.00435
29	0.11327	0.07107	0.04056	0.09768	0.45012	0.04357	0.01013	0.10318	0.00973	0.01420	0.00722	0.00906	0.00583	0.00375	0.00364	0.00117	0.00464	0.00321	0.00220	0.00575

[dist]
# distance from previous block
# <min> <max>
0	1

[block]
# block no. 7 follows, 68 sequences, length 30
# corresponding to MSA columns:
# 475-484,486-505
name=unknown_H
#
# <colnr> <probs for GDERKNQSTAVLIFYWHMCP>
#	G	D	E	R	K	N	Q	S	T	A	V	L	I	F	Y	W	H	M	C	P
0	0.00992	0.00924	0.01398	0.10841	0.50784	0.05861	0.03547	0.05079	0.01896	0.03769	0.00859	0.04775	0.00749	0.04078	0.00491	0.00134	0.02637	0.00397	0.00225	0.00564
1	0.01390	0.00907	0.05649	0.02575	0.04744	0.02738	0.02883	0.21586	0.03742	0.35074	0.02451	0.01269	0.02317	0.04149	0.00534	0.00137	0.06475	0.00396	0.00377	0.00607
2	0.88866	0.00767	0.00583	0.00521	0.00767	0.00889	0.00429	0.01166	0.00675	0.01779	0.00552	0.00644	0.00429	0.00368	0.00245	0.00123	0.00307	0.00215	0.00245	0.00429
3	0.00501	0.00377	0.00462	0.00510	0.00572	0.00339	0.00349	0.00581	0.00795	0.01039	0.04921	0.55825	0.21187	0.06356	0.00581	0.00163	0.00234	0.00978	0.00357	0.03873
4	0.08781	0.00887	0.01000	0.00785	0.01075	0.00929	0.00644	0.41151	0.04885	0.29169	0.03883	0.03057	0.00922	0.00503	0.00390	0.00122	0.00375	0.00392	0.00416	0.00634
5	0.02563	0.00945	0.03162	0.02810	0.02460	0.01002	0.02992	0.43356	0.17451	0.03679	0.14086	0.01379	0.01255	0.00529	0.00408	0.00124	0.00382	0.00432	0.00384	0.00602
6	0.00487	0.00347	0.00463	0.00551	0.00575	0.00327	0.00368	0.00556	0.00753	0.01006	0.02145	0.82507	0.02567	0.02921	0.02217	0.00175	0.00250	0.01102	0.00362	0.00321
7	0.00494	0.00351	0.00461	0.00545	0.00567	0.00330	0.00362	0.00559	0.00746	0.00994	0.02101	0.76972	0.02512	0.08698	0.00640	0.00181	0.00246	0.02569	0.00357	0.00316
8	0.01160	0.23641	0.03955	0.07802	0.14200	0.33611	0.00851	0.01348	0.03641	0.01060	0.02522	0.00847	0.00626	0.00401	0.00369	0.00107	0.02867	0.00287	0.00202	0.00504
9	0.28904	0.00807	0.00851	0.00666	0.00967	0.00810	0.00547	0.19288	0.01080	0.21148	0.00914	0.00919	0.00650	0.00404	0.00326	0.00107	0.00340	0.00294	0.00334	0.20643
10	0.07982	0.12611	0.08481	0.03512	0.03178	0.01041	0.00777	0.04393	0.06607	0.05044	0.00985	0.07425	0.04556	0.00599	0.00700	0.00140	0.30839	0.00405	0.00243	0.00484
11	0.01042	0.00926	0.01290	0.15327	0.33558	0.05822	0.00976	0.15885	0.01038	0.03647	0.00837	0.01122	0.00691	0.00617	0.06165	0.00161	0.07233	0.02867	0.00242	0.00555
12	0.00505	0.00377	0.00471	0.00516	0.00583	0.00343	0.00369	0.00612	0.00877	0.01156	0.19458	0.44731	0.21855	0.01088	0.00492	0.00148	0.00222	0.05477	0.00382	0.00338
13	0.00625	0.00482	0.00655	0.00606	0.00639	0.00539	0.03677	0.00682	0.00609	0.00848	0.01097	0.02075	0.01188	0.52546	0.21147	0.00407	0.11145	0.00508	0.00224	0.00303
14	0.02647	0.33771	0.04091	0.02979	0.04673	0.19350	0.00793	0.09931	0.00955	0.01155	0.00619	0.00760	0.00533	0.00436	0.00493	0.00113	0.15718	0.00273	0.00205	0.00507
15	0.04277	0.00922	0.01021	0.00818	0.01101	0.00996	0.00665	0.40199	0.21924	0.19582	0.03485	0.01213	0.00950	0.00500	0.00396	0.00124	0.00374	0.00394	0.00415	0.00646
16	0.01219	0.04922	0.01175	0.07429	0.03775	0.26005	0.04574	0.24660	0.03178	0.03138	0.05145	0.03491	0.03352	0.00531	0.01306	0.00125	0.03866	0.01297	0.00288	0.00524
17	0.00609	0.00392	0.00566	0.00566	0.00603	0.00428	0.00407	0.00624	0.00588	0.00820	0.00963	0.01590	0.00955	0.14594	0.44387	0.30288	0.00720	0.00420	0.00203	0.00276
18	0.00892	0.00934	0.01297	0.01080	0.01158	0.07754	0.12088	0.01014	0.00711	0.01006	0.00762	0.05880	0.02993	0.00662	0.01041	0.00160	0.59515	0.00415	0.00196	0.00441
19	0.11946	0.01046	0.01091	0.00856	0.01156	0.01167	0.00704	0.65414	0.08918	0.02338	0.00963	0.00962	0.00693	0.00469	0.00379	0.00121	0.00410	0.00348	0.00379	0.00641
20	0.00595	0.00490	0.00771	0.00741	0.00856	0.00462	0.11811	0.00744	0.00860	0.01123	0.03808	0.34756	0.13966	0.01027	0.00508	0.00159	0.00329	0.26282	0.00345	0.00368
21	0.27499	0.00851	0.00907	0.00722	0.01011	0.00901	0.00595	0.27827	0.04724	0.29550	0.01067	0.01016	0.00728	0.00452	0.00353	0.00122	0.00359	0.00333	0.00384	0.00600
22	0.00517	0.00395	0.00476	0.00482	0.00577	0.00354	0.00356	0.00653	0.00975	0.01294	0.38743	0.18130	0.31182	0.00964	0.00477	0.00136	0.00205	0.03334	0.00398	0.00351
23	0.04699	0.33300	0.01527	0.00923	0.03525	0.01327	0.00788	0.01060	0.00694	0.00992	0.00540	0.00774	0.00515	0.00535	0.00831	0.00136	0.46899	0.00290	0.00176	0.00468
24	0.00538	0.00403	0.00494	0.00488	0.00580	0.00371	0.00362	0.00678	0.00970	0.01306	0.43643	0.07679	0.24458	0.07944	0.03985	0.00174	0.00254	0.04938	0.00386	0.00349
25	0.00843	0.01724	0.05341	0.47838	0.06645	0.04872	0.02490	0.03482	0.08399	0.02349	0.00992	0.05533	0.03430	0.00503	0.01324	0.00135	0.01753	0.00410	0.00228	0.01710
26	0.00891	0.00757	0.00965	0.12373	0.08100	0.00752	0.00671	0.07499	0.15340	0.01389	0.04706	0.01111	0.00847	0.00454	0.00438	0.03972	0.02986	0.00338	0.00271	0.36139
27	0.00685	0.01598	0.03029	0.02593	0.02113	0.04034	0.03169	0.02561	0.05932	0.03707	0.23402	0.20130	0.19798	0.03171	0.00508	0.00142	0.01254	0.01411	0.00359	0.00404
28	0.03828	0.00454	0.03172	0.00413	0.00539	0.00415	0.00334	0.00969	0.00833	0.03432	0.01241	0.01409	0.00968	0.00452	0.00283	0.00094	0.00209	0.00359	0.78071	0.02526
29	0.05791	0.14236	0.11812	0.16851	0.04770	0.00944	0.06302	0.06338	0.02111	0.03240	0.03569	0.07054	0.00849	0.00481	0.00420	0.00121	0.04860	0.01986	0.00236	0.08029

[dist]
# distance from previous block
# <min> <max>
1	21

[block]
# block no. 8 follows, 68 sequences, length 15
# corresponding to MSA columns:
# 532-546
name=unknown_I
#
# <colnr> <probs for GDERKNQSTAVLIFYWHMCP>
#	G	D	E	R	K	N	Q	S	T	A	V	L	I	F	Y	W	H	M	C	P
0	0.00595	0.02948	0.00611	0.03584	0.00697	0.00456	0.00440	0.00662	0.00738	0.01000	0.11806	0.21350	0.06669	0.05540	0.19085	0.16885	0.02304	0.04031	0.00283	0.00318
1	0.00900	0.07494	0.47597	0.04135	0.04285	0.06003	0.09276	0.05908	0.00928	0.01285	0.04343	0.02543	0.00709	0.00420	0.00407	0.00123	0.02543	0.00346	0.00203	0.00551
2	0.00545	0.00404	0.00518	0.00573	0.00643	0.00384	0.00430	0.00698	0.03643	0.01171	0.15151	0.41114	0.13149	0.01087	0.00501	0.00156	0.00253	0.18848	0.00379	0.00352
3	0.00872	0.09845	0.20662	0.19647	0.17789	0.00957	0.06794	0.03556	0.06320	0.01249	0.04261	0.01186	0.02540	0.00430	0.00390	0.00124	0.00488	0.02133	0.00220	0.00537
4	0.00988	0.01001	0.11644	0.01257	0.01602	0.00809	0.45024	0.01263	0.00929	0.15330	0.01149	0.15038	0.00987	0.00516	0.00451	0.00135	0.00530	0.00544	0.00274	0.00530
5	0.01031	0.00899	0.02692	0.02739	0.01031	0.07324	0.00635	0.16873	0.34611	0.03635	0.04209	0.05379	0.04926	0.07021	0.00564	0.00150	0.03435	0.01946	0.00355	0.00543
6	0.00551	0.00394	0.00483	0.00486	0.00567	0.00359	0.00346	0.00670	0.00930	0.03026	0.36253	0.21817	0.21039	0.10496	0.00649	0.00164	0.00225	0.00814	0.00385	0.00345
7	0.03773	0.22038	0.09436	0.00908	0.01214	0.12370	0.05326	0.19140	0.13827	0.02930	0.00858	0.00914	0.00665	0.00433	0.00398	0.00115	0.04502	0.00318	0.00270	0.00563
8	0.03583	0.00503	0.00615	0.00615	0.00728	0.00505	0.00483	0.07557	0.04939	0.02916	0.22975	0.19024	0.07775	0.03965	0.00534	0.00157	0.00284	0.22060	0.00383	0.00399
9	0.00617	0.00419	0.00542	0.00503	0.00610	0.00382	0.00380	0.00797	0.01110	0.05687	0.74390	0.02933	0.08509	0.00806	0.00464	0.00125	0.00195	0.00708	0.00435	0.00387
10	0.00642	0.00488	0.00620	0.00596	0.00683	0.00501	0.02668	0.05038	0.05495	0.01131	0.09229	0.12645	0.12161	0.24790	0.12004	0.00277	0.01887	0.08472	0.00314	0.00358
11	0.01126	0.48340	0.07792	0.02372	0.01149	0.17268	0.00781	0.03749	0.00888	0.03126	0.00612	0.00727	0.00527	0.00403	0.00407	0.00104	0.09677	0.00253	0.00192	0.00505
12	0.00756	0.00556	0.00693	0.03197	0.00829	0.00526	0.01806	0.02805	0.10862	0.07156	0.25103	0.12547	0.10909	0.03017	0.01555	0.00135	0.00281	0.01847	0.00365	0.15057
13	0.00874	0.06282	0.04636	0.06406	0.06428	0.02487	0.02771	0.02846	0.03782	0.07181	0.03512	0.06789	0.05199	0.07052	0.02971	0.00143	0.02697	0.01856	0.00269	0.25820
14	0.00843	0.00778	0.00885	0.21592	0.01334	0.11313	0.02506	0.06985	0.09659	0.02395	0.07952	0.13224	0.10891	0.00837	0.06885	0.00170	0.00458	0.00551	0.00297	0.00445

[dist]
# distance from previous block
# <min> <max>
0	42

[block]
# block no. 9 follows, 68 sequences, length 23
# corresponding to MSA columns:
# 590-612
name=unknown_J
#
# <colnr> <probs for GDERKNQSTAVLIFYWHMCP>
#	G	D	E	R	K	N	Q	S	T	A	V	L	I	F	Y	W	H	M	C	P
0	0.04968	0.00895	0.06732	0.09697	0.12045	0.02065	0.14063	0.07047	0.10453	0.06416	0.05604	0.04439	0.06027	0.00552	0.02406	0.00137	0.00448	0.00447	0.00284	0.05275
1	0.06178	0.32186	0.07545	0.00971	0.09967	0.10700	0.00787	0.09727	0.04418	0.02562	0.00763	0.00857	0.02106	0.00407	0.00375	0.00106	0.05024	0.00286	0.00226	0.04808
2	0.00643	0.00361	0.00498	0.00497	0.00511	0.00359	0.00328	0.00546	0.00572	0.00759	0.02702	0.01711	0.06453	0.18457	0.05350	0.59029	0.00373	0.00435	0.00206	0.00209
3	0.03238	0.10523	0.06424	0.04385	0.03630	0.02659	0.00792	0.52310	0.03781	0.01998	0.00928	0.04662	0.00728	0.00483	0.00393	0.00119	0.01637	0.00368	0.00331	0.00610
4	0.00514	0.00379	0.00462	0.00513	0.00564	0.00354	0.00352	0.00605	0.02116	0.01024	0.05110	0.46709	0.19413	0.14959	0.00743	0.00191	0.00256	0.05066	0.00350	0.00320
5	0.01093	0.01030	0.09741	0.22409	0.06086	0.03967	0.02912	0.31716	0.02500	0.03770	0.00950	0.01182	0.02323	0.07950	0.00538	0.00147	0.00479	0.00379	0.00282	0.00546
6	0.01028	0.04298	0.18781	0.09972	0.22749	0.02508	0.11408	0.15215	0.03042	0.03099	0.00798	0.00963	0.00607	0.00401	0.00426	0.00124	0.03412	0.00352	0.00233	0.00583
7	0.00538	0.00445	0.00523	0.00540	0.00634	0.02703	0.02414	0.00647	0.00876	0.01106	0.10497	0.32195	0.35282	0.02471	0.00511	0.00150	0.00252	0.07510	0.00363	0.00343
8	0.00572	0.00384	0.00442	0.00446	0.00450	0.00386	0.00256	0.00580	0.00588	0.00786	0.01288	0.06597	0.01481	0.78746	0.05120	0.00383	0.00403	0.00597	0.00245	0.00249
9	0.73248	0.03055	0.02201	0.00583	0.00846	0.00935	0.00493	0.09753	0.00820	0.04195	0.00626	0.00700	0.00475	0.00382	0.00268	0.00121	0.00329	0.00236	0.00265	0.00467
10	0.00923	0.02219	0.01315	0.36275	0.22172	0.04621	0.06016	0.05062	0.00908	0.04368	0.01795	0.02794	0.02060	0.00457	0.00450	0.00130	0.04773	0.02933	0.00222	0.00507
11	0.12268	0.02460	0.04970	0.04880	0.06473	0.01933	0.02049	0.07848	0.19016	0.02937	0.03912	0.01273	0.04548	0.02018	0.06164	0.00157	0.03684	0.00378	0.00289	0.12743
12	0.00490	0.00382	0.00440	0.00477	0.00559	0.00339	0.00340	0.00580	0.00843	0.01061	0.06649	0.34888	0.42141	0.05221	0.00561	0.00158	0.00226	0.03953	0.00365	0.00328
13	0.03183	0.02779	0.08819	0.09857	0.11938	0.13018	0.05553	0.06825	0.10857	0.02227	0.02406	0.01327	0.02794	0.03767	0.00477	0.00132	0.02688	0.04699	0.00257	0.06396
14	0.54649	0.05429	0.07201	0.01781	0.00982	0.04530	0.02221	0.10585	0.02348	0.01689	0.00684	0.02856	0.00549	0.00404	0.00295	0.00119	0.00375	0.00273	0.00255	0.02775
15	0.06902	0.00865	0.04641	0.03955	0.01099	0.00848	0.02185	0.26673	0.09294	0.14019	0.06843	0.01273	0.00998	0.04667	0.01717	0.00137	0.01081	0.00386	0.02609	0.09808
16	0.00947	0.02882	0.00613	0.00535	0.00674	0.13582	0.00412	0.06710	0.02792	0.03469	0.01159	0.01298	0.00904	0.00454	0.00303	0.00097	0.00298	0.00349	0.62100	0.00421
17	0.00854	0.04912	0.03993	0.02123	0.00995	0.02781	0.02486	0.02986	0.05911	0.03852	0.01913	0.12836	0.00979	0.00482	0.00351	0.00092	0.00332	0.01830	0.00272	0.50020
18	0.00594	0.00400	0.00527	0.03805	0.00693	0.00378	0.00417	0.00691	0.00823	0.06162	0.06991	0.52210	0.11591	0.05728	0.00575	0.00166	0.00261	0.07272	0.00365	0.00352
19	0.07795	0.02219	0.00940	0.00735	0.01019	0.00770	0.00606	0.15781	0.10401	0.48479	0.01436	0.01400	0.02331	0.00515	0.00393	0.00125	0.00350	0.03642	0.00434	0.00631
20	0.03218	0.18825	0.09548	0.02437	0.03519	0.12571	0.03998	0.15063	0.20520	0.03083	0.00932	0.00974	0.00718	0.00436	0.00382	0.00116	0.02483	0.00330	0.00278	0.00568
21	0.02566	0.03864	0.12383	0.08251	0.01309	0.05249	0.04056	0.23963	0.13271	0.03886	0.01130	0.08488	0.02360	0.00639	0.04381	0.00149	0.00469	0.00430	0.00306	0.02849
22	0.03653	0.07202	0.04375	0.00943	0.06846	0.02035	0.03135	0.41701	0.02971	0.01889	0.02082	0.00931	0.00680	0.00413	0.00362	0.00104	0.00413	0.00323	0.00311	0.19632

[dist]
# distance from previous block
# <min> <max>
0	6

[block]
# block no. 10 follows, 68 sequences, length 6
# corresponding to MSA columns:
# 619-624
name=unknown_K
#
# <colnr> <probs for GDERKNQSTAVLIFYWHMCP>
#	G	D	E	R	K	N	Q	S	T	A	V	L	I	F	Y	W	H	M	C	P
0	0.00617	0.00450	0.00539	0.00510	0.00626	0.00425	0.00381	0.00854	0.08378	0.04290	0.47530	0.06625	0.22357	0.04019	0.00519	0.00139	0.00216	0.00723	0.00409	0.00391
1	0.00712	0.00502	0.00585	0.06076	0.00751	0.03900	0.00452	0.00867	0.00775	0.01201	0.01270	0.05926	0.03466	0.04338	0.18371	0.00235	0.06347	0.02588	0.41268	0.00370
2	0.00688	0.00447	0.00542	0.00510	0.00637	0.00406	0.00386	0.00856	0.03483	0.11083	0.34191	0.07372	0.28632	0.05248	0.00543	0.00145	0.00232	0.03800	0.00404	0.00395
3	0.01000	0.24916	0.12762	0.05463	0.08031	0.06659	0.09793	0.02799	0.02779	0.06872	0.00977	0.06551	0.04089	0.00476	0.00419	0.00118	0.05158	0.00387	0.00231	0.00519
4	0.00661	0.00526	0.00646	0.04620	0.04784	0.00506	0.00471	0.00938	0.11747	0.03504	0.24996	0.08908	0.28509	0.00784	0.00441	0.00127	0.00253	0.00674	0.00368	0.06536
5	0.03155	0.09228	0.01026	0.00717	0.01015	0.04823	0.00585	0.16661	0.16440	0.03540	0.04684	0.01052	0.00859	0.00414	0.00342	0.00095	0.00354	0.00322	0.00305	0.34384

[dist]
# distance from previous block
# <min> <max>
11	90

[block]
# block no. 11 follows, 68 sequences, length 11
# corresponding to MSA columns:
# 719-729
name=unknown_L
#
# <colnr> <probs for GDERKNQSTAVLIFYWHMCP>
#	G	D	E	R	K	N	Q	S	T	A	V	L	I	F	Y	W	H	M	C	P
0	0.05582	0.18167	0.05046	0.14966	0.04473	0.08145	0.01635	0.10351	0.04191	0.09243	0.06255	0.05707	0.02328	0.00486	0.00367	0.00116	0.00430	0.00388	0.00277	0.01848
1	0.20237	0.11380	0.01119	0.09969	0.06977	0.05857	0.04669	0.05339	0.18432	0.03260	0.05585	0.02618	0.02060	0.00461	0.00355	0.00121	0.00397	0.00368	0.00282	0.00515
2	0.03910	0.07298	0.04364	0.02392	0.06002	0.04251	0.13827	0.03044	0.18641	0.02752	0.10795	0.03974	0.03552	0.07496	0.04030	0.00168	0.02245	0.00471	0.00291	0.00494
3	0.00825	0.05345	0.06376	0.00704	0.00872	0.03868	0.00580	0.14384	0.09520	0.01297	0.01423	0.17078	0.05225	0.10161	0.18658	0.00268	0.00522	0.02151	0.00299	0.00445
4	0.01259	0.00879	0.01028	0.20105	0.04646	0.12121	0.00751	0.08187	0.01041	0.29212	0.01130	0.01195	0.03504	0.00585	0.04609	0.00145	0.02630	0.00367	0.00318	0.06289
5	0.00734	0.00553	0.05332	0.02719	0.03187	0.00489	0.00469	0.02335	0.05575	0.04291	0.19393	0.06324	0.07611	0.00712	0.03663	0.00135	0.00280	0.00521	0.35258	0.00417
6	0.00563	0.00408	0.00568	0.00574	0.00622	0.00452	0.00415	0.00660	0.00629	0.00885	0.01195	0.07891	0.01234	0.25966	0.55523	0.00533	0.00814	0.00517	0.00231	0.00320
7	0.01025	0.46885	0.10812	0.03870	0.05266	0.04054	0.00790	0.08686	0.05174	0.01193	0.03214	0.00998	0.00739	0.03281	0.00377	0.00113	0.00443	0.02332	0.00220	0.00524
8	0.00535	0.00402	0.00496	0.00529	0.00602	0.00374	0.00373	0.00679	0.04303	0.01164	0.18332	0.45051	0.15486	0.04658	0.00547	0.00155	0.00232	0.02791	0.00374	0.02917
9	0.02918	0.08185	0.03595	0.09310	0.15463	0.06124	0.02849	0.13181	0.03833	0.05385	0.00951	0.09059	0.00843	0.03217	0.00476	0.00127	0.04607	0.00408	0.00265	0.09205
10	0.08989	0.14262	0.12970	0.04823	0.03566	0.12176	0.10873	0.09732	0.00999	0.04361	0.04675	0.02824	0.02139	0.00429	0.00363	0.00113	0.00483	0.00349	0.00245	0.05630

[dist]
# distance from previous block
# <min> <max>
25	45

[block]
# block no. 12 follows, 68 sequences, length 22
