[name]
unknown

[dist]
# distance from previous block
# <min> <max>
0	207

[block]
# block no. 0 follows, 89 sequences, length 14
# corresponding to MSA columns:
# 216-229
name=unknown_A
#
# <colnr> <probs for GDERKNQSTAVLIFYWHMCP>
#	G	D	E	R	K	N	Q	S	T	A	V	L	I	F	Y	W	H	M	C	P
0	0.05406	0.06833	0.14747	0.00746	0.08777	0.06836	0.00623	0.03483	0.06128	0.20228	0.11239	0.01122	0.00923	0.00395	0.00307	0.00094	0.00325	0.03942	0.00255	0.07591
1	0.05609	0.15232	0.16955	0.01831	0.09398	0.03880	0.05707	0.08669	0.08166	0.05310	0.06813	0.00957	0.00739	0.06506	0.00410	0.00111	0.02770	0.00296	0.00210	0.00430
2	0.05892	0.17046	0.49731	0.00849	0.07271	0.00818	0.00914	0.03584	0.02321	0.04498	0.02396	0.00720	0.00502	0.00314	0.00283	0.00094	0.00402	0.00240	0.01668	0.00456
3	0.00779	0.33513	0.01754	0.01018	0.01312	0.00959	0.50880	0.00979	0.00711	0.00917	0.00614	0.03988	0.00518	0.00299	0.00315	0.00094	0.00453	0.00321	0.00158	0.00418
4	0.00599	0.07179	0.02820	0.06092	0.09531	0.04843	0.04266	0.00791	0.07425	0.01004	0.25249	0.07075	0.10465	0.09455	0.01730	0.00128	0.00290	0.00463	0.00250	0.00347
5	0.00430	0.00326	0.00396	0.00378	0.00464	0.00292	0.00284	0.00559	0.00851	0.01153	0.60566	0.02606	0.29121	0.00703	0.00378	0.00103	0.00154	0.00609	0.00335	0.00292
6	0.00888	0.31950	0.01093	0.00646	0.00857	0.16370	0.00541	0.01364	0.40866	0.01034	0.00857	0.00845	0.00677	0.00359	0.00277	0.00090	0.00342	0.00267	0.00231	0.00449
7	0.00653	0.00555	0.00653	0.00482	0.00752	0.00423	0.00389	0.00796	0.00669	0.01037	0.00647	0.00869	0.00569	0.00282	0.00251	0.00054	0.00241	0.06063	0.00197	0.84416
8	0.00549	0.00381	0.06452	0.00455	0.00492	0.00322	0.00345	0.00474	0.00446	0.00607	0.00609	0.01044	0.00602	0.06571	0.08017	0.71681	0.00339	0.00292	0.00145	0.00177
9	0.00928	0.27588	0.08241	0.00686	0.00920	0.23502	0.00606	0.07620	0.22897	0.01032	0.00774	0.00793	0.02403	0.00352	0.00279	0.00088	0.00388	0.00255	0.00210	0.00438
10	0.00453	0.00327	0.00428	0.00403	0.00478	0.00302	0.00302	0.00604	0.00906	0.01284	0.86585	0.02391	0.03020	0.00654	0.00378	0.00101	0.00151	0.00579	0.00352	0.00302
11	0.00815	0.00917	0.21992	0.02718	0.05408	0.01993	0.13685	0.13176	0.09434	0.09775	0.07108	0.01157	0.08173	0.00402	0.00333	0.00102	0.00365	0.00353	0.01642	0.00453
12	0.42246	0.00657	0.00644	0.00539	0.00750	0.00723	0.00439	0.16204	0.14337	0.16577	0.03434	0.00829	0.00642	0.00363	0.00267	0.00100	0.00268	0.00262	0.00280	0.00441
13	0.14702	0.00770	0.08043	0.00737	0.08298	0.03001	0.00585	0.20233	0.04723	0.30533	0.04586	0.00918	0.00707	0.00372	0.00303	0.00098	0.00315	0.00291	0.00296	0.00489

[dist]
# distance from previous block
# <min> <max>
0	7

[block]
# block no. 1 follows, 89 sequences, length 19
# corresponding to MSA columns:
# 237-255
name=unknown_B
#
# <colnr> <probs for GDERKNQSTAVLIFYWHMCP>
#	G	D	E	R	K	N	Q	S	T	A	V	L	I	F	Y	W	H	M	C	P
0	0.00753	0.01433	0.01798	0.01102	0.26651	0.01746	0.15122	0.02216	0.10270	0.09235	0.05760	0.15778	0.03472	0.00483	0.00351	0.00107	0.00332	0.02716	0.00244	0.00430
1	0.28792	0.02417	0.07523	0.00578	0.00827	0.01696	0.02911	0.04266	0.03258	0.38072	0.01953	0.00846	0.00614	0.00348	0.00278	0.00096	0.00292	0.00264	0.00285	0.04684
2	0.00400	0.00324	0.00345	0.00341	0.00433	0.00280	0.00250	0.00486	0.00739	0.00920	0.18263	0.02869	0.63902	0.08457	0.00487	0.00124	0.00173	0.00640	0.00298	0.00269
3	0.00906	0.76078	0.01564	0.00588	0.00846	0.13952	0.00558	0.01006	0.00688	0.00758	0.00452	0.00523	0.00411	0.00282	0.00218	0.00071	0.00377	0.00176	0.00141	0.00405
4	0.00457	0.00343	0.00514	0.00514	0.00572	0.00400	0.00400	0.00572	0.00514	0.00743	0.00857	0.01258	0.00800	0.02401	0.87482	0.00514	0.00857	0.00343	0.00171	0.00286
5	0.00807	0.50665	0.15570	0.00637	0.00905	0.07891	0.02911	0.00957	0.00698	0.03702	0.05262	0.07376	0.00696	0.00363	0.00262	0.00084	0.00363	0.00274	0.00172	0.00406
6	0.00904	0.00717	0.01152	0.04804	0.62076	0.00718	0.00856	0.03277	0.05811	0.15378	0.00756	0.00867	0.00580	0.00316	0.00318	0.00097	0.00356	0.00296	0.00211	0.00509
7	0.00390	0.00289	0.00364	0.00420	0.00458	0.00263	0.00286	0.00454	0.00646	0.00842	0.04758	0.68615	0.19142	0.00953	0.00402	0.00125	0.00180	0.00852	0.00299	0.00263
8	0.00533	0.00417	0.00441	0.00407	0.00530	0.00399	0.00312	0.11998	0.05157	0.01107	0.11741	0.05063	0.54026	0.00697	0.00360	0.00104	0.00191	0.00582	0.05609	0.00324
9	0.00793	0.06322	0.12606	0.07656	0.25947	0.03000	0.07023	0.09862	0.05710	0.04534	0.12524	0.01016	0.00866	0.00364	0.00322	0.00098	0.00365	0.00323	0.00216	0.00453
10	0.00714	0.04362	0.19061	0.19373	0.23236	0.00781	0.25913	0.00966	0.00704	0.00974	0.00597	0.00791	0.00459	0.00291	0.00329	0.00102	0.00454	0.00298	0.00150	0.00443
11	0.00483	0.00304	0.00362	0.00362	0.00362	0.00304	0.00210	0.00456	0.00456	0.00608	0.00921	0.01878	0.01046	0.71834	0.01556	0.17756	0.00304	0.00429	0.00183	0.00183
12	0.73687	0.00665	0.00550	0.00509	0.03474	0.05422	0.00395	0.01026	0.00610	0.10442	0.00540	0.00592	0.00403	0.00309	0.00220	0.00098	0.00273	0.00195	0.00216	0.00374
13	0.00916	0.00674	0.00727	0.00619	0.00809	0.00749	0.00491	0.21686	0.47390	0.08212	0.03348	0.01115	0.00894	0.00418	0.00314	0.00101	0.00264	0.00340	0.10443	0.00490
14	0.00883	0.00824	0.05821	0.11775	0.30562	0.02325	0.04254	0.26283	0.08644	0.01319	0.00728	0.00866	0.00565	0.00387	0.02238	0.00109	0.00391	0.01319	0.00221	0.00485
15	0.00721	0.00604	0.00947	0.08859	0.39748	0.00614	0.00711	0.00866	0.00686	0.07454	0.00873	0.19040	0.00846	0.00462	0.00385	0.00102	0.07079	0.00408	0.00206	0.09389
16	0.00396	0.00320	0.00339	0.00344	0.00438	0.00275	0.00254	0.00482	0.00727	0.00900	0.09864	0.09672	0.67188	0.03092	0.00410	0.00114	0.00168	0.01827	0.02919	0.00271
17	0.04207	0.45031	0.05652	0.00624	0.00870	0.09056	0.00572	0.10368	0.16363	0.01041	0.00684	0.03048	0.00572	0.00342	0.00258	0.00085	0.00348	0.00245	0.00200	0.00436
18	0.01747	0.15129	0.22103	0.00960	0.07527	0.00826	0.21983	0.03920	0.03691	0.05084	0.02026	0.00773	0.00524	0.00317	0.00349	0.00096	0.05569	0.00279	0.00178	0.06919

[dist]
# distance from previous block
# <min> <max>
0	1

[block]
# block no. 2 follows, 89 sequences, length 27
# corresponding to MSA columns:
# 257-283
name=unknown_C
#
# <colnr> <probs for GDERKNQSTAVLIFYWHMCP>
#	G	D	E	R	K	N	Q	S	T	A	V	L	I	F	Y	W	H	M	C	P
0	0.06950	0.11522	0.48539	0.00771	0.01146	0.00748	0.03546	0.02279	0.00726	0.18192	0.00693	0.00736	0.00485	0.00317	0.00290	0.00096	0.00399	0.00246	0.00196	0.02122
1	0.00507	0.02517	0.00548	0.00529	0.00604	0.00436	0.03596	0.00748	0.17954	0.00936	0.02406	0.56197	0.06712	0.00814	0.00402	0.00122	0.02740	0.01616	0.00290	0.00324
2	0.00429	0.00302	0.00375	0.00415	0.00463	0.00274	0.00285	0.00495	0.00656	0.03625	0.06744	0.56872	0.20845	0.06068	0.00469	0.00133	0.00189	0.00794	0.00297	0.00270
3	0.00879	0.20246	0.25926	0.05976	0.06610	0.07061	0.09192	0.03171	0.00753	0.14293	0.00687	0.02645	0.00523	0.00327	0.00296	0.00094	0.00410	0.00269	0.00191	0.00452
4	0.00613	0.00639	0.06023	0.80100	0.04883	0.00715	0.00909	0.00835	0.00645	0.00837	0.00570	0.00841	0.00428	0.00318	0.00319	0.00106	0.00428	0.00282	0.00142	0.00367
5	0.00444	0.00309	0.00353	0.00362	0.00384	0.00298	0.00222	0.00467	0.00538	0.00701	0.03384	0.12783	0.14806	0.59655	0.01234	0.01711	0.00267	0.01637	0.00227	0.00217
6	0.00673	0.01408	0.63955	0.04431	0.08348	0.00752	0.06902	0.01059	0.07519	0.01035	0.00640	0.00747	0.00466	0.00311	0.00313	0.00102	0.00451	0.00262	0.00154	0.00471
7	0.00770	0.02442	0.09332	0.30845	0.30114	0.05278	0.07420	0.02452	0.02582	0.04798	0.00631	0.00813	0.00485	0.00310	0.00318	0.00100	0.00419	0.00285	0.00168	0.00440
8	0.00565	0.00345	0.00443	0.00425	0.00516	0.00311	0.00316	0.00679	0.00810	0.13138	0.41800	0.23337	0.14628	0.00726	0.00377	0.00109	0.00178	0.00638	0.00337	0.00321
9	0.00828	0.00681	0.00721	0.00639	0.00822	0.00778	0.00500	0.07894	0.73700	0.03291	0.01293	0.01198	0.02641	0.00435	0.00323	0.00106	0.00256	0.00360	0.03034	0.00499
10	0.81344	0.00635	0.00542	0.00487	0.02530	0.00721	0.02266	0.03759	0.00589	0.01426	0.00468	0.00546	0.00364	0.00297	0.00210	0.00098	0.00260	0.00185	0.00200	0.03071
11	0.00732	0.00753	0.03634	0.07017	0.33652	0.00822	0.14274	0.00894	0.00639	0.00927	0.00551	0.00783	0.00472	0.00395	0.00589	0.01833	0.29844	0.00297	0.01470	0.00422
12	0.00730	0.00815	0.12346	0.09674	0.42456	0.00674	0.02084	0.02707	0.00713	0.01039	0.00591	0.00751	0.00478	0.00281	0.00296	0.00085	0.00362	0.00256	0.00165	0.23497
13	0.00782	0.00516	0.00630	0.00488	0.00716	0.00417	0.00385	0.01963	0.01632	0.18528	0.07132	0.10637	0.00917	0.00390	0.00285	0.00073	0.00233	0.00329	0.01426	0.52518
14	0.00716	0.00706	0.00980	0.00837	0.00845	0.00981	0.00698	0.03341	0.00521	0.00808	0.00431	0.00702	0.00424	0.00555	0.01028	0.00139	0.85506	0.00280	0.00146	0.00356
15	0.00644	0.00611	0.00876	0.21685	0.01132	0.00747	0.01889	0.00768	0.00580	0.00848	0.02265	0.02234	0.03027	0.00514	0.03463	0.00125	0.41098	0.00295	0.00162	0.17036
16	0.00454	0.00305	0.00370	0.00393	0.00403	0.00302	0.00245	0.00472	0.00516	0.00688	0.01211	0.23162	0.01403	0.56826	0.02727	0.04257	0.00287	0.05543	0.00222	0.00215
17	0.00409	0.00295	0.00387	0.00453	0.00486	0.00277	0.00320	0.00477	0.00634	0.00834	0.01839	0.67754	0.08271	0.03806	0.00450	0.00137	0.00203	0.12410	0.00293	0.00263
18	0.00632	0.00594	0.00997	0.67814	0.15123	0.00705	0.02131	0.00854	0.02791	0.00869	0.00641	0.04300	0.00520	0.00344	0.00324	0.00106	0.00407	0.00313	0.00156	0.00380
19	0.00651	0.00630	0.01000	0.73867	0.12661	0.04128	0.00890	0.00856	0.00662	0.00845	0.00570	0.00835	0.00436	0.00316	0.00318	0.00104	0.00427	0.00281	0.00145	0.00375
20	0.76336	0.05839	0.00595	0.03807	0.01990	0.04165	0.00402	0.01962	0.00583	0.01348	0.00458	0.00542	0.00361	0.00299	0.00210	0.00097	0.00276	0.00182	0.00192	0.00356
21	0.00457	0.00345	0.00411	0.00425	0.00510	0.00321	0.00324	0.02177	0.02854	0.02312	0.14308	0.20923	0.36825	0.00867	0.03181	0.00130	0.00215	0.12820	0.00303	0.00292
22	0.00521	0.00326	0.00381	0.00368	0.00391	0.00319	0.00222	0.00545	0.00542	0.05761	0.10750	0.02069	0.01353	0.73555	0.01410	0.00274	0.00290	0.00470	0.00224	0.00227
23	0.00466	0.00312	0.00357	0.00358	0.00362	0.00313	0.00206	0.00474	0.00482	0.00645	0.02950	0.02120	0.01214	0.83525	0.02960	0.00305	0.00315	0.02235	0.00199	0.00200
24	0.01250	0.00844	0.00928	0.00711	0.00966	0.00914	0.00588	0.73056	0.01417	0.14773	0.00843	0.00817	0.00582	0.00386	0.00320	0.00097	0.00340	0.00293	0.00332	0.00544
25	0.00691	0.00890	0.17528	0.00873	0.00975	0.00929	0.03882	0.00826	0.00535	0.00826	0.00458	0.00702	0.00420	0.00501	0.00883	0.00131	0.68158	0.00275	0.00140	0.00377
26	0.00605	0.00569	0.00960	0.87981	0.02205	0.00711	0.00889	0.00818	0.00640	0.00818	0.00569	0.00853	0.00427	0.00320	0.00320	0.00107	0.00427	0.00284	0.00142	0.00356

[dist]
# distance from previous block
# <min> <max>
0	1

[block]
# block no. 3 follows, 89 sequences, length 62
# corresponding to MSA columns:
# 285-346
name=unknown_D
#
# <colnr> <probs for GDERKNQSTAVLIFYWHMCP>
#	G	D	E	R	K	N	Q	S	T	A	V	L	I	F	Y	W	H	M	C	P
0	0.00833	0.79489	0.10928	0.00587	0.00883	0.01210	0.00616	0.00964	0.00653	0.00781	0.00459	0.00531	0.00410	0.00277	0.00216	0.00072	0.00356	0.00178	0.00137	0.00418
1	0.00447	0.00312	0.00394	0.00435	0.00462	0.00304	0.00303	0.00504	0.00595	0.00788	0.04240	0.33015	0.03726	0.34322	0.00878	0.00201	0.00254	0.18316	0.00259	0.00244
2	0.03579	0.19149	0.13799	0.00751	0.00951	0.21527	0.00687	0.05722	0.07341	0.00938	0.00559	0.00671	0.00466	0.00400	0.01330	0.00104	0.21210	0.00238	0.00171	0.00408
3	0.00763	0.00700	0.01930	0.05150	0.25674	0.03876	0.16605	0.04835	0.11290	0.05340	0.03622	0.14909	0.00914	0.00449	0.00358	0.00106	0.01697	0.01121	0.00227	0.00434
4	0.00392	0.00323	0.00345	0.00350	0.00448	0.00276	0.00263	0.00481	0.00741	0.00909	0.11715	0.08355	0.69603	0.00809	0.00382	0.00110	0.00167	0.03754	0.00303	0.00274
5	0.00389	0.00282	0.00368	0.00437	0.00462	0.00261	0.00293	0.00447	0.00621	0.00820	0.01865	0.82747	0.07847	0.00990	0.00407	0.00129	0.00184	0.00894	0.00297	0.00261
6	0.01712	0.55809	0.05078	0.00618	0.00862	0.14004	0.00573	0.01097	0.11841	0.01770	0.00611	0.02782	0.00530	0.00327	0.00252	0.00080	0.01240	0.00225	0.00173	0.00417
7	0.00672	0.00515	0.04861	0.22801	0.07326	0.00495	0.00578	0.00829	0.02201	0.13929	0.05769	0.27665	0.02045	0.00607	0.01737	0.00117	0.01788	0.01536	0.04163	0.00366
8	0.00531	0.00401	0.00584	0.02500	0.04191	0.00456	0.00442	0.00645	0.00585	0.04542	0.07180	0.03227	0.06387	0.02824	0.55978	0.00371	0.08257	0.00385	0.00201	0.00312
9	0.00680	0.01574	0.80007	0.00945	0.05061	0.00734	0.01146	0.01034	0.00687	0.04368	0.00602	0.00697	0.00425	0.00307	0.00305	0.00101	0.00461	0.00242	0.00146	0.00477
10	0.00857	0.00896	0.01382	0.06360	0.25241	0.14169	0.32469	0.04015	0.00779	0.03782	0.00621	0.00798	0.00489	0.00336	0.01410	0.00106	0.05369	0.00309	0.00172	0.00440
11	0.52232	0.00747	0.00765	0.01871	0.23860	0.09730	0.01414	0.00975	0.00634	0.01228	0.00507	0.00628	0.00412	0.00355	0.02545	0.00108	0.01202	0.00216	0.00182	0.00392
12	0.03114	0.02062	0.19937	0.06359	0.51092	0.00760	0.09176	0.00980	0.00709	0.01030	0.00604	0.00795	0.00487	0.00296	0.00317	0.00099	0.00414	0.01139	0.00155	0.00476
13	0.00698	0.02708	0.04515	0.00610	0.04869	0.00520	0.03435	0.04030	0.02947	0.01075	0.00601	0.00698	0.00491	0.00279	0.01222	0.00063	0.00279	0.00212	0.00192	0.70555
14	0.00464	0.00310	0.00350	0.00351	0.00352	0.00309	0.00196	0.00465	0.00469	0.00625	0.01026	0.04141	0.01186	0.86674	0.01600	0.00306	0.00307	0.00476	0.00196	0.00196
15	0.00461	0.00328	0.00438	0.00442	0.00473	0.00356	0.00309	0.00524	0.00501	0.00696	0.00968	0.03725	0.01020	0.40618	0.45095	0.00405	0.00584	0.02625	0.00188	0.00245
16	0.00393	0.00284	0.00372	0.00442	0.00468	0.00263	0.00300	0.00452	0.00623	0.00824	0.01850	0.81270	0.07100	0.00988	0.00408	0.00129	0.00187	0.03089	0.00297	0.00262
17	0.00457	0.00343	0.00514	0.00514	0.00572	0.00400	0.00400	0.00572	0.00514	0.00743	0.00857	0.01258	0.00800	0.02401	0.87482	0.00514	0.00857	0.00343	0.00171	0.00286
18	0.00796	0.00688	0.00724	0.00651	0.00832	0.00796	0.00507	0.01701	0.86175	0.01339	0.01303	0.01194	0.00977	0.00434	0.00326	0.00109	0.00253	0.00362	0.00326	0.00507
19	0.91011	0.00619	0.00470	0.00421	0.00619	0.00718	0.00347	0.00941	0.00545	0.01436	0.00446	0.00520	0.00347	0.00297	0.00198	0.00099	0.00248	0.00173	0.00198	0.00347
20	0.00605	0.00569	0.00960	0.87981	0.02205	0.00711	0.00889	0.00818	0.00640	0.00818	0.00569	0.00853	0.00427	0.00320	0.00320	0.00107	0.00427	0.00284	0.00142	0.00356
21	0.91011	0.00619	0.00470	0.00421	0.00619	0.00718	0.00347	0.00941	0.00545	0.01436	0.00446	0.00520	0.00347	0.00297	0.00198	0.00099	0.00248	0.00173	0.00198	0.00347
22	0.00676	0.00569	0.00665	0.00476	0.00760	0.00427	0.00381	0.00818	0.00668	0.02387	0.00580	0.00670	0.00479	0.00240	0.00238	0.00048	0.00238	0.00192	0.00193	0.89297
23	0.01217	0.00897	0.00961	0.00737	0.00993	0.00993	0.00608	0.85686	0.01505	0.02017	0.00769	0.00769	0.00544	0.00384	0.00320	0.00096	0.00352	0.00288	0.00320	0.00544
24	0.01191	0.00884	0.00946	0.00731	0.00983	0.00981	0.00602	0.80488	0.06746	0.01975	0.00802	0.00795	0.00571	0.00387	0.00321	0.00097	0.00346	0.00293	0.00321	0.00542
25	0.14391	0.43478	0.24363	0.00706	0.04315	0.03923	0.02202	0.00990	0.01429	0.00948	0.00499	0.00583	0.00410	0.00289	0.00242	0.00084	0.00375	0.00200	0.00150	0.00421
26	0.01258	0.00778	0.00879	0.00679	0.00927	0.00823	0.00559	0.56576	0.04624	0.27087	0.00939	0.00885	0.00638	0.00390	0.00320	0.00097	0.00322	0.00301	0.01378	0.00540
27	0.00492	0.00351	0.00488	0.00559	0.00623	0.00347	0.00471	0.00623	0.00719	0.00942	0.03973	0.18723	0.01923	0.00899	0.00434	0.00143	0.00271	0.67434	0.00297	0.00289
28	0.00700	0.00700	0.00980	0.00840	0.00840	0.00980	0.00700	0.00770	0.00490	0.00770	0.00420	0.00700	0.00420	0.00560	0.01050	0.00140	0.88164	0.00280	0.00140	0.00350
29	0.00414	0.00306	0.00389	0.00430	0.00481	0.00281	0.00310	0.00503	0.00707	0.00937	0.19744	0.47064	0.17177	0.00884	0.00400	0.00122	0.00185	0.09084	0.00308	0.00274
30	0.91011	0.00619	0.00470	0.00421	0.00619	0.00718	0.00347	0.00941	0.00545	0.01436	0.00446	0.00520	0.00347	0.00297	0.00198	0.00099	0.00248	0.00173	0.00198	0.00347
31	0.00700	0.00700	0.00980	0.00840	0.00840	0.00980	0.00700	0.00770	0.00490	0.00770	0.00420	0.00700	0.00420	0.00560	0.01050	0.00140	0.88164	0.00280	0.00140	0.00350
32	0.00562	0.00409	0.00506	0.00532	0.00613	0.00423	0.00405	0.00847	0.21016	0.04718	0.03693	0.42312	0.01747	0.00805	0.00392	0.00127	0.00230	0.20013	0.00309	0.00340
33	0.00417	0.00331	0.00376	0.00369	0.00464	0.00292	0.00280	0.00536	0.01687	0.01031	0.34512	0.02825	0.50603	0.00751	0.00380	0.00107	0.00165	0.04272	0.00318	0.00286
34	0.00673	0.00575	0.00669	0.00479	0.00763	0.00436	0.00383	0.02244	0.00678	0.01060	0.00572	0.00666	0.00475	0.00240	0.00238	0.00048	0.00239	0.00191	0.00192	0.89179
35	0.00462	0.00309	0.00350	0.00354	0.00355	0.00308	0.00199	0.00465	0.00473	0.00631	0.01046	0.06431	0.01212	0.84349	0.01568	0.00301	0.00304	0.00488	0.00199	0.00197
36	0.00462	0.00519	0.12021	0.00472	0.00613	0.00371	0.00426	0.01794	0.02826	0.00957	0.10783	0.13531	0.41662	0.01571	0.00389	0.00116	0.00228	0.10666	0.00281	0.00311
37	0.00461	0.00310	0.00353	0.00357	0.00366	0.00306	0.00209	0.00476	0.00504	0.00675	0.04086	0.06482	0.04495	0.75664	0.01443	0.00281	0.00290	0.01448	0.01586	0.00207
38	0.00780	0.00647	0.00662	0.00599	0.00763	0.02839	0.00464	0.02899	0.68581	0.01312	0.01232	0.01172	0.00930	0.00421	0.00308	0.00102	0.00246	0.00346	0.15227	0.00470
39	0.00801	0.00756	0.01297	0.03233	0.81767	0.00755	0.02950	0.00992	0.00732	0.02750	0.00616	0.00801	0.00511	0.00288	0.00318	0.00096	0.00383	0.00288	0.00163	0.00504
40	0.00547	0.00322	0.02706	0.00441	0.00461	0.00305	0.00316	0.00451	0.00435	0.00590	0.00592	0.00999	0.00581	0.01242	0.11347	0.77723	0.00351	0.00285	0.00143	0.00165
41	0.00398	0.00284	0.00375	0.00446	0.00467	0.00266	0.00301	0.00455	0.00614	0.00816	0.01756	0.80625	0.03406	0.04298	0.00455	0.00137	0.00194	0.04154	0.00293	0.00259
42	0.00756	0.00863	0.01889	0.01349	0.01673	0.00809	0.85591	0.01025	0.00756	0.01025	0.00648	0.00863	0.00486	0.00270	0.00378	0.00108	0.00540	0.00378	0.00162	0.00432
43	0.00787	0.61194	0.27098	0.02394	0.01017	0.01100	0.00744	0.00972	0.00658	0.00832	0.00486	0.00569	0.00410	0.00284	0.00237	0.00079	0.00383	0.00193	0.00137	0.00428
44	0.00609	0.00402	0.00505	0.00461	0.00570	0.00391	0.00354	0.00861	0.12912	0.10710	0.60640	0.03480	0.03402	0.00608	0.00366	0.00103	0.00183	0.02734	0.00350	0.00356
45	0.00466	0.00310	0.00349	0.00349	0.00349	0.00310	0.00194	0.00466	0.00466	0.00621	0.01009	0.02095	0.01164	0.88750	0.01629	0.00310	0.00310	0.00466	0.00194	0.00194
46	0.04798	0.64344	0.02823	0.00671	0.04225	0.13221	0.03421	0.01005	0.00687	0.00812	0.00467	0.00550	0.00414	0.00286	0.00236	0.00075	0.01222	0.00190	0.00145	0.00407
47	0.00507	0.00336	0.00426	0.00397	0.00484	0.00308	0.00300	0.00650	0.00875	0.05665	0.68732	0.02306	0.10421	0.00636	0.00364	0.00100	0.00158	0.00555	0.06469	0.00311
48	0.00671	0.00569	0.00676	0.03888	0.00816	0.00438	0.00400	0.00816	0.00666	0.02115	0.00578	0.00677	0.00476	0.00242	0.00241	0.00050	0.00245	0.00195	0.00190	0.86049
49	0.00390	0.00280	0.00370	0.00442	0.00463	0.00260	0.00296	0.00446	0.00616	0.00818	0.01805	0.86183	0.04449	0.00998	0.00408	0.00129	0.00185	0.00904	0.00297	0.00260
50	0.00446	0.00326	0.00413	0.00392	0.00471	0.00298	0.00294	0.00589	0.00881	0.01232	0.75295	0.02455	0.12962	0.00669	0.00375	0.00101	0.00152	0.00586	0.01764	0.00298
51	0.00383	0.00324	0.00327	0.00326	0.00430	0.00272	0.00242	0.00462	0.00722	0.00861	0.04352	0.03033	0.82152	0.04176	0.00426	0.00116	0.00168	0.00666	0.00294	0.00268
52	0.00689	0.00864	0.13081	0.01127	0.01417	0.00706	0.55953	0.00946	0.00741	0.01009	0.00862	0.01428	0.00766	0.00406	0.00382	0.00116	0.00478	0.18434	0.00187	0.00408
53	0.00411	0.00299	0.00391	0.00456	0.00494	0.00280	0.00328	0.00486	0.00650	0.00852	0.02943	0.63688	0.11484	0.00957	0.00410	0.00130	0.00201	0.14974	0.00297	0.00268
54	0.00802	0.00691	0.00727	0.00653	0.00835	0.00799	0.00508	0.02916	0.84950	0.01349	0.01295	0.01188	0.00971	0.00434	0.00326	0.00108	0.00255	0.00361	0.00326	0.00507
55	0.00856	0.88943	0.01677	0.00548	0.00822	0.01267	0.00548	0.00959	0.00650	0.00753	0.00445	0.00513	0.00411	0.00274	0.00205	0.00068	0.00342	0.00171	0.00137	0.00411
56	0.00856	0.88943	0.01677	0.00548	0.00822	0.01267	0.00548	0.00959	0.00650	0.00753	0.00445	0.00513	0.00411	0.00274	0.00205	0.00068	0.00342	0.00171	0.00137	0.00411
57	0.00642	0.01656	0.87092	0.00912	0.01385	0.00743	0.01183	0.01014	0.00676	0.01014	0.00574	0.00676	0.00405	0.00304	0.00304	0.00101	0.00473	0.00237	0.00135	0.00473
58	0.00792	0.00761	0.01299	0.01965	0.86753	0.00761	0.00982	0.00982	0.00729	0.01046	0.00602	0.00792	0.00507	0.00285	0.00317	0.00095	0.00380	0.00285	0.00158	0.00507
59	0.00589	0.00363	0.00450	0.00426	0.00478	0.00373	0.00290	0.01779	0.03521	0.09676	0.03033	0.01729	0.01060	0.50721	0.21374	0.00315	0.00424	0.00414	0.02711	0.00273
60	0.00397	0.00287	0.00375	0.00443	0.00470	0.00267	0.00303	0.00458	0.00625	0.00825	0.01854	0.76819	0.08102	0.02314	0.00427	0.00132	0.00191	0.05153	0.00295	0.00261
61	0.00525	0.00314	0.00415	0.00410	0.00414	0.00328	0.00267	0.00470	0.00457	0.00629	0.00784	0.04462	0.00845	0.34257	0.01310	0.44487	0.04991	0.00372	0.04081	0.00182

[dist]
# distance from previous block
# <min> <max>
5	23

[block]
# block no. 4 follows, 89 sequences, length 33
# corresponding to MSA columns:
# 370-402
name=unknown_E
#
# <colnr> <probs for GDERKNQSTAVLIFYWHMCP>
#	G	D	E	R	K	N	Q	S	T	A	V	L	I	F	Y	W	H	M	C	P
0	0.02483	0.20276	0.56814	0.04706	0.03038	0.02451	0.02637	0.02392	0.00687	0.00971	0.00548	0.00652	0.00412	0.00299	0.00283	0.00094	0.00438	0.00227	0.00142	0.00451
1	0.00751	0.29804	0.32921	0.00896	0.06489	0.04616	0.13060	0.00982	0.00686	0.00910	0.00570	0.00721	0.00463	0.00390	0.04145	0.00109	0.00453	0.01452	0.00146	0.00434
2	0.00870	0.00475	0.00592	0.00506	0.00660	0.00463	0.00398	0.06323	0.11310	0.29495	0.28159	0.04308	0.04007	0.01762	0.04216	0.00122	0.00251	0.00436	0.05231	0.00417
3	0.00671	0.00713	0.07019	0.07769	0.27699	0.04718	0.07807	0.02230	0.00687	0.00935	0.00906	0.06243	0.05382	0.00732	0.13224	0.00168	0.06694	0.05822	0.00184	0.00396
4	0.10826	0.01871	0.09184	0.17329	0.30876	0.01638	0.06775	0.07824	0.00757	0.06485	0.00626	0.00776	0.00480	0.00317	0.00327	0.00100	0.02899	0.00275	0.00185	0.00451
5	0.00459	0.00327	0.00434	0.00458	0.00496	0.00341	0.00334	0.00532	0.00559	0.00756	0.01262	0.14443	0.03976	0.30113	0.28545	0.00314	0.00459	0.15714	0.00223	0.00253
6	0.12872	0.00615	0.00723	0.00579	0.00808	0.00615	0.00473	0.11195	0.15342	0.50348	0.01104	0.00998	0.00738	0.00388	0.00305	0.00100	0.00273	0.00305	0.01711	0.00509
7	0.00630	0.00575	0.00849	0.29370	0.12092	0.04575	0.05155	0.02069	0.01445	0.02088	0.08325	0.03701	0.06957	0.03820	0.09850	0.00159	0.03657	0.04128	0.00199	0.00357
8	0.00815	0.11708	0.46281	0.00897	0.03974	0.06566	0.09095	0.06716	0.03312	0.06755	0.00642	0.00721	0.00469	0.00314	0.00302	0.00096	0.00440	0.00255	0.00176	0.00467
9	0.01196	0.01526	0.00907	0.00825	0.00990	0.87465	0.00618	0.01278	0.00907	0.00783	0.00495	0.00577	0.00412	0.00330	0.00289	0.00082	0.00577	0.00206	0.00165	0.00371
10	0.01121	0.00478	0.00622	0.00505	0.00706	0.00414	0.00411	0.01237	0.00860	0.60340	0.02987	0.01665	0.20395	0.00513	0.00338	0.00102	0.00243	0.03748	0.02854	0.00462
11	0.00781	0.00728	0.01226	0.12679	0.71393	0.00747	0.00946	0.02659	0.00736	0.02320	0.00633	0.00861	0.00529	0.00305	0.00320	0.00098	0.00382	0.02006	0.00166	0.00485
12	0.00856	0.88943	0.01677	0.00548	0.00822	0.01267	0.00548	0.00959	0.00650	0.00753	0.00445	0.00513	0.00411	0.00274	0.00205	0.00068	0.00342	0.00171	0.00137	0.00411
13	0.00380	0.00324	0.00327	0.00326	0.00434	0.00271	0.00245	0.00463	0.00734	0.00876	0.05393	0.03063	0.84466	0.00807	0.00378	0.00108	0.00162	0.00673	0.00299	0.00271
14	0.00385	0.00323	0.00334	0.00334	0.00437	0.00272	0.00250	0.00470	0.00740	0.00896	0.09775	0.05696	0.77385	0.00804	0.00379	0.00108	0.00162	0.00675	0.00302	0.00272
15	0.01420	0.00571	0.00759	0.00582	0.00830	0.00510	0.00481	0.07885	0.00960	0.80588	0.01226	0.01065	0.00774	0.00395	0.00322	0.00099	0.00278	0.00319	0.00390	0.00545
16	0.00504	0.00309	0.00359	0.00362	0.00428	0.00296	0.00266	0.00631	0.00734	0.01123	0.28482	0.12953	0.06441	0.04691	0.00376	0.00105	0.00167	0.02782	0.38705	0.00288
17	0.91011	0.00619	0.00470	0.00421	0.00619	0.00718	0.00347	0.00941	0.00545	0.01436	0.00446	0.00520	0.00347	0.00297	0.00198	0.00099	0.00248	0.00173	0.00198	0.00347
18	0.00465	0.00311	0.00353	0.00352	0.00355	0.00310	0.00199	0.00472	0.00485	0.00650	0.04798	0.02108	0.01246	0.84849	0.01574	0.00301	0.00303	0.00471	0.00201	0.00199
19	0.00882	0.63714	0.01459	0.01907	0.06661	0.12589	0.00580	0.03404	0.00718	0.00819	0.00597	0.00667	0.04239	0.00310	0.00237	0.00075	0.00369	0.00211	0.00155	0.00409
20	0.00570	0.00505	0.02578	0.00530	0.03819	0.00398	0.02394	0.00707	0.00711	0.01030	0.13879	0.09668	0.12520	0.00474	0.00308	0.00079	0.00229	0.03273	0.00239	0.46090
21	0.00851	0.11301	0.28297	0.02064	0.25876	0.16352	0.02591	0.03737	0.02147	0.03032	0.00589	0.00700	0.00461	0.00306	0.00297	0.00092	0.00439	0.00247	0.00163	0.00460
22	0.00822	0.00839	0.01173	0.03727	0.66447	0.13604	0.00882	0.00988	0.00746	0.00987	0.00660	0.06430	0.00595	0.00339	0.00319	0.00096	0.00398	0.00314	0.00168	0.00467
23	0.00796	0.00688	0.00724	0.00651	0.00832	0.00796	0.00507	0.01701	0.86175	0.01339	0.01303	0.01194	0.00977	0.00434	0.00326	0.00109	0.00253	0.00362	0.00326	0.00507
24	0.00465	0.00312	0.00360	0.00360	0.00364	0.00316	0.00207	0.00472	0.00469	0.00629	0.00999	0.02041	0.01140	0.83172	0.07175	0.00324	0.00346	0.00458	0.00193	0.00200
25	0.00388	0.00326	0.00338	0.00345	0.00448	0.00276	0.00262	0.00472	0.00727	0.00870	0.03106	0.05128	0.79059	0.00820	0.00383	0.00111	0.00171	0.06199	0.00297	0.00272
26	0.00465	0.00314	0.00367	0.00367	0.00373	0.00320	0.00216	0.00477	0.00471	0.00634	0.00992	0.02005	0.01125	0.79502	0.10824	0.00332	0.00369	0.00452	0.00192	0.00204
27	0.01134	0.00856	0.00894	0.00704	0.00937	0.04245	0.00576	0.71349	0.03412	0.02899	0.00919	0.03425	0.03976	0.00425	0.00325	0.00098	0.00342	0.01567	0.01406	0.00511
28	0.00931	0.69708	0.01508	0.00609	0.00859	0.20233	0.00563	0.01029	0.00707	0.00760	0.00456	0.00528	0.00411	0.00286	0.00224	0.00072	0.00394	0.00179	0.00143	0.00402
29	0.00471	0.00340	0.00428	0.00457	0.00498	0.00342	0.00316	0.05091	0.03088	0.00873	0.04240	0.51665	0.02760	0.16513	0.09491	0.00198	0.00288	0.02396	0.00270	0.00276
30	0.00814	0.32683	0.30188	0.00843	0.04208	0.07605	0.10271	0.01933	0.01971	0.03613	0.00562	0.00658	0.00443	0.00303	0.00297	0.00090	0.02690	0.00235	0.00155	0.00440
31	0.00538	0.00391	0.00528	0.00506	0.00570	0.00442	0.00383	0.03376	0.04349	0.03589	0.00972	0.01425	0.03533	0.18317	0.55508	0.00403	0.04304	0.00372	0.00197	0.00297
32	0.00521	0.00385	0.00484	0.00503	0.00588	0.00379	0.00408	0.06110	0.02827	0.01054	0.17316	0.10775	0.15182	0.04224	0.00453	0.00133	0.00241	0.37805	0.00304	0.00306

[dist]
# distance from previous block
# <min> <max>
1	6

[block]
# block no. 5 follows, 89 sequences, length 54
# corresponding to MSA columns:
# 409-462
name=unknown_F
#
# <colnr> <probs for GDERKNQSTAVLIFYWHMCP>
#	G	D	E	R	K	N	Q	S	T	A	V	L	I	F	Y	W	H	M	C	P
0	0.15913	0.04168	0.06862	0.00620	0.00824	0.00673	0.01730	0.04888	0.00750	0.29904	0.05875	0.00895	0.00697	0.00399	0.00430	0.00102	0.16845	0.00281	0.00260	0.07885
1	0.00464	0.00312	0.00353	0.00356	0.00361	0.00310	0.00205	0.00471	0.00480	0.00637	0.01082	0.03283	0.02896	0.83447	0.01556	0.00299	0.00305	0.02782	0.00200	0.00199
2	0.00500	0.00429	0.04212	0.00537	0.00617	0.01468	0.00435	0.03896	0.00580	0.00816	0.00948	0.08853	0.00926	0.03674	0.67153	0.00426	0.00730	0.03307	0.00191	0.00301
3	0.00689	0.00987	0.30228	0.10161	0.14142	0.00692	0.13911	0.00991	0.06532	0.03526	0.00824	0.04516	0.00706	0.00401	0.00347	0.00109	0.01284	0.09332	0.00188	0.00435
4	0.01140	0.01414	0.00879	0.00799	0.00964	0.76537	0.00601	0.01313	0.10210	0.00852	0.02037	0.00675	0.00518	0.00347	0.00294	0.00086	0.00535	0.00229	0.00186	0.00385
5	0.00487	0.00360	0.00430	0.00419	0.00517	0.00334	0.00326	0.00656	0.05833	0.03910	0.38231	0.02680	0.32450	0.00718	0.00381	0.00110	0.00183	0.11341	0.00325	0.00310
6	0.00560	0.00413	0.00473	0.00454	0.00541	0.02544	0.00338	0.06243	0.08234	0.01804	0.31387	0.17745	0.10098	0.00728	0.02083	0.06218	0.00215	0.01427	0.08176	0.00317
7	0.00667	0.00811	0.15505	0.42590	0.27526	0.00723	0.03564	0.00898	0.00676	0.00926	0.00612	0.02982	0.00491	0.00322	0.00320	0.00103	0.00418	0.00295	0.00150	0.00421
8	0.00436	0.00345	0.00378	0.00375	0.00461	0.00318	0.00274	0.00566	0.05795	0.00919	0.15343	0.04689	0.48483	0.15504	0.00588	0.00143	0.00198	0.04616	0.00290	0.00277
9	0.04804	0.00840	0.05141	0.02529	0.01173	0.00828	0.25961	0.39937	0.01077	0.07849	0.00730	0.00820	0.00529	0.00386	0.00388	0.05576	0.00400	0.00310	0.00251	0.00471
10	0.00751	0.00706	0.01179	0.28818	0.56691	0.00755	0.00937	0.04503	0.00734	0.01015	0.00599	0.00810	0.00483	0.00300	0.00318	0.00099	0.00394	0.00285	0.00160	0.00461
11	0.00663	0.00545	0.00821	0.04851	0.00872	0.00595	0.15078	0.07416	0.06486	0.02398	0.03118	0.20847	0.01038	0.00547	0.00450	0.00111	0.13990	0.02193	0.17620	0.00360
12	0.00414	0.00325	0.00375	0.00365	0.00455	0.00285	0.00273	0.00529	0.00812	0.01065	0.43218	0.04605	0.44656	0.00740	0.00379	0.00105	0.00157	0.00634	0.00324	0.00285
13	0.00854	0.00759	0.00753	0.00669	0.00855	0.06619	0.00522	0.07818	0.74265	0.01351	0.01210	0.01122	0.00908	0.00424	0.00323	0.00106	0.00282	0.00346	0.00315	0.00500
14	0.08552	0.00421	0.00441	0.00436	0.00500	0.03773	0.00301	0.00677	0.08352	0.01916	0.06317	0.17550	0.07131	0.34243	0.07831	0.00219	0.00311	0.00510	0.00241	0.00278
15	0.01199	0.01421	0.00916	0.00810	0.00990	0.73148	0.00617	0.15254	0.01006	0.00988	0.00540	0.00609	0.00434	0.00339	0.00294	0.00085	0.00540	0.00220	0.00191	0.00400
16	0.00757	0.00881	0.08223	0.01160	0.01463	0.00790	0.60887	0.04048	0.12805	0.01113	0.04009	0.00950	0.00647	0.00314	0.00363	0.00107	0.00473	0.00369	0.00196	0.00444
17	0.00954	0.00477	0.00615	0.00506	0.00675	0.00442	0.00404	0.09305	0.00965	0.38680	0.39430	0.01679	0.03437	0.00519	0.00348	0.00100	0.00224	0.00441	0.00367	0.00431
18	0.00703	0.00671	0.01147	0.29304	0.49487	0.00712	0.04473	0.00898	0.00702	0.00961	0.00744	0.01010	0.04198	0.00339	0.00327	0.00102	0.00390	0.03228	0.00164	0.00438
19	0.49257	0.00648	0.00658	0.00615	0.07370	0.02818	0.00457	0.06649	0.00741	0.26936	0.00724	0.00728	0.00506	0.00332	0.00254	0.00098	0.00280	0.00235	0.00261	0.00432
20	0.00641	0.00412	0.00477	0.00431	0.00564	0.00385	0.00333	0.00859	0.12374	0.16017	0.23955	0.02279	0.37646	0.00642	0.00359	0.00104	0.00191	0.00542	0.01429	0.00358
21	0.00466	0.00310	0.00349	0.00349	0.00349	0.00310	0.00194	0.00466	0.00466	0.00621	0.01009	0.02095	0.01164	0.88750	0.01629	0.00310	0.00310	0.00466	0.00194	0.00194
22	0.91011	0.00619	0.00470	0.00421	0.00619	0.00718	0.00347	0.00941	0.00545	0.01436	0.00446	0.00520	0.00347	0.00297	0.00198	0.00099	0.00248	0.00173	0.00198	0.00347
23	0.00466	0.00310	0.00349	0.00349	0.00349	0.00310	0.00194	0.00466	0.00466	0.00621	0.01009	0.02095	0.01164	0.88750	0.01629	0.00310	0.00310	0.00466	0.00194	0.00194
24	0.18071	0.10833	0.00885	0.00682	0.01500	0.26272	0.02089	0.06086	0.24958	0.01138	0.00725	0.00756	0.00569	0.00358	0.00306	0.00095	0.03784	0.00251	0.00221	0.00420
25	0.13791	0.55916	0.15491	0.00589	0.00877	0.01043	0.00618	0.00949	0.00643	0.00910	0.00523	0.00677	0.00463	0.00307	0.00231	0.00081	0.00346	0.03782	0.00153	0.02609
26	0.01164	0.00934	0.06157	0.00743	0.01010	0.00969	0.00639	0.76970	0.05082	0.01928	0.00780	0.00781	0.00555	0.00382	0.00319	0.00097	0.00355	0.00288	0.00309	0.00538
27	0.00926	0.56415	0.01369	0.00605	0.00856	0.05250	0.00552	0.13390	0.14261	0.02678	0.00645	0.00672	0.00527	0.00320	0.00247	0.00080	0.00340	0.00223	0.00200	0.00446
28	0.00900	0.00898	0.00648	0.00581	0.00721	0.38202	0.00442	0.08295	0.00864	0.01082	0.07240	0.00978	0.01873	0.00376	0.00274	0.00081	0.00357	0.00278	0.31179	0.04729
29	0.00393	0.00325	0.00346	0.00347	0.00447	0.00278	0.00262	0.00485	0.00750	0.00922	0.14098	0.05093	0.70524	0.00798	0.00381	0.00109	0.00166	0.03695	0.00304	0.00275
30	0.88482	0.00617	0.00478	0.00425	0.00625	0.00711	0.00350	0.00958	0.00555	0.03852	0.00469	0.00536	0.00359	0.00300	0.00202	0.00099	0.00248	0.00178	0.00204	0.00352
31	0.00754	0.00757	0.05296	0.07418	0.61336	0.00723	0.04522	0.04224	0.00747	0.01051	0.00721	0.04661	0.00645	0.00358	0.00331	0.00101	0.00380	0.05328	0.00177	0.00471
32	0.00546	0.00398	0.00417	0.00394	0.00495	0.03700	0.00290	0.01938	0.00746	0.08731	0.13993	0.03754	0.46036	0.14914	0.00572	0.00139	0.00216	0.02132	0.00292	0.00296
33	0.11165	0.03766	0.04480	0.00684	0.00827	0.00808	0.00584	0.16530	0.01668	0.14752	0.00716	0.00930	0.00590	0.05133	0.01607	0.00130	0.31859	0.03127	0.00230	0.00414
34	0.00465	0.00312	0.00356	0.00356	0.00359	0.00314	0.00203	0.00470	0.00468	0.00626	0.01002	0.02059	0.01148	0.85109	0.05250	0.00319	0.00333	0.00460	0.00193	0.00198
35	0.10165	0.00546	0.00635	0.00482	0.00728	0.00461	0.00389	0.01001	0.01956	0.21711	0.04715	0.00863	0.00678	0.00310	0.00260	0.00070	0.00239	0.00245	0.04559	0.49985
36	0.01327	0.00661	0.00810	0.00620	0.00872	0.00639	0.00511	0.29037	0.01097	0.55028	0.01068	0.00964	0.00696	0.00385	0.00317	0.00096	0.00297	0.00304	0.00361	0.04911
37	0.00549	0.00439	0.00562	0.00647	0.14166	0.00415	0.00411	0.00747	0.08999	0.04743	0.24565	0.02269	0.38993	0.00632	0.00361	0.00104	0.00207	0.00543	0.00297	0.00351
38	0.00743	0.00953	0.11563	0.01300	0.01640	0.00802	0.76007	0.01024	0.00746	0.01024	0.00639	0.00842	0.00477	0.00274	0.00369	0.00107	0.00532	0.00362	0.00159	0.00436
39	0.06525	0.00477	0.00571	0.00470	0.00655	0.00438	0.00379	0.05159	0.00840	0.44551	0.01584	0.01491	0.19474	0.00476	0.00310	0.00097	0.00230	0.00384	0.15458	0.00432
40	0.01260	0.00543	0.00712	0.00561	0.00783	0.00495	0.00458	0.05754	0.05992	0.66481	0.12264	0.01247	0.01078	0.00431	0.00329	0.00100	0.00260	0.00356	0.00382	0.00511
41	0.00909	0.00612	0.00719	0.00546	0.00805	0.00544	0.00440	0.09275	0.13136	0.20425	0.00849	0.00846	0.00625	0.00315	0.00277	0.00072	0.00258	0.00254	0.00268	0.48823
42	0.04348	0.00645	0.00755	0.00590	0.00816	0.00650	0.00484	0.32628	0.01089	0.40994	0.01022	0.00965	0.00689	0.00385	0.00304	0.00095	0.00285	0.00301	0.12453	0.00505
43	0.00458	0.00310	0.00352	0.00357	0.00366	0.00306	0.00208	0.00466	0.00493	0.00650	0.01193	0.06723	0.06582	0.76196	0.01464	0.01449	0.00294	0.01723	0.00207	0.00203
44	0.01162	0.00733	0.00836	0.00636	0.00891	0.00741	0.00523	0.46831	0.01184	0.23994	0.00870	0.00845	0.00604	0.00361	0.00304	0.00088	0.00306	0.00280	0.02556	0.16257
45	0.04210	0.00961	0.00890	0.00730	0.00950	0.18802	0.01878	0.43507	0.19551	0.04036	0.00828	0.00823	0.00610	0.00379	0.00312	0.00096	0.00374	0.00286	0.00285	0.00492
46	0.01174	0.00875	0.00937	0.00728	0.00976	0.00973	0.00598	0.77186	0.10074	0.01949	0.00823	0.00812	0.00588	0.00389	0.00321	0.00097	0.00342	0.00296	0.00321	0.00541
47	0.00464	0.00318	0.00388	0.00388	0.00402	0.00332	0.00243	0.00491	0.00477	0.00650	0.00973	0.01897	0.01078	0.68337	0.21926	0.00359	0.00440	0.00437	0.00189	0.00216
48	0.00661	0.00569	0.00676	0.04205	0.00820	0.00439	0.00401	0.00807	0.00663	0.01033	0.00569	0.00672	0.00472	0.00241	0.00241	0.00050	0.00245	0.00194	0.00188	0.86855
49	0.02271	0.08639	0.13884	0.00762	0.01502	0.01484	0.16799	0.00811	0.02641	0.01572	0.00741	0.04920	0.00726	0.24969	0.00817	0.00166	0.16414	0.00361	0.00173	0.00349
50	0.00390	0.00320	0.00343	0.00347	0.00442	0.00274	0.00257	0.00478	0.00743	0.00918	0.14704	0.11407	0.66652	0.00808	0.00381	0.00109	0.00163	0.00685	0.00305	0.00274
51	0.04339	0.00331	0.00399	0.00429	0.03380	0.00333	0.00252	0.00495	0.00491	0.00688	0.01014	0.13267	0.01156	0.59330	0.01314	0.11599	0.00290	0.00482	0.00200	0.00213
52	0.53587	0.04880	0.02079	0.03545	0.13998	0.05829	0.01119	0.07939	0.02390	0.01323	0.00524	0.00614	0.00411	0.00307	0.00241	0.00096	0.00312	0.00211	0.00197	0.00398
53	0.09747	0.20556	0.09271	0.00738	0.08638	0.12978	0.00590	0.01658	0.14143	0.00990	0.00836	0.10821	0.02248	0.00496	0.03963	0.00112	0.00368	0.00325	0.00203	0.01320

[dist]
# distance from previous block
# <min> <max>
0	21

[block]
# block no. 6 follows, 89 sequences, length 26
# corresponding to MSA columns:
# 484-509
name=unknown_G
#
# <colnr> <probs for GDERKNQSTAVLIFYWHMCP>
#	G	D	E	R	K	N	Q	S	T	A	V	L	I	F	Y	W	H	M	C	P
0	0.00532	0.00382	0.00432	0.00411	0.00527	0.00353	0.00316	0.00719	0.09771	0.08252	0.18699	0.05811	0.47324	0.00717	0.00372	0.00109	0.00186	0.04444	0.00319	0.00325
1	0.01620	0.00627	0.00927	0.00701	0.01833	0.01700	0.19052	0.00852	0.00689	0.02573	0.00712	0.04903	0.00632	0.00328	0.00309	0.00075	0.02321	0.05025	0.00196	0.54929
2	0.00677	0.00355	0.00374	0.00351	0.00448	0.00359	0.00269	0.04043	0.04753	0.06494	0.03585	0.01206	0.00881	0.00386	0.00243	0.00079	0.00169	0.00311	0.74683	0.00333
3	0.00391	0.00280	0.00370	0.00441	0.00461	0.00261	0.00294	0.00446	0.00613	0.00815	0.01786	0.84755	0.04198	0.02686	0.00431	0.00133	0.00188	0.00896	0.00295	0.00259
4	0.00385	0.00325	0.00334	0.00331	0.00436	0.00273	0.00248	0.00472	0.00745	0.00902	0.10700	0.03019	0.79143	0.00797	0.00378	0.00107	0.00161	0.00667	0.00302	0.00273
5	0.00664	0.00569	0.00664	0.00474	0.00759	0.00427	0.00379	0.00806	0.00664	0.01043	0.00569	0.00664	0.00474	0.00237	0.00237	0.00047	0.00237	0.00190	0.00190	0.90707
6	0.00637	0.00318	0.00341	0.00338	0.00422	0.00314	0.00262	0.00785	0.00690	0.06007	0.01110	0.01387	0.00903	0.00416	0.00247	0.00082	0.00168	0.07254	0.78006	0.00312
7	0.09327	0.00551	0.00719	0.00556	0.00800	0.00492	0.00460	0.01505	0.00883	0.79440	0.01191	0.01039	0.00753	0.00387	0.00311	0.00099	0.00270	0.00309	0.00379	0.00527
8	0.00386	0.00325	0.00335	0.00332	0.00437	0.00273	0.00249	0.00474	0.00748	0.00908	0.11752	0.03010	0.78087	0.00795	0.00378	0.00107	0.00161	0.00666	0.00303	0.00273
9	0.00856	0.88943	0.01677	0.00548	0.00822	0.01267	0.00548	0.00959	0.00650	0.00753	0.00445	0.00513	0.00411	0.00274	0.00205	0.00068	0.00342	0.00171	0.00137	0.00411
10	0.00756	0.00863	0.01889	0.01349	0.01673	0.00809	0.85591	0.01025	0.00756	0.01025	0.00648	0.00863	0.00486	0.00270	0.00378	0.00108	0.00540	0.00378	0.00162	0.00432
11	0.00846	0.84831	0.05701	0.00565	0.00848	0.01242	0.00578	0.00961	0.00652	0.00765	0.00451	0.00521	0.00411	0.00275	0.00210	0.00070	0.00348	0.00174	0.00137	0.00414
12	0.00664	0.00569	0.00664	0.00474	0.00759	0.00427	0.00379	0.00806	0.00664	0.01043	0.00569	0.00664	0.00474	0.00237	0.00237	0.00047	0.00237	0.00190	0.00190	0.90707
13	0.00458	0.00339	0.00493	0.00493	0.00543	0.00388	0.00373	0.00558	0.00508	0.00727	0.00877	0.01367	0.00848	0.13691	0.76256	0.00488	0.00786	0.00359	0.00174	0.00274
14	0.00466	0.00310	0.00349	0.00349	0.00349	0.00310	0.00194	0.00466	0.00466	0.00621	0.01009	0.02095	0.01164	0.88750	0.01629	0.00310	0.00310	0.00466	0.00194	0.00194
15	0.00597	0.00559	0.00940	0.85056	0.02147	0.00696	0.00869	0.00805	0.00639	0.00818	0.00609	0.03783	0.00483	0.00343	0.00323	0.00107	0.00419	0.00305	0.00147	0.00352
16	0.00475	0.00359	0.00532	0.00556	0.00624	0.00346	0.05435	0.00597	0.00716	0.00956	0.13575	0.34351	0.02028	0.00859	0.00417	0.00132	0.00249	0.37206	0.00296	0.00291
17	0.00773	0.00544	0.00600	0.00542	0.00691	0.00592	0.00419	0.03659	0.45417	0.10020	0.06893	0.08476	0.02818	0.00487	0.00318	0.00102	0.00225	0.00410	0.16578	0.00436
18	0.00605	0.00569	0.00960	0.87981	0.02205	0.00711	0.00889	0.00818	0.00640	0.00818	0.00569	0.00853	0.00427	0.00320	0.00320	0.00107	0.00427	0.00284	0.00142	0.00356
19	0.00835	0.80287	0.10147	0.00584	0.00877	0.01215	0.00611	0.00964	0.00653	0.00779	0.00458	0.00530	0.00410	0.00277	0.00215	0.00072	0.00355	0.00178	0.00137	0.00417
20	0.00625	0.00572	0.00638	0.04766	0.09463	0.12007	0.00462	0.03587	0.00879	0.01170	0.54867	0.01826	0.04129	0.00550	0.00375	0.00099	0.02884	0.00469	0.00289	0.00343
21	0.01300	0.00525	0.00687	0.00537	0.00760	0.00471	0.00440	0.05609	0.00909	0.69962	0.01206	0.01089	0.00784	0.00392	0.00307	0.00095	0.00258	0.00317	0.13843	0.00508
22	0.04905	0.13125	0.10286	0.00762	0.10293	0.00717	0.02832	0.06716	0.00725	0.04395	0.01459	0.00701	0.00495	0.00302	0.00318	0.00078	0.06476	0.00229	0.00188	0.34999
23	0.00745	0.00623	0.01038	0.53777	0.26911	0.00701	0.00874	0.00942	0.00694	0.09682	0.00650	0.00860	0.00488	0.00318	0.00319	0.00102	0.00397	0.00289	0.00173	0.00419
24	0.00414	0.00305	0.00394	0.00455	0.00501	0.00285	0.00334	0.00494	0.00659	0.00855	0.02001	0.56193	0.16405	0.00945	0.00410	0.00130	0.00205	0.18450	0.00297	0.00269
