[name]
unknown

[dist]
# distance from previous block
# <min> <max>
28	253

[block]
# block no. 0 follows, 83 sequences, length 19
# corresponding to MSA columns:
# 375-393
name=unknown_A
#
# <colnr> <probs for GDERKNQSTAVLIFYWHMCP>
#	G	D	E	R	K	N	Q	S	T	A	V	L	I	F	Y	W	H	M	C	P
0	0.04996	0.00809	0.04123	0.02130	0.00834	0.15992	0.00549	0.11674	0.05263	0.04495	0.02976	0.11008	0.09283	0.06682	0.00567	0.00131	0.13981	0.03866	0.00252	0.00389
1	0.16447	0.00491	0.00577	0.00519	0.00644	0.00529	0.00399	0.08243	0.00683	0.09528	0.00882	0.01267	0.00794	0.17491	0.35839	0.00323	0.00550	0.00341	0.00229	0.04223
2	0.00808	0.28951	0.29894	0.00731	0.01048	0.03492	0.02317	0.05305	0.06683	0.04031	0.04602	0.06119	0.03838	0.00409	0.00306	0.00098	0.00386	0.00321	0.00205	0.00455
3	0.00547	0.01325	0.07900	0.04022	0.02597	0.00456	0.06201	0.01651	0.05958	0.02456	0.10940	0.23827	0.27350	0.00728	0.00391	0.00118	0.00262	0.01804	0.00288	0.01180
4	0.02736	0.00532	0.00632	0.00549	0.00694	0.00542	0.01658	0.18156	0.03530	0.09690	0.23265	0.11092	0.19503	0.00658	0.00411	0.00113	0.04002	0.01507	0.00334	0.00398
5	0.03833	0.04468	0.02379	0.00812	0.06145	0.07345	0.15592	0.02496	0.04473	0.07194	0.14547	0.07814	0.11133	0.00531	0.00411	0.00110	0.06110	0.01331	0.02875	0.00401
6	0.02652	0.04906	0.10623	0.15595	0.23749	0.00844	0.14516	0.05415	0.06976	0.02787	0.02147	0.00887	0.00582	0.00353	0.00393	0.00109	0.06486	0.00316	0.00191	0.00472
7	0.01122	0.00557	0.00683	0.00562	0.00766	0.00527	0.00450	0.11220	0.07320	0.44408	0.01627	0.09084	0.13782	0.00542	0.00352	0.00108	0.00263	0.00449	0.05690	0.00488
8	0.00827	0.00804	0.01291	0.01919	0.76600	0.04372	0.00974	0.01014	0.00771	0.01079	0.00716	0.06755	0.00648	0.00356	0.00341	0.00103	0.00397	0.00343	0.00178	0.00513
9	0.00824	0.00817	0.03078	0.06776	0.22652	0.03561	0.25899	0.09331	0.00841	0.02368	0.02150	0.06282	0.02276	0.00389	0.00398	0.00107	0.05099	0.00375	0.00204	0.06571
10	0.00469	0.00340	0.00418	0.00440	0.00507	0.00314	0.00317	0.00557	0.00744	0.03724	0.15592	0.37972	0.28146	0.03528	0.00468	0.00131	0.01939	0.03777	0.00320	0.00296
11	0.04207	0.00379	0.00521	0.00493	0.00532	0.00400	0.00352	0.04898	0.00547	0.05113	0.00674	0.02940	0.00637	0.01116	0.06088	0.66405	0.03985	0.00312	0.00179	0.00221
12	0.03651	0.01606	0.73759	0.00918	0.01383	0.00788	0.01146	0.06443	0.00780	0.05511	0.00654	0.00739	0.00457	0.00332	0.00320	0.00107	0.00474	0.00256	0.00172	0.00505
13	0.00781	0.04815	0.03367	0.12897	0.31411	0.00776	0.09666	0.06926	0.10428	0.01148	0.03651	0.06978	0.02506	0.00437	0.01115	0.00112	0.00386	0.01915	0.00219	0.00468
14	0.00543	0.00340	0.00436	0.00461	0.00524	0.00312	0.00324	0.00618	0.00710	0.10015	0.07645	0.52056	0.13791	0.07018	0.02408	0.00151	0.00227	0.01794	0.00319	0.00308
15	0.00655	0.00626	0.01080	0.79668	0.05467	0.00760	0.05232	0.00883	0.00687	0.00886	0.00608	0.00901	0.00458	0.00335	0.00342	0.00112	0.00456	0.00306	0.00152	0.00386
16	0.00656	0.00595	0.00972	0.49941	0.04465	0.01899	0.09308	0.02717	0.00756	0.01014	0.10009	0.02720	0.01914	0.00425	0.00352	0.00111	0.00395	0.04569	0.06803	0.00378
17	0.06945	0.03916	0.02632	0.07009	0.47071	0.03803	0.02978	0.07498	0.03333	0.06212	0.02143	0.00860	0.00588	0.00342	0.00350	0.00103	0.03214	0.00298	0.00205	0.00500
18	0.00968	0.28288	0.01252	0.04527	0.13392	0.15343	0.02605	0.12094	0.08102	0.02805	0.06899	0.00875	0.00732	0.00365	0.00301	0.00092	0.00395	0.00283	0.00219	0.00462

[dist]
# distance from previous block
# <min> <max>
4	8

[block]
# block no. 1 follows, 83 sequences, length 12
# corresponding to MSA columns:
# 404-415
name=unknown_B
#
# <colnr> <probs for GDERKNQSTAVLIFYWHMCP>
#	G	D	E	R	K	N	Q	S	T	A	V	L	I	F	Y	W	H	M	C	P
0	0.00779	0.06922	0.13951	0.01087	0.21686	0.02006	0.11374	0.03915	0.05871	0.05288	0.12073	0.03090	0.05312	0.02633	0.00381	0.00109	0.00371	0.00382	0.00231	0.02539
1	0.02231	0.00933	0.14017	0.05106	0.48815	0.00802	0.07794	0.04336	0.07351	0.02834	0.00755	0.00901	0.01918	0.00333	0.00339	0.00105	0.00413	0.00314	0.00192	0.00514
2	0.00532	0.00389	0.00500	0.00523	0.00571	0.02361	0.01745	0.00603	0.00673	0.05960	0.03368	0.62356	0.06192	0.04302	0.02211	0.00148	0.06157	0.00805	0.00298	0.00305
3	0.02071	0.00457	0.00538	0.00500	0.00626	0.00447	0.00392	0.10142	0.04399	0.10392	0.18453	0.09754	0.18841	0.03286	0.00421	0.00122	0.00234	0.11697	0.06857	0.00370
4	0.01879	0.11944	0.09016	0.03918	0.10319	0.14050	0.06427	0.07779	0.08684	0.07347	0.00892	0.08341	0.01860	0.00439	0.00361	0.00105	0.03672	0.02281	0.00229	0.00454
5	0.00795	0.16217	0.42111	0.01103	0.15844	0.02861	0.07226	0.03657	0.05115	0.01077	0.00639	0.00751	0.00491	0.00321	0.00313	0.00100	0.00452	0.00266	0.00167	0.00494
6	0.00460	0.00327	0.00412	0.00457	0.00509	0.00303	0.00317	0.00560	0.03059	0.03314	0.10129	0.61551	0.15424	0.00959	0.00419	0.00129	0.00194	0.00857	0.00324	0.00297
7	0.00618	0.00529	0.02255	0.01992	0.00757	0.00598	0.08068	0.00694	0.02182	0.00806	0.00834	0.04974	0.00852	0.17662	0.09635	0.15854	0.24060	0.05448	0.01883	0.00298
8	0.10137	0.20366	0.18736	0.01006	0.18454	0.06056	0.01971	0.07093	0.08072	0.04102	0.00672	0.00751	0.00524	0.00332	0.00294	0.00097	0.00396	0.00257	0.00198	0.00484
9	0.00455	0.00331	0.00423	0.00480	0.02133	0.00303	0.00331	0.00538	0.00718	0.02563	0.10872	0.52660	0.19156	0.02548	0.00444	0.00133	0.00202	0.05101	0.00318	0.00293
10	0.00605	0.00440	0.00505	0.00478	0.00588	0.00427	0.00359	0.14753	0.00905	0.03724	0.15589	0.25118	0.29332	0.03459	0.00438	0.00124	0.00221	0.02263	0.00328	0.00344
11	0.02894	0.03473	0.06243	0.06789	0.39303	0.04251	0.07296	0.03604	0.10259	0.02495	0.00704	0.00859	0.00565	0.00359	0.00413	0.00108	0.09396	0.00306	0.00193	0.00490

[dist]
# distance from previous block
# <min> <max>
0	2

[block]
# block no. 2 follows, 83 sequences, length 28
# corresponding to MSA columns:
# 419-446
name=unknown_C
#
# <colnr> <probs for GDERKNQSTAVLIFYWHMCP>
#	G	D	E	R	K	N	Q	S	T	A	V	L	I	F	Y	W	H	M	C	P
0	0.60209	0.11336	0.01672	0.00583	0.03564	0.08755	0.00468	0.03780	0.04901	0.01365	0.00540	0.00610	0.00428	0.00325	0.00236	0.00100	0.00317	0.00205	0.00207	0.00400
1	0.00790	0.02054	0.01048	0.19385	0.21005	0.09392	0.04363	0.00980	0.03541	0.02413	0.06206	0.00971	0.00708	0.00413	0.00490	0.00111	0.18211	0.00319	0.07178	0.00419
2	0.00547	0.00385	0.00472	0.00451	0.00555	0.00372	0.00344	0.00718	0.06028	0.06842	0.25576	0.05630	0.29812	0.01099	0.17925	0.00199	0.00332	0.00572	0.01806	0.00334
3	0.00905	0.02216	0.03054	0.06678	0.31707	0.05145	0.03881	0.09187	0.00871	0.12100	0.04854	0.04624	0.05257	0.00435	0.01057	0.00107	0.02610	0.00363	0.01512	0.03436
4	0.00873	0.27730	0.16578	0.03779	0.14640	0.05384	0.09964	0.04382	0.08215	0.02951	0.00664	0.00767	0.00527	0.00329	0.00317	0.00097	0.01872	0.00270	0.00184	0.00478
5	0.00475	0.00333	0.00415	0.00441	0.00497	0.00308	0.00312	0.00559	0.00727	0.03255	0.18540	0.35527	0.16591	0.13496	0.00607	0.00156	0.00215	0.06948	0.00313	0.00287
6	0.00751	0.00430	0.00530	0.00463	0.00603	0.00392	0.00361	0.05284	0.00943	0.21068	0.39683	0.02247	0.21657	0.00642	0.00377	0.00107	0.00204	0.00547	0.03324	0.00385
7	0.02965	0.00407	0.02366	0.05083	0.02817	0.00401	0.00377	0.00615	0.03416	0.00831	0.01269	0.25553	0.01414	0.36162	0.09034	0.00249	0.00354	0.06166	0.00240	0.00280
8	0.05876	0.00698	0.00976	0.01103	0.28929	0.00691	0.00683	0.09820	0.07933	0.35814	0.01025	0.03362	0.00742	0.00395	0.00335	0.00105	0.00329	0.00336	0.00308	0.00541
9	0.00741	0.00741	0.01038	0.00889	0.00889	0.01038	0.00741	0.00815	0.00519	0.00815	0.00445	0.00741	0.00445	0.00593	0.01112	0.00148	0.87475	0.00296	0.00148	0.00371
10	0.00902	0.83686	0.01754	0.00659	0.05357	0.01312	0.00604	0.01016	0.00693	0.00813	0.00480	0.00559	0.00440	0.00290	0.00224	0.00074	0.00364	0.00187	0.00146	0.00440
11	0.05769	0.00663	0.00758	0.00650	0.00853	0.00704	0.00525	0.18448	0.27172	0.23019	0.01284	0.07434	0.01041	0.00525	0.00355	0.00115	0.00294	0.09537	0.00350	0.00503
12	0.10518	0.00721	0.00786	0.00636	0.00852	0.00775	0.00515	0.39036	0.09867	0.13344	0.15571	0.01188	0.01098	0.00453	0.00333	0.00104	0.00296	0.00358	0.03050	0.00498
13	0.00640	0.00602	0.01016	0.87281	0.02333	0.00753	0.00941	0.00866	0.00677	0.00866	0.00602	0.00903	0.00452	0.00339	0.00339	0.00113	0.00452	0.00301	0.00151	0.00376
14	0.00502	0.00355	0.00436	0.00410	0.00508	0.00318	0.00310	0.00640	0.00907	0.04882	0.59073	0.02676	0.26271	0.00727	0.00397	0.00109	0.00169	0.00630	0.00359	0.00321
15	0.00436	0.00339	0.00397	0.00400	0.00487	0.00300	0.00296	0.00547	0.00825	0.01077	0.34100	0.14955	0.40839	0.00827	0.00406	0.00116	0.00174	0.02846	0.00336	0.00298
16	0.00773	0.01100	0.20729	0.01325	0.01703	0.00841	0.66208	0.01082	0.00781	0.01082	0.00668	0.00870	0.00495	0.00294	0.00382	0.00113	0.00555	0.00367	0.00165	0.00467
17	0.00740	0.03400	0.00585	0.00506	0.00633	0.00579	0.00389	0.04679	0.33109	0.01256	0.03005	0.01218	0.00920	0.00527	0.00430	0.12037	0.00234	0.00340	0.35019	0.00393
18	0.00612	0.00375	0.00497	0.00498	0.00587	0.00353	0.02086	0.00714	0.00724	0.12215	0.02785	0.29956	0.15056	0.05389	0.07600	0.00170	0.00291	0.12412	0.07351	0.00328
19	0.02502	0.00344	0.00400	0.00406	0.00488	0.00313	0.00297	0.00551	0.00785	0.01044	0.28356	0.17806	0.35537	0.05161	0.02361	0.00137	0.00202	0.02695	0.00322	0.00293
20	0.00873	0.02829	0.03114	0.02926	0.61782	0.00815	0.11008	0.03120	0.04008	0.05189	0.00704	0.00870	0.00562	0.00315	0.00341	0.00103	0.00413	0.00315	0.00190	0.00525
21	0.00588	0.00517	0.00639	0.00638	0.03277	0.07840	0.02721	0.00734	0.04646	0.00836	0.00990	0.11072	0.00980	0.09395	0.50323	0.00382	0.03466	0.00428	0.00204	0.00323
22	0.44032	0.00739	0.04750	0.00566	0.00804	0.00753	0.00487	0.20435	0.00895	0.16483	0.00751	0.00772	0.00534	0.00360	0.00270	0.00102	0.00297	0.00251	0.06264	0.00455
23	0.10201	0.07263	0.03615	0.05979	0.01977	0.20433	0.00628	0.22022	0.17265	0.01356	0.00761	0.00805	0.00583	0.00377	0.00324	0.00099	0.02318	0.00273	0.00247	0.03470
24	0.00844	0.07912	0.19536	0.02705	0.14955	0.00725	0.05528	0.05410	0.00797	0.10827	0.01525	0.02656	0.03521	0.00374	0.00343	0.00096	0.03040	0.02064	0.00216	0.16926
25	0.05082	0.09374	0.44895	0.02125	0.09486	0.00829	0.03871	0.03834	0.00752	0.07292	0.01577	0.00799	0.01536	0.00352	0.00363	0.00105	0.05817	0.00272	0.00182	0.01458
26	0.00623	0.00718	0.08220	0.11788	0.04400	0.00625	0.30150	0.00829	0.00766	0.01010	0.06412	0.04552	0.25388	0.00518	0.00401	0.00114	0.02384	0.00491	0.00224	0.00388
27	0.00683	0.00662	0.01081	0.61430	0.16063	0.03087	0.04883	0.00895	0.00711	0.00917	0.00761	0.02109	0.04564	0.00364	0.00344	0.00111	0.00437	0.00332	0.00165	0.00402

[dist]
# distance from previous block
# <min> <max>
2	19

[block]
# block no. 3 follows, 83 sequences, length 30
# corresponding to MSA columns:
# 470-499
name=unknown_D
#
# <colnr> <probs for GDERKNQSTAVLIFYWHMCP>
#	G	D	E	R	K	N	Q	S	T	A	V	L	I	F	Y	W	H	M	C	P
0	0.00502	0.00363	0.00408	0.00394	0.00505	0.00316	0.00296	0.00619	0.02247	0.06799	0.20799	0.09287	0.54641	0.00801	0.00398	0.00114	0.00180	0.00681	0.00335	0.00316
1	0.00823	0.00451	0.00549	0.00482	0.00599	0.00434	0.00352	0.05640	0.04725	0.24043	0.13004	0.05059	0.07497	0.30589	0.02138	0.00190	0.00283	0.00480	0.02293	0.00370
2	0.02015	0.09751	0.24897	0.06476	0.11090	0.10346	0.08488	0.05243	0.04029	0.02782	0.01376	0.07211	0.00682	0.00405	0.00343	0.00106	0.01590	0.02521	0.00195	0.00455
3	0.00780	0.02819	0.68550	0.00989	0.04856	0.00794	0.04132	0.05721	0.00784	0.06494	0.00667	0.00758	0.00470	0.00330	0.00326	0.00106	0.00477	0.00265	0.00173	0.00509
4	0.00416	0.00304	0.00389	0.00452	0.00486	0.00279	0.00306	0.00481	0.00674	0.00888	0.05639	0.72339	0.12446	0.02618	0.00451	0.00137	0.00194	0.00909	0.00315	0.00277
5	0.00749	0.00758	0.06527	0.05333	0.49445	0.00709	0.03990	0.00966	0.03709	0.02650	0.02867	0.08519	0.05894	0.00446	0.00384	0.00110	0.03620	0.02647	0.00205	0.00471
6	0.30814	0.22022	0.03454	0.00602	0.03993	0.02000	0.00505	0.06660	0.00733	0.04382	0.00569	0.00641	0.00456	0.00304	0.00244	0.00083	0.00309	0.00208	0.00204	0.21816
7	0.00863	0.13209	0.11113	0.00994	0.15348	0.06845	0.05004	0.12202	0.08830	0.01151	0.02719	0.02343	0.02979	0.03794	0.00466	0.00114	0.10065	0.01289	0.00214	0.00460
8	0.00484	0.00366	0.00449	0.00451	0.00523	0.00366	0.00329	0.00624	0.06394	0.00926	0.12470	0.12317	0.23947	0.13377	0.19756	0.03455	0.00373	0.02827	0.00273	0.00294
9	0.00658	0.00476	0.00649	0.09897	0.06261	0.01193	0.00487	0.04900	0.02060	0.08085	0.31020	0.07996	0.05895	0.01745	0.11237	0.00166	0.00339	0.02917	0.00295	0.03724
10	0.01899	0.10643	0.21768	0.03225	0.06505	0.02593	0.15092	0.08288	0.04196	0.03387	0.08181	0.06786	0.02556	0.00427	0.00365	0.00107	0.02939	0.00373	0.00218	0.00452
11	0.00460	0.00334	0.00447	0.00517	0.00566	0.00320	0.00394	0.00557	0.00701	0.00919	0.01935	0.49327	0.08621	0.01045	0.02955	0.00154	0.00256	0.29892	0.00310	0.00290
12	0.01073	0.00580	0.00704	0.00587	0.00777	0.00572	0.00471	0.20899	0.03601	0.33158	0.07675	0.10819	0.04905	0.02035	0.00381	0.00113	0.00277	0.04883	0.06015	0.00474
13	0.00774	0.00963	0.17339	0.01434	0.35107	0.00785	0.18255	0.01127	0.12606	0.01123	0.00829	0.04178	0.01673	0.00397	0.01813	0.00116	0.00435	0.00354	0.00196	0.00497
14	0.03451	0.00910	0.00988	0.03197	0.01059	0.05448	0.03728	0.63303	0.01395	0.07637	0.00828	0.00847	0.00589	0.00395	0.00331	0.00101	0.00376	0.00304	0.04573	0.00539
15	0.00869	0.00751	0.01242	0.14387	0.54814	0.00770	0.04416	0.06046	0.00827	0.07440	0.02981	0.00976	0.00646	0.00344	0.00343	0.00105	0.00398	0.01937	0.00202	0.00505
16	0.00484	0.00362	0.00540	0.00540	0.00599	0.00421	0.00418	0.00602	0.00543	0.00783	0.00911	0.01354	0.00857	0.04743	0.84564	0.00539	0.00892	0.00366	0.00182	0.00300
17	0.25232	0.00679	0.00759	0.00599	0.00849	0.00688	0.00495	0.19632	0.01001	0.45247	0.00991	0.00918	0.00655	0.00389	0.00305	0.00104	0.00300	0.00291	0.00346	0.00520
18	0.00802	0.00765	0.01188	0.14699	0.50552	0.03961	0.02925	0.04051	0.00772	0.01070	0.00779	0.00971	0.04844	0.00368	0.00399	0.00106	0.07423	0.00322	0.03532	0.00472
19	0.00667	0.00631	0.00597	0.00565	0.00610	0.16994	0.00401	0.00717	0.00601	0.00741	0.00887	0.04766	0.00950	0.41794	0.16689	0.00292	0.11213	0.00410	0.00192	0.00282
20	0.00506	0.00345	0.00407	0.00426	0.00488	0.00335	0.00301	0.02876	0.02787	0.01034	0.10963	0.34457	0.13410	0.08049	0.03868	0.00149	0.00226	0.00666	0.18407	0.00300
21	0.00470	0.00344	0.00419	0.00416	0.00502	0.00308	0.00309	0.00590	0.00849	0.03046	0.43011	0.15334	0.29379	0.00800	0.00405	0.00115	0.00176	0.02876	0.00345	0.00308
22	0.10208	0.00641	0.00938	0.09952	0.31107	0.00665	0.02732	0.04161	0.05759	0.06321	0.09167	0.05378	0.04858	0.00469	0.00348	0.00111	0.00331	0.06166	0.00246	0.00444
23	0.00905	0.00842	0.04386	0.08035	0.59048	0.04001	0.00943	0.05139	0.05002	0.07337	0.00725	0.00873	0.00571	0.00328	0.00335	0.00102	0.00401	0.00304	0.00201	0.00523
24	0.00482	0.00331	0.00429	0.00484	0.00528	0.00315	0.00352	0.00564	0.00681	0.02556	0.03559	0.47144	0.06766	0.11717	0.00590	0.00161	0.00238	0.19907	0.02914	0.00284
25	0.00418	0.00306	0.00388	0.00446	0.00483	0.00281	0.00302	0.00485	0.00681	0.00895	0.07147	0.66915	0.14962	0.04007	0.00470	0.00139	0.00195	0.00888	0.00314	0.00277
26	0.02011	0.00726	0.07936	0.12630	0.32177	0.00699	0.00829	0.00913	0.00748	0.03446	0.09708	0.01464	0.01719	0.00485	0.00452	0.00117	0.10756	0.12537	0.00213	0.00434
27	0.00656	0.00610	0.00874	0.00840	0.07553	0.05367	0.07864	0.02818	0.00631	0.00882	0.00777	0.04313	0.00727	0.01508	0.43352	0.00333	0.19993	0.00360	0.00181	0.00360
28	0.73712	0.00670	0.00557	0.00510	0.02559	0.02800	0.01602	0.04652	0.00649	0.01493	0.00547	0.00634	0.00425	0.00325	0.00225	0.00102	0.00274	0.00206	0.07678	0.00377
29	0.04348	0.17842	0.02938	0.00710	0.02222	0.08508	0.00593	0.31403	0.11453	0.03486	0.00857	0.03293	0.02707	0.00402	0.00321	0.00096	0.02050	0.00300	0.00264	0.06208

[dist]
# distance from previous block
# <min> <max>
1	3

[block]
# block no. 4 follows, 83 sequences, length 32
# corresponding to MSA columns:
# 503-534
name=unknown_E
#
# <colnr> <probs for GDERKNQSTAVLIFYWHMCP>
#	G	D	E	R	K	N	Q	S	T	A	V	L	I	F	Y	W	H	M	C	P
0	0.00689	0.01545	0.05243	0.00808	0.01001	0.00671	0.22484	0.08821	0.07896	0.01145	0.08987	0.08313	0.18275	0.00625	0.03029	0.00130	0.09183	0.00495	0.00256	0.00402
1	0.00637	0.00580	0.00943	0.54036	0.16306	0.00665	0.00816	0.00830	0.00718	0.00948	0.06596	0.01257	0.09558	0.00429	0.00368	0.02058	0.00385	0.00365	0.02122	0.00384
2	0.01897	0.17908	0.06151	0.00835	0.05855	0.06987	0.10642	0.06764	0.02461	0.18708	0.00839	0.06703	0.00681	0.00402	0.00365	0.00099	0.05602	0.00327	0.00241	0.06532
3	0.00746	0.04192	0.19673	0.05460	0.04920	0.02321	0.03655	0.09491	0.04804	0.06375	0.05061	0.15038	0.09823	0.00590	0.01633	0.01505	0.02582	0.01455	0.00251	0.00423
4	0.00450	0.00365	0.00403	0.00403	0.00507	0.00329	0.00305	0.00602	0.05552	0.01037	0.20028	0.08219	0.54437	0.00818	0.00403	0.00116	0.00184	0.05206	0.00328	0.00308
5	0.00439	0.00347	0.00403	0.00413	0.00493	0.00319	0.00306	0.00532	0.00751	0.00959	0.15591	0.16456	0.44631	0.06688	0.03090	0.00147	0.02098	0.05739	0.00309	0.00288
6	0.02230	0.15079	0.01177	0.06047	0.17315	0.13060	0.07698	0.06889	0.05124	0.03431	0.02362	0.03400	0.00651	0.00359	0.00311	0.00092	0.00396	0.01562	0.00208	0.12612
7	0.06761	0.01000	0.26622	0.01769	0.06807	0.00727	0.04190	0.13086	0.03432	0.17160	0.07495	0.02517	0.00811	0.00407	0.00361	0.00107	0.03591	0.00329	0.02341	0.00490
8	0.00475	0.00322	0.00378	0.00399	0.00420	0.00313	0.00250	0.00512	0.00583	0.00788	0.03973	0.24030	0.07026	0.51026	0.01163	0.00242	0.00270	0.02671	0.04920	0.00240
9	0.00737	0.00645	0.00946	0.09704	0.14770	0.02889	0.07347	0.06261	0.05041	0.04163	0.01004	0.02784	0.07162	0.02849	0.19354	0.00214	0.11904	0.01607	0.00213	0.00407
10	0.65970	0.00701	0.00627	0.00626	0.07722	0.03317	0.00457	0.03619	0.06449	0.01449	0.00598	0.00722	0.00480	0.00341	0.00244	0.00104	0.00289	0.02348	0.00221	0.03718
11	0.00816	0.04261	0.01161	0.08511	0.11153	0.11894	0.10958	0.02464	0.01359	0.00921	0.00580	0.00827	0.00509	0.01500	0.05593	0.00147	0.34936	0.00303	0.01705	0.00405
12	0.00530	0.00363	0.00446	0.00430	0.00521	0.00334	0.00320	0.00685	0.03631	0.05855	0.47520	0.13737	0.18748	0.01593	0.00406	0.00113	0.00179	0.00644	0.03618	0.00327
13	0.00609	0.00516	0.00771	0.24826	0.08450	0.00547	0.03097	0.02621	0.04994	0.01118	0.26275	0.09103	0.03533	0.00589	0.02408	0.00120	0.00315	0.03193	0.01719	0.05196
14	0.00827	0.03399	0.01253	0.24621	0.39878	0.03998	0.07091	0.07542	0.02829	0.01099	0.00658	0.00869	0.00529	0.01586	0.00363	0.00107	0.01234	0.00306	0.00181	0.01630
15	0.00442	0.00314	0.00409	0.00476	0.00509	0.00297	0.00336	0.00515	0.00665	0.00885	0.01862	0.63767	0.06243	0.06737	0.00516	0.00150	0.00220	0.12781	0.02599	0.00277
16	0.00568	0.00385	0.00479	0.00502	0.00585	0.00371	0.00383	0.02769	0.05276	0.06445	0.05151	0.33705	0.15946	0.03471	0.00453	0.00136	0.00234	0.19499	0.03313	0.00327
17	0.08054	0.00765	0.00917	0.30991	0.08481	0.12391	0.03208	0.09610	0.03632	0.01098	0.00814	0.12667	0.00737	0.00451	0.00356	0.00110	0.02627	0.00377	0.02312	0.00404
18	0.00759	0.00776	0.00996	0.00862	0.00879	0.06657	0.00713	0.00838	0.00567	0.00832	0.02078	0.00882	0.02560	0.00591	0.01017	0.00143	0.76474	0.01848	0.00161	0.00368
19	0.01020	0.00745	0.00989	0.14047	0.20965	0.03549	0.00712	0.17569	0.06267	0.18062	0.03685	0.00968	0.00704	0.00371	0.00331	0.00099	0.00358	0.00313	0.00269	0.08978
20	0.00674	0.01129	0.42647	0.00757	0.01046	0.02687	0.00831	0.03951	0.00743	0.03992	0.06068	0.06299	0.10791	0.05600	0.03071	0.00139	0.08554	0.00393	0.00209	0.00420
21	0.19534	0.00678	0.00781	0.00611	0.00865	0.00678	0.00505	0.20646	0.01033	0.49686	0.01041	0.00953	0.00682	0.00395	0.00314	0.00104	0.00302	0.00301	0.00358	0.00534
22	0.04477	0.00763	0.00858	0.00671	0.00923	0.04989	0.00549	0.32487	0.02809	0.43021	0.04195	0.01032	0.00796	0.00418	0.00336	0.00103	0.00330	0.00327	0.00367	0.00550
23	0.03062	0.00777	0.09546	0.00748	0.04152	0.03468	0.06158	0.16797	0.04956	0.08936	0.05001	0.01001	0.00741	0.00698	0.09448	0.11128	0.01087	0.00314	0.00243	0.11738
24	0.00504	0.00361	0.00433	0.00412	0.00516	0.00317	0.00308	0.00626	0.00853	0.05350	0.40695	0.10661	0.32892	0.00757	0.00394	0.00110	0.00177	0.00654	0.00342	0.03637
25	0.00444	0.00324	0.00412	0.00441	0.00494	0.00299	0.00313	0.00540	0.00763	0.01028	0.29547	0.40131	0.13382	0.05956	0.00494	0.00136	0.00194	0.04486	0.00327	0.00289
26	0.00899	0.24105	0.46016	0.00802	0.01197	0.00914	0.00927	0.07971	0.00813	0.12338	0.00685	0.00736	0.00497	0.00333	0.00298	0.00097	0.00426	0.00249	0.00196	0.00500
27	0.00850	0.33706	0.02498	0.00644	0.03643	0.00881	0.00540	0.07951	0.10839	0.08035	0.02871	0.06992	0.00826	0.00790	0.15401	0.00172	0.00424	0.00333	0.02170	0.00435
28	0.00879	0.00461	0.00578	0.00517	0.00667	0.00424	0.00401	0.06245	0.02277	0.31487	0.06505	0.22661	0.18784	0.02400	0.00410	0.00121	0.00242	0.04174	0.00355	0.00411
29	0.00498	0.00378	0.00548	0.00541	0.00591	0.00442	0.00413	0.00602	0.00537	0.00772	0.00904	0.01408	0.00873	0.12714	0.72299	0.00499	0.05131	0.00375	0.00183	0.00294
30	0.02561	0.01168	0.14932	0.12197	0.01218	0.30627	0.02784	0.12263	0.03822	0.02809	0.11550	0.00978	0.00838	0.00398	0.00332	0.00101	0.00457	0.00308	0.00225	0.00433
31	0.05447	0.25059	0.12835	0.00791	0.07917	0.02247	0.04153	0.03086	0.12551	0.02544	0.00948	0.17891	0.00903	0.00485	0.00324	0.00104	0.00990	0.01065	0.00224	0.00436

[dist]
# distance from previous block
# <min> <max>
0	1

[block]
# block no. 5 follows, 83 sequences, length 16
# corresponding to MSA columns:
# 536-551
name=unknown_F
#
# <colnr> <probs for GDERKNQSTAVLIFYWHMCP>
#	G	D	E	R	K	N	Q	S	T	A	V	L	I	F	Y	W	H	M	C	P
0	0.01366	0.00569	0.00738	0.00576	0.00815	0.00512	0.00473	0.07718	0.00982	0.67886	0.01372	0.01235	0.04742	0.00436	0.00333	0.00103	0.00277	0.00353	0.08976	0.00538
1	0.00962	0.00933	0.00831	0.00773	0.04822	0.21973	0.00575	0.14644	0.35831	0.01318	0.03759	0.01274	0.08302	0.00468	0.00343	0.00106	0.00365	0.01957	0.00291	0.00474
2	0.01029	0.04001	0.04864	0.02060	0.08719	0.09801	0.06473	0.06050	0.03006	0.26060	0.01001	0.12002	0.00829	0.00455	0.00369	0.00103	0.03835	0.00382	0.00276	0.08685
3	0.03077	0.02124	0.33397	0.00947	0.09069	0.01837	0.09300	0.03398	0.02151	0.11423	0.07483	0.04241	0.03345	0.00495	0.03590	0.00125	0.02955	0.00355	0.00223	0.00466
4	0.00784	0.06463	0.18100	0.01309	0.04516	0.00871	0.60740	0.01077	0.00776	0.01066	0.00656	0.00850	0.00494	0.00293	0.00371	0.00110	0.00539	0.00354	0.00164	0.00467
5	0.00729	0.00705	0.01233	0.47694	0.34408	0.00781	0.07686	0.00950	0.00723	0.00976	0.00622	0.00879	0.00489	0.00320	0.00342	0.00108	0.00442	0.00309	0.00159	0.00444
6	0.00987	0.04663	0.00981	0.06562	0.03205	0.13454	0.10157	0.13434	0.04083	0.15936	0.01099	0.05345	0.06272	0.00560	0.04360	0.00127	0.01957	0.03732	0.02639	0.00446
7	0.00680	0.02017	0.06147	0.02704	0.03058	0.04976	0.16037	0.03341	0.02554	0.03646	0.01330	0.09702	0.10478	0.05906	0.09526	0.00177	0.02911	0.12900	0.01538	0.00372
8	0.00463	0.00334	0.00435	0.00496	0.00543	0.00319	0.00372	0.00550	0.00687	0.00896	0.01923	0.42510	0.10866	0.10354	0.00579	0.00162	0.00245	0.27683	0.00302	0.00281
9	0.00637	0.00529	0.02352	0.05845	0.12211	0.00504	0.05685	0.01829	0.08538	0.06144	0.06523	0.22477	0.19784	0.00677	0.00386	0.00118	0.00279	0.03891	0.01209	0.00384
10	0.00728	0.03588	0.12609	0.28495	0.09079	0.00803	0.27730	0.01986	0.03204	0.01016	0.00765	0.01003	0.03305	0.00353	0.00373	0.00112	0.02321	0.01920	0.00174	0.00437
11	0.04022	0.05894	0.72959	0.00897	0.01362	0.00791	0.01128	0.01072	0.00715	0.03271	0.00615	0.00711	0.00441	0.00319	0.00310	0.00103	0.00468	0.00245	0.00155	0.04521
12	0.00492	0.00316	0.00386	0.00402	0.00406	0.00312	0.00242	0.00480	0.00517	0.00689	0.01155	0.19757	0.01336	0.55945	0.01392	0.14892	0.00296	0.00558	0.00218	0.00210
13	0.00497	0.00352	0.00517	0.00517	0.00566	0.00400	0.00390	0.00576	0.00528	0.00752	0.00882	0.01368	0.00848	0.09520	0.69343	0.11339	0.00785	0.00365	0.00179	0.00276
14	0.76604	0.00690	0.02127	0.00481	0.00702	0.00763	0.00404	0.07636	0.00667	0.01540	0.00519	0.00594	0.00400	0.00321	0.00224	0.00102	0.00273	0.00198	0.02063	0.03693
15	0.05151	0.14919	0.06217	0.05780	0.09542	0.12504	0.00654	0.10393	0.02409	0.14999	0.03523	0.00894	0.00658	0.00363	0.00304	0.00093	0.00378	0.01749	0.00240	0.09230

[dist]
# distance from previous block
# <min> <max>
0	1

[block]
# block no. 6 follows, 83 sequences, length 6
# corresponding to MSA columns:
# 553-558
name=unknown_G
#
# <colnr> <probs for GDERKNQSTAVLIFYWHMCP>
#	G	D	E	R	K	N	Q	S	T	A	V	L	I	F	Y	W	H	M	C	P
0	0.00635	0.00428	0.00551	0.00518	0.00580	0.00466	0.00379	0.03802	0.03519	0.08004	0.04099	0.04535	0.01135	0.34784	0.24980	0.00320	0.06913	0.03807	0.00236	0.00311
1	0.01034	0.00705	0.00959	0.05060	0.17067	0.05402	0.06736	0.08931	0.06003	0.27330	0.09088	0.01283	0.05594	0.02796	0.00388	0.00111	0.00345	0.00378	0.00300	0.00488
2	0.00526	0.00419	0.00540	0.00566	0.03572	0.03196	0.03725	0.02480	0.00747	0.02666	0.13535	0.44995	0.13322	0.03359	0.04578	0.00150	0.00267	0.00742	0.00300	0.00315
3	0.00625	0.01886	0.03701	0.05353	0.04528	0.00468	0.00408	0.04268	0.03372	0.04702	0.01129	0.04217	0.03993	0.43179	0.07958	0.00250	0.00370	0.03752	0.05529	0.00311
4	0.05471	0.07223	0.07021	0.13124	0.37193	0.05732	0.03092	0.05698	0.06603	0.01123	0.00714	0.04240	0.00598	0.00357	0.00324	0.00103	0.00403	0.00313	0.00192	0.00478
5	0.07613	0.20207	0.09375	0.04095	0.02595	0.02401	0.03710	0.15155	0.07493	0.05077	0.06144	0.06860	0.00864	0.05270	0.00388	0.00112	0.00348	0.00345	0.00242	0.01704

[dist]
# distance from previous block
# <min> <max>
3	19

[block]
# block no. 7 follows, 83 sequences, length 6
# corresponding to MSA columns:
# 578-583
name=unknown_H
#
# <colnr> <probs for GDERKNQSTAVLIFYWHMCP>
#	G	D	E	R	K	N	Q	S	T	A	V	L	I	F	Y	W	H	M	C	P
0	0.03757	0.02049	0.00997	0.06809	0.22429	0.02809	0.08295	0.04120	0.08176	0.08618	0.03033	0.10661	0.02242	0.01910	0.00384	0.00112	0.01571	0.05081	0.00246	0.06701
1	0.07860	0.10320	0.06477	0.00684	0.00912	0.05058	0.00586	0.14395	0.39259	0.01390	0.00978	0.00967	0.00744	0.00403	0.00328	0.00103	0.02484	0.00308	0.04175	0.02571
2	0.00439	0.00317	0.00406	0.00456	0.00496	0.00297	0.00319	0.00516	0.00695	0.00923	0.12265	0.53249	0.10567	0.09574	0.00556	0.00152	0.00212	0.07972	0.00311	0.00278
3	0.00883	0.09016	0.16249	0.06835	0.19489	0.00801	0.00788	0.16827	0.03925	0.07454	0.03002	0.04706	0.05478	0.00412	0.00331	0.00102	0.00369	0.00344	0.00237	0.02753
4	0.05031	0.31944	0.18020	0.00946	0.15530	0.03394	0.04173	0.01073	0.02634	0.06488	0.04443	0.00895	0.00662	0.00352	0.00295	0.00095	0.00390	0.02982	0.00191	0.00464
5	0.00622	0.00420	0.00484	0.00444	0.00565	0.00397	0.00336	0.03970	0.08132	0.09551	0.27756	0.04471	0.31374	0.05599	0.00455	0.00122	0.00204	0.00579	0.04165	0.00354

[dist]
# distance from previous block
# <min> <max>
5	8

[block]
# block no. 8 follows, 83 sequences, length 13
# corresponding to MSA columns:
# 592-604
name=unknown_I
#
# <colnr> <probs for GDERKNQSTAVLIFYWHMCP>
#	G	D	E	R	K	N	Q	S	T	A	V	L	I	F	Y	W	H	M	C	P
0	0.03895	0.00695	0.01136	0.09387	0.51016	0.00709	0.03885	0.01000	0.03232	0.04475	0.00892	0.04901	0.00817	0.00435	0.00357	0.00112	0.00378	0.11996	0.00209	0.00473
1	0.00717	0.00666	0.01102	0.39607	0.33739	0.00727	0.02540	0.03135	0.00744	0.01013	0.02298	0.07592	0.00679	0.00384	0.00344	0.00107	0.00401	0.00356	0.00181	0.03667
2	0.07132	0.06712	0.15564	0.02272	0.09978	0.10395	0.05457	0.08950	0.11855	0.13403	0.02194	0.02127	0.00664	0.00374	0.00321	0.00102	0.00395	0.00303	0.00246	0.01557
3	0.03339	0.00657	0.01941	0.07259	0.03976	0.05371	0.01968	0.10595	0.05376	0.14633	0.08691	0.06908	0.11282	0.00488	0.00338	0.00099	0.00301	0.00408	0.00287	0.16082
4	0.00518	0.00403	0.00437	0.00420	0.00541	0.00375	0.00321	0.00728	0.11659	0.04292	0.13512	0.02827	0.55705	0.02916	0.00426	0.00120	0.00196	0.03946	0.00327	0.00333
5	0.00562	0.00366	0.00488	0.00532	0.00601	0.00350	0.00410	0.02526	0.00756	0.07387	0.06122	0.44870	0.04526	0.00932	0.00432	0.00138	0.00243	0.28114	0.00325	0.00319
6	0.04812	0.19885	0.06425	0.13528	0.15860	0.07262	0.04541	0.12269	0.02592	0.04665	0.01811	0.00789	0.00541	0.00346	0.00332	0.00099	0.03302	0.00273	0.00200	0.00466
7	0.03680	0.05737	0.14225	0.00762	0.03415	0.16530	0.00663	0.06506	0.04194	0.12225	0.00785	0.00963	0.00637	0.05833	0.14885	0.00190	0.07825	0.00298	0.00219	0.00429
8	0.00482	0.00352	0.00450	0.00498	0.00552	0.00344	0.00366	0.00634	0.06524	0.00992	0.11974	0.47739	0.05050	0.04399	0.00476	0.00141	0.00222	0.16432	0.02069	0.00304
9	0.00750	0.03141	0.08718	0.02427	0.41367	0.03853	0.03630	0.01852	0.03658	0.01046	0.03428	0.04778	0.05545	0.04517	0.03228	0.00131	0.04354	0.01809	0.01313	0.00453
10	0.13604	0.13072	0.23873	0.03241	0.07435	0.05561	0.14250	0.02895	0.03869	0.08159	0.00672	0.00767	0.00503	0.00326	0.00307	0.00102	0.00428	0.00272	0.00195	0.00468
11	0.00755	0.00709	0.00704	0.00644	0.00784	0.15189	0.03791	0.01069	0.21163	0.04331	0.05290	0.05663	0.20752	0.01842	0.00437	0.00120	0.05287	0.10791	0.00288	0.00390
12	0.00466	0.00338	0.00404	0.00432	0.00505	0.00306	0.00307	0.00569	0.02966	0.04191	0.08141	0.45582	0.32711	0.00921	0.00413	0.00125	0.00190	0.00809	0.00323	0.00301

[dist]
# distance from previous block
# <min> <max>
6	9

[block]
# block no. 9 follows, 83 sequences, length 18
# corresponding to MSA columns:
# 617-634
name=unknown_J
#
# <colnr> <probs for GDERKNQSTAVLIFYWHMCP>
#	G	D	E	R	K	N	Q	S	T	A	V	L	I	F	Y	W	H	M	C	P
0	0.28319	0.04862	0.03452	0.02817	0.12759	0.15676	0.05550	0.05287	0.04783	0.08135	0.00659	0.00738	0.00505	0.00333	0.00287	0.00098	0.00383	0.00252	0.00219	0.04885
1	0.00747	0.00515	0.00646	0.00573	0.00705	0.00524	0.03518	0.15518	0.08289	0.08102	0.25035	0.16550	0.01794	0.06226	0.00466	0.00128	0.00258	0.05623	0.04390	0.00393
2	0.00640	0.00498	0.00542	0.00515	0.00635	0.03405	0.00391	0.00946	0.21178	0.06902	0.14239	0.15357	0.25584	0.02663	0.00432	0.00122	0.02166	0.03085	0.00326	0.00374
3	0.28529	0.07944	0.02980	0.03575	0.23015	0.10249	0.05513	0.03429	0.06482	0.01219	0.02236	0.00773	0.00549	0.00369	0.01739	0.00108	0.00386	0.00263	0.00200	0.00443
4	0.00755	0.00635	0.00763	0.00670	0.00758	0.04619	0.03232	0.16914	0.03317	0.01070	0.00945	0.07193	0.00955	0.23769	0.07165	0.00210	0.19949	0.06488	0.00233	0.00360
5	0.06265	0.00873	0.06748	0.00797	0.01063	0.02601	0.10806	0.25546	0.24871	0.13356	0.00986	0.00971	0.00708	0.00393	0.00337	0.00106	0.00360	0.00329	0.00304	0.02581
6	0.00427	0.00324	0.00393	0.00438	0.00498	0.00294	0.00315	0.00508	0.00713	0.00914	0.06379	0.44842	0.30255	0.03377	0.00459	0.00135	0.00201	0.08930	0.00314	0.00283
7	0.00462	0.00339	0.00435	0.00454	0.00511	0.00323	0.00323	0.00599	0.03896	0.01091	0.38111	0.38432	0.05958	0.03750	0.03582	0.00143	0.00212	0.00743	0.00332	0.00303
8	0.00765	0.00785	0.01101	0.00926	0.00956	0.04184	0.06564	0.00854	0.00555	0.00834	0.00464	0.00748	0.00449	0.00563	0.01033	0.00144	0.78246	0.00301	0.00151	0.00377
9	0.00964	0.15371	0.01119	0.14757	0.19362	0.03401	0.00718	0.06816	0.07889	0.16431	0.00849	0.01000	0.00659	0.00384	0.00344	0.00102	0.03174	0.03314	0.02865	0.00480
10	0.00783	0.00403	0.00534	0.00492	0.00612	0.00361	0.00371	0.00900	0.00858	0.27967	0.29372	0.28283	0.06226	0.00727	0.00391	0.00116	0.00212	0.00639	0.00367	0.00385
11	0.00525	0.00357	0.00461	0.00501	0.00561	0.00344	0.00378	0.00634	0.02589	0.04773	0.04550	0.33749	0.09352	0.13143	0.01678	0.00170	0.00260	0.25373	0.00304	0.00298
12	0.01591	0.00492	0.00654	0.06733	0.04205	0.04271	0.03507	0.05503	0.00701	0.05279	0.01215	0.37680	0.01305	0.02495	0.08347	0.12085	0.02771	0.00589	0.00251	0.00325
13	0.00772	0.27179	0.43147	0.00951	0.01355	0.00966	0.19043	0.01058	0.00725	0.00994	0.00584	0.00707	0.00449	0.00305	0.00308	0.00098	0.00475	0.00262	0.00150	0.00472
14	0.00481	0.00343	0.00460	0.00467	0.00499	0.00371	0.00325	0.00547	0.00533	0.00741	0.01061	0.09740	0.01132	0.36878	0.44458	0.00420	0.00608	0.00471	0.00203	0.00261
15	0.00466	0.00332	0.00398	0.00416	0.00453	0.00319	0.00275	0.00533	0.01749	0.00857	0.12313	0.23756	0.12723	0.37906	0.02556	0.00219	0.00263	0.03934	0.00273	0.00258
16	0.02806	0.02264	0.13791	0.05344	0.08791	0.03219	0.05779	0.07447	0.14104	0.01170	0.00989	0.14770	0.00894	0.00489	0.00380	0.00110	0.04974	0.01242	0.07694	0.03744
17	0.00761	0.02250	0.09155	0.00641	0.00799	0.16647	0.04321	0.01724	0.00765	0.07152	0.07448	0.06318	0.12544	0.09163	0.08904	0.00170	0.04827	0.00427	0.05622	0.00363

[dist]
# distance from previous block
# <min> <max>
6	53

[block]
# block no. 10 follows, 83 sequences, length 10
# corresponding to MSA columns:
# 694-703
name=unknown_K
#
# <colnr> <probs for GDERKNQSTAVLIFYWHMCP>
#	G	D	E	R	K	N	Q	S	T	A	V	L	I	F	Y	W	H	M	C	P
0	0.00942	0.02655	0.09775	0.06830	0.05500	0.11618	0.00689	0.19335	0.24284	0.03589	0.01012	0.05616	0.03108	0.00446	0.00362	0.00108	0.03023	0.00354	0.00268	0.00485
1	0.00755	0.17509	0.59768	0.00853	0.01267	0.04862	0.01028	0.01056	0.00725	0.03230	0.00669	0.05591	0.00543	0.00361	0.00309	0.00102	0.00458	0.00279	0.00162	0.00473
2	0.00492	0.00359	0.00446	0.00484	0.00539	0.00351	0.00360	0.00615	0.04672	0.00913	0.05380	0.24339	0.13021	0.21295	0.00735	0.00182	0.00260	0.24981	0.00292	0.00285
3	0.00449	0.00425	0.05231	0.03285	0.00590	0.00340	0.00360	0.00553	0.00735	0.00929	0.08859	0.16198	0.46217	0.09095	0.00528	0.00140	0.00225	0.05254	0.00293	0.00296
4	0.03112	0.15092	0.36865	0.02100	0.04559	0.05680	0.02316	0.05410	0.07472	0.10536	0.03244	0.00839	0.00617	0.00354	0.00311	0.00101	0.00417	0.00275	0.00211	0.00489
5	0.00849	0.00560	0.00755	0.05646	0.00888	0.00572	0.05644	0.16722	0.03454	0.16753	0.01429	0.30115	0.04629	0.00683	0.00407	0.00122	0.02580	0.07457	0.00316	0.00418
6	0.03207	0.00336	0.00405	0.00439	0.00502	0.00315	0.00311	0.00563	0.00690	0.03868	0.04445	0.45794	0.21986	0.05087	0.04104	0.00153	0.00232	0.02972	0.04298	0.00293
7	0.04137	0.01852	0.02566	0.17910	0.27641	0.05581	0.08930	0.02454	0.03189	0.07637	0.00839	0.07443	0.02473	0.00412	0.00388	0.00110	0.05417	0.00363	0.00206	0.00451
8	0.14565	0.11155	0.30149	0.00730	0.01055	0.03131	0.02930	0.04460	0.00748	0.09250	0.00685	0.03738	0.00540	0.00357	0.00323	0.00098	0.03859	0.00266	0.00203	0.11756
9	0.00851	0.14615	0.02005	0.00807	0.05942	0.02241	0.11345	0.13264	0.00848	0.07894	0.04592	0.10147	0.04279	0.04483	0.02896	0.00129	0.09676	0.00404	0.01857	0.01724

[dist]
# distance from previous block
# <min> <max>
5	19

[block]
# block no. 11 follows, 83 sequences, length 31
# corresponding to MSA columns:
# 724-754
name=unknown_L
#
# <colnr> <probs for GDERKNQSTAVLIFYWHMCP>
#	G	D	E	R	K	N	Q	S	T	A	V	L	I	F	Y	W	H	M	C	P
0	0.00774	0.00735	0.00975	0.02061	0.02857	0.05101	0.07481	0.07224	0.06453	0.00957	0.00683	0.01070	0.00649	0.16881	0.00989	0.00169	0.44028	0.00344	0.00190	0.00379
1	0.00909	0.00761	0.00804	0.00703	0.00906	0.00874	0.00552	0.14279	0.72782	0.01525	0.01294	0.01196	0.00965	0.00452	0.00344	0.00113	0.00284	0.00371	0.00344	0.00542
2	0.00797	0.00760	0.01132	0.15106	0.39821	0.04863	0.02865	0.02174	0.01724	0.02027	0.00665	0.03830	0.00572	0.00363	0.00407	0.00102	0.09299	0.00310	0.00181	0.13005
3	0.00915	0.36916	0.21416	0.00720	0.01032	0.06991	0.00735	0.16606	0.00879	0.01126	0.00642	0.01845	0.00544	0.02719	0.00322	0.00096	0.00406	0.02334	0.00192	0.03567
4	0.90488	0.00655	0.00498	0.00445	0.00655	0.00760	0.00367	0.00996	0.00576	0.01520	0.00472	0.00550	0.00367	0.00314	0.00210	0.00105	0.00262	0.00183	0.00210	0.00367
5	0.01180	0.00681	0.00803	0.00641	0.00865	0.00697	0.00523	0.33212	0.06721	0.31180	0.13462	0.01287	0.01117	0.00488	0.01253	0.00109	0.00304	0.01946	0.03011	0.00521
6	0.02995	0.06453	0.08305	0.39543	0.10159	0.03772	0.05268	0.03140	0.00711	0.03355	0.00615	0.00852	0.00487	0.01307	0.00451	0.04846	0.06874	0.00291	0.00167	0.00408
7	0.00600	0.00365	0.00477	0.00456	0.00548	0.00331	0.00339	0.00727	0.00875	0.12711	0.49299	0.22893	0.07555	0.00754	0.00399	0.00114	0.00187	0.00666	0.00362	0.00342
8	0.07436	0.00555	0.00712	0.00582	0.00799	0.00516	0.00479	0.04640	0.03340	0.56437	0.11469	0.01518	0.01190	0.00494	0.00351	0.00110	0.00276	0.08207	0.00384	0.00505
9	0.00664	0.00443	0.00542	0.07534	0.00746	0.01409	0.00450	0.07134	0.02033	0.04679	0.04642	0.08297	0.07649	0.00652	0.00363	0.00117	0.00261	0.26123	0.25914	0.00349
10	0.00642	0.00648	0.05776	0.04095	0.10376	0.03339	0.05975	0.01671	0.09250	0.00997	0.04761	0.21513	0.06697	0.03058	0.06104	0.00156	0.11102	0.03219	0.00242	0.00381
11	0.00644	0.00374	0.00406	0.00403	0.00490	0.01398	0.00296	0.03424	0.02510	0.06312	0.01484	0.22074	0.08296	0.02483	0.00342	0.00104	0.00194	0.00509	0.47926	0.00331
12	0.00425	0.00320	0.00379	0.00411	0.00465	0.00290	0.00281	0.00495	0.00698	0.00900	0.10138	0.40028	0.30341	0.12520	0.00590	0.00152	0.00202	0.00784	0.00305	0.00274
13	0.00913	0.00417	0.00579	0.00512	0.00616	0.00393	0.00381	0.03878	0.00695	0.29729	0.04339	0.05577	0.00868	0.00900	0.02952	0.46000	0.00300	0.00359	0.00265	0.00325
14	0.00713	0.00687	0.00911	0.06680	0.10000	0.08459	0.05065	0.03293	0.00678	0.00913	0.00862	0.08825	0.01980	0.03994	0.14726	0.00202	0.25376	0.06068	0.00195	0.00371
15	0.41458	0.00688	0.00689	0.00562	0.00794	0.00740	0.00462	0.19610	0.03306	0.24027	0.00825	0.00814	0.00575	0.00370	0.00278	0.00103	0.00290	0.00262	0.03676	0.00471
16	0.08169	0.00969	0.00833	0.00717	0.00920	0.22532	0.00564	0.23072	0.26333	0.01443	0.06238	0.01050	0.00856	0.00427	0.00327	0.00103	0.00375	0.02228	0.00287	0.02559
17	0.01210	0.00708	0.00820	0.00640	0.00889	0.09015	0.03321	0.07565	0.02516	0.44820	0.07343	0.01086	0.00884	0.00396	0.00327	0.00093	0.00319	0.00323	0.00335	0.17391
18	0.00832	0.00804	0.01389	0.04349	0.80559	0.00805	0.04188	0.01037	0.00770	0.01099	0.00638	0.00843	0.00533	0.00302	0.00338	0.00101	0.00410	0.00305	0.00167	0.00529
19	0.00861	0.50087	0.22860	0.00775	0.04257	0.03178	0.04037	0.01087	0.04211	0.03689	0.00629	0.00702	0.01687	0.00319	0.00269	0.00088	0.00404	0.00233	0.00167	0.00462
20	0.00657	0.00619	0.01047	0.80044	0.09438	0.00757	0.00949	0.00880	0.00685	0.00886	0.00605	0.00898	0.00459	0.00336	0.00338	0.00112	0.00447	0.00301	0.00152	0.00390
21	0.00818	0.00784	0.01338	0.10960	0.77263	0.00799	0.01029	0.01021	0.00762	0.01082	0.00634	0.00845	0.00528	0.00306	0.00336	0.00102	0.00408	0.00302	0.00166	0.00520
22	0.03285	0.01520	0.04117	0.02127	0.03599	0.01595	0.10045	0.04479	0.04467	0.11186	0.17542	0.18233	0.10416	0.00625	0.00413	0.00116	0.04362	0.01182	0.00296	0.00395
23	0.00526	0.00377	0.00425	0.00425	0.00532	0.00338	0.00322	0.03865	0.00790	0.06585	0.02723	0.17876	0.53157	0.02809	0.00435	0.00126	0.00207	0.07847	0.00320	0.00315
24	0.00484	0.00345	0.00435	0.00466	0.00535	0.00321	0.00344	0.00604	0.02795	0.03546	0.18939	0.38779	0.18842	0.00898	0.00419	0.00128	0.00203	0.11282	0.00330	0.00306
25	0.00803	0.00773	0.01331	0.16710	0.69219	0.00797	0.03389	0.01011	0.00756	0.01065	0.00633	0.00852	0.00521	0.00308	0.00338	0.00103	0.00416	0.00304	0.00165	0.00507
26	0.06442	0.03607	0.00807	0.00657	0.00852	0.11203	0.02984	0.14033	0.20417	0.10632	0.06820	0.04581	0.00996	0.03339	0.00376	0.00111	0.00328	0.03366	0.03444	0.05004
27	0.00465	0.00331	0.00426	0.00463	0.00506	0.00327	0.00331	0.00544	0.00642	0.00867	0.04564	0.33593	0.09272	0.17716	0.14785	0.00237	0.00346	0.10542	0.03766	0.00275
28	0.00814	0.00780	0.01331	0.12607	0.75646	0.00798	0.01027	0.01018	0.00760	0.01077	0.00633	0.00846	0.00526	0.00306	0.00336	0.00102	0.00409	0.00302	0.00166	0.00517
29	0.12185	0.22962	0.17395	0.00725	0.03384	0.03681	0.02263	0.03762	0.17750	0.01158	0.00733	0.00811	0.00583	0.00344	0.00282	0.00094	0.00358	0.01432	0.00209	0.09889
30	0.03655	0.00696	0.00767	0.00693	0.00771	0.09500	0.00544	0.02902	0.15946	0.00981	0.00866	0.06663	0.00807	0.08341	0.12882	0.00201	0.29445	0.00371	0.03594	0.00375

[dist]
# distance from previous block
# <min> <max>
0	2

[block]
# block no. 12 follows, 83 sequences, length 35
# corresponding to MSA columns:
# 757-791
name=unknown_M
#
# <colnr> <probs for GDERKNQSTAVLIFYWHMCP>
#	G	D	E	R	K	N	Q	S	T	A	V	L	I	F	Y	W	H	M	C	P
0	0.02880	0.00422	0.00506	0.00466	0.00584	0.00402	0.00355	0.04204	0.04679	0.12179	0.32370	0.08074	0.20757	0.05524	0.02695	0.00135	0.00230	0.02841	0.00339	0.00357
1	0.00726	0.05761	0.32333	0.01800	0.10171	0.04561	0.09836	0.02200	0.05361	0.01855	0.11493	0.04765	0.03439	0.00432	0.00353	0.00107	0.01205	0.02056	0.00211	0.01333
2	0.00820	0.02989	0.06781	0.06200	0.38222	0.07065	0.00801	0.03934	0.04864	0.05238	0.02016	0.14123	0.00883	0.00461	0.00348	0.00107	0.00374	0.02539	0.00221	0.02015
3	0.00497	0.00364	0.00452	0.00489	0.00563	0.00347	0.00374	0.00642	0.05264	0.02679	0.07842	0.31446	0.21184	0.04052	0.00472	0.00140	0.00229	0.22339	0.00318	0.00308
