[name]
unknown

[dist]
# distance from previous block
# <min> <max>
0	489

[block]
# block no. 0 follows, 59 sequences, length 37
# corresponding to MSA columns:
# 569-605
name=unknown_A
#
# <colnr> <probs for GDERKNQSTAVLIFYWHMCP>
#	G	D	E	R	K	N	Q	S	T	A	V	L	I	F	Y	W	H	M	C	P
0	0.04252	0.07661	0.06097	0.09478	0.20609	0.01005	0.03150	0.12146	0.04070	0.11147	0.01176	0.01630	0.00984	0.00551	0.00442	0.00140	0.00482	0.10887	0.00319	0.03773
1	0.11021	0.15427	0.06785	0.03102	0.14161	0.05192	0.08420	0.12804	0.05565	0.08418	0.00926	0.01024	0.00706	0.00438	0.00395	0.00126	0.00503	0.00357	0.00292	0.04339
2	0.04216	0.03999	0.15642	0.05815	0.18193	0.09522	0.00998	0.05810	0.05283	0.04915	0.03724	0.01159	0.02314	0.00451	0.00405	0.00121	0.00501	0.00367	0.00273	0.16291
3	0.05104	0.02503	0.04869	0.00770	0.05407	0.00585	0.01903	0.01075	0.01063	0.13284	0.19795	0.05071	0.23272	0.03715	0.00549	0.00156	0.00328	0.08288	0.00403	0.01857
4	0.02590	0.03482	0.02383	0.00783	0.02564	0.02401	0.00611	0.13731	0.14070	0.04847	0.06513	0.11108	0.15249	0.00908	0.00610	0.08949	0.00364	0.07941	0.00388	0.00510
5	0.05407	0.08768	0.04070	0.02850	0.06669	0.11954	0.08136	0.19077	0.18331	0.03712	0.04077	0.01277	0.02703	0.00513	0.00426	0.00133	0.00505	0.00418	0.00339	0.00632
6	0.01181	0.84744	0.02314	0.00756	0.01134	0.01748	0.00756	0.01323	0.00897	0.01039	0.00614	0.00708	0.00567	0.00378	0.00283	0.00094	0.00472	0.00236	0.00189	0.00567
7	0.03556	0.10912	0.10216	0.01088	0.07998	0.00978	0.09286	0.11344	0.01114	0.10106	0.00947	0.02755	0.00741	0.00427	0.00392	0.00112	0.00465	0.00361	0.00294	0.26909
8	0.00834	0.00785	0.01325	0.83417	0.03042	0.00981	0.01227	0.01128	0.00883	0.01128	0.00785	0.01178	0.00589	0.00442	0.00442	0.00147	0.00589	0.00393	0.00196	0.00491
9	0.00642	0.00428	0.00482	0.00482	0.00482	0.00428	0.00268	0.00642	0.00642	0.00856	0.01392	0.02890	0.01606	0.84478	0.02248	0.00428	0.00428	0.00642	0.00268	0.00268
10	0.01617	0.00910	0.01245	0.07919	0.08913	0.00909	0.04332	0.20308	0.03804	0.40475	0.01404	0.04007	0.00982	0.00541	0.00450	0.00138	0.00445	0.00456	0.00440	0.00704
11	0.16212	0.02632	0.01258	0.16166	0.09314	0.16498	0.02152	0.10986	0.01055	0.01506	0.00754	0.00970	0.00610	0.00503	0.00577	0.00142	0.15247	0.00345	0.02528	0.00544
12	0.00579	0.00439	0.00523	0.00523	0.00622	0.00399	0.00378	0.00715	0.01037	0.01373	0.33808	0.14506	0.30860	0.08900	0.03193	0.00192	0.00270	0.00883	0.00421	0.00379
13	0.03238	0.00952	0.08475	0.01066	0.02504	0.00913	0.13705	0.03651	0.08736	0.10574	0.02704	0.07346	0.04514	0.02683	0.11668	0.00236	0.15652	0.00526	0.00310	0.00549
14	0.01392	0.01453	0.01357	0.05587	0.17580	0.32366	0.02539	0.15824	0.13371	0.01595	0.02107	0.01095	0.00800	0.00482	0.00428	0.00129	0.00599	0.00377	0.00300	0.00620
15	0.01201	0.81207	0.02269	0.00772	0.01143	0.05213	0.00760	0.01341	0.00913	0.01041	0.00617	0.00712	0.00567	0.00381	0.00288	0.00095	0.00486	0.00238	0.00191	0.00564
16	0.00916	0.00785	0.00916	0.00654	0.01047	0.00589	0.00523	0.01112	0.00916	0.01439	0.00785	0.00916	0.00654	0.00327	0.00327	0.00065	0.00327	0.00262	0.00262	0.87178
17	0.00911	0.00863	0.01464	0.59458	0.26400	0.01001	0.01265	0.01196	0.00920	0.01222	0.00799	0.01152	0.00622	0.00427	0.00440	0.00142	0.00570	0.00393	0.00203	0.00553
18	0.00640	0.00435	0.00518	0.00518	0.00531	0.00448	0.00313	0.00666	0.00653	0.00883	0.01358	0.02705	0.01525	0.71453	0.15164	0.00473	0.00549	0.00615	0.00263	0.00288
19	0.00921	0.00795	0.01226	0.38583	0.13998	0.02717	0.02339	0.05675	0.00908	0.01200	0.00865	0.04274	0.00749	0.00765	0.02542	0.17224	0.04097	0.00425	0.00223	0.00474
20	0.07886	0.01157	0.18247	0.12095	0.10093	0.06943	0.03398	0.04387	0.00991	0.03147	0.01292	0.18259	0.01268	0.00701	0.00463	0.00152	0.00502	0.08199	0.00287	0.00532
21	0.00842	0.00665	0.00789	0.00693	0.00933	0.00596	0.00559	0.02823	0.09612	0.03066	0.07011	0.04604	0.11650	0.02285	0.00491	0.00135	0.00332	0.19199	0.00363	0.33351
22	0.01128	0.00996	0.01273	0.07526	0.23162	0.04495	0.00874	0.15479	0.01162	0.01643	0.00843	0.01004	0.00675	0.00396	0.00389	0.00104	0.00450	0.00333	0.00276	0.37791
23	0.01050	0.01232	0.17088	0.11075	0.34658	0.04549	0.02926	0.04188	0.03936	0.04749	0.02609	0.08005	0.00947	0.00517	0.00447	0.00139	0.00531	0.00464	0.00261	0.00627
24	0.03221	0.07029	0.03214	0.16139	0.41517	0.02709	0.01153	0.09455	0.02456	0.03388	0.02485	0.01119	0.00752	0.00446	0.00455	0.00134	0.03052	0.00386	0.00253	0.00638
25	0.02767	0.20053	0.18270	0.01353	0.10374	0.16476	0.14247	0.01443	0.00999	0.03322	0.00760	0.00931	0.00610	0.00433	0.00471	0.00129	0.06209	0.00344	0.00216	0.00591
26	0.00865	0.00731	0.01051	0.24079	0.11287	0.00829	0.00840	0.01234	0.14928	0.03300	0.03210	0.18230	0.01430	0.08144	0.00698	0.00181	0.05811	0.02332	0.00312	0.00509
27	0.01070	0.01026	0.01699	0.06169	0.67669	0.01075	0.01288	0.01362	0.04392	0.01413	0.00848	0.01110	0.00712	0.00438	0.00526	0.00138	0.07771	0.00397	0.00225	0.00671
28	0.00640	0.00497	0.00588	0.00557	0.00687	0.00468	0.00420	0.00917	0.08600	0.01613	0.52058	0.03417	0.26018	0.00936	0.00515	0.00143	0.00226	0.00809	0.00461	0.00430
29	0.01064	0.01006	0.01669	0.02466	0.71748	0.01013	0.01257	0.01383	0.05863	0.01488	0.05958	0.01265	0.00957	0.00438	0.00443	0.00133	0.00494	0.00425	0.00249	0.00682
30	0.00546	0.00425	0.00496	0.00529	0.00624	0.00375	0.00377	0.00661	0.00989	0.01269	0.17029	0.33866	0.38878	0.01180	0.00537	0.00159	0.00233	0.01030	0.00423	0.00375
31	0.01181	0.84744	0.02314	0.00756	0.01134	0.01748	0.00756	0.01323	0.00897	0.01039	0.00614	0.00708	0.00567	0.00378	0.00283	0.00094	0.00472	0.00236	0.00189	0.00567
32	0.01165	0.19866	0.07936	0.03772	0.43037	0.01233	0.01150	0.11888	0.01114	0.01521	0.00808	0.00988	0.00662	0.00410	0.00399	0.00123	0.00514	0.00350	0.00240	0.02824
33	0.00834	0.00785	0.01325	0.83417	0.03042	0.00981	0.01227	0.01128	0.00883	0.01128	0.00785	0.01178	0.00589	0.00442	0.00442	0.00147	0.00589	0.00393	0.00196	0.00491
34	0.00642	0.00428	0.00482	0.00482	0.00482	0.00428	0.00268	0.00642	0.00642	0.00856	0.01392	0.02890	0.01606	0.84478	0.02248	0.00428	0.00428	0.00642	0.00268	0.00268
35	0.03206	0.01069	0.01521	0.11610	0.17699	0.03186	0.12239	0.26518	0.04111	0.11031	0.01112	0.01223	0.02449	0.00481	0.00450	0.00137	0.00525	0.00427	0.00338	0.00665
36	0.07714	0.02910	0.01354	0.05074	0.26366	0.01014	0.00941	0.12903	0.01166	0.23308	0.01059	0.01148	0.00775	0.00495	0.00526	0.00138	0.09075	0.00388	0.00340	0.03305

[dist]
# distance from previous block
# <min> <max>
6	12

[block]
# block no. 1 follows, 59 sequences, length 15
# corresponding to MSA columns:
# 623-637
name=unknown_B
#
# <colnr> <probs for GDERKNQSTAVLIFYWHMCP>
#	G	D	E	R	K	N	Q	S	T	A	V	L	I	F	Y	W	H	M	C	P
0	0.00906	0.00777	0.01141	0.16846	0.18473	0.03134	0.03054	0.02991	0.04345	0.04576	0.11217	0.20712	0.01694	0.00755	0.00544	0.00153	0.05364	0.02474	0.00323	0.00522
1	0.05633	0.01205	0.01533	0.07679	0.46073	0.15729	0.02944	0.05251	0.05136	0.01475	0.02649	0.01104	0.00769	0.00437	0.00427	0.00131	0.00556	0.00383	0.00250	0.00634
2	0.01313	0.00705	0.00911	0.00814	0.03420	0.03602	0.00627	0.04690	0.01077	0.35472	0.06930	0.01642	0.01255	0.01467	0.27262	0.00322	0.02509	0.00466	0.04937	0.00578
3	0.01260	0.00994	0.01352	0.04824	0.33107	0.03144	0.00977	0.06481	0.24273	0.13675	0.01254	0.01302	0.00940	0.00485	0.00437	0.00135	0.00451	0.00424	0.00349	0.04137
4	0.00675	0.00505	0.00621	0.00582	0.00708	0.00481	0.00443	0.03744	0.05178	0.01721	0.62116	0.03311	0.14260	0.00912	0.00517	0.00142	0.00233	0.02942	0.00470	0.00437
5	0.01181	0.84744	0.02314	0.00756	0.01134	0.01748	0.00756	0.01323	0.00897	0.01039	0.00614	0.00708	0.00567	0.00378	0.00283	0.00094	0.00472	0.00236	0.00189	0.00567
6	0.01020	0.00975	0.01661	0.25390	0.59613	0.01030	0.01319	0.01292	0.00971	0.01355	0.00818	0.01117	0.00668	0.00407	0.00438	0.00136	0.00543	0.00393	0.00212	0.00641
7	0.00705	0.00587	0.00935	0.31024	0.01615	0.00709	0.00799	0.00913	0.00773	0.01063	0.01037	0.01531	0.00915	0.02260	0.52568	0.00504	0.00965	0.00444	0.00222	0.00430
8	0.87598	0.00854	0.00649	0.00581	0.00854	0.00991	0.00478	0.01298	0.00752	0.01982	0.00615	0.00717	0.00478	0.00410	0.00273	0.00137	0.00342	0.00239	0.00273	0.00478
9	0.00848	0.00799	0.01349	0.79225	0.07129	0.00985	0.01233	0.01140	0.00889	0.01145	0.00787	0.01173	0.00595	0.00439	0.00441	0.00146	0.00585	0.00393	0.00197	0.00501
10	0.00992	0.00911	0.01388	0.07727	0.42821	0.00849	0.01001	0.01226	0.00958	0.01410	0.00851	0.03182	0.00732	0.00397	0.00398	0.00108	0.00446	0.00365	0.00239	0.33999
11	0.00597	0.00482	0.00538	0.00553	0.00673	0.00449	0.00403	0.00827	0.09303	0.01302	0.11466	0.26378	0.43193	0.01117	0.00526	0.00157	0.00244	0.00965	0.00422	0.00407
12	0.07290	0.01332	0.03027	0.04586	0.24182	0.24700	0.00962	0.10985	0.03460	0.09242	0.02255	0.01063	0.00757	0.00465	0.00431	0.00128	0.01871	0.00362	0.00293	0.02611
13	0.09436	0.04698	0.04701	0.07809	0.16791	0.06053	0.08191	0.04392	0.06124	0.01400	0.01023	0.05476	0.03157	0.00667	0.03661	0.00169	0.14995	0.00443	0.00256	0.00559
14	0.06033	0.17460	0.11715	0.03933	0.01384	0.03074	0.05294	0.15427	0.18866	0.07270	0.01128	0.02798	0.00868	0.00560	0.02189	0.00145	0.00494	0.00397	0.00329	0.00637

[dist]
# distance from previous block
# <min> <max>
2	9

[block]
# block no. 2 follows, 59 sequences, length 13
# corresponding to MSA columns:
# 647-659
name=unknown_C
#
# <colnr> <probs for GDERKNQSTAVLIFYWHMCP>
#	G	D	E	R	K	N	Q	S	T	A	V	L	I	F	Y	W	H	M	C	P
0	0.01239	0.44685	0.06592	0.01051	0.04163	0.06060	0.12567	0.01439	0.00981	0.10960	0.00864	0.03254	0.00717	0.00446	0.00404	0.00118	0.03270	0.00351	0.00247	0.00591
1	0.00579	0.00409	0.00514	0.00581	0.00612	0.00390	0.00386	0.00645	0.00808	0.01067	0.02243	0.50809	0.06920	0.25184	0.01048	0.00251	0.00314	0.06533	0.00369	0.00337
2	0.01073	0.25265	0.17934	0.12201	0.24444	0.01257	0.04789	0.05672	0.01005	0.01350	0.00771	0.00964	0.00621	0.00407	0.00394	0.00125	0.00551	0.00341	0.00213	0.00623
3	0.00977	0.03202	0.01558	0.42279	0.33845	0.03472	0.03986	0.01250	0.00949	0.01270	0.00813	0.01131	0.00646	0.00421	0.00434	0.00138	0.00564	0.00390	0.02098	0.00578
4	0.00620	0.00438	0.00573	0.00590	0.00625	0.00463	0.00399	0.00693	0.00702	0.00966	0.01491	0.16327	0.01641	0.39705	0.32297	0.00492	0.00683	0.00683	0.00280	0.00331
5	0.00633	0.00463	0.00660	0.00660	0.00722	0.00525	0.00490	0.00757	0.00695	0.00989	0.01228	0.01986	0.01213	0.20911	0.65278	0.00649	0.01019	0.00510	0.00243	0.00367
6	0.01037	0.11006	0.34772	0.10774	0.06254	0.03788	0.05435	0.04408	0.07529	0.03893	0.02634	0.01088	0.00745	0.00464	0.00465	0.00138	0.04340	0.00370	0.00242	0.00617
7	0.00769	0.03952	0.03093	0.01157	0.19582	0.00685	0.00724	0.00978	0.04390	0.01311	0.09702	0.35513	0.04211	0.00989	0.02640	0.00169	0.03775	0.02932	0.00343	0.03085
8	0.04011	0.14929	0.42018	0.01160	0.05061	0.04290	0.01234	0.19317	0.01196	0.01666	0.00817	0.00921	0.00608	0.00438	0.00398	0.00130	0.00576	0.00327	0.00251	0.00653
9	0.07513	0.33091	0.19606	0.01006	0.04638	0.05152	0.00972	0.17163	0.01166	0.04766	0.00800	0.00880	0.00622	0.00431	0.00363	0.00119	0.00519	0.00306	0.00262	0.00627
10	0.03913	0.19721	0.25657	0.01123	0.07760	0.02619	0.01061	0.22048	0.01252	0.05372	0.02754	0.01002	0.00731	0.00452	0.00393	0.00125	0.00521	0.00342	0.00285	0.02868
11	0.07257	0.23884	0.34037	0.01014	0.03047	0.04436	0.01087	0.07393	0.03079	0.04165	0.03842	0.00991	0.00750	0.00442	0.00377	0.00124	0.00530	0.00326	0.00247	0.02975
12	0.05622	0.17200	0.19530	0.01155	0.10925	0.01159	0.02165	0.19684	0.02314	0.05808	0.01033	0.08130	0.00871	0.00526	0.00407	0.00131	0.00490	0.00422	0.01798	0.00631

[dist]
# distance from previous block
# <min> <max>
8	225

[block]
# block no. 3 follows, 59 sequences, length 9
# corresponding to MSA columns:
# 941-949
name=unknown_D
#
# <colnr> <probs for GDERKNQSTAVLIFYWHMCP>
#	G	D	E	R	K	N	Q	S	T	A	V	L	I	F	Y	W	H	M	C	P
0	0.25865	0.02675	0.09493	0.00853	0.03497	0.05617	0.00719	0.12753	0.10509	0.04856	0.07771	0.04619	0.02628	0.04250	0.00477	0.00149	0.00418	0.00434	0.00339	0.02076
1	0.00674	0.00524	0.00675	0.00647	0.02712	0.00482	0.00468	0.00835	0.00970	0.01371	0.27940	0.09743	0.10518	0.07033	0.17306	0.00266	0.00457	0.00668	0.00358	0.16354
2	0.01211	0.79353	0.02245	0.00781	0.01149	0.07029	0.00762	0.01351	0.00921	0.01042	0.00618	0.00714	0.00567	0.00383	0.00291	0.00096	0.00493	0.00239	0.00191	0.00563
3	0.00752	0.00634	0.00908	0.26285	0.01516	0.00651	0.00715	0.00941	0.00846	0.01186	0.01219	0.18548	0.01216	0.03675	0.15333	0.00242	0.00551	0.00559	0.00268	0.23956
4	0.01866	0.00757	0.01002	0.00775	0.01105	0.00670	0.00638	0.06318	0.01291	0.72190	0.01891	0.01666	0.06555	0.00585	0.00449	0.00137	0.00371	0.00475	0.00532	0.00726
5	0.00834	0.00785	0.01325	0.83417	0.03042	0.00981	0.01227	0.01128	0.00883	0.01128	0.00785	0.01178	0.00589	0.00442	0.00442	0.00147	0.00589	0.00393	0.00196	0.00491
6	0.69316	0.18602	0.01001	0.00618	0.00913	0.01151	0.00537	0.01303	0.00782	0.01782	0.00615	0.00716	0.00497	0.00403	0.00275	0.00128	0.00369	0.00239	0.00255	0.00497
7	0.24498	0.04322	0.42563	0.03377	0.11334	0.01018	0.01199	0.01329	0.00892	0.01537	0.00873	0.01010	0.03414	0.00438	0.00382	0.00137	0.00530	0.00331	0.00222	0.00594
8	0.67708	0.00772	0.00645	0.00581	0.00823	0.00864	0.00468	0.01194	0.00839	0.01898	0.13267	0.04195	0.01148	0.00519	0.00324	0.00136	0.00317	0.00364	0.00311	0.03627

[dist]
# distance from previous block
# <min> <max>
0	3

[block]
# block no. 4 follows, 59 sequences, length 6
# corresponding to MSA columns:
# 953-958
name=unknown_E
#
# <colnr> <probs for GDERKNQSTAVLIFYWHMCP>
#	G	D	E	R	K	N	Q	S	T	A	V	L	I	F	Y	W	H	M	C	P
0	0.00597	0.00496	0.03343	0.00587	0.00675	0.00441	0.00437	0.00716	0.00882	0.01184	0.15076	0.23312	0.17491	0.17158	0.15285	0.00306	0.00451	0.00836	0.00357	0.00370
1	0.01025	0.06119	0.26316	0.00979	0.01336	0.07622	0.04657	0.12260	0.03285	0.03459	0.10730	0.04788	0.06984	0.02709	0.03687	0.00167	0.00532	0.02465	0.00312	0.00567
2	0.01480	0.01241	0.07003	0.01005	0.01354	0.01278	0.00861	0.55470	0.21393	0.02455	0.01223	0.01196	0.00884	0.00539	0.00442	0.00137	0.00464	0.00418	0.00426	0.00731
3	0.01445	0.22145	0.01474	0.00889	0.01221	0.01363	0.00763	0.49019	0.05910	0.02191	0.01022	0.01057	0.00771	0.00494	0.00390	0.00121	0.00450	0.00364	0.08241	0.00671
4	0.01467	0.11704	0.06999	0.00980	0.01312	0.01302	0.00863	0.50083	0.01629	0.06888	0.01051	0.04919	0.00822	0.00564	0.00509	0.00136	0.07300	0.00414	0.00377	0.00681
5	0.09087	0.24462	0.21378	0.00915	0.01321	0.01276	0.00935	0.25352	0.01254	0.01794	0.00862	0.00949	0.00659	0.00449	0.00366	0.00122	0.00487	0.00322	0.07386	0.00623

[dist]
# distance from previous block
# <min> <max>
14	124

[block]
# block no. 5 follows, 59 sequences, length 41
# corresponding to MSA columns:
# 1084-1124
name=unknown_F
#
# <colnr> <probs for GDERKNQSTAVLIFYWHMCP>
#	G	D	E	R	K	N	Q	S	T	A	V	L	I	F	Y	W	H	M	C	P
0	0.03046	0.08726	0.49369	0.04270	0.06824	0.02302	0.07394	0.01376	0.00959	0.05320	0.01002	0.02861	0.03704	0.00465	0.00422	0.00137	0.00591	0.00386	0.00225	0.00620
1	0.03933	0.03368	0.07497	0.00874	0.06488	0.00648	0.03759	0.03560	0.04557	0.06325	0.05864	0.33484	0.14768	0.00949	0.00498	0.00156	0.00350	0.02066	0.00374	0.00484
2	0.01082	0.34813	0.26125	0.02983	0.01504	0.02731	0.07836	0.06353	0.03104	0.01343	0.00790	0.00922	0.00629	0.00429	0.00390	0.01496	0.00542	0.00318	0.02748	0.03860
3	0.01163	0.06374	0.19356	0.05068	0.25838	0.04770	0.13027	0.07319	0.04546	0.06931	0.00931	0.01089	0.00705	0.00429	0.00437	0.00135	0.00577	0.00392	0.00259	0.00656
4	0.08991	0.26413	0.14262	0.00975	0.01365	0.04183	0.08159	0.11477	0.06973	0.09582	0.03036	0.01052	0.00794	0.00456	0.00384	0.00125	0.00502	0.00354	0.00295	0.00620
5	0.02986	0.12168	0.04132	0.01353	0.23394	0.06923	0.00904	0.01757	0.02417	0.37779	0.01214	0.01203	0.00852	0.00470	0.00414	0.00128	0.00469	0.00384	0.00367	0.00686
6	0.02902	0.02080	0.09429	0.00668	0.00968	0.00598	0.00592	0.01038	0.03137	0.01507	0.23192	0.02061	0.13419	0.00618	0.00419	0.00110	0.00318	0.00517	0.00340	0.36088
7	0.00944	0.01354	0.31105	0.20441	0.03195	0.00893	0.01135	0.01335	0.05185	0.04784	0.00880	0.01051	0.00659	0.00421	0.00420	0.00123	0.01891	0.00341	0.00239	0.23604
8	0.04335	0.03522	0.09653	0.09242	0.01404	0.01034	0.00844	0.15996	0.29712	0.09113	0.02660	0.06395	0.01168	0.00600	0.00444	0.00145	0.00430	0.02274	0.00387	0.00644
9	0.53050	0.19738	0.08733	0.00716	0.01049	0.02203	0.00673	0.03456	0.04319	0.01721	0.00695	0.00786	0.00552	0.00416	0.00303	0.00128	0.00410	0.00263	0.00258	0.00532
10	0.01034	0.29377	0.49126	0.01073	0.01605	0.03013	0.01274	0.04375	0.02924	0.01337	0.00766	0.00878	0.00589	0.00415	0.00376	0.00124	0.00583	0.00303	0.00204	0.00626
11	0.00973	0.06092	0.05672	0.00693	0.00965	0.00714	0.00594	0.10946	0.02449	0.09153	0.19527	0.02248	0.18823	0.00754	0.02406	0.00138	0.00352	0.00569	0.00386	0.16546
12	0.01286	0.01042	0.01104	0.00937	0.01220	0.01186	0.00745	0.27568	0.55398	0.02151	0.01559	0.01458	0.01155	0.00577	0.00447	0.00144	0.00394	0.00466	0.00447	0.00716
13	0.01188	0.02845	0.04581	0.14520	0.18635	0.16214	0.00977	0.10711	0.03848	0.02793	0.00916	0.01109	0.00724	0.00479	0.00484	0.00131	0.06543	0.00371	0.10255	0.02676
14	0.00949	0.00827	0.01228	0.60028	0.02493	0.02203	0.01069	0.02946	0.14240	0.04813	0.04135	0.01344	0.00879	0.00492	0.00445	0.00146	0.00526	0.00427	0.00270	0.00539
15	0.00545	0.00401	0.00500	0.00571	0.00620	0.00368	0.00385	0.00626	0.00870	0.01134	0.04636	0.60702	0.17777	0.07831	0.00687	0.00192	0.00262	0.01135	0.00401	0.00356
16	0.01982	0.00752	0.01025	0.00786	0.01127	0.00649	0.00649	0.02152	0.01264	0.82029	0.01742	0.01503	0.01093	0.00547	0.00444	0.00137	0.00376	0.00444	0.00547	0.00752
17	0.00817	0.00495	0.00640	0.00581	0.00724	0.00446	0.00444	0.01007	0.01219	0.13767	0.60195	0.05077	0.11103	0.00882	0.00511	0.00141	0.00236	0.00769	0.00486	0.00461
18	0.00696	0.00437	0.00527	0.00504	0.00608	0.00415	0.00378	0.00903	0.01135	0.01727	0.52971	0.02710	0.03086	0.00765	0.00445	0.00126	0.00207	0.00661	0.31284	0.00415
19	0.01630	0.02072	0.01255	0.01138	0.01359	0.80344	0.00857	0.01743	0.01235	0.01080	0.00680	0.00801	0.00569	0.00464	0.00429	0.00116	0.03202	0.00287	0.00227	0.00511
20	0.00623	0.00448	0.00608	0.00706	0.00774	0.00433	0.00556	0.00764	0.00937	0.01226	0.02474	0.41707	0.06097	0.01292	0.00585	0.00190	0.00329	0.39460	0.00408	0.00383
21	0.01181	0.84744	0.02314	0.00756	0.01134	0.01748	0.00756	0.01323	0.00897	0.01039	0.00614	0.00708	0.00567	0.00378	0.00283	0.00094	0.00472	0.00236	0.00189	0.00567
22	0.00767	0.00384	0.00575	0.00575	0.00575	0.00384	0.00384	0.00575	0.00575	0.00767	0.00767	0.01343	0.00767	0.01534	0.01726	0.87150	0.00384	0.00384	0.00192	0.00192
23	0.01173	0.82628	0.04364	0.00769	0.01154	0.01729	0.00778	0.01324	0.00898	0.01048	0.00619	0.00714	0.00567	0.00379	0.00287	0.00096	0.00477	0.00238	0.00189	0.00569
24	0.01118	0.01236	0.01359	0.29310	0.01902	0.24319	0.03821	0.01297	0.00923	0.01103	0.00690	0.00998	0.00583	0.00555	0.00773	0.00153	0.28792	0.00364	0.00205	0.00498
25	0.00569	0.00437	0.00523	0.00538	0.00641	0.00390	0.00395	0.00711	0.01057	0.01388	0.31291	0.22316	0.33135	0.01107	0.00534	0.00154	0.00232	0.03760	0.00437	0.00386
26	0.00956	0.00917	0.01580	0.44661	0.37802	0.01016	0.04256	0.01240	0.00943	0.01278	0.00809	0.01141	0.00641	0.00418	0.00443	0.00140	0.00566	0.00398	0.00207	0.00587
27	0.01857	0.00900	0.01107	0.00851	0.01191	0.00875	0.00702	0.27230	0.01517	0.54645	0.01516	0.01364	0.00984	0.00541	0.00440	0.00135	0.00407	0.00428	0.02567	0.00743
28	0.00970	0.00982	0.11569	0.02633	0.18884	0.00812	0.07795	0.07056	0.04338	0.06320	0.26779	0.02016	0.06679	0.00628	0.00475	0.00139	0.00424	0.00565	0.00356	0.00578
29	0.01181	0.84744	0.02314	0.00756	0.01134	0.01748	0.00756	0.01323	0.00897	0.01039	0.00614	0.00708	0.00567	0.00378	0.00283	0.00094	0.00472	0.00236	0.00189	0.00567
30	0.00541	0.00398	0.00509	0.00592	0.00640	0.00365	0.00405	0.00630	0.00885	0.01160	0.05033	0.68394	0.14743	0.01327	0.00557	0.00174	0.00253	0.02620	0.00412	0.00363
31	0.00659	0.00469	0.00644	0.00726	0.00799	0.00471	0.00585	0.00809	0.00913	0.01205	0.02160	0.22117	0.02402	0.09910	0.08142	0.00266	0.00445	0.46520	0.00378	0.00381
32	0.04428	0.00648	0.00863	0.00792	0.06019	0.00585	0.00582	0.01498	0.01197	0.40408	0.26742	0.02302	0.10634	0.00704	0.00470	0.00138	0.00316	0.00596	0.00483	0.00594
33	0.00823	0.00597	0.00717	0.00701	0.00837	0.00617	0.00524	0.01292	0.24602	0.06496	0.23965	0.29278	0.02673	0.00962	0.00513	0.00158	0.00284	0.04010	0.00451	0.00501
34	0.00673	0.00430	0.00506	0.00519	0.00540	0.00421	0.00313	0.00701	0.00715	0.03856	0.01627	0.20111	0.01855	0.61547	0.01773	0.00356	0.00384	0.00760	0.02604	0.00308
35	0.01536	0.01407	0.01323	0.01101	0.03071	0.25309	0.05856	0.39335	0.04917	0.04849	0.04503	0.02781	0.00919	0.00532	0.00440	0.00130	0.00569	0.00412	0.00365	0.00645
36	0.09420	0.01188	0.01248	0.00966	0.01308	0.01319	0.00798	0.71732	0.01937	0.02691	0.01027	0.01040	0.00733	0.00519	0.00424	0.00132	0.00468	0.00384	0.01945	0.00721
37	0.00635	0.00429	0.00480	0.00480	0.00489	0.00425	0.00272	0.00642	0.00665	0.00878	0.01587	0.02976	0.06668	0.79200	0.02139	0.00411	0.00415	0.00661	0.00277	0.00274
38	0.00734	0.00556	0.00755	0.00875	0.11453	0.00538	0.00557	0.00984	0.06852	0.03490	0.35402	0.23123	0.07855	0.00924	0.00506	0.00148	0.00278	0.00823	0.03682	0.00465
39	0.00968	0.00820	0.00962	0.00724	0.02917	0.00649	0.00562	0.06129	0.00991	0.01524	0.00803	0.00929	0.00661	0.00341	0.00337	0.00071	0.00342	0.00273	0.00272	0.79722
40	0.01137	0.01039	0.04622	0.03477	0.28078	0.02177	0.02873	0.12017	0.08723	0.03990	0.00963	0.01093	0.00755	0.00418	0.00407	0.00114	0.00455	0.00364	0.00292	0.27005

[dist]
# distance from previous block
# <min> <max>
0	38

[block]
# block no. 6 follows, 59 sequences, length 36
# corresponding to MSA columns:
# 1163,1165-1199
name=unknown_G
#
# <colnr> <probs for GDERKNQSTAVLIFYWHMCP>
#	G	D	E	R	K	N	Q	S	T	A	V	L	I	F	Y	W	H	M	C	P
0	0.76946	0.00895	0.02849	0.05310	0.04331	0.00994	0.00586	0.01294	0.00774	0.01897	0.00638	0.00764	0.00496	0.00411	0.00293	0.00137	0.00371	0.00256	0.00265	0.00493
1	0.83153	0.00874	0.00684	0.00603	0.00881	0.01010	0.00497	0.05383	0.00820	0.02023	0.00638	0.00735	0.00492	0.00416	0.00282	0.00136	0.00349	0.00247	0.00282	0.00492
2	0.01081	0.00879	0.05423	0.10946	0.22658	0.00830	0.00904	0.08307	0.05517	0.12636	0.14387	0.06514	0.06752	0.00632	0.00465	0.00141	0.00419	0.00553	0.00359	0.00598
3	0.00542	0.00443	0.00478	0.00480	0.00611	0.00380	0.00356	0.00669	0.01038	0.01293	0.18262	0.10258	0.61455	0.01100	0.00525	0.00150	0.00223	0.00933	0.00424	0.00380
4	0.00783	0.00963	0.16164	0.06430	0.10909	0.01821	0.02550	0.00994	0.02055	0.01185	0.01465	0.25222	0.03838	0.14125	0.00866	0.00202	0.08986	0.00685	0.00280	0.00474
5	0.01349	0.01165	0.01431	0.13818	0.21809	0.07259	0.01032	0.36493	0.03316	0.01954	0.00924	0.01075	0.00705	0.00492	0.00494	0.00137	0.05175	0.00389	0.00319	0.00665
6	0.00693	0.00476	0.00598	0.00556	0.00684	0.00434	0.00421	0.00901	0.02560	0.06272	0.62448	0.03330	0.17128	0.00914	0.00515	0.00141	0.00223	0.00796	0.00476	0.00433
7	0.01261	0.03409	0.01254	0.05899	0.20873	0.01000	0.00869	0.16410	0.18488	0.12835	0.08462	0.01477	0.01222	0.00537	0.00440	0.00136	0.00420	0.00456	0.03890	0.00664
8	0.00545	0.00448	0.00480	0.00472	0.00611	0.00383	0.00354	0.00679	0.01062	0.01323	0.21832	0.04036	0.64105	0.01070	0.00522	0.00147	0.00220	0.00902	0.00427	0.00383
9	0.00627	0.00468	0.00693	0.00698	0.00771	0.00539	0.00536	0.00776	0.00713	0.01024	0.01244	0.05309	0.01200	0.06160	0.76303	0.00677	0.01116	0.00513	0.00245	0.00388
10	0.00919	0.00796	0.00963	0.00688	0.01082	0.00603	0.02729	0.01120	0.00919	0.01439	0.00788	0.00923	0.00655	0.00328	0.00332	0.00068	0.00339	0.00269	0.00261	0.84779
11	0.01679	0.01237	0.01325	0.01016	0.01370	0.01370	0.00839	0.80251	0.02077	0.02783	0.01060	0.01060	0.00751	0.00530	0.00442	0.00133	0.00486	0.00398	0.00442	0.00751
12	0.00920	0.11902	0.72874	0.01200	0.01821	0.01110	0.01530	0.01390	0.00928	0.01357	0.00772	0.00906	0.00560	0.00415	0.00404	0.00135	0.00632	0.00316	0.00187	0.00643
13	0.00640	0.00436	0.00520	0.00520	0.00533	0.00449	0.00315	0.00667	0.00653	0.00884	0.01357	0.02699	0.01523	0.71023	0.15590	0.00475	0.00553	0.00614	0.00262	0.00289
14	0.87598	0.00854	0.00649	0.00581	0.00854	0.00991	0.00478	0.01298	0.00752	0.01982	0.00615	0.00717	0.00478	0.00410	0.00273	0.00137	0.00342	0.00239	0.00273	0.00478
15	0.00997	0.00934	0.01572	0.05440	0.65654	0.00938	0.01204	0.01233	0.00978	0.01384	0.01086	0.12991	0.01047	0.00552	0.00459	0.00140	0.00487	0.02018	0.00249	0.00638
16	0.00991	0.01998	0.62466	0.01345	0.03604	0.01041	0.12541	0.05167	0.01016	0.04490	0.00856	0.01000	0.00607	0.00422	0.00436	0.00140	0.00645	0.00363	0.00218	0.00654
17	0.00848	0.00789	0.01333	0.75101	0.06162	0.00964	0.02780	0.01140	0.00893	0.01168	0.00816	0.01193	0.00617	0.00441	0.00438	0.00145	0.00574	0.00396	0.03705	0.00498
18	0.00682	0.00489	0.00676	0.00775	0.00867	0.00483	0.00658	0.00865	0.00992	0.01291	0.02414	0.16107	0.04908	0.01240	0.00601	0.00198	0.00380	0.65567	0.00407	0.00399
19	0.01212	0.01216	0.12642	0.01899	0.33489	0.02479	0.20925	0.01512	0.01044	0.15275	0.00988	0.01158	0.00735	0.00430	0.00486	0.00139	0.03010	0.00423	0.00271	0.00667
20	0.00974	0.01454	0.35459	0.27793	0.12383	0.00981	0.03045	0.01365	0.02373	0.06858	0.00914	0.01178	0.00683	0.00452	0.00437	0.00143	0.00588	0.02084	0.00229	0.00608
21	0.00886	0.02285	0.82190	0.01259	0.01912	0.01026	0.01632	0.01399	0.00932	0.01399	0.00793	0.00932	0.00559	0.00420	0.00420	0.00140	0.00653	0.00326	0.00186	0.00653
22	0.00945	0.15545	0.56391	0.02524	0.01792	0.01151	0.08722	0.01362	0.00934	0.01333	0.02248	0.00968	0.00638	0.00429	0.00442	0.00135	0.03281	0.00341	0.00196	0.00621
23	0.00829	0.00655	0.03189	0.00778	0.03353	0.00612	0.03140	0.04328	0.12309	0.06588	0.27127	0.20427	0.10098	0.00913	0.00510	0.00152	0.00309	0.03754	0.00431	0.00495
24	0.01004	0.03660	0.37709	0.05555	0.04793	0.05993	0.19997	0.04850	0.01020	0.01402	0.00911	0.03099	0.00737	0.00483	0.00491	0.00145	0.03751	0.03572	0.00225	0.00603
25	0.87598	0.00854	0.00649	0.00581	0.00854	0.00991	0.00478	0.01298	0.00752	0.01982	0.00615	0.00717	0.00478	0.00410	0.00273	0.00137	0.00342	0.00239	0.00273	0.00478
26	0.00916	0.00785	0.00916	0.00654	0.01047	0.00589	0.00523	0.01112	0.00916	0.01439	0.00785	0.00916	0.00654	0.00327	0.00327	0.00065	0.00327	0.00262	0.00262	0.87178
27	0.00897	0.04265	0.02908	0.02341	0.11143	0.00726	0.04468	0.01167	0.05399	0.01440	0.08382	0.05670	0.04521	0.00513	0.00402	0.00105	0.00373	0.01837	0.00296	0.43147
28	0.00995	0.01543	0.39183	0.19293	0.18350	0.00984	0.02621	0.01375	0.00961	0.06843	0.00865	0.01061	0.00635	0.00424	0.00429	0.00137	0.00586	0.00364	0.00222	0.03129
29	0.00756	0.08525	0.33814	0.00939	0.01267	0.00781	0.04214	0.01027	0.00893	0.01241	0.01548	0.39816	0.01668	0.00864	0.00479	0.00155	0.00456	0.00761	0.00293	0.00506
30	0.00727	0.00553	0.00706	0.02538	0.05283	0.00533	0.01767	0.03237	0.06851	0.04626	0.14148	0.27273	0.25263	0.03726	0.00573	0.00164	0.00294	0.00885	0.00407	0.00446
31	0.00951	0.03551	0.08027	0.00775	0.03784	0.02330	0.00589	0.11943	0.07644	0.04566	0.03646	0.02142	0.01343	0.45260	0.01399	0.00291	0.00453	0.00536	0.00312	0.00458
32	0.01027	0.00970	0.08482	0.08736	0.20182	0.01861	0.11010	0.03173	0.02746	0.10636	0.02986	0.11517	0.08376	0.00641	0.00492	0.00145	0.01982	0.02383	0.00312	0.02343
33	0.06068	0.01080	0.04611	0.04193	0.22352	0.04305	0.00918	0.19534	0.04799	0.06414	0.02486	0.01103	0.00791	0.00455	0.00433	0.00122	0.02458	0.00369	0.00313	0.17197
34	0.02621	0.02809	0.18194	0.02564	0.26327	0.05548	0.03915	0.13204	0.02720	0.06281	0.04373	0.01326	0.05319	0.00505	0.00460	0.00136	0.02340	0.00424	0.00291	0.00644
35	0.01210	0.16417	0.14176	0.03249	0.29015	0.11089	0.02082	0.04213	0.02759	0.06549	0.00847	0.00996	0.00672	0.00431	0.00430	0.00126	0.02858	0.00346	0.00243	0.02293

[dist]
# distance from previous block
# <min> <max>
3	39

[block]
# block no. 7 follows, 59 sequences, length 63
# corresponding to MSA columns:
# 1290-1352
name=unknown_H
#
# <colnr> <probs for GDERKNQSTAVLIFYWHMCP>
#	G	D	E	R	K	N	Q	S	T	A	V	L	I	F	Y	W	H	M	C	P
0	0.05056	0.26131	0.20285	0.01355	0.14246	0.04390	0.11241	0.08474	0.02350	0.01447	0.00787	0.00933	0.00625	0.00411	0.00390	0.00125	0.00562	0.00339	0.00230	0.00624
1	0.03830	0.29368	0.27250	0.03856	0.01413	0.01220	0.02339	0.05289	0.04922	0.03396	0.00807	0.00965	0.00648	0.00552	0.00546	0.09321	0.03164	0.00322	0.00227	0.00567
2	0.00711	0.00506	0.00638	0.00636	0.02293	0.00519	0.00442	0.00898	0.06411	0.04109	0.14850	0.03773	0.10693	0.28572	0.22635	0.00385	0.00560	0.00642	0.00335	0.00394
3	0.01193	0.40472	0.01750	0.00920	0.01185	0.12826	0.03424	0.08681	0.01007	0.01220	0.00741	0.00950	0.00662	0.02345	0.08654	0.00184	0.12698	0.00320	0.00226	0.00543
4	0.04648	0.01000	0.04830	0.17559	0.07745	0.02677	0.00919	0.26669	0.06757	0.04480	0.01342	0.03433	0.03613	0.00630	0.00462	0.00148	0.00480	0.11653	0.00350	0.00602
5	0.02708	0.07193	0.40154	0.06473	0.18231	0.01047	0.01304	0.01481	0.07920	0.06160	0.02641	0.01107	0.00766	0.00446	0.00419	0.00136	0.00552	0.00369	0.00246	0.00648
6	0.01422	0.01002	0.02962	0.07055	0.34340	0.02884	0.04990	0.07997	0.01169	0.28191	0.01142	0.01224	0.00817	0.00467	0.00465	0.00136	0.02288	0.00413	0.00343	0.00692
7	0.00546	0.00390	0.00517	0.00615	0.00643	0.00365	0.00413	0.00626	0.00851	0.01135	0.03753	0.78732	0.02897	0.03696	0.00611	0.00186	0.00264	0.02994	0.00407	0.00358
8	0.00834	0.00785	0.01325	0.83417	0.03042	0.00981	0.01227	0.01128	0.00883	0.01128	0.00785	0.01178	0.00589	0.00442	0.00442	0.00147	0.00589	0.00393	0.00196	0.00491
9	0.01093	0.15977	0.08305	0.15840	0.16969	0.01209	0.20285	0.09114	0.04344	0.01454	0.00859	0.01070	0.00670	0.00418	0.00431	0.00133	0.00579	0.00396	0.00239	0.00616
10	0.00631	0.00473	0.00710	0.00710	0.00789	0.00552	0.00552	0.00789	0.00710	0.01025	0.01183	0.01735	0.01104	0.03312	0.82728	0.00710	0.01183	0.00473	0.00237	0.00394
11	0.01037	0.01226	0.05138	0.01842	0.02296	0.01114	0.77622	0.01414	0.01039	0.01414	0.00890	0.01183	0.00667	0.00374	0.00518	0.00149	0.00742	0.00515	0.00222	0.00597
12	0.00561	0.00396	0.00504	0.00581	0.00604	0.00375	0.00376	0.00622	0.00804	0.01068	0.02249	0.64174	0.04468	0.19924	0.00939	0.00234	0.00294	0.01111	0.00378	0.00339
13	0.01148	0.20137	0.21526	0.04123	0.19530	0.15802	0.09047	0.01430	0.01007	0.01265	0.00752	0.00928	0.00606	0.00407	0.00400	0.00124	0.00617	0.00335	0.00206	0.00608
14	0.00834	0.00785	0.01325	0.83417	0.03042	0.00981	0.01227	0.01128	0.00883	0.01128	0.00785	0.01178	0.00589	0.00442	0.00442	0.00147	0.00589	0.00393	0.00196	0.00491
15	0.00543	0.00388	0.00518	0.00621	0.00648	0.00363	0.00418	0.00623	0.00850	0.01133	0.02432	0.81975	0.02911	0.01379	0.00565	0.00180	0.00260	0.03423	0.00410	0.00360
16	0.00916	0.00869	0.01473	0.57774	0.28041	0.01003	0.01268	0.01201	0.00922	0.01228	0.00800	0.01151	0.00624	0.00426	0.00440	0.00142	0.00568	0.00393	0.00203	0.00557
17	0.00631	0.00473	0.00710	0.00710	0.00789	0.00552	0.00552	0.00789	0.00710	0.01025	0.01183	0.01735	0.01104	0.03312	0.82728	0.00710	0.01183	0.00473	0.00237	0.00394
18	0.00634	0.00462	0.00654	0.00654	0.00714	0.00522	0.00482	0.00753	0.00693	0.00984	0.01234	0.02018	0.01227	0.23186	0.63022	0.00641	0.00998	0.00515	0.00244	0.00363
19	0.00631	0.00473	0.00710	0.00710	0.00789	0.00552	0.00552	0.00789	0.00710	0.01025	0.01183	0.01735	0.01104	0.03312	0.82728	0.00710	0.01183	0.00473	0.00237	0.00394
20	0.01982	0.00752	0.01025	0.00786	0.01127	0.00649	0.00649	0.02152	0.01264	0.82029	0.01742	0.01503	0.01093	0.00547	0.00444	0.00137	0.00376	0.00444	0.00547	0.00752
21	0.00603	0.00451	0.00560	0.00533	0.00646	0.00407	0.00399	0.00791	0.01198	0.01648	0.65127	0.03501	0.20608	0.00949	0.00521	0.00141	0.00212	0.00827	0.00470	0.00407
22	0.00768	0.00483	0.00627	0.00594	0.00723	0.00440	0.00454	0.00950	0.01174	0.10852	0.51929	0.10812	0.11370	0.00950	0.00522	0.00148	0.00247	0.06039	0.00473	0.00445
23	0.00890	0.10852	0.28739	0.02119	0.05288	0.00963	0.00998	0.01375	0.15631	0.01395	0.08252	0.01498	0.02887	0.02190	0.14786	0.00240	0.00610	0.00437	0.00278	0.00574
24	0.00796	0.00414	0.00422	0.00422	0.00510	0.00414	0.00303	0.00971	0.00883	0.01528	0.01433	0.01834	0.01203	0.13151	0.00601	0.00152	0.00239	0.00446	0.73888	0.00390
25	0.01383	0.47184	0.03751	0.00894	0.01252	0.11732	0.00814	0.25296	0.01300	0.01581	0.00762	0.00831	0.00623	0.00435	0.00349	0.00109	0.00521	0.00293	0.00270	0.00618
26	0.01546	0.15950	0.01465	0.00978	0.01312	0.12036	0.00817	0.50573	0.07441	0.02188	0.00986	0.01007	0.00738	0.00499	0.00409	0.00125	0.00514	0.00362	0.00370	0.00684
27	0.00936	0.00763	0.04082	0.01085	0.18157	0.00652	0.00709	0.02227	0.02632	0.09440	0.26180	0.02148	0.11175	0.00643	0.00452	0.00124	0.00341	0.00560	0.00370	0.17325
28	0.01191	0.06189	0.39589	0.04513	0.05018	0.05458	0.02289	0.09173	0.04800	0.12886	0.01003	0.02198	0.00732	0.00477	0.00448	0.00137	0.02591	0.00373	0.00282	0.00653
29	0.01047	0.00875	0.00939	0.00845	0.01076	0.00993	0.00656	0.03417	0.66407	0.02984	0.12043	0.01908	0.03566	0.00648	0.00460	0.00148	0.00331	0.00545	0.00454	0.00657
30	0.03721	0.00763	0.01023	0.00786	0.01127	0.00670	0.00649	0.03632	0.01269	0.78879	0.01706	0.01479	0.01074	0.00544	0.00441	0.00137	0.00377	0.00439	0.00539	0.00746
31	0.03237	0.07723	0.11221	0.11438	0.25023	0.14306	0.01097	0.10788	0.02243	0.03939	0.02686	0.01077	0.00747	0.00503	0.02009	0.00141	0.00578	0.00366	0.00259	0.00618
32	0.01300	0.01112	0.01480	0.01743	0.35360	0.09562	0.02482	0.09757	0.03075	0.12369	0.02658	0.01155	0.00813	0.00514	0.00609	0.00142	0.14524	0.00402	0.00294	0.00648
33	0.00540	0.00443	0.00476	0.00479	0.00611	0.00379	0.00355	0.00666	0.01035	0.01284	0.17144	0.10390	0.62459	0.01104	0.00525	0.00150	0.00224	0.00935	0.00423	0.00379
34	0.00631	0.00473	0.00710	0.00710	0.00789	0.00552	0.00552	0.00789	0.00710	0.01025	0.01183	0.01735	0.01104	0.03312	0.82728	0.00710	0.01183	0.00473	0.00237	0.00394
35	0.02656	0.16691	0.30798	0.03267	0.06714	0.08232	0.11962	0.05554	0.05263	0.01406	0.00924	0.01056	0.02688	0.00440	0.00411	0.00131	0.00594	0.00366	0.00232	0.00614
36	0.01265	0.10678	0.33519	0.01117	0.02857	0.27371	0.01125	0.02979	0.02777	0.08031	0.00902	0.03826	0.00713	0.00476	0.00407	0.00128	0.00631	0.00352	0.00249	0.00600
37	0.00790	0.00441	0.00464	0.00457	0.00567	0.00439	0.00343	0.01034	0.04386	0.01642	0.12308	0.03527	0.05222	0.00614	0.00358	0.00113	0.00214	0.00506	0.66155	0.00422
38	0.01179	0.82568	0.02280	0.00759	0.01134	0.01731	0.00754	0.01349	0.02976	0.01060	0.00645	0.00733	0.00587	0.00384	0.00288	0.00096	0.00469	0.00243	0.00196	0.00570
39	0.85884	0.00852	0.00657	0.00585	0.00860	0.00984	0.00482	0.01315	0.00762	0.03585	0.00638	0.00733	0.00491	0.00413	0.00277	0.00137	0.00342	0.00243	0.00279	0.00484
40	0.00957	0.00736	0.00870	0.04346	0.01065	0.02346	0.02473	0.01559	0.34100	0.08696	0.03666	0.19973	0.08822	0.00940	0.03855	0.00179	0.00382	0.04063	0.00416	0.00555
41	0.00886	0.02285	0.82190	0.01259	0.01912	0.01026	0.01632	0.01399	0.00932	0.01399	0.00793	0.00932	0.00559	0.00420	0.00420	0.00140	0.00653	0.00326	0.00186	0.00653
42	0.00637	0.00466	0.00664	0.00668	0.00732	0.00525	0.00502	0.00765	0.00710	0.01005	0.01278	0.02116	0.01271	0.19635	0.62730	0.00630	0.00995	0.04052	0.00251	0.00369
43	0.00831	0.01906	0.64951	0.01160	0.01693	0.00908	0.03245	0.01264	0.00926	0.01356	0.01100	0.13379	0.00991	0.00593	0.00451	0.00149	0.00586	0.03682	0.00229	0.00598
44	0.01615	0.01188	0.01299	0.04735	0.01427	0.01319	0.00844	0.70327	0.06496	0.04585	0.01107	0.01110	0.00786	0.00531	0.00442	0.00134	0.00480	0.00404	0.00434	0.00736
45	0.01457	0.01127	0.01200	0.00971	0.01285	0.01266	0.00786	0.50433	0.32256	0.02425	0.01343	0.01285	0.00980	0.00557	0.00445	0.00139	0.00434	0.00437	0.00445	0.00731
46	0.01687	0.00734	0.00924	0.00730	0.01020	0.00682	0.00596	0.11242	0.01286	0.54611	0.01594	0.01482	0.01061	0.00538	0.00414	0.00129	0.00351	0.00431	0.19814	0.00676
47	0.01595	0.01683	0.01214	0.01053	0.01314	0.50043	0.00813	0.19335	0.09091	0.06022	0.03031	0.01041	0.00807	0.00502	0.00419	0.00123	0.00646	0.00353	0.00321	0.00594
48	0.00704	0.00541	0.00739	0.11064	0.07872	0.00554	0.00567	0.00832	0.00873	0.01168	0.11508	0.02968	0.10204	0.34700	0.01210	0.00265	0.00400	0.11159	0.02287	0.00384
49	0.00594	0.00422	0.00501	0.00526	0.00566	0.00403	0.00338	0.00655	0.00811	0.01073	0.09967	0.25790	0.13437	0.39661	0.03075	0.00297	0.00346	0.00866	0.00348	0.00325
50	0.01181	0.84744	0.02314	0.00756	0.01134	0.01748	0.00756	0.01323	0.00897	0.01039	0.00614	0.00708	0.00567	0.00378	0.00283	0.00094	0.00472	0.00236	0.00189	0.00567
51	0.00543	0.00388	0.00518	0.00620	0.00648	0.00363	0.00418	0.00623	0.00850	0.01133	0.02432	0.82045	0.02911	0.01379	0.00565	0.00180	0.00260	0.03354	0.00410	0.00360
52	0.00834	0.00785	0.01325	0.83417	0.03042	0.00981	0.01227	0.01128	0.00883	0.01128	0.00785	0.01178	0.00589	0.00442	0.00442	0.00147	0.00589	0.00393	0.00196	0.00491
53	0.00639	0.00441	0.00547	0.00547	0.00570	0.00464	0.00350	0.00684	0.00662	0.00905	0.01332	0.02558	0.01461	0.61108	0.25421	0.00509	0.00646	0.00594	0.00259	0.00304
54	0.00576	0.00450	0.00522	0.00504	0.00630	0.00396	0.00378	0.00738	0.01134	0.01496	0.44801	0.03752	0.41028	0.01006	0.00521	0.00144	0.00216	0.00862	0.00450	0.00396
55	0.00916	0.00785	0.00916	0.00654	0.01047	0.00589	0.00523	0.01112	0.00916	0.01439	0.00785	0.00916	0.00654	0.00327	0.00327	0.00065	0.00327	0.00262	0.00262	0.87178
56	0.01194	0.73696	0.07505	0.00811	0.01201	0.04905	0.00820	0.03552	0.00947	0.01113	0.00641	0.00737	0.00572	0.00388	0.00301	0.00099	0.00497	0.00249	0.00197	0.00575
57	0.24435	0.47462	0.06929	0.00779	0.01135	0.06970	0.00748	0.04935	0.00938	0.01398	0.00651	0.00747	0.00551	0.00401	0.00305	0.00112	0.00472	0.00253	0.00226	0.00553
58	0.00752	0.00580	0.00716	0.00731	0.00868	0.00595	0.00598	0.01166	0.17745	0.01535	0.22760	0.03786	0.10114	0.01000	0.00545	0.00171	0.00327	0.35108	0.00436	0.00467
59	0.01104	0.19519	0.17070	0.01086	0.07953	0.01216	0.00947	0.03107	0.38280	0.03391	0.01252	0.01246	0.00956	0.00497	0.00406	0.00134	0.00452	0.00397	0.00325	0.00663
60	0.00644	0.00430	0.00486	0.00488	0.00490	0.00430	0.00276	0.00648	0.00650	0.00865	0.01410	0.02931	0.01624	0.82864	0.02216	0.00424	0.00428	0.02156	0.00270	0.00270
61	0.01219	0.59777	0.09419	0.00852	0.01249	0.01541	0.02478	0.08484	0.03683	0.04557	0.00765	0.00839	0.00634	0.00408	0.00328	0.00106	0.00484	0.00283	0.00237	0.02657
62	0.01155	0.62361	0.10684	0.00910	0.01290	0.05984	0.04901	0.01344	0.00915	0.01100	0.00649	0.00777	0.00572	0.00409	0.00385	0.00109	0.05422	0.00272	0.00193	0.00569

[dist]
# distance from previous block
# <min> <max>
1	8

[block]
# block no. 8 follows, 59 sequences, length 8
# corresponding to MSA columns:
# 1361,1362,1368-1373
name=unknown_I
#
# <colnr> <probs for GDERKNQSTAVLIFYWHMCP>
#	G	D	E	R	K	N	Q	S	T	A	V	L	I	F	Y	W	H	M	C	P
0	0.01049	0.00783	0.00919	0.00681	0.01030	0.00641	0.00541	0.07645	0.01041	0.09093	0.04393	0.01206	0.00912	0.05530	0.00473	0.00103	0.00346	0.00336	0.00313	0.62966
1	0.01002	0.00952	0.01438	0.37922	0.28366	0.04101	0.01170	0.04038	0.07009	0.01335	0.00879	0.01168	0.00699	0.00530	0.02467	0.00157	0.05553	0.00399	0.00233	0.00582
2	0.01174	0.65889	0.14393	0.00852	0.01270	0.01609	0.00895	0.07297	0.00992	0.01226	0.00675	0.00769	0.00580	0.00396	0.00316	0.00104	0.00501	0.00262	0.00208	0.00594
3	0.00977	0.01323	0.29516	0.03444	0.03952	0.00896	0.06913	0.11622	0.06444	0.04088	0.19111	0.01814	0.04356	0.00603	0.00466	0.00142	0.00482	0.02923	0.00333	0.00594
4	0.01214	0.00526	0.00618	0.00538	0.00721	0.00492	0.00423	0.01408	0.01040	0.28730	0.01542	0.01598	0.01119	0.00525	0.00354	0.00114	0.00263	0.00423	0.57825	0.00526
5	0.01241	0.13147	0.06075	0.00942	0.03248	0.04724	0.00782	0.22185	0.27376	0.04132	0.03428	0.03751	0.02961	0.03463	0.00488	0.00144	0.00439	0.00455	0.00374	0.00645
6	0.04355	0.07523	0.27279	0.07075	0.17388	0.01080	0.02615	0.15357	0.01163	0.03260	0.04525	0.01241	0.04261	0.00485	0.00424	0.00134	0.00527	0.00399	0.00273	0.00634
7	0.00689	0.05603	0.00686	0.00614	0.00730	0.00498	0.00475	0.00837	0.01039	0.04938	0.25923	0.26348	0.16544	0.01074	0.00528	0.00159	0.00277	0.12198	0.00425	0.00415

[dist]
# distance from previous block
# <min> <max>
0	2

[block]
# block no. 9 follows, 59 sequences, length 7
# corresponding to MSA columns:
# 1376-1382
name=unknown_J
#
# <colnr> <probs for GDERKNQSTAVLIFYWHMCP>
#	G	D	E	R	K	N	Q	S	T	A	V	L	I	F	Y	W	H	M	C	P
0	0.02916	0.00650	0.00846	0.00693	0.00944	0.00548	0.04526	0.01011	0.00992	0.04457	0.18161	0.13476	0.04383	0.00750	0.02710	0.00131	0.00339	0.03433	0.00348	0.38686
