[name]
unknown

[dist]
# distance from previous block
# <min> <max>
0	0

[block]
# block no. 0 follows, 65 sequences, length 11
# corresponding to MSA columns:
# 0-10
name=unknown_A
#
# <colnr> <probs for GDERKNQSTAVLIFYWHMCP>
#	G	D	E	R	K	N	Q	S	T	A	V	L	I	F	Y	W	H	M	C	P
0	0.00661	0.00472	0.00661	0.00756	0.00850	0.00472	0.00661	0.00850	0.00945	0.01228	0.02173	0.04630	0.02362	0.01134	0.00567	0.00189	0.00378	0.80250	0.00378	0.00378
1	0.00765	0.00383	0.00383	0.00383	0.00478	0.00383	0.00287	0.00956	0.00861	0.01530	0.01339	0.01530	0.01052	0.00478	0.00287	0.00096	0.00191	0.00383	0.87853	0.00383
2	0.88473	0.00794	0.00603	0.00540	0.00794	0.00921	0.00445	0.01207	0.00699	0.01842	0.00572	0.00667	0.00445	0.00381	0.00254	0.00127	0.00318	0.00222	0.00254	0.00445
3	0.00485	0.00416	0.00416	0.00416	0.00554	0.00347	0.00312	0.00589	0.00936	0.01109	0.04158	0.03950	0.82847	0.01040	0.00485	0.00139	0.00208	0.00866	0.00381	0.00347
4	0.05551	0.00443	0.00518	0.00530	0.00572	0.00471	0.00362	0.00726	0.00713	0.01088	0.01479	0.25972	0.01614	0.30706	0.04599	0.00254	0.06312	0.00675	0.17084	0.00329
5	0.00761	0.00424	0.00491	0.00487	0.00575	0.00409	0.00345	0.00909	0.02734	0.08760	0.06827	0.20093	0.04415	0.15786	0.00692	0.00172	0.00256	0.00635	0.34847	0.00382
6	0.01123	0.00844	0.01011	0.04815	0.01104	0.02320	0.02020	0.33081	0.01265	0.05744	0.05785	0.07933	0.03002	0.02172	0.03520	0.02160	0.13806	0.01779	0.05985	0.00530
7	0.00554	0.00425	0.00532	0.03066	0.00669	0.00415	0.00402	0.00674	0.00882	0.01177	0.19540	0.22401	0.26084	0.06674	0.10019	0.00218	0.02407	0.00805	0.02700	0.00355
8	0.06328	0.03547	0.01098	0.03574	0.02710	0.08404	0.02539	0.25814	0.09512	0.14630	0.03572	0.03774	0.00924	0.00529	0.00472	0.00129	0.07229	0.00402	0.04225	0.00587
9	0.06937	0.00860	0.05565	0.07569	0.07362	0.04632	0.05151	0.06821	0.07032	0.04555	0.01079	0.10033	0.00988	0.10012	0.02543	0.01590	0.00434	0.00453	0.00278	0.16105
10	0.09807	0.06960	0.02533	0.04878	0.01162	0.08805	0.00692	0.27880	0.09386	0.07324	0.05343	0.01175	0.02421	0.00495	0.00404	0.00121	0.02779	0.00371	0.03952	0.03511

[dist]
# distance from previous block
# <min> <max>
11	114

[block]
# block no. 1 follows, 65 sequences, length 11
# corresponding to MSA columns:
# 155-165
name=unknown_B
#
# <colnr> <probs for GDERKNQSTAVLIFYWHMCP>
#	G	D	E	R	K	N	Q	S	T	A	V	L	I	F	Y	W	H	M	C	P
0	0.00869	0.02100	0.00874	0.08359	0.02426	0.17676	0.02738	0.05380	0.00928	0.01153	0.02816	0.27392	0.03117	0.02395	0.11032	0.00209	0.03803	0.01911	0.04406	0.00419
1	0.00539	0.00439	0.00487	0.00529	0.00607	0.03249	0.00372	0.00635	0.00889	0.01129	0.11106	0.46058	0.30221	0.01126	0.00501	0.00151	0.00241	0.00989	0.00382	0.00348
2	0.01221	0.00833	0.01196	0.10199	0.15751	0.03985	0.08333	0.08402	0.04152	0.24591	0.04576	0.01422	0.03337	0.00552	0.02381	0.00139	0.00447	0.01698	0.06204	0.00583
3	0.01221	0.04854	0.08307	0.22417	0.06081	0.17899	0.04829	0.04728	0.01021	0.17665	0.00917	0.01046	0.00668	0.00438	0.00421	0.00124	0.03005	0.00349	0.03464	0.00547
4	0.00775	0.00730	0.01231	0.84587	0.02827	0.00912	0.01140	0.01049	0.00821	0.01049	0.00730	0.01094	0.00547	0.00410	0.00410	0.00137	0.00547	0.00365	0.00182	0.00456
5	0.88473	0.00794	0.00603	0.00540	0.00794	0.00921	0.00445	0.01207	0.00699	0.01842	0.00572	0.00667	0.00445	0.00381	0.00254	0.00127	0.00318	0.00222	0.00254	0.00445
6	0.00890	0.00756	0.00871	0.00637	0.00991	0.00608	0.00509	0.04211	0.06524	0.01412	0.00805	0.00903	0.00656	0.00329	0.00316	0.00069	0.00311	0.00263	0.00262	0.78678
7	0.01229	0.60823	0.01861	0.00802	0.01118	0.21691	0.00729	0.05632	0.00973	0.01062	0.00608	0.00696	0.00536	0.00376	0.00297	0.00094	0.00513	0.00238	0.00197	0.00524
8	0.03557	0.02663	0.02764	0.00762	0.00940	0.03003	0.00621	0.22118	0.02441	0.07268	0.04237	0.02663	0.01018	0.06761	0.25676	0.00306	0.07633	0.00424	0.04650	0.00496
9	0.04692	0.04771	0.01210	0.00954	0.03088	0.02202	0.13393	0.23661	0.06672	0.09107	0.01217	0.13857	0.01075	0.03393	0.02937	0.02068	0.02319	0.00513	0.02327	0.00546
10	0.17423	0.05032	0.01270	0.05000	0.14005	0.11820	0.09630	0.18000	0.01118	0.03219	0.00934	0.01153	0.03057	0.02301	0.00418	0.00130	0.00484	0.02794	0.01667	0.00545

[dist]
# distance from previous block
# <min> <max>
6	29

[block]
# block no. 2 follows, 65 sequences, length 13
# corresponding to MSA columns:
# 195-207
name=unknown_C
#
# <colnr> <probs for GDERKNQSTAVLIFYWHMCP>
#	G	D	E	R	K	N	Q	S	T	A	V	L	I	F	Y	W	H	M	C	P
0	0.05613	0.01028	0.07000	0.07827	0.07391	0.09430	0.08801	0.07876	0.08384	0.02253	0.05343	0.01232	0.00893	0.04164	0.05624	0.01271	0.13309	0.00398	0.01652	0.00509
1	0.06873	0.00490	0.00573	0.00558	0.00684	0.00473	0.00419	0.02861	0.03333	0.11206	0.14407	0.25438	0.13420	0.02882	0.00485	0.00146	0.00258	0.04253	0.10822	0.00419
2	0.00979	0.05106	0.03665	0.00838	0.02201	0.04310	0.04061	0.15008	0.14492	0.04806	0.01460	0.20339	0.03264	0.01902	0.04568	0.00168	0.05832	0.02564	0.03924	0.00513
3	0.00612	0.00390	0.00477	0.00491	0.00501	0.00389	0.00304	0.00604	0.00628	0.00846	0.01331	0.11614	0.01507	0.55047	0.03668	0.15198	0.00384	0.03534	0.02219	0.00257
4	0.01013	0.00689	0.01909	0.01824	0.00893	0.00726	0.00558	0.15512	0.09206	0.13388	0.03628	0.04269	0.05044	0.16821	0.14134	0.00267	0.05579	0.00496	0.03553	0.00489
5	0.24410	0.00931	0.00972	0.00773	0.01069	0.01009	0.00636	0.38798	0.04733	0.18484	0.01043	0.01023	0.00729	0.00469	0.00366	0.00125	0.00383	0.00344	0.03083	0.00620
6	0.01287	0.01001	0.01096	0.00897	0.01130	0.03710	0.00725	0.41452	0.17984	0.04981	0.01088	0.01167	0.00831	0.02858	0.02167	0.02042	0.12262	0.00393	0.02322	0.00610
7	0.00583	0.00505	0.04707	0.00538	0.00665	0.00411	0.00436	0.00781	0.01122	0.01569	0.69946	0.03054	0.12461	0.00839	0.00480	0.00130	0.00216	0.00734	0.00430	0.00394
8	0.00500	0.00357	0.00476	0.00572	0.00595	0.00333	0.00381	0.00572	0.00786	0.01048	0.02262	0.85306	0.02715	0.01286	0.00524	0.00167	0.00238	0.01167	0.00381	0.00333
9	0.02753	0.00855	0.01095	0.05100	0.01151	0.00985	0.03338	0.30416	0.01155	0.09020	0.00856	0.01061	0.00678	0.00731	0.00880	0.18471	0.20280	0.00369	0.00296	0.00510
10	0.00594	0.00470	0.00670	0.00693	0.00769	0.00465	0.05574	0.00771	0.06024	0.01133	0.02163	0.57841	0.05926	0.01134	0.00539	0.00165	0.02404	0.11920	0.00367	0.00377
11	0.00826	0.00829	0.01544	0.62840	0.02648	0.00945	0.22238	0.01119	0.00860	0.01119	0.00756	0.01098	0.00567	0.00394	0.00430	0.00137	0.00585	0.00396	0.00189	0.00482
12	0.65565	0.00912	0.04956	0.02436	0.03100	0.00953	0.08542	0.04798	0.02827	0.01765	0.00659	0.00773	0.00504	0.00388	0.00301	0.00128	0.00384	0.00271	0.00254	0.00485

[dist]
# distance from previous block
# <min> <max>
1	4

[block]
# block no. 3 follows, 65 sequences, length 6
# corresponding to MSA columns:
# 212-217
name=unknown_D
#
# <colnr> <probs for GDERKNQSTAVLIFYWHMCP>
#	G	D	E	R	K	N	Q	S	T	A	V	L	I	F	Y	W	H	M	C	P
0	0.00591	0.00446	0.00532	0.00533	0.00625	0.00412	0.00377	0.00735	0.04234	0.01166	0.15539	0.24765	0.16631	0.18885	0.00821	0.00196	0.00276	0.05145	0.00355	0.07736
1	0.03845	0.00877	0.00920	0.00810	0.01016	0.08654	0.04584	0.01688	0.43914	0.04295	0.05452	0.01628	0.06935	0.00658	0.03239	0.00150	0.03198	0.00468	0.07117	0.00553
2	0.01058	0.00930	0.04231	0.07094	0.15327	0.04293	0.05740	0.15496	0.06513	0.05460	0.02899	0.03453	0.02330	0.03378	0.00451	0.00124	0.00428	0.00402	0.04641	0.15751
3	0.00969	0.01107	0.02422	0.01730	0.02145	0.01038	0.81522	0.01315	0.00969	0.01315	0.00830	0.01107	0.00623	0.00346	0.00484	0.00138	0.00692	0.00484	0.00208	0.00554
4	0.00911	0.00736	0.00845	0.00635	0.00955	0.00614	0.00505	0.11245	0.00984	0.01486	0.00910	0.07172	0.00801	0.00411	0.00333	0.00079	0.00312	0.00336	0.05191	0.65540
5	0.00768	0.00593	0.00649	0.00625	0.00722	0.06676	0.00461	0.03805	0.00936	0.06910	0.16402	0.22365	0.12745	0.12852	0.03290	0.00196	0.05462	0.03794	0.00355	0.00392

[dist]
# distance from previous block
# <min> <max>
2	12

[block]
# block no. 4 follows, 65 sequences, length 13
# corresponding to MSA columns:
# 232-244
name=unknown_E
#
# <colnr> <probs for GDERKNQSTAVLIFYWHMCP>
#	G	D	E	R	K	N	Q	S	T	A	V	L	I	F	Y	W	H	M	C	P
0	0.09314	0.24678	0.06788	0.08075	0.04255	0.07051	0.00791	0.14410	0.09165	0.05155	0.00853	0.00973	0.00678	0.03071	0.00432	0.00126	0.03042	0.00320	0.00267	0.00556
1	0.36627	0.04684	0.05566	0.21484	0.03027	0.05623	0.05351	0.01177	0.00811	0.02968	0.00782	0.05342	0.00652	0.00442	0.00342	0.00128	0.00436	0.00342	0.03749	0.00468
2	0.01158	0.03484	0.00978	0.00845	0.01027	0.30916	0.00649	0.17662	0.04386	0.01346	0.01021	0.07588	0.00932	0.06261	0.17923	0.00248	0.00661	0.00421	0.02013	0.00480
3	0.00594	0.00454	0.00541	0.00526	0.00637	0.00432	0.00393	0.00834	0.08102	0.01424	0.42649	0.09441	0.23764	0.02687	0.02398	0.00153	0.00240	0.02233	0.02104	0.00392
4	0.00522	0.00368	0.00477	0.00547	0.00573	0.00348	0.00360	0.00590	0.00782	0.01050	0.07907	0.65914	0.02599	0.14993	0.00776	0.00202	0.00261	0.01043	0.00365	0.00323
5	0.00812	0.00595	0.01007	0.00843	0.01018	0.00556	0.21414	0.00994	0.00897	0.09061	0.01697	0.31625	0.04841	0.00774	0.00449	0.00139	0.00358	0.02541	0.19942	0.00438
6	0.00674	0.00373	0.00519	0.00519	0.00523	0.00377	0.00337	0.00563	0.00559	0.00749	0.00892	0.01657	0.00941	0.24207	0.06535	0.59331	0.00411	0.00426	0.00200	0.00208
7	0.01533	0.01956	0.01163	0.01058	0.01269	0.83926	0.00793	0.01639	0.01163	0.01005	0.00635	0.00740	0.00529	0.00423	0.00370	0.00106	0.00740	0.00264	0.00212	0.00476
8	0.88473	0.00794	0.00603	0.00540	0.00794	0.00921	0.00445	0.01207	0.00699	0.01842	0.00572	0.00667	0.00445	0.00381	0.00254	0.00127	0.00318	0.00222	0.00254	0.00445
9	0.00890	0.19799	0.61514	0.01103	0.01645	0.01100	0.05992	0.01286	0.00866	0.01230	0.00707	0.00837	0.00527	0.00379	0.00369	0.00122	0.00576	0.00296	0.00176	0.00587
10	0.00787	0.00458	0.00573	0.00546	0.00680	0.00405	0.00408	0.00915	0.00997	0.17911	0.21652	0.25372	0.25807	0.00952	0.00481	0.00142	0.00242	0.00827	0.00424	0.00424
11	0.00615	0.00399	0.00524	0.00528	0.00549	0.00417	0.00348	0.00619	0.00608	0.00830	0.01154	0.05402	0.01247	0.41856	0.23811	0.19497	0.00570	0.00526	0.00231	0.00268
12	0.12054	0.10608	0.01313	0.05801	0.09778	0.25919	0.05268	0.15478	0.01146	0.05829	0.00843	0.00941	0.02440	0.00430	0.00368	0.00117	0.00532	0.00323	0.00265	0.00547

[dist]
# distance from previous block
# <min> <max>
6	27

[block]
# block no. 5 follows, 65 sequences, length 9
# corresponding to MSA columns:
# 273-281
name=unknown_F
#
# <colnr> <probs for GDERKNQSTAVLIFYWHMCP>
#	G	D	E	R	K	N	Q	S	T	A	V	L	I	F	Y	W	H	M	C	P
0	0.01097	0.85821	0.02151	0.00702	0.01054	0.01624	0.00702	0.01229	0.00834	0.00966	0.00571	0.00658	0.00527	0.00351	0.00263	0.00088	0.00439	0.00219	0.00176	0.00527
1	0.17912	0.00872	0.00893	0.00779	0.01030	0.00989	0.00617	0.08506	0.53542	0.08329	0.01399	0.01310	0.01033	0.00514	0.00385	0.00135	0.00336	0.00406	0.00393	0.00618
2	0.00969	0.02448	0.17645	0.03422	0.06955	0.03329	0.23315	0.03826	0.09229	0.06773	0.05324	0.03228	0.04469	0.00566	0.02490	0.00148	0.02724	0.02310	0.00274	0.00556
3	0.00731	0.00565	0.04291	0.03931	0.03409	0.00505	0.02060	0.02718	0.00910	0.07370	0.20104	0.07806	0.15639	0.06962	0.12161	0.09071	0.00422	0.00617	0.00330	0.00398
4	0.00549	0.00420	0.00498	0.00522	0.00612	0.00388	0.00383	0.00694	0.03322	0.01203	0.18218	0.23612	0.31463	0.07522	0.00623	0.00169	0.00248	0.08814	0.00385	0.00356
5	0.02699	0.00487	0.00584	0.00568	0.00653	0.00481	0.00396	0.07439	0.00870	0.08991	0.04798	0.28017	0.05461	0.28379	0.02618	0.02672	0.00338	0.02206	0.01967	0.00374
6	0.09044	0.16146	0.13349	0.04498	0.05344	0.12521	0.12589	0.08444	0.00995	0.05675	0.00747	0.00887	0.00581	0.00421	0.00445	0.00123	0.07085	0.00324	0.00232	0.00549
7	0.00840	0.00714	0.03342	0.09978	0.08863	0.02342	0.02121	0.09795	0.00948	0.03879	0.02899	0.23208	0.01444	0.02439	0.09309	0.00206	0.07229	0.07470	0.02511	0.00460
8	0.00508	0.00367	0.00472	0.00548	0.00583	0.00341	0.00367	0.00582	0.00802	0.01060	0.05428	0.69784	0.09793	0.06532	0.00617	0.00177	0.00244	0.01088	0.00375	0.00331

[dist]
# distance from previous block
# <min> <max>
7	30

[block]
# block no. 6 follows, 65 sequences, length 38
# corresponding to MSA columns:
# 312,313,318-353
name=unknown_G
#
# <colnr> <probs for GDERKNQSTAVLIFYWHMCP>
#	G	D	E	R	K	N	Q	S	T	A	V	L	I	F	Y	W	H	M	C	P
0	0.02902	0.00484	0.00594	0.00565	0.00688	0.00460	0.00421	0.02597	0.05516	0.10131	0.37007	0.21066	0.12655	0.02402	0.00503	0.00144	0.00241	0.00778	0.00422	0.00423
1	0.00555	0.00405	0.00489	0.00520	0.00580	0.00380	0.00357	0.02130	0.00855	0.01126	0.13859	0.35858	0.18072	0.19214	0.00845	0.00205	0.00269	0.03585	0.00363	0.00334
2	0.12597	0.02102	0.01175	0.21881	0.07973	0.02572	0.03399	0.24536	0.05683	0.08927	0.02978	0.01085	0.00751	0.00458	0.00410	0.00129	0.02093	0.00367	0.00309	0.00574
3	0.05027	0.03577	0.12916	0.06793	0.13372	0.03638	0.07147	0.18820	0.11991	0.08444	0.01003	0.01102	0.00747	0.01892	0.00428	0.00131	0.00477	0.00374	0.01510	0.00609
4	0.00522	0.00397	0.00468	0.00496	0.00585	0.00355	0.00359	0.00638	0.00929	0.01213	0.19391	0.31249	0.35311	0.01068	0.00494	0.00146	0.00219	0.02883	0.02922	0.00352
5	0.01028	0.08782	0.24235	0.09126	0.05399	0.03796	0.12972	0.11739	0.02984	0.04935	0.00844	0.01017	0.00644	0.00609	0.06374	0.00166	0.04185	0.00360	0.00237	0.00568
6	0.88473	0.00794	0.00603	0.00540	0.00794	0.00921	0.00445	0.01207	0.00699	0.01842	0.00572	0.00667	0.00445	0.00381	0.00254	0.00127	0.00318	0.00222	0.00254	0.00445
7	0.00859	0.01124	0.23684	0.00770	0.01201	0.00675	0.00777	0.02825	0.00878	0.01354	0.00737	0.00858	0.00586	0.00332	0.00330	0.00081	0.00391	0.00263	0.00227	0.62047
8	0.00631	0.00411	0.00535	0.00529	0.00544	0.00436	0.00346	0.00621	0.00596	0.00813	0.01095	0.02078	0.01186	0.46622	0.18381	0.21190	0.02998	0.00502	0.00224	0.00262
9	0.03046	0.00834	0.01014	0.00782	0.01093	0.00817	0.00645	0.27932	0.01400	0.52194	0.01384	0.01257	0.00905	0.00500	0.00404	0.00124	0.00375	0.00394	0.04217	0.00681
10	0.00586	0.00406	0.00505	0.00512	0.00542	0.00420	0.00335	0.00643	0.00661	0.00907	0.03473	0.09290	0.04273	0.50194	0.22946	0.00423	0.00549	0.00611	0.02427	0.00296
11	0.00720	0.00549	0.00622	0.00574	0.00726	0.00547	0.00439	0.04115	0.18111	0.03885	0.34407	0.04117	0.26394	0.00817	0.00463	0.00134	0.00240	0.00697	0.01991	0.00450
12	0.00554	0.00416	0.00514	0.00519	0.00589	0.00420	0.00368	0.00641	0.00732	0.00960	0.02150	0.06900	0.26251	0.26263	0.30480	0.00400	0.00580	0.00653	0.00286	0.00325
13	0.00605	0.00441	0.00634	0.00632	0.00693	0.00484	0.02024	0.00728	0.03023	0.00955	0.01280	0.13816	0.01316	0.14985	0.49683	0.06756	0.00786	0.00564	0.00250	0.00342
14	0.01104	0.47616	0.03070	0.03128	0.01407	0.05612	0.22027	0.01299	0.00895	0.05384	0.00702	0.00844	0.00579	0.00381	0.00390	0.00110	0.04401	0.00313	0.00204	0.00536
15	0.03228	0.02430	0.06712	0.06283	0.19326	0.00801	0.00821	0.07044	0.04081	0.19492	0.04741	0.07717	0.04605	0.00573	0.00463	0.00132	0.04819	0.01830	0.04336	0.00567
16	0.01011	0.00956	0.10166	0.12929	0.05047	0.03829	0.08598	0.12417	0.02790	0.08933	0.06214	0.06653	0.01986	0.02392	0.03966	0.00155	0.01919	0.00455	0.04003	0.05581
17	0.04001	0.05182	0.20033	0.04175	0.03546	0.13964	0.03685	0.18389	0.07654	0.02809	0.00841	0.00961	0.00646	0.00531	0.02558	0.00142	0.09710	0.00339	0.00261	0.00572
18	0.10119	0.05817	0.03669	0.10033	0.07849	0.15805	0.11647	0.11843	0.01014	0.01383	0.00727	0.00934	0.00588	0.01421	0.00551	0.00134	0.13723	0.00341	0.01881	0.00522
19	0.00861	0.00787	0.03762	0.15090	0.25176	0.00802	0.02889	0.06927	0.05063	0.01343	0.03977	0.10540	0.03528	0.00757	0.05869	0.00170	0.02455	0.04552	0.04939	0.00515
20	0.00518	0.00386	0.00479	0.00525	0.00589	0.00354	0.00367	0.00618	0.00875	0.01152	0.16093	0.46242	0.21464	0.04816	0.02258	0.00174	0.00250	0.02113	0.00384	0.00343
21	0.00625	0.00410	0.00596	0.00596	0.00639	0.00452	0.00434	0.00657	0.00615	0.00862	0.01008	0.01636	0.00990	0.12733	0.49345	0.26667	0.00792	0.00434	0.00211	0.00296
22	0.00600	0.00404	0.00484	0.00483	0.00499	0.00414	0.00297	0.00630	0.00630	0.00863	0.04011	0.02486	0.01479	0.66822	0.14624	0.01873	0.00494	0.00569	0.02065	0.00273
23	0.76804	0.00806	0.00666	0.00577	0.00841	0.00916	0.00476	0.05770	0.00805	0.08283	0.00677	0.00742	0.00504	0.00397	0.00275	0.00127	0.00328	0.00245	0.00283	0.00479
24	0.00788	0.00742	0.01254	0.80284	0.07032	0.00915	0.01146	0.01060	0.00827	0.01064	0.00732	0.01090	0.00553	0.00408	0.00410	0.00136	0.00544	0.00365	0.00183	0.00466
25	0.01097	0.85821	0.02151	0.00702	0.01054	0.01624	0.00702	0.01229	0.00834	0.00966	0.00571	0.00658	0.00527	0.00351	0.00263	0.00088	0.00439	0.00219	0.00176	0.00527
26	0.00935	0.02149	0.00941	0.12412	0.03788	0.02735	0.04845	0.06280	0.05538	0.09012	0.02936	0.03978	0.03791	0.10362	0.06895	0.00188	0.00444	0.00442	0.09106	0.13224
27	0.00524	0.00388	0.00464	0.00505	0.00562	0.00357	0.00342	0.00602	0.00821	0.01064	0.08784	0.39235	0.24148	0.17753	0.00819	0.00202	0.00261	0.02483	0.00360	0.00325
28	0.88473	0.00794	0.00603	0.00540	0.00794	0.00921	0.00445	0.01207	0.00699	0.01842	0.00572	0.00667	0.00445	0.00381	0.00254	0.00127	0.00318	0.00222	0.00254	0.00445
29	0.00828	0.00783	0.01326	0.66756	0.20250	0.00926	0.01166	0.01095	0.00846	0.01112	0.00739	0.01077	0.00570	0.00401	0.00410	0.00134	0.00534	0.00365	0.00187	0.00498
30	0.00843	0.00835	0.01224	0.64162	0.06690	0.06909	0.01072	0.01082	0.00839	0.01058	0.00824	0.01144	0.03333	0.00457	0.00491	0.00138	0.07870	0.00374	0.00192	0.00463
31	0.01549	0.01121	0.01206	0.00927	0.01250	0.01237	0.00765	0.77886	0.01887	0.04520	0.01009	0.01008	0.00714	0.00493	0.00408	0.00123	0.00443	0.00371	0.02394	0.00691
32	0.00500	0.00357	0.00476	0.00572	0.00595	0.00333	0.00381	0.00572	0.00786	0.01048	0.02262	0.85306	0.02715	0.01286	0.00524	0.00167	0.00238	0.01167	0.00381	0.00333
33	0.02237	0.00521	0.00635	0.00640	0.00739	0.00522	0.00464	0.14427	0.01014	0.05667	0.04281	0.59370	0.02232	0.01060	0.00488	0.00154	0.00281	0.02301	0.02546	0.00420
34	0.00685	0.00545	0.03881	0.06699	0.00887	0.00540	0.01785	0.03869	0.01968	0.01025	0.03378	0.10956	0.05025	0.06124	0.25063	0.22912	0.02173	0.01890	0.00250	0.00345
35	0.11875	0.00997	0.03576	0.05964	0.15954	0.08661	0.04766	0.10663	0.06489	0.01428	0.00943	0.03191	0.03089	0.02314	0.02279	0.01866	0.13507	0.00389	0.01526	0.00522
36	0.00684	0.01899	0.01968	0.09130	0.00989	0.00550	0.07880	0.04058	0.00881	0.02170	0.13043	0.20887	0.11563	0.15611	0.01729	0.05194	0.00363	0.00707	0.00315	0.00378
37	0.01109	0.33882	0.03679	0.02196	0.03114	0.08093	0.00701	0.17407	0.06616	0.01410	0.03175	0.03624	0.07502	0.01699	0.00380	0.00113	0.00429	0.00378	0.00277	0.04216

[dist]
# distance from previous block
# <min> <max>
2	10

[block]
# block no. 7 follows, 65 sequences, length 7
# corresponding to MSA columns:
# 367-373
name=unknown_H
#
# <colnr> <probs for GDERKNQSTAVLIFYWHMCP>
#	G	D	E	R	K	N	Q	S	T	A	V	L	I	F	Y	W	H	M	C	P
0	0.00675	0.00449	0.00538	0.00544	0.00617	0.00430	0.00372	0.05613	0.00863	0.06133	0.05577	0.36545	0.13597	0.25019	0.00947	0.00222	0.00297	0.00850	0.00356	0.00358
1	0.10641	0.00654	0.00864	0.04396	0.05402	0.00687	0.07336	0.04233	0.09837	0.03016	0.07800	0.04544	0.16775	0.02939	0.09590	0.00197	0.01998	0.01909	0.06724	0.00458
2	0.00555	0.00431	0.00513	0.00513	0.00623	0.00375	0.00368	0.00669	0.00904	0.01205	0.18249	0.31782	0.26918	0.04518	0.00545	0.00149	0.00234	0.00866	0.00374	0.10211
3	0.01393	0.00950	0.01044	0.00834	0.01111	0.01029	0.00677	0.50957	0.10975	0.11656	0.03556	0.04773	0.01004	0.00544	0.00409	0.00125	0.00388	0.00431	0.07502	0.00643
4	0.11214	0.01021	0.01078	0.00847	0.01139	0.01125	0.00695	0.62733	0.01698	0.02388	0.10921	0.01204	0.01057	0.00522	0.00402	0.00124	0.00405	0.00398	0.00398	0.00632
5	0.00877	0.00563	0.00673	0.00595	0.00759	0.00546	0.00461	0.10089	0.06155	0.12695	0.38216	0.06881	0.14836	0.00778	0.00457	0.00131	0.00256	0.00666	0.03896	0.00471
6	0.09546	0.00758	0.00878	0.02835	0.01011	0.00770	0.02321	0.18998	0.08163	0.23392	0.03885	0.01661	0.13398	0.00572	0.00399	0.00125	0.00340	0.00460	0.07105	0.03382

[dist]
# distance from previous block
# <min> <max>
3	12

[block]
# block no. 8 follows, 65 sequences, length 8
# corresponding to MSA columns:
# 386-393
name=unknown_I
#
# <colnr> <probs for GDERKNQSTAVLIFYWHMCP>
#	G	D	E	R	K	N	Q	S	T	A	V	L	I	F	Y	W	H	M	C	P
0	0.18370	0.05013	0.05734	0.03200	0.03381	0.06800	0.07380	0.18990	0.01120	0.04897	0.06134	0.01248	0.05785	0.00551	0.02325	0.00136	0.02692	0.00385	0.03126	0.02734
1	0.00687	0.00420	0.00515	0.00503	0.00540	0.00414	0.00325	0.03398	0.00702	0.03279	0.04185	0.06960	0.07524	0.40957	0.01548	0.24862	0.00352	0.00570	0.01982	0.00277
2	0.00927	0.05282	0.09674	0.06500	0.15389	0.03104	0.16501	0.04662	0.07083	0.02382	0.04156	0.06892	0.04143	0.02281	0.00537	0.00142	0.06870	0.02681	0.00259	0.00534
3	0.00954	0.15159	0.61956	0.01072	0.01601	0.06668	0.01305	0.01339	0.00894	0.04397	0.00738	0.00846	0.00541	0.00391	0.00370	0.00122	0.00580	0.00292	0.00189	0.00589
4	0.00612	0.00398	0.00467	0.00469	0.00560	0.00372	0.00345	0.00774	0.00979	0.01443	0.34101	0.15247	0.14005	0.00824	0.00429	0.00126	0.00202	0.00713	0.27562	0.00372
5	0.00923	0.14159	0.10742	0.00853	0.06670	0.00828	0.02362	0.05399	0.03027	0.03496	0.05335	0.04306	0.04764	0.00448	0.00356	0.00097	0.00378	0.00367	0.00264	0.35224
6	0.07684	0.00768	0.00895	0.00712	0.01002	0.04121	0.00577	0.03893	0.08650	0.49901	0.03678	0.01316	0.01009	0.00486	0.00385	0.00119	0.00348	0.00387	0.04317	0.09754
7	0.23803	0.10268	0.03567	0.00682	0.00914	0.09717	0.00569	0.11530	0.01014	0.05716	0.05661	0.10388	0.08924	0.00636	0.01722	0.00133	0.00387	0.00459	0.03430	0.00480

[dist]
# distance from previous block
# <min> <max>
0	1

[block]
# block no. 9 follows, 65 sequences, length 8
# corresponding to MSA columns:
# 395-402
name=unknown_J
#
# <colnr> <probs for GDERKNQSTAVLIFYWHMCP>
#	G	D	E	R	K	N	Q	S	T	A	V	L	I	F	Y	W	H	M	C	P
0	0.00523	0.00407	0.00454	0.00471	0.00574	0.00360	0.00345	0.00634	0.00917	0.01165	0.12902	0.16963	0.49185	0.05797	0.00579	0.00158	0.00230	0.04763	0.03227	0.00346
1	0.00650	0.00492	0.00688	0.03296	0.02996	0.00568	0.00498	0.00740	0.00650	0.00929	0.01070	0.01811	0.01078	0.27335	0.39639	0.04601	0.09271	0.00469	0.02878	0.00342
2	0.00823	0.00712	0.03753	0.12450	0.07980	0.00711	0.04232	0.05648	0.11622	0.03433	0.14501	0.02081	0.11592	0.02779	0.04358	0.00165	0.01482	0.04672	0.06522	0.00484
3	0.00642	0.00430	0.00532	0.00533	0.00622	0.00410	0.00390	0.00750	0.00857	0.06236	0.13324	0.12797	0.21462	0.18862	0.11635	0.00265	0.00387	0.07252	0.02255	0.00358
4	0.01206	0.48380	0.06062	0.00937	0.03299	0.12697	0.07630	0.10607	0.01032	0.03717	0.00695	0.00788	0.00573	0.00384	0.00328	0.00103	0.00510	0.00279	0.00221	0.00554
5	0.00601	0.00427	0.00548	0.00619	0.02975	0.00410	0.00419	0.00749	0.04675	0.02920	0.10453	0.49236	0.07986	0.08217	0.00632	0.00176	0.00264	0.04833	0.03492	0.00368
6	0.03644	0.09612	0.09566	0.05696	0.15535	0.16189	0.09157	0.05425	0.04512	0.05081	0.05164	0.05032	0.00897	0.00475	0.00418	0.00124	0.02273	0.00398	0.00255	0.00547
7	0.01105	0.14107	0.04339	0.09142	0.03962	0.05417	0.05015	0.14971	0.10074	0.08344	0.01176	0.07477	0.02957	0.00630	0.02849	0.00145	0.04440	0.02997	0.00304	0.00551

[dist]
# distance from previous block
# <min> <max>
26	98

[block]
# block no. 10 follows, 65 sequences, length 18
# corresponding to MSA columns:
# 603-620
name=unknown_K
#
# <colnr> <probs for GDERKNQSTAVLIFYWHMCP>
#	G	D	E	R	K	N	Q	S	T	A	V	L	I	F	Y	W	H	M	C	P
0	0.07087	0.09697	0.21087	0.02970	0.10890	0.03865	0.05867	0.08188	0.04087	0.05240	0.00818	0.00941	0.00630	0.00459	0.02368	0.00127	0.01766	0.00320	0.00243	0.13353
1	0.00940	0.05243	0.04073	0.06421	0.04465	0.06867	0.04061	0.09784	0.08662	0.05104	0.13198	0.11172	0.06316	0.01904	0.02690	0.00148	0.02102	0.00547	0.05811	0.00493
2	0.00705	0.00505	0.00631	0.02825	0.02926	0.00492	0.00460	0.04492	0.06041	0.04723	0.38977	0.13527	0.14430	0.00843	0.00466	0.00135	0.00248	0.02156	0.04992	0.00425
3	0.03107	0.16078	0.10328	0.05400	0.04890	0.06752	0.12899	0.08649	0.03168	0.03507	0.02791	0.04637	0.03013	0.00505	0.00464	0.00127	0.06836	0.02125	0.04198	0.00528
4	0.04337	0.04680	0.06239	0.08592	0.17157	0.04972	0.20069	0.04815	0.07928	0.06364	0.01030	0.02898	0.02709	0.00454	0.00435	0.00130	0.02230	0.01541	0.01787	0.01633
5	0.00518	0.00368	0.00468	0.00539	0.00564	0.00347	0.00352	0.00577	0.00756	0.01001	0.02166	0.64965	0.06473	0.17883	0.00830	0.00211	0.00268	0.01040	0.00355	0.00317
6	0.00669	0.00680	0.07965	0.06782	0.04719	0.00615	0.01864	0.02777	0.02263	0.01146	0.05904	0.09622	0.19493	0.06173	0.19330	0.00275	0.05786	0.03237	0.00286	0.00415
7	0.02484	0.17650	0.29924	0.03429	0.04605	0.02759	0.06250	0.07459	0.05220	0.05502	0.00894	0.02131	0.01876	0.02151	0.00450	0.00128	0.04041	0.00347	0.00237	0.02462
8	0.00806	0.00671	0.00961	0.03039	0.07609	0.00712	0.07624	0.08186	0.05886	0.02568	0.20505	0.11765	0.09563	0.02111	0.04913	0.00171	0.09157	0.00620	0.02667	0.00466
9	0.00506	0.00364	0.00481	0.00573	0.00604	0.00339	0.00390	0.00583	0.00797	0.01057	0.02323	0.79431	0.05410	0.01272	0.00524	0.00167	0.00243	0.04219	0.00381	0.00336
10	0.01085	0.02895	0.05928	0.11227	0.04675	0.09080	0.06377	0.20891	0.05213	0.04746	0.01243	0.07993	0.06327	0.00678	0.04132	0.00155	0.04120	0.00465	0.02233	0.00538
11	0.05144	0.13477	0.23296	0.14621	0.07090	0.02392	0.08135	0.07031	0.02401	0.04113	0.03858	0.02809	0.01575	0.00451	0.00391	0.00126	0.00506	0.01800	0.00237	0.00549
12	0.01678	0.00962	0.01115	0.00855	0.01179	0.00994	0.00706	0.48438	0.01615	0.36239	0.01250	0.01157	0.00831	0.00499	0.00412	0.00125	0.00409	0.00388	0.00451	0.00698
13	0.00590	0.00436	0.00537	0.00534	0.00628	0.00414	0.00391	0.00812	0.06664	0.01449	0.46546	0.21628	0.12374	0.00929	0.00481	0.00138	0.00214	0.00819	0.04027	0.00388
14	0.00946	0.00935	0.06983	0.24536	0.22785	0.04553	0.06126	0.04288	0.00931	0.04950	0.02710	0.02375	0.00797	0.00630	0.06107	0.00166	0.03206	0.01843	0.04604	0.00529
15	0.00804	0.02353	0.03954	0.16457	0.18636	0.02739	0.07162	0.01105	0.09047	0.01237	0.04339	0.19236	0.07968	0.00659	0.00442	0.00137	0.00417	0.00599	0.00282	0.02427
16	0.00816	0.00751	0.01231	0.80239	0.02746	0.00931	0.01121	0.05238	0.00878	0.01129	0.00743	0.01089	0.00555	0.00415	0.00410	0.00136	0.00542	0.00365	0.00194	0.00469
17	0.00620	0.00489	0.00627	0.00584	0.00708	0.00468	0.03741	0.00892	0.09910	0.01453	0.42517	0.12919	0.19652	0.00875	0.00477	0.00136	0.00237	0.00770	0.02517	0.00408

[dist]
# distance from previous block
# <min> <max>
10	31

[block]
# block no. 11 follows, 65 sequences, length 24
# corresponding to MSA columns:
# 799-822
name=unknown_L
#
# <colnr> <probs for GDERKNQSTAVLIFYWHMCP>
#	G	D	E	R	K	N	Q	S	T	A	V	L	I	F	Y	W	H	M	C	P
0	0.01053	0.02745	0.02722	0.17414	0.27239	0.16920	0.00983	0.04086	0.00950	0.01224	0.00714	0.00934	0.00588	0.00413	0.00467	0.00118	0.08077	0.00325	0.00211	0.12818
1	0.00586	0.00437	0.00519	0.00504	0.00621	0.00400	0.00377	0.00765	0.03770	0.03515	0.37606	0.09602	0.34333	0.01027	0.03946	0.00158	0.00249	0.00793	0.00410	0.00383
2	0.15661	0.00775	0.00911	0.00716	0.01011	0.00761	0.00590	0.16149	0.01214	0.50479	0.01319	0.01214	0.00869	0.00483	0.00379	0.00124	0.00353	0.00372	0.05981	0.00638
3	0.00528	0.00416	0.00477	0.00466	0.00582	0.00364	0.00348	0.00671	0.01031	0.01346	0.39138	0.06309	0.44942	0.00959	0.00486	0.00135	0.00203	0.00821	0.00413	0.00364
4	0.00500	0.00357	0.00476	0.00572	0.00595	0.00333	0.00381	0.00572	0.00786	0.01048	0.02262	0.85306	0.02715	0.01286	0.00524	0.00167	0.00238	0.01167	0.00381	0.00333
5	0.00596	0.00401	0.00461	0.00461	0.00466	0.00405	0.00265	0.00605	0.00601	0.00806	0.01281	0.02619	0.01463	0.80419	0.07204	0.00414	0.00442	0.00587	0.00247	0.00256
6	0.01560	0.01150	0.01232	0.00944	0.01273	0.01273	0.00780	0.81645	0.01930	0.02587	0.00986	0.00986	0.00698	0.00493	0.00411	0.00123	0.00452	0.00370	0.00411	0.00698
7	0.88473	0.00794	0.00603	0.00540	0.00794	0.00921	0.00445	0.01207	0.00699	0.01842	0.00572	0.00667	0.00445	0.00381	0.00254	0.00127	0.00318	0.00222	0.00254	0.00445
8	0.88473	0.00794	0.00603	0.00540	0.00794	0.00921	0.00445	0.01207	0.00699	0.01842	0.00572	0.00667	0.00445	0.00381	0.00254	0.00127	0.00318	0.00222	0.00254	0.00445
9	0.00506	0.00384	0.00466	0.00514	0.00584	0.00345	0.00359	0.00604	0.00884	0.01147	0.13499	0.48124	0.28806	0.01147	0.00506	0.00153	0.00222	0.01014	0.00390	0.00345
10	0.01097	0.85821	0.02151	0.00702	0.01054	0.01624	0.00702	0.01229	0.00834	0.00966	0.00571	0.00658	0.00527	0.00351	0.00263	0.00088	0.00439	0.00219	0.00176	0.00527
11	0.01079	0.00686	0.00718	0.00605	0.00792	0.00734	0.00482	0.32844	0.01283	0.01948	0.01199	0.01315	0.00912	0.00484	0.00336	0.00107	0.00294	0.00377	0.53296	0.00507
12	0.04698	0.00846	0.00959	0.00823	0.01072	0.00912	0.00675	0.25771	0.24654	0.16189	0.01511	0.01919	0.01231	0.00636	0.00438	0.00142	0.00377	0.16119	0.00417	0.00611
13	0.00561	0.00431	0.00515	0.00503	0.00612	0.00395	0.00374	0.00754	0.04384	0.01421	0.46746	0.11274	0.28655	0.00934	0.00486	0.00136	0.00208	0.00811	0.00421	0.00380
14	0.00501	0.00383	0.00460	0.00511	0.00582	0.00342	0.00357	0.00594	0.00869	0.01116	0.09207	0.49647	0.31628	0.01163	0.00507	0.00154	0.00224	0.01026	0.00387	0.00342
15	0.01666	0.00697	0.00921	0.00726	0.01018	0.00631	0.00592	0.01930	0.09513	0.69007	0.07493	0.01532	0.01247	0.00537	0.00418	0.00128	0.00336	0.00442	0.00495	0.00671
16	0.01189	0.00671	0.00936	0.22974	0.01427	0.00692	0.00705	0.07193	0.04478	0.32444	0.07431	0.13532	0.01345	0.02523	0.00471	0.00142	0.00382	0.00536	0.00382	0.00546
17	0.00516	0.00372	0.00485	0.00569	0.00606	0.00348	0.00392	0.00596	0.00801	0.01056	0.02356	0.69317	0.08657	0.04925	0.00593	0.00176	0.00254	0.07274	0.00375	0.00334
18	0.01360	0.00615	0.00785	0.00647	0.00889	0.00551	0.00523	0.04240	0.02691	0.49521	0.06613	0.03746	0.15857	0.00660	0.00430	0.00130	0.00307	0.03667	0.06192	0.00577
19	0.01037	0.34678	0.01421	0.00766	0.00960	0.03183	0.00676	0.05071	0.00856	0.04582	0.00782	0.00952	0.00665	0.00497	0.00593	0.00119	0.24429	0.00309	0.17935	0.00490
20	0.00944	0.17701	0.18237	0.22251	0.17299	0.04081	0.05997	0.02428	0.00888	0.01176	0.00765	0.00975	0.01916	0.00405	0.00412	0.00123	0.03327	0.00336	0.00192	0.00546
21	0.00787	0.00739	0.01018	0.00874	0.00988	0.04847	0.10973	0.00989	0.05736	0.01151	0.07879	0.06742	0.09892	0.07698	0.09649	0.00224	0.23813	0.01723	0.03854	0.00425
22	0.00581	0.00430	0.00521	0.00530	0.00621	0.00399	0.00387	0.04009	0.00978	0.01294	0.26719	0.26767	0.24826	0.02856	0.00577	0.03850	0.00239	0.03663	0.00392	0.00361
23	0.00934	0.02328	0.04135	0.00840	0.05621	0.03506	0.05442	0.08092	0.00970	0.01411	0.00919	0.02719	0.03859	0.00383	0.00346	0.00084	0.00374	0.00321	0.00257	0.57459

[dist]
# distance from previous block
# <min> <max>
0	7

[block]
# block no. 12 follows, 65 sequences, length 17
# corresponding to MSA columns:
# 830-846
name=unknown_M
#
# <colnr> <probs for GDERKNQSTAVLIFYWHMCP>
#	G	D	E	R	K	N	Q	S	T	A	V	L	I	F	Y	W	H	M	C	P
0	0.04615	0.02482	0.07468	0.00934	0.09750	0.01915	0.02451	0.10528	0.01032	0.12371	0.05663	0.15014	0.02041	0.01779	0.00440	0.00124	0.01446	0.01449	0.00322	0.18175
1	0.08554	0.27055	0.09548	0.04427	0.04462	0.15901	0.00835	0.08399	0.05027	0.01288	0.00705	0.00826	0.00579	0.00430	0.00431	0.00116	0.08559	0.00287	0.00224	0.02347
2	0.00932	0.01532	0.45953	0.04560	0.04991	0.00901	0.07431	0.05684	0.04638	0.06333	0.05751	0.01167	0.02629	0.00449	0.00422	0.00129	0.01842	0.00377	0.00246	0.04034
3	0.03611	0.02147	0.01902	0.00761	0.05432	0.00689	0.01497	0.06625	0.10381	0.03950	0.06874	0.01328	0.06322	0.00449	0.00358	0.00094	0.00323	0.00370	0.01701	0.45186
4	0.00497	0.00412	0.00434	0.00438	0.00564	0.00350	0.00325	0.00608	0.00949	0.01162	0.12485	0.09688	0.68604	0.01036	0.00488	0.00140	0.00209	0.00875	0.00389	0.00350
5	0.01022	0.63301	0.20796	0.00798	0.01198	0.01423	0.00874	0.01235	0.00843	0.01064	0.00638	0.00740	0.00545	0.00365	0.00293	0.00098	0.00468	0.00245	0.03515	0.00540
6	0.00500	0.00357	0.00476	0.00572	0.00595	0.00333	0.00381	0.00572	0.00786	0.01048	0.02262	0.85306	0.02715	0.01286	0.00524	0.00167	0.00238	0.01167	0.00381	0.00333
7	0.00506	0.00376	0.00474	0.00544	0.00597	0.00343	0.00377	0.00594	0.00837	0.01091	0.05828	0.62328	0.19228	0.01212	0.00516	0.00160	0.00235	0.04029	0.00384	0.00340
8	0.01505	0.01898	0.01150	0.01045	0.01258	0.79411	0.00785	0.01669	0.05580	0.01043	0.00691	0.00783	0.00568	0.00430	0.00373	0.00108	0.00718	0.00275	0.00223	0.00485
9	0.00581	0.00420	0.00549	0.00516	0.00613	0.00387	0.00387	0.00775	0.01162	0.01646	0.82797	0.03066	0.03873	0.00839	0.00484	0.00129	0.00194	0.00742	0.00452	0.00387
10	0.17133	0.00757	0.00916	0.00716	0.01024	0.00721	0.00591	0.09159	0.01160	0.61499	0.01376	0.01230	0.00886	0.00484	0.00385	0.00127	0.00353	0.00375	0.00454	0.00654
11	0.00597	0.00398	0.00448	0.00448	0.00448	0.00398	0.00249	0.00597	0.00597	0.00796	0.01293	0.02686	0.01492	0.85574	0.02089	0.00398	0.00398	0.00597	0.00249	0.00249
12	0.00852	0.06185	0.51483	0.02185	0.05650	0.00888	0.01195	0.04367	0.00935	0.03093	0.05652	0.01455	0.03783	0.00592	0.03123	0.00149	0.00538	0.07083	0.00233	0.00560
13	0.01235	0.01358	0.01132	0.06746	0.11371	0.42360	0.02060	0.03750	0.07099	0.04056	0.02178	0.05470	0.04090	0.00524	0.00404	0.00121	0.00568	0.03011	0.00264	0.02205
14	0.00860	0.00822	0.04009	0.04770	0.16416	0.00695	0.08041	0.02818	0.00916	0.01344	0.05920	0.02809	0.03996	0.00480	0.02468	0.00111	0.00406	0.00375	0.00251	0.42492
15	0.00855	0.04369	0.15125	0.44101	0.04632	0.05380	0.02600	0.01121	0.00870	0.03572	0.02372	0.01284	0.05580	0.03614	0.00466	0.00139	0.00520	0.00389	0.00214	0.02798
16	0.03716	0.00888	0.04120	0.09264	0.11815	0.04912	0.04212	0.03987	0.23525	0.05695	0.10451	0.02645	0.04252	0.02985	0.00485	0.00138	0.02220	0.00462	0.00323	0.03904

[dist]
# distance from previous block
# <min> <max>
2	64

[block]
# block no. 13 follows, 65 sequences, length 13
# corresponding to MSA columns:
# 913-925
name=unknown_N
#
# <colnr> <probs for GDERKNQSTAVLIFYWHMCP>
#	G	D	E	R	K	N	Q	S	T	A	V	L	I	F	Y	W	H	M	C	P
0	0.03883	0.04532	0.16981	0.00935	0.06164	0.00813	0.06061	0.12537	0.00934	0.02629	0.03423	0.02772	0.00991	0.20969	0.10056	0.02538	0.02615	0.00438	0.00254	0.00474
1	0.02994	0.28611	0.15937	0.02539	0.02811	0.12870	0.03121	0.05909	0.00980	0.06450	0.02658	0.08060	0.02908	0.00497	0.00363	0.00115	0.00482	0.00385	0.01780	0.00528
2	0.00839	0.00520	0.00616	0.00554	0.00696	0.00515	0.00427	0.05882	0.08395	0.08896	0.42116	0.02254	0.02457	0.00669	0.00416	0.00121	0.00234	0.00572	0.23366	0.00456
3	0.00851	0.00730	0.00851	0.00608	0.00973	0.00547	0.00486	0.01034	0.00851	0.01338	0.00730	0.00851	0.00608	0.00304	0.00304	0.00061	0.00304	0.00243	0.00243	0.88083
4	0.01097	0.85821	0.02151	0.00702	0.01054	0.01624	0.00702	0.01229	0.00834	0.00966	0.00571	0.00658	0.00527	0.00351	0.00263	0.00088	0.00439	0.00219	0.00176	0.00527
5	0.00775	0.00730	0.01231	0.84587	0.02827	0.00912	0.01140	0.01049	0.00821	0.01049	0.00730	0.01094	0.00547	0.00410	0.00410	0.00137	0.00547	0.00365	0.00182	0.00456
6	0.00701	0.00668	0.02708	0.02923	0.21306	0.00610	0.09349	0.00886	0.00941	0.01243	0.10302	0.11773	0.29822	0.00783	0.00470	0.00139	0.00354	0.04250	0.00317	0.00456
7	0.00893	0.00734	0.00806	0.00759	0.00932	0.00821	0.00574	0.06977	0.51179	0.01564	0.01812	0.27948	0.01678	0.00783	0.00451	0.00147	0.00306	0.00680	0.00406	0.00553
8	0.63086	0.00799	0.00714	0.00605	0.00871	0.00885	0.00498	0.09043	0.00900	0.15285	0.00808	0.00845	0.00582	0.00416	0.00296	0.00126	0.00332	0.00273	0.03127	0.00509
9	0.00703	0.00636	0.01008	0.38565	0.10327	0.00706	0.03125	0.00906	0.00870	0.01139	0.07490	0.15715	0.14068	0.00686	0.00467	0.00141	0.02135	0.00608	0.00269	0.00436
10	0.01257	0.03409	0.07140	0.06326	0.17214	0.06891	0.08628	0.15092	0.01170	0.19508	0.03985	0.01311	0.03666	0.00480	0.00417	0.00126	0.00478	0.01978	0.00321	0.00604
11	0.19030	0.01016	0.03288	0.00815	0.01108	0.04713	0.00678	0.34732	0.12511	0.13659	0.03727	0.01108	0.00859	0.00486	0.00380	0.00126	0.00401	0.00365	0.00380	0.00618
12	0.00759	0.00478	0.00636	0.01961	0.00722	0.00494	0.00454	0.02531	0.02982	0.10113	0.05533	0.31703	0.01773	0.13819	0.10774	0.09046	0.04796	0.00721	0.00327	0.00376

[dist]
# distance from previous block
# <min> <max>
0	3

[block]
# block no. 14 follows, 65 sequences, length 6
# corresponding to MSA columns:
# 929-934
name=unknown_O
#
# <colnr> <probs for GDERKNQSTAVLIFYWHMCP>
#	G	D	E	R	K	N	Q	S	T	A	V	L	I	F	Y	W	H	M	C	P
0	0.00887	0.00931	0.08022	0.16508	0.16132	0.00857	0.22323	0.04785	0.03140	0.01353	0.03016	0.05336	0.03338	0.00471	0.00422	0.00130	0.00493	0.00460	0.10871	0.00525
1	0.01139	0.08042	0.08180	0.15168	0.15005	0.06259	0.11167	0.08009	0.03154	0.12838	0.00925	0.02823	0.00711	0.00446	0.00448	0.00128	0.04333	0.00383	0.00264	0.00576
2	0.00688	0.00495	0.00618	0.00650	0.03356	0.00477	0.00458	0.07451	0.03098	0.04487	0.17335	0.39065	0.15369	0.01014	0.00492	0.00149	0.00262	0.03731	0.00397	0.00410
3	0.01000	0.00924	0.00786	0.04565	0.03387	0.24305	0.00563	0.06207	0.00961	0.01266	0.01029	0.01347	0.00879	0.08111	0.13775	0.00218	0.00551	0.00374	0.29328	0.00427
4	0.00864	0.00775	0.00866	0.05469	0.01067	0.05387	0.00534	0.01048	0.00893	0.01327	0.07517	0.01042	0.00870	0.00361	0.00329	0.00073	0.00334	0.00293	0.00255	0.70695
5	0.11292	0.09541	0.07095	0.07926	0.05889	0.18038	0.04161	0.15956	0.04846	0.08316	0.00880	0.02749	0.00682	0.00446	0.00374	0.00121	0.00506	0.00341	0.00281	0.00561

[dist]
# distance from previous block
# <min> <max>
0	2

[block]
# block no. 15 follows, 65 sequences, length 19
# corresponding to MSA columns:
# 937-955
name=unknown_P
#
# <colnr> <probs for GDERKNQSTAVLIFYWHMCP>
#	G	D	E	R	K	N	Q	S	T	A	V	L	I	F	Y	W	H	M	C	P
0	0.00726	0.00655	0.01040	0.61629	0.02226	0.00782	0.00934	0.00983	0.02684	0.01120	0.09087	0.01695	0.08212	0.04202	0.00500	0.00149	0.00468	0.02238	0.00239	0.00433
1	0.01006	0.10431	0.04785	0.10898	0.16981	0.08754	0.05409	0.04743	0.08431	0.03924	0.02703	0.03850	0.06631	0.00511	0.00447	0.00126	0.04917	0.00422	0.04498	0.00534
2	0.00650	0.00374	0.00500	0.00500	0.00532	0.00357	0.00337	0.00553	0.00635	0.00813	0.01576	0.02004	0.20230	0.08115	0.01378	0.60169	0.00325	0.00497	0.00232	0.00224
3	0.01182	0.01368	0.01344	0.22864	0.14195	0.39822	0.07129	0.01372	0.01009	0.01096	0.00730	0.00999	0.00604	0.00428	0.00419	0.00122	0.02350	0.02260	0.00206	0.00500
4	0.00562	0.00385	0.00466	0.00500	0.00511	0.00380	0.00306	0.00593	0.00666	0.00891	0.01628	0.31826	0.01905	0.52479	0.04834	0.00327	0.00370	0.00792	0.00294	0.00283
5	0.00554	0.00416	0.00514	0.00495	0.00598	0.00375	0.00369	0.00721	0.01090	0.01490	0.60221	0.07255	0.22575	0.00908	0.00486	0.00133	0.00199	0.00792	0.00432	0.00375
6	0.01018	0.01679	0.54525	0.02333	0.06962	0.02247	0.04864	0.01416	0.02426	0.14277	0.00908	0.00999	0.00637	0.00415	0.00410	0.00129	0.01714	0.00338	0.02093	0.00611
7	0.00567	0.00423	0.00482	0.00464	0.00587	0.00371	0.00349	0.00713	0.01032	0.03249	0.36614	0.03433	0.45094	0.00923	0.00476	0.00133	0.00205	0.00786	0.03729	0.00373
8	0.01369	0.30672	0.01495	0.00929	0.01189	0.53244	0.00758	0.01515	0.03468	0.01013	0.00644	0.00736	0.00550	0.00402	0.00335	0.00101	0.00625	0.00255	0.00205	0.00499
9	0.00563	0.00419	0.00524	0.00498	0.00602	0.00380	0.00373	0.00740	0.01120	0.01547	0.68236	0.03230	0.18496	0.00876	0.00484	0.00131	0.00196	0.00765	0.00439	0.00380
10	0.04656	0.04546	0.01018	0.00753	0.01072	0.00906	0.00612	0.22491	0.19125	0.05158	0.01028	0.01044	0.00781	0.00423	0.00358	0.00101	0.00356	0.00330	0.00334	0.34907
11	0.00703	0.00626	0.02860	0.09040	0.06874	0.00653	0.08726	0.03319	0.00791	0.01104	0.02048	0.07951	0.01084	0.02010	0.47987	0.00436	0.00839	0.02283	0.00237	0.00427
12	0.00988	0.04670	0.26735	0.02096	0.08182	0.02751	0.04930	0.05071	0.16126	0.08225	0.08268	0.05374	0.02184	0.00528	0.00432	0.00131	0.01985	0.00444	0.00300	0.00581
13	0.00845	0.06997	0.71383	0.01159	0.03439	0.00984	0.02971	0.01303	0.02774	0.01299	0.02697	0.00930	0.00622	0.00401	0.00388	0.00128	0.00579	0.00317	0.00187	0.00598
14	0.00660	0.00509	0.00623	0.00642	0.00720	0.02051	0.00464	0.02426	0.13848	0.01151	0.04028	0.38670	0.01884	0.05552	0.20706	0.04081	0.00484	0.00773	0.00333	0.00392
15	0.01801	0.00748	0.03135	0.01113	0.08402	0.02184	0.24583	0.01020	0.04621	0.01261	0.04122	0.26884	0.06105	0.00760	0.00474	0.00145	0.00422	0.06340	0.05421	0.00460
16	0.01069	0.05017	0.23455	0.04258	0.15753	0.03469	0.09760	0.07610	0.02960	0.12057	0.04577	0.04445	0.02767	0.00477	0.00414	0.00128	0.00496	0.00420	0.00277	0.00590
17	0.00887	0.00844	0.04605	0.00999	0.04032	0.05335	0.06162	0.01035	0.00796	0.06109	0.04914	0.07492	0.01090	0.01074	0.13148	0.01817	0.33179	0.05779	0.00251	0.00454
