[name]
unknown

[dist]
# distance from previous block
# <min> <max>
0	68

[block]
# block no. 0 follows, 91 sequences, length 50
# corresponding to MSA columns:
# 106-155
name=unknown_A
#
# <colnr> <probs for GDERKNQSTAVLIFYWHMCP>
#	G	D	E	R	K	N	Q	S	T	A	V	L	I	F	Y	W	H	M	C	P
0	0.01345	0.16692	0.22993	0.00733	0.01036	0.01556	0.11107	0.08943	0.00765	0.05205	0.02123	0.00944	0.00610	0.00341	0.00291	0.00087	0.00365	0.07112	0.00193	0.17558
1	0.08895	0.03024	0.34960	0.07034	0.01072	0.01192	0.00741	0.01717	0.02085	0.20915	0.07051	0.02704	0.00719	0.00357	0.00296	0.00095	0.00345	0.00285	0.00225	0.06289
2	0.00629	0.00646	0.05322	0.64822	0.17293	0.00711	0.00892	0.00837	0.00640	0.00851	0.00565	0.00820	0.00437	0.00343	0.01586	0.00109	0.02696	0.00278	0.00143	0.00381
3	0.00830	0.10499	0.30222	0.01651	0.07968	0.18114	0.07062	0.08191	0.05972	0.01025	0.01862	0.00728	0.00507	0.00362	0.02303	0.00101	0.00446	0.00252	0.00174	0.01729
4	0.00748	0.07144	0.01284	0.15156	0.45426	0.00785	0.13315	0.00949	0.02466	0.02366	0.00601	0.00793	0.00490	0.00337	0.01808	0.00105	0.05335	0.00288	0.00158	0.00445
5	0.06236	0.00513	0.00665	0.00531	0.00741	0.00463	0.00431	0.03833	0.01569	0.65347	0.07618	0.06902	0.02811	0.00450	0.00320	0.00100	0.00252	0.00371	0.00364	0.00482
6	0.00434	0.00295	0.00397	0.00450	0.00486	0.00283	0.00314	0.00501	0.00610	0.04193	0.01664	0.69601	0.05089	0.01110	0.10480	0.00170	0.00264	0.03108	0.00281	0.00271
7	0.03174	0.02840	0.24040	0.02188	0.06237	0.13156	0.17186	0.14686	0.04365	0.03865	0.00730	0.03035	0.02374	0.00343	0.00315	0.00097	0.00430	0.00297	0.00197	0.00444
8	0.01762	0.20868	0.17441	0.00779	0.04756	0.06308	0.08702	0.09338	0.02234	0.12723	0.04876	0.02279	0.00649	0.00402	0.02606	0.00103	0.03248	0.00280	0.00209	0.00437
9	0.00460	0.00344	0.00465	0.00465	0.00508	0.01625	0.00341	0.00542	0.00500	0.00700	0.00892	0.03014	0.00898	0.25169	0.62144	0.00439	0.00684	0.00377	0.00176	0.00258
10	0.00665	0.00623	0.01026	0.46952	0.32604	0.00706	0.00857	0.00906	0.06266	0.00914	0.00632	0.00858	0.00501	0.00412	0.04689	0.00121	0.00413	0.00287	0.00159	0.00409
11	0.01697	0.06575	0.07277	0.14909	0.40581	0.03338	0.09440	0.04394	0.05351	0.02524	0.00629	0.00785	0.00497	0.00300	0.00308	0.00096	0.00395	0.00280	0.00170	0.00455
12	0.00867	0.00706	0.01145	0.07444	0.62905	0.00713	0.00858	0.06237	0.00776	0.12373	0.00689	0.00828	0.00538	0.00346	0.02127	0.00103	0.00371	0.00286	0.00195	0.00491
13	0.03960	0.00297	0.00378	0.00440	0.00475	0.00283	0.00307	0.00478	0.00624	0.00855	0.04742	0.71757	0.06267	0.00928	0.00393	0.00126	0.00190	0.06948	0.00290	0.00263
14	0.01580	0.00358	0.00494	0.06916	0.06489	0.00350	0.00396	0.00581	0.01402	0.03487	0.10167	0.47072	0.12077	0.00792	0.00379	0.00118	0.00218	0.06548	0.00279	0.00298
15	0.04291	0.04694	0.60157	0.02116	0.01275	0.09369	0.06122	0.06571	0.00738	0.01042	0.00563	0.00662	0.00411	0.00303	0.00295	0.00097	0.00457	0.00237	0.00152	0.00448
16	0.00757	0.00724	0.00897	0.00770	0.00816	0.06570	0.00632	0.10992	0.00639	0.00918	0.00543	0.04097	0.00516	0.00589	0.03902	0.00139	0.62953	0.00298	0.02889	0.00361
17	0.00668	0.00840	0.19045	0.49179	0.18203	0.02087	0.00936	0.02845	0.00679	0.01759	0.00576	0.00786	0.00436	0.00307	0.00310	0.00101	0.00419	0.00269	0.00148	0.00408
18	0.03085	0.07335	0.43012	0.18908	0.08974	0.03320	0.00939	0.01011	0.04374	0.05275	0.00616	0.00734	0.00454	0.00309	0.00295	0.00097	0.00416	0.00249	0.00160	0.00438
19	0.00536	0.00352	0.00443	0.00428	0.00494	0.02005	0.00315	0.00587	0.00657	0.06508	0.21617	0.09465	0.17199	0.01938	0.11150	0.21050	0.02389	0.00481	0.02121	0.00265
20	0.00772	0.30431	0.35101	0.00690	0.01010	0.00877	0.00764	0.11628	0.00758	0.03843	0.00717	0.00791	0.04784	0.00461	0.05991	0.00115	0.00410	0.00249	0.00175	0.00433
21	0.13365	0.13234	0.15120	0.00733	0.06555	0.03335	0.03191	0.15082	0.00852	0.21732	0.03399	0.00795	0.00593	0.00337	0.00282	0.00093	0.00339	0.00260	0.00242	0.00460
22	0.00801	0.00716	0.01123	0.29057	0.27050	0.04175	0.11688	0.07940	0.05064	0.06671	0.00692	0.00885	0.00535	0.00324	0.00322	0.00100	0.00399	0.01831	0.00190	0.00437
23	0.00415	0.00297	0.00387	0.00449	0.00476	0.00284	0.00304	0.03796	0.00636	0.00849	0.01694	0.85292	0.02018	0.00961	0.00398	0.00126	0.00189	0.00870	0.00293	0.00266
24	0.00763	0.00722	0.01231	0.04627	0.80881	0.00727	0.00935	0.00938	0.00701	0.01001	0.00588	0.00787	0.00497	0.00313	0.00347	0.03659	0.00371	0.00280	0.00154	0.00479
25	0.07774	0.10080	0.22251	0.02660	0.04525	0.18812	0.12685	0.04244	0.01578	0.11584	0.00633	0.00708	0.00468	0.00310	0.00292	0.00093	0.00430	0.00251	0.00188	0.00433
26	0.00486	0.00489	0.10511	0.11316	0.00810	0.00389	0.00501	0.00615	0.00653	0.03127	0.04104	0.45846	0.04961	0.00771	0.00380	0.00122	0.00261	0.14096	0.00259	0.00305
27	0.00603	0.00578	0.01002	0.82515	0.02131	0.00705	0.06432	0.00816	0.00636	0.00816	0.00564	0.00839	0.00423	0.00311	0.00318	0.00105	0.00426	0.00285	0.00141	0.00354
28	0.00568	0.03743	0.31258	0.00792	0.07134	0.00559	0.09629	0.00766	0.00649	0.00909	0.05260	0.19966	0.02016	0.11995	0.00504	0.00133	0.00354	0.03207	0.00196	0.00364
29	0.13247	0.06078	0.07701	0.00908	0.11346	0.08673	0.17331	0.11208	0.04694	0.01158	0.06386	0.01800	0.04975	0.00366	0.00325	0.00097	0.02772	0.00313	0.00206	0.00414
30	0.00453	0.00428	0.06068	0.00448	0.00542	0.02138	0.00355	0.02762	0.00672	0.02101	0.02042	0.40170	0.31869	0.00945	0.07358	0.00146	0.00259	0.00686	0.00271	0.00288
31	0.00719	0.00675	0.01128	0.29708	0.53955	0.00722	0.00900	0.03453	0.00717	0.00992	0.03624	0.00852	0.00560	0.00307	0.00314	0.00097	0.00379	0.00290	0.00162	0.00444
32	0.10774	0.33515	0.24359	0.00732	0.01888	0.02433	0.10531	0.02751	0.03337	0.03243	0.03374	0.00692	0.00518	0.00303	0.00263	0.00088	0.00377	0.00236	0.00167	0.00421
33	0.00450	0.00344	0.00451	0.01120	0.01404	0.00341	0.01692	0.00617	0.10540	0.00897	0.05907	0.63864	0.04141	0.01517	0.00398	0.00125	0.00204	0.05403	0.00292	0.00293
34	0.02823	0.03869	0.23705	0.00849	0.01122	0.02057	0.17778	0.04643	0.29906	0.01134	0.02603	0.00904	0.00664	0.00361	0.00365	0.00104	0.06136	0.00310	0.00216	0.00453
35	0.00796	0.00746	0.01229	0.07807	0.72099	0.02740	0.02679	0.01785	0.00723	0.03826	0.00607	0.00786	0.00498	0.00293	0.00326	0.00095	0.02037	0.00281	0.00164	0.00482
36	0.00758	0.16852	0.24240	0.00958	0.04295	0.00820	0.28929	0.00991	0.01425	0.06944	0.00683	0.03475	0.01754	0.00334	0.00359	0.00099	0.06182	0.00305	0.00170	0.00429
37	0.00460	0.00339	0.00470	0.00465	0.00502	0.00385	0.00339	0.00535	0.00489	0.00693	0.00874	0.01475	0.00885	0.29607	0.57494	0.00429	0.03757	0.00373	0.00174	0.00254
38	0.00769	0.51110	0.27109	0.00661	0.00970	0.02545	0.02537	0.00949	0.00658	0.03382	0.00589	0.06350	0.00524	0.00329	0.00252	0.00083	0.00371	0.00244	0.00153	0.00416
39	0.00752	0.00725	0.01194	0.04243	0.71717	0.02170	0.02629	0.00941	0.01958	0.01015	0.03845	0.00903	0.03085	0.00320	0.00339	0.00096	0.03125	0.00303	0.00168	0.00471
40	0.01029	0.00786	0.00841	0.00684	0.00905	0.00881	0.00552	0.48655	0.36820	0.03937	0.00986	0.00937	0.00718	0.00398	0.00317	0.00100	0.00303	0.00314	0.00319	0.00519
41	0.00630	0.01626	0.87324	0.00896	0.01360	0.00730	0.01161	0.00995	0.00664	0.00995	0.00564	0.00664	0.00398	0.00299	0.00299	0.00100	0.00465	0.00232	0.00133	0.00465
42	0.01003	0.27873	0.09220	0.00743	0.00977	0.42471	0.03377	0.07641	0.02370	0.00892	0.00518	0.00591	0.00426	0.00309	0.00266	0.00081	0.00464	0.00209	0.00165	0.00403
43	0.00890	0.72270	0.01504	0.00591	0.00834	0.15299	0.00554	0.00987	0.00675	0.00745	0.00444	0.00520	0.00404	0.00286	0.00240	0.00072	0.02976	0.00177	0.00139	0.00395
44	0.00388	0.00306	0.00351	0.00376	0.00450	0.00270	0.00274	0.00468	0.00694	0.00872	0.09503	0.30704	0.48315	0.00848	0.00384	0.00114	0.00172	0.04947	0.00296	0.00266
45	0.00778	0.00747	0.01276	0.01929	0.86992	0.00747	0.00965	0.00965	0.00716	0.01027	0.00591	0.00778	0.00498	0.00280	0.00311	0.00093	0.00373	0.00280	0.00156	0.00498
46	0.01392	0.00565	0.00748	0.00573	0.00817	0.00506	0.00474	0.08796	0.00949	0.79876	0.01198	0.01043	0.00757	0.00388	0.00316	0.00097	0.00274	0.00313	0.00383	0.00535
47	0.00386	0.00277	0.00366	0.00433	0.00456	0.00258	0.00291	0.00446	0.00619	0.00826	0.05923	0.82483	0.04145	0.00964	0.00399	0.00126	0.00180	0.00872	0.00294	0.00258
48	0.00742	0.00848	0.01855	0.01325	0.01643	0.00795	0.85851	0.01007	0.00742	0.01007	0.00636	0.00848	0.00477	0.00265	0.00371	0.00106	0.00530	0.00371	0.00159	0.00424
49	0.01147	0.00857	0.00916	0.00714	0.00957	0.00953	0.00586	0.76212	0.11288	0.01904	0.00815	0.00803	0.00584	0.00383	0.00315	0.00096	0.00335	0.00291	0.00315	0.00530

[dist]
# distance from previous block
# <min> <max>
0	3

[block]
# block no. 1 follows, 91 sequences, length 6
# corresponding to MSA columns:
# 159-164
name=unknown_B
#
# <colnr> <probs for GDERKNQSTAVLIFYWHMCP>
#	G	D	E	R	K	N	Q	S	T	A	V	L	I	F	Y	W	H	M	C	P
0	0.00446	0.00364	0.00370	0.00378	0.00438	0.04236	0.00260	0.00501	0.00629	0.00777	0.04754	0.13413	0.37155	0.30183	0.00784	0.00175	0.00235	0.04403	0.00254	0.00246
1	0.00400	0.00304	0.00368	0.00384	0.00450	0.00273	0.00276	0.00495	0.00737	0.00973	0.31081	0.31370	0.30135	0.00807	0.00381	0.00111	0.00163	0.00708	0.00310	0.00273
2	0.61000	0.00591	0.00525	0.00431	0.00654	0.00610	0.00351	0.00880	0.00574	0.01282	0.00478	0.00558	0.00382	0.00272	0.00207	0.00080	0.00240	0.00176	0.00192	0.30518
3	0.00560	0.06379	0.53243	0.00722	0.01026	0.00602	0.00834	0.00806	0.00642	0.00916	0.00946	0.30016	0.00959	0.00526	0.00327	0.00107	0.00363	0.00449	0.00186	0.00391
4	0.00498	0.00756	0.29375	0.00553	0.00761	0.00437	0.00578	0.00709	0.00793	0.01120	0.47539	0.01872	0.12676	0.00547	0.00347	0.00100	0.00255	0.00468	0.00268	0.00349
5	0.00395	0.00300	0.00368	0.00416	0.00471	0.00273	0.00302	0.00470	0.00656	0.00836	0.02208	0.49037	0.30306	0.00907	0.00396	0.00123	0.00189	0.11794	0.00292	0.00263

[dist]
# distance from previous block
# <min> <max>
0	2

[block]
# block no. 2 follows, 91 sequences, length 7
# corresponding to MSA columns:
# 167-173
name=unknown_C
#
# <colnr> <probs for GDERKNQSTAVLIFYWHMCP>
#	G	D	E	R	K	N	Q	S	T	A	V	L	I	F	Y	W	H	M	C	P
0	0.00842	0.00940	0.05663	0.07383	0.58556	0.19257	0.00893	0.01017	0.00744	0.00956	0.00565	0.00731	0.00468	0.00293	0.00305	0.00092	0.00422	0.00261	0.00155	0.00458
1	0.00697	0.03328	0.09578	0.01100	0.11121	0.00682	0.44889	0.00897	0.00672	0.03352	0.00711	0.01076	0.00620	0.19159	0.00612	0.00145	0.00445	0.00358	0.00169	0.00389
2	0.00467	0.00362	0.00436	0.00473	0.00531	0.00368	0.00332	0.00701	0.18884	0.00914	0.01727	0.64701	0.07181	0.00854	0.00382	0.00122	0.00195	0.00764	0.00298	0.00308
3	0.00844	0.22913	0.00947	0.00596	0.00788	0.00830	0.00502	0.16882	0.25062	0.06890	0.00874	0.00933	0.00692	0.00786	0.18897	0.00179	0.00416	0.00288	0.00245	0.00437
4	0.00780	0.46288	0.31088	0.00666	0.00999	0.00976	0.00742	0.03330	0.03244	0.03216	0.00544	0.00610	0.00436	0.00288	0.00247	0.00080	0.00370	0.00204	0.00154	0.05739
5	0.00612	0.15454	0.54987	0.00741	0.01079	0.00712	0.00876	0.00868	0.00646	0.00913	0.00792	0.19395	0.00757	0.00440	0.00305	0.00100	0.00384	0.00363	0.00167	0.00410
6	0.00852	0.00782	0.01108	0.17861	0.44521	0.05892	0.00838	0.19039	0.00863	0.01163	0.00607	0.00769	0.00482	0.00319	0.00337	0.00097	0.03543	0.00276	0.00186	0.00464

[dist]
# distance from previous block
# <min> <max>
0	4

[block]
# block no. 3 follows, 91 sequences, length 27
# corresponding to MSA columns:
# 178-204
name=unknown_D
#
# <colnr> <probs for GDERKNQSTAVLIFYWHMCP>
#	G	D	E	R	K	N	Q	S	T	A	V	L	I	F	Y	W	H	M	C	P
0	0.01187	0.00623	0.00740	0.00601	0.00821	0.02646	0.00485	0.06461	0.28850	0.52203	0.01207	0.01073	0.00814	0.00399	0.00316	0.00100	0.00273	0.00324	0.00357	0.00519
1	0.01007	0.23056	0.01065	0.00657	0.00895	0.00996	0.00559	0.44390	0.21578	0.01509	0.00800	0.00792	0.00603	0.00362	0.00287	0.00090	0.00320	0.00271	0.00270	0.00493
2	0.01051	0.00964	0.00911	0.00752	0.00957	0.22311	0.04713	0.34412	0.22636	0.03588	0.00814	0.00824	0.00608	0.00378	0.00337	0.00096	0.03625	0.00286	0.00266	0.00471
3	0.68511	0.00832	0.00570	0.00513	0.00700	0.22608	0.00408	0.01007	0.00625	0.01249	0.00450	0.00525	0.00357	0.00300	0.00217	0.00093	0.00325	0.00178	0.00186	0.00346
4	0.00699	0.22864	0.00902	0.00484	0.00761	0.00627	0.00414	0.00829	0.00649	0.00953	0.00528	0.00615	0.00450	0.00242	0.00225	0.00052	0.00259	0.00182	0.00173	0.68094
5	0.00641	0.00588	0.00884	0.66150	0.01826	0.00719	0.00778	0.01021	0.22232	0.00932	0.00740	0.00922	0.00555	0.00343	0.00316	0.00105	0.00376	0.00298	0.00185	0.00387
6	0.00473	0.00321	0.00481	0.00481	0.00523	0.00363	0.00363	0.00523	0.00481	0.00683	0.00767	0.01165	0.00725	0.02039	0.65932	0.23255	0.00699	0.00321	0.00160	0.00244
7	0.00414	0.00320	0.00377	0.00363	0.00451	0.00283	0.00272	0.00533	0.00817	0.01088	0.51654	0.02633	0.38246	0.00707	0.00371	0.00102	0.00153	0.00608	0.00323	0.00283
8	0.00460	0.00332	0.00442	0.00442	0.00515	0.00313	0.00349	0.00608	0.00848	0.01180	0.65382	0.02650	0.02675	0.00699	0.00387	0.00110	0.00184	0.21797	0.00332	0.00295
9	0.61858	0.00615	0.00618	0.22540	0.01027	0.00723	0.00493	0.07043	0.00627	0.01299	0.00491	0.00611	0.00374	0.00304	0.00233	0.00099	0.00295	0.00206	0.00189	0.00357
10	0.00765	0.00361	0.00432	0.00387	0.00502	0.00343	0.00302	0.00902	0.00734	0.22808	0.10238	0.01308	0.02510	0.00553	0.06590	0.00114	0.00228	0.00338	0.50233	0.00353
11	0.00629	0.00817	0.22665	0.58734	0.01839	0.00681	0.00913	0.00871	0.00652	0.04041	0.00639	0.00934	0.00494	0.00340	0.00316	0.00105	0.00419	0.04375	0.00154	0.00382
12	0.23638	0.00805	0.00814	0.21287	0.08484	0.16725	0.00610	0.13137	0.00792	0.03613	0.00565	0.00682	0.00433	0.00313	0.00272	0.00092	0.00370	0.00233	0.00194	0.06941
13	0.01614	0.00729	0.01083	0.23646	0.10451	0.03308	0.15433	0.15818	0.11535	0.08817	0.00752	0.00865	0.00556	0.00343	0.00349	0.00102	0.03629	0.00305	0.00221	0.00445
14	0.00518	0.00420	0.00606	0.00779	0.22250	0.00396	0.00455	0.00637	0.00736	0.02816	0.23750	0.23978	0.20103	0.00666	0.00362	0.00106	0.00218	0.00593	0.00274	0.00335
15	0.00820	0.45162	0.03015	0.00979	0.26385	0.06868	0.01854	0.00956	0.00682	0.00864	0.00504	0.00612	0.00439	0.00273	0.00247	0.00075	0.00358	0.00209	0.00148	0.09549
16	0.00824	0.00714	0.01071	0.19953	0.37219	0.00766	0.03278	0.23487	0.00913	0.01249	0.06866	0.00900	0.00669	0.00339	0.00319	0.00097	0.00364	0.00304	0.00208	0.00459
17	0.02354	0.02703	0.12285	0.00667	0.01728	0.03074	0.00592	0.24570	0.06151	0.12231	0.02200	0.01968	0.00679	0.00883	0.22347	0.00201	0.04389	0.00303	0.00244	0.00432
18	0.00736	0.00642	0.02311	0.02037	0.48925	0.02620	0.02095	0.04555	0.00667	0.02338	0.00632	0.04059	0.00567	0.00526	0.00567	0.22950	0.02917	0.00300	0.00166	0.00390
19	0.00403	0.00285	0.00359	0.00410	0.00429	0.00270	0.00267	0.00446	0.00573	0.00758	0.01615	0.61603	0.05955	0.23125	0.00702	0.00171	0.00214	0.01911	0.00266	0.00240
20	0.00695	0.00599	0.00984	0.01425	0.57455	0.00590	0.00743	0.00842	0.00700	0.05158	0.03442	0.24042	0.01001	0.00482	0.00337	0.00103	0.00311	0.00452	0.00208	0.00430
21	0.00975	0.00702	0.01068	0.00901	0.09518	0.04446	0.22496	0.06278	0.06341	0.27655	0.00890	0.04125	0.00661	0.00347	0.00321	0.00093	0.00355	0.00327	0.00258	0.12243
22	0.65961	0.22903	0.00767	0.00451	0.00664	0.00843	0.00394	0.00949	0.02905	0.01239	0.00460	0.00527	0.00373	0.00290	0.00200	0.00090	0.00267	0.00175	0.00183	0.00361
23	0.00732	0.22865	0.00878	0.00555	0.00732	0.00776	0.00459	0.01230	0.42647	0.03176	0.21235	0.01279	0.01288	0.00437	0.00302	0.00095	0.00248	0.00358	0.00281	0.00427
24	0.00582	0.00487	0.00809	0.66092	0.01723	0.00591	0.00722	0.00704	0.00573	0.00738	0.00556	0.00868	0.00451	0.00510	0.00544	0.22956	0.00382	0.00278	0.00139	0.00296
25	0.00448	0.00317	0.00401	0.00382	0.00438	0.00299	0.00270	0.00559	0.00781	0.01097	0.65213	0.02275	0.02507	0.22879	0.00680	0.00151	0.00188	0.00540	0.00307	0.00270
26	0.01138	0.00684	0.00916	0.00951	0.22547	0.00686	0.00624	0.21303	0.09424	0.36945	0.00966	0.00932	0.00668	0.00363	0.00315	0.00097	0.00311	0.00303	0.00306	0.00522

[dist]
# distance from previous block
# <min> <max>
0	4

[block]
# block no. 4 follows, 91 sequences, length 49
# corresponding to MSA columns:
# 209-257
name=unknown_E
#
# <colnr> <probs for GDERKNQSTAVLIFYWHMCP>
#	G	D	E	R	K	N	Q	S	T	A	V	L	I	F	Y	W	H	M	C	P
0	0.07019	0.00298	0.00372	0.00436	0.00467	0.00288	0.00295	0.00473	0.00597	0.00847	0.01638	0.82298	0.01952	0.00934	0.00386	0.00125	0.00187	0.00841	0.00285	0.00262
1	0.00812	0.82649	0.01552	0.00524	0.00773	0.01175	0.00512	0.00906	0.00625	0.00730	0.00477	0.00618	0.00457	0.06751	0.00304	0.00085	0.00334	0.00189	0.00139	0.00388
2	0.00495	0.00378	0.00519	0.00612	0.06903	0.00366	0.00471	0.00631	0.00736	0.00957	0.09172	0.03141	0.18148	0.00792	0.00408	0.00130	0.00258	0.55299	0.00285	0.00301
3	0.00782	0.00675	0.00711	0.00640	0.00817	0.00782	0.00498	0.01670	0.86424	0.01315	0.01279	0.01173	0.00960	0.00426	0.00320	0.00107	0.00249	0.00355	0.00320	0.00498
4	0.00786	0.07141	0.00779	0.00632	0.00817	0.00816	0.00500	0.01617	0.80154	0.01273	0.01218	0.01124	0.00919	0.00415	0.00311	0.00104	0.00255	0.00342	0.00306	0.00491
5	0.00398	0.00275	0.00359	0.00427	0.00449	0.00258	0.00287	0.00459	0.00606	0.00829	0.01681	0.82347	0.01986	0.00940	0.00388	0.00124	0.00180	0.00850	0.06900	0.00258
6	0.00753	0.00646	0.00685	0.00625	0.00791	0.00743	0.00483	0.01580	0.80151	0.01277	0.01313	0.07574	0.01041	0.00467	0.00326	0.00108	0.00244	0.00395	0.00318	0.00480
7	0.00373	0.00318	0.00320	0.00320	0.00425	0.00266	0.00240	0.00454	0.00720	0.00856	0.04655	0.03013	0.85389	0.00793	0.00371	0.00106	0.00159	0.00662	0.00293	0.00266
8	0.00532	0.00379	0.00505	0.00562	0.00642	0.00386	0.00485	0.00728	0.06708	0.00984	0.01591	0.03206	0.01676	0.00801	0.00411	0.00137	0.00276	0.72787	0.06900	0.00304
9	0.00571	0.00527	0.00876	0.77657	0.01960	0.00647	0.00803	0.00767	0.00640	0.00826	0.04971	0.07057	0.00663	0.00378	0.00323	0.00106	0.00389	0.00337	0.00161	0.00340
10	0.00468	0.00390	0.00543	0.00512	0.00597	0.00409	0.04697	0.00581	0.00647	0.00861	0.08524	0.02166	0.29886	0.01209	0.26655	0.00233	0.08327	0.11901	0.01102	0.00291
11	0.00383	0.00274	0.00365	0.00438	0.00456	0.00255	0.00292	0.00438	0.00602	0.00802	0.01733	0.88748	0.02079	0.00985	0.00401	0.00128	0.00182	0.00894	0.00292	0.00255
12	0.00652	0.00559	0.00652	0.00466	0.00745	0.00419	0.00372	0.00791	0.00652	0.01024	0.00559	0.00652	0.00466	0.00233	0.00233	0.00047	0.00233	0.00186	0.00186	0.90875
13	0.00594	0.00559	0.00943	0.88197	0.02165	0.00698	0.00873	0.00803	0.00629	0.00803	0.00559	0.00838	0.00419	0.00314	0.00314	0.00105	0.00419	0.00279	0.00140	0.00349
14	0.00630	0.01626	0.87324	0.00896	0.01360	0.00730	0.01161	0.00995	0.00664	0.00995	0.00564	0.00664	0.00398	0.00299	0.00299	0.00100	0.00465	0.00232	0.00133	0.00465
15	0.00493	0.00372	0.00461	0.00430	0.00519	0.00365	0.00325	0.00746	0.13023	0.01268	0.74691	0.02181	0.02681	0.00612	0.00364	0.00100	0.00163	0.00538	0.00342	0.00325
16	0.00840	0.89142	0.01647	0.00538	0.00807	0.01244	0.00538	0.00941	0.00639	0.00740	0.00437	0.00504	0.00403	0.00269	0.00202	0.00067	0.00336	0.00168	0.00134	0.00403
17	0.00652	0.00559	0.00652	0.00466	0.00745	0.00419	0.00372	0.00791	0.00652	0.01024	0.00559	0.00652	0.00466	0.00233	0.00233	0.00047	0.00233	0.00186	0.00186	0.90875
18	0.00403	0.00288	0.00388	0.00461	0.00488	0.00273	0.00327	0.00473	0.00622	0.00825	0.01721	0.74684	0.02034	0.00966	0.00407	0.00130	0.00200	0.14756	0.00291	0.00261
19	0.00436	0.00321	0.00408	0.00386	0.00464	0.00293	0.00290	0.00576	0.00869	0.01211	0.76782	0.02429	0.13041	0.00661	0.00371	0.00100	0.00150	0.00580	0.00340	0.00293
20	0.00486	0.00394	0.00626	0.00580	0.00651	0.00456	0.06382	0.00607	0.00522	0.00756	0.00802	0.01172	0.00741	0.02073	0.75069	0.00449	0.06365	0.00335	0.01238	0.00295
21	0.01089	0.01306	0.00908	0.00899	0.09697	0.67263	0.00628	0.07096	0.00894	0.00882	0.00577	0.05030	0.00508	0.00359	0.00304	0.00086	0.01659	0.00252	0.00178	0.00384
22	0.00507	0.00362	0.00507	0.00579	0.00651	0.00362	0.00507	0.00651	0.00724	0.00941	0.01664	0.03546	0.01809	0.00868	0.00434	0.00145	0.00289	0.84876	0.00289	0.00289
23	0.05639	0.00799	0.00855	0.00678	0.00911	0.00884	0.00554	0.57896	0.19414	0.07767	0.00884	0.00853	0.00632	0.00384	0.00310	0.00097	0.00315	0.00295	0.00315	0.00517
24	0.00748	0.00720	0.11159	0.00700	0.00831	0.00722	0.00618	0.10414	0.09503	0.08461	0.00936	0.15048	0.01754	0.00563	0.00589	0.00120	0.31618	0.04871	0.00232	0.00394
25	0.00596	0.01366	0.70241	0.00787	0.01161	0.00646	0.00971	0.00890	0.00623	0.00920	0.00648	0.00937	0.00544	0.17711	0.00554	0.00140	0.00433	0.00276	0.00144	0.00411
26	0.00803	0.62724	0.17027	0.06738	0.01010	0.01099	0.00677	0.05208	0.00685	0.00853	0.00484	0.00569	0.00410	0.00283	0.00233	0.00077	0.00366	0.00193	0.00144	0.00417
27	0.00665	0.00600	0.00822	0.00587	0.00872	0.00472	0.12498	0.00822	0.00665	0.01022	0.00570	0.00680	0.00467	0.00237	0.00252	0.00055	0.00275	0.00212	0.00182	0.78044
28	0.78872	0.02024	0.00562	0.04928	0.06726	0.00716	0.00414	0.00921	0.00554	0.01342	0.00454	0.00546	0.00356	0.00292	0.00209	0.00097	0.00263	0.00183	0.00188	0.00353
29	0.03627	0.23328	0.22715	0.00801	0.01099	0.17740	0.11418	0.12875	0.00823	0.02002	0.00556	0.00641	0.00432	0.00304	0.00280	0.00088	0.00435	0.00234	0.00172	0.00431
30	0.00499	0.00336	0.00413	0.00387	0.00483	0.00300	0.00293	0.00623	0.00832	0.08015	0.53116	0.04501	0.27674	0.00676	0.00367	0.00102	0.00162	0.00584	0.00332	0.00305
31	0.01066	0.07029	0.00938	0.00708	0.01890	0.05239	0.00574	0.54848	0.21550	0.01665	0.00842	0.00827	0.00619	0.00378	0.00306	0.00095	0.00333	0.00288	0.00294	0.00508
32	0.00454	0.00317	0.00403	0.00403	0.00423	0.00337	0.00265	0.00495	0.00475	0.00654	0.00936	0.01755	0.01012	0.57125	0.33248	0.00378	0.00502	0.00413	0.00182	0.00224
33	0.08007	0.12435	0.06289	0.00668	0.00914	0.15528	0.00580	0.32196	0.01033	0.18308	0.00728	0.00728	0.00520	0.00345	0.00285	0.00090	0.00366	0.00249	0.00260	0.00470
34	0.40579	0.03353	0.16409	0.00642	0.00908	0.00743	0.07502	0.14166	0.00764	0.09655	0.01422	0.00703	0.00475	0.00322	0.00262	0.00098	0.00327	0.01033	0.00218	0.00419
35	0.00382	0.00319	0.00332	0.00329	0.00431	0.00270	0.00247	0.00471	0.00740	0.00906	0.14714	0.02932	0.75299	0.00775	0.00371	0.00105	0.00158	0.00650	0.00299	0.00270
36	0.91173	0.00608	0.00462	0.00413	0.00608	0.00705	0.00340	0.00924	0.00535	0.01410	0.00438	0.00511	0.00340	0.00292	0.00195	0.00097	0.00243	0.00170	0.00195	0.00340
37	0.91173	0.00608	0.00462	0.00413	0.00608	0.00705	0.00340	0.00924	0.00535	0.01410	0.00438	0.00511	0.00340	0.00292	0.00195	0.00097	0.00243	0.00170	0.00195	0.00340
38	0.00383	0.00274	0.00365	0.00438	0.00456	0.00255	0.00292	0.00438	0.00602	0.00802	0.01733	0.88748	0.02079	0.00985	0.00401	0.00128	0.00182	0.00894	0.00292	0.00255
39	0.08506	0.00932	0.00863	0.00759	0.05230	0.20475	0.01453	0.34410	0.16249	0.06844	0.00782	0.00788	0.00578	0.00362	0.00299	0.00094	0.00369	0.00271	0.00266	0.00471
40	0.01749	0.20709	0.66243	0.00819	0.01235	0.00843	0.02351	0.00983	0.00658	0.00945	0.00536	0.00630	0.00400	0.00292	0.00277	0.00093	0.00435	0.00220	0.00134	0.00449
41	0.00742	0.00848	0.01855	0.01325	0.01643	0.00795	0.85851	0.01007	0.00742	0.01007	0.00636	0.00848	0.00477	0.00265	0.00371	0.00106	0.00530	0.00371	0.00159	0.00424
42	0.00376	0.00319	0.00324	0.00323	0.00427	0.00267	0.00242	0.00460	0.00727	0.00873	0.08133	0.02985	0.81901	0.00787	0.00371	0.00106	0.00159	0.00658	0.00295	0.00267
43	0.00594	0.00559	0.00943	0.88197	0.02165	0.00698	0.00873	0.00803	0.00629	0.00803	0.00559	0.00838	0.00419	0.00314	0.00314	0.00105	0.00419	0.00279	0.00140	0.00349
44	0.00646	0.01604	0.85580	0.00889	0.01349	0.00725	0.01147	0.01006	0.00668	0.02732	0.00578	0.00672	0.00406	0.00300	0.00299	0.00100	0.00461	0.00234	0.00138	0.00466
45	0.00382	0.00277	0.00362	0.00429	0.00454	0.00256	0.00288	0.00439	0.00610	0.00806	0.01834	0.82757	0.08004	0.00972	0.00399	0.00126	0.00181	0.00878	0.00292	0.00256
46	0.00594	0.00559	0.00943	0.88197	0.02165	0.00698	0.00873	0.00803	0.00629	0.00803	0.00559	0.00838	0.00419	0.00314	0.00314	0.00105	0.00419	0.00279	0.00140	0.00349
47	0.00630	0.01626	0.87324	0.00896	0.01360	0.00730	0.01161	0.00995	0.00664	0.00995	0.00564	0.00664	0.00398	0.00299	0.00299	0.00100	0.00465	0.00232	0.00133	0.00465
48	0.00442	0.00321	0.00417	0.00393	0.00468	0.00296	0.00295	0.00588	0.00884	0.01246	0.83948	0.02371	0.05853	0.00648	0.00371	0.00099	0.00149	0.00572	0.00344	0.00296

[dist]
# distance from previous block
# <min> <max>
0	1

[block]
# block no. 5 follows, 91 sequences, length 28
# corresponding to MSA columns:
# 259-286
name=unknown_F
#
# <colnr> <probs for GDERKNQSTAVLIFYWHMCP>
#	G	D	E	R	K	N	Q	S	T	A	V	L	I	F	Y	W	H	M	C	P
0	0.00378	0.00319	0.00327	0.00325	0.00428	0.00268	0.00244	0.00463	0.00731	0.00883	0.10162	0.02969	0.79866	0.00783	0.00371	0.00106	0.00158	0.00655	0.00296	0.00268
1	0.03048	0.01599	0.85005	0.00883	0.01340	0.00729	0.01139	0.00994	0.00660	0.01007	0.00561	0.00660	0.00397	0.00298	0.00296	0.00099	0.00459	0.00231	0.00134	0.00461
2	0.00383	0.00274	0.00365	0.00438	0.00456	0.00255	0.00292	0.00438	0.00602	0.00802	0.01733	0.88748	0.02079	0.00985	0.00401	0.00128	0.00182	0.00894	0.00292	0.00255
3	0.00652	0.00559	0.00652	0.00466	0.00745	0.00419	0.00372	0.00791	0.00652	0.01024	0.00559	0.00652	0.00466	0.00233	0.00233	0.00047	0.00233	0.00186	0.00186	0.90875
4	0.00383	0.00275	0.00363	0.00434	0.00455	0.00256	0.00290	0.00438	0.00605	0.00804	0.01773	0.86345	0.04455	0.00980	0.00400	0.00127	0.00182	0.00887	0.00292	0.00256
5	0.00635	0.00561	0.00840	0.01144	0.39431	0.00570	0.00641	0.00894	0.14360	0.01016	0.04752	0.21878	0.04743	0.00548	0.00348	0.00108	0.00284	0.06602	0.00237	0.00408
6	0.01174	0.01498	0.00891	0.00810	0.00972	0.87691	0.00607	0.01255	0.00891	0.00769	0.00486	0.00567	0.00405	0.00324	0.00283	0.00081	0.00567	0.00202	0.00162	0.00364
7	0.00652	0.00559	0.00652	0.00466	0.00745	0.00419	0.00372	0.00791	0.00652	0.01024	0.00559	0.00652	0.00466	0.00233	0.00233	0.00047	0.00233	0.00186	0.00186	0.90875
8	0.00652	0.10531	0.78607	0.00859	0.01304	0.00782	0.01098	0.00990	0.00661	0.00969	0.00551	0.00647	0.00399	0.00296	0.00289	0.00096	0.00451	0.00226	0.00133	0.00458
9	0.00380	0.00284	0.00354	0.00409	0.00448	0.00258	0.00279	0.00441	0.00629	0.00814	0.02078	0.68357	0.22247	0.00940	0.00394	0.00123	0.00177	0.00839	0.00292	0.00258
10	0.00457	0.00305	0.00343	0.00343	0.00343	0.00305	0.00190	0.00457	0.00457	0.00609	0.00990	0.02057	0.01143	0.88953	0.01600	0.00305	0.00305	0.00457	0.00190	0.00190
11	0.00632	0.00684	0.05456	0.06500	0.09048	0.00632	0.37850	0.00859	0.04537	0.00951	0.00966	0.21999	0.00948	0.00490	0.00381	0.00112	0.02264	0.05108	0.00202	0.00382
12	0.00594	0.00559	0.00943	0.88197	0.02165	0.00698	0.00873	0.00803	0.00629	0.00803	0.00559	0.00838	0.00419	0.00314	0.00314	0.00105	0.00419	0.00279	0.00140	0.00349
13	0.00440	0.00321	0.00414	0.00391	0.00467	0.00295	0.00293	0.00585	0.00879	0.01236	0.81811	0.02389	0.07997	0.00652	0.00371	0.00099	0.00149	0.00574	0.00343	0.00295
14	0.91173	0.00608	0.00462	0.00413	0.00608	0.00705	0.00340	0.00924	0.00535	0.01410	0.00438	0.00511	0.00340	0.00292	0.00195	0.00097	0.00243	0.00170	0.00195	0.00340
15	0.00376	0.00319	0.00325	0.00323	0.00427	0.00267	0.00242	0.00460	0.00727	0.00874	0.08196	0.02985	0.81838	0.00787	0.00371	0.00106	0.00159	0.00658	0.00295	0.00267
16	0.00748	0.00689	0.00946	0.01192	0.39066	0.03683	0.02062	0.02616	0.25224	0.02532	0.01161	0.01206	0.12941	0.00412	0.00353	0.00101	0.04033	0.00355	0.00228	0.00454
17	0.00734	0.00580	0.00677	0.00489	0.00764	0.00461	0.00394	0.06857	0.00724	0.06022	0.00612	0.00683	0.00488	0.00252	0.00243	0.00053	0.00243	0.00201	0.00207	0.79317
18	0.00652	0.00559	0.00652	0.00466	0.00745	0.00419	0.00372	0.00791	0.00652	0.01024	0.00559	0.00652	0.00466	0.00233	0.00233	0.00047	0.00233	0.00186	0.00186	0.90875
19	0.00778	0.00745	0.01259	0.01891	0.84452	0.00748	0.00951	0.00985	0.03242	0.01035	0.00612	0.00790	0.00512	0.00284	0.00311	0.00094	0.00370	0.00282	0.00160	0.00498
20	0.91173	0.00608	0.00462	0.00413	0.00608	0.00705	0.00340	0.00924	0.00535	0.01410	0.00438	0.00511	0.00340	0.00292	0.00195	0.00097	0.00243	0.00170	0.00195	0.00340
21	0.00510	0.00308	0.00361	0.00348	0.00422	0.00295	0.00261	0.00658	0.00783	0.01219	0.47102	0.01803	0.01966	0.00515	0.00301	0.00087	0.00147	0.00441	0.42178	0.00295
22	0.00383	0.00274	0.00365	0.00438	0.00456	0.00255	0.00292	0.00438	0.00602	0.00802	0.01733	0.88748	0.02079	0.00985	0.00401	0.00128	0.00182	0.00894	0.00292	0.00255
23	0.00383	0.00274	0.00365	0.00438	0.00456	0.00255	0.00292	0.00438	0.00602	0.00802	0.01733	0.88748	0.02079	0.00985	0.00401	0.00128	0.00182	0.00894	0.00292	0.00255
24	0.00450	0.00334	0.00494	0.00494	0.00546	0.00387	0.00378	0.00554	0.00502	0.00721	0.00853	0.01294	0.00811	0.08573	0.81527	0.00491	0.00803	0.00345	0.00170	0.00274
25	0.91173	0.00608	0.00462	0.00413	0.00608	0.00705	0.00340	0.00924	0.00535	0.01410	0.00438	0.00511	0.00340	0.00292	0.00195	0.00097	0.00243	0.00170	0.00195	0.00340
26	0.00672	0.00558	0.00654	0.00468	0.00746	0.00420	0.00375	0.00812	0.00659	0.03374	0.00577	0.00663	0.00474	0.00237	0.00235	0.00048	0.00234	0.00190	0.00192	0.88411
27	0.00652	0.00559	0.00652	0.00466	0.00745	0.00419	0.00372	0.00791	0.00652	0.01024	0.00559	0.00652	0.00466	0.00233	0.00233	0.00047	0.00233	0.00186	0.00186	0.90875

[dist]
# distance from previous block
# <min> <max>
0	2

[block]
# block no. 6 follows, 91 sequences, length 69
# corresponding to MSA columns:
# 289-357
name=unknown_G
#
# <colnr> <probs for GDERKNQSTAVLIFYWHMCP>
#	G	D	E	R	K	N	Q	S	T	A	V	L	I	F	Y	W	H	M	C	P
0	0.91173	0.00608	0.00462	0.00413	0.00608	0.00705	0.00340	0.00924	0.00535	0.01410	0.00438	0.00511	0.00340	0.00292	0.00195	0.00097	0.00243	0.00170	0.00195	0.00340
1	0.00782	0.00675	0.00711	0.00640	0.00817	0.00782	0.00498	0.01670	0.86424	0.01315	0.01279	0.01173	0.00960	0.00426	0.00320	0.00107	0.00249	0.00355	0.00320	0.00498
2	0.91173	0.00608	0.00462	0.00413	0.00608	0.00705	0.00340	0.00924	0.00535	0.01410	0.00438	0.00511	0.00340	0.00292	0.00195	0.00097	0.00243	0.00170	0.00195	0.00340
3	0.00778	0.00747	0.01276	0.01929	0.86992	0.00747	0.00965	0.00965	0.00716	0.01027	0.00591	0.00778	0.00498	0.00280	0.00311	0.00093	0.00373	0.00280	0.00156	0.00498
4	0.00782	0.00675	0.00711	0.00640	0.00817	0.00782	0.00498	0.01670	0.86424	0.01315	0.01279	0.01173	0.00960	0.00426	0.00320	0.00107	0.00249	0.00355	0.00320	0.00498
5	0.00383	0.00274	0.00365	0.00438	0.00456	0.00255	0.00292	0.00438	0.00602	0.00802	0.01733	0.88748	0.02079	0.00985	0.00401	0.00128	0.00182	0.00894	0.00292	0.00255
6	0.00382	0.00276	0.00362	0.00430	0.00454	0.00256	0.00288	0.00439	0.00609	0.00805	0.01825	0.83262	0.07505	0.00973	0.00399	0.00126	0.00181	0.00879	0.00292	0.00256
7	0.01410	0.00535	0.00729	0.00559	0.00802	0.00462	0.00462	0.01532	0.00900	0.87210	0.01240	0.01070	0.00778	0.00389	0.00316	0.00097	0.00267	0.00316	0.00389	0.00535
8	0.00633	0.00599	0.01014	0.69856	0.20200	0.00709	0.00892	0.00837	0.00647	0.00851	0.00566	0.00825	0.00436	0.00307	0.00314	0.00102	0.00409	0.00280	0.00143	0.00381
9	0.01362	0.00525	0.00710	0.00548	0.00785	0.00453	0.00452	0.01481	0.00891	0.83153	0.01331	0.01162	0.04822	0.00408	0.00319	0.00098	0.00262	0.00332	0.00384	0.00522
10	0.00444	0.00321	0.00419	0.00394	0.00469	0.00296	0.00296	0.00591	0.00887	0.01254	0.85537	0.02358	0.04259	0.00645	0.00371	0.00099	0.00148	0.00570	0.00345	0.00296
11	0.01407	0.00540	0.00733	0.00562	0.00805	0.00470	0.00464	0.02792	0.00908	0.85938	0.01233	0.01065	0.00774	0.00389	0.00316	0.00097	0.00269	0.00316	0.00388	0.00535
12	0.01260	0.00785	0.00878	0.00675	0.00923	0.02103	0.00557	0.59203	0.01295	0.27698	0.00897	0.00847	0.00606	0.00380	0.00314	0.00095	0.00325	0.00292	0.00335	0.00532
13	0.01787	0.00792	0.01251	0.00955	0.01205	0.02018	0.38280	0.13602	0.34080	0.01269	0.00899	0.00953	0.00670	0.00345	0.00340	0.00104	0.00392	0.00348	0.00244	0.00467
14	0.00401	0.00297	0.00379	0.00438	0.00482	0.00275	0.00317	0.00476	0.00645	0.00835	0.02007	0.57769	0.18717	0.00928	0.00401	0.00126	0.00196	0.14758	0.00291	0.00263
15	0.18746	0.51699	0.13900	0.00604	0.00882	0.02402	0.03504	0.02208	0.00639	0.00938	0.00468	0.00548	0.00395	0.00285	0.00236	0.00081	0.01726	0.00189	0.00150	0.00401
16	0.00951	0.00489	0.00590	0.00499	0.00667	0.00481	0.00396	0.02426	0.20105	0.35975	0.13270	0.01291	0.01130	0.00428	0.00304	0.00094	0.00221	0.00355	0.19885	0.00441
17	0.01149	0.01445	0.00879	0.00799	0.00962	0.82130	0.00600	0.01282	0.06364	0.00804	0.00537	0.00606	0.00440	0.00330	0.00286	0.00083	0.00547	0.00212	0.00172	0.00373
18	0.00455	0.00304	0.00343	0.00345	0.00346	0.00303	0.00193	0.00457	0.00461	0.00614	0.01009	0.04283	0.01167	0.86694	0.01569	0.00300	0.00302	0.00468	0.00193	0.00192
19	0.00381	0.00282	0.00356	0.00415	0.00450	0.00257	0.00282	0.00440	0.00623	0.00811	0.02006	0.72570	0.18080	0.00949	0.00396	0.00124	0.00178	0.00850	0.00292	0.00257
20	0.00706	0.00651	0.01078	0.07150	0.65211	0.00660	0.00813	0.00859	0.00661	0.00934	0.00665	0.01023	0.00615	0.17017	0.00555	0.00134	0.00363	0.00313	0.00161	0.00430
21	0.00586	0.00427	0.00519	0.00457	0.00565	0.00425	0.00353	0.16701	0.01001	0.01397	0.70582	0.02047	0.02507	0.00593	0.00360	0.00098	0.00186	0.00515	0.00340	0.00342
22	0.00484	0.00366	0.00464	0.00409	0.00522	0.00320	0.00311	0.00631	0.00845	0.01216	0.70545	0.02028	0.02494	0.00565	0.00345	0.00089	0.00164	0.00496	0.00316	0.17391
23	0.01197	0.00778	0.00861	0.00665	0.00903	0.00834	0.00548	0.64560	0.01316	0.18014	0.00864	0.00841	0.00598	0.00379	0.00309	0.00094	0.00318	0.00290	0.06112	0.00519
24	0.01195	0.00880	0.00943	0.00723	0.00975	0.00975	0.00597	0.85944	0.01478	0.01981	0.00755	0.00755	0.00535	0.00377	0.00314	0.00094	0.00346	0.00283	0.00314	0.00535
25	0.13601	0.00603	0.00729	0.00567	0.00805	0.00582	0.00468	0.15718	0.00948	0.61116	0.01049	0.00940	0.00677	0.00374	0.00299	0.00097	0.00277	0.00291	0.00350	0.00508
26	0.00373	0.00313	0.00324	0.00332	0.00428	0.00264	0.00245	0.00450	0.00704	0.00844	0.03023	0.12538	0.77456	0.00817	0.00375	0.00109	0.00162	0.00689	0.00292	0.00264
27	0.00437	0.00321	0.00409	0.00387	0.00465	0.00293	0.00290	0.00577	0.00871	0.01215	0.77544	0.02423	0.12276	0.00660	0.00371	0.00100	0.00150	0.00579	0.00340	0.00293
28	0.00817	0.79430	0.11155	0.00578	0.00868	0.01187	0.00607	0.00947	0.00641	0.00768	0.00451	0.00522	0.00403	0.00272	0.00212	0.00071	0.00350	0.00175	0.00134	0.00410
29	0.00778	0.00747	0.01276	0.01929	0.86992	0.00747	0.00965	0.00965	0.00716	0.01027	0.00591	0.00778	0.00498	0.00280	0.00311	0.00093	0.00373	0.00280	0.00156	0.00498
30	0.00449	0.00337	0.00505	0.00505	0.00561	0.00393	0.00393	0.00561	0.00505	0.00730	0.00842	0.01235	0.00786	0.02357	0.87707	0.00505	0.00842	0.00337	0.00168	0.00281
31	0.00372	0.00318	0.00318	0.00318	0.00425	0.00265	0.00239	0.00451	0.00716	0.00849	0.03184	0.03025	0.86865	0.00796	0.00372	0.00106	0.00159	0.00663	0.00292	0.00265
32	0.91173	0.00608	0.00462	0.00413	0.00608	0.00705	0.00340	0.00924	0.00535	0.01410	0.00438	0.00511	0.00340	0.00292	0.00195	0.00097	0.00243	0.00170	0.00195	0.00340
33	0.00630	0.01626	0.87324	0.00896	0.01360	0.00730	0.01161	0.00995	0.00664	0.00995	0.00564	0.00664	0.00398	0.00299	0.00299	0.00100	0.00465	0.00232	0.00133	0.00465
34	0.01195	0.00880	0.00943	0.00723	0.00975	0.00975	0.00597	0.85944	0.01478	0.01981	0.00755	0.00755	0.00535	0.00377	0.00314	0.00094	0.00346	0.00283	0.00314	0.00535
35	0.01386	0.00573	0.00753	0.00577	0.00822	0.00519	0.00477	0.10899	0.00964	0.77752	0.01186	0.01035	0.00751	0.00388	0.00316	0.00097	0.00276	0.00312	0.00381	0.00535
36	0.00593	0.00549	0.00919	0.84943	0.02098	0.00683	0.00849	0.00801	0.00630	0.00817	0.00576	0.00850	0.00433	0.00316	0.00311	0.00104	0.00409	0.00280	0.03493	0.00347
37	0.00402	0.00295	0.00382	0.00441	0.00481	0.00274	0.00317	0.00478	0.00647	0.00848	0.05380	0.60976	0.13501	0.00928	0.00401	0.00126	0.00194	0.13372	0.00294	0.00263
38	0.00374	0.00319	0.00321	0.00321	0.00426	0.00266	0.00241	0.00455	0.00722	0.00861	0.05689	0.03005	0.84353	0.00791	0.00371	0.00106	0.00159	0.00661	0.00294	0.00266
39	0.00594	0.00559	0.00943	0.88197	0.02165	0.00698	0.00873	0.00803	0.00629	0.00803	0.00559	0.00838	0.00419	0.00314	0.00314	0.00105	0.00419	0.00279	0.00140	0.00349
40	0.00630	0.01626	0.87324	0.00896	0.01360	0.00730	0.01161	0.00995	0.00664	0.00995	0.00564	0.00664	0.00398	0.00299	0.00299	0.00100	0.00465	0.00232	0.00133	0.00465
41	0.00507	0.00362	0.00507	0.00579	0.00651	0.00362	0.00507	0.00651	0.00724	0.00941	0.01664	0.03546	0.01809	0.00868	0.00434	0.00145	0.00289	0.84876	0.00289	0.00289
42	0.00457	0.00305	0.00343	0.00343	0.00343	0.00305	0.00190	0.00457	0.00457	0.00609	0.00990	0.02057	0.01143	0.88953	0.01600	0.00305	0.00305	0.00457	0.00190	0.00190
43	0.26861	0.00900	0.00715	0.00609	0.00810	0.31020	0.00481	0.03243	0.00806	0.30598	0.00737	0.00728	0.00517	0.00338	0.00270	0.00092	0.00367	0.00234	0.00253	0.00420
44	0.00449	0.00336	0.00501	0.00501	0.00556	0.00391	0.00388	0.00559	0.00504	0.00727	0.00846	0.01255	0.00794	0.04425	0.85651	0.00500	0.00829	0.00340	0.00169	0.00279
45	0.06210	0.00539	0.00715	0.00551	0.00792	0.00475	0.00455	0.01499	0.00880	0.82622	0.01197	0.01040	0.00755	0.00384	0.00310	0.00097	0.00266	0.00308	0.00379	0.00525
46	0.00676	0.00643	0.01092	0.49565	0.40152	0.00720	0.00914	0.00875	0.00668	0.00903	0.00573	0.00811	0.00454	0.00299	0.00313	0.00100	0.00399	0.00280	0.00147	0.00416
47	0.00771	0.45950	0.34250	0.04804	0.01093	0.01005	0.00795	0.06395	0.00701	0.00920	0.00512	0.00597	0.00411	0.00289	0.00251	0.00083	0.00390	0.00205	0.00146	0.00433
48	0.00698	0.00694	0.00998	0.00948	0.10387	0.00939	0.00718	0.00780	0.00507	0.00786	0.00432	0.00698	0.00422	0.00520	0.00952	0.00133	0.78612	0.00276	0.00140	0.00361
49	0.00774	0.01160	0.40211	0.01037	0.01412	0.00725	0.37144	0.01067	0.00726	0.11664	0.00678	0.00792	0.00479	0.00295	0.00332	0.00102	0.00468	0.00302	0.00176	0.00456
50	0.00652	0.00559	0.00652	0.00466	0.00745	0.00419	0.00372	0.00791	0.00652	0.01024	0.00559	0.00652	0.00466	0.00233	0.00233	0.00047	0.00233	0.00186	0.00186	0.90875
51	0.00586	0.00293	0.00293	0.00293	0.00366	0.00293	0.00220	0.00732	0.00659	0.01172	0.01025	0.01172	0.00806	0.00366	0.00220	0.00073	0.00146	0.00293	0.90698	0.00293
52	0.00377	0.00319	0.00326	0.00324	0.00428	0.00268	0.00243	0.00462	0.00730	0.00881	0.09571	0.02973	0.80459	0.00784	0.00371	0.00106	0.00158	0.00656	0.00296	0.00268
53	0.00375	0.00319	0.00323	0.00322	0.00427	0.00267	0.00242	0.00458	0.00725	0.00869	0.07220	0.02992	0.82817	0.00789	0.00371	0.00106	0.00159	0.00659	0.00295	0.00267
54	0.00457	0.00305	0.00343	0.00343	0.00343	0.00305	0.00190	0.00457	0.00457	0.00609	0.00990	0.02057	0.01143	0.88953	0.01600	0.00305	0.00305	0.00457	0.00190	0.00190
55	0.00507	0.00362	0.00507	0.00579	0.00651	0.00362	0.00507	0.00651	0.00724	0.00941	0.01664	0.03546	0.01809	0.00868	0.00434	0.00145	0.00289	0.84876	0.00289	0.00289
56	0.00840	0.89142	0.01647	0.00538	0.00807	0.01244	0.00538	0.00941	0.00639	0.00740	0.00437	0.00504	0.00403	0.00269	0.00202	0.00067	0.00336	0.00168	0.00134	0.00403
57	0.00630	0.01626	0.87324	0.00896	0.01360	0.00730	0.01161	0.00995	0.00664	0.00995	0.00564	0.00664	0.00398	0.00299	0.00299	0.00100	0.00465	0.00232	0.00133	0.00465
58	0.00386	0.00319	0.00339	0.00334	0.00434	0.00272	0.00250	0.00480	0.00751	0.00932	0.20069	0.02888	0.69928	0.00765	0.00371	0.00105	0.00157	0.00644	0.00303	0.00272
59	0.00849	0.86891	0.01628	0.00545	0.00811	0.03464	0.00540	0.00949	0.00645	0.00740	0.00438	0.00506	0.00403	0.00270	0.00204	0.00068	0.00342	0.00169	0.00135	0.00402
60	0.01410	0.00535	0.00729	0.00559	0.00802	0.00462	0.00462	0.01532	0.00900	0.87210	0.01240	0.01070	0.00778	0.00389	0.00316	0.00097	0.00267	0.00316	0.00389	0.00535
61	0.00372	0.00318	0.00318	0.00318	0.00425	0.00265	0.00239	0.00451	0.00716	0.00849	0.03184	0.03025	0.86865	0.00796	0.00372	0.00106	0.00159	0.00663	0.00292	0.00265
62	0.86332	0.00662	0.05106	0.00439	0.00648	0.00706	0.00384	0.00928	0.00542	0.01388	0.00444	0.00519	0.00344	0.00292	0.00200	0.00097	0.00255	0.00174	0.00191	0.00347
63	0.86344	0.05342	0.00525	0.00420	0.00619	0.00734	0.00351	0.00925	0.00540	0.01374	0.00438	0.00510	0.00344	0.00291	0.00195	0.00096	0.00248	0.00170	0.00191	0.00344
64	0.00607	0.00566	0.00948	0.73927	0.11481	0.00683	0.00847	0.00803	0.00629	0.00818	0.00585	0.00897	0.00466	0.05050	0.00383	0.00114	0.00408	0.00289	0.00144	0.00357
65	0.00582	0.00543	0.00912	0.83505	0.02074	0.00675	0.00842	0.00784	0.00627	0.00803	0.00621	0.05538	0.00508	0.00350	0.00319	0.00106	0.00406	0.00312	0.00148	0.00344
66	0.00556	0.00392	0.00459	0.00470	0.05046	0.00403	0.00277	0.09971	0.00584	0.00784	0.00943	0.01844	0.01041	0.74383	0.01388	0.00270	0.00313	0.00428	0.00202	0.00245
