[name]
unknown

[dist]
# distance from previous block
# <min> <max>
19	155

[block]
# block no. 0 follows, 70 sequences, length 9
# corresponding to MSA columns:
# 657-660,662-666
name=unknown_A
#
# <colnr> <probs for GDERKNQSTAVLIFYWHMCP>
#	G	D	E	R	K	N	Q	S	T	A	V	L	I	F	Y	W	H	M	C	P
0	0.00869	0.00810	0.01218	0.36569	0.31302	0.06238	0.01000	0.01094	0.00877	0.03604	0.07657	0.01314	0.00908	0.00443	0.00397	0.00124	0.00467	0.04394	0.00220	0.00495
1	0.00953	0.03003	0.22476	0.01091	0.16160	0.00763	0.02391	0.05268	0.04618	0.10992	0.03030	0.05545	0.01987	0.00434	0.00367	0.00108	0.00407	0.00369	0.00262	0.19776
2	0.00568	0.00405	0.00500	0.07476	0.00653	0.00412	0.00344	0.00620	0.00663	0.00877	0.06773	0.07829	0.06515	0.58922	0.01487	0.00301	0.00354	0.04760	0.00264	0.00276
3	0.01118	0.70157	0.01854	0.00723	0.01035	0.13229	0.00679	0.05533	0.00886	0.00998	0.00568	0.00649	0.00506	0.00348	0.00270	0.00087	0.00455	0.00221	0.00182	0.00499
4	0.00739	0.00472	0.00570	0.00509	0.00596	0.00448	0.00344	0.00781	0.00664	0.09248	0.01135	0.02053	0.01181	0.53989	0.01454	0.04825	0.03562	0.02679	0.00256	0.14495
5	0.04841	0.03207	0.03478	0.02337	0.06169	0.03066	0.00748	0.54815	0.06030	0.07973	0.00981	0.02910	0.00726	0.00466	0.00380	0.00118	0.00417	0.00361	0.00356	0.00621
6	0.01094	0.00989	0.08196	0.12587	0.34446	0.03398	0.04483	0.10189	0.06329	0.13099	0.00910	0.01033	0.00677	0.00397	0.00387	0.00120	0.00460	0.00355	0.00263	0.00589
7	0.00804	0.00584	0.00829	0.00733	0.00817	0.00691	0.03428	0.02613	0.00708	0.09920	0.00978	0.01421	0.00885	0.12792	0.32077	0.00352	0.23384	0.00408	0.06175	0.00400
8	0.07094	0.03310	0.01010	0.00861	0.05138	0.14860	0.00653	0.15349	0.11600	0.04566	0.02729	0.00986	0.00738	0.02057	0.00471	0.00113	0.09266	0.00319	0.00278	0.18603

[dist]
# distance from previous block
# <min> <max>
0	3

[block]
# block no. 1 follows, 70 sequences, length 22
# corresponding to MSA columns:
# 670-691
name=unknown_B
#
# <colnr> <probs for GDERKNQSTAVLIFYWHMCP>
#	G	D	E	R	K	N	Q	S	T	A	V	L	I	F	Y	W	H	M	C	P
0	0.00857	0.00761	0.01106	0.18728	0.26543	0.00833	0.02345	0.02494	0.24298	0.01297	0.01179	0.03117	0.03138	0.04103	0.00462	0.00137	0.00401	0.03892	0.03786	0.00524
1	0.00738	0.00700	0.01196	0.82936	0.02651	0.00865	0.03514	0.00998	0.00779	0.00998	0.00692	0.01034	0.00519	0.00386	0.00390	0.00129	0.00521	0.00348	0.00173	0.00433
2	0.00758	0.00696	0.01048	0.08752	0.16626	0.00836	0.02940	0.00877	0.00684	0.00980	0.00895	0.10082	0.00929	0.16629	0.04081	0.00208	0.31889	0.00468	0.00208	0.00414
3	0.00494	0.00394	0.00443	0.00431	0.00546	0.00343	0.00323	0.00626	0.00969	0.01250	0.35787	0.03398	0.51814	0.00906	0.00458	0.00127	0.00191	0.00771	0.00387	0.00343
4	0.01535	0.00609	0.00828	0.00664	0.00920	0.00530	0.00536	0.01675	0.01060	0.70646	0.04024	0.12729	0.01254	0.00587	0.00406	0.00125	0.00312	0.00494	0.00462	0.00605
5	0.00480	0.00345	0.00443	0.00518	0.00547	0.00321	0.00344	0.00543	0.00736	0.00972	0.02183	0.72511	0.08360	0.08967	0.00627	0.00175	0.00237	0.01032	0.00348	0.00308
6	0.00856	0.00821	0.01421	0.28311	0.43071	0.00879	0.07789	0.01095	0.00844	0.01160	0.00814	0.01243	0.00700	0.00421	0.00427	0.00127	0.02854	0.06443	0.00198	0.00524
7	0.00521	0.00373	0.00426	0.00442	0.00481	0.00352	0.00280	0.00566	0.00699	0.00907	0.06204	0.19080	0.20752	0.45788	0.01260	0.00264	0.00295	0.00734	0.00298	0.00278
8	0.01358	0.00650	0.00822	0.00673	0.00905	0.00617	0.00540	0.13697	0.02549	0.47666	0.02705	0.08990	0.03474	0.05488	0.02561	0.00151	0.00346	0.03506	0.02738	0.00564
9	0.00554	0.00415	0.00623	0.00623	0.00692	0.00485	0.00485	0.00692	0.00623	0.00900	0.01038	0.01523	0.00969	0.02908	0.84839	0.00623	0.01038	0.00415	0.00208	0.00346
10	0.00560	0.03838	0.00611	0.00587	0.00652	0.00429	0.03481	0.03018	0.00794	0.01054	0.06074	0.58947	0.04303	0.09175	0.00620	0.00172	0.00272	0.04738	0.00338	0.00337
11	0.89114	0.00750	0.00570	0.00510	0.00750	0.00870	0.00420	0.01140	0.00660	0.01739	0.00540	0.00630	0.00420	0.00360	0.00240	0.00120	0.00300	0.00210	0.00240	0.00420
12	0.02773	0.00541	0.03936	0.00835	0.10487	0.00493	0.06302	0.00734	0.00618	0.04159	0.00720	0.01123	0.00659	0.01063	0.01190	0.63169	0.00381	0.00344	0.00187	0.00286
13	0.16018	0.23254	0.12122	0.10172	0.02608	0.18390	0.01746	0.02763	0.00867	0.04497	0.00702	0.03978	0.00588	0.00403	0.00321	0.00109	0.00479	0.00291	0.00211	0.00482
14	0.00583	0.00457	0.00676	0.00662	0.00726	0.00550	0.00522	0.00718	0.00627	0.00910	0.01014	0.01531	0.00958	0.02652	0.74850	0.00569	0.08986	0.02447	0.00208	0.00354
15	0.09181	0.06081	0.01451	0.01124	0.02998	0.30434	0.24801	0.04550	0.00958	0.03318	0.00759	0.00911	0.02612	0.00416	0.00461	0.00119	0.08791	0.00337	0.00216	0.00483
16	0.89114	0.00750	0.00570	0.00510	0.00750	0.00870	0.00420	0.01140	0.00660	0.01739	0.00540	0.00630	0.00420	0.00360	0.00240	0.00120	0.00300	0.00210	0.00240	0.00420
17	0.00520	0.00362	0.00453	0.00495	0.00512	0.00357	0.00315	0.00564	0.00652	0.00875	0.01630	0.41209	0.01905	0.39399	0.08717	0.00297	0.00365	0.00800	0.00290	0.00282
18	0.01346	0.00933	0.18444	0.00754	0.01077	0.02704	0.00725	0.01563	0.01046	0.51950	0.13967	0.01441	0.01264	0.00502	0.00395	0.00120	0.00368	0.00412	0.00398	0.00591
19	0.00897	0.00731	0.04012	0.00760	0.00923	0.00754	0.05203	0.18035	0.04619	0.05698	0.14935	0.04887	0.06621	0.07396	0.04152	0.03511	0.12894	0.01667	0.01851	0.00455
20	0.00967	0.01000	0.02089	0.01511	0.01861	0.00970	0.69310	0.01260	0.00900	0.07088	0.00812	0.01047	0.00607	0.00370	0.00527	0.00133	0.08368	0.00442	0.00214	0.00524
21	0.02265	0.05541	0.29978	0.04889	0.09440	0.10779	0.04556	0.02298	0.04066	0.06506	0.00835	0.04164	0.00668	0.00468	0.02465	0.00125	0.00506	0.00335	0.00221	0.09895

[dist]
# distance from previous block
# <min> <max>
3	11

[block]
# block no. 2 follows, 70 sequences, length 12
# corresponding to MSA columns:
# 707-710,733-740
name=unknown_C
#
# <colnr> <probs for GDERKNQSTAVLIFYWHMCP>
#	G	D	E	R	K	N	Q	S	T	A	V	L	I	F	Y	W	H	M	C	P
0	0.03161	0.03805	0.03025	0.05132	0.05295	0.18703	0.00643	0.02612	0.03025	0.02959	0.00703	0.00822	0.00572	0.00351	0.00349	0.00085	0.03206	0.00260	0.00225	0.45065
1	0.01017	0.00840	0.00892	0.00791	0.01017	0.00963	0.00618	0.06156	0.76254	0.04539	0.01543	0.01416	0.01149	0.00521	0.00394	0.00130	0.00314	0.00432	0.00397	0.00618
2	0.00497	0.00394	0.00447	0.00434	0.00548	0.00344	0.00325	0.00632	0.00976	0.01266	0.38413	0.03370	0.49177	0.00900	0.00458	0.00127	0.00191	0.00768	0.00389	0.00344
3	0.00778	0.02005	0.84367	0.01105	0.01678	0.00900	0.01432	0.01228	0.00818	0.01228	0.00696	0.00818	0.00491	0.00368	0.00368	0.00123	0.00573	0.00286	0.00164	0.00573
4	0.21466	0.02949	0.35687	0.00863	0.01214	0.04070	0.00926	0.03877	0.00816	0.09397	0.00748	0.00890	0.00568	0.02614	0.03552	0.00149	0.09181	0.00295	0.00225	0.00511
5	0.00810	0.01154	0.27306	0.05559	0.13435	0.03579	0.00974	0.01193	0.12040	0.01237	0.08234	0.02943	0.02492	0.00625	0.04205	0.00152	0.09782	0.03527	0.00241	0.00511
6	0.00489	0.00365	0.00453	0.00512	0.00570	0.00334	0.00363	0.00576	0.00798	0.01032	0.05633	0.51886	0.22957	0.04229	0.00542	0.00159	0.00233	0.08192	0.00358	0.00321
7	0.00577	0.00376	0.00487	0.04217	0.00590	0.00376	0.00340	0.00572	0.00623	0.00821	0.01408	0.19472	0.05185	0.37312	0.01364	0.21709	0.00333	0.03735	0.00252	0.00253
8	0.00949	0.07216	0.33063	0.07779	0.25463	0.08255	0.06153	0.01249	0.00873	0.04390	0.00724	0.00885	0.00554	0.00365	0.00371	0.00117	0.00532	0.00314	0.00190	0.00559
9	0.01698	0.00669	0.00898	0.00695	0.00991	0.00591	0.00572	0.01898	0.05511	0.79799	0.01532	0.01326	0.00972	0.00482	0.00390	0.00121	0.00329	0.00392	0.00475	0.00657
10	0.00499	0.00355	0.00475	0.00562	0.00594	0.00337	0.00396	0.00581	0.00759	0.01007	0.02092	0.70821	0.02473	0.04178	0.00553	0.00168	0.00250	0.13228	0.00355	0.00318
11	0.01918	0.00857	0.04332	0.06798	0.11329	0.11579	0.02088	0.03097	0.12485	0.09261	0.08223	0.06858	0.08394	0.00664	0.02954	0.00141	0.01498	0.04620	0.02418	0.00487

[dist]
# distance from previous block
# <min> <max>
0	20

[block]
# block no. 3 follows, 70 sequences, length 8
# corresponding to MSA columns:
# 774-781
name=unknown_D
#
# <colnr> <probs for GDERKNQSTAVLIFYWHMCP>
#	G	D	E	R	K	N	Q	S	T	A	V	L	I	F	Y	W	H	M	C	P
0	0.00893	0.00873	0.04317	0.16056	0.50562	0.00861	0.05005	0.01174	0.05267	0.03179	0.00991	0.03195	0.05065	0.00420	0.00395	0.00121	0.00452	0.00398	0.00218	0.00556
1	0.01010	0.00646	0.00730	0.00640	0.00820	0.00688	0.00498	0.10099	0.29724	0.13481	0.07240	0.03812	0.01227	0.00603	0.00467	0.07519	0.00287	0.00434	0.19569	0.00507
2	0.00804	0.00712	0.01149	0.41753	0.25296	0.00819	0.00960	0.01029	0.00799	0.01140	0.00782	0.01067	0.00623	0.00407	0.00431	0.00122	0.06543	0.00347	0.14747	0.00471
3	0.07888	0.00383	0.00467	0.00537	0.00587	0.00372	0.00374	0.00608	0.00746	0.01058	0.02056	0.67035	0.06295	0.03902	0.00523	0.00161	0.00243	0.06095	0.00346	0.00324
4	0.00488	0.00388	0.00438	0.00439	0.00545	0.00338	0.00324	0.00610	0.00936	0.01201	0.28907	0.12347	0.49772	0.00947	0.00462	0.00131	0.00195	0.00812	0.00381	0.00338
5	0.00825	0.07637	0.27173	0.02625	0.05948	0.00751	0.03611	0.01106	0.04335	0.05413	0.07778	0.01285	0.00963	0.12330	0.00581	0.00143	0.00421	0.00365	0.00237	0.16473
6	0.01130	0.23090	0.07414	0.03421	0.03112	0.04893	0.04427	0.29420	0.01173	0.01556	0.00736	0.00819	0.00574	0.00378	0.00334	0.00098	0.00435	0.00287	0.00258	0.16445
7	0.00777	0.03200	0.05175	0.27119	0.02679	0.00692	0.02924	0.06213	0.03167	0.04403	0.03742	0.12869	0.06040	0.00671	0.00467	0.03972	0.00395	0.10400	0.00273	0.04824

[dist]
# distance from previous block
# <min> <max>
0	32

[block]
# block no. 4 follows, 70 sequences, length 30
# corresponding to MSA columns:
# 817-846
name=unknown_E
#
# <colnr> <probs for GDERKNQSTAVLIFYWHMCP>
#	G	D	E	R	K	N	Q	S	T	A	V	L	I	F	Y	W	H	M	C	P
0	0.02465	0.10810	0.29080	0.02278	0.06183	0.03984	0.24749	0.01253	0.04418	0.04667	0.00964	0.01086	0.05510	0.00400	0.00387	0.00120	0.00528	0.00371	0.00212	0.00534
1	0.19577	0.10425	0.06790	0.00904	0.09201	0.05488	0.02053	0.08646	0.23728	0.01523	0.03168	0.01027	0.00800	0.00426	0.00337	0.00116	0.00381	0.00328	0.02994	0.02089
2	0.00979	0.00612	0.00680	0.00582	0.00743	0.00647	0.00455	0.26767	0.01113	0.06038	0.03188	0.01426	0.03388	0.05181	0.06943	0.04924	0.00351	0.00394	0.35138	0.00453
3	0.12014	0.14320	0.09770	0.03810	0.08163	0.29834	0.06217	0.06032	0.00967	0.03437	0.00671	0.00786	0.00532	0.00378	0.00336	0.00108	0.00533	0.00278	0.01314	0.00500
4	0.00570	0.00395	0.00553	0.00553	0.00595	0.00437	0.00398	0.00635	0.00593	0.00833	0.01049	0.01770	0.01060	0.26265	0.52190	0.10372	0.00773	0.00448	0.00211	0.00295
5	0.01212	0.01104	0.05956	0.00950	0.01163	0.06701	0.00811	0.43432	0.03709	0.01755	0.00776	0.00897	0.00605	0.00527	0.00674	0.00134	0.28403	0.00338	0.00291	0.00562
6	0.00788	0.00746	0.01264	0.65023	0.22654	0.00876	0.01104	0.01040	0.00802	0.01058	0.00699	0.01015	0.00541	0.00377	0.00387	0.00126	0.00503	0.00345	0.00177	0.00476
7	0.00824	0.00408	0.00429	0.00404	0.00517	0.00405	0.00309	0.03727	0.00869	0.07701	0.01273	0.01419	0.00980	0.00454	0.00284	0.00093	0.00200	0.00363	0.78946	0.00394
8	0.89114	0.00750	0.00570	0.00510	0.00750	0.00870	0.00420	0.01140	0.00660	0.01739	0.00540	0.00630	0.00420	0.00360	0.00240	0.00120	0.00300	0.00210	0.00240	0.00420
9	0.00732	0.00689	0.01163	0.85444	0.02670	0.00861	0.01077	0.00991	0.00775	0.00991	0.00689	0.01034	0.00517	0.00388	0.00388	0.00129	0.00517	0.00345	0.00172	0.00431
10	0.00964	0.00833	0.00877	0.00789	0.01008	0.00964	0.00614	0.02060	0.83257	0.01622	0.01578	0.01446	0.01183	0.00526	0.00394	0.00131	0.00307	0.00438	0.00394	0.00614
11	0.01036	0.86609	0.02032	0.00663	0.00995	0.01534	0.00663	0.01161	0.00788	0.00912	0.00539	0.00622	0.00498	0.00332	0.00249	0.00083	0.00415	0.00207	0.00166	0.00498
12	0.00931	0.00854	0.01447	0.23001	0.60717	0.00894	0.01139	0.01165	0.00864	0.04198	0.00748	0.00991	0.00602	0.00361	0.00385	0.00119	0.00470	0.00347	0.00197	0.00570
13	0.86367	0.00789	0.03176	0.00528	0.00779	0.00871	0.00451	0.01142	0.00665	0.01723	0.00545	0.00636	0.00422	0.00360	0.00244	0.00120	0.00308	0.00212	0.00238	0.00425
14	0.00549	0.00396	0.00518	0.00488	0.00579	0.00366	0.00366	0.00732	0.01097	0.01555	0.83752	0.02896	0.03658	0.00793	0.00457	0.00122	0.00183	0.00701	0.00427	0.00366
15	0.01474	0.01086	0.01163	0.00892	0.01202	0.01202	0.00737	0.82664	0.01823	0.02443	0.00931	0.00931	0.00659	0.00465	0.00388	0.00116	0.00427	0.00349	0.00388	0.00659
16	0.07457	0.00685	0.00890	0.00687	0.00984	0.00618	0.00568	0.05541	0.01113	0.75069	0.01437	0.01256	0.00911	0.00471	0.00380	0.00120	0.00332	0.00376	0.00460	0.00644
17	0.00711	0.00419	0.00516	0.00512	0.00565	0.00406	0.00349	0.00764	0.00699	0.11131	0.01468	0.09552	0.01581	0.55082	0.01426	0.00295	0.00355	0.13562	0.00295	0.00313
18	0.48980	0.00983	0.00844	0.00857	0.10547	0.15859	0.00602	0.09012	0.00880	0.01579	0.00640	0.00749	0.00506	0.00387	0.00316	0.00115	0.02433	0.00256	0.03985	0.00468
19	0.00915	0.01046	0.02288	0.01634	0.02026	0.00980	0.82549	0.01242	0.00915	0.01242	0.00784	0.01046	0.00588	0.00327	0.00458	0.00131	0.00654	0.00458	0.00196	0.00523
20	0.00599	0.00434	0.00547	0.00510	0.00617	0.00413	0.00385	0.00845	0.07241	0.03134	0.72345	0.02795	0.07099	0.00775	0.00451	0.00123	0.00196	0.00681	0.00422	0.00388
21	0.00622	0.00424	0.00472	0.00443	0.00587	0.00362	0.00338	0.00740	0.00945	0.10808	0.16835	0.03312	0.60924	0.00892	0.00450	0.00128	0.00210	0.00749	0.00385	0.00372
22	0.17963	0.00948	0.01000	0.00786	0.01077	0.01035	0.00647	0.51802	0.05085	0.14413	0.00975	0.00955	0.00682	0.00450	0.00361	0.00118	0.00383	0.00333	0.00374	0.00612
23	0.00480	0.00360	0.00443	0.00499	0.00556	0.00327	0.00347	0.00564	0.00799	0.01034	0.07185	0.54278	0.24248	0.03890	0.00532	0.00156	0.00224	0.03399	0.00360	0.00320
24	0.00876	0.30893	0.03215	0.19105	0.03361	0.06057	0.00704	0.03182	0.02063	0.00992	0.03366	0.03850	0.05190	0.00592	0.00528	0.13642	0.01408	0.00350	0.00204	0.00421
25	0.00611	0.00399	0.00528	0.00524	0.00609	0.00367	0.00386	0.00757	0.00986	0.07146	0.51309	0.27621	0.03102	0.00905	0.00466	0.00134	0.00211	0.03159	0.00409	0.00371
26	0.00747	0.00701	0.01163	0.80043	0.04800	0.00867	0.01062	0.01036	0.03857	0.01022	0.00723	0.01047	0.00544	0.00392	0.00388	0.00129	0.00507	0.00348	0.00181	0.00442
27	0.01425	0.01053	0.01127	0.00873	0.01173	0.01168	0.00718	0.75820	0.06772	0.02370	0.00978	0.00974	0.00699	0.00469	0.00385	0.00117	0.00414	0.00355	0.02461	0.00650
28	0.01214	0.01271	0.03653	0.03455	0.14001	0.33247	0.07332	0.07956	0.07560	0.08081	0.00880	0.04427	0.00715	0.00451	0.00419	0.00117	0.04081	0.00358	0.00255	0.00524
29	0.04100	0.00641	0.05340	0.12079	0.13705	0.00608	0.04477	0.00850	0.01709	0.01110	0.03031	0.29873	0.03245	0.08648	0.00590	0.00157	0.03009	0.00636	0.05786	0.00407

[dist]
# distance from previous block
# <min> <max>
0	78

[block]
# block no. 5 follows, 70 sequences, length 28
# corresponding to MSA columns:
# 936-963
name=unknown_F
#
# <colnr> <probs for GDERKNQSTAVLIFYWHMCP>
#	G	D	E	R	K	N	Q	S	T	A	V	L	I	F	Y	W	H	M	C	P
0	0.02833	0.19840	0.03346	0.01681	0.02085	0.02637	0.01537	0.08354	0.02961	0.14282	0.04723	0.08428	0.14876	0.00683	0.03569	0.00133	0.00365	0.01715	0.02065	0.03886
1	0.05725	0.10066	0.10509	0.02875	0.06901	0.00904	0.01719	0.11722	0.13891	0.18388	0.03731	0.01243	0.03257	0.00521	0.02008	0.00129	0.02854	0.01741	0.00318	0.01496
2	0.03547	0.14665	0.16009	0.07489	0.16208	0.06046	0.04989	0.09690	0.05451	0.02291	0.02606	0.02856	0.00719	0.02419	0.00409	0.00120	0.01523	0.00342	0.00229	0.02392
3	0.00778	0.02005	0.84367	0.01105	0.01678	0.00900	0.01432	0.01228	0.00818	0.01228	0.00696	0.00818	0.00491	0.00368	0.00368	0.00123	0.00573	0.00286	0.00164	0.00573
4	0.00477	0.00376	0.00439	0.00478	0.00551	0.00343	0.00337	0.00557	0.00800	0.01009	0.02915	0.42932	0.40718	0.03558	0.00539	0.00152	0.02212	0.00935	0.00352	0.00321
5	0.00904	0.19513	0.01404	0.10790	0.03279	0.06268	0.15293	0.01098	0.00835	0.01127	0.00703	0.02292	0.00591	0.00347	0.00341	0.00092	0.01339	0.00302	0.01971	0.31512
6	0.00554	0.00415	0.00623	0.00623	0.00692	0.00485	0.00485	0.00692	0.00623	0.00900	0.01038	0.01523	0.00969	0.02908	0.84839	0.00623	0.01038	0.00415	0.00208	0.00346
7	0.00689	0.00487	0.00566	0.00523	0.00648	0.00489	0.00400	0.00970	0.12041	0.04313	0.28660	0.05376	0.15973	0.00697	0.00441	0.00119	0.04267	0.00583	0.19023	0.03735
8	0.06484	0.04848	0.01334	0.04315	0.21495	0.04236	0.09652	0.10101	0.05532	0.06107	0.04106	0.01025	0.00743	0.00464	0.00560	0.00128	0.17731	0.00360	0.00248	0.00533
9	0.00513	0.00410	0.00467	0.00488	0.00599	0.00370	0.00379	0.00660	0.03274	0.01123	0.10228	0.12259	0.50749	0.00993	0.00475	0.00142	0.00231	0.15932	0.00366	0.00343
10	0.00471	0.00341	0.00446	0.00530	0.00560	0.00316	0.00355	0.00541	0.00752	0.00994	0.02257	0.80577	0.08031	0.01199	0.00492	0.00156	0.00223	0.01083	0.00360	0.00316
11	0.01448	0.01848	0.01099	0.00999	0.01199	0.84819	0.00749	0.01548	0.01099	0.00949	0.00599	0.00699	0.00499	0.00400	0.00350	0.00100	0.00699	0.00250	0.00200	0.00449
12	0.04439	0.00813	0.01340	0.46332	0.07865	0.00915	0.14498	0.10020	0.00930	0.05851	0.00770	0.01014	0.00571	0.00394	0.00415	0.00127	0.02626	0.00361	0.00221	0.00496
13	0.00623	0.00481	0.00548	0.00547	0.00641	0.04038	0.00402	0.03183	0.03370	0.03311	0.35711	0.28746	0.12763	0.00913	0.00461	0.00135	0.00239	0.03130	0.00385	0.00372
14	0.00476	0.00339	0.00449	0.00535	0.00557	0.00317	0.00355	0.00541	0.00735	0.00981	0.02102	0.82958	0.02520	0.04438	0.00551	0.00166	0.00231	0.01082	0.00355	0.00312
15	0.00804	0.00689	0.00804	0.00574	0.00919	0.00517	0.00459	0.00976	0.00804	0.01263	0.00689	0.00804	0.00574	0.00287	0.00287	0.00057	0.00287	0.00230	0.00230	0.88745
16	0.00986	0.08834	0.09538	0.04181	0.10065	0.06099	0.06312	0.09078	0.04482	0.04924	0.04261	0.00974	0.00737	0.00376	0.00347	0.00097	0.00417	0.00314	0.00248	0.27728
17	0.01082	0.57852	0.10485	0.00761	0.01099	0.07707	0.00752	0.07388	0.06054	0.02677	0.00673	0.00736	0.00561	0.00366	0.00291	0.00095	0.00445	0.00247	0.00205	0.00524
18	0.00462	0.00393	0.00399	0.00397	0.00526	0.00329	0.00298	0.00565	0.00894	0.01071	0.07714	0.03691	0.79998	0.00973	0.00458	0.00130	0.00196	0.00813	0.00363	0.00329
19	0.00761	0.00723	0.01237	0.74332	0.11259	0.00871	0.03341	0.01019	0.00790	0.01027	0.00696	0.01026	0.00529	0.00381	0.00389	0.00128	0.00515	0.00348	0.00175	0.00453
20	0.00623	0.00413	0.00495	0.00469	0.00588	0.00371	0.00359	0.00776	0.00996	0.07330	0.41414	0.02984	0.29301	0.00812	0.00439	0.00124	0.00204	0.03782	0.08145	0.00374
21	0.00644	0.00502	0.00648	0.00631	0.00716	0.00521	0.02714	0.09117	0.03569	0.01226	0.11100	0.45121	0.09265	0.03280	0.01533	0.00158	0.06410	0.02119	0.00348	0.00379
22	0.04187	0.04026	0.00978	0.00716	0.01017	0.00681	0.01722	0.09410	0.01148	0.69814	0.01396	0.01233	0.00893	0.00467	0.00381	0.00118	0.00346	0.00375	0.00448	0.00645
23	0.00645	0.00351	0.00501	0.00500	0.00522	0.00343	0.00344	0.00551	0.00617	0.00832	0.11617	0.01620	0.05524	0.01234	0.01277	0.68839	0.00307	0.02426	0.01739	0.00210
24	0.02565	0.00593	0.00729	0.03516	0.00864	0.00591	0.00514	0.10663	0.01034	0.31430	0.01344	0.01577	0.01022	0.00526	0.00386	0.00117	0.02827	0.08146	0.31050	0.00508
25	0.00758	0.00618	0.00734	0.00574	0.00848	0.00485	0.00444	0.00927	0.02449	0.02960	0.01024	0.18504	0.01007	0.00488	0.00334	0.00081	0.00276	0.00418	0.00265	0.66804
26	0.00764	0.01979	0.00776	0.16581	0.01098	0.05788	0.01390	0.04005	0.01893	0.06594	0.37883	0.06984	0.07088	0.00686	0.00448	0.00126	0.02110	0.03047	0.00344	0.00415
27	0.02991	0.02310	0.12107	0.07032	0.02457	0.02504	0.00684	0.01126	0.03276	0.08685	0.03356	0.03426	0.00754	0.00397	0.00377	0.00093	0.04406	0.00313	0.00249	0.43458

[dist]
# distance from previous block
# <min> <max>
0	3

[block]
# block no. 6 follows, 70 sequences, length 19
# corresponding to MSA columns:
# 967-985
name=unknown_G
#
# <colnr> <probs for GDERKNQSTAVLIFYWHMCP>
#	G	D	E	R	K	N	Q	S	T	A	V	L	I	F	Y	W	H	M	C	P
0	0.00878	0.02861	0.15639	0.03166	0.06824	0.02102	0.05208	0.08641	0.02800	0.02374	0.01948	0.04256	0.04136	0.00414	0.00368	0.00098	0.01890	0.00346	0.00244	0.35807
1	0.20382	0.21758	0.06641	0.03463	0.03267	0.15957	0.00699	0.10351	0.08058	0.03387	0.02277	0.00837	0.00631	0.00398	0.00316	0.00108	0.00440	0.00278	0.00246	0.00507
2	0.00560	0.00378	0.00440	0.00447	0.00454	0.00380	0.00265	0.00576	0.00586	0.00784	0.01289	0.07139	0.01478	0.75277	0.05600	0.00369	0.00397	0.03088	0.00244	0.00248
3	0.01333	0.28384	0.01437	0.00825	0.01136	0.05928	0.00714	0.52207	0.01453	0.01873	0.00788	0.00820	0.00599	0.00419	0.00341	0.00105	0.00438	0.00298	0.00307	0.00596
4	0.01727	0.00679	0.00912	0.00699	0.00999	0.00598	0.00577	0.05543	0.01142	0.80526	0.01502	0.01302	0.00946	0.00479	0.00390	0.00120	0.00334	0.00388	0.00476	0.00660
5	0.00732	0.00689	0.01163	0.85444	0.02670	0.00861	0.01077	0.00991	0.00775	0.00991	0.00689	0.01034	0.00517	0.00388	0.00388	0.00129	0.00517	0.00345	0.00172	0.00431
6	0.00571	0.00394	0.00467	0.00462	0.00469	0.00411	0.00280	0.00588	0.00571	0.00773	0.01181	0.02379	0.01336	0.74921	0.10824	0.00396	0.02954	0.00541	0.00230	0.00252
7	0.01298	0.27600	0.01427	0.03549	0.01181	0.08955	0.00729	0.45540	0.01375	0.01752	0.00762	0.00815	0.00587	0.00420	0.00361	0.00106	0.02380	0.00296	0.00290	0.00577
8	0.00723	0.00361	0.00361	0.00361	0.00452	0.00361	0.00271	0.00903	0.00813	0.01445	0.01265	0.01445	0.00994	0.00452	0.00271	0.00090	0.00181	0.00361	0.88528	0.00361
9	0.02740	0.02334	0.04478	0.20132	0.11164	0.05426	0.08474	0.03886	0.09445	0.01218	0.06089	0.15976	0.03311	0.00584	0.00437	0.00130	0.02928	0.00517	0.00262	0.00469
10	0.04705	0.01122	0.21811	0.06634	0.03159	0.00905	0.10029	0.23548	0.01068	0.02966	0.00875	0.01123	0.00693	0.00844	0.14476	0.00208	0.02154	0.02898	0.00253	0.00530
11	0.00732	0.00676	0.01132	0.82168	0.02585	0.00842	0.01046	0.00987	0.00777	0.01008	0.00711	0.01049	0.00535	0.00390	0.00383	0.00128	0.00504	0.00345	0.03573	0.00428
12	0.00912	0.00850	0.01145	0.06438	0.02775	0.01030	0.08377	0.04026	0.36757	0.01322	0.01091	0.01196	0.02312	0.00553	0.00697	0.00143	0.29165	0.00403	0.00281	0.00526
13	0.00554	0.00415	0.00623	0.00623	0.00692	0.00485	0.00485	0.00692	0.00623	0.00900	0.01038	0.01523	0.00969	0.02908	0.84839	0.00623	0.01038	0.00415	0.00208	0.00346
14	0.00852	0.00808	0.01328	0.39247	0.38311	0.00912	0.01087	0.01138	0.05673	0.01146	0.00749	0.01015	0.00599	0.00393	0.00434	0.00125	0.05115	0.00350	0.00194	0.00522
15	0.00554	0.00415	0.00623	0.00623	0.00692	0.00485	0.00485	0.00692	0.00623	0.00900	0.01038	0.01523	0.00969	0.02908	0.84839	0.00623	0.01038	0.00415	0.00208	0.00346
16	0.00663	0.00433	0.00526	0.00509	0.00571	0.00435	0.00345	0.05197	0.00740	0.05865	0.04137	0.13382	0.08354	0.41892	0.13054	0.02251	0.00427	0.00613	0.00286	0.00320
17	0.00564	0.00376	0.00423	0.00423	0.00423	0.00376	0.00235	0.00564	0.00564	0.00752	0.01222	0.02537	0.01409	0.86375	0.01973	0.00376	0.00376	0.00564	0.00235	0.00235
18	0.00946	0.00830	0.02441	0.06274	0.03306	0.03301	0.03202	0.08940	0.14690	0.03973	0.00883	0.00964	0.00688	0.00376	0.00365	0.00092	0.02881	0.00303	0.00270	0.45274

[dist]
# distance from previous block
# <min> <max>
1	37

[block]
# block no. 7 follows, 70 sequences, length 33
# corresponding to MSA columns:
# 1026-1058
name=unknown_H
#
# <colnr> <probs for GDERKNQSTAVLIFYWHMCP>
#	G	D	E	R	K	N	Q	S	T	A	V	L	I	F	Y	W	H	M	C	P
0	0.36915	0.06476	0.04392	0.00738	0.04133	0.00842	0.03011	0.04496	0.04920	0.23570	0.00926	0.02330	0.00679	0.00459	0.01650	0.00126	0.01806	0.00310	0.00306	0.01913
1	0.18275	0.23162	0.01171	0.04682	0.03097	0.15117	0.02324	0.05513	0.02979	0.02341	0.00687	0.02282	0.00597	0.01688	0.01407	0.11645	0.02096	0.00288	0.00215	0.00436
2	0.00480	0.00343	0.00452	0.00535	0.00561	0.00321	0.00359	0.00548	0.00741	0.00984	0.02136	0.78266	0.04446	0.05108	0.00563	0.00167	0.00234	0.03089	0.00354	0.00313
3	0.01136	0.60002	0.01739	0.00792	0.02876	0.23852	0.00697	0.01257	0.00876	0.00935	0.00594	0.00736	0.00540	0.00367	0.00285	0.00090	0.00491	0.02070	0.00180	0.00484
4	0.00473	0.00379	0.00423	0.00443	0.00541	0.00329	0.00321	0.00574	0.00873	0.01095	0.13383	0.25345	0.52419	0.01020	0.00468	0.00137	0.00202	0.00878	0.00368	0.00329
5	0.02198	0.19066	0.34193	0.00869	0.02214	0.02403	0.00932	0.06190	0.05986	0.11569	0.06353	0.01050	0.01704	0.00422	0.00351	0.00112	0.00443	0.00326	0.00254	0.03365
6	0.01173	0.00666	0.00946	0.09404	0.14313	0.00654	0.00685	0.05666	0.05347	0.34993	0.03033	0.16960	0.02235	0.00606	0.00412	0.00128	0.00350	0.01509	0.00368	0.00550
7	0.00625	0.00446	0.00625	0.00714	0.00803	0.00446	0.00625	0.00803	0.00892	0.01160	0.02053	0.04373	0.02231	0.01071	0.00535	0.00178	0.00357	0.81348	0.00357	0.00357
8	0.00931	0.05724	0.06931	0.41592	0.07916	0.11748	0.09606	0.03426	0.00878	0.03769	0.00721	0.00963	0.00553	0.00433	0.02032	0.00131	0.01632	0.00336	0.00195	0.00481
9	0.00848	0.06791	0.30110	0.04335	0.16492	0.00908	0.19665	0.01178	0.02806	0.02295	0.02114	0.02788	0.00688	0.00569	0.06579	0.00158	0.00570	0.00371	0.00198	0.00536
10	0.16097	0.00683	0.00851	0.00664	0.00955	0.00632	0.00549	0.03410	0.01050	0.69001	0.01355	0.01198	0.00865	0.00460	0.00365	0.00120	0.00327	0.00359	0.00439	0.00620
11	0.01478	0.00626	0.00802	0.00636	0.00889	0.00571	0.00518	0.08025	0.01099	0.59047	0.01495	0.03387	0.02592	0.00501	0.00372	0.00115	0.00305	0.00407	0.16546	0.00591
12	0.01907	0.05633	0.04880	0.13764	0.24830	0.02282	0.21130	0.04677	0.04232	0.05388	0.00859	0.04435	0.00698	0.00401	0.00395	0.00120	0.00492	0.00393	0.00227	0.03258
13	0.00677	0.00582	0.00916	0.14043	0.13660	0.00635	0.04564	0.02110	0.00764	0.01046	0.01271	0.25195	0.01344	0.06056	0.14211	0.00235	0.06235	0.05799	0.00253	0.00404
14	0.00519	0.00373	0.00507	0.00546	0.00583	0.00386	0.00381	0.00603	0.00681	0.00935	0.04232	0.39614	0.01848	0.16852	0.29699	0.00355	0.00529	0.00758	0.00288	0.00313
15	0.00622	0.00948	0.28086	0.00728	0.00983	0.00568	0.03152	0.00872	0.00926	0.01300	0.33374	0.09870	0.13668	0.00702	0.00450	0.00128	0.02278	0.00603	0.00312	0.00430
16	0.85661	0.00747	0.00593	0.03828	0.00825	0.00869	0.00446	0.01134	0.00664	0.01710	0.00546	0.00646	0.00424	0.00361	0.00246	0.00120	0.00308	0.00215	0.00237	0.00420
17	0.00869	0.04437	0.35397	0.00900	0.02389	0.02147	0.00934	0.06061	0.18890	0.04055	0.08220	0.06100	0.03528	0.00526	0.00424	0.00126	0.03753	0.00424	0.00278	0.00540
18	0.00900	0.00871	0.01172	0.03635	0.01075	0.04084	0.00841	0.00994	0.00637	0.04190	0.00558	0.00867	0.00526	0.00652	0.01178	0.00164	0.76700	0.00338	0.00183	0.00434
19	0.01036	0.86609	0.02032	0.00663	0.00995	0.01534	0.00663	0.01161	0.00788	0.00912	0.00539	0.00622	0.00498	0.00332	0.00249	0.00083	0.00415	0.00207	0.00166	0.00498
20	0.00563	0.00378	0.00432	0.00432	0.00435	0.00381	0.00246	0.00570	0.00566	0.00758	0.01213	0.02491	0.01390	0.82618	0.05703	0.00387	0.00406	0.00557	0.00234	0.00240
21	0.00795	0.00723	0.01163	0.78236	0.02545	0.00890	0.01048	0.07953	0.00864	0.01114	0.00710	0.01025	0.00529	0.00394	0.00388	0.00128	0.00509	0.00345	0.00191	0.00450
22	0.01431	0.01820	0.01101	0.00999	0.01193	0.82478	0.00752	0.01531	0.01084	0.00948	0.00597	0.00703	0.00500	0.00407	0.00375	0.00102	0.03077	0.00252	0.00199	0.00449
23	0.00526	0.00360	0.00434	0.00471	0.00480	0.00351	0.00286	0.00554	0.00637	0.00850	0.01599	0.37009	0.01886	0.51253	0.01363	0.00286	0.00314	0.00786	0.00286	0.00268
24	0.00723	0.00361	0.00361	0.00361	0.00452	0.00361	0.00271	0.00903	0.00813	0.01445	0.01265	0.01445	0.00994	0.00452	0.00271	0.00090	0.00181	0.00361	0.88528	0.00361
25	0.00945	0.00921	0.01616	0.06122	0.73248	0.00923	0.08120	0.01185	0.00881	0.01252	0.00732	0.00970	0.00607	0.00346	0.00390	0.00117	0.00480	0.00355	0.00191	0.00598
26	0.00546	0.00406	0.00522	0.00574	0.00661	0.00382	0.00461	0.00684	0.00888	0.01152	0.13114	0.19567	0.22109	0.01041	0.00499	0.00156	0.00271	0.36256	0.00367	0.00343
27	0.01036	0.86609	0.02032	0.00663	0.00995	0.01534	0.00663	0.01161	0.00788	0.00912	0.00539	0.00622	0.00498	0.00332	0.00249	0.00083	0.00415	0.00207	0.00166	0.00498
28	0.19537	0.00551	0.00624	0.00562	0.00737	0.00541	0.00450	0.01011	0.03968	0.09141	0.35370	0.02173	0.02095	0.00641	0.00394	0.00122	0.00260	0.11076	0.00359	0.10389
29	0.20980	0.01015	0.00998	0.00805	0.01071	0.13555	0.03371	0.27426	0.01209	0.21182	0.00913	0.00921	0.00644	0.00439	0.00387	0.00118	0.03755	0.00316	0.00333	0.00561
30	0.01155	0.01349	0.04708	0.01756	0.46349	0.35690	0.01017	0.01340	0.00970	0.01133	0.00674	0.00846	0.00562	0.00369	0.00369	0.00109	0.00564	0.00303	0.00194	0.00544
31	0.39317	0.00902	0.01388	0.01136	0.06730	0.03013	0.35750	0.01182	0.00805	0.01449	0.00727	0.01000	0.00588	0.00378	0.00359	0.00126	0.00475	0.03978	0.00222	0.00475
32	0.00537	0.00433	0.00555	0.11595	0.00838	0.00416	0.00439	0.00693	0.00954	0.01252	0.36468	0.05767	0.34481	0.00836	0.00452	0.00129	0.00239	0.03196	0.00363	0.00357

[dist]
# distance from previous block
# <min> <max>
0	2

[block]
# block no. 8 follows, 70 sequences, length 15
# corresponding to MSA columns:
# 1061-1075
name=unknown_I
#
# <colnr> <probs for GDERKNQSTAVLIFYWHMCP>
#	G	D	E	R	K	N	Q	S	T	A	V	L	I	F	Y	W	H	M	C	P
0	0.02945	0.00763	0.05338	0.00765	0.02414	0.02578	0.05154	0.03102	0.34004	0.03069	0.15720	0.06686	0.11258	0.00653	0.00421	0.00131	0.00318	0.03824	0.00359	0.00497
1	0.01274	0.03153	0.06961	0.01070	0.03345	0.49552	0.10209	0.09201	0.03115	0.02818	0.00790	0.00918	0.02324	0.00424	0.00391	0.00111	0.02286	0.01335	0.00229	0.00495
2	0.00571	0.00409	0.00528	0.00521	0.00548	0.00448	0.00353	0.00627	0.00588	0.00815	0.01125	0.02087	0.01208	0.51326	0.33562	0.00462	0.03818	0.00499	0.00222	0.00284
3	0.00802	0.05085	0.13703	0.12523	0.10180	0.02525	0.10010	0.02410	0.11322	0.01253	0.09905	0.01648	0.08788	0.00575	0.02015	0.00136	0.01639	0.04728	0.00262	0.00490
4	0.00732	0.00689	0.01163	0.85444	0.02670	0.00861	0.01077	0.00991	0.00775	0.00991	0.00689	0.01034	0.00517	0.00388	0.00388	0.00129	0.00517	0.00345	0.00172	0.00431
5	0.00993	0.00999	0.05164	0.19779	0.07475	0.13201	0.00820	0.06958	0.26571	0.03338	0.02837	0.02999	0.02482	0.00486	0.00427	0.00125	0.04144	0.00391	0.00281	0.00526
6	0.00480	0.00393	0.00425	0.00426	0.00545	0.00338	0.00321	0.00595	0.00916	0.01136	0.17391	0.06352	0.64402	0.00961	0.00462	0.00132	0.00201	0.03818	0.00371	0.00335
7	0.00735	0.04572	0.05700	0.06038	0.02325	0.00590	0.03273	0.04007	0.04987	0.07087	0.02925	0.24165	0.07860	0.11351	0.10400	0.00221	0.00423	0.02635	0.00299	0.00408
8	0.04640	0.04530	0.06526	0.06159	0.04275	0.01028	0.02514	0.40147	0.03002	0.05993	0.00889	0.01022	0.00680	0.02878	0.06329	0.00163	0.07053	0.00349	0.01262	0.00564
9	0.01383	0.00661	0.00828	0.00666	0.00913	0.00624	0.00539	0.12153	0.05460	0.49443	0.08569	0.01672	0.06223	0.03347	0.00450	0.00130	0.00317	0.02353	0.03689	0.00580
10	0.03154	0.25154	0.07050	0.09203	0.07955	0.07793	0.13848	0.10180	0.06475	0.01251	0.00740	0.00885	0.00591	0.00411	0.00394	0.03379	0.00488	0.00316	0.00218	0.00517
11	0.00481	0.00391	0.00427	0.00424	0.00539	0.00336	0.00315	0.00599	0.00929	0.01169	0.23422	0.07845	0.59876	0.00948	0.00460	0.00130	0.00195	0.00804	0.00376	0.00336
12	0.00798	0.03566	0.29225	0.07951	0.13055	0.00826	0.08955	0.05010	0.03004	0.01244	0.04162	0.10096	0.05932	0.00531	0.00426	0.00128	0.02520	0.01830	0.00234	0.00509
13	0.00881	0.02916	0.08781	0.05358	0.05792	0.02189	0.04947	0.02851	0.00855	0.10406	0.06941	0.11876	0.02658	0.02020	0.00540	0.01414	0.11100	0.00455	0.00270	0.17749
14	0.00637	0.00433	0.00530	0.00504	0.00609	0.00404	0.00374	0.04237	0.00985	0.04355	0.40888	0.16254	0.09835	0.05295	0.00516	0.00137	0.00223	0.01954	0.08200	0.03630

[dist]
# distance from previous block
# <min> <max>
2	41

[block]
# block no. 9 follows, 70 sequences, length 43
# corresponding to MSA columns:
# 1117-1159
name=unknown_J
#
# <colnr> <probs for GDERKNQSTAVLIFYWHMCP>
#	G	D	E	R	K	N	Q	S	T	A	V	L	I	F	Y	W	H	M	C	P
0	0.05143	0.28606	0.08395	0.03431	0.12087	0.04450	0.11170	0.12443	0.02608	0.01308	0.00694	0.00823	0.00560	0.00372	0.00364	0.00107	0.03019	0.00298	0.00216	0.03907
1	0.00549	0.00398	0.00520	0.00571	0.00637	0.00385	0.00441	0.00669	0.00826	0.01091	0.11696	0.24160	0.11049	0.10978	0.05173	0.00208	0.00325	0.29648	0.00344	0.00330
2	0.00584	0.00398	0.00537	0.00543	0.00611	0.00431	0.00411	0.00718	0.00709	0.01051	0.06971	0.05841	0.02661	0.10220	0.45739	0.00414	0.00670	0.04665	0.16489	0.00338
3	0.00762	0.00785	0.13597	0.03061	0.01024	0.00618	0.11335	0.05098	0.04402	0.02966	0.17866	0.01664	0.04691	0.02532	0.06392	0.02457	0.00402	0.00460	0.19449	0.00439
4	0.00549	0.00367	0.00445	0.00475	0.00494	0.00355	0.00295	0.00585	0.00665	0.02489	0.03935	0.34959	0.03498	0.47657	0.01298	0.00274	0.00308	0.00778	0.00296	0.00280
5	0.00950	0.25090	0.22518	0.00912	0.03876	0.09032	0.02715	0.01383	0.19229	0.01213	0.05317	0.01081	0.00857	0.00437	0.00369	0.00113	0.02291	0.01845	0.00239	0.00531
6	0.00495	0.00368	0.00460	0.00492	0.00560	0.00334	0.00348	0.00607	0.00889	0.01188	0.29421	0.41394	0.19971	0.01027	0.00475	0.00140	0.00205	0.00910	0.00382	0.00334
7	0.00816	0.00732	0.02634	0.14903	0.16249	0.00774	0.03844	0.06715	0.10013	0.02503	0.14972	0.03018	0.10888	0.00575	0.00486	0.00128	0.07782	0.00485	0.01999	0.00483
8	0.83106	0.00759	0.00602	0.00529	0.00774	0.00872	0.00436	0.04105	0.00716	0.04451	0.00586	0.00663	0.00446	0.00368	0.00250	0.00120	0.00305	0.00221	0.00253	0.00436
9	0.01202	0.01028	0.01246	0.02558	0.09244	0.07049	0.10593	0.40075	0.14482	0.01836	0.01040	0.06031	0.00828	0.00485	0.00400	0.00122	0.00447	0.00413	0.00328	0.00592
10	0.10971	0.00669	0.00865	0.00671	0.00964	0.00601	0.00554	0.01810	0.01062	0.75510	0.01425	0.01247	0.00903	0.00467	0.00374	0.00120	0.00327	0.00371	0.00454	0.00634
11	0.00564	0.00376	0.00423	0.00423	0.00423	0.00376	0.00235	0.00564	0.00564	0.00752	0.01222	0.02537	0.01409	0.86375	0.01973	0.00376	0.00376	0.00564	0.00235	0.00235
12	0.00472	0.00337	0.00450	0.00540	0.00562	0.00315	0.00360	0.00540	0.00742	0.00990	0.02137	0.86122	0.02564	0.01215	0.00495	0.00157	0.00225	0.01102	0.00360	0.00315
13	0.00643	0.00357	0.00535	0.00535	0.00553	0.00374	0.00374	0.00553	0.00535	0.00731	0.00766	0.01266	0.00749	0.01745	0.22754	0.66265	0.00516	0.00357	0.00178	0.00214
14	0.00871	0.00886	0.01184	0.01017	0.01025	0.04381	0.00844	0.00956	0.00613	0.00934	0.00512	0.00842	0.00509	0.00668	0.01237	0.00167	0.82422	0.00336	0.00171	0.00425
15	0.00884	0.00981	0.02109	0.01535	0.01895	0.00923	0.73753	0.01195	0.00913	0.01233	0.00920	0.01403	0.00765	0.00407	0.00466	0.00136	0.00622	0.09143	0.00213	0.00505
16	0.00522	0.00395	0.00481	0.00460	0.00563	0.00354	0.00345	0.00680	0.01034	0.01405	0.60177	0.03143	0.27327	0.00848	0.00458	0.00125	0.00187	0.00736	0.00407	0.00354
17	0.00732	0.00689	0.01163	0.85444	0.02670	0.00861	0.01077	0.00991	0.00775	0.00991	0.00689	0.01034	0.00517	0.00388	0.00388	0.00129	0.00517	0.00345	0.00172	0.00431
18	0.00765	0.00532	0.00609	0.00564	0.00639	0.03100	0.00445	0.02258	0.00768	0.01272	0.01047	0.01291	0.00863	0.00779	0.10083	0.00169	0.19184	0.00359	0.54893	0.00381
19	0.00550	0.00418	0.00524	0.00580	0.00679	0.00391	0.00480	0.00690	0.00877	0.01104	0.02760	0.10667	0.32758	0.01049	0.00503	0.00159	0.00286	0.44822	0.00358	0.00343
20	0.00614	0.00433	0.00582	0.00609	0.00706	0.00418	0.00503	0.00805	0.02190	0.02932	0.37093	0.03621	0.05088	0.00930	0.00495	0.00151	0.00277	0.41794	0.00390	0.00370
21	0.08045	0.00736	0.00910	0.00711	0.01002	0.00705	0.00584	0.12778	0.06857	0.61404	0.01379	0.01225	0.00895	0.00472	0.00379	0.00120	0.00339	0.00375	0.00444	0.00639
22	0.00582	0.00514	0.00518	0.00500	0.00611	0.07004	0.00374	0.00713	0.00976	0.01246	0.36856	0.07994	0.37417	0.00865	0.00466	0.00127	0.01777	0.00733	0.00372	0.00354
23	0.00474	0.00339	0.00452	0.00538	0.00563	0.00316	0.00360	0.00545	0.00751	0.01004	0.04255	0.83962	0.02592	0.01204	0.00494	0.00157	0.00224	0.01092	0.00362	0.00316
24	0.00571	0.00414	0.00554	0.00528	0.00568	0.00403	0.05960	0.00618	0.00646	0.00872	0.01483	0.19958	0.04571	0.56337	0.01441	0.00294	0.00350	0.00671	0.03483	0.00280
25	0.00554	0.00543	0.09348	0.00616	0.00713	0.00410	0.00496	0.01990	0.01951	0.02398	0.01972	0.68395	0.03539	0.01082	0.00478	0.00153	0.00273	0.04388	0.00342	0.00359
26	0.00547	0.00403	0.00477	0.00454	0.00568	0.00356	0.00342	0.00693	0.01007	0.03902	0.47239	0.03202	0.37673	0.00863	0.00456	0.00126	0.00193	0.00741	0.00400	0.00359
27	0.85629	0.00746	0.00583	0.00517	0.00759	0.00858	0.00426	0.01170	0.00678	0.05029	0.00579	0.00657	0.00441	0.00365	0.00246	0.00120	0.00301	0.00217	0.00249	0.00429
28	0.00915	0.00970	0.03990	0.07240	0.01837	0.00918	0.59272	0.04318	0.02856	0.03747	0.00905	0.05963	0.00730	0.00407	0.00458	0.00131	0.02176	0.00472	0.02184	0.00512
29	0.58495	0.00889	0.07114	0.10709	0.09315	0.02666	0.00667	0.03924	0.00756	0.01573	0.00602	0.00736	0.00466	0.00367	0.00289	0.00120	0.00375	0.00250	0.00226	0.00461
30	0.00697	0.00634	0.00773	0.02005	0.15966	0.09401	0.00602	0.00813	0.00809	0.01043	0.01589	0.44592	0.01792	0.02977	0.04233	0.00171	0.02029	0.09188	0.00296	0.00391
31	0.00778	0.02005	0.84367	0.01105	0.01678	0.00900	0.01432	0.01228	0.00818	0.01228	0.00696	0.00818	0.00491	0.00368	0.00368	0.00123	0.00573	0.00286	0.00164	0.00573
32	0.02597	0.09514	0.15732	0.02000	0.15557	0.04180	0.08120	0.13356	0.03561	0.05657	0.02444	0.00940	0.00665	0.00390	0.00384	0.00110	0.02641	0.00324	0.00245	0.11582
33	0.00804	0.00668	0.00776	0.00576	0.00889	0.00524	0.00457	0.02318	0.03461	0.02802	0.02398	0.03425	0.05435	0.00375	0.00313	0.00070	0.00282	0.00307	0.00257	0.73865
34	0.04310	0.10691	0.24021	0.00916	0.01288	0.03901	0.01910	0.38452	0.07797	0.01788	0.00848	0.00890	0.00622	0.00421	0.00362	0.00115	0.00463	0.00317	0.00289	0.00597
35	0.00505	0.00396	0.00459	0.00464	0.00563	0.00355	0.00340	0.00653	0.03224	0.01221	0.29994	0.19213	0.39315	0.00951	0.00463	0.00133	0.00200	0.00823	0.00383	0.00346
36	0.00494	0.00394	0.00441	0.00434	0.00546	0.00343	0.00324	0.00620	0.00946	0.01213	0.30691	0.04748	0.52200	0.02819	0.00493	0.00135	0.00199	0.02241	0.00380	0.00339
37	0.01095	0.20685	0.06488	0.05890	0.09158	0.05920	0.02907	0.20085	0.10844	0.03808	0.02379	0.02652	0.00746	0.00424	0.00353	0.00109	0.00430	0.00336	0.00271	0.05420
38	0.02559	0.23310	0.31869	0.05969	0.05541	0.04604	0.10946	0.02181	0.03388	0.01142	0.00699	0.00853	0.00551	0.00446	0.02563	0.01842	0.00531	0.00300	0.00184	0.00522
39	0.00486	0.00347	0.00465	0.00552	0.00581	0.00326	0.00381	0.00566	0.00764	0.01019	0.04406	0.77465	0.02569	0.01192	0.00497	0.00158	0.00234	0.07311	0.00362	0.00320
40	0.00498	0.00358	0.00474	0.00557	0.00590	0.00341	0.00386	0.00597	0.02404	0.01022	0.03418	0.74416	0.02504	0.02721	0.00523	0.00162	0.00240	0.08104	0.00359	0.00324
41	0.01096	0.67456	0.01805	0.00723	0.01022	0.15512	0.00672	0.02723	0.00853	0.00946	0.00575	0.00675	0.00519	0.00444	0.03498	0.00107	0.00487	0.00225	0.00177	0.00487
42	0.00555	0.00439	0.00510	0.00488	0.00609	0.00404	0.00367	0.00774	0.07741	0.01319	0.37811	0.08785	0.32471	0.00854	0.00450	0.00127	0.00208	0.02031	0.00387	0.03669

[dist]
# distance from previous block
# <min> <max>
0	74

[block]
# block no. 10 follows, 70 sequences, length 25
# corresponding to MSA columns:
# 1238-1262
name=unknown_K
#
# <colnr> <probs for GDERKNQSTAVLIFYWHMCP>
#	G	D	E	R	K	N	Q	S	T	A	V	L	I	F	Y	W	H	M	C	P
0	0.04899	0.02588	0.50803	0.03136	0.05298	0.04009	0.04807	0.07602	0.06412	0.04584	0.01820	0.00921	0.00615	0.00394	0.00371	0.00121	0.00517	0.00317	0.00220	0.00567
1	0.00973	0.00855	0.01274	0.08903	0.45501	0.04138	0.02235	0.08159	0.02256	0.05284	0.09259	0.04800	0.01020	0.00451	0.00394	0.00117	0.00423	0.00412	0.00256	0.03290
2	0.01046	0.01175	0.00861	0.00800	0.00945	0.42855	0.00605	0.01229	0.06901	0.01055	0.06302	0.03629	0.05565	0.03860	0.12016	0.00192	0.04131	0.02248	0.04167	0.00417
3	0.00868	0.07403	0.00923	0.00625	0.02566	0.00616	0.00498	0.02186	0.00829	0.04182	0.00711	0.00813	0.00584	0.00301	0.00291	0.00064	0.00304	0.00238	0.00235	0.75764
4	0.07201	0.02417	0.01242	0.34105	0.01801	0.00893	0.16705	0.12249	0.06623	0.01386	0.00856	0.01062	0.00645	0.00400	0.00375	0.00122	0.00460	0.00363	0.10610	0.00485
5	0.00920	0.00881	0.01502	0.16844	0.69802	0.00911	0.01170	0.01155	0.00864	0.01218	0.00722	0.00972	0.00597	0.00353	0.00384	0.00118	0.00470	0.00345	0.00188	0.00582
6	0.00804	0.00689	0.00804	0.00574	0.00919	0.00517	0.00459	0.00976	0.00804	0.01263	0.00689	0.00804	0.00574	0.00287	0.00287	0.00057	0.00287	0.00230	0.00230	0.88745
7	0.00903	0.02990	0.07984	0.01152	0.02562	0.07531	0.36175	0.03128	0.05022	0.04307	0.06015	0.01582	0.11694	0.00507	0.00463	0.00128	0.03799	0.03310	0.00257	0.00490
8	0.00554	0.00414	0.00614	0.00614	0.00680	0.00479	0.00473	0.00686	0.00620	0.00893	0.01047	0.01571	0.00990	0.06837	0.80938	0.00611	0.01007	0.00422	0.00209	0.00341
