[name]
unknown

[dist]
# distance from previous block
# <min> <max>
8	443

[block]
# block no. 0 follows, 87 sequences, length 13
# corresponding to MSA columns:
# 496-508
name=unknown_A
#
# <colnr> <probs for GDERKNQSTAVLIFYWHMCP>
#	G	D	E	R	K	N	Q	S	T	A	V	L	I	F	Y	W	H	M	C	P
0	0.00752	0.01712	0.07305	0.08875	0.27065	0.02932	0.02359	0.04957	0.04906	0.07903	0.01915	0.15051	0.05037	0.04420	0.01711	0.00122	0.01902	0.00425	0.00227	0.00424
1	0.00474	0.02897	0.00583	0.02977	0.02685	0.00382	0.07133	0.02215	0.00687	0.00896	0.04129	0.52651	0.18037	0.02150	0.00413	0.00124	0.00234	0.00755	0.00280	0.00300
2	0.03553	0.04976	0.11505	0.04145	0.07216	0.22727	0.10824	0.01153	0.00805	0.18769	0.00887	0.00950	0.05977	0.01444	0.00340	0.00099	0.01384	0.00299	0.00221	0.02725
3	0.00960	0.24050	0.11348	0.00793	0.08491	0.12863	0.02155	0.06832	0.04026	0.14349	0.05788	0.02579	0.00718	0.00369	0.00305	0.00092	0.01743	0.00284	0.01805	0.00451
4	0.73327	0.06139	0.00575	0.00451	0.00653	0.00738	0.00375	0.00998	0.04050	0.04772	0.04993	0.00679	0.00543	0.00330	0.00222	0.00099	0.00254	0.00212	0.00219	0.00369
5	0.00686	0.00622	0.00661	0.00508	0.00756	0.07352	0.00396	0.00816	0.00690	0.01014	0.00718	0.11043	0.00676	0.00341	0.00266	0.00061	0.00263	0.00281	0.00204	0.72644
6	0.15032	0.17718	0.01060	0.00691	0.00931	0.06189	0.04132	0.38771	0.06287	0.02692	0.00677	0.00715	0.00513	0.00356	0.00307	0.00095	0.02853	0.00256	0.00251	0.00474
7	0.00423	0.00298	0.00368	0.00413	0.00431	0.00283	0.00263	0.00462	0.00580	0.00767	0.01628	0.53471	0.07105	0.30978	0.00840	0.00194	0.00231	0.00757	0.00267	0.00242
8	0.04866	0.20704	0.12152	0.00886	0.02762	0.02023	0.22523	0.15601	0.02042	0.06046	0.02867	0.00789	0.00559	0.00336	0.00343	0.00098	0.04453	0.00288	0.00205	0.00457
9	0.00859	0.65834	0.15844	0.00638	0.00938	0.03296	0.00670	0.01009	0.00677	0.03844	0.00505	0.00580	0.00432	0.00300	0.00263	0.00079	0.03456	0.00196	0.00149	0.00431
10	0.00474	0.00316	0.00356	0.00356	0.00356	0.00316	0.00198	0.00474	0.00474	0.00632	0.01027	0.02134	0.01186	0.88540	0.01660	0.00316	0.00316	0.00474	0.00198	0.00198
11	0.00528	0.00394	0.00440	0.00425	0.00523	0.03382	0.00319	0.00661	0.03023	0.06434	0.34745	0.12816	0.31506	0.00736	0.00382	0.00109	0.00191	0.02743	0.00327	0.00315
12	0.06369	0.00913	0.03149	0.02319	0.04770	0.11443	0.06294	0.39689	0.06864	0.12469	0.02013	0.00845	0.00612	0.00373	0.00320	0.00099	0.00379	0.00295	0.00284	0.00501

[dist]
# distance from previous block
# <min> <max>
7	35

[block]
# block no. 1 follows, 87 sequences, length 13
# corresponding to MSA columns:
# 547-559
name=unknown_B
#
# <colnr> <probs for GDERKNQSTAVLIFYWHMCP>
#	G	D	E	R	K	N	Q	S	T	A	V	L	I	F	Y	W	H	M	C	P
0	0.08317	0.00667	0.03552	0.38071	0.01437	0.05715	0.04726	0.05159	0.04509	0.03772	0.06212	0.01197	0.06912	0.01767	0.02288	0.00120	0.02478	0.02517	0.00208	0.00377
1	0.00642	0.00525	0.02403	0.00775	0.12188	0.00483	0.06728	0.00856	0.10549	0.07045	0.01290	0.41335	0.01343	0.00647	0.00362	0.00110	0.00269	0.00590	0.00267	0.11592
2	0.00669	0.00604	0.01009	0.71480	0.13216	0.00716	0.00891	0.00879	0.00673	0.03578	0.00606	0.00864	0.00458	0.00322	0.00323	0.00105	0.00418	0.00289	0.00156	0.02743
3	0.00397	0.00284	0.00378	0.00454	0.00473	0.00265	0.00303	0.00454	0.00624	0.00832	0.01797	0.88327	0.02157	0.01022	0.00416	0.00132	0.00189	0.00927	0.00303	0.00265
4	0.00709	0.00579	0.00680	0.00487	0.00775	0.00437	0.00390	0.00854	0.00687	0.04690	0.00610	0.00695	0.00497	0.00248	0.00245	0.00051	0.00243	0.00199	0.00202	0.86724
5	0.04071	0.02955	0.08246	0.04819	0.06214	0.00689	0.00587	0.21172	0.05722	0.02819	0.00678	0.00749	0.00522	0.00308	0.00281	0.00078	0.00313	0.00243	0.00227	0.39307
6	0.00560	0.00302	0.00439	0.00435	0.00436	0.00312	0.00292	0.00445	0.00434	0.00585	0.00613	0.01095	0.00626	0.09177	0.03672	0.76906	0.03061	0.00303	0.00148	0.00158
7	0.00401	0.00286	0.00382	0.00452	0.00474	0.00267	0.00303	0.00463	0.00641	0.00858	0.06422	0.83629	0.02207	0.01002	0.00414	0.00131	0.00187	0.00909	0.00306	0.00267
8	0.00789	0.00756	0.01291	0.10209	0.78442	0.00770	0.00992	0.00985	0.00734	0.01043	0.00610	0.00813	0.00509	0.00294	0.00323	0.00098	0.00392	0.00290	0.00160	0.00502
9	0.00730	0.00626	0.00727	0.03304	0.06264	0.00707	0.00521	0.01401	0.57966	0.01302	0.18861	0.01419	0.01364	0.00479	0.00362	0.00109	0.02672	0.00405	0.00316	0.00464
10	0.02974	0.04615	0.24353	0.03612	0.12414	0.00693	0.03001	0.07195	0.05291	0.01134	0.00634	0.00735	0.00494	0.00295	0.00286	0.00082	0.00355	0.00243	0.00187	0.31406
11	0.00427	0.00367	0.00410	0.00445	0.05927	0.00315	0.00302	0.00520	0.00741	0.00908	0.05741	0.02858	0.73365	0.02525	0.00402	0.00111	0.00185	0.00638	0.00290	0.03524
12	0.00689	0.00563	0.00657	0.00477	0.00754	0.00426	0.00381	0.00829	0.00691	0.04455	0.00781	0.00850	0.05959	0.00285	0.00254	0.00054	0.00238	0.00230	0.00209	0.81217

[dist]
# distance from previous block
# <min> <max>
3	6

[block]
# block no. 2 follows, 87 sequences, length 32
# corresponding to MSA columns:
# 566-597
name=unknown_C
#
# <colnr> <probs for GDERKNQSTAVLIFYWHMCP>
#	G	D	E	R	K	N	Q	S	T	A	V	L	I	F	Y	W	H	M	C	P
0	0.02648	0.02438	0.00948	0.00855	0.03745	0.68287	0.00637	0.13294	0.00989	0.00996	0.00545	0.00623	0.00441	0.00345	0.00310	0.00087	0.01988	0.00225	0.00190	0.00407
1	0.00467	0.00337	0.00462	0.00462	0.00502	0.00370	0.00333	0.00547	0.00533	0.00750	0.05891	0.03294	0.01091	0.29886	0.53139	0.00426	0.00640	0.00414	0.00195	0.00262
2	0.01078	0.01098	0.00973	0.00893	0.07185	0.36884	0.02761	0.16175	0.08722	0.06096	0.00674	0.00754	0.00529	0.00392	0.00432	0.00101	0.14325	0.00268	0.00220	0.00440
3	0.01841	0.00799	0.04930	0.25011	0.49220	0.04752	0.03135	0.02182	0.00727	0.00999	0.00595	0.00804	0.00481	0.00312	0.00343	0.00101	0.02863	0.00285	0.00159	0.00459
4	0.00396	0.00299	0.00366	0.00416	0.00464	0.00270	0.00287	0.00464	0.00671	0.00864	0.05384	0.59768	0.27273	0.00950	0.00406	0.00125	0.00181	0.00843	0.00305	0.00270
5	0.00788	0.00770	0.01265	0.03369	0.62578	0.01703	0.04337	0.00972	0.02067	0.01008	0.00589	0.00797	0.00504	0.00348	0.00470	0.00107	0.17397	0.00294	0.00160	0.00478
6	0.02473	0.03574	0.08023	0.01084	0.21945	0.17886	0.02217	0.30893	0.01051	0.04934	0.00667	0.00745	0.00507	0.00347	0.00329	0.00096	0.02237	0.00270	0.00229	0.00491
7	0.00860	0.45793	0.04328	0.00783	0.01058	0.03886	0.18872	0.05055	0.13647	0.00987	0.00651	0.00727	0.00529	0.00314	0.00286	0.00088	0.01248	0.00259	0.00184	0.00444
8	0.00422	0.00303	0.00402	0.00445	0.00484	0.00282	0.00312	0.00514	0.00725	0.00991	0.29256	0.57693	0.02447	0.00902	0.00407	0.00123	0.00181	0.03510	0.00321	0.00280
9	0.00684	0.00653	0.01118	0.56717	0.30630	0.00744	0.03027	0.00895	0.00685	0.00917	0.00593	0.00849	0.00464	0.00313	0.00326	0.00105	0.00422	0.00292	0.00151	0.00416
10	0.22273	0.23519	0.13969	0.01672	0.07262	0.11423	0.02208	0.09354	0.02202	0.01141	0.00543	0.00629	0.00434	0.00316	0.00274	0.00092	0.01860	0.00220	0.00181	0.00429
11	0.00429	0.00315	0.00427	0.02317	0.02646	0.00303	0.00339	0.02240	0.00647	0.00864	0.01722	0.82526	0.02047	0.00976	0.00410	0.00130	0.00203	0.00885	0.00296	0.00279
12	0.08745	0.01166	0.01039	0.02682	0.29034	0.45743	0.02358	0.01929	0.00822	0.00959	0.00541	0.00670	0.00449	0.00322	0.00314	0.00092	0.02302	0.00241	0.00169	0.00423
13	0.00440	0.00341	0.00495	0.17407	0.00817	0.00354	0.00420	0.00528	0.00630	0.00833	0.01561	0.71344	0.01822	0.00887	0.00399	0.00128	0.00237	0.00803	0.00272	0.00284
14	0.01062	0.00716	0.00905	0.00739	0.00874	0.02959	0.00610	0.17343	0.00846	0.28354	0.00781	0.00873	0.00585	0.01935	0.00681	0.00122	0.39592	0.00302	0.00263	0.00456
15	0.00731	0.00620	0.00668	0.00623	0.00775	0.00705	0.00475	0.01484	0.69354	0.01261	0.01418	0.18133	0.01221	0.00555	0.00348	0.00115	0.00245	0.00477	0.00326	0.00467
16	0.00613	0.00446	0.00541	0.00476	0.00589	0.00444	0.00368	0.17084	0.01042	0.01453	0.69721	0.02115	0.02587	0.00613	0.00373	0.00102	0.00194	0.00532	0.00353	0.00356
17	0.00774	0.00353	0.00392	0.00358	0.00468	0.00338	0.00277	0.00921	0.00732	0.17822	0.01107	0.01195	0.00830	0.00385	0.00247	0.00081	0.00176	0.00309	0.72883	0.00353
18	0.00691	0.01456	0.64633	0.01167	0.17955	0.00765	0.06721	0.01027	0.00704	0.01040	0.00596	0.00724	0.00439	0.00304	0.00317	0.00102	0.00468	0.00260	0.00144	0.00486
19	0.00647	0.01472	0.70175	0.17791	0.01573	0.00751	0.01147	0.00994	0.00681	0.00994	0.00584	0.00724	0.00417	0.00313	0.00313	0.00104	0.00473	0.00250	0.00139	0.00459
20	0.01310	0.00560	0.00741	0.00561	0.00821	0.00471	0.00461	0.01440	0.00883	0.70095	0.01149	0.01026	0.00744	0.00372	0.00311	0.00091	0.00270	0.00302	0.00363	0.18028
21	0.00696	0.00662	0.01124	0.51628	0.37744	0.00746	0.00946	0.00904	0.00690	0.00931	0.00594	0.00843	0.00469	0.00311	0.00325	0.00104	0.00415	0.00290	0.00152	0.00427
22	0.00567	0.00300	0.00318	0.00333	0.00398	0.00296	0.00242	0.00700	0.00672	0.01141	0.01206	0.18132	0.01092	0.00505	0.00265	0.00087	0.00159	0.00425	0.72864	0.00296
23	0.00676	0.00580	0.00676	0.00483	0.00773	0.00435	0.00386	0.00821	0.00676	0.01063	0.00580	0.00676	0.00483	0.00241	0.00241	0.00048	0.00241	0.00193	0.00193	0.90533
24	0.01131	0.01423	0.01118	0.00944	0.01143	0.70451	0.17077	0.01252	0.00894	0.00846	0.00534	0.00645	0.00435	0.00324	0.00312	0.00089	0.00581	0.00244	0.00167	0.00390
25	0.00445	0.00392	0.00403	0.00403	0.00502	0.04480	0.00306	0.00535	0.00706	0.00854	0.02607	0.05543	0.60700	0.01125	0.17252	0.00191	0.00327	0.02673	0.00271	0.00284
26	0.54451	0.00671	0.02805	0.17439	0.01007	0.00747	0.00513	0.12470	0.00720	0.01383	0.00664	0.00760	0.04530	0.00345	0.00254	0.00102	0.00304	0.00241	0.00211	0.00382
27	0.00701	0.09182	0.54309	0.17746	0.01488	0.00814	0.02250	0.05066	0.03586	0.01031	0.00608	0.00734	0.00445	0.00318	0.00307	0.00101	0.00448	0.00253	0.00155	0.00457
28	0.00592	0.04558	0.00397	0.00337	0.00423	0.00352	0.00259	0.00742	0.00729	0.01212	0.17593	0.01419	0.01251	0.00431	0.00257	0.00081	0.00162	0.00353	0.68541	0.00310
29	0.04870	0.00300	0.00418	0.00431	0.00444	0.00301	0.00290	0.00456	0.00470	0.00661	0.00800	0.17929	0.00865	0.01071	0.01056	0.68618	0.00263	0.00403	0.00176	0.00176
30	0.77813	0.00661	0.00543	0.00471	0.00679	0.00759	0.00387	0.09896	0.02728	0.02861	0.00523	0.00582	0.00397	0.00317	0.00220	0.00101	0.00264	0.00196	0.00221	0.00381
31	0.66867	0.00615	0.00596	0.17398	0.00959	0.00712	0.00470	0.00980	0.00601	0.07498	0.00539	0.00638	0.00402	0.00315	0.00235	0.00102	0.00289	0.00209	0.00205	0.00369

[dist]
# distance from previous block
# <min> <max>
2	18

[block]
# block no. 3 follows, 87 sequences, length 80
# corresponding to MSA columns:
# 616-643,650-701
name=unknown_D
#
# <colnr> <probs for GDERKNQSTAVLIFYWHMCP>
#	G	D	E	R	K	N	Q	S	T	A	V	L	I	F	Y	W	H	M	C	P
0	0.24975	0.02059	0.03232	0.02323	0.02044	0.02019	0.02652	0.28884	0.03443	0.21107	0.02506	0.00830	0.00608	0.00370	0.00304	0.00100	0.01500	0.00276	0.00289	0.00479
1	0.00899	0.00763	0.06807	0.02192	0.13496	0.03616	0.00625	0.04443	0.38478	0.14615	0.03486	0.04064	0.00891	0.00416	0.00328	0.00103	0.00307	0.00352	0.00291	0.03829
2	0.01379	0.00608	0.00841	0.00643	0.00898	0.00554	0.05446	0.08049	0.04419	0.71713	0.01213	0.01075	0.00777	0.00397	0.00331	0.00102	0.00299	0.00330	0.00381	0.00547
3	0.00797	0.00686	0.00725	0.00653	0.00833	0.00791	0.00508	0.01687	0.82468	0.01362	0.04777	0.01266	0.01080	0.00452	0.00334	0.00110	0.00254	0.00378	0.00333	0.00508
4	0.01454	0.00569	0.00766	0.00587	0.00840	0.00501	0.00485	0.04991	0.00958	0.83296	0.01266	0.01097	0.00797	0.00403	0.00328	0.00101	0.00281	0.00327	0.00400	0.00555
5	0.00794	0.00684	0.00723	0.00655	0.00833	0.00789	0.00507	0.01681	0.82456	0.01343	0.01346	0.04751	0.01043	0.00466	0.00335	0.00111	0.00255	0.00391	0.00331	0.00506
6	0.00387	0.00328	0.00334	0.00337	0.00442	0.00275	0.00251	0.00470	0.00741	0.00885	0.04517	0.06584	0.81677	0.00831	0.00387	0.00111	0.00166	0.00696	0.00304	0.00275
7	0.00537	0.00392	0.00558	0.00657	0.04158	0.00392	0.00545	0.00689	0.00750	0.00979	0.01681	0.03562	0.01821	0.00876	0.00445	0.00148	0.00304	0.80902	0.00295	0.00309
8	0.00401	0.00289	0.00380	0.00445	0.00472	0.00268	0.00300	0.00465	0.00649	0.00865	0.07313	0.78832	0.06133	0.00990	0.00413	0.00129	0.00186	0.00894	0.00306	0.00268
9	0.02317	0.00356	0.00485	0.00558	0.00620	0.00353	0.00462	0.00622	0.00713	0.00947	0.01720	0.26306	0.01921	0.00921	0.00436	0.00144	0.00270	0.60258	0.00299	0.00292
10	0.90843	0.00631	0.00479	0.00429	0.00631	0.00732	0.00353	0.00959	0.00555	0.01463	0.00454	0.00530	0.00353	0.00303	0.00202	0.00101	0.00252	0.00177	0.00202	0.00353
11	0.00872	0.88736	0.01709	0.00558	0.00837	0.01290	0.00558	0.00976	0.00663	0.00767	0.00453	0.00523	0.00418	0.00279	0.00209	0.00070	0.00349	0.00174	0.00139	0.00418
12	0.00806	0.00730	0.02920	0.00688	0.00884	0.00810	0.02700	0.01698	0.81612	0.01348	0.01292	0.01195	0.00968	0.00435	0.00333	0.00110	0.00271	0.00366	0.00323	0.00513
13	0.00608	0.00304	0.00304	0.00304	0.00380	0.00304	0.00228	0.00760	0.00684	0.01216	0.01064	0.01216	0.00836	0.00380	0.00228	0.00076	0.00152	0.00304	0.90350	0.00304
14	0.00811	0.00700	0.00737	0.00664	0.00848	0.00811	0.00516	0.01733	0.85917	0.01364	0.01327	0.01217	0.00995	0.00442	0.00332	0.00111	0.00258	0.00369	0.00332	0.00516
15	0.00616	0.00580	0.00978	0.87756	0.02246	0.00724	0.00906	0.00833	0.00652	0.00833	0.00580	0.00869	0.00435	0.00326	0.00326	0.00109	0.00435	0.00290	0.00145	0.00362
16	0.86907	0.00627	0.00491	0.00435	0.00640	0.00720	0.00359	0.00986	0.00572	0.05218	0.00491	0.00555	0.00373	0.00307	0.00207	0.00101	0.00253	0.00183	0.00211	0.00362
17	0.00608	0.00304	0.00304	0.00304	0.00380	0.00304	0.00228	0.00760	0.00684	0.01216	0.01064	0.01216	0.00836	0.00380	0.00228	0.00076	0.00152	0.00304	0.90350	0.00304
18	0.00627	0.00587	0.00989	0.79049	0.08206	0.00718	0.00901	0.00840	0.00661	0.00854	0.00616	0.00949	0.00483	0.00341	0.00329	0.00109	0.00427	0.02790	0.00151	0.00371
19	0.00487	0.00326	0.00366	0.00362	0.00366	0.00327	0.00204	0.01841	0.00491	0.00655	0.01024	0.02112	0.01175	0.87122	0.01638	0.00313	0.00317	0.00471	0.00200	0.00203
20	0.00608	0.00304	0.00304	0.00304	0.00380	0.00304	0.00228	0.00760	0.00684	0.01216	0.01064	0.01216	0.00836	0.00380	0.00228	0.00076	0.00152	0.00304	0.90350	0.00304
21	0.01255	0.00889	0.00963	0.00739	0.00999	0.00975	0.00610	0.79645	0.01492	0.07887	0.00818	0.00805	0.00572	0.00392	0.00326	0.00098	0.00353	0.00296	0.00332	0.00555
22	0.00459	0.00333	0.00433	0.00408	0.00486	0.00307	0.00306	0.00611	0.00918	0.01295	0.83920	0.02456	0.05499	0.00671	0.00385	0.00103	0.00154	0.00593	0.00357	0.00307
23	0.00807	0.00775	0.01324	0.02002	0.86506	0.00775	0.01001	0.01001	0.00742	0.01065	0.00613	0.00807	0.00517	0.00291	0.00323	0.00097	0.00387	0.00291	0.00161	0.00517
24	0.00811	0.00700	0.00737	0.00664	0.00848	0.00811	0.00516	0.01733	0.85917	0.01364	0.01327	0.01217	0.00995	0.00442	0.00332	0.00111	0.00258	0.00369	0.00332	0.00516
25	0.01307	0.03493	0.00910	0.00698	0.00940	0.15335	0.00568	0.38119	0.01186	0.32756	0.00910	0.00862	0.00620	0.00383	0.00318	0.00096	0.00367	0.00289	0.00322	0.00521
26	0.00663	0.00642	0.00998	0.70334	0.11922	0.04788	0.00882	0.00867	0.00675	0.00863	0.00604	0.02592	0.00479	0.00335	0.00324	0.00105	0.00428	0.00297	0.00152	0.02050
27	0.01085	0.00917	0.00950	0.07264	0.15941	0.25742	0.03154	0.02281	0.13395	0.23569	0.01926	0.00910	0.00661	0.00364	0.00320	0.00098	0.00403	0.00295	0.00255	0.00471
28	0.00676	0.00580	0.00676	0.00483	0.00773	0.00435	0.00386	0.00821	0.00676	0.01063	0.00580	0.00676	0.00483	0.00241	0.00241	0.00048	0.00241	0.00193	0.00193	0.90533
29	0.05116	0.00598	0.00711	0.00561	0.03782	0.00496	0.00430	0.05863	0.00755	0.12405	0.00707	0.02725	0.00563	0.00294	0.00263	0.00064	0.00258	0.00236	0.00230	0.63942
30	0.00758	0.00599	0.00743	0.00626	0.08216	0.00475	0.00450	0.01984	0.00714	0.07991	0.00642	0.00724	0.00513	0.00261	0.00257	0.00057	0.00259	0.00214	0.00209	0.74309
31	0.00479	0.00370	0.00465	0.00463	0.00561	0.00314	0.00327	0.00561	0.00639	0.00900	0.01441	0.62716	0.01668	0.00794	0.00365	0.00108	0.00204	0.00713	0.00271	0.26641
32	0.00896	0.82679	0.01654	0.00578	0.00849	0.07262	0.00563	0.00999	0.00681	0.00769	0.00457	0.00528	0.00419	0.00283	0.00215	0.00071	0.00365	0.00177	0.00141	0.00416
33	0.00734	0.00577	0.00680	0.00493	0.00772	0.00446	0.00395	0.02725	0.00721	0.06837	0.03507	0.00767	0.00593	0.00270	0.00254	0.00055	0.00244	0.00218	0.00216	0.79497
34	0.03163	0.11298	0.12254	0.00793	0.02747	0.13743	0.03787	0.05258	0.02213	0.03742	0.00771	0.03364	0.00720	0.00488	0.00503	0.00114	0.21309	0.13136	0.00197	0.00398
35	0.00654	0.01687	0.86850	0.00929	0.01411	0.00757	0.01205	0.01033	0.00688	0.01033	0.00585	0.00688	0.00413	0.00310	0.00310	0.00103	0.00482	0.00241	0.00138	0.00482
36	0.00676	0.00580	0.00676	0.00483	0.00773	0.00435	0.00386	0.00821	0.00676	0.01063	0.00580	0.00676	0.00483	0.00241	0.00241	0.00048	0.00241	0.00193	0.00193	0.90533
37	0.01834	0.01961	0.42625	0.02065	0.01946	0.00572	0.00770	0.00820	0.01739	0.00987	0.10179	0.03463	0.10633	0.05978	0.10791	0.00167	0.00426	0.01255	0.00198	0.01592
38	0.01150	0.01438	0.00945	0.03410	0.04089	0.75458	0.00657	0.01241	0.00879	0.00808	0.00505	0.00613	0.00424	0.00351	0.00351	0.00089	0.06824	0.00221	0.00165	0.00381
39	0.00811	0.00700	0.00737	0.00664	0.00848	0.00811	0.00516	0.01733	0.85917	0.01364	0.01327	0.01217	0.00995	0.00442	0.00332	0.00111	0.00258	0.00369	0.00332	0.00516
40	0.01450	0.00576	0.00770	0.00590	0.00843	0.00511	0.00488	0.06560	0.00969	0.81710	0.01257	0.01091	0.00792	0.00403	0.00328	0.00101	0.00282	0.00326	0.00399	0.00555
41	0.01655	0.01163	0.40481	0.02421	0.28316	0.00754	0.00985	0.04010	0.08398	0.02063	0.01824	0.00889	0.03520	0.00346	0.00331	0.00103	0.01782	0.00292	0.00182	0.00485
42	0.01463	0.00555	0.00757	0.00580	0.00832	0.00479	0.00479	0.01589	0.00933	0.86732	0.01286	0.01110	0.00807	0.00404	0.00328	0.00101	0.00277	0.00328	0.00404	0.00555
43	0.00394	0.00326	0.00345	0.00351	0.00448	0.00277	0.00259	0.00480	0.00747	0.00914	0.10618	0.12344	0.69708	0.00833	0.00389	0.00112	0.00167	0.00705	0.00308	0.00277
44	0.01217	0.00735	0.00880	0.03547	0.06263	0.04155	0.01717	0.31886	0.04003	0.35577	0.03451	0.01011	0.01880	0.00399	0.00327	0.00099	0.00327	0.00321	0.01681	0.00522
45	0.02047	0.10633	0.14250	0.32281	0.07439	0.01997	0.04144	0.15529	0.00836	0.05493	0.00638	0.00786	0.00476	0.00333	0.00322	0.00101	0.01788	0.00273	0.00191	0.00444
46	0.00566	0.00283	0.00425	0.00425	0.00425	0.00283	0.00283	0.00425	0.00425	0.00566	0.00566	0.00991	0.00566	0.01133	0.01274	0.90513	0.00283	0.00283	0.00142	0.00142
47	0.82699	0.02299	0.00545	0.00489	0.02822	0.03320	0.00386	0.02419	0.00589	0.01430	0.00465	0.00543	0.00364	0.00304	0.00210	0.00100	0.00269	0.00182	0.00201	0.00363
48	0.00405	0.00292	0.00383	0.00442	0.00473	0.00271	0.00300	0.00475	0.00668	0.00894	0.12399	0.73209	0.06646	0.00967	0.00411	0.00128	0.00184	0.00873	0.00310	0.00271
49	0.40588	0.43618	0.04065	0.00544	0.02227	0.02733	0.00499	0.00977	0.00623	0.01089	0.00462	0.00538	0.00391	0.00292	0.00213	0.00085	0.00316	0.00180	0.00168	0.00393
50	0.00466	0.00349	0.00524	0.00524	0.00582	0.00408	0.00408	0.00582	0.00524	0.00757	0.00873	0.01281	0.00815	0.02446	0.87248	0.00524	0.00873	0.00349	0.00175	0.00291
51	0.00438	0.00332	0.00403	0.00385	0.00473	0.00298	0.00289	0.00569	0.00867	0.01175	0.60488	0.02654	0.29005	0.00716	0.00385	0.00105	0.00157	0.00620	0.00341	0.00298
52	0.00462	0.00333	0.00436	0.00410	0.00487	0.00308	0.00308	0.00615	0.00923	0.01308	0.86334	0.02436	0.03077	0.00667	0.00385	0.00103	0.00154	0.00590	0.00359	0.00308
53	0.00400	0.00290	0.00379	0.00449	0.00477	0.00269	0.00305	0.00461	0.00637	0.00840	0.01903	0.79743	0.08202	0.01004	0.00415	0.00131	0.00191	0.03334	0.00303	0.00267
54	0.00811	0.00700	0.00737	0.00664	0.00848	0.00811	0.00516	0.01733	0.85917	0.01364	0.01327	0.01217	0.00995	0.00442	0.00332	0.00111	0.00258	0.00369	0.00332	0.00516
55	0.01139	0.00850	0.00912	0.00720	0.00961	0.00942	0.00589	0.67390	0.14841	0.02901	0.02109	0.00957	0.02411	0.00418	0.00330	0.00101	0.00335	0.01230	0.00328	0.00537
56	0.00462	0.00333	0.00436	0.00410	0.00487	0.00308	0.00308	0.00615	0.00923	0.01308	0.86334	0.02436	0.03077	0.00667	0.00385	0.00103	0.00154	0.00590	0.00359	0.00308
57	0.00872	0.88736	0.01709	0.00558	0.00837	0.01290	0.00558	0.00976	0.00663	0.00767	0.00453	0.00523	0.00418	0.00279	0.00209	0.00070	0.00349	0.00174	0.00139	0.00418
58	0.00616	0.00580	0.00978	0.87756	0.02246	0.00724	0.00906	0.00833	0.00652	0.00833	0.00580	0.00869	0.00435	0.00326	0.00326	0.00109	0.00435	0.00290	0.00145	0.00362
59	0.00872	0.88736	0.01709	0.00558	0.00837	0.01290	0.00558	0.00976	0.00663	0.00767	0.00453	0.00523	0.00418	0.00279	0.00209	0.00070	0.00349	0.00174	0.00139	0.00418
60	0.00872	0.88736	0.01709	0.00558	0.00837	0.01290	0.00558	0.00976	0.00663	0.00767	0.00453	0.00523	0.00418	0.00279	0.00209	0.00070	0.00349	0.00174	0.00139	0.00418
61	0.00407	0.00297	0.00385	0.00449	0.00484	0.00275	0.00313	0.00477	0.00657	0.00864	0.04698	0.69545	0.11955	0.00979	0.00414	0.00130	0.00193	0.06902	0.00304	0.00270
62	0.02528	0.00645	0.05527	0.00575	0.02673	0.01505	0.00474	0.07232	0.02128	0.18801	0.08516	0.02624	0.03285	0.00365	0.00293	0.00077	0.00268	0.00299	0.00265	0.41921
63	0.00872	0.88736	0.01709	0.00558	0.00837	0.01290	0.00558	0.00976	0.00663	0.00767	0.00453	0.00523	0.00418	0.00279	0.00209	0.00070	0.00349	0.00174	0.00139	0.00418
64	0.85014	0.00639	0.00515	0.00453	0.00656	0.00736	0.01494	0.04005	0.00594	0.01469	0.00489	0.01892	0.00390	0.00317	0.00212	0.00101	0.00259	0.00195	0.00207	0.00360
65	0.90843	0.00631	0.00479	0.00429	0.00631	0.00732	0.00353	0.00959	0.00555	0.01463	0.00454	0.00530	0.00353	0.00303	0.00202	0.00101	0.00252	0.00177	0.00202	0.00353
66	0.01407	0.00645	0.00813	0.00623	0.00877	0.00613	0.00515	0.22663	0.01084	0.65445	0.01160	0.01028	0.00744	0.00401	0.00327	0.00100	0.00298	0.00319	0.00384	0.00555
67	0.03426	0.03978	0.17379	0.15430	0.02470	0.11067	0.00756	0.09597	0.05454	0.08859	0.00698	0.02178	0.00543	0.00461	0.03101	0.01235	0.12453	0.00283	0.00203	0.00429
68	0.00713	0.00713	0.00999	0.00856	0.00856	0.00999	0.00713	0.00785	0.00499	0.00785	0.00428	0.00713	0.00428	0.00571	0.01070	0.00143	0.87943	0.00285	0.00143	0.00357
69	0.00448	0.00318	0.00361	0.00375	0.00419	0.00295	0.00243	0.00490	0.00604	0.02498	0.01938	0.22224	0.28685	0.38571	0.00939	0.00204	0.00238	0.00644	0.00260	0.00245
70	0.01410	0.00561	0.00765	0.03576	0.00882	0.00498	0.00498	0.03518	0.00934	0.80058	0.01259	0.01146	0.00810	0.00411	0.00330	0.00102	0.00285	0.02024	0.00391	0.00543
71	0.00789	0.02302	0.43261	0.01965	0.24835	0.00773	0.04744	0.05739	0.05741	0.05746	0.00687	0.00788	0.00509	0.00320	0.00319	0.00101	0.00426	0.00276	0.00182	0.00498
72	0.00811	0.00700	0.00737	0.00664	0.00848	0.00811	0.00516	0.01733	0.85917	0.01364	0.01327	0.01217	0.00995	0.00442	0.00332	0.00111	0.00258	0.00369	0.00332	0.00516
73	0.00441	0.00333	0.00407	0.00388	0.00474	0.00299	0.00291	0.00575	0.00874	0.01192	0.63741	0.02627	0.25742	0.00710	0.00385	0.00105	0.00157	0.00617	0.00344	0.00299
74	0.00818	0.00713	0.01098	0.20602	0.14591	0.00767	0.14825	0.21744	0.03059	0.02045	0.01668	0.01942	0.05509	0.01400	0.00379	0.00110	0.02602	0.04603	0.01085	0.00440
75	0.00691	0.00950	0.24165	0.05097	0.30089	0.03079	0.06124	0.00909	0.00685	0.00973	0.00745	0.08320	0.01532	0.00556	0.07209	0.00139	0.06823	0.00344	0.01133	0.00436
76	0.00397	0.00320	0.00355	0.00376	0.00459	0.00278	0.00275	0.00480	0.00723	0.00895	0.07436	0.24985	0.57269	0.00870	0.00395	0.00117	0.00175	0.03613	0.00306	0.00275
77	0.00807	0.00775	0.01324	0.02002	0.86506	0.00775	0.01001	0.01001	0.00742	0.01065	0.00613	0.00807	0.00517	0.00291	0.00323	0.00097	0.00387	0.00291	0.00161	0.00517
78	0.01821	0.00990	0.23702	0.05649	0.15119	0.01693	0.30365	0.01011	0.00737	0.06495	0.02314	0.05104	0.00633	0.01669	0.01148	0.00113	0.00454	0.00350	0.00183	0.00449
79	0.02910	0.00706	0.04294	0.32827	0.39772	0.00731	0.04019	0.00904	0.00693	0.00969	0.00687	0.04338	0.01524	0.00355	0.00348	0.00105	0.02611	0.01609	0.00164	0.00433

[dist]
# distance from previous block
# <min> <max>
0	2

[block]
# block no. 4 follows, 87 sequences, length 16
# corresponding to MSA columns:
# 704-719
name=unknown_E
#
# <colnr> <probs for GDERKNQSTAVLIFYWHMCP>
#	G	D	E	R	K	N	Q	S	T	A	V	L	I	F	Y	W	H	M	C	P
0	0.04502	0.03840	0.00792	0.00604	0.04572	0.00568	0.02535	0.10063	0.01869	0.01173	0.00627	0.02005	0.00521	0.00307	0.01384	0.00069	0.00280	0.00227	0.00207	0.63858
1	0.02213	0.06029	0.08484	0.02903	0.13242	0.17545	0.08695	0.15187	0.08499	0.03045	0.00668	0.00771	0.00523	0.00365	0.00400	0.00102	0.10388	0.00279	0.00206	0.00457
2	0.00449	0.00380	0.00448	0.00437	0.00550	0.00347	0.03534	0.00606	0.06874	0.00931	0.02758	0.08767	0.60497	0.00800	0.00392	0.00117	0.00205	0.11305	0.00299	0.00301
3	0.00410	0.00295	0.00392	0.01810	0.00499	0.00281	0.00311	0.00471	0.00624	0.00831	0.02951	0.75411	0.04038	0.06176	0.01831	0.00148	0.00213	0.02753	0.00293	0.00264
4	0.00453	0.00331	0.00426	0.00406	0.00483	0.00304	0.00303	0.00598	0.00898	0.01257	0.76862	0.05889	0.09184	0.00692	0.00386	0.00104	0.00156	0.00610	0.00353	0.00304
5	0.00654	0.01687	0.86850	0.00929	0.01411	0.00757	0.01205	0.01033	0.00688	0.01033	0.00585	0.00688	0.00413	0.00310	0.00310	0.00103	0.00482	0.00241	0.00138	0.00482
6	0.00804	0.00409	0.00464	0.00418	0.00544	0.00405	0.00324	0.01046	0.11696	0.19498	0.04068	0.04540	0.00976	0.00427	0.00275	0.00089	0.00194	0.00351	0.53089	0.00383
7	0.00397	0.00284	0.00378	0.00454	0.00473	0.00265	0.00303	0.00454	0.00624	0.00832	0.01797	0.88327	0.02157	0.01022	0.00416	0.00132	0.00189	0.00927	0.00303	0.00265
8	0.07246	0.00590	0.00642	0.00569	0.00729	0.00647	0.00444	0.09907	0.39834	0.05259	0.23701	0.04580	0.01484	0.00504	0.00336	0.00106	0.00236	0.00422	0.02320	0.00441
9	0.35507	0.00611	0.00611	0.00472	0.00727	0.00570	0.00382	0.03956	0.00661	0.01253	0.00539	0.00624	0.00435	0.00271	0.00229	0.00070	0.00250	0.00190	0.00201	0.52440
10	0.00872	0.88736	0.01709	0.00558	0.00837	0.01290	0.00558	0.00976	0.00663	0.00767	0.00453	0.00523	0.00418	0.00279	0.00209	0.00070	0.00349	0.00174	0.00139	0.00418
11	0.00473	0.00320	0.00376	0.00376	0.00383	0.00327	0.00223	0.00487	0.00480	0.00647	0.01009	0.02032	0.01141	0.78225	0.11914	0.00341	0.00383	0.00459	0.00195	0.00209
12	0.07850	0.01670	0.00897	0.51674	0.01657	0.00676	0.02500	0.03446	0.00731	0.18988	0.00777	0.03042	0.00585	0.00375	0.00334	0.00108	0.01849	0.02219	0.00217	0.00406
13	0.83382	0.00630	0.00502	0.00445	0.00648	0.00724	0.00365	0.01017	0.03930	0.05198	0.00525	0.00582	0.00398	0.00313	0.00212	0.00101	0.00254	0.00191	0.00216	0.00368
14	0.00929	0.50279	0.01339	0.02252	0.04251	0.19081	0.00575	0.06548	0.00790	0.00917	0.04279	0.00677	0.00561	0.00317	0.00251	0.00077	0.00385	0.00218	0.02290	0.03983
15	0.04153	0.00504	0.01574	0.09713	0.08369	0.03902	0.01611	0.04331	0.04335	0.04053	0.01338	0.46684	0.01459	0.02023	0.00393	0.00123	0.00279	0.04546	0.00265	0.00344

[dist]
# distance from previous block
# <min> <max>
0	2

[block]
# block no. 5 follows, 87 sequences, length 49
# corresponding to MSA columns:
# 722-770
name=unknown_F
#
# <colnr> <probs for GDERKNQSTAVLIFYWHMCP>
#	G	D	E	R	K	N	Q	S	T	A	V	L	I	F	Y	W	H	M	C	P
0	0.02055	0.22618	0.23121	0.05018	0.12500	0.06859	0.03526	0.04030	0.01473	0.09323	0.01405	0.00784	0.02268	0.00337	0.00318	0.00094	0.03370	0.00260	0.00185	0.00455
1	0.05263	0.00564	0.00661	0.00584	0.00740	0.03542	0.01450	0.14351	0.00895	0.21983	0.02774	0.02665	0.01053	0.00538	0.00371	0.00111	0.04196	0.22223	0.15625	0.00412
2	0.00510	0.00353	0.00436	0.00406	0.00504	0.00320	0.00308	0.00661	0.02563	0.06311	0.59799	0.02500	0.22734	0.00684	0.00380	0.00104	0.00166	0.00593	0.00348	0.00319
3	0.01585	0.07854	0.34276	0.03732	0.19812	0.03706	0.00922	0.08017	0.01735	0.09321	0.00660	0.00758	0.00493	0.00337	0.00351	0.00100	0.05405	0.00263	0.00188	0.00483
4	0.00628	0.00543	0.01578	0.06259	0.12903	0.00566	0.00520	0.01031	0.28798	0.01159	0.18997	0.08904	0.11033	0.00564	0.00356	0.00109	0.00252	0.03323	0.02075	0.00404
5	0.00449	0.00333	0.00422	0.00425	0.00503	0.00306	0.00325	0.00578	0.00833	0.01129	0.49552	0.11577	0.19266	0.00767	0.00397	0.00114	0.00180	0.12215	0.00334	0.00296
6	0.01268	0.00511	0.00693	0.00549	0.00765	0.00445	0.00446	0.01396	0.00921	0.70260	0.14804	0.04277	0.01213	0.00466	0.00340	0.00102	0.00255	0.00390	0.00393	0.00506
7	0.01696	0.07888	0.05882	0.16073	0.09705	0.13231	0.07891	0.08076	0.05978	0.01019	0.00856	0.15363	0.00805	0.00459	0.00344	0.00105	0.01721	0.02294	0.00208	0.00406
8	0.01233	0.00838	0.00917	0.00706	0.00957	0.00910	0.00582	0.70939	0.01417	0.12129	0.00858	0.00845	0.00600	0.00392	0.00321	0.00097	0.00338	0.00298	0.05082	0.00541
9	0.81877	0.01735	0.00529	0.00454	0.00660	0.02828	0.00373	0.04193	0.00606	0.01451	0.00471	0.00544	0.00367	0.00305	0.00210	0.00099	0.00265	0.00182	0.00205	0.02645
10	0.00420	0.00307	0.00402	0.00455	0.00495	0.00279	0.00309	0.00486	0.00638	0.00865	0.04511	0.79158	0.02066	0.00954	0.00403	0.00125	0.00192	0.00863	0.00297	0.06778
11	0.00863	0.85408	0.04964	0.00572	0.00859	0.01270	0.00583	0.00979	0.00664	0.00777	0.00458	0.00529	0.00418	0.00280	0.00213	0.00071	0.00354	0.00177	0.00139	0.00421
12	0.00462	0.00333	0.00436	0.00410	0.00487	0.00308	0.00308	0.00615	0.00923	0.01308	0.86334	0.02436	0.03077	0.00667	0.00385	0.00103	0.00154	0.00590	0.00359	0.00308
13	0.00468	0.00339	0.00474	0.00474	0.00515	0.00380	0.00345	0.00550	0.00509	0.00720	0.00919	0.01535	0.00925	0.28087	0.61757	0.00462	0.00707	0.00387	0.00182	0.00263
14	0.01459	0.00561	0.00761	0.00583	0.00836	0.00489	0.00482	0.03090	0.00944	0.85216	0.01277	0.01104	0.00803	0.00403	0.00328	0.00101	0.00279	0.00327	0.00402	0.00555
15	0.00713	0.00713	0.00999	0.00856	0.00856	0.00999	0.00713	0.00785	0.00499	0.00785	0.00428	0.00713	0.00428	0.00571	0.01070	0.00143	0.87943	0.00285	0.00143	0.00357
16	0.01218	0.01554	0.00924	0.00840	0.01008	0.87231	0.00630	0.01302	0.00924	0.00798	0.00504	0.00588	0.00420	0.00336	0.00294	0.00084	0.00588	0.00210	0.00168	0.00378
17	0.00432	0.00330	0.00399	0.00406	0.00487	0.00297	0.00307	0.00547	0.00802	0.01059	0.36904	0.13732	0.33177	0.00793	0.00395	0.00114	0.00177	0.09026	0.00326	0.00290
18	0.00654	0.01687	0.86850	0.00929	0.01411	0.00757	0.01205	0.01033	0.00688	0.01033	0.00585	0.00688	0.00413	0.00310	0.00310	0.00103	0.00482	0.00241	0.00138	0.00482
19	0.00796	0.00680	0.00718	0.00647	0.00826	0.00784	0.00503	0.01677	0.81381	0.01359	0.03577	0.01249	0.01046	0.00447	0.00330	0.00109	0.00252	0.00373	0.02740	0.00505
20	0.00490	0.00363	0.00460	0.00431	0.00516	0.00349	0.00325	0.00706	0.07821	0.01312	0.79435	0.02337	0.02908	0.00648	0.00380	0.00103	0.00162	0.00572	0.00357	0.00325
21	0.00683	0.01366	0.61357	0.07913	0.05123	0.00701	0.01034	0.01000	0.00693	0.03382	0.00604	0.00718	0.00440	0.00303	0.00302	0.00095	0.00434	0.00243	0.00155	0.13454
22	0.01910	0.04067	0.26406	0.16608	0.04463	0.02411	0.00802	0.08223	0.01705	0.25967	0.03712	0.00911	0.00643	0.00359	0.00318	0.00101	0.00382	0.00291	0.00244	0.00477
23	0.00412	0.00293	0.00385	0.00455	0.00478	0.00277	0.00306	0.00484	0.01917	0.00845	0.01754	0.81367	0.02083	0.03339	0.00445	0.00136	0.00195	0.02569	0.01991	0.00268
24	0.00808	0.00757	0.01087	0.00873	0.01094	0.00827	0.24404	0.03745	0.56789	0.01273	0.01094	0.01093	0.00823	0.00398	0.00372	0.00111	0.03315	0.00368	0.00278	0.00490
25	0.00702	0.00574	0.00736	0.18418	0.01064	0.00513	0.00500	0.05005	0.00705	0.03307	0.00625	0.01997	0.00514	0.00334	0.00328	0.05364	0.00290	0.00237	0.00194	0.58594
26	0.00600	0.00501	0.00709	0.00699	0.07033	0.01452	0.05293	0.04579	0.00615	0.00855	0.04170	0.10709	0.01038	0.25802	0.12036	0.03563	0.17170	0.02663	0.00203	0.00308
27	0.00456	0.00333	0.00428	0.00405	0.00484	0.00305	0.00303	0.00605	0.00910	0.01277	0.80462	0.02485	0.08967	0.00678	0.00385	0.00103	0.00155	0.00597	0.00355	0.00305
28	0.00616	0.00580	0.00978	0.87756	0.02246	0.00724	0.00906	0.00833	0.00652	0.00833	0.00580	0.00869	0.00435	0.00326	0.00326	0.00109	0.00435	0.00290	0.00145	0.00362
29	0.00872	0.88736	0.01709	0.00558	0.00837	0.01290	0.00558	0.00976	0.00663	0.00767	0.00453	0.00523	0.00418	0.00279	0.00209	0.00070	0.00349	0.00174	0.00139	0.00418
30	0.00653	0.00606	0.00888	0.51277	0.02976	0.01835	0.00725	0.00835	0.00654	0.00906	0.00568	0.00792	0.00451	0.00316	0.00352	0.00091	0.06687	0.00258	0.00161	0.28970
31	0.00616	0.00580	0.00978	0.87756	0.02246	0.00724	0.00906	0.00833	0.00652	0.00833	0.00580	0.00869	0.00435	0.00326	0.00326	0.00109	0.00435	0.00290	0.00145	0.00362
32	0.01463	0.00555	0.00757	0.00580	0.00832	0.00479	0.00479	0.01589	0.00933	0.86732	0.01286	0.01110	0.00807	0.00404	0.00328	0.00101	0.00277	0.00328	0.00404	0.00555
33	0.14360	0.00960	0.02956	0.05550	0.15768	0.24704	0.00654	0.02399	0.23574	0.01119	0.00743	0.00811	0.00584	0.00361	0.00331	0.00100	0.04102	0.00271	0.00215	0.00438
34	0.00468	0.00337	0.00461	0.00461	0.00498	0.00373	0.00329	0.00542	0.00509	0.00714	0.00962	0.01615	0.02119	0.33551	0.55115	0.00443	0.00662	0.00399	0.00185	0.00257
35	0.01641	0.14779	0.05247	0.40158	0.07729	0.00830	0.11248	0.03160	0.02965	0.02091	0.00705	0.00891	0.03752	0.00341	0.00338	0.00102	0.03151	0.00297	0.00167	0.00406
36	0.02579	0.00873	0.01886	0.01365	0.02924	0.00822	0.82381	0.01042	0.00765	0.01053	0.00655	0.00872	0.00492	0.00276	0.00380	0.00110	0.00541	0.00379	0.00166	0.00439
37	0.01199	0.00893	0.00956	0.00742	0.00996	0.00992	0.00610	0.77540	0.09477	0.01990	0.00834	0.00824	0.00596	0.00396	0.00327	0.00099	0.00349	0.00301	0.00327	0.00551
38	0.00403	0.00290	0.00383	0.00451	0.00477	0.00270	0.00306	0.00467	0.00645	0.00858	0.05365	0.78730	0.05937	0.00995	0.00414	0.00131	0.00190	0.03114	0.00305	0.00268
39	0.02204	0.12223	0.06306	0.16513	0.13933	0.04610	0.02560	0.26591	0.02637	0.08300	0.00699	0.00788	0.00521	0.00341	0.00308	0.00097	0.00387	0.00275	0.00228	0.00479
40	0.00515	0.00369	0.00467	0.00433	0.00522	0.00352	0.00329	0.03903	0.03454	0.02311	0.76313	0.02329	0.03825	0.00647	0.00379	0.00103	0.00168	0.01646	0.01608	0.00326
41	0.00397	0.00284	0.00378	0.00454	0.00473	0.00265	0.00303	0.00454	0.00624	0.00832	0.01797	0.88327	0.02157	0.01022	0.00416	0.00132	0.00189	0.00927	0.00303	0.00265
42	0.01942	0.06325	0.18798	0.22243	0.30288	0.02683	0.02046	0.05138	0.01801	0.03522	0.00620	0.00784	0.00480	0.00318	0.00324	0.00100	0.01686	0.00273	0.00169	0.00461
43	0.02904	0.00712	0.04993	0.09110	0.06421	0.03065	0.03968	0.05939	0.06357	0.12183	0.00799	0.01980	0.02376	0.00617	0.07082	0.01937	0.26812	0.01425	0.00907	0.00412
44	0.01361	0.00533	0.00723	0.00562	0.00797	0.00461	0.00461	0.01489	0.00930	0.78097	0.08705	0.01254	0.02213	0.00432	0.00334	0.00101	0.00265	0.00356	0.00398	0.00530
45	0.00807	0.00775	0.01324	0.02002	0.86506	0.00775	0.01001	0.01001	0.00742	0.01065	0.00613	0.00807	0.00517	0.00291	0.00323	0.00097	0.00387	0.00291	0.00161	0.00517
46	0.01725	0.03482	0.29734	0.06458	0.27072	0.03532	0.10270	0.01018	0.00739	0.05646	0.02743	0.00939	0.02281	0.00340	0.00327	0.00102	0.00425	0.02525	0.00177	0.00465
47	0.02442	0.00511	0.02432	0.03849	0.00710	0.00510	0.00423	0.01813	0.19338	0.16258	0.23532	0.01670	0.06108	0.10751	0.00519	0.00129	0.03215	0.00433	0.04964	0.00393
48	0.06023	0.03328	0.00994	0.12963	0.13944	0.25475	0.07960	0.07255	0.00860	0.02689	0.13531	0.00990	0.00862	0.00375	0.00319	0.00096	0.00415	0.00312	0.01203	0.00407

[dist]
# distance from previous block
# <min> <max>
1	12

[block]
# block no. 6 follows, 87 sequences, length 64
# corresponding to MSA columns:
# 785-848
name=unknown_G
#
# <colnr> <probs for GDERKNQSTAVLIFYWHMCP>
#	G	D	E	R	K	N	Q	S	T	A	V	L	I	F	Y	W	H	M	C	P
0	0.00421	0.00312	0.00413	0.03880	0.00550	0.00295	0.00331	0.00506	0.00691	0.00922	0.15968	0.59570	0.09741	0.00913	0.00406	0.00125	0.00195	0.04177	0.00306	0.00278
1	0.00407	0.00326	0.00363	0.00366	0.00458	0.00283	0.00271	0.00504	0.00773	0.00979	0.23080	0.12440	0.56079	0.00810	0.00389	0.00111	0.00167	0.01594	0.00316	0.00282
2	0.00866	0.00728	0.00768	0.00675	0.00869	0.00837	0.00529	0.12375	0.75186	0.01452	0.01258	0.01161	0.00939	0.00436	0.00331	0.00109	0.00271	0.00359	0.00331	0.00521
3	0.00807	0.00775	0.01324	0.02002	0.86506	0.00775	0.01001	0.01001	0.00742	0.01065	0.00613	0.00807	0.00517	0.00291	0.00323	0.00097	0.00387	0.00291	0.00161	0.00517
4	0.00927	0.00758	0.00802	0.00687	0.00892	0.00865	0.00544	0.24277	0.63184	0.01550	0.01181	0.01100	0.00877	0.00429	0.00330	0.00107	0.00285	0.00348	0.00330	0.00526
5	0.01240	0.00913	0.00979	0.00750	0.01011	0.01011	0.00620	0.85419	0.01533	0.02055	0.00783	0.00783	0.00555	0.00391	0.00326	0.00098	0.00359	0.00294	0.00326	0.00555
6	0.00393	0.00322	0.00348	0.00366	0.00455	0.00277	0.00268	0.00474	0.00722	0.00883	0.04715	0.20955	0.64587	0.00866	0.00394	0.00116	0.00174	0.03108	0.00304	0.00275
7	0.00525	0.00375	0.00525	0.00601	0.00676	0.00375	0.00525	0.00676	0.00751	0.00976	0.01727	0.03678	0.01877	0.00901	0.00450	0.00150	0.00300	0.84311	0.00300	0.00300
8	0.00397	0.00284	0.00378	0.00454	0.00473	0.00265	0.00303	0.00454	0.00624	0.00832	0.01797	0.88327	0.02157	0.01022	0.00416	0.00132	0.00189	0.00927	0.00303	0.00265
9	0.90843	0.00631	0.00479	0.00429	0.00631	0.00732	0.00353	0.00959	0.00555	0.01463	0.00454	0.00530	0.00353	0.00303	0.00202	0.00101	0.00252	0.00177	0.00202	0.00353
10	0.00428	0.00301	0.00389	0.00438	0.00462	0.00290	0.00294	0.00490	0.00630	0.00860	0.09018	0.62894	0.02018	0.13598	0.00597	0.00155	0.01580	0.01650	0.03648	0.00262
11	0.90843	0.00631	0.00479	0.00429	0.00631	0.00732	0.00353	0.00959	0.00555	0.01463	0.00454	0.00530	0.00353	0.00303	0.00202	0.00101	0.00252	0.00177	0.00202	0.00353
12	0.00654	0.01687	0.86850	0.00929	0.01411	0.00757	0.01205	0.01033	0.00688	0.01033	0.00585	0.00688	0.00413	0.00310	0.00310	0.00103	0.00482	0.00241	0.00138	0.00482
13	0.00858	0.00797	0.03739	0.00745	0.04407	0.06550	0.00576	0.05686	0.65126	0.02830	0.01179	0.01147	0.00896	0.00431	0.00345	0.00109	0.02065	0.01709	0.00304	0.00502
14	0.00826	0.68686	0.17759	0.00664	0.02226	0.01172	0.01789	0.00986	0.00668	0.00826	0.00483	0.00566	0.00420	0.00289	0.00244	0.00078	0.01556	0.00193	0.00140	0.00431
15	0.00758	0.18700	0.54443	0.00930	0.07575	0.00856	0.03798	0.01045	0.00700	0.05667	0.00599	0.00694	0.00446	0.00312	0.00310	0.00097	0.02201	0.00242	0.00155	0.00472
16	0.00755	0.02605	0.31202	0.01179	0.01557	0.00806	0.51454	0.02713	0.00758	0.02825	0.00646	0.00811	0.00473	0.00292	0.00354	0.00107	0.00514	0.00329	0.00163	0.00459
17	0.00430	0.00326	0.00396	0.00391	0.00471	0.00292	0.00288	0.00550	0.00831	0.01118	0.50341	0.12933	0.28927	0.00759	0.00389	0.00108	0.00162	0.00661	0.00335	0.00292
18	0.00547	0.00618	0.14705	0.03083	0.07501	0.00481	0.02645	0.00692	0.02723	0.00882	0.02549	0.25035	0.05006	0.00922	0.09900	0.10919	0.03663	0.07578	0.00219	0.00329
19	0.00892	0.10630	0.06377	0.03325	0.04479	0.09461	0.37157	0.04403	0.04075	0.09739	0.00788	0.00929	0.02735	0.00338	0.00350	0.00102	0.01904	0.01668	0.00202	0.00446
20	0.00926	0.00645	0.00716	0.00625	0.00816	0.00709	0.00492	0.01633	0.62711	0.18853	0.04031	0.01234	0.01018	0.00439	0.00329	0.00107	0.00255	0.00365	0.03587	0.00510
21	0.00439	0.00313	0.00425	0.00499	0.00535	0.00301	0.00372	0.00525	0.00662	0.00875	0.01763	0.60120	0.02053	0.02343	0.00446	0.00141	0.00226	0.27386	0.00300	0.00275
22	0.00776	0.03714	0.03559	0.18978	0.45543	0.00774	0.07066	0.01004	0.04238	0.04088	0.00680	0.00915	0.00556	0.00336	0.00359	0.00104	0.04060	0.02609	0.00176	0.00464
23	0.00869	0.51300	0.14871	0.02093	0.00992	0.03393	0.06365	0.01029	0.00706	0.09591	0.00653	0.05639	0.00562	0.00341	0.00265	0.00085	0.00375	0.00260	0.00178	0.00433
24	0.00404	0.00284	0.00376	0.00449	0.00470	0.00266	0.00300	0.00464	0.00626	0.00845	0.01772	0.85385	0.02112	0.01000	0.00410	0.00131	0.00188	0.00906	0.03344	0.00266
25	0.00622	0.00583	0.00980	0.80243	0.07074	0.00715	0.00892	0.00832	0.00654	0.00844	0.00606	0.02189	0.00476	0.01588	0.00346	0.00111	0.00427	0.00302	0.00149	0.00367
26	0.02384	0.04186	0.35572	0.00915	0.09637	0.04601	0.04052	0.09272	0.03343	0.19779	0.00783	0.00842	0.00559	0.02223	0.00343	0.00105	0.00405	0.00279	0.00227	0.00493
27	0.00926	0.00536	0.00618	0.00517	0.00687	0.04203	0.00412	0.09459	0.00928	0.32491	0.18546	0.01839	0.23705	0.00568	0.00375	0.00104	0.02862	0.00465	0.00343	0.00419
28	0.39143	0.21526	0.01918	0.00641	0.03630	0.20438	0.02261	0.03936	0.00710	0.01133	0.00508	0.01932	0.00428	0.00318	0.00241	0.00090	0.00367	0.00208	0.00183	0.00388
29	0.00483	0.00328	0.00411	0.00390	0.00468	0.00306	0.00293	0.00634	0.00878	0.01278	0.69472	0.02258	0.05520	0.00625	0.00359	0.00098	0.00154	0.00546	0.15193	0.00306
30	0.00874	0.86484	0.02783	0.00566	0.00846	0.02411	0.00567	0.00981	0.00666	0.00771	0.00456	0.00526	0.00418	0.00280	0.00212	0.00070	0.00354	0.00176	0.00140	0.00419
