[name]
unknown

[dist]
# distance from previous block
# <min> <max>
135	1049

[block]
# block no. 0 follows, 69 sequences, length 31
# corresponding to MSA columns:
# 1808-1838
name=unknown_A
#
# <colnr> <probs for GDERKNQSTAVLIFYWHMCP>
#	G	D	E	R	K	N	Q	S	T	A	V	L	I	F	Y	W	H	M	C	P
0	0.01040	0.31288	0.03347	0.04886	0.04362	0.05353	0.00684	0.06826	0.04540	0.06642	0.02892	0.00902	0.00686	0.00430	0.00412	0.03171	0.05091	0.00287	0.00237	0.16924
1	0.02459	0.21141	0.29510	0.02655	0.03446	0.01038	0.07383	0.08026	0.01591	0.02049	0.03975	0.00907	0.00669	0.00392	0.00385	0.00110	0.03979	0.00306	0.00213	0.09767
2	0.07965	0.09681	0.04361	0.05606	0.11749	0.00912	0.11720	0.10734	0.06030	0.04028	0.02718	0.05268	0.02566	0.03233	0.05249	0.00162	0.03054	0.04194	0.00265	0.00506
3	0.00901	0.00819	0.03141	0.03802	0.25333	0.03790	0.05850	0.08373	0.11345	0.01376	0.02851	0.04945	0.04564	0.04666	0.02409	0.00145	0.00413	0.03184	0.09476	0.02618
4	0.00756	0.00635	0.04779	0.00746	0.07816	0.00506	0.00536	0.00917	0.02453	0.06151	0.07118	0.24441	0.03455	0.02290	0.00472	0.04028	0.00299	0.00560	0.00295	0.31745
5	0.00766	0.00789	0.01511	0.01208	0.04671	0.01726	0.44008	0.01005	0.02319	0.01172	0.01434	0.25902	0.07387	0.00644	0.00462	0.00137	0.00475	0.00664	0.00263	0.03455
6	0.00795	0.00738	0.01108	0.20244	0.26935	0.04813	0.02731	0.01022	0.03970	0.01079	0.00904	0.03267	0.00804	0.05541	0.24056	0.00278	0.00642	0.00400	0.00209	0.00466
7	0.01247	0.00793	0.00926	0.00844	0.06297	0.02462	0.00627	0.10477	0.32998	0.27676	0.03641	0.01447	0.04268	0.00518	0.00394	0.00124	0.00336	0.00427	0.03888	0.00609
8	0.56586	0.00726	0.00713	0.04684	0.00931	0.00781	0.00506	0.01390	0.00820	0.28255	0.00876	0.00882	0.00605	0.00404	0.00299	0.00122	0.00324	0.00278	0.00318	0.00503
9	0.00875	0.00853	0.05078	0.11651	0.23183	0.00928	0.00916	0.01097	0.04429	0.04360	0.05415	0.01182	0.04056	0.00531	0.00695	0.00136	0.29232	0.00383	0.00225	0.04774
10	0.00541	0.00400	0.00505	0.00479	0.00577	0.00364	0.00359	0.00713	0.01077	0.01494	0.71448	0.03057	0.15869	0.00831	0.00463	0.00125	0.00187	0.00727	0.00421	0.00364
11	0.00548	0.00398	0.00517	0.00492	0.00583	0.00366	0.00367	0.00725	0.01086	0.01529	0.77210	0.06630	0.06421	0.00827	0.00464	0.00125	0.00187	0.00731	0.00426	0.00366
12	0.06584	0.00597	0.00769	0.00656	0.00827	0.00621	0.00521	0.04843	0.00885	0.33484	0.01197	0.01410	0.00932	0.09321	0.20903	0.00271	0.07930	0.00397	0.07361	0.00490
13	0.00494	0.00396	0.00441	0.00435	0.00549	0.00343	0.00324	0.00620	0.00958	0.01224	0.29888	0.06886	0.54181	0.00940	0.00465	0.00131	0.00195	0.00801	0.00386	0.00343
14	0.00653	0.00478	0.00635	0.05336	0.06614	0.00466	0.00482	0.05403	0.00931	0.04228	0.18286	0.36868	0.13303	0.00907	0.00456	0.00138	0.00262	0.00804	0.03357	0.00392
15	0.00820	0.13041	0.73477	0.01059	0.01607	0.00994	0.01347	0.01233	0.00824	0.01200	0.00683	0.00802	0.00497	0.00368	0.00357	0.00119	0.00558	0.00279	0.00166	0.00569
16	0.00914	0.00790	0.01345	0.40154	0.33068	0.00862	0.04878	0.01155	0.00854	0.08027	0.00799	0.01058	0.00616	0.00467	0.03262	0.00142	0.00510	0.00360	0.00210	0.00526
17	0.00901	0.00695	0.01035	0.01338	0.35663	0.00675	0.00765	0.05822	0.01014	0.10231	0.16793	0.02043	0.16146	0.00606	0.00424	0.00124	0.00345	0.04543	0.00320	0.00517
18	0.01029	0.00879	0.01117	0.00912	0.01058	0.07087	0.03952	0.01153	0.00771	0.13262	0.00721	0.00916	0.00598	0.00541	0.00852	0.00134	0.46073	0.00326	0.00233	0.18386
19	0.26856	0.00954	0.00863	0.00713	0.00962	0.10679	0.00570	0.25215	0.05409	0.01733	0.00805	0.00920	0.00635	0.03737	0.00408	0.00120	0.02379	0.00297	0.04419	0.12324
20	0.00795	0.00810	0.01550	0.52080	0.02381	0.00891	0.29925	0.01073	0.00833	0.01092	0.00791	0.04551	0.00634	0.00405	0.00422	0.00132	0.00560	0.00421	0.00191	0.00464
21	0.00968	0.00553	0.00790	0.00873	0.13486	0.00514	0.00579	0.01126	0.00975	0.25461	0.18269	0.18067	0.03846	0.00742	0.00440	0.00133	0.00298	0.08846	0.03553	0.00484
22	0.04318	0.00551	0.00683	0.00577	0.00745	0.00519	0.00430	0.01307	0.05416	0.38880	0.07015	0.01867	0.01313	0.30960	0.00959	0.00213	0.00333	0.00474	0.02969	0.00474
23	0.01208	0.00793	0.00899	0.00731	0.00970	0.00835	0.00589	0.34444	0.13079	0.16248	0.18766	0.01607	0.03892	0.00567	0.00406	0.00121	0.00329	0.00463	0.03473	0.00577
24	0.88991	0.00758	0.00576	0.00516	0.00758	0.00879	0.00425	0.01152	0.00667	0.01759	0.00546	0.00637	0.00425	0.00364	0.00243	0.00121	0.00303	0.00212	0.00243	0.00425
25	0.00867	0.00725	0.00845	0.00801	0.04095	0.02724	0.02023	0.06589	0.34255	0.01355	0.01319	0.01666	0.02092	0.12538	0.11156	0.00229	0.06847	0.04219	0.05167	0.00488
26	0.00482	0.00347	0.00450	0.00531	0.00559	0.00323	0.00353	0.00548	0.00749	0.00991	0.02215	0.76609	0.07222	0.05898	0.00581	0.00170	0.00234	0.01068	0.00357	0.00315
27	0.28744	0.00867	0.01251	0.05735	0.47200	0.00916	0.04073	0.01214	0.04067	0.01431	0.00711	0.00892	0.00576	0.00362	0.00346	0.00120	0.00419	0.00314	0.00217	0.00546
28	0.00588	0.00471	0.00687	0.00755	0.06425	0.00455	0.04967	0.00726	0.03633	0.01072	0.03260	0.57684	0.02119	0.05605	0.00574	0.00162	0.01767	0.04666	0.00330	0.04055
29	0.00576	0.00453	0.00671	0.05317	0.00843	0.00438	0.06104	0.00700	0.00800	0.01062	0.03546	0.43852	0.05050	0.07137	0.00599	0.00171	0.00314	0.18687	0.00329	0.03350
30	0.05880	0.04670	0.03378	0.30871	0.01749	0.05839	0.10005	0.08428	0.00953	0.11142	0.00810	0.00973	0.00597	0.00385	0.00369	0.00114	0.00471	0.00330	0.00246	0.12790

[dist]
# distance from previous block
# <min> <max>
0	34

[block]
# block no. 1 follows, 69 sequences, length 22
# corresponding to MSA columns:
# 1904-1925
name=unknown_B
#
# <colnr> <probs for GDERKNQSTAVLIFYWHMCP>
#	G	D	E	R	K	N	Q	S	T	A	V	L	I	F	Y	W	H	M	C	P
0	0.01040	0.00918	0.01312	0.05941	0.36488	0.07010	0.06969	0.06884	0.03212	0.07909	0.06791	0.01123	0.00868	0.00403	0.00386	0.00111	0.00442	0.00368	0.00258	0.11566
1	0.00657	0.04838	0.00661	0.05894	0.03457	0.03409	0.00445	0.03406	0.00794	0.01008	0.01994	0.08177	0.26948	0.16224	0.06207	0.09437	0.00372	0.02764	0.02969	0.00340
2	0.03959	0.00531	0.00678	0.00584	0.00759	0.00492	0.00452	0.01241	0.05019	0.33236	0.32435	0.07449	0.04118	0.06614	0.00535	0.00143	0.00269	0.00577	0.00425	0.00485
3	0.00570	0.00359	0.00488	0.00531	0.00554	0.00347	0.00363	0.00573	0.00691	0.00925	0.07231	0.37104	0.01904	0.11482	0.01004	0.27863	0.00289	0.07162	0.00293	0.00269
4	0.00571	0.00390	0.00450	0.00452	0.00454	0.00398	0.00263	0.00578	0.00584	0.00782	0.01282	0.08525	0.01485	0.77787	0.01869	0.00359	0.02673	0.00603	0.00245	0.00249
5	0.01108	0.00873	0.01225	0.05581	0.22827	0.00918	0.06675	0.31238	0.01235	0.05817	0.07235	0.01276	0.00957	0.06524	0.04610	0.00163	0.00464	0.00407	0.00303	0.00565
6	0.00864	0.00695	0.00818	0.00587	0.00933	0.00525	0.00471	0.01037	0.00830	0.05729	0.00743	0.00841	0.00602	0.00301	0.00296	0.00061	0.00293	0.00241	0.00246	0.83889
7	0.05194	0.00775	0.00983	0.22696	0.03955	0.00885	0.02780	0.10862	0.32094	0.01520	0.10120	0.01424	0.01171	0.03301	0.00449	0.00137	0.00381	0.00428	0.00319	0.00526
8	0.01048	0.86458	0.02054	0.00671	0.01006	0.01551	0.00671	0.01174	0.00797	0.00922	0.00545	0.00629	0.00503	0.00335	0.00252	0.00084	0.00419	0.00210	0.00168	0.00503
9	0.01035	0.00920	0.01342	0.01429	0.27019	0.01034	0.06557	0.21537	0.01036	0.01464	0.00754	0.00973	0.00626	0.00644	0.06433	0.00166	0.22967	0.00357	0.00241	0.03466
10	0.00775	0.00732	0.01238	0.72917	0.14795	0.00880	0.01106	0.01032	0.00800	0.01043	0.00703	0.01034	0.00537	0.00386	0.00391	0.00129	0.00514	0.00349	0.00177	0.00463
11	0.00541	0.00397	0.00500	0.00491	0.00578	0.00365	0.00364	0.00693	0.01007	0.01385	0.56918	0.09663	0.14449	0.06313	0.00567	0.00147	0.00211	0.04660	0.00401	0.00352
12	0.00813	0.00697	0.00813	0.00581	0.00929	0.00523	0.00465	0.00987	0.00813	0.01277	0.00697	0.00813	0.00581	0.00290	0.00290	0.00058	0.00290	0.00232	0.00232	0.88619
13	0.00640	0.00569	0.00947	0.42736	0.01735	0.00642	0.06629	0.00824	0.00780	0.01020	0.01335	0.37648	0.01420	0.00748	0.00444	0.00143	0.00405	0.00687	0.00258	0.00392
14	0.00542	0.00405	0.00474	0.00491	0.00599	0.00359	0.00375	0.00661	0.00908	0.03672	0.14139	0.16991	0.45287	0.01003	0.00478	0.00142	0.00229	0.12519	0.00376	0.00349
15	0.01107	0.06671	0.00942	0.09660	0.05103	0.09016	0.00639	0.01283	0.02984	0.27026	0.01343	0.09232	0.03750	0.00890	0.11581	0.00191	0.00480	0.04371	0.03235	0.00497
16	0.00479	0.00398	0.00419	0.00414	0.00539	0.00338	0.00310	0.00593	0.00931	0.01148	0.17744	0.03627	0.69790	0.00960	0.00463	0.00131	0.00196	0.00807	0.00376	0.00338
17	0.00897	0.00831	0.00840	0.00644	0.00951	0.10686	0.00505	0.04533	0.00889	0.01271	0.00798	0.06717	0.00715	0.00377	0.00317	0.00073	0.00342	0.00301	0.00245	0.68069
18	0.00895	0.00639	0.00801	0.06304	0.03829	0.00650	0.00574	0.03716	0.18651	0.12276	0.03755	0.16257	0.05122	0.04251	0.00509	0.00138	0.03135	0.05204	0.00341	0.12952
19	0.02913	0.06459	0.36104	0.01240	0.18311	0.00922	0.01089	0.07935	0.04415	0.15553	0.00899	0.00964	0.00645	0.00399	0.00372	0.00119	0.00475	0.00325	0.00256	0.00604
20	0.01021	0.18832	0.10675	0.01147	0.04179	0.01099	0.27978	0.16433	0.06961	0.01422	0.00882	0.04677	0.00723	0.01736	0.00414	0.00123	0.00504	0.00396	0.00247	0.00551
21	0.01051	0.00496	0.00616	0.00538	0.00701	0.00465	0.00419	0.01248	0.04959	0.29809	0.15883	0.05773	0.01540	0.00606	0.00418	0.03821	0.00250	0.00475	0.30461	0.00472

[dist]
# distance from previous block
# <min> <max>
0	1

[block]
# block no. 2 follows, 69 sequences, length 6
# corresponding to MSA columns:
# 1927-1932
name=unknown_C
#
# <colnr> <probs for GDERKNQSTAVLIFYWHMCP>
#	G	D	E	R	K	N	Q	S	T	A	V	L	I	F	Y	W	H	M	C	P
0	0.01078	0.05291	0.12461	0.07974	0.16844	0.00908	0.10490	0.11430	0.01003	0.13833	0.00902	0.03525	0.00696	0.00427	0.00430	0.00119	0.04685	0.00368	0.00263	0.07273
1	0.05030	0.48252	0.03933	0.00772	0.01053	0.09443	0.05452	0.03166	0.03404	0.03085	0.00817	0.10308	0.00777	0.00466	0.00342	0.00105	0.02538	0.00351	0.00219	0.00487
2	0.00562	0.00382	0.00452	0.00460	0.00469	0.00388	0.00276	0.00583	0.00591	0.00796	0.01286	0.08938	0.01466	0.70258	0.11164	0.00391	0.00443	0.00596	0.00244	0.00256
3	0.00805	0.00584	0.00818	0.03348	0.00892	0.02600	0.09637	0.04648	0.02653	0.10189	0.20375	0.05311	0.09135	0.15363	0.06746	0.03534	0.00399	0.02231	0.00326	0.00406
4	0.00993	0.12947	0.23225	0.00992	0.07635	0.03074	0.05599	0.08172	0.04668	0.09761	0.05950	0.01274	0.06978	0.00477	0.00411	0.00119	0.03759	0.00384	0.03039	0.00541
5	0.00923	0.04241	0.07673	0.36924	0.07497	0.12580	0.10118	0.03872	0.00885	0.01132	0.00726	0.00974	0.00565	0.00401	0.00425	0.00123	0.04758	0.00339	0.05367	0.00478

[dist]
# distance from previous block
# <min> <max>
2	4

[block]
# block no. 3 follows, 69 sequences, length 16
# corresponding to MSA columns:
# 1952,1953,1958-1971
name=unknown_D
#
# <colnr> <probs for GDERKNQSTAVLIFYWHMCP>
#	G	D	E	R	K	N	Q	S	T	A	V	L	I	F	Y	W	H	M	C	P
0	0.01061	0.42608	0.04189	0.02950	0.09608	0.01214	0.03123	0.10640	0.03009	0.06062	0.02279	0.05849	0.00762	0.00447	0.00377	0.00108	0.04607	0.00339	0.00238	0.00531
1	0.00577	0.00429	0.00598	0.00590	0.00636	0.00492	0.00434	0.00674	0.00611	0.00868	0.01079	0.01806	0.01087	0.27004	0.56752	0.00536	0.04830	0.00460	0.00216	0.00321
2	0.01334	0.01002	0.14531	0.00998	0.11106	0.03836	0.00806	0.12596	0.02935	0.37423	0.05469	0.04179	0.00996	0.00489	0.00396	0.00122	0.00405	0.00404	0.00366	0.00611
3	0.01210	0.21121	0.05861	0.04250	0.11725	0.36313	0.04602	0.06743	0.02635	0.01135	0.00667	0.00788	0.00548	0.00383	0.00345	0.00104	0.00568	0.00280	0.00206	0.00513
4	0.00833	0.00749	0.00950	0.14529	0.12870	0.03097	0.02180	0.01378	0.33485	0.01306	0.04257	0.01767	0.11178	0.07859	0.00544	0.00151	0.00373	0.01683	0.00307	0.00504
5	0.00498	0.00366	0.00472	0.00546	0.00596	0.00340	0.00390	0.00589	0.00802	0.01047	0.04360	0.60206	0.15074	0.01162	0.00499	0.00157	0.00240	0.11963	0.00365	0.00327
6	0.00568	0.00388	0.00465	0.00465	0.00478	0.00401	0.00285	0.00594	0.00581	0.00788	0.01201	0.02374	0.01342	0.70704	0.17400	0.00427	0.00505	0.00542	0.00232	0.00259
7	0.00569	0.00427	0.00526	0.05453	0.00706	0.00406	0.00397	0.00751	0.03996	0.02428	0.35917	0.14181	0.26746	0.00861	0.00451	0.00130	0.00221	0.00747	0.04719	0.00368
8	0.08352	0.00590	0.00741	0.00599	0.00836	0.00540	0.00486	0.01545	0.01026	0.53619	0.09163	0.01455	0.01192	0.00500	0.00365	0.00116	0.00288	0.00404	0.17623	0.00561
9	0.02081	0.03345	0.05035	0.22708	0.08501	0.00892	0.11017	0.17310	0.05822	0.01495	0.03863	0.01148	0.00792	0.00426	0.00379	0.00119	0.00437	0.00376	0.13738	0.00515
10	0.00498	0.00413	0.00440	0.00449	0.00574	0.00362	0.00344	0.00636	0.03450	0.01095	0.05127	0.07794	0.67877	0.00995	0.00471	0.00138	0.00219	0.08410	0.00366	0.00343
11	0.00864	0.05848	0.05227	0.01331	0.31816	0.00842	0.00819	0.01323	0.23475	0.01387	0.15636	0.01595	0.03803	0.02623	0.00439	0.00129	0.00365	0.01635	0.00298	0.00546
12	0.00910	0.28315	0.10610	0.32383	0.05524	0.05345	0.02207	0.01123	0.00813	0.03087	0.00701	0.00964	0.00582	0.05406	0.00438	0.00127	0.00492	0.00309	0.00185	0.00478
13	0.00690	0.00367	0.00545	0.00537	0.00537	0.00384	0.00367	0.00533	0.00515	0.00694	0.00673	0.01175	0.00673	0.01328	0.01520	0.84140	0.04630	0.00341	0.00170	0.00183
14	0.00814	0.05084	0.11335	0.06143	0.09574	0.00695	0.04655	0.01043	0.02279	0.02574	0.00939	0.04968	0.03684	0.02596	0.03165	0.00118	0.00405	0.00351	0.00229	0.39348
15	0.00948	0.05094	0.10965	0.02268	0.06378	0.04580	0.05432	0.01132	0.00938	0.19576	0.02105	0.02049	0.31629	0.00621	0.00407	0.00121	0.00364	0.00520	0.00320	0.04554

[dist]
# distance from previous block
# <min> <max>
1	7

[block]
# block no. 4 follows, 69 sequences, length 28
# corresponding to MSA columns:
# 1979-1985,1987-2007
name=unknown_E
#
# <colnr> <probs for GDERKNQSTAVLIFYWHMCP>
#	G	D	E	R	K	N	Q	S	T	A	V	L	I	F	Y	W	H	M	C	P
0	0.00714	0.00625	0.00838	0.00760	0.00768	0.00800	0.00587	0.00776	0.00611	0.00889	0.00937	0.04510	0.01026	0.31838	0.05642	0.00270	0.43256	0.04591	0.00213	0.00348
1	0.01241	0.00683	0.00857	0.00634	0.00962	0.00547	0.00515	0.01405	0.00953	0.38748	0.01082	0.01049	0.00757	0.00379	0.00337	0.00087	0.00310	0.00306	0.00347	0.48803
2	0.00682	0.04914	0.06877	0.03536	0.08276	0.00605	0.03664	0.01728	0.02996	0.00980	0.03685	0.09723	0.03566	0.43702	0.01229	0.00256	0.02421	0.00550	0.00247	0.00362
3	0.88991	0.00758	0.00576	0.00516	0.00758	0.00879	0.00425	0.01152	0.00667	0.01759	0.00546	0.00637	0.00425	0.00364	0.00243	0.00121	0.00303	0.00212	0.00243	0.00425
4	0.00938	0.00945	0.07919	0.13054	0.13649	0.02903	0.07804	0.04084	0.27280	0.04507	0.02707	0.01320	0.05268	0.00486	0.00454	0.00130	0.05298	0.00415	0.00285	0.00552
5	0.00475	0.00350	0.00446	0.00523	0.00563	0.00320	0.00354	0.00548	0.00772	0.01010	0.02435	0.73526	0.14856	0.01193	0.00495	0.00155	0.00223	0.01071	0.00364	0.00320
6	0.00730	0.00569	0.05806	0.02375	0.00775	0.00479	0.00493	0.05072	0.01029	0.09832	0.38631	0.08201	0.14304	0.01648	0.05104	0.00158	0.00303	0.02754	0.01321	0.00418
7	0.00951	0.01167	0.23322	0.11688	0.24074	0.00914	0.03185	0.17144	0.01033	0.01453	0.00855	0.04407	0.00691	0.00514	0.03324	0.00140	0.00501	0.00371	0.03706	0.00562
8	0.00985	0.01217	0.20860	0.01041	0.04357	0.08688	0.13362	0.19826	0.04415	0.01496	0.04551	0.07346	0.08274	0.00537	0.00413	0.00126	0.00478	0.01215	0.00281	0.00532
9	0.00487	0.00362	0.00453	0.00506	0.00563	0.00329	0.00351	0.00580	0.00837	0.01103	0.15301	0.55530	0.19943	0.01111	0.00487	0.00148	0.00215	0.00990	0.00375	0.00329
10	0.86428	0.00755	0.00586	0.00521	0.00765	0.00871	0.00429	0.01175	0.00681	0.04177	0.00575	0.00657	0.00441	0.00367	0.00247	0.00121	0.00304	0.00218	0.00250	0.00432
11	0.00953	0.06208	0.17316	0.02443	0.13248	0.07758	0.19143	0.05949	0.00963	0.03259	0.05063	0.02698	0.00879	0.00446	0.00400	0.00120	0.00506	0.05667	0.00235	0.06746
12	0.01031	0.00585	0.00752	0.00720	0.05717	0.00548	0.00540	0.08399	0.01061	0.27612	0.08875	0.03786	0.23237	0.00801	0.02748	0.00147	0.00324	0.12229	0.00396	0.00493
13	0.67006	0.05701	0.00749	0.00608	0.00841	0.13172	0.00496	0.01196	0.00737	0.01555	0.00571	0.00679	0.00460	0.00457	0.03020	0.00134	0.01730	0.00227	0.00230	0.00431
14	0.00955	0.39108	0.35911	0.00881	0.01293	0.07247	0.00987	0.03356	0.00858	0.01102	0.00700	0.04669	0.00601	0.00401	0.00324	0.00106	0.00498	0.00292	0.00184	0.00527
15	0.00582	0.04399	0.00587	0.00498	0.00654	0.00439	0.00382	0.01956	0.00878	0.01143	0.08577	0.19193	0.39269	0.00870	0.00433	0.00124	0.00239	0.03901	0.00338	0.15539
16	0.00943	0.11776	0.45525	0.04356	0.12019	0.06640	0.04392	0.04524	0.02144	0.03091	0.00728	0.00857	0.00547	0.00375	0.00365	0.00117	0.00540	0.00301	0.00193	0.00566
17	0.00959	0.00676	0.00782	0.00658	0.00888	0.00667	0.00516	0.02604	0.31291	0.14222	0.19654	0.01705	0.04408	0.00549	0.00392	0.00113	0.00280	0.00463	0.00384	0.18791
18	0.00794	0.01976	0.79813	0.01146	0.01716	0.00915	0.05774	0.01242	0.00833	0.01242	0.00708	0.00840	0.00502	0.00370	0.00377	0.00125	0.00584	0.00299	0.00167	0.00577
19	0.00856	0.00728	0.00769	0.00702	0.00896	0.00809	0.00542	0.04073	0.58545	0.01519	0.04125	0.05364	0.18090	0.00659	0.00418	0.00133	0.00285	0.00553	0.00391	0.00544
20	0.00991	0.24303	0.27355	0.01187	0.12793	0.07880	0.08606	0.04599	0.06489	0.01217	0.00736	0.00853	0.00580	0.00373	0.00352	0.00111	0.00514	0.00303	0.00201	0.00556
21	0.18131	0.00745	0.00897	0.04914	0.01069	0.00735	0.00596	0.12711	0.01118	0.53247	0.01233	0.01135	0.00804	0.00456	0.00365	0.00121	0.00351	0.00352	0.00411	0.00610
22	0.00473	0.00384	0.00421	0.00448	0.00550	0.00332	0.00327	0.00567	0.00855	0.01047	0.03418	0.25913	0.58979	0.01059	0.00476	0.00141	0.00212	0.03703	0.00364	0.00329
23	0.00483	0.00347	0.00455	0.00534	0.00564	0.00323	0.00358	0.00557	0.00769	0.01025	0.06272	0.76190	0.05885	0.03556	0.00538	0.00162	0.00228	0.01068	0.00364	0.00319
24	0.00801	0.00658	0.02676	0.29852	0.08646	0.00699	0.00748	0.03738	0.08342	0.07094	0.02470	0.10155	0.08625	0.08878	0.04771	0.00180	0.00431	0.00511	0.00274	0.00450
25	0.00998	0.40991	0.33837	0.00905	0.01331	0.03984	0.04194	0.04787	0.00880	0.03850	0.00668	0.00762	0.00527	0.00363	0.00321	0.00105	0.00498	0.00264	0.00189	0.00545
26	0.01144	0.01322	0.00965	0.00889	0.01036	0.49543	0.00683	0.01296	0.04065	0.01007	0.00809	0.01093	0.00716	0.00948	0.16457	0.00212	0.09362	0.03493	0.04529	0.00430
27	0.17325	0.14403	0.04926	0.00885	0.01137	0.44120	0.04773	0.02750	0.00959	0.01155	0.00664	0.03955	0.00576	0.00414	0.00330	0.00107	0.00558	0.00285	0.00212	0.00464

[dist]
# distance from previous block
# <min> <max>
2	3

[block]
# block no. 5 follows, 69 sequences, length 8
# corresponding to MSA columns:
# 2011-2018
name=unknown_F
#
# <colnr> <probs for GDERKNQSTAVLIFYWHMCP>
#	G	D	E	R	K	N	Q	S	T	A	V	L	I	F	Y	W	H	M	C	P
0	0.01000	0.07531	0.00899	0.00682	0.00873	0.02307	0.00542	0.19192	0.12816	0.07571	0.05183	0.05904	0.06124	0.09807	0.02532	0.00158	0.04874	0.00460	0.07059	0.04487
1	0.05349	0.30364	0.13402	0.06109	0.01267	0.11156	0.00818	0.17285	0.08314	0.01386	0.00756	0.00828	0.00593	0.00398	0.00330	0.00107	0.00470	0.00284	0.00240	0.00543
2	0.00880	0.18635	0.41754	0.00847	0.01274	0.00905	0.00974	0.01181	0.00844	0.05414	0.03675	0.00935	0.00687	0.00381	0.00333	0.00104	0.00448	0.00291	0.07210	0.13229
3	0.00558	0.00395	0.00496	0.00496	0.00531	0.00415	0.00331	0.00615	0.00617	0.00836	0.01388	0.02302	0.07799	0.50282	0.30830	0.00448	0.00600	0.00538	0.00238	0.00284
4	0.04550	0.11256	0.03964	0.00770	0.01043	0.00948	0.02363	0.26874	0.09015	0.05700	0.01058	0.11646	0.00919	0.00524	0.00400	0.00113	0.03400	0.00417	0.00315	0.14723
5	0.01024	0.45625	0.20419	0.00830	0.01214	0.04726	0.03891	0.04898	0.02654	0.03700	0.00676	0.00761	0.00548	0.00358	0.00308	0.00097	0.00462	0.00258	0.00200	0.07352
6	0.05578	0.17878	0.17538	0.00889	0.05108	0.07089	0.02606	0.06678	0.00955	0.14687	0.00867	0.01012	0.00673	0.00406	0.00343	0.00106	0.00439	0.03485	0.00259	0.13406
7	0.00851	0.07109	0.00879	0.02513	0.08978	0.00607	0.02646	0.01039	0.02929	0.14590	0.33483	0.09864	0.06791	0.00682	0.00449	0.00124	0.02850	0.00590	0.02568	0.00458

[dist]
# distance from previous block
# <min> <max>
12	21

[block]
# block no. 6 follows, 69 sequences, length 8
# corresponding to MSA columns:
# 2043-2050
name=unknown_G
#
# <colnr> <probs for GDERKNQSTAVLIFYWHMCP>
#	G	D	E	R	K	N	Q	S	T	A	V	L	I	F	Y	W	H	M	C	P
0	0.03170	0.01887	0.03727	0.00588	0.00690	0.06434	0.00448	0.03597	0.02492	0.01081	0.07156	0.24256	0.12453	0.14871	0.07079	0.05021	0.00380	0.04017	0.00302	0.00350
1	0.06260	0.02912	0.14069	0.07199	0.15664	0.00824	0.03788	0.08972	0.03840	0.25632	0.01154	0.03234	0.03784	0.00458	0.00385	0.00123	0.00421	0.00386	0.00312	0.00584
2	0.05694	0.06882	0.09130	0.02780	0.12438	0.04584	0.08524	0.17456	0.08693	0.06774	0.07520	0.01155	0.00925	0.00549	0.03845	0.00141	0.01685	0.00377	0.00289	0.00557
3	0.00740	0.00697	0.01176	0.85280	0.02700	0.00871	0.01089	0.01002	0.00784	0.01002	0.00697	0.01045	0.00523	0.00392	0.00392	0.00131	0.00523	0.00348	0.00174	0.00436
4	0.00824	0.00964	0.13479	0.31801	0.22309	0.00883	0.03027	0.01155	0.07438	0.01171	0.00841	0.04968	0.00697	0.00440	0.00440	0.00127	0.05099	0.00382	0.00207	0.03747
5	0.00974	0.48222	0.09840	0.06694	0.01185	0.03878	0.03309	0.06330	0.03738	0.01093	0.00875	0.01035	0.05210	0.05629	0.00415	0.00118	0.00442	0.00310	0.00208	0.00494
6	0.00556	0.00379	0.00488	0.00514	0.00541	0.00390	0.00344	0.00608	0.00644	0.00884	0.01426	0.23188	0.01595	0.37178	0.20307	0.04252	0.00486	0.02989	0.02944	0.00288
7	0.00771	0.05597	0.10131	0.45842	0.01919	0.00844	0.00922	0.04848	0.07717	0.01148	0.01125	0.11131	0.05340	0.00533	0.00399	0.00130	0.00449	0.00458	0.00234	0.00462

[dist]
# distance from previous block
# <min> <max>
1	12

[block]
# block no. 7 follows, 69 sequences, length 9
# corresponding to MSA columns:
# 2063-2071
name=unknown_H
#
# <colnr> <probs for GDERKNQSTAVLIFYWHMCP>
#	G	D	E	R	K	N	Q	S	T	A	V	L	I	F	Y	W	H	M	C	P
0	0.00728	0.00519	0.00589	0.00543	0.00698	0.00504	0.00416	0.01070	0.18552	0.09684	0.24332	0.05129	0.34114	0.00799	0.00443	0.00130	0.00233	0.00678	0.00402	0.00437
1	0.00578	0.00421	0.00480	0.00484	0.00536	0.00416	0.00319	0.00714	0.07484	0.00990	0.08835	0.12312	0.14221	0.45975	0.01274	0.00267	0.00312	0.03766	0.00306	0.00308
2	0.05116	0.00785	0.00896	0.00745	0.01004	0.00827	0.00597	0.10842	0.36882	0.32719	0.01449	0.01321	0.01013	0.00498	0.00385	0.00125	0.00328	0.00402	0.03442	0.00626
3	0.00539	0.00400	0.00447	0.00444	0.00553	0.00350	0.00323	0.00642	0.00894	0.04271	0.16659	0.12948	0.50719	0.08328	0.00597	0.00155	0.00220	0.00802	0.00369	0.00341
4	0.01144	0.37767	0.07224	0.00751	0.01059	0.04167	0.00697	0.20550	0.04883	0.07617	0.02913	0.01083	0.04714	0.03368	0.00389	0.00114	0.00415	0.00329	0.00275	0.00543
5	0.02390	0.05821	0.19464	0.00796	0.01152	0.00726	0.06294	0.01072	0.00813	0.04166	0.00835	0.03646	0.02074	0.02164	0.01842	0.00109	0.04500	0.00318	0.00224	0.41597
6	0.02592	0.05825	0.04290	0.05750	0.08913	0.32523	0.00764	0.06036	0.10555	0.07969	0.01958	0.03420	0.03215	0.00468	0.00372	0.00113	0.00505	0.01413	0.00269	0.03051
7	0.45316	0.07413	0.00913	0.00686	0.00946	0.03437	0.03676	0.09377	0.13969	0.03117	0.00789	0.00843	0.00607	0.00403	0.00321	0.00117	0.02058	0.00281	0.00276	0.05456
8	0.05192	0.00916	0.07648	0.00808	0.01100	0.03234	0.04594	0.18566	0.11766	0.30385	0.02771	0.01339	0.05852	0.00552	0.01612	0.01896	0.00396	0.00405	0.00378	0.00591

[dist]
# distance from previous block
# <min> <max>
0	1

[block]
# block no. 8 follows, 69 sequences, length 11
# corresponding to MSA columns:
# 2073-2083
name=unknown_I
#
# <colnr> <probs for GDERKNQSTAVLIFYWHMCP>
#	G	D	E	R	K	N	Q	S	T	A	V	L	I	F	Y	W	H	M	C	P
0	0.00837	0.33789	0.18843	0.00702	0.00992	0.00954	0.00715	0.02560	0.00843	0.03595	0.06344	0.11425	0.07794	0.04005	0.02118	0.00133	0.00399	0.00448	0.03039	0.00465
1	0.00780	0.00564	0.00675	0.00645	0.00761	0.00584	0.00484	0.20679	0.01051	0.03559	0.05146	0.44857	0.08978	0.01020	0.03160	0.00160	0.02878	0.03233	0.00366	0.00422
2	0.09325	0.58446	0.15885	0.00747	0.01114	0.01357	0.00785	0.06433	0.00857	0.01156	0.00598	0.00684	0.00505	0.00353	0.00280	0.00096	0.00436	0.00233	0.00189	0.00519
3	0.00958	0.35319	0.01425	0.00785	0.00995	0.14516	0.08005	0.01075	0.00802	0.00955	0.00811	0.05748	0.00802	0.13778	0.03640	0.00167	0.06561	0.00367	0.02860	0.00432
4	0.05548	0.00709	0.00918	0.00707	0.01009	0.00645	0.00584	0.08884	0.01165	0.73357	0.01450	0.01270	0.00920	0.00479	0.00387	0.00121	0.00341	0.00383	0.00467	0.00657
5	0.00535	0.00395	0.00489	0.00513	0.00577	0.00378	0.00360	0.00675	0.04066	0.01150	0.23352	0.32907	0.13738	0.13000	0.03755	0.00194	0.00270	0.02950	0.00360	0.00336
6	0.01025	0.00903	0.01185	0.00990	0.01068	0.01182	0.00824	0.18517	0.00886	0.04172	0.00642	0.00892	0.00563	0.00633	0.01063	0.00158	0.64230	0.00347	0.00230	0.00488
7	0.00621	0.00406	0.00479	0.00464	0.00558	0.00382	0.00339	0.00786	0.02954	0.04073	0.35492	0.08847	0.15223	0.09592	0.00582	0.00148	0.00218	0.00659	0.17814	0.00361
8	0.00912	0.00954	0.07847	0.20698	0.52085	0.00913	0.01144	0.03808	0.03409	0.01272	0.02739	0.01037	0.00682	0.00381	0.00390	0.00121	0.00475	0.00356	0.00206	0.00572
9	0.02119	0.05930	0.04492	0.20929	0.13484	0.06535	0.05822	0.06539	0.05983	0.03833	0.03887	0.02872	0.03287	0.00502	0.01944	0.00130	0.05432	0.00382	0.00241	0.05657
10	0.02219	0.04067	0.05698	0.04965	0.02600	0.10546	0.00553	0.00856	0.03762	0.01099	0.08068	0.44385	0.06741	0.00894	0.00445	0.00139	0.00334	0.01925	0.00316	0.00388

[dist]
# distance from previous block
# <min> <max>
1	8

[block]
# block no. 9 follows, 69 sequences, length 47
# corresponding to MSA columns:
# 2100-2146
name=unknown_J
#
# <colnr> <probs for GDERKNQSTAVLIFYWHMCP>
#	G	D	E	R	K	N	Q	S	T	A	V	L	I	F	Y	W	H	M	C	P
0	0.61424	0.06222	0.03179	0.00604	0.00865	0.04358	0.00513	0.02571	0.09915	0.01631	0.00684	0.00751	0.00533	0.00381	0.00274	0.00116	0.00337	0.00245	0.00253	0.05143
1	0.05765	0.01130	0.01067	0.04093	0.17843	0.25945	0.00769	0.04256	0.25854	0.01329	0.01089	0.05932	0.02265	0.00488	0.00381	0.00120	0.00465	0.00393	0.00280	0.00533
2	0.00554	0.00390	0.00485	0.00488	0.00557	0.00375	0.00345	0.00620	0.00760	0.02173	0.11692	0.11862	0.25663	0.16642	0.15567	0.10151	0.00399	0.00668	0.00302	0.00308
3	0.00799	0.03644	0.79360	0.01128	0.03312	0.00925	0.01413	0.01255	0.02372	0.01244	0.00718	0.00839	0.00512	0.00374	0.00371	0.00123	0.00569	0.00292	0.00171	0.00579
4	0.00505	0.00387	0.00458	0.00467	0.00558	0.00346	0.00340	0.00625	0.00928	0.01217	0.31202	0.20123	0.35039	0.04008	0.00526	0.00144	0.00209	0.02194	0.00383	0.00339
5	0.86360	0.00755	0.00586	0.00521	0.00765	0.00870	0.00429	0.01175	0.00681	0.04241	0.00576	0.00658	0.00441	0.00368	0.00247	0.00121	0.00304	0.00218	0.00250	0.00432
6	0.00559	0.00394	0.00461	0.00447	0.00544	0.00361	0.00331	0.00708	0.00970	0.01358	0.43049	0.02934	0.24669	0.06356	0.00535	0.00138	0.00204	0.01918	0.13714	0.00350
7	0.00858	0.00858	0.01201	0.01029	0.01029	0.01201	0.00858	0.00943	0.00600	0.00943	0.00515	0.00858	0.00515	0.00686	0.01287	0.00172	0.85505	0.00343	0.00172	0.00429
8	0.00545	0.00408	0.00466	0.00446	0.00568	0.00355	0.00336	0.00680	0.00988	0.04156	0.35700	0.03350	0.48797	0.00899	0.00461	0.00128	0.00198	0.00765	0.00395	0.00358
9	0.01414	0.00692	0.00869	0.00692	0.00953	0.00652	0.00560	0.14745	0.04482	0.48646	0.12251	0.05110	0.02840	0.00560	0.00405	0.00121	0.00321	0.00463	0.00443	0.03782
10	0.01048	0.86458	0.02054	0.00671	0.01006	0.01551	0.00671	0.01174	0.00797	0.00922	0.00545	0.00629	0.00503	0.00335	0.00252	0.00084	0.00419	0.00210	0.00168	0.00503
11	0.00584	0.00411	0.00518	0.00487	0.00594	0.00374	0.00368	0.00750	0.01056	0.04614	0.63107	0.02988	0.18613	0.00885	0.02796	0.00139	0.00217	0.00711	0.00415	0.00373
12	0.01391	0.00900	0.01011	0.00814	0.01095	0.00968	0.00660	0.34791	0.28410	0.23663	0.01316	0.01216	0.00921	0.00495	0.00395	0.00124	0.00366	0.00394	0.00419	0.00652
13	0.00869	0.00676	0.00916	0.04265	0.00948	0.02196	0.00658	0.04336	0.00740	0.10125	0.02275	0.01303	0.00842	0.08446	0.26474	0.00317	0.33555	0.00396	0.00237	0.00425
14	0.00608	0.00471	0.01879	0.00541	0.00559	0.00506	0.00368	0.00645	0.00586	0.00811	0.01112	0.02187	0.01237	0.63017	0.12953	0.00383	0.11111	0.00517	0.00224	0.00282
15	0.00519	0.00395	0.00478	0.00473	0.00572	0.00354	0.00353	0.00663	0.00995	0.01332	0.46405	0.11559	0.30307	0.00916	0.00469	0.00132	0.00199	0.03128	0.00400	0.00351
16	0.00905	0.05918	0.23286	0.01698	0.41916	0.00926	0.05591	0.01182	0.00856	0.02137	0.00758	0.03169	0.00630	0.00386	0.00407	0.00117	0.03310	0.00345	0.00195	0.06268
17	0.03132	0.02748	0.28944	0.01863	0.01190	0.00734	0.00825	0.06825	0.02289	0.14288	0.00927	0.02287	0.00729	0.08142	0.00500	0.00129	0.00418	0.00333	0.00264	0.23435
18	0.42506	0.03558	0.01728	0.00767	0.02148	0.28336	0.03394	0.04587	0.00876	0.01406	0.00672	0.03261	0.00580	0.04247	0.00382	0.00126	0.00463	0.00285	0.00234	0.00443
19	0.05813	0.01024	0.01063	0.00854	0.01136	0.03164	0.00693	0.53540	0.23272	0.03709	0.01098	0.01066	0.00797	0.00480	0.00385	0.00122	0.00398	0.00368	0.00383	0.00637
20	0.01083	0.02569	0.06544	0.00828	0.04829	0.03724	0.02180	0.21728	0.01130	0.14292	0.02745	0.20973	0.01185	0.00610	0.00399	0.00118	0.00368	0.00518	0.00337	0.13841
21	0.00497	0.00358	0.00472	0.00530	0.00572	0.00332	0.00364	0.00596	0.00845	0.01149	0.23105	0.63126	0.04366	0.01114	0.00490	0.00149	0.00216	0.01005	0.00381	0.00332
22	0.01037	0.82993	0.05425	0.00689	0.01035	0.01525	0.00703	0.01177	0.00798	0.00935	0.00552	0.00637	0.00503	0.00337	0.00257	0.00086	0.00426	0.00213	0.00168	0.00506
23	0.00814	0.02270	0.06059	0.48470	0.18559	0.00890	0.03310	0.03583	0.02020	0.01139	0.01812	0.01165	0.04738	0.00428	0.00422	0.00128	0.03130	0.00375	0.00200	0.00488
24	0.00782	0.03488	0.31951	0.15305	0.13411	0.00796	0.03407	0.01081	0.02242	0.02145	0.09629	0.02430	0.04084	0.00515	0.00455	0.04821	0.00464	0.01280	0.01216	0.00498
25	0.01598	0.00646	0.00867	0.00676	0.00954	0.00569	0.00554	0.04169	0.01138	0.71222	0.10355	0.01539	0.02804	0.00528	0.00403	0.00122	0.00318	0.00435	0.00474	0.00629
26	0.02191	0.00823	0.01254	0.26497	0.28201	0.00885	0.03343	0.14893	0.01023	0.08862	0.00914	0.05033	0.00745	0.03102	0.00446	0.00132	0.00455	0.00398	0.00258	0.00546
27	0.00979	0.01121	0.15431	0.05632	0.52337	0.02324	0.04890	0.04346	0.00916	0.04147	0.00758	0.00957	0.00603	0.00376	0.00421	0.00121	0.03496	0.00344	0.00206	0.00595
28	0.00748	0.00705	0.01190	0.82527	0.05394	0.00873	0.01093	0.01008	0.00788	0.01011	0.00698	0.01043	0.00526	0.00391	0.00392	0.00130	0.00521	0.00348	0.00175	0.00442
29	0.30184	0.00799	0.00855	0.00683	0.00961	0.00835	0.00563	0.22818	0.01163	0.32264	0.04426	0.01068	0.00824	0.00455	0.00347	0.00120	0.00343	0.00337	0.00379	0.00575
30	0.01088	0.00910	0.00958	0.00825	0.01055	0.02862	0.00653	0.20822	0.56465	0.01793	0.04212	0.01353	0.01119	0.00530	0.00430	0.00130	0.03375	0.00423	0.00386	0.00612
31	0.11435	0.00916	0.01013	0.03712	0.01142	0.00989	0.00667	0.42489	0.10784	0.21203	0.01103	0.01061	0.00765	0.00466	0.00376	0.00121	0.00383	0.00357	0.00390	0.00626
32	0.00619	0.00428	0.00542	0.00504	0.00613	0.00399	0.00381	0.00833	0.04270	0.04925	0.70117	0.02824	0.08405	0.00782	0.00453	0.00123	0.00197	0.00685	0.02510	0.00389
33	0.00598	0.03422	0.01616	0.00609	0.00678	0.00527	0.02366	0.00702	0.00626	0.00877	0.01066	0.01786	0.01074	0.28132	0.51583	0.00506	0.02829	0.00456	0.00215	0.00330
34	0.00516	0.00370	0.00499	0.00588	0.00630	0.00352	0.00431	0.00614	0.00792	0.01046	0.02173	0.63715	0.04036	0.01187	0.00510	0.00164	0.00261	0.21424	0.00363	0.00329
35	0.00691	0.00545	0.00679	0.00618	0.02709	0.00490	0.00472	0.02707	0.05819	0.01447	0.39967	0.02361	0.03407	0.00663	0.00417	0.00113	0.00257	0.10991	0.00357	0.25289
36	0.01011	0.10281	0.04677	0.01349	0.01673	0.13798	0.48481	0.01287	0.03184	0.01155	0.00731	0.00943	0.00577	0.00383	0.00498	0.00126	0.08753	0.00386	0.00198	0.00509
37	0.00894	0.00855	0.01325	0.37470	0.33230	0.04551	0.03330	0.03955	0.04078	0.01197	0.00821	0.01179	0.00677	0.00416	0.00398	0.00126	0.00494	0.04274	0.00209	0.00521
38	0.00823	0.02654	0.03688	0.00632	0.00796	0.00620	0.00511	0.07274	0.13783	0.09170	0.34162	0.07105	0.08198	0.03675	0.02096	0.00146	0.03229	0.00594	0.00384	0.00461
39	0.00607	0.00441	0.00533	0.00509	0.00617	0.00430	0.00386	0.03256	0.05426	0.01429	0.44658	0.05891	0.16134	0.00959	0.06915	0.00163	0.00272	0.01796	0.09197	0.00382
40	0.02519	0.06484	0.02369	0.00798	0.02193	0.16064	0.00645	0.01181	0.00846	0.08731	0.00723	0.00862	0.00595	0.00500	0.03283	0.00117	0.17079	0.00279	0.00232	0.34499
41	0.00581	0.00417	0.00572	0.00660	0.00731	0.00408	0.00542	0.00726	0.00857	0.01118	0.02154	0.28817	0.04614	0.01124	0.00527	0.00173	0.00317	0.54952	0.00362	0.00347
42	0.00491	0.00352	0.00461	0.00534	0.00562	0.00335	0.00357	0.00559	0.00733	0.00976	0.02089	0.69335	0.06061	0.09026	0.05964	0.00208	0.00292	0.01008	0.00343	0.00314
43	0.00813	0.00697	0.00813	0.00581	0.00929	0.00523	0.00465	0.00987	0.00813	0.01277	0.00697	0.00813	0.00581	0.00290	0.00290	0.00058	0.00290	0.00232	0.00232	0.88619
44	0.00890	0.05824	0.10443	0.21353	0.12438	0.00874	0.12288	0.04640	0.02038	0.02628	0.00742	0.00939	0.00578	0.00360	0.00382	0.00109	0.01818	0.00325	0.00210	0.21119
45	0.00875	0.03326	0.03838	0.08757	0.11649	0.02698	0.09726	0.02253	0.05926	0.10499	0.04311	0.20238	0.07240	0.00671	0.00466	0.00135	0.03881	0.02730	0.00301	0.00479
46	0.00492	0.00357	0.00460	0.00524	0.00566	0.00331	0.00359	0.00577	0.00804	0.01070	0.12274	0.63549	0.10176	0.04365	0.00550	0.00161	0.00228	0.02467	0.00367	0.00324

[dist]
# distance from previous block
# <min> <max>
2	3

[block]
# block no. 10 follows, 69 sequences, length 20
# corresponding to MSA columns:
# 2150-2169
name=unknown_K
#
# <colnr> <probs for GDERKNQSTAVLIFYWHMCP>
#	G	D	E	R	K	N	Q	S	T	A	V	L	I	F	Y	W	H	M	C	P
0	0.00767	0.00521	0.02160	0.00584	0.00696	0.02492	0.00435	0.05969	0.00916	0.12672	0.09637	0.39238	0.10608	0.08903	0.00606	0.00164	0.00284	0.02582	0.00369	0.00397
1	0.00637	0.00381	0.00425	0.00444	0.00523	0.00372	0.00323	0.00798	0.03230	0.01277	0.05008	0.21141	0.10006	0.02839	0.00442	0.02580	0.00213	0.03174	0.45837	0.00350
2	0.01398	0.01020	0.01078	0.00854	0.01140	0.03550	0.00696	0.57764	0.15297	0.08412	0.01098	0.01069	0.00785	0.00480	0.00388	0.00119	0.00403	0.00369	0.03438	0.00642
3	0.00496	0.00351	0.00459	0.00539	0.00562	0.00332	0.00360	0.00560	0.00735	0.00979	0.02044	0.72235	0.02435	0.11650	0.00686	0.00187	0.00252	0.04482	0.00348	0.00310
4	0.00992	0.02743	0.09862	0.01200	0.16673	0.21443	0.07872	0.02754	0.06701	0.02763	0.07112	0.09183	0.03167	0.02459	0.00466	0.00128	0.03279	0.00449	0.00255	0.00498
5	0.00862	0.00918	0.13619	0.00777	0.04838	0.00614	0.02673	0.01084	0.00836	0.05033	0.00741	0.00852	0.00588	0.00315	0.00316	0.00076	0.00354	0.00259	0.00231	0.65014
6	0.43343	0.13606	0.06351	0.00689	0.00942	0.16088	0.00604	0.02697	0.00817	0.01400	0.00743	0.04634	0.00672	0.00453	0.00306	0.00118	0.00414	0.05442	0.00235	0.00447
7	0.00946	0.01143	0.16734	0.02668	0.28791	0.05590	0.14439	0.07143	0.04180	0.02227	0.07622	0.01211	0.02748	0.01281	0.01453	0.00130	0.00501	0.00399	0.00239	0.00556
8	0.00987	0.37808	0.17915	0.05184	0.11792	0.05697	0.00905	0.05040	0.05395	0.01152	0.00755	0.04364	0.00651	0.00405	0.00330	0.00107	0.00464	0.00310	0.00204	0.00534
9	0.01025	0.00942	0.01206	0.43140	0.12062	0.09348	0.00968	0.19881	0.05102	0.01401	0.00793	0.00999	0.00599	0.00413	0.00388	0.00123	0.00503	0.00345	0.00241	0.00522
10	0.00733	0.00473	0.00566	0.00580	0.00668	0.03900	0.00411	0.00822	0.00811	0.12935	0.01832	0.56857	0.02021	0.05167	0.03445	0.00172	0.00300	0.00862	0.03126	0.04321
11	0.01200	0.00805	0.00903	0.00775	0.01021	0.00878	0.00613	0.04824	0.58632	0.23412	0.01560	0.01411	0.01119	0.00517	0.00397	0.00129	0.00321	0.00427	0.00421	0.00634
12	0.00542	0.00396	0.00466	0.00469	0.00533	0.00373	0.00322	0.00648	0.02360	0.01103	0.24246	0.12278	0.20217	0.30358	0.00997	0.00220	0.00268	0.03548	0.00339	0.00314
13	0.01490	0.01098	0.01177	0.00902	0.01216	0.01216	0.00745	0.82470	0.01843	0.02471	0.00941	0.00941	0.00667	0.00471	0.00392	0.00118	0.00431	0.00353	0.00392	0.00667
14	0.00625	0.00428	0.00548	0.00508	0.00615	0.00400	0.00383	0.00832	0.03930	0.05555	0.71621	0.02827	0.06771	0.02634	0.00490	0.00129	0.00201	0.00686	0.00426	0.00389
15	0.00528	0.00396	0.00480	0.00471	0.00569	0.00358	0.00351	0.00677	0.01002	0.01355	0.49722	0.08134	0.27177	0.02809	0.00499	0.00135	0.00201	0.02941	0.01844	0.00352
16	0.00601	0.00393	0.00522	0.00521	0.00538	0.00419	0.00348	0.00595	0.00579	0.00792	0.01075	0.06344	0.01164	0.38200	0.20291	0.23247	0.03397	0.00498	0.00218	0.00256
17	0.00926	0.03188	0.15684	0.06900	0.26781	0.02775	0.05748	0.01465	0.26356	0.01338	0.01021	0.01122	0.01689	0.00429	0.00415	0.00125	0.02827	0.00374	0.00252	0.00581
18	0.00564	0.00398	0.00497	0.00523	0.00609	0.00364	0.00391	0.00683	0.00898	0.04221	0.20724	0.28287	0.23741	0.03904	0.00535	0.00153	0.00239	0.12541	0.00379	0.00349
19	0.01160	0.30723	0.01386	0.00872	0.04519	0.22880	0.00698	0.05142	0.19597	0.03814	0.03498	0.00966	0.00790	0.00430	0.00353	0.00106	0.01969	0.00310	0.00259	0.00529

[dist]
# distance from previous block
# <min> <max>
6	9

[block]
# block no. 11 follows, 69 sequences, length 9
# corresponding to MSA columns:
# 2179-2187
name=unknown_L
#
# <colnr> <probs for GDERKNQSTAVLIFYWHMCP>
#	G	D	E	R	K	N	Q	S	T	A	V	L	I	F	Y	W	H	M	C	P
0	0.02570	0.27733	0.12265	0.02391	0.06756	0.06398	0.07697	0.22790	0.03939	0.02813	0.00763	0.00848	0.00592	0.00391	0.00347	0.00109	0.00479	0.00304	0.00248	0.00568
1	0.00864	0.03864	0.15140	0.00885	0.06796	0.00817	0.00745	0.04104	0.28249	0.03334	0.07463	0.07197	0.02745	0.00652	0.03865	0.00146	0.04039	0.00456	0.05575	0.03066
2	0.00705	0.00440	0.00671	0.12415	0.04272	0.00474	0.00502	0.00684	0.03884	0.00805	0.00748	0.01197	0.00698	0.01261	0.07001	0.63036	0.00419	0.00352	0.00184	0.00256
3	0.00544	0.00410	0.00477	0.00499	0.03359	0.00380	0.00326	0.00633	0.00815	0.01068	0.17714	0.02990	0.33431	0.30226	0.02947	0.00226	0.00287	0.00679	0.02674	0.00317
4	0.63602	0.00740	0.00662	0.00574	0.00797	0.00846	0.00471	0.04687	0.00770	0.09889	0.00717	0.00799	0.00541	0.00410	0.00338	0.00122	0.06165	0.00257	0.07158	0.00455
5	0.00848	0.01162	0.24753	0.24926	0.30015	0.00894	0.01178	0.01198	0.05415	0.01212	0.00763	0.00972	0.00589	0.00375	0.00381	0.00121	0.00498	0.00333	0.00193	0.04174
6	0.12995	0.00933	0.00971	0.00800	0.01068	0.01048	0.00646	0.36530	0.33392	0.05759	0.01172	0.01122	0.00855	0.00481	0.00375	0.00124	0.00362	0.00371	0.00379	0.00616
7	0.00596	0.00499	0.00545	0.03408	0.00693	0.03762	0.00401	0.03646	0.02720	0.01290	0.31620	0.07262	0.37847	0.00922	0.02916	0.00143	0.00262	0.00724	0.00372	0.00371
8	0.00488	0.00398	0.00431	0.00423	0.00544	0.00341	0.00317	0.00610	0.00951	0.01196	0.25181	0.03548	0.62323	0.00942	0.00463	0.00130	0.00195	0.00796	0.00382	0.00341

[dist]
# distance from previous block
# <min> <max>
0	4

[block]
# block no. 12 follows, 69 sequences, length 17
# corresponding to MSA columns:
# 2192-2208
name=unknown_M
#
# <colnr> <probs for GDERKNQSTAVLIFYWHMCP>
#	G	D	E	R	K	N	Q	S	T	A	V	L	I	F	Y	W	H	M	C	P
0	0.00906	0.00851	0.01125	0.14753	0.30704	0.08549	0.00862	0.05348	0.08686	0.01282	0.05644	0.09972	0.03736	0.00531	0.00417	0.00124	0.01992	0.00464	0.03541	0.00511
1	0.01184	0.00954	0.01009	0.00769	0.01088	0.04577	0.00623	0.41396	0.05107	0.01871	0.00855	0.00902	0.00648	0.00396	0.00348	0.00093	0.00379	0.00303	0.00318	0.37181
2	0.04209	0.03357	0.04019	0.02741	0.14880	0.03786	0.00712	0.20549	0.04081	0.09041	0.00992	0.01095	0.00752	0.00449	0.00407	0.00114	0.05694	0.00347	0.22237	0.00539
3	0.18804	0.00732	0.00955	0.07478	0.01135	0.02944	0.11467	0.04241	0.07406	0.17689	0.07063	0.03864	0.01996	0.00505	0.00375	0.00125	0.00369	0.03695	0.08662	0.00496
4	0.00873	0.00776	0.01216	0.05726	0.39861	0.00783	0.05604	0.10363	0.00992	0.01363	0.08455	0.10381	0.07987	0.03310	0.00469	0.00133	0.00401	0.00515	0.00270	0.00521
5	0.00559	0.00408	0.00518	0.00566	0.00633	0.00390	0.00418	0.03957	0.00872	0.01152	0.11182	0.44613	0.11944	0.04824	0.00561	0.00164	0.00260	0.16269	0.00366	0.00344
6	0.02967	0.06333	0.01082	0.00854	0.03240	0.01057	0.00675	0.37002	0.29275	0.07706	0.01222	0.04851	0.00937	0.00512	0.00387	0.00123	0.00372	0.00408	0.00377	0.00619
7	0.00615	0.00451	0.00634	0.02769	0.00736	0.00506	0.00480	0.00768	0.03168	0.03634	0.04294	0.09297	0.04856	0.09072	0.53371	0.00467	0.03748	0.00518	0.00253	0.00361
8	0.06484	0.30795	0.24073	0.02500	0.05252	0.02156	0.03852	0.08365	0.00930	0.09037	0.00762	0.01678	0.00591	0.00419	0.01450	0.00116	0.00472	0.00292	0.00227	0.00550
9	0.04553	0.19105	0.24139	0.03913	0.02241	0.01080	0.06573	0.04263	0.04605	0.07008	0.00766	0.01892	0.00610	0.00480	0.01555	0.00132	0.16020	0.00322	0.00218	0.00527
