[name]
unknown

[dist]
# distance from previous block
# <min> <max>
0	87

[block]
# block no. 0 follows, 93 sequences, length 61
# corresponding to MSA columns:
# 289-299,306-327,333-343,359-373,395,396
name=unknown_A
#
# <colnr> <probs for GDERKNQSTAVLIFYWHMCP>
#	G	D	E	R	K	N	Q	S	T	A	V	L	I	F	Y	W	H	M	C	P
0	0.02277	0.00502	0.05281	0.00563	0.00677	0.01221	0.00478	0.14647	0.00781	0.05102	0.01291	0.20601	0.01352	0.00766	0.01437	0.07755	0.00286	0.34387	0.00268	0.00326
1	0.04415	0.04005	0.00878	0.00655	0.00886	0.00881	0.00538	0.67149	0.03863	0.03298	0.00746	0.00806	0.00560	0.05191	0.00366	0.00101	0.00324	0.00277	0.00287	0.04774
2	0.00792	0.00633	0.00663	0.00595	0.00760	0.04117	0.00460	0.03104	0.60453	0.09093	0.01308	0.09998	0.03974	0.00475	0.00320	0.00104	0.00250	0.00399	0.00308	0.02194
3	0.00770	0.21986	0.35553	0.05190	0.01228	0.03087	0.15466	0.05207	0.02266	0.05593	0.00592	0.00687	0.00443	0.00293	0.00286	0.00091	0.00418	0.00247	0.00162	0.00435
4	0.00678	0.27182	0.57720	0.05541	0.01220	0.00863	0.00946	0.00952	0.00643	0.00894	0.00517	0.00615	0.00394	0.00286	0.00266	0.00089	0.00417	0.00212	0.00131	0.00433
5	0.00375	0.00300	0.00335	0.00354	0.00430	0.00261	0.00255	0.00452	0.00687	0.00859	0.10580	0.28097	0.54286	0.00822	0.00373	0.00110	0.00162	0.00709	0.00292	0.00261
6	0.00596	0.01391	0.00775	0.05492	0.08940	0.03512	0.12768	0.07219	0.04571	0.01048	0.17961	0.08350	0.22636	0.00552	0.00349	0.00102	0.00279	0.02855	0.00254	0.00350
7	0.01666	0.00857	0.09651	0.08151	0.03324	0.07372	0.09956	0.23238	0.22025	0.03583	0.00849	0.00978	0.00655	0.00408	0.01897	0.00107	0.00374	0.04215	0.00243	0.00451
8	0.00598	0.00569	0.00976	0.80539	0.06740	0.00692	0.03954	0.00805	0.00626	0.00808	0.00553	0.00820	0.00418	0.00305	0.00311	0.00102	0.00413	0.00278	0.00139	0.00354
9	0.00770	0.00614	0.00737	0.10638	0.07586	0.00682	0.00540	0.04820	0.50187	0.08206	0.03174	0.01249	0.08585	0.00428	0.00318	0.00102	0.00268	0.00361	0.00285	0.00452
10	0.00688	0.00680	0.00992	0.55808	0.19868	0.08037	0.00838	0.02754	0.00667	0.00856	0.00546	0.00778	0.00429	0.00317	0.00346	0.00100	0.05504	0.00268	0.00146	0.00379
11	0.08031	0.00312	0.00391	0.00453	0.00495	0.00307	0.00329	0.00508	0.00607	0.00863	0.01583	0.66090	0.01851	0.00890	0.00383	0.00126	0.00203	0.16037	0.00278	0.00264
12	0.00382	0.00280	0.00360	0.00419	0.00453	0.00258	0.00289	0.00446	0.00621	0.00816	0.04835	0.70730	0.13362	0.00926	0.00391	0.00122	0.00180	0.04585	0.00288	0.00255
13	0.00819	0.44475	0.29537	0.00692	0.01000	0.17054	0.00741	0.00999	0.00681	0.00814	0.00479	0.00558	0.00395	0.00284	0.00244	0.00079	0.00413	0.00192	0.00137	0.00409
14	0.01149	0.01319	0.00883	0.00773	0.00952	0.66669	0.00592	0.20128	0.02885	0.01032	0.00553	0.00611	0.00438	0.00332	0.00286	0.00083	0.00502	0.00220	0.00196	0.00398
15	0.00675	0.25221	0.64412	0.00785	0.01190	0.00853	0.00976	0.00964	0.00645	0.00910	0.00521	0.00610	0.00393	0.00285	0.00268	0.00089	0.00422	0.00211	0.00131	0.00440
16	0.00465	0.00376	0.00399	0.00385	0.00498	0.00349	0.00296	0.05771	0.07243	0.01817	0.06345	0.05727	0.63140	0.00730	0.00362	0.00106	0.00183	0.05217	0.00293	0.00299
17	0.00676	0.00646	0.01103	0.43690	0.44993	0.00711	0.02009	0.00871	0.00662	0.00902	0.00566	0.00794	0.00451	0.00291	0.00308	0.00097	0.00390	0.00276	0.00145	0.00418
18	0.00468	0.00329	0.00370	0.00360	0.00461	0.00285	0.00271	0.00556	0.00724	0.08144	0.13231	0.08191	0.57822	0.03829	0.00406	0.00112	0.00175	0.03683	0.00298	0.00284
19	0.00470	0.00333	0.00453	0.00516	0.00569	0.00330	0.00422	0.00579	0.00658	0.00861	0.01570	0.19084	0.01750	0.11156	0.00554	0.00157	0.00267	0.59731	0.00273	0.00267
20	0.00693	0.00703	0.02912	0.33894	0.41472	0.01596	0.12456	0.00898	0.00675	0.00921	0.00573	0.00791	0.00455	0.00286	0.00314	0.00098	0.00408	0.00285	0.00147	0.00423
21	0.01102	0.08302	0.01018	0.00725	0.00968	0.04971	0.05219	0.68582	0.01298	0.01711	0.00718	0.02676	0.00539	0.00367	0.00303	0.00091	0.00355	0.00283	0.00278	0.00495
22	0.00599	0.02439	0.74527	0.05602	0.01299	0.00682	0.01047	0.00921	0.00645	0.00949	0.00649	0.08069	0.00531	0.00350	0.00302	0.00100	0.00429	0.00284	0.00144	0.00432
23	0.00495	0.00405	0.00448	0.00444	0.00510	0.05198	0.00321	0.02869	0.05236	0.00952	0.26163	0.25049	0.11333	0.10478	0.07111	0.00158	0.01689	0.00581	0.00275	0.00286
24	0.00677	0.00652	0.01031	0.00866	0.04012	0.09323	0.32056	0.02212	0.00743	0.04582	0.08270	0.18357	0.01850	0.00536	0.00366	0.00110	0.00369	0.13404	0.00229	0.00356
25	0.00678	0.00604	0.00910	0.66636	0.01819	0.00739	0.00787	0.11961	0.07055	0.00974	0.00620	0.00830	0.00465	0.00335	0.00340	0.00103	0.04314	0.00280	0.00172	0.00377
26	0.00405	0.00313	0.00377	0.00390	0.00465	0.00274	0.00278	0.00488	0.00676	0.00894	0.16006	0.41345	0.27785	0.00794	0.00366	0.00108	0.00171	0.00699	0.00287	0.07879
27	0.02614	0.00821	0.00879	0.00811	0.09575	0.11679	0.04079	0.34138	0.20567	0.01429	0.08057	0.00989	0.00815	0.00389	0.00313	0.00095	0.00336	0.01683	0.00269	0.00461
28	0.00672	0.00678	0.00893	0.00778	0.00787	0.04904	0.00639	0.00739	0.00501	0.00747	0.00517	0.08078	0.00542	0.00566	0.00927	0.00132	0.77099	0.00318	0.00149	0.00331
29	0.00687	0.13682	0.70651	0.00816	0.01233	0.00783	0.01020	0.02968	0.00675	0.03950	0.00564	0.00646	0.00408	0.00294	0.00281	0.00093	0.00429	0.00223	0.00143	0.00452
30	0.00611	0.00557	0.00775	0.08010	0.15627	0.07548	0.10045	0.01588	0.00694	0.04542	0.01451	0.27820	0.18271	0.00595	0.00349	0.00106	0.00300	0.00537	0.00231	0.00343
31	0.00927	0.03980	0.06050	0.00983	0.08370	0.13928	0.25386	0.16793	0.07438	0.07934	0.00694	0.00781	0.00520	0.00327	0.00348	0.00096	0.04496	0.00292	0.00211	0.00446
32	0.00898	0.00646	0.00727	0.00616	0.00796	0.07053	0.04343	0.05961	0.36062	0.21092	0.15472	0.01286	0.01162	0.00437	0.00323	0.00100	0.00274	0.01989	0.00315	0.00449
33	0.00564	0.00486	0.00817	0.00873	0.13915	0.00476	0.14784	0.00733	0.02246	0.00935	0.01309	0.14694	0.01386	0.00675	0.00391	0.00125	0.00321	0.44690	0.00244	0.00336
34	0.05621	0.00740	0.00879	0.05034	0.20271	0.13915	0.06384	0.04970	0.16014	0.03748	0.04002	0.13740	0.00866	0.00435	0.00329	0.00100	0.01945	0.00376	0.00224	0.00407
35	0.08358	0.24333	0.42973	0.00704	0.01046	0.00845	0.00803	0.03982	0.07651	0.05711	0.00611	0.00664	0.00457	0.00303	0.00263	0.00090	0.00373	0.00223	0.00171	0.00439
36	0.00758	0.00706	0.01162	0.06009	0.69915	0.00727	0.00886	0.05553	0.00732	0.01034	0.00648	0.00932	0.00565	0.00327	0.00338	0.00097	0.03407	0.05569	0.00168	0.00466
37	0.00384	0.00314	0.00339	0.00333	0.00429	0.00269	0.00249	0.00480	0.00748	0.00940	0.25021	0.02798	0.65138	0.00743	0.00365	0.00102	0.00154	0.00627	0.00301	0.00269
38	0.00837	0.00693	0.01158	0.07424	0.69772	0.00692	0.00874	0.01013	0.00722	0.12825	0.00666	0.00807	0.00522	0.00292	0.00307	0.00093	0.00356	0.00280	0.00183	0.00484
39	0.00774	0.40068	0.42495	0.00698	0.01051	0.00917	0.00814	0.00999	0.00661	0.08123	0.00555	0.00617	0.00425	0.00288	0.00253	0.00084	0.00385	0.00207	0.00152	0.00436
40	0.01154	0.01450	0.00877	0.00792	0.00955	0.84873	0.00596	0.04199	0.00895	0.00797	0.00486	0.00563	0.00402	0.00320	0.00279	0.00080	0.00549	0.00202	0.00164	0.00364
41	0.03823	0.00632	0.00842	0.03038	0.11420	0.03776	0.08998	0.08620	0.20780	0.12653	0.03955	0.09002	0.00980	0.00468	0.00333	0.00105	0.00308	0.09573	0.00268	0.00426
42	0.00699	0.14078	0.65059	0.00807	0.01208	0.00811	0.00984	0.07906	0.03832	0.01032	0.00577	0.00655	0.00423	0.00300	0.00282	0.00093	0.00421	0.00228	0.00152	0.00454
43	0.00736	0.00708	0.01191	0.11508	0.70425	0.00746	0.00915	0.00913	0.00674	0.00962	0.00562	0.00763	0.00473	0.00301	0.00365	0.00097	0.07775	0.00275	0.00150	0.00460
44	0.00365	0.00313	0.00313	0.00313	0.00417	0.00261	0.00235	0.00443	0.00704	0.00834	0.03128	0.02972	0.87097	0.00782	0.00365	0.00104	0.00156	0.00652	0.00287	0.00261
45	0.00777	0.01867	0.12945	0.06350	0.62915	0.03032	0.00929	0.01963	0.00712	0.04711	0.00600	0.00756	0.00480	0.00286	0.00302	0.00093	0.00381	0.00267	0.00161	0.00474
46	0.00712	0.00774	0.00693	0.00627	0.00742	0.32239	0.07758	0.00825	0.00800	0.00938	0.27522	0.17587	0.03457	0.00559	0.00341	0.00098	0.00339	0.03425	0.00245	0.00318
47	0.01118	0.01418	0.00954	0.00838	0.01010	0.80597	0.07772	0.01213	0.00863	0.00775	0.00490	0.00580	0.00404	0.00313	0.00286	0.00082	0.00554	0.00213	0.00159	0.00363
48	0.00719	0.00688	0.01172	0.23320	0.66149	0.00722	0.00925	0.00908	0.00682	0.00954	0.00573	0.00779	0.00470	0.00283	0.00306	0.00094	0.00378	0.00275	0.00149	0.00453
49	0.00706	0.00667	0.01135	0.08245	0.02199	0.00683	0.35294	0.01126	0.27451	0.04096	0.07739	0.01226	0.04851	0.00388	0.00343	0.00104	0.00362	0.02734	0.00236	0.00417
50	0.00376	0.00269	0.00358	0.00430	0.00448	0.00251	0.00287	0.00430	0.00591	0.00788	0.01702	0.88947	0.02042	0.00967	0.00394	0.00125	0.00179	0.00878	0.00287	0.00251
51	0.00640	0.00549	0.00640	0.00457	0.00732	0.00412	0.00366	0.00777	0.00640	0.01006	0.00549	0.00640	0.00457	0.00229	0.00229	0.00046	0.00229	0.00183	0.00183	0.91036
52	0.00442	0.00329	0.00486	0.00486	0.00537	0.00380	0.00373	0.00545	0.00493	0.00709	0.00837	0.01266	0.00795	0.07993	0.82279	0.00483	0.00793	0.00339	0.00167	0.00270
53	0.00376	0.00269	0.00358	0.00430	0.00448	0.00251	0.00287	0.00430	0.00591	0.00788	0.01702	0.88947	0.02042	0.00967	0.00394	0.00125	0.00179	0.00878	0.00287	0.00251
54	0.00437	0.00316	0.00413	0.00388	0.00461	0.00291	0.00291	0.00583	0.00874	0.01238	0.87059	0.02306	0.02913	0.00631	0.00364	0.00097	0.00146	0.00558	0.00340	0.00291
55	0.36935	0.00681	0.00691	0.00553	0.00776	0.00737	0.00456	0.32921	0.00954	0.21397	0.00728	0.00718	0.00505	0.00340	0.00263	0.00094	0.00282	0.00242	0.00279	0.00450
56	0.01094	0.01349	0.00868	0.00815	0.04065	0.74392	0.00597	0.01271	0.11064	0.00829	0.00574	0.00635	0.00466	0.00329	0.00284	0.00083	0.00513	0.00219	0.00177	0.00378
57	0.00433	0.00315	0.00408	0.00387	0.00459	0.00289	0.00289	0.00575	0.00863	0.01215	0.82461	0.04043	0.05816	0.00643	0.00365	0.00098	0.00147	0.00568	0.00337	0.00289
58	0.00422	0.00318	0.00393	0.00383	0.00464	0.00288	0.00293	0.00549	0.00814	0.01102	0.56983	0.02587	0.25794	0.00691	0.00370	0.00103	0.00160	0.07682	0.00321	0.00282
59	0.00619	0.01597	0.87549	0.00880	0.01336	0.00717	0.01141	0.00978	0.00652	0.00978	0.00554	0.00652	0.00391	0.00293	0.00293	0.00098	0.00456	0.00228	0.00130	0.00456
60	0.00386	0.00290	0.00358	0.00390	0.00442	0.00262	0.00274	0.00465	0.00681	0.00895	0.19982	0.47814	0.24944	0.00847	0.00380	0.00114	0.00166	0.00750	0.00298	0.00262

[dist]
# distance from previous block
# <min> <max>
4	30

[block]
# block no. 1 follows, 93 sequences, length 55
# corresponding to MSA columns:
# 427-436,439-465,469-486
name=unknown_B
#
# <colnr> <probs for GDERKNQSTAVLIFYWHMCP>
#	G	D	E	R	K	N	Q	S	T	A	V	L	I	F	Y	W	H	M	C	P
0	0.00952	0.00590	0.00641	0.00519	0.00693	0.00626	0.00420	0.41602	0.01058	0.11240	0.00904	0.00944	0.00661	0.00367	0.00271	0.00084	0.00251	0.00286	0.37462	0.00428
1	0.20220	0.00540	0.00662	0.00519	0.00748	0.00504	0.00429	0.01380	0.00809	0.69417	0.01053	0.00936	0.00674	0.00362	0.00286	0.00096	0.00258	0.00281	0.00342	0.00485
2	0.00434	0.00315	0.00408	0.00385	0.00459	0.00290	0.00289	0.00577	0.00867	0.01220	0.83361	0.02336	0.06623	0.00638	0.00364	0.00097	0.00146	0.00563	0.00338	0.00290
3	0.00382	0.00313	0.00336	0.00331	0.00427	0.00268	0.00248	0.00476	0.00744	0.00929	0.22802	0.02816	0.67364	0.00747	0.00365	0.00103	0.00154	0.00630	0.00299	0.00268
4	0.00764	0.00762	0.01120	0.01627	0.69105	0.09769	0.00842	0.00923	0.00709	0.00959	0.00688	0.10016	0.00643	0.00352	0.00312	0.00094	0.00367	0.00331	0.00168	0.00450
5	0.00832	0.00649	0.00700	0.00620	0.00801	0.00735	0.00485	0.01627	0.77723	0.10271	0.01253	0.01141	0.00924	0.00415	0.00314	0.00104	0.00246	0.00345	0.00321	0.00493
6	0.01174	0.00865	0.00927	0.00710	0.00958	0.00958	0.00587	0.86193	0.01452	0.01946	0.00741	0.00741	0.00525	0.00371	0.00309	0.00093	0.00340	0.00278	0.00309	0.00525
7	0.00814	0.00686	0.00724	0.00638	0.00820	0.00789	0.00500	0.11155	0.77076	0.01365	0.01199	0.01106	0.00896	0.00413	0.00314	0.00103	0.00255	0.00341	0.00314	0.00493
8	0.00583	0.00549	0.00926	0.88406	0.02127	0.00686	0.00858	0.00789	0.00617	0.00789	0.00549	0.00823	0.00412	0.00309	0.00309	0.00103	0.00412	0.00274	0.00137	0.00343
9	0.00727	0.00773	0.01647	0.01200	0.01485	0.00726	0.74331	0.00970	0.00732	0.03856	0.00750	0.01116	0.00615	0.00326	0.00369	0.00108	0.00487	0.09199	0.00177	0.00406
10	0.00782	0.00648	0.00701	0.00622	0.00792	0.00744	0.00488	0.10338	0.67811	0.02213	0.01157	0.01115	0.00879	0.00613	0.09527	0.00145	0.00316	0.00339	0.00299	0.00471
11	0.00598	0.00439	0.00532	0.00479	0.00589	0.00462	0.00374	0.18483	0.00809	0.02899	0.15837	0.01691	0.18781	0.05096	0.31232	0.00247	0.00438	0.00429	0.00255	0.00329
12	0.00447	0.00307	0.00374	0.00374	0.00387	0.00320	0.00234	0.00473	0.00460	0.00627	0.00938	0.01830	0.01040	0.68633	0.21974	0.00346	0.00424	0.00421	0.00182	0.00208
13	0.00376	0.00269	0.00358	0.00430	0.00448	0.00251	0.00287	0.00430	0.00591	0.00788	0.01702	0.88947	0.02042	0.00967	0.00394	0.00125	0.00179	0.00878	0.00287	0.00251
14	0.00696	0.00582	0.00670	0.00484	0.00755	0.00469	0.00389	0.09760	0.00726	0.01105	0.00569	0.00651	0.00464	0.00244	0.00237	0.00051	0.00240	0.00193	0.00196	0.81517
15	0.00497	0.00433	0.00448	0.00460	0.00533	0.09502	0.00348	0.00604	0.00755	0.00967	0.30700	0.22483	0.15314	0.00737	0.00373	0.00111	0.00222	0.14940	0.00291	0.00283
16	0.00423	0.00346	0.00379	0.00376	0.00472	0.00320	0.00281	0.00595	0.09684	0.00954	0.18584	0.11705	0.52170	0.00736	0.00363	0.00106	0.00168	0.01750	0.00300	0.00289
17	0.91330	0.00597	0.00454	0.00406	0.00597	0.00693	0.00334	0.00908	0.00525	0.01385	0.00430	0.00502	0.00334	0.00287	0.00191	0.00096	0.00239	0.00167	0.00191	0.00334
18	0.00376	0.00269	0.00358	0.00430	0.00448	0.00251	0.00287	0.00430	0.00591	0.00788	0.01702	0.88947	0.02042	0.00967	0.00394	0.00125	0.00179	0.00878	0.00287	0.00251
19	0.00428	0.00315	0.00401	0.00379	0.00456	0.00288	0.00284	0.00566	0.00853	0.01189	0.76835	0.02387	0.13168	0.00650	0.00364	0.00098	0.00147	0.00570	0.00333	0.00288
20	0.00759	0.51369	0.09734	0.00549	0.00832	0.02628	0.00541	0.01756	0.00647	0.00848	0.00482	0.00558	0.00415	0.00258	0.00219	0.00064	0.00317	0.00178	0.00150	0.27695
21	0.00874	0.00686	0.02586	0.00572	0.00795	0.09634	0.00467	0.01077	0.09750	0.20062	0.00751	0.00779	0.00564	0.00322	0.00334	0.00076	0.08305	0.00239	0.00233	0.41895
22	0.00757	0.13140	0.55282	0.00820	0.03773	0.02257	0.00929	0.12578	0.02490	0.03389	0.01485	0.00683	0.00460	0.00308	0.00284	0.00092	0.00410	0.00235	0.00169	0.00458
23	0.00823	0.11438	0.17932	0.01224	0.36279	0.06282	0.04780	0.05331	0.06036	0.06029	0.00640	0.00740	0.00498	0.00299	0.00293	0.00091	0.00384	0.00259	0.00178	0.00464
24	0.00381	0.00272	0.00364	0.00436	0.00456	0.00255	0.00295	0.00438	0.00596	0.00794	0.01699	0.85499	0.02032	0.00963	0.00395	0.00126	0.00183	0.04278	0.00287	0.00252
25	0.00787	0.00709	0.01127	0.17314	0.56830	0.00750	0.00865	0.10582	0.03289	0.02517	0.00621	0.00787	0.00496	0.00302	0.00318	0.00095	0.01692	0.00278	0.00176	0.00465
26	0.00719	0.00546	0.00648	0.00467	0.00738	0.00416	0.00375	0.00854	0.00666	0.10096	0.00619	0.00683	0.00490	0.00245	0.00237	0.00051	0.00232	0.00196	0.00204	0.81518
27	0.77104	0.00717	0.00519	0.00464	0.00652	0.12449	0.00374	0.01916	0.00587	0.02319	0.00449	0.00518	0.00350	0.00293	0.00206	0.00093	0.00283	0.00174	0.00190	0.00342
28	0.00819	0.86705	0.04193	0.00539	0.00809	0.01207	0.00547	0.00926	0.00628	0.00734	0.00433	0.00500	0.00396	0.00265	0.00201	0.00067	0.00334	0.00167	0.00132	0.00398
29	0.00462	0.00333	0.00422	0.00461	0.00505	0.00329	0.00321	0.09453	0.00679	0.00908	0.01575	0.77042	0.01845	0.00945	0.03008	0.00133	0.00215	0.00798	0.00285	0.00280
30	0.00419	0.00315	0.00387	0.00369	0.00450	0.00284	0.00277	0.00547	0.00831	0.01135	0.65639	0.02476	0.24398	0.00670	0.00364	0.00099	0.00148	0.00582	0.00326	0.00284
31	0.72495	0.00582	0.00509	0.00436	0.00637	0.00643	0.00359	0.01033	0.00601	0.19404	0.00595	0.00617	0.00424	0.00307	0.00216	0.00096	0.00244	0.00197	0.00231	0.00374
32	0.00422	0.00304	0.00399	0.00399	0.00458	0.00281	0.00290	0.00544	0.00802	0.01124	0.65424	0.24267	0.02693	0.00716	0.00372	0.00104	0.00154	0.00639	0.00326	0.00281
33	0.01048	0.01296	0.00891	0.00799	0.00923	0.68772	0.00614	0.01125	0.00787	0.00753	0.00461	0.00583	0.00399	0.00367	0.00440	0.00092	0.19928	0.00215	0.00154	0.00354
34	0.00764	0.00734	0.01253	0.01895	0.87222	0.00734	0.00948	0.00948	0.00703	0.01009	0.00581	0.00764	0.00489	0.00275	0.00306	0.00092	0.00367	0.00275	0.00153	0.00489
35	0.00802	0.79197	0.11547	0.00569	0.00855	0.01163	0.00599	0.00931	0.00630	0.00756	0.00444	0.00513	0.00396	0.00268	0.00209	0.00070	0.00345	0.00172	0.00132	0.00403
36	0.01090	0.00803	0.00865	0.00684	0.00914	0.00892	0.00558	0.62983	0.21057	0.05563	0.00881	0.00850	0.00632	0.00382	0.00310	0.00096	0.00314	0.00296	0.00313	0.00517
37	0.00590	0.00569	0.00574	0.00557	0.00633	0.18712	0.00428	0.00693	0.00575	0.00723	0.00756	0.01086	0.00698	0.03005	0.68470	0.00406	0.00764	0.00305	0.00164	0.00292
38	0.00374	0.00278	0.00349	0.00405	0.00441	0.00253	0.00276	0.00433	0.00615	0.00798	0.02000	0.70944	0.19853	0.00929	0.00388	0.00121	0.00174	0.00830	0.00287	0.00253
39	0.00397	0.00314	0.00357	0.00347	0.00437	0.00274	0.00260	0.00506	0.00780	0.01015	0.40647	0.02674	0.49465	0.00715	0.00365	0.00101	0.00152	0.00610	0.00310	0.00274
40	0.00397	0.00280	0.00359	0.00415	0.00433	0.00266	0.00274	0.00443	0.00568	0.00755	0.01568	0.65686	0.03116	0.19425	0.00642	0.00162	0.00209	0.04498	0.00266	0.00239
41	0.00710	0.40189	0.49751	0.00725	0.01097	0.00939	0.00871	0.00954	0.00641	0.00867	0.00499	0.00583	0.00393	0.00281	0.00251	0.00084	0.00401	0.00200	0.00131	0.00430
42	0.00764	0.00690	0.00924	0.01142	0.36074	0.00748	0.00674	0.01343	0.50067	0.01171	0.00968	0.00985	0.00749	0.00357	0.00309	0.00098	0.00294	0.00316	0.00246	0.02081
43	0.00376	0.00269	0.00358	0.00430	0.00448	0.00251	0.00287	0.00430	0.00591	0.00788	0.01702	0.88947	0.02042	0.00967	0.00394	0.00125	0.00179	0.00878	0.00287	0.00251
44	0.00640	0.00549	0.00640	0.00457	0.00732	0.00412	0.00366	0.00777	0.00640	0.01006	0.00549	0.00640	0.00457	0.00229	0.00229	0.00046	0.00229	0.00183	0.00183	0.91036
45	0.01069	0.02104	0.00746	0.00565	0.00805	0.03188	0.00460	0.13999	0.10852	0.37765	0.00939	0.00884	0.00651	0.00340	0.00286	0.00082	0.00273	0.00271	0.00300	0.24420
46	0.00656	0.10644	0.69458	0.00817	0.01224	0.00775	0.01008	0.01042	0.09695	0.00985	0.00615	0.00688	0.00450	0.00304	0.00286	0.00095	0.00421	0.00234	0.00150	0.00453
47	0.00439	0.00323	0.00466	0.00469	0.00515	0.00367	0.00352	0.00531	0.00493	0.00702	0.00887	0.05201	0.00880	0.15273	0.71122	0.00450	0.00719	0.00373	0.00174	0.00261
48	0.00826	0.89334	0.01618	0.00528	0.00792	0.01222	0.00528	0.00925	0.00627	0.00726	0.00429	0.00495	0.00396	0.00264	0.00198	0.00066	0.00330	0.00165	0.00132	0.00396
49	0.01107	0.00834	0.00832	0.00673	0.00890	0.12925	0.00550	0.49546	0.01177	0.13864	0.00857	0.01041	0.00669	0.00409	0.00314	0.00094	0.00348	0.09113	0.00290	0.04466
50	0.00621	0.00588	0.00995	0.70291	0.19946	0.00696	0.00876	0.00822	0.00635	0.00835	0.00556	0.00811	0.00428	0.00302	0.00308	0.00101	0.00402	0.00275	0.00140	0.00374
51	0.00437	0.00316	0.00413	0.00388	0.00461	0.00291	0.00291	0.00583	0.00874	0.01238	0.87059	0.02306	0.02913	0.00631	0.00364	0.00097	0.00146	0.00558	0.00340	0.00291
52	0.10163	0.00671	0.01076	0.01586	0.69067	0.00679	0.00814	0.00889	0.00673	0.01025	0.00683	0.10011	0.00636	0.00349	0.00303	0.00096	0.00334	0.00327	0.00171	0.00448
53	0.10761	0.00533	0.00689	0.00534	0.00768	0.00479	0.00441	0.01443	0.00846	0.78467	0.01136	0.00994	0.00720	0.00372	0.00298	0.00096	0.00260	0.00296	0.00362	0.00506
54	0.00498	0.00355	0.00498	0.00569	0.00640	0.00355	0.00498	0.00640	0.00711	0.00924	0.01635	0.03483	0.01777	0.00853	0.00426	0.00142	0.00284	0.85144	0.00284	0.00284

[dist]
# distance from previous block
# <min> <max>
0	2

[block]
# block no. 2 follows, 93 sequences, length 22
# corresponding to MSA columns:
# 498-509,515-524
name=unknown_C
#
# <colnr> <probs for GDERKNQSTAVLIFYWHMCP>
#	G	D	E	R	K	N	Q	S	T	A	V	L	I	F	Y	W	H	M	C	P
0	0.00634	0.01501	0.77366	0.00965	0.06450	0.00722	0.06145	0.00977	0.00659	0.00980	0.00560	0.00669	0.00402	0.00290	0.00298	0.00098	0.00455	0.00239	0.00133	0.00456
1	0.00474	0.00346	0.00435	0.00405	0.00488	0.00327	0.00305	0.05649	0.00886	0.01238	0.73426	0.05862	0.07705	0.00639	0.00362	0.00098	0.00159	0.00561	0.00333	0.00302
2	0.00800	0.84395	0.01546	0.00516	0.00772	0.01168	0.00512	0.00898	0.00632	0.00732	0.00579	0.00633	0.05207	0.00293	0.00207	0.00068	0.00321	0.00192	0.00141	0.00389
3	0.00674	0.08563	0.71829	0.00812	0.01224	0.00724	0.01015	0.00988	0.00673	0.06100	0.04187	0.00732	0.00519	0.00310	0.00290	0.00095	0.00422	0.00242	0.00154	0.00449
4	0.00673	0.00641	0.01089	0.45322	0.44506	0.00710	0.00902	0.00868	0.00660	0.00898	0.00565	0.00794	0.00450	0.00292	0.00307	0.00097	0.00389	0.00275	0.00145	0.00416
5	0.00640	0.00549	0.00640	0.00457	0.00732	0.00412	0.00366	0.00777	0.00640	0.01006	0.00549	0.00640	0.00457	0.00229	0.00229	0.00046	0.00229	0.00183	0.00183	0.91036
6	0.00791	0.09654	0.00842	0.00676	0.03247	0.03539	0.02557	0.02790	0.69555	0.01212	0.01107	0.01042	0.00840	0.00392	0.00302	0.00099	0.00274	0.00323	0.00283	0.00474
7	0.00619	0.01597	0.87549	0.00880	0.01336	0.00717	0.01141	0.00978	0.00652	0.00978	0.00554	0.00652	0.00391	0.00293	0.00293	0.00098	0.00456	0.00228	0.00130	0.00456
8	0.00747	0.03251	0.01280	0.04001	0.14805	0.00778	0.35643	0.01216	0.32629	0.01090	0.00844	0.00931	0.00644	0.00323	0.00330	0.00101	0.00385	0.00336	0.00213	0.00452
9	0.00437	0.00327	0.00488	0.00492	0.00545	0.00378	0.00380	0.00544	0.00502	0.00721	0.00879	0.06392	0.00847	0.02236	0.82758	0.00474	0.00789	0.00363	0.00173	0.00274
10	0.05502	0.00837	0.09559	0.00665	0.00905	0.00820	0.00583	0.47803	0.18674	0.04008	0.02070	0.00957	0.05428	0.00395	0.00306	0.00097	0.00312	0.00307	0.00287	0.00483
11	0.00826	0.89334	0.01618	0.00528	0.00792	0.01222	0.00528	0.00925	0.00627	0.00726	0.00429	0.00495	0.00396	0.00264	0.00198	0.00066	0.00330	0.00165	0.00132	0.00396
12	0.00384	0.00314	0.00339	0.00333	0.00429	0.00269	0.00249	0.00479	0.00748	0.00939	0.25002	0.02798	0.65158	0.00743	0.00365	0.00102	0.00154	0.00627	0.00301	0.00269
13	0.91330	0.00597	0.00454	0.00406	0.00597	0.00693	0.00334	0.00908	0.00525	0.01385	0.00430	0.00502	0.00334	0.00287	0.00191	0.00096	0.00239	0.00167	0.00191	0.00334
14	0.91330	0.00597	0.00454	0.00406	0.00597	0.00693	0.00334	0.00908	0.00525	0.01385	0.00430	0.00502	0.00334	0.00287	0.00191	0.00096	0.00239	0.00167	0.00191	0.00334
15	0.00387	0.00270	0.00354	0.00422	0.00443	0.00253	0.00283	0.00446	0.00594	0.00808	0.01664	0.84111	0.01973	0.00934	0.00384	0.00122	0.00177	0.00845	0.05276	0.00253
16	0.00823	0.77384	0.09161	0.00570	0.00848	0.03392	0.00585	0.02829	0.00654	0.00776	0.00448	0.00516	0.00399	0.00270	0.00211	0.00070	0.00347	0.00174	0.00137	0.00403
17	0.00746	0.00713	0.01200	0.10553	0.72314	0.00732	0.02423	0.00971	0.05464	0.01002	0.00616	0.00793	0.00506	0.00286	0.00308	0.00094	0.00367	0.00281	0.00160	0.00473
18	0.00729	0.00833	0.01822	0.01301	0.01614	0.00781	0.86101	0.00989	0.00729	0.00989	0.00625	0.00833	0.00469	0.00260	0.00364	0.00104	0.00521	0.00364	0.00156	0.00416
19	0.00369	0.00313	0.00319	0.00317	0.00420	0.00263	0.00238	0.00452	0.00714	0.00859	0.08192	0.02931	0.82018	0.00773	0.00365	0.00104	0.00156	0.00646	0.00290	0.00263
20	0.02313	0.03359	0.50149	0.00987	0.01374	0.00736	0.29797	0.01008	0.00688	0.05780	0.00610	0.00729	0.00437	0.00286	0.00314	0.00099	0.00460	0.00276	0.00154	0.00443
21	0.00619	0.01597	0.87549	0.00880	0.01336	0.00717	0.01141	0.00978	0.00652	0.00978	0.00554	0.00652	0.00391	0.00293	0.00293	0.00098	0.00456	0.00228	0.00130	0.00456

[dist]
# distance from previous block
# <min> <max>
0	16

[block]
# block no. 3 follows, 93 sequences, length 35
# corresponding to MSA columns:
# 541-575
name=unknown_D
#
# <colnr> <probs for GDERKNQSTAVLIFYWHMCP>
#	G	D	E	R	K	N	Q	S	T	A	V	L	I	F	Y	W	H	M	C	P
0	0.00376	0.00271	0.00356	0.00424	0.00446	0.00251	0.00284	0.00431	0.00597	0.00790	0.01770	0.84844	0.06101	0.00959	0.00393	0.00124	0.00178	0.00867	0.00287	0.00251
1	0.00466	0.00393	0.00411	0.00395	0.00478	0.06264	0.00293	0.00576	0.00789	0.01032	0.47700	0.03550	0.27560	0.06306	0.00437	0.00112	0.00190	0.02467	0.00300	0.00279
2	0.00619	0.01597	0.87549	0.00880	0.01336	0.00717	0.01141	0.00978	0.00652	0.00978	0.00554	0.00652	0.00391	0.00293	0.00293	0.00098	0.00456	0.00228	0.00130	0.00456
3	0.01385	0.00525	0.00717	0.00549	0.00788	0.00454	0.00454	0.01505	0.00884	0.87436	0.01218	0.01051	0.00764	0.00382	0.00311	0.00096	0.00263	0.00311	0.00382	0.00525
4	0.00399	0.00313	0.00350	0.00341	0.00432	0.00273	0.00255	0.00505	0.00766	0.00997	0.34776	0.02661	0.52482	0.00711	0.00360	0.00101	0.00152	0.00605	0.03248	0.00273
5	0.00437	0.00316	0.00413	0.00388	0.00461	0.00291	0.00291	0.00583	0.00874	0.01238	0.87059	0.02306	0.02913	0.00631	0.00364	0.00097	0.00146	0.00558	0.00340	0.00291
6	0.00408	0.00270	0.00369	0.00427	0.00443	0.00256	0.00287	0.00429	0.00558	0.00744	0.01484	0.70937	0.01757	0.00985	0.00546	0.17010	0.00198	0.02403	0.00258	0.00230
7	0.00659	0.00560	0.00650	0.00466	0.00740	0.00431	0.00374	0.03768	0.00669	0.01039	0.00556	0.00644	0.00460	0.00234	0.00231	0.00047	0.00233	0.00186	0.00187	0.87868
8	0.00480	0.00343	0.00477	0.00549	0.00612	0.00340	0.00467	0.00609	0.00693	0.00904	0.01645	0.15866	0.01815	0.00870	0.00422	0.00140	0.00269	0.72935	0.00285	0.00279
9	0.00796	0.00846	0.05549	0.01157	0.30488	0.11974	0.08658	0.01222	0.30846	0.01069	0.00842	0.00964	0.00672	0.00350	0.00314	0.00098	0.00365	0.03119	0.00214	0.00457
10	0.00676	0.00872	0.17841	0.07677	0.01184	0.00827	0.19321	0.03330	0.00603	0.00880	0.00517	0.00736	0.00432	0.00468	0.03548	0.00129	0.40147	0.00285	0.00145	0.00382
11	0.02149	0.00629	0.02582	0.02199	0.35592	0.00575	0.00660	0.02200	0.00780	0.39362	0.00893	0.03449	0.00650	0.00342	0.00304	0.00092	0.00306	0.00300	0.00262	0.06675
12	0.00724	0.37901	0.48353	0.00735	0.01104	0.00921	0.02499	0.00968	0.00648	0.02824	0.00519	0.00600	0.00403	0.00283	0.00256	0.00085	0.00401	0.00207	0.00137	0.00432
13	0.00689	0.00657	0.01118	0.37612	0.52090	0.00714	0.00910	0.00882	0.00668	0.00918	0.00568	0.00789	0.00457	0.00289	0.00307	0.00096	0.00385	0.00275	0.00146	0.00429
14	0.00449	0.00299	0.00337	0.00337	0.00337	0.00299	0.00187	0.00449	0.00449	0.00599	0.00973	0.02021	0.01123	0.89149	0.01572	0.00299	0.00299	0.00449	0.00187	0.00187
15	0.00662	0.00921	0.26939	0.04320	0.43116	0.00661	0.00888	0.00908	0.03529	0.00995	0.05617	0.03541	0.04791	0.01393	0.00326	0.00099	0.00362	0.00317	0.00172	0.00442
16	0.00943	0.07326	0.04224	0.07623	0.22322	0.33387	0.01814	0.06865	0.07985	0.03726	0.00616	0.00709	0.00488	0.00315	0.00289	0.00088	0.00429	0.00246	0.00183	0.00424
17	0.00385	0.00288	0.00361	0.00412	0.00457	0.00263	0.00292	0.00455	0.00636	0.00824	0.04523	0.58930	0.22221	0.00904	0.00389	0.00121	0.00182	0.07813	0.00288	0.00257
18	0.85174	0.00657	0.00483	0.00433	0.00622	0.06646	0.00352	0.00930	0.00549	0.01342	0.00433	0.00505	0.00339	0.00289	0.00197	0.00094	0.00261	0.00169	0.00189	0.00336
19	0.00369	0.00313	0.00319	0.00317	0.00420	0.00263	0.00238	0.00452	0.00714	0.00859	0.08225	0.02931	0.81984	0.00773	0.00365	0.00104	0.00156	0.00646	0.00290	0.00263
20	0.00735	0.00737	0.01317	0.09901	0.39371	0.00772	0.25069	0.02596	0.04639	0.00983	0.00605	0.00797	0.00488	0.00312	0.00402	0.00102	0.10273	0.00303	0.00161	0.00438
21	0.00868	0.00542	0.00664	0.00485	0.00749	0.00425	0.00393	0.01000	0.00715	0.27433	0.00753	0.00766	0.00551	0.00276	0.00254	0.00061	0.00239	0.00222	0.00244	0.63361
22	0.00640	0.00549	0.00640	0.00457	0.00732	0.00412	0.00366	0.00777	0.00640	0.01006	0.00549	0.00640	0.00457	0.00229	0.00229	0.00046	0.00229	0.00183	0.00183	0.91036
23	0.00764	0.00734	0.01253	0.01895	0.87222	0.00734	0.00948	0.00948	0.00703	0.01009	0.00581	0.00764	0.00489	0.00275	0.00306	0.00092	0.00367	0.00275	0.00153	0.00489
24	0.91330	0.00597	0.00454	0.00406	0.00597	0.00693	0.00334	0.00908	0.00525	0.01385	0.00430	0.00502	0.00334	0.00287	0.00191	0.00096	0.00239	0.00167	0.00191	0.00334
25	0.00826	0.00397	0.00524	0.00445	0.00583	0.00356	0.00350	0.00961	0.00860	0.35585	0.45955	0.01714	0.01887	0.00510	0.00331	0.00094	0.00192	0.00438	0.07608	0.00384
26	0.00376	0.00269	0.00358	0.00430	0.00448	0.00251	0.00287	0.00430	0.00591	0.00788	0.01702	0.88947	0.02042	0.00967	0.00394	0.00125	0.00179	0.00878	0.00287	0.00251
27	0.00465	0.00332	0.00460	0.00532	0.00588	0.00327	0.00441	0.00584	0.00679	0.00888	0.01653	0.26327	0.01848	0.00884	0.00418	0.00138	0.00256	0.62620	0.00285	0.00275
28	0.00441	0.00330	0.00491	0.00491	0.00544	0.00383	0.00379	0.00548	0.00495	0.00713	0.00832	0.01241	0.00784	0.05319	0.84939	0.00489	0.00809	0.00335	0.00166	0.00273
29	0.91330	0.00597	0.00454	0.00406	0.00597	0.00693	0.00334	0.00908	0.00525	0.01385	0.00430	0.00502	0.00334	0.00287	0.00191	0.00096	0.00239	0.00167	0.00191	0.00334
30	0.00640	0.00549	0.00640	0.00457	0.00732	0.00412	0.00366	0.00777	0.00640	0.01006	0.00549	0.00640	0.00457	0.00229	0.00229	0.00046	0.00229	0.00183	0.00183	0.91036
31	0.00640	0.00549	0.00640	0.00457	0.00732	0.00412	0.00366	0.00777	0.00640	0.01006	0.00549	0.00640	0.00457	0.00229	0.00229	0.00046	0.00229	0.00183	0.00183	0.91036
32	0.91330	0.00597	0.00454	0.00406	0.00597	0.00693	0.00334	0.00908	0.00525	0.01385	0.00430	0.00502	0.00334	0.00287	0.00191	0.00096	0.00239	0.00167	0.00191	0.00334
33	0.00768	0.00663	0.00698	0.00628	0.00803	0.00768	0.00489	0.01641	0.86665	0.01292	0.01257	0.01152	0.00943	0.00419	0.00314	0.00105	0.00244	0.00349	0.00314	0.00489
34	0.91330	0.00597	0.00454	0.00406	0.00597	0.00693	0.00334	0.00908	0.00525	0.01385	0.00430	0.00502	0.00334	0.00287	0.00191	0.00096	0.00239	0.00167	0.00191	0.00334

[dist]
# distance from previous block
# <min> <max>
0	10

[block]
# block no. 4 follows, 93 sequences, length 95
# corresponding to MSA columns:
# 586-680
name=unknown_E
#
# <colnr> <probs for GDERKNQSTAVLIFYWHMCP>
#	G	D	E	R	K	N	Q	S	T	A	V	L	I	F	Y	W	H	M	C	P
0	0.00764	0.00734	0.01253	0.01895	0.87222	0.00734	0.00948	0.00948	0.00703	0.01009	0.00581	0.00764	0.00489	0.00275	0.00306	0.00092	0.00367	0.00275	0.00153	0.00489
1	0.00768	0.00663	0.00698	0.00628	0.00803	0.00768	0.00489	0.01641	0.86665	0.01292	0.01257	0.01152	0.00943	0.00419	0.00314	0.00105	0.00244	0.00349	0.00314	0.00489
2	0.00382	0.00273	0.00365	0.00436	0.00457	0.00256	0.00296	0.00440	0.00597	0.00795	0.01699	0.84986	0.02030	0.00962	0.00396	0.00126	0.00184	0.04784	0.00287	0.00252
3	0.00393	0.00281	0.00377	0.00449	0.00474	0.00265	0.00315	0.00458	0.00607	0.00807	0.01693	0.77321	0.02006	0.00952	0.00399	0.00128	0.00193	0.12341	0.00286	0.00255
4	0.01385	0.00525	0.00717	0.00549	0.00788	0.00454	0.00454	0.01505	0.00884	0.87436	0.01218	0.01051	0.00764	0.00382	0.00311	0.00096	0.00263	0.00311	0.00382	0.00525
5	0.00583	0.00549	0.00926	0.88406	0.02127	0.00686	0.00858	0.00789	0.00617	0.00789	0.00549	0.00823	0.00412	0.00309	0.00309	0.00103	0.00412	0.00274	0.00137	0.00343
6	0.01385	0.00525	0.00717	0.00549	0.00788	0.00454	0.00454	0.01505	0.00884	0.87436	0.01218	0.01051	0.00764	0.00382	0.00311	0.00096	0.00263	0.00311	0.00382	0.00525
7	0.00569	0.00289	0.00294	0.00292	0.00364	0.00288	0.00219	0.00713	0.00658	0.01155	0.04996	0.01205	0.00890	0.00372	0.00223	0.00073	0.00144	0.00300	0.86667	0.00288
8	0.01385	0.00525	0.00717	0.00549	0.00788	0.00454	0.00454	0.01505	0.00884	0.87436	0.01218	0.01051	0.00764	0.00382	0.00311	0.00096	0.00263	0.00311	0.00382	0.00525
9	0.01371	0.00548	0.00730	0.00560	0.00799	0.00487	0.00463	0.07076	0.00921	0.81812	0.01187	0.01031	0.00749	0.00381	0.00310	0.00095	0.00268	0.00308	0.00377	0.00525
10	0.00739	0.00853	0.04868	0.01325	0.09265	0.00779	0.73288	0.03063	0.00741	0.01014	0.00621	0.00818	0.00469	0.00266	0.00355	0.00102	0.00500	0.00349	0.00159	0.00427
11	0.00801	0.00679	0.00717	0.00635	0.00815	0.00783	0.00497	0.08417	0.79835	0.01344	0.01215	0.01119	0.00909	0.00415	0.00314	0.00104	0.00252	0.00343	0.00314	0.00492
12	0.03478	0.09997	0.01985	0.01331	0.45720	0.24727	0.01890	0.05545	0.00777	0.00970	0.00541	0.00671	0.00451	0.00291	0.00285	0.00086	0.00413	0.00241	0.00162	0.00440
13	0.01322	0.00627	0.00779	0.00597	0.00839	0.00604	0.00493	0.26749	0.01053	0.61953	0.01076	0.00959	0.00693	0.00379	0.00310	0.00095	0.00286	0.00301	0.00360	0.00525
14	0.00773	0.00642	0.00675	0.00604	0.00773	0.00737	0.00471	0.06046	0.74769	0.01314	0.01208	0.01130	0.00907	0.00411	0.00305	0.00101	0.00241	0.00340	0.08079	0.00473
15	0.00448	0.00302	0.00350	0.00350	0.00355	0.00307	0.00204	0.00458	0.00453	0.00609	0.00960	0.01951	0.01092	0.81702	0.08977	0.00316	0.00345	0.00439	0.00185	0.00195
16	0.00378	0.00271	0.00359	0.00430	0.00450	0.00252	0.00289	0.00433	0.00595	0.00791	0.01730	0.86029	0.03745	0.00962	0.00394	0.00125	0.00180	0.02050	0.00287	0.00251
17	0.00759	0.00728	0.01244	0.04416	0.84742	0.00732	0.00945	0.00943	0.00701	0.01002	0.00580	0.00766	0.00487	0.00276	0.00306	0.00092	0.00368	0.00275	0.00152	0.00485
18	0.00376	0.00269	0.00358	0.00428	0.00447	0.00251	0.00286	0.00430	0.00593	0.00789	0.01722	0.87740	0.03236	0.00965	0.00394	0.00125	0.00179	0.00875	0.00287	0.00251
19	0.01385	0.00525	0.00717	0.00549	0.00788	0.00454	0.00454	0.01505	0.00884	0.87436	0.01218	0.01051	0.00764	0.00382	0.00311	0.00096	0.00263	0.00311	0.00382	0.00525
20	0.75288	0.00584	0.00501	0.00432	0.00631	0.00650	0.00356	0.01014	0.00589	0.16733	0.00571	0.00600	0.00411	0.00304	0.00212	0.00096	0.00243	0.00193	0.00225	0.00368
21	0.00644	0.00552	0.00642	0.00462	0.00734	0.00422	0.00369	0.00803	0.03147	0.01014	0.00569	0.00655	0.00471	0.00234	0.00231	0.00047	0.00229	0.00188	0.00187	0.88397
22	0.00772	0.00828	0.01740	0.01247	0.01554	0.00785	0.78765	0.06405	0.00778	0.02980	0.00645	0.00832	0.00479	0.00270	0.00360	0.00103	0.00503	0.00358	0.00171	0.00426
23	0.00376	0.00269	0.00358	0.00430	0.00448	0.00251	0.00287	0.00430	0.00591	0.00788	0.01702	0.88947	0.02042	0.00967	0.00394	0.00125	0.00179	0.00878	0.00287	0.00251
24	0.00437	0.00316	0.00413	0.00388	0.00461	0.00291	0.00291	0.00583	0.00874	0.01238	0.87059	0.02306	0.02913	0.00631	0.00364	0.00097	0.00146	0.00558	0.00340	0.00291
25	0.00729	0.00833	0.01822	0.01301	0.01614	0.00781	0.86101	0.00989	0.00729	0.00989	0.00625	0.00833	0.00469	0.00260	0.00364	0.00104	0.00521	0.00364	0.00156	0.00416
26	0.00498	0.00355	0.00498	0.00569	0.00640	0.00355	0.00498	0.00640	0.00711	0.00924	0.01635	0.03483	0.01777	0.00853	0.00426	0.00142	0.00284	0.85144	0.00284	0.00284
27	0.00448	0.00304	0.00359	0.00359	0.00367	0.00312	0.00215	0.00463	0.00456	0.00615	0.00952	0.01907	0.01073	0.76967	0.13685	0.00327	0.00373	0.00432	0.00184	0.00200
28	0.00365	0.00312	0.00314	0.00315	0.00418	0.00260	0.00236	0.00443	0.00701	0.00833	0.03096	0.04891	0.85198	0.00786	0.00366	0.00105	0.00157	0.00657	0.00287	0.00260
29	0.91330	0.00597	0.00454	0.00406	0.00597	0.00693	0.00334	0.00908	0.00525	0.01385	0.00430	0.00502	0.00334	0.00287	0.00191	0.00096	0.00239	0.00167	0.00191	0.00334
30	0.00802	0.79486	0.11263	0.00568	0.00854	0.01165	0.00597	0.00931	0.00630	0.00755	0.00443	0.00513	0.00396	0.00267	0.00209	0.00070	0.00344	0.00172	0.00132	0.00403
31	0.91330	0.00597	0.00454	0.00406	0.00597	0.00693	0.00334	0.00908	0.00525	0.01385	0.00430	0.00502	0.00334	0.00287	0.00191	0.00096	0.00239	0.00167	0.00191	0.00334
32	0.01382	0.00530	0.00719	0.00552	0.00791	0.00461	0.00456	0.02678	0.00892	0.86252	0.01212	0.01047	0.00761	0.00382	0.00310	0.00096	0.00264	0.00310	0.00381	0.00525
33	0.00748	0.00717	0.01224	0.09654	0.79591	0.00729	0.00940	0.00933	0.00695	0.00989	0.00578	0.00770	0.00482	0.00278	0.00306	0.00093	0.00371	0.00275	0.00151	0.00476
34	0.00376	0.00269	0.00358	0.00430	0.00448	0.00251	0.00287	0.00430	0.00591	0.00788	0.01702	0.88947	0.02042	0.00967	0.00394	0.00125	0.00179	0.00878	0.00287	0.00251
35	0.00437	0.00316	0.00413	0.00388	0.00461	0.00291	0.00291	0.00583	0.00874	0.01238	0.87059	0.02306	0.02913	0.00631	0.00364	0.00097	0.00146	0.00558	0.00340	0.00291
36	0.00583	0.00549	0.00926	0.88406	0.02127	0.00686	0.00858	0.00789	0.00617	0.00789	0.00549	0.00823	0.00412	0.00309	0.00309	0.00103	0.00412	0.00274	0.00137	0.00343
37	0.00826	0.89334	0.01618	0.00528	0.00792	0.01222	0.00528	0.00925	0.00627	0.00726	0.00429	0.00495	0.00396	0.00264	0.00198	0.00066	0.00330	0.00165	0.00132	0.00396
38	0.01252	0.00486	0.00646	0.00506	0.00718	0.00427	0.00415	0.01376	0.00845	0.73238	0.01183	0.01067	0.00769	0.00378	0.00295	0.00092	0.00243	0.00307	0.15271	0.00486
39	0.00449	0.00299	0.00337	0.00337	0.00337	0.00299	0.00187	0.00449	0.00449	0.00599	0.00973	0.02021	0.01123	0.89149	0.01572	0.00299	0.00299	0.00449	0.00187	0.00187
40	0.01308	0.00609	0.06066	0.00586	0.00837	0.00497	0.01556	0.05786	0.00893	0.75698	0.01151	0.02015	0.00740	0.00381	0.00311	0.00096	0.00281	0.00311	0.00359	0.00517
41	0.00376	0.00269	0.00358	0.00430	0.00448	0.00251	0.00287	0.00430	0.00591	0.00788	0.01702	0.88947	0.02042	0.00967	0.00394	0.00125	0.00179	0.00878	0.00287	0.00251
42	0.01385	0.00525	0.00717	0.00549	0.00788	0.00454	0.00454	0.01505	0.00884	0.87436	0.01218	0.01051	0.00764	0.00382	0.00311	0.00096	0.00263	0.00311	0.00382	0.00525
43	0.00751	0.00720	0.01229	0.08219	0.81002	0.00730	0.00941	0.00936	0.00697	0.00993	0.00578	0.00769	0.00483	0.00278	0.00306	0.00093	0.00370	0.00275	0.00152	0.00478
44	0.00652	0.01532	0.79996	0.00886	0.01326	0.00732	0.04043	0.05498	0.00697	0.01030	0.00566	0.00663	0.00401	0.00296	0.00297	0.00098	0.00452	0.00236	0.00141	0.00459
45	0.00755	0.00724	0.01236	0.06395	0.82796	0.00731	0.00943	0.00939	0.00699	0.00997	0.00579	0.00767	0.00485	0.00277	0.00306	0.00092	0.00369	0.00275	0.00152	0.00481
46	0.01316	0.00554	0.00777	0.00694	0.09872	0.00493	0.00508	0.03167	0.00876	0.76620	0.01142	0.01015	0.00731	0.00371	0.00310	0.00095	0.00275	0.00306	0.00357	0.00522
47	0.00640	0.00549	0.00640	0.00457	0.00732	0.00412	0.00366	0.00777	0.00640	0.01006	0.00549	0.00640	0.00457	0.00229	0.00229	0.00046	0.00229	0.00183	0.00183	0.91036
48	0.01134	0.00634	0.00743	0.00596	0.00812	0.00652	0.00484	0.22987	0.22517	0.39573	0.01096	0.01003	0.00750	0.00387	0.00306	0.00096	0.00271	0.00311	0.05146	0.00504
49	0.00366	0.00313	0.00314	0.00314	0.00418	0.00261	0.00235	0.00445	0.00706	0.00840	0.04249	0.02963	0.85972	0.00780	0.00365	0.00104	0.00156	0.00650	0.00287	0.00261
50	0.00368	0.00312	0.00318	0.00318	0.00419	0.00262	0.00238	0.00448	0.00708	0.00849	0.06372	0.04670	0.82109	0.00780	0.00365	0.00104	0.00156	0.00653	0.00289	0.00262
51	0.00449	0.00299	0.00337	0.00337	0.00337	0.00299	0.00187	0.00449	0.00449	0.00599	0.00973	0.02021	0.01123	0.89149	0.01572	0.00299	0.00299	0.00449	0.00187	0.00187
52	0.00365	0.00313	0.00313	0.00313	0.00417	0.00261	0.00235	0.00443	0.00704	0.00834	0.03128	0.02972	0.87097	0.00782	0.00365	0.00104	0.00156	0.00652	0.00287	0.00261
53	0.00826	0.89334	0.01618	0.00528	0.00792	0.01222	0.00528	0.00925	0.00627	0.00726	0.00429	0.00495	0.00396	0.00264	0.00198	0.00066	0.00330	0.00165	0.00132	0.00396
54	0.00619	0.01597	0.87549	0.00880	0.01336	0.00717	0.01141	0.00978	0.00652	0.00978	0.00554	0.00652	0.00391	0.00293	0.00293	0.00098	0.00456	0.00228	0.00130	0.00456
55	0.00375	0.00273	0.00354	0.00419	0.00445	0.00252	0.00282	0.00431	0.00601	0.00792	0.01830	0.81237	0.09670	0.00951	0.00391	0.00124	0.00177	0.00858	0.00287	0.00252
56	0.00826	0.89334	0.01618	0.00528	0.00792	0.01222	0.00528	0.00925	0.00627	0.00726	0.00429	0.00495	0.00396	0.00264	0.00198	0.00066	0.00330	0.00165	0.00132	0.00396
57	0.01385	0.00525	0.00717	0.00549	0.00788	0.00454	0.00454	0.01505	0.00884	0.87436	0.01218	0.01051	0.00764	0.00382	0.00311	0.00096	0.00263	0.00311	0.00382	0.00525
58	0.00375	0.00313	0.00327	0.00324	0.00423	0.00265	0.00243	0.00463	0.00728	0.00892	0.15239	0.02876	0.74950	0.00760	0.00365	0.00103	0.00155	0.00638	0.00294	0.00265
59	0.91330	0.00597	0.00454	0.00406	0.00597	0.00693	0.00334	0.00908	0.00525	0.01385	0.00430	0.00502	0.00334	0.00287	0.00191	0.00096	0.00239	0.00167	0.00191	0.00334
60	0.00769	0.00640	0.00678	0.00609	0.00782	0.00730	0.00474	0.01572	0.78962	0.04424	0.01355	0.01245	0.05506	0.00437	0.00317	0.00104	0.00240	0.00364	0.00315	0.00478
61	0.00764	0.00734	0.01253	0.01895	0.87222	0.00734	0.00948	0.00948	0.00703	0.01009	0.00581	0.00764	0.00489	0.00275	0.00306	0.00092	0.00367	0.00275	0.00153	0.00489
62	0.00583	0.00549	0.00926	0.88406	0.02127	0.00686	0.00858	0.00789	0.00617	0.00789	0.00549	0.00823	0.00412	0.00309	0.00309	0.00103	0.00412	0.00274	0.00137	0.00343
63	0.00514	0.00350	0.00390	0.00370	0.00392	0.00358	0.00223	0.08139	0.00539	0.00720	0.00952	0.01906	0.01069	0.81187	0.01458	0.00281	0.00303	0.00434	0.00198	0.00217
