[name]
unknown

[dist]
# distance from previous block
# <min> <max>
0	1908

[block]
# block no. 0 follows, 55 sequences, length 8
# corresponding to MSA columns:
# 2973-2980
name=unknown_A
#
# <colnr> <probs for GDERKNQSTAVLIFYWHMCP>
#	G	D	E	R	K	N	Q	S	T	A	V	L	I	F	Y	W	H	M	C	P
0	0.00942	0.00702	0.00829	0.00816	0.00979	0.00745	0.00636	0.06876	0.25718	0.04961	0.05524	0.26400	0.04375	0.01034	0.00549	0.00177	0.00354	0.17377	0.00456	0.00550
1	0.01186	0.00961	0.02717	0.14574	0.25860	0.04523	0.01011	0.06805	0.05192	0.12162	0.01383	0.14995	0.01248	0.00666	0.00486	0.00151	0.00490	0.02836	0.00342	0.02412
2	0.14199	0.22443	0.09364	0.03986	0.04611	0.05269	0.03766	0.07642	0.04363	0.02729	0.01017	0.01429	0.00890	0.00723	0.05225	0.00177	0.03342	0.07959	0.00281	0.00587
3	0.00717	0.00593	0.00879	0.00856	0.00947	0.00634	0.06107	0.00868	0.00936	0.01267	0.05677	0.32360	0.08158	0.01415	0.08728	0.00245	0.11741	0.17068	0.00372	0.00432
4	0.05448	0.17420	0.05147	0.00892	0.06550	0.06839	0.00684	0.01154	0.03835	0.04135	0.08115	0.03981	0.06946	0.00917	0.00832	0.25445	0.00443	0.00469	0.00284	0.00464
5	0.00906	0.01030	0.10282	0.05793	0.22163	0.06196	0.03070	0.01181	0.04773	0.01358	0.01956	0.18296	0.14758	0.03241	0.00562	0.00165	0.00472	0.02928	0.00319	0.00551
6	0.01194	0.30589	0.18375	0.00931	0.01361	0.01277	0.00941	0.13569	0.02837	0.03705	0.00977	0.04918	0.00834	0.00502	0.00392	0.00120	0.00497	0.02004	0.00285	0.14693
7	0.00874	0.04997	0.39746	0.01236	0.11103	0.00906	0.01193	0.01270	0.04267	0.01462	0.08689	0.10203	0.10758	0.00683	0.00478	0.00150	0.00511	0.00578	0.00293	0.00602

[dist]
# distance from previous block
# <min> <max>
24	91

[block]
# block no. 1 follows, 55 sequences, length 6
# corresponding to MSA columns:
# 3081-3086
name=unknown_B
#
# <colnr> <probs for GDERKNQSTAVLIFYWHMCP>
#	G	D	E	R	K	N	Q	S	T	A	V	L	I	F	Y	W	H	M	C	P
0	0.04905	0.02613	0.00963	0.02634	0.03925	0.00731	0.05632	0.05878	0.05256	0.06217	0.05966	0.20078	0.05286	0.12471	0.06714	0.05663	0.03522	0.00713	0.00356	0.00478
1	0.04589	0.14905	0.16699	0.09078	0.08433	0.04071	0.06749	0.05550	0.01039	0.04693	0.01094	0.07928	0.00993	0.05138	0.02544	0.00176	0.02310	0.03150	0.00272	0.00587
2	0.01105	0.20963	0.09417	0.01065	0.08984	0.07725	0.02738	0.04394	0.03943	0.04694	0.01200	0.13019	0.01168	0.10403	0.00704	0.03081	0.00501	0.00523	0.00289	0.04083
3	0.17799	0.06014	0.04034	0.03062	0.05417	0.06615	0.02790	0.05699	0.04490	0.04917	0.00902	0.01184	0.00759	0.00997	0.05613	0.25855	0.02729	0.00375	0.00270	0.00480
4	0.00896	0.08224	0.06496	0.06964	0.21046	0.00880	0.08728	0.01142	0.01074	0.01442	0.13712	0.02259	0.20374	0.00677	0.00484	0.00141	0.00450	0.00603	0.00317	0.04090
5	0.01070	0.01180	0.11329	0.08163	0.16666	0.08456	0.01005	0.07551	0.12672	0.01557	0.02981	0.07780	0.03864	0.02987	0.03364	0.00180	0.00542	0.05989	0.00323	0.02339

[dist]
# distance from previous block
# <min> <max>
73	685

[block]
# block no. 2 follows, 55 sequences, length 46
# corresponding to MSA columns:
# 4028-4045,4076-4100,4102-4104
name=unknown_C
#
# <colnr> <probs for GDERKNQSTAVLIFYWHMCP>
#	G	D	E	R	K	N	Q	S	T	A	V	L	I	F	Y	W	H	M	C	P
0	0.04502	0.00976	0.04399	0.04671	0.12535	0.02866	0.00838	0.16983	0.06350	0.17950	0.19374	0.03505	0.01734	0.00639	0.00479	0.00145	0.00427	0.00538	0.00431	0.00658
1	0.03272	0.00947	0.06801	0.05556	0.12956	0.02775	0.07839	0.10344	0.01132	0.01555	0.04421	0.21755	0.07258	0.03964	0.00575	0.00165	0.00461	0.02541	0.00340	0.05343
2	0.06229	0.06095	0.04327	0.10624	0.10661	0.08399	0.03652	0.08299	0.06806	0.01469	0.00870	0.01155	0.00737	0.03695	0.00826	0.00170	0.24732	0.00403	0.00262	0.00587
3	0.01042	0.11379	0.26772	0.01021	0.01426	0.02724	0.05600	0.09760	0.04134	0.03508	0.07478	0.06252	0.09564	0.00646	0.00476	0.00143	0.01519	0.01913	0.00318	0.04326
4	0.04126	0.04083	0.05582	0.01029	0.07427	0.00952	0.00800	0.07156	0.07022	0.06980	0.11417	0.01789	0.07516	0.01045	0.11111	0.00228	0.15304	0.00511	0.00341	0.05583
5	0.03206	0.11260	0.02258	0.01538	0.01956	0.09311	0.46139	0.11191	0.01230	0.03012	0.00911	0.01119	0.00696	0.00425	0.00481	0.00140	0.00689	0.00454	0.00269	0.03717
6	0.01055	0.00990	0.01138	0.02963	0.01187	0.11991	0.04980	0.08618	0.06107	0.01398	0.03132	0.04605	0.01091	0.04571	0.22926	0.00331	0.17899	0.00491	0.04009	0.00517
7	0.00637	0.00461	0.00616	0.00706	0.00776	0.00439	0.00540	0.00777	0.00995	0.01311	0.07908	0.44922	0.08148	0.01344	0.00605	0.00193	0.00321	0.28464	0.00436	0.00401
8	0.01220	0.00991	0.01087	0.04467	0.01284	0.01122	0.00757	0.20734	0.47454	0.02079	0.04726	0.09113	0.01499	0.00694	0.00485	0.00156	0.00399	0.00580	0.00458	0.00696
9	0.00893	0.00751	0.00927	0.00849	0.00966	0.00872	0.00670	0.06442	0.12056	0.02757	0.08190	0.16891	0.17911	0.00984	0.00818	0.00176	0.23522	0.03433	0.00384	0.00509
10	0.00627	0.00451	0.00586	0.00672	0.00728	0.00430	0.00492	0.00737	0.00927	0.01213	0.02579	0.46447	0.09084	0.11278	0.00817	0.00225	0.00331	0.21581	0.00413	0.00381
11	0.02635	0.01106	0.01206	0.00956	0.01285	0.01203	0.00780	0.49739	0.13227	0.12931	0.01356	0.01322	0.00964	0.00568	0.00452	0.00140	0.00446	0.00440	0.08499	0.00746
12	0.00704	0.00467	0.00624	0.00684	0.00765	0.00438	0.00510	0.00841	0.01028	0.05798	0.15253	0.46893	0.05871	0.01280	0.00588	0.00184	0.00300	0.16898	0.00452	0.00422
13	0.00945	0.05482	0.78267	0.01306	0.01983	0.01109	0.01684	0.01470	0.00981	0.01459	0.00828	0.00973	0.00590	0.00440	0.00437	0.00146	0.00680	0.00340	0.00197	0.00684
14	0.00629	0.00466	0.00560	0.00566	0.00674	0.00426	0.00413	0.00810	0.02673	0.01538	0.35949	0.21638	0.24987	0.01099	0.00545	0.00157	0.00238	0.00960	0.05252	0.00418
15	0.00960	0.00926	0.01305	0.01133	0.01150	0.01248	0.02669	0.01064	0.00742	0.01123	0.00853	0.03428	0.00894	0.09045	0.01516	0.00227	0.66246	0.04759	0.00230	0.00481
16	0.01081	0.00608	0.00753	0.00652	0.00861	0.00554	0.00510	0.01347	0.06745	0.23187	0.33246	0.02857	0.17126	0.00829	0.00504	0.00144	0.00285	0.00705	0.04214	0.03793
17	0.01245	0.04354	0.04235	0.12747	0.01552	0.30438	0.04458	0.05800	0.04689	0.01402	0.02704	0.04514	0.06710	0.00572	0.00440	0.00131	0.00592	0.00451	0.06408	0.06558
18	0.01274	0.01046	0.01105	0.00958	0.01239	0.01196	0.00755	0.18047	0.61967	0.02141	0.01725	0.01610	0.01286	0.00614	0.00468	0.00153	0.00393	0.00502	0.02781	0.00739
19	0.00894	0.00978	0.08820	0.66290	0.02863	0.01052	0.01283	0.01207	0.00919	0.01225	0.00830	0.01213	0.00633	0.00492	0.00542	0.00157	0.07056	0.00407	0.02608	0.00530
20	0.45852	0.04302	0.10195	0.15507	0.01514	0.06338	0.00843	0.02746	0.00908	0.01725	0.00720	0.00895	0.00559	0.00449	0.00383	0.00142	0.02581	0.00302	0.00257	0.03782
21	0.07353	0.27264	0.04889	0.01154	0.10533	0.16605	0.00890	0.11272	0.07995	0.01575	0.04244	0.01131	0.02256	0.00496	0.00396	0.00126	0.00541	0.00364	0.00290	0.00626
22	0.00799	0.00691	0.00988	0.04153	0.23693	0.03475	0.00765	0.00945	0.00949	0.01271	0.01885	0.46350	0.02136	0.06125	0.00656	0.00188	0.00400	0.03694	0.00350	0.00487
23	0.00907	0.00930	0.11731	0.04695	0.04120	0.04421	0.01426	0.02499	0.08894	0.06042	0.19363	0.20822	0.03658	0.06558	0.00644	0.00178	0.00408	0.01790	0.00392	0.00523
24	0.00986	0.00826	0.00967	0.00692	0.01104	0.00621	0.00554	0.01192	0.00972	0.03005	0.00846	0.00976	0.00698	0.00349	0.00347	0.00070	0.00345	0.00279	0.00281	0.84890
25	0.01398	0.58404	0.02088	0.00922	0.01270	0.26814	0.00828	0.01538	0.01062	0.01108	0.00669	0.00775	0.00598	0.00423	0.00336	0.00106	0.00604	0.00265	0.00212	0.00579
26	0.01023	0.00825	0.00971	0.00696	0.01107	0.00623	0.00558	0.01228	0.00984	0.05653	0.00879	0.00997	0.00713	0.00357	0.00351	0.00073	0.00347	0.00286	0.00291	0.82038
27	0.01111	0.01658	0.36373	0.08622	0.09476	0.06671	0.08711	0.01532	0.04481	0.08691	0.04084	0.02790	0.02689	0.00514	0.00467	0.00147	0.00613	0.00443	0.00275	0.00651
28	0.00913	0.01091	0.16446	0.08369	0.11967	0.00894	0.03911	0.03967	0.08209	0.01413	0.05869	0.06610	0.04142	0.14703	0.04313	0.00230	0.05541	0.00562	0.00296	0.00551
29	0.01262	0.80864	0.02396	0.00811	0.01203	0.04840	0.00800	0.01410	0.00959	0.01096	0.00649	0.00750	0.00597	0.00401	0.00303	0.00100	0.00510	0.00251	0.00201	0.00595
30	0.01195	0.01583	0.37129	0.06207	0.01694	0.00951	0.01178	0.09855	0.01155	0.13185	0.01008	0.01096	0.00718	0.00453	0.00427	0.00128	0.00542	0.00358	0.00300	0.20840
31	0.00590	0.00473	0.00526	0.00513	0.00653	0.00410	0.00385	0.00744	0.01154	0.01479	0.32403	0.04111	0.52731	0.01095	0.00549	0.00153	0.00230	0.00931	0.00461	0.00410
32	0.02681	0.01066	0.06355	0.05651	0.16187	0.03142	0.14839	0.10898	0.05465	0.07439	0.05363	0.01435	0.01057	0.00509	0.00454	0.00139	0.00506	0.00465	0.15717	0.00634
33	0.01339	0.00636	0.00808	0.00717	0.00941	0.00588	0.00588	0.04162	0.01195	0.34516	0.03356	0.04732	0.08823	0.00798	0.00486	0.00153	0.00348	0.16489	0.18737	0.00588
34	0.00667	0.00473	0.00545	0.00545	0.00673	0.00416	0.00400	0.00804	0.01085	0.05278	0.19891	0.19146	0.41127	0.02414	0.00573	0.00163	0.00249	0.00964	0.04168	0.00419
35	0.00703	0.00489	0.00551	0.00540	0.00587	0.00486	0.00339	0.01856	0.04159	0.01156	0.11276	0.04893	0.08674	0.57287	0.01777	0.00355	0.00390	0.00718	0.03421	0.00344
36	0.00749	0.00443	0.00664	0.00664	0.00698	0.00477	0.00477	0.00698	0.00664	0.00920	0.00988	0.01584	0.00954	0.02384	0.34624	0.51310	0.00749	0.00443	0.00221	0.00290
37	0.04317	0.00810	0.00922	0.00861	0.06124	0.02523	0.00633	0.17812	0.04032	0.14680	0.01374	0.01472	0.01026	0.00651	0.03268	0.00151	0.02695	0.00430	0.35616	0.00603
38	0.00609	0.00463	0.00542	0.00556	0.00650	0.00427	0.00396	0.00724	0.00987	0.01277	0.16247	0.15583	0.33515	0.16680	0.06106	0.00255	0.00350	0.03850	0.00406	0.00381
39	0.01265	0.09289	0.16215	0.04135	0.03868	0.05596	0.22158	0.19150	0.01287	0.03503	0.00930	0.01116	0.00708	0.00587	0.03475	0.00167	0.05192	0.00421	0.00283	0.00656
40	0.10208	0.08417	0.12169	0.01074	0.04335	0.17547	0.00923	0.27096	0.01439	0.01915	0.03866	0.04258	0.03671	0.00564	0.00431	0.00136	0.00558	0.00421	0.00333	0.00636
41	0.07931	0.38835	0.24438	0.00983	0.01444	0.01373	0.05368	0.01453	0.02610	0.04166	0.00824	0.00938	0.00656	0.00427	0.00365	0.00122	0.00534	0.00314	0.03518	0.03704
42	0.10509	0.12898	0.06685	0.00938	0.01256	0.05631	0.05334	0.12239	0.18340	0.05468	0.14578	0.01563	0.01465	0.00583	0.00439	0.00140	0.00453	0.00469	0.00379	0.00630
43	0.01146	0.04562	0.09034	0.03739	0.02631	0.07995	0.00763	0.10851	0.07309	0.06380	0.01215	0.04314	0.01086	0.16310	0.02273	0.00199	0.00503	0.02193	0.00325	0.17171
44	0.02619	0.07848	0.04011	0.00923	0.02633	0.07058	0.04979	0.09768	0.01142	0.06087	0.04168	0.15976	0.03496	0.00671	0.00493	0.00130	0.04143	0.00555	0.00337	0.22963
45	0.04058	0.08435	0.03864	0.03923	0.01119	0.04545	0.03618	0.08828	0.04384	0.01442	0.01599	0.12841	0.09105	0.14568	0.00797	0.00189	0.02507	0.00598	0.00324	0.13257

[dist]
# distance from previous block
# <min> <max>
2	11

[block]
# block no. 3 follows, 55 sequences, length 6
# corresponding to MSA columns:
# 4137-4142
name=unknown_D
#
# <colnr> <probs for GDERKNQSTAVLIFYWHMCP>
#	G	D	E	R	K	N	Q	S	T	A	V	L	I	F	Y	W	H	M	C	P
0	0.03377	0.05013	0.14204	0.02903	0.03530	0.00982	0.00880	0.08308	0.19833	0.08375	0.11894	0.07180	0.01613	0.00691	0.00524	0.00153	0.04262	0.03430	0.02220	0.00628
1	0.86937	0.00900	0.00684	0.00612	0.00900	0.01044	0.00504	0.01368	0.00792	0.02087	0.00648	0.00756	0.00504	0.00432	0.00288	0.00144	0.00360	0.00252	0.00288	0.00504
2	0.00799	0.00515	0.00635	0.00618	0.00764	0.00467	0.00478	0.00956	0.01114	0.11123	0.21310	0.10005	0.30859	0.03914	0.04343	0.00200	0.00332	0.10661	0.00454	0.00453
3	0.00612	0.00468	0.00555	0.00578	0.00685	0.00423	0.00431	0.00750	0.01066	0.01378	0.21371	0.17445	0.34722	0.06996	0.00697	0.00188	0.00277	0.10525	0.00439	0.00398
4	0.00826	0.00520	0.00651	0.00614	0.00748	0.00490	0.00463	0.01031	0.03512	0.10289	0.35207	0.08251	0.14351	0.06909	0.06577	0.00215	0.00345	0.02832	0.05706	0.00463
5	0.00785	0.00629	0.00877	0.00782	0.00918	0.00633	0.07709	0.04656	0.06915	0.01500	0.24023	0.17589	0.12601	0.07592	0.00825	0.06265	0.04033	0.00815	0.00403	0.00452

[dist]
# distance from previous block
# <min> <max>
12	27

[block]
# block no. 4 follows, 55 sequences, length 46
# corresponding to MSA columns:
# 4190-4232,4239-4241
name=unknown_E
#
# <colnr> <probs for GDERKNQSTAVLIFYWHMCP>
#	G	D	E	R	K	N	Q	S	T	A	V	L	I	F	Y	W	H	M	C	P
0	0.04342	0.00597	0.00818	0.00736	0.00885	0.00577	0.08230	0.02530	0.04320	0.05101	0.15574	0.23136	0.11279	0.09483	0.00704	0.00187	0.00339	0.00826	0.09877	0.00458
1	0.01086	0.07723	0.19542	0.03240	0.01494	0.01028	0.07585	0.06519	0.07919	0.04044	0.00994	0.01166	0.00782	0.02621	0.00544	0.00135	0.06468	0.00379	0.03409	0.23323
2	0.00661	0.00486	0.00602	0.00587	0.00694	0.00456	0.00430	0.00887	0.04458	0.01669	0.53350	0.12901	0.13224	0.04640	0.00625	0.00166	0.00244	0.00885	0.02602	0.00431
3	0.02984	0.05463	0.18104	0.00911	0.01249	0.00913	0.00870	0.06517	0.17229	0.15871	0.03346	0.08734	0.06501	0.02668	0.00520	0.00160	0.00440	0.04895	0.01992	0.00635
4	0.00781	0.00782	0.09712	0.00816	0.00988	0.00676	0.03688	0.02678	0.00945	0.03133	0.15625	0.02284	0.07363	0.12472	0.30621	0.00411	0.05654	0.00594	0.00317	0.00461
5	0.00996	0.00981	0.18909	0.00832	0.01106	0.00667	0.00794	0.01278	0.03057	0.16366	0.23819	0.07111	0.02100	0.06126	0.13493	0.00262	0.00541	0.00617	0.00392	0.00552
6	0.06560	0.05358	0.19757	0.01038	0.03653	0.06650	0.00965	0.11360	0.12562	0.13145	0.01166	0.01210	0.00858	0.00628	0.03988	0.00161	0.00542	0.00388	0.01580	0.08431
7	0.01378	0.30660	0.02986	0.01045	0.05528	0.04598	0.00858	0.23546	0.21474	0.01859	0.01115	0.01132	0.00869	0.00507	0.00406	0.00129	0.00488	0.00380	0.00347	0.00694
8	0.00933	0.02406	0.81240	0.01326	0.02014	0.01080	0.01719	0.01473	0.00982	0.01473	0.00835	0.00982	0.00589	0.00442	0.00442	0.00147	0.00688	0.00344	0.00196	0.00688
9	0.00784	0.00808	0.08932	0.03784	0.14651	0.00676	0.03793	0.02136	0.02985	0.01309	0.01816	0.40822	0.02004	0.08039	0.02892	0.00210	0.00443	0.03079	0.00343	0.00494
10	0.01243	0.39122	0.23933	0.00978	0.01429	0.01356	0.02280	0.03521	0.04310	0.11610	0.01023	0.02775	0.00831	0.00499	0.00394	0.00129	0.00530	0.03112	0.00278	0.00648
11	0.00663	0.00451	0.00600	0.00681	0.00748	0.00423	0.00498	0.00780	0.00969	0.04326	0.05613	0.57406	0.07713	0.01354	0.00594	0.00188	0.00301	0.15845	0.00440	0.00407
12	0.00630	0.00453	0.00528	0.00553	0.00607	0.00428	0.00366	0.00699	0.00868	0.01126	0.07301	0.19005	0.19928	0.39089	0.01399	0.00301	0.00352	0.05656	0.00368	0.00344
13	0.01226	0.14861	0.10792	0.03320	0.01601	0.24711	0.16734	0.01523	0.04782	0.01342	0.07744	0.01298	0.02479	0.00583	0.02333	0.00150	0.03254	0.00427	0.00263	0.00577
14	0.01216	0.01402	0.27152	0.18339	0.08060	0.04063	0.01214	0.04777	0.03577	0.16676	0.02703	0.01426	0.00917	0.00556	0.00498	0.02254	0.00569	0.03641	0.00311	0.00648
15	0.00615	0.00454	0.00562	0.00611	0.00682	0.00425	0.00430	0.00752	0.02717	0.01310	0.15660	0.41280	0.16413	0.10171	0.00771	0.00206	0.00287	0.05833	0.00430	0.00391
16	0.00911	0.00669	0.02570	0.00678	0.00872	0.00624	0.00539	0.05910	0.12039	0.09442	0.36424	0.04369	0.21313	0.00897	0.00524	0.00150	0.00290	0.00766	0.00483	0.00529
17	0.07478	0.39281	0.10120	0.01040	0.06495	0.09089	0.00914	0.10412	0.03999	0.01487	0.00956	0.01044	0.03968	0.00478	0.00385	0.00123	0.01511	0.00337	0.00261	0.00621
18	0.00566	0.00439	0.00512	0.00563	0.00651	0.00389	0.00394	0.00668	0.00980	0.01242	0.07024	0.42820	0.37497	0.03253	0.00614	0.00179	0.00257	0.01134	0.00432	0.00385
19	0.00666	0.00530	0.00609	0.00587	0.00713	0.02904	0.00446	0.00855	0.01234	0.01652	0.53235	0.03762	0.25036	0.01016	0.00550	0.00152	0.00254	0.04892	0.00478	0.00429
20	0.00897	0.00952	0.09270	0.36700	0.15620	0.00895	0.04098	0.01173	0.00971	0.03371	0.01347	0.17366	0.04044	0.00674	0.00494	0.00158	0.00533	0.00612	0.00273	0.00551
21	0.00950	0.03921	0.05113	0.21035	0.04879	0.04654	0.09293	0.01181	0.02148	0.05603	0.01408	0.12749	0.04900	0.08945	0.07577	0.00235	0.04007	0.00601	0.00288	0.00512
22	0.00750	0.00581	0.00713	0.02269	0.00780	0.02523	0.00507	0.00841	0.00823	0.01147	0.04577	0.09548	0.10047	0.23129	0.15927	0.04682	0.11733	0.00653	0.08383	0.00384
23	0.01263	0.80791	0.02395	0.00811	0.01203	0.04912	0.00800	0.01411	0.00960	0.01096	0.00650	0.00750	0.00597	0.00401	0.00303	0.00100	0.00511	0.00251	0.00201	0.00595
24	0.00970	0.00832	0.00967	0.00696	0.01106	0.00635	0.00557	0.01209	0.03218	0.01528	0.00857	0.00987	0.00710	0.00353	0.00348	0.00071	0.00345	0.00283	0.00281	0.84046
25	0.01220	0.75758	0.07858	0.00837	0.01251	0.01767	0.00858	0.01431	0.03348	0.01147	0.00698	0.00793	0.00621	0.00408	0.00314	0.00105	0.00507	0.00264	0.00207	0.00608
26	0.00559	0.00470	0.00486	0.00485	0.00635	0.00396	0.00363	0.00685	0.01078	0.01307	0.11086	0.06397	0.72131	0.01166	0.00551	0.00157	0.00235	0.00979	0.00439	0.00396
27	0.00573	0.00421	0.00534	0.00614	0.00666	0.00386	0.00417	0.00667	0.00941	0.01238	0.08074	0.64433	0.14897	0.03027	0.00620	0.00187	0.00265	0.01226	0.00434	0.00382
28	0.01118	0.00819	0.00915	0.00811	0.01029	0.00875	0.00628	0.18472	0.25169	0.06738	0.11394	0.16739	0.09030	0.00845	0.00504	0.00156	0.00349	0.00718	0.03078	0.00612
29	0.81750	0.00893	0.00708	0.00625	0.00917	0.01022	0.00515	0.01423	0.00825	0.06915	0.00720	0.00806	0.00543	0.00441	0.00299	0.00144	0.00362	0.00265	0.00305	0.00521
30	0.00701	0.00466	0.00664	0.00664	0.00710	0.00512	0.00477	0.00745	0.00699	0.00978	0.01189	0.01986	0.01190	0.19888	0.46232	0.20922	0.00880	0.00514	0.00245	0.00337
31	0.00945	0.05508	0.78242	0.01306	0.01982	0.01109	0.01684	0.01470	0.00981	0.01459	0.00828	0.00973	0.00590	0.00440	0.00437	0.00146	0.00680	0.00340	0.00197	0.00684
32	0.00651	0.00507	0.00601	0.00566	0.00711	0.00451	0.00425	0.00859	0.03317	0.01615	0.44985	0.07036	0.29329	0.01003	0.00536	0.00147	0.00239	0.00866	0.00467	0.05689
33	0.01106	0.01415	0.13270	0.01446	0.01705	0.09980	0.23455	0.01356	0.00927	0.01279	0.00749	0.01061	0.00634	0.00604	0.00971	0.00173	0.38654	0.00427	0.00216	0.00572
34	0.08162	0.03565	0.01159	0.01098	0.06590	0.21631	0.02841	0.11970	0.07131	0.01603	0.01389	0.03830	0.01327	0.05636	0.00597	0.00174	0.00553	0.19844	0.00343	0.00556
35	0.08839	0.00987	0.01138	0.02308	0.01202	0.01127	0.00771	0.34830	0.01441	0.08005	0.01283	0.14604	0.01155	0.02082	0.00696	0.00165	0.15762	0.00558	0.02424	0.00625
36	0.01768	0.01303	0.01396	0.01070	0.01443	0.01443	0.00884	0.79197	0.02187	0.02932	0.01117	0.01117	0.00791	0.00558	0.00465	0.00140	0.00512	0.00419	0.00465	0.00791
37	0.00808	0.00404	0.00606	0.00606	0.00606	0.00404	0.00404	0.00606	0.00606	0.00808	0.00808	0.01414	0.00808	0.01616	0.01818	0.86465	0.00404	0.00404	0.00202	0.00202
38	0.86937	0.00900	0.00684	0.00612	0.00900	0.01044	0.00504	0.01368	0.00792	0.02087	0.00648	0.00756	0.00504	0.00432	0.00288	0.00144	0.00360	0.00252	0.00288	0.00504
39	0.00665	0.00497	0.00742	0.00742	0.00823	0.00578	0.00574	0.00827	0.00746	0.01076	0.01252	0.01858	0.01176	0.05473	0.79841	0.00740	0.01226	0.00503	0.00250	0.00412
40	0.00585	0.00441	0.00544	0.00608	0.00687	0.00400	0.00436	0.00700	0.00992	0.01284	0.09969	0.47067	0.25663	0.01318	0.00581	0.00178	0.00269	0.07449	0.00439	0.00392
41	0.00692	0.00539	0.00571	0.00580	0.00686	0.03392	0.00409	0.02407	0.01004	0.03188	0.07531	0.24279	0.36338	0.13019	0.00846	0.02456	0.00311	0.00954	0.00406	0.00394
42	0.01105	0.04865	0.38803	0.01445	0.01970	0.01121	0.26555	0.04325	0.01073	0.07165	0.00979	0.03259	0.00741	0.00480	0.00523	0.00151	0.04079	0.00446	0.00252	0.00660
43	0.00879	0.00827	0.01395	0.82532	0.03204	0.01034	0.01292	0.01189	0.00930	0.01189	0.00827	0.01240	0.00620	0.00465	0.00465	0.00155	0.00620	0.00413	0.00207	0.00517
44	0.04909	0.00745	0.00946	0.00749	0.01055	0.00679	0.00612	0.05459	0.01277	0.58251	0.01694	0.01564	0.01120	0.00563	0.00432	0.00136	0.00363	0.00451	0.18290	0.00707
45	0.01332	0.01085	0.04420	0.22520	0.10639	0.05063	0.03436	0.20244	0.02981	0.12993	0.01180	0.06478	0.00934	0.00626	0.02005	0.00160	0.02428	0.00480	0.00347	0.00651

[dist]
# distance from previous block
# <min> <max>
5	6

[block]
# block no. 5 follows, 55 sequences, length 11
# corresponding to MSA columns:
# 4249-4259
name=unknown_F
#
# <colnr> <probs for GDERKNQSTAVLIFYWHMCP>
#	G	D	E	R	K	N	Q	S	T	A	V	L	I	F	Y	W	H	M	C	P
0	0.00610	0.00442	0.00536	0.00587	0.00640	0.00414	0.00397	0.00691	0.00893	0.01163	0.05974	0.37438	0.17261	0.24348	0.01083	0.00256	0.00323	0.06192	0.00393	0.00360
1	0.06771	0.04358	0.04250	0.00694	0.00922	0.00675	0.03204	0.05153	0.01078	0.05566	0.08383	0.08878	0.06442	0.00699	0.00427	0.00132	0.00337	0.05593	0.25968	0.10469
2	0.02975	0.19411	0.15393	0.03885	0.03702	0.08504	0.08980	0.05578	0.01106	0.01457	0.09454	0.04369	0.04629	0.00578	0.00462	0.01925	0.00534	0.00459	0.00281	0.06317
3	0.00929	0.03971	0.35189	0.07800	0.06439	0.00988	0.16401	0.01309	0.00999	0.01399	0.01180	0.06552	0.01070	0.03415	0.00561	0.00169	0.00622	0.10155	0.00253	0.00598
4	0.00571	0.00448	0.00497	0.00531	0.00628	0.00395	0.00369	0.00663	0.00959	0.01190	0.03632	0.28949	0.46407	0.11653	0.00793	0.00204	0.00273	0.01050	0.00413	0.00374
5	0.07450	0.01162	0.01254	0.00973	0.01324	0.01262	0.00802	0.59671	0.01916	0.13004	0.01201	0.01188	0.00841	0.00551	0.00446	0.00139	0.00470	0.00415	0.05179	0.00752
6	0.00900	0.00849	0.01434	0.76247	0.09321	0.01039	0.01303	0.01207	0.00940	0.01215	0.00831	0.01233	0.00629	0.00461	0.00465	0.00154	0.00615	0.00414	0.00209	0.00534
7	0.00922	0.00558	0.00705	0.00653	0.00818	0.00514	0.00508	0.01162	0.05092	0.15843	0.38664	0.08196	0.16286	0.00965	0.00541	0.00156	0.00281	0.07135	0.00496	0.00504
8	0.01176	0.04574	0.01334	0.02618	0.17592	0.07300	0.03619	0.08480	0.05480	0.05070	0.01298	0.01401	0.07962	0.00510	0.00458	0.00119	0.02841	0.00420	0.00311	0.27438
9	0.03842	0.08337	0.03432	0.03992	0.05642	0.03949	0.03442	0.17643	0.07061	0.05219	0.03877	0.01507	0.03668	0.00895	0.09194	0.00206	0.07049	0.02175	0.04021	0.04847
10	0.05053	0.13320	0.03693	0.06489	0.08321	0.06896	0.11678	0.02318	0.02932	0.06461	0.02528	0.05558	0.07205	0.00759	0.05012	0.00178	0.07810	0.00494	0.00289	0.03007

[dist]
# distance from previous block
# <min> <max>
10	19

[block]
# block no. 6 follows, 55 sequences, length 16
# corresponding to MSA columns:
# 4356-4365,4370-4375
name=unknown_G
#
# <colnr> <probs for GDERKNQSTAVLIFYWHMCP>
#	G	D	E	R	K	N	Q	S	T	A	V	L	I	F	Y	W	H	M	C	P
0	0.01226	0.25040	0.07378	0.03969	0.03723	0.09904	0.14771	0.04211	0.14990	0.03522	0.01051	0.02666	0.00849	0.00576	0.02750	0.00153	0.01895	0.00414	0.00284	0.00629
1	0.01145	0.05323	0.01471	0.04477	0.15819	0.08176	0.04416	0.01676	0.24949	0.01485	0.03489	0.01324	0.00996	0.00608	0.00743	0.00160	0.22362	0.00447	0.00304	0.00630
2	0.03465	0.00789	0.00913	0.00834	0.01032	0.00835	0.00655	0.18983	0.15030	0.09156	0.04829	0.18809	0.01905	0.06908	0.00659	0.00189	0.00394	0.13589	0.00448	0.00579
3	0.01715	0.01170	0.01252	0.00989	0.01328	0.05278	0.00806	0.47072	0.10326	0.19125	0.05103	0.01380	0.01096	0.00585	0.00468	0.00142	0.00475	0.00455	0.00480	0.00756
4	0.14345	0.08937	0.22531	0.01010	0.01439	0.03038	0.01005	0.22024	0.09853	0.09879	0.01075	0.01100	0.00776	0.00502	0.00417	0.00141	0.00515	0.00372	0.00350	0.00691
5	0.00663	0.00495	0.00555	0.00558	0.00684	0.00449	0.00403	0.00836	0.05041	0.04254	0.11230	0.19683	0.43617	0.08540	0.00714	0.00188	0.00273	0.00966	0.00434	0.00417
6	0.01123	0.01110	0.01429	0.17700	0.19892	0.12028	0.06702	0.09214	0.02577	0.01483	0.01519	0.01773	0.13114	0.00618	0.00544	0.00150	0.05295	0.02850	0.00291	0.00588
7	0.00639	0.00768	0.13010	0.00640	0.00857	0.00511	0.00587	0.00842	0.01091	0.01422	0.22006	0.07404	0.44110	0.03342	0.00586	0.00163	0.00309	0.00857	0.00410	0.00446
8	0.00980	0.00740	0.00852	0.00778	0.00984	0.00761	0.00596	0.05335	0.28844	0.06302	0.13944	0.18918	0.06041	0.00866	0.00506	0.00154	0.00328	0.03620	0.00453	0.08997
9	0.73662	0.00932	0.00870	0.00959	0.13256	0.01053	0.00647	0.01377	0.00833	0.01999	0.00683	0.00817	0.00540	0.00429	0.00315	0.00143	0.00390	0.00277	0.00279	0.00540
10	0.01016	0.00901	0.01395	0.69927	0.02932	0.01097	0.01229	0.13260	0.01125	0.01458	0.00872	0.01221	0.00647	0.00480	0.00465	0.00153	0.00603	0.00414	0.00247	0.00559
11	0.00859	0.00829	0.01039	0.00914	0.01001	0.05023	0.02647	0.00996	0.00954	0.01299	0.16176	0.02385	0.22196	0.00980	0.03201	0.00190	0.37882	0.00636	0.00323	0.00468
12	0.00747	0.00581	0.00701	0.00718	0.00851	0.00586	0.00563	0.01138	0.16322	0.01550	0.20025	0.16134	0.15778	0.01094	0.00566	0.00175	0.00314	0.21223	0.00457	0.00476
13	0.00621	0.00427	0.00511	0.00570	0.00635	0.00396	0.00391	0.00728	0.00934	0.01286	0.05155	0.48138	0.17028	0.06914	0.00665	0.00187	0.00266	0.01063	0.13701	0.00385
14	0.01501	0.15903	0.01421	0.01077	0.01323	0.55566	0.00858	0.01640	0.01216	0.01170	0.00977	0.01505	0.00920	0.00590	0.00433	0.00131	0.00717	0.12255	0.00262	0.00532
15	0.00579	0.00460	0.00521	0.00533	0.00653	0.00401	0.00389	0.00715	0.01090	0.01392	0.22723	0.19277	0.47269	0.01176	0.00558	0.00161	0.00238	0.01013	0.00451	0.00401

[dist]
# distance from previous block
# <min> <max>
0	5

[block]
# block no. 7 follows, 55 sequences, length 41
# corresponding to MSA columns:
# 4381-4388,4411-4443
name=unknown_H
#
# <colnr> <probs for GDERKNQSTAVLIFYWHMCP>
#	G	D	E	R	K	N	Q	S	T	A	V	L	I	F	Y	W	H	M	C	P
0	0.00834	0.00458	0.00704	0.00779	0.06755	0.00458	0.00483	0.00669	0.00641	0.00863	0.00813	0.01394	0.00803	0.01524	0.01714	0.79842	0.00415	0.00405	0.00204	0.00243
1	0.00895	0.00860	0.01499	0.76351	0.03145	0.01045	0.07258	0.01212	0.00943	0.01212	0.00836	0.01241	0.00627	0.00460	0.00472	0.00155	0.00633	0.00424	0.00209	0.00525
2	0.01109	0.00634	0.00808	0.00785	0.05633	0.00572	0.00559	0.03785	0.01145	0.24405	0.08387	0.11165	0.25552	0.07255	0.00659	0.00176	0.00339	0.03322	0.00452	0.03260
3	0.00782	0.00559	0.00739	0.00812	0.00918	0.00562	0.00670	0.06885	0.01108	0.01463	0.02371	0.25262	0.02613	0.01262	0.00611	0.00200	0.00390	0.50506	0.01844	0.00443
4	0.01000	0.00919	0.01486	0.60397	0.13316	0.01083	0.03434	0.07261	0.03957	0.01403	0.00898	0.01238	0.00681	0.00470	0.00467	0.00152	0.00598	0.00422	0.00240	0.00578
5	0.17133	0.01179	0.01173	0.01052	0.05093	0.10585	0.00802	0.29339	0.06635	0.02051	0.03295	0.07424	0.01009	0.00635	0.00568	0.00151	0.10426	0.00461	0.00363	0.00627
6	0.01011	0.06082	0.66920	0.01407	0.07983	0.03167	0.01606	0.03935	0.01033	0.01497	0.00835	0.00985	0.00608	0.00442	0.00437	0.00143	0.00667	0.00346	0.00209	0.00687
7	0.00675	0.00486	0.00648	0.00642	0.00751	0.00443	0.02640	0.00834	0.01116	0.04340	0.34077	0.30750	0.16361	0.01142	0.00564	0.00165	0.00267	0.03207	0.00464	0.00428
8	0.01698	0.01557	0.01193	0.01025	0.01315	0.42215	0.00793	0.02964	0.11463	0.22893	0.01186	0.01169	0.00864	0.00516	0.00434	0.00128	0.00616	0.00374	0.00366	0.07231
9	0.00571	0.00411	0.00541	0.00639	0.00674	0.00381	0.00429	0.00660	0.00917	0.01223	0.06445	0.76679	0.05860	0.01423	0.00590	0.00186	0.00266	0.01287	0.00436	0.00381
10	0.03454	0.00938	0.01066	0.01002	0.03657	0.08136	0.06681	0.04360	0.31098	0.03567	0.01842	0.27817	0.01763	0.00856	0.00509	0.00163	0.00423	0.01669	0.00410	0.00588
11	0.03375	0.04099	0.01887	0.01513	0.06498	0.25632	0.31384	0.10505	0.02819	0.01547	0.01045	0.03529	0.02993	0.00497	0.00481	0.00141	0.00698	0.00468	0.00279	0.00611
12	0.00665	0.00498	0.00748	0.00748	0.00831	0.00582	0.00582	0.00831	0.00748	0.01080	0.01246	0.01828	0.01163	0.03489	0.81807	0.00748	0.01246	0.00498	0.00249	0.00415
13	0.01297	0.01106	0.01128	0.00980	0.01263	0.04425	0.00771	0.17106	0.61927	0.02102	0.01698	0.01582	0.01267	0.00611	0.00470	0.00153	0.00414	0.00496	0.00463	0.00739
14	0.00648	0.00462	0.00577	0.00614	0.00667	0.00454	0.00430	0.00739	0.00864	0.01144	0.06389	0.20469	0.10756	0.32513	0.09410	0.00342	0.00453	0.12351	0.00361	0.00358
15	0.00956	0.02377	0.79078	0.01319	0.01998	0.01090	0.01696	0.03578	0.01015	0.01513	0.00843	0.00986	0.00595	0.00445	0.00443	0.00147	0.00683	0.00346	0.00204	0.00690
16	0.01702	0.02119	0.01295	0.01170	0.01413	0.75456	0.00881	0.05439	0.01351	0.01226	0.00864	0.00967	0.03131	0.00505	0.00426	0.00122	0.00805	0.00327	0.00256	0.00546
17	0.00722	0.00484	0.00627	0.00615	0.00728	0.00443	0.00460	0.00903	0.01202	0.06423	0.50362	0.18676	0.10723	0.01061	0.00557	0.00159	0.00251	0.04672	0.00489	0.00444
18	0.04280	0.00678	0.00855	0.00750	0.00969	0.00653	0.00608	0.07369	0.03998	0.26464	0.29715	0.02788	0.02505	0.00817	0.00514	0.00155	0.00340	0.12997	0.02960	0.00586
19	0.00688	0.00491	0.00648	0.00645	0.00678	0.00540	0.00445	0.00751	0.00715	0.00993	0.01382	0.07540	0.01489	0.40683	0.31797	0.04518	0.04755	0.00626	0.00272	0.00345
20	0.01127	0.01289	0.05691	0.01195	0.01279	0.16494	0.01005	0.01255	0.00850	0.01146	0.00739	0.05002	0.00728	0.00762	0.01214	0.00184	0.58874	0.00428	0.00221	0.00518
21	0.00608	0.00450	0.00568	0.00589	0.00677	0.00410	0.00422	0.00762	0.01124	0.01526	0.40529	0.31849	0.16436	0.01167	0.00565	0.00163	0.00240	0.01034	0.00471	0.00410
22	0.00591	0.00420	0.00557	0.00658	0.00691	0.00397	0.00451	0.00679	0.00894	0.01188	0.02485	0.71076	0.02952	0.06686	0.00711	0.00208	0.00296	0.08264	0.00422	0.00376
23	0.01056	0.02941	0.01506	0.09593	0.12610	0.04519	0.01093	0.01205	0.00812	0.01183	0.00675	0.01046	0.00629	0.00700	0.01199	0.00184	0.57895	0.00401	0.00209	0.00545
24	0.00968	0.01282	0.17760	0.18715	0.13549	0.01038	0.26409	0.01322	0.01011	0.01390	0.01134	0.04374	0.04666	0.00582	0.02564	0.00169	0.01719	0.00507	0.00238	0.00604
25	0.00893	0.00854	0.01481	0.77392	0.03155	0.01043	0.06253	0.01208	0.00941	0.01208	0.00834	0.01241	0.00626	0.00460	0.00470	0.00155	0.00631	0.00422	0.00209	0.00524
26	0.00638	0.00493	0.00565	0.00582	0.00680	0.00467	0.00409	0.00836	0.07257	0.01309	0.12697	0.25716	0.29708	0.14181	0.02148	0.00220	0.00304	0.00967	0.00419	0.00405
27	0.01059	0.00883	0.01015	0.00734	0.01142	0.00717	0.00590	0.10343	0.01108	0.01682	0.00861	0.00983	0.00701	0.00370	0.00359	0.00077	0.00364	0.00292	0.00298	0.76421
28	0.00895	0.00790	0.01126	0.09873	0.09351	0.02811	0.03557	0.01058	0.00866	0.01262	0.01229	0.15589	0.01233	0.05822	0.06088	0.00222	0.25087	0.00595	0.12059	0.00486
29	0.00721	0.00551	0.00745	0.00706	0.00785	0.00610	0.00521	0.00835	0.00742	0.01065	0.01229	0.02064	0.01242	0.27445	0.44591	0.00558	0.07185	0.00527	0.00258	0.07622
30	0.01633	0.01321	0.01344	0.01074	0.01413	0.09445	0.02754	0.52273	0.17718	0.04332	0.01246	0.01228	0.00905	0.00562	0.00464	0.00142	0.00520	0.00433	0.00441	0.00751
31	0.00813	0.00625	0.00880	0.00771	0.00863	0.00670	0.06677	0.03333	0.00799	0.01134	0.01203	0.02114	0.01233	0.36779	0.15974	0.06833	0.09247	0.00544	0.04461	0.05047
32	0.04475	0.04338	0.08433	0.18985	0.12904	0.01097	0.14827	0.11912	0.01216	0.15705	0.01058	0.01216	0.00760	0.00472	0.00465	0.00146	0.00577	0.00430	0.00317	0.00669
33	0.01198	0.13980	0.01264	0.00893	0.01143	0.03978	0.00733	0.12407	0.28151	0.05166	0.14683	0.01780	0.01629	0.00747	0.03094	0.00165	0.05828	0.02120	0.00406	0.00636
34	0.00614	0.00463	0.00653	0.03379	0.05863	0.00445	0.00523	0.00715	0.00903	0.01209	0.02401	0.75505	0.02850	0.01360	0.00581	0.00185	0.00299	0.01236	0.00412	0.00405
35	0.01351	0.01078	0.01152	0.00969	0.01263	0.01217	0.00772	0.30757	0.46139	0.02306	0.06621	0.01618	0.01377	0.00625	0.00475	0.00150	0.00412	0.00506	0.00473	0.00738
36	0.04367	0.18166	0.14284	0.10467	0.09588	0.07540	0.05264	0.06137	0.04527	0.04388	0.00910	0.01114	0.00725	0.00495	0.00504	0.00140	0.06995	0.01338	0.02429	0.00622
37	0.00743	0.00420	0.00597	0.00628	0.00643	0.00415	0.00430	0.00653	0.00711	0.00945	0.01366	0.18153	0.01507	0.09054	0.01520	0.53707	0.00384	0.07584	0.00275	0.00265
38	0.00747	0.00447	0.00627	0.00623	0.00642	0.00472	0.00423	0.00682	0.00657	0.00898	0.01068	0.01909	0.01106	0.22597	0.19816	0.44309	0.01977	0.00494	0.00233	0.00275
39	0.02315	0.18138	0.14137	0.06202	0.09664	0.19129	0.09621	0.06600	0.06234	0.01442	0.00891	0.01990	0.00717	0.00466	0.00427	0.00133	0.00635	0.00376	0.00254	0.00629
40	0.04368	0.07026	0.01417	0.01080	0.01357	0.17769	0.02404	0.34927	0.04755	0.03995	0.02961	0.01107	0.00825	0.00577	0.00607	0.00144	0.13272	0.00394	0.00355	0.00659

[dist]
# distance from previous block
# <min> <max>
6	9

[block]
# block no. 8 follows, 55 sequences, length 126
# corresponding to MSA columns:
# 4453-4544,4546-4579
name=unknown_I
#
# <colnr> <probs for GDERKNQSTAVLIFYWHMCP>
#	G	D	E	R	K	N	Q	S	T	A	V	L	I	F	Y	W	H	M	C	P
0	0.00746	0.00512	0.00672	0.00673	0.00785	0.00490	0.00523	0.00981	0.04123	0.04894	0.46144	0.12618	0.03543	0.03554	0.00623	0.00176	0.00291	0.17722	0.00479	0.00451
1	0.00631	0.00460	0.00567	0.00594	0.00694	0.00415	0.00434	0.00772	0.01084	0.03085	0.25938	0.30850	0.26036	0.01200	0.00568	0.00168	0.00257	0.05377	0.00458	0.00412
2	0.01262	0.24762	0.03776	0.10128	0.03970	0.26507	0.02044	0.02832	0.03852	0.01213	0.00955	0.04590	0.00887	0.06124	0.00568	0.00152	0.02475	0.03105	0.00252	0.00548
3	0.00792	0.00684	0.00938	0.00881	0.00947	0.03097	0.00702	0.00941	0.00758	0.01103	0.01067	0.01583	0.01001	0.02644	0.56823	0.00575	0.22875	0.00467	0.01678	0.00444
4	0.00702	0.00464	0.00653	0.00661	0.00710	0.00504	0.00477	0.00759	0.00729	0.01027	0.01301	0.05810	0.01320	0.17895	0.41360	0.18452	0.00817	0.02737	0.03277	0.00345
5	0.00794	0.00654	0.00906	0.00850	0.03161	0.00644	0.07922	0.05081	0.10103	0.01586	0.22587	0.21322	0.14643	0.03595	0.00605	0.00172	0.00344	0.04111	0.00430	0.00491
6	0.01357	0.04695	0.06120	0.01172	0.03657	0.11193	0.11160	0.27026	0.15837	0.01975	0.01374	0.03158	0.05022	0.00573	0.00466	0.00142	0.00543	0.00478	0.03381	0.00671
7	0.00881	0.00823	0.01383	0.76947	0.05303	0.01015	0.01274	0.01186	0.00940	0.01206	0.00895	0.01401	0.00707	0.00497	0.00472	0.00157	0.00610	0.03566	0.00216	0.00519
8	0.00842	0.00622	0.00731	0.00673	0.00826	0.02417	0.00512	0.01241	0.14981	0.06113	0.56605	0.04863	0.05968	0.00883	0.00529	0.00149	0.00271	0.00769	0.00498	0.00509
9	0.01039	0.00964	0.04729	0.35143	0.05533	0.02301	0.13459	0.05261	0.01087	0.06324	0.07672	0.01530	0.03280	0.00543	0.00529	0.00151	0.04438	0.00486	0.04961	0.00567
10	0.27239	0.00626	0.00654	0.00661	0.00818	0.00662	0.00512	0.02305	0.02785	0.03397	0.05731	0.25038	0.08652	0.01100	0.05035	0.00199	0.00374	0.10359	0.03397	0.00456
11	0.01411	0.07481	0.09402	0.01047	0.01329	0.44881	0.00877	0.04567	0.08300	0.01393	0.05115	0.02552	0.02299	0.00543	0.00425	0.00128	0.00648	0.00391	0.06644	0.00567
12	0.00608	0.00466	0.00578	0.00633	0.00714	0.00439	0.00466	0.00726	0.00983	0.01269	0.07790	0.39580	0.26482	0.03174	0.00651	0.00187	0.02614	0.11819	0.00426	0.00395
13	0.03641	0.05574	0.23979	0.16433	0.08052	0.01140	0.25957	0.03379	0.01037	0.02587	0.00896	0.02250	0.00688	0.00451	0.00490	0.00150	0.01999	0.00437	0.00232	0.00628
14	0.00579	0.00453	0.00529	0.00579	0.00682	0.00403	0.00426	0.00696	0.01004	0.01258	0.05262	0.33824	0.42080	0.01288	0.00576	0.00175	0.00268	0.09092	0.00433	0.00392
15	0.00567	0.00414	0.00534	0.00626	0.00670	0.00381	0.00423	0.00656	0.00922	0.01214	0.04968	0.72038	0.12052	0.01411	0.00587	0.00184	0.00265	0.01270	0.00434	0.00381
16	0.01138	0.13236	0.27236	0.04178	0.06150	0.06302	0.13394	0.05384	0.08687	0.03077	0.01086	0.01217	0.03540	0.00493	0.00478	0.00143	0.02934	0.00414	0.00264	0.00649
17	0.01231	0.01171	0.09405	0.03233	0.21431	0.01046	0.23412	0.03605	0.02905	0.14212	0.03313	0.04186	0.00968	0.00530	0.00578	0.00153	0.07144	0.00500	0.00308	0.00668
18	0.01127	0.03998	0.01351	0.01134	0.04096	0.16778	0.16735	0.05586	0.02926	0.05758	0.01745	0.22919	0.08661	0.00795	0.00520	0.00153	0.01688	0.00709	0.02782	0.00539
19	0.02409	0.39159	0.28072	0.01129	0.01624	0.03277	0.10797	0.03818	0.01031	0.03608	0.00794	0.00924	0.00628	0.00424	0.00389	0.00126	0.00598	0.00330	0.00224	0.00639
20	0.00602	0.00459	0.00542	0.00577	0.00660	0.00431	0.00401	0.00725	0.02764	0.01203	0.05782	0.32046	0.30376	0.13557	0.07467	0.00259	0.00365	0.01003	0.00399	0.00383
21	0.00606	0.00496	0.00537	0.00523	0.00672	0.00439	0.00393	0.00804	0.04681	0.01447	0.24392	0.04092	0.57087	0.01094	0.00546	0.00154	0.00237	0.00925	0.00455	0.00420
22	0.27903	0.03295	0.04501	0.00816	0.01140	0.03289	0.00687	0.14557	0.10633	0.10221	0.01169	0.06928	0.00945	0.00555	0.00398	0.00137	0.00413	0.00420	0.00371	0.11623
23	0.01007	0.00977	0.01595	0.49807	0.31235	0.03503	0.02677	0.01301	0.00992	0.01312	0.00843	0.01196	0.00663	0.00446	0.00464	0.00148	0.00605	0.00413	0.00217	0.00599
24	0.01092	0.00976	0.00977	0.00886	0.01125	0.05725	0.00685	0.02131	0.61181	0.01831	0.09262	0.02084	0.08628	0.00700	0.00484	0.00154	0.00370	0.00582	0.00460	0.00667
25	0.01405	0.00960	0.01079	0.03193	0.01217	0.01023	0.00725	0.37796	0.09214	0.11599	0.06222	0.02009	0.09581	0.02986	0.00534	0.00155	0.00421	0.04333	0.04882	0.00666
26	0.00933	0.02406	0.81240	0.01326	0.02014	0.01080	0.01719	0.01473	0.00982	0.01473	0.00835	0.00982	0.00589	0.00442	0.00442	0.00147	0.00688	0.00344	0.00196	0.00688
27	0.00904	0.01061	0.11138	0.01313	0.01603	0.00901	0.32392	0.01174	0.00964	0.01324	0.01364	0.10253	0.01357	0.13441	0.00911	0.00216	0.07161	0.11722	0.00283	0.00519
28	0.02076	0.00810	0.01091	0.00836	0.01197	0.00710	0.00691	0.04972	0.01362	0.78323	0.01810	0.01567	0.01139	0.00575	0.00468	0.00144	0.00400	0.00466	0.00572	0.00792
29	0.00895	0.00844	0.01426	0.77655	0.07951	0.01038	0.01300	0.01203	0.00938	0.01209	0.00830	0.01235	0.00627	0.00462	0.00465	0.00154	0.00616	0.00414	0.00208	0.00530
30	0.00573	0.00419	0.00539	0.00621	0.00671	0.00385	0.00423	0.00670	0.00948	0.01255	0.09608	0.66808	0.12611	0.01379	0.00585	0.00181	0.00261	0.01239	0.00439	0.00385
31	0.00622	0.00462	0.00532	0.00555	0.00620	0.00440	0.00369	0.00716	0.02539	0.01111	0.02707	0.21859	0.26130	0.32153	0.06850	0.00315	0.00396	0.00903	0.00364	0.00357
32	0.86937	0.00900	0.00684	0.00612	0.00900	0.01044	0.00504	0.01368	0.00792	0.02087	0.00648	0.00756	0.00504	0.00432	0.00288	0.00144	0.00360	0.00252	0.00288	0.00504
33	0.00572	0.00472	0.00502	0.00495	0.00642	0.00402	0.00371	0.00711	0.01113	0.01382	0.20320	0.04271	0.64874	0.01131	0.00550	0.00155	0.00232	0.00953	0.00449	0.00402
34	0.01197	0.57158	0.02537	0.01173	0.01595	0.01626	0.26139	0.01424	0.00995	0.01223	0.00742	0.00911	0.00632	0.00396	0.00380	0.00118	0.00590	0.00346	0.00211	0.00607
35	0.00677	0.00451	0.00507	0.00507	0.00507	0.00451	0.00282	0.00677	0.00677	0.00902	0.01466	0.03044	0.01691	0.83650	0.02368	0.00451	0.00451	0.00677	0.00282	0.00282
36	0.00820	0.00608	0.00820	0.00778	0.00854	0.02379	0.02919	0.00930	0.00822	0.06258	0.01521	0.16864	0.01596	0.22309	0.26602	0.00426	0.09898	0.02866	0.00311	0.00420
37	0.01526	0.01331	0.09070	0.01123	0.01440	0.01384	0.00990	0.51905	0.01713	0.04454	0.00994	0.01094	0.00740	0.00606	0.00705	0.00155	0.19262	0.00410	0.00383	0.00717
38	0.00656	0.00475	0.00619	0.00583	0.00694	0.00438	0.00437	0.00874	0.01312	0.01854	0.79110	0.03493	0.05789	0.00955	0.00549	0.00147	0.00220	0.00844	0.00511	0.00438
39	0.00633	0.00463	0.00576	0.00616	0.00677	0.00454	0.00426	0.02385	0.00885	0.01164	0.02471	0.35967	0.15985	0.19761	0.12919	0.00323	0.00457	0.03091	0.00373	0.00375
40	0.01413	0.01121	0.01206	0.00999	0.01282	0.03668	0.00805	0.41719	0.23197	0.02275	0.01319	0.01378	0.01005	0.01010	0.12306	0.00234	0.03482	0.00456	0.00420	0.00704
41	0.00879	0.00827	0.01395	0.82532	0.03204	0.01034	0.01292	0.01189	0.00930	0.01189	0.00827	0.01240	0.00620	0.00465	0.00465	0.00155	0.00620	0.00413	0.00207	0.00517
42	0.86937	0.00900	0.00684	0.00612	0.00900	0.01044	0.00504	0.01368	0.00792	0.02087	0.00648	0.00756	0.00504	0.00432	0.00288	0.00144	0.00360	0.00252	0.00288	0.00504
43	0.01768	0.01303	0.01396	0.01070	0.01443	0.01443	0.00884	0.79197	0.02187	0.02932	0.01117	0.01117	0.00791	0.00558	0.00465	0.00140	0.00512	0.00419	0.00465	0.00791
44	0.01098	0.01255	0.02745	0.01961	0.02431	0.01176	0.79059	0.01490	0.01098	0.01490	0.00941	0.01255	0.00706	0.00392	0.00549	0.00157	0.00784	0.00549	0.00235	0.00627
45	0.00671	0.00472	0.00614	0.00614	0.00651	0.00509	0.00415	0.00745	0.00708	0.00981	0.01368	0.02504	0.01457	0.48082	0.37616	0.00583	0.00804	0.00598	0.00267	0.00341
46	0.01059	0.01024	0.01680	0.34213	0.48181	0.03120	0.01361	0.01344	0.01015	0.01380	0.00852	0.01179	0.00687	0.00436	0.00461	0.00144	0.00587	0.00411	0.00221	0.00645
47	0.00658	0.00476	0.00622	0.00585	0.00695	0.00439	0.00439	0.00878	0.01317	0.01866	0.80503	0.03475	0.04390	0.00951	0.00549	0.00146	0.00219	0.00841	0.00512	0.00439
48	0.00933	0.02406	0.81240	0.01326	0.02014	0.01080	0.01719	0.01473	0.00982	0.01473	0.00835	0.00982	0.00589	0.00442	0.00442	0.00147	0.00688	0.00344	0.00196	0.00688
49	0.01768	0.01303	0.01396	0.01070	0.01443	0.01443	0.00884	0.79197	0.02187	0.02932	0.01117	0.01117	0.00791	0.00558	0.00465	0.00140	0.00512	0.00419	0.00465	0.00791
50	0.00673	0.00489	0.00606	0.00652	0.00728	0.00474	0.00487	0.00822	0.03043	0.01255	0.08310	0.17919	0.13956	0.23408	0.01073	0.00259	0.00362	0.24704	0.00398	0.00384
