[name]
unknown

[dist]
# distance from previous block
# <min> <max>
0	180

[block]
# block no. 0 follows, 74 sequences, length 53
# corresponding to MSA columns:
# 214-266
name=unknown_A
#
# <colnr> <probs for GDERKNQSTAVLIFYWHMCP>
#	G	D	E	R	K	N	Q	S	T	A	V	L	I	F	Y	W	H	M	C	P
0	0.00559	0.00385	0.00441	0.00441	0.00465	0.00384	0.00274	0.03133	0.00631	0.00837	0.03458	0.06575	0.06062	0.67675	0.02988	0.00318	0.00350	0.04515	0.00252	0.00257
1	0.09580	0.00864	0.03898	0.03832	0.04243	0.08472	0.13952	0.06360	0.15425	0.08042	0.05712	0.05920	0.06877	0.00513	0.00399	0.00121	0.02218	0.01864	0.00290	0.01417
2	0.01020	0.01160	0.01037	0.11729	0.05598	0.38506	0.01735	0.01148	0.00858	0.00951	0.00776	0.04098	0.00735	0.00575	0.02290	0.00134	0.18371	0.08659	0.00202	0.00417
3	0.00705	0.00668	0.01140	0.83956	0.02541	0.00828	0.03082	0.00954	0.00746	0.00954	0.00662	0.00990	0.00497	0.00370	0.00373	0.00124	0.00498	0.00333	0.00166	0.00415
4	0.00744	0.01920	0.85032	0.01058	0.01607	0.00862	0.01371	0.01176	0.00784	0.01176	0.00666	0.00784	0.00470	0.00353	0.00353	0.00118	0.00549	0.00274	0.00157	0.00549
5	0.00529	0.00358	0.00406	0.00412	0.00421	0.00353	0.00238	0.00537	0.00567	0.00750	0.01362	0.08585	0.05769	0.75156	0.01705	0.01451	0.00340	0.00587	0.00239	0.00234
6	0.01509	0.00813	0.00961	0.00740	0.01024	0.00824	0.00610	0.40234	0.01374	0.42865	0.01185	0.01092	0.00784	0.00452	0.00368	0.00112	0.00354	0.00354	0.03723	0.00621
7	0.00541	0.00368	0.00433	0.00445	0.00460	0.00369	0.00279	0.00568	0.00587	0.00780	0.01325	0.05332	0.03132	0.69849	0.05319	0.00339	0.00377	0.09010	0.00242	0.00246
8	0.00944	0.00812	0.06502	0.00731	0.00960	0.00818	0.00607	0.01756	0.61209	0.10108	0.03193	0.01491	0.06345	0.00537	0.00402	0.01924	0.00305	0.00431	0.00365	0.00559
9	0.00473	0.00335	0.00437	0.00503	0.00523	0.00323	0.00332	0.00531	0.00673	0.00902	0.01821	0.66175	0.02158	0.16333	0.06447	0.00217	0.00293	0.00920	0.00314	0.00290
10	0.00960	0.06108	0.07693	0.17444	0.11312	0.02938	0.19497	0.03164	0.00877	0.13216	0.03421	0.01064	0.00707	0.00385	0.00389	0.00114	0.02033	0.01716	0.00234	0.06729
11	0.20244	0.25569	0.09190	0.00757	0.01044	0.20978	0.00686	0.15301	0.00970	0.01332	0.00608	0.00683	0.00487	0.00364	0.00293	0.00100	0.00454	0.00239	0.00218	0.00483
12	0.15321	0.60945	0.07547	0.00701	0.03482	0.02390	0.00668	0.03519	0.00772	0.01076	0.00544	0.00629	0.00472	0.00329	0.00254	0.00090	0.00395	0.00213	0.00177	0.00477
13	0.00904	0.00489	0.00607	0.03439	0.00752	0.00439	0.00422	0.02059	0.02636	0.29873	0.15506	0.05052	0.34890	0.00719	0.00413	0.00121	0.00246	0.00605	0.00389	0.00441
14	0.00554	0.00430	0.00631	0.00616	0.00675	0.00512	0.00480	0.00678	0.00607	0.00880	0.03732	0.01485	0.00993	0.05682	0.72592	0.00536	0.07973	0.00406	0.00204	0.00334
15	0.00571	0.00478	0.00725	0.00768	0.09398	0.00441	0.09128	0.00696	0.00814	0.02699	0.08793	0.36939	0.25342	0.00878	0.00444	0.00133	0.00273	0.00795	0.00319	0.00366
16	0.00701	0.00660	0.01113	0.86063	0.02556	0.00825	0.01031	0.00948	0.00742	0.00948	0.00660	0.00990	0.00495	0.00371	0.00371	0.00124	0.00495	0.00330	0.00165	0.00412
17	0.00541	0.00407	0.00591	0.00585	0.00641	0.00474	0.00446	0.00655	0.00588	0.00845	0.00999	0.01558	0.00966	0.13308	0.72053	0.00552	0.03855	0.00413	0.00201	0.00321
18	0.00902	0.01021	0.01464	0.08195	0.03575	0.21136	0.38272	0.01106	0.00874	0.01055	0.00955	0.17801	0.00910	0.00502	0.00413	0.00123	0.00540	0.00500	0.00217	0.00439
19	0.01367	0.00998	0.01072	0.00832	0.01118	0.01104	0.00684	0.73922	0.07613	0.04169	0.00956	0.00946	0.00681	0.00450	0.00369	0.00112	0.00393	0.00341	0.02252	0.00622
20	0.00538	0.00365	0.00432	0.00432	0.00441	0.00375	0.00259	0.00557	0.00548	0.00740	0.01145	0.02292	0.01290	0.75091	0.13672	0.00393	0.00449	0.00520	0.00221	0.00240
21	0.05785	0.09435	0.07963	0.02100	0.07566	0.20083	0.00709	0.11268	0.02196	0.08841	0.02846	0.00971	0.02739	0.00408	0.00355	0.00101	0.02582	0.01409	0.00250	0.12392
22	0.03313	0.24875	0.02960	0.00798	0.02303	0.14859	0.00666	0.18367	0.25564	0.01412	0.00902	0.00910	0.00702	0.00411	0.00327	0.00104	0.00414	0.00302	0.00275	0.00535
23	0.02468	0.00803	0.07829	0.03058	0.04074	0.00701	0.20317	0.08894	0.00967	0.19760	0.09556	0.09438	0.03274	0.00580	0.02156	0.01301	0.02046	0.01207	0.00305	0.01266
24	0.00950	0.19156	0.22211	0.02784	0.08219	0.03835	0.12415	0.05623	0.05072	0.07592	0.02511	0.04484	0.00716	0.00409	0.00372	0.00112	0.02451	0.00346	0.00224	0.00518
25	0.02243	0.17798	0.44080	0.00853	0.01221	0.00888	0.00969	0.03115	0.01500	0.03054	0.00914	0.13643	0.00849	0.00509	0.00386	0.00119	0.03646	0.03519	0.00208	0.00487
26	0.00500	0.00346	0.00425	0.00470	0.00486	0.00335	0.00299	0.00539	0.00638	0.00848	0.01651	0.42167	0.02961	0.41585	0.01142	0.00250	0.00289	0.04513	0.00288	0.00267
27	0.00862	0.01114	0.26593	0.18451	0.30262	0.00822	0.02759	0.02480	0.00821	0.06869	0.00760	0.00990	0.00593	0.04531	0.00439	0.00128	0.00475	0.00329	0.00196	0.00525
28	0.00971	0.04414	0.05388	0.09024	0.50968	0.03279	0.05314	0.04048	0.02404	0.07523	0.01653	0.00962	0.00637	0.00385	0.01352	0.00117	0.00455	0.00335	0.00214	0.00557
29	0.00922	0.11001	0.44892	0.02787	0.02947	0.00930	0.13273	0.05857	0.03903	0.08873	0.00779	0.00873	0.00561	0.00363	0.00357	0.00114	0.00502	0.00310	0.00210	0.00545
30	0.00510	0.00372	0.00451	0.00475	0.00561	0.00338	0.00357	0.00628	0.00857	0.02227	0.20572	0.24516	0.30211	0.00939	0.00448	0.00134	0.00213	0.11543	0.04321	0.00328
31	0.00709	0.02420	0.04711	0.00896	0.08432	0.00609	0.17069	0.02818	0.02939	0.02267	0.14507	0.15860	0.08040	0.00617	0.00423	0.00120	0.03006	0.00563	0.13575	0.00419
32	0.00949	0.03739	0.02807	0.23383	0.37539	0.04591	0.04630	0.08244	0.03401	0.04343	0.00744	0.00939	0.00583	0.00369	0.00383	0.00115	0.02171	0.00330	0.00210	0.00529
33	0.02626	0.00601	0.00797	0.10732	0.08920	0.03210	0.00628	0.03028	0.06241	0.12578	0.03460	0.24050	0.02527	0.00735	0.00460	0.00137	0.04359	0.14167	0.00312	0.00432
34	0.01050	0.01136	0.00848	0.00826	0.04959	0.43219	0.01637	0.02582	0.04637	0.01883	0.06428	0.05743	0.02038	0.03189	0.00400	0.00113	0.00468	0.04097	0.14334	0.00414
35	0.00770	0.00660	0.00770	0.00550	0.00880	0.00495	0.00440	0.00935	0.00770	0.01210	0.00660	0.00770	0.00550	0.00275	0.00275	0.00055	0.00275	0.00220	0.00220	0.89224
36	0.00860	0.09754	0.08450	0.00747	0.00958	0.00840	0.04470	0.15977	0.12410	0.02656	0.07133	0.01441	0.07406	0.06308	0.12207	0.00199	0.07030	0.00412	0.00276	0.00467
37	0.00822	0.00784	0.01333	0.39321	0.48350	0.00857	0.01091	0.01055	0.00800	0.01096	0.00681	0.00950	0.00547	0.00349	0.00369	0.00116	0.00465	0.00330	0.00175	0.00510
38	0.00488	0.00367	0.00397	0.00402	0.00466	0.00336	0.00266	0.00541	0.00707	0.00883	0.03523	0.07075	0.41310	0.38978	0.01083	0.00231	0.00268	0.02111	0.00292	0.00275
39	0.00883	0.49485	0.38679	0.00822	0.01242	0.01200	0.00961	0.01140	0.00767	0.01007	0.00582	0.00679	0.00474	0.00333	0.00289	0.00096	0.00464	0.00232	0.00158	0.00508
40	0.00443	0.00374	0.00384	0.00386	0.00505	0.00315	0.00288	0.00540	0.00850	0.01024	0.07534	0.07122	0.77087	0.00941	0.00440	0.00126	0.00189	0.00790	0.00348	0.00315
41	0.89577	0.00718	0.00546	0.00488	0.00718	0.00833	0.00402	0.01091	0.00632	0.01665	0.00517	0.00603	0.00402	0.00345	0.00230	0.00115	0.00287	0.00201	0.00230	0.00402
42	0.01358	0.00641	0.00830	0.00622	0.00924	0.00528	0.00509	0.01509	0.00962	0.56167	0.01188	0.01094	0.00792	0.00396	0.00339	0.00094	0.00302	0.00321	0.00377	0.31046
43	0.00546	0.00412	0.00554	0.00503	0.00615	0.00373	0.04064	0.00709	0.00995	0.03052	0.60148	0.02857	0.21226	0.00776	0.00438	0.00120	0.00203	0.01671	0.00385	0.00354
44	0.00532	0.00395	0.00580	0.00588	0.00650	0.00450	0.00454	0.00657	0.00612	0.00871	0.01097	0.04612	0.01075	0.07328	0.72910	0.00543	0.00894	0.05211	0.00214	0.00325
45	0.01313	0.03929	0.01112	0.00963	0.06224	0.33189	0.00723	0.34381	0.07933	0.03635	0.00802	0.00846	0.00610	0.00420	0.00372	0.00107	0.02317	0.00301	0.00283	0.00539
46	0.00909	0.00730	0.00926	0.01670	0.09573	0.05468	0.03205	0.03862	0.12146	0.11813	0.08761	0.05422	0.08093	0.00671	0.03479	0.00145	0.18371	0.01946	0.02343	0.00467
47	0.00992	0.01043	0.05129	0.25678	0.11671	0.21545	0.02187	0.07191	0.00928	0.04489	0.00790	0.00946	0.03126	0.00381	0.00351	0.00104	0.00483	0.00308	0.00214	0.12443
48	0.00803	0.00652	0.00765	0.00561	0.00872	0.00506	0.00447	0.03485	0.00807	0.04116	0.00770	0.05449	0.00668	0.00335	0.00292	0.00064	0.00277	0.00274	0.00240	0.78618
49	0.00889	0.03557	0.03892	0.25709	0.34785	0.06995	0.04188	0.07139	0.00894	0.01171	0.00901	0.01092	0.06385	0.00396	0.00370	0.00114	0.00462	0.00354	0.00203	0.00502
50	0.00962	0.40129	0.15796	0.00974	0.08872	0.10443	0.07595	0.03702	0.00843	0.01045	0.02182	0.03663	0.00620	0.00376	0.00323	0.00099	0.01409	0.00291	0.00184	0.00492
51	0.00793	0.00769	0.01152	0.39570	0.05911	0.04957	0.07103	0.03525	0.00752	0.01007	0.00688	0.01046	0.00583	0.03758	0.03568	0.00156	0.21008	0.01427	0.01805	0.00422
52	0.08357	0.09880	0.01335	0.16251	0.41581	0.11388	0.00942	0.01901	0.00827	0.01135	0.00639	0.00837	0.00529	0.00353	0.00360	0.00109	0.02590	0.00295	0.00184	0.00507

[dist]
# distance from previous block
# <min> <max>
0	7

[block]
# block no. 1 follows, 74 sequences, length 25
# corresponding to MSA columns:
# 274-298
name=unknown_B
#
# <colnr> <probs for GDERKNQSTAVLIFYWHMCP>
#	G	D	E	R	K	N	Q	S	T	A	V	L	I	F	Y	W	H	M	C	P
0	0.00558	0.00403	0.00526	0.06571	0.02659	0.00413	0.00396	0.00626	0.00647	0.00856	0.01409	0.12797	0.02830	0.48355	0.04152	0.00282	0.00369	0.15610	0.00257	0.00283
1	0.00851	0.00882	0.03475	0.11373	0.36512	0.00887	0.23556	0.01134	0.05190	0.01168	0.02169	0.01065	0.02927	0.00387	0.00453	0.00121	0.06751	0.00381	0.00199	0.00518
2	0.00934	0.00646	0.00777	0.00567	0.00880	0.00501	0.00454	0.01090	0.00819	0.17091	0.00826	0.00908	0.00642	0.02657	0.00337	0.00075	0.00285	0.00258	0.00266	0.69988
3	0.00545	0.00502	0.04178	0.05133	0.00832	0.00436	0.08301	0.00703	0.00866	0.01169	0.28642	0.28084	0.14169	0.00839	0.00445	0.00132	0.00271	0.04066	0.00333	0.00356
4	0.00894	0.01441	0.47418	0.02219	0.02469	0.01864	0.13380	0.10037	0.02293	0.06553	0.00838	0.02119	0.00641	0.00425	0.00401	0.01989	0.00508	0.03760	0.00218	0.00533
5	0.00845	0.00807	0.01374	0.30585	0.56908	0.00863	0.01103	0.01075	0.00810	0.01123	0.00685	0.00943	0.00556	0.00344	0.00369	0.00115	0.00459	0.00330	0.00177	0.00529
6	0.00744	0.01920	0.85032	0.01058	0.01607	0.00862	0.01371	0.01176	0.00784	0.01176	0.00666	0.00784	0.00470	0.00353	0.00353	0.00118	0.00549	0.00274	0.00157	0.00549
7	0.00465	0.00333	0.00439	0.00509	0.00536	0.00316	0.00342	0.00534	0.00711	0.00953	0.05444	0.71398	0.04305	0.06611	0.05056	0.00185	0.00263	0.00965	0.00332	0.00301
8	0.00533	0.00377	0.00478	0.00453	0.00542	0.00348	0.00340	0.00704	0.01019	0.01454	0.73813	0.02711	0.07658	0.00744	0.00424	0.00115	0.00176	0.00653	0.07110	0.00348
9	0.00528	0.00358	0.00409	0.00415	0.00425	0.00353	0.00241	0.00542	0.00582	0.00774	0.03877	0.09677	0.04927	0.73485	0.01665	0.00325	0.00335	0.00598	0.00246	0.00239
10	0.00992	0.87178	0.01945	0.00635	0.00953	0.01469	0.00635	0.01111	0.00754	0.00873	0.00516	0.00595	0.00476	0.00318	0.00238	0.00079	0.00397	0.00198	0.00159	0.00476
11	0.00439	0.00374	0.00378	0.00380	0.00502	0.00313	0.00284	0.00532	0.00842	0.01001	0.03709	0.06044	0.82051	0.00947	0.00440	0.00126	0.00189	0.00791	0.00345	0.00313
12	0.00992	0.87178	0.01945	0.00635	0.00953	0.01469	0.00635	0.01111	0.00754	0.00873	0.00516	0.00595	0.00476	0.00318	0.00238	0.00079	0.00397	0.00198	0.00159	0.00476
13	0.00549	0.00392	0.00542	0.00627	0.00691	0.00385	0.00513	0.00684	0.00806	0.01056	0.01992	0.32007	0.02244	0.01072	0.00500	0.00164	0.00299	0.54807	0.00343	0.00328
14	0.00955	0.12576	0.01003	0.00744	0.00972	0.01008	0.00599	0.05606	0.68845	0.01496	0.01347	0.01255	0.01020	0.00476	0.00358	0.00119	0.00313	0.00386	0.00348	0.00574
15	0.00992	0.87178	0.01945	0.00635	0.00953	0.01469	0.00635	0.01111	0.00754	0.00873	0.00516	0.00595	0.00476	0.00318	0.00238	0.00079	0.00397	0.00198	0.00159	0.00476
16	0.00531	0.00396	0.00586	0.00586	0.00649	0.00458	0.00451	0.00656	0.00594	0.00854	0.01004	0.01510	0.00950	0.07235	0.81063	0.00584	0.00961	0.00405	0.00200	0.00326
17	0.01011	0.83244	0.01904	0.00650	0.00962	0.05338	0.00639	0.01129	0.00768	0.00875	0.00519	0.00599	0.00476	0.00321	0.00243	0.00080	0.00410	0.00200	0.00160	0.00474
18	0.00983	0.53108	0.15640	0.00763	0.02284	0.02782	0.02237	0.04940	0.04241	0.04020	0.00649	0.00720	0.00532	0.00341	0.00283	0.00091	0.00419	0.00241	0.00193	0.05536
19	0.00491	0.00377	0.00440	0.00427	0.00521	0.00340	0.00313	0.00613	0.00897	0.01185	0.39249	0.03027	0.37165	0.09578	0.03615	0.00162	0.00228	0.00695	0.00356	0.00321
20	0.00701	0.00660	0.01113	0.86063	0.02556	0.00825	0.01031	0.00948	0.00742	0.00948	0.00660	0.00990	0.00495	0.00371	0.00371	0.00124	0.00495	0.00330	0.00165	0.00412
21	0.00919	0.00805	0.00859	0.07925	0.02451	0.04909	0.00615	0.09029	0.54230	0.01455	0.01418	0.01431	0.05408	0.04532	0.02233	0.00143	0.00354	0.00419	0.00335	0.00533
22	0.00692	0.00346	0.00346	0.00346	0.00432	0.00346	0.00259	0.00865	0.00778	0.01384	0.01211	0.01384	0.00951	0.00432	0.00259	0.00086	0.00173	0.00346	0.89016	0.00346
23	0.00692	0.00346	0.00346	0.00346	0.00432	0.00346	0.00259	0.00865	0.00778	0.01384	0.01211	0.01384	0.00951	0.00432	0.00259	0.00086	0.00173	0.00346	0.89016	0.00346
24	0.04024	0.07373	0.03971	0.01038	0.10044	0.04071	0.08409	0.42598	0.10584	0.01796	0.01938	0.00941	0.00684	0.00414	0.00362	0.00112	0.00425	0.00338	0.00302	0.00577

[dist]
# distance from previous block
# <min> <max>
0	5

[block]
# block no. 2 follows, 74 sequences, length 23
# corresponding to MSA columns:
# 304-326
name=unknown_C
#
# <colnr> <probs for GDERKNQSTAVLIFYWHMCP>
#	G	D	E	R	K	N	Q	S	T	A	V	L	I	F	Y	W	H	M	C	P
0	0.43438	0.10783	0.04369	0.02530	0.22488	0.00928	0.00691	0.05771	0.00786	0.04297	0.00625	0.00736	0.00493	0.00348	0.00286	0.00110	0.00361	0.00253	0.00221	0.00485
1	0.04228	0.00686	0.00897	0.00768	0.05771	0.00644	0.00587	0.05351	0.10561	0.64349	0.01371	0.01221	0.00896	0.00453	0.00369	0.00116	0.00324	0.00369	0.00423	0.00617
2	0.08839	0.23812	0.03470	0.00942	0.06977	0.20567	0.10607	0.05768	0.04843	0.03799	0.00695	0.00791	0.00557	0.00357	0.00316	0.00099	0.00467	0.00276	0.02431	0.04385
3	0.00472	0.00377	0.00422	0.00411	0.00522	0.00327	0.00308	0.00597	0.00924	0.01188	0.34608	0.03267	0.53525	0.00871	0.00438	0.00122	0.00183	0.00741	0.00369	0.00327
4	0.00692	0.00346	0.00346	0.00346	0.00432	0.00346	0.00259	0.00865	0.00778	0.01384	0.01211	0.01384	0.00951	0.00432	0.00259	0.00086	0.00173	0.00346	0.89016	0.00346
5	0.03053	0.04319	0.06621	0.05531	0.08976	0.09193	0.09622	0.09827	0.04364	0.03954	0.00976	0.07951	0.03483	0.00496	0.01468	0.00117	0.05304	0.00390	0.04530	0.09826
6	0.00882	0.00852	0.01401	0.14700	0.67519	0.02919	0.01086	0.01098	0.00830	0.01157	0.00735	0.03804	0.00634	0.00366	0.00371	0.00113	0.00447	0.00353	0.00187	0.00548
7	0.00692	0.00346	0.00346	0.00346	0.00432	0.00346	0.00259	0.00865	0.00778	0.01384	0.01211	0.01384	0.00951	0.00432	0.00259	0.00086	0.00173	0.00346	0.89016	0.00346
8	0.00645	0.00322	0.00484	0.00484	0.00484	0.00322	0.00322	0.00484	0.00484	0.00645	0.00645	0.01128	0.00645	0.01289	0.01451	0.89201	0.00322	0.00322	0.00161	0.00161
9	0.04514	0.00810	0.01202	0.09604	0.34493	0.02292	0.05546	0.02477	0.09765	0.10010	0.00849	0.00975	0.00655	0.00366	0.00369	0.00107	0.01912	0.00328	0.00241	0.13484
10	0.00527	0.00354	0.00426	0.00442	0.00450	0.00354	0.00268	0.00541	0.00573	0.00769	0.01301	0.18343	0.01501	0.61327	0.07001	0.04346	0.00372	0.00619	0.00243	0.00243
11	0.00580	0.00410	0.00502	0.00523	0.00637	0.00374	0.00427	0.00713	0.00875	0.06016	0.09459	0.05687	0.38931	0.00936	0.00464	0.00142	0.00255	0.32366	0.00356	0.00346
12	0.02326	0.00782	0.00950	0.04543	0.02532	0.02731	0.06860	0.18213	0.29798	0.07879	0.14666	0.01433	0.01291	0.01772	0.00406	0.00122	0.00343	0.00428	0.02397	0.00530
13	0.00598	0.00417	0.00517	0.00524	0.00624	0.00391	0.00405	0.04319	0.00914	0.05279	0.22366	0.20478	0.22354	0.02329	0.00478	0.00140	0.00240	0.16907	0.00364	0.00354
14	0.07300	0.00647	0.00847	0.00654	0.00938	0.00578	0.00540	0.03655	0.01051	0.77642	0.01390	0.01212	0.00879	0.00452	0.00364	0.00115	0.00316	0.00361	0.00443	0.00617
15	0.00591	0.00431	0.00505	0.00486	0.00604	0.00404	0.00381	0.06240	0.00979	0.02548	0.31778	0.03026	0.32332	0.00816	0.00432	0.00125	0.00221	0.11979	0.05765	0.00358
16	0.04882	0.00894	0.05563	0.13197	0.44054	0.02722	0.10221	0.01118	0.02034	0.03257	0.00768	0.04691	0.00650	0.00392	0.00408	0.00118	0.03945	0.00366	0.00198	0.00522
17	0.00513	0.00387	0.00448	0.00434	0.00540	0.00350	0.00328	0.00676	0.02911	0.01278	0.42426	0.03001	0.35844	0.00810	0.00426	0.00120	0.00187	0.02605	0.06376	0.00341
18	0.00480	0.00363	0.00447	0.00489	0.00558	0.00334	0.00355	0.00595	0.02188	0.01066	0.14380	0.42316	0.25604	0.01019	0.00461	0.00140	0.00215	0.08316	0.00354	0.00320
19	0.01049	0.62090	0.07624	0.00737	0.01038	0.18145	0.00708	0.01185	0.00811	0.00902	0.00537	0.00629	0.00477	0.00341	0.00289	0.00087	0.02501	0.00215	0.00165	0.00471
20	0.01878	0.00703	0.04286	0.16235	0.03370	0.00713	0.01696	0.08335	0.14701	0.14254	0.12946	0.03621	0.03701	0.04487	0.02365	0.00142	0.03844	0.00439	0.00313	0.01972
21	0.01507	0.00652	0.00865	0.00678	0.00943	0.00597	0.01936	0.08820	0.03651	0.66336	0.01430	0.06208	0.00985	0.00497	0.00377	0.00116	0.00318	0.00411	0.03072	0.00600
22	0.00459	0.00330	0.00433	0.00512	0.00540	0.00308	0.00346	0.00526	0.00716	0.00948	0.02097	0.77780	0.06250	0.03700	0.00515	0.00156	0.00222	0.03519	0.00341	0.00301

[dist]
# distance from previous block
# <min> <max>
0	4

[block]
# block no. 3 follows, 74 sequences, length 11
# corresponding to MSA columns:
# 331-341
name=unknown_D
#
# <colnr> <probs for GDERKNQSTAVLIFYWHMCP>
#	G	D	E	R	K	N	Q	S	T	A	V	L	I	F	Y	W	H	M	C	P
0	0.00757	0.03737	0.11345	0.44954	0.07887	0.00820	0.05704	0.03532	0.02754	0.02215	0.02471	0.01162	0.05627	0.00509	0.03816	0.00140	0.01554	0.00364	0.00198	0.00452
1	0.00844	0.28377	0.43546	0.05818	0.01399	0.03707	0.03801	0.02661	0.00798	0.01072	0.00683	0.04460	0.00566	0.00379	0.00326	0.00107	0.00487	0.00293	0.00172	0.00504
2	0.00935	0.68071	0.01743	0.00697	0.00972	0.01310	0.03678	0.01086	0.02666	0.00926	0.00696	0.01013	0.00667	0.00414	0.00334	0.00096	0.05353	0.08698	0.00184	0.00462
3	0.00534	0.00358	0.00406	0.00412	0.00413	0.00356	0.00232	0.00538	0.00550	0.00734	0.01223	0.07579	0.01417	0.81713	0.01803	0.00347	0.00351	0.00571	0.00232	0.00230
4	0.83385	0.06761	0.00643	0.00498	0.00734	0.00877	0.00418	0.01093	0.00640	0.01610	0.00517	0.00602	0.00407	0.00343	0.00230	0.00112	0.00295	0.00201	0.00225	0.00407
5	0.00534	0.00365	0.00441	0.00444	0.00461	0.00374	0.00276	0.00560	0.00564	0.00760	0.01235	0.05165	0.03845	0.64117	0.16929	0.02455	0.00464	0.00534	0.00227	0.00248
6	0.00916	0.07361	0.19712	0.03630	0.41636	0.08151	0.07144	0.01194	0.03258	0.01151	0.00691	0.00864	0.00555	0.00349	0.00371	0.00111	0.01868	0.00312	0.00182	0.00544
7	0.00931	0.08083	0.06324	0.03595	0.01117	0.03952	0.05410	0.01062	0.00687	0.09619	0.00625	0.00850	0.00534	0.00548	0.00897	0.00142	0.54659	0.00320	0.00195	0.00450
8	0.00540	0.00419	0.00570	0.18068	0.00936	0.00437	0.00466	0.00658	0.00740	0.00984	0.06876	0.25516	0.16476	0.13158	0.04813	0.00187	0.00326	0.03103	0.05405	0.00324
9	0.00477	0.00353	0.00450	0.00514	0.00569	0.00326	0.00374	0.00569	0.00775	0.01009	0.06111	0.53567	0.18217	0.01079	0.00472	0.00148	0.00229	0.14101	0.00347	0.00313
10	0.00645	0.00322	0.00484	0.00484	0.00484	0.00322	0.00322	0.00484	0.00484	0.00645	0.00645	0.01128	0.00645	0.01289	0.01451	0.89201	0.00322	0.00322	0.00161	0.00161

[dist]
# distance from previous block
# <min> <max>
0	16

[block]
# block no. 4 follows, 74 sequences, length 21
# corresponding to MSA columns:
# 358-378
name=unknown_E
#
# <colnr> <probs for GDERKNQSTAVLIFYWHMCP>
#	G	D	E	R	K	N	Q	S	T	A	V	L	I	F	Y	W	H	M	C	P
0	0.01557	0.00632	0.00844	0.00655	0.00926	0.00561	0.00538	0.06051	0.01098	0.73553	0.08356	0.01370	0.01119	0.00484	0.00379	0.00115	0.00309	0.00396	0.00450	0.00608
1	0.00680	0.00616	0.01015	0.73182	0.02256	0.00755	0.00933	0.00905	0.00740	0.00960	0.00813	0.04948	0.00697	0.03288	0.00429	0.00134	0.00462	0.04138	0.02653	0.00396
2	0.00963	0.07934	0.08420	0.03549	0.16010	0.06743	0.05154	0.12174	0.05878	0.06061	0.05144	0.04409	0.02415	0.01879	0.00458	0.00123	0.06112	0.05812	0.00262	0.00502
3	0.00480	0.00340	0.00457	0.00539	0.00571	0.00322	0.00381	0.00555	0.00729	0.00965	0.02028	0.70092	0.03967	0.01141	0.00506	0.02632	0.00237	0.13415	0.00339	0.00304
4	0.01101	0.24174	0.01236	0.00765	0.01027	0.11121	0.02554	0.18938	0.22288	0.04158	0.00949	0.03557	0.00759	0.00428	0.00332	0.00103	0.00396	0.00328	0.00284	0.05500
5	0.06191	0.41519	0.04241	0.00773	0.02714	0.07588	0.05165	0.11549	0.02399	0.08221	0.03271	0.00816	0.00642	0.00369	0.00300	0.00095	0.00412	0.00271	0.00233	0.03232
6	0.01024	0.09296	0.06283	0.07027	0.02708	0.07015	0.10513	0.12380	0.10226	0.11729	0.02477	0.03083	0.05031	0.00543	0.02243	0.02811	0.03511	0.01323	0.00277	0.00500
7	0.08828	0.00846	0.09291	0.05484	0.07764	0.00756	0.19808	0.05799	0.02770	0.10759	0.11197	0.05795	0.01083	0.00477	0.00418	0.00121	0.03852	0.01280	0.03187	0.00483
8	0.00701	0.00660	0.01113	0.86063	0.02556	0.00825	0.01031	0.00948	0.00742	0.00948	0.00660	0.00990	0.00495	0.00371	0.00371	0.00124	0.00495	0.00330	0.00165	0.00412
9	0.09688	0.00858	0.01117	0.23221	0.20432	0.03703	0.00851	0.25376	0.02034	0.02615	0.00774	0.00984	0.00606	0.00451	0.02006	0.00126	0.02160	0.02228	0.00248	0.00518
10	0.08563	0.00782	0.00864	0.00693	0.00954	0.07760	0.00565	0.13083	0.04071	0.51836	0.01242	0.01198	0.00843	0.00458	0.00359	0.00114	0.00352	0.02617	0.03069	0.00578
11	0.00513	0.00381	0.00445	0.00436	0.00539	0.00337	0.00325	0.00636	0.00911	0.03513	0.34214	0.09530	0.40818	0.03519	0.00485	0.00132	0.00197	0.02367	0.00369	0.00333
12	0.01000	0.00511	0.00653	0.00563	0.00738	0.00468	0.00440	0.03181	0.05431	0.34263	0.27604	0.10865	0.11352	0.00682	0.00411	0.00121	0.00248	0.00585	0.00412	0.00471
13	0.16154	0.23153	0.23025	0.00824	0.01165	0.04771	0.05300	0.10642	0.06510	0.01325	0.00706	0.00825	0.00558	0.00379	0.00327	0.00108	0.01805	0.01703	0.00216	0.00503
14	0.00545	0.00402	0.00605	0.04120	0.00722	0.00467	0.00472	0.00659	0.00593	0.00847	0.00961	0.01442	0.00902	0.04803	0.74088	0.06550	0.00912	0.00394	0.00196	0.00320
15	0.00469	0.00339	0.00447	0.00525	0.00561	0.00317	0.00368	0.00550	0.00744	0.00985	0.04831	0.70933	0.06899	0.01123	0.00475	0.00150	0.00226	0.09406	0.00346	0.00308
16	0.02161	0.10356	0.16476	0.00930	0.01236	0.22688	0.08035	0.13156	0.12668	0.05982	0.00824	0.00879	0.00622	0.00399	0.00365	0.00109	0.02036	0.00306	0.00248	0.00524
17	0.00548	0.00374	0.00480	0.00487	0.00567	0.00341	0.00356	0.00674	0.00905	0.05398	0.40122	0.31219	0.13273	0.00910	0.00449	0.00131	0.00202	0.02842	0.00380	0.00343
18	0.00518	0.00386	0.00465	0.00467	0.00548	0.00358	0.00338	0.03098	0.00894	0.01194	0.33881	0.21158	0.23155	0.08792	0.00579	0.00150	0.00216	0.03116	0.00359	0.00327
19	0.07503	0.00837	0.02235	0.18620	0.30324	0.04463	0.05655	0.06715	0.08018	0.01278	0.03220	0.02799	0.03690	0.00413	0.00366	0.00115	0.00422	0.00368	0.00229	0.02728
20	0.47430	0.12070	0.05353	0.02751	0.04372	0.00913	0.00573	0.10250	0.00823	0.07504	0.00693	0.02924	0.00550	0.00429	0.01912	0.00120	0.00354	0.00266	0.00248	0.00465

[dist]
# distance from previous block
# <min> <max>
7	19

[block]
# block no. 5 follows, 74 sequences, length 10
# corresponding to MSA columns:
# 404-411,413,414
name=unknown_F
#
# <colnr> <probs for GDERKNQSTAVLIFYWHMCP>
#	G	D	E	R	K	N	Q	S	T	A	V	L	I	F	Y	W	H	M	C	P
0	0.00937	0.00779	0.02583	0.10707	0.14140	0.03963	0.02195	0.08981	0.00900	0.09199	0.02868	0.01015	0.00703	0.04029	0.02589	0.00118	0.02817	0.00313	0.00245	0.30920
1	0.00530	0.00400	0.00488	0.00519	0.00584	0.02458	0.00379	0.00613	0.00769	0.01010	0.12465	0.33432	0.15353	0.03672	0.06997	0.07516	0.00305	0.10142	0.00317	0.02052
2	0.00825	0.04829	0.01107	0.00891	0.00962	0.01060	0.00742	0.00997	0.07470	0.00984	0.00593	0.00844	0.00547	0.00578	0.00993	0.00143	0.65146	0.00314	0.00187	0.10788
3	0.00866	0.00711	0.02446	0.00624	0.00908	0.00609	0.00512	0.07762	0.00839	0.06263	0.00737	0.00882	0.00606	0.03012	0.02740	0.00098	0.07653	0.00263	0.00240	0.62231
4	0.00916	0.00706	0.00859	0.02893	0.00912	0.00801	0.00591	0.19785	0.07786	0.05981	0.01118	0.01554	0.04669	0.13645	0.03436	0.00178	0.19664	0.06750	0.00282	0.07474
5	0.00521	0.00402	0.00482	0.00495	0.00583	0.00383	0.00364	0.00723	0.08605	0.01189	0.27512	0.28559	0.23556	0.00916	0.00447	0.00132	0.00209	0.04208	0.00367	0.00348
6	0.02272	0.01090	0.22282	0.20725	0.14830	0.00869	0.10837	0.11073	0.03176	0.05024	0.02138	0.02579	0.00648	0.00390	0.00375	0.00119	0.00478	0.00351	0.00221	0.00522
7	0.00855	0.08340	0.03907	0.51776	0.13767	0.07004	0.02381	0.04279	0.00828	0.02473	0.00671	0.00917	0.00518	0.00364	0.00357	0.00115	0.00489	0.00313	0.00182	0.00462
8	0.01276	0.00731	0.00863	0.00699	0.00939	0.00742	0.00573	0.31366	0.05108	0.30945	0.07519	0.01581	0.04385	0.00543	0.00387	0.00118	0.00329	0.07133	0.04203	0.00560
9	0.00544	0.00400	0.00534	0.00588	0.03188	0.00403	0.00404	0.00649	0.02241	0.03358	0.07986	0.48460	0.09337	0.05654	0.10212	0.00205	0.04372	0.00814	0.00317	0.00334

[dist]
# distance from previous block
# <min> <max>
3	10

[block]
# block no. 6 follows, 74 sequences, length 8
# corresponding to MSA columns:
# 427-434
name=unknown_G
#
# <colnr> <probs for GDERKNQSTAVLIFYWHMCP>
#	G	D	E	R	K	N	Q	S	T	A	V	L	I	F	Y	W	H	M	C	P
0	0.00879	0.08108	0.11397	0.07231	0.35057	0.02290	0.00902	0.04619	0.05139	0.04593	0.02326	0.09722	0.02214	0.00460	0.00365	0.00114	0.00403	0.00405	0.03258	0.00517
1	0.04578	0.03635	0.09780	0.05444	0.09491	0.02991	0.02563	0.12061	0.03861	0.03299	0.07513	0.03177	0.00855	0.00420	0.00391	0.00102	0.05355	0.00336	0.00250	0.23896
2	0.00740	0.08237	0.05674	0.02290	0.00847	0.02356	0.01848	0.05038	0.03493	0.03910	0.08852	0.03706	0.03919	0.11445	0.22681	0.00275	0.12556	0.01494	0.00244	0.00395
3	0.00600	0.00404	0.00462	0.00443	0.00470	0.00409	0.00271	0.05914	0.00660	0.00889	0.08444	0.02302	0.01461	0.69980	0.01644	0.04268	0.00345	0.00528	0.00248	0.00259
4	0.05352	0.08606	0.18562	0.00845	0.04161	0.04780	0.08689	0.05900	0.05080	0.06248	0.11108	0.05895	0.09287	0.01845	0.00395	0.00118	0.00391	0.00438	0.00268	0.02032
5	0.00954	0.09705	0.26222	0.03153	0.12598	0.05168	0.05736	0.13265	0.04472	0.04033	0.06171	0.00980	0.00759	0.00392	0.00354	0.00109	0.00452	0.00325	0.00234	0.04920
6	0.00707	0.08028	0.00699	0.00573	0.00700	0.00556	0.00453	0.03127	0.08611	0.07706	0.10060	0.13619	0.12334	0.06739	0.14184	0.00219	0.00394	0.10585	0.00316	0.00390
7	0.00810	0.00496	0.00586	0.00536	0.00689	0.00478	0.00423	0.03806	0.10912	0.16369	0.17562	0.04617	0.22136	0.00709	0.00406	0.00122	0.00243	0.08533	0.10140	0.00427

[dist]
# distance from previous block
# <min> <max>
1	2

[block]
# block no. 7 follows, 74 sequences, length 9
# corresponding to MSA columns:
# 437-445
name=unknown_H
#
# <colnr> <probs for GDERKNQSTAVLIFYWHMCP>
#	G	D	E	R	K	N	Q	S	T	A	V	L	I	F	Y	W	H	M	C	P
0	0.06064	0.35568	0.28369	0.00918	0.08415	0.04403	0.00892	0.01189	0.03142	0.04498	0.02979	0.00797	0.00600	0.00357	0.00304	0.00101	0.00441	0.00263	0.00191	0.00509
1	0.00876	0.01001	0.02190	0.01564	0.01940	0.00939	0.83292	0.01189	0.00876	0.01189	0.00751	0.01001	0.00563	0.00313	0.00438	0.00125	0.00626	0.00438	0.00188	0.00501
2	0.10425	0.52400	0.05688	0.05447	0.01081	0.14787	0.00679	0.01186	0.00800	0.03777	0.00572	0.00662	0.00484	0.00340	0.00270	0.00091	0.00439	0.00222	0.00182	0.00466
3	0.00639	0.00485	0.00568	0.00503	0.00657	0.00432	0.00378	0.00805	0.07939	0.01092	0.06918	0.06998	0.17197	0.06727	0.00626	0.12680	0.00260	0.04156	0.04639	0.26301
4	0.00609	0.00356	0.00476	0.00499	0.00528	0.00344	0.00337	0.00602	0.00630	0.05483	0.01372	0.29909	0.01533	0.22290	0.01113	0.26907	0.00297	0.06189	0.00266	0.00262
5	0.21380	0.12006	0.10969	0.09365	0.06083	0.06015	0.02990	0.10527	0.00906	0.11539	0.02432	0.00894	0.00622	0.02359	0.00355	0.00116	0.00411	0.00292	0.00247	0.00494
6	0.04280	0.15912	0.05521	0.02403	0.04829	0.16925	0.02187	0.21405	0.20230	0.01459	0.00870	0.00902	0.00670	0.00408	0.00338	0.00107	0.00439	0.00307	0.00271	0.00536
7	0.00973	0.18706	0.12852	0.01049	0.16320	0.05628	0.03170	0.05648	0.09680	0.05924	0.00789	0.00875	0.00620	0.00397	0.01745	0.00106	0.00423	0.00289	0.00228	0.14576
8	0.05654	0.11466	0.45182	0.01132	0.13106	0.00937	0.04342	0.05386	0.02876	0.05519	0.00721	0.00824	0.00535	0.00357	0.00341	0.00112	0.00480	0.00288	0.00198	0.00545

[dist]
# distance from previous block
# <min> <max>
17	38

[block]
# block no. 8 follows, 74 sequences, length 17
# corresponding to MSA columns:
# 493-509
name=unknown_I
#
# <colnr> <probs for GDERKNQSTAVLIFYWHMCP>
#	G	D	E	R	K	N	Q	S	T	A	V	L	I	F	Y	W	H	M	C	P
0	0.02719	0.07707	0.05635	0.26880	0.11238	0.05565	0.03251	0.10565	0.02372	0.04313	0.00802	0.02200	0.02787	0.00431	0.00457	0.00119	0.10508	0.00336	0.00216	0.01901
1	0.01126	0.10312	0.03293	0.00857	0.04244	0.13355	0.02496	0.26406	0.15432	0.03354	0.02547	0.00975	0.00741	0.00430	0.00383	0.00107	0.04275	0.00324	0.04997	0.04345
2	0.04196	0.00941	0.01014	0.00782	0.01069	0.01006	0.00640	0.64771	0.01518	0.02088	0.00896	0.04692	0.00693	0.00449	0.00357	0.00105	0.00376	0.00345	0.00343	0.13720
3	0.00876	0.00966	0.20976	0.04457	0.16970	0.00716	0.02777	0.04880	0.08517	0.11126	0.06380	0.11843	0.02459	0.00530	0.00388	0.00121	0.00388	0.02573	0.00277	0.02781
4	0.02876	0.04419	0.24298	0.03197	0.13107	0.07861	0.09688	0.09738	0.03700	0.08177	0.00965	0.04246	0.03589	0.00434	0.00371	0.00116	0.00468	0.01984	0.00240	0.00525
5	0.00762	0.00713	0.01190	0.40804	0.36002	0.00785	0.00986	0.00982	0.00802	0.01086	0.05023	0.04767	0.03675	0.00427	0.00380	0.00119	0.00434	0.00394	0.00199	0.00473
6	0.00645	0.00322	0.00484	0.00484	0.00484	0.00322	0.00322	0.00484	0.00484	0.00645	0.00645	0.01128	0.00645	0.01289	0.01451	0.89201	0.00322	0.00322	0.00161	0.00161
7	0.04307	0.10330	0.20044	0.04349	0.17489	0.12408	0.04397	0.04400	0.02946	0.11683	0.02152	0.00897	0.00626	0.00380	0.00362	0.00110	0.02058	0.00305	0.00227	0.00529
8	0.00995	0.26758	0.07199	0.04323	0.03526	0.00890	0.02689	0.04496	0.03741	0.18156	0.06857	0.05052	0.05148	0.00544	0.01784	0.00119	0.02854	0.04098	0.00281	0.00490
9	0.00480	0.00357	0.00415	0.00441	0.00498	0.00327	0.00299	0.00548	0.00742	0.00956	0.09374	0.29269	0.28807	0.23234	0.00826	0.00194	0.00243	0.02382	0.00319	0.00290
10	0.00817	0.19216	0.07551	0.17714	0.13969	0.01796	0.02271	0.03831	0.08994	0.01145	0.06997	0.04934	0.03341	0.00514	0.01808	0.00122	0.00410	0.03864	0.00233	0.00473
11	0.06208	0.02426	0.07336	0.01011	0.13381	0.11849	0.06462	0.07367	0.09668	0.15828	0.06926	0.03106	0.05863	0.00471	0.00371	0.00114	0.00404	0.00395	0.00296	0.00517
12	0.00624	0.00560	0.05131	0.01903	0.04519	0.00509	0.06174	0.00830	0.05656	0.02470	0.17670	0.16414	0.08700	0.07372	0.09204	0.00192	0.02698	0.03463	0.05532	0.00379
13	0.01035	0.00493	0.00636	0.00544	0.00706	0.00448	0.00415	0.01173	0.02630	0.38043	0.18506	0.05683	0.06735	0.15473	0.02895	0.00172	0.00295	0.00519	0.03147	0.00453
14	0.02512	0.16686	0.07437	0.06917	0.20399	0.09854	0.05644	0.11213	0.06217	0.06308	0.00844	0.00941	0.02663	0.00385	0.00345	0.00107	0.00450	0.00317	0.00233	0.00529
15	0.05056	0.03064	0.08587	0.08604	0.15739	0.08703	0.05176	0.23070	0.07318	0.03874	0.00807	0.00911	0.00611	0.00396	0.00378	0.00112	0.02675	0.00320	0.01719	0.02879
16	0.11887	0.04368	0.03683	0.00926	0.12782	0.04409	0.05671	0.06223	0.07905	0.05193	0.02607	0.08853	0.03860	0.03613	0.08423	0.01940	0.01879	0.03594	0.01731	0.00451

[dist]
# distance from previous block
# <min> <max>
1	26

[block]
# block no. 9 follows, 74 sequences, length 48
# corresponding to MSA columns:
# 536-583
name=unknown_J
#
# <colnr> <probs for GDERKNQSTAVLIFYWHMCP>
#	G	D	E	R	K	N	Q	S	T	A	V	L	I	F	Y	W	H	M	C	P
0	0.08840	0.03789	0.00679	0.02849	0.03926	0.00588	0.00473	0.08464	0.03644	0.01174	0.03885	0.37390	0.02771	0.04589	0.06141	0.02676	0.04478	0.00654	0.02614	0.00374
1	0.04249	0.00730	0.01048	0.30515	0.08653	0.04065	0.07496	0.07307	0.04948	0.03767	0.04517	0.12420	0.00969	0.00505	0.00393	0.00121	0.01447	0.01443	0.00246	0.05162
2	0.00771	0.07404	0.28306	0.01859	0.02131	0.06200	0.02959	0.00963	0.00720	0.03096	0.00861	0.05309	0.02001	0.12580	0.07405	0.04872	0.09080	0.00372	0.00195	0.02915
3	0.04381	0.00506	0.00632	0.00569	0.00708	0.00503	0.00439	0.03254	0.04103	0.25633	0.05376	0.15959	0.06202	0.06362	0.05317	0.02834	0.04175	0.02892	0.09727	0.00428
4	0.00712	0.01761	0.11806	0.02430	0.32440	0.00644	0.00787	0.02204	0.00843	0.01168	0.12250	0.08693	0.12322	0.06617	0.00501	0.00136	0.00358	0.02569	0.00254	0.01506
5	0.00835	0.02365	0.38564	0.05014	0.10145	0.02390	0.16296	0.01153	0.03286	0.04742	0.00761	0.02597	0.00591	0.00440	0.00474	0.05889	0.03424	0.00340	0.00190	0.00505
6	0.04874	0.38306	0.38286	0.00832	0.01234	0.05338	0.00948	0.01164	0.02281	0.01055	0.00612	0.00713	0.00491	0.00389	0.01974	0.00110	0.00482	0.00242	0.00167	0.00502
7	0.00483	0.00382	0.00436	0.00442	0.00541	0.00345	0.00330	0.00606	0.02186	0.01078	0.17395	0.10817	0.47987	0.05500	0.04343	0.00163	0.00245	0.06057	0.00343	0.00321
8	0.00623	0.00462	0.00644	0.01616	0.06199	0.00435	0.03212	0.00796	0.02050	0.05451	0.33508	0.05991	0.18685	0.00800	0.00446	0.00131	0.00259	0.17956	0.00357	0.00378
9	0.00460	0.00339	0.00421	0.00481	0.00524	0.00311	0.00326	0.00528	0.00732	0.00950	0.03409	0.60466	0.19229	0.07984	0.00580	0.00162	0.00223	0.02240	0.00336	0.00299
10	0.02400	0.01011	0.15548	0.04199	0.01473	0.02169	0.33239	0.02596	0.06896	0.08909	0.00911	0.03639	0.00720	0.00627	0.08053	0.00168	0.05344	0.01374	0.00231	0.00495
11	0.00609	0.00476	0.00651	0.02320	0.02242	0.00544	0.00488	0.03265	0.08225	0.01005	0.04964	0.07904	0.02209	0.08240	0.50787	0.00423	0.04574	0.00469	0.00242	0.00364
12	0.00805	0.00522	0.00600	0.00576	0.00706	0.00546	0.00439	0.02198	0.25657	0.10273	0.01603	0.20690	0.02536	0.03404	0.00430	0.00132	0.00256	0.07138	0.21050	0.00438
13	0.00574	0.00404	0.00591	0.00586	0.00656	0.00457	0.00452	0.00698	0.00617	0.03905	0.01056	0.01616	0.01000	0.09431	0.72978	0.00547	0.00898	0.02987	0.00215	0.00334
14	0.00770	0.00660	0.00770	0.00550	0.00880	0.00495	0.00440	0.00935	0.00770	0.01210	0.00660	0.00770	0.00550	0.00275	0.00275	0.00055	0.00275	0.00220	0.00220	0.89224
15	0.00733	0.00693	0.01172	0.73571	0.14795	0.00833	0.01047	0.00977	0.00758	0.00988	0.00665	0.00979	0.00509	0.00365	0.00371	0.00122	0.00487	0.00330	0.00168	0.00439
16	0.00451	0.00327	0.00427	0.00506	0.00536	0.00302	0.00340	0.00518	0.00721	0.00952	0.02175	0.80456	0.08629	0.01146	0.00471	0.00149	0.00213	0.01035	0.00345	0.00302
17	0.00992	0.87178	0.01945	0.00635	0.00953	0.01469	0.00635	0.01111	0.00754	0.00873	0.00516	0.00595	0.00476	0.00318	0.00238	0.00079	0.00397	0.00198	0.00159	0.00476
18	0.03578	0.00469	0.00559	0.00495	0.00649	0.00428	0.00385	0.04534	0.00996	0.18460	0.32708	0.04120	0.29701	0.00738	0.00416	0.00120	0.00223	0.00625	0.00389	0.00409
19	0.01065	0.01660	0.35082	0.01001	0.01325	0.36506	0.02927	0.01302	0.00888	0.04657	0.00645	0.00764	0.00497	0.00401	0.00441	0.00113	0.09781	0.00273	0.00186	0.00486
20	0.00525	0.00379	0.00496	0.00467	0.00555	0.00350	0.00350	0.00700	0.01051	0.01488	0.84444	0.02773	0.03502	0.00759	0.00438	0.00117	0.00175	0.00671	0.00409	0.00350
21	0.02646	0.00971	0.01034	0.00823	0.01096	0.01087	0.00670	0.60885	0.23181	0.02124	0.01047	0.01016	0.00759	0.00459	0.00371	0.00115	0.00377	0.00354	0.00371	0.00616
22	0.00878	0.00824	0.01319	0.09243	0.60889	0.00854	0.01006	0.01217	0.12966	0.01241	0.03105	0.01111	0.02919	0.00387	0.00373	0.00114	0.00411	0.00364	0.00221	0.00559
23	0.47619	0.00794	0.01023	0.00967	0.11928	0.00886	0.14007	0.03455	0.00726	0.01433	0.00632	0.03322	0.00531	0.00402	0.00413	0.00123	0.10776	0.00301	0.00216	0.00446
24	0.00579	0.00452	0.00554	0.03800	0.00714	0.00463	0.00435	0.00862	0.16341	0.01144	0.12414	0.33518	0.11467	0.04917	0.00514	0.00150	0.00255	0.10706	0.00346	0.00368
25	0.09812	0.01376	0.00871	0.00797	0.00975	0.59005	0.00602	0.01247	0.00962	0.01001	0.01194	0.01237	0.17008	0.00493	0.00360	0.00104	0.01984	0.00344	0.00225	0.00404
26	0.00812	0.00812	0.01137	0.00975	0.00975	0.01137	0.00812	0.00893	0.00568	0.00893	0.00487	0.00812	0.00487	0.00650	0.01218	0.00162	0.86276	0.00325	0.00162	0.00406
27	0.00452	0.00323	0.00431	0.00517	0.00538	0.00301	0.00345	0.00517	0.00711	0.00948	0.02046	0.86713	0.02455	0.01163	0.00474	0.00151	0.00215	0.01055	0.00345	0.00301
28	0.00452	0.00323	0.00431	0.00517	0.00538	0.00301	0.00345	0.00517	0.00711	0.00948	0.02046	0.86713	0.02455	0.01163	0.00474	0.00151	0.00215	0.01055	0.00345	0.00301
29	0.00919	0.00882	0.01507	0.02278	0.84640	0.00882	0.01139	0.01139	0.00845	0.01213	0.00698	0.00919	0.00588	0.00331	0.00367	0.00110	0.00441	0.00331	0.00184	0.00588
30	0.01475	0.00937	0.01050	0.00805	0.01100	0.00998	0.00665	0.62791	0.01573	0.23194	0.01036	0.00985	0.00704	0.00449	0.00372	0.00112	0.00385	0.00344	0.00394	0.00631
31	0.00770	0.00660	0.00770	0.00550	0.00880	0.00495	0.00440	0.00935	0.00770	0.01210	0.00660	0.00770	0.00550	0.00275	0.00275	0.00055	0.00275	0.00220	0.00220	0.89224
32	0.00540	0.00360	0.00405	0.00405	0.00405	0.00360	0.00225	0.00540	0.00540	0.00720	0.01170	0.02429	0.01349	0.86955	0.01889	0.00360	0.00360	0.00540	0.00225	0.00225
33	0.00748	0.00432	0.00460	0.00425	0.00536	0.00440	0.00326	0.10412	0.00936	0.01512	0.15045	0.01558	0.01339	0.00488	0.00302	0.00094	0.00201	0.00399	0.63967	0.00380
34	0.00487	0.00377	0.00444	0.00430	0.00532	0.00333	0.00321	0.00625	0.00955	0.01269	0.48199	0.05211	0.37789	0.00846	0.00439	0.00121	0.00182	0.00728	0.00380	0.00333
35	0.00812	0.00812	0.01137	0.00975	0.00975	0.01137	0.00812	0.00893	0.00568	0.00893	0.00487	0.00812	0.00487	0.00650	0.01218	0.00162	0.86276	0.00325	0.00162	0.00406
36	0.00770	0.00660	0.00770	0.00550	0.00880	0.00495	0.00440	0.00935	0.00770	0.01210	0.00660	0.00770	0.00550	0.00275	0.00275	0.00055	0.00275	0.00220	0.00220	0.89224
37	0.20497	0.00845	0.03412	0.01583	0.49126	0.00832	0.02043	0.03436	0.00851	0.12825	0.00769	0.00894	0.00590	0.00355	0.00339	0.00112	0.00395	0.00308	0.00236	0.00552
38	0.00937	0.00804	0.00847	0.00758	0.00971	0.00930	0.00591	0.04329	0.81589	0.01575	0.01493	0.01371	0.01119	0.00502	0.00378	0.00125	0.00297	0.00417	0.00378	0.00589
39	0.80994	0.00757	0.00593	0.00521	0.00755	0.02957	0.00428	0.04939	0.00705	0.03843	0.00560	0.00635	0.00428	0.00353	0.00243	0.00114	0.00303	0.00213	0.00241	0.00419
40	0.00894	0.00938	0.01070	0.37265	0.15911	0.22231	0.00865	0.01067	0.00821	0.00978	0.00743	0.04828	0.00650	0.04638	0.00467	0.01500	0.01859	0.00350	0.02497	0.00427
41	0.00501	0.00377	0.00463	0.00446	0.00540	0.00339	0.00333	0.00651	0.00986	0.01345	0.60938	0.06019	0.24060	0.00820	0.00439	0.00120	0.00180	0.00714	0.00390	0.00339
42	0.00919	0.00488	0.00527	0.00462	0.00605	0.00495	0.00363	0.13801	0.00962	0.11470	0.01191	0.01293	0.00898	0.00438	0.00290	0.00094	0.00227	0.00347	0.64705	0.00424
43	0.00521	0.00381	0.00490	0.00467	0.00558	0.00350	0.00353	0.00689	0.01026	0.01434	0.74598	0.02892	0.10335	0.00784	0.00441	0.00119	0.00182	0.03634	0.00401	0.00347
44	0.00793	0.00659	0.00772	0.00553	0.00881	0.00496	0.00443	0.00958	0.00777	0.03400	0.00681	0.00783	0.00559	0.00280	0.00277	0.00057	0.00276	0.00224	0.00226	0.86905
45	0.00481	0.00369	0.00405	0.00418	0.00494	0.00333	0.00291	0.00551	0.00750	0.00934	0.04784	0.11017	0.45824	0.26001	0.00868	0.00198	0.00249	0.05431	0.00311	0.00289
46	0.01057	0.43256	0.04855	0.00835	0.05645	0.23149	0.00698	0.02650	0.07115	0.01006	0.01800	0.02986	0.00632	0.00386	0.00309	0.00094	0.01565	0.00270	0.01213	0.00476
47	0.00765	0.03110	0.09459	0.00603	0.00859	0.00550	0.00528	0.01022	0.08368	0.07554	0.15199	0.08465	0.06249	0.01578	0.00372	0.00099	0.00286	0.00437	0.00293	0.34202

[dist]
# distance from previous block
# <min> <max>
7	20

[block]
# block no. 10 follows, 74 sequences, length 14
# corresponding to MSA columns:
# 606-619
name=unknown_K
#
# <colnr> <probs for GDERKNQSTAVLIFYWHMCP>
#	G	D	E	R	K	N	Q	S	T	A	V	L	I	F	Y	W	H	M	C	P
0	0.00770	0.00660	0.00770	0.00550	0.00880	0.00495	0.00440	0.00935	0.00770	0.01210	0.00660	0.00770	0.00550	0.00275	0.00275	0.00055	0.00275	0.00220	0.00220	0.89224
1	0.00930	0.04353	0.01035	0.12341	0.13609	0.07108	0.00740	0.01642	0.51134	0.01347	0.01168	0.01179	0.00893	0.00444	0.00367	0.00119	0.00374	0.00372	0.00298	0.00548
2	0.03766	0.00374	0.00428	0.00443	0.00533	0.00338	0.00321	0.00591	0.00850	0.01133	0.23301	0.27084	0.37642	0.00937	0.00441	0.00130	0.00196	0.00812	0.00356	0.00322
