[name]
unknown

[dist]
# distance from previous block
# <min> <max>
0	82

[block]
# block no. 0 follows, 90 sequences, length 8
# corresponding to MSA columns:
# 82-89
name=unknown_A
#
# <colnr> <probs for GDERKNQSTAVLIFYWHMCP>
#	G	D	E	R	K	N	Q	S	T	A	V	L	I	F	Y	W	H	M	C	P
0	0.03574	0.00583	0.00680	0.00584	0.00765	0.00594	0.00486	0.30091	0.01023	0.19646	0.01474	0.01907	0.14271	0.00575	0.00354	0.00111	0.00285	0.22249	0.00320	0.00428
1	0.00384	0.00287	0.00357	0.00414	0.00453	0.00260	0.00282	0.00445	0.00634	0.00821	0.02089	0.68717	0.21807	0.00949	0.00398	0.00124	0.00179	0.00848	0.00294	0.00260
2	0.00549	0.00371	0.00629	0.00554	0.00613	0.00359	0.13509	0.00517	0.00507	0.00674	0.00864	0.10339	0.05602	0.03954	0.03136	0.56742	0.00315	0.00387	0.00169	0.00208
3	0.00474	0.00325	0.00411	0.00403	0.00481	0.00294	0.00297	0.00592	0.00810	0.05567	0.50881	0.19817	0.16995	0.00731	0.00378	0.00107	0.00165	0.00643	0.00331	0.00298
4	0.00815	0.75385	0.15030	0.00599	0.00901	0.01174	0.00641	0.00958	0.00648	0.00787	0.00461	0.00534	0.00406	0.00276	0.00219	0.00073	0.00359	0.00180	0.00135	0.00417
5	0.00777	0.14445	0.03791	0.07211	0.61684	0.00830	0.04871	0.00962	0.00704	0.00975	0.00572	0.00746	0.00479	0.00283	0.00300	0.00092	0.00384	0.00268	0.00152	0.00474
6	0.00478	0.00383	0.00549	0.00542	0.00579	0.00457	0.00416	0.00567	0.00526	0.00753	0.00984	0.20715	0.01035	0.04747	0.50865	0.00356	0.15109	0.00459	0.00193	0.00285
7	0.00587	0.00538	0.00879	0.64744	0.08502	0.00642	0.00784	0.00796	0.03601	0.00846	0.00775	0.14451	0.00707	0.00423	0.00331	0.00108	0.00376	0.00381	0.00172	0.00355

[dist]
# distance from previous block
# <min> <max>
2	12

[block]
# block no. 1 follows, 90 sequences, length 7
# corresponding to MSA columns:
# 102-108
name=unknown_B
#
# <colnr> <probs for GDERKNQSTAVLIFYWHMCP>
#	G	D	E	R	K	N	Q	S	T	A	V	L	I	F	Y	W	H	M	C	P
0	0.07654	0.04182	0.04503	0.00745	0.03447	0.09501	0.03224	0.38560	0.18179	0.05621	0.00812	0.00815	0.00596	0.00366	0.00303	0.00096	0.00351	0.00282	0.00274	0.00488
1	0.00512	0.00339	0.00460	0.00542	0.06802	0.00319	0.00340	0.00575	0.00621	0.07853	0.01554	0.58152	0.04654	0.15022	0.00585	0.00152	0.00224	0.00730	0.00276	0.00288
2	0.06575	0.28850	0.06146	0.00753	0.06169	0.03264	0.04653	0.25085	0.02581	0.06901	0.00663	0.00767	0.00525	0.00344	0.00300	0.00090	0.03074	0.02585	0.00219	0.00456
3	0.07450	0.10496	0.19466	0.06059	0.19955	0.02139	0.06649	0.05993	0.05211	0.09440	0.00685	0.02042	0.00527	0.00328	0.00312	0.00097	0.02227	0.00274	0.00195	0.00456
4	0.00405	0.00297	0.00383	0.00434	0.00477	0.00275	0.00309	0.00484	0.00671	0.00886	0.12175	0.57543	0.14220	0.00913	0.00400	0.00124	0.00187	0.09248	0.00301	0.00268
5	0.00852	0.43369	0.01199	0.00597	0.00812	0.03825	0.00531	0.15280	0.12729	0.01051	0.00891	0.00917	0.09178	0.00389	0.00323	0.00088	0.07060	0.00275	0.00209	0.00423
6	0.09671	0.00534	0.00608	0.00571	0.00646	0.07661	0.00447	0.00751	0.05726	0.00841	0.00751	0.01083	0.00693	0.06876	0.48420	0.00342	0.13575	0.00311	0.00178	0.00313

[dist]
# distance from previous block
# <min> <max>
0	1

[block]
# block no. 2 follows, 90 sequences, length 11
# corresponding to MSA columns:
# 110-120
name=unknown_C
#
# <colnr> <probs for GDERKNQSTAVLIFYWHMCP>
#	G	D	E	R	K	N	Q	S	T	A	V	L	I	F	Y	W	H	M	C	P
0	0.00768	0.00764	0.00926	0.05697	0.00927	0.08364	0.00665	0.04768	0.13055	0.00905	0.00574	0.00766	0.00502	0.00496	0.00799	0.00126	0.59059	0.00284	0.00176	0.00380
1	0.05494	0.09441	0.13926	0.02480	0.21898	0.07762	0.08497	0.00944	0.02351	0.03011	0.04791	0.07269	0.02121	0.00375	0.00323	0.00095	0.02661	0.00322	0.00186	0.06053
2	0.05522	0.11853	0.34305	0.02579	0.09818	0.00783	0.03137	0.09151	0.03109	0.02121	0.00739	0.00954	0.02761	0.00365	0.00321	0.00099	0.02944	0.06139	0.00184	0.03115
3	0.00571	0.00497	0.00904	0.00742	0.00889	0.00460	0.29671	0.00711	0.00700	0.05753	0.05913	0.40177	0.10296	0.00673	0.00385	0.00116	0.00305	0.00647	0.00257	0.00335
4	0.03656	0.00729	0.00777	0.00635	0.00849	0.06754	0.00510	0.24216	0.22932	0.29290	0.05501	0.01036	0.00842	0.00405	0.00317	0.00099	0.00301	0.00321	0.00331	0.00500
5	0.05972	0.06036	0.13393	0.04130	0.09684	0.14003	0.04087	0.12271	0.03629	0.10426	0.02179	0.02054	0.06568	0.00384	0.00333	0.00097	0.03797	0.00301	0.00221	0.00434
6	0.00664	0.12960	0.01020	0.21384	0.01180	0.04898	0.13500	0.03412	0.00681	0.00878	0.04346	0.11255	0.00878	0.04189	0.02162	0.02354	0.06963	0.06741	0.00190	0.00347
7	0.00397	0.00285	0.00376	0.00445	0.00469	0.00267	0.00305	0.00458	0.00615	0.00815	0.01763	0.77564	0.04522	0.03675	0.00443	0.00135	0.00195	0.06721	0.00291	0.00258
8	0.00774	0.07589	0.03160	0.17559	0.35746	0.02552	0.05653	0.08107	0.05000	0.02659	0.00809	0.00947	0.06010	0.00371	0.01641	0.00103	0.00381	0.00306	0.00187	0.00445
9	0.03322	0.00912	0.05026	0.00944	0.17923	0.14771	0.00662	0.31616	0.01047	0.16960	0.00764	0.00820	0.00561	0.02827	0.00345	0.00100	0.00378	0.00278	0.00259	0.00487
10	0.00406	0.00296	0.00394	0.00445	0.00483	0.00284	0.00315	0.00483	0.00639	0.00854	0.09158	0.59861	0.08492	0.01092	0.09834	0.00167	0.00258	0.05988	0.00286	0.00267

[dist]
# distance from previous block
# <min> <max>
3	6

[block]
# block no. 3 follows, 90 sequences, length 33
# corresponding to MSA columns:
# 148-180
name=unknown_D
#
# <colnr> <probs for GDERKNQSTAVLIFYWHMCP>
#	G	D	E	R	K	N	Q	S	T	A	V	L	I	F	Y	W	H	M	C	P
0	0.00437	0.00312	0.00359	0.00371	0.00404	0.00295	0.00236	0.00472	0.00555	0.00724	0.02420	0.19561	0.16682	0.49818	0.01069	0.00223	0.00253	0.03077	0.00235	0.02497
1	0.00658	0.00564	0.00658	0.00470	0.00752	0.00423	0.00376	0.00799	0.00658	0.01034	0.00564	0.00658	0.00470	0.00235	0.00235	0.00047	0.00235	0.00188	0.00188	0.90792
2	0.00749	0.00781	0.00957	0.00826	0.00848	0.10198	0.00681	0.00840	0.02684	0.00779	0.00446	0.00693	0.00429	0.00528	0.00942	0.00132	0.76715	0.00272	0.00146	0.00353
3	0.00439	0.00314	0.00411	0.00468	0.00511	0.00301	0.00343	0.02641	0.00672	0.00895	0.04801	0.59951	0.06041	0.00920	0.00403	0.00128	0.00207	0.18167	0.02111	0.00275
4	0.00390	0.00288	0.00366	0.00426	0.00463	0.00264	0.00294	0.00453	0.00633	0.00824	0.02008	0.69718	0.17236	0.00955	0.00401	0.00126	0.00184	0.04417	0.00294	0.00261
5	0.00446	0.00316	0.00390	0.00392	0.00438	0.00300	0.00273	0.00530	0.00696	0.00950	0.37174	0.10853	0.08277	0.30830	0.00805	0.00177	0.00218	0.06396	0.00282	0.00256
6	0.00512	0.00418	0.00606	0.00574	0.00618	0.00522	0.00456	0.00615	0.00508	0.00754	0.00759	0.01130	0.00713	0.02950	0.64421	0.00411	0.20568	0.00326	0.02842	0.00297
7	0.91093	0.00613	0.00466	0.00417	0.00613	0.00712	0.00344	0.00932	0.00540	0.01423	0.00442	0.00515	0.00344	0.00294	0.00196	0.00098	0.00245	0.00172	0.00196	0.00344
8	0.00663	0.00595	0.00808	0.06905	0.00952	0.00484	0.09509	0.00823	0.00666	0.01016	0.00572	0.00692	0.00468	0.00244	0.00256	0.00058	0.00280	0.00215	0.00182	0.74614
9	0.01063	0.04044	0.00880	0.00675	0.00900	0.13276	0.00548	0.56150	0.01241	0.01593	0.00973	0.01953	0.09718	0.00413	0.00312	0.00091	0.00353	0.00313	0.00279	0.05224
10	0.91093	0.00613	0.00466	0.00417	0.00613	0.00712	0.00344	0.00932	0.00540	0.01423	0.00442	0.00515	0.00344	0.00294	0.00196	0.00098	0.00245	0.00172	0.00196	0.00344
11	0.03534	0.00627	0.00805	0.00637	0.00837	0.00652	0.00526	0.14634	0.02893	0.54099	0.01005	0.00949	0.00674	0.00418	0.00445	0.00105	0.16031	0.00303	0.00329	0.00499
12	0.81510	0.00709	0.00512	0.00460	0.00653	0.09970	0.00372	0.00968	0.00578	0.01354	0.00447	0.00521	0.00350	0.00298	0.00206	0.00096	0.00280	0.00175	0.00193	0.00346
13	0.00780	0.00749	0.01279	0.04151	0.84707	0.00752	0.00971	0.00969	0.00720	0.01030	0.00596	0.00787	0.00500	0.00284	0.00314	0.00095	0.00378	0.00283	0.00157	0.00499
14	0.00757	0.00722	0.01230	0.12080	0.74888	0.00739	0.00952	0.00947	0.00712	0.01008	0.00618	0.00857	0.00524	0.00300	0.00317	0.00097	0.00380	0.02235	0.00158	0.00480
15	0.00800	0.00687	0.00723	0.00648	0.00829	0.00794	0.00505	0.03834	0.84135	0.01344	0.01277	0.01173	0.00957	0.00429	0.00323	0.00107	0.00254	0.00357	0.00323	0.00503
16	0.00564	0.00521	0.00846	0.72388	0.01874	0.00629	0.00771	0.00757	0.00663	0.00849	0.07082	0.01191	0.09809	0.00393	0.00327	0.00105	0.00375	0.00344	0.00172	0.00340
17	0.00426	0.00316	0.00338	0.00349	0.00434	0.00282	0.00255	0.00532	0.02266	0.00936	0.07174	0.17977	0.50561	0.00747	0.00353	0.00105	0.00164	0.00636	0.15874	0.00277
18	0.00556	0.00390	0.00527	0.00569	0.03163	0.00394	0.00445	0.03492	0.03141	0.04931	0.08852	0.12589	0.05867	0.03043	0.12738	0.00187	0.00342	0.38177	0.00280	0.00316
19	0.03544	0.00430	0.00508	0.00428	0.00583	0.00408	0.00342	0.04125	0.02000	0.35918	0.01099	0.01107	0.00781	0.00378	0.00265	0.00086	0.00209	0.00302	0.47082	0.00407
20	0.00497	0.00385	0.00452	0.00476	0.00550	0.00391	0.00341	0.00761	0.21353	0.02053	0.01845	0.52903	0.14219	0.00821	0.00380	0.00120	0.00199	0.01628	0.00303	0.00322
21	0.00390	0.00285	0.00367	0.00424	0.00457	0.00262	0.00288	0.00455	0.00642	0.00849	0.08071	0.72293	0.12158	0.00946	0.00399	0.00124	0.00179	0.00851	0.00298	0.00262
22	0.00807	0.00847	0.10146	0.36174	0.17928	0.09075	0.02306	0.10023	0.02507	0.05266	0.00633	0.00797	0.00477	0.00324	0.00321	0.00100	0.01384	0.00275	0.00181	0.00428
23	0.03970	0.01268	0.50809	0.00887	0.02497	0.00806	0.05728	0.10978	0.00739	0.02681	0.00577	0.00699	0.00432	0.00355	0.00436	0.00107	0.16159	0.00256	0.00165	0.00450
24	0.00386	0.00289	0.00360	0.00415	0.00456	0.00262	0.00285	0.00450	0.00640	0.00829	0.03197	0.66232	0.21922	0.00943	0.00398	0.00124	0.00180	0.02077	0.00295	0.00261
25	0.00455	0.00331	0.00467	0.00467	0.00509	0.00373	0.00343	0.00539	0.00497	0.00705	0.00889	0.01464	0.00887	0.25043	0.65061	0.00457	0.00708	0.00372	0.00176	0.00259
26	0.91093	0.00613	0.00466	0.00417	0.00613	0.00712	0.00344	0.00932	0.00540	0.01423	0.00442	0.00515	0.00344	0.00294	0.00196	0.00098	0.00245	0.00172	0.00196	0.00344
27	0.02668	0.00706	0.00797	0.00610	0.00854	0.01593	0.01663	0.40418	0.01724	0.10970	0.07063	0.01635	0.01387	0.00365	0.00298	0.00083	0.00293	0.00289	0.00285	0.26301
28	0.63881	0.00598	0.00552	0.00482	0.00664	0.02579	0.04115	0.02942	0.00602	0.04001	0.00729	0.00817	0.06672	0.00558	0.09541	0.00143	0.00327	0.00243	0.00207	0.00347
29	0.00562	0.00399	0.00496	0.00430	0.00560	0.00355	0.00331	0.02020	0.03411	0.06280	0.58392	0.01960	0.06317	0.00556	0.00344	0.00091	0.00179	0.00483	0.00319	0.16517
30	0.00673	0.04641	0.56472	0.00799	0.01154	0.00716	0.02631	0.09955	0.00726	0.01045	0.00645	0.00817	0.00506	0.03795	0.13889	0.00170	0.00506	0.00265	0.00162	0.00434
31	0.00710	0.00663	0.01089	0.20920	0.52549	0.00679	0.00856	0.00896	0.00696	0.00979	0.00664	0.00987	0.00577	0.00328	0.00315	0.00095	0.00366	0.06386	0.00166	0.10077
32	0.00476	0.00377	0.00483	0.00568	0.06770	0.00373	0.00375	0.00665	0.12314	0.00917	0.03075	0.52616	0.13952	0.00827	0.00384	0.00121	0.00209	0.04896	0.00289	0.00312

[dist]
# distance from previous block
# <min> <max>
0	3

[block]
# block no. 4 follows, 90 sequences, length 7
# corresponding to MSA columns:
# 184-190
name=unknown_E
#
# <colnr> <probs for GDERKNQSTAVLIFYWHMCP>
#	G	D	E	R	K	N	Q	S	T	A	V	L	I	F	Y	W	H	M	C	P
0	0.00833	0.00654	0.00898	0.00743	0.02542	0.02860	0.11928	0.11868	0.08760	0.13335	0.09070	0.01298	0.09138	0.00481	0.00484	0.00109	0.18252	0.03095	0.00260	0.03393
1	0.00650	0.00619	0.01068	0.40605	0.12398	0.00698	0.14363	0.02916	0.00692	0.00930	0.04464	0.03020	0.00717	0.00404	0.00400	0.00111	0.07622	0.07768	0.00176	0.00378
2	0.00765	0.00740	0.02431	0.02030	0.02528	0.13275	0.10787	0.06256	0.20301	0.03384	0.22489	0.01360	0.05468	0.00458	0.00365	0.00100	0.03906	0.00389	0.00266	0.02700
3	0.00466	0.00335	0.00373	0.00371	0.00404	0.00335	0.00232	0.00546	0.06303	0.00715	0.01414	0.05108	0.15652	0.61984	0.04255	0.00261	0.00293	0.00500	0.00221	0.00231
4	0.00660	0.00732	0.14903	0.00710	0.00920	0.00598	0.13344	0.01080	0.26312	0.04328	0.24043	0.06009	0.01425	0.00485	0.00348	0.00106	0.00300	0.03006	0.00275	0.00413
5	0.00816	0.00632	0.00681	0.00608	0.00774	0.02969	0.00475	0.06529	0.54421	0.09191	0.10416	0.06007	0.01217	0.00490	0.00335	0.00107	0.00254	0.03291	0.00325	0.00462
6	0.00776	0.00636	0.04160	0.00574	0.00832	0.00527	0.04553	0.07695	0.09206	0.09794	0.00804	0.06706	0.00664	0.00337	0.00279	0.00072	0.00269	0.00285	0.00236	0.51592

[dist]
# distance from previous block
# <min> <max>
1	2

[block]
# block no. 5 follows, 90 sequences, length 45
# corresponding to MSA columns:
# 193-237
name=unknown_F
#
# <colnr> <probs for GDERKNQSTAVLIFYWHMCP>
#	G	D	E	R	K	N	Q	S	T	A	V	L	I	F	Y	W	H	M	C	P
0	0.06618	0.01015	0.01015	0.04902	0.32496	0.31984	0.00731	0.11287	0.00872	0.05277	0.00599	0.00706	0.00474	0.00318	0.00297	0.00091	0.00432	0.00250	0.00192	0.00444
1	0.00704	0.00648	0.01092	0.30787	0.49954	0.00693	0.00879	0.00888	0.00687	0.02632	0.00688	0.07660	0.00606	0.00352	0.00322	0.00101	0.00375	0.00331	0.00167	0.00434
2	0.00776	0.00772	0.03572	0.04343	0.82208	0.00752	0.00976	0.00970	0.00718	0.01029	0.00595	0.00784	0.00498	0.00284	0.00314	0.00095	0.00381	0.00281	0.00156	0.00497
3	0.00399	0.00300	0.00368	0.00397	0.00453	0.00271	0.00279	0.00482	0.00705	0.00928	0.21931	0.43597	0.25711	0.02152	0.00407	0.00119	0.00171	0.00755	0.00306	0.00269
4	0.00677	0.17689	0.61055	0.00823	0.01215	0.02101	0.03256	0.00972	0.00675	0.00949	0.00633	0.00870	0.00516	0.00340	0.00296	0.00098	0.00434	0.06813	0.00148	0.00441
5	0.00404	0.00315	0.00351	0.00354	0.00429	0.00279	0.00252	0.00484	0.00707	0.00901	0.19665	0.12222	0.47892	0.13669	0.00559	0.00137	0.00182	0.00645	0.00291	0.00262
6	0.03341	0.07818	0.00949	0.01804	0.02232	0.29498	0.08615	0.16099	0.04060	0.02107	0.09395	0.03762	0.00896	0.00429	0.00319	0.00096	0.00404	0.07546	0.00231	0.00398
7	0.00623	0.00511	0.00573	0.00530	0.00663	0.00560	0.00409	0.01140	0.44707	0.02142	0.16997	0.02955	0.14397	0.00781	0.11407	0.00157	0.00294	0.00450	0.00304	0.00399
8	0.00445	0.00342	0.00408	0.00407	0.00481	0.01574	0.00302	0.00570	0.02027	0.01064	0.45699	0.13910	0.20495	0.04887	0.00439	0.00118	0.00181	0.06050	0.00316	0.00286
9	0.03756	0.00838	0.11839	0.00713	0.00987	0.00739	0.06000	0.35048	0.03135	0.29919	0.00902	0.00875	0.00612	0.00366	0.00314	0.00097	0.00339	0.00294	0.02717	0.00510
10	0.01158	0.00842	0.00901	0.00696	0.00936	0.00930	0.00573	0.79185	0.01427	0.01935	0.00783	0.00794	0.00561	0.00380	0.00310	0.00094	0.00333	0.00286	0.07356	0.00520
11	0.01030	0.05499	0.00842	0.00707	0.00878	0.59221	0.00540	0.03149	0.00861	0.03916	0.05122	0.04498	0.03902	0.00383	0.00292	0.00083	0.00462	0.00273	0.00196	0.08146
12	0.00515	0.00564	0.11526	0.00575	0.00685	0.04246	0.00504	0.00654	0.00544	0.00768	0.00793	0.01162	0.00731	0.05429	0.66981	0.00421	0.03105	0.00324	0.00165	0.00308
13	0.00668	0.00651	0.00913	0.00798	0.00806	0.00896	0.00665	0.00745	0.00506	0.00777	0.00536	0.00946	0.00545	0.00669	0.05222	0.00157	0.77144	0.06864	0.00152	0.00340
14	0.00407	0.00314	0.00372	0.00395	0.00461	0.00286	0.00281	0.00513	0.03292	0.00925	0.17900	0.38145	0.32807	0.01896	0.00400	0.00117	0.00173	0.00736	0.00304	0.00276
15	0.00641	0.01604	0.83191	0.00924	0.01386	0.00740	0.05153	0.01005	0.00673	0.01005	0.00573	0.00678	0.00406	0.00300	0.00305	0.00101	0.00472	0.00241	0.00135	0.00467
16	0.00420	0.00318	0.00380	0.00377	0.00451	0.00286	0.00275	0.00525	0.00773	0.01029	0.41967	0.11643	0.30308	0.07615	0.00476	0.00122	0.00172	0.02274	0.00312	0.00276
17	0.00991	0.01043	0.00788	0.00703	0.00874	0.39590	0.00539	0.09496	0.33290	0.01134	0.00862	0.00869	0.00665	0.00375	0.00298	0.00092	0.00396	0.00278	0.07289	0.00429
18	0.00689	0.00563	0.00661	0.00474	0.00754	0.00425	0.00380	0.00830	0.00668	0.04597	0.00592	0.00675	0.00483	0.00241	0.00238	0.00049	0.00236	0.00193	0.00196	0.87055
19	0.05365	0.00836	0.00915	0.09490	0.01076	0.01841	0.00611	0.69378	0.02628	0.02534	0.00739	0.00771	0.00529	0.00370	0.00310	0.00096	0.00349	0.00281	0.01374	0.00506
20	0.00797	0.62493	0.14660	0.05016	0.09617	0.01099	0.00699	0.00954	0.00656	0.00818	0.00482	0.00578	0.00417	0.00279	0.00235	0.00077	0.00367	0.00196	0.00138	0.00423
21	0.00833	0.00415	0.00566	0.00501	0.00640	0.00385	0.00404	0.00967	0.00828	0.34267	0.30497	0.01900	0.02465	0.00802	0.11421	0.00158	0.00304	0.11923	0.00335	0.00389
22	0.78704	0.00601	0.00471	0.00439	0.02063	0.02367	0.00347	0.00920	0.00563	0.01380	0.00505	0.00588	0.00395	0.00302	0.00203	0.00095	0.00244	0.00187	0.09284	0.00342
23	0.00815	0.00875	0.00702	0.00635	0.00776	0.34743	0.02871	0.09421	0.02544	0.00941	0.01369	0.02863	0.23082	0.00755	0.11401	0.00149	0.01107	0.04379	0.00225	0.00347
24	0.00731	0.00727	0.00811	0.00787	0.07487	0.18072	0.03374	0.05688	0.00661	0.00850	0.00648	0.00912	0.00584	0.01207	0.35110	0.02818	0.18726	0.00292	0.00168	0.00346
25	0.00808	0.80125	0.01538	0.00528	0.00780	0.01159	0.00518	0.00914	0.00670	0.00799	0.09112	0.00696	0.00667	0.00309	0.00221	0.00071	0.00320	0.00210	0.00157	0.00396
26	0.00618	0.00576	0.00928	0.79300	0.02048	0.00713	0.00843	0.00898	0.09245	0.00862	0.00637	0.00880	0.00478	0.00329	0.00318	0.00106	0.00406	0.00290	0.00159	0.00367
27	0.00584	0.00410	0.00494	0.00448	0.00557	0.00402	0.00345	0.11589	0.02077	0.05415	0.42528	0.06458	0.17831	0.00775	0.07161	0.00134	0.00241	0.00533	0.01683	0.00335
28	0.00446	0.00324	0.00420	0.00396	0.00472	0.00298	0.00297	0.00593	0.00891	0.01255	0.83259	0.02398	0.06451	0.00655	0.00374	0.00100	0.00150	0.00578	0.00347	0.00298
29	0.00487	0.00380	0.00424	0.00395	0.00505	0.00353	0.00304	0.09089	0.00859	0.01112	0.30677	0.02609	0.47972	0.00711	0.00371	0.00105	0.00179	0.02847	0.00315	0.00306
30	0.00720	0.00776	0.01579	0.01170	0.01425	0.00767	0.64060	0.02262	0.02099	0.01001	0.00780	0.01169	0.01824	0.00374	0.00447	0.00114	0.09315	0.09531	0.00179	0.00406
31	0.02331	0.31495	0.41148	0.00762	0.01123	0.00951	0.03859	0.12974	0.00778	0.01064	0.00553	0.00631	0.00425	0.00301	0.00271	0.00089	0.00406	0.00223	0.00162	0.00454
32	0.00417	0.00297	0.00365	0.00411	0.00461	0.00274	0.00294	0.00498	0.00659	0.00887	0.05364	0.51296	0.19916	0.00867	0.00382	0.00119	0.00183	0.07666	0.09375	0.00268
33	0.00415	0.00326	0.00385	0.00397	0.00479	0.00282	0.00283	0.00496	0.00680	0.00889	0.09442	0.40887	0.33191	0.00818	0.00374	0.00110	0.00178	0.00716	0.00288	0.09365
34	0.00776	0.00748	0.01256	0.01835	0.78225	0.00776	0.00945	0.00952	0.00698	0.01009	0.00579	0.00776	0.00494	0.00310	0.00387	0.00099	0.09212	0.00282	0.00155	0.00487
35	0.00767	0.06243	0.38654	0.00797	0.01114	0.12519	0.07343	0.03795	0.11916	0.03622	0.00943	0.00983	0.09178	0.00373	0.00311	0.00098	0.00411	0.00301	0.00195	0.00437
36	0.00490	0.00377	0.00445	0.00433	0.00532	0.00362	0.00337	0.01971	0.09933	0.01885	0.37731	0.03719	0.28226	0.00701	0.00376	0.00109	0.00187	0.11551	0.00321	0.00316
37	0.09534	0.00525	0.00680	0.00534	0.00758	0.00472	0.00438	0.01394	0.00873	0.70624	0.09767	0.01158	0.00967	0.00409	0.00313	0.00098	0.00256	0.00331	0.00370	0.00498
38	0.00740	0.00826	0.03944	0.16780	0.01714	0.00791	0.64464	0.04824	0.00760	0.01024	0.00631	0.00845	0.00471	0.00282	0.00360	0.00106	0.00505	0.00350	0.00163	0.00420
39	0.09902	0.00634	0.00669	0.00592	0.00765	0.00711	0.00472	0.15665	0.43482	0.03780	0.02259	0.01297	0.00926	0.02183	0.00338	0.00109	0.00263	0.08159	0.07344	0.00449
40	0.00780	0.00866	0.11558	0.07966	0.14149	0.01945	0.30781	0.02638	0.00702	0.06975	0.00618	0.00800	0.00479	0.00346	0.00478	0.00109	0.17897	0.00310	0.00170	0.00431
41	0.09838	0.00805	0.01483	0.01081	0.01366	0.03193	0.58215	0.02461	0.02397	0.01068	0.00615	0.00788	0.00472	0.00282	0.00354	0.00099	0.03113	0.00321	0.00173	0.11877
42	0.00405	0.00308	0.00373	0.00392	0.00458	0.00276	0.00283	0.00499	0.00738	0.00972	0.28754	0.32035	0.30064	0.00821	0.00386	0.00113	0.00168	0.02369	0.00312	0.00275
43	0.00749	0.48554	0.14972	0.00619	0.00875	0.01963	0.02833	0.00973	0.09269	0.01913	0.02718	0.11837	0.00743	0.00394	0.00267	0.00087	0.00334	0.00309	0.00183	0.00407
44	0.07849	0.00553	0.00659	0.00557	0.00718	0.00565	0.04248	0.17141	0.11113	0.13578	0.04306	0.14764	0.06972	0.11010	0.00481	0.00127	0.00271	0.00443	0.00288	0.04356

[dist]
# distance from previous block
# <min> <max>
6	16

[block]
# block no. 6 follows, 90 sequences, length 62
# corresponding to MSA columns:
# 256-317
name=unknown_G
#
# <colnr> <probs for GDERKNQSTAVLIFYWHMCP>
#	G	D	E	R	K	N	Q	S	T	A	V	L	I	F	Y	W	H	M	C	P
0	0.00479	0.00334	0.00410	0.00391	0.00471	0.00316	0.00293	0.01924	0.02818	0.01215	0.60424	0.06508	0.09411	0.00630	0.00352	0.00098	0.00157	0.00550	0.12917	0.00302
1	0.00452	0.00325	0.00413	0.00393	0.00473	0.00296	0.00294	0.00588	0.00861	0.02645	0.69973	0.06323	0.14418	0.00681	0.00375	0.00102	0.00155	0.00597	0.00340	0.00297
2	0.00418	0.00314	0.00388	0.00389	0.00460	0.00283	0.00284	0.00531	0.00795	0.01076	0.48939	0.20404	0.23041	0.00757	0.00381	0.00108	0.00159	0.00665	0.00325	0.00283
3	0.00381	0.00302	0.00344	0.00375	0.00443	0.00264	0.00265	0.00452	0.00677	0.00845	0.04386	0.40076	0.48304	0.00882	0.00388	0.00116	0.00171	0.00768	0.00296	0.00264
4	0.00973	0.04990	0.00835	0.00705	0.00871	0.37826	0.00551	0.07654	0.26329	0.02390	0.01932	0.00946	0.00698	0.00397	0.00332	0.00095	0.04123	0.03528	0.04408	0.00417
5	0.03259	0.04355	0.68971	0.00880	0.01300	0.04827	0.04869	0.05237	0.00723	0.01050	0.01397	0.00685	0.00436	0.00307	0.00299	0.00098	0.00457	0.00241	0.00150	0.00459
6	0.02824	0.00462	0.00616	0.00502	0.00683	0.00409	0.00403	0.01185	0.00891	0.54133	0.30535	0.03406	0.01562	0.00491	0.00337	0.00099	0.00226	0.00416	0.00372	0.00447
7	0.00837	0.71863	0.12595	0.00608	0.00895	0.05822	0.00629	0.00971	0.00659	0.00781	0.00460	0.00536	0.00407	0.00282	0.00232	0.00074	0.01618	0.00181	0.00137	0.00412
8	0.02659	0.06958	0.12325	0.12438	0.11012	0.01957	0.06431	0.25559	0.00896	0.03502	0.00641	0.02355	0.00504	0.00366	0.00397	0.00102	0.10959	0.00284	0.00205	0.00450
9	0.00386	0.00276	0.00368	0.00442	0.00460	0.00258	0.00294	0.00442	0.00607	0.00810	0.01748	0.88646	0.02098	0.00994	0.00405	0.00129	0.00184	0.00902	0.00294	0.00258
10	0.00875	0.00724	0.00766	0.00663	0.00857	0.00829	0.00523	0.18996	0.68850	0.01465	0.01182	0.01097	0.00880	0.00420	0.00322	0.00105	0.00271	0.00344	0.00322	0.00510
11	0.00674	0.00645	0.01042	0.47657	0.34068	0.03153	0.00872	0.00864	0.00677	0.00900	0.01638	0.05209	0.00566	0.00342	0.00320	0.00102	0.00395	0.00314	0.00158	0.00404
12	0.00830	0.81783	0.08769	0.00573	0.00861	0.01212	0.00595	0.00954	0.00647	0.00768	0.00452	0.00522	0.00407	0.00274	0.00212	0.00071	0.00350	0.00175	0.00136	0.00412
13	0.01423	0.00540	0.00736	0.00564	0.00810	0.00466	0.00466	0.01546	0.00908	0.87094	0.01251	0.01080	0.00785	0.00393	0.00319	0.00098	0.00270	0.00319	0.00393	0.00540
14	0.00749	0.00856	0.01872	0.01337	0.01658	0.00802	0.85722	0.01016	0.00749	0.01016	0.00642	0.00856	0.00481	0.00267	0.00374	0.00107	0.00535	0.00374	0.00160	0.00428
15	0.01089	0.00647	0.00866	0.00703	0.00843	0.03289	0.02092	0.02909	0.00737	0.44449	0.00852	0.00890	0.00606	0.00457	0.00627	0.00115	0.37808	0.00298	0.00272	0.00450
16	0.06331	0.00544	0.00721	0.00556	0.00799	0.00480	0.00459	0.01512	0.00888	0.82405	0.01207	0.01049	0.00761	0.00387	0.00312	0.00098	0.00269	0.00311	0.00382	0.00529
17	0.00386	0.00276	0.00368	0.00442	0.00460	0.00258	0.00294	0.00442	0.00607	0.00810	0.01748	0.88646	0.02098	0.00994	0.00405	0.00129	0.00184	0.00902	0.00294	0.00258
18	0.00599	0.00564	0.00951	0.88090	0.02185	0.00705	0.00881	0.00810	0.00634	0.00810	0.00564	0.00846	0.00423	0.00317	0.00317	0.00106	0.00423	0.00282	0.00141	0.00352
19	0.00599	0.00564	0.00951	0.88090	0.02185	0.00705	0.00881	0.00810	0.00634	0.00810	0.00564	0.00846	0.00423	0.00317	0.00317	0.00106	0.00423	0.00282	0.00141	0.00352
20	0.00789	0.00681	0.00717	0.00646	0.00825	0.00789	0.00502	0.01685	0.86301	0.01327	0.01291	0.01183	0.00968	0.00430	0.00323	0.00108	0.00251	0.00359	0.00323	0.00502
21	0.00504	0.00363	0.00502	0.00571	0.00646	0.00360	0.00498	0.00647	0.00730	0.00945	0.01756	0.03552	0.06058	0.00873	0.00435	0.00144	0.00286	0.80549	0.00292	0.00291
22	0.00636	0.01641	0.87209	0.00904	0.01373	0.00737	0.01172	0.01005	0.00670	0.01005	0.00569	0.00670	0.00402	0.00301	0.00301	0.00100	0.00469	0.00234	0.00134	0.00469
23	0.00751	0.00709	0.01200	0.04245	0.76294	0.00712	0.00916	0.00936	0.00729	0.01038	0.04936	0.00991	0.00684	0.00329	0.00323	0.00097	0.00363	0.04097	0.00172	0.00479
24	0.00460	0.00350	0.00523	0.00519	0.00574	0.00413	0.00405	0.00572	0.00509	0.00737	0.00837	0.01230	0.00782	0.02327	0.85148	0.00499	0.03322	0.00338	0.00169	0.00285
25	0.00879	0.00616	0.00706	0.00609	0.00782	0.00651	0.00503	0.37570	0.06170	0.07989	0.09803	0.01865	0.08382	0.00570	0.00358	0.00110	0.00287	0.21402	0.00318	0.00429
26	0.14971	0.00725	0.00849	0.09770	0.05326	0.05549	0.04229	0.22508	0.02431	0.20783	0.00764	0.00796	0.00542	0.00337	0.00292	0.00093	0.00332	0.00266	0.00262	0.09175
27	0.00970	0.01057	0.00809	0.00725	0.00887	0.40858	0.00556	0.05242	0.34872	0.01075	0.05115	0.00919	0.00766	0.00397	0.00340	0.00096	0.04359	0.00291	0.00242	0.00425
28	0.00497	0.00305	0.00336	0.00352	0.00421	0.00290	0.00261	0.00609	0.00673	0.01015	0.04582	0.15074	0.19727	0.04588	0.00368	0.00107	0.00175	0.07241	0.43100	0.00279
29	0.00616	0.00581	0.00982	0.80237	0.09905	0.00709	0.00889	0.00825	0.00642	0.00831	0.00567	0.00840	0.00430	0.00314	0.00317	0.00105	0.00419	0.00282	0.00142	0.00366
30	0.00390	0.00289	0.00362	0.00413	0.00452	0.00263	0.00282	0.00455	0.00646	0.00845	0.07552	0.64432	0.18803	0.02706	0.00421	0.00126	0.00180	0.00826	0.00296	0.00261
31	0.00387	0.00322	0.00337	0.00333	0.00434	0.00273	0.00249	0.00476	0.00744	0.00914	0.15415	0.02935	0.72973	0.02318	0.00396	0.00110	0.00162	0.00652	0.00301	0.00271
32	0.00412	0.00296	0.00397	0.00469	0.00501	0.00280	0.00339	0.00487	0.00635	0.00840	0.01762	0.69064	0.03700	0.00965	0.00411	0.00132	0.00206	0.18542	0.00294	0.00265
33	0.00534	0.00334	0.00378	0.00375	0.00451	0.00326	0.00277	0.05433	0.00747	0.01131	0.17660	0.19359	0.09775	0.00624	0.01694	0.00101	0.00179	0.00508	0.39811	0.00300
34	0.00886	0.00411	0.00483	0.00414	0.00554	0.00393	0.00328	0.04963	0.02644	0.28889	0.04755	0.01181	0.00888	0.00391	0.00266	0.00085	0.00199	0.00316	0.51565	0.00390
35	0.01031	0.15550	0.07938	0.00756	0.00964	0.54616	0.00631	0.01252	0.12678	0.00866	0.00600	0.00654	0.00485	0.00330	0.00279	0.00085	0.00482	0.00223	0.00179	0.00401
36	0.01143	0.00956	0.09127	0.00745	0.01017	0.00956	0.00655	0.76080	0.03121	0.01891	0.00754	0.00761	0.00535	0.00374	0.00316	0.00096	0.00358	0.00282	0.00300	0.00532
37	0.00637	0.00529	0.00581	0.00556	0.00690	0.00581	0.00432	0.01197	0.50124	0.01149	0.03626	0.11519	0.13942	0.00608	0.00354	0.00114	0.00231	0.11023	0.01701	0.00406
38	0.02825	0.00849	0.00920	0.00708	0.00959	0.00929	0.00584	0.75427	0.02559	0.09800	0.00808	0.00792	0.00564	0.00381	0.00315	0.00096	0.00339	0.00288	0.00322	0.00535
39	0.02636	0.00834	0.01071	0.25082	0.32411	0.14780	0.03158	0.11332	0.00816	0.01057	0.00588	0.00757	0.00465	0.00309	0.00307	0.00094	0.00415	0.00267	0.00175	0.03446
40	0.00403	0.00318	0.00365	0.00367	0.00452	0.00279	0.00272	0.00505	0.00766	0.00989	0.30388	0.13288	0.47230	0.00777	0.00380	0.00108	0.00163	0.02362	0.00312	0.00277
41	0.00375	0.00319	0.00324	0.00327	0.00430	0.00267	0.00243	0.00455	0.00718	0.00855	0.03145	0.07058	0.82784	0.00812	0.00376	0.00108	0.00162	0.00680	0.00295	0.00267
42	0.10900	0.03403	0.15336	0.00593	0.00882	0.00597	0.00560	0.08213	0.01704	0.28059	0.00787	0.00786	0.00552	0.00317	0.00275	0.00083	0.00299	0.00244	0.00254	0.26153
43	0.00855	0.00558	0.00678	0.00494	0.00767	0.00434	0.00399	0.00991	0.00722	0.23174	0.00741	0.00766	0.00551	0.00275	0.00257	0.00060	0.00244	0.00222	0.00241	0.67573
44	0.00385	0.00323	0.00335	0.00340	0.00439	0.00276	0.00252	0.00478	0.01925	0.00878	0.06797	0.10231	0.74637	0.00807	0.00377	0.00109	0.00163	0.00680	0.00297	0.00272
45	0.00661	0.00640	0.01125	0.57612	0.24123	0.00727	0.08839	0.00872	0.00668	0.00888	0.00580	0.00831	0.00449	0.00304	0.00322	0.00103	0.00421	0.00291	0.00147	0.00398
46	0.01206	0.00888	0.00952	0.00730	0.00984	0.00984	0.00603	0.85816	0.01491	0.01999	0.00762	0.00762	0.00539	0.00381	0.00317	0.00095	0.00349	0.00286	0.00317	0.00539
47	0.00599	0.00564	0.00951	0.88090	0.02185	0.00705	0.00881	0.00810	0.00634	0.00810	0.00564	0.00846	0.00423	0.00317	0.00317	0.00106	0.00423	0.00282	0.00141	0.00352
48	0.00627	0.00365	0.00371	0.00358	0.00451	0.00384	0.00272	0.00908	0.15985	0.01208	0.01081	0.01183	0.00841	0.00380	0.00240	0.00080	0.00166	0.00307	0.74461	0.00333
49	0.00402	0.00288	0.00377	0.00439	0.00466	0.00270	0.00302	0.00464	0.00620	0.00822	0.03947	0.70593	0.05949	0.06598	0.00483	0.00140	0.00198	0.07097	0.00289	0.00258
50	0.14642	0.00419	0.00497	0.02724	0.00625	0.00415	0.00373	0.01477	0.02726	0.16404	0.02876	0.31669	0.05300	0.05067	0.00408	0.00124	0.00235	0.10089	0.01430	0.02498
51	0.00418	0.00320	0.00384	0.00381	0.00461	0.00286	0.00284	0.00534	0.00803	0.01071	0.46439	0.11140	0.32557	0.00744	0.00379	0.00106	0.00161	0.02926	0.00323	0.00284
52	0.00634	0.00612	0.00949	0.82900	0.02113	0.04720	0.00865	0.01960	0.00658	0.00825	0.00563	0.00832	0.00424	0.00318	0.00316	0.00104	0.00429	0.00278	0.00144	0.00356
53	0.00468	0.00342	0.00420	0.00395	0.00481	0.00319	0.00298	0.02491	0.02596	0.01223	0.66568	0.02355	0.15273	0.00648	0.00365	0.00100	0.00158	0.00564	0.04632	0.00304
54	0.07089	0.00579	0.00695	0.04449	0.00834	0.00501	0.00434	0.06383	0.00770	0.24633	0.00760	0.00783	0.00553	0.00296	0.00264	0.00070	0.00260	0.00234	0.01040	0.49373
55	0.09885	0.00551	0.00707	0.00553	0.00786	0.00502	0.00454	0.04604	0.00885	0.73030	0.01172	0.03812	0.00776	0.00402	0.00310	0.00099	0.00268	0.00322	0.00368	0.00512
56	0.00639	0.00539	0.00628	0.00458	0.00713	0.00412	0.00358	0.00767	0.00639	0.00994	0.00605	0.00792	0.00535	0.08638	0.00366	0.00072	0.00242	0.00214	0.00188	0.82200
57	0.00982	0.00803	0.00864	0.04636	0.00977	0.05786	0.03094	0.37123	0.34119	0.03484	0.01923	0.01923	0.00740	0.00399	0.00320	0.00100	0.00325	0.00321	0.00298	0.01784
58	0.00737	0.19951	0.14300	0.00619	0.00842	0.09694	0.02298	0.02068	0.06231	0.04627	0.07606	0.03392	0.13169	0.00443	0.00339	0.00092	0.05170	0.01373	0.00213	0.06836
59	0.04132	0.29126	0.31569	0.00773	0.04569	0.01861	0.04901	0.06445	0.03318	0.04705	0.02624	0.02259	0.00552	0.01527	0.00294	0.00093	0.00382	0.00253	0.00177	0.00440
60	0.00723	0.28831	0.51901	0.00824	0.01213	0.02798	0.07650	0.00994	0.00673	0.00920	0.00533	0.00632	0.00410	0.00290	0.00276	0.00090	0.00436	0.00225	0.00137	0.00444
61	0.00454	0.00354	0.00398	0.00396	0.00500	0.00322	0.00309	0.00605	0.05747	0.02839	0.18007	0.02850	0.52850	0.00755	0.00379	0.00111	0.00185	0.12335	0.00308	0.00296

[dist]
# distance from previous block
# <min> <max>
0	2

[block]
# block no. 7 follows, 90 sequences, length 8
# corresponding to MSA columns:
# 320-327
name=unknown_H
#
# <colnr> <probs for GDERKNQSTAVLIFYWHMCP>
#	G	D	E	R	K	N	Q	S	T	A	V	L	I	F	Y	W	H	M	C	P
0	0.00553	0.00407	0.00447	0.00419	0.00526	0.04142	0.00319	0.00697	0.03898	0.08667	0.38877	0.04514	0.32117	0.00672	0.00366	0.00103	0.00190	0.02445	0.00322	0.00319
1	0.00417	0.00292	0.00385	0.00447	0.00477	0.00277	0.00314	0.00490	0.00633	0.00856	0.05911	0.65685	0.02009	0.05256	0.00460	0.00136	0.00201	0.11555	0.03936	0.00262
2	0.05499	0.00885	0.12537	0.10188	0.08563	0.07801	0.10006	0.16455	0.03593	0.06963	0.02911	0.00849	0.00583	0.01428	0.00375	0.00103	0.06366	0.00289	0.04170	0.00435
3	0.03687	0.09896	0.02588	0.06204	0.16396	0.14274	0.02014	0.07308	0.08105	0.03369	0.02405	0.06094	0.00719	0.03429	0.03988	0.00123	0.06341	0.02448	0.00204	0.00406
4	0.00565	0.00390	0.00469	0.00424	0.00533	0.00371	0.00326	0.06749	0.04259	0.06442	0.53480	0.02231	0.18836	0.00628	0.00361	0.00100	0.00177	0.00540	0.02787	0.00333
5	0.10831	0.00425	0.00486	0.00429	0.00568	0.00412	0.00336	0.04210	0.00764	0.26199	0.06792	0.11679	0.04336	0.00478	0.00289	0.00094	0.00207	0.00393	0.30695	0.00376
6	0.04139	0.02242	0.13069	0.09491	0.38910	0.02773	0.02879	0.08611	0.07298	0.03796	0.00701	0.00880	0.00559	0.00331	0.00312	0.00099	0.00379	0.02869	0.00192	0.00469
7	0.00771	0.05894	0.04305	0.11892	0.46194	0.03560	0.08716	0.03549	0.00740	0.03298	0.00754	0.02425	0.04022	0.00339	0.00319	0.00097	0.00387	0.02113	0.00176	0.00450

[dist]
# distance from previous block
# <min> <max>
9	52

[block]
# block no. 8 follows, 90 sequences, length 26
# corresponding to MSA columns:
# 391-416
name=unknown_I
#
# <colnr> <probs for GDERKNQSTAVLIFYWHMCP>
#	G	D	E	R	K	N	Q	S	T	A	V	L	I	F	Y	W	H	M	C	P
0	0.02089	0.00498	0.01416	0.00539	0.00670	0.05185	0.03042	0.02076	0.00734	0.29116	0.02729	0.25791	0.08810	0.04932	0.08226	0.00155	0.02810	0.00517	0.00293	0.00372
1	0.00793	0.10987	0.07398	0.06363	0.15668	0.08153	0.11371	0.09286	0.05352	0.02546	0.05575	0.03600	0.01461	0.00433	0.01956	0.00107	0.03165	0.05159	0.00205	0.00422
2	0.00780	0.00758	0.07964	0.30927	0.24868	0.01985	0.07916	0.07144	0.01819	0.07671	0.01658	0.00879	0.01960	0.00330	0.00334	0.00101	0.01983	0.00299	0.00186	0.00437
3	0.00388	0.00318	0.00342	0.00344	0.00439	0.00272	0.00255	0.00478	0.00742	0.00921	0.16794	0.10140	0.65879	0.00794	0.00377	0.00108	0.00161	0.00673	0.00304	0.00272
4	0.01120	0.00490	0.00629	0.00508	0.00700	0.00446	0.00410	0.05931	0.02177	0.54832	0.09820	0.03993	0.03642	0.00446	0.00315	0.00096	0.00238	0.00369	0.13375	0.00463
5	0.01508	0.07643	0.29477	0.07133	0.20286	0.05752	0.09615	0.02766	0.00715	0.01809	0.01807	0.05865	0.01951	0.00386	0.01851	0.00105	0.00423	0.00309	0.00166	0.00434
6	0.00841	0.07779	0.20298	0.02221	0.17763	0.10904	0.04163	0.07323	0.04476	0.07995	0.05251	0.03587	0.00704	0.03007	0.00363	0.00102	0.02273	0.00304	0.00204	0.00442
7	0.01142	0.00789	0.00856	0.00668	0.00900	0.00861	0.00548	0.65796	0.05837	0.09138	0.00858	0.00852	0.00610	0.00383	0.00308	0.00094	0.00317	0.00293	0.09234	0.00513
8	0.20389	0.17944	0.12771	0.01462	0.10950	0.22141	0.01823	0.03093	0.01561	0.01026	0.00531	0.00626	0.00429	0.00304	0.00256	0.00087	0.00394	0.00214	0.03595	0.00403
9	0.41865	0.00600	0.00728	0.39973	0.01345	0.00724	0.00612	0.02809	0.00608	0.02670	0.00517	0.00689	0.00396	0.00322	0.00300	0.00104	0.04974	0.00232	0.00175	0.00356
10	0.01168	0.05878	0.00937	0.00803	0.00972	0.83273	0.00609	0.01251	0.00886	0.00775	0.00488	0.00569	0.00409	0.00324	0.00282	0.00081	0.00560	0.00203	0.00162	0.00370
11	0.06132	0.00308	0.00392	0.00458	0.00494	0.00300	0.00325	0.00500	0.00618	0.00866	0.01657	0.72486	0.01953	0.00935	0.00396	0.00129	0.00201	0.11295	0.00288	0.00267
12	0.00611	0.00576	0.00973	0.82648	0.07535	0.00708	0.00887	0.00821	0.00640	0.00825	0.00566	0.00842	0.00428	0.00315	0.00317	0.00105	0.00420	0.00282	0.00142	0.00362
13	0.00634	0.00582	0.00939	0.44258	0.25216	0.00655	0.00790	0.00866	0.06061	0.00942	0.06723	0.05789	0.02304	0.00397	0.00329	0.00105	0.00360	0.02472	0.00186	0.00391
14	0.06114	0.00554	0.00717	0.00556	0.00793	0.00501	0.00458	0.06021	0.00911	0.74849	0.01174	0.01036	0.00750	0.00386	0.00309	0.00097	0.00268	0.00309	0.03677	0.00521
15	0.00398	0.00295	0.00374	0.00433	0.00470	0.00275	0.00298	0.00481	0.02709	0.00834	0.01952	0.71220	0.14586	0.00948	0.00399	0.00126	0.00186	0.03454	0.00295	0.00266
16	0.00410	0.00278	0.00360	0.00425	0.00450	0.00262	0.00286	0.00475	0.00614	0.00852	0.01668	0.78757	0.01953	0.00923	0.00384	0.00123	0.00180	0.00833	0.10506	0.00262
17	0.00568	0.00405	0.00521	0.00545	0.00633	0.00414	0.00447	0.04314	0.09607	0.03223	0.12728	0.13972	0.01795	0.00812	0.02757	0.00139	0.00269	0.44169	0.02356	0.00327
18	0.00482	0.00312	0.00381	0.00411	0.00451	0.00304	0.00279	0.01653	0.02026	0.03183	0.01468	0.45587	0.04357	0.19196	0.03669	0.00169	0.00234	0.01831	0.13740	0.00267
19	0.00643	0.04326	0.84581	0.00893	0.01356	0.00753	0.01153	0.01003	0.00669	0.00997	0.00565	0.00665	0.00402	0.00300	0.00298	0.00099	0.00465	0.00232	0.00134	0.00467
20	0.01156	0.00596	0.00730	0.00591	0.00800	0.00588	0.00476	0.19372	0.11421	0.46413	0.03519	0.10960	0.00963	0.00470	0.00330	0.00102	0.00272	0.00389	0.00356	0.00497
21	0.00584	0.00356	0.00441	0.00441	0.00529	0.00345	0.00344	0.02135	0.02887	0.08706	0.13878	0.15540	0.09813	0.00770	0.05858	0.00133	0.00242	0.15504	0.21177	0.00317
22	0.00783	0.00605	0.00880	0.18185	0.23030	0.00668	0.00672	0.13667	0.00784	0.06964	0.00738	0.00916	0.00583	0.00583	0.10310	0.00145	0.06654	0.00293	0.13124	0.00415
23	0.00637	0.00388	0.00495	0.00473	0.00564	0.00373	0.00361	0.05214	0.02619	0.13244	0.26765	0.15961	0.03433	0.11678	0.00555	0.02589	0.00231	0.13788	0.00309	0.00324
24	0.00809	0.00939	0.05523	0.01110	0.04844	0.16551	0.49104	0.02202	0.02121	0.01927	0.00669	0.00881	0.00532	0.02306	0.04976	0.00126	0.00518	0.01081	0.03375	0.00407
25	0.00971	0.03760	0.02003	0.00912	0.02501	0.33223	0.19227	0.10851	0.01606	0.04000	0.00638	0.00849	0.00531	0.00380	0.00423	0.00101	0.12943	0.04484	0.00192	0.00406

[dist]
# distance from previous block
# <min> <max>
4	9

[block]
# block no. 9 follows, 90 sequences, length 63
# corresponding to MSA columns:
# 435-497
name=unknown_J
#
# <colnr> <probs for GDERKNQSTAVLIFYWHMCP>
#	G	D	E	R	K	N	Q	S	T	A	V	L	I	F	Y	W	H	M	C	P
0	0.08075	0.14204	0.09953	0.00609	0.01963	0.02541	0.00545	0.11447	0.10438	0.17428	0.08300	0.01048	0.03816	0.00389	0.00292	0.00092	0.00298	0.01463	0.00263	0.06838
1	0.08558	0.34253	0.01186	0.00763	0.09673	0.17972	0.01199	0.13003	0.04151	0.01801	0.00559	0.00626	0.00459	0.00306	0.00255	0.00081	0.00375	0.00215	0.00186	0.04380
2	0.03916	0.02554	0.01134	0.00864	0.01086	0.00713	0.33253	0.05334	0.25620	0.05119	0.07038	0.04325	0.02837	0.00485	0.04148	0.00123	0.00382	0.00390	0.00248	0.00431
3	0.02848	0.06998	0.17071	0.04540	0.05930	0.01581	0.03816	0.10470	0.05833	0.07791	0.04167	0.00813	0.00613	0.00316	0.00285	0.00083	0.00330	0.00258	0.00214	0.26043
4	0.00455	0.03470	0.00515	0.00477	0.03800	0.00364	0.04039	0.00575	0.01992	0.00952	0.17493	0.08548	0.49139	0.00714	0.00368	0.00106	0.00200	0.04366	0.00286	0.02143
5	0.00663	0.00514	0.00599	0.01648	0.00698	0.02254	0.02070	0.05147	0.03669	0.07881	0.07727	0.05780	0.21450	0.00485	0.00311	0.00083	0.00235	0.02539	0.00259	0.35991
6	0.00690	0.05225	0.22233	0.13195	0.18061	0.00646	0.01780	0.00924	0.03207	0.05148	0.05417	0.05446	0.00747	0.00371	0.00308	0.00094	0.00353	0.03194	0.00191	0.12770
7	0.00675	0.00525	0.00621	0.00485	0.00715	0.00426	0.00381	0.01363	0.05976	0.06616	0.00874	0.12878	0.01809	0.00384	0.00276	0.00069	0.00232	0.02257	0.00229	0.63208
8	0.00814	0.73885	0.14743	0.00614	0.00917	0.01167	0.02376	0.00960	0.00650	0.00791	0.00465	0.00540	0.00408	0.00276	0.00222	0.00074	0.00363	0.00184	0.00136	0.00417
9	0.00549	0.00277	0.00415	0.00415	0.00416	0.00278	0.00278	0.00416	0.00415	0.00555	0.00557	0.00970	0.00556	0.01127	0.02911	0.89025	0.00287	0.00277	0.00138	0.00141
10	0.00636	0.01310	0.58534	0.00938	0.01324	0.00695	0.18180	0.00951	0.00694	0.01001	0.02529	0.03420	0.01809	0.00368	0.00331	0.00106	0.00451	0.06126	0.00161	0.00436
11	0.00632	0.00438	0.00501	0.00468	0.00580	0.03366	0.00356	0.01953	0.11437	0.12175	0.32574	0.14871	0.15879	0.00656	0.00363	0.00107	0.00205	0.02762	0.00326	0.00349
12	0.00489	0.00348	0.00482	0.00509	0.04266	0.00357	0.00353	0.00588	0.00630	0.03875	0.19016	0.12969	0.05614	0.14183	0.34542	0.00294	0.00464	0.00492	0.00240	0.00288
13	0.00414	0.00323	0.00358	0.00374	0.00455	0.00292	0.00271	0.00532	0.04431	0.00914	0.08996	0.27062	0.47721	0.00805	0.00372	0.00111	0.00170	0.00693	0.05427	0.00279
14	0.09722	0.02494	0.01706	0.29173	0.09899	0.00707	0.06706	0.08136	0.03046	0.06983	0.00763	0.07302	0.00652	0.00407	0.00368	0.00107	0.06633	0.03275	0.01523	0.00397
15	0.01828	0.08449	0.23626	0.03671	0.23962	0.10834	0.06427	0.07671	0.02635	0.02195	0.02467	0.03109	0.01068	0.00334	0.00306	0.00095	0.00413	0.00284	0.00178	0.00450
16	0.00570	0.00471	0.00521	0.00507	0.00624	0.00499	0.00387	0.01006	0.37437	0.01088	0.08212	0.17281	0.22582	0.00671	0.00362	0.00113	0.00212	0.06774	0.00311	0.00371
17	0.06501	0.00543	0.00710	0.00553	0.00787	0.00489	0.00455	0.02742	0.02970	0.75076	0.04924	0.01101	0.00857	0.00399	0.00314	0.00098	0.00264	0.00322	0.00377	0.00517
18	0.05946	0.17865	0.01603	0.11170	0.09024	0.22546	0.04011	0.08140	0.02394	0.02697	0.01939	0.00866	0.06704	0.00361	0.00313	0.00091	0.03469	0.00272	0.00188	0.00399
19	0.03867	0.00731	0.12357	0.02263	0.20495	0.01755	0.04420	0.08449	0.00799	0.11622	0.05793	0.10678	0.01025	0.00496	0.00350	0.00108	0.01151	0.12974	0.00244	0.00423
20	0.00398	0.00326	0.00355	0.00365	0.00462	0.00282	0.00281	0.00491	0.00733	0.00899	0.09367	0.05984	0.66687	0.00807	0.00384	0.00112	0.00177	0.11318	0.00298	0.00273
21	0.00520	0.00417	0.00631	0.00649	0.08256	0.00397	0.08077	0.00679	0.03794	0.02868	0.32177	0.24003	0.09157	0.00696	0.01070	0.00114	0.00234	0.05638	0.00292	0.00327
22	0.01453	0.00787	0.04985	0.08501	0.18946	0.00779	0.16199	0.25058	0.03871	0.08217	0.01677	0.00881	0.01522	0.00344	0.00339	0.00099	0.02171	0.00311	0.03388	0.00472
