[name]
unknown

[dist]
# distance from previous block
# <min> <max>
0	566

[block]
# block no. 0 follows, 66 sequences, length 25
# corresponding to MSA columns:
# 631-651,653-656
name=unknown_A
#
# <colnr> <probs for GDERKNQSTAVLIFYWHMCP>
#	G	D	E	R	K	N	Q	S	T	A	V	L	I	F	Y	W	H	M	C	P
0	0.00511	0.00374	0.00478	0.00551	0.00598	0.00346	0.00385	0.00597	0.00817	0.01071	0.05336	0.61904	0.13979	0.04058	0.00567	0.00169	0.00246	0.07306	0.00374	0.00334
1	0.00744	0.00458	0.00587	0.00536	0.00665	0.00417	0.00407	0.00930	0.02466	0.12985	0.58086	0.05845	0.11234	0.02218	0.00495	0.00134	0.00221	0.00709	0.00441	0.00422
2	0.00776	0.00461	0.00530	0.00499	0.00625	0.00434	0.00372	0.03277	0.02866	0.09443	0.13123	0.14034	0.15094	0.05424	0.00493	0.00136	0.00239	0.00627	0.28448	0.03100
3	0.57185	0.00882	0.00802	0.07246	0.04941	0.08095	0.00602	0.01187	0.00750	0.01562	0.00619	0.00774	0.00498	0.00421	0.00397	0.00129	0.09405	0.00262	0.03793	0.00451
4	0.08078	0.36304	0.01400	0.00705	0.01007	0.02587	0.00625	0.14754	0.04176	0.11399	0.01026	0.02796	0.04314	0.00451	0.00328	0.00105	0.00386	0.00329	0.02980	0.06250
5	0.05054	0.00679	0.00729	0.00694	0.03925	0.07258	0.00507	0.10766	0.02358	0.05979	0.41832	0.08520	0.08606	0.00742	0.00445	0.00128	0.00297	0.00632	0.00396	0.00453
6	0.02609	0.11650	0.16519	0.04554	0.08447	0.28786	0.02724	0.04345	0.01007	0.01206	0.06650	0.05034	0.00888	0.00510	0.01780	0.00124	0.00559	0.00363	0.00230	0.02014
7	0.59131	0.03607	0.09641	0.00668	0.00961	0.02738	0.02219	0.07533	0.00844	0.03867	0.00688	0.00779	0.00521	0.00394	0.00291	0.00122	0.00369	0.00259	0.04884	0.00485
8	0.01059	0.04806	0.03938	0.15651	0.15348	0.10263	0.14751	0.08129	0.07297	0.03064	0.00817	0.01013	0.00642	0.00443	0.00521	0.00131	0.10973	0.00370	0.00234	0.00548
9	0.00668	0.00433	0.00520	0.00525	0.00598	0.00411	0.00357	0.00789	0.04708	0.08185	0.08097	0.29267	0.14280	0.28147	0.00990	0.00226	0.00292	0.00799	0.00353	0.00355
10	0.00966	0.19469	0.09393	0.11802	0.19003	0.04709	0.06559	0.05755	0.05362	0.01246	0.01050	0.04377	0.06307	0.00471	0.00399	0.00121	0.01841	0.00397	0.00232	0.00541
11	0.01109	0.08808	0.23032	0.00965	0.04201	0.02855	0.05486	0.14027	0.05174	0.12774	0.05461	0.01203	0.03288	0.01415	0.00406	0.00120	0.00452	0.00375	0.00298	0.08553
12	0.00894	0.00470	0.00618	0.00581	0.00709	0.00423	0.00430	0.01019	0.00983	0.24392	0.23980	0.31231	0.06251	0.05396	0.00556	0.00154	0.00261	0.00786	0.00424	0.00442
13	0.00571	0.00404	0.00466	0.00481	0.00516	0.00393	0.00305	0.01939	0.00708	0.00924	0.01908	0.18034	0.14648	0.51035	0.04268	0.00311	0.00359	0.02145	0.00295	0.00290
14	0.04328	0.14690	0.06896	0.04733	0.08419	0.13484	0.06313	0.10098	0.13424	0.12273	0.00972	0.01018	0.00726	0.00431	0.00376	0.00119	0.00484	0.00344	0.00291	0.00584
15	0.00890	0.00840	0.01408	0.26569	0.48540	0.00910	0.01123	0.01126	0.00872	0.01217	0.03911	0.01132	0.00750	0.00550	0.04919	0.00156	0.03951	0.00379	0.00204	0.00553
16	0.00660	0.00440	0.00539	0.00533	0.00642	0.00400	0.00391	0.03274	0.00993	0.08333	0.26132	0.29823	0.24336	0.00987	0.00483	0.00142	0.00231	0.00863	0.00409	0.00391
17	0.05843	0.03031	0.16128	0.13101	0.06856	0.06091	0.07736	0.05637	0.07133	0.22911	0.01029	0.01089	0.00723	0.00432	0.00395	0.00127	0.00485	0.00363	0.00301	0.00590
18	0.01193	0.07640	0.01249	0.05482	0.19751	0.03551	0.03379	0.09869	0.17817	0.17594	0.03499	0.01343	0.04849	0.00488	0.00402	0.00124	0.00411	0.00414	0.00337	0.00607
19	0.00567	0.00391	0.00491	0.00530	0.00604	0.00353	0.00373	0.00667	0.00885	0.05085	0.15094	0.50936	0.20294	0.01113	0.00498	0.00151	0.00227	0.00988	0.00393	0.00358
20	0.01132	0.01270	0.01437	0.01166	0.01365	0.30356	0.21926	0.03438	0.00956	0.02547	0.03010	0.02761	0.00736	0.03967	0.00717	0.00146	0.21975	0.00392	0.00222	0.00479
21	0.01147	0.01061	0.13319	0.01397	0.28733	0.04041	0.00948	0.11154	0.05077	0.16252	0.05461	0.05785	0.02789	0.00505	0.00412	0.00126	0.00437	0.00435	0.00313	0.00607
22	0.01002	0.00971	0.01687	0.02449	0.78877	0.00967	0.05547	0.01248	0.00926	0.01324	0.00766	0.01009	0.00641	0.00360	0.00406	0.00121	0.00493	0.00368	0.00201	0.00638
23	0.04354	0.01283	0.01352	0.01122	0.04670	0.22784	0.12609	0.33972	0.03345	0.04735	0.00854	0.00942	0.00641	0.00453	0.00450	0.00123	0.05065	0.00353	0.00303	0.00587
24	0.61462	0.03596	0.00843	0.00718	0.02692	0.13382	0.03330	0.05587	0.00853	0.01677	0.02363	0.00759	0.00550	0.00396	0.00293	0.00121	0.00401	0.00257	0.00252	0.00467

[dist]
# distance from previous block
# <min> <max>
0	1

[block]
# block no. 1 follows, 66 sequences, length 10
# corresponding to MSA columns:
# 658-667
name=unknown_B
#
# <colnr> <probs for GDERKNQSTAVLIFYWHMCP>
#	G	D	E	R	K	N	Q	S	T	A	V	L	I	F	Y	W	H	M	C	P
0	0.00590	0.00393	0.00442	0.00442	0.00442	0.00393	0.00246	0.00590	0.00590	0.00787	0.01278	0.02655	0.01475	0.85742	0.02065	0.00393	0.00393	0.00590	0.00246	0.00246
1	0.01203	0.41385	0.16525	0.00867	0.03014	0.03125	0.00850	0.12772	0.03407	0.12101	0.00825	0.00864	0.00630	0.00402	0.00333	0.00107	0.00458	0.00289	0.00257	0.00586
2	0.00744	0.00508	0.00574	0.00583	0.00667	0.03741	0.00420	0.02384	0.05070	0.07151	0.03105	0.30211	0.04733	0.17927	0.03117	0.00209	0.00332	0.07941	0.10204	0.00379
3	0.00953	0.00517	0.00652	0.00599	0.00757	0.00475	0.00454	0.03323	0.04588	0.26035	0.13023	0.28827	0.16373	0.00885	0.00465	0.00141	0.00267	0.00769	0.00426	0.00471
4	0.00526	0.00391	0.00441	0.00462	0.00534	0.00355	0.00314	0.00604	0.00819	0.01056	0.07902	0.23893	0.35450	0.21307	0.00861	0.00203	0.00256	0.00842	0.03463	0.00320
5	0.00606	0.00393	0.00441	0.00451	0.00544	0.00366	0.00332	0.00751	0.00911	0.01331	0.17957	0.14122	0.22921	0.03471	0.00467	0.00134	0.00212	0.03018	0.31214	0.00359
6	0.00788	0.00509	0.00634	0.00599	0.00723	0.00500	0.00447	0.04453	0.09002	0.11481	0.28691	0.23225	0.06441	0.04955	0.05483	0.00181	0.00308	0.00738	0.00404	0.00436
7	0.77251	0.00830	0.00677	0.00586	0.00846	0.00956	0.00483	0.11714	0.00849	0.01916	0.00618	0.00700	0.00472	0.00391	0.00271	0.00125	0.00331	0.00239	0.00271	0.00472
8	0.01205	0.33043	0.08893	0.00908	0.01212	0.26967	0.04982	0.05052	0.01013	0.04753	0.05541	0.00911	0.00750	0.00424	0.00371	0.00107	0.02821	0.00301	0.00227	0.00518
9	0.00699	0.00542	0.00583	0.00576	0.00647	0.04800	0.00395	0.09243	0.00912	0.01197	0.12852	0.30837	0.05294	0.28411	0.00992	0.00225	0.00327	0.00772	0.00338	0.00356

[dist]
# distance from previous block
# <min> <max>
11	25

[block]
# block no. 2 follows, 66 sequences, length 6
# corresponding to MSA columns:
# 696-701
name=unknown_C
#
# <colnr> <probs for GDERKNQSTAVLIFYWHMCP>
#	G	D	E	R	K	N	Q	S	T	A	V	L	I	F	Y	W	H	M	C	P
0	0.04902	0.00699	0.02811	0.00649	0.00889	0.02605	0.00511	0.06142	0.03283	0.08057	0.01309	0.27844	0.01309	0.00653	0.00390	0.00111	0.00312	0.00560	0.00319	0.36645
1	0.00691	0.00507	0.00596	0.00533	0.00693	0.00449	0.00401	0.05018	0.00994	0.04278	0.24650	0.13828	0.21571	0.04586	0.00510	0.00133	0.00249	0.00681	0.03070	0.16562
2	0.00944	0.00823	0.01178	0.04951	0.01280	0.00779	0.14976	0.03821	0.13347	0.05038	0.00954	0.03123	0.00766	0.00415	0.00432	0.00104	0.05632	0.00363	0.00274	0.40800
3	0.00873	0.00786	0.00777	0.00725	0.00901	0.07582	0.00551	0.01565	0.46479	0.01478	0.11494	0.12075	0.11585	0.00717	0.00437	0.00137	0.00315	0.00607	0.00391	0.00523
4	0.00608	0.00472	0.00714	0.00664	0.00750	0.00500	0.07079	0.00733	0.00696	0.00974	0.01375	0.06610	0.06518	0.20166	0.46616	0.00474	0.00768	0.00537	0.03396	0.00350
5	0.00644	0.00449	0.00515	0.00506	0.00610	0.00429	0.00364	0.00832	0.07461	0.05172	0.13267	0.15014	0.28126	0.14520	0.03615	0.00195	0.00283	0.00737	0.06886	0.00375

[dist]
# distance from previous block
# <min> <max>
4	19

[block]
# block no. 3 follows, 66 sequences, length 8
# corresponding to MSA columns:
# 732-739
name=unknown_D
#
# <colnr> <probs for GDERKNQSTAVLIFYWHMCP>
#	G	D	E	R	K	N	Q	S	T	A	V	L	I	F	Y	W	H	M	C	P
0	0.13739	0.12087	0.08431	0.02617	0.07277	0.05174	0.02664	0.01305	0.12880	0.03659	0.01003	0.01137	0.02460	0.01934	0.03324	0.00142	0.05665	0.00346	0.12171	0.01985
1	0.00963	0.13203	0.41493	0.01198	0.10239	0.04248	0.04656	0.04699	0.12924	0.01346	0.00855	0.00951	0.00647	0.00405	0.00378	0.00122	0.00526	0.00327	0.00223	0.00596
2	0.00522	0.00414	0.00521	0.07665	0.00763	0.00390	0.00416	0.00638	0.00883	0.01135	0.13335	0.37092	0.32654	0.01049	0.00489	0.00147	0.00244	0.00920	0.00369	0.00352
3	0.03726	0.00717	0.05100	0.00801	0.09468	0.04205	0.02659	0.05500	0.00982	0.13512	0.05049	0.01379	0.01026	0.00521	0.02013	0.00120	0.00336	0.00387	0.42009	0.00490
4	0.01057	0.06677	0.29194	0.00940	0.01346	0.09674	0.03125	0.11536	0.05442	0.04534	0.00819	0.00905	0.00618	0.00399	0.00383	0.00109	0.02181	0.00304	0.00247	0.20510
5	0.01426	0.01694	0.01179	0.01115	0.06316	0.63134	0.00809	0.08419	0.05516	0.01183	0.00715	0.00819	0.00583	0.00443	0.00424	0.00113	0.05078	0.00292	0.00235	0.00508
6	0.00519	0.00386	0.00483	0.00516	0.00586	0.00350	0.00365	0.00637	0.00933	0.01249	0.30132	0.41103	0.19110	0.01072	0.00497	0.00147	0.00214	0.00951	0.00400	0.00350
7	0.00819	0.00740	0.04140	0.00714	0.00890	0.00769	0.00575	0.05273	0.35734	0.01406	0.05042	0.02120	0.17211	0.08608	0.07673	0.00206	0.05131	0.02098	0.00351	0.00499

[dist]
# distance from previous block
# <min> <max>
1	1

[block]
# block no. 4 follows, 66 sequences, length 6
# corresponding to MSA columns:
# 742-747
name=unknown_E
#
# <colnr> <probs for GDERKNQSTAVLIFYWHMCP>
#	G	D	E	R	K	N	Q	S	T	A	V	L	I	F	Y	W	H	M	C	P
0	0.00518	0.00370	0.00498	0.00592	0.00625	0.00350	0.00417	0.00605	0.00800	0.01062	0.02223	0.73621	0.02632	0.01249	0.00524	0.00168	0.00256	0.12779	0.00376	0.00336
1	0.55269	0.00932	0.00779	0.04756	0.00987	0.12935	0.00567	0.01279	0.00796	0.08368	0.00687	0.00803	0.00533	0.00525	0.03792	0.00148	0.05859	0.00266	0.00256	0.00462
2	0.08996	0.01003	0.05406	0.16885	0.28417	0.08965	0.00947	0.05137	0.05140	0.01337	0.01026	0.01188	0.06894	0.00449	0.00406	0.00123	0.02273	0.00372	0.00237	0.04799
3	0.00847	0.02556	0.01120	0.30678	0.20456	0.04849	0.00888	0.02733	0.00843	0.01137	0.00914	0.01422	0.00816	0.10813	0.05556	0.00191	0.03196	0.03622	0.06899	0.00464
4	0.63539	0.00797	0.00679	0.00590	0.00828	0.00909	0.00476	0.12473	0.04407	0.01839	0.00745	0.00902	0.00599	0.05928	0.00398	0.00142	0.00333	0.00281	0.03666	0.00468
5	0.00698	0.00553	0.00611	0.00571	0.00709	0.00559	0.00426	0.06226	0.18520	0.01417	0.22612	0.07554	0.27468	0.09511	0.00624	0.00162	0.00263	0.00698	0.00390	0.00429

[dist]
# distance from previous block
# <min> <max>
0	2

[block]
# block no. 5 follows, 66 sequences, length 17
# corresponding to MSA columns:
# 750-766
name=unknown_F
#
# <colnr> <probs for GDERKNQSTAVLIFYWHMCP>
#	G	D	E	R	K	N	Q	S	T	A	V	L	I	F	Y	W	H	M	C	P
0	0.00616	0.00459	0.00586	0.00596	0.00664	0.00491	0.00434	0.00818	0.09159	0.01035	0.03225	0.13906	0.05477	0.23895	0.29997	0.00391	0.00590	0.07011	0.00292	0.00357
1	0.01021	0.01044	0.07540	0.06241	0.27332	0.04782	0.07896	0.05522	0.26293	0.03099	0.02799	0.01252	0.02422	0.00456	0.00412	0.00129	0.00458	0.00410	0.00288	0.00605
2	0.17057	0.03675	0.00764	0.00687	0.00863	0.00787	0.00530	0.01439	0.35956	0.03822	0.01596	0.25369	0.01510	0.00736	0.00413	0.00143	0.00302	0.03483	0.00365	0.00503
3	0.02837	0.00831	0.00949	0.00759	0.01026	0.00854	0.00611	0.32657	0.09469	0.22248	0.08318	0.03693	0.04054	0.03959	0.00476	0.00134	0.00360	0.00454	0.00413	0.05899
4	0.04292	0.08207	0.13223	0.00981	0.04124	0.16115	0.00853	0.29999	0.05359	0.06572	0.00888	0.00952	0.00666	0.00551	0.03741	0.00140	0.02113	0.00330	0.00299	0.00593
5	0.69012	0.03612	0.00812	0.00813	0.10841	0.06817	0.00570	0.01230	0.00756	0.01674	0.00593	0.00706	0.00473	0.00377	0.00278	0.00122	0.00368	0.00240	0.00240	0.00469
6	0.00521	0.00382	0.00474	0.00524	0.00578	0.00353	0.00363	0.00608	0.00832	0.01093	0.11600	0.46473	0.17786	0.11473	0.00697	0.00184	0.00251	0.05109	0.00368	0.00330
7	0.00931	0.00873	0.01434	0.32021	0.29395	0.00952	0.09652	0.05905	0.09571	0.01337	0.03361	0.01156	0.00765	0.00417	0.00415	0.00130	0.00497	0.00395	0.00236	0.00557
8	0.00499	0.00406	0.00441	0.00444	0.00563	0.00349	0.00329	0.00615	0.00953	0.01190	0.18803	0.11367	0.60602	0.01013	0.00483	0.00138	0.00206	0.00861	0.00390	0.00349
9	0.16967	0.00654	0.00779	0.00644	0.00880	0.00633	0.00522	0.06719	0.01116	0.38407	0.24030	0.01776	0.01706	0.00587	0.00404	0.00128	0.00304	0.02762	0.00432	0.00551
10	0.00833	0.00560	0.00784	0.00715	0.00847	0.02863	0.03770	0.01027	0.04361	0.13884	0.02467	0.01569	0.01052	0.04905	0.57846	0.00495	0.00876	0.00438	0.00274	0.00433
11	0.00543	0.00402	0.00494	0.00540	0.00596	0.00383	0.00372	0.00679	0.04898	0.01113	0.11139	0.48483	0.13244	0.12198	0.00707	0.00186	0.00255	0.03055	0.00369	0.00343
12	0.28521	0.00910	0.00912	0.00742	0.01024	0.00999	0.00605	0.32762	0.13214	0.07137	0.01098	0.01091	0.03999	0.00475	0.00356	0.00123	0.00364	0.00350	0.00355	0.04963
13	0.63642	0.00766	0.02837	0.00597	0.00817	0.00844	0.00496	0.01122	0.02904	0.01622	0.00775	0.07827	0.00697	0.00646	0.05852	0.00164	0.04595	0.00328	0.00258	0.03213
14	0.01035	0.00975	0.04043	0.04205	0.04649	0.10909	0.08145	0.15267	0.12931	0.04309	0.09879	0.04020	0.09689	0.00591	0.00437	0.00128	0.01377	0.03043	0.00332	0.04036
15	0.00907	0.14528	0.24636	0.00952	0.05886	0.00890	0.03861	0.08598	0.00930	0.05202	0.01085	0.14382	0.01022	0.05014	0.07134	0.00181	0.00505	0.01560	0.00256	0.02472
16	0.13719	0.14693	0.11725	0.06356	0.09623	0.07774	0.04405	0.10942	0.01027	0.11784	0.01965	0.00949	0.00664	0.00412	0.00356	0.00118	0.00466	0.00319	0.02142	0.00561

[dist]
# distance from previous block
# <min> <max>
18	44

[block]
# block no. 6 follows, 66 sequences, length 15
# corresponding to MSA columns:
# 872-886
name=unknown_G
#
# <colnr> <probs for GDERKNQSTAVLIFYWHMCP>
#	G	D	E	R	K	N	Q	S	T	A	V	L	I	F	Y	W	H	M	C	P
0	0.02489	0.00485	0.00599	0.00538	0.00692	0.00440	0.00415	0.01018	0.02777	0.18758	0.39702	0.05756	0.19998	0.00792	0.00453	0.00130	0.00233	0.00678	0.03604	0.00443
1	0.01085	0.85986	0.02126	0.00694	0.01041	0.01605	0.00694	0.01215	0.00824	0.00955	0.00564	0.00651	0.00521	0.00347	0.00260	0.00087	0.00434	0.00217	0.00174	0.00521
2	0.00502	0.00410	0.00444	0.00450	0.00571	0.00353	0.00338	0.00619	0.00949	0.01178	0.15987	0.09341	0.62366	0.01017	0.00485	0.00139	0.00212	0.03904	0.00387	0.00349
3	0.00502	0.00356	0.00468	0.00555	0.00577	0.00335	0.00366	0.00567	0.00762	0.01016	0.02159	0.78817	0.02586	0.08063	0.00642	0.00183	0.00248	0.01108	0.00366	0.00323
4	0.00512	0.00380	0.00475	0.00527	0.00587	0.00348	0.00369	0.00609	0.00861	0.01132	0.14257	0.50079	0.19862	0.04206	0.00562	0.00163	0.00234	0.04117	0.00382	0.00339
5	0.01093	0.00913	0.00965	0.00843	0.01087	0.01048	0.00662	0.14687	0.69811	0.01832	0.01545	0.01429	0.01152	0.00540	0.00412	0.00135	0.00341	0.00444	0.00412	0.00650
6	0.01271	0.04044	0.01208	0.05534	0.05918	0.11877	0.00804	0.36243	0.09193	0.03061	0.00911	0.01015	0.00704	0.00617	0.04440	0.00153	0.11749	0.00358	0.00312	0.00587
7	0.00898	0.08804	0.17054	0.00973	0.01325	0.00870	0.19210	0.09769	0.02147	0.01386	0.05004	0.02803	0.08719	0.03736	0.00463	0.00126	0.00459	0.00434	0.02039	0.13778
8	0.07649	0.00387	0.00531	0.00531	0.00552	0.00395	0.00361	0.00583	0.00555	0.00811	0.00775	0.05671	0.00789	0.01320	0.01423	0.76542	0.00343	0.00384	0.00193	0.00205
9	0.09277	0.00800	0.00885	0.00653	0.00997	0.00702	0.00528	0.15304	0.01015	0.01587	0.00751	0.00847	0.00601	0.00341	0.00314	0.00077	0.00327	0.00260	0.00271	0.64461
10	0.01087	0.01924	0.09254	0.05299	0.26107	0.02392	0.07390	0.11580	0.06108	0.10650	0.01113	0.03921	0.02944	0.02768	0.00490	0.00137	0.03139	0.02825	0.00286	0.00587
11	0.27959	0.20913	0.03033	0.00761	0.05090	0.01007	0.00621	0.08330	0.00905	0.09850	0.00850	0.05363	0.00714	0.00563	0.04092	0.00138	0.02416	0.00326	0.01276	0.05792
12	0.00556	0.00436	0.00528	0.00515	0.00614	0.00413	0.00390	0.00696	0.00990	0.01317	0.38571	0.07699	0.32484	0.03872	0.00583	0.00148	0.04490	0.04943	0.00393	0.00363
13	0.09261	0.05699	0.02890	0.12499	0.03459	0.00951	0.08032	0.20727	0.09453	0.09575	0.02207	0.02284	0.00812	0.00541	0.00483	0.06861	0.00430	0.01367	0.01923	0.00545
14	0.02231	0.06599	0.11724	0.05022	0.18528	0.18213	0.04827	0.05996	0.08048	0.02193	0.05257	0.02866	0.01871	0.00459	0.00410	0.00120	0.02219	0.00376	0.00250	0.02790

[dist]
# distance from previous block
# <min> <max>
4	19

[block]
# block no. 7 follows, 66 sequences, length 21
# corresponding to MSA columns:
# 909-928,946
name=unknown_H
#
# <colnr> <probs for GDERKNQSTAVLIFYWHMCP>
#	G	D	E	R	K	N	Q	S	T	A	V	L	I	F	Y	W	H	M	C	P
0	0.03110	0.01057	0.01066	0.03163	0.01167	0.11481	0.03120	0.44273	0.07730	0.01990	0.04598	0.03354	0.00928	0.00543	0.01536	0.00128	0.00445	0.00399	0.09329	0.00583
1	0.02820	0.17429	0.06470	0.03685	0.12269	0.01926	0.15100	0.14181	0.03152	0.08432	0.00922	0.01160	0.00739	0.00442	0.00409	0.00121	0.02219	0.04657	0.00269	0.03597
2	0.02199	0.00560	0.01695	0.00619	0.00746	0.01577	0.00469	0.05018	0.06219	0.03884	0.06309	0.36472	0.06536	0.00882	0.00497	0.01402	0.04014	0.02822	0.08778	0.09300
3	0.00516	0.00404	0.00468	0.00469	0.00575	0.00355	0.00345	0.00647	0.00986	0.01283	0.32831	0.15025	0.42668	0.00989	0.00485	0.00137	0.00205	0.00853	0.00402	0.00355
4	0.01524	0.20305	0.01311	0.00796	0.01118	0.01080	0.00684	0.30760	0.04154	0.32525	0.01139	0.01072	0.00788	0.00463	0.00374	0.00116	0.00401	0.00351	0.00389	0.00650
5	0.01025	0.19982	0.17579	0.01869	0.01189	0.04037	0.07615	0.07110	0.00906	0.09244	0.01732	0.04715	0.00769	0.02241	0.00644	0.16139	0.02108	0.00369	0.00240	0.00486
6	0.00563	0.00383	0.00496	0.00548	0.00606	0.00350	0.00380	0.00658	0.00864	0.04720	0.14525	0.61142	0.10954	0.01147	0.00503	0.00155	0.00231	0.01028	0.00393	0.00355
7	0.01335	0.03163	0.00805	0.00641	0.00867	0.00579	0.00521	0.04349	0.02901	0.45292	0.06274	0.06860	0.01335	0.00594	0.00398	0.00124	0.00306	0.05069	0.18021	0.00563
8	0.01125	0.05528	0.01980	0.08880	0.13267	0.03479	0.00737	0.08128	0.06888	0.21135	0.06445	0.03950	0.07562	0.01610	0.02875	0.00147	0.00411	0.04954	0.00346	0.00552
9	0.03550	0.04819	0.03501	0.01080	0.13039	0.08984	0.03579	0.08373	0.09046	0.16178	0.02183	0.05615	0.04250	0.04582	0.00578	0.00143	0.09199	0.00437	0.00313	0.00552
10	0.00640	0.00426	0.00525	0.00554	0.00637	0.00403	0.00397	0.03205	0.02892	0.05549	0.09815	0.48918	0.13119	0.01045	0.00479	0.00148	0.00241	0.02886	0.07744	0.00379
11	0.00965	0.00960	0.03846	0.09244	0.54087	0.00947	0.10369	0.02823	0.05566	0.01335	0.00894	0.01237	0.00753	0.00418	0.00420	0.00128	0.00498	0.04686	0.00224	0.00600
12	0.00890	0.00720	0.00846	0.00607	0.00965	0.00544	0.00487	0.01069	0.00857	0.05430	0.00765	0.00868	0.00621	0.00311	0.00306	0.00063	0.00303	0.00249	0.00253	0.83846
13	0.00817	0.00791	0.01394	0.65592	0.13017	0.00922	0.09531	0.01091	0.00841	0.01101	0.00737	0.01073	0.00562	0.00393	0.00413	0.00133	0.00548	0.00373	0.00186	0.00485
14	0.00580	0.00435	0.00652	0.00652	0.00724	0.00507	0.00507	0.00724	0.00652	0.00942	0.01087	0.01594	0.01014	0.03043	0.84134	0.00652	0.01087	0.00435	0.00217	0.00362
15	0.00858	0.00841	0.01174	0.01014	0.01017	0.01165	0.00837	0.00945	0.00621	0.00965	0.00597	0.01013	0.00604	0.05383	0.04975	0.00210	0.76798	0.00371	0.00183	0.00430
16	0.00602	0.00397	0.00458	0.00460	0.00475	0.00390	0.00271	0.00622	0.00649	0.02434	0.05151	0.09275	0.03663	0.71447	0.01799	0.00352	0.00366	0.00644	0.00273	0.00270
17	0.01396	0.00823	0.00948	0.00761	0.01027	0.00854	0.00617	0.30164	0.13545	0.27842	0.07638	0.01397	0.01149	0.00526	0.00401	0.00123	0.00350	0.00422	0.09391	0.00627
18	0.25977	0.00740	0.00801	0.01928	0.00938	0.00781	0.00547	0.11285	0.09208	0.19011	0.03921	0.01319	0.00950	0.04965	0.07776	0.00183	0.00409	0.02399	0.00345	0.06518
19	0.11433	0.03375	0.00866	0.00771	0.02943	0.06632	0.00583	0.25167	0.03125	0.04049	0.01460	0.30524	0.02973	0.00770	0.00426	0.00138	0.00365	0.03554	0.00353	0.00494
20	0.09756	0.14509	0.20869	0.00944	0.03825	0.07934	0.07061	0.01297	0.03340	0.06542	0.03018	0.00928	0.00679	0.00394	0.00368	0.00109	0.02206	0.00306	0.00234	0.15680

[dist]
# distance from previous block
# <min> <max>
0	2

[block]
# block no. 8 follows, 66 sequences, length 12
# corresponding to MSA columns:
# 949-960
name=unknown_I
#
# <colnr> <probs for GDERKNQSTAVLIFYWHMCP>
#	G	D	E	R	K	N	Q	S	T	A	V	L	I	F	Y	W	H	M	C	P
0	0.07213	0.02957	0.07007	0.00851	0.08301	0.03989	0.02586	0.02681	0.10590	0.07332	0.14151	0.08790	0.06311	0.11810	0.02246	0.00175	0.00379	0.01835	0.00325	0.00471
1	0.00702	0.00538	0.00638	0.00608	0.00653	0.04590	0.00430	0.00769	0.00660	0.03749	0.01125	0.02005	0.01174	0.43658	0.28632	0.00434	0.08574	0.00495	0.00237	0.00329
2	0.00631	0.00468	0.00653	0.00633	0.00677	0.00548	0.00473	0.00716	0.00633	0.00914	0.01049	0.01722	0.01042	0.20848	0.48193	0.06692	0.10112	0.00452	0.03209	0.00333
3	0.00839	0.08130	0.74590	0.01144	0.01718	0.00993	0.04553	0.01280	0.00858	0.01262	0.00720	0.00851	0.00518	0.00381	0.00380	0.00126	0.00591	0.00301	0.00173	0.00592
4	0.00790	0.00712	0.01067	0.53454	0.04880	0.02814	0.00939	0.04136	0.03977	0.01152	0.01080	0.11650	0.01002	0.00581	0.00430	0.00140	0.00473	0.07788	0.00242	0.02691
5	0.00930	0.06089	0.32412	0.01007	0.07196	0.02921	0.02198	0.06889	0.00955	0.07517	0.02613	0.16482	0.01044	0.00560	0.00401	0.00124	0.00451	0.00473	0.00267	0.09471
6	0.00906	0.00719	0.00848	0.00609	0.00966	0.00544	0.00488	0.01084	0.00862	0.06723	0.00779	0.00877	0.00627	0.00314	0.00308	0.00064	0.00303	0.00251	0.00258	0.82468
7	0.00592	0.00406	0.00520	0.00520	0.00546	0.00432	0.00343	0.00635	0.00609	0.00838	0.01184	0.02214	0.01276	0.52615	0.31021	0.04572	0.00636	0.00524	0.00233	0.00284
8	0.02403	0.00692	0.04157	0.30516	0.11329	0.00708	0.05880	0.00948	0.00816	0.01143	0.06759	0.07566	0.01144	0.14733	0.03056	0.00189	0.00460	0.00488	0.06584	0.00430
9	0.01084	0.01113	0.00973	0.00873	0.00989	0.33542	0.02938	0.01114	0.00841	0.02552	0.00739	0.03138	0.00691	0.00798	0.00909	0.26270	0.15492	0.02296	0.00209	0.03439
10	0.09427	0.14513	0.06368	0.00924	0.05174	0.05186	0.04256	0.05113	0.05442	0.03309	0.02078	0.03492	0.01667	0.00502	0.00531	0.00122	0.15841	0.02673	0.00246	0.13135
11	0.05645	0.03585	0.09065	0.05713	0.06380	0.08602	0.00746	0.11537	0.06027	0.05033	0.05413	0.04856	0.05233	0.00519	0.00408	0.00117	0.02468	0.02316	0.00292	0.16046

[dist]
# distance from previous block
# <min> <max>
1	13

[block]
# block no. 9 follows, 66 sequences, length 12
# corresponding to MSA columns:
# 985-996
name=unknown_J
#
# <colnr> <probs for GDERKNQSTAVLIFYWHMCP>
#	G	D	E	R	K	N	Q	S	T	A	V	L	I	F	Y	W	H	M	C	P
0	0.01938	0.04128	0.01134	0.10350	0.03594	0.00903	0.07713	0.04019	0.08289	0.01225	0.01253	0.07259	0.09649	0.00614	0.00660	0.00137	0.23680	0.00467	0.02766	0.10223
1	0.00751	0.00476	0.00558	0.00526	0.00659	0.02087	0.00396	0.00889	0.01013	0.13980	0.28699	0.15367	0.27827	0.00885	0.00464	0.00134	0.00237	0.00761	0.03879	0.00411
2	0.01074	0.00886	0.00935	0.00820	0.01057	0.01015	0.00644	0.13611	0.66969	0.01813	0.01538	0.01436	0.01150	0.00538	0.00406	0.00133	0.00333	0.00441	0.04565	0.00637
3	0.00773	0.00731	0.01218	0.79931	0.02694	0.00921	0.01113	0.01033	0.00800	0.01033	0.00710	0.01070	0.00540	0.00423	0.00459	0.00138	0.05420	0.00360	0.00180	0.00450
4	0.00604	0.00394	0.00449	0.00449	0.00462	0.00399	0.00264	0.00628	0.00616	0.00858	0.01271	0.02495	0.01411	0.73563	0.06747	0.00383	0.00417	0.00563	0.07763	0.00264
5	0.00509	0.00405	0.00465	0.00483	0.00588	0.00361	0.00360	0.00623	0.00910	0.01147	0.13063	0.18448	0.49796	0.01171	0.05419	0.00174	0.00270	0.05085	0.00376	0.00348
6	0.09010	0.01245	0.01067	0.00878	0.01156	0.28170	0.00699	0.26874	0.01352	0.24132	0.00997	0.00979	0.00700	0.00459	0.00380	0.00117	0.00501	0.00331	0.00355	0.00597
7	0.00510	0.00372	0.00481	0.00551	0.00599	0.00344	0.00384	0.00603	0.00842	0.01116	0.11236	0.63082	0.11827	0.01188	0.00511	0.00159	0.00234	0.05236	0.00384	0.00339
8	0.07865	0.00727	0.00915	0.00699	0.01017	0.00645	0.00575	0.06101	0.01114	0.59403	0.01344	0.01216	0.00879	0.00458	0.00379	0.00114	0.00341	0.00364	0.00435	0.15408
9	0.01111	0.07095	0.06845	0.03046	0.07222	0.07374	0.06488	0.16672	0.06084	0.06176	0.05236	0.01086	0.00845	0.00429	0.00387	0.00108	0.01591	0.00351	0.02512	0.19340
10	0.00624	0.00432	0.00571	0.00551	0.00607	0.00451	0.00392	0.00720	0.00792	0.02859	0.26755	0.02334	0.02010	0.28371	0.23347	0.04630	0.03350	0.00570	0.00301	0.00332
11	0.53526	0.00929	0.00871	0.00893	0.11579	0.07927	0.00624	0.09009	0.00901	0.04448	0.02706	0.00831	0.00603	0.00415	0.00342	0.00125	0.03226	0.00279	0.00267	0.00500

[dist]
# distance from previous block
# <min> <max>
2	6

[block]
# block no. 10 follows, 66 sequences, length 13
# corresponding to MSA columns:
# 1008-1020
name=unknown_K
#
# <colnr> <probs for GDERKNQSTAVLIFYWHMCP>
#	G	D	E	R	K	N	Q	S	T	A	V	L	I	F	Y	W	H	M	C	P
0	0.01085	0.01201	0.19978	0.04882	0.20642	0.00927	0.22101	0.07511	0.01018	0.13094	0.00941	0.03144	0.00709	0.00416	0.00422	0.00129	0.00535	0.00405	0.00258	0.00603
1	0.01010	0.00986	0.01608	0.06537	0.76319	0.03889	0.01223	0.01248	0.00926	0.01299	0.00756	0.00998	0.00633	0.00366	0.00401	0.00121	0.00494	0.00358	0.00200	0.00627
2	0.00894	0.00526	0.00689	0.00631	0.00711	0.02110	0.00464	0.08338	0.00763	0.09626	0.00915	0.01347	0.00823	0.06324	0.15520	0.45919	0.03442	0.00386	0.00244	0.00329
3	0.00782	0.00467	0.00578	0.00572	0.00695	0.00426	0.00429	0.03201	0.00928	0.16110	0.02568	0.31984	0.25408	0.05230	0.00565	0.00162	0.00275	0.08816	0.00394	0.00410
4	0.00621	0.00465	0.00673	0.00659	0.00744	0.00536	0.00514	0.04265	0.00724	0.01036	0.03941	0.01617	0.01098	0.02854	0.77561	0.00611	0.01028	0.00442	0.00234	0.00377
5	0.06547	0.00696	0.00923	0.00712	0.01022	0.00613	0.00588	0.01934	0.01136	0.79044	0.01544	0.01342	0.00974	0.00495	0.00399	0.00126	0.00344	0.00398	0.00488	0.00677
6	0.00582	0.00389	0.00448	0.00459	0.00469	0.00384	0.00270	0.00605	0.00646	0.00877	0.04827	0.13270	0.01715	0.68671	0.01744	0.00344	0.00358	0.00662	0.03015	0.00266
7	0.03225	0.01207	0.01069	0.00961	0.04930	0.24090	0.00720	0.30170	0.16118	0.01761	0.07148	0.04693	0.01053	0.00529	0.00402	0.00122	0.00474	0.00410	0.00341	0.00575
8	0.00496	0.00386	0.00453	0.00503	0.00583	0.00343	0.00360	0.00587	0.00854	0.01073	0.03099	0.43480	0.39850	0.01150	0.00502	0.00153	0.00229	0.05186	0.00377	0.00338
9	0.00984	0.10743	0.09102	0.04582	0.04418	0.07983	0.07155	0.12200	0.07497	0.02727	0.13645	0.04115	0.04481	0.00613	0.02821	0.00136	0.00453	0.01511	0.00299	0.04536
10	0.00873	0.00665	0.00807	0.02517	0.03202	0.00569	0.00515	0.06292	0.02697	0.07116	0.04732	0.14701	0.06208	0.00558	0.00376	0.00098	0.00303	0.00475	0.00310	0.46986
11	0.14020	0.05903	0.05651	0.00757	0.03974	0.00723	0.02521	0.04445	0.09528	0.06741	0.08864	0.11186	0.11319	0.00726	0.00424	0.00139	0.00337	0.11925	0.00342	0.00474
12	0.02787	0.18623	0.10745	0.00978	0.09879	0.04795	0.00795	0.11664	0.10875	0.11096	0.10624	0.01231	0.01087	0.00473	0.00375	0.00116	0.00415	0.00376	0.00310	0.02754

[dist]
# distance from previous block
# <min> <max>
3	12

[block]
# block no. 11 follows, 66 sequences, length 11
# corresponding to MSA columns:
# 1038-1048
name=unknown_L
#
# <colnr> <probs for GDERKNQSTAVLIFYWHMCP>
#	G	D	E	R	K	N	Q	S	T	A	V	L	I	F	Y	W	H	M	C	P
0	0.00920	0.00833	0.00943	0.00832	0.08375	0.05181	0.00592	0.01261	0.14298	0.01366	0.00873	0.00961	0.00705	0.00353	0.00332	0.00081	0.00343	0.00288	0.00264	0.61198
1	0.01075	0.06474	0.03714	0.00787	0.01065	0.04476	0.05580	0.01501	0.21358	0.16711	0.06813	0.03910	0.01133	0.00629	0.04921	0.00142	0.00408	0.00415	0.00339	0.18547
2	0.26041	0.27024	0.08218	0.00781	0.01088	0.16724	0.00710	0.08349	0.05366	0.01415	0.00684	0.00760	0.00551	0.00395	0.00309	0.00110	0.00464	0.00259	0.00235	0.00516
3	0.00862	0.00811	0.14322	0.00702	0.00927	0.00615	0.00636	0.06510	0.09961	0.11345	0.22786	0.16304	0.07734	0.00740	0.00442	0.00134	0.00317	0.00635	0.03724	0.00492
4	0.06820	0.00771	0.00806	0.00738	0.00945	0.00869	0.00577	0.01778	0.59640	0.01612	0.06251	0.01948	0.10656	0.00634	0.00420	0.00138	0.00303	0.04129	0.00398	0.00568
5	0.07934	0.05000	0.22806	0.00823	0.01174	0.05928	0.00816	0.06589	0.05865	0.19171	0.03727	0.03327	0.05657	0.00506	0.00384	0.00121	0.00424	0.01903	0.00316	0.07528
6	0.01326	0.01233	0.00995	0.00845	0.01076	0.30614	0.00659	0.27652	0.06676	0.03816	0.00968	0.01064	0.00751	0.02845	0.00415	0.00118	0.00489	0.00340	0.14638	0.03480
7	0.00841	0.00721	0.00841	0.00601	0.00961	0.00541	0.00481	0.01022	0.00841	0.01322	0.00721	0.00841	0.00601	0.00300	0.00300	0.00060	0.00300	0.00240	0.00240	0.88222
8	0.00585	0.00411	0.00560	0.00565	0.00607	0.00445	0.00399	0.00661	0.00651	0.00909	0.04396	0.06951	0.01360	0.30380	0.43938	0.05363	0.00729	0.00536	0.00243	0.00312
9	0.01035	0.03526	0.09494	0.12941	0.01343	0.08382	0.03232	0.10282	0.07503	0.11136	0.03071	0.11574	0.03819	0.00676	0.03587	0.00148	0.00462	0.01972	0.00309	0.05508
10	0.04298	0.07926	0.06287	0.03082	0.13055	0.04139	0.01725	0.06751	0.08394	0.11134	0.01179	0.13730	0.01068	0.06051	0.00519	0.00141	0.02046	0.00477	0.01366	0.06631

[dist]
# distance from previous block
# <min> <max>
19	106

[block]
# block no. 12 follows, 66 sequences, length 27
# corresponding to MSA columns:
# 1214-1240
name=unknown_M
#
# <colnr> <probs for GDERKNQSTAVLIFYWHMCP>
#	G	D	E	R	K	N	Q	S	T	A	V	L	I	F	Y	W	H	M	C	P
0	0.00893	0.02871	0.08530	0.04125	0.09933	0.00750	0.10915	0.02394	0.07727	0.04242	0.04137	0.04460	0.03876	0.00452	0.00385	0.00107	0.00403	0.01696	0.00268	0.31837
1	0.00759	0.00628	0.02151	0.00699	0.00917	0.00537	0.11719	0.02593	0.00937	0.05939	0.16053	0.04644	0.19657	0.11146	0.00630	0.00150	0.00333	0.00579	0.00324	0.19605
2	0.19053	0.13551	0.02314	0.00693	0.00954	0.02298	0.03546	0.10319	0.02251	0.01450	0.01034	0.18829	0.01017	0.00560	0.00354	0.00113	0.00353	0.00455	0.00280	0.20577
3	0.00970	0.03969	0.01200	0.02723	0.02502	0.00750	0.14390	0.06587	0.05637	0.05646	0.00886	0.03015	0.00714	0.00373	0.00358	0.00091	0.00391	0.00336	0.00268	0.49196
4	0.19956	0.17203	0.13079	0.00822	0.01145	0.07422	0.03934	0.13410	0.05788	0.06048	0.00915	0.00981	0.03500	0.00469	0.00389	0.03376	0.00444	0.00318	0.00268	0.00535
5	0.01042	0.06087	0.15259	0.08034	0.10419	0.03173	0.06058	0.15060	0.07616	0.03747	0.00919	0.01025	0.01995	0.00408	0.00378	0.00112	0.00461	0.00342	0.00264	0.17600
6	0.00756	0.00378	0.00378	0.00378	0.00473	0.00378	0.00284	0.00945	0.00851	0.01513	0.01324	0.01513	0.01040	0.00473	0.00284	0.00095	0.00189	0.00378	0.87994	0.00378
7	0.00712	0.00496	0.00701	0.04625	0.00745	0.00584	0.00491	0.00674	0.00584	0.00813	0.00820	0.01479	0.00846	0.18869	0.08237	0.40447	0.17999	0.00409	0.00194	0.00274
8	0.00590	0.00393	0.00442	0.00442	0.00442	0.00393	0.00246	0.00590	0.00590	0.00787	0.01278	0.02655	0.01475	0.85742	0.02065	0.00393	0.00393	0.00590	0.00246	0.00246
9	0.00756	0.00378	0.00378	0.00378	0.00473	0.00378	0.00284	0.00945	0.00851	0.01513	0.01324	0.01513	0.01040	0.00473	0.00284	0.00095	0.00189	0.00378	0.87994	0.00378
10	0.00512	0.00360	0.00466	0.00542	0.00562	0.00341	0.00353	0.00570	0.00742	0.00990	0.02060	0.70241	0.02461	0.16811	0.00802	0.00207	0.00264	0.01050	0.00353	0.00314
11	0.07658	0.00987	0.01112	0.00866	0.01177	0.01058	0.02580	0.49115	0.09217	0.20328	0.01144	0.01096	0.00792	0.00485	0.00398	0.00125	0.00408	0.00376	0.00412	0.00665
12	0.04704	0.01507	0.01141	0.04273	0.01284	0.45198	0.00771	0.29861	0.01376	0.03157	0.00779	0.00859	0.00599	0.00497	0.02123	0.00124	0.00608	0.00307	0.00285	0.00548
13	0.03902	0.03941	0.04492	0.00683	0.02902	0.00635	0.00560	0.01140	0.03308	0.06394	0.02065	0.00920	0.00683	0.00338	0.00316	0.00075	0.00325	0.00269	0.00259	0.66794
14	0.01232	0.08887	0.13276	0.01257	0.11530	0.35995	0.08730	0.08421	0.01084	0.01247	0.01882	0.00870	0.00607	0.00413	0.00407	0.00115	0.02973	0.00315	0.00219	0.00539
15	0.00588	0.00412	0.00519	0.00521	0.00616	0.00373	0.00385	0.00732	0.01007	0.04593	0.42033	0.23393	0.18576	0.00973	0.00488	0.00141	0.00217	0.03643	0.00416	0.00374
16	0.01097	0.01620	0.49130	0.01070	0.01553	0.03398	0.06606	0.08960	0.02917	0.16053	0.00931	0.00988	0.00644	0.00415	0.00395	0.00126	0.00535	0.00338	0.00263	0.02961
17	0.01033	0.18799	0.05269	0.01601	0.40299	0.01088	0.00975	0.03947	0.15903	0.03148	0.00953	0.03602	0.00792	0.00429	0.00377	0.00118	0.00436	0.00372	0.00251	0.00608
18	0.00891	0.00896	0.01291	0.01092	0.01110	0.01234	0.04288	0.00990	0.00635	0.00990	0.00545	0.00896	0.00536	0.00695	0.01296	0.00176	0.81453	0.00360	0.00179	0.00448
19	0.00554	0.00396	0.00540	0.00634	0.00684	0.00381	0.00481	0.00669	0.00836	0.01103	0.02203	0.54969	0.02552	0.01214	0.00534	0.00173	0.00288	0.31068	0.00375	0.00346
20	0.00535	0.00411	0.00466	0.00453	0.00566	0.00363	0.00337	0.00675	0.01004	0.01327	0.37341	0.03390	0.43122	0.03986	0.00528	0.00141	0.00206	0.00775	0.04017	0.00358
21	0.04182	0.00497	0.00549	0.00510	0.00662	0.00470	0.00391	0.02004	0.08074	0.08855	0.20766	0.04753	0.37166	0.00816	0.00440	0.00130	0.00232	0.00685	0.08398	0.00421
22	0.01524	0.01145	0.01179	0.00922	0.01233	0.06482	0.00754	0.67216	0.06786	0.07080	0.01030	0.01015	0.00731	0.00487	0.00404	0.00122	0.00451	0.00367	0.00399	0.00673
23	0.00504	0.00412	0.00444	0.00436	0.00563	0.00353	0.00327	0.00629	0.00982	0.01231	0.24171	0.03682	0.62901	0.00977	0.00479	0.00135	0.00202	0.00825	0.00395	0.00353
24	0.70248	0.03836	0.00740	0.00601	0.00864	0.03955	0.00497	0.07770	0.00838	0.06626	0.00661	0.00729	0.00499	0.00393	0.00277	0.00123	0.00346	0.00244	0.00274	0.00478
25	0.01098	0.17456	0.18863	0.01178	0.14723	0.13041	0.00959	0.09913	0.14352	0.01384	0.00940	0.01011	0.02498	0.00431	0.00370	0.00117	0.00498	0.00334	0.00251	0.00584
26	0.00982	0.18623	0.14452	0.00937	0.01174	0.08590	0.03875	0.07821	0.02784	0.01181	0.00832	0.07991	0.00780	0.03181	0.03011	0.00156	0.22515	0.00393	0.00224	0.00498

[dist]
# distance from previous block
# <min> <max>
0	6

[block]
# block no. 13 follows, 66 sequences, length 13
# corresponding to MSA columns:
# 1247-1259
name=unknown_N
#
# <colnr> <probs for GDERKNQSTAVLIFYWHMCP>
#	G	D	E	R	K	N	Q	S	T	A	V	L	I	F	Y	W	H	M	C	P
0	0.01040	0.00584	0.00679	0.00584	0.00759	0.00578	0.00453	0.11138	0.06823	0.19391	0.16473	0.01920	0.06099	0.07427	0.00524	0.00140	0.00282	0.00497	0.24118	0.00491
1	0.00580	0.00435	0.00652	0.00652	0.00724	0.00507	0.00507	0.00724	0.00652	0.00942	0.01087	0.01594	0.01014	0.03043	0.84134	0.00652	0.01087	0.00435	0.00217	0.00362
2	0.00537	0.00398	0.00506	0.00566	0.00626	0.00377	0.00404	0.00679	0.04093	0.01161	0.12875	0.55263	0.11954	0.01145	0.00508	0.00158	0.00241	0.07769	0.00387	0.00354
3	0.01509	0.00797	0.00960	0.00779	0.01064	0.00805	0.00629	0.09700	0.29766	0.47031	0.01558	0.01388	0.01056	0.00518	0.00409	0.00129	0.00346	0.00422	0.00462	0.00673
4	0.05805	0.00517	0.00593	0.00620	0.00723	0.00539	0.00453	0.01011	0.20640	0.01276	0.04787	0.45855	0.09419	0.00999	0.00474	0.00153	0.00264	0.05071	0.00380	0.00417
5	0.01685	0.00704	0.00931	0.00717	0.01030	0.00616	0.00589	0.01903	0.05910	0.71372	0.01525	0.01341	0.00982	0.00487	0.00399	0.00120	0.00340	0.00396	0.00474	0.08480
6	0.00990	0.00950	0.01621	0.07346	0.78465	0.00960	0.01238	0.01233	0.00917	0.01308	0.00761	0.01009	0.00637	0.00364	0.00402	0.00121	0.00485	0.00361	0.00200	0.00631
7	0.88607	0.00785	0.00596	0.00534	0.00785	0.00910	0.00439	0.01193	0.00690	0.01820	0.00565	0.00659	0.00439	0.00377	0.00251	0.00126	0.00314	0.00220	0.00251	0.00439
8	0.30578	0.00754	0.00824	0.00629	0.00951	0.00688	0.03513	0.01165	0.00820	0.07951	0.00741	0.00832	0.00579	0.00344	0.00299	0.00090	0.00323	0.00255	0.00263	0.48401
9	0.00497	0.00362	0.00469	0.00548	0.00586	0.00333	0.00371	0.00577	0.00810	0.01071	0.06517	0.73636	0.10278	0.01226	0.00512	0.00160	0.00230	0.01104	0.00380	0.00333
10	0.00985	0.00827	0.00851	0.00726	0.00952	0.06991	0.00566	0.11424	0.28610	0.03257	0.20041	0.03076	0.01619	0.00564	0.00403	0.00117	0.00329	0.00467	0.02784	0.15412
11	0.01011	0.16049	0.10753	0.00955	0.09175	0.03460	0.00778	0.09430	0.17189	0.03716	0.07820	0.01357	0.02988	0.00489	0.00378	0.00115	0.00401	0.02982	0.00298	0.10657
12	0.01092	0.22586	0.09626	0.06701	0.01263	0.05997	0.00789	0.10317	0.10025	0.06112	0.00844	0.00929	0.00662	0.00427	0.00420	0.00110	0.06972	0.00307	0.00258	0.14562

[dist]
# distance from previous block
# <min> <max>
0	12

[block]
# block no. 14 follows, 66 sequences, length 16
# corresponding to MSA columns:
# 1273-1288
name=unknown_O
#
# <colnr> <probs for GDERKNQSTAVLIFYWHMCP>
#	G	D	E	R	K	N	Q	S	T	A	V	L	I	F	Y	W	H	M	C	P
0	0.00888	0.00888	0.01243	0.01065	0.01065	0.01243	0.00888	0.00976	0.00621	0.00976	0.00533	0.00888	0.00533	0.00710	0.01331	0.00178	0.84999	0.00355	0.00178	0.00444
1	0.00693	0.00442	0.00533	0.00519	0.00629	0.00416	0.00396	0.02736	0.00987	0.06512	0.27689	0.08554	0.16853	0.07013	0.00567	0.00152	0.00247	0.09692	0.14982	0.00387
2	0.00500	0.00365	0.00472	0.00555	0.00596	0.00338	0.00382	0.00580	0.00802	0.01051	0.02454	0.71928	0.12203	0.01235	0.00515	0.00163	0.00238	0.04911	0.00376	0.00333
3	0.00487	0.00407	0.00424	0.00429	0.00555	0.00344	0.00318	0.00592	0.00927	0.01124	0.08831	0.10264	0.71839	0.01034	0.00482	0.00139	0.00207	0.00872	0.00381	0.00344
4	0.00588	0.00433	0.00492	0.00510	0.00616	0.00400	0.00369	0.00768	0.07047	0.03968	0.06072	0.32541	0.38192	0.01024	0.00476	0.00144	0.00228	0.00888	0.04868	0.00376
5	0.00914	0.00764	0.00880	0.00636	0.00992	0.00616	0.00511	0.09443	0.00952	0.01451	0.00747	0.00855	0.00610	0.00320	0.00311	0.00067	0.00316	0.00253	0.00258	0.79103
6	0.00541	0.00434	0.00476	0.00487	0.00595	0.00399	0.00354	0.00713	0.06845	0.01139	0.08064	0.18374	0.48683	0.08073	0.00616	0.00164	0.00239	0.03075	0.00373	0.00357
7	0.18970	0.03877	0.10940	0.00974	0.08391	0.05886	0.04728	0.05381	0.15224	0.13065	0.01036	0.01064	0.01924	0.00434	0.00363	0.00121	0.00420	0.00343	0.00302	0.06556
8	0.00888	0.00888	0.01243	0.01065	0.01065	0.01243	0.00888	0.00976	0.00621	0.00976	0.00533	0.00888	0.00533	0.00710	0.01331	0.00178	0.84999	0.00355	0.00178	0.00444
9	0.00864	0.00711	0.02390	0.00744	0.00891	0.04279	0.03398	0.06368	0.05859	0.08161	0.09957	0.01966	0.16293	0.04827	0.16574	0.00247	0.13978	0.00522	0.01521	0.00451
10	0.00967	0.00853	0.01367	0.03745	0.05389	0.00741	0.24429	0.03642	0.00932	0.06793	0.00818	0.00971	0.00635	0.00338	0.00372	0.00094	0.00437	0.00335	0.00249	0.46893
11	0.01275	0.01020	0.01108	0.01096	0.13958	0.09159	0.00758	0.28209	0.21495	0.08178	0.01154	0.01168	0.00858	0.00476	0.00392	0.00122	0.00418	0.00382	0.08154	0.00621
12	0.00765	0.00506	0.00614	0.00596	0.00716	0.00491	0.00442	0.07738	0.05621	0.09606	0.14963	0.34142	0.14132	0.04484	0.00545	0.00156	0.00269	0.03391	0.00399	0.00422
13	0.04302	0.06860	0.01019	0.00776	0.01021	0.13672	0.02086	0.15375	0.06716	0.19269	0.14515	0.06393	0.01375	0.00562	0.00400	0.00120	0.00398	0.00453	0.00369	0.04317
14	0.03741	0.10695	0.13042	0.02497	0.03941	0.03619	0.06781	0.14314	0.07980	0.06956	0.04910	0.09069	0.02747	0.01822	0.00435	0.00128	0.01684	0.00448	0.00300	0.04890
15	0.02380	0.02884	0.00721	0.00688	0.03854	0.00524	0.02972	0.06522	0.00968	0.09542	0.07930	0.36078	0.18681	0.00948	0.00472	0.00145	0.00287	0.03603	0.00376	0.00425

[dist]
# distance from previous block
# <min> <max>
2	18

[block]
# block no. 15 follows, 66 sequences, length 6
# corresponding to MSA columns:
# 1307-1312
name=unknown_P
#
# <colnr> <probs for GDERKNQSTAVLIFYWHMCP>
#	G	D	E	R	K	N	Q	S	T	A	V	L	I	F	Y	W	H	M	C	P
0	0.01017	0.09745	0.31005	0.03513	0.05926	0.04248	0.00981	0.08821	0.03883	0.07107	0.04549	0.01013	0.00764	0.00411	0.00368	0.00111	0.00469	0.00324	0.00253	0.15493
1	0.00757	0.03766	0.00778	0.00678	0.00838	0.00652	0.03780	0.01227	0.27922	0.03632	0.14916	0.19897	0.15474	0.00825	0.00458	0.00141	0.00285	0.03116	0.00388	0.00471
2	0.05616	0.00634	0.02348	0.03889	0.09921	0.02108	0.00587	0.04786	0.04143	0.08242	0.09205	0.08625	0.05418	0.10224	0.14740	0.06537	0.00481	0.01762	0.00302	0.00434
3	0.02754	0.06459	0.11694	0.01291	0.20833	0.04942	0.09981	0.01265	0.05185	0.10304	0.03753	0.08794	0.03823	0.00697	0.06276	0.00164	0.00503	0.00465	0.00272	0.00545
4	0.00950	0.12032	0.61985	0.01077	0.01598	0.06870	0.01299	0.07306	0.00952	0.01320	0.00720	0.00832	0.00528	0.00391	0.00371	0.00121	0.00578	0.00292	0.00192	0.00588
5	0.00603	0.00437	0.00541	0.00573	0.00661	0.00417	0.00439	0.03886	0.00943	0.01258	0.15672	0.25188	0.17502	0.05294	0.00578	0.00166	0.00271	0.20860	0.04348	0.00364

[dist]
# distance from previous block
# <min> <max>
0	6

[block]
# block no. 16 follows, 66 sequences, length 13
# corresponding to MSA columns:
# 1319-1330,1333
name=unknown_Q
#
# <colnr> <probs for GDERKNQSTAVLIFYWHMCP>
#	G	D	E	R	K	N	Q	S	T	A	V	L	I	F	Y	W	H	M	C	P
0	0.00968	0.03128	0.22137	0.01126	0.05726	0.15949	0.13026	0.01336	0.10857	0.02533	0.03229	0.11071	0.02321	0.00552	0.00447	0.00132	0.02919	0.01760	0.00257	0.00526
