[name]
unknown

[dist]
# distance from previous block
# <min> <max>
0	434

[block]
# block no. 0 follows, 76 sequences, length 20
# corresponding to MSA columns:
# 451-470
name=unknown_A
#
# <colnr> <probs for GDERKNQSTAVLIFYWHMCP>
#	G	D	E	R	K	N	Q	S	T	A	V	L	I	F	Y	W	H	M	C	P
0	0.00578	0.00463	0.00704	0.00676	0.00786	0.00443	0.10217	0.00720	0.00783	0.01026	0.03303	0.13172	0.11490	0.10930	0.01971	0.00179	0.00343	0.39414	0.00300	0.02502
1	0.00455	0.00368	0.00405	0.00398	0.00507	0.00317	0.00298	0.00570	0.00884	0.01121	0.27654	0.05570	0.58431	0.00874	0.00430	0.00121	0.00181	0.00742	0.00356	0.00317
2	0.01136	0.00888	0.00954	0.00763	0.01030	0.00965	0.00617	0.44981	0.29298	0.01881	0.01045	0.01019	0.00772	0.00433	0.00353	0.00106	0.00344	0.00340	0.00345	0.12731
3	0.01168	0.04215	0.00776	0.00593	0.00806	0.00681	0.00484	0.23554	0.05099	0.25961	0.01159	0.01159	0.00827	0.00433	0.00321	0.00101	0.00287	0.00341	0.31524	0.00512
4	0.00699	0.00539	0.00619	0.00592	0.00722	0.00569	0.00448	0.03770	0.31581	0.03892	0.19835	0.22122	0.08400	0.00750	0.00414	0.00128	0.00242	0.03879	0.00367	0.00431
5	0.04533	0.00751	0.00918	0.00779	0.03614	0.03606	0.05058	0.16491	0.13298	0.25753	0.05551	0.04035	0.00975	0.00484	0.00414	0.00115	0.05878	0.00389	0.06828	0.00529
6	0.00619	0.00320	0.00464	0.00464	0.00464	0.00320	0.00304	0.00480	0.00480	0.00640	0.00694	0.01261	0.00716	0.11796	0.01473	0.78511	0.00320	0.00342	0.00165	0.00165
7	0.00505	0.00371	0.00473	0.00447	0.00537	0.00339	0.00336	0.00668	0.01007	0.01405	0.75855	0.02801	0.12375	0.00763	0.00429	0.00115	0.00173	0.00669	0.00393	0.00339
8	0.00851	0.00737	0.01119	0.18722	0.24025	0.00705	0.05804	0.03932	0.00822	0.05334	0.00709	0.00879	0.00559	0.00320	0.00331	0.00091	0.00385	0.00291	0.00210	0.34175
9	0.00724	0.00683	0.01189	0.65305	0.10694	0.00799	0.08766	0.00965	0.00751	0.01000	0.00687	0.00983	0.00524	0.00357	0.00363	0.00118	0.00475	0.00334	0.04857	0.00426
10	0.89794	0.00703	0.00534	0.00478	0.00703	0.00815	0.00394	0.01068	0.00619	0.01631	0.00506	0.00590	0.00394	0.00337	0.00225	0.00112	0.00281	0.00197	0.00225	0.00394
11	0.00619	0.00421	0.00576	0.02058	0.04773	0.00405	0.01906	0.00733	0.00833	0.06446	0.40751	0.02283	0.04992	0.22967	0.05166	0.03562	0.00300	0.00557	0.00316	0.00335
12	0.01499	0.00651	0.00848	0.00652	0.00928	0.00586	0.00536	0.09441	0.02486	0.67669	0.04471	0.01231	0.00950	0.00449	0.00362	0.00109	0.00310	0.00364	0.00424	0.06031
13	0.01209	0.00783	0.01104	0.01231	0.29080	0.00783	0.02028	0.21066	0.02536	0.27628	0.01083	0.05377	0.00835	0.00455	0.00373	0.00114	0.00372	0.03041	0.00324	0.00576
14	0.00928	0.01303	0.38575	0.03597	0.01430	0.03542	0.14511	0.05145	0.03927	0.12296	0.00806	0.00892	0.00574	0.00355	0.00355	0.00109	0.00476	0.00310	0.00224	0.10646
15	0.00709	0.00695	0.04863	0.01766	0.02228	0.08590	0.03283	0.01956	0.10443	0.01016	0.11362	0.01870	0.05704	0.31989	0.02618	0.00214	0.08350	0.01731	0.00254	0.00358
16	0.00780	0.00645	0.00756	0.00542	0.00863	0.00486	0.00434	0.00941	0.00762	0.03712	0.00670	0.00768	0.00549	0.00275	0.00272	0.00056	0.00270	0.00220	0.00222	0.86777
17	0.00866	0.24658	0.23022	0.04264	0.14201	0.02608	0.04486	0.02172	0.08209	0.02751	0.04736	0.00950	0.01993	0.00386	0.00357	0.00106	0.03222	0.00308	0.00203	0.00503
18	0.00892	0.00852	0.01450	0.09423	0.73515	0.00867	0.03282	0.03212	0.00842	0.01193	0.00687	0.00907	0.00568	0.00330	0.00362	0.00109	0.00440	0.00327	0.00183	0.00560
19	0.00548	0.00396	0.00540	0.00523	0.00610	0.00413	0.00402	0.02087	0.00786	0.03118	0.27898	0.03519	0.11457	0.01766	0.43838	0.00355	0.00589	0.00528	0.00288	0.00340

[dist]
# distance from previous block
# <min> <max>
0	50

[block]
# block no. 1 follows, 76 sequences, length 19
# corresponding to MSA columns:
# 521-539
name=unknown_B
#
# <colnr> <probs for GDERKNQSTAVLIFYWHMCP>
#	G	D	E	R	K	N	Q	S	T	A	V	L	I	F	Y	W	H	M	C	P
0	0.00819	0.04898	0.34380	0.01167	0.13412	0.04589	0.14122	0.01174	0.07548	0.03180	0.05732	0.04125	0.02400	0.00413	0.00368	0.00115	0.00468	0.00371	0.00213	0.00508
1	0.00454	0.00330	0.00420	0.00487	0.00522	0.00306	0.00331	0.00520	0.00705	0.00924	0.02140	0.66742	0.12456	0.07756	0.00568	0.00161	0.00224	0.04332	0.00328	0.00292
2	0.01056	0.42315	0.01434	0.07684	0.01119	0.08920	0.00668	0.17943	0.13301	0.01253	0.00740	0.00794	0.00594	0.00373	0.00299	0.00096	0.00408	0.00267	0.00233	0.00504
3	0.00837	0.23193	0.24334	0.06271	0.18657	0.01987	0.07473	0.01085	0.00787	0.01080	0.03205	0.00834	0.00592	0.00336	0.00323	0.00100	0.00448	0.00284	0.00176	0.07998
4	0.04062	0.15498	0.41991	0.00964	0.06782	0.04537	0.03623	0.03161	0.00835	0.09995	0.03248	0.00900	0.02114	0.00373	0.00332	0.00107	0.00460	0.00293	0.00207	0.00517
5	0.00744	0.04911	0.79105	0.01067	0.04776	0.00866	0.01308	0.01147	0.00769	0.01142	0.00648	0.00766	0.00465	0.00343	0.00342	0.00113	0.00528	0.00268	0.00155	0.00536
6	0.00479	0.00349	0.00451	0.00508	0.00556	0.00332	0.00367	0.00568	0.00737	0.00972	0.07185	0.47337	0.12275	0.08060	0.04441	0.00182	0.00271	0.14304	0.00325	0.00301
7	0.01936	0.03553	0.34896	0.04028	0.17798	0.05672	0.11184	0.02251	0.01807	0.10194	0.02767	0.00918	0.00622	0.00361	0.00358	0.00112	0.00486	0.00318	0.00208	0.00530
8	0.00754	0.00834	0.08198	0.55559	0.12793	0.04319	0.05179	0.01027	0.03531	0.01010	0.00716	0.03204	0.00568	0.00379	0.00366	0.00119	0.00482	0.00342	0.00177	0.00445
9	0.00455	0.00355	0.00407	0.00422	0.00506	0.00313	0.00302	0.00551	0.00820	0.01050	0.19398	0.24061	0.43753	0.05312	0.00510	0.00139	0.00197	0.00799	0.00344	0.00307
10	0.04019	0.00712	0.05087	0.00578	0.00764	0.08162	0.00476	0.14821	0.01998	0.08013	0.04258	0.09322	0.38950	0.00710	0.00394	0.00118	0.00298	0.00581	0.00326	0.00413
11	0.03140	0.06844	0.15073	0.09723	0.22773	0.07853	0.07572	0.03687	0.02864	0.13110	0.00817	0.00930	0.01610	0.00372	0.00367	0.00111	0.02091	0.00317	0.00224	0.00522
12	0.06057	0.07850	0.23872	0.00799	0.03564	0.02406	0.04530	0.00896	0.00751	0.03075	0.01234	0.30134	0.01298	0.00685	0.00412	0.00129	0.02662	0.08980	0.00249	0.00415
13	0.06888	0.00676	0.00837	0.00700	0.03151	0.00652	0.00553	0.05846	0.16141	0.51561	0.01311	0.01252	0.00901	0.00454	0.00356	0.00113	0.00310	0.02818	0.00394	0.05088
14	0.05734	0.00976	0.04059	0.11519	0.35091	0.14821	0.09936	0.01142	0.00842	0.04746	0.00828	0.02832	0.03842	0.00387	0.00372	0.00112	0.01721	0.00346	0.00202	0.00492
15	0.03609	0.04852	0.12408	0.02959	0.02930	0.02385	0.03092	0.06120	0.00812	0.03914	0.04192	0.24557	0.04096	0.05027	0.00482	0.00129	0.03430	0.03386	0.00264	0.11355
16	0.04120	0.14226	0.24288	0.05771	0.14261	0.07397	0.16526	0.03331	0.00832	0.03704	0.00665	0.00813	0.00513	0.00342	0.00355	0.00109	0.01757	0.00299	0.00184	0.00505
17	0.00532	0.00459	0.04797	0.00596	0.03147	0.00394	0.00429	0.05586	0.00777	0.01045	0.04842	0.67442	0.04547	0.02981	0.00478	0.00145	0.00246	0.00898	0.00325	0.00336
18	0.09003	0.13672	0.20595	0.10523	0.06362	0.10114	0.06380	0.01185	0.08041	0.02622	0.00747	0.03927	0.00609	0.00385	0.00339	0.00108	0.01453	0.00308	0.00201	0.03426

[dist]
# distance from previous block
# <min> <max>
9	67

[block]
# block no. 2 follows, 76 sequences, length 8
# corresponding to MSA columns:
# 622-629
name=unknown_C
#
# <colnr> <probs for GDERKNQSTAVLIFYWHMCP>
#	G	D	E	R	K	N	Q	S	T	A	V	L	I	F	Y	W	H	M	C	P
0	0.09962	0.18235	0.11965	0.04846	0.07156	0.04907	0.03548	0.06625	0.04242	0.04112	0.03633	0.04235	0.03252	0.02436	0.00373	0.00110	0.01937	0.01116	0.00228	0.07083
1	0.03977	0.39395	0.11336	0.00690	0.00993	0.01020	0.03497	0.04910	0.06121	0.07871	0.07678	0.01012	0.03486	0.00396	0.00303	0.00095	0.00366	0.00302	0.00235	0.06318
2	0.03944	0.40054	0.10269	0.00774	0.03946	0.07517	0.00707	0.14419	0.00939	0.08362	0.00689	0.00755	0.00546	0.00440	0.03405	0.00111	0.00436	0.00253	0.00222	0.02210
3	0.06840	0.29553	0.16050	0.00732	0.03665	0.02974	0.00697	0.03349	0.04748	0.09691	0.04657	0.01165	0.06194	0.00430	0.00316	0.00101	0.00372	0.03490	0.00239	0.04737
4	0.04883	0.04031	0.06854	0.00640	0.00781	0.10302	0.02884	0.00884	0.05859	0.04083	0.01584	0.33813	0.07930	0.06912	0.00508	0.00145	0.00333	0.06914	0.00288	0.00372
5	0.01059	0.26958	0.08552	0.05130	0.25664	0.04311	0.00846	0.10950	0.00928	0.11239	0.00733	0.00824	0.00568	0.00354	0.00321	0.00100	0.00420	0.00282	0.00224	0.00536
6	0.02733	0.01447	0.53336	0.03634	0.17325	0.00815	0.03348	0.01112	0.00777	0.03468	0.02741	0.00923	0.00602	0.03697	0.00428	0.00124	0.02487	0.00307	0.00178	0.00518
7	0.00548	0.00413	0.00597	0.00650	0.06561	0.00454	0.00439	0.00654	0.00607	0.00860	0.04578	0.01678	0.01094	0.23125	0.55563	0.00474	0.00749	0.00430	0.00209	0.00318

[dist]
# distance from previous block
# <min> <max>
0	9

[block]
# block no. 3 follows, 76 sequences, length 8
# corresponding to MSA columns:
# 639-646
name=unknown_D
#
# <colnr> <probs for GDERKNQSTAVLIFYWHMCP>
#	G	D	E	R	K	N	Q	S	T	A	V	L	I	F	Y	W	H	M	C	P
0	0.06953	0.41181	0.03823	0.00762	0.04325	0.16884	0.00647	0.08421	0.00856	0.01061	0.00618	0.00747	0.00535	0.00640	0.10993	0.00152	0.00511	0.00245	0.00190	0.00455
1	0.00495	0.00350	0.00462	0.00534	0.00568	0.00338	0.00387	0.00577	0.00708	0.00937	0.01849	0.51317	0.02151	0.14416	0.00689	0.00185	0.00266	0.23158	0.00319	0.00294
2	0.00909	0.38091	0.31913	0.00947	0.06363	0.01128	0.06265	0.08436	0.00848	0.01129	0.00616	0.00720	0.00490	0.00335	0.00305	0.00099	0.00460	0.00256	0.00176	0.00514
3	0.15368	0.07209	0.05465	0.02513	0.09009	0.15294	0.05525	0.03820	0.02876	0.02742	0.00737	0.08402	0.00673	0.00482	0.00509	0.00120	0.18255	0.00347	0.00211	0.00443
4	0.00544	0.00495	0.05536	0.00628	0.00717	0.00508	0.00522	0.00689	0.00593	0.00863	0.00931	0.01360	0.00862	0.02489	0.76841	0.00537	0.04975	0.00379	0.00191	0.00340
5	0.05908	0.59035	0.06695	0.00689	0.00984	0.11890	0.00659	0.01211	0.08169	0.00979	0.00608	0.00672	0.00519	0.00339	0.00264	0.00088	0.00416	0.00223	0.00182	0.00471
6	0.00969	0.19697	0.25747	0.00961	0.03489	0.11263	0.11568	0.11741	0.02611	0.02736	0.05329	0.00887	0.00683	0.00374	0.00338	0.00105	0.00480	0.00304	0.00213	0.00505
7	0.00904	0.19452	0.40238	0.01078	0.11338	0.14569	0.03166	0.01176	0.00813	0.01053	0.00613	0.00732	0.00481	0.00337	0.00321	0.00102	0.00508	0.00257	0.00165	0.02698

[dist]
# distance from previous block
# <min> <max>
24	60

[block]
# block no. 4 follows, 76 sequences, length 37
# corresponding to MSA columns:
# 720-743,745-756,759
name=unknown_E
#
# <colnr> <probs for GDERKNQSTAVLIFYWHMCP>
#	G	D	E	R	K	N	Q	S	T	A	V	L	I	F	Y	W	H	M	C	P
0	0.00855	0.36983	0.19257	0.03144	0.02145	0.02010	0.20766	0.01106	0.02655	0.01033	0.03329	0.03815	0.00662	0.00366	0.00327	0.00103	0.00464	0.00320	0.00181	0.00479
1	0.00906	0.11449	0.33838	0.00867	0.02406	0.05227	0.00898	0.20498	0.00968	0.01316	0.00774	0.03837	0.00633	0.00742	0.12800	0.00178	0.01629	0.00317	0.00218	0.00501
2	0.00776	0.18455	0.69181	0.00956	0.01449	0.00959	0.01203	0.01139	0.00762	0.01094	0.00624	0.00732	0.00462	0.00339	0.00324	0.00108	0.00508	0.00254	0.00154	0.00523
3	0.00848	0.07016	0.04675	0.34599	0.30684	0.00860	0.05082	0.01069	0.00786	0.06310	0.00724	0.02499	0.00578	0.00368	0.00376	0.00114	0.02402	0.00333	0.00189	0.00489
4	0.02878	0.06779	0.63841	0.01093	0.05132	0.00878	0.09935	0.01146	0.00778	0.02027	0.00677	0.00834	0.00502	0.00349	0.00348	0.00114	0.00520	0.01481	0.00165	0.00524
5	0.00874	0.42824	0.42662	0.00825	0.01246	0.01119	0.00972	0.01141	0.00762	0.03710	0.00607	0.00694	0.00477	0.00332	0.00292	0.00097	0.00459	0.00236	0.00164	0.00506
6	0.00651	0.14160	0.04555	0.00555	0.00672	0.02409	0.00443	0.02155	0.02870	0.03698	0.01533	0.35579	0.06419	0.15237	0.01635	0.02164	0.00310	0.04332	0.00277	0.00346
7	0.00691	0.00877	0.14297	0.00986	0.01242	0.02850	0.31693	0.00922	0.00828	0.01116	0.09460	0.13233	0.11435	0.00595	0.00447	0.00127	0.03198	0.05335	0.00248	0.00421
8	0.00452	0.00365	0.00402	0.00400	0.00507	0.00315	0.00297	0.00562	0.00869	0.01098	0.23971	0.09237	0.58469	0.00891	0.00432	0.00122	0.00183	0.00758	0.00353	0.00315
9	0.00684	0.00613	0.01029	0.06290	0.34217	0.00628	0.06127	0.00850	0.00738	0.01030	0.01089	0.22029	0.01110	0.01067	0.19354	0.00226	0.00512	0.01751	0.00223	0.00432
10	0.01676	0.03454	0.00843	0.03101	0.05818	0.01830	0.00506	0.02624	0.00815	0.09184	0.03493	0.00883	0.00672	0.00317	0.00292	0.00070	0.00296	0.00257	0.01837	0.62032
11	0.02190	0.10480	0.02761	0.00763	0.00996	0.07782	0.00625	0.14352	0.51607	0.01499	0.01160	0.01109	0.00879	0.00452	0.00360	0.00114	0.01645	0.00353	0.00321	0.00552
12	0.00972	0.87446	0.01905	0.00622	0.00933	0.01438	0.00622	0.01088	0.00738	0.00855	0.00505	0.00583	0.00466	0.00311	0.00233	0.00078	0.00389	0.00194	0.00155	0.00466
13	0.01359	0.01680	0.01034	0.00929	0.01124	0.79550	0.00701	0.07497	0.01080	0.00992	0.00585	0.00671	0.00479	0.00379	0.00330	0.00095	0.00637	0.00241	0.00200	0.00436
14	0.00480	0.00345	0.00459	0.00537	0.00578	0.00328	0.00393	0.00569	0.00733	0.00965	0.02048	0.60027	0.06516	0.03243	0.00506	0.00156	0.00244	0.21236	0.00334	0.00304
15	0.00458	0.00357	0.00416	0.00427	0.00515	0.00315	0.00310	0.00567	0.00857	0.01110	0.27319	0.22811	0.41403	0.00919	0.00437	0.00126	0.00187	0.00797	0.00356	0.00315
16	0.00526	0.00353	0.00454	0.00486	0.00549	0.00321	0.00342	0.00622	0.00807	0.05975	0.20563	0.52638	0.13034	0.00983	0.00446	0.00135	0.00204	0.00877	0.00358	0.00326
17	0.01062	0.00544	0.00670	0.00560	0.00751	0.00515	0.00446	0.06992	0.07647	0.34908	0.22139	0.01807	0.09257	0.00565	0.00375	0.00111	0.00253	0.00472	0.10440	0.00487
18	0.47374	0.00688	0.00679	0.00573	0.00814	0.00738	0.00467	0.01431	0.13793	0.28700	0.00958	0.00919	0.00669	0.00398	0.00293	0.00114	0.00291	0.00285	0.00320	0.00495
19	0.00781	0.00754	0.01243	0.39903	0.28900	0.00890	0.02846	0.00984	0.00728	0.01007	0.00626	0.00912	0.00514	0.00405	0.00532	0.00125	0.17900	0.00325	0.00167	0.00460
20	0.00832	0.00555	0.00650	0.00577	0.00742	0.00566	0.00448	0.01285	0.29799	0.15918	0.31790	0.02083	0.11982	0.00627	0.00397	0.00118	0.00237	0.00535	0.00391	0.00467
21	0.00756	0.12090	0.61011	0.00954	0.01398	0.00898	0.03954	0.01129	0.04016	0.01110	0.00786	0.03099	0.02556	0.00398	0.00370	0.00114	0.03318	0.01357	0.00175	0.00510
22	0.08714	0.48607	0.06527	0.00927	0.12264	0.04091	0.05460	0.06070	0.02415	0.01102	0.00593	0.00694	0.00501	0.00330	0.00281	0.00093	0.00414	0.00243	0.00184	0.00490
23	0.07826	0.54384	0.22082	0.00718	0.01067	0.04122	0.00775	0.01103	0.00755	0.01006	0.02945	0.00692	0.00544	0.00336	0.00269	0.00091	0.00420	0.00227	0.00168	0.00473
24	0.02485	0.05578	0.00768	0.00599	0.00753	0.00536	0.08218	0.03703	0.00873	0.12072	0.17701	0.10489	0.16394	0.04841	0.01579	0.00134	0.02846	0.01406	0.08632	0.00394
25	0.01233	0.00751	0.00849	0.00676	0.00907	0.00790	0.00548	0.41933	0.03434	0.20772	0.03470	0.01162	0.00857	0.03100	0.02835	0.00127	0.00346	0.00357	0.15311	0.00542
26	0.00931	0.00894	0.01033	0.00861	0.01024	0.15915	0.11635	0.10224	0.09267	0.03865	0.04352	0.01237	0.06251	0.02523	0.10330	0.02116	0.16471	0.00385	0.00247	0.00438
27	0.00455	0.00325	0.00436	0.00516	0.00544	0.00306	0.00355	0.00530	0.00717	0.00957	0.04852	0.78177	0.02417	0.01115	0.00465	0.00148	0.00218	0.06826	0.00339	0.00300
28	0.00781	0.20309	0.67373	0.00947	0.01435	0.00972	0.01188	0.01138	0.00761	0.01087	0.00621	0.00728	0.00462	0.00338	0.00321	0.00107	0.00505	0.00253	0.00154	0.00522
29	0.00556	0.00379	0.00467	0.00440	0.00537	0.00345	0.00329	0.00705	0.00958	0.04813	0.58621	0.02701	0.17697	0.04114	0.00471	0.00123	0.00186	0.00641	0.05573	0.00343
30	0.00579	0.00475	0.00685	0.00652	0.00697	0.00589	0.00512	0.00687	0.00578	0.00845	0.00908	0.04156	0.00887	0.07381	0.59073	0.00461	0.19906	0.00403	0.00193	0.00333
31	0.00501	0.00371	0.00467	0.00443	0.00535	0.00337	0.00332	0.00660	0.00997	0.01382	0.71935	0.02839	0.16309	0.00771	0.00429	0.00116	0.00173	0.00675	0.00390	0.00337
32	0.00533	0.00398	0.00605	0.00591	0.00656	0.00453	0.02402	0.00646	0.00582	0.00833	0.00960	0.01451	0.00908	0.07077	0.75026	0.05077	0.00899	0.00394	0.00194	0.00314
33	0.01170	0.21463	0.17349	0.00859	0.01150	0.43187	0.00793	0.01336	0.00913	0.07718	0.00636	0.00707	0.00501	0.00360	0.00312	0.00096	0.00543	0.00242	0.00195	0.00470
34	0.02490	0.30497	0.27927	0.03376	0.04647	0.01043	0.10315	0.03839	0.00802	0.04575	0.00644	0.00760	0.00504	0.00342	0.00340	0.00102	0.03142	0.00269	0.00182	0.04204
35	0.16611	0.06891	0.31496	0.01539	0.03671	0.00844	0.02916	0.09610	0.03757	0.09563	0.04065	0.00997	0.00707	0.00403	0.00338	0.00113	0.01143	0.02993	0.00242	0.02102
36	0.01015	0.15419	0.46233	0.00882	0.01307	0.00860	0.03884	0.01307	0.00839	0.23627	0.00841	0.00871	0.00582	0.00366	0.00335	0.00109	0.00455	0.00288	0.00234	0.00546

[dist]
# distance from previous block
# <min> <max>
0	26

[block]
# block no. 5 follows, 76 sequences, length 26
# corresponding to MSA columns:
# 786-811
name=unknown_F
#
# <colnr> <probs for GDERKNQSTAVLIFYWHMCP>
#	G	D	E	R	K	N	Q	S	T	A	V	L	I	F	Y	W	H	M	C	P
0	0.22246	0.29089	0.12438	0.00722	0.01040	0.02025	0.04786	0.13588	0.00887	0.06266	0.00651	0.00717	0.00503	0.00348	0.00286	0.00099	0.00390	0.00248	0.00224	0.03447
1	0.01277	0.10395	0.01107	0.00823	0.01061	0.32468	0.00662	0.35407	0.01258	0.04678	0.02579	0.00843	0.00633	0.00521	0.04580	0.00124	0.00514	0.00290	0.00272	0.00508
2	0.00491	0.00345	0.00448	0.00500	0.00521	0.00340	0.00337	0.00534	0.00654	0.00871	0.01729	0.54718	0.04002	0.19247	0.00838	0.05689	0.02840	0.05325	0.00296	0.00276
3	0.00519	0.00389	0.00584	0.00584	0.00649	0.00454	0.00454	0.00649	0.00584	0.00844	0.00974	0.01428	0.00909	0.02726	0.85787	0.00584	0.00974	0.00389	0.00195	0.00325
4	0.00548	0.00368	0.00464	0.00443	0.00530	0.00342	0.00331	0.00711	0.00968	0.02765	0.64659	0.06718	0.06087	0.00720	0.00405	0.00112	0.00176	0.00631	0.12679	0.00343
5	0.00795	0.00795	0.01113	0.00954	0.00954	0.01113	0.00795	0.00875	0.00557	0.00875	0.00477	0.00795	0.00477	0.00636	0.01193	0.00159	0.86562	0.00318	0.00159	0.00398
6	0.00795	0.00795	0.01113	0.00954	0.00954	0.01113	0.00795	0.00875	0.00557	0.00875	0.00477	0.00795	0.00477	0.00636	0.01193	0.00159	0.86562	0.00318	0.00159	0.00398
7	0.00963	0.83117	0.01865	0.00638	0.00934	0.01422	0.00631	0.01078	0.00729	0.00856	0.00504	0.00594	0.00467	0.00327	0.00281	0.00082	0.04694	0.00201	0.00156	0.00463
8	0.00532	0.04720	0.00508	0.00452	0.00554	0.00392	0.00337	0.00623	0.00768	0.04704	0.05883	0.20962	0.41387	0.06325	0.10005	0.00190	0.00303	0.00717	0.00313	0.00324
9	0.00508	0.00374	0.00494	0.00559	0.00628	0.00360	0.00444	0.00626	0.00776	0.01004	0.02206	0.31321	0.16376	0.01120	0.04737	0.00174	0.00300	0.37346	0.00329	0.00316
10	0.00443	0.00316	0.00422	0.00506	0.00527	0.00295	0.00337	0.00506	0.00696	0.00928	0.02003	0.86990	0.02404	0.01139	0.00464	0.00148	0.00211	0.01033	0.00337	0.00295
11	0.00857	0.06077	0.03402	0.00599	0.00919	0.00646	0.00505	0.13053	0.00893	0.01328	0.00679	0.00770	0.00549	0.00301	0.00283	0.00066	0.00302	0.00234	0.01608	0.66929
12	0.02652	0.01760	0.00889	0.00688	0.00949	0.03460	0.00564	0.19540	0.02262	0.54640	0.01216	0.01130	0.00808	0.00577	0.04656	0.02513	0.00374	0.00349	0.00394	0.00580
13	0.00526	0.00393	0.00465	0.00445	0.00520	0.00375	0.00306	0.00592	0.00638	0.00852	0.01679	0.02331	0.21001	0.40300	0.17539	0.00310	0.00424	0.02000	0.00245	0.09057
14	0.00754	0.00646	0.00754	0.00538	0.00861	0.00484	0.00431	0.00915	0.00754	0.01184	0.00646	0.00754	0.00538	0.00269	0.00269	0.00054	0.00269	0.00215	0.00215	0.89449
15	0.00442	0.00319	0.00419	0.00500	0.00526	0.00296	0.00335	0.00507	0.00702	0.00930	0.02078	0.83270	0.06076	0.01129	0.00462	0.00146	0.00210	0.01021	0.00337	0.00296
16	0.00813	0.00426	0.00454	0.00415	0.00535	0.00429	0.00321	0.07855	0.02080	0.08336	0.03688	0.01346	0.00980	0.00437	0.00279	0.00090	0.00202	0.00351	0.70574	0.00389
17	0.00527	0.00390	0.00473	0.00475	0.00560	0.00368	0.00348	0.00702	0.06175	0.02437	0.34542	0.20658	0.20048	0.06348	0.00525	0.00141	0.00211	0.04379	0.00358	0.00336
18	0.00729	0.01880	0.85344	0.01036	0.01573	0.00844	0.01343	0.01151	0.00767	0.01151	0.00652	0.00767	0.00460	0.00345	0.00345	0.00115	0.00537	0.00269	0.00153	0.00537
19	0.00635	0.00344	0.00499	0.01864	0.00533	0.00336	0.00334	0.00524	0.00527	0.00722	0.04819	0.01165	0.00767	0.01149	0.01266	0.76743	0.00306	0.00327	0.01469	0.05671
20	0.00456	0.00331	0.00431	0.00497	0.00537	0.00307	0.00345	0.00537	0.00747	0.00992	0.10153	0.67327	0.09787	0.01074	0.00459	0.00143	0.00211	0.05020	0.00343	0.00303
21	0.01157	0.34230	0.01492	0.00875	0.01138	0.37841	0.09896	0.07485	0.00951	0.01013	0.00583	0.00680	0.00488	0.00347	0.00306	0.00092	0.00530	0.00248	0.00188	0.00461
22	0.00542	0.00409	0.00530	0.00519	0.00553	0.00456	0.00369	0.00605	0.00586	0.00805	0.01274	0.05084	0.07756	0.39744	0.28506	0.00378	0.08995	0.02386	0.00222	0.00283
23	0.00934	0.40993	0.02588	0.04567	0.12018	0.02492	0.00691	0.03917	0.02479	0.03484	0.00620	0.00735	0.00526	0.00343	0.00342	0.00089	0.06321	0.00245	0.00190	0.16426
24	0.00703	0.00561	0.00672	0.00520	0.00763	0.00451	0.00409	0.00888	0.02887	0.03387	0.27665	0.01409	0.01489	0.00431	0.00325	0.00076	0.00239	0.00366	0.00284	0.56476
25	0.42519	0.00881	0.01871	0.02082	0.00918	0.09222	0.01465	0.22156	0.03107	0.07504	0.00749	0.02677	0.00581	0.02428	0.00333	0.00117	0.00361	0.00283	0.00276	0.00471

[dist]
# distance from previous block
# <min> <max>
3	18

[block]
# block no. 6 follows, 76 sequences, length 33
# corresponding to MSA columns:
# 830-862
name=unknown_G
#
# <colnr> <probs for GDERKNQSTAVLIFYWHMCP>
#	G	D	E	R	K	N	Q	S	T	A	V	L	I	F	Y	W	H	M	C	P
0	0.68329	0.00702	0.00617	0.00529	0.00765	0.00781	0.00435	0.04103	0.03642	0.16145	0.00714	0.00739	0.00514	0.00366	0.00259	0.00113	0.00290	0.00238	0.00274	0.00447
1	0.01322	0.01626	0.00995	0.00900	0.01086	0.77556	0.00677	0.04872	0.01044	0.00974	0.00609	0.00703	0.00500	0.00380	0.00325	0.00094	0.00618	0.00244	0.05052	0.00425
2	0.00504	0.00358	0.00478	0.00502	0.00533	0.00377	0.00347	0.00573	0.00600	0.00823	0.01320	0.23990	0.01464	0.31215	0.33025	0.00382	0.00549	0.02435	0.00244	0.00281
3	0.00866	0.00435	0.00530	0.00467	0.00617	0.00390	0.00364	0.01007	0.00915	0.26289	0.19684	0.04577	0.19804	0.00629	0.00369	0.00109	0.00216	0.00529	0.21789	0.00415
4	0.01631	0.00619	0.00843	0.00647	0.00928	0.00534	0.00534	0.01771	0.01040	0.85211	0.01434	0.01237	0.00900	0.00450	0.00365	0.00112	0.00309	0.00365	0.00450	0.00619
5	0.00483	0.00368	0.00444	0.00429	0.00525	0.00329	0.00320	0.00624	0.00949	0.01278	0.54365	0.06048	0.30882	0.00817	0.00430	0.00118	0.00177	0.00708	0.00377	0.00329
6	0.89794	0.00703	0.00534	0.00478	0.00703	0.00815	0.00394	0.01068	0.00619	0.01631	0.00506	0.00590	0.00394	0.00337	0.00225	0.00112	0.00281	0.00197	0.00225	0.00394
7	0.07338	0.05058	0.00881	0.00733	0.00941	0.15310	0.00576	0.07779	0.49332	0.01437	0.01146	0.01110	0.00872	0.00445	0.00339	0.00112	0.00356	0.00345	0.05368	0.00521
8	0.00572	0.03079	0.00562	0.00577	0.00642	0.00423	0.00465	0.00686	0.00747	0.00977	0.04095	0.08043	0.01886	0.24737	0.00861	0.00213	0.00330	0.50501	0.00300	0.00305
9	0.03554	0.44220	0.09746	0.00796	0.05589	0.05633	0.00707	0.02816	0.21455	0.01117	0.00780	0.00819	0.00632	0.00367	0.00292	0.00097	0.00392	0.00267	0.00217	0.00505
10	0.00798	0.00672	0.00778	0.00559	0.00880	0.00530	0.00449	0.06799	0.00822	0.01263	0.00662	0.00762	0.00544	0.00281	0.00276	0.00058	0.00278	0.00223	0.00226	0.83139
11	0.00747	0.13819	0.15440	0.00781	0.01045	0.02046	0.13903	0.03298	0.06841	0.02688	0.21366	0.01683	0.12647	0.01648	0.00395	0.00115	0.00365	0.00460	0.00271	0.00442
12	0.00430	0.00368	0.00368	0.00368	0.00491	0.00307	0.00276	0.00522	0.00828	0.00982	0.03682	0.03498	0.84812	0.00920	0.00430	0.00123	0.00184	0.00767	0.00338	0.00307
13	0.00795	0.08135	0.56586	0.01010	0.01439	0.00931	0.07699	0.03595	0.06672	0.01165	0.00697	0.00817	0.00520	0.00378	0.00420	0.00117	0.08034	0.00292	0.00178	0.00521
14	0.00465	0.00367	0.00419	0.00411	0.00514	0.00321	0.00306	0.00587	0.00903	0.01172	0.36480	0.07467	0.47577	0.00860	0.00431	0.00121	0.00180	0.00736	0.00363	0.00321
15	0.00624	0.00317	0.00470	0.00470	0.00474	0.00315	0.00314	0.00475	0.00486	0.00644	0.00737	0.01188	0.03561	0.01251	0.01386	0.86317	0.00311	0.00331	0.00164	0.00163
16	0.01106	0.57872	0.01608	0.00723	0.00999	0.24045	0.00649	0.07471	0.00890	0.00973	0.00548	0.00624	0.00478	0.00338	0.00268	0.00084	0.00461	0.00215	0.00180	0.00466
17	0.00480	0.00328	0.00438	0.00515	0.00545	0.00305	0.00350	0.00548	0.00709	0.03267	0.01985	0.82306	0.02353	0.01116	0.00462	0.00147	0.00217	0.03284	0.00340	0.00305
18	0.00993	0.82771	0.01857	0.00639	0.00943	0.06037	0.00626	0.01108	0.00754	0.00857	0.00508	0.00587	0.00467	0.00314	0.00238	0.00079	0.00403	0.00197	0.00157	0.00464
19	0.00545	0.00408	0.00459	0.00446	0.00552	0.00388	0.00332	0.02500	0.07607	0.01220	0.26271	0.10271	0.33106	0.02655	0.01418	0.00128	0.00207	0.00663	0.10477	0.00346
20	0.00547	0.00476	0.03681	0.01738	0.00712	0.00414	0.05150	0.00737	0.02215	0.01300	0.50846	0.04339	0.13612	0.00761	0.00435	0.00124	0.00241	0.11959	0.00357	0.00356
21	0.03732	0.63516	0.11917	0.00708	0.01028	0.11999	0.00713	0.01141	0.00775	0.00919	0.00530	0.00615	0.00464	0.00324	0.00259	0.00085	0.00437	0.00208	0.00161	0.00467
22	0.11328	0.00676	0.00807	0.02284	0.14807	0.00717	0.00571	0.19747	0.06474	0.07620	0.02652	0.03599	0.00833	0.00432	0.00320	0.00105	0.00303	0.00350	0.25891	0.00483
23	0.00756	0.00415	0.00556	0.00565	0.00669	0.00381	0.00434	0.00865	0.00827	0.20879	0.04984	0.41144	0.06588	0.00920	0.00446	0.00141	0.00258	0.18423	0.00366	0.00382
24	0.03389	0.01066	0.37713	0.00751	0.01023	0.00640	0.00803	0.00926	0.05063	0.01011	0.00878	0.01292	0.00787	0.17822	0.24973	0.00295	0.00605	0.00359	0.00192	0.00413
25	0.00754	0.00646	0.00754	0.00538	0.00861	0.00484	0.00431	0.00915	0.00754	0.01184	0.00646	0.00754	0.00538	0.00269	0.00269	0.00054	0.00269	0.00215	0.00215	0.89449
26	0.01025	0.22932	0.03792	0.03038	0.02461	0.09743	0.00570	0.04309	0.02459	0.19716	0.18976	0.01380	0.02534	0.05038	0.00420	0.00115	0.00354	0.00380	0.00295	0.00464
27	0.00824	0.00456	0.00579	0.00541	0.00650	0.00445	0.00408	0.03972	0.02444	0.20136	0.05462	0.09413	0.02435	0.24950	0.08668	0.00232	0.00364	0.12268	0.05373	0.00378
28	0.00712	0.00632	0.00796	0.00963	0.23012	0.02692	0.00582	0.07002	0.11252	0.01232	0.08273	0.02223	0.37886	0.00647	0.00396	0.00117	0.00289	0.00552	0.00303	0.00440
29	0.00446	0.00318	0.00421	0.00502	0.00523	0.00297	0.00333	0.00507	0.00690	0.00920	0.01974	0.84068	0.02366	0.04111	0.00512	0.00155	0.00216	0.01016	0.00333	0.00293
30	0.83046	0.02567	0.00615	0.00577	0.05303	0.00831	0.00438	0.01071	0.00633	0.01590	0.00516	0.00607	0.00405	0.00336	0.00232	0.00111	0.00292	0.00204	0.00221	0.00405
31	0.05797	0.02098	0.16703	0.12867	0.15282	0.02366	0.10110	0.18903	0.00982	0.03181	0.00733	0.00880	0.00551	0.00368	0.00367	0.00111	0.02148	0.00314	0.03259	0.02982
32	0.11129	0.00757	0.01047	0.03473	0.36443	0.02199	0.00749	0.04205	0.02492	0.07655	0.05342	0.02558	0.00769	0.00371	0.00331	0.00099	0.00353	0.00321	0.00238	0.19469

[dist]
# distance from previous block
# <min> <max>
7	43

[block]
# block no. 7 follows, 76 sequences, length 26
# corresponding to MSA columns:
# 908-933
name=unknown_H
#
# <colnr> <probs for GDERKNQSTAVLIFYWHMCP>
#	G	D	E	R	K	N	Q	S	T	A	V	L	I	F	Y	W	H	M	C	P
0	0.00986	0.02234	0.07154	0.00888	0.08824	0.25022	0.01813	0.13696	0.03969	0.01274	0.08133	0.01258	0.10375	0.00458	0.00351	0.00100	0.00423	0.00361	0.00256	0.12424
1	0.03977	0.17643	0.02029	0.05923	0.06356	0.03121	0.02257	0.01347	0.17949	0.19415	0.05586	0.04478	0.01643	0.00489	0.01364	0.00116	0.04326	0.00369	0.00292	0.01320
2	0.02658	0.07199	0.20424	0.00789	0.02643	0.06310	0.04678	0.03216	0.18174	0.04167	0.05413	0.05419	0.09661	0.03406	0.00415	0.00124	0.00380	0.02612	0.01843	0.00469
3	0.38188	0.00635	0.00699	0.02912	0.00786	0.00777	0.00513	0.02681	0.00622	0.01214	0.01596	0.00978	0.00627	0.06505	0.19422	0.00243	0.20725	0.00300	0.00206	0.00373
4	0.00795	0.00795	0.01113	0.00954	0.00954	0.01113	0.00795	0.00875	0.00557	0.00875	0.00477	0.00795	0.00477	0.00636	0.01193	0.00159	0.86562	0.00318	0.00159	0.00398
5	0.00785	0.00651	0.00780	0.05542	0.07235	0.00713	0.00565	0.03351	0.43249	0.02748	0.24905	0.01756	0.05057	0.00559	0.00387	0.00119	0.00276	0.00481	0.00352	0.00491
6	0.02897	0.79092	0.03231	0.00666	0.00981	0.01388	0.03953	0.02637	0.00759	0.00916	0.00524	0.00608	0.00471	0.00314	0.00245	0.00081	0.00398	0.00207	0.00162	0.00470
7	0.03986	0.00660	0.00855	0.00656	0.00938	0.00597	0.00541	0.09608	0.01082	0.71578	0.01323	0.01165	0.00844	0.00438	0.00358	0.00110	0.00316	0.00351	0.00426	0.04168
8	0.00507	0.00371	0.00476	0.00450	0.00539	0.00340	0.00337	0.00672	0.01012	0.01419	0.78133	0.02779	0.10089	0.00758	0.00429	0.00115	0.00173	0.00666	0.00395	0.00340
9	0.00446	0.00324	0.00423	0.00500	0.00532	0.00300	0.00341	0.00516	0.00711	0.00937	0.02137	0.77468	0.09082	0.01116	0.00462	0.00146	0.00213	0.03710	0.00337	0.00297
10	0.05066	0.34394	0.01354	0.00719	0.01012	0.01177	0.00635	0.39302	0.02792	0.09117	0.00776	0.00790	0.00584	0.00386	0.00307	0.00098	0.00380	0.00275	0.00285	0.00549
11	0.00446	0.00323	0.00423	0.00502	0.00532	0.00300	0.00341	0.00514	0.00708	0.00936	0.02107	0.79241	0.07603	0.01121	0.00463	0.00147	0.00213	0.03446	0.00337	0.00297
12	0.01465	0.00846	0.00990	0.00762	0.01039	0.00882	0.00630	0.47229	0.01395	0.36392	0.01091	0.01020	0.00729	0.00449	0.00392	0.00112	0.03231	0.00343	0.00392	0.00611
13	0.02087	0.00491	0.00676	0.00608	0.00662	0.00550	0.00457	0.05863	0.00637	0.10534	0.00731	0.02486	0.00658	0.00983	0.01157	0.53813	0.16775	0.00333	0.00208	0.00291
14	0.01340	0.01679	0.01023	0.00926	0.01117	0.80591	0.00697	0.03201	0.04377	0.00944	0.00605	0.00688	0.00497	0.00381	0.00330	0.00095	0.00635	0.00243	0.00198	0.00432
15	0.00820	0.00776	0.02373	0.30664	0.33536	0.00825	0.02798	0.04718	0.04418	0.01146	0.00732	0.01000	0.00596	0.00373	0.00392	0.00112	0.03926	0.02251	0.00196	0.08347
16	0.00883	0.00897	0.01071	0.00924	0.03396	0.17983	0.15755	0.06252	0.05869	0.02615	0.07186	0.14579	0.05418	0.00625	0.01910	0.00132	0.13334	0.00489	0.00256	0.00427
17	0.00714	0.00606	0.03568	0.00679	0.00760	0.00666	0.02627	0.02139	0.04696	0.06423	0.08983	0.06735	0.06944	0.20374	0.05877	0.00212	0.26892	0.00484	0.00253	0.00369
18	0.04724	0.00732	0.03756	0.57730	0.03975	0.02244	0.02460	0.02115	0.08452	0.01073	0.02966	0.01007	0.00623	0.00386	0.00376	0.00118	0.02552	0.00329	0.00196	0.04189
19	0.01213	0.01305	0.01034	0.00902	0.01054	0.46951	0.00707	0.08862	0.02014	0.07252	0.01747	0.00791	0.00563	0.00462	0.00566	0.00115	0.23509	0.00282	0.00220	0.00449
20	0.02101	0.00361	0.00456	0.00467	0.00537	0.00336	0.00338	0.00620	0.00882	0.01223	0.45864	0.27785	0.10776	0.03742	0.00485	0.00134	0.00197	0.03009	0.00365	0.00322
21	0.00442	0.00319	0.00419	0.00499	0.00525	0.00296	0.00334	0.00507	0.00703	0.00931	0.02087	0.82801	0.06538	0.01128	0.00462	0.00146	0.00210	0.01020	0.00337	0.00296
22	0.01469	0.00577	0.00782	0.00621	0.00868	0.00502	0.00504	0.01604	0.01001	0.73178	0.03520	0.09152	0.01101	0.00520	0.00373	0.00115	0.00293	0.00433	0.02813	0.00575
23	0.01382	0.01018	0.01091	0.00836	0.01127	0.01127	0.00691	0.83748	0.01709	0.02291	0.00873	0.00873	0.00618	0.00436	0.00364	0.00109	0.00400	0.00327	0.00364	0.00618
24	0.36947	0.00700	0.00717	0.00598	0.00838	0.00747	0.00487	0.07471	0.15085	0.28540	0.01019	0.00974	0.00712	0.00410	0.00306	0.00113	0.00296	0.00302	0.03225	0.00512
25	0.05614	0.01003	0.01064	0.00819	0.01107	0.01112	0.00677	0.79790	0.01657	0.02259	0.00855	0.00859	0.00607	0.00432	0.00357	0.00109	0.00394	0.00321	0.00357	0.00607

[dist]
# distance from previous block
# <min> <max>
0	3

[block]
# block no. 8 follows, 76 sequences, length 8
# corresponding to MSA columns:
# 937-944
name=unknown_I
#
# <colnr> <probs for GDERKNQSTAVLIFYWHMCP>
#	G	D	E	R	K	N	Q	S	T	A	V	L	I	F	Y	W	H	M	C	P
0	0.00962	0.00810	0.00855	0.00751	0.00967	0.00931	0.00589	0.11901	0.74238	0.01614	0.01405	0.01297	0.01050	0.00486	0.00369	0.00122	0.00301	0.00401	0.00369	0.00580
1	0.00543	0.00376	0.00475	0.00450	0.00544	0.00343	0.00337	0.00700	0.00984	0.04063	0.66318	0.05443	0.13395	0.00757	0.00422	0.00115	0.00179	0.00662	0.03548	0.00346
2	0.00689	0.00633	0.01005	0.01380	0.43553	0.00611	0.03478	0.00851	0.00820	0.01109	0.05964	0.14398	0.22774	0.00620	0.00399	0.00118	0.00328	0.00564	0.00255	0.00450
3	0.00442	0.00320	0.00418	0.00497	0.00525	0.00296	0.00333	0.00507	0.00705	0.00932	0.02119	0.81218	0.08101	0.01124	0.00462	0.00146	0.00209	0.01015	0.00337	0.00296
4	0.00631	0.00316	0.00473	0.00473	0.00473	0.00316	0.00316	0.00473	0.00473	0.00631	0.00631	0.01105	0.00631	0.01263	0.01420	0.89426	0.00316	0.00316	0.00158	0.00158
5	0.00972	0.87446	0.01905	0.00622	0.00933	0.01438	0.00622	0.01088	0.00738	0.00855	0.00505	0.00583	0.00466	0.00311	0.00233	0.00078	0.00389	0.00194	0.00155	0.00466
6	0.00473	0.00338	0.00456	0.00541	0.00575	0.00321	0.00390	0.00558	0.00726	0.00962	0.01987	0.69508	0.02338	0.01110	0.00472	0.00152	0.00237	0.18218	0.00337	0.00304
7	0.01191	0.09914	0.12268	0.00863	0.01129	0.30980	0.00761	0.22302	0.04996	0.05338	0.00737	0.00802	0.00566	0.00454	0.02301	0.00115	0.04255	0.00280	0.00245	0.00505

[dist]
# distance from previous block
# <min> <max>
2	14

[block]
# block no. 9 follows, 76 sequences, length 7
# corresponding to MSA columns:
# 959,962-967
name=unknown_J
#
# <colnr> <probs for GDERKNQSTAVLIFYWHMCP>
#	G	D	E	R	K	N	Q	S	T	A	V	L	I	F	Y	W	H	M	C	P
0	0.06888	0.02215	0.05458	0.04282	0.30780	0.02951	0.05986	0.06347	0.21746	0.03158	0.01028	0.03023	0.03698	0.00419	0.00359	0.00115	0.00391	0.00369	0.00255	0.00532
1	0.01103	0.00599	0.00732	0.00567	0.00822	0.00519	0.00457	0.05319	0.03458	0.33560	0.05315	0.01151	0.00902	0.00400	0.00320	0.00089	0.00272	0.00325	0.13420	0.30671
2	0.01082	0.00602	0.00723	0.00612	0.00791	0.04464	0.00488	0.03833	0.03925	0.36936	0.20442	0.01890	0.09596	0.03418	0.00490	0.00126	0.05691	0.04035	0.00379	0.00476
3	0.00907	0.00789	0.03397	0.27336	0.11369	0.03260	0.05581	0.05047	0.18312	0.09131	0.03891	0.01111	0.00789	0.00423	0.00409	0.00119	0.04810	0.00360	0.02466	0.00495
4	0.01095	0.00878	0.00972	0.03753	0.07672	0.03890	0.00660	0.43512	0.17980	0.01793	0.05440	0.04218	0.05495	0.00501	0.00374	0.00114	0.00362	0.00406	0.00337	0.00550
5	0.00483	0.00346	0.00441	0.00479	0.00521	0.00335	0.00331	0.00546	0.00679	0.00897	0.04820	0.37817	0.14433	0.17130	0.11490	0.04114	0.00337	0.04225	0.00292	0.00284
6	0.07198	0.13756	0.03272	0.03942	0.03719	0.06761	0.05828	0.11202	0.16419	0.15962	0.00975	0.00988	0.01910	0.00408	0.00355	0.00107	0.02525	0.00321	0.00286	0.04066

[dist]
# distance from previous block
# <min> <max>
5	7

[block]
# block no. 10 follows, 76 sequences, length 10
# corresponding to MSA columns:
# 976-985
name=unknown_K
#
# <colnr> <probs for GDERKNQSTAVLIFYWHMCP>
#	G	D	E	R	K	N	Q	S	T	A	V	L	I	F	Y	W	H	M	C	P
0	0.00501	0.00371	0.00467	0.00443	0.00535	0.00337	0.00332	0.00660	0.00997	0.01383	0.72098	0.02837	0.16146	0.00771	0.00429	0.00116	0.00173	0.00674	0.00390	0.00337
1	0.00981	0.00887	0.01545	0.01136	0.01436	0.00886	0.45981	0.25161	0.01090	0.01523	0.00848	0.01010	0.00632	0.00363	0.00382	0.00112	0.00479	0.00385	0.14659	0.00503
2	0.04066	0.00821	0.00901	0.00725	0.00975	0.00889	0.00588	0.39900	0.20719	0.17293	0.01132	0.01084	0.00804	0.00448	0.00352	0.00111	0.00334	0.00351	0.07930	0.00577
3	0.00712	0.00509	0.00605	0.00570	0.00687	0.00512	0.00432	0.19958	0.01035	0.03435	0.20783	0.34076	0.09769	0.00842	0.00429	0.00129	0.00252	0.04515	0.00360	0.00392
4	0.01007	0.09213	0.13626	0.05177	0.12066	0.00893	0.26711	0.05108	0.02875	0.15947	0.00830	0.00945	0.00606	0.00363	0.00393	0.00114	0.03017	0.00346	0.00234	0.00529
5	0.00607	0.00324	0.00455	0.00455	0.00455	0.00324	0.00293	0.00487	0.00487	0.00649	0.00753	0.01407	0.00795	0.21690	0.01523	0.68259	0.00324	0.00366	0.00173	0.00173
6	0.00890	0.00914	0.01130	0.00958	0.01018	0.11255	0.04673	0.05910	0.00698	0.00974	0.00542	0.00816	0.00504	0.00657	0.04222	0.00163	0.63767	0.00316	0.00177	0.00415
7	0.00839	0.02289	0.07407	0.03368	0.04044	0.00618	0.03244	0.08344	0.02085	0.04524	0.02145	0.00990	0.00681	0.00363	0.00328	0.01509	0.00326	0.03093	0.04437	0.49368
8	0.00851	0.00831	0.06042	0.01098	0.21073	0.06202	0.05824	0.11223	0.11647	0.01251	0.05082	0.07418	0.01064	0.14826	0.01966	0.00163	0.00406	0.02310	0.00258	0.00464
9	0.00955	0.05008	0.51332	0.02639	0.03051	0.15356	0.01077	0.04398	0.03469	0.08310	0.00732	0.00810	0.00528	0.00366	0.00342	0.00110	0.00516	0.00277	0.00200	0.00524

[dist]
# distance from previous block
# <min> <max>
0	12

[block]
# block no. 11 follows, 76 sequences, length 21
# corresponding to MSA columns:
# 998-1018
name=unknown_L
#
# <colnr> <probs for GDERKNQSTAVLIFYWHMCP>
#	G	D	E	R	K	N	Q	S	T	A	V	L	I	F	Y	W	H	M	C	P
0	0.18433	0.04402	0.00855	0.00643	0.00911	0.00764	0.00531	0.16335	0.09523	0.29670	0.01025	0.01017	0.00728	0.00410	0.00323	0.00105	0.00317	0.01716	0.00338	0.11954
1	0.00986	0.00916	0.04447	0.01039	0.04787	0.00958	0.20048	0.18306	0.26869	0.03631	0.00972	0.01042	0.00735	0.00438	0.00483	0.00122	0.11287	0.00372	0.00281	0.02279
2	0.00701	0.00551	0.00676	0.00599	0.00737	0.00575	0.03691	0.06824	0.19189	0.03446	0.27802	0.02223	0.15654	0.07677	0.02727	0.00152	0.03280	0.02742	0.00343	0.00411
3	0.00458	0.00323	0.00417	0.00487	0.00517	0.00301	0.00327	0.00529	0.00713	0.00962	0.05194	0.73282	0.06455	0.03821	0.00496	0.00149	0.00211	0.00960	0.04102	0.00297
4	0.00482	0.00333	0.00429	0.00493	0.00536	0.00305	0.00336	0.00551	0.00725	0.03815	0.02200	0.73296	0.12976	0.01087	0.00456	0.00143	0.00211	0.00976	0.00341	0.00308
5	0.01117	0.00826	0.00901	0.00750	0.00981	0.00914	0.00598	0.37160	0.34253	0.07738	0.02967	0.08049	0.01034	0.00522	0.00376	0.00118	0.00329	0.00427	0.00371	0.00570
6	0.77907	0.00703	0.00583	0.00506	0.00739	0.00794	0.00417	0.03519	0.00695	0.10510	0.00615	0.00667	0.00454	0.00352	0.00244	0.00112	0.00288	0.00218	0.00253	0.00424
7	0.25541	0.00818	0.00821	0.00666	0.00909	0.00908	0.00544	0.41360	0.07911	0.05942	0.00882	0.00905	0.00644	0.00413	0.00314	0.00109	0.00328	0.00301	0.10160	0.00522
8	0.00678	0.00416	0.00573	0.00558	0.00647	0.00445	0.00436	0.02396	0.00693	0.09309	0.01143	0.01721	0.01046	0.07092	0.47471	0.03809	0.00664	0.09182	0.11371	0.00349
9	0.00966	0.80486	0.01870	0.00751	0.07687	0.01392	0.00662	0.01090	0.00746	0.00882	0.00520	0.00608	0.00475	0.00312	0.00243	0.00080	0.00392	0.00205	0.00157	0.00475
10	0.27689	0.00776	0.01025	0.20955	0.23617	0.00864	0.02166	0.12350	0.02988	0.01417	0.00696	0.00902	0.00552	0.00371	0.00325	0.00114	0.00392	0.02097	0.00223	0.00480
11	0.03895	0.00719	0.00937	0.14608	0.07735	0.00810	0.03858	0.09717	0.29717	0.03180	0.01198	0.06517	0.02591	0.02292	0.02338	0.00140	0.03992	0.04980	0.00290	0.00488
12	0.00676	0.00406	0.00523	0.00477	0.00593	0.00366	0.00363	0.00831	0.00992	0.14085	0.59191	0.05767	0.11033	0.00725	0.00417	0.00116	0.00195	0.00632	0.02233	0.00379
13	0.02784	0.00722	0.01001	0.22270	0.16706	0.06811	0.04217	0.02961	0.00903	0.17452	0.13381	0.01341	0.04165	0.00451	0.00369	0.00113	0.00385	0.00393	0.03105	0.00472
14	0.00594	0.00383	0.00497	0.00501	0.00582	0.00356	0.00365	0.00735	0.03338	0.08503	0.35218	0.35692	0.07136	0.00888	0.00453	0.01556	0.00208	0.02275	0.00370	0.00350
15	0.00836	0.00515	0.00628	0.00560	0.00675	0.00533	0.00414	0.11091	0.08761	0.13270	0.08695	0.04377	0.01246	0.23514	0.12525	0.09191	0.00403	0.00453	0.01929	0.00384
16	0.00972	0.87446	0.01905	0.00622	0.00933	0.01438	0.00622	0.01088	0.00738	0.00855	0.00505	0.00583	0.00466	0.00311	0.00233	0.00078	0.00389	0.00194	0.00155	0.00466
17	0.04468	0.00428	0.00479	0.00465	0.00574	0.00435	0.00365	0.03353	0.06200	0.04047	0.17914	0.04272	0.01596	0.00583	0.00339	0.00108	0.00216	0.10970	0.42815	0.00372
18	0.00699	0.00659	0.01114	0.81178	0.07576	0.00811	0.01016	0.00940	0.00733	0.00945	0.00648	0.00965	0.00490	0.00361	0.00363	0.00120	0.00481	0.00323	0.00163	0.00414
19	0.01065	0.04285	0.12246	0.00726	0.00992	0.07093	0.00654	0.22450	0.08858	0.16261	0.01446	0.02781	0.14562	0.00616	0.04194	0.00134	0.00398	0.00408	0.00318	0.00513
20	0.00932	0.00911	0.12438	0.03717	0.02920	0.01993	0.00664	0.16990	0.11128	0.05561	0.04393	0.00968	0.00751	0.00374	0.00328	0.00091	0.00348	0.00300	0.00270	0.34924

[dist]
# distance from previous block
# <min> <max>
2	11

[block]
# block no. 12 follows, 76 sequences, length 8
# corresponding to MSA columns:
# 1030-1037
name=unknown_M
#
# <colnr> <probs for GDERKNQSTAVLIFYWHMCP>
#	G	D	E	R	K	N	Q	S	T	A	V	L	I	F	Y	W	H	M	C	P
0	0.02796	0.00711	0.01100	0.20888	0.31045	0.00735	0.03035	0.05537	0.02212	0.07847	0.08613	0.01286	0.04705	0.00428	0.00367	0.00111	0.00385	0.02091	0.00244	0.05864
1	0.11148	0.00723	0.02652	0.17296	0.01192	0.03621	0.01860	0.13226	0.09296	0.05981	0.05411	0.02609	0.03096	0.00778	0.11154	0.00180	0.04286	0.04775	0.00270	0.00447
