[name]
unknown

[dist]
# distance from previous block
# <min> <max>
0	352

[block]
# block no. 0 follows, 77 sequences, length 10
# corresponding to MSA columns:
# 468-477
name=unknown_A
#
# <colnr> <probs for GDERKNQSTAVLIFYWHMCP>
#	G	D	E	R	K	N	Q	S	T	A	V	L	I	F	Y	W	H	M	C	P
0	0.00815	0.03160	0.04199	0.09666	0.08049	0.07291	0.06714	0.08555	0.03059	0.03936	0.01329	0.06606	0.06814	0.00611	0.00400	0.00125	0.00392	0.22891	0.00268	0.05119
1	0.00848	0.04031	0.11099	0.46669	0.12919	0.03207	0.02835	0.07779	0.00843	0.05374	0.00697	0.00910	0.00521	0.00360	0.00353	0.00114	0.00467	0.00311	0.00193	0.00470
2	0.04344	0.03642	0.05149	0.11943	0.08108	0.19483	0.02137	0.19478	0.09127	0.03248	0.00767	0.00866	0.00589	0.00432	0.02081	0.00115	0.02328	0.00297	0.00243	0.05623
3	0.00682	0.00722	0.08394	0.26192	0.04421	0.02671	0.00718	0.05080	0.04968	0.01074	0.04217	0.11427	0.16786	0.00594	0.00455	0.00123	0.08113	0.00490	0.00243	0.02632
4	0.00506	0.00382	0.00483	0.00463	0.00541	0.00367	0.00345	0.00634	0.00903	0.01241	0.54357	0.08677	0.18748	0.02891	0.00531	0.03012	0.04574	0.00667	0.00356	0.00323
5	0.23459	0.02159	0.02414	0.02742	0.06226	0.07079	0.05236	0.06411	0.03905	0.01285	0.09423	0.05762	0.12650	0.01996	0.04842	0.00143	0.03180	0.00423	0.00259	0.00406
6	0.00481	0.00373	0.00474	0.00546	0.04234	0.00342	0.00380	0.00586	0.00796	0.01032	0.12668	0.34898	0.29400	0.00956	0.00444	0.00135	0.00221	0.11382	0.00334	0.00319
7	0.20732	0.01217	0.20644	0.02795	0.05593	0.21041	0.03967	0.02408	0.07265	0.01196	0.00722	0.04157	0.00602	0.02644	0.00391	0.00118	0.03547	0.00302	0.00207	0.00452
8	0.00886	0.03319	0.35924	0.00907	0.07584	0.00735	0.00888	0.06635	0.05291	0.12891	0.00903	0.03444	0.00694	0.00629	0.09035	0.00156	0.00471	0.00327	0.04127	0.05154
9	0.00745	0.07020	0.25041	0.00830	0.04093	0.09406	0.00775	0.00926	0.00681	0.00922	0.00742	0.01128	0.00687	0.14862	0.17329	0.00244	0.13658	0.00331	0.00176	0.00404

[dist]
# distance from previous block
# <min> <max>
6	16

[block]
# block no. 1 follows, 77 sequences, length 20
# corresponding to MSA columns:
# 496-515
name=unknown_B
#
# <colnr> <probs for GDERKNQSTAVLIFYWHMCP>
#	G	D	E	R	K	N	Q	S	T	A	V	L	I	F	Y	W	H	M	C	P
0	0.39022	0.15478	0.03874	0.00669	0.00908	0.13143	0.05077	0.02881	0.03959	0.02412	0.02052	0.04139	0.00596	0.00385	0.00296	0.00105	0.01985	0.00271	0.00218	0.02531
1	0.09783	0.08690	0.29328	0.01932	0.02865	0.00783	0.02655	0.09062	0.02387	0.04006	0.02779	0.04078	0.01782	0.05396	0.11061	0.00181	0.00479	0.00341	0.01953	0.00458
2	0.02860	0.46138	0.10676	0.00736	0.01037	0.07976	0.03985	0.08869	0.07334	0.02122	0.00737	0.00821	0.02511	0.02413	0.00324	0.00099	0.00415	0.00265	0.00204	0.00480
3	0.00890	0.23669	0.08049	0.01013	0.12702	0.10944	0.05371	0.01041	0.00739	0.01977	0.00657	0.03895	0.00601	0.02474	0.03372	0.00132	0.19645	0.00309	0.02075	0.00446
4	0.03107	0.04344	0.12719	0.02091	0.02479	0.00777	0.03575	0.20357	0.06412	0.28774	0.05090	0.02320	0.01659	0.00435	0.00354	0.00109	0.00364	0.00354	0.00330	0.04351
5	0.00613	0.00340	0.00476	0.00473	0.00484	0.00348	0.00315	0.00542	0.03699	0.00682	0.00756	0.01320	0.00766	0.14844	0.06300	0.66966	0.00355	0.00353	0.00176	0.00191
6	0.01158	0.41867	0.01419	0.00732	0.01004	0.17859	0.00639	0.19859	0.05776	0.05544	0.00695	0.00732	0.00554	0.00365	0.00293	0.00091	0.00429	0.00250	0.00233	0.00500
7	0.00499	0.00401	0.00562	0.00566	0.02342	0.00379	0.05416	0.00605	0.00773	0.01025	0.16604	0.35076	0.20519	0.06581	0.03707	0.00162	0.01946	0.02200	0.00316	0.00319
8	0.02194	0.21037	0.22721	0.02449	0.10932	0.07372	0.09466	0.07131	0.00885	0.07740	0.04286	0.00873	0.00650	0.00361	0.00330	0.00103	0.00455	0.00297	0.00210	0.00506
9	0.00900	0.08357	0.11100	0.13018	0.36514	0.02675	0.02029	0.06626	0.04427	0.04650	0.02878	0.01668	0.00660	0.00396	0.01322	0.00114	0.01613	0.00323	0.00208	0.00520
10	0.00548	0.00358	0.00421	0.00419	0.00434	0.00359	0.00251	0.00568	0.00559	0.02968	0.03176	0.05504	0.01356	0.73125	0.08219	0.00347	0.00386	0.00530	0.00231	0.00242
11	0.00813	0.01695	0.10623	0.21995	0.31886	0.04103	0.01710	0.03048	0.00832	0.03315	0.06868	0.01115	0.02800	0.00392	0.00352	0.00109	0.00413	0.00347	0.07108	0.00477
12	0.00901	0.14532	0.16669	0.10723	0.30820	0.07662	0.07895	0.04648	0.00839	0.01111	0.00642	0.00812	0.00514	0.00334	0.00338	0.00105	0.00476	0.00292	0.00176	0.00510
13	0.04455	0.04797	0.03777	0.05438	0.17618	0.26990	0.08390	0.05197	0.11339	0.06082	0.00774	0.00871	0.00601	0.00375	0.00356	0.00107	0.01807	0.00304	0.00227	0.00496
14	0.00486	0.00340	0.00407	0.00440	0.00461	0.00327	0.00279	0.00525	0.00625	0.00824	0.03027	0.33345	0.08237	0.44884	0.01154	0.00247	0.00281	0.03577	0.00276	0.00257
15	0.00852	0.13357	0.06401	0.21354	0.24117	0.03994	0.12566	0.03885	0.01966	0.01093	0.02817	0.00910	0.00602	0.00356	0.00372	0.00109	0.03056	0.00320	0.01391	0.00482
16	0.00503	0.00374	0.00442	0.00426	0.00532	0.00331	0.00324	0.00637	0.00925	0.03371	0.44371	0.03036	0.38974	0.00814	0.00426	0.00119	0.00184	0.03513	0.00368	0.00330
17	0.02076	0.10953	0.10359	0.03299	0.16648	0.13129	0.10833	0.06926	0.02495	0.07698	0.07319	0.01050	0.03003	0.00402	0.00368	0.00107	0.02270	0.00340	0.00231	0.00492
18	0.00479	0.00365	0.00424	0.00425	0.00508	0.00332	0.00311	0.00582	0.00818	0.01062	0.25900	0.05673	0.37337	0.15692	0.02025	0.00169	0.00232	0.07036	0.00329	0.00301
19	0.03245	0.00613	0.01684	0.00750	0.05157	0.00663	0.04948	0.08557	0.06671	0.01312	0.29635	0.03909	0.08981	0.01826	0.00564	0.00128	0.16075	0.03667	0.01208	0.00407

[dist]
# distance from previous block
# <min> <max>
2	4

[block]
# block no. 2 follows, 77 sequences, length 65
# corresponding to MSA columns:
# 520-545,547-585
name=unknown_C
#
# <colnr> <probs for GDERKNQSTAVLIFYWHMCP>
#	G	D	E	R	K	N	Q	S	T	A	V	L	I	F	Y	W	H	M	C	P
0	0.02294	0.33283	0.19764	0.00829	0.03757	0.04123	0.01956	0.15185	0.13211	0.01273	0.00745	0.00795	0.00583	0.00365	0.00306	0.00099	0.00416	0.00271	0.00223	0.00519
1	0.06321	0.20053	0.23226	0.03158	0.05889	0.06685	0.04471	0.04567	0.03757	0.02833	0.00656	0.00755	0.00515	0.00332	0.00303	0.00094	0.00425	0.00255	0.00194	0.15509
2	0.01577	0.09693	0.06844	0.24992	0.02085	0.12791	0.00715	0.05451	0.02592	0.02245	0.00908	0.08364	0.00852	0.08095	0.04992	0.00159	0.00462	0.05208	0.01573	0.00403
3	0.02327	0.10913	0.34796	0.00833	0.01178	0.02002	0.01946	0.13522	0.16632	0.02019	0.02539	0.05188	0.00777	0.01918	0.01760	0.00123	0.00426	0.00345	0.00243	0.00515
4	0.03034	0.00496	0.00618	0.00587	0.00726	0.00482	0.00464	0.09572	0.02359	0.20096	0.02733	0.28187	0.09284	0.00809	0.00421	0.00134	0.00275	0.17644	0.01664	0.00415
5	0.00955	0.02880	0.46031	0.00972	0.01370	0.15088	0.05854	0.14206	0.03728	0.02741	0.02404	0.00833	0.00575	0.00372	0.00348	0.00109	0.00513	0.00291	0.00209	0.00520
6	0.00523	0.00349	0.00392	0.00392	0.00392	0.00349	0.00218	0.00523	0.00523	0.00697	0.01133	0.02354	0.01308	0.87359	0.01831	0.00349	0.00349	0.00523	0.00218	0.00218
7	0.01038	0.68458	0.03406	0.00666	0.00975	0.01350	0.00644	0.17721	0.00924	0.01138	0.00576	0.00638	0.00492	0.00333	0.00259	0.00084	0.00390	0.00220	0.00195	0.00493
8	0.00470	0.00344	0.00449	0.00521	0.00570	0.00323	0.00384	0.00561	0.00739	0.00963	0.02183	0.56424	0.13213	0.01067	0.00464	0.00147	0.00234	0.20309	0.00333	0.00303
9	0.00509	0.00405	0.00453	0.00436	0.00551	0.00371	0.00331	0.03394	0.04582	0.01195	0.30251	0.05074	0.47464	0.00826	0.00423	0.00120	0.00194	0.02729	0.00357	0.00338
10	0.67270	0.00784	0.00671	0.04169	0.01832	0.07336	0.00496	0.01057	0.00642	0.01431	0.00509	0.00634	0.00411	0.00374	0.00357	0.00116	0.11087	0.00219	0.00208	0.00395
11	0.00480	0.00375	0.00427	0.00419	0.00522	0.00338	0.00313	0.00631	0.03568	0.01165	0.32803	0.08029	0.43797	0.00864	0.01955	0.00127	0.00196	0.00705	0.02959	0.00326
12	0.00935	0.70854	0.05553	0.00661	0.00953	0.03160	0.01641	0.02319	0.00740	0.00889	0.00540	0.00664	0.00494	0.02438	0.01721	0.00097	0.03908	0.00218	0.00161	0.02055
13	0.01229	0.00632	0.00784	0.00622	0.00878	0.00582	0.00502	0.01556	0.18278	0.46288	0.04710	0.01224	0.00971	0.00432	0.00344	0.00102	0.00284	0.00355	0.03144	0.17084
14	0.03023	0.00819	0.00949	0.00729	0.01008	0.00839	0.00600	0.45083	0.01354	0.35949	0.01080	0.01025	0.00729	0.01788	0.00378	0.00111	0.00352	0.00336	0.00385	0.03461
15	0.00444	0.00358	0.00388	0.00397	0.00494	0.00310	0.00290	0.00535	0.00806	0.00998	0.11588	0.13978	0.59599	0.06195	0.00516	0.00138	0.00197	0.02132	0.00333	0.00301
16	0.01553	0.00609	0.00821	0.00632	0.00906	0.00527	0.00520	0.01703	0.02096	0.80007	0.01452	0.01266	0.02887	0.00452	0.00361	0.00110	0.00302	0.00368	0.00435	0.02993
17	0.01344	0.01714	0.01019	0.00927	0.01112	0.85915	0.00695	0.01436	0.01019	0.00880	0.00556	0.00649	0.00463	0.00371	0.00324	0.00093	0.00649	0.00232	0.00185	0.00417
18	0.01579	0.00635	0.00845	0.00651	0.00928	0.00567	0.00537	0.05469	0.03757	0.78899	0.01395	0.01212	0.00885	0.00446	0.00362	0.00111	0.00309	0.00361	0.00439	0.00611
19	0.00508	0.00347	0.00403	0.00411	0.00425	0.00342	0.00246	0.00531	0.00581	0.00774	0.05182	0.12049	0.05753	0.66902	0.03827	0.00310	0.00333	0.00594	0.00244	0.00239
20	0.00679	0.00639	0.01079	0.86494	0.02477	0.00799	0.00999	0.00919	0.00719	0.00919	0.00639	0.00959	0.00480	0.00360	0.00360	0.00120	0.00480	0.00320	0.00160	0.00400
21	0.00679	0.00639	0.01079	0.86494	0.02477	0.00799	0.00999	0.00919	0.00719	0.00919	0.00639	0.00959	0.00480	0.00360	0.00360	0.00120	0.00480	0.00320	0.00160	0.00400
22	0.00441	0.00369	0.00385	0.00386	0.00500	0.00317	0.00287	0.00554	0.02361	0.01018	0.10271	0.07773	0.72297	0.00900	0.00426	0.00122	0.00184	0.00758	0.00340	0.00311
23	0.00494	0.00354	0.00480	0.00558	0.00607	0.00340	0.00427	0.00599	0.00754	0.00994	0.04158	0.51188	0.04201	0.01061	0.00472	0.00152	0.00254	0.32265	0.00335	0.00309
24	0.00443	0.00349	0.00402	0.00438	0.00518	0.00308	0.00318	0.00530	0.00778	0.00973	0.05433	0.34765	0.46167	0.00992	0.00442	0.00133	0.00201	0.06173	0.00336	0.00302
25	0.01472	0.00791	0.02787	0.00719	0.01002	0.00764	0.00604	0.34364	0.01286	0.48639	0.03025	0.01103	0.00825	0.00444	0.00362	0.00110	0.00344	0.00351	0.00404	0.00604
26	0.00740	0.08435	0.79082	0.00994	0.01508	0.00880	0.01274	0.01134	0.00757	0.01117	0.00634	0.00745	0.00456	0.00339	0.00333	0.00111	0.00520	0.00260	0.00152	0.00526
27	0.00490	0.00365	0.00456	0.00437	0.00527	0.00331	0.00326	0.00641	0.00969	0.01333	0.66290	0.05426	0.19516	0.00782	0.00425	0.00116	0.00173	0.00683	0.00382	0.00331
28	0.00746	0.00639	0.00746	0.00533	0.00852	0.00480	0.00426	0.00906	0.00746	0.01172	0.00639	0.00746	0.00533	0.00266	0.00266	0.00053	0.00266	0.00213	0.00213	0.89558
29	0.01084	0.00845	0.00904	0.00761	0.00996	0.00954	0.00606	0.29651	0.52996	0.05243	0.01259	0.01175	0.00925	0.00467	0.00364	0.00117	0.00323	0.00377	0.00367	0.00585
30	0.00519	0.00375	0.00502	0.00550	0.00621	0.00359	0.00439	0.00655	0.00840	0.01122	0.23148	0.22672	0.07564	0.02081	0.00483	0.00147	0.00253	0.37001	0.00347	0.00321
31	0.01575	0.00620	0.00830	0.00639	0.00911	0.00548	0.00527	0.05196	0.01049	0.79302	0.01388	0.01213	0.00880	0.00444	0.00358	0.00110	0.00306	0.00359	0.03142	0.00604
32	0.00646	0.00417	0.00480	0.00439	0.00581	0.00359	0.00335	0.00764	0.01644	0.14163	0.14808	0.05524	0.49295	0.03696	0.00457	0.00125	0.00212	0.01521	0.00351	0.04183
33	0.00742	0.09246	0.78291	0.00990	0.01502	0.00886	0.01268	0.01134	0.00757	0.01114	0.00633	0.00744	0.00456	0.00339	0.00332	0.00111	0.00519	0.00259	0.00152	0.00526
34	0.00789	0.06760	0.04046	0.11203	0.33245	0.03047	0.00827	0.02396	0.06315	0.01051	0.00790	0.02332	0.00690	0.03612	0.16331	0.01471	0.04098	0.00342	0.00194	0.00463
35	0.00507	0.00366	0.00462	0.00438	0.00527	0.00335	0.00329	0.00668	0.00986	0.01388	0.72642	0.02712	0.11993	0.00740	0.00417	0.00113	0.00171	0.00649	0.04222	0.00335
36	0.00558	0.00453	0.02439	0.00580	0.01549	0.00485	0.00435	0.00711	0.05739	0.00869	0.02094	0.05488	0.02007	0.23334	0.46085	0.00423	0.04773	0.01438	0.00219	0.00320
37	0.00479	0.00366	0.00429	0.00437	0.00523	0.00331	0.00326	0.00588	0.00833	0.01080	0.25542	0.09028	0.37121	0.10736	0.00596	0.00152	0.00217	0.10570	0.00338	0.00306
38	0.00659	0.00560	0.01648	0.02577	0.04140	0.03955	0.02193	0.04686	0.01507	0.00940	0.03792	0.05919	0.07118	0.12825	0.23140	0.09591	0.12054	0.02139	0.00222	0.00335
39	0.01243	0.05679	0.01179	0.00968	0.01182	0.65690	0.10817	0.02252	0.02378	0.02316	0.00640	0.00791	0.00532	0.00379	0.00338	0.00098	0.00609	0.02282	0.00196	0.00433
40	0.01344	0.01714	0.01019	0.00927	0.01112	0.85915	0.00695	0.01436	0.01019	0.00880	0.00556	0.00649	0.00463	0.00371	0.00324	0.00093	0.00649	0.00232	0.00185	0.00417
41	0.00907	0.00781	0.00836	0.00770	0.02946	0.00900	0.00585	0.04089	0.80254	0.01517	0.01429	0.01318	0.01072	0.00483	0.00366	0.00121	0.00291	0.00402	0.00361	0.00570
42	0.01349	0.00998	0.01069	0.00824	0.01109	0.01107	0.00679	0.80747	0.04889	0.02238	0.00887	0.00882	0.00631	0.00434	0.00360	0.00108	0.00392	0.00327	0.00360	0.00610
43	0.00473	0.00362	0.00432	0.00424	0.00514	0.00326	0.00312	0.00599	0.00893	0.01188	0.43735	0.08725	0.33706	0.04131	0.02461	0.00138	0.00202	0.00706	0.00357	0.00318
44	0.00451	0.00368	0.00402	0.00406	0.00516	0.00318	0.00310	0.00561	0.00849	0.01055	0.16563	0.05480	0.63061	0.00895	0.00432	0.00124	0.00193	0.07362	0.00344	0.00311
45	0.00845	0.00909	0.01883	0.01363	0.01688	0.00868	0.68737	0.02929	0.00853	0.02431	0.03349	0.03002	0.00679	0.00355	0.00453	0.00120	0.04696	0.00428	0.00200	0.04214
46	0.00962	0.87575	0.01885	0.00615	0.00923	0.01423	0.00615	0.01077	0.00731	0.00846	0.00500	0.00577	0.00462	0.00308	0.00231	0.00077	0.00385	0.00192	0.00154	0.00462
47	0.00728	0.01823	0.82335	0.01070	0.04699	0.00836	0.01321	0.01138	0.00762	0.01141	0.00647	0.00764	0.00460	0.00341	0.00342	0.00114	0.00528	0.00268	0.00153	0.00533
48	0.00511	0.03646	0.00512	0.00442	0.00542	0.00374	0.00338	0.00664	0.00971	0.01333	0.66769	0.02750	0.18319	0.00752	0.00417	0.00113	0.00180	0.00653	0.00375	0.00337
49	0.00443	0.00316	0.00422	0.00506	0.00529	0.00296	0.00342	0.00508	0.00693	0.00923	0.01980	0.84545	0.02369	0.01123	0.00460	0.00147	0.00212	0.03558	0.00334	0.00293
50	0.02772	0.00610	0.00782	0.00614	0.00865	0.00560	0.00503	0.06986	0.04169	0.64864	0.01340	0.01210	0.00877	0.00441	0.00346	0.00108	0.00293	0.00355	0.11733	0.00572
51	0.02125	0.00850	0.01189	0.00984	0.01052	0.04260	0.09208	0.06068	0.00677	0.02189	0.00539	0.00808	0.00493	0.00568	0.00995	0.00147	0.66927	0.00322	0.00178	0.00420
52	0.00679	0.00639	0.01079	0.86494	0.02477	0.00799	0.00999	0.00919	0.00719	0.00919	0.00639	0.00959	0.00480	0.00360	0.00360	0.00120	0.00480	0.00320	0.00160	0.00400
53	0.00438	0.00330	0.00407	0.00466	0.00516	0.00298	0.00322	0.00512	0.00732	0.00945	0.03948	0.61630	0.24693	0.01059	0.00450	0.00139	0.00203	0.02280	0.00335	0.00297
54	0.89899	0.00696	0.00529	0.00473	0.00696	0.00807	0.00390	0.01057	0.00612	0.01614	0.00501	0.00584	0.00390	0.00334	0.00223	0.00111	0.00278	0.00195	0.00223	0.00390
55	0.00442	0.00316	0.00422	0.00505	0.00528	0.00296	0.00341	0.00508	0.00693	0.00923	0.01980	0.84771	0.02370	0.01123	0.00460	0.00147	0.00212	0.03336	0.00334	0.00293
56	0.00463	0.00367	0.00417	0.00411	0.00513	0.00323	0.00306	0.00593	0.01822	0.01153	0.34436	0.08476	0.47733	0.00853	0.00426	0.00120	0.00180	0.00731	0.00358	0.00319
57	0.00746	0.00639	0.00746	0.00533	0.00852	0.00480	0.00426	0.00906	0.00746	0.01172	0.00639	0.00746	0.00533	0.00266	0.00266	0.00053	0.00266	0.00213	0.00213	0.89558
58	0.00447	0.00327	0.00405	0.00462	0.00502	0.00300	0.00311	0.00505	0.00698	0.00905	0.02242	0.60007	0.20198	0.08026	0.00585	0.02350	0.00217	0.00908	0.00320	0.00285
59	0.00909	0.00824	0.01223	0.16820	0.40441	0.05827	0.04304	0.02839	0.08206	0.06012	0.02169	0.01715	0.00680	0.00381	0.00388	0.00112	0.03548	0.00341	0.02752	0.00511
60	0.19208	0.00529	0.00611	0.00517	0.00709	0.00503	0.00413	0.01147	0.00912	0.33746	0.24150	0.01801	0.13187	0.00566	0.00359	0.00113	0.00246	0.00461	0.00371	0.00450
61	0.08551	0.66477	0.01635	0.00642	0.00932	0.07065	0.00606	0.07745	0.00821	0.01991	0.00544	0.00613	0.00473	0.00326	0.00248	0.00084	0.00394	0.00208	0.00182	0.00466
62	0.00809	0.00656	0.00824	0.05243	0.07913	0.00550	0.00523	0.04821	0.00818	0.05272	0.03743	0.01859	0.01921	0.00328	0.00298	0.00071	0.00294	0.00273	0.00235	0.63551
63	0.00827	0.22893	0.16221	0.38006	0.08583	0.00953	0.00943	0.01059	0.00755	0.05627	0.00651	0.00836	0.00501	0.00345	0.00324	0.00106	0.00451	0.00280	0.00174	0.00464
64	0.20354	0.00502	0.00626	0.04356	0.05595	0.00528	0.02405	0.02306	0.02416	0.02555	0.01389	0.36894	0.01511	0.00848	0.03064	0.01530	0.00306	0.12171	0.00285	0.00360

[dist]
# distance from previous block
# <min> <max>
8	37

[block]
# block no. 3 follows, 77 sequences, length 19
# corresponding to MSA columns:
# 625-643
name=unknown_D
#
# <colnr> <probs for GDERKNQSTAVLIFYWHMCP>
#	G	D	E	R	K	N	Q	S	T	A	V	L	I	F	Y	W	H	M	C	P
0	0.22302	0.00562	0.00607	0.00518	0.00692	0.00558	0.00399	0.03385	0.00724	0.08836	0.04119	0.04055	0.02835	0.17508	0.03769	0.00165	0.03388	0.02738	0.01977	0.20863
1	0.00989	0.17812	0.02679	0.00710	0.00930	0.06584	0.00589	0.12915	0.36160	0.04156	0.01055	0.01119	0.00837	0.06482	0.00458	0.00125	0.02858	0.00341	0.02693	0.00509
2	0.00943	0.43742	0.18100	0.00702	0.01050	0.03377	0.00724	0.05115	0.00811	0.05872	0.00625	0.00696	0.00505	0.00323	0.00275	0.00084	0.00396	0.00228	0.00191	0.16242
3	0.00825	0.02798	0.15067	0.03381	0.10317	0.00750	0.09572	0.07682	0.04976	0.07427	0.01086	0.04437	0.07094	0.04214	0.09853	0.01905	0.07521	0.00401	0.00236	0.00460
4	0.01120	0.32583	0.07518	0.03761	0.04562	0.42914	0.00740	0.01254	0.00878	0.00900	0.00550	0.00651	0.00467	0.00343	0.00294	0.00090	0.00530	0.00227	0.00170	0.00447
5	0.00947	0.00835	0.00878	0.00772	0.00961	0.04419	0.00609	0.09587	0.64211	0.01484	0.01264	0.01209	0.00959	0.00493	0.00451	0.00123	0.09534	0.00382	0.00336	0.00548
6	0.00453	0.00344	0.00414	0.00441	0.00509	0.00309	0.00311	0.00548	0.00801	0.01048	0.21586	0.37319	0.29482	0.04129	0.00490	0.00138	0.00196	0.00833	0.00344	0.00304
7	0.03223	0.00694	0.11877	0.06669	0.00979	0.01669	0.09046	0.00893	0.04071	0.03929	0.43977	0.02011	0.08315	0.00592	0.00398	0.00115	0.00302	0.00525	0.00314	0.00401
8	0.00496	0.00349	0.00445	0.00477	0.00504	0.00352	0.00322	0.00552	0.00614	0.00825	0.01495	0.29248	0.03937	0.36760	0.16072	0.00306	0.00407	0.06308	0.00261	0.00270
9	0.00869	0.09123	0.23950	0.13928	0.12470	0.00938	0.04090	0.10617	0.10108	0.02215	0.00755	0.00890	0.00579	0.00416	0.01559	0.00120	0.06343	0.00309	0.00210	0.00511
10	0.00442	0.00323	0.00417	0.00491	0.00526	0.00298	0.00336	0.00512	0.00710	0.00931	0.02177	0.73925	0.12197	0.01096	0.00457	0.00144	0.00210	0.04178	0.00334	0.00295
11	0.00991	0.08387	0.01287	0.05000	0.29658	0.25811	0.09084	0.02251	0.00879	0.01079	0.03775	0.00901	0.00652	0.00363	0.00352	0.00102	0.01951	0.00307	0.06698	0.00472
12	0.00572	0.00414	0.00530	0.00539	0.04711	0.00382	0.00379	0.00750	0.03574	0.05192	0.55681	0.04348	0.20082	0.00738	0.00417	0.00115	0.00196	0.00644	0.00372	0.00362
13	0.07423	0.00949	0.12646	0.08557	0.34257	0.02328	0.00907	0.06966	0.12449	0.06611	0.00895	0.00996	0.02674	0.00382	0.00348	0.00112	0.00403	0.00328	0.00236	0.00533
14	0.00660	0.00336	0.00339	0.00339	0.00417	0.00336	0.00249	0.00815	0.00737	0.01294	0.01170	0.01415	0.00950	0.06766	0.00367	0.00103	0.00181	0.00349	0.82848	0.00327
15	0.00891	0.02594	0.10789	0.04220	0.04482	0.00868	0.03098	0.07161	0.51592	0.03482	0.02395	0.01257	0.03225	0.00496	0.01729	0.00125	0.00353	0.00385	0.00314	0.00543
16	0.00785	0.00743	0.02373	0.32807	0.27640	0.05228	0.00887	0.00947	0.00735	0.01930	0.03366	0.01001	0.00634	0.01896	0.00566	0.10171	0.07359	0.00328	0.00178	0.00425
17	0.01251	0.01465	0.01061	0.04219	0.06096	0.62925	0.03316	0.08276	0.01035	0.02876	0.00669	0.03887	0.00565	0.00400	0.00339	0.00099	0.00583	0.00286	0.00210	0.00443
18	0.00841	0.04142	0.04837	0.12844	0.07992	0.02352	0.00642	0.08912	0.02685	0.04300	0.00793	0.06555	0.00676	0.00375	0.00317	0.00087	0.00344	0.00313	0.00231	0.40761

[dist]
# distance from previous block
# <min> <max>
2	21

[block]
# block no. 4 follows, 77 sequences, length 24
# corresponding to MSA columns:
# 665-688
name=unknown_E
#
# <colnr> <probs for GDERKNQSTAVLIFYWHMCP>
#	G	D	E	R	K	N	Q	S	T	A	V	L	I	F	Y	W	H	M	C	P
0	0.00581	0.00418	0.00576	0.01590	0.04634	0.00402	0.02350	0.02020	0.03734	0.05333	0.05823	0.51152	0.08818	0.00942	0.00442	0.00139	0.00252	0.10114	0.00331	0.00350
1	0.00556	0.00392	0.00577	0.00574	0.00644	0.00444	0.00445	0.00680	0.00603	0.03990	0.01038	0.03001	0.00983	0.06096	0.74722	0.00529	0.00878	0.03310	0.00210	0.00328
2	0.00709	0.00691	0.01896	0.10297	0.14226	0.08353	0.05244	0.02386	0.02228	0.01093	0.14113	0.07384	0.18036	0.03284	0.00491	0.00125	0.06508	0.00509	0.02029	0.00398
3	0.07301	0.08916	0.01061	0.00882	0.02826	0.59694	0.00673	0.03204	0.00927	0.00963	0.00566	0.00687	0.00481	0.00468	0.03563	0.00116	0.06820	0.00241	0.00187	0.00421
4	0.01124	0.00783	0.00942	0.00772	0.00935	0.03354	0.00627	0.26017	0.01022	0.20059	0.00917	0.04234	0.00743	0.05978	0.02991	0.00151	0.26302	0.00365	0.00296	0.02390
5	0.00968	0.02110	0.04212	0.02916	0.18062	0.13399	0.00792	0.13993	0.00905	0.02503	0.01930	0.02533	0.01703	0.00476	0.00580	0.00118	0.24355	0.02376	0.00218	0.05851
6	0.00499	0.00367	0.00467	0.00442	0.00531	0.00335	0.00332	0.00660	0.00995	0.01388	0.75493	0.02777	0.12860	0.00756	0.00424	0.00114	0.00171	0.00663	0.00389	0.00335
7	0.00563	0.00438	0.00609	0.00601	0.00675	0.00509	0.00466	0.00782	0.09810	0.00917	0.01086	0.06097	0.01028	0.04446	0.64524	0.00473	0.03780	0.02628	0.00223	0.00347
8	0.01377	0.00808	0.00934	0.00736	0.01005	0.00844	0.00602	0.36427	0.16705	0.34850	0.01193	0.01094	0.00811	0.00447	0.00362	0.00112	0.00340	0.00354	0.00395	0.00604
9	0.10173	0.03111	0.05743	0.21657	0.31327	0.00907	0.00916	0.15528	0.00908	0.01326	0.00666	0.00850	0.00523	0.00366	0.00379	0.00113	0.04494	0.00301	0.00207	0.00505
10	0.00943	0.51536	0.01626	0.00778	0.01016	0.01222	0.08561	0.03207	0.00743	0.05107	0.00602	0.00771	0.00531	0.00433	0.01720	0.00110	0.18774	0.01683	0.00181	0.00456
11	0.00455	0.00343	0.00412	0.00458	0.00518	0.00313	0.00324	0.00531	0.00731	0.00930	0.02468	0.42742	0.30700	0.09172	0.00580	0.00158	0.00224	0.08327	0.00323	0.00293
12	0.00813	0.00897	0.11375	0.04103	0.40621	0.00800	0.03872	0.01214	0.18457	0.01231	0.05739	0.02350	0.03846	0.00428	0.00377	0.00115	0.01253	0.01750	0.00236	0.00525
13	0.00575	0.00328	0.00445	0.00449	0.00453	0.00330	0.00287	0.00497	0.00504	0.00675	0.00886	0.05958	0.00964	0.31107	0.05336	0.50053	0.00349	0.00425	0.00188	0.00192
14	0.00651	0.06972	0.18119	0.00805	0.09780	0.02319	0.00675	0.00857	0.02025	0.01145	0.24930	0.06045	0.12904	0.02834	0.00466	0.00123	0.05149	0.03522	0.00269	0.00409
15	0.00765	0.00625	0.00740	0.00539	0.00844	0.00480	0.00431	0.00922	0.00747	0.04159	0.00684	0.00797	0.00564	0.00398	0.04665	0.00082	0.00304	0.00227	0.00220	0.81806
16	0.00738	0.00643	0.00911	0.00835	0.06738	0.06039	0.15145	0.03897	0.01768	0.06327	0.14608	0.15496	0.16658	0.02224	0.00465	0.00127	0.03192	0.03493	0.00297	0.00401
17	0.77436	0.00778	0.06470	0.00527	0.00775	0.00799	0.00467	0.02519	0.00663	0.06088	0.00566	0.00636	0.00425	0.00342	0.00241	0.00111	0.00299	0.00211	0.00232	0.00415
18	0.13315	0.13265	0.03615	0.17919	0.09608	0.26350	0.03293	0.05788	0.00863	0.01107	0.00593	0.00741	0.00477	0.00353	0.00322	0.00103	0.01391	0.00260	0.00189	0.00447
19	0.00846	0.00962	0.02074	0.01489	0.01836	0.00919	0.79891	0.01139	0.00835	0.01139	0.00716	0.00962	0.00542	0.00319	0.00460	0.00123	0.04669	0.00419	0.00181	0.00481
20	0.04070	0.08451	0.16425	0.01650	0.08430	0.02439	0.04633	0.07343	0.05965	0.15720	0.07698	0.07534	0.02645	0.00471	0.00352	0.00110	0.00366	0.00397	0.03427	0.01874
21	0.02191	0.23178	0.28844	0.00919	0.04981	0.05334	0.07267	0.04417	0.08514	0.01983	0.00732	0.00866	0.00583	0.00417	0.02512	0.00114	0.00462	0.01786	0.00197	0.04703
22	0.00707	0.03652	0.00725	0.02292	0.03563	0.02940	0.02499	0.02702	0.13747	0.05421	0.10694	0.12227	0.11875	0.04247	0.10888	0.03347	0.03592	0.04197	0.00295	0.00392
23	0.00529	0.02597	0.00472	0.00440	0.00466	0.00400	0.00283	0.00563	0.00579	0.00776	0.04230	0.08047	0.05660	0.60560	0.10338	0.00327	0.02703	0.00546	0.00232	0.00253

[dist]
# distance from previous block
# <min> <max>
1	8

[block]
# block no. 5 follows, 77 sequences, length 44
# corresponding to MSA columns:
# 697-736,739-742
name=unknown_F
#
# <colnr> <probs for GDERKNQSTAVLIFYWHMCP>
#	G	D	E	R	K	N	Q	S	T	A	V	L	I	F	Y	W	H	M	C	P
0	0.00545	0.00433	0.00507	0.00444	0.00591	0.00364	0.00334	0.00675	0.00852	0.01178	0.33220	0.03956	0.25532	0.06923	0.00487	0.00118	0.00211	0.00569	0.00319	0.22741
1	0.22666	0.00660	0.01603	0.23858	0.11285	0.01986	0.02468	0.02535	0.01693	0.07524	0.13347	0.02134	0.05932	0.00452	0.00341	0.00114	0.00347	0.00376	0.00252	0.00427
2	0.00783	0.00608	0.00717	0.00540	0.00818	0.00486	0.00433	0.04291	0.00827	0.06084	0.07171	0.01166	0.04327	0.00374	0.00302	0.00071	0.00264	0.03315	0.01608	0.65817
3	0.00710	0.00464	0.00560	0.00507	0.00642	0.00445	0.00391	0.02917	0.11120	0.11676	0.41522	0.05475	0.13929	0.00683	0.00400	0.00115	0.00213	0.01880	0.04319	0.02031
4	0.01045	0.21295	0.04388	0.00841	0.01029	0.24129	0.02450	0.10522	0.00871	0.02378	0.00597	0.00762	0.00516	0.01867	0.03010	0.00127	0.23261	0.00271	0.00194	0.00446
5	0.03680	0.29820	0.04873	0.00721	0.05604	0.05848	0.01507	0.05284	0.00807	0.01115	0.00598	0.00696	0.00503	0.00304	0.00271	0.00074	0.00359	0.00223	0.00195	0.37516
6	0.00979	0.75070	0.01763	0.00692	0.03642	0.06555	0.00634	0.01143	0.05050	0.00893	0.00559	0.00631	0.00498	0.00321	0.00248	0.00081	0.00397	0.00210	0.00167	0.00468
7	0.00425	0.00364	0.00364	0.00364	0.00486	0.00304	0.00273	0.00516	0.00820	0.00972	0.03644	0.03462	0.84969	0.00911	0.00425	0.00121	0.00182	0.00759	0.00334	0.00304
8	0.00447	0.00321	0.00424	0.00493	0.00523	0.00298	0.00334	0.00523	0.00731	0.00983	0.12163	0.75413	0.03861	0.01075	0.00454	0.00142	0.00203	0.00973	0.00342	0.00298
9	0.00435	0.00348	0.00389	0.00414	0.00501	0.00302	0.00297	0.00522	0.00791	0.00987	0.08645	0.30275	0.52893	0.00968	0.00436	0.00129	0.00190	0.00836	0.00338	0.00302
10	0.02901	0.00690	0.00803	0.00640	0.00887	0.07686	0.00519	0.03795	0.02733	0.63630	0.05446	0.01238	0.00969	0.00450	0.00353	0.00108	0.00321	0.00361	0.05910	0.00561
11	0.00873	0.00848	0.01494	0.02067	0.72844	0.00841	0.10230	0.01093	0.00819	0.01170	0.00716	0.02585	0.00608	0.00336	0.00364	0.00109	0.00439	0.00346	0.01667	0.00551
12	0.00468	0.00335	0.00452	0.00533	0.00568	0.00318	0.00384	0.00554	0.00722	0.00959	0.03215	0.68825	0.02331	0.01094	0.00466	0.00150	0.00233	0.17759	0.00334	0.00301
13	0.00736	0.00651	0.01101	0.78218	0.03956	0.00789	0.03182	0.00972	0.00741	0.05265	0.00682	0.00972	0.00504	0.00362	0.00361	0.00119	0.00473	0.00325	0.00175	0.00416
14	0.00730	0.00623	0.00729	0.00531	0.00835	0.00470	0.00421	0.00885	0.00743	0.01159	0.00708	0.05180	0.00628	0.00311	0.00276	0.00058	0.00263	0.00255	0.00219	0.84975
15	0.82349	0.02007	0.00584	0.02132	0.00754	0.05205	0.00420	0.01075	0.00637	0.01552	0.00506	0.00595	0.00396	0.00336	0.00231	0.00110	0.00303	0.00199	0.00218	0.00392
16	0.00843	0.05383	0.01923	0.01365	0.01659	0.00971	0.64309	0.01096	0.00788	0.01084	0.00669	0.00916	0.00528	0.00363	0.00553	0.00126	0.16387	0.00392	0.00176	0.00467
17	0.02707	0.04110	0.64437	0.01786	0.07313	0.00839	0.02453	0.03929	0.02390	0.01196	0.03125	0.00873	0.01601	0.00364	0.00342	0.00112	0.00487	0.00291	0.01124	0.00520
18	0.00440	0.00357	0.00389	0.00404	0.00502	0.00308	0.00296	0.00533	0.00810	0.01002	0.10341	0.18209	0.60035	0.02194	0.00453	0.00129	0.00192	0.02764	0.00338	0.00304
19	0.00967	0.45301	0.14223	0.03912	0.01110	0.04356	0.00765	0.13532	0.00871	0.01111	0.00596	0.01579	0.00505	0.00378	0.00376	0.00098	0.09398	0.00251	0.00188	0.00482
20	0.00601	0.00373	0.00477	0.00499	0.00582	0.00337	0.00364	0.00695	0.00795	0.11757	0.09061	0.46748	0.18692	0.00955	0.00440	0.00135	0.00221	0.06572	0.00353	0.00342
21	0.00758	0.04320	0.18443	0.20795	0.18280	0.00767	0.01896	0.03799	0.04799	0.02710	0.05015	0.07126	0.02228	0.03717	0.01789	0.00132	0.01756	0.00991	0.00214	0.00463
22	0.00669	0.00407	0.00541	0.00575	0.00669	0.00393	0.00469	0.00820	0.01892	0.10199	0.05906	0.20329	0.04055	0.00879	0.00441	0.00143	0.00274	0.41136	0.09847	0.00357
23	0.00709	0.00706	0.03110	0.00827	0.00864	0.00890	0.02882	0.00802	0.00612	0.00910	0.06388	0.04162	0.05274	0.08454	0.02697	0.00175	0.59567	0.00406	0.00195	0.00371
24	0.01084	0.00465	0.00581	0.00496	0.00667	0.00431	0.00398	0.01237	0.00873	0.39101	0.01303	0.01398	0.00952	0.00558	0.04258	0.00122	0.00273	0.03580	0.41763	0.00459
25	0.00521	0.00430	0.01551	0.01830	0.00625	0.00414	0.01227	0.00661	0.00885	0.01197	0.42513	0.04943	0.25152	0.02441	0.00516	0.00129	0.07059	0.07232	0.00341	0.00334
26	0.00799	0.00747	0.01249	0.01861	0.68088	0.00742	0.00948	0.00983	0.00796	0.01125	0.00976	0.16417	0.02740	0.00478	0.00376	0.00114	0.00383	0.00456	0.00209	0.00514
27	0.86614	0.00707	0.00549	0.00486	0.00711	0.00818	0.00400	0.04132	0.00652	0.01638	0.00514	0.00595	0.00398	0.00338	0.00228	0.00111	0.00283	0.00200	0.00228	0.00398
28	0.00499	0.00437	0.01525	0.00437	0.00557	0.01942	0.00333	0.00674	0.07113	0.01077	0.16166	0.07134	0.55616	0.02451	0.02315	0.00135	0.00222	0.00700	0.00336	0.00333
29	0.84358	0.00692	0.00544	0.00479	0.00707	0.00788	0.00394	0.01066	0.00626	0.03353	0.00526	0.00604	0.00406	0.00333	0.00227	0.00109	0.00278	0.00199	0.00227	0.04084
30	0.06488	0.00784	0.01219	0.17463	0.37040	0.00825	0.05276	0.10213	0.00898	0.11618	0.00769	0.00929	0.00584	0.00381	0.00391	0.02067	0.01980	0.00323	0.00230	0.00520
31	0.00955	0.83631	0.03540	0.00627	0.00936	0.01398	0.00629	0.01100	0.02872	0.00869	0.00528	0.00600	0.00478	0.00313	0.00236	0.00079	0.00385	0.00199	0.00159	0.00466
32	0.00787	0.00787	0.01102	0.00944	0.00944	0.01102	0.00787	0.00866	0.00551	0.00866	0.00472	0.00787	0.00472	0.00630	0.01180	0.00157	0.86700	0.00315	0.00157	0.00393
33	0.01614	0.00612	0.00835	0.00640	0.00918	0.00529	0.00529	0.01753	0.01030	0.85364	0.01419	0.01224	0.00890	0.00445	0.00362	0.00111	0.00306	0.00362	0.00445	0.00612
34	0.00890	0.00855	0.01460	0.02208	0.85115	0.00855	0.01104	0.01104	0.00819	0.01175	0.00677	0.00890	0.00570	0.00320	0.00356	0.00107	0.00427	0.00320	0.00178	0.00570
35	0.00523	0.00350	0.00398	0.00398	0.00400	0.00352	0.00225	0.00527	0.00525	0.00701	0.01128	0.02327	0.01296	0.84893	0.04280	0.00355	0.00367	0.00519	0.00217	0.00221
36	0.01314	0.00975	0.01089	0.00834	0.01115	0.01071	0.04104	0.76712	0.01614	0.02179	0.00872	0.00890	0.00623	0.00426	0.00358	0.00107	0.00394	0.00329	0.04400	0.00594
37	0.00772	0.00655	0.00760	0.00545	0.00863	0.00506	0.00437	0.04340	0.00785	0.01217	0.00649	0.00751	0.00536	0.00273	0.00270	0.00056	0.00272	0.00218	0.00219	0.85877
38	0.00509	0.00368	0.00481	0.00453	0.00537	0.00339	0.00339	0.00679	0.01018	0.01442	0.84925	0.02687	0.03394	0.00735	0.00424	0.00113	0.00170	0.00651	0.00396	0.00339
39	0.05087	0.02407	0.00819	0.00621	0.00880	0.00590	0.00512	0.08532	0.01037	0.65564	0.01294	0.01165	0.00841	0.00434	0.00343	0.00108	0.00301	0.00346	0.08545	0.00575
40	0.00940	0.00787	0.00818	0.00727	0.00937	0.03203	0.00567	0.01863	0.75657	0.05784	0.01415	0.01301	0.01055	0.00477	0.00362	0.00119	0.00295	0.00394	0.00361	0.02937
41	0.01554	0.00631	0.00823	0.00639	0.00906	0.02868	0.00524	0.01694	0.01029	0.79084	0.05332	0.01277	0.00997	0.00457	0.00364	0.00111	0.00309	0.00372	0.00436	0.00594
42	0.01175	0.00865	0.00945	0.00756	0.00987	0.00956	0.00609	0.62514	0.06707	0.01926	0.00945	0.03399	0.00751	0.05650	0.06310	0.03856	0.00416	0.00363	0.00332	0.00539
43	0.00514	0.00385	0.00578	0.00578	0.00642	0.00450	0.00450	0.00642	0.00578	0.00835	0.00963	0.01413	0.00899	0.02698	0.85933	0.00578	0.00963	0.00385	0.00193	0.00321

[dist]
# distance from previous block
# <min> <max>
0	3

[block]
# block no. 6 follows, 77 sequences, length 7
# corresponding to MSA columns:
# 746-752
name=unknown_G
#
# <colnr> <probs for GDERKNQSTAVLIFYWHMCP>
#	G	D	E	R	K	N	Q	S	T	A	V	L	I	F	Y	W	H	M	C	P
0	0.00704	0.00649	0.01094	0.70191	0.13408	0.00778	0.00973	0.00917	0.00718	0.00936	0.00643	0.00958	0.00500	0.00406	0.00420	0.05351	0.00463	0.00319	0.00162	0.00408
1	0.00488	0.00373	0.00441	0.00504	0.00535	0.03280	0.00341	0.00549	0.00689	0.00897	0.01873	0.65847	0.04986	0.12615	0.00639	0.00171	0.00248	0.04922	0.00313	0.00289
2	0.00516	0.00399	0.00545	0.00596	0.00627	0.00427	0.00449	0.00603	0.00701	0.00946	0.01763	0.57297	0.02056	0.01031	0.00564	0.00152	0.11799	0.18905	0.00310	0.00314
3	0.00746	0.00639	0.00746	0.00533	0.00852	0.00480	0.00426	0.00906	0.00746	0.01172	0.00639	0.00746	0.00533	0.00266	0.00266	0.00053	0.00266	0.00213	0.00213	0.89558
4	0.00751	0.10716	0.21499	0.00778	0.01026	0.04948	0.05682	0.01025	0.08069	0.03108	0.07703	0.04571	0.13482	0.00612	0.03060	0.00132	0.10291	0.01871	0.00239	0.00437
5	0.00434	0.00365	0.00377	0.00374	0.00491	0.00308	0.00280	0.00534	0.00841	0.01023	0.12496	0.03377	0.76085	0.00892	0.00425	0.00121	0.00181	0.00747	0.00341	0.00308
6	0.00847	0.07472	0.04213	0.07325	0.27563	0.08512	0.04970	0.01195	0.17196	0.01143	0.03279	0.01288	0.10815	0.00447	0.00375	0.00111	0.02141	0.00383	0.00235	0.00489

[dist]
# distance from previous block
# <min> <max>
0	2

[block]
# block no. 7 follows, 77 sequences, length 26
# corresponding to MSA columns:
# 755-780
name=unknown_H
#
# <colnr> <probs for GDERKNQSTAVLIFYWHMCP>
#	G	D	E	R	K	N	Q	S	T	A	V	L	I	F	Y	W	H	M	C	P
0	0.00440	0.00347	0.00400	0.00435	0.00513	0.00303	0.00307	0.00519	0.00754	0.00951	0.02758	0.43954	0.42664	0.00998	0.00437	0.00132	0.00197	0.00872	0.00331	0.02687
1	0.00656	0.00618	0.03824	0.03890	0.10520	0.04326	0.00558	0.00961	0.18227	0.01097	0.04611	0.40698	0.04844	0.00775	0.00429	0.00130	0.02447	0.00683	0.00301	0.00405
2	0.04437	0.04805	0.21742	0.17854	0.21341	0.00865	0.15049	0.04017	0.00815	0.03693	0.00690	0.00874	0.00524	0.00339	0.00353	0.00112	0.00477	0.00316	0.01197	0.00501
3	0.00776	0.04830	0.13414	0.00678	0.02538	0.00611	0.02984	0.01013	0.04338	0.02710	0.02161	0.00817	0.00600	0.00302	0.00291	0.00071	0.00324	0.00247	0.00214	0.61081
4	0.00456	0.00366	0.00407	0.00397	0.00505	0.00317	0.00298	0.00576	0.00893	0.01145	0.33638	0.03176	0.54866	0.00846	0.00425	0.00118	0.00178	0.00719	0.00357	0.00317
5	0.00739	0.00932	0.21988	0.04643	0.07652	0.00678	0.02245	0.04405	0.15637	0.01235	0.04792	0.11806	0.03185	0.00501	0.00359	0.00110	0.00353	0.01729	0.03566	0.13445
6	0.66639	0.06979	0.02816	0.00573	0.03046	0.04620	0.00468	0.01089	0.00669	0.03828	0.00547	0.00628	0.00428	0.00332	0.00241	0.00104	0.00313	0.00207	0.00219	0.06254
7	0.00879	0.06812	0.45111	0.04143	0.08388	0.05094	0.03191	0.06732	0.00844	0.05737	0.00686	0.00799	0.00508	0.00358	0.00371	0.00108	0.04078	0.00278	0.00191	0.05692
8	0.00996	0.32042	0.03662	0.02319	0.03831	0.00930	0.04665	0.07098	0.00856	0.17456	0.01002	0.13386	0.00911	0.00511	0.00382	0.00109	0.05116	0.03992	0.00262	0.00474
9	0.03871	0.00620	0.00842	0.00648	0.00918	0.00549	0.02762	0.03617	0.01017	0.74423	0.01419	0.01258	0.03226	0.00451	0.00359	0.00111	0.00309	0.00369	0.02646	0.00587
10	0.00746	0.08947	0.41161	0.03728	0.16314	0.00822	0.05453	0.01063	0.03530	0.01108	0.02864	0.05652	0.04982	0.00452	0.01556	0.00119	0.00457	0.00360	0.00191	0.00495
11	0.00803	0.03283	0.05676	0.29535	0.38817	0.00808	0.00972	0.03350	0.02431	0.02486	0.00798	0.07979	0.00696	0.00409	0.00362	0.00114	0.00425	0.00374	0.00196	0.00488
12	0.00483	0.00332	0.00404	0.00444	0.00453	0.00322	0.00273	0.00513	0.00601	0.00802	0.01534	0.42331	0.01813	0.46692	0.01184	0.00253	0.00283	0.00759	0.00273	0.00253
13	0.00965	0.00851	0.01612	0.03215	0.17113	0.00817	0.43726	0.06615	0.00933	0.12606	0.07098	0.01110	0.00812	0.00367	0.00398	0.00116	0.00483	0.00405	0.00244	0.00514
14	0.04591	0.05315	0.01293	0.15344	0.40318	0.05662	0.03213	0.15088	0.00955	0.03808	0.00703	0.00867	0.00552	0.00352	0.00346	0.00108	0.00436	0.00308	0.00215	0.00527
15	0.00700	0.00375	0.00388	0.00372	0.00467	0.00381	0.00283	0.05485	0.00815	0.01388	0.04791	0.01374	0.01012	0.00475	0.01807	0.00095	0.00195	0.00349	0.78898	0.00351
16	0.00523	0.00349	0.00392	0.00392	0.00392	0.00349	0.00218	0.00523	0.00523	0.00697	0.01133	0.02354	0.01308	0.87359	0.01831	0.00349	0.00349	0.00523	0.00218	0.00218
17	0.01071	0.00796	0.00891	0.00673	0.00963	0.00773	0.00546	0.38556	0.02811	0.06517	0.00837	0.02583	0.00650	0.01815	0.00346	0.00089	0.00328	0.00297	0.00298	0.39161
18	0.00813	0.03427	0.07320	0.06070	0.17483	0.00667	0.02829	0.05087	0.00814	0.02266	0.00725	0.00854	0.02191	0.00313	0.00307	0.00079	0.00348	0.00267	0.00208	0.47932
19	0.89899	0.00696	0.00529	0.00473	0.00696	0.00807	0.00390	0.01057	0.00612	0.01614	0.00501	0.00584	0.00390	0.00334	0.00223	0.00111	0.00278	0.00195	0.00223	0.00390
20	0.00509	0.00368	0.00481	0.00453	0.00537	0.00339	0.00339	0.00679	0.01018	0.01442	0.84925	0.02687	0.03394	0.00735	0.00424	0.00113	0.00170	0.00651	0.00396	0.00339
21	0.00484	0.00376	0.00392	0.00381	0.00508	0.00316	0.00288	0.00581	0.00839	0.04914	0.07285	0.03322	0.77305	0.00881	0.00422	0.00121	0.00187	0.00736	0.00342	0.00320
22	0.32644	0.07933	0.29932	0.06036	0.06069	0.00853	0.01983	0.02328	0.00740	0.07535	0.00646	0.00741	0.00476	0.00345	0.00295	0.00110	0.00403	0.00251	0.00204	0.00476
23	0.00447	0.00354	0.00400	0.00411	0.00502	0.00310	0.00299	0.00547	0.00830	0.01055	0.20376	0.20292	0.49628	0.02338	0.00455	0.00128	0.00188	0.00786	0.00345	0.00307
24	0.00842	0.21191	0.32804	0.03140	0.04026	0.09538	0.08995	0.02697	0.00822	0.01074	0.06764	0.00949	0.02353	0.00442	0.02791	0.00117	0.00489	0.00306	0.00186	0.00474
25	0.04601	0.07429	0.28583	0.04602	0.13711	0.08226	0.02030	0.09200	0.02586	0.02014	0.00666	0.00786	0.00515	0.00352	0.00351	0.00103	0.03118	0.00272	0.00197	0.10658

[dist]
# distance from previous block
# <min> <max>
1	20

[block]
# block no. 8 follows, 77 sequences, length 23
# corresponding to MSA columns:
# 805-813,815-817,825-835
name=unknown_I
#
# <colnr> <probs for GDERKNQSTAVLIFYWHMCP>
#	G	D	E	R	K	N	Q	S	T	A	V	L	I	F	Y	W	H	M	C	P
0	0.00775	0.00881	0.14897	0.03974	0.22736	0.00722	0.07703	0.08487	0.06426	0.01333	0.22119	0.01469	0.04698	0.00507	0.01597	0.00120	0.00382	0.00428	0.00264	0.00482
1	0.01454	0.00577	0.00780	0.00613	0.00863	0.00500	0.00500	0.01593	0.01003	0.72914	0.06862	0.05224	0.01117	0.00492	0.00366	0.00112	0.00289	0.00408	0.02500	0.01835
2	0.00652	0.08365	0.00887	0.19157	0.12682	0.00642	0.00623	0.00837	0.03152	0.01060	0.22207	0.01590	0.01408	0.10028	0.14995	0.00214	0.00447	0.00428	0.00239	0.00386
3	0.00521	0.00502	0.08133	0.00497	0.00625	0.00381	0.00423	0.00707	0.00979	0.01377	0.70782	0.02576	0.09700	0.00714	0.00417	0.00114	0.00203	0.00625	0.00369	0.00354
4	0.00935	0.07938	0.06176	0.04216	0.27301	0.05017	0.05829	0.01122	0.00872	0.15384	0.13220	0.03435	0.04255	0.00454	0.00381	0.00110	0.02204	0.00398	0.00261	0.00493
5	0.01132	0.42601	0.01452	0.00831	0.04446	0.40457	0.00676	0.01240	0.00864	0.00876	0.00533	0.00627	0.00467	0.00344	0.00298	0.00087	0.02238	0.00218	0.00169	0.00444
6	0.01238	0.00638	0.00803	0.00622	0.00891	0.00565	0.00509	0.09945	0.02182	0.44750	0.06322	0.01283	0.00979	0.00441	0.00347	0.00099	0.00298	0.04084	0.00367	0.23637
7	0.00661	0.00602	0.00993	0.73865	0.02199	0.00738	0.00913	0.00879	0.00715	0.00917	0.00774	0.01300	0.00662	0.06231	0.00469	0.00139	0.00459	0.06925	0.00177	0.00382
8	0.00732	0.00660	0.00954	0.08820	0.32044	0.05219	0.00740	0.00919	0.03925	0.02382	0.01092	0.20999	0.01097	0.00930	0.14228	0.00195	0.01369	0.03029	0.00231	0.00434
9	0.00947	0.82223	0.07105	0.00641	0.00963	0.01387	0.00660	0.01081	0.00733	0.00865	0.00509	0.00588	0.00461	0.00310	0.00238	0.00079	0.00394	0.00197	0.00154	0.00466
10	0.00977	0.00815	0.00836	0.00742	0.00947	0.05584	0.00588	0.13714	0.56159	0.04299	0.01397	0.01508	0.02342	0.00524	0.00375	0.00122	0.00324	0.07849	0.00354	0.00543
11	0.04796	0.00385	0.00435	0.00422	0.00509	0.00381	0.00316	0.02630	0.00844	0.01316	0.31066	0.03666	0.03618	0.09394	0.00495	0.00129	0.00207	0.05052	0.34007	0.00332
12	0.04725	0.00996	0.01059	0.00814	0.01100	0.01104	0.00673	0.80773	0.01650	0.02242	0.00850	0.00853	0.00603	0.00428	0.00355	0.00108	0.00391	0.00319	0.00355	0.00603
13	0.00679	0.00639	0.01079	0.86494	0.02477	0.00799	0.00999	0.00919	0.00719	0.00919	0.00639	0.00959	0.00480	0.00360	0.00360	0.00120	0.00480	0.00320	0.00160	0.00400
14	0.00911	0.01781	0.57098	0.01016	0.01438	0.26012	0.04506	0.01228	0.00840	0.01063	0.00622	0.00735	0.00462	0.00349	0.00340	0.00108	0.00569	0.00262	0.00163	0.00496
15	0.00572	0.00384	0.00481	0.00450	0.00540	0.00367	0.00342	0.00732	0.00948	0.03970	0.60843	0.02423	0.08514	0.00686	0.00420	0.00111	0.03014	0.00589	0.14268	0.00346
