[name]
unknown

[dist]
# distance from previous block
# <min> <max>
4	659

[block]
# block no. 0 follows, 85 sequences, length 18
# corresponding to MSA columns:
# 730-747
name=unknown_A
#
# <colnr> <probs for GDERKNQSTAVLIFYWHMCP>
#	G	D	E	R	K	N	Q	S	T	A	V	L	I	F	Y	W	H	M	C	P
0	0.09151	0.06114	0.16827	0.03344	0.01688	0.09150	0.05004	0.05348	0.00738	0.02048	0.04728	0.02630	0.00744	0.10137	0.03238	0.00133	0.02822	0.02458	0.00199	0.13500
1	0.02992	0.06766	0.20213	0.01788	0.05021	0.13815	0.04762	0.02001	0.05973	0.04770	0.02392	0.13578	0.02403	0.00495	0.01577	0.00111	0.06233	0.00376	0.00211	0.04522
2	0.02746	0.09719	0.01681	0.00541	0.00700	0.00670	0.00427	0.04942	0.34108	0.01163	0.09512	0.01596	0.11017	0.14288	0.00541	0.00136	0.00266	0.00414	0.01502	0.04034
3	0.00801	0.01004	0.14730	0.14176	0.24357	0.10208	0.20540	0.02061	0.02695	0.01022	0.00663	0.00901	0.00533	0.00334	0.00357	0.00106	0.02079	0.02808	0.00170	0.00455
4	0.00473	0.00370	0.00452	0.00452	0.00537	0.00353	0.01464	0.00655	0.08514	0.01057	0.26895	0.22486	0.26070	0.02759	0.02166	0.00130	0.00208	0.04324	0.00321	0.00312
5	0.00881	0.00810	0.06061	0.00715	0.00926	0.00863	0.00594	0.14795	0.63682	0.01456	0.01181	0.01116	0.00883	0.00440	0.00367	0.00112	0.03927	0.00352	0.00317	0.00523
6	0.00802	0.00724	0.01865	0.05256	0.17976	0.00779	0.07481	0.03364	0.47856	0.02234	0.06078	0.02271	0.00969	0.00418	0.00344	0.00109	0.00320	0.00374	0.00280	0.00497
7	0.00410	0.00291	0.00384	0.00456	0.00474	0.00273	0.00301	0.00464	0.00626	0.00835	0.01779	0.82364	0.02132	0.06872	0.00509	0.00147	0.00201	0.00914	0.00301	0.00265
8	0.00920	0.05959	0.10255	0.00825	0.11165	0.03291	0.02429	0.17905	0.00906	0.08950	0.00694	0.00761	0.00527	0.00311	0.00292	0.00080	0.00341	0.00250	0.00229	0.33910
9	0.01212	0.01524	0.00912	0.00830	0.00997	0.82900	0.00623	0.01301	0.00930	0.00833	0.00541	0.00629	0.00448	0.00345	0.00296	0.00085	0.00578	0.00219	0.04415	0.00382
10	0.81300	0.00649	0.00563	0.04311	0.05920	0.00748	0.00424	0.00974	0.00581	0.01438	0.00478	0.00572	0.00374	0.00309	0.00219	0.00103	0.00273	0.00192	0.00201	0.00370
11	0.00412	0.00309	0.00383	0.00425	0.00476	0.00280	0.00296	0.00493	0.00715	0.00938	0.15789	0.53599	0.22807	0.00934	0.00411	0.00125	0.00181	0.00830	0.00318	0.00280
12	0.00698	0.00654	0.01061	0.59554	0.14862	0.00769	0.03913	0.02871	0.09242	0.00975	0.00678	0.00908	0.00518	0.00342	0.00345	0.00109	0.01606	0.00307	0.00174	0.00416
13	0.00460	0.00337	0.00437	0.00421	0.00497	0.00314	0.00314	0.00601	0.00880	0.01229	0.68296	0.08190	0.09886	0.00828	0.05700	0.00134	0.00205	0.00617	0.00346	0.00307
14	0.03403	0.00523	0.00675	0.00542	0.00756	0.00469	0.00439	0.01377	0.05328	0.60536	0.10644	0.01456	0.08656	0.00477	0.00340	0.00104	0.00253	0.00393	0.03130	0.00498
15	0.00960	0.00753	0.00802	0.00676	0.00881	0.00849	0.00538	0.32371	0.45949	0.01638	0.04652	0.01129	0.00927	0.00437	0.00332	0.00105	0.00290	0.00353	0.05840	0.00518
16	0.00843	0.17905	0.37099	0.04510	0.01330	0.02813	0.14577	0.13123	0.00843	0.03027	0.00626	0.00730	0.00466	0.00319	0.00312	0.00099	0.00454	0.00267	0.00180	0.00477
17	0.01071	0.05890	0.04010	0.00697	0.00933	0.26924	0.00572	0.20940	0.02715	0.09992	0.04754	0.02556	0.00687	0.00373	0.00305	0.00086	0.00395	0.00278	0.00251	0.16569

[dist]
# distance from previous block
# <min> <max>
0	1

[block]
# block no. 1 follows, 85 sequences, length 13
# corresponding to MSA columns:
# 749-761
name=unknown_B
#
# <colnr> <probs for GDERKNQSTAVLIFYWHMCP>
#	G	D	E	R	K	N	Q	S	T	A	V	L	I	F	Y	W	H	M	C	P
0	0.00718	0.01814	0.03070	0.09818	0.18896	0.00633	0.00623	0.03476	0.15657	0.05317	0.07461	0.16966	0.02759	0.00532	0.00388	0.00111	0.05084	0.00458	0.05797	0.00421
1	0.00581	0.00462	0.00570	0.00501	0.02863	0.00402	0.00356	0.00682	0.00620	0.00916	0.04473	0.05405	0.00930	0.23743	0.14916	0.00208	0.00370	0.00353	0.00207	0.41442
2	0.82582	0.03596	0.00559	0.00460	0.00672	0.00781	0.00382	0.05765	0.00626	0.01502	0.00482	0.00554	0.00374	0.00313	0.00213	0.00102	0.00267	0.00187	0.00211	0.00374
3	0.00809	0.03885	0.03163	0.00981	0.02300	0.00884	0.25723	0.07113	0.01738	0.04564	0.00657	0.00943	0.00563	0.01739	0.00677	0.00125	0.36127	0.03749	0.00189	0.04073
4	0.00496	0.00352	0.00449	0.00421	0.00443	0.00349	0.04239	0.00523	0.00527	0.00711	0.06262	0.02104	0.01281	0.75914	0.04365	0.00306	0.00342	0.00482	0.00209	0.00223
5	0.06493	0.00645	0.00674	0.00555	0.00732	0.02108	0.00447	0.37463	0.01086	0.06195	0.03980	0.01090	0.03197	0.01576	0.00327	0.00097	0.01937	0.00320	0.30640	0.00438
6	0.17869	0.00632	0.00703	0.00595	0.00805	0.00672	0.00478	0.04039	0.31774	0.31672	0.01126	0.01061	0.00799	0.00534	0.05651	0.00133	0.00311	0.00321	0.00329	0.00496
7	0.00473	0.00335	0.00424	0.00427	0.00502	0.00305	0.00315	0.00592	0.00829	0.03557	0.46055	0.23350	0.17010	0.00796	0.00401	0.00115	0.00176	0.03694	0.00341	0.00304
8	0.90669	0.00643	0.00488	0.00437	0.00643	0.00745	0.00360	0.00977	0.00566	0.01491	0.00463	0.00540	0.00360	0.00308	0.00206	0.00103	0.00257	0.00180	0.00206	0.00360
9	0.00547	0.00354	0.00452	0.00442	0.00531	0.00321	0.00333	0.00670	0.00844	0.09281	0.43387	0.18566	0.16328	0.00763	0.00397	0.00114	0.00187	0.05814	0.00346	0.00324
10	0.00568	0.00372	0.00505	0.00488	0.00576	0.00376	0.00370	0.00673	0.00652	0.09714	0.07407	0.13438	0.11973	0.05547	0.42090	0.00324	0.00540	0.00495	0.00251	0.03641
11	0.00480	0.00355	0.00410	0.00388	0.00497	0.00307	0.00292	0.00594	0.00827	0.04723	0.33908	0.05729	0.45476	0.00748	0.00386	0.00107	0.00173	0.00638	0.00330	0.03631
12	0.13763	0.49867	0.06917	0.00707	0.05961	0.11343	0.00621	0.05750	0.00747	0.00996	0.00505	0.00585	0.00430	0.00304	0.00243	0.00083	0.00382	0.00201	0.00167	0.00430

[dist]
# distance from previous block
# <min> <max>
0	1

[block]
# block no. 2 follows, 85 sequences, length 8
# corresponding to MSA columns:
# 763-770
name=unknown_C
#
# <colnr> <probs for GDERKNQSTAVLIFYWHMCP>
#	G	D	E	R	K	N	Q	S	T	A	V	L	I	F	Y	W	H	M	C	P
0	0.06536	0.00702	0.00836	0.03576	0.00940	0.00714	0.00543	0.33743	0.01154	0.42498	0.04591	0.01016	0.00780	0.00409	0.00328	0.00102	0.00313	0.00322	0.00358	0.00536
1	0.90669	0.00643	0.00488	0.00437	0.00643	0.00745	0.00360	0.00977	0.00566	0.01491	0.00463	0.00540	0.00360	0.00308	0.00206	0.00103	0.00257	0.00180	0.00206	0.00360
2	0.01109	0.00816	0.00885	0.00687	0.00939	0.00871	0.00561	0.57354	0.10141	0.04514	0.00857	0.00861	0.00624	0.00382	0.00316	0.00093	0.00324	0.00294	0.04914	0.13458
3	0.00628	0.00591	0.00997	0.87523	0.02289	0.00738	0.00923	0.00849	0.00664	0.00849	0.00591	0.00886	0.00443	0.00332	0.00332	0.00111	0.00443	0.00295	0.00148	0.00369
4	0.00544	0.00456	0.00589	0.00567	0.00614	0.04521	0.00434	0.00637	0.00542	0.00758	0.00838	0.01330	0.00819	0.15206	0.58902	0.00431	0.11980	0.00360	0.00177	0.00295
5	0.00666	0.01719	0.86600	0.00947	0.01438	0.00772	0.01228	0.01052	0.00702	0.01052	0.00596	0.00702	0.00421	0.00316	0.00316	0.00105	0.00491	0.00246	0.00140	0.00491
6	0.04944	0.07394	0.00778	0.02733	0.00814	0.16027	0.00489	0.06185	0.11416	0.15521	0.21404	0.03564	0.01302	0.00487	0.00347	0.01676	0.00317	0.01995	0.00294	0.02310
7	0.08042	0.08476	0.10932	0.06085	0.21039	0.03148	0.04687	0.03653	0.02352	0.16196	0.00746	0.02273	0.00570	0.00340	0.00317	0.00096	0.01779	0.00283	0.00219	0.08768

[dist]
# distance from previous block
# <min> <max>
1	4

[block]
# block no. 3 follows, 85 sequences, length 15
# corresponding to MSA columns:
# 777-791
name=unknown_D
#
# <colnr> <probs for GDERKNQSTAVLIFYWHMCP>
#	G	D	E	R	K	N	Q	S	T	A	V	L	I	F	Y	W	H	M	C	P
0	0.00654	0.00494	0.02457	0.01628	0.03997	0.00406	0.00414	0.00789	0.02313	0.09350	0.06869	0.31211	0.02418	0.01978	0.00358	0.00098	0.00239	0.00517	0.00269	0.33538
1	0.02581	0.00774	0.00942	0.17073	0.12262	0.04125	0.00673	0.34781	0.03091	0.03692	0.00766	0.03270	0.00614	0.04509	0.00386	0.00108	0.00368	0.00312	0.00249	0.09423
2	0.90669	0.00643	0.00488	0.00437	0.00643	0.00745	0.00360	0.00977	0.00566	0.01491	0.00463	0.00540	0.00360	0.00308	0.00206	0.00103	0.00257	0.00180	0.00206	0.00360
3	0.00548	0.00395	0.00460	0.00440	0.00540	0.00385	0.00336	0.03997	0.06401	0.03401	0.27012	0.10906	0.26974	0.00706	0.00390	0.00110	0.02294	0.04073	0.10303	0.00330
4	0.01206	0.00881	0.00932	0.00736	0.00985	0.03752	0.00600	0.60148	0.16301	0.09573	0.00933	0.00899	0.00663	0.00407	0.00333	0.00102	0.00348	0.00313	0.00335	0.00552
5	0.00719	0.00718	0.00980	0.05473	0.00933	0.03456	0.00713	0.00803	0.00532	0.00801	0.00479	0.00773	0.00464	0.00697	0.07134	0.00169	0.74354	0.00293	0.00149	0.00360
6	0.00441	0.00325	0.00382	0.00398	0.00444	0.00308	0.00268	0.00497	0.00624	0.00807	0.05633	0.19772	0.26039	0.32372	0.08217	0.00228	0.00292	0.02436	0.00262	0.00253
7	0.00460	0.00347	0.00464	0.06664	0.00652	0.00342	0.00392	0.00574	0.02440	0.00921	0.07677	0.45720	0.11545	0.03390	0.00453	0.00137	0.00232	0.16999	0.00298	0.00292
8	0.06209	0.43911	0.37820	0.00744	0.01113	0.01037	0.03084	0.01020	0.00683	0.00947	0.00525	0.00615	0.00422	0.00299	0.00261	0.00089	0.00413	0.00212	0.00146	0.00451
9	0.00719	0.00684	0.01163	0.47244	0.41850	0.00762	0.00969	0.00930	0.00708	0.00961	0.00607	0.00856	0.00482	0.00315	0.00331	0.00105	0.00420	0.00296	0.00156	0.00443
10	0.00425	0.00301	0.00393	0.00462	0.00495	0.00282	0.00322	0.00497	0.00658	0.00881	0.01886	0.71775	0.07180	0.00991	0.00417	0.00133	0.00200	0.08369	0.04058	0.00275
11	0.04483	0.00590	0.00757	0.00587	0.00832	0.00542	0.00483	0.10104	0.00985	0.69765	0.01216	0.01083	0.00782	0.00405	0.00323	0.00101	0.00283	0.00324	0.05812	0.00543
12	0.00492	0.00321	0.00378	0.00378	0.00381	0.00324	0.00221	0.00484	0.00481	0.00644	0.00992	0.02014	0.01126	0.75262	0.06010	0.09292	0.00348	0.00457	0.00194	0.00201
13	0.06491	0.00890	0.01206	0.02531	0.40124	0.11890	0.10203	0.11071	0.02652	0.04752	0.00669	0.00805	0.00528	0.00333	0.00351	0.00101	0.03422	0.00293	0.01204	0.00485
14	0.12240	0.00853	0.00915	0.00713	0.00965	0.00939	0.01916	0.64141	0.04125	0.06342	0.03065	0.00844	0.00635	0.00396	0.00320	0.00101	0.00342	0.00298	0.00319	0.00530

[dist]
# distance from previous block
# <min> <max>
2	11

[block]
# block no. 4 follows, 85 sequences, length 78
# corresponding to MSA columns:
# 804-881
name=unknown_E
#
# <colnr> <probs for GDERKNQSTAVLIFYWHMCP>
#	G	D	E	R	K	N	Q	S	T	A	V	L	I	F	Y	W	H	M	C	P
0	0.00704	0.03407	0.00778	0.04761	0.10297	0.09877	0.02447	0.04044	0.03315	0.02084	0.00814	0.01319	0.00794	0.28338	0.17638	0.00256	0.08236	0.00359	0.00192	0.00340
1	0.08394	0.06748	0.06627	0.22351	0.02548	0.00679	0.04436	0.03955	0.04043	0.05655	0.02225	0.01168	0.06188	0.05612	0.01708	0.00119	0.02541	0.03129	0.00210	0.11666
2	0.05379	0.18748	0.05109	0.00704	0.00956	0.10069	0.00609	0.32478	0.18366	0.01450	0.00783	0.00794	0.00596	0.00369	0.00297	0.00094	0.00366	0.00271	0.00260	0.02302
3	0.16254	0.07222	0.01000	0.16615	0.22125	0.00791	0.00700	0.10555	0.03064	0.12757	0.03201	0.00860	0.00607	0.00353	0.00322	0.00102	0.02499	0.00284	0.00229	0.00462
4	0.02649	0.46129	0.14779	0.08402	0.03439	0.06787	0.04685	0.01016	0.00720	0.03462	0.03459	0.00744	0.01816	0.00323	0.00269	0.00087	0.00398	0.00241	0.00165	0.00429
5	0.00891	0.18701	0.28431	0.00911	0.05739	0.01735	0.13099	0.07811	0.04020	0.11563	0.02632	0.00853	0.00599	0.00341	0.00314	0.00099	0.00416	0.01152	0.00209	0.00483
6	0.00470	0.00354	0.00437	0.00470	0.00552	0.00331	0.00379	0.00583	0.00751	0.00956	0.09605	0.05813	0.32715	0.07886	0.00527	0.00147	0.00241	0.37192	0.00304	0.00288
7	0.00695	0.00456	0.00608	0.00589	0.02388	0.00449	0.03689	0.05670	0.06980	0.13094	0.05691	0.28294	0.05835	0.09750	0.00534	0.00145	0.00887	0.13577	0.00308	0.00361
8	0.00760	0.07019	0.34936	0.04450	0.05208	0.05418	0.06861	0.02340	0.05590	0.07244	0.00904	0.16111	0.00811	0.00455	0.00337	0.00108	0.00404	0.00392	0.00209	0.00444
9	0.00925	0.05049	0.15573	0.00906	0.12175	0.07101	0.04382	0.02647	0.21734	0.16819	0.03807	0.05058	0.01511	0.00414	0.00332	0.00104	0.00359	0.00350	0.00265	0.00489
10	0.00429	0.00318	0.00403	0.00458	0.00503	0.00298	0.00323	0.00528	0.03011	0.00915	0.08073	0.61551	0.14151	0.00962	0.00417	0.00130	0.00197	0.06736	0.00313	0.00284
11	0.00735	0.10267	0.68247	0.00901	0.01336	0.03206	0.02027	0.04963	0.00741	0.01060	0.00586	0.00689	0.00430	0.00325	0.00331	0.00102	0.03180	0.00243	0.00151	0.00481
12	0.03022	0.00829	0.02689	0.07870	0.28995	0.08420	0.04314	0.18685	0.01855	0.05696	0.00789	0.08525	0.00677	0.00407	0.00361	0.00103	0.03499	0.00347	0.00227	0.02688
13	0.00555	0.00489	0.00633	0.03184	0.00692	0.04740	0.02646	0.00640	0.00625	0.00859	0.03326	0.44381	0.01440	0.01853	0.08076	0.00167	0.21030	0.00632	0.03724	0.00310
14	0.81182	0.00717	0.00539	0.00478	0.00684	0.06525	0.00389	0.04300	0.00630	0.01469	0.00479	0.00554	0.00372	0.00314	0.00217	0.00102	0.00284	0.00187	0.00208	0.00370
15	0.78188	0.01752	0.00539	0.00461	0.00667	0.00743	0.00379	0.05651	0.00649	0.04030	0.04059	0.00652	0.00501	0.00332	0.00224	0.00102	0.00261	0.00209	0.00225	0.00376
16	0.00819	0.00933	0.00729	0.00657	0.00807	0.38176	0.05621	0.03141	0.01734	0.00907	0.01740	0.06762	0.33429	0.00587	0.00353	0.00103	0.00391	0.02522	0.00241	0.00347
17	0.00527	0.00336	0.00392	0.00384	0.00458	0.00329	0.00281	0.00636	0.00683	0.03101	0.12016	0.01962	0.19190	0.14692	0.15983	0.00209	0.00318	0.00464	0.27748	0.00291
18	0.00790	0.41606	0.01515	0.00812	0.01062	0.01621	0.25034	0.02205	0.02149	0.00919	0.00772	0.01232	0.00729	0.05005	0.00385	0.00110	0.00406	0.13059	0.00184	0.00406
19	0.03045	0.00366	0.00376	0.00353	0.00454	0.00370	0.00271	0.05357	0.00754	0.05946	0.01065	0.01191	0.00822	0.00387	0.00243	0.00081	0.00176	0.00307	0.78099	0.00339
20	0.00997	0.00830	0.04833	0.00966	0.01250	0.00787	0.34191	0.18837	0.11663	0.16850	0.00990	0.02358	0.03047	0.00379	0.00360	0.00108	0.00412	0.00371	0.00273	0.00498
21	0.04401	0.00797	0.00868	0.00693	0.00926	0.00869	0.00568	0.55064	0.11377	0.09932	0.04251	0.01073	0.00799	0.00435	0.00333	0.00103	0.00325	0.03794	0.02865	0.00525
22	0.05141	0.00875	0.00955	0.00750	0.00996	0.04494	0.04518	0.55507	0.11829	0.07979	0.00878	0.00896	0.00638	0.02560	0.00363	0.00107	0.00360	0.00311	0.00316	0.00529
23	0.00639	0.00602	0.01017	0.82606	0.07118	0.00741	0.00928	0.00859	0.00670	0.00863	0.00593	0.00882	0.00448	0.00330	0.00332	0.00110	0.00440	0.00295	0.00149	0.00378
24	0.00785	0.48050	0.41306	0.00745	0.01126	0.01062	0.00876	0.01022	0.00687	0.00908	0.00525	0.00612	0.00424	0.00299	0.00261	0.00087	0.00419	0.00209	0.00141	0.00457
25	0.00950	0.00734	0.00775	0.00656	0.00849	0.02871	0.00518	0.28744	0.38830	0.04401	0.05860	0.01184	0.00961	0.03879	0.01929	0.00121	0.00306	0.00358	0.05579	0.00495
26	0.00558	0.00403	0.00488	0.00502	0.00590	0.00400	0.00389	0.00773	0.12387	0.04537	0.07862	0.15630	0.16932	0.11926	0.00572	0.00153	0.00249	0.25018	0.00307	0.00324
27	0.00477	0.00355	0.00452	0.00486	0.00567	0.00334	0.00396	0.00603	0.00783	0.01018	0.18763	0.07917	0.24240	0.03293	0.00461	0.00136	0.00235	0.38870	0.00316	0.00296
28	0.00475	0.00356	0.00534	0.00534	0.00593	0.00415	0.00415	0.00593	0.00534	0.00771	0.00890	0.01305	0.00831	0.02492	0.87005	0.00534	0.00890	0.00356	0.00178	0.00297
29	0.03328	0.00741	0.01335	0.00980	0.01266	0.00695	0.39971	0.04790	0.00878	0.38793	0.00948	0.00983	0.00642	0.00351	0.00378	0.00108	0.02676	0.00355	0.00283	0.00500
30	0.01174	0.00603	0.00739	0.00589	0.00808	0.00584	0.00478	0.19464	0.05890	0.44692	0.13135	0.01419	0.07943	0.00483	0.00347	0.00104	0.00273	0.00395	0.00376	0.00505
31	0.01271	0.00855	0.00942	0.00729	0.00988	0.00925	0.00600	0.65363	0.07281	0.16196	0.00922	0.00884	0.00639	0.00405	0.00333	0.00101	0.00345	0.00310	0.00346	0.00562
32	0.08107	0.00527	0.00626	0.00530	0.00691	0.00535	0.00423	0.09158	0.07580	0.24487	0.28973	0.01560	0.04330	0.00513	0.00371	0.00104	0.04106	0.00418	0.06533	0.00427
33	0.00643	0.15179	0.09312	0.00544	0.00669	0.03049	0.02941	0.04451	0.00610	0.00800	0.00838	0.01522	0.00884	0.49245	0.04395	0.00237	0.03810	0.00378	0.00186	0.00306
34	0.01013	0.01059	0.00909	0.15471	0.03548	0.37854	0.00656	0.09617	0.07072	0.04802	0.05053	0.00852	0.00650	0.00378	0.00350	0.00096	0.04320	0.00278	0.00216	0.05807
35	0.00858	0.13318	0.02746	0.17191	0.23914	0.03058	0.10732	0.12312	0.04119	0.01875	0.00645	0.00803	0.00511	0.00336	0.00360	0.00101	0.05043	0.00290	0.00189	0.01600
36	0.38837	0.23125	0.01820	0.00568	0.02123	0.04198	0.00485	0.04730	0.01490	0.15036	0.00640	0.00684	0.00487	0.00391	0.02700	0.00107	0.01708	0.00222	0.00225	0.00424
37	0.00466	0.00347	0.00433	0.00447	0.00512	0.00331	0.00323	0.00625	0.06253	0.01082	0.36264	0.32026	0.10778	0.04761	0.00461	0.00128	0.00190	0.03940	0.00329	0.00304
38	0.03149	0.34827	0.13680	0.00644	0.02645	0.01895	0.00617	0.07610	0.00756	0.01049	0.00555	0.00637	0.00459	0.00287	0.00252	0.00073	0.00341	0.00206	0.00177	0.30144
39	0.00884	0.09030	0.03404	0.03549	0.20584	0.03232	0.01954	0.14204	0.20933	0.05363	0.00975	0.09122	0.01594	0.00429	0.00328	0.00102	0.00337	0.00365	0.00256	0.03355
40	0.00695	0.00432	0.00555	0.00532	0.00650	0.00421	0.00427	0.00935	0.11318	0.15245	0.31717	0.07138	0.04444	0.00696	0.00396	0.00120	0.00234	0.23323	0.00349	0.00376
41	0.00542	0.00393	0.00470	0.00464	0.00546	0.00386	0.00338	0.04207	0.09224	0.03421	0.25091	0.25224	0.14134	0.10375	0.00536	0.00140	0.00214	0.03651	0.00319	0.00323
42	0.12416	0.05150	0.15211	0.10047	0.09888	0.06615	0.03907	0.13935	0.00847	0.10522	0.00668	0.00769	0.00497	0.00359	0.00371	0.00104	0.07749	0.00269	0.00214	0.00462
43	0.00466	0.00320	0.00407	0.00442	0.00499	0.00292	0.00313	0.00553	0.00726	0.04502	0.16226	0.51848	0.16380	0.00907	0.00408	0.00124	0.00189	0.03439	0.01665	0.00293
44	0.00422	0.00309	0.00399	0.00464	0.00504	0.00288	0.00330	0.00496	0.00669	0.00873	0.02030	0.63203	0.14115	0.02182	0.00442	0.00137	0.00207	0.12349	0.00307	0.00275
45	0.12902	0.00689	0.00804	0.00625	0.00878	0.00691	0.00516	0.27088	0.02062	0.48739	0.01045	0.00954	0.00686	0.00395	0.00317	0.00102	0.00305	0.00304	0.00360	0.00538
46	0.00794	0.38521	0.41860	0.00805	0.01189	0.01018	0.05779	0.04738	0.00733	0.00984	0.00553	0.00645	0.00434	0.00304	0.00277	0.00091	0.00432	0.00228	0.00151	0.00464
47	0.00838	0.00635	0.00703	0.00613	0.00789	0.00696	0.00481	0.12195	0.47020	0.07695	0.20456	0.01512	0.03902	0.00504	0.00351	0.00108	0.00251	0.00423	0.00348	0.00479
48	0.00504	0.00365	0.00435	0.00409	0.00512	0.00332	0.00310	0.00669	0.04573	0.04955	0.50289	0.02613	0.31372	0.00713	0.00387	0.00107	0.00171	0.00614	0.00347	0.00323
49	0.00511	0.00424	0.00656	0.28325	0.03442	0.00459	0.03037	0.00632	0.00653	0.00860	0.01379	0.41496	0.06151	0.03543	0.01809	0.01852	0.00307	0.02690	0.01462	0.00312
50	0.00740	0.10605	0.04040	0.31040	0.03987	0.08669	0.07838	0.00912	0.01390	0.03862	0.02892	0.01005	0.00635	0.07924	0.08579	0.00162	0.04855	0.00312	0.00175	0.00378
51	0.00720	0.00590	0.00692	0.00496	0.00790	0.00445	0.00397	0.00867	0.00699	0.04390	0.00619	0.00706	0.00505	0.00252	0.00250	0.00051	0.00248	0.00202	0.00205	0.86876
52	0.00726	0.04314	0.01042	0.13675	0.17252	0.04292	0.13432	0.05461	0.08002	0.02183	0.02380	0.18340	0.06450	0.00509	0.00358	0.00110	0.00361	0.00469	0.00230	0.00414
53	0.00415	0.00322	0.00364	0.00389	0.00456	0.00287	0.00273	0.00484	0.00691	0.00867	0.05414	0.28941	0.44138	0.12407	0.00575	0.00148	0.00199	0.03065	0.00296	0.00269
54	0.00903	0.06782	0.00914	0.00757	0.04581	0.03415	0.03113	0.17749	0.46621	0.02305	0.01150	0.05579	0.02326	0.00453	0.00346	0.00107	0.01724	0.00373	0.00302	0.00501
55	0.00817	0.24483	0.32311	0.00819	0.01173	0.01887	0.10579	0.09705	0.01725	0.02406	0.01544	0.01636	0.00530	0.00328	0.00297	0.00092	0.00417	0.01237	0.00181	0.07833
56	0.01717	0.12958	0.40720	0.04576	0.04194	0.04768	0.16771	0.03980	0.02470	0.01973	0.00645	0.02598	0.00501	0.00328	0.00319	0.00102	0.00466	0.00286	0.00166	0.00464
57	0.02532	0.08234	0.71887	0.00891	0.01337	0.04388	0.01109	0.02648	0.00724	0.01048	0.00628	0.00722	0.01774	0.00324	0.00307	0.00102	0.00473	0.00246	0.00149	0.00477
58	0.00433	0.00325	0.00398	0.00407	0.00476	0.00293	0.00293	0.00539	0.00797	0.01067	0.39112	0.25457	0.24740	0.03591	0.00442	0.00122	0.00175	0.00715	0.00330	0.00290
59	0.03108	0.13589	0.38425	0.00823	0.01160	0.02489	0.10449	0.04825	0.00775	0.06002	0.06662	0.04204	0.01446	0.01860	0.00345	0.00106	0.00413	0.02674	0.00199	0.00447
60	0.02536	0.06859	0.25036	0.02266	0.01098	0.06615	0.12730	0.00996	0.02065	0.08489	0.05564	0.03279	0.04315	0.01960	0.01373	0.00119	0.02165	0.11895	0.00222	0.00418
61	0.00992	0.00748	0.03554	0.00992	0.03454	0.00687	0.37690	0.01808	0.09952	0.28256	0.04783	0.01083	0.00787	0.00406	0.02104	0.00116	0.00417	0.00373	0.01311	0.00487
62	0.02229	0.00601	0.00967	0.35423	0.24435	0.00653	0.03002	0.03238	0.00732	0.05599	0.00980	0.14761	0.05053	0.00464	0.00348	0.00111	0.00366	0.00421	0.00207	0.00410
63	0.02189	0.07365	0.13454	0.01801	0.09020	0.00695	0.19651	0.05245	0.01866	0.10270	0.01737	0.10249	0.00941	0.01116	0.00371	0.00115	0.00390	0.12854	0.00236	0.00435
64	0.01098	0.00628	0.00743	0.00620	0.00831	0.00644	0.00497	0.10035	0.31445	0.36732	0.02834	0.03451	0.05179	0.00506	0.01676	0.00115	0.00284	0.01802	0.00363	0.00517
65	0.00907	0.00443	0.00562	0.00481	0.00648	0.00388	0.00382	0.01034	0.01847	0.39233	0.17077	0.05662	0.26534	0.00626	0.00369	0.00109	0.00223	0.02694	0.00365	0.00417
66	0.00843	0.09622	0.18099	0.08928	0.02148	0.08962	0.15431	0.08122	0.00810	0.07351	0.00835	0.08267	0.02388	0.01838	0.00386	0.00109	0.03730	0.01490	0.00206	0.00433
67	0.00525	0.00349	0.00470	0.00463	0.00506	0.00377	0.00328	0.00592	0.00531	0.04281	0.00964	0.01630	0.00972	0.36005	0.46224	0.02801	0.00614	0.00402	0.01699	0.00267
68	0.00677	0.05650	0.82757	0.00930	0.01412	0.00796	0.01198	0.01050	0.00700	0.01040	0.00590	0.00694	0.00421	0.00314	0.00311	0.00104	0.00485	0.00242	0.00140	0.00488
69	0.01989	0.00463	0.00470	0.00481	0.00559	0.08049	0.00348	0.00654	0.04230	0.02470	0.11536	0.38925	0.24465	0.00824	0.00411	0.00119	0.02688	0.00711	0.00300	0.00308
70	0.04911	0.19147	0.33000	0.08905	0.08046	0.05019	0.04663	0.04001	0.02896	0.03734	0.00669	0.00771	0.02197	0.00329	0.00298	0.00098	0.00425	0.00259	0.00173	0.00458
71	0.04980	0.21237	0.37860	0.00791	0.01133	0.04479	0.03045	0.04424	0.10050	0.04377	0.00670	0.00737	0.00509	0.00341	0.00325	0.00099	0.04037	0.00251	0.00186	0.00469
72	0.00431	0.00321	0.00386	0.00422	0.00488	0.00287	0.00303	0.00513	0.00719	0.02343	0.09006	0.42754	0.34301	0.00919	0.00410	0.00124	0.00188	0.05484	0.00315	0.00284
73	0.04691	0.04473	0.07033	0.02260	0.05220	0.20066	0.02612	0.02126	0.00683	0.04826	0.00668	0.01967	0.00602	0.02031	0.00675	0.30189	0.01929	0.03916	0.00181	0.03853
74	0.03000	0.00646	0.02108	0.04547	0.06693	0.05351	0.01639	0.14242	0.08360	0.08622	0.01315	0.09102	0.05776	0.00669	0.03128	0.00133	0.01902	0.22069	0.00285	0.00413
75	0.00776	0.03213	0.03421	0.29322	0.42605	0.03679	0.03233	0.04221	0.00762	0.01026	0.00660	0.00947	0.00549	0.00339	0.00333	0.00104	0.00418	0.03766	0.00171	0.00458
76	0.00723	0.00583	0.00695	0.00524	0.00774	0.00488	0.00419	0.03505	0.00717	0.05310	0.00798	0.05561	0.03957	0.00349	0.00327	0.00067	0.06300	0.00274	0.00219	0.68409
77	0.00784	0.34885	0.46168	0.00777	0.01167	0.03376	0.00911	0.03218	0.00720	0.00970	0.00548	0.00636	0.00430	0.00304	0.00274	0.00089	0.00429	0.00218	0.00149	0.03946

[dist]
# distance from previous block
# <min> <max>
0	3

[block]
# block no. 5 follows, 85 sequences, length 14
# corresponding to MSA columns:
# 885-898
name=unknown_F
#
# <colnr> <probs for GDERKNQSTAVLIFYWHMCP>
#	G	D	E	R	K	N	Q	S	T	A	V	L	I	F	Y	W	H	M	C	P
0	0.00606	0.00475	0.00645	0.00565	0.00724	0.00423	0.05901	0.00756	0.03200	0.04897	0.02553	0.23318	0.08345	0.00717	0.04194	0.00123	0.01708	0.12483	0.00263	0.28104
1	0.00421	0.00324	0.00383	0.00418	0.00486	0.00293	0.00305	0.00504	0.00701	0.00890	0.04076	0.34329	0.38775	0.03789	0.03073	0.00144	0.00217	0.09000	0.01594	0.00278
2	0.00416	0.00300	0.00396	0.00468	0.00497	0.00280	0.00324	0.00485	0.00659	0.00873	0.03923	0.75822	0.05901	0.01014	0.00425	0.00135	0.00200	0.07301	0.00310	0.00274
3	0.04837	0.03553	0.04513	0.00576	0.00812	0.02500	0.00482	0.01095	0.23955	0.01154	0.02528	0.02123	0.00826	0.02216	0.00325	0.00089	0.00278	0.07344	0.00245	0.40547
4	0.00729	0.16235	0.68610	0.00880	0.01322	0.04680	0.01092	0.01055	0.00708	0.00997	0.00570	0.00669	0.00422	0.00312	0.00298	0.00099	0.00473	0.00233	0.00142	0.00476
5	0.00466	0.00372	0.03045	0.00506	0.00569	0.00330	0.00399	0.00564	0.00690	0.00911	0.06265	0.38150	0.09781	0.04979	0.02810	0.02709	0.00260	0.26616	0.00293	0.00285
6	0.00505	0.00363	0.00425	0.00423	0.00515	0.00330	0.00311	0.04642	0.00808	0.04947	0.19831	0.27656	0.36367	0.00825	0.00396	0.00116	0.00188	0.00715	0.00326	0.00311
7	0.00737	0.00749	0.01045	0.00886	0.00910	0.03560	0.04784	0.00821	0.00536	0.00812	0.00465	0.00750	0.00452	0.00623	0.03853	0.00155	0.78053	0.00296	0.00148	0.00366
8	0.03173	0.01944	0.13276	0.00786	0.04839	0.02560	0.08756	0.05640	0.12269	0.18603	0.07532	0.01521	0.03595	0.00481	0.00353	0.00111	0.00342	0.11905	0.01857	0.00457
9	0.03352	0.00561	0.00710	0.00577	0.00792	0.00533	0.00465	0.01479	0.17260	0.54866	0.14411	0.01347	0.01206	0.00458	0.00341	0.00105	0.00259	0.00380	0.00385	0.00514
10	0.06370	0.00570	0.00756	0.00583	0.00837	0.00502	0.00481	0.01584	0.00930	0.81829	0.01265	0.01099	0.00797	0.00406	0.00327	0.00103	0.00281	0.00326	0.00400	0.00554
11	0.00478	0.00345	0.00477	0.00477	0.00517	0.00385	0.00344	0.00557	0.00517	0.00729	0.00942	0.01593	0.00956	0.30914	0.58754	0.00464	0.00702	0.00398	0.00186	0.00265
12	0.10323	0.01968	0.01121	0.30621	0.14601	0.05099	0.13723	0.08149	0.02553	0.02161	0.02250	0.00846	0.00535	0.00328	0.00322	0.00103	0.00414	0.00296	0.00190	0.04398
13	0.19419	0.22634	0.11139	0.00722	0.00974	0.21598	0.05399	0.06960	0.00786	0.02290	0.00570	0.02726	0.00475	0.00343	0.00293	0.00093	0.02738	0.00239	0.00185	0.00418

[dist]
# distance from previous block
# <min> <max>
0	1

[block]
# block no. 6 follows, 85 sequences, length 9
# corresponding to MSA columns:
# 900-908
name=unknown_G
#
# <colnr> <probs for GDERKNQSTAVLIFYWHMCP>
#	G	D	E	R	K	N	Q	S	T	A	V	L	I	F	Y	W	H	M	C	P
0	0.03938	0.00735	0.00766	0.00670	0.00870	0.03505	0.00526	0.06817	0.65458	0.11003	0.01258	0.01157	0.00925	0.00435	0.00332	0.00110	0.00282	0.00355	0.00336	0.00523
1	0.00422	0.00307	0.00397	0.00439	0.00483	0.00283	0.00305	0.00509	0.00731	0.00985	0.25027	0.56706	0.10331	0.00923	0.00412	0.00124	0.00181	0.00828	0.00324	0.00283
2	0.90669	0.00643	0.00488	0.00437	0.00643	0.00745	0.00360	0.00977	0.00566	0.01491	0.00463	0.00540	0.00360	0.00308	0.00206	0.00103	0.00257	0.00180	0.00206	0.00360
3	0.00683	0.00626	0.00580	0.00569	0.00650	0.17904	0.00414	0.07072	0.00776	0.02322	0.08727	0.35949	0.01524	0.09106	0.08645	0.00175	0.01765	0.01928	0.00264	0.00322
4	0.00788	0.00680	0.00767	0.00607	0.03403	0.04230	0.00469	0.11374	0.00799	0.01185	0.00621	0.00724	0.00508	0.00298	0.00316	0.00066	0.05995	0.00223	0.03318	0.63628
5	0.00629	0.00547	0.00853	0.17482	0.28514	0.00576	0.00690	0.02669	0.04172	0.00988	0.01159	0.30543	0.01217	0.00618	0.00374	0.00119	0.00322	0.07905	0.00233	0.00392
6	0.00540	0.00339	0.00434	0.00445	0.00493	0.00328	0.00305	0.00601	0.00630	0.08364	0.06471	0.32155	0.05752	0.28840	0.10904	0.00236	0.00322	0.02291	0.00272	0.00281
7	0.10816	0.00441	0.00447	0.00405	0.00535	0.00458	0.00315	0.05533	0.08242	0.06537	0.01076	0.01160	0.02832	0.00393	0.00255	0.00086	0.00198	0.00308	0.56893	0.03070
8	0.00829	0.06044	0.00840	0.00595	0.00859	0.04518	0.04535	0.06451	0.03723	0.08652	0.00777	0.03284	0.00653	0.00340	0.00285	0.00073	0.00297	0.04289	0.00232	0.52723

[dist]
# distance from previous block
# <min> <max>
0	1

[block]
# block no. 7 follows, 85 sequences, length 44
# corresponding to MSA columns:
# 910-953
name=unknown_H
#
# <colnr> <probs for GDERKNQSTAVLIFYWHMCP>
#	G	D	E	R	K	N	Q	S	T	A	V	L	I	F	Y	W	H	M	C	P
0	0.03332	0.11394	0.62661	0.00934	0.04649	0.03417	0.03721	0.03503	0.00732	0.01060	0.00584	0.00688	0.00432	0.00313	0.00303	0.00100	0.00465	0.00243	0.00151	0.01319
1	0.00932	0.00954	0.00960	0.24275	0.05634	0.29405	0.05179	0.10417	0.03518	0.04124	0.00815	0.09246	0.02263	0.00423	0.00335	0.00103	0.00450	0.00348	0.00212	0.00409
2	0.00463	0.00342	0.00410	0.00429	0.00502	0.00314	0.00310	0.02365	0.01837	0.02514	0.16858	0.35426	0.29158	0.03506	0.00443	0.00127	0.00193	0.04187	0.00318	0.00295
3	0.10809	0.14847	0.07524	0.02431	0.00955	0.09704	0.04442	0.06663	0.02648	0.05603	0.00629	0.00739	0.00505	0.00327	0.00314	0.00085	0.04777	0.01363	0.00202	0.25435
4	0.08595	0.01658	0.07331	0.04370	0.21017	0.03812	0.09699	0.12731	0.04255	0.01216	0.05685	0.08327	0.00846	0.01418	0.03251	0.00124	0.03275	0.01727	0.00223	0.00441
5	0.00409	0.00338	0.00361	0.00367	0.00470	0.00290	0.00279	0.00503	0.00768	0.00938	0.09891	0.06255	0.70527	0.00841	0.00398	0.00115	0.00178	0.06473	0.00313	0.00285
6	0.02794	0.29596	0.01180	0.04294	0.01984	0.21248	0.00607	0.17931	0.15150	0.01172	0.00697	0.00738	0.00553	0.00351	0.00284	0.00090	0.00401	0.00250	0.00221	0.00459
7	0.01707	0.00711	0.04107	0.31317	0.24218	0.01434	0.07391	0.02647	0.02101	0.12461	0.04242	0.00951	0.00644	0.00342	0.00333	0.00103	0.00394	0.00314	0.00207	0.04375
8	0.05281	0.08784	0.20467	0.03732	0.11392	0.06615	0.02065	0.11554	0.05109	0.07978	0.00749	0.02197	0.00589	0.00604	0.10385	0.00150	0.01387	0.00289	0.00212	0.00461
9	0.00755	0.08326	0.03828	0.00590	0.00747	0.04342	0.00487	0.12128	0.13869	0.05352	0.19302	0.10310	0.06707	0.00706	0.06394	0.00137	0.03276	0.02045	0.00292	0.00405
10	0.00417	0.00312	0.00388	0.00424	0.00478	0.00282	0.00297	0.00504	0.00734	0.00971	0.21550	0.49032	0.21575	0.00912	0.00410	0.00123	0.00179	0.00810	0.00322	0.00282
11	0.00672	0.03959	0.04558	0.16174	0.01070	0.08929	0.05488	0.01705	0.01962	0.01690	0.02299	0.13504	0.03490	0.04464	0.09946	0.01406	0.13670	0.03231	0.01430	0.00350
12	0.06436	0.14812	0.12862	0.04418	0.10031	0.11950	0.01572	0.10077	0.14249	0.08439	0.00760	0.00806	0.00575	0.00353	0.00308	0.00098	0.01281	0.00270	0.00226	0.00476
13	0.01896	0.00370	0.00513	0.00507	0.00564	0.00420	0.00381	0.01920	0.02041	0.00791	0.00919	0.01443	0.00891	0.18031	0.67229	0.00475	0.00758	0.00376	0.00188	0.00289
14	0.00553	0.00484	0.00700	0.33712	0.03784	0.03195	0.00609	0.00690	0.00674	0.00874	0.02536	0.34742	0.02654	0.01550	0.00419	0.00126	0.03111	0.09027	0.00233	0.00326
15	0.00969	0.07835	0.08884	0.11209	0.21320	0.24187	0.02116	0.10711	0.03905	0.03392	0.00650	0.00784	0.00514	0.00342	0.00320	0.00097	0.01079	0.01034	0.00194	0.00460
16	0.00865	0.04645	0.03185	0.04515	0.16504	0.08850	0.04564	0.07486	0.11043	0.10199	0.02486	0.07878	0.04581	0.00616	0.07069	0.00139	0.03160	0.01525	0.00246	0.00444
17	0.00568	0.00395	0.00532	0.01416	0.00542	0.00437	0.01639	0.00597	0.00530	0.04247	0.02745	0.04829	0.01013	0.41095	0.15695	0.11537	0.11303	0.00424	0.00198	0.00256
18	0.00504	0.00393	0.00558	0.00541	0.00584	0.00467	0.00413	0.00597	0.00526	0.00755	0.00900	0.01414	0.02082	0.16806	0.61387	0.00447	0.10784	0.00375	0.00180	0.00288
19	0.00781	0.01674	0.00962	0.26024	0.08365	0.11272	0.06761	0.03299	0.22549	0.01074	0.04295	0.04277	0.03069	0.00419	0.00357	0.00108	0.02455	0.00359	0.01474	0.00426
20	0.00689	0.00591	0.00689	0.00492	0.00787	0.00443	0.00394	0.00837	0.00689	0.01083	0.00591	0.00689	0.00492	0.00246	0.00246	0.00049	0.00246	0.00197	0.00197	0.90353
21	0.00763	0.13973	0.50384	0.02362	0.06396	0.04490	0.09695	0.04352	0.00748	0.01036	0.00601	0.00739	0.00460	0.02205	0.00339	0.00104	0.00468	0.00261	0.00155	0.00470
22	0.00786	0.00844	0.00991	0.60413	0.03421	0.21847	0.00846	0.00966	0.00726	0.00842	0.00565	0.00807	0.00440	0.00347	0.00362	0.00106	0.04886	0.00275	0.00154	0.00376
23	0.00541	0.00412	0.00515	0.00554	0.00643	0.00418	0.00454	0.00783	0.13155	0.01008	0.01921	0.11253	0.14667	0.04700	0.00482	0.00147	0.00269	0.47444	0.00307	0.00326
24	0.00488	0.00359	0.00460	0.00431	0.00515	0.00339	0.00324	0.00685	0.05217	0.01335	0.81796	0.02419	0.03028	0.00668	0.00389	0.00105	0.00162	0.00590	0.00364	0.00324
25	0.00596	0.00361	0.00459	0.00439	0.00535	0.00324	0.00326	0.00709	0.00830	0.14017	0.37258	0.22572	0.17219	0.02297	0.00414	0.00117	0.00189	0.00657	0.00346	0.00334
26	0.09420	0.00582	0.00750	0.00582	0.00834	0.00527	0.00480	0.03229	0.02263	0.75885	0.01226	0.01073	0.00779	0.00403	0.00323	0.00103	0.00282	0.00320	0.00390	0.00547
27	0.46064	0.00498	0.00463	0.00437	0.00559	0.00552	0.00329	0.00789	0.00562	0.03673	0.00797	0.01361	0.00789	0.28698	0.07251	0.00209	0.00330	0.06116	0.00215	0.00307
28	0.00789	0.00419	0.00546	0.00474	0.00608	0.00382	0.00369	0.03140	0.00942	0.26093	0.53087	0.03917	0.03993	0.00597	0.00370	0.00104	0.00200	0.00516	0.03061	0.00392
29	0.87859	0.00662	0.00503	0.00449	0.00655	0.02149	0.00369	0.02262	0.00587	0.01489	0.00469	0.00545	0.00364	0.00310	0.00209	0.00102	0.00264	0.00182	0.00207	0.00363
30	0.00476	0.00365	0.00467	0.00445	0.00539	0.00338	0.01913	0.00643	0.03415	0.01205	0.56321	0.02688	0.20590	0.00722	0.00397	0.00111	0.00184	0.08522	0.00343	0.00315
31	0.02740	0.16532	0.22832	0.02089	0.01029	0.03000	0.03022	0.03268	0.00717	0.01875	0.00575	0.00676	0.00461	0.00293	0.00294	0.00077	0.03077	0.00220	0.00175	0.37050
32	0.00728	0.00759	0.03095	0.00901	0.00929	0.01003	0.04996	0.00819	0.00527	0.00819	0.00452	0.00735	0.00439	0.00560	0.01037	0.00143	0.81245	0.00295	0.00146	0.00371
33	0.03379	0.21049	0.44284	0.00851	0.02627	0.02688	0.05515	0.07715	0.02306	0.02358	0.01979	0.00754	0.00514	0.00332	0.00307	0.00098	0.01459	0.01140	0.00173	0.00470
34	0.00748	0.07165	0.27486	0.04825	0.12120	0.02817	0.18288	0.00993	0.00725	0.04341	0.01551	0.00974	0.04857	0.00456	0.04255	0.00125	0.05138	0.01294	0.00176	0.01665
35	0.00912	0.00428	0.00570	0.00519	0.00650	0.00386	0.00389	0.02569	0.00795	0.39096	0.04056	0.40370	0.01527	0.05532	0.00451	0.00129	0.00242	0.00624	0.00351	0.00405
36	0.00478	0.00356	0.00475	0.00499	0.04820	0.00330	0.00344	0.00620	0.00881	0.01235	0.65717	0.12687	0.07754	0.00709	0.00391	0.00108	0.00174	0.00629	0.01476	0.00317
37	0.00788	0.06752	0.41437	0.12292	0.11304	0.01604	0.04328	0.08106	0.02097	0.04565	0.00671	0.00830	0.00507	0.00340	0.00329	0.00104	0.01368	0.01921	0.00179	0.00477
38	0.00535	0.00361	0.00452	0.00475	0.00537	0.00359	0.00347	0.04675	0.00711	0.04368	0.01738	0.49112	0.10795	0.00939	0.04929	0.00145	0.03083	0.05046	0.11083	0.00308
39	0.01023	0.00557	0.00680	0.00568	0.00760	0.00549	0.00452	0.05980	0.21509	0.36959	0.20996	0.01561	0.05917	0.00505	0.00351	0.00106	0.00247	0.00423	0.00373	0.00483
40	0.00767	0.11412	0.31162	0.09877	0.11473	0.00844	0.10333	0.07608	0.04736	0.01095	0.00712	0.00955	0.00576	0.00361	0.00337	0.00105	0.01616	0.05384	0.00182	0.00465
41	0.00782	0.00862	0.09459	0.16135	0.48519	0.00794	0.12717	0.03368	0.02165	0.01073	0.00640	0.00838	0.00508	0.00307	0.00337	0.00103	0.00432	0.00306	0.00167	0.00487
42	0.00561	0.00495	0.00647	0.00609	0.00670	0.06011	0.03538	0.00662	0.00576	0.00789	0.00943	0.10122	0.02250	0.08082	0.50216	0.00374	0.12543	0.00414	0.00190	0.00307
43	0.00467	0.00318	0.00381	0.00399	0.00408	0.00317	0.00244	0.00491	0.00531	0.00712	0.02530	0.20374	0.01444	0.62267	0.05684	0.00286	0.00321	0.02374	0.00228	0.00225

[dist]
# distance from previous block
# <min> <max>
10	100

[block]
# block no. 8 follows, 85 sequences, length 17
# corresponding to MSA columns:
# 1076-1092
name=unknown_I
#
# <colnr> <probs for GDERKNQSTAVLIFYWHMCP>
#	G	D	E	R	K	N	Q	S	T	A	V	L	I	F	Y	W	H	M	C	P
0	0.00791	0.32950	0.04831	0.00663	0.07384	0.03693	0.00536	0.02102	0.04945	0.08366	0.11282	0.06898	0.10952	0.00498	0.01310	0.00099	0.00309	0.00382	0.01599	0.00411
1	0.01912	0.07506	0.07845	0.08873	0.08447	0.09837	0.02140	0.06030	0.15419	0.04277	0.05238	0.07366	0.04127	0.02506	0.00385	0.00108	0.03334	0.00369	0.00865	0.03418
2	0.08147	0.05782	0.10259	0.05983	0.05031	0.02196	0.06764	0.28741	0.05147	0.07421	0.00818	0.01741	0.02465	0.00421	0.02453	0.00110	0.00383	0.00299	0.00251	0.05589
3	0.00668	0.00590	0.05445	0.02326	0.04366	0.00489	0.00467	0.05452	0.03908	0.04955	0.16558	0.04358	0.15267	0.00488	0.00345	0.00089	0.02406	0.00407	0.00265	0.31151
4	0.01295	0.00700	0.00854	0.00694	0.03767	0.00694	0.00548	0.29629	0.05874	0.44711	0.03029	0.01026	0.00775	0.00404	0.00331	0.00100	0.00309	0.00323	0.00362	0.04573
5	0.00749	0.00876	0.08087	0.06736	0.05238	0.05679	0.34534	0.00982	0.03691	0.01001	0.06650	0.02463	0.00712	0.00431	0.01610	0.00122	0.19479	0.00361	0.00182	0.00416
6	0.00478	0.00354	0.00530	0.00530	0.00587	0.00411	0.00411	0.00587	0.00530	0.00764	0.00879	0.01295	0.00821	0.02443	0.83839	0.03851	0.00868	0.00354	0.00177	0.00291
7	0.00737	0.00633	0.00701	0.03259	0.00834	0.00713	0.02016	0.01462	0.63641	0.01276	0.06235	0.01544	0.10034	0.04904	0.00416	0.00123	0.00261	0.00426	0.00321	0.00466
8	0.90669	0.00643	0.00488	0.00437	0.00643	0.00745	0.00360	0.00977	0.00566	0.01491	0.00463	0.00540	0.00360	0.00308	0.00206	0.00103	0.00257	0.00180	0.00206	0.00360
9	0.81198	0.00655	0.00531	0.00463	0.00675	0.00749	0.00382	0.05715	0.00641	0.05786	0.00524	0.00584	0.00395	0.00319	0.00219	0.00103	0.00264	0.00194	0.00223	0.00382
10	0.00620	0.02171	0.24696	0.00626	0.00821	0.05375	0.00612	0.04427	0.02066	0.00973	0.06377	0.06509	0.12655	0.16702	0.04086	0.00167	0.04056	0.04933	0.01771	0.00357
11	0.00612	0.00502	0.01967	0.06828	0.04223	0.01976	0.02324	0.03557	0.07007	0.04636	0.19335	0.16212	0.12585	0.00740	0.03242	0.00132	0.04665	0.08809	0.00290	0.00357
12	0.02835	0.06422	0.01950	0.06222	0.15559	0.07757	0.04962	0.09419	0.06925	0.06421	0.00902	0.05849	0.02219	0.06835	0.03082	0.01236	0.02525	0.00351	0.08109	0.00420
13	0.00544	0.01728	0.12367	0.00562	0.01637	0.00439	0.01513	0.03379	0.05563	0.02985	0.10758	0.31893	0.19186	0.00759	0.00387	0.00119	0.00252	0.05291	0.00291	0.00347
14	0.00766	0.04476	0.21253	0.00704	0.02875	0.01864	0.03440	0.03487	0.00738	0.06818	0.02285	0.03531	0.00598	0.00333	0.00326	0.00081	0.04537	0.00265	0.00202	0.41421
15	0.03542	0.03732	0.03590	0.05136	0.19801	0.01935	0.02166	0.05532	0.03485	0.09028	0.01705	0.02312	0.02616	0.00432	0.03226	0.00104	0.02333	0.00302	0.12617	0.16406
16	0.03302	0.16851	0.07677	0.03478	0.04314	0.03558	0.06178	0.06555	0.10557	0.15635	0.02372	0.06980	0.05592	0.00432	0.00328	0.00100	0.01656	0.00355	0.00254	0.03826

[dist]
# distance from previous block
# <min> <max>
0	10

[block]
# block no. 9 follows, 85 sequences, length 18
# corresponding to MSA columns:
# 1103-1120
name=unknown_J
#
# <colnr> <probs for GDERKNQSTAVLIFYWHMCP>
#	G	D	E	R	K	N	Q	S	T	A	V	L	I	F	Y	W	H	M	C	P
0	0.00529	0.04548	0.06401	0.01820	0.00677	0.00444	0.02511	0.02497	0.04057	0.01888	0.07135	0.38293	0.11774	0.02443	0.03266	0.00141	0.01214	0.09755	0.00282	0.00326
1	0.00780	0.00632	0.02468	0.00556	0.00832	0.00510	0.02510	0.07869	0.02902	0.07007	0.00753	0.06049	0.00636	0.00326	0.00277	0.00067	0.00268	0.00270	0.00231	0.65058
2	0.00717	0.02559	0.61183	0.07579	0.01371	0.06059	0.01046	0.02296	0.04687	0.02056	0.02870	0.02733	0.00569	0.00351	0.00319	0.00104	0.00456	0.00278	0.00169	0.02599
3	0.00431	0.00302	0.00386	0.00440	0.00456	0.00291	0.00287	0.00477	0.00594	0.00793	0.01589	0.60385	0.01883	0.25079	0.03062	0.00197	0.00249	0.02569	0.00276	0.00253
4	0.01043	0.05442	0.00832	0.00649	0.00844	0.03867	0.00526	0.18483	0.19646	0.23833	0.02762	0.01121	0.00830	0.02720	0.11479	0.00164	0.03742	0.01223	0.00309	0.00484
5	0.00719	0.00719	0.01036	0.00880	0.00896	0.00987	0.04034	0.00802	0.00521	0.00809	0.00463	0.00756	0.00454	0.00644	0.04399	0.00159	0.80911	0.00297	0.00148	0.00364
6	0.00499	0.00350	0.00412	0.00403	0.00500	0.00310	0.00303	0.00604	0.00799	0.06526	0.26494	0.10020	0.41117	0.05033	0.00458	0.00124	0.00189	0.05228	0.00326	0.00305
7	0.03066	0.00572	0.00907	0.00759	0.00888	0.00625	0.16205	0.03794	0.00745	0.06551	0.16057	0.01621	0.02147	0.00888	0.15114	0.00193	0.17710	0.11545	0.00243	0.00371
8	0.00413	0.00322	0.00368	0.00387	0.00460	0.00285	0.00275	0.00494	0.00730	0.00929	0.14527	0.28275	0.43886	0.06516	0.00486	0.00131	0.00184	0.00745	0.00310	0.00277
9	0.50100	0.00613	0.00616	0.00510	0.00737	0.00642	0.00420	0.01275	0.03991	0.36864	0.00850	0.00813	0.00578	0.00357	0.00264	0.00103	0.00268	0.00252	0.00296	0.00452
10	0.00460	0.00319	0.00399	0.00426	0.00444	0.00319	0.00277	0.00502	0.00561	0.00754	0.03191	0.28882	0.01553	0.45636	0.10368	0.00273	0.00338	0.04816	0.00241	0.00241
11	0.00678	0.01640	0.78778	0.01007	0.03812	0.00777	0.06624	0.01052	0.00708	0.01054	0.00602	0.00717	0.00429	0.00313	0.00321	0.00105	0.00493	0.00256	0.00143	0.00489
12	0.48283	0.00730	0.00694	0.00570	0.00799	0.00813	0.00468	0.28022	0.04967	0.10733	0.00703	0.00719	0.00506	0.00355	0.00266	0.00102	0.00295	0.00244	0.00274	0.00455
13	0.02526	0.00356	0.00418	0.00427	0.00503	0.00347	0.00310	0.01572	0.05571	0.02439	0.18219	0.33781	0.05119	0.00727	0.01267	0.00113	0.00192	0.00618	0.23541	0.01954
