[name]
unknown

[dist]
# distance from previous block
# <min> <max>
0	84

[block]
# block no. 0 follows, 78 sequences, length 38
# corresponding to MSA columns:
# 107-144
name=unknown_A
#
# <colnr> <probs for GDERKNQSTAVLIFYWHMCP>
#	G	D	E	R	K	N	Q	S	T	A	V	L	I	F	Y	W	H	M	C	P
0	0.00883	0.00510	0.00618	0.00540	0.00705	0.00483	0.00424	0.09047	0.05667	0.24405	0.19004	0.09713	0.21777	0.00724	0.01999	0.00126	0.00257	0.02305	0.00375	0.00436
1	0.01324	0.01252	0.00974	0.00826	0.01046	0.42435	0.00644	0.28849	0.01213	0.12040	0.00835	0.05429	0.00663	0.00436	0.00345	0.00102	0.00493	0.00318	0.00281	0.00495
2	0.05329	0.00400	0.00470	0.00458	0.00556	0.00376	0.00334	0.02279	0.00813	0.10119	0.18532	0.24669	0.19232	0.08848	0.00530	0.00142	0.00221	0.00672	0.05680	0.00341
3	0.26921	0.00552	0.00582	0.00513	0.00687	0.00563	0.00399	0.06011	0.02381	0.21706	0.03255	0.12739	0.10586	0.07213	0.00446	0.00133	0.00267	0.00457	0.04173	0.00417
4	0.07480	0.00385	0.00461	0.00490	0.00548	0.00384	0.00354	0.00640	0.00674	0.03365	0.03340	0.25241	0.06210	0.28675	0.02681	0.00216	0.00298	0.17979	0.00286	0.00293
5	0.05663	0.00923	0.00994	0.00768	0.01041	0.01010	0.00633	0.69694	0.01530	0.09583	0.00897	0.00890	0.00630	0.00423	0.00346	0.00106	0.00370	0.00318	0.03594	0.00585
6	0.14140	0.00444	0.00489	0.00464	0.00590	0.00431	0.00350	0.02236	0.01703	0.11898	0.15609	0.19885	0.19896	0.02684	0.00406	0.00123	0.00221	0.00604	0.07463	0.00364
7	0.04167	0.00373	0.00432	0.00446	0.00529	0.00349	0.00322	0.00631	0.02140	0.03556	0.14601	0.27666	0.28236	0.07596	0.01962	0.00151	0.00225	0.03235	0.03069	0.00315
8	0.45987	0.00654	0.00659	0.00549	0.00784	0.00686	0.00450	0.03144	0.05789	0.32372	0.03615	0.00976	0.02153	0.00404	0.00292	0.00111	0.00283	0.00292	0.00320	0.00479
9	0.01901	0.00389	0.00508	0.00491	0.00552	0.00408	0.00349	0.00707	0.00607	0.09269	0.01105	0.04970	0.01099	0.36083	0.36073	0.00393	0.00577	0.00453	0.03759	0.00306
10	0.00675	0.00450	0.00573	0.00582	0.04567	0.00442	0.00404	0.07527	0.01860	0.08206	0.20156	0.19147	0.09406	0.11469	0.07220	0.02067	0.00307	0.01647	0.02934	0.00361
11	0.02943	0.00472	0.00595	0.00526	0.00683	0.00435	0.00408	0.01888	0.03279	0.33612	0.11438	0.14997	0.12681	0.04487	0.03232	0.00142	0.00272	0.02213	0.05263	0.00432
12	0.03539	0.00726	0.00781	0.00677	0.00883	0.00807	0.00534	0.12906	0.52233	0.09579	0.05049	0.01322	0.02335	0.00479	0.00353	0.00115	0.00284	0.00392	0.06468	0.00538
13	0.00683	0.09282	0.02549	0.01782	0.00695	0.05219	0.00445	0.03820	0.00799	0.05691	0.17676	0.19822	0.03028	0.08635	0.14374	0.00210	0.00398	0.02375	0.02160	0.00358
14	0.00937	0.00783	0.02761	0.15288	0.10908	0.05990	0.04040	0.14183	0.11893	0.08379	0.01988	0.01225	0.03184	0.02657	0.02932	0.04422	0.02683	0.03073	0.02207	0.00470
15	0.00536	0.00371	0.00471	0.00513	0.00576	0.00352	0.00370	0.03012	0.02603	0.04502	0.06688	0.56080	0.10984	0.02237	0.00463	0.00142	0.00227	0.09209	0.00338	0.00324
16	0.00431	0.00360	0.00371	0.00369	0.00482	0.00305	0.00274	0.00524	0.00818	0.00990	0.09999	0.03330	0.75901	0.03703	0.00466	0.00127	0.00185	0.00735	0.00332	0.00301
17	0.00746	0.00628	0.00808	0.12597	0.05746	0.00544	0.00540	0.03484	0.00775	0.02680	0.02587	0.06663	0.00716	0.00355	0.00302	0.00075	0.00301	0.00301	0.00222	0.59929
18	0.03473	0.02136	0.03867	0.20633	0.22658	0.00691	0.01746	0.02253	0.03527	0.16733	0.00834	0.02804	0.00655	0.00525	0.00528	0.14511	0.01410	0.00334	0.00230	0.00451
19	0.00560	0.00375	0.00474	0.00482	0.00541	0.00370	0.00339	0.00688	0.04433	0.04876	0.19305	0.27101	0.03354	0.20837	0.09300	0.00222	0.00314	0.03028	0.03087	0.00314
20	0.31161	0.00724	0.00928	0.11140	0.27292	0.00782	0.00704	0.08302	0.00812	0.05525	0.00876	0.01018	0.06237	0.00424	0.01580	0.00118	0.00361	0.01321	0.00230	0.00465
21	0.11049	0.22001	0.08958	0.03133	0.02551	0.03114	0.01690	0.02617	0.01965	0.02683	0.00638	0.00782	0.00533	0.00328	0.00294	0.00083	0.02174	0.02056	0.00199	0.33153
22	0.00862	0.00673	0.03541	0.00731	0.02804	0.00704	0.00594	0.16703	0.11101	0.08733	0.08448	0.09264	0.05551	0.00690	0.01534	0.00136	0.12248	0.14913	0.00318	0.00449
23	0.00515	0.00344	0.00389	0.00392	0.00393	0.00343	0.00220	0.00517	0.00523	0.00698	0.01151	0.05251	0.01331	0.84516	0.01765	0.00338	0.00340	0.00535	0.00220	0.00218
24	0.00486	0.00379	0.00448	0.00486	0.03788	0.00335	0.00342	0.00591	0.00822	0.02902	0.14268	0.17053	0.50917	0.00885	0.00426	0.00125	0.00202	0.04888	0.00335	0.00322
25	0.03569	0.00826	0.03983	0.12938	0.37791	0.03789	0.05187	0.04342	0.02681	0.18147	0.00839	0.00980	0.00631	0.02286	0.00385	0.00115	0.00416	0.00329	0.00240	0.00528
26	0.01215	0.00567	0.00789	0.13444	0.02951	0.00528	0.00559	0.01363	0.00937	0.54322	0.05419	0.01568	0.13728	0.00508	0.00370	0.00113	0.00306	0.00424	0.00374	0.00515
27	0.48836	0.02947	0.00846	0.10699	0.06587	0.13996	0.03403	0.02902	0.00725	0.01323	0.00546	0.00679	0.00434	0.00352	0.00315	0.00110	0.04448	0.00237	0.00201	0.00413
28	0.00463	0.00331	0.00439	0.02489	0.00567	0.00319	0.00354	0.00534	0.00679	0.00905	0.01842	0.66472	0.03354	0.09633	0.01788	0.00170	0.00246	0.07653	0.01473	0.00289
29	0.00726	0.00546	0.00804	0.02881	0.22046	0.00573	0.01601	0.04056	0.00705	0.05606	0.00939	0.01438	0.00876	0.23424	0.22291	0.00285	0.02991	0.00390	0.07435	0.00388
30	0.90002	0.00689	0.00523	0.00468	0.00689	0.00799	0.00386	0.01047	0.00606	0.01597	0.00496	0.00578	0.00386	0.00330	0.00220	0.00110	0.00275	0.00193	0.00220	0.00386
31	0.00755	0.00719	0.01937	0.13025	0.34423	0.04498	0.06152	0.00967	0.03234	0.02348	0.09975	0.04951	0.10781	0.00503	0.00381	0.00115	0.00379	0.04168	0.00237	0.00453
32	0.00952	0.87702	0.01866	0.00609	0.00914	0.01409	0.00609	0.01066	0.00723	0.00838	0.00495	0.00571	0.00457	0.00305	0.00228	0.00076	0.00381	0.00190	0.00152	0.00457
33	0.00506	0.00387	0.00578	0.00612	0.00678	0.00370	0.06048	0.00618	0.00740	0.00976	0.01889	0.52610	0.03938	0.01013	0.00463	0.00149	0.00272	0.27518	0.00319	0.00315
34	0.02417	0.01056	0.00842	0.00729	0.00916	0.31944	0.00565	0.27681	0.01140	0.04213	0.00914	0.09064	0.00777	0.00467	0.00332	0.00101	0.00422	0.00354	0.15609	0.00455
35	0.00881	0.00846	0.01445	0.02185	0.85267	0.00846	0.01093	0.01093	0.00811	0.01163	0.00670	0.00881	0.00564	0.00317	0.00352	0.00106	0.00423	0.00317	0.00176	0.00564
36	0.04342	0.00678	0.00854	0.03557	0.14232	0.02210	0.01604	0.05150	0.15921	0.06040	0.08838	0.05233	0.06145	0.00479	0.00374	0.00104	0.03101	0.01572	0.00280	0.19287
37	0.14655	0.13208	0.02266	0.02319	0.04520	0.08297	0.01838	0.28511	0.07408	0.01512	0.01848	0.00883	0.01862	0.01359	0.03419	0.00122	0.02086	0.00292	0.00260	0.03337

[dist]
# distance from previous block
# <min> <max>
1	34

[block]
# block no. 1 follows, 78 sequences, length 32
# corresponding to MSA columns:
# 179-181,184-212
name=unknown_B
#
# <colnr> <probs for GDERKNQSTAVLIFYWHMCP>
#	G	D	E	R	K	N	Q	S	T	A	V	L	I	F	Y	W	H	M	C	P
0	0.00827	0.13026	0.08492	0.04807	0.10219	0.02126	0.09171	0.04367	0.03597	0.04009	0.02028	0.01032	0.06603	0.00409	0.01957	0.00099	0.00383	0.00314	0.00217	0.26316
1	0.00718	0.00958	0.23046	0.03208	0.17934	0.00665	0.09390	0.00972	0.02184	0.01168	0.16129	0.01228	0.01073	0.03694	0.00435	0.02259	0.00391	0.00366	0.00218	0.13967
2	0.00441	0.00355	0.00393	0.00398	0.00497	0.00307	0.00293	0.00544	0.00837	0.01057	0.21294	0.14339	0.56213	0.00892	0.00425	0.00122	0.00181	0.00762	0.00344	0.00307
3	0.00796	0.00631	0.00744	0.00534	0.00848	0.00478	0.00429	0.00953	0.00757	0.06835	0.00685	0.00770	0.00551	0.00276	0.00270	0.00057	0.00266	0.00221	0.00226	0.83672
4	0.00714	0.01842	0.85643	0.01015	0.01541	0.00827	0.01315	0.01128	0.00752	0.01128	0.00639	0.00752	0.00451	0.00338	0.00338	0.00113	0.00526	0.00263	0.00150	0.00526
5	0.04187	0.00788	0.00870	0.00705	0.00950	0.00842	0.00569	0.32903	0.25340	0.17114	0.01143	0.03476	0.00842	0.00452	0.00348	0.00109	0.00320	0.00360	0.03155	0.05525
6	0.00579	0.00471	0.00713	0.00665	0.00783	0.00451	0.11996	0.00757	0.05025	0.02364	0.03514	0.21140	0.17671	0.06203	0.00532	0.00153	0.00307	0.26024	0.00306	0.00345
7	0.90002	0.00689	0.00523	0.00468	0.00689	0.00799	0.00386	0.01047	0.00606	0.01597	0.00496	0.00578	0.00386	0.00330	0.00220	0.00110	0.00275	0.00193	0.00220	0.00386
8	0.00853	0.00444	0.00587	0.00525	0.00662	0.00404	0.00403	0.02881	0.00959	0.27731	0.38626	0.18472	0.03583	0.00711	0.00407	0.00118	0.00225	0.01599	0.00393	0.00417
9	0.00504	0.00378	0.00450	0.00427	0.00536	0.00331	0.00320	0.00635	0.00901	0.03007	0.43650	0.08626	0.32905	0.00789	0.00413	0.00114	0.00183	0.00681	0.00357	0.04795
10	0.02733	0.00647	0.00703	0.00585	0.00782	0.00681	0.00468	0.25586	0.14024	0.11881	0.02238	0.01232	0.03930	0.00447	0.00320	0.00100	0.00273	0.00355	0.29267	0.03749
11	0.39356	0.00665	0.00712	0.00574	0.00827	0.00676	0.00474	0.06471	0.00883	0.44571	0.00983	0.00919	0.00653	0.00393	0.00299	0.00110	0.00297	0.00285	0.00341	0.00512
12	0.03588	0.00556	0.00647	0.00563	0.00734	0.00563	0.00446	0.10147	0.14315	0.21174	0.14887	0.05673	0.04160	0.00554	0.00357	0.00111	0.00254	0.03949	0.16862	0.00462
13	0.00558	0.00400	0.00494	0.00468	0.00566	0.00381	0.00353	0.00775	0.07966	0.03354	0.57761	0.05145	0.13076	0.00743	0.00435	0.02262	0.00190	0.02133	0.02588	0.00351
14	0.00512	0.00367	0.00498	0.00498	0.00536	0.00405	0.00353	0.00588	0.00550	0.00772	0.01021	0.01774	0.01053	0.36825	0.52145	0.00481	0.00709	0.00436	0.00201	0.00277
15	0.00446	0.00325	0.00420	0.00485	0.00524	0.00301	0.00336	0.00522	0.00720	0.00950	0.07032	0.66353	0.11687	0.02710	0.00477	0.00145	0.00211	0.05729	0.00332	0.00294
16	0.00536	0.00372	0.00437	0.00443	0.00520	0.00342	0.00315	0.01978	0.00767	0.05200	0.11322	0.21313	0.30172	0.19330	0.00724	0.00174	0.00237	0.05193	0.00319	0.00306
17	0.00659	0.00468	0.00566	0.00522	0.00649	0.00456	0.02455	0.06192	0.09767	0.06720	0.22278	0.15164	0.22590	0.01668	0.00417	0.00122	0.00229	0.02738	0.05959	0.00381
18	0.00519	0.00370	0.00493	0.00552	0.00620	0.00353	0.00438	0.00643	0.00798	0.02119	0.11908	0.31239	0.09664	0.00983	0.00463	0.00147	0.00255	0.37783	0.00338	0.00317
19	0.00503	0.00351	0.00395	0.00403	0.00438	0.00337	0.00257	0.00544	0.00621	0.00816	0.03414	0.06206	0.18305	0.56088	0.01307	0.00266	0.00295	0.05593	0.03612	0.00250
20	0.03451	0.00422	0.00470	0.00484	0.00555	0.02777	0.00345	0.05602	0.00795	0.01102	0.12603	0.38348	0.10446	0.08528	0.00546	0.01589	0.00237	0.02659	0.08722	0.00318
21	0.00549	0.00370	0.00426	0.00422	0.00441	0.00377	0.00257	0.03800	0.00585	0.00796	0.01156	0.07647	0.01297	0.70112	0.07026	0.00329	0.00371	0.00527	0.03265	0.00246
22	0.00424	0.00359	0.00367	0.00370	0.00484	0.00301	0.00276	0.00516	0.00813	0.00977	0.06602	0.06990	0.78498	0.00904	0.00422	0.00121	0.00181	0.00759	0.00333	0.00301
23	0.00738	0.00633	0.00738	0.00527	0.00844	0.00475	0.00422	0.00896	0.00738	0.01160	0.00633	0.00738	0.00527	0.00264	0.00264	0.00053	0.00264	0.00211	0.00211	0.89664
24	0.00501	0.00348	0.00409	0.00407	0.00441	0.00334	0.00259	0.00550	0.00674	0.00904	0.20975	0.07513	0.11416	0.50551	0.01240	0.02070	0.00276	0.00599	0.00275	0.00256
25	0.00734	0.00547	0.00661	0.02758	0.00800	0.00441	0.00422	0.00877	0.00787	0.09006	0.05710	0.07487	0.11988	0.00484	0.00328	0.00083	0.00256	0.04169	0.00270	0.52191
26	0.00517	0.00349	0.00407	0.00406	0.00414	0.00354	0.00240	0.00533	0.00538	0.00725	0.03686	0.02258	0.01322	0.77380	0.09163	0.00358	0.00393	0.00510	0.00219	0.00228
27	0.06433	0.00473	0.00594	0.00593	0.03011	0.00510	0.00429	0.09342	0.03005	0.02804	0.02403	0.16805	0.05206	0.10655	0.32986	0.03099	0.00539	0.00507	0.00255	0.00350
28	0.02157	0.01861	0.08265	0.12572	0.31262	0.10377	0.03632	0.09292	0.04036	0.03218	0.00745	0.03040	0.00613	0.02175	0.00409	0.00114	0.03561	0.00327	0.00209	0.02134
29	0.00712	0.15581	0.03221	0.00599	0.00730	0.01670	0.00501	0.06741	0.02805	0.01014	0.00983	0.08744	0.02515	0.03893	0.24181	0.05226	0.07847	0.01592	0.09928	0.01517
30	0.00552	0.00429	0.02254	0.02770	0.01825	0.00401	0.00404	0.05222	0.00749	0.00978	0.03641	0.25427	0.16647	0.17592	0.00758	0.05366	0.00280	0.14109	0.00290	0.00306
31	0.02884	0.00462	0.00621	0.00595	0.03178	0.00447	0.03708	0.04649	0.03357	0.07727	0.38869	0.16074	0.05635	0.04689	0.00477	0.00131	0.00244	0.05530	0.00350	0.00374

[dist]
# distance from previous block
# <min> <max>
0	43

[block]
# block no. 2 follows, 78 sequences, length 58
# corresponding to MSA columns:
# 275-332
name=unknown_C
#
# <colnr> <probs for GDERKNQSTAVLIFYWHMCP>
#	G	D	E	R	K	N	Q	S	T	A	V	L	I	F	Y	W	H	M	C	P
0	0.03201	0.00571	0.00692	0.00583	0.00766	0.00561	0.00462	0.15338	0.05540	0.26872	0.27998	0.07310	0.04977	0.00596	0.00383	0.00114	0.00260	0.01415	0.01889	0.00472
1	0.00991	0.01166	0.32857	0.00928	0.03887	0.00790	0.07485	0.19376	0.02036	0.14967	0.03693	0.03429	0.00816	0.00445	0.00368	0.00115	0.00428	0.05420	0.00272	0.00530
2	0.00506	0.00375	0.00511	0.00525	0.00565	0.00410	0.00381	0.00589	0.00597	0.00826	0.01292	0.18656	0.03888	0.22112	0.40061	0.00388	0.03946	0.03848	0.00233	0.00291
3	0.04562	0.00342	0.00412	0.00468	0.00522	0.00319	0.00325	0.00535	0.00719	0.00971	0.04777	0.61143	0.19900	0.01019	0.00436	0.00137	0.00205	0.02582	0.00327	0.00298
4	0.13615	0.00818	0.00894	0.00701	0.00960	0.00871	0.00573	0.45890	0.02430	0.24072	0.00971	0.00985	0.00686	0.04429	0.00405	0.00119	0.00349	0.00323	0.00353	0.00557
5	0.13714	0.00689	0.00829	0.00645	0.00915	0.00668	0.00533	0.16812	0.01083	0.58627	0.01178	0.01059	0.00762	0.00423	0.00339	0.00110	0.00316	0.00328	0.00395	0.00576
6	0.00445	0.00332	0.00419	0.00471	0.00523	0.00307	0.00331	0.00527	0.00735	0.00963	0.08897	0.55626	0.20332	0.01105	0.04390	0.00157	0.00236	0.03576	0.00329	0.00298
7	0.04577	0.00348	0.00431	0.00497	0.00540	0.00336	0.00341	0.00575	0.03675	0.00966	0.01973	0.74131	0.07140	0.01042	0.00439	0.00141	0.00212	0.02003	0.00327	0.00305
8	0.01243	0.00797	0.00878	0.00693	0.00934	0.00853	0.00566	0.50974	0.05212	0.15906	0.01031	0.01025	0.00731	0.00430	0.00337	0.00104	0.00330	0.00333	0.17073	0.00552
9	0.00430	0.00334	0.00389	0.00431	0.00497	0.00296	0.00301	0.00503	0.00738	0.00929	0.02699	0.46988	0.40306	0.02855	0.00468	0.00138	0.00197	0.00882	0.00328	0.00293
10	0.00748	0.00688	0.09939	0.00760	0.00966	0.00565	0.21748	0.03383	0.00800	0.05101	0.01095	0.12700	0.00946	0.00476	0.00349	0.00107	0.01391	0.00439	0.37392	0.00406
11	0.01026	0.00689	0.00736	0.00609	0.00803	0.00746	0.00490	0.38694	0.09848	0.04652	0.01116	0.01187	0.02370	0.00446	0.00320	0.00100	0.00288	0.01517	0.33876	0.00489
12	0.00815	0.00521	0.00661	0.00633	0.00784	0.00523	0.01551	0.01148	0.18808	0.16914	0.07424	0.02730	0.10076	0.00741	0.00426	0.00136	0.00291	0.35028	0.00359	0.00430
13	0.00571	0.00438	0.00499	0.00480	0.00594	0.00424	0.00360	0.04035	0.11854	0.02907	0.25971	0.13997	0.32092	0.02311	0.00439	0.00125	0.00210	0.01977	0.00353	0.00361
14	0.00461	0.00334	0.00406	0.00448	0.00486	0.00312	0.00300	0.00520	0.00679	0.00885	0.04822	0.43516	0.17301	0.23562	0.00802	0.00192	0.00242	0.04154	0.00303	0.00275
15	0.00433	0.00311	0.00411	0.00491	0.00515	0.00290	0.00329	0.00496	0.00686	0.00911	0.02014	0.84613	0.04964	0.01109	0.00453	0.00144	0.00206	0.01004	0.00331	0.00290
16	0.90002	0.00689	0.00523	0.00468	0.00689	0.00799	0.00386	0.01047	0.00606	0.01597	0.00496	0.00578	0.00386	0.00330	0.00220	0.00110	0.00275	0.00193	0.00220	0.00386
17	0.00502	0.00352	0.00395	0.00394	0.00433	0.00333	0.00247	0.00541	0.00639	0.01823	0.08143	0.06324	0.21782	0.55131	0.01293	0.00261	0.00285	0.00604	0.00265	0.00253
18	0.13831	0.00551	0.00680	0.00569	0.00776	0.00513	0.00452	0.02316	0.00884	0.51520	0.01419	0.16949	0.03319	0.02915	0.00396	0.00123	0.00279	0.00468	0.01547	0.00495
19	0.00952	0.87702	0.01866	0.00609	0.00914	0.01409	0.00609	0.01066	0.00723	0.00838	0.00495	0.00571	0.00457	0.00305	0.00228	0.00076	0.00381	0.00190	0.00152	0.00457
20	0.00952	0.87702	0.01866	0.00609	0.00914	0.01409	0.00609	0.01066	0.00723	0.00838	0.00495	0.00571	0.00457	0.00305	0.00228	0.00076	0.00381	0.00190	0.00152	0.00457
21	0.00560	0.00384	0.00495	0.00497	0.00575	0.00363	0.00365	0.04488	0.00903	0.04485	0.41222	0.34630	0.04472	0.00864	0.00431	0.00126	0.00205	0.04230	0.00365	0.00340
22	0.00478	0.00329	0.00400	0.00439	0.00448	0.00319	0.00269	0.00507	0.00594	0.00793	0.01515	0.42033	0.01790	0.47108	0.01177	0.00251	0.00280	0.00749	0.00269	0.00250
23	0.01041	0.67321	0.01663	0.00682	0.00958	0.21469	0.00628	0.01150	0.00791	0.00846	0.00508	0.00588	0.00457	0.00319	0.00250	0.00080	0.00443	0.00200	0.00160	0.00446
24	0.00436	0.00333	0.00402	0.00454	0.00514	0.00299	0.00320	0.00512	0.00735	0.00935	0.02554	0.53069	0.32308	0.01032	0.00444	0.00137	0.00203	0.04689	0.00330	0.00295
25	0.00692	0.00650	0.01085	0.76577	0.08995	0.00783	0.00975	0.00924	0.00721	0.00940	0.00636	0.00936	0.00484	0.00349	0.00352	0.00115	0.00462	0.00312	0.00162	0.03851
26	0.00618	0.00309	0.00464	0.00464	0.00464	0.00309	0.00309	0.00464	0.00464	0.00618	0.00618	0.01082	0.00618	0.01237	0.01391	0.89641	0.00309	0.00309	0.00155	0.00155
27	0.00677	0.00637	0.01076	0.84854	0.04196	0.00792	0.00991	0.00914	0.00714	0.00915	0.00634	0.00948	0.00476	0.00355	0.00356	0.00118	0.00474	0.00316	0.00159	0.00399
28	0.00775	0.05101	0.01080	0.00883	0.00905	0.02534	0.00735	0.00856	0.00563	0.00850	0.00515	0.00842	0.00512	0.03050	0.05858	0.00179	0.73903	0.00314	0.00160	0.00385
29	0.00881	0.00846	0.01445	0.02185	0.85267	0.00846	0.01093	0.01093	0.00811	0.01163	0.00670	0.00881	0.00564	0.00317	0.00352	0.00106	0.00423	0.00317	0.00176	0.00564
30	0.00470	0.00328	0.00409	0.00450	0.00472	0.00312	0.00290	0.00516	0.00652	0.00871	0.07949	0.47567	0.05232	0.29941	0.00923	0.02012	0.00251	0.00795	0.00293	0.00266
31	0.03981	0.00404	0.00492	0.00480	0.00556	0.00380	0.01560	0.01910	0.00650	0.00917	0.01436	0.34197	0.05255	0.28658	0.03686	0.02011	0.00295	0.00649	0.00264	0.12218
32	0.00439	0.00330	0.00393	0.00440	0.00490	0.00299	0.00298	0.00503	0.00705	0.00901	0.02396	0.50562	0.28907	0.10889	0.00598	0.00160	0.00214	0.00872	0.00317	0.00284
33	0.00738	0.00633	0.00738	0.00527	0.00844	0.00475	0.00422	0.00896	0.00738	0.01160	0.00633	0.00738	0.00527	0.00264	0.00264	0.00053	0.00264	0.00211	0.00211	0.89664
34	0.03994	0.00629	0.00717	0.00614	0.00818	0.00648	0.00484	0.03496	0.35017	0.28145	0.04194	0.01645	0.13562	0.03887	0.00422	0.00125	0.00275	0.00443	0.00373	0.00513
35	0.00556	0.00381	0.00450	0.00441	0.00537	0.00346	0.00325	0.00672	0.02232	0.07151	0.21391	0.11799	0.34208	0.12494	0.00610	0.00153	0.00221	0.05372	0.00337	0.00324
36	0.06700	0.00656	0.00837	0.00645	0.00919	0.00606	0.00533	0.11177	0.01070	0.71054	0.01289	0.01134	0.00821	0.00433	0.00350	0.00110	0.00312	0.00344	0.00418	0.00593
37	0.04748	0.00846	0.00943	0.00735	0.00999	0.00902	0.00604	0.53558	0.04870	0.20614	0.06692	0.01065	0.00865	0.00449	0.00356	0.00109	0.00348	0.00349	0.00372	0.00577
38	0.00437	0.00335	0.00401	0.00444	0.00508	0.00299	0.00312	0.00519	0.00758	0.00972	0.09190	0.47764	0.33556	0.01002	0.00440	0.00133	0.00195	0.02103	0.00335	0.00298
39	0.00738	0.00633	0.00738	0.00527	0.00844	0.00475	0.00422	0.00896	0.00738	0.01160	0.00633	0.00738	0.00527	0.00264	0.00264	0.00053	0.00264	0.00211	0.00211	0.89664
40	0.00466	0.00338	0.00445	0.00519	0.00557	0.00323	0.00369	0.00570	0.02933	0.00957	0.03530	0.69300	0.04774	0.01067	0.00456	0.00145	0.00224	0.12390	0.00332	0.00303
41	0.00434	0.00310	0.00413	0.00496	0.00516	0.00289	0.00330	0.00496	0.00682	0.00909	0.01962	0.87255	0.02355	0.01115	0.00454	0.00145	0.00207	0.01012	0.00330	0.00289
42	0.06083	0.00415	0.00513	0.00543	0.00642	0.00406	0.00444	0.00736	0.03080	0.02969	0.16581	0.11027	0.16725	0.00871	0.00440	0.00140	0.00258	0.37454	0.00336	0.00337
43	0.00498	0.00361	0.00469	0.00447	0.00529	0.00333	0.00333	0.00658	0.00986	0.01387	0.78392	0.06583	0.06182	0.00752	0.00422	0.00114	0.00170	0.00665	0.00387	0.00333
44	0.00509	0.00381	0.00572	0.00572	0.00636	0.00445	0.00445	0.00636	0.00572	0.00826	0.00954	0.01399	0.00890	0.02670	0.86077	0.00572	0.00954	0.00381	0.00191	0.00318
45	0.00536	0.00372	0.00514	0.00513	0.00562	0.00406	0.00371	0.00622	0.00582	0.03076	0.02333	0.07252	0.01140	0.27251	0.52337	0.00459	0.00698	0.00465	0.00217	0.00294
46	0.00753	0.00479	0.00593	0.00527	0.00664	0.00467	0.00407	0.03226	0.13600	0.14580	0.55521	0.02201	0.04246	0.00642	0.00400	0.00113	0.00212	0.00557	0.00393	0.00419
47	0.02980	0.38753	0.05314	0.00747	0.01007	0.28957	0.00660	0.08842	0.05432	0.01058	0.02844	0.00725	0.00580	0.00359	0.00288	0.00090	0.00461	0.00242	0.00200	0.00460
48	0.11922	0.03786	0.00513	0.03242	0.00550	0.00484	0.00305	0.02874	0.00584	0.00879	0.01014	0.01898	0.02052	0.60562	0.06634	0.00299	0.00377	0.00444	0.01309	0.00272
49	0.61870	0.05092	0.00723	0.00588	0.00810	0.16814	0.00477	0.07904	0.00774	0.01478	0.00535	0.00613	0.00421	0.00344	0.00251	0.00105	0.00359	0.00210	0.00221	0.00412
50	0.04229	0.00780	0.00734	0.00634	0.00805	0.14697	0.00495	0.21769	0.04362	0.05603	0.32133	0.04092	0.07039	0.00577	0.00376	0.00109	0.00319	0.00472	0.00338	0.00436
51	0.00911	0.00759	0.00806	0.00721	0.00925	0.00873	0.00562	0.01886	0.81648	0.04480	0.01448	0.01324	0.01080	0.00482	0.00362	0.00120	0.00283	0.00401	0.00365	0.00565
52	0.00888	0.03088	0.00959	0.00786	0.00957	0.01863	0.06079	0.14864	0.31242	0.02831	0.04287	0.03249	0.02144	0.00746	0.09811	0.00172	0.14866	0.00393	0.00290	0.00486
53	0.00468	0.00363	0.00424	0.00412	0.00511	0.00322	0.00310	0.00598	0.00908	0.01198	0.45083	0.03033	0.40502	0.01977	0.00441	0.00120	0.00179	0.02472	0.00360	0.00318
54	0.00527	0.00373	0.00461	0.00453	0.00545	0.00339	0.00338	0.01730	0.00906	0.04464	0.43572	0.17306	0.23342	0.00831	0.00425	0.00121	0.00191	0.03379	0.00366	0.00333
55	0.00482	0.00358	0.00449	0.00439	0.00523	0.00325	0.00326	0.00624	0.00934	0.01280	0.59789	0.11679	0.18816	0.00805	0.00425	0.00118	0.00176	0.01756	0.00373	0.00324
56	0.00738	0.00633	0.00738	0.00527	0.00844	0.00475	0.00422	0.00896	0.00738	0.01160	0.00633	0.00738	0.00527	0.00264	0.00264	0.00053	0.00264	0.00211	0.00211	0.89664
57	0.07606	0.01550	0.01788	0.01192	0.30287	0.03881	0.04572	0.06277	0.06986	0.02458	0.09732	0.13971	0.04802	0.00534	0.00391	0.00116	0.02667	0.00470	0.00260	0.00462

[dist]
# distance from previous block
# <min> <max>
8	50

[block]
# block no. 3 follows, 78 sequences, length 53
# corresponding to MSA columns:
# 386-389,399-447
name=unknown_D
#
# <colnr> <probs for GDERKNQSTAVLIFYWHMCP>
#	G	D	E	R	K	N	Q	S	T	A	V	L	I	F	Y	W	H	M	C	P
0	0.00789	0.07419	0.00799	0.00640	0.00766	0.01978	0.00503	0.21159	0.05099	0.01277	0.04390	0.29140	0.07465	0.03170	0.00528	0.00131	0.11452	0.00585	0.02301	0.00410
1	0.00460	0.00344	0.00419	0.00441	0.00505	0.00314	0.00312	0.00556	0.00793	0.01048	0.25129	0.31259	0.24914	0.08504	0.01784	0.00153	0.00214	0.02216	0.00335	0.00300
2	0.01053	0.55848	0.02815	0.00760	0.02511	0.24852	0.02700	0.02617	0.00821	0.00889	0.00527	0.00617	0.00464	0.00330	0.00282	0.00085	0.01999	0.00215	0.00166	0.00450
3	0.00433	0.00318	0.00407	0.00476	0.00512	0.00292	0.00322	0.00501	0.00706	0.00926	0.03684	0.73796	0.14168	0.01078	0.00449	0.00141	0.00202	0.00968	0.00332	0.00292
4	0.83092	0.00703	0.00557	0.00490	0.00712	0.00811	0.00403	0.06320	0.00672	0.01625	0.00520	0.00603	0.00403	0.00350	0.00246	0.01384	0.00283	0.00203	0.00228	0.00396
5	0.03741	0.00449	0.00531	0.00465	0.00607	0.00398	0.00346	0.02004	0.00756	0.11717	0.08319	0.05797	0.20242	0.09987	0.00659	0.12967	0.00253	0.00477	0.03973	0.16310
6	0.03037	0.00333	0.00417	0.00472	0.00504	0.00317	0.00313	0.00532	0.00660	0.02045	0.01833	0.63785	0.06398	0.14361	0.00679	0.02623	0.00233	0.00871	0.00306	0.00282
7	0.00509	0.00381	0.00572	0.00572	0.00636	0.00445	0.00445	0.00636	0.00572	0.00826	0.00954	0.01399	0.00890	0.02670	0.86077	0.00572	0.00954	0.00381	0.00191	0.00318
8	0.00509	0.00381	0.00572	0.00572	0.00636	0.00445	0.00445	0.00636	0.00572	0.00826	0.00954	0.01399	0.00890	0.02670	0.86077	0.00572	0.00954	0.00381	0.00191	0.00318
9	0.02708	0.00370	0.00443	0.00435	0.00527	0.00338	0.00326	0.00634	0.00894	0.02167	0.46206	0.10445	0.25717	0.02532	0.00446	0.00123	0.00188	0.03622	0.01556	0.00323
10	0.00509	0.00379	0.00561	0.00561	0.00621	0.00439	0.00431	0.00629	0.00569	0.00818	0.00964	0.01455	0.00915	0.07817	0.80964	0.00558	0.00917	0.00390	0.00192	0.00312
11	0.00569	0.00406	0.00568	0.00650	0.00730	0.00405	0.00565	0.00729	0.00815	0.01060	0.01888	0.06994	0.02060	0.00988	0.00490	0.00163	0.00324	0.79941	0.00328	0.00326
12	0.38678	0.00670	0.00692	0.00567	0.00805	0.00697	0.00464	0.10805	0.02386	0.33017	0.01029	0.01004	0.03665	0.01659	0.00321	0.00113	0.00294	0.00301	0.02343	0.00490
13	0.02128	0.00511	0.00661	0.00624	0.00774	0.00496	0.00512	0.09762	0.00936	0.25738	0.01611	0.18501	0.01559	0.00766	0.00421	0.00136	0.00299	0.31135	0.02999	0.00432
14	0.00476	0.00351	0.00451	0.00498	0.00558	0.00329	0.00367	0.00595	0.02078	0.01055	0.18950	0.44034	0.13399	0.00977	0.00448	0.00138	0.00217	0.14425	0.00343	0.00311
15	0.04572	0.00663	0.00819	0.00639	0.00901	0.00627	0.00524	0.15494	0.04172	0.55976	0.02672	0.01271	0.05909	0.00462	0.00354	0.00109	0.00305	0.00370	0.00400	0.03760
16	0.00510	0.00406	0.00464	0.00445	0.00557	0.00381	0.00339	0.00733	0.09750	0.01221	0.38411	0.02892	0.38580	0.00785	0.00416	0.00118	0.00190	0.03097	0.00360	0.00344
17	0.00518	0.00345	0.00388	0.00388	0.00388	0.00345	0.00216	0.00518	0.00518	0.00690	0.01122	0.02330	0.01294	0.87488	0.01812	0.00345	0.00345	0.00518	0.00216	0.00216
18	0.00771	0.00421	0.00438	0.00405	0.00519	0.00433	0.00312	0.08168	0.04924	0.04661	0.01158	0.01282	0.00893	0.00420	0.00268	0.00088	0.00197	0.00335	0.73929	0.00378
19	0.00834	0.00714	0.00783	0.00643	0.00895	0.00716	0.00506	0.03494	0.46893	0.01368	0.01087	0.01066	0.00837	0.00388	0.00320	0.00091	0.00277	0.00319	0.00298	0.38469
20	0.01315	0.01675	0.01041	0.00934	0.01123	0.83539	0.03151	0.01413	0.01004	0.00879	0.00555	0.00651	0.00461	0.00365	0.00324	0.00093	0.00641	0.00235	0.00183	0.00415
21	0.03652	0.00808	0.00943	0.00724	0.01003	0.00827	0.00598	0.43786	0.01343	0.40904	0.01101	0.01014	0.00728	0.00431	0.00354	0.00108	0.00348	0.00335	0.00392	0.00600
22	0.00421	0.00361	0.00361	0.00361	0.00481	0.00301	0.00271	0.00511	0.00812	0.00962	0.03607	0.03426	0.85122	0.00902	0.00421	0.00120	0.00180	0.00751	0.00331	0.00301
23	0.01330	0.01697	0.01009	0.00917	0.01101	0.86058	0.00688	0.01422	0.01009	0.00871	0.00550	0.00642	0.00459	0.00367	0.00321	0.00092	0.00642	0.00229	0.00183	0.00413
24	0.00435	0.00365	0.00380	0.00388	0.00505	0.00311	0.00299	0.00532	0.00812	0.00971	0.03448	0.03481	0.77441	0.00909	0.00427	0.00124	0.00194	0.08344	0.00330	0.00303
25	0.00440	0.00316	0.00420	0.00494	0.00520	0.00299	0.00333	0.00506	0.00680	0.00909	0.03050	0.78695	0.03926	0.02719	0.04706	0.00168	0.00245	0.00962	0.00322	0.00290
26	0.01597	0.00606	0.00826	0.00633	0.00909	0.00523	0.00523	0.01735	0.01019	0.85513	0.01405	0.01212	0.00881	0.00441	0.00358	0.00110	0.00303	0.00358	0.00441	0.00606
27	0.90002	0.00689	0.00523	0.00468	0.00689	0.00799	0.00386	0.01047	0.00606	0.01597	0.00496	0.00578	0.00386	0.00330	0.00220	0.00110	0.00275	0.00193	0.00220	0.00386
28	0.00446	0.00362	0.00395	0.00387	0.00496	0.00311	0.00290	0.00559	0.00871	0.01102	0.28161	0.03195	0.60481	0.00849	0.00421	0.00118	0.00177	0.00719	0.00349	0.00311
29	0.01330	0.01697	0.01009	0.00917	0.01101	0.86058	0.00688	0.01422	0.01009	0.00871	0.00550	0.00642	0.00459	0.00367	0.00321	0.00092	0.00642	0.00229	0.00183	0.00413
30	0.90002	0.00689	0.00523	0.00468	0.00689	0.00799	0.00386	0.01047	0.00606	0.01597	0.00496	0.00578	0.00386	0.00330	0.00220	0.00110	0.00275	0.00193	0.00220	0.00386
31	0.00473	0.00356	0.00431	0.00465	0.00531	0.00329	0.00328	0.03683	0.00793	0.01034	0.11961	0.50972	0.25368	0.00985	0.00437	0.00133	0.00202	0.00871	0.00339	0.00310
32	0.00714	0.01842	0.85643	0.01015	0.01541	0.00827	0.01315	0.01128	0.00752	0.01128	0.00639	0.00752	0.00451	0.00338	0.00338	0.00113	0.00526	0.00263	0.00150	0.00526
33	0.00763	0.00463	0.00585	0.00513	0.00647	0.00441	0.00398	0.06972	0.03727	0.15499	0.60767	0.02219	0.02628	0.00644	0.00400	0.00111	0.00210	0.00559	0.02046	0.00408
34	0.60027	0.00711	0.00631	0.00539	0.00762	0.00797	0.00440	0.16031	0.01914	0.06732	0.00792	0.03119	0.03560	0.00400	0.00269	0.00110	0.00291	0.00273	0.02169	0.00434
35	0.00840	0.00960	0.02101	0.01501	0.01861	0.00900	0.83974	0.01140	0.00840	0.01140	0.00720	0.00960	0.00540	0.00300	0.00420	0.00120	0.00600	0.00420	0.00180	0.00480
36	0.01350	0.00878	0.00972	0.00751	0.01020	0.00943	0.00618	0.63046	0.01488	0.17566	0.00978	0.00954	0.00678	0.00429	0.00349	0.00106	0.00360	0.00328	0.06599	0.00586
37	0.00462	0.00335	0.00410	0.00452	0.00508	0.00302	0.00312	0.00535	0.00737	0.02512	0.07833	0.51489	0.25920	0.04717	0.00511	0.01263	0.00206	0.00872	0.00329	0.00297
38	0.00504	0.00365	0.00455	0.00436	0.00526	0.00332	0.00325	0.00646	0.00936	0.02659	0.59776	0.05830	0.19790	0.03841	0.00471	0.00124	0.00183	0.02103	0.00371	0.00327
39	0.00424	0.00349	0.00372	0.00391	0.00489	0.00298	0.00284	0.00508	0.00782	0.00950	0.03238	0.22210	0.66576	0.00950	0.00428	0.00126	0.00186	0.00810	0.00331	0.00298
40	0.13181	0.00697	0.00824	0.00644	0.00907	0.00687	0.00531	0.20611	0.01106	0.52187	0.01149	0.01050	0.00753	0.00422	0.00335	0.00108	0.00315	0.00327	0.03598	0.00567
41	0.08555	0.00473	0.00555	0.00508	0.00645	0.00455	0.00388	0.06470	0.00878	0.18968	0.14354	0.19341	0.15125	0.06208	0.00478	0.00134	0.00246	0.02904	0.02922	0.00392
42	0.00941	0.00697	0.00791	0.00670	0.00850	0.00742	0.02037	0.45343	0.01237	0.01655	0.04253	0.26555	0.08427	0.02018	0.00414	0.00123	0.00311	0.00576	0.01895	0.00464
43	0.00542	0.00409	0.02383	0.00449	0.00553	0.00351	0.00340	0.01759	0.01908	0.05707	0.18961	0.21367	0.34832	0.05815	0.00496	0.00135	0.00211	0.00720	0.02730	0.00330
44	0.00654	0.00408	0.00492	0.00476	0.00589	0.00371	0.00356	0.04232	0.00865	0.13101	0.13815	0.26932	0.29756	0.00840	0.00415	0.00124	0.00216	0.02728	0.03269	0.00360
45	0.02723	0.00381	0.00443	0.00460	0.00539	0.00363	0.00327	0.00677	0.06489	0.03221	0.12961	0.35608	0.22948	0.07235	0.00519	0.00143	0.00213	0.00759	0.03668	0.00324
46	0.00980	0.01115	0.00742	0.00689	0.00794	0.49149	0.00485	0.01032	0.00797	0.00793	0.00796	0.01369	0.00819	0.37882	0.00963	0.00201	0.00514	0.00354	0.00197	0.00328
47	0.01115	0.50651	0.01498	0.00740	0.00994	0.35938	0.00643	0.03089	0.00861	0.00883	0.00526	0.00606	0.00461	0.00333	0.00269	0.00083	0.00488	0.00209	0.00170	0.00442
48	0.01785	0.00394	0.00479	0.00477	0.00561	0.00374	0.00341	0.01766	0.03842	0.10905	0.12739	0.32937	0.09633	0.12806	0.00598	0.00155	0.00233	0.01453	0.08181	0.00342
49	0.00474	0.00337	0.00418	0.00455	0.00512	0.00309	0.00320	0.00569	0.00775	0.01885	0.18752	0.45974	0.17298	0.03444	0.00470	0.00136	0.00199	0.02332	0.05039	0.00305
50	0.00605	0.00959	0.32508	0.00780	0.01031	0.00608	0.05445	0.00842	0.00652	0.00950	0.00831	0.01180	0.00727	0.06087	0.44767	0.00363	0.00742	0.00346	0.00176	0.00400
51	0.00446	0.00323	0.00423	0.00490	0.00523	0.00302	0.00336	0.00520	0.00707	0.00940	0.06737	0.69607	0.07568	0.03474	0.02425	0.00157	0.00228	0.04173	0.00328	0.00293
52	0.00921	0.02723	0.05143	0.00691	0.01621	0.05505	0.01396	0.26189	0.08234	0.04403	0.03710	0.13450	0.02027	0.11968	0.02231	0.00150	0.01874	0.00451	0.00293	0.07021

[dist]
# distance from previous block
# <min> <max>
1	33

[block]
# block no. 4 follows, 78 sequences, length 78
# corresponding to MSA columns:
# 482-493,502-518,524-572
name=unknown_E
#
# <colnr> <probs for GDERKNQSTAVLIFYWHMCP>
#	G	D	E	R	K	N	Q	S	T	A	V	L	I	F	Y	W	H	M	C	P
0	0.00970	0.20585	0.12313	0.05582	0.01120	0.06256	0.04401	0.06401	0.02539	0.12162	0.01740	0.00841	0.00600	0.00384	0.01557	0.00098	0.02150	0.00271	0.01491	0.18541
1	0.07993	0.00547	0.00702	0.00611	0.00772	0.00559	0.03385	0.06003	0.06826	0.24486	0.04744	0.15042	0.01172	0.01668	0.12222	0.01200	0.02976	0.01307	0.07347	0.00440
2	0.01819	0.00670	0.05950	0.17978	0.04295	0.00683	0.02034	0.07462	0.12712	0.02124	0.08546	0.03966	0.02004	0.05155	0.03085	0.12135	0.06194	0.01686	0.00242	0.01259
3	0.02702	0.39936	0.20152	0.05635	0.06526	0.01026	0.03762	0.01042	0.02419	0.02904	0.00648	0.03355	0.00558	0.00422	0.00380	0.07226	0.00412	0.00272	0.00173	0.00451
4	0.05893	0.12737	0.01052	0.10189	0.01117	0.05145	0.00635	0.26727	0.02506	0.20934	0.02090	0.00937	0.00671	0.00459	0.02241	0.00116	0.03591	0.00307	0.02136	0.00516
5	0.00773	0.00770	0.01079	0.00926	0.00928	0.01076	0.00771	0.00852	0.00546	0.00856	0.00478	0.00793	0.00477	0.00670	0.03095	0.00165	0.84887	0.00313	0.00157	0.00388
6	0.00547	0.00480	0.03865	0.09135	0.00844	0.00444	0.03756	0.04208	0.02481	0.01073	0.13097	0.46066	0.06777	0.00889	0.01680	0.00139	0.00279	0.03591	0.00309	0.00344
7	0.00504	0.00343	0.00398	0.00413	0.00424	0.00338	0.00248	0.00523	0.00564	0.00746	0.01365	0.14719	0.04583	0.68493	0.01514	0.00301	0.00318	0.03732	0.00241	0.00234
8	0.01353	0.00997	0.01068	0.00819	0.01104	0.01104	0.00677	0.84079	0.01674	0.02244	0.00855	0.00855	0.00605	0.00427	0.00356	0.00107	0.00392	0.00321	0.00356	0.00605
9	0.00572	0.00367	0.00470	0.00505	0.00571	0.00341	0.00356	0.01617	0.03017	0.09136	0.05263	0.63011	0.10545	0.00987	0.00437	0.00137	0.00217	0.01771	0.00345	0.00334
10	0.00522	0.00385	0.00543	0.00538	0.00606	0.00431	0.00417	0.00652	0.00650	0.00941	0.10530	0.02633	0.05513	0.03000	0.60444	0.00437	0.03037	0.01702	0.06698	0.00321
11	0.00490	0.00341	0.00403	0.00430	0.00451	0.00330	0.00272	0.00524	0.00604	0.00793	0.01602	0.25085	0.08803	0.52109	0.01256	0.00262	0.00293	0.05440	0.00263	0.00249
12	0.00490	0.00363	0.00469	0.00531	0.00600	0.00342	0.00418	0.00602	0.00772	0.00994	0.03678	0.33119	0.20469	0.01008	0.00462	0.00147	0.00250	0.34649	0.00330	0.00308
13	0.00481	0.00357	0.00432	0.00465	0.00541	0.00321	0.00334	0.00579	0.01748	0.02761	0.06515	0.44339	0.29343	0.01796	0.00448	0.00134	0.00209	0.05858	0.00331	0.03006
14	0.00764	0.00632	0.00741	0.00531	0.00846	0.00476	0.00425	0.00922	0.00747	0.03708	0.00656	0.00753	0.00538	0.00269	0.00267	0.00054	0.00265	0.00215	0.00218	0.86974
15	0.00508	0.00344	0.00411	0.00422	0.00431	0.00348	0.00255	0.00526	0.00543	0.00731	0.01203	0.13005	0.01377	0.66464	0.10178	0.01842	0.00389	0.00563	0.00227	0.00234
16	0.00538	0.00375	0.00441	0.00448	0.00521	0.00353	0.00313	0.00663	0.05045	0.04691	0.12966	0.25729	0.23541	0.19156	0.00715	0.00173	0.00233	0.01597	0.02192	0.00312
17	0.50080	0.00621	0.00594	0.00508	0.00706	0.00666	0.00402	0.04281	0.00729	0.21471	0.00827	0.01024	0.00659	0.14101	0.00527	0.01525	0.00298	0.00290	0.00276	0.00416
18	0.00676	0.00502	0.00591	0.00541	0.00670	0.00521	0.00414	0.01115	0.28153	0.04671	0.51599	0.02122	0.02436	0.00626	0.00392	0.00114	0.00210	0.00543	0.03685	0.00420
19	0.01078	0.00818	0.00854	0.00711	0.00931	0.02880	0.00570	0.38126	0.31033	0.03167	0.01128	0.01140	0.00844	0.00452	0.00344	0.00109	0.00323	0.01558	0.13390	0.00542
20	0.00639	0.00408	0.00515	0.00527	0.00598	0.00398	0.00373	0.07261	0.01966	0.08860	0.05001	0.53279	0.03226	0.09672	0.02833	0.01456	0.00266	0.02053	0.00328	0.00342
21	0.18167	0.00631	0.00757	0.00600	0.00851	0.00603	0.00492	0.07620	0.00985	0.56807	0.06215	0.01197	0.02611	0.00445	0.00337	0.00110	0.00294	0.00349	0.00388	0.00542
22	0.00441	0.00313	0.00411	0.00487	0.00506	0.00294	0.00321	0.00498	0.00668	0.00891	0.01894	0.80330	0.02268	0.08159	0.00565	0.00161	0.00218	0.00972	0.00321	0.00283
23	0.00500	0.00329	0.00447	0.00492	0.00515	0.00325	0.00338	0.00522	0.00613	0.00821	0.01481	0.42665	0.02887	0.12199	0.10238	0.19098	0.00335	0.05674	0.00263	0.00257
24	0.00720	0.00628	0.00984	0.07878	0.28408	0.01968	0.04322	0.03780	0.02481	0.01016	0.00846	0.03950	0.00769	0.02749	0.28367	0.05927	0.02337	0.01529	0.00925	0.00416
25	0.00653	0.00548	0.00777	0.00697	0.00717	0.00693	0.02278	0.00692	0.00547	0.00798	0.01939	0.02980	0.00786	0.16027	0.15203	0.15402	0.38398	0.00379	0.00179	0.00307
26	0.01330	0.01697	0.01009	0.00917	0.01101	0.86058	0.00688	0.01422	0.01009	0.00871	0.00550	0.00642	0.00459	0.00367	0.00321	0.00092	0.00642	0.00229	0.00183	0.00413
27	0.00683	0.00465	0.00733	0.18446	0.12067	0.00500	0.00562	0.02835	0.00592	0.00793	0.00634	0.01022	0.00581	0.00913	0.01014	0.57052	0.00360	0.00312	0.00163	0.00270
28	0.00531	0.00365	0.00535	0.00535	0.00583	0.00412	0.00401	0.00600	0.00552	0.00788	0.00912	0.01416	0.00875	0.09017	0.63603	0.15841	0.00783	0.00379	0.01587	0.00282
29	0.00738	0.00633	0.00738	0.00527	0.00844	0.00475	0.00422	0.00896	0.00738	0.01160	0.00633	0.00738	0.00527	0.00264	0.00264	0.00053	0.00264	0.00211	0.00211	0.89664
30	0.01485	0.00786	0.00938	0.00719	0.00999	0.00790	0.00594	0.39563	0.01320	0.47260	0.01152	0.01048	0.00755	0.00435	0.00357	0.00109	0.00344	0.00341	0.00402	0.00606
31	0.00805	0.00770	0.02292	0.45647	0.24300	0.00845	0.09674	0.07711	0.02419	0.01123	0.00685	0.00929	0.00527	0.00348	0.00362	0.00114	0.00464	0.00329	0.00185	0.00471
32	0.00623	0.00389	0.00510	0.00465	0.00570	0.00355	0.00354	0.00786	0.01002	0.10437	0.73634	0.02494	0.04213	0.00695	0.00411	0.00111	0.00183	0.00610	0.01794	0.00364
33	0.00518	0.00345	0.00388	0.00388	0.00388	0.00345	0.00216	0.00518	0.00518	0.00690	0.01122	0.02330	0.01294	0.87488	0.01812	0.00345	0.00345	0.00518	0.00216	0.00216
34	0.00523	0.00386	0.00497	0.00454	0.00557	0.00347	0.00343	0.00690	0.00986	0.01406	0.78193	0.02503	0.03128	0.00690	0.00407	0.00107	0.00176	0.00609	0.00377	0.07620
35	0.90002	0.00689	0.00523	0.00468	0.00689	0.00799	0.00386	0.01047	0.00606	0.01597	0.00496	0.00578	0.00386	0.00330	0.00220	0.00110	0.00275	0.00193	0.00220	0.00386
36	0.00952	0.87702	0.01866	0.00609	0.00914	0.01409	0.00609	0.01066	0.00723	0.00838	0.00495	0.00571	0.00457	0.00305	0.00228	0.00076	0.00381	0.00190	0.00152	0.00457
37	0.00893	0.00768	0.00809	0.00726	0.00929	0.00889	0.00565	0.03179	0.83324	0.01501	0.01440	0.01321	0.01079	0.00482	0.00362	0.00121	0.00283	0.00401	0.00362	0.00564
38	0.00509	0.00357	0.00460	0.00465	0.00490	0.00380	0.00310	0.00561	0.00548	0.00755	0.01109	0.07108	0.01205	0.50056	0.33733	0.00419	0.00568	0.00496	0.00213	0.00259
39	0.00689	0.00384	0.00358	0.00354	0.00441	0.03622	0.00266	0.00852	0.00757	0.01310	0.01138	0.01301	0.00895	0.00413	0.00252	0.00083	0.00184	0.00328	0.86038	0.00335
40	0.00509	0.00381	0.00572	0.00572	0.00636	0.00445	0.00445	0.00636	0.00572	0.00826	0.00954	0.01399	0.00890	0.02670	0.86077	0.00572	0.00954	0.00381	0.00191	0.00318
41	0.00520	0.00343	0.00408	0.00410	0.00419	0.00342	0.00245	0.00528	0.00560	0.00755	0.07418	0.06343	0.01435	0.67361	0.04154	0.07435	0.00341	0.00530	0.00229	0.00227
42	0.01479	0.00716	0.00884	0.00687	0.00959	0.00696	0.00564	0.22099	0.07998	0.58082	0.01272	0.01133	0.00830	0.00441	0.00358	0.00110	0.00323	0.00352	0.00413	0.00602
43	0.90002	0.00689	0.00523	0.00468	0.00689	0.00799	0.00386	0.01047	0.00606	0.01597	0.00496	0.00578	0.00386	0.00330	0.00220	0.00110	0.00275	0.00193	0.00220	0.00386
44	0.00580	0.00417	0.00579	0.00657	0.00742	0.00420	0.00574	0.00762	0.02578	0.01074	0.01876	0.03960	0.02029	0.00973	0.00489	0.00163	0.00327	0.81140	0.00329	0.00333
45	0.00807	0.00579	0.00665	0.00596	0.00758	0.00612	0.00461	0.01357	0.39928	0.11438	0.31718	0.02897	0.05493	0.00592	0.00386	0.00117	0.00238	0.00506	0.00381	0.00472
46	0.00512	0.00344	0.00395	0.00403	0.00407	0.00342	0.00233	0.00523	0.00546	0.00729	0.02901	0.09127	0.01433	0.77413	0.01654	0.00321	0.00330	0.01932	0.00230	0.00226
47	0.01538	0.00625	0.00831	0.00640	0.00909	0.00558	0.00527	0.07681	0.01066	0.76280	0.04529	0.01241	0.00955	0.00451	0.00360	0.00110	0.00304	0.00366	0.00433	0.00596
48	0.00594	0.00407	0.00512	0.00473	0.00576	0.00385	0.00362	0.04280	0.02191	0.04949	0.65390	0.02547	0.07487	0.02178	0.00435	0.00117	0.00194	0.03491	0.03074	0.00358
49	0.00596	0.00395	0.00505	0.00463	0.00564	0.00369	0.00352	0.03254	0.01012	0.06210	0.72136	0.02487	0.05181	0.00694	0.00407	0.00111	0.00183	0.00608	0.04116	0.00358
50	0.66520	0.00678	0.00597	0.00510	0.00737	0.00752	0.00419	0.06059	0.00743	0.15330	0.00694	0.00730	0.00502	0.00358	0.00252	0.00109	0.00282	0.00233	0.04063	0.00432
51	0.00422	0.00361	0.00362	0.00362	0.00482	0.00301	0.00272	0.00513	0.00815	0.00969	0.04891	0.03414	0.83834	0.00899	0.00421	0.00120	0.00180	0.00750	0.00332	0.00301
52	0.00482	0.00373	0.00540	0.00566	0.00616	0.00358	0.05425	0.01962	0.00715	0.00956	0.03391	0.74539	0.04844	0.01030	0.00464	0.00141	0.02034	0.00935	0.00319	0.00309
53	0.83359	0.00696	0.00555	0.00487	0.00712	0.00799	0.00401	0.04015	0.00660	0.04945	0.00544	0.00613	0.00413	0.00338	0.00231	0.00110	0.00281	0.00204	0.00234	0.00402
54	0.00779	0.00779	0.01091	0.00935	0.00935	0.01091	0.00779	0.00857	0.00545	0.00857	0.00467	0.00779	0.00467	0.00623	0.01168	0.00156	0.86836	0.00312	0.00156	0.00389
55	0.00518	0.00345	0.00388	0.00388	0.00388	0.00345	0.00216	0.00518	0.00518	0.00690	0.01122	0.02330	0.01294	0.87488	0.01812	0.00345	0.00345	0.00518	0.00216	0.00216
