[name]
unknown

[dist]
# distance from previous block
# <min> <max>
2	78

[block]
# block no. 0 follows, 64 sequences, length 7
# corresponding to MSA columns:
# 88-94
name=unknown_A
#
# <colnr> <probs for GDERKNQSTAVLIFYWHMCP>
#	G	D	E	R	K	N	Q	S	T	A	V	L	I	F	Y	W	H	M	C	P
0	0.08185	0.02404	0.06045	0.02522	0.04379	0.05624	0.25988	0.10227	0.06976	0.09241	0.01005	0.01138	0.00749	0.00494	0.02364	0.00141	0.02045	0.00400	0.09511	0.00564
1	0.01190	0.18874	0.32935	0.00983	0.03451	0.00993	0.03641	0.01514	0.04059	0.24403	0.01048	0.03435	0.00768	0.00451	0.00383	0.00123	0.00483	0.00360	0.00289	0.00617
2	0.01162	0.00578	0.00738	0.00643	0.00833	0.00531	0.00495	0.04864	0.03744	0.36045	0.12854	0.19856	0.09419	0.05581	0.00554	0.00154	0.00301	0.00679	0.00445	0.00525
3	0.00900	0.00562	0.00718	0.07070	0.00929	0.00549	0.00516	0.01201	0.10947	0.17927	0.39067	0.02547	0.13898	0.00742	0.00462	0.00133	0.00273	0.00638	0.00433	0.00487
4	0.08296	0.05137	0.04990	0.21190	0.11132	0.04107	0.05179	0.10539	0.03326	0.20616	0.00992	0.01090	0.00707	0.00438	0.00397	0.00128	0.00476	0.00365	0.00305	0.00591
5	0.07726	0.00708	0.00836	0.00632	0.00955	0.00587	0.00508	0.01161	0.00874	0.12512	0.00888	0.01004	0.00703	0.00638	0.09124	0.00140	0.00400	0.00289	0.00281	0.60033
6	0.00940	0.00963	0.01264	0.07822	0.01246	0.06492	0.00922	0.01047	0.00686	0.01006	0.00567	0.00915	0.00545	0.00683	0.01224	0.00173	0.72508	0.00358	0.00184	0.00457

[dist]
# distance from previous block
# <min> <max>
8	34

[block]
# block no. 1 follows, 64 sequences, length 15
# corresponding to MSA columns:
# 129-143
name=unknown_B
#
# <colnr> <probs for GDERKNQSTAVLIFYWHMCP>
#	G	D	E	R	K	N	Q	S	T	A	V	L	I	F	Y	W	H	M	C	P
0	0.00835	0.00656	0.01952	0.10826	0.05862	0.00685	0.08220	0.01027	0.03824	0.09920	0.01494	0.32290	0.01538	0.04285	0.04456	0.00188	0.09378	0.01794	0.00313	0.00457
1	0.20311	0.00741	0.00856	0.00697	0.00968	0.00735	0.00566	0.10041	0.04212	0.42696	0.08625	0.05438	0.01221	0.00555	0.00395	0.00131	0.00337	0.00440	0.00433	0.00603
2	0.00785	0.00472	0.00610	0.00580	0.00704	0.00436	0.00435	0.00974	0.04032	0.14696	0.39490	0.23352	0.08616	0.00917	0.00487	0.00142	0.00242	0.02152	0.00441	0.00436
3	0.01016	0.01054	0.09020	0.11811	0.30005	0.03068	0.21897	0.01291	0.00951	0.08222	0.00965	0.07054	0.00803	0.00453	0.00439	0.00133	0.00542	0.00454	0.00241	0.00582
4	0.05502	0.46312	0.08811	0.05554	0.01228	0.01257	0.00776	0.04872	0.00966	0.19896	0.00862	0.00896	0.00650	0.00406	0.00327	0.00108	0.00439	0.00289	0.00269	0.00579
5	0.00510	0.00417	0.00453	0.00466	0.00586	0.00359	0.00348	0.00624	0.00950	0.01171	0.11278	0.13872	0.61709	0.01068	0.00499	0.00145	0.00221	0.04579	0.00392	0.00354
6	0.41800	0.00833	0.03941	0.04326	0.04823	0.00799	0.00596	0.01252	0.00824	0.10229	0.00758	0.00852	0.00577	0.00383	0.00325	0.00111	0.01670	0.00270	0.00271	0.25360
7	0.02462	0.01014	0.13697	0.00785	0.01154	0.00776	0.00721	0.09624	0.13585	0.12390	0.01110	0.01127	0.02645	0.00426	0.00368	0.00103	0.00378	0.00340	0.00319	0.36978
8	0.00790	0.00815	0.08089	0.12619	0.32558	0.00732	0.00927	0.00999	0.00885	0.01229	0.07316	0.19965	0.01452	0.06635	0.00568	0.00158	0.00424	0.03071	0.00268	0.00500
9	0.00863	0.04815	0.26934	0.00984	0.08110	0.00841	0.00905	0.06875	0.14039	0.01520	0.17872	0.01731	0.08014	0.00614	0.01678	0.00138	0.00418	0.00480	0.02616	0.00552
10	0.00627	0.00422	0.00503	0.00491	0.00550	0.00403	0.00325	0.00703	0.00816	0.04170	0.20418	0.06896	0.13170	0.43368	0.05147	0.00295	0.00352	0.00689	0.00332	0.00324
11	0.00818	0.00499	0.00646	0.07702	0.00852	0.00498	0.00468	0.00956	0.04584	0.14056	0.01727	0.21750	0.04545	0.31938	0.01081	0.00245	0.00358	0.06543	0.00341	0.00394
12	0.00886	0.47828	0.01455	0.00643	0.00870	0.01109	0.00570	0.02636	0.00856	0.01067	0.07726	0.11579	0.05205	0.08794	0.06986	0.00180	0.00436	0.00470	0.00251	0.00453
13	0.39061	0.01017	0.02847	0.01265	0.26208	0.08152	0.00791	0.07236	0.02985	0.01650	0.00717	0.00850	0.00571	0.00394	0.00336	0.00122	0.00427	0.00293	0.00251	0.04827
14	0.03904	0.21986	0.04573	0.02045	0.12736	0.21237	0.05424	0.04524	0.06920	0.04389	0.02694	0.01062	0.03711	0.00440	0.00369	0.00113	0.00515	0.00342	0.00250	0.02766

[dist]
# distance from previous block
# <min> <max>
0	20

[block]
# block no. 2 follows, 64 sequences, length 19
# corresponding to MSA columns:
# 164-182
name=unknown_C
#
# <colnr> <probs for GDERKNQSTAVLIFYWHMCP>
#	G	D	E	R	K	N	Q	S	T	A	V	L	I	F	Y	W	H	M	C	P
0	0.01339	0.16366	0.15562	0.01016	0.01330	0.49136	0.00909	0.05362	0.03220	0.01157	0.00693	0.00790	0.00561	0.00417	0.00363	0.00110	0.00648	0.00277	0.00216	0.00529
1	0.01005	0.00890	0.01428	0.37209	0.35410	0.03455	0.03408	0.01280	0.02952	0.07715	0.00851	0.01100	0.00654	0.00407	0.00415	0.00131	0.00518	0.00376	0.00227	0.00570
2	0.00522	0.00389	0.00481	0.00526	0.00592	0.00353	0.00366	0.00624	0.00902	0.01188	0.18761	0.46904	0.22032	0.03659	0.00560	0.00161	0.00230	0.01005	0.00396	0.00349
3	0.01311	0.01115	0.08066	0.03497	0.07304	0.04173	0.04137	0.29598	0.19394	0.11812	0.01159	0.01168	0.00839	0.00492	0.00440	0.00131	0.02681	0.00395	0.01637	0.00651
4	0.00541	0.00404	0.00502	0.00535	0.00608	0.00377	0.00384	0.00652	0.00891	0.01175	0.18058	0.31959	0.22684	0.08142	0.06484	0.00210	0.00307	0.05363	0.00377	0.00349
5	0.02842	0.00866	0.01198	0.37516	0.08939	0.02185	0.02306	0.19378	0.09260	0.02758	0.00906	0.01124	0.00689	0.00529	0.00512	0.07321	0.00486	0.00378	0.00270	0.00536
6	0.00551	0.00420	0.00494	0.00493	0.00585	0.00390	0.00357	0.00666	0.00911	0.01189	0.23066	0.06909	0.34696	0.16056	0.08821	0.00238	0.00334	0.03113	0.00364	0.00346
7	0.00927	0.10249	0.17192	0.02632	0.14565	0.00926	0.02512	0.03851	0.18172	0.03344	0.17093	0.04220	0.01464	0.00546	0.00416	0.00129	0.00411	0.00468	0.00311	0.00570
8	0.06338	0.19480	0.25658	0.03302	0.04059	0.03061	0.13969	0.14603	0.01071	0.03596	0.00778	0.00901	0.00588	0.00399	0.00379	0.00122	0.00539	0.00330	0.00237	0.00590
9	0.01067	0.00530	0.00701	0.00601	0.00785	0.00471	0.00471	0.01239	0.01152	0.32773	0.43750	0.05723	0.07503	0.00751	0.00464	0.00132	0.00259	0.00648	0.00472	0.00508
10	0.01036	0.00893	0.05229	0.01011	0.04781	0.03261	0.16380	0.14210	0.06707	0.09022	0.10677	0.01803	0.03101	0.14274	0.03202	0.00193	0.00477	0.02891	0.00329	0.00524
11	0.00513	0.00393	0.00471	0.00512	0.00590	0.00351	0.00361	0.00617	0.00910	0.01177	0.15473	0.42696	0.32162	0.01140	0.00510	0.00152	0.00223	0.01003	0.00397	0.00351
12	0.07850	0.02837	0.16329	0.00964	0.01278	0.00994	0.07350	0.20183	0.05757	0.13006	0.01027	0.03231	0.00799	0.04318	0.02946	0.00163	0.09672	0.00399	0.00313	0.00585
13	0.01016	0.00971	0.01463	0.05096	0.50139	0.05105	0.04576	0.04409	0.02743	0.01364	0.00815	0.01038	0.00676	0.00521	0.04858	0.00144	0.00518	0.00358	0.00226	0.13967
14	0.00996	0.00784	0.00910	0.00660	0.01023	0.00639	0.00532	0.10115	0.01001	0.05889	0.00816	0.00906	0.00648	0.00340	0.00326	0.00072	0.00327	0.00270	0.00280	0.73467
15	0.00951	0.00702	0.00940	0.00871	0.02964	0.00729	0.06784	0.08761	0.20708	0.08513	0.08678	0.12206	0.01815	0.00810	0.00505	0.01664	0.00368	0.21120	0.00392	0.00519
16	0.00698	0.00480	0.00596	0.00567	0.00680	0.00455	0.00421	0.06937	0.01117	0.05549	0.44729	0.21498	0.11389	0.02327	0.00517	0.00144	0.00239	0.00814	0.00430	0.00413
17	0.01159	0.05850	0.07404	0.00790	0.01138	0.12542	0.00685	0.11709	0.01084	0.09601	0.00884	0.01024	0.00699	0.00405	0.00355	0.00094	0.00428	0.02686	0.00285	0.41181
18	0.03323	0.12602	0.15094	0.01277	0.22407	0.00969	0.00944	0.07891	0.04514	0.10825	0.03860	0.02405	0.00877	0.00455	0.00386	0.00119	0.00442	0.02593	0.00280	0.08738

[dist]
# distance from previous block
# <min> <max>
4	6

[block]
# block no. 3 follows, 64 sequences, length 31
# corresponding to MSA columns:
# 193-223
name=unknown_D
#
# <colnr> <probs for GDERKNQSTAVLIFYWHMCP>
#	G	D	E	R	K	N	Q	S	T	A	V	L	I	F	Y	W	H	M	C	P
0	0.03558	0.10141	0.01213	0.17975	0.20469	0.00839	0.03182	0.02558	0.02238	0.03720	0.16074	0.08008	0.07165	0.00593	0.00423	0.00130	0.00400	0.00523	0.00289	0.00503
1	0.01109	0.04263	0.36045	0.05469	0.03937	0.21425	0.02614	0.08030	0.10608	0.01376	0.00849	0.00949	0.00638	0.00430	0.00394	0.00125	0.00591	0.00328	0.00236	0.00584
2	0.00755	0.02450	0.01050	0.51809	0.02052	0.00774	0.01969	0.01015	0.04304	0.02861	0.04754	0.19423	0.01273	0.00655	0.00447	0.00145	0.00451	0.03105	0.00263	0.00446
3	0.01021	0.03053	0.12301	0.17256	0.31147	0.12125	0.07038	0.02423	0.00955	0.01258	0.00750	0.00971	0.00597	0.00385	0.00400	0.00121	0.00555	0.00344	0.00205	0.07097
4	0.00607	0.00473	0.00556	0.00539	0.00656	0.00453	0.00400	0.00880	0.10928	0.01445	0.41073	0.12261	0.24932	0.02294	0.00513	0.00143	0.00224	0.00796	0.00422	0.00405
5	0.00587	0.00414	0.00543	0.00559	0.00592	0.00439	0.00381	0.00658	0.00662	0.00911	0.01391	0.14202	0.01524	0.40306	0.33075	0.00466	0.00650	0.02065	0.00262	0.00312
6	0.00861	0.00738	0.00861	0.00615	0.00984	0.00554	0.00492	0.01046	0.00861	0.01354	0.00738	0.00861	0.00615	0.00308	0.00308	0.00062	0.00308	0.00246	0.00246	0.87941
7	0.01569	0.00917	0.01086	0.00893	0.03777	0.00948	0.00704	0.34100	0.12530	0.34294	0.03857	0.01304	0.01008	0.00520	0.00420	0.00129	0.00392	0.00416	0.00450	0.00689
8	0.00833	0.02149	0.83250	0.01184	0.01798	0.00965	0.01535	0.01315	0.00877	0.01315	0.00745	0.00877	0.00526	0.00395	0.00395	0.00132	0.00614	0.00307	0.00175	0.00614
9	0.01081	0.00514	0.00580	0.00509	0.00675	0.00500	0.00400	0.05630	0.02388	0.20946	0.01408	0.01487	0.01040	0.00493	0.00330	0.00107	0.00248	0.00395	0.60783	0.00485
10	0.00784	0.00738	0.01246	0.84404	0.02861	0.00923	0.01154	0.01061	0.00831	0.01061	0.00738	0.01107	0.00554	0.00415	0.00415	0.00138	0.00554	0.00369	0.00185	0.00461
11	0.17861	0.01521	0.40306	0.01218	0.02999	0.00963	0.23874	0.01278	0.00877	0.01421	0.00852	0.01010	0.03190	0.00401	0.00398	0.00134	0.00567	0.00362	0.00208	0.00559
12	0.00776	0.00727	0.01223	0.81938	0.02794	0.00906	0.01131	0.01047	0.00830	0.01061	0.00784	0.03579	0.00618	0.00441	0.00419	0.00139	0.00545	0.00393	0.00190	0.00458
13	0.13105	0.00634	0.00856	0.18398	0.02513	0.00757	0.00702	0.00892	0.00775	0.01183	0.01336	0.29927	0.01450	0.00840	0.00638	0.00161	0.17390	0.07751	0.00281	0.00412
14	0.01060	0.00683	0.00789	0.00687	0.00880	0.00707	0.00538	0.17003	0.15164	0.13766	0.18151	0.08641	0.04514	0.02979	0.00481	0.00140	0.00308	0.03030	0.09943	0.00535
15	0.01187	0.00969	0.01026	0.00876	0.01139	0.01105	0.00695	0.24535	0.59482	0.01986	0.01495	0.01394	0.01110	0.00545	0.00421	0.00136	0.00365	0.00443	0.00421	0.00671
16	0.00593	0.00445	0.00668	0.00668	0.00742	0.00519	0.00519	0.00742	0.00668	0.00964	0.01113	0.01632	0.01038	0.03115	0.83756	0.00668	0.01113	0.00445	0.00223	0.00371
17	0.00929	0.00795	0.01327	0.58488	0.16512	0.00915	0.03564	0.01217	0.03080	0.07938	0.00849	0.01131	0.00633	0.00418	0.00417	0.00135	0.00525	0.00380	0.00223	0.00524
18	0.73911	0.00835	0.00699	0.00601	0.00870	0.00949	0.00495	0.09589	0.00866	0.07041	0.00688	0.00755	0.00513	0.00405	0.00284	0.00128	0.00337	0.00252	0.00290	0.00493
19	0.00966	0.00948	0.01458	0.31312	0.45467	0.06043	0.01164	0.01212	0.00915	0.01231	0.00755	0.01031	0.00611	0.00387	0.00405	0.00125	0.00521	0.00357	0.00201	0.04890
20	0.00535	0.00387	0.00502	0.00584	0.00627	0.00364	0.00413	0.00623	0.00820	0.01077	0.02385	0.60660	0.09790	0.06656	0.00635	0.00184	0.00270	0.12772	0.00377	0.00340
21	0.00924	0.00829	0.03739	0.09190	0.10337	0.00847	0.06835	0.11409	0.20596	0.01564	0.10014	0.11154	0.01546	0.00669	0.00458	0.00143	0.00404	0.08449	0.00346	0.00545
22	0.06367	0.00551	0.00711	0.00631	0.00815	0.00502	0.00486	0.01282	0.01041	0.36556	0.18473	0.25644	0.03586	0.00810	0.00456	0.00141	0.00284	0.00701	0.00448	0.00515
23	0.03761	0.17484	0.01543	0.16776	0.31599	0.09608	0.01002	0.05715	0.06287	0.01304	0.00785	0.00965	0.00638	0.00402	0.00376	0.00119	0.00503	0.00333	0.00224	0.00576
24	0.00532	0.00398	0.00475	0.00507	0.00577	0.00362	0.00352	0.00628	0.00885	0.01154	0.16725	0.33600	0.27293	0.12336	0.00723	0.00185	0.00248	0.02299	0.00380	0.00340
25	0.02638	0.09190	0.20087	0.03636	0.11034	0.06315	0.02670	0.17401	0.05953	0.01596	0.00932	0.01049	0.00713	0.00435	0.00372	0.00119	0.00470	0.00345	0.14465	0.00579
26	0.00681	0.00400	0.00576	0.00568	0.00593	0.00418	0.00399	0.00609	0.00627	0.00852	0.06025	0.01625	0.05048	0.05341	0.15089	0.57180	0.03070	0.00435	0.00218	0.00245
27	0.01245	0.00996	0.05241	0.14779	0.04439	0.01036	0.05110	0.32390	0.07618	0.10020	0.02018	0.01145	0.00782	0.00522	0.00514	0.02963	0.05650	0.00392	0.02538	0.00604
28	0.00588	0.05299	0.00611	0.00520	0.00632	0.00448	0.00394	0.00745	0.01061	0.01437	0.51571	0.13970	0.19360	0.00921	0.00483	0.00135	0.00219	0.00803	0.00417	0.00385
29	0.01520	0.01876	0.01144	0.01037	0.01253	0.77270	0.00780	0.01650	0.02828	0.03386	0.00794	0.00878	0.02917	0.00451	0.00380	0.00109	0.00714	0.00293	0.00232	0.00488
30	0.38171	0.21392	0.05498	0.00766	0.01050	0.19985	0.00672	0.03623	0.00889	0.01427	0.00613	0.00716	0.00503	0.00402	0.00330	0.00116	0.02883	0.00247	0.00226	0.00493

[dist]
# distance from previous block
# <min> <max>
5	9

[block]
# block no. 4 follows, 64 sequences, length 13
# corresponding to MSA columns:
# 235-247
name=unknown_E
#
# <colnr> <probs for GDERKNQSTAVLIFYWHMCP>
#	G	D	E	R	K	N	Q	S	T	A	V	L	I	F	Y	W	H	M	C	P
0	0.00806	0.11579	0.24486	0.00750	0.01052	0.00778	0.01931	0.04464	0.03547	0.03177	0.03354	0.02081	0.22259	0.10018	0.00597	0.00158	0.00404	0.02284	0.05799	0.00478
1	0.00745	0.00741	0.07790	0.00963	0.15154	0.00620	0.00676	0.04550	0.04878	0.01451	0.26019	0.02532	0.20986	0.00779	0.02138	0.00142	0.00338	0.04416	0.00351	0.04733
2	0.00804	0.00762	0.01312	0.50049	0.06353	0.00870	0.12328	0.01088	0.02789	0.01212	0.10805	0.01427	0.02917	0.00487	0.00466	0.00138	0.03330	0.00447	0.01939	0.00477
3	0.00989	0.35319	0.18964	0.00790	0.01141	0.01155	0.00806	0.09701	0.05675	0.01295	0.01110	0.01261	0.07629	0.06740	0.00476	0.00132	0.00441	0.00359	0.02548	0.03470
4	0.00655	0.00398	0.00495	0.00528	0.00595	0.00374	0.00369	0.00771	0.00876	0.05758	0.12627	0.44992	0.04378	0.05832	0.00557	0.00159	0.00240	0.00871	0.19155	0.00371
5	0.88336	0.00803	0.00611	0.00546	0.00803	0.00932	0.00450	0.01221	0.00707	0.01864	0.00578	0.00675	0.00450	0.00386	0.00257	0.00129	0.00321	0.00225	0.00257	0.00450
6	0.08987	0.00994	0.05535	0.01135	0.05113	0.10010	0.23473	0.02312	0.03050	0.03768	0.01113	0.11166	0.01043	0.03637	0.07520	0.00193	0.03601	0.05281	0.00263	0.01804
7	0.00567	0.00409	0.00501	0.00518	0.00607	0.00375	0.00383	0.00713	0.00993	0.01362	0.33951	0.23276	0.20587	0.00992	0.00489	0.00143	0.00222	0.05847	0.07699	0.00369
8	0.00861	0.00738	0.00861	0.00615	0.00984	0.00554	0.00492	0.01046	0.00861	0.01354	0.00738	0.00861	0.00615	0.00308	0.00308	0.00062	0.00308	0.00246	0.00246	0.87941
9	0.00518	0.00418	0.00461	0.00458	0.00580	0.00361	0.00340	0.00645	0.00998	0.01263	0.24977	0.09046	0.56451	0.01014	0.00493	0.00140	0.00209	0.00863	0.00405	0.00361
10	0.00656	0.00468	0.00654	0.00749	0.00839	0.00466	0.00646	0.00837	0.00943	0.01228	0.02207	0.11397	0.02420	0.01160	0.00570	0.00189	0.00371	0.73438	0.00383	0.00379
11	0.00554	0.00402	0.00525	0.00556	0.00626	0.00373	0.00404	0.00694	0.00992	0.01358	0.39683	0.36646	0.08114	0.01066	0.00512	0.00151	0.00228	0.06331	0.00419	0.00367
12	0.04811	0.00883	0.01532	0.31715	0.35826	0.00945	0.11727	0.01183	0.00899	0.01264	0.00832	0.01228	0.00690	0.00422	0.00424	0.00134	0.00529	0.04193	0.00209	0.00552

[dist]
# distance from previous block
# <min> <max>
0	13

[block]
# block no. 5 follows, 64 sequences, length 64
# corresponding to MSA columns:
# 261-324
name=unknown_F
#
# <colnr> <probs for GDERKNQSTAVLIFYWHMCP>
#	G	D	E	R	K	N	Q	S	T	A	V	L	I	F	Y	W	H	M	C	P
0	0.00510	0.00364	0.00486	0.00583	0.00609	0.00341	0.00392	0.00585	0.00799	0.01065	0.02287	0.83222	0.02739	0.01298	0.00531	0.00169	0.00244	0.03051	0.00386	0.00338
1	0.00559	0.00421	0.00516	0.00497	0.00604	0.00379	0.00371	0.00726	0.01101	0.01499	0.58776	0.06023	0.25167	0.00919	0.00491	0.00134	0.00201	0.00799	0.00436	0.00379
2	0.01179	0.03266	0.26336	0.04603	0.14256	0.02157	0.13728	0.03316	0.01018	0.22407	0.03018	0.01137	0.00782	0.00429	0.00419	0.00130	0.00523	0.00387	0.00286	0.00623
3	0.01012	0.00928	0.01310	0.10620	0.07190	0.04441	0.03720	0.01150	0.00760	0.07949	0.00690	0.00983	0.00597	0.00623	0.01038	0.00164	0.55744	0.00370	0.00214	0.00496
4	0.13752	0.00988	0.01367	0.03661	0.33713	0.05080	0.03225	0.04279	0.00861	0.01342	0.00679	0.00929	0.00585	0.00494	0.00691	0.00143	0.27104	0.00345	0.00214	0.00549
5	0.00833	0.02149	0.83250	0.01184	0.01798	0.00965	0.01535	0.01315	0.00877	0.01315	0.00745	0.00877	0.00526	0.00395	0.00395	0.00132	0.00614	0.00307	0.00175	0.00614
6	0.00833	0.02149	0.83250	0.01184	0.01798	0.00965	0.01535	0.01315	0.00877	0.01315	0.00745	0.00877	0.00526	0.00395	0.00395	0.00132	0.00614	0.00307	0.00175	0.00614
7	0.07252	0.01039	0.06105	0.00852	0.01184	0.01008	0.00732	0.44559	0.02736	0.16591	0.02145	0.03685	0.00840	0.00500	0.00398	0.00122	0.00413	0.00387	0.00391	0.09060
8	0.00941	0.15922	0.47870	0.01048	0.01520	0.06805	0.04578	0.01387	0.09443	0.01274	0.00979	0.01063	0.04537	0.00438	0.00383	0.00124	0.00549	0.00342	0.00216	0.00581
9	0.00862	0.02111	0.80095	0.01175	0.01778	0.00977	0.01506	0.04398	0.00918	0.01366	0.00755	0.00882	0.00533	0.00399	0.00395	0.00131	0.00608	0.00310	0.00185	0.00617
10	0.00650	0.00499	0.00720	0.00861	0.10109	0.00488	0.02468	0.00774	0.00837	0.01116	0.03056	0.28352	0.03668	0.18427	0.00854	0.00217	0.00358	0.25837	0.00333	0.00377
11	0.88336	0.00803	0.00611	0.00546	0.00803	0.00932	0.00450	0.01221	0.00707	0.01864	0.00578	0.00675	0.00450	0.00386	0.00257	0.00129	0.00321	0.00225	0.00257	0.00450
12	0.88336	0.00803	0.00611	0.00546	0.00803	0.00932	0.00450	0.01221	0.00707	0.01864	0.00578	0.00675	0.00450	0.00386	0.00257	0.00129	0.00321	0.00225	0.00257	0.00450
13	0.00594	0.00444	0.00662	0.00662	0.00735	0.00516	0.00513	0.00738	0.00666	0.00960	0.01117	0.01658	0.01050	0.05112	0.81775	0.00661	0.01095	0.00449	0.00223	0.00368
14	0.00603	0.00405	0.00466	0.00466	0.00471	0.00410	0.00268	0.00612	0.00608	0.00815	0.01297	0.02652	0.01481	0.80399	0.07078	0.00419	0.00446	0.00594	0.00250	0.00259
15	0.00507	0.00416	0.00446	0.00449	0.00573	0.00356	0.00333	0.00623	0.00968	0.01198	0.15713	0.10711	0.64183	0.01043	0.00494	0.00141	0.00211	0.00884	0.00396	0.00356
16	0.00575	0.00421	0.00509	0.00487	0.00596	0.00381	0.00365	0.00747	0.01095	0.01515	0.56523	0.03235	0.24464	0.00878	0.00477	0.00131	0.00200	0.00760	0.06263	0.00381
17	0.01517	0.01913	0.01211	0.01169	0.06726	0.78211	0.00834	0.01633	0.01162	0.01039	0.00651	0.00768	0.00543	0.00424	0.00377	0.00108	0.00732	0.00274	0.00213	0.00493
18	0.88336	0.00803	0.00611	0.00546	0.00803	0.00932	0.00450	0.01221	0.00707	0.01864	0.00578	0.00675	0.00450	0.00386	0.00257	0.00129	0.00321	0.00225	0.00257	0.00450
19	0.00954	0.01045	0.00760	0.00707	0.00882	0.31140	0.00533	0.04909	0.03946	0.01174	0.02570	0.06026	0.42189	0.00789	0.00444	0.00128	0.00426	0.00627	0.00325	0.00426
20	0.00833	0.02149	0.83250	0.01184	0.01798	0.00965	0.01535	0.01315	0.00877	0.01315	0.00745	0.00877	0.00526	0.00395	0.00395	0.00132	0.00614	0.00307	0.00175	0.00614
21	0.00999	0.00958	0.01634	0.12191	0.73394	0.00979	0.01260	0.01250	0.00932	0.01322	0.00776	0.01037	0.00646	0.00375	0.00412	0.00125	0.00501	0.00370	0.00203	0.00635
22	0.00533	0.00393	0.00499	0.00535	0.00603	0.00359	0.00377	0.00654	0.00952	0.01283	0.30888	0.43891	0.15296	0.01104	0.00510	0.00151	0.00220	0.00983	0.00411	0.00359
23	0.00499	0.00419	0.00434	0.00434	0.00567	0.00354	0.00324	0.00611	0.00960	0.01164	0.10451	0.06453	0.73824	0.01043	0.00492	0.00140	0.00210	0.00876	0.00391	0.00354
24	0.00784	0.00738	0.01246	0.84404	0.02861	0.00923	0.01154	0.01061	0.00831	0.01061	0.00738	0.01107	0.00554	0.00415	0.00415	0.00138	0.00554	0.00369	0.00185	0.00461
25	0.00612	0.00437	0.00608	0.00686	0.00758	0.00441	0.00554	0.00762	0.00862	0.01153	0.02036	0.27695	0.02253	0.01485	0.13553	0.00257	0.00451	0.42663	0.02366	0.00368
26	0.00506	0.00361	0.00482	0.00578	0.00602	0.00337	0.00386	0.00578	0.00795	0.01060	0.02289	0.85131	0.02747	0.01301	0.00530	0.00169	0.00241	0.01181	0.00386	0.00337
27	0.00529	0.00455	0.00542	0.00505	0.00651	0.00391	0.04397	0.00657	0.00974	0.01203	0.14322	0.05970	0.65940	0.00997	0.00492	0.00140	0.00234	0.00849	0.00386	0.00366
28	0.00746	0.00464	0.00623	0.00611	0.00727	0.00433	0.00483	0.00925	0.01090	0.10839	0.46678	0.10849	0.03114	0.00924	0.00505	0.00148	0.00263	0.19720	0.00439	0.00421
29	0.08466	0.01146	0.01325	0.01016	0.01347	0.21378	0.20852	0.01352	0.00979	0.06980	0.00789	0.00921	0.00614	0.00369	0.00373	0.00103	0.00520	0.00323	0.00249	0.30899
30	0.00824	0.00778	0.01317	0.71232	0.15726	0.00933	0.01173	0.01096	0.00849	0.01109	0.00745	0.01095	0.00570	0.00408	0.00415	0.00136	0.00544	0.00369	0.00188	0.00493
31	0.00859	0.00736	0.01226	0.78598	0.02736	0.00901	0.01116	0.01128	0.00855	0.06755	0.00801	0.01129	0.00587	0.00422	0.00415	0.00138	0.00540	0.00373	0.00207	0.00478
32	0.01527	0.01938	0.01181	0.01071	0.01277	0.80562	0.00807	0.01633	0.01156	0.01016	0.00638	0.00755	0.00535	0.00440	0.00413	0.00110	0.03977	0.00271	0.00213	0.00480
33	0.00800	0.00683	0.00839	0.00758	0.00807	0.03967	0.00575	0.06408	0.00744	0.01036	0.00980	0.01713	0.01009	0.31075	0.20487	0.00365	0.26675	0.00464	0.00233	0.00382
34	0.00833	0.00706	0.00829	0.00606	0.00946	0.00537	0.00482	0.01019	0.00894	0.01386	0.09262	0.01095	0.00959	0.00364	0.00327	0.00069	0.00296	0.00299	0.00268	0.78824
35	0.00624	0.00513	0.00688	0.00672	0.00812	0.00485	0.06086	0.00841	0.05799	0.01233	0.06143	0.09544	0.35636	0.01016	0.00518	0.00159	0.00312	0.28144	0.00377	0.00395
36	0.11159	0.00810	0.00961	0.00752	0.01063	0.03908	0.00618	0.09518	0.01209	0.63474	0.01425	0.01269	0.00916	0.00495	0.00398	0.00127	0.00375	0.00387	0.00465	0.00670
37	0.00532	0.00423	0.00484	0.00519	0.00630	0.00375	0.00401	0.00651	0.00928	0.01146	0.04899	0.17600	0.51562	0.01109	0.00514	0.00155	0.00250	0.17080	0.00386	0.00356
38	0.00697	0.00683	0.07568	0.00626	0.02287	0.03012	0.00519	0.05152	0.02566	0.03879	0.18285	0.04392	0.42273	0.00989	0.05067	0.00165	0.00333	0.00709	0.00370	0.00427
39	0.00784	0.00738	0.01246	0.84404	0.02861	0.00923	0.01154	0.01061	0.00831	0.01061	0.00738	0.01107	0.00554	0.00415	0.00415	0.00138	0.00554	0.00369	0.00185	0.00461
40	0.05687	0.00907	0.00976	0.03792	0.06934	0.09969	0.00625	0.01139	0.00882	0.01316	0.00712	0.00862	0.00595	0.00355	0.00377	0.00083	0.04614	0.00266	0.00235	0.59674
41	0.04149	0.01094	0.01287	0.01237	0.16836	0.01192	0.00861	0.57467	0.06444	0.03782	0.00996	0.01033	0.00728	0.00475	0.00410	0.00126	0.00450	0.00375	0.00373	0.00686
42	0.00631	0.00393	0.00473	0.00473	0.00473	0.00393	0.00277	0.00589	0.00589	0.00786	0.01173	0.02380	0.01327	0.65923	0.02000	0.20707	0.00393	0.00548	0.00235	0.00235
43	0.05737	0.01015	0.10553	0.07019	0.26750	0.00894	0.08106	0.04872	0.08065	0.15044	0.06921	0.01264	0.00975	0.00456	0.00416	0.00130	0.00460	0.00410	0.00301	0.00611
44	0.08892	0.01551	0.10618	0.02430	0.16840	0.37976	0.00939	0.07661	0.06819	0.01364	0.00777	0.00891	0.00615	0.00424	0.00381	0.00119	0.00593	0.00312	0.00242	0.00557
45	0.00812	0.00767	0.01296	0.75025	0.12021	0.00930	0.01167	0.01086	0.00844	0.01095	0.00743	0.01098	0.00566	0.00410	0.00415	0.00137	0.00547	0.00369	0.00187	0.00484
46	0.88336	0.00803	0.00611	0.00546	0.00803	0.00932	0.00450	0.01221	0.00707	0.01864	0.00578	0.00675	0.00450	0.00386	0.00257	0.00129	0.00321	0.00225	0.00257	0.00450
47	0.01185	0.02967	0.01172	0.00923	0.05070	0.02681	0.09157	0.09325	0.02930	0.19170	0.01040	0.04237	0.00807	0.00442	0.00417	0.00106	0.03466	0.00373	0.00320	0.34215
48	0.22275	0.00940	0.02138	0.00778	0.01027	0.05224	0.00629	0.28003	0.12015	0.06594	0.01196	0.10796	0.01031	0.02540	0.00433	0.00141	0.00390	0.02925	0.00362	0.00562
49	0.00595	0.00438	0.00632	0.00632	0.00694	0.00500	0.00475	0.00719	0.00657	0.00938	0.01145	0.01811	0.01116	0.16659	0.70319	0.00624	0.00996	0.00471	0.00227	0.00351
50	0.01221	0.00986	0.01045	0.00883	0.01152	0.01121	0.00703	0.29462	0.54500	0.02040	0.01452	0.01360	0.01075	0.00541	0.00420	0.00135	0.00373	0.00437	0.00420	0.00674
51	0.01008	0.01229	0.13094	0.01514	0.14272	0.06715	0.32767	0.01378	0.07394	0.02520	0.00860	0.01049	0.00665	0.00395	0.00467	0.00127	0.04037	0.00397	0.00229	0.09882
52	0.00633	0.00476	0.00674	0.00731	0.06343	0.00524	0.00486	0.00735	0.00664	0.00937	0.01148	0.01954	0.01167	0.31348	0.48353	0.00530	0.02221	0.00493	0.00231	0.00351
53	0.73486	0.00787	0.00671	0.00579	0.00847	0.00877	0.00477	0.01359	0.00790	0.15814	0.00760	0.00802	0.00549	0.00408	0.00285	0.00129	0.00327	0.00258	0.00301	0.00494
54	0.00581	0.00440	0.00508	0.00498	0.00617	0.00402	0.00380	0.00773	0.03939	0.01403	0.35783	0.04523	0.35760	0.00920	0.00479	0.00137	0.00218	0.05618	0.06636	0.00383
55	0.01033	0.00891	0.01496	0.01149	0.01440	0.00879	0.32951	0.19778	0.01223	0.05347	0.09774	0.05606	0.06172	0.00619	0.00481	0.00142	0.00490	0.09652	0.00335	0.00541
56	0.00541	0.00426	0.00497	0.00535	0.00645	0.00382	0.00418	0.00666	0.00933	0.01159	0.05591	0.16483	0.47899	0.01108	0.00518	0.00157	0.00258	0.21038	0.00387	0.00358
57	0.00798	0.00757	0.01249	0.75062	0.02662	0.00962	0.01126	0.01054	0.00809	0.01054	0.00717	0.01085	0.00553	0.00450	0.00522	0.00143	0.09983	0.00369	0.00184	0.00461
58	0.01190	0.00748	0.00799	0.00658	0.00871	0.00798	0.00529	0.36616	0.01367	0.06472	0.01212	0.01297	0.00904	0.00492	0.00353	0.00111	0.00319	0.00383	0.44336	0.00546
59	0.00634	0.00431	0.00564	0.00541	0.00641	0.00399	0.00408	0.00820	0.01130	0.04268	0.68117	0.08765	0.03584	0.00872	0.00488	0.00135	0.00213	0.04427	0.03168	0.00398
60	0.00827	0.00782	0.01287	0.67297	0.11474	0.00957	0.01136	0.01112	0.03094	0.01108	0.00756	0.01097	0.00584	0.00436	0.00481	0.00140	0.06376	0.00372	0.00193	0.00488
61	0.06727	0.07046	0.17192	0.03668	0.09426	0.00792	0.00810	0.01148	0.00860	0.01344	0.00722	0.00863	0.00583	0.00343	0.00332	0.00090	0.00405	0.00271	0.00222	0.47154
62	0.01115	0.62202	0.15522	0.00830	0.01213	0.10936	0.00858	0.01303	0.00888	0.01038	0.00613	0.00711	0.00532	0.00370	0.00300	0.00098	0.00507	0.00241	0.00181	0.00541
63	0.00930	0.06985	0.09903	0.01372	0.01671	0.01108	0.40797	0.01194	0.00847	0.01191	0.00751	0.01042	0.00618	0.00641	0.06259	0.00182	0.23372	0.00416	0.00198	0.00522

[dist]
# distance from previous block
# <min> <max>
0	1

[block]
# block no. 6 follows, 64 sequences, length 51
# corresponding to MSA columns:
# 326-364,366-377
name=unknown_G
#
# <colnr> <probs for GDERKNQSTAVLIFYWHMCP>
#	G	D	E	R	K	N	Q	S	T	A	V	L	I	F	Y	W	H	M	C	P
0	0.01159	0.00946	0.01001	0.00857	0.01114	0.01073	0.00679	0.23995	0.56302	0.01953	0.01613	0.01508	0.04778	0.00568	0.00424	0.00136	0.00359	0.00462	0.00419	0.00657
1	0.01639	0.00963	0.01110	0.00862	0.01181	0.01004	0.00709	0.43646	0.08936	0.33537	0.01307	0.01208	0.00881	0.00510	0.00417	0.00128	0.00406	0.00400	0.00454	0.00702
2	0.00898	0.00732	0.01340	0.01029	0.01283	0.00674	0.32547	0.01133	0.01046	0.11970	0.24974	0.07511	0.09953	0.00650	0.00479	0.00137	0.00421	0.00638	0.02093	0.00492
3	0.01110	0.01093	0.00960	0.00880	0.01097	0.21042	0.00690	0.04028	0.43820	0.01493	0.01450	0.01791	0.01216	0.00607	0.00429	0.00136	0.00442	0.12678	0.00357	0.04681
4	0.01153	0.01307	0.00938	0.00916	0.01072	0.46723	0.00718	0.01287	0.01059	0.01093	0.01294	0.03918	0.01325	0.04715	0.00535	0.00154	0.00584	0.30495	0.00283	0.00431
5	0.01017	0.00908	0.00838	0.00754	0.00936	0.16836	0.00578	0.03197	0.26734	0.06661	0.34322	0.02004	0.02175	0.00649	0.00440	0.00129	0.00361	0.00539	0.00402	0.00520
6	0.00516	0.00373	0.00490	0.00574	0.00612	0.00347	0.00394	0.00601	0.00829	0.01100	0.06024	0.72653	0.07874	0.01258	0.00528	0.00166	0.00243	0.04684	0.00389	0.00343
7	0.00909	0.00909	0.01272	0.01091	0.01091	0.01272	0.00909	0.01000	0.00636	0.01000	0.00545	0.00909	0.00545	0.00727	0.01363	0.00182	0.84642	0.00364	0.00182	0.00454
8	0.00593	0.00445	0.00668	0.00668	0.00742	0.00519	0.00519	0.00742	0.00668	0.00964	0.01113	0.01632	0.01038	0.03115	0.83756	0.00668	0.01113	0.00445	0.00223	0.00371
9	0.00508	0.00363	0.00483	0.00577	0.00603	0.00338	0.00386	0.00583	0.00803	0.01073	0.03932	0.83453	0.02771	0.01292	0.00529	0.00168	0.00240	0.01172	0.00387	0.00338
10	0.01220	0.11908	0.22139	0.01039	0.02991	0.17495	0.00979	0.21249	0.08038	0.01550	0.00832	0.00918	0.00640	0.00461	0.00455	0.00124	0.06779	0.00325	0.00265	0.00593
11	0.01340	0.34296	0.01551	0.00904	0.01183	0.39145	0.00754	0.07331	0.07711	0.01176	0.00728	0.00800	0.00607	0.00416	0.00340	0.00104	0.00575	0.00274	0.00232	0.00532
12	0.88336	0.00803	0.00611	0.00546	0.00803	0.00932	0.00450	0.01221	0.00707	0.01864	0.00578	0.00675	0.00450	0.00386	0.00257	0.00129	0.00321	0.00225	0.00257	0.00450
13	0.08061	0.01206	0.02152	0.00977	0.01237	0.21908	0.09527	0.09259	0.34652	0.01593	0.02903	0.01205	0.00940	0.00489	0.00403	0.00129	0.00485	0.00395	0.01899	0.00580
14	0.00692	0.00459	0.00587	0.00561	0.00681	0.00424	0.00433	0.00889	0.02850	0.08060	0.53098	0.06895	0.13223	0.00891	0.00493	0.00140	0.00234	0.08536	0.00442	0.00414
15	0.00889	0.00773	0.01003	0.00904	0.01105	0.02247	0.09827	0.01570	0.39988	0.01518	0.07607	0.02588	0.01729	0.00742	0.00482	0.00155	0.00386	0.25566	0.00385	0.00537
16	0.00557	0.00395	0.00477	0.00511	0.00549	0.00376	0.00335	0.00621	0.00780	0.01031	0.09911	0.31582	0.11911	0.34800	0.01156	0.00256	0.00303	0.03797	0.00339	0.00312
17	0.01109	0.00970	0.01129	0.47271	0.02074	0.18308	0.00940	0.01325	0.00965	0.13735	0.00933	0.01215	0.00706	0.00460	0.00406	0.00130	0.00542	0.02918	0.04367	0.00497
18	0.00585	0.00398	0.00461	0.00475	0.00487	0.00390	0.00281	0.00608	0.00671	0.00895	0.05378	0.15490	0.04424	0.65737	0.01741	0.00345	0.00362	0.00709	0.00286	0.00275
19	0.01197	0.00923	0.01204	0.00937	0.01220	0.00966	0.13083	0.38882	0.04030	0.07090	0.01709	0.01722	0.18033	0.00724	0.04385	0.00158	0.02274	0.00507	0.00370	0.00586
20	0.00711	0.00465	0.00621	0.00609	0.00635	0.03132	0.00432	0.00658	0.00606	0.00817	0.00873	0.01473	0.00870	0.10188	0.23433	0.49068	0.04543	0.00405	0.00200	0.00261
21	0.00806	0.00776	0.01351	0.75012	0.03783	0.00941	0.07723	0.01085	0.00841	0.01086	0.00744	0.01104	0.00561	0.00415	0.00439	0.00139	0.02157	0.00379	0.00187	0.00472
22	0.00990	0.00949	0.01618	0.15176	0.70478	0.00977	0.01256	0.01242	0.00928	0.01311	0.00775	0.01040	0.00642	0.00377	0.00412	0.00126	0.00503	0.00370	0.00202	0.00628
23	0.01134	0.01849	0.37832	0.01202	0.01628	0.29049	0.13117	0.03834	0.01038	0.02680	0.02378	0.00927	0.00626	0.00414	0.00405	0.00124	0.00655	0.00334	0.00212	0.00561
24	0.00694	0.01365	0.46466	0.00911	0.01275	0.00694	0.01032	0.01003	0.00861	0.01216	0.01584	0.27913	0.08023	0.00770	0.00454	0.00147	0.00452	0.04380	0.00269	0.00494
25	0.00599	0.00424	0.00562	0.00562	0.00600	0.00462	0.00388	0.00674	0.00636	0.00886	0.01209	0.02166	0.01271	0.43605	0.43584	0.00537	0.00763	0.00523	0.00237	0.00312
26	0.00567	0.00401	0.00522	0.00567	0.00603	0.00400	0.00391	0.00648	0.00758	0.01024	0.06675	0.35630	0.03012	0.25946	0.13829	0.00313	0.00431	0.07632	0.00326	0.00325
27	0.00532	0.00401	0.00492	0.00514	0.00598	0.00361	0.00369	0.00658	0.00976	0.01298	0.32015	0.32866	0.25273	0.01068	0.00505	0.00147	0.00216	0.00940	0.00412	0.00361
28	0.00861	0.00738	0.00861	0.00615	0.00984	0.00554	0.00492	0.01046	0.00861	0.01354	0.00738	0.00861	0.00615	0.00308	0.00308	0.00062	0.00308	0.00246	0.00246	0.87941
29	0.00694	0.00446	0.00569	0.00565	0.00662	0.00414	0.00413	0.02538	0.01001	0.08662	0.31553	0.28849	0.10255	0.07122	0.00616	0.00166	0.00255	0.04411	0.00414	0.00395
30	0.19160	0.00538	0.00629	0.00642	0.00780	0.00550	0.00534	0.00930	0.00967	0.02578	0.25360	0.04163	0.02379	0.00876	0.00474	0.00157	0.00311	0.36435	0.00377	0.02159
31	0.00609	0.00432	0.00584	0.00645	0.00702	0.00439	0.00498	0.00728	0.00803	0.01069	0.01863	0.20820	0.02072	0.19261	0.13721	0.00305	0.00469	0.34306	0.00331	0.00344
32	0.00777	0.00472	0.00559	0.00516	0.00673	0.00409	0.00394	0.00911	0.01034	0.16983	0.21096	0.09007	0.43757	0.00921	0.00479	0.00138	0.00237	0.00782	0.00426	0.00427
33	0.00520	0.00377	0.00487	0.00560	0.00601	0.00350	0.00382	0.00606	0.00835	0.01109	0.08965	0.65675	0.09511	0.04921	0.00594	0.00174	0.00246	0.03359	0.00385	0.00340
34	0.01023	0.00982	0.01678	0.04110	0.81287	0.00986	0.01272	0.01271	0.00944	0.01351	0.00780	0.01030	0.00656	0.00371	0.00411	0.00124	0.00495	0.00370	0.00205	0.00654
35	0.01821	0.00776	0.01007	0.00772	0.01095	0.00713	0.00638	0.14017	0.01304	0.70943	0.01542	0.01351	0.00980	0.00512	0.00417	0.00128	0.00369	0.00411	0.00499	0.00707
36	0.00510	0.00364	0.00487	0.00583	0.00609	0.00341	0.00393	0.00585	0.00799	0.01065	0.02287	0.83166	0.02739	0.01298	0.00531	0.00169	0.00244	0.03107	0.00386	0.00338
37	0.00692	0.00520	0.00601	0.00566	0.00693	0.01396	0.00428	0.01042	0.15177	0.02466	0.48100	0.05941	0.11708	0.00800	0.00461	0.00132	0.00230	0.00693	0.07920	0.00435
38	0.08216	0.30573	0.22492	0.00886	0.01280	0.06437	0.00911	0.14862	0.01053	0.02989	0.00723	0.00810	0.00567	0.00405	0.00357	0.00111	0.02123	0.00280	0.00236	0.04688
39	0.00995	0.00681	0.00850	0.00893	0.10173	0.00712	0.00601	0.01458	0.27068	0.13956	0.01539	0.03048	0.02265	0.20191	0.03143	0.00215	0.00386	0.07119	0.04185	0.00522
40	0.01515	0.01470	0.01189	0.00992	0.01267	0.34896	0.00782	0.41286	0.09323	0.01880	0.00919	0.00949	0.00690	0.00476	0.00399	0.00119	0.00564	0.00340	0.00334	0.00610
41	0.01111	0.85652	0.02177	0.00711	0.01066	0.01644	0.00711	0.01244	0.00844	0.00977	0.00577	0.00666	0.00533	0.00355	0.00267	0.00089	0.00444	0.00222	0.00178	0.00533
42	0.00902	0.00752	0.01271	0.32349	0.17958	0.00822	0.08446	0.01987	0.00866	0.07832	0.00933	0.01298	0.00763	0.05135	0.16649	0.00250	0.00639	0.00411	0.00231	0.00504
43	0.00855	0.06690	0.48530	0.01152	0.01623	0.00939	0.16804	0.01240	0.00915	0.01338	0.07481	0.01143	0.00863	0.00433	0.00422	0.00129	0.01943	0.00381	0.06557	0.00561
44	0.00491	0.00421	0.00421	0.00421	0.00561	0.00351	0.00316	0.00596	0.00947	0.01122	0.04208	0.03997	0.82643	0.01052	0.00491	0.00140	0.00210	0.00877	0.00386	0.00351
45	0.00687	0.00476	0.00564	0.00547	0.00592	0.00497	0.00364	0.07244	0.00749	0.01008	0.01320	0.02566	0.01441	0.60667	0.13457	0.00402	0.00506	0.06325	0.00270	0.00315
46	0.01076	0.20628	0.30601	0.01217	0.07998	0.01094	0.15413	0.01420	0.03805	0.11623	0.00874	0.00976	0.00647	0.00397	0.00388	0.00123	0.00538	0.00345	0.00236	0.00603
47	0.37682	0.02227	0.25821	0.02674	0.01240	0.02714	0.00881	0.07471	0.00889	0.06075	0.00721	0.00834	0.00538	0.00437	0.00427	0.00133	0.08164	0.00289	0.00248	0.00536
48	0.00528	0.00395	0.00482	0.00534	0.00599	0.00361	0.00377	0.00622	0.00863	0.01118	0.09096	0.43912	0.24519	0.08056	0.00649	0.00179	0.00253	0.06737	0.00380	0.00342
49	0.00634	0.00487	0.00598	0.00650	0.07325	0.00443	0.00440	0.02172	0.01041	0.03080	0.29699	0.03233	0.40477	0.00879	0.00472	0.00134	0.00239	0.02433	0.05160	0.00406
50	0.31716	0.00875	0.01282	0.11493	0.27783	0.00932	0.11292	0.01223	0.00856	0.02610	0.00810	0.01151	0.00678	0.00427	0.00378	0.00133	0.00458	0.05134	0.00237	0.00532

[dist]
# distance from previous block
# <min> <max>
4	9

[block]
# block no. 7 follows, 64 sequences, length 18
# corresponding to MSA columns:
# 387-391,396-408
name=unknown_H
#
# <colnr> <probs for GDERKNQSTAVLIFYWHMCP>
#	G	D	E	R	K	N	Q	S	T	A	V	L	I	F	Y	W	H	M	C	P
0	0.01319	0.42088	0.01677	0.00958	0.04506	0.40968	0.00778	0.01444	0.01008	0.01012	0.00617	0.00721	0.00539	0.00391	0.00324	0.00099	0.00592	0.00250	0.00196	0.00513
1	0.01252	0.01041	0.01299	0.01034	0.01310	0.01171	0.10979	0.36493	0.28482	0.01994	0.01163	0.01189	0.00868	0.00525	0.00525	0.00138	0.09106	0.00420	0.00368	0.00646
2	0.00603	0.00406	0.00467	0.00467	0.00472	0.00411	0.00270	0.00613	0.00608	0.00816	0.01296	0.02645	0.01479	0.79892	0.07581	0.00420	0.00450	0.00593	0.00250	0.00260
3	0.00580	0.00402	0.00544	0.02432	0.00647	0.00410	0.00401	0.00643	0.00740	0.01008	0.08758	0.31991	0.03162	0.18466	0.18609	0.09345	0.00473	0.00764	0.00305	0.00319
4	0.01035	0.00874	0.01142	0.14702	0.18008	0.00976	0.00858	0.05186	0.42587	0.05091	0.04192	0.01397	0.01088	0.00505	0.00421	0.00135	0.00401	0.00437	0.00345	0.00621
5	0.11915	0.40340	0.01529	0.00805	0.02840	0.14901	0.00688	0.10019	0.03990	0.01345	0.00731	0.00820	0.00607	0.00409	0.00326	0.00105	0.01738	0.00272	0.06090	0.00529
6	0.00871	0.00632	0.00868	0.37912	0.01636	0.00729	0.00732	0.10197	0.00977	0.01453	0.01039	0.01289	0.00796	0.00455	0.00360	0.00119	0.00384	0.00378	0.38716	0.00457
7	0.00561	0.00416	0.00524	0.00522	0.00615	0.00379	0.00387	0.00721	0.01069	0.01462	0.53647	0.16251	0.17386	0.00966	0.00499	0.00140	0.00212	0.03437	0.00431	0.00376
8	0.00998	0.01473	0.37759	0.01055	0.01471	0.00992	0.06450	0.16514	0.18362	0.01629	0.01133	0.08318	0.00916	0.00525	0.00423	0.00136	0.00497	0.00442	0.00294	0.00613
9	0.00899	0.01017	0.10603	0.00946	0.01161	0.15006	0.13711	0.01131	0.05102	0.05381	0.01526	0.38523	0.01599	0.00812	0.00470	0.00146	0.00457	0.00733	0.00312	0.00466
10	0.00602	0.00430	0.00592	0.00688	0.00754	0.00420	0.00552	0.00744	0.00890	0.01167	0.02237	0.38012	0.02538	0.01211	0.00556	0.00182	0.00324	0.47356	0.00384	0.00364
11	0.00506	0.00361	0.00482	0.00578	0.00602	0.00337	0.00386	0.00578	0.00795	0.01060	0.02289	0.85131	0.02747	0.01301	0.00530	0.00169	0.00241	0.01181	0.00386	0.00337
12	0.00988	0.00732	0.01193	0.68588	0.02520	0.00864	0.01051	0.01243	0.00898	0.16570	0.00908	0.01165	0.00643	0.00434	0.00416	0.00137	0.00516	0.00378	0.00247	0.00508
13	0.11303	0.00826	0.01010	0.00847	0.01075	0.06259	0.12894	0.06362	0.16350	0.07811	0.04525	0.13801	0.13830	0.00685	0.00438	0.00139	0.00387	0.00596	0.00353	0.00511
14	0.00727	0.00462	0.00612	0.00569	0.00663	0.00468	0.02079	0.00876	0.00887	0.06764	0.25503	0.02209	0.01968	0.16416	0.19509	0.00295	0.02201	0.00551	0.16854	0.00387
15	0.01021	0.00950	0.01510	0.01684	0.33325	0.05153	0.17396	0.05396	0.04406	0.04300	0.03831	0.01768	0.02606	0.00545	0.00469	0.00139	0.01627	0.13025	0.00277	0.00572
16	0.03359	0.11899	0.29377	0.01158	0.12117	0.00985	0.03063	0.07585	0.02430	0.12576	0.03723	0.01206	0.02556	0.00525	0.02273	0.00139	0.02087	0.02073	0.00271	0.00598
17	0.00807	0.09825	0.27897	0.08003	0.03024	0.00833	0.02734	0.01070	0.00795	0.04012	0.00908	0.01229	0.00766	0.03472	0.30654	0.02149	0.00752	0.00371	0.00209	0.00490

[dist]
# distance from previous block
# <min> <max>
0	2

[block]
# block no. 8 follows, 64 sequences, length 20
# corresponding to MSA columns:
# 411-430
name=unknown_I
#
# <colnr> <probs for GDERKNQSTAVLIFYWHMCP>
#	G	D	E	R	K	N	Q	S	T	A	V	L	I	F	Y	W	H	M	C	P
0	0.35630	0.01192	0.04858	0.01000	0.06185	0.19296	0.09030	0.05958	0.06851	0.01562	0.00770	0.02147	0.00616	0.00434	0.00379	0.00128	0.02872	0.00319	0.00257	0.00517
1	0.00618	0.00420	0.00538	0.00631	0.04923	0.00394	0.00416	0.00735	0.00866	0.03212	0.05660	0.47655	0.13567	0.01032	0.00472	0.00147	0.00245	0.02266	0.15824	0.00377
2	0.00817	0.00724	0.01040	0.01972	0.02646	0.01979	0.09542	0.05829	0.05469	0.01238	0.08294	0.12741	0.03231	0.06665	0.10945	0.02725	0.20366	0.00561	0.00281	0.02936
3	0.03671	0.04688	0.03486	0.00931	0.01207	0.21712	0.00755	0.26028	0.29840	0.01786	0.01117	0.01104	0.00842	0.00492	0.00397	0.00125	0.00485	0.00369	0.00347	0.00617
4	0.07980	0.00930	0.01710	0.25635	0.14486	0.00978	0.32377	0.01235	0.00900	0.03621	0.00801	0.01074	0.00614	0.00397	0.00467	0.00137	0.03919	0.00406	0.01798	0.00534
5	0.01095	0.06319	0.10201	0.04580	0.18461	0.01059	0.11534	0.16922	0.12054	0.03960	0.01018	0.01149	0.01858	0.00590	0.04832	0.00158	0.02920	0.00396	0.00282	0.00611
6	0.01135	0.13385	0.10324	0.03438	0.10206	0.04408	0.31492	0.05962	0.04423	0.09855	0.00903	0.01046	0.00675	0.00397	0.00419	0.00127	0.00566	0.00393	0.00253	0.00594
7	0.00972	0.00582	0.00662	0.00592	0.00754	0.02377	0.00456	0.01327	0.15416	0.16461	0.27031	0.02029	0.01994	0.03045	0.00454	0.00130	0.00266	0.00526	0.24430	0.00493
8	0.00593	0.00482	0.00711	0.21002	0.04421	0.00506	0.00602	0.00725	0.00821	0.01077	0.01997	0.55273	0.08142	0.01030	0.00495	0.00157	0.00325	0.00929	0.00330	0.00381
9	0.01318	0.05788	0.11108	0.06376	0.02814	0.14549	0.13298	0.05862	0.10631	0.22454	0.01089	0.01123	0.00774	0.00448	0.00411	0.00127	0.00526	0.00380	0.00317	0.00604
10	0.00793	0.00501	0.00713	0.00671	0.00767	0.00556	0.00517	0.00920	0.00732	0.12656	0.01184	0.01708	0.01074	0.13604	0.56634	0.00530	0.05310	0.00458	0.00266	0.00407
11	0.00502	0.00377	0.00466	0.00538	0.00592	0.00341	0.00368	0.00583	0.00834	0.01076	0.02778	0.64449	0.23113	0.01238	0.00520	0.00161	0.00233	0.01103	0.00386	0.00341
12	0.88336	0.00803	0.00611	0.00546	0.00803	0.00932	0.00450	0.01221	0.00707	0.01864	0.00578	0.00675	0.00450	0.00386	0.00257	0.00129	0.00321	0.00225	0.00257	0.00450
