[name]
unknown

[dist]
# distance from previous block
# <min> <max>
2	63

[block]
# block no. 0 follows, 67 sequences, length 11
# corresponding to MSA columns:
# 85-95
name=unknown_A
#
# <colnr> <probs for GDERKNQSTAVLIFYWHMCP>
#	G	D	E	R	K	N	Q	S	T	A	V	L	I	F	Y	W	H	M	C	P
0	0.02056	0.00654	0.00988	0.06074	0.05716	0.00644	0.10688	0.03363	0.00870	0.19203	0.04695	0.04400	0.01152	0.25674	0.03714	0.00220	0.03473	0.00483	0.00301	0.05632
1	0.00644	0.00524	0.00586	0.00563	0.00700	0.00525	0.00427	0.01042	0.22412	0.01391	0.26321	0.09472	0.30094	0.00856	0.00461	0.00136	0.00236	0.02781	0.00402	0.00428
2	0.00538	0.00403	0.00487	0.00486	0.00562	0.00385	0.00345	0.00643	0.00839	0.01113	0.22125	0.09006	0.26300	0.20649	0.14087	0.00273	0.00382	0.00713	0.00335	0.00329
3	0.24108	0.00983	0.04172	0.01457	0.33752	0.03731	0.04377	0.10162	0.07082	0.05285	0.00825	0.00944	0.00638	0.00397	0.00361	0.00122	0.00432	0.00330	0.00262	0.00579
4	0.13451	0.15005	0.17983	0.04599	0.01179	0.04081	0.04757	0.04889	0.00896	0.01335	0.14297	0.03334	0.01148	0.04185	0.00511	0.00135	0.07094	0.00393	0.00249	0.00478
5	0.01036	0.00768	0.01111	0.53109	0.02113	0.03383	0.00933	0.09737	0.00997	0.15972	0.02455	0.02839	0.00778	0.00469	0.00408	0.00131	0.00480	0.02501	0.00273	0.00508
6	0.01025	0.11745	0.16398	0.01144	0.01518	0.00970	0.31517	0.08880	0.01019	0.09485	0.05806	0.01261	0.03788	0.03092	0.00465	0.00132	0.00521	0.00423	0.00262	0.00548
7	0.00993	0.11070	0.25960	0.01237	0.01649	0.06747	0.32353	0.03748	0.00946	0.05242	0.00863	0.04362	0.00694	0.00419	0.00411	0.00126	0.00580	0.01830	0.00220	0.00547
8	0.01092	0.00870	0.01652	0.04291	0.06137	0.00820	0.41804	0.03554	0.01023	0.20021	0.09716	0.04985	0.01119	0.00472	0.00450	0.00132	0.00507	0.00499	0.00306	0.00552
9	0.00681	0.00595	0.00821	0.00835	0.05237	0.00718	0.00604	0.00765	0.00705	0.00994	0.01442	0.30374	0.05515	0.10955	0.03211	0.00204	0.32417	0.03279	0.00269	0.00378
10	0.32233	0.00542	0.00548	0.00557	0.00684	0.00574	0.00412	0.03889	0.00807	0.02981	0.05248	0.44279	0.04095	0.00869	0.00408	0.00144	0.00268	0.00738	0.00334	0.00388

[dist]
# distance from previous block
# <min> <max>
0	2

[block]
# block no. 1 follows, 67 sequences, length 7
# corresponding to MSA columns:
# 98-104
name=unknown_B
#
# <colnr> <probs for GDERKNQSTAVLIFYWHMCP>
#	G	D	E	R	K	N	Q	S	T	A	V	L	I	F	Y	W	H	M	C	P
0	0.00923	0.10059	0.06904	0.00842	0.01028	0.00914	0.04435	0.01263	0.15929	0.09078	0.04136	0.01396	0.00996	0.05911	0.14636	0.00237	0.18404	0.02141	0.00274	0.00494
1	0.57473	0.05147	0.03871	0.03341	0.01008	0.02465	0.03968	0.05917	0.03771	0.04912	0.00682	0.00778	0.00522	0.00404	0.00340	0.00125	0.04271	0.00266	0.00258	0.00481
2	0.07212	0.64378	0.01774	0.00699	0.01014	0.01430	0.00659	0.01371	0.15949	0.01139	0.00756	0.00802	0.00640	0.00382	0.00285	0.00098	0.00400	0.00259	0.00221	0.00531
3	0.00700	0.00530	0.00662	0.00631	0.00714	0.00599	0.00463	0.03700	0.15838	0.01070	0.01201	0.01818	0.01143	0.26804	0.36367	0.03678	0.02964	0.00472	0.00263	0.00382
4	0.01059	0.04023	0.01358	0.19831	0.01632	0.08979	0.18479	0.12405	0.01049	0.08714	0.05630	0.01305	0.03829	0.04405	0.00543	0.00140	0.05418	0.00421	0.00270	0.00507
5	0.00990	0.00737	0.01099	0.28303	0.16319	0.00804	0.00860	0.06469	0.05623	0.13818	0.16170	0.01466	0.01271	0.00510	0.00450	0.00129	0.03710	0.00437	0.00306	0.00529
6	0.00749	0.00558	0.00748	0.00696	0.00814	0.00639	0.00550	0.15764	0.00874	0.01226	0.01054	0.01462	0.00943	0.02541	0.68794	0.00548	0.00957	0.00417	0.00249	0.00418

[dist]
# distance from previous block
# <min> <max>
0	1

[block]
# block no. 2 follows, 67 sequences, length 21
# corresponding to MSA columns:
# 106-115,126-136
name=unknown_C
#
# <colnr> <probs for GDERKNQSTAVLIFYWHMCP>
#	G	D	E	R	K	N	Q	S	T	A	V	L	I	F	Y	W	H	M	C	P
0	0.00806	0.00783	0.01258	0.53091	0.02154	0.01011	0.04235	0.01015	0.00744	0.01015	0.00653	0.01004	0.00535	0.00501	0.00715	0.00148	0.29348	0.00359	0.00178	0.00447
1	0.26484	0.05549	0.01125	0.00992	0.10890	0.03472	0.08310	0.07063	0.11317	0.17221	0.01010	0.03247	0.00764	0.00443	0.00358	0.00124	0.00398	0.00359	0.00314	0.00561
2	0.00788	0.00718	0.01221	0.03200	0.23175	0.00773	0.12299	0.02675	0.00795	0.01129	0.00931	0.01362	0.00835	0.01577	0.37520	0.00360	0.07126	0.02831	0.00214	0.00474
3	0.00634	0.00393	0.00453	0.00487	0.00558	0.00388	0.00346	0.00823	0.05502	0.01296	0.05658	0.38323	0.03669	0.00845	0.00402	0.00129	0.00215	0.00740	0.38774	0.00367
4	0.04902	0.01226	0.01070	0.00892	0.01159	0.24326	0.00707	0.31193	0.17252	0.11652	0.01056	0.01036	0.00769	0.00472	0.00386	0.00119	0.00479	0.00350	0.00354	0.00602
5	0.02698	0.00801	0.01222	0.54016	0.15769	0.04124	0.01039	0.02151	0.00854	0.05649	0.00801	0.03632	0.00640	0.00440	0.00443	0.00132	0.04515	0.00376	0.00210	0.00490
6	0.00881	0.00839	0.01427	0.41435	0.45299	0.00924	0.01176	0.01133	0.00861	0.01175	0.00735	0.01029	0.00588	0.00378	0.00399	0.00126	0.00504	0.00357	0.00189	0.00546
7	0.00514	0.00395	0.00553	0.00588	0.00649	0.00364	0.04203	0.00610	0.00822	0.01087	0.08452	0.65153	0.12802	0.01150	0.00502	0.00155	0.00247	0.01041	0.00370	0.00341
8	0.00793	0.00832	0.04126	0.35032	0.04437	0.00892	0.21395	0.01035	0.00823	0.01105	0.01012	0.08044	0.04377	0.00535	0.00557	0.00143	0.11943	0.02242	0.00213	0.00463
9	0.00973	0.00948	0.01323	0.38389	0.20133	0.08909	0.04861	0.07573	0.07536	0.01264	0.00805	0.01039	0.00625	0.00418	0.00433	0.00128	0.03533	0.00361	0.00222	0.00527
10	0.00553	0.00389	0.00484	0.00545	0.00601	0.00370	0.00384	0.02263	0.02245	0.01142	0.04300	0.59297	0.10675	0.01107	0.00482	0.00152	0.00237	0.05349	0.09075	0.00348
11	0.00797	0.00778	0.01183	0.77455	0.02612	0.05953	0.01076	0.01051	0.00818	0.01019	0.00717	0.01062	0.00547	0.00475	0.02771	0.00146	0.00561	0.00353	0.00181	0.00444
12	0.05135	0.00911	0.01448	0.08849	0.57211	0.00980	0.01098	0.05016	0.00902	0.01330	0.00736	0.00978	0.00615	0.00411	0.00499	0.00127	0.10678	0.00350	0.02141	0.00583
13	0.00991	0.00816	0.01140	0.20909	0.21144	0.02431	0.00872	0.09082	0.13544	0.07562	0.10713	0.01414	0.03281	0.00505	0.00447	0.00129	0.03744	0.00430	0.00300	0.00550
14	0.00527	0.00356	0.00459	0.00537	0.00572	0.00336	0.00366	0.00617	0.00789	0.01101	0.03883	0.71296	0.02460	0.01141	0.00482	0.00153	0.00228	0.02605	0.11758	0.00334
15	0.29959	0.01071	0.01170	0.03028	0.15470	0.17028	0.07984	0.01234	0.00823	0.01333	0.00624	0.00816	0.00521	0.00439	0.00526	0.00130	0.16846	0.00301	0.00212	0.00486
16	0.02377	0.00459	0.00640	0.03135	0.00729	0.00442	0.07292	0.00673	0.00767	0.01027	0.07237	0.26777	0.15235	0.29121	0.02111	0.00233	0.00336	0.00772	0.00309	0.00328
17	0.00981	0.00750	0.01019	0.01727	0.08977	0.00752	0.08092	0.03486	0.26674	0.12071	0.12910	0.03562	0.06803	0.00566	0.00419	0.00125	0.00345	0.01391	0.00363	0.08988
18	0.00986	0.00931	0.01230	0.01022	0.01256	0.05904	0.17826	0.05456	0.40597	0.01477	0.01331	0.01618	0.01089	0.00622	0.02598	0.00154	0.06106	0.08911	0.00328	0.00559
19	0.33408	0.00810	0.01036	0.11556	0.27496	0.00862	0.00783	0.03796	0.00845	0.01501	0.03473	0.00985	0.02377	0.00395	0.00337	0.00117	0.00388	0.00316	0.00237	0.09281
20	0.01157	0.35456	0.01565	0.03359	0.09759	0.20470	0.00783	0.06872	0.05474	0.01158	0.00688	0.00803	0.00583	0.00407	0.00395	0.00105	0.06540	0.00277	0.00214	0.03934

[dist]
# distance from previous block
# <min> <max>
12	26

[block]
# block no. 3 follows, 67 sequences, length 23
# corresponding to MSA columns:
# 194-216
name=unknown_D
#
# <colnr> <probs for GDERKNQSTAVLIFYWHMCP>
#	G	D	E	R	K	N	Q	S	T	A	V	L	I	F	Y	W	H	M	C	P
0	0.00915	0.05544	0.12806	0.08919	0.16134	0.07622	0.03511	0.03661	0.03976	0.02772	0.15113	0.03404	0.01206	0.00516	0.00491	0.00125	0.08846	0.00420	0.00257	0.03761
1	0.04232	0.02181	0.09436	0.26784	0.12260	0.02457	0.05915	0.04182	0.00885	0.05635	0.01124	0.20953	0.01075	0.00598	0.00420	0.00135	0.00450	0.00536	0.00256	0.00485
2	0.00621	0.00453	0.00574	0.00563	0.00612	0.01969	0.00398	0.00705	0.00666	0.02305	0.04424	0.03331	0.03352	0.36409	0.37777	0.00461	0.03059	0.00518	0.01480	0.00321
3	0.21366	0.00488	0.00530	0.00539	0.00656	0.00489	0.00398	0.00814	0.00837	0.04389	0.14657	0.37993	0.07784	0.00891	0.00428	0.00141	0.00250	0.02646	0.02137	0.02567
4	0.00796	0.00734	0.02011	0.02366	0.00978	0.05910	0.08583	0.00985	0.05080	0.03082	0.08652	0.14466	0.03247	0.06260	0.08735	0.00209	0.21972	0.00554	0.04962	0.00420
5	0.00563	0.00405	0.00499	0.00533	0.00606	0.00380	0.00377	0.00695	0.03777	0.03439	0.12171	0.42527	0.19827	0.06412	0.03847	0.00184	0.00273	0.02761	0.00371	0.00353
6	0.06183	0.00535	0.00673	0.00601	0.00777	0.00478	0.02653	0.00896	0.00884	0.07960	0.13477	0.19178	0.09148	0.04129	0.02558	0.00148	0.00304	0.08336	0.00340	0.20742
7	0.00491	0.00358	0.00462	0.00539	0.00578	0.00330	0.00365	0.00569	0.00801	0.01057	0.06091	0.72803	0.11661	0.01210	0.00506	0.00158	0.00227	0.01089	0.00375	0.00330
8	0.00553	0.00397	0.00514	0.00583	0.00632	0.00383	0.00426	0.00664	0.02078	0.01064	0.04479	0.45010	0.06315	0.13280	0.00737	0.00198	0.00289	0.21711	0.00356	0.00332
9	0.00970	0.12080	0.12724	0.00905	0.01161	0.00990	0.06870	0.13306	0.11368	0.03321	0.01132	0.09283	0.01018	0.00600	0.00527	0.00135	0.11918	0.06890	0.04277	0.00525
10	0.01585	0.00788	0.00964	0.00751	0.01046	0.00765	0.00617	0.24374	0.03818	0.51222	0.03576	0.01451	0.06080	0.00534	0.00409	0.00124	0.00356	0.00428	0.00458	0.00652
11	0.00804	0.02074	0.83828	0.01143	0.01736	0.00931	0.01482	0.01270	0.00847	0.01270	0.00720	0.00847	0.00508	0.00381	0.00381	0.00127	0.00593	0.00296	0.00169	0.00593
12	0.00757	0.00713	0.01203	0.84942	0.02762	0.00891	0.01114	0.01025	0.00802	0.01025	0.00713	0.01069	0.00535	0.00401	0.00401	0.00134	0.00535	0.00356	0.00178	0.00446
13	0.01462	0.19623	0.01209	0.05943	0.01134	0.05949	0.00653	0.07793	0.02975	0.42896	0.01184	0.01128	0.00814	0.00450	0.00362	0.00113	0.00395	0.00346	0.04973	0.00600
14	0.00642	0.00357	0.00517	0.00533	0.00548	0.00354	0.00362	0.00548	0.00601	0.00805	0.03186	0.16740	0.03471	0.01443	0.06441	0.62119	0.00364	0.00521	0.00225	0.00223
15	0.07355	0.00846	0.01003	0.00776	0.01085	0.00846	0.00640	0.29784	0.03133	0.48335	0.01301	0.01181	0.00853	0.00484	0.00393	0.00123	0.00374	0.00378	0.00445	0.00665
16	0.00697	0.00730	0.07580	0.00859	0.01007	0.02643	0.11023	0.00907	0.03765	0.01045	0.01131	0.13318	0.01106	0.04132	0.38823	0.00381	0.09685	0.00518	0.00236	0.00414
17	0.01575	0.00644	0.00857	0.00676	0.00951	0.00569	0.00552	0.01768	0.04142	0.67527	0.09123	0.01620	0.04455	0.00547	0.00409	0.00124	0.00317	0.00451	0.03062	0.00631
18	0.00672	0.00837	0.20236	0.00815	0.01025	0.00564	0.00821	0.00917	0.00901	0.01207	0.01883	0.05488	0.05564	0.00936	0.00509	0.00168	0.00411	0.56304	0.00322	0.00420
19	0.00949	0.00915	0.02816	0.01174	0.01444	0.00929	0.35518	0.10905	0.10414	0.03332	0.04609	0.06366	0.06067	0.00612	0.02845	0.00153	0.09632	0.00512	0.00284	0.00525
20	0.00565	0.05694	0.00613	0.00605	0.00672	0.00443	0.00459	0.00670	0.00812	0.01062	0.02144	0.54158	0.06334	0.01203	0.02971	0.00176	0.00301	0.20412	0.00354	0.00350
21	0.00945	0.00904	0.01541	0.19278	0.66962	0.00940	0.01207	0.01189	0.00891	0.01252	0.00746	0.01008	0.00615	0.00366	0.00398	0.00122	0.00488	0.00357	0.00194	0.00597
22	0.01014	0.00864	0.04249	0.01021	0.01283	0.01667	0.25161	0.17153	0.02429	0.10368	0.02832	0.20382	0.06300	0.00656	0.00476	0.00138	0.02550	0.00610	0.00328	0.00520

[dist]
# distance from previous block
# <min> <max>
3	10

[block]
# block no. 4 follows, 67 sequences, length 24
# corresponding to MSA columns:
# 238-261
name=unknown_E
#
# <colnr> <probs for GDERKNQSTAVLIFYWHMCP>
#	G	D	E	R	K	N	Q	S	T	A	V	L	I	F	Y	W	H	M	C	P
0	0.00752	0.00643	0.03802	0.00658	0.00817	0.00628	0.00524	0.03983	0.28009	0.02966	0.02238	0.17894	0.20117	0.04567	0.00555	0.02406	0.00300	0.08315	0.00369	0.00457
1	0.00918	0.01306	0.31441	0.05169	0.20904	0.02489	0.01096	0.02639	0.15509	0.03481	0.03464	0.01165	0.00826	0.04161	0.00501	0.00140	0.03596	0.00372	0.00244	0.00577
2	0.21779	0.03439	0.01006	0.03385	0.16152	0.00839	0.00666	0.13531	0.00973	0.01579	0.00859	0.02749	0.03320	0.00403	0.00332	0.00103	0.00362	0.00316	0.00262	0.27946
3	0.03752	0.00846	0.01117	0.42297	0.04161	0.04535	0.00892	0.19216	0.01089	0.08776	0.00907	0.04908	0.00707	0.00460	0.00395	0.00126	0.00471	0.00383	0.00272	0.04690
4	0.01057	0.01226	0.25202	0.01621	0.37538	0.00899	0.01136	0.01460	0.11084	0.13368	0.00974	0.01067	0.00724	0.00408	0.00395	0.00124	0.00471	0.00358	0.00260	0.00630
5	0.00813	0.00776	0.03417	0.52505	0.21613	0.00856	0.01071	0.01056	0.00830	0.02719	0.00871	0.08609	0.00756	0.00474	0.00425	0.00133	0.01957	0.00426	0.00206	0.00488
6	0.00875	0.00718	0.01016	0.11195	0.24852	0.00770	0.00733	0.13126	0.00902	0.01232	0.00980	0.01656	0.00961	0.35138	0.01098	0.00233	0.03371	0.00449	0.00244	0.00454
7	0.00803	0.00753	0.01052	0.00911	0.00959	0.00970	0.03376	0.03956	0.00781	0.01145	0.13702	0.08991	0.04836	0.00764	0.01014	0.00162	0.54640	0.00506	0.00253	0.00427
8	0.00529	0.00406	0.00500	0.00547	0.00630	0.00378	0.00415	0.00643	0.00876	0.01122	0.08323	0.32041	0.31426	0.01100	0.00518	0.00155	0.01630	0.18044	0.00373	0.00345
9	0.00735	0.00554	0.00705	0.09157	0.00950	0.00554	0.02836	0.07144	0.06199	0.05359	0.17365	0.08368	0.27862	0.01609	0.00470	0.00138	0.00294	0.06035	0.03240	0.00426
10	0.07712	0.01095	0.04865	0.03091	0.01216	0.06941	0.01719	0.37823	0.24991	0.04773	0.01104	0.01090	0.00807	0.00479	0.00389	0.00125	0.00425	0.00370	0.00363	0.00623
11	0.00816	0.00758	0.01256	0.71423	0.12816	0.00912	0.01115	0.04114	0.00857	0.01117	0.00727	0.01056	0.00553	0.00399	0.00400	0.00131	0.00524	0.00357	0.00189	0.00478
12	0.00497	0.00358	0.00473	0.00562	0.00594	0.00334	0.00385	0.00574	0.00783	0.01036	0.02290	0.77358	0.06328	0.01237	0.00513	0.00163	0.00239	0.05576	0.00372	0.00329
13	0.00904	0.02532	0.03618	0.37688	0.25000	0.05641	0.03945	0.02339	0.03341	0.01165	0.02307	0.01046	0.00648	0.00425	0.00476	0.00130	0.07718	0.00361	0.00201	0.00516
14	0.00970	0.00930	0.01586	0.10495	0.75549	0.00947	0.01219	0.01211	0.00902	0.01282	0.00750	0.01000	0.00625	0.00362	0.00397	0.00121	0.00482	0.00357	0.00197	0.00617
15	0.03998	0.00686	0.00892	0.00701	0.00983	0.00626	0.00573	0.06593	0.03680	0.64817	0.10722	0.01509	0.01281	0.00530	0.00407	0.00124	0.00329	0.00434	0.00475	0.00640
16	0.01806	0.00605	0.00683	0.00616	0.00775	0.04381	0.00477	0.02403	0.13469	0.17263	0.25131	0.06358	0.01919	0.00771	0.04253	0.01808	0.00316	0.02126	0.14364	0.00476
17	0.04762	0.00795	0.01245	0.13936	0.32104	0.00831	0.06306	0.06321	0.02780	0.05491	0.07820	0.07321	0.04076	0.01820	0.00462	0.00133	0.02526	0.00470	0.00269	0.00533
18	0.00784	0.00649	0.00854	0.03528	0.00930	0.00789	0.00627	0.01136	0.19380	0.03883	0.04930	0.10412	0.01225	0.02511	0.24716	0.00297	0.22108	0.00503	0.00284	0.00451
19	0.04213	0.00742	0.00956	0.00749	0.01031	0.00711	0.04280	0.14006	0.05864	0.49051	0.03858	0.01445	0.04768	0.00517	0.00399	0.00123	0.00349	0.00425	0.05891	0.00622
20	0.02614	0.12387	0.30681	0.02260	0.05426	0.04617	0.06842	0.07747	0.04034	0.04502	0.00982	0.09259	0.02214	0.00503	0.00428	0.00126	0.04181	0.00409	0.00241	0.00545
21	0.07468	0.03709	0.16312	0.07365	0.14619	0.07006	0.17729	0.04096	0.02464	0.02863	0.00964	0.03878	0.04270	0.00457	0.00442	0.00129	0.04185	0.01286	0.00227	0.00532
22	0.00492	0.00352	0.00469	0.00556	0.00582	0.00328	0.00373	0.00567	0.00785	0.01050	0.05898	0.81880	0.02704	0.01237	0.00510	0.00161	0.00231	0.01121	0.00375	0.00328
23	0.00767	0.00942	0.19987	0.00813	0.01073	0.03500	0.09643	0.01993	0.02190	0.05770	0.21653	0.11205	0.11577	0.02060	0.02040	0.00144	0.00394	0.00597	0.03191	0.00460

[dist]
# distance from previous block
# <min> <max>
7	11

[block]
# block no. 5 follows, 67 sequences, length 16
# corresponding to MSA columns:
# 280-295
name=unknown_F
#
# <colnr> <probs for GDERKNQSTAVLIFYWHMCP>
#	G	D	E	R	K	N	Q	S	T	A	V	L	I	F	Y	W	H	M	C	P
0	0.01146	0.32268	0.03603	0.03682	0.08292	0.10679	0.13178	0.14347	0.06724	0.01347	0.00768	0.00877	0.00616	0.00390	0.00355	0.00110	0.00505	0.00317	0.00236	0.00558
1	0.01169	0.10336	0.03019	0.05095	0.01019	0.04201	0.04082	0.01259	0.02823	0.28834	0.01014	0.01165	0.00769	0.00799	0.02577	0.28342	0.00414	0.00354	0.00293	0.02436
2	0.00774	0.02652	0.01002	0.18990	0.07763	0.03234	0.06226	0.03003	0.09855	0.01277	0.16139	0.02008	0.17137	0.03414	0.00517	0.00139	0.03709	0.00535	0.00299	0.01327
3	0.00993	0.24627	0.01207	0.00745	0.00996	0.01102	0.00623	0.05964	0.46102	0.01486	0.07122	0.01442	0.04897	0.00525	0.00373	0.00120	0.00341	0.00419	0.00342	0.00572
4	0.00818	0.00782	0.01254	0.27408	0.28629	0.03063	0.07275	0.01065	0.03269	0.01186	0.04674	0.09851	0.07935	0.00542	0.00425	0.00131	0.00452	0.00502	0.00241	0.00498
5	0.00767	0.00456	0.00587	0.00595	0.00692	0.00428	0.00428	0.05770	0.00927	0.14429	0.07278	0.57838	0.06122	0.01048	0.00483	0.00150	0.00259	0.00934	0.00398	0.00409
6	0.00837	0.01850	0.65410	0.01267	0.01817	0.00950	0.19674	0.01273	0.00869	0.01273	0.00740	0.00900	0.00531	0.00371	0.00402	0.00129	0.00612	0.00336	0.00177	0.00581
7	0.01186	0.00577	0.00762	0.00655	0.00850	0.00555	0.00517	0.04424	0.04197	0.39229	0.03811	0.09434	0.04968	0.03694	0.19708	0.00255	0.00487	0.00511	0.03655	0.00525
8	0.01992	0.00740	0.03196	0.19444	0.07651	0.00742	0.19824	0.01026	0.03428	0.03857	0.01297	0.26277	0.01302	0.00684	0.00482	0.00145	0.02922	0.04262	0.00270	0.00460
9	0.05079	0.00604	0.00776	0.00626	0.00877	0.00533	0.00507	0.01533	0.01086	0.55652	0.12090	0.01972	0.15658	0.00622	0.00418	0.00126	0.00297	0.00513	0.00457	0.00574
10	0.00574	0.00425	0.00622	0.00622	0.00686	0.00489	0.00474	0.00702	0.00638	0.00915	0.01095	0.01688	0.01052	0.11915	0.75476	0.00617	0.01001	0.00446	0.00218	0.00346
11	0.03190	0.00881	0.09209	0.00804	0.02888	0.05656	0.00677	0.07488	0.06309	0.29152	0.07358	0.11512	0.01294	0.02688	0.00505	0.00138	0.05333	0.01616	0.02755	0.00548
12	0.03502	0.00830	0.01223	0.06735	0.28137	0.00820	0.02705	0.08380	0.05038	0.36736	0.01163	0.01173	0.00809	0.00439	0.00399	0.00124	0.00412	0.00381	0.00353	0.00640
13	0.00719	0.00472	0.00611	0.00616	0.00690	0.00484	0.00444	0.08414	0.04580	0.04352	0.01572	0.39634	0.01703	0.02949	0.11164	0.18159	0.00394	0.02363	0.00319	0.00360
14	0.00811	0.00472	0.00591	0.00582	0.00713	0.00437	0.00447	0.00983	0.04765	0.17670	0.06388	0.27439	0.19520	0.00936	0.00469	0.00146	0.00267	0.11990	0.04949	0.00426
15	0.00933	0.00831	0.02704	0.24898	0.12163	0.03630	0.02792	0.09249	0.06717	0.05022	0.04333	0.06770	0.03683	0.00574	0.00526	0.00138	0.10202	0.04059	0.00272	0.00505

[dist]
# distance from previous block
# <min> <max>
0	6

[block]
# block no. 6 follows, 67 sequences, length 6
# corresponding to MSA columns:
# 302-307
name=unknown_G
#
# <colnr> <probs for GDERKNQSTAVLIFYWHMCP>
#	G	D	E	R	K	N	Q	S	T	A	V	L	I	F	Y	W	H	M	C	P
0	0.69378	0.00737	0.00612	0.00543	0.00780	0.00836	0.00443	0.01267	0.05700	0.07345	0.00762	0.00829	0.00575	0.00400	0.00271	0.00122	0.00301	0.00259	0.08381	0.00458
1	0.02997	0.00823	0.01183	0.01485	0.36792	0.00838	0.00872	0.09255	0.11235	0.13765	0.01272	0.03630	0.03150	0.00528	0.00414	0.00129	0.00399	0.08146	0.02490	0.00595
2	0.00763	0.00641	0.02740	0.04201	0.11293	0.00624	0.05155	0.03103	0.00853	0.04027	0.04911	0.26214	0.04001	0.04433	0.02233	0.00155	0.07637	0.01987	0.06489	0.08542
3	0.03431	0.00929	0.05049	0.06489	0.01280	0.04983	0.13506	0.20333	0.08975	0.04470	0.00999	0.04490	0.00838	0.06686	0.03221	0.09367	0.03744	0.00423	0.00284	0.00501
4	0.00723	0.00644	0.04119	0.06162	0.22503	0.00612	0.00671	0.00890	0.03712	0.01074	0.04205	0.08805	0.01399	0.34032	0.01068	0.00236	0.00405	0.08070	0.00260	0.00410
5	0.00850	0.01545	0.47947	0.10115	0.12563	0.00967	0.01269	0.01287	0.08374	0.01255	0.00788	0.00953	0.00596	0.00428	0.00485	0.00133	0.09347	0.00331	0.00197	0.00571

[dist]
# distance from previous block
# <min> <max>
0	1

[block]
# block no. 7 follows, 67 sequences, length 25
# corresponding to MSA columns:
# 309,324-347
name=unknown_H
#
# <colnr> <probs for GDERKNQSTAVLIFYWHMCP>
#	G	D	E	R	K	N	Q	S	T	A	V	L	I	F	Y	W	H	M	C	P
0	0.02185	0.02128	0.03124	0.14637	0.29704	0.00997	0.32270	0.06132	0.00957	0.01326	0.00773	0.01023	0.00604	0.00371	0.00439	0.00128	0.02031	0.00397	0.00209	0.00564
1	0.01077	0.13177	0.15345	0.04151	0.08052	0.13922	0.07080	0.09349	0.01005	0.06788	0.00963	0.06785	0.02280	0.00586	0.03617	0.00142	0.03352	0.01551	0.00248	0.00531
2	0.00925	0.00622	0.03856	0.00649	0.00755	0.02493	0.00496	0.15275	0.03951	0.04568	0.00816	0.01164	0.00715	0.01099	0.01193	0.60124	0.00381	0.00353	0.00238	0.00326
3	0.01036	0.06688	0.27714	0.02909	0.23610	0.04127	0.06966	0.07907	0.00996	0.08306	0.02612	0.02578	0.01910	0.00423	0.00393	0.00122	0.00507	0.00367	0.00240	0.00590
4	0.03488	0.06235	0.07925	0.04197	0.20717	0.06663	0.08385	0.04123	0.02362	0.12771	0.05620	0.07397	0.00995	0.01643	0.00418	0.00124	0.00447	0.00426	0.00278	0.05787
5	0.01137	0.00546	0.00658	0.00554	0.00759	0.00492	0.00441	0.04747	0.01046	0.35792	0.05296	0.02141	0.24269	0.00648	0.00399	0.00120	0.00267	0.00532	0.19650	0.00506
6	0.02520	0.00616	0.00768	0.00728	0.03399	0.00605	0.00559	0.14159	0.02597	0.20655	0.06396	0.19107	0.10652	0.00822	0.00460	0.00143	0.00320	0.14595	0.00402	0.00495
7	0.05985	0.11150	0.27104	0.09069	0.12530	0.07271	0.09886	0.01289	0.06124	0.01248	0.02072	0.00962	0.00646	0.00455	0.02449	0.00134	0.00543	0.00333	0.00206	0.00545
8	0.01150	0.10629	0.13186	0.02396	0.02346	0.19190	0.07133	0.06418	0.02302	0.11506	0.00952	0.07619	0.00798	0.00506	0.00465	0.00123	0.08111	0.00389	0.04256	0.00523
9	0.00573	0.00386	0.00512	0.00554	0.00592	0.00386	0.00377	0.00645	0.00713	0.03809	0.01736	0.46232	0.01979	0.21103	0.18165	0.00313	0.00446	0.00840	0.00314	0.00326
10	0.03148	0.01014	0.04822	0.06622	0.10873	0.08042	0.02608	0.25403	0.01282	0.27112	0.02241	0.01169	0.02876	0.00469	0.00398	0.00122	0.00445	0.00379	0.00358	0.00618
11	0.00766	0.00705	0.04673	0.04194	0.20472	0.02344	0.01813	0.04893	0.05224	0.02364	0.07347	0.31762	0.07594	0.00785	0.00446	0.00138	0.00344	0.00702	0.02969	0.00466
12	0.01486	0.00699	0.00877	0.00696	0.00960	0.00664	0.00566	0.13715	0.05180	0.50970	0.10975	0.01512	0.01286	0.00532	0.00401	0.00122	0.00324	0.00434	0.07983	0.00618
13	0.00781	0.00731	0.01290	0.17989	0.19733	0.00746	0.18880	0.00972	0.00819	0.01106	0.03020	0.07837	0.04146	0.17355	0.00778	0.02149	0.00477	0.00513	0.00229	0.00448
14	0.01069	0.00655	0.03281	0.00719	0.03161	0.00605	0.00566	0.01439	0.17613	0.28061	0.24068	0.05256	0.06009	0.00675	0.00438	0.00132	0.00297	0.04990	0.00428	0.00538
15	0.08473	0.00533	0.00577	0.00520	0.00696	0.00500	0.00404	0.06005	0.02814	0.13485	0.11739	0.05713	0.45390	0.00826	0.00439	0.00132	0.00250	0.00684	0.00390	0.00430
16	0.00552	0.00404	0.00580	0.00606	0.00665	0.00441	0.00452	0.00677	0.00707	0.01001	0.04858	0.26489	0.01608	0.02334	0.53886	0.00466	0.00766	0.00651	0.02507	0.00350
17	0.07518	0.06255	0.37743	0.01049	0.03131	0.08590	0.05693	0.08557	0.07750	0.05521	0.00829	0.00917	0.00612	0.00419	0.00409	0.00125	0.03752	0.00320	0.00238	0.00573
18	0.01076	0.00802	0.01086	0.04526	0.25896	0.07509	0.00791	0.01240	0.00905	0.19749	0.03640	0.03887	0.02632	0.04481	0.13876	0.00220	0.06446	0.00425	0.00285	0.00527
19	0.00489	0.00349	0.00465	0.00558	0.00582	0.00326	0.00372	0.00558	0.00768	0.01024	0.02210	0.85644	0.02653	0.01256	0.00512	0.00163	0.00233	0.01140	0.00372	0.00326
20	0.11583	0.00866	0.05567	0.00921	0.08799	0.03987	0.03775	0.10328	0.02903	0.32146	0.04615	0.03822	0.00975	0.00550	0.02457	0.00136	0.00402	0.00400	0.05188	0.00580
21	0.02968	0.06572	0.08617	0.01153	0.07709	0.10401	0.13185	0.30078	0.12266	0.01734	0.00921	0.00992	0.00691	0.00431	0.00395	0.00121	0.00504	0.00361	0.00297	0.00603
22	0.02551	0.00818	0.05957	0.03695	0.08740	0.02005	0.03529	0.07915	0.02779	0.36577	0.05051	0.08929	0.02768	0.00584	0.00454	0.00132	0.03605	0.02951	0.00379	0.00581
23	0.04616	0.03771	0.05740	0.00933	0.12053	0.07010	0.00655	0.06066	0.09507	0.05486	0.10304	0.16219	0.01541	0.10810	0.00613	0.00162	0.00380	0.03344	0.00316	0.00475
24	0.00968	0.03516	0.03042	0.02924	0.22741	0.06981	0.00787	0.06165	0.10124	0.04912	0.02876	0.10201	0.04341	0.00645	0.03645	0.00142	0.05758	0.00458	0.00280	0.09493

[dist]
# distance from previous block
# <min> <max>
8	14

[block]
# block no. 8 follows, 67 sequences, length 13
# corresponding to MSA columns:
# 385-397
name=unknown_I
#
# <colnr> <probs for GDERKNQSTAVLIFYWHMCP>
#	G	D	E	R	K	N	Q	S	T	A	V	L	I	F	Y	W	H	M	C	P
0	0.00496	0.00394	0.00441	0.00456	0.00557	0.00344	0.00330	0.00602	0.00911	0.01150	0.16799	0.20940	0.50634	0.03460	0.00527	0.00147	0.00212	0.00881	0.00380	0.00340
1	0.01057	0.14635	0.04291	0.04579	0.11744	0.07960	0.11030	0.07593	0.09939	0.06608	0.05172	0.03689	0.03844	0.00493	0.00448	0.00123	0.05566	0.00411	0.00273	0.00543
2	0.05980	0.00887	0.00979	0.00742	0.01065	0.05587	0.03906	0.20415	0.01104	0.03987	0.00833	0.03428	0.00676	0.00388	0.00340	0.00088	0.00372	0.00309	0.00286	0.48628
3	0.03433	0.01184	0.01475	0.08242	0.24621	0.17614	0.13522	0.22180	0.01199	0.01545	0.00782	0.00943	0.00606	0.00401	0.00399	0.00120	0.00548	0.00353	0.00253	0.00578
4	0.00529	0.00401	0.00514	0.00541	0.00614	0.00400	0.00397	0.00631	0.00759	0.00996	0.02270	0.22974	0.24876	0.09521	0.28369	0.00336	0.00524	0.04704	0.00308	0.00335
5	0.00804	0.05812	0.17975	0.49496	0.02211	0.03974	0.05779	0.01088	0.00830	0.01083	0.00812	0.06879	0.00679	0.00450	0.00399	0.00131	0.00535	0.00394	0.00192	0.00477
6	0.00570	0.00425	0.00629	0.00633	0.00700	0.00490	0.00486	0.00705	0.00647	0.00929	0.01128	0.05038	0.01087	0.06124	0.77742	0.00615	0.01014	0.00465	0.00222	0.00352
7	0.03628	0.00591	0.00655	0.00584	0.00755	0.00611	0.00463	0.13197	0.08763	0.11930	0.01560	0.04715	0.06828	0.00673	0.03453	0.00137	0.00306	0.04939	0.35734	0.00480
8	0.01147	0.00693	0.09052	0.00687	0.00903	0.00530	0.00582	0.02983	0.00960	0.38767	0.01682	0.31132	0.01556	0.06701	0.00553	0.00156	0.00334	0.00664	0.00400	0.00517
9	0.00713	0.00605	0.00934	0.14608	0.17033	0.00682	0.00738	0.00922	0.04093	0.01044	0.01006	0.01530	0.00927	0.09327	0.39004	0.00390	0.03236	0.02557	0.00219	0.00429
10	0.01149	0.01420	0.07514	0.01426	0.06113	0.28903	0.39963	0.04824	0.02455	0.01243	0.00758	0.00943	0.00586	0.00377	0.00421	0.00122	0.00659	0.00378	0.00214	0.00532
11	0.00681	0.00581	0.00731	0.00761	0.06474	0.02679	0.00545	0.00798	0.00812	0.02610	0.03631	0.11636	0.28281	0.03668	0.08284	0.00199	0.17895	0.04703	0.04639	0.00391
12	0.31993	0.00796	0.00975	0.00909	0.10562	0.00807	0.04129	0.07495	0.01004	0.35989	0.01050	0.01031	0.00717	0.00429	0.00351	0.00124	0.00368	0.00333	0.00355	0.00584

[dist]
# distance from previous block
# <min> <max>
4	10

[block]
# block no. 9 follows, 67 sequences, length 9
# corresponding to MSA columns:
# 410-418
name=unknown_J
#
# <colnr> <probs for GDERKNQSTAVLIFYWHMCP>
#	G	D	E	R	K	N	Q	S	T	A	V	L	I	F	Y	W	H	M	C	P
0	0.02688	0.07331	0.04809	0.07672	0.03216	0.18733	0.12285	0.15328	0.05223	0.01417	0.02377	0.00950	0.00670	0.00415	0.00410	0.00113	0.03573	0.00334	0.00252	0.12205
1	0.01144	0.24763	0.11585	0.00947	0.04603	0.16090	0.03235	0.09221	0.09410	0.05691	0.02983	0.01041	0.03434	0.00451	0.00394	0.00114	0.03757	0.00334	0.00257	0.00547
2	0.00523	0.00380	0.00460	0.00502	0.00545	0.00360	0.00336	0.00586	0.00742	0.00964	0.02241	0.38257	0.18122	0.26454	0.04715	0.00247	0.00316	0.03619	0.00327	0.00307
3	0.00853	0.00540	0.00740	0.00737	0.05222	0.00500	0.03787	0.01040	0.04033	0.17991	0.08259	0.13078	0.24052	0.00863	0.00473	0.00145	0.00305	0.16543	0.00387	0.00451
4	0.01043	0.01046	0.07123	0.10953	0.06971	0.13209	0.14269	0.08004	0.03078	0.09250	0.06347	0.01513	0.11826	0.00524	0.00447	0.00127	0.03018	0.00452	0.00284	0.00516
5	0.00823	0.00872	0.10681	0.06610	0.20645	0.03264	0.00883	0.05494	0.04326	0.01274	0.01388	0.15861	0.01410	0.00735	0.00479	0.00147	0.02582	0.21749	0.00287	0.00489
6	0.00920	0.00777	0.01171	0.36587	0.04780	0.04709	0.09331	0.02949	0.04845	0.09277	0.07690	0.01361	0.00968	0.05124	0.05066	0.00173	0.03115	0.00420	0.00257	0.00480
7	0.08593	0.00568	0.00612	0.03446	0.00742	0.04536	0.00432	0.04159	0.00889	0.02808	0.18627	0.17039	0.10434	0.17623	0.00772	0.00184	0.02307	0.02131	0.00329	0.03768
8	0.00952	0.01057	0.11094	0.06824	0.07580	0.04896	0.24941	0.04378	0.04793	0.04035	0.00899	0.04522	0.00726	0.00405	0.00398	0.00115	0.00497	0.00393	0.02308	0.19186

[dist]
# distance from previous block
# <min> <max>
3	14

[block]
# block no. 10 follows, 67 sequences, length 8
# corresponding to MSA columns:
# 436-443
name=unknown_K
#
# <colnr> <probs for GDERKNQSTAVLIFYWHMCP>
#	G	D	E	R	K	N	Q	S	T	A	V	L	I	F	Y	W	H	M	C	P
0	0.03746	0.06801	0.23810	0.03782	0.12915	0.05802	0.08175	0.09288	0.04720	0.08892	0.03574	0.04974	0.00833	0.00456	0.00393	0.00124	0.00490	0.00389	0.00263	0.00572
1	0.02820	0.05200	0.03948	0.02937	0.24930	0.12418	0.04591	0.06748	0.03619	0.06520	0.01211	0.18970	0.03183	0.00596	0.00413	0.00127	0.00445	0.00522	0.00279	0.00525
2	0.00545	0.00378	0.00479	0.00529	0.00586	0.00346	0.00364	0.00632	0.00833	0.03965	0.11180	0.57489	0.14610	0.05371	0.00575	0.00165	0.00235	0.00998	0.00378	0.00342
3	0.01004	0.43968	0.10204	0.00778	0.01074	0.10235	0.02716	0.04856	0.03343	0.01102	0.02685	0.09122	0.02646	0.04191	0.00409	0.00119	0.00451	0.00378	0.00226	0.00493
4	0.01049	0.03542	0.08063	0.07622	0.07690	0.03444	0.04532	0.09407	0.07087	0.10714	0.03091	0.01097	0.00792	0.01448	0.00416	0.00111	0.03009	0.00345	0.03901	0.22640
5	0.03626	0.07251	0.03723	0.00751	0.00899	0.16710	0.00594	0.05981	0.04024	0.04573	0.03302	0.35965	0.02766	0.00807	0.00497	0.00138	0.06979	0.00665	0.00309	0.00437
6	0.17796	0.02338	0.02417	0.00530	0.00694	0.00545	0.00428	0.00953	0.04246	0.06735	0.09880	0.10633	0.23622	0.00750	0.00400	0.00131	0.00261	0.05619	0.11611	0.00410
7	0.04999	0.00566	0.02177	0.00626	0.00773	0.00545	0.00480	0.05214	0.06063	0.19241	0.03394	0.24332	0.06291	0.10383	0.12800	0.00240	0.00419	0.00648	0.00358	0.00449

[dist]
# distance from previous block
# <min> <max>
4	20

[block]
# block no. 11 follows, 67 sequences, length 13
# corresponding to MSA columns:
# 464-476
name=unknown_L
#
# <colnr> <probs for GDERKNQSTAVLIFYWHMCP>
#	G	D	E	R	K	N	Q	S	T	A	V	L	I	F	Y	W	H	M	C	P
0	0.10197	0.00894	0.04994	0.00808	0.02566	0.06010	0.03610	0.17079	0.09846	0.18143	0.06466	0.07132	0.03529	0.01571	0.02854	0.00144	0.00403	0.00455	0.02747	0.00551
1	0.00757	0.00657	0.05649	0.00677	0.00868	0.00558	0.02456	0.06421	0.05653	0.03744	0.10083	0.14581	0.08723	0.06778	0.00559	0.00151	0.00327	0.15690	0.00339	0.15330
2	0.01066	0.01105	0.09012	0.03825	0.20182	0.05953	0.10561	0.16591	0.16407	0.01567	0.04330	0.02133	0.00877	0.00464	0.00449	0.00128	0.04075	0.00402	0.00285	0.00591
3	0.00932	0.06315	0.41331	0.01043	0.01454	0.05718	0.06109	0.03776	0.20600	0.01357	0.00976	0.01124	0.00752	0.00456	0.00427	0.00130	0.03719	0.02961	0.00245	0.00577
4	0.00527	0.00418	0.00476	0.00469	0.00586	0.00372	0.00353	0.00687	0.02980	0.01289	0.32436	0.06887	0.46591	0.00946	0.00476	0.00135	0.00208	0.03406	0.00398	0.00361
5	0.00989	0.03830	0.21139	0.01155	0.09316	0.06116	0.09092	0.07354	0.22338	0.02268	0.03751	0.01238	0.02235	0.00482	0.00459	0.00130	0.05510	0.01746	0.00276	0.00576
6	0.00711	0.00387	0.00588	0.00640	0.05656	0.00387	0.00399	0.00569	0.00549	0.00737	0.00720	0.01255	0.00720	0.04305	0.01512	0.79768	0.00358	0.00357	0.00178	0.00205
7	0.09256	0.00653	0.01002	0.57218	0.02084	0.00777	0.02391	0.00955	0.00791	0.01112	0.01083	0.10071	0.05698	0.02869	0.00446	0.00142	0.00453	0.00463	0.02116	0.00420
8	0.34577	0.06076	0.00993	0.02577	0.01067	0.09438	0.00627	0.29727	0.01202	0.09049	0.00799	0.00839	0.00585	0.00425	0.00331	0.00119	0.00413	0.00291	0.00313	0.00551
9	0.00779	0.00736	0.05716	0.38632	0.11092	0.00747	0.04194	0.00986	0.00790	0.04410	0.01041	0.01522	0.04611	0.17182	0.05744	0.00211	0.00518	0.00431	0.00218	0.00439
10	0.01082	0.01050	0.08056	0.01131	0.14340	0.05300	0.02437	0.16662	0.34614	0.02791	0.07296	0.01323	0.01107	0.00498	0.00406	0.00127	0.00408	0.00417	0.00342	0.00611
11	0.00839	0.00512	0.00622	0.00560	0.00710	0.00487	0.00430	0.04362	0.07417	0.14971	0.38063	0.07641	0.13090	0.00755	0.00440	0.00127	0.00239	0.00649	0.07634	0.00452
12	0.08745	0.03839	0.02792	0.05469	0.18048	0.03325	0.04182	0.09885	0.12577	0.03138	0.02391	0.01021	0.00744	0.00398	0.00360	0.00108	0.00403	0.00333	0.00272	0.21970

[dist]
# distance from previous block
# <min> <max>
0	1

[block]
# block no. 12 follows, 67 sequences, length 13
# corresponding to MSA columns:
# 478-490
name=unknown_M
#
# <colnr> <probs for GDERKNQSTAVLIFYWHMCP>
#	G	D	E	R	K	N	Q	S	T	A	V	L	I	F	Y	W	H	M	C	P
0	0.00862	0.08066	0.15752	0.14117	0.17987	0.03129	0.00961	0.01213	0.10589	0.01231	0.05172	0.04753	0.02477	0.00574	0.02953	0.00142	0.05049	0.01903	0.00239	0.02829
1	0.00992	0.44368	0.03561	0.00734	0.01018	0.10475	0.02613	0.02692	0.00880	0.01063	0.02092	0.05858	0.07943	0.00480	0.00361	0.00100	0.03626	0.00353	0.00221	0.10571
2	0.01159	0.10572	0.22678	0.02998	0.01269	0.07294	0.00850	0.10073	0.01035	0.17730	0.00972	0.01007	0.02665	0.00413	0.00359	0.00107	0.00450	0.00316	0.00281	0.17773
3	0.01015	0.01070	0.11225	0.10731	0.30357	0.05305	0.09203	0.05227	0.02048	0.07467	0.00952	0.03207	0.02791	0.00457	0.00469	0.00129	0.06040	0.01504	0.00238	0.00565
4	0.00752	0.00452	0.00568	0.00521	0.00657	0.00402	0.00397	0.00907	0.01061	0.15538	0.45146	0.08325	0.22046	0.00839	0.00464	0.00130	0.00221	0.00726	0.00430	0.00418
5	0.01145	0.00818	0.03589	0.26611	0.09080	0.00840	0.02968	0.13418	0.06415	0.20896	0.04246	0.01303	0.00900	0.05408	0.00501	0.00143	0.00439	0.00403	0.00318	0.00559
6	0.06633	0.00899	0.07310	0.05183	0.06662	0.04003	0.18590	0.01218	0.11383	0.04750	0.06753	0.06776	0.11178	0.00591	0.00466	0.00135	0.03823	0.02861	0.00291	0.00497
7	0.00837	0.00459	0.00581	0.00558	0.00649	0.00431	0.00387	0.02969	0.00842	0.19039	0.06891	0.32431	0.01918	0.28985	0.00988	0.00226	0.00310	0.00749	0.00362	0.00389
8	0.00525	0.00374	0.00473	0.00529	0.00586	0.00348	0.00375	0.00605	0.00804	0.01063	0.05050	0.49003	0.19333	0.01213	0.03188	0.05768	0.00266	0.06164	0.04008	0.00326
9	0.05511	0.00850	0.08614	0.02844	0.01113	0.04975	0.10862	0.07663	0.00967	0.11713	0.01611	0.23513	0.08987	0.00738	0.00480	0.00141	0.03927	0.04692	0.00322	0.00475
10	0.09429	0.08922	0.16372	0.00865	0.01199	0.02849	0.04898	0.14573	0.06138	0.22108	0.01101	0.06710	0.00845	0.00494	0.00395	0.00125	0.01670	0.00394	0.00327	0.00585
11	0.04301	0.07194	0.02888	0.00625	0.00811	0.01933	0.00508	0.03558	0.00987	0.25126	0.17562	0.15920	0.05668	0.02067	0.00513	0.05129	0.00307	0.02546	0.01887	0.00470
12	0.01113	0.03083	0.08109	0.03525	0.18028	0.05161	0.15597	0.10277	0.04229	0.13792	0.01160	0.06804	0.04259	0.00497	0.00439	0.00128	0.02486	0.00448	0.00290	0.00573

[dist]
# distance from previous block
# <min> <max>
17	34

[block]
# block no. 13 follows, 67 sequences, length 15
# corresponding to MSA columns:
# 587-601
name=unknown_N
#
# <colnr> <probs for GDERKNQSTAVLIFYWHMCP>
#	G	D	E	R	K	N	Q	S	T	A	V	L	I	F	Y	W	H	M	C	P
0	0.01037	0.01107	0.11052	0.01116	0.06309	0.12624	0.18968	0.10545	0.02296	0.06904	0.01303	0.06252	0.08357	0.00596	0.00487	0.04274	0.00503	0.05480	0.00279	0.00511
1	0.00994	0.33728	0.27511	0.05232	0.08646	0.05582	0.05424	0.01254	0.00868	0.04120	0.00729	0.02910	0.00600	0.00391	0.00344	0.00111	0.00511	0.00306	0.00194	0.00547
2	0.01211	0.00570	0.00715	0.04543	0.00882	0.00538	0.00493	0.03507	0.04353	0.38260	0.03082	0.05145	0.08557	0.00569	0.00380	0.00119	0.00288	0.00470	0.25791	0.00529
3	0.00690	0.00566	0.00855	0.16156	0.17943	0.00575	0.00681	0.00857	0.00897	0.03543	0.16137	0.26082	0.11851	0.00790	0.00454	0.00138	0.00329	0.00708	0.00317	0.00432
4	0.01112	0.65427	0.11252	0.00766	0.01128	0.06055	0.00779	0.03714	0.00884	0.04816	0.00639	0.00714	0.00541	0.00363	0.00288	0.00094	0.00460	0.00239	0.00195	0.00534
5	0.01349	0.00676	0.00930	0.05231	0.09989	0.00641	0.00640	0.02981	0.07078	0.46813	0.04620	0.05713	0.04556	0.04458	0.00486	0.00139	0.00348	0.00473	0.02287	0.00592
6	0.00736	0.00724	0.01202	0.00961	0.01176	0.00722	0.27683	0.01047	0.11416	0.01214	0.02166	0.10205	0.29194	0.00728	0.00538	0.00142	0.07200	0.02189	0.00304	0.00452
7	0.00977	0.04603	0.16557	0.08335	0.19216	0.00952	0.20452	0.09318	0.03008	0.04572	0.00937	0.07536	0.00781	0.00452	0.00417	0.00128	0.00517	0.00433	0.00242	0.00567
8	0.01066	0.00843	0.05751	0.04270	0.01145	0.04556	0.09523	0.08208	0.11587	0.18460	0.11045	0.07283	0.05553	0.05016	0.00537	0.00144	0.02785	0.00517	0.01184	0.00526
9	0.00832	0.00574	0.00707	0.10092	0.00949	0.03294	0.00520	0.04834	0.02961	0.11848	0.18372	0.11656	0.10030	0.08577	0.06967	0.00194	0.02092	0.00603	0.04472	0.00426
10	0.00733	0.00660	0.00894	0.24031	0.12831	0.03786	0.00747	0.04195	0.00929	0.01171	0.02082	0.04437	0.28130	0.00730	0.00449	0.00139	0.00388	0.12946	0.00289	0.00433
11	0.01205	0.35444	0.18746	0.00880	0.04180	0.01156	0.00856	0.08919	0.05051	0.18603	0.00905	0.00922	0.00669	0.00407	0.00340	0.00109	0.00442	0.00302	0.00273	0.00592
12	0.00943	0.12607	0.27535	0.04038	0.01380	0.07836	0.08028	0.07352	0.06874	0.01283	0.03930	0.02224	0.04147	0.03320	0.01895	0.00141	0.05325	0.00380	0.00235	0.00526
13	0.00716	0.00540	0.00774	0.03840	0.05897	0.00547	0.05297	0.03759	0.00867	0.05034	0.05233	0.25658	0.11429	0.09276	0.03205	0.00185	0.04744	0.07924	0.04675	0.00400
14	0.00986	0.17523	0.04453	0.12731	0.25901	0.02331	0.07849	0.06493	0.01762	0.03415	0.03752	0.02527	0.00826	0.00453	0.00421	0.00122	0.03541	0.04137	0.00232	0.00545

[dist]
# distance from previous block
# <min> <max>
3	34

[block]
# block no. 14 follows, 67 sequences, length 23
# corresponding to MSA columns:
# 639-661
name=unknown_O
#
# <colnr> <probs for GDERKNQSTAVLIFYWHMCP>
#	G	D	E	R	K	N	Q	S	T	A	V	L	I	F	Y	W	H	M	C	P
0	0.05273	0.08529	0.01116	0.02477	0.01124	0.22868	0.03543	0.18262	0.04635	0.07762	0.04136	0.08995	0.00952	0.00514	0.00378	0.00114	0.00464	0.00403	0.00304	0.08151
1	0.00814	0.12059	0.04105	0.00793	0.00980	0.11229	0.09565	0.03254	0.02671	0.01138	0.04191	0.37437	0.04341	0.00789	0.00432	0.00132	0.00391	0.00698	0.00296	0.04686
2	0.00939	0.01055	0.03410	0.05039	0.01998	0.02449	0.69355	0.01256	0.00940	0.02471	0.03163	0.02442	0.00728	0.00381	0.00485	0.00135	0.02535	0.00476	0.00214	0.00528
3	0.00585	0.00455	0.00562	0.00550	0.00634	0.00471	0.00407	0.03771	0.00808	0.01067	0.06744	0.10609	0.28048	0.14576	0.24467	0.00322	0.04605	0.00667	0.00303	0.00348
4	0.00604	0.00471	0.00572	0.00611	0.00690	0.00487	0.00436	0.00911	0.18300	0.01159	0.02115	0.53663	0.08118	0.01252	0.08415	0.00201	0.00328	0.00904	0.00365	0.00396
5	0.00742	0.00636	0.00919	0.12037	0.05382	0.00715	0.04737	0.08477	0.00874	0.01182	0.01565	0.33610	0.08141	0.00898	0.02262	0.01490	0.14917	0.00703	0.00292	0.00421
6	0.01254	0.00929	0.01115	0.00896	0.01177	0.02923	0.08342	0.24241	0.32299	0.14900	0.01417	0.01352	0.04344	0.00511	0.00411	0.00127	0.00394	0.00429	0.00391	0.02549
7	0.00786	0.00469	0.00674	0.00637	0.00743	0.00506	0.00492	0.00917	0.00726	0.15202	0.01180	0.01638	0.01044	0.10417	0.62046	0.00530	0.00883	0.00440	0.00266	0.00403
8	0.00513	0.00379	0.00491	0.00537	0.00597	0.00357	0.00381	0.00619	0.00851	0.01138	0.17727	0.48103	0.14799	0.01300	0.08428	0.00198	0.00302	0.02569	0.00370	0.00342
9	0.02074	0.01061	0.07781	0.01190	0.14866	0.12040	0.09677	0.09277	0.15274	0.03707	0.02117	0.05662	0.02569	0.00591	0.00522	0.08472	0.00468	0.01843	0.00280	0.00528
10	0.00643	0.00497	0.00693	0.00663	0.00723	0.00589	0.00506	0.03613	0.00674	0.00964	0.01043	0.01664	0.01020	0.17498	0.57343	0.00528	0.10314	0.00446	0.00222	0.00358
11	0.00874	0.04170	0.05604	0.02007	0.08726	0.14760	0.02287	0.02544	0.04312	0.05614	0.02028	0.17031	0.23624	0.00757	0.00435	0.00132	0.00391	0.03942	0.00311	0.00451
12	0.00882	0.00726	0.01142	0.31060	0.24954	0.00787	0.00934	0.04005	0.03008	0.06924	0.02545	0.08967	0.03901	0.00610	0.02194	0.00145	0.00452	0.05996	0.00262	0.00507
13	0.00552	0.00420	0.00556	0.00576	0.00652	0.00397	0.02702	0.00658	0.00856	0.02455	0.11640	0.44152	0.21646	0.02646	0.00553	0.00157	0.03028	0.05636	0.00368	0.00351
14	0.08350	0.00913	0.04559	0.02580	0.07053	0.05874	0.00679	0.23771	0.08693	0.10312	0.04258	0.04356	0.01043	0.07394	0.00540	0.01317	0.00401	0.03279	0.04086	0.00542
15	0.04249	0.00705	0.00997	0.17739	0.15668	0.00772	0.02130	0.01270	0.22000	0.04651	0.03587	0.05356	0.02654	0.00669	0.00608	0.15359	0.00390	0.00437	0.00278	0.00482
16	0.02815	0.00815	0.00943	0.15313	0.01306	0.02488	0.00698	0.13005	0.38469	0.06445	0.02484	0.11105	0.01185	0.00588	0.00414	0.00135	0.00370	0.00496	0.00362	0.00565
17	0.00626	0.00485	0.00525	0.00506	0.00638	0.02245	0.00382	0.03638	0.03315	0.04435	0.21447	0.11148	0.45593	0.00931	0.00469	0.00135	0.00235	0.02472	0.00391	0.00384
