[name]
unknown

[dist]
# distance from previous block
# <min> <max>
0	37

[block]
# block no. 0 follows, 85 sequences, length 14
# corresponding to MSA columns:
# 37-50
name=unknown_A
#
# <colnr> <probs for GDERKNQSTAVLIFYWHMCP>
#	G	D	E	R	K	N	Q	S	T	A	V	L	I	F	Y	W	H	M	C	P
0	0.00717	0.00486	0.00586	0.00537	0.00674	0.00491	0.00423	0.03207	0.22294	0.12128	0.32236	0.05465	0.06098	0.00623	0.00376	0.00113	0.00227	0.10759	0.00348	0.02210
1	0.01026	0.05569	0.01008	0.02968	0.21375	0.00811	0.00667	0.24077	0.15127	0.15386	0.05391	0.02137	0.00816	0.00403	0.00342	0.00102	0.01654	0.00334	0.00290	0.00517
2	0.00834	0.09740	0.00858	0.05474	0.05629	0.04551	0.01797	0.01860	0.00764	0.18377	0.08640	0.06283	0.05728	0.03206	0.02389	0.00129	0.12202	0.10878	0.00264	0.00398
3	0.00463	0.00422	0.06269	0.00512	0.00593	0.00341	0.00420	0.00573	0.00693	0.00911	0.04016	0.39682	0.14033	0.05721	0.00491	0.00144	0.00247	0.23884	0.00292	0.00294
4	0.00628	0.00591	0.00997	0.87523	0.02289	0.00738	0.00923	0.00849	0.00664	0.00849	0.00591	0.00886	0.00443	0.00332	0.00332	0.00111	0.00443	0.00295	0.00148	0.00369
5	0.00511	0.00402	0.00608	0.00647	0.06411	0.00467	0.00465	0.00629	0.00546	0.00790	0.00855	0.01271	0.00802	0.04825	0.74410	0.00479	0.05040	0.00353	0.00176	0.00313
6	0.00414	0.00309	0.00388	0.00445	0.00492	0.00283	0.00314	0.00489	0.00682	0.00884	0.04305	0.59686	0.21336	0.00976	0.00419	0.00130	0.00196	0.07666	0.00310	0.00276
7	0.01027	0.00866	0.04730	0.00724	0.00956	0.04126	0.00599	0.35555	0.39785	0.04624	0.01070	0.02744	0.00800	0.00430	0.00335	0.00106	0.00327	0.00343	0.00323	0.00531
8	0.07426	0.01878	0.03511	0.19660	0.07431	0.04272	0.04636	0.21634	0.04466	0.12516	0.00760	0.00843	0.00552	0.00348	0.00315	0.00098	0.00373	0.00286	0.00247	0.08746
9	0.00760	0.36129	0.49346	0.00816	0.01219	0.00990	0.04512	0.01030	0.00695	0.00946	0.00546	0.00643	0.00427	0.00302	0.00278	0.00092	0.00440	0.00225	0.00142	0.00464
10	0.00872	0.58376	0.09526	0.06539	0.01010	0.02420	0.00666	0.01024	0.02133	0.05538	0.00544	0.00637	0.00460	0.00330	0.00325	0.00087	0.08707	0.00215	0.00161	0.00431
11	0.00505	0.00317	0.00390	0.00392	0.00397	0.00320	0.00239	0.00482	0.00481	0.00643	0.00949	0.01905	0.01063	0.62480	0.05491	0.20869	0.00340	0.02351	0.00190	0.00195
12	0.00704	0.00704	0.01048	0.69909	0.09871	0.08379	0.02955	0.00912	0.00700	0.00873	0.00589	0.00855	0.00451	0.00329	0.00331	0.00107	0.00455	0.00291	0.00152	0.00387
13	0.00612	0.00389	0.00496	0.00450	0.00559	0.00363	0.00344	0.00808	0.05930	0.11771	0.65912	0.02284	0.07491	0.00642	0.00382	0.00105	0.00179	0.00561	0.00366	0.00355

[dist]
# distance from previous block
# <min> <max>
0	2

[block]
# block no. 1 follows, 85 sequences, length 28
# corresponding to MSA columns:
# 53-80
name=unknown_B
#
# <colnr> <probs for GDERKNQSTAVLIFYWHMCP>
#	G	D	E	R	K	N	Q	S	T	A	V	L	I	F	Y	W	H	M	C	P
0	0.00440	0.00315	0.00411	0.00475	0.00504	0.00301	0.00322	0.03924	0.00674	0.00899	0.01789	0.84537	0.02131	0.01015	0.00420	0.00134	0.00200	0.00918	0.00309	0.00282
1	0.00830	0.04292	0.00971	0.04725	0.02279	0.00786	0.13447	0.03789	0.49919	0.06197	0.01272	0.01259	0.06290	0.01978	0.00368	0.00113	0.00321	0.00383	0.00293	0.00485
2	0.04796	0.00587	0.00812	0.00621	0.00880	0.00520	0.03941	0.02784	0.00939	0.78584	0.01246	0.01094	0.00789	0.00402	0.00332	0.00103	0.00294	0.00330	0.00393	0.00553
3	0.00489	0.00349	0.00433	0.00413	0.00501	0.00320	0.00309	0.00642	0.02706	0.03437	0.59630	0.07541	0.18873	0.00714	0.00388	0.00107	0.00167	0.00623	0.02042	0.00316
4	0.00666	0.01719	0.86600	0.00947	0.01438	0.00772	0.01228	0.01052	0.00702	0.01052	0.00596	0.00702	0.00421	0.00316	0.00316	0.00105	0.00491	0.00246	0.00140	0.00491
5	0.00606	0.00495	0.00814	0.05948	0.00957	0.00496	0.15471	0.00807	0.04270	0.02603	0.01453	0.07866	0.01511	0.03641	0.00471	0.00145	0.00351	0.51479	0.00272	0.00343
6	0.87214	0.00629	0.00484	0.00438	0.00636	0.00727	0.00358	0.00957	0.00568	0.01466	0.00515	0.03891	0.00430	0.00337	0.00214	0.00104	0.00255	0.00209	0.00210	0.00356
7	0.00931	0.00671	0.00779	0.00688	0.00866	0.00722	0.00580	0.45048	0.01184	0.03078	0.01248	0.04195	0.01193	0.00639	0.00389	0.00124	0.00334	0.36564	0.00322	0.00446
8	0.00745	0.00710	0.01203	0.30631	0.55725	0.00758	0.00966	0.00947	0.00726	0.01001	0.00690	0.00910	0.02888	0.00323	0.00332	0.00103	0.00405	0.00307	0.00163	0.00467
9	0.01219	0.07234	0.00995	0.00835	0.01016	0.79667	0.00637	0.03001	0.00937	0.00837	0.00516	0.00599	0.00431	0.00340	0.00295	0.00085	0.00579	0.00213	0.00173	0.00392
10	0.00727	0.00727	0.01018	0.00872	0.00872	0.01018	0.00727	0.00800	0.00509	0.00800	0.00436	0.00727	0.00436	0.00582	0.01091	0.00145	0.87714	0.00291	0.00145	0.00364
11	0.00666	0.01719	0.86600	0.00947	0.01438	0.00772	0.01228	0.01052	0.00702	0.01052	0.00596	0.00702	0.00421	0.00316	0.00316	0.00105	0.00491	0.00246	0.00140	0.00491
12	0.00429	0.00321	0.00399	0.00416	0.00480	0.00290	0.00298	0.00534	0.00789	0.01059	0.36906	0.33633	0.21535	0.00847	0.00404	0.00117	0.00172	0.00748	0.00332	0.00290
13	0.00470	0.00340	0.00444	0.00418	0.00496	0.00314	0.00314	0.00627	0.00941	0.01333	0.86074	0.02482	0.03135	0.00679	0.00392	0.00105	0.00157	0.00601	0.00366	0.00314
14	0.00718	0.00627	0.00703	0.00509	0.00800	0.02980	0.00406	0.02722	0.00716	0.01097	0.00593	0.00689	0.00492	0.00252	0.00250	0.00051	0.00259	0.00200	0.00199	0.85736
15	0.08789	0.00620	0.00667	0.00590	0.00768	0.00676	0.00463	0.08043	0.42213	0.08712	0.07436	0.05879	0.04771	0.00496	0.00332	0.00108	0.00253	0.02257	0.03645	0.03279
16	0.00958	0.00864	0.05710	0.00895	0.09276	0.06571	0.09999	0.23196	0.08081	0.07362	0.02453	0.01793	0.01529	0.00368	0.00348	0.00095	0.03260	0.00307	0.00252	0.16682
17	0.00419	0.00299	0.00402	0.00479	0.00505	0.00282	0.00333	0.00488	0.00650	0.00864	0.01824	0.78820	0.02166	0.01028	0.00428	0.00137	0.00205	0.10087	0.00308	0.00274
18	0.00583	0.00373	0.00424	0.00393	0.00522	0.00319	0.00301	0.00684	0.00812	0.14860	0.15047	0.05070	0.57879	0.00753	0.00384	0.00110	0.00186	0.00634	0.00334	0.00331
19	0.06411	0.00729	0.07386	0.00686	0.00880	0.01893	0.00596	0.07971	0.03181	0.38576	0.03344	0.03092	0.00754	0.01528	0.00526	0.00116	0.21228	0.00329	0.00297	0.00477
20	0.00976	0.00889	0.02629	0.05799	0.08678	0.03848	0.35227	0.27260	0.03507	0.05733	0.01667	0.00885	0.00577	0.00340	0.00356	0.00105	0.00452	0.00340	0.00237	0.00492
21	0.00443	0.00391	0.00437	0.00429	0.00532	0.03176	0.03530	0.00532	0.00734	0.00889	0.02772	0.19280	0.59942	0.00896	0.03172	0.00130	0.00227	0.01904	0.00294	0.00289
22	0.06484	0.00708	0.00833	0.00644	0.00897	0.00712	0.00531	0.34470	0.01164	0.46276	0.01055	0.00969	0.00695	0.00400	0.00324	0.00101	0.00311	0.00311	0.02570	0.00547
23	0.35946	0.01974	0.00865	0.06164	0.06842	0.14541	0.04257	0.15567	0.00827	0.02167	0.00563	0.00671	0.00441	0.00352	0.00341	0.00103	0.07509	0.00241	0.00210	0.00418
24	0.00423	0.00307	0.00403	0.00471	0.00507	0.00287	0.00334	0.00499	0.00673	0.00887	0.04645	0.67437	0.08945	0.00997	0.00425	0.00135	0.00205	0.11835	0.00310	0.00277
25	0.04166	0.00667	0.01084	0.46882	0.25254	0.00779	0.02067	0.00921	0.00678	0.03434	0.00600	0.00844	0.00474	0.00351	0.00414	0.00111	0.10399	0.00293	0.00162	0.00418
26	0.22664	0.00742	0.00848	0.07329	0.00958	0.02408	0.00600	0.23137	0.00849	0.06810	0.00623	0.00757	0.00491	0.00501	0.03625	0.00130	0.26602	0.00270	0.00228	0.00427
27	0.58889	0.00636	0.00623	0.00529	0.00736	0.00695	0.05222	0.08247	0.00703	0.02510	0.02054	0.03355	0.04831	0.00393	0.00261	0.00104	0.00278	0.04173	0.00232	0.05526

[dist]
# distance from previous block
# <min> <max>
1	5

[block]
# block no. 2 follows, 85 sequences, length 19
# corresponding to MSA columns:
# 86-104
name=unknown_C
#
# <colnr> <probs for GDERKNQSTAVLIFYWHMCP>
#	G	D	E	R	K	N	Q	S	T	A	V	L	I	F	Y	W	H	M	C	P
0	0.00917	0.00965	0.00946	0.00840	0.02310	0.26549	0.00662	0.05242	0.04755	0.03177	0.03155	0.03095	0.00607	0.00501	0.00710	0.00120	0.44564	0.00300	0.00190	0.00392
1	0.00735	0.00698	0.01164	0.27406	0.47289	0.02138	0.04646	0.00931	0.00723	0.01000	0.00709	0.06363	0.00617	0.00357	0.00335	0.00104	0.00398	0.00340	0.03597	0.00449
2	0.00767	0.00509	0.00594	0.00526	0.00662	0.00517	0.00407	0.19621	0.04558	0.10746	0.18538	0.18505	0.13486	0.00649	0.00381	0.00110	0.02175	0.00549	0.06307	0.00394
3	0.00430	0.00347	0.00475	0.00484	0.00557	0.00314	0.05642	0.00515	0.00695	0.00892	0.03913	0.50540	0.29575	0.00917	0.00412	0.00126	0.00211	0.03367	0.00301	0.00287
4	0.11674	0.00825	0.06347	0.22681	0.11049	0.05644	0.02605	0.22617	0.00936	0.06076	0.00802	0.00952	0.03790	0.00377	0.00320	0.00104	0.00387	0.02130	0.00230	0.00453
5	0.00860	0.26260	0.29768	0.02711	0.01166	0.11239	0.08052	0.04305	0.02977	0.04566	0.04660	0.00782	0.00597	0.00335	0.00297	0.00094	0.00435	0.00262	0.00182	0.00452
6	0.00407	0.00293	0.00388	0.00463	0.00486	0.00273	0.00312	0.00468	0.00642	0.00853	0.01872	0.83871	0.04497	0.01033	0.00424	0.00135	0.00195	0.02811	0.00308	0.00271
7	0.01959	0.00516	0.02566	0.00507	0.00689	0.00466	0.00413	0.05839	0.04652	0.38947	0.10021	0.01443	0.06445	0.04622	0.00385	0.00109	0.00246	0.00383	0.19349	0.00445
8	0.04774	0.00728	0.01205	0.03431	0.71378	0.00735	0.00921	0.00964	0.00739	0.01080	0.00747	0.06455	0.00688	0.00374	0.00336	0.00104	0.00373	0.04297	0.00182	0.00489
9	0.00741	0.00765	0.02753	0.07136	0.00943	0.12337	0.02508	0.03020	0.02085	0.01748	0.05931	0.12735	0.03798	0.00587	0.00701	0.00126	0.41119	0.00405	0.00201	0.00363
10	0.19129	0.00815	0.01064	0.17090	0.37696	0.09574	0.03032	0.05854	0.00767	0.01155	0.00586	0.00754	0.00469	0.00315	0.00303	0.00101	0.00399	0.00267	0.00180	0.00450
11	0.00434	0.00318	0.00410	0.00477	0.00508	0.00308	0.00323	0.00551	0.06427	0.00885	0.01799	0.82188	0.02117	0.01001	0.00418	0.00133	0.00198	0.00906	0.00310	0.00287
12	0.00432	0.00325	0.00383	0.00394	0.00470	0.00290	0.00286	0.00537	0.00786	0.01046	0.30569	0.23787	0.33877	0.00816	0.00393	0.00114	0.00170	0.00710	0.04324	0.00290
13	0.03615	0.00674	0.00812	0.02640	0.02323	0.03293	0.00533	0.20510	0.02970	0.50935	0.06056	0.01132	0.00881	0.00424	0.00335	0.00103	0.00309	0.01561	0.00365	0.00530
14	0.00594	0.00504	0.00793	0.19748	0.16788	0.00576	0.00630	0.00719	0.00595	0.00828	0.00769	0.03819	0.00722	0.08647	0.31302	0.05592	0.06510	0.00352	0.00171	0.00342
15	0.00583	0.02492	0.49367	0.00736	0.01047	0.00588	0.00850	0.00854	0.00747	0.01069	0.17343	0.10924	0.04850	0.00531	0.00354	0.00112	0.00365	0.06557	0.00221	0.00409
16	0.00725	0.00664	0.01078	0.47238	0.16106	0.00756	0.06571	0.00999	0.08671	0.03645	0.00687	0.00898	0.00529	0.00346	0.00376	0.00108	0.05431	0.00306	0.00180	0.04684
17	0.29317	0.06558	0.05022	0.00671	0.00871	0.28412	0.00556	0.07416	0.08363	0.01185	0.00660	0.03385	0.01393	0.00379	0.00313	0.00099	0.04532	0.00254	0.00210	0.00405
18	0.02243	0.00737	0.01037	0.04459	0.42209	0.06114	0.00755	0.04584	0.02696	0.22148	0.03243	0.01094	0.06423	0.00383	0.00333	0.00101	0.00354	0.00336	0.00251	0.00498

[dist]
# distance from previous block
# <min> <max>
1	25

[block]
# block no. 3 follows, 85 sequences, length 22
# corresponding to MSA columns:
# 130-151
name=unknown_D
#
# <colnr> <probs for GDERKNQSTAVLIFYWHMCP>
#	G	D	E	R	K	N	Q	S	T	A	V	L	I	F	Y	W	H	M	C	P
0	0.00901	0.67670	0.03681	0.00727	0.03460	0.01194	0.10695	0.03921	0.00730	0.03590	0.00533	0.00617	0.00456	0.00293	0.00248	0.00080	0.00382	0.00217	0.00161	0.00443
1	0.87642	0.00641	0.00505	0.03365	0.00698	0.00745	0.00379	0.00973	0.00569	0.01469	0.00467	0.00551	0.00363	0.00309	0.00210	0.00103	0.00263	0.00184	0.00204	0.00360
2	0.00476	0.00351	0.00509	0.00509	0.00559	0.00402	0.00384	0.00577	0.00527	0.00753	0.00913	0.01434	0.00887	0.15190	0.74384	0.00503	0.00806	0.00375	0.00181	0.00283
3	0.00623	0.00575	0.00961	0.82569	0.02183	0.00714	0.00886	0.00841	0.00673	0.00874	0.02854	0.00939	0.00526	0.00343	0.00331	0.00110	0.00427	0.00304	0.02902	0.00366
4	0.00407	0.00290	0.00385	0.00459	0.00478	0.00272	0.00305	0.00463	0.00631	0.00841	0.01805	0.85227	0.02165	0.03964	0.00467	0.00141	0.00197	0.00929	0.00305	0.00268
5	0.00876	0.00748	0.00768	0.00681	0.00874	0.03630	0.00532	0.07168	0.74413	0.03187	0.01317	0.01216	0.02189	0.00449	0.00337	0.00111	0.00280	0.00369	0.00333	0.00521
6	0.00705	0.00718	0.00651	0.00623	0.00720	0.24843	0.00476	0.00850	0.04659	0.00813	0.00874	0.01170	0.02992	0.03345	0.54593	0.00373	0.00749	0.00328	0.00188	0.00330
7	0.30787	0.00818	0.00675	0.02921	0.02321	0.21768	0.00481	0.03256	0.05580	0.10688	0.00867	0.14510	0.00785	0.00460	0.00297	0.00104	0.00344	0.01278	0.00246	0.01813
8	0.90669	0.00643	0.00488	0.00437	0.00643	0.00745	0.00360	0.00977	0.00566	0.01491	0.00463	0.00540	0.00360	0.00308	0.00206	0.00103	0.00257	0.00180	0.00206	0.00360
9	0.00460	0.00339	0.00469	0.00485	0.00532	0.00366	0.00357	0.00549	0.00566	0.00780	0.01265	0.16833	0.06651	0.15224	0.50566	0.00393	0.00617	0.03055	0.00217	0.00277
10	0.00888	0.88522	0.01741	0.00569	0.00853	0.01315	0.00569	0.00995	0.00675	0.00782	0.00462	0.00533	0.00426	0.00284	0.00213	0.00071	0.00355	0.00178	0.00142	0.00426
11	0.00473	0.00354	0.00519	0.00519	0.00577	0.00406	0.00399	0.00586	0.00546	0.00781	0.02827	0.01418	0.03041	0.06257	0.79107	0.00505	0.00830	0.00376	0.00186	0.00292
12	0.00411	0.00294	0.00393	0.00470	0.00492	0.00275	0.00319	0.00473	0.00642	0.00855	0.01828	0.84127	0.02184	0.01035	0.00426	0.00136	0.00198	0.04861	0.00308	0.00272
13	0.04417	0.00568	0.00762	0.00586	0.00842	0.00497	0.00484	0.01598	0.00938	0.83691	0.01283	0.01112	0.00807	0.00408	0.00330	0.00103	0.00282	0.00329	0.00405	0.00559
14	0.00412	0.00295	0.00390	0.00463	0.00487	0.00276	0.00314	0.00473	0.00642	0.00851	0.01856	0.80238	0.04619	0.02945	0.00452	0.00139	0.00200	0.04372	0.00306	0.00270
15	0.00833	0.00847	0.01212	0.13856	0.54325	0.10924	0.00927	0.01006	0.00736	0.00987	0.00585	0.00794	0.00492	0.00340	0.00416	0.00104	0.10699	0.00286	0.00161	0.00468
16	0.01086	0.05834	0.00874	0.00663	0.00889	0.00754	0.02978	0.16738	0.31194	0.27384	0.07088	0.01162	0.00973	0.00431	0.00334	0.00104	0.00294	0.00354	0.00345	0.00522
17	0.00477	0.00363	0.00492	0.00535	0.00563	0.00387	0.00398	0.00554	0.00632	0.00854	0.01561	0.50944	0.01809	0.07730	0.04104	0.00170	0.10161	0.17706	0.00276	0.00284
18	0.00840	0.00614	0.00757	0.03223	0.00845	0.01743	0.06143	0.24351	0.12032	0.07450	0.03670	0.24201	0.02047	0.03133	0.00395	0.00117	0.00293	0.00507	0.07215	0.00425
19	0.01035	0.00993	0.03345	0.02412	0.29761	0.20139	0.03317	0.21541	0.02001	0.05811	0.00728	0.02735	0.00585	0.00369	0.00341	0.00099	0.01975	0.01284	0.01041	0.00488
20	0.02129	0.00651	0.01080	0.64195	0.14215	0.00761	0.04737	0.05107	0.00731	0.02361	0.00619	0.00871	0.00469	0.00329	0.00333	0.00108	0.00432	0.00299	0.00165	0.00408
21	0.09360	0.24986	0.14213	0.00958	0.13693	0.13082	0.07694	0.07700	0.02341	0.02244	0.00585	0.00683	0.00468	0.00315	0.00285	0.00092	0.00422	0.00244	0.00180	0.00455

[dist]
# distance from previous block
# <min> <max>
0	2

[block]
# block no. 4 follows, 85 sequences, length 22
# corresponding to MSA columns:
# 154-175
name=unknown_E
#
# <colnr> <probs for GDERKNQSTAVLIFYWHMCP>
#	G	D	E	R	K	N	Q	S	T	A	V	L	I	F	Y	W	H	M	C	P
0	0.00759	0.04300	0.03131	0.00598	0.00770	0.00615	0.04493	0.12484	0.20096	0.06786	0.30994	0.04572	0.06016	0.00541	0.00356	0.00105	0.00256	0.00465	0.02238	0.00425
1	0.00433	0.00330	0.00399	0.00404	0.00482	0.00296	0.00297	0.00546	0.00816	0.01084	0.39847	0.18851	0.31262	0.00809	0.00400	0.00114	0.00171	0.02830	0.00334	0.00294
2	0.06242	0.03419	0.05227	0.00616	0.00771	0.03590	0.01713	0.12023	0.04093	0.10335	0.00921	0.02506	0.02269	0.04851	0.35279	0.00286	0.03942	0.00338	0.01186	0.00392
3	0.04315	0.00889	0.00958	0.00739	0.00999	0.00978	0.00610	0.75886	0.01474	0.06888	0.00818	0.00818	0.00578	0.00436	0.01958	0.00108	0.00367	0.00298	0.00330	0.00553
4	0.00465	0.00333	0.00417	0.00409	0.00468	0.00312	0.00290	0.00574	0.00798	0.01102	0.52490	0.08349	0.08754	0.20379	0.00688	0.00157	0.00202	0.03210	0.00319	0.00283
5	0.90669	0.00643	0.00488	0.00437	0.00643	0.00745	0.00360	0.00977	0.00566	0.01491	0.00463	0.00540	0.00360	0.00308	0.00206	0.00103	0.00257	0.00180	0.00206	0.00360
6	0.04956	0.02996	0.00932	0.03349	0.02626	0.58726	0.00629	0.10272	0.08751	0.02788	0.00638	0.00699	0.00504	0.00356	0.00303	0.00091	0.00509	0.00242	0.00209	0.00423
7	0.00759	0.00792	0.01540	0.10446	0.03089	0.00780	0.54315	0.03318	0.09368	0.01102	0.02406	0.01117	0.01834	0.00351	0.00376	0.00111	0.00475	0.04371	0.00200	0.03248
8	0.00415	0.00342	0.00367	0.00375	0.00481	0.00295	0.00291	0.00512	0.00769	0.00936	0.08162	0.03222	0.70836	0.00841	0.00401	0.00117	0.00184	0.10857	0.00312	0.00286
9	0.90669	0.00643	0.00488	0.00437	0.00643	0.00745	0.00360	0.00977	0.00566	0.01491	0.00463	0.00540	0.00360	0.00308	0.00206	0.00103	0.00257	0.00180	0.00206	0.00360
10	0.00520	0.00358	0.00458	0.00425	0.00517	0.00330	0.00321	0.00686	0.02672	0.05366	0.73799	0.02448	0.09484	0.00675	0.00388	0.00105	0.00166	0.00591	0.00363	0.00327
11	0.90669	0.00643	0.00488	0.00437	0.00643	0.00745	0.00360	0.00977	0.00566	0.01491	0.00463	0.00540	0.00360	0.00308	0.00206	0.00103	0.00257	0.00180	0.00206	0.00360
12	0.00822	0.00790	0.01349	0.02040	0.86249	0.00790	0.01020	0.01020	0.00757	0.01086	0.00625	0.00822	0.00526	0.00296	0.00329	0.00099	0.00395	0.00296	0.00164	0.00526
13	0.00666	0.01719	0.86600	0.00947	0.01438	0.00772	0.01228	0.01052	0.00702	0.01052	0.00596	0.00702	0.00421	0.00316	0.00316	0.00105	0.00491	0.00246	0.00140	0.00491
14	0.01273	0.00915	0.00987	0.00757	0.01022	0.01006	0.00625	0.81431	0.01535	0.05842	0.00821	0.00813	0.00577	0.00399	0.00332	0.00100	0.00362	0.00301	0.00336	0.00565
15	0.00953	0.72518	0.01594	0.00622	0.00885	0.17086	0.00582	0.01056	0.00724	0.00788	0.00471	0.00545	0.00427	0.00295	0.00229	0.00074	0.00400	0.00184	0.00147	0.00419
16	0.00408	0.00337	0.00358	0.00353	0.00458	0.00287	0.00265	0.00507	0.00794	0.00985	0.19902	0.03055	0.69524	0.00809	0.00393	0.00111	0.00166	0.00681	0.00320	0.00287
17	0.00486	0.00363	0.00513	0.00515	0.00577	0.00407	0.00397	0.00618	0.02945	0.00817	0.03821	0.01681	0.04981	0.10000	0.63898	0.00443	0.00723	0.06316	0.00206	0.00295
18	0.00553	0.00455	0.01915	0.02161	0.03341	0.00415	0.05697	0.03380	0.04495	0.04127	0.27995	0.06639	0.33839	0.00688	0.00385	0.00111	0.00226	0.02922	0.00313	0.00344
19	0.06706	0.00374	0.00463	0.00426	0.00526	0.00354	0.00325	0.00717	0.00906	0.06930	0.70752	0.02243	0.04435	0.00632	0.00371	0.00104	0.00172	0.00549	0.02683	0.00332
20	0.10558	0.00665	0.00807	0.00631	0.00874	0.00661	0.02529	0.21608	0.05098	0.46750	0.05572	0.01061	0.00837	0.00411	0.00325	0.00103	0.00299	0.00327	0.00359	0.00526
21	0.05620	0.38730	0.02531	0.00710	0.02965	0.27234	0.00599	0.08093	0.01997	0.07864	0.00592	0.00643	0.00477	0.00326	0.00265	0.00084	0.00421	0.00218	0.00195	0.00438

[dist]
# distance from previous block
# <min> <max>
1	21

[block]
# block no. 5 follows, 85 sequences, length 9
# corresponding to MSA columns:
# 197-205
name=unknown_F
#
# <colnr> <probs for GDERKNQSTAVLIFYWHMCP>
#	G	D	E	R	K	N	Q	S	T	A	V	L	I	F	Y	W	H	M	C	P
0	0.58550	0.04687	0.09465	0.03100	0.03535	0.00762	0.03151	0.03774	0.00637	0.01334	0.00592	0.06303	0.00509	0.00364	0.00266	0.00105	0.02022	0.00256	0.00202	0.00386
1	0.00872	0.08374	0.14538	0.02598	0.08816	0.17571	0.10441	0.03065	0.11549	0.05014	0.09005	0.01019	0.02331	0.00385	0.00338	0.00100	0.01722	0.00322	0.01495	0.00445
2	0.00876	0.06590	0.09856	0.02979	0.05373	0.00769	0.36915	0.06534	0.00820	0.11067	0.00717	0.00838	0.00530	0.00304	0.00335	0.00096	0.00436	0.00314	0.00206	0.14444
3	0.00546	0.00450	0.00691	0.17589	0.13031	0.00473	0.02375	0.00675	0.00675	0.00920	0.07733	0.26301	0.03814	0.09708	0.06082	0.00166	0.00337	0.05017	0.03087	0.00331
4	0.00686	0.00374	0.00462	0.00417	0.00531	0.00342	0.00321	0.00829	0.00867	0.17011	0.42199	0.02017	0.10669	0.00579	0.00344	0.00099	0.00181	0.00494	0.21222	0.00356
5	0.00428	0.00306	0.00412	0.00483	0.00514	0.00289	0.00343	0.00506	0.00672	0.00897	0.06344	0.70608	0.02205	0.01003	0.00428	0.00136	0.00208	0.13627	0.00311	0.00278
6	0.00822	0.00790	0.01349	0.02040	0.86249	0.00790	0.01020	0.01020	0.00757	0.01086	0.00625	0.00822	0.00526	0.00296	0.00329	0.00099	0.00395	0.00296	0.00164	0.00526
7	0.00416	0.00319	0.00368	0.00398	0.00461	0.00286	0.00279	0.00485	0.00688	0.00869	0.05593	0.33978	0.39439	0.11308	0.00561	0.00147	0.00200	0.03638	0.00298	0.00269
8	0.00727	0.00727	0.01018	0.00872	0.00872	0.01018	0.00727	0.00800	0.00509	0.00800	0.00436	0.00727	0.00436	0.00582	0.01091	0.00145	0.87714	0.00291	0.00145	0.00364

[dist]
# distance from previous block
# <min> <max>
0	6

[block]
# block no. 6 follows, 85 sequences, length 18
# corresponding to MSA columns:
# 212-229
name=unknown_G
#
# <colnr> <probs for GDERKNQSTAVLIFYWHMCP>
#	G	D	E	R	K	N	Q	S	T	A	V	L	I	F	Y	W	H	M	C	P
0	0.00628	0.00591	0.00997	0.87523	0.02289	0.00738	0.00923	0.00849	0.00664	0.00849	0.00591	0.00886	0.00443	0.00332	0.00332	0.00111	0.00443	0.00295	0.00148	0.00369
1	0.00405	0.00289	0.00386	0.00463	0.00482	0.00270	0.00308	0.00463	0.00636	0.00848	0.01832	0.88105	0.02198	0.01041	0.00424	0.00135	0.00193	0.00945	0.00308	0.00270
2	0.90669	0.00643	0.00488	0.00437	0.00643	0.00745	0.00360	0.00977	0.00566	0.01491	0.00463	0.00540	0.00360	0.00308	0.00206	0.00103	0.00257	0.00180	0.00206	0.00360
3	0.00628	0.00591	0.00997	0.87523	0.02289	0.00738	0.00923	0.00849	0.00664	0.00849	0.00591	0.00886	0.00443	0.00332	0.00332	0.00111	0.00443	0.00295	0.00148	0.00369
4	0.00675	0.00576	0.00609	0.00559	0.00717	0.00630	0.00431	0.01308	0.54668	0.01248	0.09256	0.01893	0.24895	0.00579	0.00358	0.00112	0.00227	0.00486	0.00332	0.00439
5	0.01120	0.00793	0.00845	0.00664	0.00888	0.00871	0.00543	0.66419	0.01370	0.01904	0.00861	0.00896	0.00629	0.00396	0.00310	0.00095	0.00319	0.00302	0.20268	0.00508
6	0.00483	0.00322	0.00362	0.00362	0.00362	0.00322	0.00201	0.00483	0.00483	0.00644	0.01047	0.02175	0.01208	0.88322	0.01691	0.00322	0.00322	0.00483	0.00201	0.00201
7	0.00659	0.00627	0.01028	0.68775	0.06227	0.00777	0.02718	0.00892	0.03876	0.00881	0.00606	0.00879	0.00469	0.00361	0.00415	0.00114	0.09858	0.00300	0.00156	0.00384
8	0.01046	0.01001	0.00999	0.02782	0.13936	0.26343	0.05366	0.10292	0.25025	0.08507	0.00878	0.00904	0.00662	0.00374	0.00327	0.00100	0.00415	0.00303	0.00255	0.00484
9	0.00433	0.00323	0.00402	0.00414	0.00481	0.00293	0.00298	0.00542	0.00805	0.01084	0.41283	0.29443	0.21323	0.00829	0.00402	0.00116	0.00171	0.00731	0.00335	0.00293
10	0.00799	0.00764	0.01289	0.12116	0.73684	0.00785	0.00993	0.01023	0.03357	0.01067	0.00643	0.00843	0.00532	0.00305	0.00330	0.00101	0.00396	0.00298	0.00168	0.00508
11	0.04397	0.04814	0.24481	0.03249	0.01130	0.38272	0.00778	0.05039	0.06269	0.07567	0.00662	0.00721	0.00498	0.00346	0.00305	0.00095	0.00487	0.00246	0.00199	0.00445
12	0.00972	0.01074	0.01203	0.01616	0.55750	0.31638	0.00885	0.01130	0.00823	0.00988	0.00585	0.00743	0.00491	0.00313	0.00318	0.00094	0.00468	0.00267	0.00167	0.00476
13	0.00628	0.00591	0.00997	0.87523	0.02289	0.00738	0.00923	0.00849	0.00664	0.00849	0.00591	0.00886	0.00443	0.00332	0.00332	0.00111	0.00443	0.00295	0.00148	0.00369
14	0.00878	0.84515	0.05658	0.00586	0.00880	0.01290	0.00599	0.00998	0.00676	0.00794	0.00468	0.00541	0.00426	0.00286	0.00218	0.00073	0.00362	0.00181	0.00142	0.00429
15	0.00472	0.00353	0.00528	0.00531	0.00589	0.00409	0.00411	0.00588	0.00538	0.00775	0.00931	0.05078	0.00890	0.02429	0.83241	0.00517	0.00860	0.00382	0.00184	0.00296
16	0.00569	0.00504	0.00694	0.00662	0.00675	0.00635	0.00516	0.00640	0.00581	0.00839	0.01140	0.41134	0.01309	0.00801	0.00742	0.00139	0.42387	0.03477	0.02240	0.00317
17	0.12741	0.00704	0.01154	0.16941	0.38157	0.00730	0.11535	0.00999	0.00725	0.07067	0.00720	0.05774	0.00602	0.00352	0.00327	0.00105	0.00387	0.00332	0.00193	0.00454

[dist]
# distance from previous block
# <min> <max>
2	4

[block]
# block no. 7 follows, 85 sequences, length 48
# corresponding to MSA columns:
# 234-281
name=unknown_H
#
# <colnr> <probs for GDERKNQSTAVLIFYWHMCP>
#	G	D	E	R	K	N	Q	S	T	A	V	L	I	F	Y	W	H	M	C	P
0	0.00910	0.00908	0.01364	0.04246	0.21245	0.09983	0.26338	0.13995	0.01802	0.02142	0.00641	0.00814	0.00508	0.00358	0.00457	0.00109	0.13204	0.00318	0.00194	0.00465
1	0.15301	0.00923	0.00914	0.02287	0.07656	0.11594	0.00616	0.43794	0.08463	0.02797	0.00742	0.00777	0.00551	0.00376	0.00320	0.00100	0.01742	0.00276	0.00275	0.00497
2	0.14347	0.00535	0.00627	0.00537	0.00723	0.00531	0.00439	0.05640	0.07001	0.35526	0.06858	0.01462	0.01048	0.00476	0.00321	0.00106	0.00259	0.10672	0.12443	0.00449
3	0.03038	0.01031	0.00974	0.00770	0.01019	0.15485	0.00625	0.68302	0.01427	0.01854	0.00741	0.00758	0.00537	0.00386	0.00323	0.00097	0.00401	0.00281	0.00301	0.01650
4	0.00577	0.00289	0.00433	0.00433	0.00433	0.00289	0.00289	0.00433	0.00433	0.00577	0.00577	0.01010	0.00577	0.01154	0.01299	0.90332	0.00289	0.00289	0.00144	0.00144
5	0.00479	0.00357	0.00508	0.00559	0.00621	0.00344	0.03356	0.00591	0.00709	0.00928	0.01847	0.40189	0.06908	0.00945	0.00438	0.00141	0.00258	0.40226	0.00302	0.00294
6	0.00520	0.01617	0.00610	0.02114	0.00656	0.01767	0.00456	0.00632	0.00540	0.00773	0.00831	0.01241	0.00782	0.04508	0.71911	0.00468	0.09746	0.00347	0.00174	0.00305
7	0.00428	0.00306	0.00412	0.00489	0.00518	0.00290	0.00348	0.00502	0.00659	0.00874	0.01819	0.73333	0.02148	0.01020	0.00430	0.00138	0.00213	0.15491	0.00308	0.00276
8	0.01234	0.07643	0.01054	0.00750	0.01017	0.01052	0.00627	0.78693	0.01494	0.01994	0.00772	0.00778	0.00554	0.00390	0.00323	0.00098	0.00365	0.00290	0.00318	0.00554
9	0.00672	0.00622	0.01020	0.71496	0.07557	0.00756	0.02106	0.04966	0.00710	0.00927	0.00628	0.02950	0.00497	0.00358	0.00361	0.00111	0.03403	0.00312	0.00162	0.00387
10	0.00404	0.00297	0.00379	0.00443	0.00477	0.00272	0.00300	0.00467	0.00659	0.00863	0.03384	0.74008	0.14817	0.01005	0.00419	0.00131	0.00189	0.00903	0.00309	0.00272
11	0.01428	0.00667	0.00834	0.00639	0.00899	0.00638	0.00528	0.24740	0.01120	0.63120	0.01169	0.01039	0.00751	0.00408	0.00334	0.00102	0.00306	0.00324	0.00389	0.00565
12	0.01473	0.00594	0.00788	0.00605	0.00862	0.00530	0.00499	0.08020	0.00998	0.80013	0.01272	0.01105	0.00803	0.00410	0.00334	0.00103	0.00289	0.00331	0.00405	0.00565
13	0.02030	0.00705	0.04288	0.07356	0.00979	0.08314	0.05557	0.02995	0.19969	0.10026	0.03958	0.07693	0.02785	0.00567	0.00398	0.00119	0.03844	0.17720	0.00280	0.00417
14	0.00789	0.00755	0.01288	0.16848	0.71705	0.00781	0.01003	0.00990	0.00741	0.01045	0.00619	0.00833	0.00512	0.00302	0.00330	0.00101	0.00403	0.00296	0.00162	0.00499
15	0.00666	0.01719	0.86600	0.00947	0.01438	0.00772	0.01228	0.01052	0.00702	0.01052	0.00596	0.00702	0.00421	0.00316	0.00316	0.00105	0.00491	0.00246	0.00140	0.00491
16	0.00482	0.00334	0.00431	0.00431	0.00454	0.00358	0.00287	0.00525	0.00502	0.00692	0.00973	0.01805	0.01044	0.52615	0.34859	0.02809	0.00542	0.00429	0.00191	0.00237
17	0.01198	0.00695	0.08289	0.00728	0.00996	0.00558	0.12684	0.01398	0.03467	0.55795	0.07665	0.01228	0.00950	0.00418	0.00348	0.00106	0.00331	0.02285	0.00345	0.00516
18	0.00484	0.00338	0.00433	0.00439	0.00464	0.00358	0.00298	0.00536	0.00522	0.00713	0.01049	0.02006	0.01136	0.53039	0.30010	0.00380	0.00510	0.06842	0.00202	0.00241
19	0.00521	0.00372	0.00519	0.00595	0.00666	0.00370	0.00510	0.00663	0.00751	0.00978	0.01767	0.13109	0.01944	0.00932	0.00455	0.00151	0.00293	0.74794	0.00306	0.00302
20	0.00887	0.00848	0.05277	0.01538	0.49454	0.01997	0.09321	0.13051	0.06922	0.03284	0.02120	0.00889	0.00613	0.00332	0.00335	0.00101	0.00394	0.00314	0.01807	0.00514
21	0.01107	0.00513	0.00665	0.00556	0.00749	0.00467	0.00450	0.07646	0.00932	0.50047	0.07679	0.10063	0.09560	0.00575	0.00363	0.00111	0.00262	0.07412	0.00373	0.00469
22	0.00405	0.00289	0.00386	0.00463	0.00482	0.00270	0.00308	0.00463	0.00636	0.00848	0.01832	0.88105	0.02198	0.01041	0.00424	0.00135	0.00193	0.00945	0.00308	0.00270
23	0.00596	0.00527	0.00814	0.18859	0.01966	0.00651	0.04161	0.02403	0.00590	0.00835	0.00728	0.02548	0.00666	0.02849	0.39964	0.00315	0.20677	0.00340	0.00169	0.00339
24	0.00923	0.29373	0.28137	0.01879	0.02814	0.04733	0.01717	0.18318	0.04194	0.04021	0.00645	0.00705	0.00492	0.00332	0.00288	0.00092	0.00409	0.00245	0.00199	0.00483
25	0.00783	0.00906	0.08320	0.34231	0.19024	0.14619	0.02132	0.00971	0.00715	0.00912	0.01807	0.00813	0.00495	0.00364	0.00431	0.00108	0.12513	0.00283	0.00157	0.00414
26	0.69666	0.03321	0.02181	0.00643	0.09081	0.06841	0.00471	0.02592	0.00635	0.01386	0.00491	0.00579	0.00388	0.00311	0.00229	0.00100	0.00304	0.00197	0.00199	0.00386
27	0.00476	0.00324	0.00365	0.00365	0.00375	0.00321	0.00210	0.00485	0.00505	0.00667	0.01221	0.02232	0.07705	0.79581	0.03617	0.00311	0.00324	0.00497	0.00209	0.00210
28	0.00763	0.00719	0.04915	0.01850	0.05281	0.02894	0.02518	0.09127	0.01907	0.01169	0.00684	0.00775	0.02401	0.00287	0.00273	0.00065	0.00295	0.00234	0.00208	0.63634
29	0.00466	0.00338	0.00440	0.00418	0.00495	0.00311	0.00312	0.00618	0.00926	0.01307	0.81428	0.05494	0.04805	0.00695	0.00393	0.00106	0.00158	0.00615	0.00363	0.00311
30	0.00689	0.00591	0.00689	0.00492	0.00787	0.00443	0.00394	0.00837	0.00689	0.01083	0.00591	0.00689	0.00492	0.00246	0.00246	0.00049	0.00246	0.00197	0.00197	0.90353
31	0.00719	0.01058	0.31406	0.07410	0.28429	0.00731	0.07025	0.01031	0.06565	0.02282	0.02949	0.01045	0.07141	0.00368	0.00336	0.00105	0.00411	0.00329	0.00186	0.00474
32	0.00750	0.00589	0.00695	0.00500	0.00792	0.00446	0.00401	0.00896	0.00709	0.07570	0.00645	0.00723	0.00517	0.00259	0.00253	0.00053	0.00249	0.00207	0.00213	0.83532
33	0.00446	0.00340	0.00393	0.00393	0.00466	0.00319	0.00281	0.00524	0.00682	0.01868	0.10326	0.08241	0.42211	0.18550	0.12529	0.00213	0.01062	0.00609	0.00274	0.00273
34	0.05090	0.63645	0.01460	0.00580	0.00850	0.01137	0.00548	0.04032	0.07247	0.11721	0.00649	0.00672	0.00523	0.00318	0.00242	0.00081	0.00335	0.00217	0.00201	0.00453
35	0.00723	0.00726	0.00985	0.03840	0.00991	0.13085	0.21369	0.03774	0.00706	0.00911	0.03380	0.01249	0.03364	0.15737	0.16371	0.00223	0.09660	0.00372	0.02185	0.00350
36	0.01221	0.01167	0.00905	0.00762	0.00969	0.41336	0.00597	0.33847	0.01165	0.07204	0.00720	0.00760	0.00539	0.00372	0.00310	0.00092	0.00454	0.00262	0.06852	0.00462
37	0.00628	0.00591	0.00997	0.87523	0.02289	0.00738	0.00923	0.00849	0.00664	0.00849	0.00591	0.00886	0.00443	0.00332	0.00332	0.00111	0.00443	0.00295	0.00148	0.00369
38	0.00766	0.00793	0.01012	0.00871	0.00884	0.07606	0.00720	0.00840	0.00542	0.00801	0.00442	0.00717	0.00436	0.00563	0.01030	0.00141	0.81038	0.00285	0.00147	0.00365
39	0.00815	0.00450	0.00531	0.00475	0.00616	0.00444	0.01201	0.01092	0.15521	0.20572	0.07516	0.05167	0.07496	0.00504	0.00315	0.00099	0.00215	0.03499	0.33068	0.00403
40	0.00443	0.00337	0.00407	0.00392	0.00480	0.00301	0.00293	0.00573	0.00871	0.01174	0.56177	0.04842	0.31015	0.00743	0.00393	0.00108	0.00162	0.00643	0.00345	0.00301
41	0.00446	0.00333	0.00415	0.00416	0.00492	0.00302	0.00309	0.00570	0.00843	0.01144	0.50651	0.16698	0.20973	0.00784	0.00400	0.00113	0.00172	0.04297	0.00341	0.00299
42	0.00535	0.00382	0.00535	0.00612	0.00688	0.00382	0.00535	0.00688	0.00765	0.00994	0.01759	0.03748	0.01912	0.00918	0.00459	0.00153	0.00306	0.84012	0.00306	0.00306
43	0.04455	0.08373	0.49297	0.00864	0.01256	0.02045	0.04258	0.22130	0.02047	0.01311	0.00643	0.00719	0.00466	0.00335	0.00310	0.00101	0.00441	0.00258	0.00195	0.00497
44	0.00438	0.00309	0.00421	0.00474	0.00498	0.00308	0.00327	0.00490	0.00601	0.00811	0.01551	0.61954	0.01811	0.06302	0.12584	0.06193	0.01530	0.02863	0.00271	0.00264
45	0.00423	0.00337	0.00379	0.00372	0.00469	0.00293	0.00279	0.00533	0.00821	0.01055	0.33246	0.04704	0.53401	0.00788	0.00394	0.00110	0.00166	0.01607	0.00329	0.00293
46	0.02827	0.29087	0.09514	0.07583	0.11258	0.18980	0.03633	0.02387	0.00787	0.07484	0.03159	0.00746	0.00554	0.00328	0.00287	0.00090	0.00425	0.00249	0.00184	0.00440
47	0.60272	0.07368	0.00666	0.00493	0.00719	0.00739	0.00414	0.03874	0.00696	0.21087	0.00670	0.00684	0.00479	0.00333	0.00240	0.00100	0.00274	0.00219	0.00252	0.00419

[dist]
# distance from previous block
# <min> <max>
0	1

[block]
# block no. 8 follows, 85 sequences, length 9
# corresponding to MSA columns:
# 283-288,290-292
name=unknown_I
#
# <colnr> <probs for GDERKNQSTAVLIFYWHMCP>
#	G	D	E	R	K	N	Q	S	T	A	V	L	I	F	Y	W	H	M	C	P
0	0.07092	0.00465	0.00629	0.03301	0.02439	0.00519	0.04377	0.00748	0.08446	0.00914	0.04045	0.07235	0.05735	0.15137	0.29575	0.01807	0.06572	0.00425	0.00217	0.00321
1	0.00692	0.00591	0.00682	0.00512	0.00782	0.00479	0.00405	0.00927	0.10508	0.01107	0.00737	0.04834	0.00632	0.00307	0.00265	0.00061	0.00246	0.00252	0.00218	0.75764
2	0.00451	0.00322	0.00438	0.00515	0.00555	0.00310	0.00388	0.00542	0.00681	0.00900	0.01806	0.58435	0.02097	0.00998	0.00436	0.00141	0.00233	0.30161	0.00308	0.00283
3	0.00686	0.00542	0.00754	0.33761	0.06401	0.02301	0.02169	0.04764	0.06898	0.01093	0.00845	0.01044	0.00659	0.00484	0.05275	0.00122	0.00355	0.00310	0.31163	0.00376
4	0.03814	0.00887	0.01348	0.19083	0.01525	0.13168	0.33830	0.03593	0.00757	0.03309	0.00608	0.00815	0.00475	0.00358	0.00472	0.00113	0.14941	0.00318	0.00173	0.00413
5	0.00439	0.00327	0.00398	0.00409	0.00483	0.00296	0.00300	0.00551	0.00801	0.01076	0.36460	0.23048	0.26835	0.00812	0.00398	0.00115	0.00174	0.03775	0.03008	0.00293
6	0.02178	0.00717	0.03538	0.25871	0.01309	0.04048	0.04304	0.13622	0.05468	0.04543	0.00785	0.05946	0.00668	0.00591	0.06278	0.00144	0.16050	0.01899	0.01631	0.00409
7	0.00844	0.04947	0.22172	0.00970	0.12596	0.02079	0.07514	0.09066	0.07048	0.08713	0.02601	0.04121	0.02445	0.00399	0.00393	0.00104	0.07805	0.00327	0.00221	0.05636
8	0.00554	0.00450	0.00584	0.00546	0.00609	0.00502	0.00423	0.05471	0.00795	0.01108	0.34628	0.19680	0.09966	0.00738	0.00553	0.00122	0.19691	0.02955	0.00296	0.00327

[dist]
# distance from previous block
# <min> <max>
0	7

[block]
# block no. 9 follows, 85 sequences, length 37
# corresponding to MSA columns:
# 300-336
name=unknown_J
#
# <colnr> <probs for GDERKNQSTAVLIFYWHMCP>
#	G	D	E	R	K	N	Q	S	T	A	V	L	I	F	Y	W	H	M	C	P
0	0.05527	0.08829	0.17847	0.02296	0.13724	0.07574	0.04927	0.06611	0.03847	0.12597	0.00732	0.02032	0.00558	0.00335	0.00303	0.00093	0.00386	0.00273	0.00217	0.11291
1	0.00945	0.51479	0.02945	0.00704	0.03202	0.21294	0.02611	0.05017	0.00782	0.00876	0.00602	0.07014	0.00568	0.00360	0.00264	0.00083	0.00410	0.00258	0.00171	0.00416
2	0.00739	0.00509	0.00629	0.00518	0.02514	0.00421	0.00395	0.00884	0.01814	0.14438	0.13443	0.03703	0.08760	0.01696	0.04804	0.00104	0.00268	0.00360	0.00268	0.43733
3	0.11747	0.00813	0.15055	0.07107	0.06572	0.00634	0.00655	0.07046	0.00825	0.29051	0.00828	0.00848	0.00576	0.00339	0.00299	0.00094	0.00333	0.00269	0.00262	0.16647
4	0.03770	0.01789	0.00963	0.05615	0.20479	0.02505	0.01867	0.19974	0.07648	0.22842	0.00956	0.06366	0.00739	0.00424	0.00354	0.01217	0.01355	0.00348	0.00287	0.00504
5	0.00415	0.00297	0.00395	0.00456	0.00484	0.00277	0.00309	0.00488	0.00683	0.00922	0.14665	0.75062	0.02341	0.00986	0.00419	0.00130	0.00187	0.00892	0.00317	0.00277
6	0.00475	0.00354	0.00526	0.00526	0.00583	0.00411	0.00405	0.00588	0.00532	0.00766	0.00897	0.01346	0.00848	0.06453	0.83068	0.00524	0.00864	0.00362	0.00179	0.00292
7	0.03805	0.21619	0.05255	0.00694	0.00948	0.06825	0.02799	0.31464	0.02680	0.11859	0.00760	0.00804	0.00572	0.00514	0.06665	0.00125	0.00411	0.00271	0.01447	0.00483
8	0.00774	0.22434	0.45344	0.03335	0.07619	0.00908	0.07155	0.02608	0.02942	0.03053	0.00612	0.00715	0.00465	0.00312	0.00299	0.00097	0.00442	0.00252	0.00160	0.00476
9	0.00566	0.00331	0.00439	0.00475	0.00530	0.00303	0.00330	0.00635	0.00681	0.13192	0.01746	0.71346	0.02949	0.02804	0.00435	0.00133	0.00208	0.00834	0.01752	0.00312
10	0.00542	0.00406	0.00576	0.00691	0.06950	0.00401	0.00543	0.00690	0.00761	0.00990	0.01808	0.05476	0.08656	0.00869	0.00443	0.00145	0.00299	0.69139	0.00296	0.00319
11	0.04011	0.23854	0.14872	0.03680	0.07504	0.20094	0.00714	0.04438	0.02503	0.08885	0.00660	0.02199	0.00527	0.00346	0.00301	0.00092	0.02105	0.00251	0.02520	0.00444
12	0.00450	0.00337	0.00435	0.00465	0.00510	0.00322	0.02300	0.00538	0.03005	0.00844	0.01836	0.46394	0.14064	0.18538	0.01992	0.00176	0.00245	0.06994	0.00282	0.00272
13	0.00450	0.00343	0.00365	0.00364	0.00473	0.00290	0.00271	0.00535	0.00759	0.05126	0.04997	0.11595	0.71597	0.00837	0.00393	0.00114	0.00176	0.00705	0.00315	0.00294
14	0.00479	0.00435	0.06763	0.00469	0.00570	0.00343	0.00388	0.00635	0.00857	0.01205	0.58101	0.15363	0.05226	0.00719	0.00392	0.00111	0.00195	0.05189	0.02241	0.00318
15	0.00739	0.03035	0.06056	0.42911	0.31512	0.04525	0.02557	0.01929	0.00724	0.00959	0.00615	0.01865	0.00493	0.00326	0.00328	0.00104	0.00432	0.00296	0.00158	0.00436
16	0.00422	0.00299	0.00390	0.00449	0.00471	0.00282	0.00299	0.00482	0.00641	0.00860	0.07917	0.69141	0.02133	0.12317	0.00587	0.00157	0.00209	0.02380	0.00299	0.00265
17	0.16077	0.00578	0.00725	0.00566	0.00815	0.00530	0.00467	0.01514	0.00888	0.72578	0.01172	0.01034	0.00747	0.00394	0.00313	0.00103	0.00279	0.00309	0.00378	0.00532
18	0.01040	0.02100	0.01086	0.13315	0.08537	0.44115	0.08681	0.10661	0.00919	0.01010	0.00606	0.02569	0.00499	0.00359	0.00345	0.00097	0.03177	0.00277	0.00187	0.00419
19	0.00793	0.00623	0.00819	0.00706	0.00784	0.02101	0.02028	0.10633	0.00714	0.09227	0.02338	0.07402	0.00780	0.05530	0.11855	0.00189	0.38208	0.00370	0.04521	0.00381
20	0.90669	0.00643	0.00488	0.00437	0.00643	0.00745	0.00360	0.00977	0.00566	0.01491	0.00463	0.00540	0.00360	0.00308	0.00206	0.00103	0.00257	0.00180	0.00206	0.00360
21	0.00422	0.00302	0.00401	0.00457	0.00490	0.00282	0.00315	0.00503	0.00704	0.00954	0.19688	0.68031	0.02390	0.00962	0.00418	0.00129	0.00188	0.02766	0.00321	0.00280
22	0.00398	0.00337	0.00345	0.00343	0.00452	0.00283	0.00257	0.00488	0.00771	0.00930	0.09442	0.03145	0.80018	0.00830	0.00393	0.00112	0.00167	0.00694	0.00313	0.00283
23	0.00727	0.00727	0.01018	0.00872	0.00872	0.01018	0.00727	0.00800	0.00509	0.00800	0.00436	0.00727	0.00436	0.00582	0.01091	0.00145	0.87714	0.00291	0.00145	0.00364
24	0.68150	0.00576	0.00462	0.00417	0.00596	0.00656	0.00339	0.03190	0.00622	0.01451	0.00611	0.00703	0.00475	0.00328	0.00215	0.00097	0.00237	0.00212	0.20309	0.00354
25	0.00888	0.88522	0.01741	0.00569	0.00853	0.01315	0.00569	0.00995	0.00675	0.00782	0.00462	0.00533	0.00426	0.00284	0.00213	0.00071	0.00355	0.00178	0.00142	0.00426
26	0.00477	0.00321	0.00370	0.00375	0.00379	0.00321	0.00216	0.00485	0.00496	0.00663	0.01100	0.08459	0.01269	0.79114	0.04377	0.00315	0.00331	0.00513	0.00208	0.00209
27	0.01241	0.01584	0.00942	0.00856	0.01027	0.86988	0.00642	0.01327	0.00942	0.00813	0.00514	0.00599	0.00428	0.00342	0.00300	0.00086	0.00599	0.00214	0.00171	0.00385
28	0.00666	0.01719	0.86600	0.00947	0.01438	0.00772	0.01228	0.01052	0.00702	0.01052	0.00596	0.00702	0.00421	0.00316	0.00316	0.00105	0.00491	0.00246	0.00140	0.00491
29	0.00483	0.00322	0.00362	0.00362	0.00362	0.00322	0.00201	0.00483	0.00483	0.00644	0.01047	0.02175	0.01208	0.88322	0.01691	0.00322	0.00322	0.00483	0.00201	0.00201
30	0.01241	0.01584	0.00942	0.00856	0.01027	0.86988	0.00642	0.01327	0.00942	0.00813	0.00514	0.00599	0.00428	0.00342	0.00300	0.00086	0.00599	0.00214	0.00171	0.00385
31	0.00400	0.00320	0.00358	0.00385	0.00462	0.00278	0.00275	0.00477	0.00720	0.00894	0.05540	0.33927	0.52981	0.00908	0.00404	0.00120	0.00177	0.00786	0.00310	0.00278
32	0.00472	0.00348	0.00456	0.00517	0.00586	0.00332	0.00418	0.00586	0.00729	0.00936	0.02098	0.26231	0.18710	0.00936	0.00436	0.00140	0.00248	0.45221	0.00307	0.00291
33	0.00420	0.00328	0.00383	0.00400	0.00479	0.00290	0.00294	0.00518	0.00770	0.00989	0.21717	0.24011	0.42449	0.00858	0.00404	0.00118	0.00178	0.04786	0.00321	0.00287
34	0.00826	0.24661	0.05111	0.12604	0.24308	0.02694	0.00759	0.07231	0.10512	0.01056	0.00727	0.05258	0.00624	0.00368	0.00316	0.00097	0.01890	0.00302	0.00195	0.00461
35	0.00814	0.33670	0.35924	0.04486	0.05437	0.06814	0.00882	0.03269	0.02261	0.00957	0.00558	0.00659	0.00444	0.00316	0.00295	0.00092	0.02284	0.00228	0.00153	0.00457
36	0.00838	0.31368	0.18897	0.02893	0.08062	0.07522	0.06195	0.05150	0.00771	0.03746	0.03573	0.07163	0.00681	0.00379	0.00307	0.00094	0.01433	0.00304	0.00186	0.00440

[dist]
# distance from previous block
# <min> <max>
0	119

[block]
# block no. 10 follows, 85 sequences, length 20
# corresponding to MSA columns:
# 457-476
name=unknown_K
#
# <colnr> <probs for GDERKNQSTAVLIFYWHMCP>
#	G	D	E	R	K	N	Q	S	T	A	V	L	I	F	Y	W	H	M	C	P
0	0.15129	0.18996	0.11468	0.00594	0.00821	0.04088	0.04051	0.03283	0.02054	0.02121	0.02607	0.12373	0.00799	0.03733	0.00335	0.00102	0.00318	0.00340	0.07601	0.09188
1	0.16825	0.04175	0.15844	0.04992	0.18705	0.00806	0.02638	0.01001	0.07736	0.01112	0.04988	0.00897	0.02451	0.00397	0.00443	0.00110	0.15963	0.00294	0.00190	0.00433
