[name]
unknown

[dist]
# distance from previous block
# <min> <max>
0	92

[block]
# block no. 0 follows, 79 sequences, length 30
# corresponding to MSA columns:
# 95-124
name=unknown_A
#
# <colnr> <probs for GDERKNQSTAVLIFYWHMCP>
#	G	D	E	R	K	N	Q	S	T	A	V	L	I	F	Y	W	H	M	C	P
0	0.06376	0.04925	0.38436	0.00876	0.04013	0.00773	0.02897	0.05995	0.08694	0.08066	0.01824	0.01342	0.00821	0.00459	0.00354	0.00118	0.00416	0.12883	0.00239	0.00492
1	0.01043	0.00938	0.01033	0.03524	0.04019	0.15533	0.07648	0.26374	0.05409	0.04689	0.02167	0.04589	0.00723	0.02606	0.03549	0.00130	0.08946	0.00348	0.00261	0.06468
2	0.00459	0.00351	0.00377	0.00379	0.00450	0.00317	0.00257	0.00520	0.00706	0.00881	0.07200	0.04417	0.47402	0.32463	0.00920	0.00201	0.00240	0.01902	0.00289	0.00269
3	0.01198	0.21299	0.01226	0.00828	0.02455	0.32229	0.00671	0.28438	0.01119	0.01304	0.00628	0.00700	0.00504	0.00383	0.00358	0.00096	0.05599	0.00254	0.00229	0.00482
4	0.00505	0.00343	0.00384	0.00384	0.00395	0.00338	0.00220	0.00516	0.00546	0.00721	0.03268	0.02396	0.07709	0.78991	0.01657	0.00319	0.00325	0.00533	0.00226	0.00223
5	0.00926	0.00653	0.00773	0.00564	0.00868	0.00531	0.00456	0.08161	0.00857	0.15493	0.00774	0.00820	0.00588	0.00304	0.00285	0.00066	0.00278	0.00243	0.00259	0.67099
6	0.06317	0.04168	0.04563	0.08650	0.32686	0.03658	0.06200	0.07657	0.07158	0.12631	0.00835	0.02519	0.00644	0.00371	0.00343	0.00108	0.00402	0.00328	0.00240	0.00521
7	0.00716	0.01765	0.80781	0.01007	0.01513	0.00822	0.03401	0.01142	0.03575	0.01129	0.00662	0.00769	0.00470	0.00339	0.00338	0.00112	0.00515	0.00269	0.00157	0.00521
8	0.00707	0.01823	0.85788	0.01005	0.01525	0.00818	0.01302	0.01116	0.00744	0.01116	0.00632	0.00744	0.00446	0.00335	0.00335	0.00112	0.00521	0.00260	0.00149	0.00521
9	0.01774	0.08302	0.68290	0.02449	0.02751	0.00848	0.01158	0.01125	0.05108	0.01108	0.00705	0.03592	0.00543	0.00365	0.00331	0.00110	0.00481	0.00287	0.00167	0.00507
10	0.00907	0.02506	0.06264	0.10329	0.47461	0.07818	0.03593	0.01116	0.01572	0.07920	0.02662	0.03483	0.02052	0.00375	0.00352	0.00107	0.00426	0.00343	0.00206	0.00508
11	0.00479	0.00383	0.00431	0.00415	0.00524	0.00348	0.00312	0.00656	0.06083	0.01174	0.36950	0.02952	0.46428	0.00796	0.00413	0.00116	0.00180	0.00679	0.00354	0.00328
12	0.00488	0.00348	0.00451	0.00522	0.02703	0.00323	0.00349	0.01679	0.00725	0.03312	0.04046	0.65021	0.14042	0.02607	0.00463	0.00140	0.00215	0.01932	0.00326	0.00308
13	0.01006	0.04740	0.17841	0.03012	0.14571	0.04813	0.22309	0.07451	0.02141	0.15983	0.00805	0.00905	0.00583	0.00353	0.00372	0.00110	0.01923	0.00329	0.00231	0.00522
14	0.00562	0.00448	0.00628	0.10278	0.05053	0.01879	0.02445	0.00642	0.00607	0.00817	0.01121	0.17323	0.01997	0.30786	0.18039	0.03215	0.03121	0.00525	0.00217	0.00298
15	0.00612	0.00306	0.00459	0.00459	0.00459	0.00306	0.00306	0.00459	0.00459	0.00612	0.00612	0.01071	0.00612	0.01224	0.01377	0.89746	0.00306	0.00306	0.00153	0.00153
16	0.00898	0.07177	0.04874	0.20854	0.34481	0.12159	0.04797	0.04172	0.05213	0.01087	0.00675	0.00855	0.00540	0.00341	0.00340	0.00105	0.00460	0.00300	0.00185	0.00489
17	0.00850	0.09259	0.46350	0.01187	0.18213	0.02157	0.03942	0.07146	0.00830	0.03910	0.00663	0.00782	0.00498	0.00343	0.00351	0.00107	0.02430	0.00278	0.00180	0.00524
18	0.03966	0.00628	0.11419	0.00581	0.03810	0.01587	0.00485	0.02689	0.02227	0.01037	0.04833	0.11248	0.42036	0.05528	0.00506	0.00132	0.04599	0.00604	0.01733	0.00352
19	0.04517	0.48039	0.01466	0.02108	0.07186	0.25262	0.01584	0.01142	0.00803	0.00905	0.00575	0.00748	0.00519	0.00347	0.00275	0.00088	0.00451	0.03375	0.00171	0.00439
20	0.01182	0.00533	0.00677	0.00555	0.00760	0.00493	0.00446	0.01412	0.09499	0.49851	0.11804	0.01494	0.04562	0.00490	0.00348	0.00106	0.00255	0.00405	0.14620	0.00507
21	0.00513	0.00342	0.00384	0.00384	0.00384	0.00342	0.00214	0.00513	0.00513	0.00683	0.01110	0.02306	0.01281	0.87614	0.01794	0.00342	0.00342	0.00513	0.00214	0.00214
22	0.02305	0.01003	0.15502	0.02920	0.14472	0.00858	0.35792	0.01082	0.00768	0.05226	0.00721	0.03558	0.00582	0.00386	0.00494	0.00121	0.13175	0.00368	0.00187	0.00480
23	0.00828	0.00967	0.16079	0.23596	0.07395	0.05811	0.03418	0.03880	0.26934	0.02760	0.04129	0.01066	0.00782	0.00402	0.00353	0.00114	0.00412	0.00342	0.00241	0.00490
24	0.01019	0.00747	0.00958	0.00747	0.00970	0.00788	0.13224	0.39582	0.03766	0.03091	0.02551	0.01065	0.00757	0.00407	0.00330	0.00101	0.00339	0.00345	0.28723	0.00488
25	0.00517	0.00412	0.00544	0.00560	0.00623	0.03000	0.04549	0.02488	0.00778	0.01034	0.15481	0.58447	0.03602	0.00952	0.00438	0.00135	0.00242	0.05558	0.00326	0.00317
26	0.00786	0.01144	0.30178	0.07305	0.42739	0.00815	0.04242	0.01085	0.02857	0.01117	0.00682	0.00867	0.00538	0.00416	0.03624	0.00126	0.00480	0.00304	0.00170	0.00522
27	0.00585	0.00555	0.01022	0.00853	0.00994	0.00533	0.29769	0.00731	0.00730	0.00980	0.01518	0.49770	0.05179	0.00791	0.00466	0.00134	0.04011	0.00756	0.00268	0.00357
28	0.01254	0.00973	0.01008	0.00798	0.01061	0.04501	0.00650	0.65885	0.16768	0.02030	0.00941	0.00923	0.00680	0.00431	0.00352	0.00108	0.00378	0.00328	0.00347	0.00584
29	0.00838	0.01014	0.19537	0.05392	0.54203	0.00800	0.03807	0.01083	0.00782	0.04338	0.00703	0.00923	0.00572	0.04017	0.00410	0.00117	0.00441	0.00316	0.00180	0.00527

[dist]
# distance from previous block
# <min> <max>
0	6

[block]
# block no. 1 follows, 79 sequences, length 67
# corresponding to MSA columns:
# 131-141,151-201,206-210
name=unknown_B
#
# <colnr> <probs for GDERKNQSTAVLIFYWHMCP>
#	G	D	E	R	K	N	Q	S	T	A	V	L	I	F	Y	W	H	M	C	P
0	0.46780	0.18949	0.00975	0.00676	0.04280	0.10000	0.02740	0.03577	0.00710	0.01284	0.00533	0.01536	0.00448	0.00354	0.00308	0.00103	0.05910	0.00225	0.00198	0.00415
1	0.00774	0.00748	0.01197	0.40203	0.40729	0.03995	0.00984	0.00984	0.00760	0.01015	0.00703	0.05048	0.00600	0.00371	0.00354	0.00112	0.00440	0.00343	0.00174	0.00464
2	0.00760	0.00678	0.01869	0.02130	0.12086	0.00547	0.03777	0.00943	0.01873	0.02180	0.00701	0.00817	0.01878	0.00287	0.00286	0.00066	0.00300	0.00246	0.00208	0.68368
3	0.00745	0.00880	0.16703	0.34545	0.13596	0.00745	0.00913	0.01020	0.04607	0.03346	0.00716	0.02910	0.00568	0.00364	0.00364	0.00106	0.03269	0.00309	0.00187	0.14106
4	0.00511	0.00358	0.00473	0.00473	0.00503	0.00388	0.00325	0.00567	0.00537	0.00745	0.01016	0.01830	0.01071	0.44535	0.42018	0.03120	0.00628	0.00442	0.00200	0.00260
5	0.01081	0.00866	0.00895	0.00751	0.00981	0.04382	0.00598	0.31503	0.47210	0.04739	0.02417	0.01134	0.00905	0.00456	0.00355	0.00113	0.00332	0.00364	0.00352	0.00565
6	0.00513	0.00342	0.00384	0.00384	0.00384	0.00342	0.00214	0.00513	0.00513	0.00683	0.01110	0.02306	0.01281	0.87614	0.01794	0.00342	0.00342	0.00513	0.00214	0.00214
7	0.00506	0.00369	0.00523	0.00523	0.00570	0.00417	0.00386	0.00601	0.00553	0.00786	0.00984	0.01606	0.00977	0.23064	0.65928	0.00512	0.00799	0.00410	0.00195	0.00290
8	0.00942	0.87826	0.01847	0.00603	0.00905	0.01395	0.00603	0.01055	0.00716	0.00829	0.00490	0.00565	0.00452	0.00302	0.00226	0.00075	0.00377	0.00188	0.00151	0.00452
9	0.90103	0.00682	0.00518	0.00463	0.00682	0.00791	0.00382	0.01036	0.00600	0.01581	0.00491	0.00573	0.00382	0.00327	0.00218	0.00109	0.00273	0.00191	0.00218	0.00382
10	0.00731	0.00626	0.00731	0.00522	0.00835	0.00470	0.00418	0.00887	0.00731	0.01148	0.00626	0.00731	0.00522	0.00261	0.00261	0.00052	0.00261	0.00209	0.00209	0.89768
11	0.00731	0.00626	0.00731	0.00522	0.00835	0.00470	0.00418	0.00887	0.00731	0.01148	0.00626	0.00731	0.00522	0.00261	0.00261	0.00052	0.00261	0.00209	0.00209	0.89768
12	0.00513	0.00342	0.00384	0.00384	0.00384	0.00342	0.00214	0.00513	0.00513	0.00683	0.01110	0.02306	0.01281	0.87614	0.01794	0.00342	0.00342	0.00513	0.00214	0.00214
13	0.01581	0.00600	0.00818	0.00627	0.00900	0.00518	0.00518	0.01718	0.01009	0.85660	0.01390	0.01200	0.00872	0.00436	0.00354	0.00109	0.00300	0.00354	0.00436	0.00600
14	0.00877	0.00757	0.00797	0.00717	0.00916	0.00877	0.00558	0.01873	0.84779	0.01474	0.01434	0.01315	0.01076	0.00478	0.00359	0.00120	0.00279	0.00398	0.00359	0.00558
15	0.90103	0.00682	0.00518	0.00463	0.00682	0.00791	0.00382	0.01036	0.00600	0.01581	0.00491	0.00573	0.00382	0.00327	0.00218	0.00109	0.00273	0.00191	0.00218	0.00382
16	0.00530	0.00411	0.00519	0.03150	0.01778	0.00424	0.00405	0.00780	0.16839	0.01016	0.01787	0.65859	0.02006	0.00949	0.00429	0.00138	0.00231	0.02079	0.00326	0.00346
17	0.00731	0.00626	0.00731	0.00522	0.00835	0.00470	0.00418	0.00887	0.00731	0.01148	0.00626	0.00731	0.00522	0.00261	0.00261	0.00052	0.00261	0.00209	0.00209	0.89768
18	0.00771	0.00771	0.01079	0.00925	0.00925	0.01079	0.00771	0.00848	0.00540	0.00848	0.00463	0.00771	0.00463	0.00617	0.01157	0.00154	0.86969	0.00308	0.00154	0.00386
19	0.00512	0.00389	0.00582	0.00577	0.00638	0.00460	0.00450	0.00636	0.00566	0.00819	0.00930	0.01366	0.00869	0.02582	0.83663	0.00554	0.03527	0.00376	0.00188	0.00317
20	0.90103	0.00682	0.00518	0.00463	0.00682	0.00791	0.00382	0.01036	0.00600	0.01581	0.00491	0.00573	0.00382	0.00327	0.00218	0.00109	0.00273	0.00191	0.00218	0.00382
21	0.00771	0.00771	0.01079	0.00925	0.00925	0.01079	0.00771	0.00848	0.00540	0.00848	0.00463	0.00771	0.00463	0.00617	0.01157	0.00154	0.86969	0.00308	0.00154	0.00386
22	0.00426	0.00341	0.00383	0.00415	0.00497	0.00297	0.00299	0.00508	0.00757	0.00937	0.02929	0.33598	0.52722	0.00971	0.00431	0.00129	0.00193	0.03547	0.00327	0.00294
23	0.00429	0.00307	0.00409	0.00491	0.00511	0.00286	0.00327	0.00491	0.00675	0.00900	0.01943	0.87384	0.02331	0.01104	0.00450	0.00143	0.00204	0.01002	0.00327	0.00286
24	0.01491	0.00607	0.00809	0.00635	0.00896	0.00545	0.00523	0.01701	0.08092	0.76008	0.01408	0.01292	0.00924	0.00456	0.00359	0.00112	0.00299	0.02829	0.00426	0.00588
25	0.54090	0.00806	0.00737	0.00604	0.00848	0.00913	0.00499	0.34794	0.01029	0.01841	0.00635	0.00684	0.00470	0.00366	0.00273	0.00108	0.00319	0.00242	0.00273	0.00470
26	0.00889	0.00754	0.00797	0.00716	0.00916	0.00870	0.00557	0.01870	0.83278	0.02982	0.01434	0.01313	0.01072	0.00477	0.00359	0.00119	0.00279	0.00398	0.00360	0.00559
27	0.00430	0.00358	0.00376	0.00371	0.00484	0.00303	0.00278	0.00532	0.00835	0.01028	0.17052	0.03266	0.71744	0.00864	0.00416	0.00118	0.00176	0.00726	0.00337	0.00303
28	0.00872	0.00837	0.01431	0.02163	0.85415	0.00837	0.01082	0.01082	0.00802	0.01151	0.00663	0.00872	0.00558	0.00314	0.00349	0.00105	0.00419	0.00314	0.00174	0.00558
29	0.00942	0.87826	0.01847	0.00603	0.00905	0.01395	0.00603	0.01055	0.00716	0.00829	0.00490	0.00565	0.00452	0.00302	0.00226	0.00075	0.00377	0.00188	0.00151	0.00452
30	0.00462	0.00377	0.00403	0.00389	0.00506	0.00329	0.00294	0.03055	0.00871	0.01090	0.21220	0.03151	0.64935	0.00841	0.00414	0.00117	0.00182	0.00708	0.00341	0.00314
31	0.00478	0.00359	0.00443	0.00422	0.00514	0.00324	0.00316	0.00625	0.00949	0.01298	0.64889	0.02822	0.23738	0.00763	0.00416	0.00113	0.00169	0.00664	0.00373	0.00324
32	0.03763	0.00708	0.00764	0.00640	0.00880	0.00729	0.00502	0.01496	0.52187	0.01362	0.01117	0.01083	0.00856	0.00396	0.00319	0.00095	0.00272	0.00324	0.00301	0.32204
33	0.00666	0.00626	0.01057	0.86767	0.02427	0.00783	0.00979	0.00900	0.00705	0.00900	0.00626	0.00940	0.00470	0.00352	0.00352	0.00117	0.00470	0.00313	0.00157	0.00392
34	0.00532	0.00398	0.00572	0.00560	0.00604	0.00467	0.00423	0.00618	0.00549	0.00787	0.00912	0.01461	0.00894	0.15562	0.61350	0.05940	0.07500	0.00389	0.00188	0.00295
35	0.01420	0.00552	0.00760	0.00601	0.00829	0.00485	0.00485	0.01513	0.00920	0.71645	0.01267	0.01183	0.00833	0.00586	0.01727	0.13617	0.00310	0.00347	0.00390	0.00528
36	0.00871	0.00791	0.00978	0.00837	0.00923	0.03196	0.00685	0.13581	0.14732	0.01172	0.00729	0.00917	0.00620	0.00656	0.05222	0.00159	0.50256	0.00327	0.02906	0.00442
37	0.00756	0.00734	0.01359	0.01071	0.01304	0.02067	0.42637	0.06390	0.00884	0.01176	0.04723	0.04642	0.01221	0.00580	0.00436	0.00133	0.00459	0.28755	0.00253	0.00419
38	0.01108	0.03637	0.01168	0.03406	0.16380	0.17320	0.06723	0.29083	0.14952	0.01489	0.00826	0.00889	0.00630	0.00386	0.00347	0.00105	0.00440	0.00316	0.00265	0.00530
39	0.90103	0.00682	0.00518	0.00463	0.00682	0.00791	0.00382	0.01036	0.00600	0.01581	0.00491	0.00573	0.00382	0.00327	0.00218	0.00109	0.00273	0.00191	0.00218	0.00382
40	0.00611	0.00520	0.00676	0.05110	0.00732	0.03152	0.00487	0.00686	0.00567	0.00791	0.00871	0.01564	0.00906	0.31205	0.25632	0.00333	0.23121	0.02539	0.00190	0.00305
41	0.00714	0.00688	0.00949	0.00833	0.00851	0.02287	0.00684	0.00801	0.00553	0.00839	0.00586	0.00935	0.00572	0.02458	0.20827	0.00251	0.64315	0.00326	0.00164	0.00367
42	0.00499	0.00360	0.00471	0.00443	0.00527	0.00333	0.00333	0.00665	0.00998	0.01413	0.85230	0.02633	0.03325	0.00721	0.00416	0.00111	0.00166	0.00637	0.00388	0.00333
43	0.00778	0.21747	0.61659	0.00894	0.01347	0.00954	0.01099	0.03379	0.02016	0.01083	0.00653	0.00746	0.01497	0.00338	0.00311	0.00103	0.00476	0.00253	0.00160	0.00505
44	0.00666	0.00626	0.01057	0.86767	0.02427	0.00783	0.00979	0.00900	0.00705	0.00900	0.00626	0.00940	0.00470	0.00352	0.00352	0.00117	0.00470	0.00313	0.00157	0.00392
45	0.00666	0.00626	0.01057	0.86767	0.02427	0.00783	0.00979	0.00900	0.00705	0.00900	0.00626	0.00940	0.00470	0.00352	0.00352	0.00117	0.00470	0.00313	0.00157	0.00392
46	0.00513	0.00342	0.00384	0.00384	0.00384	0.00342	0.00214	0.00513	0.00513	0.00683	0.01110	0.02306	0.01281	0.87614	0.01794	0.00342	0.00342	0.00513	0.00214	0.00214
47	0.90103	0.00682	0.00518	0.00463	0.00682	0.00791	0.00382	0.01036	0.00600	0.01581	0.00491	0.00573	0.00382	0.00327	0.00218	0.00109	0.00273	0.00191	0.00218	0.00382
48	0.00612	0.00306	0.00459	0.00459	0.00459	0.00306	0.00306	0.00459	0.00459	0.00612	0.00612	0.01071	0.00612	0.01224	0.01377	0.89746	0.00306	0.00306	0.00153	0.00153
49	0.00942	0.87826	0.01847	0.00603	0.00905	0.01395	0.00603	0.01055	0.00716	0.00829	0.00490	0.00565	0.00452	0.00302	0.00226	0.00075	0.00377	0.00188	0.00151	0.00452
50	0.00778	0.00565	0.00587	0.00543	0.00690	0.00631	0.00419	0.01402	0.47193	0.01403	0.01307	0.01314	0.00999	0.00448	0.00308	0.00103	0.00228	0.00367	0.40258	0.00455
51	0.00771	0.00771	0.01079	0.00925	0.00925	0.01079	0.00771	0.00848	0.00540	0.00848	0.00463	0.00771	0.00463	0.00617	0.01157	0.00154	0.86969	0.00308	0.00154	0.00386
52	0.90103	0.00682	0.00518	0.00463	0.00682	0.00791	0.00382	0.01036	0.00600	0.01581	0.00491	0.00573	0.00382	0.00327	0.00218	0.00109	0.00273	0.00191	0.00218	0.00382
53	0.00440	0.00315	0.00419	0.00483	0.00514	0.00294	0.00328	0.00518	0.00726	0.00981	0.15125	0.73969	0.02488	0.01043	0.00444	0.00138	0.00198	0.00944	0.00337	0.00294
54	0.00731	0.00626	0.00731	0.00522	0.00835	0.00470	0.00418	0.00887	0.00731	0.01148	0.00626	0.00731	0.00522	0.00261	0.00261	0.00052	0.00261	0.00209	0.00209	0.89768
55	0.00470	0.00359	0.00431	0.00413	0.00509	0.00320	0.00310	0.00610	0.00930	0.01253	0.56878	0.02896	0.31777	0.00780	0.00416	0.00114	0.00171	0.00674	0.00367	0.00320
56	0.00725	0.01722	0.79463	0.00969	0.01463	0.00788	0.01236	0.01115	0.00763	0.03758	0.04307	0.00840	0.00584	0.00355	0.00339	0.00112	0.00499	0.00280	0.00168	0.00515
57	0.00644	0.00579	0.00803	0.00758	0.03378	0.02158	0.00585	0.00739	0.00565	0.00830	0.00738	0.01179	0.00722	0.09525	0.37969	0.00347	0.37605	0.00356	0.00176	0.00345
58	0.00667	0.01580	0.70995	0.04621	0.01428	0.00749	0.01153	0.01027	0.00750	0.01085	0.01015	0.01098	0.11505	0.00408	0.00346	0.00113	0.00474	0.00326	0.00172	0.00486
59	0.00434	0.00376	0.00421	0.00403	0.00526	0.00323	0.02885	0.00533	0.00797	0.00959	0.04643	0.03217	0.77715	0.00947	0.04120	0.00138	0.00224	0.00716	0.00318	0.00304
60	0.00935	0.81371	0.01844	0.00690	0.03573	0.01355	0.04223	0.01059	0.00724	0.00852	0.00505	0.00592	0.00459	0.00302	0.00238	0.00078	0.00388	0.00202	0.00153	0.00457
61	0.00903	0.00827	0.01404	0.02097	0.81768	0.00824	0.01057	0.01109	0.00811	0.04799	0.00694	0.00886	0.00572	0.00319	0.00349	0.00105	0.00414	0.00316	0.00186	0.00560
62	0.00823	0.00795	0.06556	0.04588	0.33660	0.00753	0.03055	0.02122	0.22872	0.04100	0.04589	0.04668	0.03283	0.01314	0.00374	0.00113	0.00356	0.01360	0.00254	0.04365
63	0.00456	0.00328	0.00432	0.00499	0.00520	0.00322	0.00339	0.00520	0.00667	0.00909	0.01823	0.77653	0.02162	0.03538	0.00509	0.00147	0.03787	0.00930	0.04168	0.00290
64	0.66469	0.02888	0.03649	0.00608	0.01883	0.12286	0.02979	0.03680	0.00703	0.01452	0.00523	0.00610	0.00409	0.00334	0.00247	0.00106	0.00347	0.00210	0.00212	0.00404
65	0.00437	0.00360	0.00386	0.00395	0.00503	0.00310	0.00301	0.00536	0.00807	0.00982	0.07826	0.06003	0.68912	0.02162	0.00444	0.00127	0.00195	0.08685	0.00329	0.00300
66	0.00914	0.00808	0.01138	0.13742	0.30087	0.01920	0.04282	0.16483	0.20450	0.01371	0.00926	0.04714	0.00747	0.00412	0.00359	0.00112	0.00389	0.00367	0.00254	0.00524

[dist]
# distance from previous block
# <min> <max>
1	18

[block]
# block no. 2 follows, 79 sequences, length 11
# corresponding to MSA columns:
# 229-239
name=unknown_C
#
# <colnr> <probs for GDERKNQSTAVLIFYWHMCP>
#	G	D	E	R	K	N	Q	S	T	A	V	L	I	F	Y	W	H	M	C	P
0	0.01108	0.01183	0.12551	0.01226	0.25431	0.22083	0.00855	0.19103	0.02771	0.07425	0.00747	0.00832	0.00566	0.00367	0.00339	0.00103	0.00463	0.00291	0.02032	0.00523
1	0.00735	0.00425	0.00620	0.00579	0.00687	0.00457	0.00457	0.00863	0.00662	0.19059	0.01040	0.01345	0.00879	0.02169	0.67757	0.00468	0.00806	0.00373	0.00242	0.00376
2	0.20423	0.01393	0.00883	0.00794	0.00989	0.62078	0.00606	0.01348	0.00914	0.06716	0.00590	0.00660	0.00467	0.00360	0.00299	0.00096	0.00535	0.00228	0.00207	0.00416
3	0.01101	0.03595	0.09160	0.08297	0.26392	0.23859	0.02560	0.03353	0.00899	0.16320	0.00757	0.00853	0.00566	0.00356	0.00338	0.00103	0.00471	0.00291	0.00224	0.00504
4	0.00691	0.03085	0.37973	0.00989	0.08568	0.02531	0.10330	0.00947	0.00749	0.02932	0.01045	0.26484	0.01035	0.00559	0.00377	0.00120	0.00421	0.00502	0.00214	0.00447
5	0.00657	0.00328	0.00328	0.00328	0.00411	0.00328	0.00246	0.00821	0.00739	0.01314	0.01150	0.01314	0.00903	0.00411	0.00246	0.00082	0.00164	0.00328	0.89571	0.00328
6	0.00622	0.00579	0.00925	0.63982	0.06134	0.00681	0.00831	0.00825	0.00731	0.00924	0.01261	0.01463	0.18707	0.00467	0.00366	0.00117	0.00405	0.00406	0.00194	0.00380
7	0.06214	0.05939	0.01075	0.01020	0.17812	0.04459	0.00706	0.10408	0.00897	0.27961	0.00845	0.00906	0.00621	0.00432	0.00509	0.00115	0.18984	0.00308	0.00274	0.00516
8	0.19699	0.00427	0.00392	0.00380	0.00520	0.00404	0.00292	0.00620	0.00760	0.01087	0.02908	0.02786	0.67021	0.00771	0.00374	0.00117	0.00199	0.00625	0.00304	0.00316
9	0.00529	0.00353	0.00436	0.00415	0.00500	0.00330	0.00311	0.00692	0.00934	0.01373	0.63805	0.02380	0.06164	0.00661	0.00379	0.00105	0.00166	0.00575	0.19560	0.00330
10	0.00641	0.00461	0.00615	0.00664	0.00765	0.00471	0.00578	0.08671	0.00892	0.01166	0.01769	0.03678	0.01892	0.00921	0.00474	0.00157	0.00331	0.75177	0.00327	0.00351

[dist]
# distance from previous block
# <min> <max>
0	5

[block]
# block no. 3 follows, 79 sequences, length 19
# corresponding to MSA columns:
# 245-263
name=unknown_D
#
# <colnr> <probs for GDERKNQSTAVLIFYWHMCP>
#	G	D	E	R	K	N	Q	S	T	A	V	L	I	F	Y	W	H	M	C	P
0	0.23212	0.00401	0.00474	0.00460	0.00515	0.00428	0.00325	0.00605	0.00495	0.00857	0.00582	0.00945	0.00554	0.00998	0.01085	0.67109	0.00298	0.00277	0.00169	0.00211
1	0.00760	0.01108	0.29238	0.24848	0.33221	0.00817	0.02927	0.01045	0.00757	0.01071	0.00644	0.00850	0.00497	0.00331	0.00347	0.00111	0.00470	0.00298	0.00161	0.00499
2	0.00852	0.04979	0.03165	0.04215	0.18988	0.07534	0.05698	0.09339	0.07162	0.02884	0.03210	0.01804	0.02165	0.02629	0.00434	0.00127	0.02031	0.22073	0.00257	0.00452
3	0.00819	0.00678	0.00721	0.00646	0.00831	0.00754	0.00503	0.06553	0.59177	0.03009	0.07509	0.01702	0.14465	0.00556	0.00371	0.00118	0.00262	0.00464	0.00357	0.00505
4	0.00510	0.00389	0.00479	0.00491	0.00589	0.00366	0.00393	0.00685	0.04227	0.01168	0.32048	0.03216	0.27475	0.00839	0.00435	0.00129	0.00222	0.25660	0.00349	0.00329
5	0.17877	0.03851	0.18771	0.02119	0.04758	0.07495	0.00716	0.03865	0.13210	0.22609	0.00911	0.00908	0.00645	0.00383	0.00318	0.00108	0.00378	0.00291	0.00275	0.00511
6	0.00606	0.00546	0.00893	0.64979	0.01943	0.00658	0.00814	0.00797	0.00697	0.00900	0.00959	0.22770	0.00940	0.00542	0.00377	0.00124	0.00403	0.00487	0.00200	0.00365
7	0.00576	0.00468	0.00705	0.00945	0.22004	0.00456	0.00573	0.00703	0.00754	0.01017	0.04071	0.39876	0.04968	0.00854	0.00431	0.00136	0.00285	0.20521	0.00290	0.00366
8	0.65495	0.00666	0.00661	0.22262	0.01127	0.00782	0.00536	0.01017	0.00636	0.03330	0.00546	0.00680	0.00415	0.00336	0.00255	0.00111	0.00323	0.00225	0.00208	0.00389
9	0.00603	0.00558	0.00880	0.64945	0.01935	0.00660	0.00799	0.00801	0.00730	0.00914	0.01370	0.01559	0.21885	0.00489	0.00369	0.00118	0.00396	0.00422	0.00200	0.00368
10	0.00566	0.00306	0.00446	0.00467	0.00472	0.00301	0.00311	0.00467	0.00514	0.00685	0.00948	0.22868	0.01046	0.01194	0.01143	0.67118	0.00280	0.00482	0.00197	0.00187
11	0.00421	0.00357	0.00363	0.00361	0.00479	0.00299	0.00271	0.00514	0.00813	0.00976	0.07722	0.03353	0.81106	0.00884	0.00416	0.00119	0.00178	0.00738	0.00330	0.00299
12	0.00926	0.65838	0.01582	0.00632	0.00908	0.01264	0.00592	0.01262	0.21945	0.00992	0.00728	0.00755	0.00610	0.00346	0.00260	0.00087	0.00352	0.00241	0.00203	0.00479
13	0.00512	0.00353	0.00437	0.00440	0.00459	0.00369	0.00284	0.00550	0.00537	0.00731	0.01096	0.02135	0.01208	0.62946	0.23065	0.00392	0.00493	0.03536	0.00211	0.00243
14	0.00885	0.55168	0.11034	0.06006	0.16738	0.01181	0.02617	0.01059	0.00737	0.00931	0.00551	0.00672	0.00474	0.00310	0.00272	0.00088	0.00411	0.00232	0.00156	0.00476
15	0.01238	0.02746	0.01009	0.00913	0.02344	0.73906	0.00685	0.01351	0.02755	0.00878	0.00567	0.00678	0.00479	0.00431	0.02191	0.00106	0.06888	0.00241	0.00183	0.00411
16	0.05671	0.60986	0.01398	0.00533	0.00784	0.01085	0.00506	0.00915	0.00732	0.00901	0.01268	0.01280	0.21869	0.00452	0.00274	0.00088	0.00321	0.00329	0.00199	0.00409
17	0.00506	0.00369	0.00520	0.00520	0.00567	0.00416	0.00383	0.00600	0.00553	0.00784	0.00986	0.01617	0.00982	0.24101	0.64897	0.00510	0.00792	0.00412	0.00195	0.00289
18	0.00771	0.00713	0.01197	0.05137	0.60692	0.00735	0.00916	0.00960	0.00739	0.01057	0.00732	0.01004	0.00636	0.00904	0.22034	0.00222	0.00553	0.00330	0.00177	0.00490

[dist]
# distance from previous block
# <min> <max>
0	9

[block]
# block no. 4 follows, 79 sequences, length 11
# corresponding to MSA columns:
# 273-283
name=unknown_E
#
# <colnr> <probs for GDERKNQSTAVLIFYWHMCP>
#	G	D	E	R	K	N	Q	S	T	A	V	L	I	F	Y	W	H	M	C	P
0	0.00804	0.00680	0.00734	0.00664	0.00841	0.00771	0.00514	0.01639	0.68574	0.01463	0.17642	0.01570	0.01511	0.00525	0.00370	0.00118	0.00257	0.00445	0.00364	0.00514
1	0.00482	0.00344	0.00469	0.00550	0.00594	0.00331	0.00418	0.00581	0.00726	0.00958	0.01914	0.55961	0.02217	0.01055	0.00464	0.00150	0.00250	0.31910	0.00326	0.00301
2	0.00703	0.16737	0.00866	0.00623	0.00747	0.13064	0.00505	0.00821	0.00657	0.00827	0.00802	0.01124	0.00740	0.01879	0.57849	0.00407	0.00794	0.00321	0.00181	0.00354
3	0.00774	0.00669	0.00968	0.00724	0.01005	0.00575	0.16617	0.01031	0.08853	0.05162	0.03150	0.05723	0.02975	0.00372	0.00323	0.00083	0.00321	0.00343	0.00242	0.50090
4	0.00869	0.00765	0.05495	0.00736	0.03399	0.04403	0.06170	0.24499	0.09648	0.01325	0.01342	0.01423	0.17006	0.00658	0.00571	0.18144	0.00350	0.00403	0.00269	0.02526
5	0.00511	0.00348	0.00414	0.00414	0.00424	0.00358	0.00251	0.00532	0.00521	0.00705	0.01083	0.02156	0.01216	0.73781	0.15537	0.00378	0.00440	0.00491	0.00210	0.00230
6	0.00541	0.00387	0.00537	0.00618	0.00688	0.00383	0.00521	0.00684	0.00785	0.01025	0.01881	0.20108	0.02087	0.00999	0.00480	0.00159	0.00301	0.67175	0.00325	0.00317
7	0.00669	0.01536	0.69269	0.00885	0.01305	0.00726	0.01092	0.00999	0.00699	0.01032	0.00725	0.01046	0.00608	0.17216	0.00617	0.00156	0.00486	0.00309	0.00161	0.00461
8	0.01124	0.00834	0.00896	0.00717	0.00934	0.00921	0.00568	0.58043	0.11530	0.01833	0.00969	0.01186	0.00789	0.17294	0.00632	0.00153	0.00366	0.00365	0.00326	0.00520
9	0.00529	0.00522	0.08946	0.00499	0.00634	0.00402	0.00428	0.00746	0.05190	0.01297	0.54951	0.05873	0.14485	0.00700	0.00401	0.00113	0.00210	0.00608	0.03108	0.00356
10	0.00612	0.00306	0.00459	0.00459	0.00459	0.00306	0.00306	0.00459	0.00459	0.00612	0.00612	0.01071	0.00612	0.01224	0.01377	0.89746	0.00306	0.00306	0.00153	0.00153

[dist]
# distance from previous block
# <min> <max>
0	3

[block]
# block no. 5 follows, 79 sequences, length 55
# corresponding to MSA columns:
# 287-341
name=unknown_F
#
# <colnr> <probs for GDERKNQSTAVLIFYWHMCP>
#	G	D	E	R	K	N	Q	S	T	A	V	L	I	F	Y	W	H	M	C	P
0	0.00610	0.00307	0.00461	0.00461	0.00462	0.00308	0.00308	0.00462	0.00461	0.00616	0.00618	0.01077	0.00617	0.01249	0.02871	0.88175	0.00317	0.00307	0.00154	0.00156
1	0.00750	0.00422	0.00544	0.00480	0.00614	0.00380	0.00372	0.00911	0.02122	0.21274	0.54512	0.02367	0.12503	0.00671	0.00401	0.00112	0.00201	0.00580	0.00392	0.00395
2	0.00511	0.00342	0.00386	0.00387	0.00389	0.00341	0.00217	0.00515	0.00524	0.00701	0.02755	0.03512	0.01336	0.84708	0.01748	0.00334	0.00336	0.00522	0.00219	0.00217
3	0.05020	0.00870	0.03497	0.02815	0.68684	0.00860	0.02652	0.09137	0.00874	0.01271	0.00673	0.00855	0.00550	0.00326	0.00344	0.00106	0.00416	0.00309	0.00193	0.00550
4	0.00802	0.01118	0.19682	0.04092	0.01765	0.00872	0.61374	0.01142	0.03428	0.01130	0.00716	0.00918	0.00531	0.00312	0.00395	0.00117	0.00565	0.00379	0.00177	0.00485
5	0.00433	0.00312	0.00412	0.00491	0.00517	0.00290	0.00333	0.00499	0.00683	0.00906	0.01995	0.81882	0.05141	0.01093	0.00450	0.00143	0.00207	0.03596	0.00327	0.00288
6	0.00550	0.00402	0.00543	0.00525	0.00549	0.00463	0.00375	0.00591	0.00530	0.00746	0.00919	0.01648	0.00963	0.36249	0.33423	0.09791	0.10861	0.00416	0.00191	0.00266
7	0.00961	0.36554	0.16702	0.00940	0.11024	0.15591	0.02893	0.04447	0.02407	0.02028	0.01580	0.02218	0.00554	0.00348	0.00296	0.00093	0.00450	0.00259	0.00180	0.00476
8	0.00869	0.00834	0.01427	0.05489	0.78915	0.00840	0.03175	0.02148	0.00810	0.01155	0.00665	0.00877	0.00555	0.00317	0.00351	0.00106	0.00425	0.00317	0.00176	0.00550
9	0.66143	0.21839	0.01973	0.00518	0.00762	0.00939	0.01542	0.01043	0.00633	0.01387	0.00495	0.00578	0.00402	0.00321	0.00224	0.00101	0.00305	0.00194	0.00200	0.00402
10	0.00688	0.00541	0.00943	0.00816	0.02526	0.00508	0.23171	0.02337	0.00778	0.09292	0.03092	0.42920	0.01599	0.04009	0.00479	0.00140	0.00338	0.05154	0.00292	0.00379
11	0.00494	0.00360	0.00464	0.00438	0.00523	0.00330	0.00328	0.00655	0.00985	0.01384	0.79966	0.02682	0.08608	0.00732	0.00416	0.00111	0.00167	0.00644	0.00384	0.00330
12	0.00503	0.00378	0.00566	0.00566	0.00629	0.00441	0.00441	0.00629	0.00566	0.00818	0.00944	0.01385	0.00881	0.02643	0.86217	0.00566	0.00944	0.00378	0.00189	0.00315
13	0.00725	0.00740	0.02971	0.57064	0.12479	0.00815	0.16949	0.00970	0.00740	0.00979	0.00645	0.00927	0.00493	0.00341	0.00375	0.00117	0.01746	0.00332	0.00163	0.00431
14	0.87538	0.00679	0.00527	0.00468	0.00688	0.00783	0.00386	0.01056	0.00612	0.04018	0.00517	0.00591	0.00396	0.00330	0.00222	0.00109	0.00273	0.00196	0.00224	0.00388
15	0.00550	0.00425	0.00547	0.00519	0.00594	0.01900	0.02081	0.03084	0.02458	0.01115	0.35119	0.12349	0.04699	0.12942	0.17807	0.00238	0.02366	0.00582	0.00300	0.00324
16	0.00780	0.00743	0.01263	0.40084	0.48219	0.00813	0.01036	0.01000	0.00759	0.01039	0.00647	0.00902	0.00519	0.00331	0.00350	0.00110	0.00442	0.00314	0.00166	0.00484
17	0.00499	0.00360	0.00471	0.00443	0.00527	0.00333	0.00333	0.00665	0.00998	0.01413	0.85230	0.02633	0.03325	0.00721	0.00416	0.00111	0.00166	0.00637	0.00388	0.00333
18	0.00568	0.00406	0.00568	0.00649	0.00730	0.00406	0.00568	0.00730	0.00811	0.01055	0.01866	0.03975	0.02028	0.00974	0.00487	0.00162	0.00325	0.83043	0.00325	0.00325
19	0.00731	0.00626	0.00731	0.00522	0.00835	0.00470	0.00418	0.00887	0.00731	0.01148	0.00626	0.00731	0.00522	0.00261	0.00261	0.00052	0.00261	0.00209	0.00209	0.89768
20	0.00506	0.00368	0.00518	0.00518	0.00564	0.00414	0.00380	0.00598	0.00552	0.00782	0.00988	0.01629	0.00987	0.25205	0.63801	0.00507	0.00784	0.00413	0.00195	0.00288
21	0.01340	0.00987	0.01058	0.00811	0.01093	0.01093	0.00670	0.84240	0.01657	0.02221	0.00846	0.00846	0.00599	0.00423	0.00353	0.00106	0.00388	0.00317	0.00353	0.00599
22	0.00876	0.00767	0.00795	0.00712	0.00912	0.02630	0.00553	0.01820	0.79650	0.01452	0.02656	0.01306	0.01083	0.00474	0.00356	0.00117	0.00284	0.00394	0.00352	0.02810
23	0.29046	0.00632	0.00711	0.00576	0.00818	0.00629	0.00472	0.03847	0.05416	0.47840	0.05750	0.01080	0.00859	0.00420	0.00316	0.00110	0.00285	0.00320	0.00359	0.00515
24	0.00603	0.00323	0.00347	0.00367	0.00434	0.00319	0.00265	0.00744	0.00724	0.01217	0.01336	0.21539	0.01239	0.00574	0.00294	0.00096	0.00174	0.00487	0.68600	0.00319
25	0.02064	0.01094	0.00884	0.00782	0.00983	0.31214	0.00604	0.10033	0.41358	0.04028	0.01041	0.01014	0.00789	0.00427	0.00340	0.00107	0.00415	0.00324	0.01995	0.00504
26	0.00877	0.00757	0.00797	0.00717	0.00916	0.00877	0.00558	0.01873	0.84779	0.01474	0.01434	0.01315	0.01076	0.00478	0.00359	0.00120	0.00279	0.00398	0.00359	0.00558
27	0.00825	0.00635	0.00749	0.00540	0.00849	0.00493	0.00434	0.03504	0.00784	0.08668	0.00701	0.00776	0.00555	0.00281	0.00272	0.00059	0.00268	0.00225	0.00233	0.79148
28	0.00429	0.00307	0.00409	0.00491	0.00511	0.00286	0.00327	0.00491	0.00675	0.00900	0.01943	0.87384	0.02331	0.01104	0.00450	0.00143	0.00204	0.01002	0.00327	0.00286
29	0.01340	0.00987	0.01058	0.00811	0.01093	0.01093	0.00670	0.84240	0.01657	0.02221	0.00846	0.00846	0.00599	0.00423	0.00353	0.00106	0.00388	0.00317	0.00353	0.00599
30	0.01317	0.01680	0.00999	0.00908	0.01090	0.86199	0.00681	0.01407	0.00999	0.00863	0.00545	0.00636	0.00454	0.00363	0.00318	0.00091	0.00636	0.00227	0.00182	0.00409
31	0.00513	0.00342	0.00384	0.00384	0.00384	0.00342	0.00214	0.00513	0.00513	0.00683	0.01110	0.02306	0.01281	0.87614	0.01794	0.00342	0.00342	0.00513	0.00214	0.00214
32	0.00707	0.01823	0.85788	0.01005	0.01525	0.00818	0.01302	0.01116	0.00744	0.01116	0.00632	0.00744	0.00446	0.00335	0.00335	0.00112	0.00521	0.00260	0.00149	0.00521
33	0.01484	0.00720	0.00885	0.00680	0.00952	0.00700	0.00562	0.28445	0.01213	0.56866	0.01209	0.01087	0.00785	0.00431	0.00352	0.00107	0.00326	0.00342	0.02260	0.00594
34	0.41543	0.00896	0.01081	0.00858	0.01087	0.11065	0.22917	0.04561	0.00747	0.01316	0.00568	0.00716	0.00450	0.00361	0.00397	0.00115	0.10427	0.00274	0.00201	0.00420
35	0.00830	0.00958	0.04560	0.01420	0.01769	0.00876	0.76567	0.03518	0.00848	0.01153	0.00753	0.03638	0.00590	0.00327	0.00413	0.00119	0.00574	0.00427	0.00187	0.00474
36	0.01283	0.10407	0.01082	0.00873	0.01068	0.76294	0.00671	0.01376	0.00970	0.02143	0.00552	0.00637	0.00460	0.00358	0.00309	0.00090	0.00604	0.00225	0.00182	0.00416
37	0.00503	0.00378	0.00566	0.00566	0.00629	0.00441	0.00441	0.00629	0.00566	0.00818	0.00944	0.01385	0.00881	0.02643	0.86217	0.00566	0.00944	0.00378	0.00189	0.00315
38	0.00842	0.00818	0.01430	0.10669	0.68965	0.00828	0.07734	0.01061	0.00798	0.01128	0.01970	0.00913	0.00590	0.00323	0.00356	0.00107	0.00434	0.00327	0.00176	0.00531
39	0.00873	0.63870	0.22578	0.00704	0.01053	0.01222	0.00775	0.01060	0.00726	0.00907	0.00567	0.00714	0.00499	0.00330	0.00261	0.00087	0.00411	0.02742	0.00156	0.00465
40	0.00509	0.00372	0.00479	0.00450	0.00537	0.00349	0.00338	0.00699	0.03558	0.01406	0.81076	0.02607	0.04851	0.00716	0.00414	0.00111	0.00170	0.00632	0.00386	0.00339
41	0.00903	0.00982	0.01154	0.00923	0.01139	0.25625	0.25368	0.04952	0.06760	0.01191	0.21809	0.01363	0.03661	0.00456	0.00377	0.00107	0.00450	0.00416	0.00257	0.02106
42	0.00935	0.85097	0.04510	0.00616	0.00924	0.01376	0.00625	0.01057	0.00717	0.00838	0.00494	0.00571	0.00452	0.00303	0.00230	0.00077	0.00381	0.00191	0.00151	0.00454
43	0.00735	0.00631	0.00733	0.00528	0.00838	0.00483	0.00422	0.00919	0.03398	0.01159	0.00652	0.00749	0.00540	0.00268	0.00264	0.00054	0.00262	0.00215	0.00214	0.86938
44	0.01505	0.00668	0.00850	0.00654	0.00923	0.00626	0.00540	0.18005	0.01129	0.66590	0.01275	0.01133	0.00819	0.00433	0.00351	0.00108	0.00313	0.00346	0.03139	0.00591
45	0.00483	0.00358	0.00449	0.00429	0.00517	0.00325	0.00321	0.00633	0.00956	0.01320	0.68800	0.04717	0.17867	0.00760	0.00417	0.00113	0.00169	0.00665	0.00376	0.00325
46	0.00642	0.00518	0.00576	0.00535	0.00660	0.00549	0.00400	0.01113	0.34780	0.01285	0.29810	0.02165	0.13450	0.11286	0.00561	0.00144	0.00235	0.00540	0.00346	0.00404
47	0.00482	0.00359	0.00445	0.00424	0.00513	0.00326	0.00316	0.00628	0.00946	0.01300	0.66301	0.02781	0.20187	0.02900	0.00450	0.00118	0.00173	0.00656	0.00371	0.00322
48	0.19001	0.00845	0.00868	0.00724	0.02553	0.04198	0.00575	0.34424	0.16320	0.15562	0.00956	0.00927	0.00680	0.00412	0.00326	0.00109	0.00341	0.00309	0.00331	0.00540
49	0.00508	0.00340	0.00388	0.00391	0.00394	0.00339	0.00222	0.00515	0.00532	0.00712	0.03226	0.06386	0.01382	0.81330	0.01696	0.00326	0.00331	0.00539	0.00223	0.00220
50	0.00800	0.01712	0.03440	0.03895	0.05355	0.07857	0.02106	0.01906	0.03338	0.01132	0.00649	0.00760	0.00531	0.00288	0.00283	0.00067	0.00326	0.00232	0.00206	0.65116
51	0.00519	0.00364	0.00461	0.00499	0.00557	0.00346	0.00350	0.03756	0.02828	0.03615	0.11717	0.62268	0.08509	0.00981	0.00435	0.00135	0.00211	0.01791	0.00339	0.00321
52	0.00615	0.10608	0.10451	0.02346	0.01850	0.00529	0.00498	0.00784	0.01985	0.05314	0.29244	0.15812	0.17244	0.00691	0.00384	0.00114	0.00257	0.00592	0.00307	0.00375
53	0.17948	0.38042	0.22690	0.00728	0.02157	0.05052	0.00752	0.07090	0.00783	0.01152	0.00557	0.00639	0.00449	0.00327	0.00267	0.00094	0.00407	0.00220	0.00179	0.00466
54	0.03065	0.54913	0.12490	0.00755	0.01062	0.04498	0.09344	0.01053	0.00738	0.00930	0.00619	0.03376	0.00560	0.00356	0.00293	0.00092	0.01919	0.02296	0.01192	0.00449

[dist]
# distance from previous block
# <min> <max>
0	3

[block]
# block no. 6 follows, 79 sequences, length 33
# corresponding to MSA columns:
# 347-379
name=unknown_G
#
# <colnr> <probs for GDERKNQSTAVLIFYWHMCP>
#	G	D	E	R	K	N	Q	S	T	A	V	L	I	F	Y	W	H	M	C	P
0	0.00775	0.00576	0.00666	0.03775	0.00808	0.00618	0.00473	0.01315	0.40051	0.09304	0.23202	0.05027	0.07983	0.02266	0.01456	0.00127	0.00258	0.00503	0.00358	0.00458
1	0.01058	0.00794	0.02826	0.02054	0.02271	0.03822	0.13356	0.31270	0.01112	0.12498	0.02365	0.02417	0.00769	0.04189	0.05878	0.01103	0.00421	0.00362	0.10948	0.00488
2	0.00450	0.00326	0.00418	0.00481	0.00518	0.00304	0.00334	0.00521	0.00698	0.00917	0.04564	0.61186	0.11160	0.08149	0.00559	0.00158	0.00223	0.08430	0.00319	0.00286
3	0.00503	0.00347	0.00441	0.00458	0.00528	0.00315	0.00328	0.00610	0.00828	0.04797	0.32630	0.39383	0.15712	0.00901	0.00428	0.00126	0.00191	0.00800	0.00354	0.00319
4	0.06131	0.00599	0.00783	0.00613	0.00870	0.00540	0.00503	0.01636	0.04967	0.72955	0.05624	0.01245	0.00982	0.00447	0.00351	0.00110	0.00291	0.00362	0.00419	0.00573
5	0.00612	0.00306	0.00459	0.00459	0.00459	0.00306	0.00306	0.00459	0.00459	0.00612	0.00612	0.01071	0.00612	0.01224	0.01377	0.89746	0.00306	0.00306	0.00153	0.00153
6	0.00877	0.00757	0.00797	0.00717	0.00916	0.00877	0.00558	0.01873	0.84779	0.01474	0.01434	0.01315	0.01076	0.00478	0.00359	0.00120	0.00279	0.00398	0.00359	0.00558
7	0.00877	0.00757	0.00797	0.00717	0.00916	0.00877	0.00558	0.01873	0.84779	0.01474	0.01434	0.01315	0.01076	0.00478	0.00359	0.00120	0.00279	0.00398	0.00359	0.00558
8	0.00877	0.00757	0.00797	0.00717	0.00916	0.00877	0.00558	0.01873	0.84779	0.01474	0.01434	0.01315	0.01076	0.00478	0.00359	0.00120	0.00279	0.00398	0.00359	0.00558
9	0.00731	0.00626	0.00731	0.00522	0.00835	0.00470	0.00418	0.00887	0.00731	0.01148	0.00626	0.00731	0.00522	0.00261	0.00261	0.00052	0.00261	0.00209	0.00209	0.89768
10	0.00609	0.00308	0.00462	0.00462	0.00464	0.00310	0.00310	0.00464	0.00462	0.00618	0.00622	0.01081	0.00620	0.01267	0.03946	0.87046	0.00325	0.00308	0.00154	0.00158
11	0.00877	0.00757	0.00797	0.00717	0.00916	0.00877	0.00558	0.01873	0.84779	0.01474	0.01434	0.01315	0.01076	0.00478	0.00359	0.00120	0.00279	0.00398	0.00359	0.00558
12	0.00429	0.00309	0.00406	0.00484	0.00510	0.00287	0.00324	0.00491	0.00681	0.00902	0.02020	0.83393	0.06272	0.01094	0.00448	0.00142	0.00203	0.00990	0.00327	0.00287
13	0.00723	0.00618	0.00722	0.00519	0.00825	0.00465	0.00415	0.00880	0.00740	0.01157	0.03447	0.00794	0.00615	0.00276	0.00266	0.00054	0.00258	0.00223	0.00215	0.86786
14	0.01323	0.00961	0.01037	0.00802	0.01078	0.01059	0.00663	0.79742	0.01616	0.04272	0.00890	0.00946	0.00648	0.00439	0.00357	0.00108	0.00384	0.02732	0.00354	0.00591
15	0.01277	0.01613	0.01005	0.00909	0.01078	0.79971	0.00688	0.01366	0.00965	0.00862	0.00539	0.00645	0.00455	0.00382	0.00379	0.00095	0.06952	0.00233	0.00180	0.00407
16	0.00490	0.00357	0.00451	0.00506	0.00552	0.00347	0.00351	0.00638	0.07851	0.01931	0.04775	0.67147	0.05140	0.04348	0.00492	0.00147	0.00219	0.03616	0.00329	0.00313
17	0.13585	0.00618	0.00767	0.00601	0.00858	0.00575	0.00495	0.05588	0.00973	0.66478	0.01231	0.01102	0.00794	0.00420	0.00331	0.00108	0.00295	0.00329	0.04295	0.00558
18	0.00491	0.00327	0.00429	0.00488	0.00530	0.00305	0.00340	0.00573	0.00721	0.03841	0.07625	0.68067	0.04326	0.01007	0.00434	0.00137	0.00208	0.04811	0.05034	0.00304
19	0.00847	0.00395	0.00445	0.00403	0.00527	0.00380	0.00312	0.01023	0.02602	0.18742	0.04313	0.01339	0.00990	0.00429	0.00277	0.00090	0.00195	0.00347	0.65956	0.00390
20	0.00617	0.00385	0.00505	0.00465	0.00568	0.00354	0.00357	0.00780	0.00984	0.10031	0.71074	0.02487	0.02951	0.00690	0.00406	0.00111	0.00185	0.03346	0.03344	0.00360
21	0.01096	0.01313	0.01031	0.00915	0.01023	0.51803	0.00717	0.01181	0.00813	0.00857	0.00512	0.00690	0.00457	0.00466	0.00657	0.00116	0.35522	0.00260	0.00171	0.00399
22	0.00797	0.00681	0.04779	0.00553	0.00873	0.00490	0.00468	0.00964	0.00754	0.07861	0.00687	0.00769	0.00546	0.00278	0.00272	0.00060	0.00276	0.00223	0.00224	0.78444
23	0.01938	0.37156	0.28835	0.00867	0.07081	0.04435	0.00858	0.05295	0.05397	0.02668	0.00689	0.00762	0.01933	0.00344	0.00293	0.00096	0.00426	0.00253	0.00184	0.00493
24	0.00510	0.00366	0.00474	0.00546	0.04493	0.00360	0.00352	0.00570	0.00631	0.00839	0.01519	0.28177	0.03892	0.39201	0.03463	0.00243	0.00314	0.13511	0.00266	0.00274
25	0.00701	0.05209	0.42116	0.00876	0.01230	0.02624	0.10776	0.01064	0.09293	0.01105	0.02740	0.05243	0.13610	0.00478	0.00362	0.00114	0.00426	0.01354	0.00216	0.00463
26	0.00503	0.00378	0.00566	0.00566	0.00629	0.00441	0.00441	0.00629	0.00566	0.00818	0.00944	0.01385	0.00881	0.02643	0.86217	0.00566	0.00944	0.00378	0.00189	0.00315
27	0.00590	0.00383	0.00482	0.00444	0.00551	0.00344	0.00336	0.00736	0.00952	0.09658	0.59503	0.02632	0.18922	0.02374	0.00436	0.00117	0.00185	0.00628	0.00378	0.00350
28	0.00813	0.00824	0.05432	0.06584	0.66045	0.00784	0.00998	0.01047	0.03305	0.01142	0.03924	0.03946	0.02836	0.00378	0.00356	0.00108	0.00400	0.00360	0.00195	0.00523
29	0.00491	0.00370	0.00417	0.00406	0.00512	0.00327	0.00302	0.00617	0.02529	0.03864	0.26115	0.08011	0.50123	0.03776	0.00462	0.00125	0.00188	0.00702	0.00345	0.00319
30	0.00702	0.00687	0.05091	0.07973	0.26765	0.00684	0.08120	0.00865	0.00694	0.02136	0.00894	0.12988	0.00871	0.05402	0.13536	0.02128	0.09412	0.00435	0.00199	0.00418
31	0.02062	0.67409	0.14808	0.00704	0.01033	0.02626	0.03547	0.01069	0.00724	0.00894	0.00520	0.00611	0.00453	0.00314	0.00268	0.00085	0.02048	0.00210	0.00153	0.00461
32	0.00794	0.03070	0.31744	0.01076	0.17101	0.06663	0.02935	0.01866	0.07184	0.03791	0.07598	0.03669	0.04545	0.03075	0.00423	0.00118	0.03287	0.00366	0.00218	0.00478

[dist]
# distance from previous block
# <min> <max>
1	2

[block]
# block no. 7 follows, 79 sequences, length 15
# corresponding to MSA columns:
# 382-396
name=unknown_H
#
# <colnr> <probs for GDERKNQSTAVLIFYWHMCP>
#	G	D	E	R	K	N	Q	S	T	A	V	L	I	F	Y	W	H	M	C	P
0	0.53194	0.16920	0.05241	0.00650	0.03616	0.08495	0.03112	0.01103	0.02884	0.01324	0.00540	0.00627	0.00433	0.00329	0.00248	0.00102	0.00352	0.00214	0.00200	0.00417
1	0.00875	0.00882	0.04239	0.14899	0.34215	0.11071	0.05864	0.01117	0.05502	0.04774	0.03361	0.01133	0.03222	0.00403	0.00382	0.00111	0.03009	0.03292	0.01169	0.00479
2	0.00742	0.00778	0.05784	0.04564	0.07611	0.16165	0.00583	0.00906	0.03241	0.02443	0.10755	0.12276	0.09339	0.01754	0.08831	0.00161	0.07224	0.00472	0.05991	0.00381
3	0.00500	0.00362	0.00496	0.00501	0.00544	0.00398	0.00360	0.00583	0.00562	0.00785	0.01117	0.06641	0.03162	0.28581	0.53296	0.00462	0.00698	0.00464	0.00208	0.00282
4	0.00433	0.00358	0.00383	0.00378	0.00489	0.00308	0.00284	0.00537	0.00830	0.01028	0.17585	0.03204	0.68754	0.00912	0.02836	0.00130	0.00198	0.00715	0.00334	0.00304
5	0.00467	0.00342	0.00446	0.00510	0.00563	0.00321	0.00381	0.00564	0.00746	0.00977	0.07094	0.49777	0.13570	0.01020	0.00453	0.00143	0.00229	0.21769	0.00330	0.00300
6	0.00564	0.00421	0.00620	0.00634	0.00710	0.00422	0.05833	0.00697	0.01741	0.03036	0.01729	0.38218	0.02944	0.00960	0.01969	0.00153	0.04081	0.31820	0.03118	0.00330
