[name]
unknown

[dist]
# distance from previous block
# <min> <max>
6	165

[block]
# block no. 0 follows, 63 sequences, length 6
# corresponding to MSA columns:
# 402-407
name=unknown_A
#
# <colnr> <probs for GDERKNQSTAVLIFYWHMCP>
#	G	D	E	R	K	N	Q	S	T	A	V	L	I	F	Y	W	H	M	C	P
0	0.12942	0.08194	0.15541	0.04526	0.10874	0.09272	0.03153	0.06557	0.11266	0.03623	0.04670	0.01076	0.00828	0.00443	0.00378	0.00123	0.00476	0.00349	0.00271	0.05437
1	0.10043	0.10798	0.06450	0.02778	0.15318	0.13036	0.00827	0.07064	0.06951	0.11468	0.00960	0.03807	0.00764	0.00453	0.00375	0.00118	0.00467	0.00354	0.00288	0.07681
2	0.01135	0.13589	0.06144	0.05450	0.01242	0.14134	0.03886	0.15859	0.06256	0.03957	0.09151	0.03624	0.04767	0.00594	0.00507	0.03738	0.04705	0.00429	0.00301	0.00532
3	0.30303	0.02920	0.11206	0.07490	0.07627	0.04679	0.05201	0.03886	0.04835	0.09343	0.00832	0.00941	0.00622	0.00422	0.00384	0.00128	0.02824	0.00318	0.00269	0.05770
4	0.03169	0.04408	0.05587	0.00600	0.00689	0.00567	0.00458	0.00807	0.00698	0.05428	0.05032	0.02003	0.01262	0.40012	0.08235	0.15595	0.04367	0.00495	0.00253	0.00334
5	0.34539	0.04161	0.08725	0.00782	0.02847	0.00870	0.02367	0.04001	0.00807	0.04405	0.02598	0.01100	0.00755	0.01208	0.23890	0.00286	0.05590	0.00340	0.00252	0.00477

[dist]
# distance from previous block
# <min> <max>
0	1

[block]
# block no. 1 follows, 63 sequences, length 20
# corresponding to MSA columns:
# 409-428
name=unknown_B
#
# <colnr> <probs for GDERKNQSTAVLIFYWHMCP>
#	G	D	E	R	K	N	Q	S	T	A	V	L	I	F	Y	W	H	M	C	P
0	0.00667	0.00489	0.00711	0.14115	0.02087	0.00536	0.01603	0.00730	0.00690	0.00925	0.01274	0.03684	0.06949	0.23631	0.21225	0.17927	0.01690	0.00509	0.00233	0.00325
1	0.49931	0.01932	0.09464	0.05957	0.01104	0.02058	0.00654	0.04504	0.01869	0.12239	0.00825	0.00914	0.00607	0.01411	0.00340	0.00131	0.00384	0.00292	0.03600	0.01783
2	0.23064	0.23592	0.15265	0.04019	0.01283	0.01164	0.05524	0.04577	0.12259	0.04370	0.00848	0.00922	0.00653	0.00417	0.00342	0.00123	0.00448	0.00310	0.00258	0.00562
3	0.00601	0.00450	0.00676	0.00676	0.00751	0.00525	0.00525	0.00751	0.00676	0.00976	0.01126	0.01651	0.01051	0.03153	0.83560	0.00676	0.01126	0.00450	0.00225	0.00375
4	0.00686	0.00452	0.00572	0.00605	0.00662	0.00447	0.00452	0.00777	0.00794	0.04128	0.01787	0.03584	0.03594	0.44084	0.01369	0.00299	0.00393	0.34660	0.00325	0.00331
5	0.01103	0.03990	0.02764	0.23864	0.09852	0.02762	0.04583	0.07806	0.00985	0.14299	0.03323	0.01179	0.00789	0.00655	0.05254	0.00171	0.15406	0.00393	0.00272	0.00549
6	0.03850	0.11337	0.07681	0.22047	0.04440	0.10810	0.00913	0.05408	0.01021	0.21423	0.00938	0.01047	0.00680	0.00461	0.00456	0.00129	0.06159	0.00346	0.00286	0.00570
7	0.01040	0.00999	0.01706	0.02580	0.82604	0.00999	0.01290	0.01290	0.00957	0.01373	0.00791	0.01040	0.00666	0.00375	0.00416	0.00125	0.00499	0.00375	0.00208	0.00666
8	0.00956	0.00935	0.08509	0.19539	0.21384	0.02418	0.07288	0.01246	0.04005	0.08670	0.12460	0.01558	0.05679	0.00523	0.00466	0.00135	0.02930	0.00466	0.00283	0.00551
9	0.01025	0.00781	0.04662	0.07587	0.02978	0.00728	0.11324	0.08128	0.03675	0.17377	0.05356	0.13430	0.13837	0.02514	0.00534	0.00149	0.03376	0.01655	0.00359	0.00524
10	0.06408	0.00978	0.01559	0.04712	0.63038	0.03298	0.03756	0.01247	0.00927	0.01357	0.00843	0.05237	0.00747	0.00439	0.00450	0.00130	0.03634	0.00408	0.00219	0.00615
11	0.00692	0.00651	0.01224	0.01020	0.01195	0.00609	0.30097	0.00873	0.00887	0.01195	0.04540	0.51269	0.02032	0.00947	0.00520	0.00159	0.00413	0.00923	0.00327	0.00426
12	0.00984	0.06230	0.15054	0.05111	0.09059	0.01044	0.35542	0.03424	0.03816	0.03621	0.00925	0.05575	0.00760	0.00462	0.00514	0.00139	0.06482	0.00456	0.00233	0.00571
13	0.03053	0.05266	0.18746	0.02815	0.06091	0.24733	0.08050	0.04381	0.01064	0.08205	0.04260	0.04216	0.04183	0.00514	0.00415	0.00127	0.00565	0.02504	0.00267	0.00546
14	0.00966	0.00963	0.01908	0.06156	0.04106	0.00930	0.52049	0.06842	0.01025	0.03767	0.01137	0.15953	0.01030	0.00544	0.00489	0.00145	0.00585	0.00599	0.00266	0.00539
15	0.01007	0.49369	0.07239	0.00729	0.01002	0.08670	0.00678	0.01137	0.00826	0.00980	0.00788	0.01185	0.00775	0.17983	0.05914	0.00197	0.00523	0.00328	0.00201	0.00472
16	0.01242	0.03408	0.14925	0.11985	0.05727	0.02031	0.12482	0.01542	0.04172	0.30146	0.03836	0.04607	0.00969	0.00495	0.00431	0.00134	0.00484	0.00442	0.00335	0.00608
17	0.02263	0.05644	0.17363	0.04019	0.06110	0.04297	0.09662	0.13782	0.01867	0.07061	0.02321	0.05335	0.08171	0.00656	0.03605	0.00156	0.06382	0.00459	0.00286	0.00561
18	0.00730	0.11513	0.05887	0.00721	0.02308	0.02591	0.02304	0.02159	0.02022	0.02810	0.03967	0.32447	0.11815	0.03872	0.07649	0.00201	0.00412	0.05844	0.00326	0.00422
19	0.03085	0.02002	0.03834	0.35167	0.08096	0.00803	0.02366	0.04232	0.00991	0.17822	0.06333	0.04724	0.04583	0.00571	0.01687	0.00143	0.00459	0.00459	0.02110	0.00532

[dist]
# distance from previous block
# <min> <max>
2	35

[block]
# block no. 2 follows, 63 sequences, length 15
# corresponding to MSA columns:
# 464-478
name=unknown_C
#
# <colnr> <probs for GDERKNQSTAVLIFYWHMCP>
#	G	D	E	R	K	N	Q	S	T	A	V	L	I	F	Y	W	H	M	C	P
0	0.05246	0.00924	0.01058	0.05691	0.04643	0.00920	0.00687	0.31064	0.06079	0.01873	0.00972	0.01046	0.02452	0.00428	0.00371	0.00103	0.00390	0.00336	0.00322	0.35396
1	0.05244	0.13844	0.03488	0.04406	0.06628	0.06233	0.21037	0.04521	0.07454	0.04850	0.00891	0.02052	0.00705	0.00403	0.00388	0.00115	0.00498	0.00367	0.01290	0.15586
2	0.00632	0.00447	0.00490	0.00476	0.00622	0.00380	0.00358	0.00747	0.00981	0.08726	0.08435	0.11026	0.63130	0.01025	0.00493	0.00143	0.00228	0.00864	0.00407	0.00389
3	0.00602	0.00404	0.00461	0.00470	0.00472	0.00401	0.00267	0.00609	0.00629	0.00839	0.01416	0.10355	0.01644	0.77464	0.01991	0.00386	0.00392	0.00665	0.00267	0.00263
4	0.01113	0.01061	0.07246	0.14416	0.37875	0.02208	0.05812	0.12394	0.02267	0.06286	0.00878	0.01073	0.00677	0.00426	0.00450	0.00131	0.03188	0.00380	0.01496	0.00623
5	0.69479	0.04491	0.00789	0.00643	0.00909	0.09102	0.00527	0.07361	0.00864	0.01823	0.00624	0.00715	0.00487	0.00402	0.00284	0.00126	0.00383	0.00243	0.00265	0.00482
6	0.00631	0.00405	0.00475	0.00481	0.00571	0.00380	0.00352	0.00794	0.00989	0.01468	0.31352	0.17485	0.12494	0.00844	0.00436	0.00129	0.00208	0.00732	0.29394	0.00380
7	0.01098	0.00667	0.00827	0.02506	0.04112	0.00664	0.00565	0.13721	0.06943	0.19356	0.31147	0.02092	0.05172	0.00656	0.00440	0.00129	0.00303	0.00555	0.08505	0.00544
8	0.00777	0.00484	0.00559	0.00518	0.00678	0.00423	0.00398	0.00924	0.02335	0.15551	0.14572	0.05310	0.47908	0.03347	0.00530	0.00147	0.00249	0.02951	0.01913	0.00427
9	0.00740	0.00569	0.00798	0.00745	0.00814	0.00690	0.00585	0.03060	0.00721	0.03640	0.01048	0.01579	0.00986	0.10177	0.52016	0.00502	0.17947	0.00444	0.02537	0.00402
10	0.00560	0.00428	0.00513	0.00492	0.00607	0.00382	0.00369	0.00726	0.01107	0.01490	0.54559	0.03463	0.31912	0.00932	0.00496	0.00136	0.00204	0.00805	0.00437	0.00382
11	0.01518	0.01891	0.01162	0.01058	0.01271	0.76058	0.00797	0.03720	0.02983	0.01093	0.00751	0.02674	0.00650	0.00472	0.00389	0.00113	0.00722	0.01952	0.00234	0.00492
12	0.88196	0.00813	0.00618	0.00553	0.00813	0.00943	0.00455	0.01236	0.00715	0.01886	0.00585	0.00683	0.00455	0.00390	0.00260	0.00130	0.00325	0.00228	0.00260	0.00455
13	0.00705	0.00607	0.00931	0.08246	0.01092	0.03027	0.08048	0.00861	0.00729	0.01011	0.01043	0.03830	0.00977	0.05307	0.52699	0.03584	0.06223	0.00461	0.00222	0.00398
14	0.01046	0.00903	0.00951	0.00855	0.01093	0.01046	0.00665	0.02234	0.81845	0.01759	0.01711	0.01568	0.01283	0.00570	0.00428	0.00143	0.00333	0.00475	0.00428	0.00665

[dist]
# distance from previous block
# <min> <max>
6	8

[block]
# block no. 3 follows, 63 sequences, length 18
# corresponding to MSA columns:
# 489-503,506-508
name=unknown_D
#
# <colnr> <probs for GDERKNQSTAVLIFYWHMCP>
#	G	D	E	R	K	N	Q	S	T	A	V	L	I	F	Y	W	H	M	C	P
0	0.00510	0.00373	0.00480	0.00566	0.00605	0.00343	0.00382	0.00588	0.00823	0.01081	0.02553	0.75118	0.12462	0.01286	0.00532	0.00167	0.00240	0.01158	0.00390	0.00343
1	0.00890	0.00867	0.01339	0.32366	0.13717	0.01113	0.01067	0.01076	0.00763	0.01088	0.00660	0.01013	0.00572	0.00565	0.00880	0.00159	0.40814	0.00371	0.00189	0.00493
2	0.00934	0.04169	0.06158	0.36941	0.18303	0.02051	0.09371	0.01223	0.03069	0.03282	0.00810	0.01087	0.00632	0.00435	0.00495	0.00137	0.07391	0.00380	0.02595	0.00538
3	0.00611	0.00619	0.09075	0.00741	0.04104	0.00475	0.00583	0.02561	0.00887	0.01179	0.02306	0.50395	0.12761	0.01113	0.00515	0.00163	0.00312	0.10839	0.00361	0.00399
4	0.00563	0.00432	0.00526	0.00568	0.00670	0.00394	0.00444	0.00699	0.00959	0.01224	0.12567	0.19389	0.35208	0.01116	0.00528	0.00161	0.00267	0.23521	0.00398	0.00367
5	0.00599	0.00446	0.00566	0.00580	0.00682	0.00418	0.00454	0.00789	0.02794	0.01430	0.40186	0.11211	0.17710	0.01004	0.00518	0.00152	0.00252	0.19397	0.00424	0.00387
6	0.00837	0.00798	0.06879	0.01958	0.05398	0.00700	0.16106	0.09391	0.02620	0.03833	0.08467	0.29924	0.06390	0.00825	0.00490	0.00149	0.00405	0.03998	0.00343	0.00487
7	0.00996	0.01051	0.01251	0.06298	0.01233	0.13215	0.00906	0.01104	0.00737	0.01017	0.00598	0.00934	0.00568	0.00754	0.03964	0.00187	0.64180	0.00357	0.00190	0.00461
8	0.88196	0.00813	0.00618	0.00553	0.00813	0.00943	0.00455	0.01236	0.00715	0.01886	0.00585	0.00683	0.00455	0.00390	0.00260	0.00130	0.00325	0.00228	0.00260	0.00455
9	0.81593	0.00806	0.00645	0.00568	0.00833	0.00918	0.00468	0.01298	0.00753	0.08083	0.00667	0.00740	0.00500	0.00400	0.00273	0.00130	0.00328	0.00243	0.00280	0.00475
10	0.17750	0.05024	0.03314	0.01079	0.10047	0.00885	0.16219	0.04498	0.10202	0.01582	0.14840	0.01673	0.05853	0.00548	0.00416	0.00133	0.00410	0.02951	0.02050	0.00524
11	0.00607	0.00416	0.00525	0.00527	0.00554	0.00432	0.00343	0.00654	0.00671	0.00920	0.06384	0.06493	0.01592	0.51868	0.22516	0.03773	0.00566	0.00599	0.00264	0.00296
12	0.00723	0.00631	0.00933	0.01999	0.05134	0.00728	0.05104	0.00861	0.00828	0.01167	0.08460	0.24469	0.05380	0.01064	0.05968	0.00198	0.24525	0.08884	0.02523	0.00420
13	0.02876	0.00911	0.01430	0.01119	0.01323	0.02477	0.22005	0.04793	0.00928	0.05350	0.10798	0.02341	0.01059	0.00581	0.00786	0.00146	0.31082	0.00447	0.00265	0.09286
14	0.00625	0.00484	0.00707	0.00691	0.00759	0.00572	0.00537	0.00768	0.00703	0.01017	0.06185	0.01733	0.01214	0.06151	0.68655	0.00592	0.07521	0.00470	0.00238	0.00378
15	0.00579	0.00430	0.00599	0.00682	0.02584	0.00440	0.00485	0.00688	0.00803	0.01089	0.03747	0.49829	0.02281	0.04474	0.16127	0.00275	0.02791	0.11386	0.00346	0.00363
16	0.06101	0.26452	0.01428	0.11475	0.01339	0.03685	0.00761	0.28409	0.03587	0.03147	0.06303	0.01083	0.00873	0.00550	0.02972	0.00135	0.00470	0.00351	0.00302	0.00576
17	0.25919	0.00991	0.01105	0.14706	0.08540	0.09877	0.04721	0.09835	0.03803	0.09815	0.00853	0.00970	0.00635	0.00423	0.00367	0.00125	0.00462	0.00328	0.00285	0.06240

[dist]
# distance from previous block
# <min> <max>
0	2

[block]
# block no. 4 follows, 63 sequences, length 17
# corresponding to MSA columns:
# 512-528
name=unknown_E
#
# <colnr> <probs for GDERKNQSTAVLIFYWHMCP>
#	G	D	E	R	K	N	Q	S	T	A	V	L	I	F	Y	W	H	M	C	P
0	0.01212	0.07615	0.01262	0.02161	0.14482	0.08522	0.04745	0.15669	0.06215	0.12078	0.01317	0.04716	0.04016	0.00585	0.00446	0.00133	0.01911	0.09003	0.01763	0.02150
1	0.00932	0.00612	0.00728	0.00648	0.00829	0.00614	0.00502	0.01395	0.24000	0.15466	0.37701	0.02498	0.10855	0.00741	0.00464	0.00136	0.00265	0.00635	0.00455	0.00523
2	0.01086	0.05439	0.01038	0.00855	0.01106	0.01095	0.00677	0.07325	0.72316	0.01775	0.01605	0.01484	0.01206	0.00555	0.00419	0.00139	0.00347	0.00456	0.00414	0.00662
3	0.00867	0.00843	0.01187	0.01033	0.01046	0.01162	0.00855	0.00969	0.00649	0.01006	0.00646	0.01040	0.00634	0.01133	0.14897	0.00265	0.70751	0.00381	0.00191	0.00446
4	0.00531	0.00445	0.00465	0.00468	0.00604	0.00390	0.00351	0.00690	0.04672	0.01182	0.06699	0.09187	0.68800	0.01054	0.00498	0.00145	0.00224	0.02829	0.00395	0.00371
5	0.00524	0.00424	0.00466	0.00462	0.00586	0.00365	0.00344	0.00654	0.01013	0.01281	0.25200	0.07954	0.57212	0.01022	0.00499	0.00141	0.00211	0.00869	0.00410	0.00365
6	0.01683	0.00679	0.00890	0.00703	0.00991	0.00608	0.00574	0.01905	0.05497	0.66863	0.01620	0.01458	0.01059	0.00519	0.00405	0.00126	0.00333	0.00421	0.13001	0.00666
7	0.01286	0.05667	0.04963	0.00912	0.01223	0.03890	0.03363	0.36557	0.23634	0.03105	0.01164	0.01163	0.00864	0.00492	0.00402	0.00124	0.00428	0.00388	0.05066	0.05309
8	0.01289	0.01407	0.05274	0.05448	0.01260	0.37965	0.00776	0.12997	0.05108	0.04778	0.05377	0.01304	0.04633	0.06040	0.00565	0.00142	0.04440	0.00391	0.00288	0.00517
9	0.00521	0.00376	0.00495	0.00582	0.00618	0.00350	0.00397	0.00606	0.00835	0.01111	0.06093	0.74695	0.06438	0.01279	0.00534	0.00168	0.00245	0.03917	0.00393	0.00346
10	0.01067	0.00886	0.00932	0.00765	0.01059	0.05062	0.00602	0.04289	0.37529	0.06345	0.01253	0.01233	0.00955	0.00457	0.00377	0.00108	0.00349	0.00370	0.02295	0.34066
11	0.01030	0.08127	0.00966	0.00719	0.00974	0.15202	0.00565	0.01197	0.02595	0.08843	0.04865	0.15368	0.01191	0.00662	0.03429	0.00125	0.00420	0.00464	0.00299	0.32958
12	0.01311	0.00906	0.01266	0.09171	0.28944	0.02813	0.00912	0.17117	0.01222	0.21979	0.06225	0.01301	0.00986	0.01695	0.00446	0.00131	0.00442	0.00413	0.02083	0.00637
13	0.01040	0.00999	0.01706	0.02580	0.82604	0.00999	0.01290	0.01290	0.00957	0.01373	0.00791	0.01040	0.00666	0.00375	0.00416	0.00125	0.00499	0.00375	0.00208	0.00666
14	0.00898	0.00648	0.00894	0.16350	0.09899	0.00670	0.00685	0.05111	0.01008	0.12511	0.07884	0.05596	0.26142	0.01923	0.00525	0.00142	0.04843	0.00603	0.03185	0.00485
15	0.00872	0.00926	0.10730	0.17351	0.16068	0.01773	0.05403	0.07975	0.01045	0.03360	0.09675	0.03806	0.18030	0.00614	0.00447	0.00135	0.00438	0.00538	0.00294	0.00521
16	0.00950	0.05822	0.48257	0.01249	0.06303	0.02939	0.10907	0.09044	0.01009	0.01419	0.00906	0.07612	0.00750	0.00475	0.00418	0.00133	0.00574	0.00408	0.00225	0.00597

[dist]
# distance from previous block
# <min> <max>
7	11

[block]
# block no. 5 follows, 63 sequences, length 25
# corresponding to MSA columns:
# 540-564
name=unknown_F
#
# <colnr> <probs for GDERKNQSTAVLIFYWHMCP>
#	G	D	E	R	K	N	Q	S	T	A	V	L	I	F	Y	W	H	M	C	P
0	0.00991	0.00887	0.01413	0.20858	0.40191	0.00938	0.04036	0.08334	0.04502	0.02988	0.01111	0.06353	0.04554	0.00496	0.00432	0.00134	0.00479	0.00458	0.00257	0.00588
1	0.00936	0.00786	0.04157	0.00648	0.01011	0.00574	0.00538	0.01125	0.00886	0.07594	0.00844	0.01001	0.00693	0.04221	0.00407	0.00086	0.00332	0.00281	0.00267	0.73612
2	0.13204	0.05719	0.33231	0.02804	0.04711	0.02103	0.06076	0.02456	0.05496	0.18824	0.00978	0.01029	0.00688	0.00430	0.00387	0.00130	0.00499	0.00344	0.00283	0.00611
3	0.00730	0.00365	0.00548	0.00548	0.00548	0.00365	0.00365	0.00548	0.00548	0.00730	0.00730	0.01278	0.00730	0.01460	0.01643	0.87769	0.00365	0.00365	0.00183	0.00183
4	0.00523	0.00421	0.00465	0.00467	0.00587	0.00364	0.00345	0.00648	0.01001	0.01265	0.23339	0.11567	0.55458	0.01038	0.00500	0.00142	0.00212	0.00885	0.00408	0.00364
5	0.03972	0.00569	0.00665	0.00621	0.00760	0.00583	0.00473	0.05488	0.16247	0.01669	0.47095	0.10009	0.06753	0.00826	0.00476	0.00139	0.00252	0.02509	0.00435	0.00459
6	0.01074	0.41593	0.29551	0.00932	0.02873	0.01240	0.02326	0.01335	0.00903	0.09422	0.00839	0.04699	0.00695	0.00434	0.00348	0.00114	0.00495	0.00326	0.00224	0.00579
7	0.01439	0.01036	0.01105	0.00868	0.01161	0.01143	0.00710	0.64455	0.05456	0.02431	0.01101	0.01126	0.00800	0.00505	0.00400	0.00122	0.00413	0.00385	0.14683	0.00660
8	0.00608	0.00435	0.00498	0.00491	0.00616	0.00381	0.00368	0.00742	0.01008	0.05365	0.22900	0.12159	0.45578	0.00993	0.00491	0.00141	0.00223	0.02708	0.03911	0.00384
9	0.01202	0.01125	0.12714	0.08063	0.34535	0.05275	0.05385	0.03465	0.01027	0.18446	0.00987	0.01116	0.00726	0.00422	0.00414	0.00127	0.00504	0.00377	0.03459	0.00631
10	0.01426	0.02650	0.08583	0.03882	0.01338	0.02732	0.12483	0.08195	0.01150	0.41379	0.01460	0.06462	0.03994	0.00543	0.00435	0.00133	0.00445	0.00474	0.01608	0.00627
11	0.61216	0.04369	0.04599	0.00819	0.06439	0.04748	0.03369	0.06327	0.00863	0.03053	0.00662	0.00767	0.00512	0.00398	0.00303	0.00127	0.00397	0.00265	0.00260	0.00506
12	0.00901	0.02994	0.04341	0.31564	0.30102	0.00934	0.02172	0.03335	0.03710	0.01305	0.07245	0.03641	0.00991	0.00492	0.00455	0.00136	0.02854	0.02042	0.00240	0.00548
13	0.00584	0.00454	0.00662	0.02374	0.05735	0.00432	0.03626	0.00697	0.00851	0.01139	0.04118	0.62196	0.07174	0.01156	0.00520	0.00164	0.00288	0.05574	0.01876	0.00378
14	0.00616	0.00414	0.00579	0.00624	0.00684	0.00383	0.02668	0.00713	0.00866	0.06128	0.08737	0.70856	0.02710	0.01204	0.00525	0.00164	0.00260	0.01093	0.00399	0.00375
15	0.01113	0.21833	0.01326	0.00758	0.01116	0.03868	0.02223	0.17991	0.01113	0.01533	0.00761	0.00853	0.00619	0.00369	0.00330	0.00086	0.00401	0.00276	0.00266	0.43166
16	0.00726	0.00419	0.00604	0.00590	0.00613	0.00447	0.00415	0.02137	0.00620	0.00854	0.02491	0.01427	0.00882	0.05319	0.14843	0.61644	0.03667	0.00399	0.01660	0.00245
17	0.00938	0.08751	0.03922	0.16747	0.10064	0.02618	0.16126	0.05836	0.09561	0.02233	0.02173	0.03916	0.12936	0.00549	0.00449	0.00134	0.01742	0.00494	0.00275	0.00536
18	0.01080	0.15615	0.09895	0.02879	0.13293	0.13648	0.03272	0.06826	0.01955	0.01321	0.00824	0.05151	0.00716	0.00428	0.00368	0.00106	0.00488	0.00343	0.00238	0.21556
19	0.00615	0.00437	0.00641	0.00641	0.00701	0.00497	0.00482	0.00716	0.00656	0.00935	0.01106	0.01724	0.01067	0.11251	0.67068	0.09462	0.00977	0.00458	0.00224	0.00344
20	0.00985	0.00800	0.01316	0.31579	0.05417	0.00854	0.15342	0.08998	0.02446	0.09939	0.01295	0.13160	0.04840	0.00585	0.00454	0.00142	0.00488	0.00544	0.00293	0.00525
21	0.00651	0.00437	0.00553	0.00580	0.00653	0.00420	0.00411	0.03499	0.02256	0.04271	0.19105	0.47105	0.04088	0.05100	0.02475	0.00177	0.00273	0.01834	0.05726	0.00385
22	0.00705	0.05722	0.02247	0.02969	0.02502	0.00590	0.03751	0.00885	0.03496	0.04135	0.11565	0.17532	0.08879	0.08036	0.22760	0.00306	0.00546	0.02645	0.00318	0.00413
23	0.06716	0.17176	0.03621	0.00864	0.01176	0.01073	0.07267	0.12933	0.18943	0.10389	0.04151	0.01222	0.02450	0.00482	0.00402	0.00121	0.02073	0.00385	0.00334	0.08223
24	0.06859	0.09710	0.19034	0.04385	0.17585	0.06516	0.05303	0.03183	0.07297	0.03819	0.02394	0.01110	0.03284	0.00459	0.00453	0.00129	0.05763	0.00365	0.00243	0.02111

[dist]
# distance from previous block
# <min> <max>
13	433

[block]
# block no. 6 follows, 63 sequences, length 37
# corresponding to MSA columns:
# 1108-1144
name=unknown_G
#
# <colnr> <probs for GDERKNQSTAVLIFYWHMCP>
#	G	D	E	R	K	N	Q	S	T	A	V	L	I	F	Y	W	H	M	C	P
0	0.01038	0.00875	0.03068	0.04994	0.07443	0.05487	0.00705	0.23114	0.03891	0.04546	0.08798	0.15737	0.09453	0.00724	0.00489	0.00137	0.03766	0.01911	0.00358	0.03466
1	0.02351	0.17203	0.01369	0.05651	0.10177	0.05927	0.02838	0.20122	0.16157	0.04522	0.01113	0.07132	0.00925	0.00519	0.00396	0.00125	0.00442	0.00422	0.02009	0.00599
2	0.03468	0.00757	0.05005	0.00686	0.00950	0.00674	0.00579	0.07890	0.10595	0.27995	0.08427	0.01494	0.01227	0.00519	0.00385	0.00118	0.00322	0.00421	0.19832	0.08657
3	0.05256	0.02363	0.01174	0.03535	0.12214	0.11532	0.06249	0.10291	0.09836	0.13615	0.09423	0.03915	0.03362	0.00565	0.00451	0.00133	0.02373	0.02795	0.00345	0.00573
4	0.04105	0.31903	0.10113	0.00915	0.01231	0.18244	0.02339	0.06414	0.06853	0.06617	0.00797	0.00876	0.00637	0.00443	0.00424	0.00116	0.06868	0.00300	0.00246	0.00561
5	0.08538	0.02730	0.04191	0.00688	0.01034	0.00718	0.02104	0.10356	0.00998	0.03768	0.00838	0.00945	0.00663	0.00366	0.00327	0.00085	0.00345	0.00285	0.07494	0.53526
6	0.19225	0.26625	0.07415	0.03260	0.02663	0.21183	0.00769	0.07739	0.03318	0.01375	0.00726	0.02652	0.00610	0.00428	0.00333	0.00114	0.00508	0.00291	0.00237	0.00529
7	0.00601	0.00405	0.00460	0.00467	0.00472	0.00401	0.00266	0.00609	0.00635	0.00842	0.01475	0.08724	0.03803	0.76893	0.01979	0.00383	0.00390	0.00661	0.00268	0.00264
8	0.00509	0.00399	0.00460	0.00503	0.00590	0.00351	0.00355	0.00605	0.00900	0.01134	0.07204	0.40414	0.42749	0.01168	0.00515	0.00154	0.00226	0.01020	0.00394	0.00351
9	0.01283	0.03434	0.13550	0.01260	0.11387	0.05121	0.10336	0.30841	0.08074	0.06556	0.00986	0.01056	0.00723	0.00449	0.00417	0.00127	0.00512	0.00379	0.00319	0.03189
10	0.10324	0.13717	0.23851	0.02068	0.02825	0.13220	0.14877	0.06800	0.01003	0.03777	0.00763	0.00916	0.00589	0.01630	0.00424	0.00129	0.01969	0.00331	0.00227	0.00563
11	0.00608	0.00422	0.00533	0.00533	0.00559	0.00448	0.00348	0.00659	0.00633	0.00870	0.01256	0.02373	0.01364	0.56998	0.30144	0.00500	0.00655	0.00556	0.00245	0.00296
12	0.00605	0.00432	0.00585	0.00585	0.00628	0.00476	0.00412	0.00692	0.00649	0.00909	0.01209	0.02112	0.01251	0.37532	0.49455	0.00563	0.00825	0.00518	0.00238	0.00325
13	0.03552	0.03945	0.03772	0.06439	0.13267	0.11553	0.04020	0.28887	0.01367	0.17580	0.01003	0.01053	0.00719	0.00458	0.00408	0.00125	0.00502	0.00366	0.00341	0.00643
14	0.01153	0.01492	0.15036	0.12101	0.09700	0.28492	0.02406	0.05227	0.00994	0.01201	0.00695	0.00907	0.00567	0.00484	0.00600	0.00135	0.17740	0.00330	0.00208	0.00532
15	0.01598	0.01177	0.01262	0.00967	0.01304	0.01304	0.00799	0.81202	0.01976	0.02649	0.01009	0.01009	0.00715	0.00505	0.00421	0.00126	0.00463	0.00378	0.00421	0.00715
16	0.00794	0.00747	0.01261	0.84216	0.02895	0.00934	0.01167	0.01074	0.00841	0.01074	0.00747	0.01121	0.00560	0.00420	0.00420	0.00140	0.00560	0.00374	0.00187	0.00467
17	0.00512	0.00366	0.00488	0.00585	0.00610	0.00341	0.00390	0.00585	0.00805	0.01073	0.02317	0.84952	0.02780	0.01317	0.00537	0.00171	0.00244	0.01195	0.00390	0.00341
18	0.00920	0.00920	0.01288	0.01104	0.01104	0.01288	0.00920	0.01012	0.00644	0.01012	0.00552	0.00920	0.00552	0.00736	0.01380	0.00184	0.84457	0.00368	0.00184	0.00460
19	0.00886	0.00885	0.01323	0.03338	0.01207	0.01172	0.08178	0.01005	0.00695	0.01049	0.00743	0.08526	0.00761	0.00745	0.01197	0.00178	0.66992	0.00454	0.00205	0.00459
20	0.00507	0.00387	0.00466	0.00528	0.00595	0.00346	0.00365	0.00592	0.00860	0.01095	0.03011	0.56027	0.31257	0.01227	0.00522	0.00160	0.00233	0.01085	0.00390	0.00346
21	0.01608	0.01162	0.01252	0.00960	0.01296	0.01280	0.00793	0.78516	0.01950	0.05373	0.01031	0.01024	0.00726	0.00505	0.00421	0.00126	0.00459	0.00380	0.00424	0.00715
22	0.01074	0.00914	0.02511	0.00845	0.01073	0.04714	0.00675	0.04561	0.56903	0.06509	0.06139	0.03594	0.01435	0.00624	0.00456	0.00143	0.01874	0.04923	0.00413	0.00620
23	0.00712	0.00375	0.00555	0.00570	0.00580	0.00374	0.00394	0.00578	0.00600	0.00798	0.00960	0.06821	0.01006	0.01425	0.01481	0.74665	0.00359	0.07323	0.00213	0.00210
24	0.11216	0.00936	0.01493	0.10340	0.60492	0.00964	0.01142	0.01306	0.00932	0.06078	0.00812	0.01029	0.00652	0.00389	0.00399	0.00127	0.00477	0.00360	0.00230	0.00624
25	0.01571	0.00805	0.00931	0.00748	0.01023	0.04700	0.00603	0.12835	0.07603	0.48094	0.01557	0.01478	0.03302	0.03026	0.00460	0.00135	0.00370	0.00429	0.09688	0.00642
26	0.08452	0.20153	0.33217	0.01048	0.04098	0.05344	0.05773	0.06229	0.04626	0.02586	0.00818	0.00972	0.00640	0.00421	0.00368	0.00123	0.00526	0.01850	0.02178	0.00580
27	0.00544	0.00377	0.00481	0.00551	0.00568	0.00360	0.00354	0.00591	0.00747	0.00996	0.02015	0.61125	0.02399	0.23575	0.00989	0.02354	0.00290	0.01020	0.00349	0.00315
28	0.01022	0.00935	0.01460	0.20187	0.39128	0.01015	0.04283	0.09261	0.10601	0.01455	0.00919	0.01138	0.00729	0.00521	0.03181	0.00151	0.02762	0.00394	0.00251	0.00608
29	0.02362	0.12023	0.25065	0.07971	0.01508	0.03603	0.05260	0.12721	0.01094	0.14366	0.03066	0.04888	0.00838	0.00492	0.00431	0.00130	0.02907	0.00393	0.00289	0.00594
30	0.00801	0.00825	0.06727	0.05703	0.19942	0.03172	0.09029	0.00995	0.00828	0.01138	0.01150	0.11036	0.01145	0.12770	0.17033	0.00284	0.03028	0.03682	0.00242	0.00469
31	0.00633	0.00429	0.00536	0.00528	0.00600	0.00404	0.00372	0.00753	0.00954	0.03980	0.38650	0.11165	0.07646	0.26006	0.00991	0.00222	0.00282	0.05108	0.00387	0.00356
32	0.03549	0.01066	0.01264	0.04288	0.01339	0.21417	0.20596	0.04440	0.04794	0.04055	0.03664	0.22261	0.01323	0.00670	0.00456	0.00139	0.00519	0.01730	0.01941	0.00488
33	0.02295	0.07060	0.19573	0.07163	0.10911	0.05696	0.03825	0.11613	0.08131	0.10165	0.02086	0.01259	0.05779	0.00489	0.00428	0.00130	0.02107	0.00397	0.00292	0.00602
34	0.00869	0.01865	0.08482	0.07284	0.08696	0.01892	0.00713	0.01081	0.04305	0.12973	0.01766	0.38875	0.03148	0.00889	0.00478	0.00152	0.00366	0.05332	0.00352	0.00483
35	0.01029	0.00812	0.01271	0.13464	0.01485	0.03752	0.18515	0.02147	0.05214	0.15122	0.02599	0.04910	0.03395	0.08459	0.06318	0.00205	0.07831	0.02667	0.00298	0.00508
36	0.00968	0.03511	0.10464	0.15002	0.09391	0.00881	0.08152	0.11868	0.03701	0.05841	0.07323	0.07480	0.08476	0.00592	0.00466	0.00136	0.02816	0.00513	0.01876	0.00542

[dist]
# distance from previous block
# <min> <max>
7	59

[block]
# block no. 7 follows, 63 sequences, length 24
# corresponding to MSA columns:
# 1226-1249
name=unknown_H
#
# <colnr> <probs for GDERKNQSTAVLIFYWHMCP>
#	G	D	E	R	K	N	Q	S	T	A	V	L	I	F	Y	W	H	M	C	P
0	0.24870	0.06863	0.02426	0.09064	0.14143	0.07720	0.05333	0.08817	0.04537	0.04859	0.04713	0.01055	0.00791	0.00439	0.00367	0.00126	0.00450	0.00347	0.02534	0.00546
1	0.01201	0.14381	0.07186	0.02246	0.05633	0.07930	0.07916	0.10330	0.02473	0.13303	0.05226	0.01169	0.02302	0.00487	0.00485	0.00123	0.08484	0.00378	0.01936	0.06813
2	0.03947	0.03821	0.07210	0.23136	0.11115	0.06298	0.17390	0.04427	0.07597	0.02506	0.00859	0.01061	0.00658	0.00406	0.00412	0.00127	0.00543	0.00377	0.00237	0.07872
3	0.00961	0.00787	0.01082	0.33539	0.07826	0.03269	0.00873	0.14516	0.03158	0.04684	0.03272	0.09812	0.02902	0.00806	0.07601	0.00185	0.00521	0.01982	0.01712	0.00511
4	0.00733	0.00501	0.00620	0.00589	0.00699	0.00530	0.00450	0.00993	0.08925	0.04492	0.20803	0.04331	0.08436	0.04563	0.20016	0.00268	0.03830	0.00571	0.18227	0.00422
5	0.00527	0.00425	0.00470	0.00466	0.00587	0.00372	0.00346	0.00653	0.00988	0.01249	0.22395	0.06839	0.55853	0.03279	0.03529	0.00167	0.00249	0.00846	0.00398	0.00362
6	0.00612	0.00432	0.00561	0.00627	0.00682	0.00424	0.00477	0.00720	0.00831	0.01087	0.02087	0.23126	0.05725	0.24370	0.00996	0.00245	0.00351	0.35955	0.00351	0.00338
7	0.00920	0.00920	0.01288	0.01104	0.01104	0.01288	0.00920	0.01012	0.00644	0.01012	0.00552	0.00920	0.00552	0.00736	0.01380	0.00184	0.84457	0.00368	0.00184	0.00460
8	0.00573	0.00427	0.00507	0.00491	0.00601	0.00384	0.00368	0.00735	0.01075	0.01459	0.47886	0.03393	0.30287	0.03326	0.00535	0.00143	0.00213	0.02508	0.04709	0.00378
9	0.01124	0.85479	0.02203	0.00719	0.01079	0.01663	0.00719	0.01259	0.00854	0.00989	0.00584	0.00674	0.00539	0.00360	0.00270	0.00090	0.00450	0.00225	0.00180	0.00539
10	0.00633	0.00432	0.00529	0.00560	0.00592	0.00432	0.00391	0.00695	0.00726	0.00958	0.01615	0.03393	0.01816	0.58110	0.01637	0.00339	0.00401	0.26147	0.00297	0.00297
11	0.01124	0.85479	0.02203	0.00719	0.01079	0.01663	0.00719	0.01259	0.00854	0.00989	0.00584	0.00674	0.00539	0.00360	0.00270	0.00090	0.00450	0.00225	0.00180	0.00539
12	0.01027	0.00598	0.00629	0.00548	0.00713	0.00626	0.00431	0.20834	0.01164	0.04967	0.01293	0.01424	0.00987	0.00495	0.00330	0.00106	0.00268	0.00390	0.62686	0.00484
13	0.00611	0.00408	0.00458	0.00458	0.00458	0.00408	0.00255	0.00611	0.00611	0.00815	0.01325	0.02751	0.01528	0.85226	0.02140	0.00408	0.00408	0.00611	0.00255	0.00255
14	0.00611	0.00408	0.00458	0.00458	0.00458	0.00408	0.00255	0.00611	0.00611	0.00815	0.01325	0.02751	0.01528	0.85226	0.02140	0.00408	0.00408	0.00611	0.00255	0.00255
15	0.01249	0.00566	0.00747	0.00622	0.00832	0.00505	0.00495	0.01429	0.01164	0.41554	0.34332	0.02137	0.02230	0.00655	0.00439	0.00128	0.00276	0.00556	0.09530	0.00553
16	0.01479	0.00982	0.01141	0.00903	0.01210	0.01047	0.03599	0.39222	0.20265	0.20823	0.01419	0.01337	0.03513	0.00536	0.00428	0.00132	0.00409	0.00432	0.00437	0.00687
17	0.00758	0.00475	0.00609	0.00554	0.00685	0.00440	0.00423	0.00980	0.03730	0.10783	0.64496	0.02874	0.06594	0.00806	0.00478	0.00131	0.00221	0.00704	0.03820	0.00439
18	0.32432	0.00952	0.00974	0.00775	0.01081	0.01033	0.00639	0.36379	0.01368	0.19010	0.00993	0.00981	0.00690	0.00467	0.00364	0.00128	0.00392	0.00334	0.00384	0.00623
19	0.04270	0.00503	0.00604	0.00598	0.00724	0.00497	0.00445	0.00989	0.08628	0.10851	0.03495	0.30156	0.19055	0.01267	0.11802	0.00220	0.00380	0.00787	0.04298	0.00432
20	0.00765	0.00636	0.01007	0.31183	0.13242	0.00686	0.02209	0.00963	0.00903	0.04328	0.06994	0.22931	0.06651	0.00755	0.00469	0.00148	0.00410	0.04964	0.00297	0.00459
21	0.01120	0.06210	0.02723	0.03808	0.20065	0.18917	0.00842	0.10705	0.07747	0.01386	0.02760	0.01282	0.03770	0.03986	0.07655	0.00181	0.02792	0.00393	0.03111	0.00546
22	0.01005	0.05496	0.01264	0.37280	0.10047	0.02217	0.00968	0.04285	0.00914	0.10758	0.02862	0.01178	0.00753	0.00695	0.07056	0.00181	0.11888	0.00385	0.00247	0.00520
23	0.07582	0.06871	0.00978	0.02574	0.01037	0.00745	0.00557	0.04921	0.02893	0.03009	0.00878	0.02790	0.02406	0.00397	0.00367	0.00086	0.03585	0.00302	0.00265	0.57756

[dist]
# distance from previous block
# <min> <max>
1	8

[block]
# block no. 8 follows, 63 sequences, length 13
# corresponding to MSA columns:
# 1259-1271
name=unknown_I
#
# <colnr> <probs for GDERKNQSTAVLIFYWHMCP>
#	G	D	E	R	K	N	Q	S	T	A	V	L	I	F	Y	W	H	M	C	P
0	0.00623	0.03634	0.00643	0.00663	0.03684	0.00488	0.00457	0.03030	0.00844	0.01129	0.02136	0.45737	0.11390	0.08132	0.07503	0.00221	0.01728	0.04126	0.03456	0.00375
1	0.01073	0.06378	0.07287	0.08664	0.27288	0.05846	0.03081	0.08065	0.01057	0.07831	0.07162	0.01467	0.04506	0.01798	0.00486	0.00135	0.03777	0.03246	0.00279	0.00574
2	0.29975	0.17656	0.04349	0.03878	0.18245	0.04470	0.03652	0.04280	0.00912	0.04695	0.02488	0.02292	0.00679	0.00418	0.00341	0.00122	0.00439	0.00318	0.00247	0.00545
3	0.00999	0.19188	0.03706	0.01623	0.37179	0.01075	0.06189	0.04081	0.04144	0.01338	0.05754	0.07070	0.01009	0.00491	0.00429	0.00124	0.02896	0.00434	0.01687	0.00583
4	0.00917	0.00733	0.00865	0.00626	0.00986	0.00557	0.00501	0.01102	0.00903	0.05870	0.04039	0.00993	0.00778	0.00345	0.00325	0.00069	0.00309	0.00279	0.00272	0.79533
5	0.00724	0.00472	0.00573	0.00537	0.00675	0.00426	0.00406	0.00909	0.03726	0.11152	0.37089	0.10797	0.29081	0.00919	0.00489	0.00139	0.00231	0.00793	0.00438	0.00425
6	0.03927	0.00609	0.00808	0.00664	0.00900	0.00542	0.00531	0.01548	0.01163	0.50409	0.27124	0.06545	0.02042	0.00667	0.00447	0.00133	0.00300	0.00566	0.00487	0.00587
7	0.00580	0.00429	0.00541	0.00513	0.00619	0.00390	0.00385	0.00764	0.01155	0.01602	0.70539	0.03277	0.15862	0.00891	0.00496	0.00134	0.00201	0.00779	0.00452	0.00390
8	0.01297	0.00748	0.00849	0.00712	0.00951	0.00780	0.00568	0.13741	0.24144	0.25082	0.01495	0.01444	0.01071	0.00524	0.00388	0.00124	0.00321	0.00422	0.24727	0.00611
9	0.01014	0.00956	0.01284	0.01085	0.01131	0.01290	0.00903	0.12168	0.00829	0.01240	0.00615	0.00932	0.00575	0.00704	0.01246	0.00176	0.72771	0.00369	0.00217	0.00495
10	0.58507	0.00998	0.00811	0.00697	0.00961	0.10645	0.00565	0.12193	0.00974	0.07377	0.00723	0.00792	0.00543	0.00427	0.00332	0.00128	0.02254	0.00270	0.00293	0.00512
11	0.12801	0.01035	0.01190	0.15809	0.07931	0.11620	0.07363	0.14819	0.09810	0.03145	0.01141	0.01246	0.06522	0.00484	0.00402	0.00129	0.00484	0.00396	0.00292	0.03381
12	0.45356	0.01082	0.00986	0.02941	0.13469	0.16017	0.00713	0.06079	0.00923	0.03338	0.00678	0.00809	0.00539	0.00425	0.00384	0.00128	0.05083	0.00282	0.00253	0.00515

[dist]
# distance from previous block
# <min> <max>
1	65

[block]
# block no. 9 follows, 63 sequences, length 27
# corresponding to MSA columns:
# 1359-1385
name=unknown_J
#
# <colnr> <probs for GDERKNQSTAVLIFYWHMCP>
#	G	D	E	R	K	N	Q	S	T	A	V	L	I	F	Y	W	H	M	C	P
0	0.01687	0.01035	0.01174	0.00900	0.01233	0.01092	0.00743	0.56831	0.01738	0.27357	0.01209	0.01139	0.00815	0.00509	0.00421	0.00127	0.00430	0.00392	0.00451	0.00715
1	0.00913	0.22916	0.62919	0.01079	0.01635	0.01147	0.01346	0.01313	0.00879	0.01246	0.00712	0.00834	0.00534	0.00389	0.00367	0.00122	0.00579	0.00289	0.00178	0.00601
2	0.00507	0.00426	0.00439	0.00436	0.00574	0.00359	0.00327	0.00622	0.00981	0.01190	0.11956	0.03956	0.74702	0.01044	0.00497	0.00141	0.00211	0.00875	0.00398	0.00359
3	0.01870	0.00741	0.00991	0.00760	0.01086	0.00656	0.00628	0.06410	0.01246	0.78474	0.01623	0.01408	0.01023	0.00519	0.00423	0.00130	0.00363	0.00420	0.00515	0.00715
4	0.01568	0.01149	0.01230	0.00946	0.01274	0.01270	0.00781	0.78265	0.01936	0.02610	0.01023	0.01030	0.00728	0.00504	0.00416	0.00125	0.00453	0.00379	0.03611	0.00703
5	0.00830	0.00418	0.00427	0.00414	0.00523	0.00419	0.00314	0.02915	0.00915	0.03548	0.01370	0.01551	0.01068	0.00491	0.00300	0.00099	0.00206	0.00392	0.83393	0.00407
6	0.01583	0.01616	0.01224	0.01029	0.01301	0.44922	0.00806	0.39022	0.01560	0.01790	0.00819	0.00876	0.00623	0.00467	0.00399	0.00117	0.00619	0.00321	0.00312	0.00594
7	0.00601	0.00450	0.00676	0.00676	0.00751	0.00525	0.00525	0.00751	0.00676	0.00976	0.01126	0.01651	0.01051	0.03153	0.83560	0.00676	0.01126	0.00450	0.00225	0.00375
8	0.00915	0.01347	0.38815	0.00937	0.03640	0.00738	0.00999	0.01240	0.00976	0.10135	0.15521	0.01414	0.02897	0.00490	0.00404	0.00118	0.00443	0.00404	0.00285	0.18282
9	0.01877	0.00730	0.00985	0.00755	0.01080	0.00639	0.00624	0.04547	0.01228	0.80363	0.01638	0.01418	0.01030	0.00520	0.00423	0.00130	0.00361	0.00421	0.00517	0.00715
10	0.00794	0.00747	0.01261	0.84216	0.02895	0.00934	0.01167	0.01074	0.00841	0.01074	0.00747	0.01121	0.00560	0.00420	0.00420	0.00140	0.00560	0.00374	0.00187	0.00467
11	0.03686	0.03447	0.09779	0.01623	0.27663	0.09612	0.15354	0.12726	0.01140	0.08248	0.02169	0.01054	0.00716	0.00418	0.00419	0.00127	0.00548	0.00382	0.00267	0.00623
12	0.00776	0.00493	0.00640	0.02701	0.03136	0.00503	0.00438	0.02104	0.00817	0.09278	0.10020	0.12583	0.01724	0.34806	0.10242	0.00306	0.03067	0.00627	0.05359	0.00379
13	0.88196	0.00813	0.00618	0.00553	0.00813	0.00943	0.00455	0.01236	0.00715	0.01886	0.00585	0.00683	0.00455	0.00390	0.00260	0.00130	0.00325	0.00228	0.00260	0.00455
14	0.00590	0.00469	0.00535	0.00515	0.00643	0.00436	0.00387	0.00834	0.08402	0.01432	0.38332	0.05915	0.38093	0.00937	0.00491	0.00139	0.00218	0.00803	0.00426	0.00401
15	0.00997	0.00938	0.01577	0.19275	0.57378	0.00983	0.03340	0.04785	0.00969	0.01353	0.00805	0.01081	0.00660	0.00491	0.03472	0.00149	0.00539	0.00381	0.00214	0.00614
16	0.01522	0.01912	0.01238	0.01219	0.08684	0.76042	0.00856	0.01643	0.01170	0.01060	0.00663	0.00784	0.00553	0.00428	0.00382	0.00110	0.00735	0.00280	0.00216	0.00504
17	0.88196	0.00813	0.00618	0.00553	0.00813	0.00943	0.00455	0.01236	0.00715	0.01886	0.00585	0.00683	0.00455	0.00390	0.00260	0.00130	0.00325	0.00228	0.00260	0.00455
18	0.00699	0.00523	0.00733	0.00804	0.00892	0.00557	0.00699	0.00884	0.00938	0.01236	0.02074	0.04395	0.02250	0.01123	0.00653	0.00193	0.08023	0.72562	0.00369	0.00394
19	0.00770	0.00465	0.00593	0.00566	0.00603	0.00479	0.00378	0.08948	0.00729	0.00975	0.01021	0.04806	0.01073	0.28963	0.03363	0.44875	0.00401	0.00480	0.00240	0.00271
20	0.00664	0.00495	0.00680	0.00786	0.08120	0.00483	0.00536	0.02107	0.00964	0.01315	0.25772	0.15858	0.02597	0.15201	0.00794	0.00201	0.00324	0.22340	0.00372	0.00391
21	0.33151	0.00954	0.01181	0.03597	0.21304	0.03623	0.05751	0.10840	0.00973	0.03277	0.00817	0.01011	0.01994	0.00458	0.00455	0.00135	0.08070	0.01597	0.00263	0.00550
22	0.09338	0.01035	0.07172	0.10433	0.08571	0.03431	0.25870	0.05896	0.02655	0.04527	0.00867	0.01109	0.00679	0.00727	0.09806	0.00197	0.05421	0.00402	0.00240	0.01625
23	0.01809	0.00741	0.01042	0.00914	0.08479	0.00652	0.00679	0.01980	0.01181	0.75491	0.01580	0.01395	0.01007	0.00507	0.00422	0.00130	0.00371	0.00418	0.00492	0.00711
24	0.00792	0.00753	0.05282	0.08697	0.28657	0.00697	0.02746	0.01014	0.03553	0.02911	0.04094	0.33644	0.03840	0.00787	0.00469	0.00146	0.00392	0.00722	0.00302	0.00502
25	0.00969	0.01202	0.14839	0.07187	0.33654	0.04888	0.18796	0.02883	0.00978	0.01329	0.01108	0.01300	0.08053	0.00445	0.00437	0.00132	0.00555	0.00433	0.00224	0.00588
26	0.00588	0.00398	0.00534	0.01992	0.00686	0.00374	0.00432	0.00678	0.00839	0.04648	0.02309	0.71882	0.04832	0.01249	0.00532	0.00169	0.00264	0.06839	0.00392	0.00363

[dist]
# distance from previous block
# <min> <max>
3	6

[block]
# block no. 10 follows, 63 sequences, length 8
# corresponding to MSA columns:
# 1393-1400
name=unknown_K
#
# <colnr> <probs for GDERKNQSTAVLIFYWHMCP>
#	G	D	E	R	K	N	Q	S	T	A	V	L	I	F	Y	W	H	M	C	P
0	0.00525	0.00383	0.00495	0.00560	0.00609	0.00353	0.00384	0.00624	0.00888	0.01187	0.16652	0.62555	0.10811	0.01211	0.00525	0.00161	0.00233	0.01088	0.00403	0.00353
1	0.00807	0.00827	0.05217	0.04893	0.27355	0.00751	0.12467	0.01071	0.03534	0.01350	0.14192	0.02109	0.20362	0.00683	0.02412	0.00147	0.00434	0.00574	0.00296	0.00520
2	0.00953	0.00666	0.00814	0.00770	0.03791	0.00689	0.02710	0.05545	0.25195	0.10741	0.12376	0.16646	0.06638	0.00740	0.00446	0.00139	0.00303	0.00642	0.09666	0.00531
3	0.00585	0.00445	0.00557	0.00581	0.00685	0.00397	0.00433	0.00713	0.00921	0.01235	0.14366	0.37414	0.16871	0.01072	0.00506	0.00152	0.00260	0.12618	0.00385	0.09805
4	0.01039	0.07332	0.01007	0.00662	0.01027	0.00691	0.00544	0.05414	0.00965	0.10213	0.00847	0.00924	0.00666	0.00348	0.00326	0.00075	0.00335	0.00273	0.00282	0.67030
5	0.00602	0.00444	0.00643	0.00643	0.00707	0.00508	0.00485	0.00730	0.00666	0.00952	0.01155	0.01814	0.01122	0.15315	0.71495	0.00636	0.01020	0.00474	0.00230	0.00357
6	0.01196	0.37202	0.08815	0.00826	0.01174	0.10814	0.00771	0.13199	0.05351	0.03377	0.00801	0.00871	0.00645	0.00408	0.00334	0.00102	0.00470	0.00287	0.03358	0.09997
7	0.00595	0.00408	0.00494	0.00509	0.00523	0.00415	0.00314	0.00628	0.00649	0.00877	0.01443	0.14773	0.01645	0.60907	0.13693	0.00411	0.00487	0.00675	0.00271	0.00285

[dist]
# distance from previous block
# <min> <max>
0	8

[block]
# block no. 11 follows, 63 sequences, length 6
# corresponding to MSA columns:
# 1409-1414
name=unknown_L
#
# <colnr> <probs for GDERKNQSTAVLIFYWHMCP>
#	G	D	E	R	K	N	Q	S	T	A	V	L	I	F	Y	W	H	M	C	P
0	0.00937	0.00812	0.04797	0.01031	0.11750	0.03401	0.05078	0.04728	0.15681	0.08724	0.01751	0.13690	0.11491	0.01069	0.12882	0.00220	0.00501	0.00592	0.00336	0.00530
1	0.00626	0.00460	0.00612	0.13045	0.00904	0.00481	0.00469	0.00712	0.00748	0.00991	0.05301	0.18377	0.01831	0.43583	0.01333	0.00287	0.00387	0.09234	0.00294	0.00324
2	0.00666	0.00532	0.00830	0.00960	0.12991	0.00596	0.00640	0.00831	0.00718	0.01035	0.01076	0.01560	0.00993	0.02737	0.71127	0.00593	0.01032	0.00439	0.00223	0.00419
3	0.06010	0.09761	0.26920	0.03293	0.15680	0.12181	0.03231	0.05488	0.08957	0.01391	0.00825	0.00951	0.00641	0.00425	0.00409	0.00126	0.02554	0.00331	0.00231	0.00594
4	0.01035	0.00761	0.02774	0.00771	0.00953	0.00812	0.00627	0.07262	0.19591	0.14712	0.10957	0.01914	0.11671	0.03311	0.04439	0.00176	0.14469	0.00524	0.02701	0.00539
5	0.00526	0.00401	0.00486	0.00533	0.00612	0.00361	0.00382	0.00633	0.00914	0.01180	0.12717	0.42374	0.30695	0.01165	0.00520	0.00157	0.00235	0.05354	0.00399	0.00355

[dist]
# distance from previous block
# <min> <max>
5	30

[block]
# block no. 12 follows, 63 sequences, length 16
# corresponding to MSA columns:
# 1446-1461
name=unknown_M
#
# <colnr> <probs for GDERKNQSTAVLIFYWHMCP>
#	G	D	E	R	K	N	Q	S	T	A	V	L	I	F	Y	W	H	M	C	P
0	0.00969	0.19531	0.02309	0.02446	0.00971	0.09178	0.00624	0.05167	0.05090	0.06099	0.06210	0.14408	0.08029	0.00831	0.03743	0.00155	0.02122	0.08606	0.03034	0.00478
1	0.00536	0.00420	0.00480	0.00479	0.00590	0.00369	0.00352	0.00668	0.01013	0.01311	0.31097	0.12052	0.44675	0.03401	0.00547	0.00149	0.00217	0.00867	0.00412	0.00365
2	0.00785	0.01160	0.25545	0.01190	0.04685	0.00784	0.24504	0.01069	0.00867	0.01215	0.01213	0.20581	0.01200	0.07742	0.05346	0.00198	0.00566	0.00605	0.00247	0.00498
3	0.01405	0.00803	0.00974	0.00734	0.01070	0.00717	0.00599	0.16512	0.01225	0.34391	0.04403	0.01212	0.00941	0.00453	0.00384	0.00104	0.00354	0.00363	0.00399	0.32956
4	0.00563	0.00425	0.00521	0.00513	0.00618	0.00383	0.00384	0.00725	0.01085	0.01466	0.51123	0.10566	0.25581	0.00966	0.00502	0.00140	0.00213	0.03412	0.00434	0.00380
5	0.01598	0.01177	0.01262	0.00967	0.01304	0.01304	0.00799	0.81202	0.01976	0.02649	0.01009	0.01009	0.00715	0.00505	0.00421	0.00126	0.00463	0.00378	0.00421	0.00715
6	0.00608	0.00417	0.00453	0.00444	0.00561	0.00377	0.00333	0.00766	0.00999	0.01413	0.24673	0.03066	0.37013	0.00839	0.00437	0.00126	0.00204	0.00706	0.26188	0.00377
7	0.01124	0.85479	0.02203	0.00719	0.01079	0.01663	0.00719	0.01259	0.00854	0.00989	0.00584	0.00674	0.00539	0.00360	0.00270	0.00090	0.00450	0.00225	0.00180	0.00539
8	0.00843	0.02174	0.83048	0.01198	0.01819	0.00976	0.01553	0.01331	0.00888	0.01331	0.00754	0.00888	0.00533	0.00399	0.00399	0.00133	0.00621	0.00311	0.00178	0.00621
