[name]
unknown

[dist]
# distance from previous block
# <min> <max>
0	94

[block]
# block no. 0 follows, 67 sequences, length 18
# corresponding to MSA columns:
# 872-875,879-890,897,898
name=unknown_A
#
# <colnr> <probs for GDERKNQSTAVLIFYWHMCP>
#	G	D	E	R	K	N	Q	S	T	A	V	L	I	F	Y	W	H	M	C	P
0	0.00513	0.00365	0.00487	0.00576	0.00607	0.00346	0.00401	0.00594	0.00779	0.01035	0.02156	0.71645	0.02555	0.05084	0.00587	0.00176	0.00257	0.11146	0.00366	0.00327
1	0.01228	0.09739	0.04279	0.00853	0.01136	0.05153	0.00721	0.37017	0.16338	0.03563	0.01060	0.05423	0.00846	0.00510	0.00427	0.00120	0.04367	0.00388	0.00340	0.06490
2	0.02338	0.02324	0.05639	0.08428	0.10043	0.18611	0.06463	0.03469	0.00943	0.06708	0.01192	0.25046	0.01185	0.00639	0.00418	0.00128	0.00463	0.00556	0.00275	0.05132
3	0.04164	0.26928	0.33035	0.00865	0.01248	0.02695	0.00947	0.02447	0.02499	0.05451	0.03695	0.03843	0.00750	0.00473	0.00425	0.03275	0.03789	0.00325	0.00218	0.02927
4	0.00920	0.18210	0.61870	0.01031	0.01555	0.01058	0.01268	0.04428	0.00892	0.04209	0.00729	0.00831	0.00533	0.00382	0.00359	0.00119	0.00546	0.00287	0.00191	0.00584
5	0.00536	0.00415	0.00537	0.00538	0.00628	0.00424	0.00406	0.00657	0.00774	0.01026	0.07844	0.05402	0.29996	0.06481	0.42026	0.00401	0.00644	0.00628	0.00292	0.00345
6	0.00941	0.03918	0.13341	0.10119	0.15562	0.04310	0.09514	0.07833	0.00977	0.06309	0.01194	0.13228	0.02521	0.00590	0.00429	0.00135	0.00470	0.07819	0.00270	0.00521
7	0.00757	0.00713	0.01203	0.84942	0.02762	0.00891	0.01114	0.01025	0.00802	0.01025	0.00713	0.01069	0.00535	0.00401	0.00401	0.00134	0.00535	0.00356	0.00178	0.00446
8	0.00573	0.00430	0.00645	0.00645	0.00716	0.00501	0.00501	0.00716	0.00645	0.00931	0.01074	0.01576	0.01003	0.03008	0.84316	0.00645	0.01074	0.00430	0.00215	0.00358
9	0.47015	0.00942	0.00883	0.00717	0.01000	0.01064	0.00591	0.39876	0.01258	0.02148	0.00752	0.00800	0.00553	0.00425	0.00321	0.00122	0.00373	0.00286	0.00321	0.00553
10	0.00757	0.00713	0.01203	0.84942	0.02762	0.00891	0.01114	0.01025	0.00802	0.01025	0.00713	0.01069	0.00535	0.00401	0.00401	0.00134	0.00535	0.00356	0.00178	0.00446
11	0.00947	0.01082	0.02366	0.01690	0.02096	0.01014	0.81947	0.01285	0.00947	0.01285	0.00811	0.01082	0.00609	0.00338	0.00473	0.00135	0.00676	0.00473	0.00203	0.00541
12	0.00567	0.00414	0.00550	0.00631	0.00704	0.00397	0.00504	0.00700	0.00866	0.01122	0.02405	0.33558	0.12879	0.01149	0.00529	0.00170	0.00299	0.41834	0.00371	0.00350
13	0.00487	0.00399	0.00429	0.00439	0.00554	0.00341	0.00323	0.00594	0.00919	0.01135	0.12903	0.15070	0.62963	0.01026	0.00479	0.00138	0.00206	0.00873	0.00380	0.00341
14	0.00535	0.00388	0.00507	0.00539	0.00606	0.00360	0.00391	0.00669	0.00954	0.01305	0.39059	0.37662	0.07598	0.01034	0.00495	0.00146	0.00221	0.06772	0.00403	0.00354
15	0.02878	0.09268	0.12354	0.00763	0.01142	0.00807	0.04034	0.09312	0.03936	0.01413	0.00758	0.00859	0.00604	0.00344	0.00325	0.00085	0.00381	0.00273	0.00243	0.50219
16	0.08909	0.11770	0.36745	0.01107	0.01544	0.04323	0.17840	0.05618	0.03913	0.01351	0.00782	0.00969	0.00603	0.00397	0.00379	0.00124	0.00546	0.02314	0.00211	0.00554
17	0.00608	0.00465	0.00531	0.00526	0.00620	0.00452	0.00373	0.02423	0.09718	0.01169	0.12738	0.18799	0.22476	0.21399	0.00848	0.00200	0.00277	0.03488	0.00351	0.02537

[dist]
# distance from previous block
# <min> <max>
0	5

[block]
# block no. 1 follows, 67 sequences, length 61
# corresponding to MSA columns:
# 904-906,912-969
name=unknown_B
#
# <colnr> <probs for GDERKNQSTAVLIFYWHMCP>
#	G	D	E	R	K	N	Q	S	T	A	V	L	I	F	Y	W	H	M	C	P
0	0.80699	0.00794	0.00642	0.01975	0.00841	0.00915	0.00468	0.06016	0.00764	0.03104	0.00601	0.00688	0.00459	0.00381	0.00262	0.00124	0.00322	0.00231	0.00260	0.00453
1	0.00577	0.00409	0.00539	0.00573	0.02471	0.00378	0.00403	0.00717	0.00978	0.03498	0.42315	0.32342	0.09074	0.00979	0.00486	0.00141	0.00221	0.03124	0.00406	0.00370
2	0.00916	0.01162	0.19796	0.06848	0.08706	0.00916	0.25517	0.03682	0.03323	0.03952	0.02143	0.01133	0.02563	0.00428	0.00491	0.00128	0.07742	0.01388	0.00226	0.08939
3	0.78989	0.00798	0.00648	0.00564	0.00820	0.00913	0.00464	0.07193	0.00789	0.04958	0.00627	0.00702	0.00474	0.00385	0.00265	0.00124	0.00321	0.00235	0.00269	0.00462
4	0.00947	0.01082	0.02366	0.01690	0.02096	0.01014	0.81947	0.01285	0.00947	0.01285	0.00811	0.01082	0.00609	0.00338	0.00473	0.00135	0.00676	0.00473	0.00203	0.00541
5	0.00546	0.00492	0.04967	0.00632	0.03286	0.00407	0.00462	0.00693	0.03000	0.01156	0.13660	0.52536	0.13285	0.01067	0.00489	0.00150	0.00254	0.02184	0.00367	0.00368
6	0.00960	0.00930	0.02700	0.27869	0.41977	0.05759	0.04704	0.02440	0.00909	0.03566	0.00805	0.03115	0.00659	0.00403	0.00401	0.00125	0.00506	0.00376	0.01242	0.00553
7	0.00491	0.00355	0.00465	0.00553	0.00584	0.00329	0.00374	0.00565	0.00780	0.01031	0.02319	0.79162	0.07464	0.01239	0.00510	0.00162	0.00234	0.02684	0.00372	0.00327
8	0.03120	0.00851	0.01324	0.23592	0.37199	0.00909	0.02102	0.09490	0.00992	0.09105	0.00922	0.01113	0.02510	0.00420	0.00416	0.00125	0.02361	0.00371	0.02507	0.00571
9	0.04216	0.03136	0.03202	0.03331	0.16902	0.21092	0.05255	0.14717	0.07276	0.12077	0.00962	0.01032	0.01907	0.00443	0.00411	0.00120	0.02702	0.00351	0.00290	0.00578
10	0.03048	0.00826	0.00981	0.00773	0.01065	0.00833	0.00632	0.26128	0.11569	0.43523	0.02662	0.01314	0.02265	0.00508	0.00401	0.00124	0.00361	0.00405	0.01925	0.00657
11	0.01263	0.00996	0.01311	0.10355	0.27472	0.01075	0.00932	0.43631	0.01416	0.04181	0.00895	0.01007	0.00668	0.00434	0.00397	0.00121	0.00454	0.00361	0.02395	0.00635
12	0.00578	0.00411	0.00529	0.00503	0.00601	0.00376	0.00376	0.00753	0.01098	0.03030	0.70903	0.07447	0.10180	0.00853	0.00474	0.00129	0.00195	0.00751	0.00433	0.00378
13	0.00516	0.00359	0.00478	0.00558	0.00591	0.00334	0.00376	0.00595	0.00798	0.02502	0.07332	0.78936	0.02695	0.01216	0.00508	0.00160	0.00232	0.01101	0.00379	0.00335
14	0.00520	0.00405	0.00469	0.00459	0.00568	0.00357	0.00340	0.00658	0.01002	0.01316	0.40383	0.07123	0.41121	0.02874	0.00511	0.00138	0.00202	0.00798	0.00401	0.00354
15	0.00545	0.00408	0.00506	0.00484	0.00586	0.00368	0.00362	0.00712	0.01077	0.01477	0.63635	0.05355	0.21258	0.00874	0.00474	0.00129	0.00193	0.00763	0.00424	0.00368
16	0.88738	0.00776	0.00589	0.00527	0.00776	0.00900	0.00434	0.01179	0.00683	0.01799	0.00558	0.00651	0.00434	0.00372	0.00248	0.00124	0.00310	0.00217	0.00248	0.00434
17	0.01464	0.00591	0.00775	0.00624	0.00867	0.00523	0.00504	0.01626	0.01071	0.58843	0.06587	0.03661	0.01216	0.00530	0.00384	0.00119	0.00296	0.00436	0.19296	0.00588
18	0.88738	0.00776	0.00589	0.00527	0.00776	0.00900	0.00434	0.01179	0.00683	0.01799	0.00558	0.00651	0.00434	0.00372	0.00248	0.00124	0.00310	0.00217	0.00248	0.00434
19	0.88738	0.00776	0.00589	0.00527	0.00776	0.00900	0.00434	0.01179	0.00683	0.01799	0.00558	0.00651	0.00434	0.00372	0.00248	0.00124	0.00310	0.00217	0.00248	0.00434
20	0.00489	0.00349	0.00465	0.00558	0.00582	0.00326	0.00372	0.00558	0.00768	0.01024	0.02210	0.85644	0.02653	0.01256	0.00512	0.00163	0.00233	0.01140	0.00372	0.00326
21	0.88738	0.00776	0.00589	0.00527	0.00776	0.00900	0.00434	0.01179	0.00683	0.01799	0.00558	0.00651	0.00434	0.00372	0.00248	0.00124	0.00310	0.00217	0.00248	0.00434
22	0.00810	0.00434	0.00440	0.00418	0.00530	0.00444	0.00319	0.07442	0.00925	0.01578	0.01281	0.01452	0.01000	0.00468	0.00290	0.00096	0.00207	0.00373	0.81096	0.00399
23	0.00832	0.00713	0.00832	0.00594	0.00950	0.00535	0.00475	0.01010	0.00832	0.01307	0.00713	0.00832	0.00594	0.00297	0.00297	0.00059	0.00297	0.00238	0.00238	0.88357
24	0.01384	0.00624	0.00812	0.00670	0.00901	0.00572	0.00533	0.08652	0.01134	0.50678	0.09827	0.15632	0.01526	0.00654	0.00423	0.00129	0.00310	0.00554	0.04405	0.00578
25	0.01357	0.00589	0.00785	0.00665	0.00884	0.00525	0.00522	0.04233	0.01053	0.53657	0.01828	0.26491	0.04139	0.00739	0.00438	0.00136	0.00308	0.00635	0.00452	0.00565
26	0.00898	0.00705	0.01239	0.00976	0.01225	0.00637	0.28309	0.01096	0.00920	0.13869	0.02946	0.22463	0.06012	0.00682	0.00457	0.00135	0.00415	0.05897	0.00319	0.10801
27	0.00573	0.00430	0.00645	0.00645	0.00716	0.00501	0.00501	0.00716	0.00645	0.00931	0.01074	0.01576	0.01003	0.03008	0.84316	0.00645	0.01074	0.00430	0.00215	0.00358
28	0.00503	0.00355	0.00456	0.00535	0.00570	0.00330	0.00360	0.00580	0.00780	0.01050	0.02288	0.73704	0.08650	0.02476	0.00520	0.00161	0.00230	0.01069	0.05054	0.00328
29	0.03265	0.00686	0.00897	0.00702	0.00985	0.00623	0.00575	0.07550	0.02357	0.65412	0.11190	0.01518	0.01294	0.00532	0.00409	0.00124	0.00329	0.00436	0.00477	0.00641
30	0.48290	0.00758	0.00771	0.03112	0.00955	0.00801	0.00532	0.05991	0.00930	0.32874	0.00974	0.00952	0.00663	0.00426	0.00320	0.00124	0.00336	0.00300	0.00349	0.00543
31	0.01782	0.00710	0.00948	0.00727	0.01037	0.00630	0.00600	0.06939	0.01194	0.78632	0.01544	0.01340	0.00973	0.00495	0.00403	0.00124	0.00347	0.00401	0.00490	0.00682
32	0.88738	0.00776	0.00589	0.00527	0.00776	0.00900	0.00434	0.01179	0.00683	0.01799	0.00558	0.00651	0.00434	0.00372	0.00248	0.00124	0.00310	0.00217	0.00248	0.00434
33	0.00549	0.00408	0.00500	0.00477	0.00582	0.00368	0.00358	0.00717	0.01073	0.01476	0.61558	0.03170	0.23323	0.00859	0.00468	0.00128	0.00193	0.00746	0.02680	0.00368
34	0.86770	0.00780	0.00613	0.00571	0.02629	0.00901	0.00452	0.01180	0.00688	0.01788	0.00563	0.00659	0.00439	0.00372	0.00252	0.00124	0.00314	0.00220	0.00247	0.00439
35	0.00908	0.00915	0.05175	0.28103	0.07788	0.03428	0.04381	0.03243	0.27722	0.01311	0.01099	0.01238	0.03064	0.00492	0.00502	0.00136	0.09294	0.00401	0.00267	0.00535
36	0.00484	0.00384	0.00435	0.00470	0.00560	0.00336	0.00334	0.00578	0.00868	0.01086	0.07232	0.35421	0.48199	0.01099	0.00489	0.00146	0.00214	0.00954	0.00376	0.00336
37	0.86164	0.00786	0.00608	0.00539	0.00789	0.00910	0.00444	0.03567	0.00718	0.01821	0.00570	0.00661	0.00442	0.00376	0.00253	0.00124	0.00314	0.00221	0.00253	0.00442
38	0.00487	0.00384	0.00440	0.00475	0.00562	0.00336	0.00338	0.00583	0.00872	0.01100	0.09367	0.36674	0.44767	0.01098	0.00489	0.00146	0.00214	0.00955	0.00378	0.00336
39	0.00574	0.00410	0.00519	0.00504	0.00602	0.00373	0.00376	0.00736	0.01058	0.03304	0.58864	0.11776	0.16048	0.00895	0.00477	0.00133	0.00203	0.02350	0.00423	0.00373
40	0.01072	0.86147	0.02102	0.00686	0.01029	0.01587	0.00686	0.01201	0.00815	0.00944	0.00558	0.00643	0.00515	0.00343	0.00257	0.00086	0.00429	0.00214	0.00172	0.00515
41	0.25072	0.06763	0.00900	0.00738	0.00895	0.14789	0.00595	0.01066	0.00748	0.01192	0.00735	0.01000	0.00655	0.01280	0.27768	0.00293	0.12824	0.00313	0.00214	0.02161
42	0.01072	0.86147	0.02102	0.00686	0.01029	0.01587	0.00686	0.01201	0.00815	0.00944	0.00558	0.00643	0.00515	0.00343	0.00257	0.00086	0.00429	0.00214	0.00172	0.00515
43	0.00807	0.00884	0.15179	0.03625	0.03552	0.00720	0.00706	0.03286	0.25764	0.03604	0.25776	0.05155	0.05480	0.03099	0.00476	0.00139	0.00337	0.00545	0.00357	0.00511
44	0.00563	0.00410	0.00530	0.00500	0.00596	0.00376	0.00375	0.00748	0.01125	0.01583	0.79357	0.03038	0.07635	0.00829	0.00473	0.00127	0.00190	0.00731	0.00438	0.00376
45	0.00905	0.17639	0.62782	0.01043	0.01570	0.01075	0.01283	0.06977	0.00914	0.01298	0.00707	0.00817	0.00522	0.00381	0.00359	0.00119	0.00552	0.00286	0.00186	0.00585
46	0.01783	0.00699	0.05512	0.04764	0.00959	0.01935	0.00600	0.08348	0.15536	0.05791	0.08634	0.26125	0.07305	0.00832	0.00466	0.00145	0.01183	0.08552	0.00366	0.00467
47	0.01495	0.01178	0.01183	0.00927	0.01233	0.08379	0.00757	0.71061	0.05945	0.02351	0.00968	0.00969	0.00695	0.00479	0.00398	0.00120	0.00459	0.00357	0.00385	0.00661
48	0.01498	0.01911	0.01137	0.01033	0.01240	0.84295	0.00775	0.01601	0.01137	0.00982	0.00620	0.00723	0.00517	0.00413	0.00362	0.00103	0.00723	0.00258	0.00207	0.00465
49	0.00493	0.00352	0.00466	0.00554	0.00578	0.00329	0.00369	0.00564	0.00773	0.01032	0.04268	0.81385	0.02651	0.03422	0.00550	0.00168	0.00236	0.01115	0.00371	0.00325
50	0.00952	0.00867	0.01239	0.01042	0.01085	0.01162	0.03648	0.01054	0.00670	0.07474	0.00622	0.00922	0.00567	0.00668	0.01202	0.00169	0.74484	0.00358	0.00202	0.01613
51	0.00757	0.00713	0.01203	0.84942	0.02762	0.00891	0.01114	0.01025	0.00802	0.01025	0.00713	0.01069	0.00535	0.00401	0.00401	0.00134	0.00535	0.00356	0.00178	0.00446
52	0.00947	0.01082	0.02366	0.01690	0.02096	0.01014	0.81947	0.01285	0.00947	0.01285	0.00811	0.01082	0.00609	0.00338	0.00473	0.00135	0.00676	0.00473	0.00203	0.00541
53	0.00546	0.00422	0.00501	0.00484	0.00596	0.00382	0.00361	0.00724	0.03528	0.01380	0.45963	0.09019	0.31652	0.00904	0.00472	0.00131	0.00203	0.00782	0.00408	0.01540
54	0.03943	0.00420	0.00534	0.00569	0.00653	0.00389	0.00406	0.00785	0.00836	0.12571	0.02237	0.60810	0.10038	0.01091	0.00484	0.00154	0.00251	0.03064	0.00385	0.00382
55	0.00861	0.00854	0.01197	0.01031	0.01035	0.01190	0.00857	0.00952	0.00616	0.00963	0.00556	0.00915	0.00552	0.00825	0.05746	0.00201	0.80684	0.00355	0.00178	0.00434
56	0.14530	0.15343	0.01198	0.10635	0.01262	0.08329	0.00720	0.19420	0.14291	0.04949	0.00886	0.00952	0.00677	0.00448	0.00397	0.00121	0.04682	0.00321	0.00290	0.00550
57	0.00987	0.03978	0.39228	0.00995	0.01410	0.01015	0.02596	0.14137	0.27204	0.01586	0.01067	0.01125	0.00793	0.00458	0.00393	0.00129	0.00474	0.01526	0.00286	0.00614
58	0.05267	0.05703	0.13691	0.03808	0.04492	0.03082	0.02301	0.22408	0.05036	0.16424	0.02149	0.02429	0.01805	0.00485	0.00447	0.00125	0.06259	0.00371	0.03131	0.00587
59	0.03286	0.00946	0.01114	0.27831	0.12902	0.13729	0.01895	0.07416	0.12757	0.01309	0.01020	0.06732	0.00873	0.00506	0.00402	0.00129	0.00477	0.03367	0.02798	0.00508
60	0.00719	0.00519	0.02807	0.01620	0.00773	0.00455	0.04625	0.00920	0.02271	0.09779	0.53179	0.09526	0.07405	0.00780	0.00460	0.00129	0.00250	0.00693	0.02670	0.00421

[dist]
# distance from previous block
# <min> <max>
0	2

[block]
# block no. 2 follows, 67 sequences, length 29
# corresponding to MSA columns:
# 972-1000
name=unknown_C
#
# <colnr> <probs for GDERKNQSTAVLIFYWHMCP>
#	G	D	E	R	K	N	Q	S	T	A	V	L	I	F	Y	W	H	M	C	P
0	0.78491	0.00872	0.00672	0.00641	0.03949	0.07513	0.00492	0.01214	0.00727	0.01716	0.00571	0.00670	0.00448	0.00375	0.00263	0.00122	0.00349	0.00226	0.00243	0.00444
1	0.00725	0.00678	0.04549	0.01053	0.10994	0.00620	0.12469	0.00973	0.05423	0.01219	0.03753	0.16068	0.04490	0.02205	0.00535	0.01515	0.00402	0.31575	0.00315	0.00438
2	0.01036	0.00794	0.00871	0.06476	0.01046	0.08265	0.00607	0.18113	0.05334	0.10076	0.01279	0.18761	0.01207	0.05900	0.06575	0.01370	0.03284	0.01679	0.00327	0.06999
3	0.00993	0.00953	0.01628	0.02462	0.83404	0.00953	0.01231	0.01231	0.00913	0.01310	0.00754	0.00993	0.00635	0.00357	0.00397	0.00119	0.00476	0.00357	0.00199	0.00635
4	0.01152	0.00587	0.00727	0.00608	0.00807	0.00561	0.00483	0.09153	0.04254	0.31147	0.27727	0.01880	0.01876	0.00595	0.00403	0.00119	0.00273	0.00499	0.16624	0.00526
5	0.00888	0.14647	0.32908	0.01975	0.01296	0.00936	0.05926	0.07228	0.02441	0.04039	0.06161	0.05546	0.05294	0.05367	0.00515	0.00140	0.03504	0.00423	0.00247	0.00520
6	0.01525	0.01123	0.01204	0.00923	0.01244	0.01244	0.00762	0.82067	0.01886	0.02528	0.00963	0.00963	0.00682	0.00481	0.00401	0.00120	0.00441	0.00361	0.00401	0.00682
7	0.04128	0.00616	0.00814	0.00662	0.00915	0.00542	0.00532	0.01624	0.01070	0.62612	0.04468	0.12452	0.06478	0.00634	0.00419	0.00130	0.00313	0.00532	0.00463	0.00597
8	0.03081	0.00708	0.01059	0.09309	0.19331	0.00697	0.04688	0.02200	0.02558	0.26093	0.05761	0.01749	0.11466	0.02563	0.00471	0.00135	0.01929	0.03046	0.02614	0.00543
9	0.02866	0.03975	0.12429	0.03279	0.05226	0.03374	0.14932	0.11211	0.05193	0.11006	0.07860	0.05209	0.08314	0.00545	0.00443	0.00129	0.02684	0.00476	0.00307	0.00540
10	0.01238	0.00782	0.00933	0.02946	0.02525	0.04058	0.00634	0.21320	0.06568	0.24927	0.06747	0.01401	0.01084	0.02311	0.18897	0.00243	0.02039	0.00418	0.00367	0.00561
11	0.00560	0.00376	0.00473	0.00525	0.00586	0.00345	0.00364	0.00654	0.00836	0.04244	0.08116	0.58323	0.14878	0.01106	0.00483	0.00150	0.00226	0.00985	0.06423	0.00348
12	0.02600	0.00964	0.03932	0.26975	0.12577	0.11945	0.07961	0.06246	0.02632	0.01209	0.00987	0.09842	0.02033	0.02089	0.00484	0.00137	0.04168	0.02500	0.00235	0.00485
13	0.07987	0.07706	0.14460	0.21299	0.15658	0.02156	0.08418	0.06489	0.00931	0.06691	0.00816	0.02508	0.00632	0.00406	0.00380	0.00124	0.00492	0.00352	0.01952	0.00542
14	0.03969	0.00376	0.00481	0.00564	0.00605	0.00358	0.00391	0.00603	0.00781	0.01069	0.02215	0.73250	0.05812	0.01201	0.00503	0.00162	0.00244	0.06715	0.00367	0.00334
15	0.01498	0.01911	0.01137	0.01033	0.01240	0.84295	0.00775	0.01601	0.01137	0.00982	0.00620	0.00723	0.00517	0.00413	0.00362	0.00103	0.00723	0.00258	0.00207	0.00465
16	0.01160	0.00970	0.03511	0.00770	0.01114	0.03038	0.00643	0.37574	0.01315	0.01848	0.00823	0.00888	0.00629	0.00386	0.00348	0.00090	0.00382	0.00296	0.00308	0.43907
17	0.02317	0.03573	0.04961	0.05422	0.11306	0.08804	0.05062	0.10990	0.07340	0.06893	0.02420	0.04793	0.00828	0.02152	0.02853	0.00154	0.18935	0.00402	0.00266	0.00529
18	0.00590	0.00443	0.00544	0.00497	0.00627	0.00389	0.00375	0.00761	0.01044	0.01472	0.55916	0.05168	0.15195	0.00785	0.00446	0.00119	0.00205	0.00683	0.03828	0.10912
19	0.01002	0.04855	0.19038	0.05299	0.20132	0.14321	0.08591	0.04181	0.09027	0.01301	0.04446	0.01161	0.03997	0.00439	0.00397	0.00122	0.00521	0.00378	0.00237	0.00555
20	0.00571	0.00415	0.00502	0.00499	0.00596	0.00405	0.00373	0.00735	0.02927	0.01233	0.21561	0.08696	0.25636	0.03333	0.18715	0.00246	0.00396	0.00669	0.12129	0.00361
21	0.00849	0.12348	0.05139	0.03593	0.04372	0.11584	0.04774	0.01114	0.08283	0.02110	0.24922	0.03909	0.12592	0.00637	0.00416	0.00122	0.00378	0.02083	0.00316	0.00459
22	0.01061	0.00756	0.05602	0.02312	0.00997	0.00644	0.00586	0.02451	0.16707	0.21963	0.12206	0.03008	0.02742	0.00508	0.00383	0.00109	0.00315	0.00423	0.02605	0.24622
23	0.00666	0.00570	0.00810	0.00753	0.00802	0.00719	0.00600	0.00786	0.00658	0.00962	0.03382	0.01532	0.04530	0.05201	0.48696	0.00448	0.27853	0.00437	0.00217	0.00379
24	0.00939	0.06591	0.03203	0.06345	0.03565	0.05639	0.04108	0.03257	0.08844	0.03976	0.02030	0.01165	0.03784	0.00468	0.00494	0.00111	0.12723	0.01516	0.04982	0.26260
25	0.02206	0.00705	0.05823	0.05086	0.00996	0.00660	0.04212	0.06565	0.15511	0.06228	0.19448	0.14431	0.09085	0.03456	0.00511	0.00145	0.01644	0.02452	0.00364	0.00472
26	0.01028	0.00841	0.01354	0.17869	0.01609	0.01976	0.19331	0.05379	0.02255	0.13731	0.02501	0.01200	0.00765	0.00558	0.03046	0.00150	0.16205	0.02438	0.00263	0.07503
27	0.00491	0.00354	0.00461	0.00544	0.00574	0.00329	0.00363	0.00560	0.00770	0.01018	0.02290	0.77227	0.07683	0.04569	0.00570	0.00170	0.00237	0.01100	0.00367	0.00323
28	0.02107	0.20073	0.01229	0.00816	0.01069	0.09005	0.00678	0.13979	0.34330	0.03402	0.01160	0.01245	0.00923	0.00563	0.02533	0.00135	0.02338	0.03516	0.00324	0.00576

[dist]
# distance from previous block
# <min> <max>
0	15

[block]
# block no. 3 follows, 67 sequences, length 10
# corresponding to MSA columns:
# 1016-1025
name=unknown_D
#
# <colnr> <probs for GDERKNQSTAVLIFYWHMCP>
#	G	D	E	R	K	N	Q	S	T	A	V	L	I	F	Y	W	H	M	C	P
0	0.06155	0.00891	0.03324	0.04551	0.03196	0.05229	0.00642	0.12800	0.08441	0.03662	0.00852	0.00961	0.00674	0.00516	0.04357	0.00122	0.03937	0.00303	0.00273	0.39115
1	0.03782	0.09877	0.19901	0.05116	0.05771	0.02449	0.09111	0.11910	0.02288	0.11141	0.00912	0.02365	0.00711	0.00449	0.00429	0.00123	0.04632	0.02829	0.00265	0.05941
2	0.01395	0.04448	0.04287	0.00973	0.01202	0.61978	0.00764	0.03383	0.09639	0.04525	0.00777	0.00852	0.00619	0.00457	0.00401	0.02642	0.00633	0.00290	0.00240	0.00495
3	0.04337	0.00693	0.00909	0.00712	0.01003	0.00624	0.00582	0.06939	0.01157	0.70983	0.01550	0.06473	0.01058	0.00538	0.00405	0.00126	0.00340	0.00440	0.00475	0.00653
4	0.00680	0.00540	0.04020	0.00635	0.00764	0.00456	0.04082	0.00820	0.02594	0.06348	0.05505	0.36530	0.05469	0.14745	0.00722	0.00182	0.00313	0.05917	0.00333	0.09346
5	0.06575	0.23061	0.11845	0.06184	0.01427	0.03667	0.15616	0.09775	0.03139	0.05844	0.00774	0.00892	0.00596	0.00386	0.00374	0.00113	0.02092	0.00319	0.00236	0.07086
6	0.00547	0.05661	0.00558	0.00490	0.00614	0.00447	0.00371	0.00696	0.04651	0.01114	0.06555	0.21819	0.50850	0.01001	0.00468	0.00140	0.00233	0.03059	0.00365	0.00363
7	0.00587	0.00408	0.00488	0.00486	0.00561	0.00378	0.00340	0.00686	0.00872	0.03853	0.25628	0.11184	0.21118	0.26515	0.00951	0.00214	0.00271	0.04768	0.00357	0.00333
8	0.03530	0.02493	0.10663	0.14750	0.12290	0.00992	0.12710	0.23856	0.01180	0.10577	0.00891	0.01016	0.00645	0.00413	0.00400	0.00124	0.00494	0.00365	0.00283	0.02326
9	0.16751	0.10033	0.06148	0.05229	0.07717	0.05217	0.19159	0.06270	0.03456	0.05889	0.00792	0.00936	0.00611	0.00458	0.02945	0.00133	0.00499	0.00334	0.00242	0.07180

[dist]
# distance from previous block
# <min> <max>
0	4

[block]
# block no. 4 follows, 67 sequences, length 12
# corresponding to MSA columns:
# 1030-1041
name=unknown_E
#
# <colnr> <probs for GDERKNQSTAVLIFYWHMCP>
#	G	D	E	R	K	N	Q	S	T	A	V	L	I	F	Y	W	H	M	C	P
0	0.00579	0.00424	0.00629	0.00629	0.00694	0.00489	0.00481	0.00701	0.00636	0.00913	0.01067	0.01613	0.01012	0.07153	0.76511	0.04469	0.01008	0.00434	0.00214	0.00344
1	0.03293	0.71619	0.01967	0.00747	0.01082	0.05307	0.03298	0.06767	0.00904	0.01086	0.00596	0.00683	0.00527	0.00356	0.00279	0.00091	0.00448	0.00235	0.00192	0.00523
2	0.00529	0.00397	0.00490	0.00509	0.00596	0.00367	0.00377	0.00658	0.00923	0.01232	0.27240	0.24153	0.26407	0.01157	0.06691	0.00179	0.00279	0.05117	0.02347	0.00351
3	0.00531	0.00409	0.00485	0.00466	0.00577	0.00363	0.00349	0.00686	0.01048	0.01402	0.52132	0.03335	0.34973	0.00897	0.00473	0.00130	0.00195	0.00773	0.00414	0.00363
4	0.00786	0.00435	0.00578	0.00585	0.00686	0.00394	0.00426	0.00894	0.00906	0.18945	0.11866	0.50904	0.06162	0.01024	0.00484	0.00150	0.00254	0.03704	0.00407	0.00411
5	0.01072	0.86147	0.02102	0.00686	0.01029	0.01587	0.00686	0.01201	0.00815	0.00944	0.00558	0.00643	0.00515	0.00343	0.00257	0.00086	0.00429	0.00214	0.00172	0.00515
6	0.04306	0.00430	0.00456	0.00425	0.00553	0.00423	0.00327	0.01079	0.00875	0.12372	0.01315	0.01445	0.01000	0.00467	0.00295	0.00099	0.00212	0.00372	0.73132	0.00417
7	0.01138	0.00918	0.00972	0.00831	0.01079	0.01045	0.00658	0.24752	0.56853	0.01912	0.01431	0.01345	0.01064	0.00524	0.00402	0.00130	0.00348	0.00424	0.03535	0.00639
8	0.01072	0.86147	0.02102	0.00686	0.01029	0.01587	0.00686	0.01201	0.00815	0.00944	0.00558	0.00643	0.00515	0.00343	0.00257	0.00086	0.00429	0.00214	0.00172	0.00515
9	0.01337	0.01526	0.01124	0.04310	0.01253	0.51919	0.00778	0.10032	0.12569	0.01241	0.00792	0.00886	0.00635	0.00468	0.00474	0.00118	0.09468	0.00310	0.00251	0.00508
10	0.00757	0.00585	0.00724	0.03363	0.00871	0.00482	0.00462	0.00934	0.00942	0.04723	0.28710	0.07162	0.01821	0.00548	0.00378	0.00094	0.00266	0.00472	0.00324	0.46383
11	0.01123	0.00618	0.00788	0.00680	0.02337	0.00548	0.00525	0.02712	0.05938	0.31337	0.05289	0.16435	0.01406	0.00636	0.00407	0.00120	0.00304	0.05139	0.03299	0.20360

[dist]
# distance from previous block
# <min> <max>
0	10

[block]
# block no. 5 follows, 67 sequences, length 13
# corresponding to MSA columns:
# 1052-1064
name=unknown_F
#
# <colnr> <probs for GDERKNQSTAVLIFYWHMCP>
#	G	D	E	R	K	N	Q	S	T	A	V	L	I	F	Y	W	H	M	C	P
0	0.01039	0.00827	0.00885	0.00773	0.00988	0.00929	0.00599	0.14941	0.54353	0.04109	0.03793	0.01624	0.03425	0.09192	0.00576	0.00158	0.00339	0.00468	0.00393	0.00589
1	0.00753	0.00687	0.01155	0.78979	0.02604	0.00853	0.01060	0.00989	0.00782	0.01002	0.00712	0.01080	0.00546	0.00471	0.00483	0.06363	0.00521	0.00356	0.00178	0.00426
2	0.00573	0.00430	0.00645	0.00645	0.00716	0.00501	0.00501	0.00716	0.00645	0.00931	0.01074	0.01576	0.01003	0.03008	0.84316	0.00645	0.01074	0.00430	0.00215	0.00358
3	0.00488	0.00352	0.00462	0.00551	0.00580	0.00326	0.00369	0.00559	0.00775	0.01027	0.02303	0.81562	0.06674	0.01244	0.00510	0.00162	0.00231	0.01125	0.00372	0.00326
4	0.00500	0.00398	0.00449	0.00455	0.00563	0.00347	0.00334	0.00619	0.00948	0.01208	0.23990	0.16508	0.50258	0.01004	0.00480	0.00137	0.00204	0.00862	0.00390	0.00347
5	0.01510	0.01572	0.01165	0.00986	0.01241	0.48518	0.00769	0.36264	0.01459	0.01648	0.00768	0.00826	0.00588	0.00443	0.00379	0.00111	0.00602	0.00303	0.00290	0.00558
6	0.01055	0.80853	0.07248	0.00715	0.01074	0.01546	0.00736	0.01205	0.00817	0.00964	0.00568	0.00656	0.00514	0.00345	0.00265	0.00088	0.00439	0.00220	0.00171	0.00520
7	0.01173	0.00603	0.00760	0.00643	0.00855	0.00570	0.00508	0.01495	0.14715	0.37744	0.25282	0.04398	0.08191	0.00658	0.00433	0.00129	0.00280	0.00559	0.00453	0.00551
8	0.01097	0.00499	0.00577	0.00500	0.00668	0.00476	0.00394	0.04787	0.00979	0.26162	0.01375	0.01433	0.01002	0.00477	0.00322	0.00104	0.00244	0.00382	0.58042	0.00480
9	0.00677	0.00436	0.00561	0.00515	0.00634	0.00395	0.00391	0.00854	0.01114	0.09465	0.67318	0.02926	0.11557	0.00809	0.00466	0.00127	0.00205	0.00707	0.00440	0.00404
10	0.00730	0.00604	0.00671	0.03332	0.05841	0.09077	0.00512	0.02141	0.00910	0.05018	0.09603	0.42050	0.09853	0.00950	0.00469	0.00144	0.00315	0.04977	0.02410	0.00395
11	0.00856	0.00517	0.00652	0.00643	0.00766	0.00512	0.00485	0.05113	0.09645	0.15740	0.03337	0.41739	0.01970	0.01010	0.03269	0.00166	0.00310	0.08590	0.04232	0.00448
12	0.56627	0.03526	0.00936	0.05548	0.13731	0.02625	0.03678	0.05298	0.00812	0.01650	0.00641	0.00775	0.00504	0.00377	0.00299	0.00122	0.00379	0.00267	0.01720	0.00485

[dist]
# distance from previous block
# <min> <max>
0	1

[block]
# block no. 6 follows, 67 sequences, length 19
# corresponding to MSA columns:
# 1066-1084
name=unknown_G
#
# <colnr> <probs for GDERKNQSTAVLIFYWHMCP>
#	G	D	E	R	K	N	Q	S	T	A	V	L	I	F	Y	W	H	M	C	P
0	0.00839	0.00780	0.01267	0.11382	0.51781	0.00787	0.00984	0.01053	0.00919	0.01262	0.07871	0.01729	0.13933	0.00528	0.00421	0.00126	0.00414	0.03137	0.00249	0.00538
1	0.00857	0.00736	0.00851	0.03190	0.01016	0.00638	0.00525	0.01237	0.17804	0.01382	0.02872	0.01028	0.00799	0.00364	0.00327	0.00079	0.00306	0.00298	0.00276	0.65414
2	0.00504	0.00365	0.00476	0.00537	0.00583	0.00337	0.00369	0.00600	0.00853	0.01147	0.18933	0.63376	0.08131	0.01151	0.00501	0.00154	0.00222	0.01036	0.00386	0.00337
3	0.00560	0.00410	0.00525	0.00496	0.00594	0.00375	0.00372	0.00741	0.01116	0.01563	0.76395	0.03070	0.10610	0.00837	0.00473	0.00127	0.00190	0.00736	0.00436	0.00375
4	0.01525	0.01123	0.01204	0.00923	0.01244	0.01244	0.00762	0.82067	0.01886	0.02528	0.00963	0.00963	0.00682	0.00481	0.00401	0.00120	0.00441	0.00361	0.00401	0.00682
5	0.42998	0.00727	0.00769	0.00625	0.00906	0.00736	0.00516	0.01587	0.00927	0.44879	0.01097	0.01027	0.00728	0.00438	0.00330	0.00124	0.00327	0.00315	0.00379	0.00565
6	0.01574	0.01043	0.01154	0.00885	0.01204	0.01125	0.00731	0.67534	0.01752	0.17249	0.01075	0.01036	0.00738	0.00484	0.00402	0.00121	0.00423	0.00369	0.00418	0.00682
7	0.20868	0.00712	0.00856	0.00675	0.00968	0.00675	0.00557	0.04423	0.01070	0.61253	0.03064	0.01229	0.00919	0.00475	0.00371	0.00124	0.00335	0.00368	0.00438	0.00622
8	0.00528	0.00407	0.00575	0.00592	0.00659	0.00376	0.04999	0.00630	0.00836	0.01113	0.13189	0.56380	0.12043	0.04989	0.00570	0.00163	0.00256	0.00987	0.00366	0.00343
9	0.16138	0.00827	0.01272	0.41403	0.16391	0.00944	0.07951	0.06015	0.00874	0.01321	0.00712	0.00973	0.00550	0.00395	0.00403	0.00130	0.02649	0.00343	0.00209	0.00499
10	0.00861	0.00664	0.00745	0.00690	0.00839	0.00732	0.00524	0.10112	0.34524	0.01419	0.01599	0.08124	0.05742	0.10935	0.05492	0.07975	0.00373	0.05591	0.02585	0.00475
11	0.00972	0.20389	0.55335	0.01002	0.01505	0.01076	0.01205	0.06701	0.00927	0.06272	0.00753	0.00841	0.00550	0.00386	0.00357	0.00117	0.00531	0.00289	0.00205	0.00587
12	0.85300	0.00772	0.00603	0.00535	0.00785	0.00887	0.00440	0.01210	0.00701	0.05038	0.00599	0.00680	0.00456	0.00377	0.00254	0.00124	0.00311	0.00225	0.00258	0.00444
13	0.00947	0.01082	0.02366	0.01690	0.02096	0.01014	0.81947	0.01285	0.00947	0.01285	0.00811	0.01082	0.00609	0.00338	0.00473	0.00135	0.00676	0.00473	0.00203	0.00541
14	0.00507	0.00359	0.00471	0.00549	0.00585	0.00334	0.00376	0.00570	0.00774	0.01017	0.02298	0.68946	0.10498	0.01235	0.00574	0.05499	0.00243	0.04485	0.00360	0.00320
15	0.01018	0.00729	0.00806	0.00713	0.00923	0.00783	0.00567	0.11389	0.37425	0.10755	0.05140	0.02034	0.12384	0.00645	0.00421	0.00133	0.00310	0.06809	0.06458	0.00557
16	0.00553	0.00421	0.00510	0.00485	0.00595	0.00384	0.00365	0.00743	0.03233	0.01464	0.59014	0.03196	0.25826	0.00867	0.00472	0.00129	0.00196	0.00752	0.00421	0.00374
17	0.00540	0.00391	0.00558	0.00599	0.00645	0.00417	0.00434	0.00638	0.00693	0.00961	0.01564	0.38394	0.01726	0.04015	0.43273	0.03122	0.00668	0.00742	0.00283	0.00336
18	0.10840	0.01624	0.01070	0.00968	0.01150	0.63205	0.00739	0.01452	0.01016	0.01069	0.00646	0.03056	0.00567	0.00466	0.00466	0.00116	0.10595	0.00289	0.00212	0.00455

[dist]
# distance from previous block
# <min> <max>
3	25

[block]
# block no. 7 follows, 67 sequences, length 11
# corresponding to MSA columns:
# 1110-1120
name=unknown_H
#
# <colnr> <probs for GDERKNQSTAVLIFYWHMCP>
#	G	D	E	R	K	N	Q	S	T	A	V	L	I	F	Y	W	H	M	C	P
0	0.56891	0.00784	0.00739	0.08175	0.01021	0.00874	0.00537	0.08890	0.02648	0.05359	0.00714	0.00808	0.00539	0.00391	0.00292	0.00119	0.00340	0.00263	0.02830	0.07786
1	0.00894	0.00681	0.00812	0.00596	0.00924	0.00525	0.00476	0.01071	0.00889	0.08746	0.08633	0.01085	0.00933	0.00365	0.00323	0.00072	0.00291	0.00299	0.00280	0.72105
2	0.00748	0.00374	0.00374	0.00374	0.00467	0.00374	0.00280	0.00934	0.00841	0.01495	0.01308	0.01495	0.01028	0.00467	0.00280	0.00093	0.00187	0.00374	0.88132	0.00374
3	0.00574	0.00424	0.00616	0.00616	0.00677	0.00486	0.00465	0.00698	0.00636	0.00910	0.01101	0.01722	0.01066	0.14547	0.72864	0.00609	0.00979	0.00451	0.00219	0.00342
4	0.00757	0.00713	0.01203	0.84942	0.02762	0.00891	0.01114	0.01025	0.00802	0.01025	0.00713	0.01069	0.00535	0.00401	0.00401	0.00134	0.00535	0.00356	0.00178	0.00446
5	0.00748	0.00374	0.00374	0.00374	0.00467	0.00374	0.00280	0.00934	0.00841	0.01495	0.01308	0.01495	0.01028	0.00467	0.00280	0.00093	0.00187	0.00374	0.88132	0.00374
6	0.00536	0.00381	0.00451	0.00479	0.00541	0.00352	0.00328	0.00631	0.00836	0.01131	0.15775	0.32418	0.20556	0.15584	0.00740	0.00184	0.00242	0.00846	0.07661	0.00327
7	0.00622	0.00442	0.00585	0.00568	0.00589	0.00497	0.00393	0.00651	0.00597	0.00831	0.01066	0.01971	0.01139	0.42609	0.26327	0.11470	0.08648	0.00486	0.00220	0.00287
8	0.00845	0.00733	0.00898	0.00749	0.07809	0.00569	0.00538	0.01028	0.00838	0.01307	0.00716	0.00845	0.00597	0.00302	0.00305	0.00064	0.00312	0.00248	0.00234	0.81061
9	0.00966	0.00929	0.04661	0.06975	0.31614	0.03022	0.09592	0.08539	0.10615	0.02867	0.12743	0.01418	0.03302	0.00479	0.00419	0.00125	0.00440	0.00442	0.00284	0.00567
10	0.00828	0.00704	0.00808	0.00597	0.00927	0.00558	0.00476	0.03616	0.04175	0.01341	0.01059	0.01135	0.08057	0.00378	0.00321	0.00071	0.00294	0.00305	0.00262	0.74087

[dist]
# distance from previous block
# <min> <max>
1	3

[block]
# block no. 8 follows, 67 sequences, length 33
# corresponding to MSA columns:
# 1124-1156
name=unknown_I
#
# <colnr> <probs for GDERKNQSTAVLIFYWHMCP>
#	G	D	E	R	K	N	Q	S	T	A	V	L	I	F	Y	W	H	M	C	P
0	0.09196	0.13011	0.31879	0.00927	0.02873	0.11132	0.00951	0.03301	0.08237	0.09033	0.00964	0.01017	0.03572	0.00470	0.01686	0.00127	0.00500	0.00322	0.00248	0.00554
1	0.01374	0.00974	0.01069	0.03851	0.01197	0.04637	0.01817	0.36006	0.24118	0.17055	0.01243	0.01212	0.00892	0.02148	0.00435	0.00131	0.00406	0.00396	0.00398	0.00641
2	0.00609	0.00438	0.00587	0.00540	0.00648	0.00408	0.02076	0.00816	0.02833	0.03429	0.74807	0.04702	0.04949	0.00810	0.00471	0.00127	0.00207	0.00718	0.00434	0.00392
3	0.13729	0.03031	0.03843	0.00763	0.01000	0.00904	0.02523	0.09136	0.40276	0.04005	0.11981	0.03256	0.01376	0.00557	0.00394	0.00131	0.00332	0.01833	0.00370	0.00560
4	0.06946	0.01298	0.01133	0.03977	0.04733	0.26858	0.00765	0.37999	0.09320	0.01816	0.00878	0.00926	0.00660	0.00451	0.00380	0.00117	0.00513	0.00329	0.00315	0.00584
5	0.00748	0.00374	0.00374	0.00374	0.00467	0.00374	0.00280	0.00934	0.00841	0.01495	0.01308	0.01495	0.01028	0.00467	0.00280	0.00093	0.00187	0.00374	0.88132	0.00374
6	0.16821	0.01034	0.09178	0.00921	0.01264	0.00952	0.11480	0.28397	0.01256	0.23278	0.01010	0.01017	0.00693	0.00437	0.00382	0.00125	0.00438	0.00355	0.00350	0.00611
7	0.00998	0.43957	0.35565	0.00907	0.01352	0.01261	0.02952	0.04142	0.00880	0.03693	0.00676	0.00771	0.00535	0.00368	0.00323	0.00106	0.00500	0.00265	0.00190	0.00558
8	0.65310	0.00862	0.03687	0.00648	0.00905	0.02767	0.03089	0.02903	0.06110	0.05347	0.02144	0.00815	0.00587	0.00409	0.00320	0.00126	0.02960	0.00269	0.00269	0.00472
9	0.88738	0.00776	0.00589	0.00527	0.00776	0.00900	0.00434	0.01179	0.00683	0.01799	0.00558	0.00651	0.00434	0.00372	0.00248	0.00124	0.00310	0.00217	0.00248	0.00434
10	0.00541	0.00409	0.00499	0.00476	0.00583	0.00367	0.00357	0.00705	0.01072	0.01457	0.60450	0.03244	0.26620	0.00876	0.00473	0.00129	0.00193	0.00760	0.00422	0.00367
11	0.00539	0.00377	0.00469	0.00518	0.00579	0.00343	0.00357	0.00614	0.00816	0.03592	0.06043	0.53509	0.22264	0.04526	0.00592	0.02943	0.00237	0.00981	0.00368	0.00334
12	0.88738	0.00776	0.00589	0.00527	0.00776	0.00900	0.00434	0.01179	0.00683	0.01799	0.00558	0.00651	0.00434	0.00372	0.00248	0.00124	0.00310	0.00217	0.00248	0.00434
13	0.00813	0.00616	0.00746	0.00578	0.00849	0.00490	0.00458	0.00991	0.00940	0.06812	0.23542	0.01603	0.02792	0.00486	0.00362	0.00086	0.00271	0.02459	0.00316	0.54791
14	0.00691	0.00424	0.00528	0.00490	0.00604	0.00391	0.00371	0.00871	0.01066	0.07990	0.55883	0.02649	0.08710	0.00743	0.00432	0.00121	0.00202	0.00643	0.16793	0.00399
15	0.00700	0.00575	0.00657	0.00568	0.00764	0.00531	0.00438	0.01051	0.16859	0.01435	0.29734	0.02328	0.18965	0.00673	0.00415	0.00113	0.00245	0.00572	0.00368	0.23010
16	0.88738	0.00776	0.00589	0.00527	0.00776	0.00900	0.00434	0.01179	0.00683	0.01799	0.00558	0.00651	0.00434	0.00372	0.00248	0.00124	0.00310	0.00217	0.00248	0.00434
17	0.00580	0.00453	0.00535	0.00540	0.00644	0.00436	0.00399	0.00836	0.11399	0.01315	0.28481	0.24428	0.24015	0.00958	0.00478	0.00141	0.00226	0.03352	0.00399	0.00387
18	0.00553	0.00418	0.00520	0.00550	0.00649	0.00385	0.00435	0.00700	0.00962	0.01256	0.24927	0.12686	0.28419	0.01016	0.00502	0.00151	0.00253	0.24872	0.00390	0.00357
19	0.88738	0.00776	0.00589	0.00527	0.00776	0.00900	0.00434	0.01179	0.00683	0.01799	0.00558	0.00651	0.00434	0.00372	0.00248	0.00124	0.00310	0.00217	0.00248	0.00434
20	0.00845	0.00638	0.00664	0.00598	0.00749	0.06024	0.00460	0.08604	0.12055	0.04575	0.37006	0.02187	0.07218	0.00663	0.00414	0.00120	0.00271	0.00558	0.15897	0.00454
21	0.03437	0.00438	0.00573	0.00629	0.00712	0.00424	0.00485	0.00810	0.02422	0.07455	0.03105	0.43465	0.04374	0.02139	0.00525	0.00167	0.00292	0.27796	0.00377	0.00377
22	0.00858	0.00898	0.01856	0.01408	0.01721	0.00850	0.57843	0.01150	0.00940	0.01260	0.01200	0.02102	0.01112	0.00566	0.00497	0.00150	0.00585	0.24260	0.00252	0.00490
23	0.01767	0.00685	0.00928	0.00713	0.01019	0.00598	0.00588	0.03532	0.01162	0.80274	0.03343	0.01392	0.01047	0.00503	0.00405	0.00124	0.00340	0.00409	0.00493	0.00676
24	0.06964	0.00433	0.00525	0.00555	0.00635	0.00420	0.00399	0.03422	0.00880	0.03174	0.15650	0.47525	0.09741	0.01053	0.00516	0.03288	0.00247	0.03842	0.00372	0.00360
25	0.00804	0.02074	0.83828	0.01143	0.01736	0.00931	0.01482	0.01270	0.00847	0.01270	0.00720	0.00847	0.00508	0.00381	0.00381	0.00127	0.00593	0.00296	0.00169	0.00593
26	0.02800	0.00664	0.00807	0.00680	0.00909	0.00657	0.00541	0.01665	0.25138	0.36140	0.19989	0.01862	0.05167	0.00603	0.00421	0.00129	0.00294	0.00506	0.00448	0.00581
27	0.00487	0.00393	0.00435	0.00463	0.00566	0.00341	0.00339	0.00586	0.00881	0.01086	0.05518	0.25827	0.56216	0.01079	0.00487	0.00145	0.00218	0.04221	0.00374	0.00337
28	0.00970	0.00930	0.01587	0.10481	0.75563	0.00947	0.01219	0.01211	0.00902	0.01282	0.00750	0.01000	0.00625	0.00362	0.00397	0.00121	0.00482	0.00357	0.00197	0.00617
29	0.00501	0.00393	0.00455	0.00477	0.00570	0.00349	0.00346	0.00609	0.00897	0.01146	0.16446	0.25922	0.43061	0.02504	0.03096	0.00162	0.00241	0.02108	0.00377	0.00341
30	0.00758	0.00455	0.00547	0.00526	0.00665	0.00401	0.00395	0.00886	0.02266	0.17397	0.08964	0.24386	0.37458	0.00955	0.00470	0.00140	0.00242	0.02274	0.00403	0.00411
31	0.01004	0.00633	0.00748	0.00666	0.00851	0.00642	0.00518	0.09418	0.19462	0.19089	0.12332	0.14580	0.11399	0.02330	0.01654	0.00148	0.00306	0.03289	0.00414	0.00516
32	0.52102	0.05065	0.06095	0.03749	0.02109	0.00929	0.03456	0.07200	0.03992	0.08914	0.00825	0.00888	0.02402	0.00411	0.00308	0.00124	0.00367	0.00288	0.00277	0.00501

[dist]
# distance from previous block
# <min> <max>
2	24

[block]
# block no. 9 follows, 67 sequences, length 9
# corresponding to MSA columns:
# 1181-1187,1190,1191
name=unknown_J
#
# <colnr> <probs for GDERKNQSTAVLIFYWHMCP>
#	G	D	E	R	K	N	Q	S	T	A	V	L	I	F	Y	W	H	M	C	P
0	0.01158	0.12706	0.01075	0.02469	0.01031	0.14537	0.00623	0.19737	0.08147	0.08515	0.11651	0.03839	0.06281	0.00548	0.00385	0.00115	0.00403	0.00431	0.03109	0.03239
1	0.04890	0.04399	0.00759	0.02394	0.03961	0.02717	0.03169	0.02019	0.03244	0.01085	0.02579	0.10396	0.03468	0.29157	0.09772	0.00264	0.02873	0.00524	0.05981	0.06348
2	0.04309	0.06229	0.05352	0.05059	0.14642	0.04099	0.00796	0.19531	0.08356	0.08216	0.06133	0.01117	0.00888	0.00450	0.00402	0.00115	0.02742	0.00359	0.00304	0.10903
3	0.16093	0.00840	0.02839	0.05373	0.02782	0.03022	0.09040	0.01208	0.06797	0.04141	0.00791	0.00906	0.00621	0.00351	0.00330	0.00094	0.00376	0.00291	0.00251	0.43855
4	0.00947	0.00827	0.04942	0.13640	0.07198	0.00840	0.04580	0.22218	0.08333	0.01478	0.02442	0.05374	0.01055	0.19333	0.02697	0.00199	0.00453	0.02658	0.00293	0.00494
5	0.00522	0.00373	0.00503	0.00596	0.00634	0.00354	0.00430	0.00616	0.00800	0.01061	0.02192	0.68603	0.02580	0.01225	0.00521	0.00167	0.00261	0.17855	0.00372	0.00335
6	0.00645	0.00488	0.00621	0.00638	0.00699	0.00522	0.00466	0.02393	0.08351	0.02892	0.05452	0.45975	0.04545	0.08062	0.03349	0.00192	0.08774	0.05211	0.00346	0.00379
7	0.00604	0.00462	0.00633	0.00647	0.00733	0.00444	0.04640	0.06164	0.00902	0.01191	0.05535	0.53905	0.10375	0.01096	0.00502	0.00157	0.00282	0.10989	0.00368	0.00370
8	0.00589	0.00419	0.00527	0.00522	0.00544	0.00450	0.00344	0.00637	0.00626	0.00861	0.03876	0.06201	0.01439	0.55597	0.21469	0.00421	0.04378	0.00567	0.00246	0.00288

[dist]
# distance from previous block
# <min> <max>
0	10

[block]
# block no. 10 follows, 67 sequences, length 22
# corresponding to MSA columns:
# 1205-1213,1218-1220,1222-1231
name=unknown_K
#
# <colnr> <probs for GDERKNQSTAVLIFYWHMCP>
#	G	D	E	R	K	N	Q	S	T	A	V	L	I	F	Y	W	H	M	C	P
0	0.28018	0.00826	0.01033	0.00803	0.01089	0.03077	0.15420	0.06424	0.03986	0.07436	0.00857	0.00993	0.00662	0.02735	0.00381	0.00118	0.00389	0.00323	0.07317	0.18112
1	0.01964	0.00860	0.07634	0.07514	0.02046	0.00797	0.06118	0.09935	0.16521	0.04755	0.06038	0.09696	0.01210	0.00578	0.00449	0.00127	0.03934	0.04944	0.00315	0.14565
2	0.00635	0.00431	0.00502	0.00498	0.00543	0.00429	0.00321	0.03186	0.02966	0.03164	0.05461	0.14459	0.07053	0.53514	0.03756	0.00309	0.00362	0.01806	0.00296	0.00308
3	0.00790	0.00746	0.01261	0.73592	0.13859	0.00900	0.01130	0.01053	0.00817	0.01064	0.00719	0.01059	0.00548	0.00395	0.00400	0.00132	0.00527	0.00357	0.00181	0.00472
4	0.01185	0.00967	0.01063	0.07285	0.08915	0.08791	0.00750	0.24182	0.22181	0.07379	0.04076	0.02278	0.00985	0.00548	0.01718	0.00134	0.01889	0.01622	0.03466	0.00587
5	0.00522	0.00401	0.00453	0.00453	0.00545	0.00359	0.00323	0.00626	0.00900	0.01158	0.23410	0.08875	0.41316	0.16549	0.00765	0.00182	0.00239	0.02226	0.00366	0.00331
6	0.00967	0.00881	0.01487	0.26686	0.51719	0.00931	0.03602	0.03508	0.00918	0.04323	0.00781	0.01031	0.00619	0.00378	0.00401	0.00124	0.00494	0.00362	0.00210	0.00579
7	0.00533	0.00386	0.00514	0.00599	0.00651	0.00366	0.00447	0.00639	0.00825	0.01080	0.02328	0.55640	0.08789	0.01194	0.00521	0.00167	0.00270	0.24338	0.00371	0.00339
8	0.00815	0.00734	0.01189	0.72482	0.05897	0.00894	0.01066	0.01147	0.07381	0.03363	0.00812	0.01108	0.00607	0.00413	0.00401	0.00133	0.00509	0.00366	0.00206	0.00475
9	0.26576	0.01011	0.03268	0.07868	0.04913	0.10756	0.04097	0.15919	0.01023	0.01608	0.00709	0.00828	0.00550	0.00382	0.00332	0.00108	0.00429	0.00283	0.00257	0.19081
10	0.00838	0.00758	0.01275	0.49064	0.19090	0.00841	0.05669	0.01089	0.00872	0.03748	0.07368	0.01205	0.00838	0.00419	0.00404	0.00126	0.00484	0.00388	0.00218	0.05304
11	0.00953	0.00938	0.01633	0.26578	0.31974	0.02410	0.20265	0.06402	0.00949	0.01286	0.00762	0.01028	0.00598	0.00381	0.00433	0.00128	0.02138	0.00383	0.00206	0.00553
12	0.01085	0.04397	0.04545	0.08676	0.15586	0.02263	0.03575	0.08139	0.02268	0.16213	0.05224	0.04769	0.00930	0.00450	0.00381	0.00110	0.00400	0.00387	0.00298	0.20303
