[name]
unknown

[dist]
# distance from previous block
# <min> <max>
0	70

[block]
# block no. 0 follows, 92 sequences, length 14
# corresponding to MSA columns:
# 70-83
name=unknown_A
#
# <colnr> <probs for GDERKNQSTAVLIFYWHMCP>
#	G	D	E	R	K	N	Q	S	T	A	V	L	I	F	Y	W	H	M	C	P
0	0.00966	0.00493	0.00601	0.00518	0.00683	0.01750	0.00422	0.07092	0.07783	0.37363	0.06471	0.01552	0.02450	0.00479	0.00318	0.00100	0.00246	0.13667	0.16621	0.00424
1	0.01159	0.00651	0.00769	0.00607	0.00828	0.00663	0.00496	0.34109	0.07747	0.38158	0.03311	0.01072	0.04531	0.00486	0.03830	0.00113	0.00309	0.00326	0.00338	0.00499
2	0.00575	0.00540	0.00898	0.83078	0.02043	0.00667	0.00828	0.00775	0.00628	0.00799	0.00708	0.00959	0.05556	0.00340	0.00315	0.00104	0.00400	0.00299	0.00147	0.00341
3	0.00646	0.00554	0.00646	0.00461	0.00738	0.00415	0.00369	0.00784	0.00646	0.01015	0.00554	0.00646	0.00461	0.00231	0.00231	0.00046	0.00231	0.00185	0.00185	0.90956
4	0.00564	0.00501	0.00764	0.00661	0.00788	0.00506	0.18423	0.00882	0.22879	0.01000	0.08222	0.34665	0.03942	0.04186	0.00415	0.00121	0.00272	0.00588	0.00269	0.00351
5	0.00462	0.00327	0.00401	0.00377	0.00467	0.00292	0.00285	0.00589	0.00833	0.04910	0.59343	0.02462	0.26756	0.00669	0.00365	0.00100	0.00155	0.00579	0.00330	0.00296
6	0.01017	0.00852	0.00816	0.00681	0.00888	0.13411	0.00541	0.32836	0.35910	0.06572	0.00946	0.00906	0.00695	0.00384	0.00308	0.00096	0.00329	0.00298	0.00294	0.02222
7	0.00427	0.00318	0.00397	0.00377	0.00457	0.00288	0.00283	0.00561	0.00849	0.01171	0.70778	0.02457	0.19154	0.00666	0.00368	0.00099	0.00149	0.00582	0.00333	0.00288
8	0.00522	0.00393	0.00577	0.05571	0.00680	0.00443	0.02620	0.00625	0.00567	0.05454	0.02745	0.11085	0.08465	0.03861	0.45027	0.01442	0.09003	0.00421	0.00202	0.00297
9	0.13200	0.06976	0.00866	0.00648	0.00869	0.11018	0.00531	0.42109	0.09265	0.09035	0.00746	0.00751	0.00545	0.00384	0.01616	0.00098	0.00346	0.00259	0.00270	0.00468
10	0.02882	0.11667	0.31738	0.00710	0.05248	0.00644	0.00702	0.02766	0.03744	0.14611	0.07753	0.14405	0.00940	0.00443	0.00308	0.00098	0.00326	0.00369	0.00226	0.00420
11	0.00859	0.13156	0.09848	0.01212	0.37251	0.09802	0.00784	0.11996	0.10109	0.01101	0.00646	0.00740	0.00515	0.00310	0.00291	0.00090	0.00377	0.00258	0.00188	0.00468
12	0.67683	0.00744	0.00557	0.00493	0.00681	0.14091	0.00397	0.05741	0.00644	0.03246	0.00488	0.00562	0.00381	0.00361	0.02772	0.00106	0.00314	0.00188	0.00198	0.00354
13	0.00732	0.03491	0.51692	0.01013	0.16613	0.00716	0.02903	0.04119	0.04039	0.07172	0.04113	0.00797	0.00570	0.00319	0.00303	0.00097	0.00403	0.00266	0.00176	0.00466

[dist]
# distance from previous block
# <min> <max>
4	6

[block]
# block no. 1 follows, 92 sequences, length 9
# corresponding to MSA columns:
# 90-98
name=unknown_B
#
# <colnr> <probs for GDERKNQSTAVLIFYWHMCP>
#	G	D	E	R	K	N	Q	S	T	A	V	L	I	F	Y	W	H	M	C	P
0	0.00505	0.00427	0.03043	0.00511	0.02006	0.00418	0.01887	0.00619	0.01844	0.04067	0.22878	0.22374	0.20575	0.01919	0.00482	0.00115	0.13491	0.00580	0.01957	0.00305
1	0.02473	0.00604	0.00727	0.04500	0.03732	0.03038	0.02727	0.04145	0.17976	0.15075	0.05996	0.02223	0.00783	0.00346	0.00285	0.00080	0.00267	0.00289	0.01391	0.33343
2	0.00403	0.00286	0.00380	0.00436	0.00468	0.00268	0.00306	0.00470	0.00637	0.00851	0.11113	0.64582	0.05837	0.00924	0.00425	0.03312	0.00189	0.08567	0.00289	0.00257
3	0.00693	0.00552	0.00651	0.00467	0.00742	0.00418	0.00375	0.00830	0.00661	0.06403	0.00596	0.00672	0.00481	0.00240	0.00236	0.00049	0.00233	0.00193	0.00197	0.85311
4	0.03544	0.00680	0.00751	0.02258	0.05750	0.12023	0.00502	0.05465	0.08606	0.47319	0.04836	0.01043	0.00801	0.03240	0.01663	0.00108	0.00319	0.00310	0.00312	0.00469
5	0.00434	0.00318	0.00407	0.00385	0.00461	0.00291	0.00289	0.00575	0.00866	0.01212	0.79264	0.02389	0.10643	0.00651	0.00368	0.00099	0.00148	0.00572	0.00338	0.00291
6	0.00442	0.00302	0.00339	0.00342	0.00353	0.00296	0.00198	0.00452	0.00484	0.00635	0.01220	0.06268	0.09186	0.76617	0.01415	0.00275	0.00283	0.00493	0.00203	0.00199
7	0.03458	0.00748	0.01049	0.14589	0.29242	0.06464	0.08683	0.09382	0.15250	0.05137	0.00757	0.02567	0.00593	0.00337	0.00313	0.00098	0.00368	0.00304	0.00210	0.00451
8	0.09717	0.00594	0.00728	0.00569	0.00803	0.00571	0.00468	0.13875	0.05354	0.62353	0.01086	0.00968	0.00705	0.00377	0.00302	0.00096	0.00273	0.00297	0.00353	0.00510

[dist]
# distance from previous block
# <min> <max>
0	1

[block]
# block no. 2 follows, 92 sequences, length 18
# corresponding to MSA columns:
# 100-117
name=unknown_C
#
# <colnr> <probs for GDERKNQSTAVLIFYWHMCP>
#	G	D	E	R	K	N	Q	S	T	A	V	L	I	F	Y	W	H	M	C	P
0	0.00639	0.00545	0.00635	0.00457	0.00724	0.00411	0.00363	0.00773	0.00639	0.01001	0.00569	0.00696	0.00485	0.03393	0.00279	0.00055	0.00233	0.00194	0.00185	0.87725
1	0.00374	0.00313	0.00326	0.00328	0.00426	0.00265	0.00244	0.00457	0.00716	0.00870	0.09459	0.08045	0.75531	0.00788	0.00370	0.00106	0.00158	0.00664	0.00293	0.00265
2	0.00588	0.00554	0.00934	0.88303	0.02146	0.00692	0.00865	0.00796	0.00623	0.00796	0.00554	0.00831	0.00415	0.00311	0.00311	0.00104	0.00415	0.00277	0.00138	0.00346
3	0.02734	0.00556	0.00627	0.00474	0.00721	0.02293	0.00374	0.00818	0.04470	0.02313	0.00687	0.07910	0.00615	0.00306	0.00250	0.00058	0.00235	0.00251	0.00202	0.74106
4	0.00833	0.89239	0.01632	0.00533	0.00800	0.01233	0.00533	0.00933	0.00633	0.00733	0.00433	0.00500	0.00400	0.00267	0.00200	0.00067	0.00333	0.00167	0.00133	0.00400
5	0.00388	0.00307	0.00349	0.00358	0.00438	0.00268	0.00261	0.00477	0.00727	0.00927	0.22406	0.20620	0.49787	0.00792	0.00374	0.00108	0.00160	0.00683	0.00302	0.00268
6	0.00436	0.00317	0.00411	0.00391	0.00463	0.00291	0.00292	0.00578	0.00866	0.01220	0.81135	0.05256	0.05866	0.00654	0.00368	0.00099	0.00148	0.00578	0.00339	0.00291
7	0.00981	0.02627	0.01101	0.03027	0.02499	0.34533	0.16493	0.16185	0.00874	0.02362	0.00558	0.00684	0.00446	0.00358	0.00433	0.00098	0.15890	0.00263	0.00185	0.00404
8	0.00702	0.04392	0.05397	0.00574	0.00710	0.00582	0.07287	0.15730	0.08457	0.04788	0.04245	0.02346	0.00928	0.37549	0.03382	0.00195	0.01786	0.00379	0.00228	0.00343
9	0.00463	0.00324	0.00418	0.00391	0.00472	0.00296	0.00294	0.00604	0.00869	0.03701	0.78300	0.02340	0.09068	0.00641	0.00366	0.00098	0.00151	0.00563	0.00340	0.00298
10	0.00689	0.00623	0.00867	0.00740	0.00764	0.00826	0.02557	0.03260	0.00524	0.04070	0.00541	0.00905	0.00536	0.13548	0.01045	0.01460	0.66253	0.00303	0.00159	0.00330
11	0.00745	0.10031	0.01016	0.00827	0.08397	0.00764	0.14972	0.02214	0.38539	0.02644	0.06416	0.01163	0.00905	0.03663	0.00391	0.00109	0.03415	0.03107	0.00247	0.00436
12	0.16479	0.03802	0.04166	0.06233	0.01061	0.22448	0.17044	0.12544	0.00813	0.03203	0.00677	0.08874	0.00585	0.00371	0.00298	0.00096	0.00407	0.00309	0.00200	0.00389
13	0.00439	0.00324	0.00420	0.00457	0.00524	0.00305	0.00363	0.00554	0.00730	0.00964	0.22276	0.20683	0.16882	0.00819	0.00398	0.00122	0.00209	0.32953	0.00301	0.00277
14	0.00986	0.00738	0.00809	0.26514	0.01218	0.17233	0.00612	0.11621	0.00855	0.25646	0.00876	0.06904	0.00691	0.00408	0.00316	0.00099	0.00371	0.03437	0.00250	0.00416
15	0.00744	0.00705	0.01183	0.09777	0.72549	0.00722	0.00912	0.00956	0.04045	0.01005	0.00651	0.00898	0.00555	0.00309	0.00314	0.00096	0.00366	0.03576	0.00164	0.00472
16	0.01164	0.01465	0.00885	0.00800	0.00963	0.84948	0.00602	0.04031	0.00902	0.00802	0.00490	0.00568	0.00406	0.00323	0.00282	0.00081	0.00555	0.00203	0.00165	0.00367
17	0.03776	0.00798	0.01049	0.15817	0.42599	0.11785	0.00797	0.09655	0.03944	0.01056	0.00657	0.00806	0.02461	0.00324	0.00326	0.00095	0.03159	0.00276	0.00178	0.00441

[dist]
# distance from previous block
# <min> <max>
0	2

[block]
# block no. 3 follows, 92 sequences, length 108
# corresponding to MSA columns:
# 120-227
name=unknown_D
#
# <colnr> <probs for GDERKNQSTAVLIFYWHMCP>
#	G	D	E	R	K	N	Q	S	T	A	V	L	I	F	Y	W	H	M	C	P
0	0.00864	0.00551	0.00671	0.00490	0.00757	0.00433	0.00397	0.01931	0.00724	0.25391	0.00746	0.00764	0.00550	0.00276	0.00255	0.00061	0.00242	0.00222	0.00243	0.64433
1	0.00462	0.00358	0.00533	0.00523	0.00575	0.00429	0.00410	0.00570	0.00499	0.00725	0.00804	0.01186	0.00753	0.02210	0.81681	0.00475	0.07031	0.00329	0.00165	0.00283
2	0.01289	0.00552	0.00711	0.00554	0.00780	0.00509	0.00455	0.09558	0.04870	0.68858	0.01169	0.01043	0.00758	0.00385	0.00306	0.00095	0.00263	0.00310	0.07026	0.00511
3	0.00441	0.00318	0.00416	0.00392	0.00465	0.00294	0.00294	0.00588	0.00882	0.01249	0.86944	0.02327	0.02939	0.00637	0.00367	0.00098	0.00147	0.00563	0.00343	0.00294
4	0.01190	0.00885	0.00924	0.00730	0.02244	0.05783	0.00590	0.75050	0.01387	0.06939	0.00759	0.00756	0.00536	0.00370	0.00310	0.00093	0.00351	0.00278	0.00305	0.00520
5	0.00709	0.03520	0.54164	0.02269	0.12644	0.00735	0.01874	0.06206	0.07061	0.03100	0.01719	0.00774	0.01535	0.00318	0.00300	0.00096	0.00406	0.00259	0.00171	0.02142
6	0.00711	0.02493	0.11087	0.01318	0.47296	0.04992	0.02358	0.00877	0.00687	0.03788	0.00837	0.15174	0.02062	0.04491	0.00379	0.00108	0.00352	0.00382	0.00185	0.00424
7	0.01398	0.00530	0.00723	0.00554	0.00795	0.00458	0.00458	0.01518	0.00892	0.87324	0.01229	0.01060	0.00771	0.00386	0.00313	0.00096	0.00265	0.00313	0.00386	0.00530
8	0.91252	0.00602	0.00458	0.00410	0.00602	0.00699	0.00337	0.00916	0.00530	0.01398	0.00434	0.00506	0.00337	0.00289	0.00193	0.00096	0.00241	0.00169	0.00193	0.00337
9	0.00674	0.00803	0.12620	0.00862	0.03946	0.00904	0.00751	0.00787	0.00514	0.00795	0.00458	0.00734	0.00436	0.00508	0.00888	0.00130	0.71852	0.01838	0.00139	0.00361
10	0.00731	0.00827	0.01783	0.01274	0.01587	0.00771	0.82038	0.00988	0.00731	0.00999	0.00627	0.00831	0.00472	0.00261	0.00361	0.00102	0.00512	0.00359	0.00159	0.04586
11	0.00770	0.00670	0.00718	0.00644	0.00811	0.00785	0.00503	0.01606	0.81898	0.01273	0.01222	0.01136	0.00922	0.00429	0.00355	0.00107	0.05011	0.00348	0.00307	0.00485
12	0.05329	0.00860	0.00913	0.00703	0.00949	0.00954	0.00580	0.82151	0.01422	0.01937	0.00733	0.00737	0.00521	0.00370	0.00306	0.00094	0.00338	0.00275	0.00306	0.00521
13	0.01398	0.00530	0.00723	0.00554	0.00795	0.00458	0.00458	0.01518	0.00892	0.87324	0.01229	0.01060	0.00771	0.00386	0.00313	0.00096	0.00265	0.00313	0.00386	0.00530
14	0.00625	0.01611	0.87438	0.00888	0.01348	0.00723	0.01151	0.00987	0.00658	0.00987	0.00559	0.00658	0.00395	0.00296	0.00296	0.00099	0.00460	0.00230	0.00132	0.00460
15	0.01184	0.00873	0.00935	0.00717	0.00966	0.00966	0.00592	0.86070	0.01465	0.01963	0.00748	0.00748	0.00530	0.00374	0.00312	0.00093	0.00343	0.00280	0.00312	0.00530
16	0.00541	0.00271	0.00406	0.00406	0.00406	0.00271	0.00271	0.00406	0.00406	0.00541	0.00541	0.00947	0.00541	0.01082	0.01218	0.90936	0.00271	0.00271	0.00135	0.00135
17	0.91252	0.00602	0.00458	0.00410	0.00602	0.00699	0.00337	0.00916	0.00530	0.01398	0.00434	0.00506	0.00337	0.00289	0.00193	0.00096	0.00241	0.00169	0.00193	0.00337
18	0.00775	0.00669	0.00704	0.00634	0.00810	0.00775	0.00493	0.01655	0.86546	0.01303	0.01268	0.01162	0.00951	0.00423	0.00317	0.00106	0.00247	0.00352	0.00317	0.00493
19	0.91252	0.00602	0.00458	0.00410	0.00602	0.00699	0.00337	0.00916	0.00530	0.01398	0.00434	0.00506	0.00337	0.00289	0.00193	0.00096	0.00241	0.00169	0.00193	0.00337
20	0.00588	0.00554	0.00934	0.88303	0.02146	0.00692	0.00865	0.00796	0.00623	0.00796	0.00554	0.00831	0.00415	0.00311	0.00311	0.00104	0.00415	0.00277	0.00138	0.00346
21	0.01398	0.00530	0.00723	0.00554	0.00795	0.00458	0.00458	0.01518	0.00892	0.87324	0.01229	0.01060	0.00771	0.00386	0.00313	0.00096	0.00265	0.00313	0.00386	0.00530
22	0.00440	0.00317	0.00415	0.00393	0.00465	0.00293	0.00294	0.00585	0.00876	0.01240	0.85194	0.04103	0.02921	0.00644	0.00368	0.00099	0.00148	0.00570	0.00342	0.00293
23	0.01398	0.00530	0.00723	0.00554	0.00795	0.00458	0.00458	0.01518	0.00892	0.87324	0.01229	0.01060	0.00771	0.00386	0.00313	0.00096	0.00265	0.00313	0.00386	0.00530
24	0.00595	0.00567	0.00976	0.84300	0.02122	0.00697	0.04781	0.00805	0.00628	0.00805	0.00557	0.00831	0.00418	0.00309	0.00314	0.00104	0.00420	0.00281	0.00139	0.00349
25	0.00368	0.00316	0.00316	0.00316	0.00421	0.00263	0.00237	0.00447	0.00710	0.00842	0.03156	0.02998	0.86982	0.00789	0.00368	0.00105	0.00158	0.00657	0.00289	0.00263
26	0.00646	0.00554	0.00646	0.00461	0.00738	0.00415	0.00369	0.00784	0.00646	0.01015	0.00554	0.00646	0.00461	0.00231	0.00231	0.00046	0.00231	0.00185	0.00185	0.90956
27	0.00597	0.00559	0.00924	0.84269	0.02084	0.00696	0.00848	0.00836	0.04576	0.00819	0.00587	0.00846	0.00440	0.00317	0.00312	0.00104	0.00408	0.00280	0.00147	0.00353
28	0.00441	0.00318	0.00416	0.00392	0.00465	0.00294	0.00294	0.00588	0.00882	0.01249	0.86944	0.02327	0.02939	0.00637	0.00367	0.00098	0.00147	0.00563	0.00343	0.00294
29	0.26785	0.00670	0.00792	0.39139	0.01377	0.03819	0.00637	0.19571	0.00795	0.02827	0.00572	0.00714	0.00424	0.00320	0.00276	0.00098	0.00352	0.00245	0.00197	0.00388
30	0.91252	0.00602	0.00458	0.00410	0.00602	0.00699	0.00337	0.00916	0.00530	0.01398	0.00434	0.00506	0.00337	0.00289	0.00193	0.00096	0.00241	0.00169	0.00193	0.00337
31	0.86017	0.00614	0.00486	0.01596	0.00639	0.00711	0.00356	0.04719	0.00573	0.01415	0.00449	0.00521	0.00347	0.00293	0.00200	0.00096	0.00248	0.00175	0.00197	0.00346
32	0.89169	0.00601	0.00469	0.02429	0.00638	0.00699	0.00350	0.00913	0.00532	0.01384	0.00437	0.00514	0.00339	0.00290	0.00196	0.00097	0.00245	0.00171	0.00192	0.00338
33	0.00775	0.00669	0.00704	0.00634	0.00810	0.00775	0.00493	0.01655	0.86546	0.01303	0.01268	0.01162	0.00951	0.00423	0.00317	0.00106	0.00247	0.00352	0.00317	0.00493
34	0.03073	0.00693	0.00946	0.00808	0.00824	0.02521	0.01648	0.00779	0.00496	0.02280	0.00428	0.00683	0.00414	0.00528	0.00967	0.00133	0.82018	0.00270	0.00143	0.00345
35	0.00605	0.00556	0.00931	0.84667	0.02090	0.00694	0.00853	0.00808	0.00625	0.02399	0.00563	0.00831	0.00422	0.00318	0.00328	0.00104	0.02436	0.00277	0.00143	0.00349
36	0.01239	0.00785	0.00881	0.00675	0.00923	0.00837	0.00558	0.64513	0.01319	0.23726	0.00871	0.00828	0.00591	0.00377	0.00312	0.00094	0.00323	0.00289	0.00330	0.00530
37	0.91252	0.00602	0.00458	0.00410	0.00602	0.00699	0.00337	0.00916	0.00530	0.01398	0.00434	0.00506	0.00337	0.00289	0.00193	0.00096	0.00241	0.00169	0.00193	0.00337
38	0.00729	0.00827	0.01797	0.05316	0.01652	0.00783	0.82061	0.00989	0.00730	0.00989	0.00627	0.00840	0.00470	0.00265	0.00365	0.00105	0.00520	0.00363	0.00157	0.00417
39	0.53990	0.00572	0.00568	0.00470	0.00682	0.00599	0.00387	0.01166	0.00680	0.37031	0.00764	0.00736	0.00517	0.00329	0.00243	0.00096	0.00251	0.00229	0.00273	0.00417
40	0.01398	0.00530	0.00723	0.00554	0.00795	0.00458	0.00458	0.01518	0.00892	0.87324	0.01229	0.01060	0.00771	0.00386	0.00313	0.00096	0.00265	0.00313	0.00386	0.00530
41	0.00453	0.00304	0.00348	0.00348	0.00351	0.00307	0.00200	0.00459	0.00456	0.00610	0.00974	0.01995	0.01114	0.84398	0.06213	0.00313	0.00331	0.00447	0.00188	0.00194
42	0.91252	0.00602	0.00458	0.00410	0.00602	0.00699	0.00337	0.00916	0.00530	0.01398	0.00434	0.00506	0.00337	0.00289	0.00193	0.00096	0.00241	0.00169	0.00193	0.00337
43	0.01164	0.01485	0.00883	0.00803	0.00963	0.87801	0.00602	0.01244	0.00883	0.00762	0.00482	0.00562	0.00401	0.00321	0.00281	0.00080	0.00562	0.00201	0.00161	0.00361
44	0.00519	0.00393	0.00597	0.00626	0.00715	0.00389	0.06566	0.00670	0.00718	0.00937	0.01577	0.03324	0.01699	0.00818	0.00426	0.00141	0.00304	0.79006	0.00278	0.00296
45	0.00578	0.00291	0.00293	0.00292	0.00365	0.00290	0.00219	0.00723	0.00658	0.01163	0.02743	0.01185	0.00842	0.00368	0.00221	0.00073	0.00145	0.00296	0.88964	0.00290
46	0.00588	0.00554	0.00934	0.88303	0.02146	0.00692	0.00865	0.00796	0.00623	0.00796	0.00554	0.00831	0.00415	0.00311	0.00311	0.00104	0.00415	0.00277	0.00138	0.00346
47	0.71288	0.00655	0.00559	0.00474	0.00679	0.00747	0.00391	0.17942	0.00725	0.03394	0.00514	0.00567	0.00385	0.00308	0.00219	0.00096	0.00262	0.00194	0.00221	0.00380
48	0.91252	0.00602	0.00458	0.00410	0.00602	0.00699	0.00337	0.00916	0.00530	0.01398	0.00434	0.00506	0.00337	0.00289	0.00193	0.00096	0.00241	0.00169	0.00193	0.00337
49	0.00595	0.00563	0.00936	0.81829	0.02047	0.00712	0.00852	0.00793	0.00612	0.00793	0.00543	0.00820	0.00415	0.00329	0.00364	0.00106	0.06932	0.00277	0.00138	0.00346
50	0.00502	0.00359	0.00502	0.00574	0.00645	0.00359	0.00502	0.00645	0.00717	0.00932	0.01649	0.03514	0.01793	0.00861	0.00430	0.00143	0.00287	0.85011	0.00287	0.00287
51	0.00487	0.00329	0.00370	0.00360	0.00373	0.00334	0.00211	0.04394	0.00500	0.00669	0.00968	0.01964	0.01098	0.83372	0.03117	0.00296	0.00314	0.00443	0.00194	0.00206
52	0.01398	0.00530	0.00723	0.00554	0.00795	0.00458	0.00458	0.01518	0.00892	0.87324	0.01229	0.01060	0.00771	0.00386	0.00313	0.00096	0.00265	0.00313	0.00386	0.00530
53	0.00681	0.00553	0.00650	0.00466	0.00741	0.00417	0.00373	0.00818	0.00657	0.04986	0.00585	0.00665	0.00476	0.00238	0.00235	0.00048	0.00232	0.00190	0.00194	0.86795
54	0.00761	0.00655	0.00692	0.00627	0.00797	0.00756	0.00486	0.01612	0.83498	0.01285	0.01284	0.04272	0.00990	0.00442	0.00320	0.00106	0.00244	0.00371	0.00316	0.00485
55	0.00767	0.00736	0.01257	0.03796	0.85255	0.00739	0.00954	0.00953	0.00707	0.01013	0.00585	0.00772	0.00492	0.00278	0.00308	0.00093	0.00371	0.00278	0.00154	0.00490
56	0.00637	0.00533	0.00587	0.00526	0.00677	0.00568	0.00406	0.01181	0.48204	0.01212	0.22327	0.03325	0.09112	0.00501	0.00327	0.00099	0.00211	0.00426	0.00308	0.08834
57	0.00533	0.00275	0.00404	0.00406	0.00408	0.00276	0.00271	0.00415	0.00416	0.00555	0.00596	0.01073	0.00608	0.07118	0.02354	0.81880	0.00280	0.01847	0.00142	0.00144
58	0.00592	0.00557	0.00947	0.85130	0.02110	0.00689	0.02812	0.00800	0.00626	0.00805	0.00562	0.00835	0.00422	0.00311	0.00312	0.00103	0.00414	0.00279	0.01348	0.00347
59	0.00668	0.00623	0.01050	0.46344	0.39346	0.00695	0.00875	0.00863	0.00662	0.00910	0.00589	0.00820	0.00467	0.00299	0.00306	0.00097	0.00383	0.00278	0.04316	0.00408
60	0.00541	0.00271	0.00406	0.00406	0.00406	0.00271	0.00271	0.00406	0.00406	0.00541	0.00541	0.00947	0.00541	0.01082	0.01218	0.90936	0.00271	0.00271	0.00135	0.00135
61	0.00744	0.00788	0.00963	0.00824	0.00856	0.12652	0.03667	0.00819	0.00540	0.00757	0.00438	0.00698	0.00425	0.02284	0.00911	0.00131	0.71749	0.00270	0.00141	0.00343
62	0.00558	0.00517	0.00859	0.38796	0.01376	0.00573	0.12295	0.00758	0.02939	0.00965	0.24804	0.01426	0.08159	0.00447	0.00370	0.00104	0.04101	0.00402	0.00215	0.00339
63	0.00720	0.00701	0.01131	0.31886	0.52943	0.03815	0.00907	0.00907	0.00681	0.00927	0.00568	0.00783	0.00461	0.00296	0.00322	0.00097	0.02000	0.00275	0.00149	0.00435
64	0.04627	0.00358	0.00415	0.00393	0.00488	0.00343	0.00297	0.00650	0.07660	0.01150	0.53551	0.03285	0.24339	0.00647	0.00356	0.00101	0.00162	0.00556	0.00320	0.00303
65	0.01167	0.01470	0.00880	0.00799	0.00960	0.86453	0.00600	0.01248	0.00883	0.02098	0.00493	0.00569	0.00407	0.00322	0.00281	0.00081	0.00557	0.00202	0.00164	0.00364
66	0.00546	0.00484	0.00720	0.00621	0.00732	0.00507	0.13668	0.00793	0.14369	0.01032	0.24858	0.19591	0.10012	0.00619	0.00436	0.00111	0.09748	0.00544	0.00271	0.00339
67	0.16485	0.01038	0.00792	0.02156	0.01719	0.42095	0.03040	0.02524	0.16817	0.07286	0.00696	0.00744	0.00537	0.00341	0.00279	0.00090	0.00410	0.00936	0.00215	0.01800
68	0.00706	0.00976	0.18251	0.01213	0.01549	0.00764	0.67856	0.00984	0.00717	0.00991	0.00640	0.02680	0.00492	0.00284	0.00355	0.00104	0.00505	0.00352	0.00155	0.00424
69	0.00734	0.00702	0.01197	0.19489	0.69822	0.00730	0.00938	0.00924	0.00692	0.00973	0.00579	0.00783	0.00478	0.00284	0.00309	0.00095	0.00379	0.00277	0.00151	0.00463
70	0.00588	0.00554	0.00934	0.88303	0.02146	0.00692	0.00865	0.00796	0.00623	0.00796	0.00554	0.00831	0.00415	0.00311	0.00311	0.00104	0.00415	0.00277	0.00138	0.00346
71	0.00467	0.00335	0.00471	0.00466	0.00509	0.00378	0.00344	0.00549	0.00495	0.02131	0.00871	0.01420	0.00863	0.24534	0.62647	0.00436	0.02283	0.00363	0.00176	0.00261
72	0.01398	0.00530	0.00723	0.00554	0.00795	0.00458	0.00458	0.01518	0.00892	0.87324	0.01229	0.01060	0.00771	0.00386	0.00313	0.00096	0.00265	0.00313	0.00386	0.00530
73	0.00576	0.00462	0.00517	0.00495	0.00614	0.00485	0.00382	0.00994	0.35320	0.02675	0.16570	0.10348	0.20814	0.00632	0.00355	0.00109	0.00207	0.07766	0.00311	0.00367
74	0.00922	0.00428	0.00534	0.00447	0.00599	0.00398	0.00355	0.04964	0.01729	0.37368	0.20155	0.01359	0.01251	0.00434	0.00296	0.00090	0.00206	0.00361	0.27699	0.00405
75	0.01188	0.00867	0.00931	0.00714	0.00963	0.00958	0.00590	0.84666	0.01455	0.03380	0.00756	0.00753	0.00534	0.00374	0.00312	0.00094	0.00342	0.00281	0.00313	0.00530
76	0.01380	0.00555	0.02715	0.00562	0.00808	0.00464	0.00474	0.01506	0.00886	0.85340	0.01214	0.01051	0.00763	0.00384	0.00313	0.00096	0.00270	0.00311	0.00380	0.00529
77	0.00382	0.00294	0.00349	0.00382	0.00441	0.00261	0.00269	0.00456	0.00673	0.00863	0.11423	0.45059	0.36305	0.00864	0.00383	0.00115	0.00168	0.00759	0.00295	0.00261
78	0.01394	0.00536	0.00727	0.00557	0.00798	0.00467	0.00460	0.03057	0.00902	0.85771	0.01220	0.01055	0.00767	0.00385	0.00313	0.00096	0.00266	0.00313	0.00384	0.00530
79	0.01398	0.00530	0.00723	0.00554	0.00795	0.00458	0.00458	0.01518	0.00892	0.87324	0.01229	0.01060	0.00771	0.00386	0.00313	0.00096	0.00265	0.00313	0.00386	0.00530
80	0.01121	0.00841	0.00899	0.00704	0.00942	0.00937	0.00577	0.73028	0.14610	0.01861	0.00828	0.00812	0.00595	0.00381	0.00312	0.00095	0.00328	0.00292	0.00312	0.00524
81	0.35022	0.00595	0.00647	0.00518	0.00742	0.00604	0.00427	0.10561	0.00819	0.45790	0.00878	0.00819	0.00582	0.00348	0.00268	0.00096	0.00265	0.00256	0.00305	0.00458
82	0.00491	0.00339	0.00427	0.00414	0.00492	0.00315	0.00306	0.04033	0.00818	0.04942	0.49943	0.23020	0.11849	0.00713	0.00370	0.00105	0.00169	0.00629	0.00325	0.00301
83	0.00772	0.00554	0.00677	0.00498	0.00760	0.00442	0.01952	0.00944	0.04627	0.15209	0.02917	0.00784	0.00599	0.00276	0.00254	0.00060	0.00240	0.00226	0.00227	0.67981
84	0.02433	0.00657	0.00791	0.00605	0.00851	0.00642	0.00498	0.32146	0.01077	0.48864	0.00994	0.00909	0.00655	0.00369	0.00305	0.00092	0.00290	0.00290	0.00341	0.07189
85	0.00379	0.00272	0.00361	0.00432	0.00451	0.00253	0.00288	0.00434	0.00599	0.00796	0.01743	0.87282	0.03610	0.00973	0.00397	0.00126	0.00180	0.00881	0.00289	0.00253
86	0.00424	0.00307	0.00401	0.00401	0.00461	0.00283	0.00292	0.00547	0.00807	0.01128	0.64026	0.23768	0.04539	0.00724	0.00375	0.00105	0.00156	0.00645	0.00328	0.00283
87	0.00509	0.00429	0.00731	0.00670	0.00771	0.00414	0.18572	0.00639	0.00661	0.00877	0.01392	0.29590	0.01530	0.06651	0.02399	0.00148	0.00317	0.33152	0.00251	0.00298
88	0.01318	0.00658	0.00802	0.00615	0.00859	0.00647	0.00508	0.33055	0.01105	0.55486	0.01050	0.00944	0.00681	0.00381	0.00313	0.00095	0.00294	0.00301	0.00358	0.00530
89	0.00657	0.00624	0.01059	0.55727	0.34183	0.00710	0.00899	0.00856	0.00656	0.00880	0.00566	0.00808	0.00445	0.00299	0.00310	0.00100	0.00398	0.00277	0.00144	0.00402
90	0.91252	0.00602	0.00458	0.00410	0.00602	0.00699	0.00337	0.00916	0.00530	0.01398	0.00434	0.00506	0.00337	0.00289	0.00193	0.00096	0.00241	0.00169	0.00193	0.00337
91	0.00682	0.00682	0.00954	0.00818	0.00818	0.00954	0.00682	0.00750	0.00477	0.00750	0.00409	0.00682	0.00409	0.00545	0.01022	0.00136	0.88481	0.00273	0.00136	0.00341
92	0.00592	0.00530	0.00869	0.54503	0.03600	0.01447	0.06661	0.00774	0.00668	0.03228	0.06972	0.06495	0.05301	0.00433	0.00343	0.00107	0.01422	0.05524	0.00188	0.00343
93	0.00396	0.00317	0.00355	0.00345	0.00438	0.00275	0.00259	0.00502	0.00776	0.00999	0.35542	0.02739	0.54497	0.00730	0.00368	0.00102	0.00154	0.00621	0.00310	0.00275
94	0.00773	0.13919	0.49736	0.00814	0.01174	0.04079	0.05431	0.10726	0.00766	0.04458	0.00616	0.00745	0.00468	0.00324	0.00308	0.00095	0.02426	0.02523	0.00169	0.00449
95	0.05573	0.04018	0.29921	0.02681	0.17425	0.08679	0.13799	0.04780	0.07326	0.01049	0.00631	0.01616	0.00489	0.00309	0.00303	0.00096	0.00421	0.00271	0.00170	0.00444
96	0.00432	0.00331	0.00388	0.00372	0.00463	0.00299	0.00279	0.00575	0.03859	0.02023	0.46801	0.04286	0.37364	0.00696	0.00366	0.00102	0.00157	0.00598	0.00319	0.00290
97	0.00764	0.00664	0.06897	0.00592	0.04236	0.02069	0.02350	0.03481	0.00712	0.11250	0.01465	0.00723	0.00519	0.00266	0.00256	0.00062	0.00272	0.00218	0.00208	0.62998
98	0.00632	0.01603	0.86397	0.00886	0.01344	0.00726	0.01144	0.02010	0.00667	0.00998	0.00561	0.00659	0.00396	0.00297	0.00296	0.00099	0.00459	0.00231	0.00134	0.00461
99	0.00411	0.00304	0.00376	0.00386	0.00446	0.00278	0.00276	0.00508	0.00736	0.00992	0.39490	0.25797	0.19811	0.07194	0.00465	0.00123	0.00171	0.01661	0.00306	0.00269
100	0.00646	0.00554	0.00646	0.00461	0.00738	0.00415	0.00369	0.00784	0.00646	0.01015	0.00554	0.00646	0.00461	0.00231	0.00231	0.00046	0.00231	0.00185	0.00185	0.90956
101	0.00381	0.00272	0.00361	0.00432	0.00449	0.00254	0.00287	0.00434	0.00593	0.00791	0.01699	0.86756	0.02038	0.03099	0.00426	0.00131	0.00184	0.00875	0.00287	0.00251
102	0.00441	0.00318	0.00416	0.00392	0.00465	0.00294	0.00294	0.00588	0.00882	0.01249	0.86944	0.02327	0.02939	0.00637	0.00367	0.00098	0.00147	0.00563	0.00343	0.00294
103	0.00428	0.00316	0.00400	0.00384	0.00459	0.00288	0.00286	0.00562	0.00845	0.01174	0.71784	0.06585	0.13984	0.00673	0.00369	0.00100	0.00150	0.00591	0.00333	0.00288
104	0.01022	0.15854	0.17630	0.00697	0.00981	0.04970	0.00668	0.40075	0.01065	0.10874	0.02776	0.00753	0.00561	0.00346	0.00290	0.00090	0.00361	0.00258	0.00249	0.00481
105	0.00950	0.53266	0.01348	0.00656	0.04089	0.08211	0.00568	0.22348	0.03171	0.01977	0.00553	0.00601	0.00455	0.00304	0.00243	0.00077	0.00353	0.00209	0.00189	0.00437
106	0.00867	0.17114	0.09149	0.01294	0.45342	0.00813	0.00802	0.06560	0.03417	0.10754	0.00659	0.00754	0.00515	0.00300	0.00288	0.00089	0.00354	0.00259	0.00190	0.00480
107	0.00583	0.00357	0.00448	0.00418	0.00516	0.00327	0.00313	0.00726	0.04073	0.14448	0.41618	0.14504	0.15792	0.03099	0.00394	0.00109	0.00180	0.00572	0.01199	0.00324

[dist]
# distance from previous block
# <min> <max>
2	5

[block]
# block no. 4 follows, 92 sequences, length 54
# corresponding to MSA columns:
# 233-286
name=unknown_E
#
# <colnr> <probs for GDERKNQSTAVLIFYWHMCP>
#	G	D	E	R	K	N	Q	S	T	A	V	L	I	F	Y	W	H	M	C	P
0	0.00424	0.00320	0.00398	0.00406	0.00465	0.00315	0.00295	0.00519	0.01945	0.00833	0.13705	0.13185	0.23949	0.16264	0.22317	0.00240	0.00358	0.03551	0.00250	0.00262
1	0.00867	0.00780	0.02424	0.05462	0.28979	0.07485	0.13467	0.05853	0.18358	0.10109	0.02537	0.00907	0.00652	0.00334	0.00319	0.00097	0.00370	0.00309	0.00224	0.00466
2	0.00752	0.00721	0.01230	0.10912	0.78257	0.00735	0.00947	0.00939	0.00700	0.00995	0.00583	0.00777	0.00485	0.00281	0.00309	0.00094	0.00375	0.00277	0.00153	0.00478
3	0.00783	0.00673	0.00709	0.00636	0.00813	0.00779	0.00495	0.03425	0.84762	0.01317	0.01257	0.01154	0.00942	0.00422	0.00317	0.00105	0.00249	0.00351	0.00317	0.00494
4	0.00856	0.00740	0.01182	0.04021	0.68722	0.00752	0.00878	0.11949	0.00815	0.06120	0.00643	0.00786	0.00512	0.00297	0.00309	0.00093	0.00362	0.00280	0.00187	0.00496
5	0.00890	0.09204	0.37838	0.00840	0.01189	0.02178	0.16769	0.01137	0.00739	0.25098	0.00747	0.00788	0.00515	0.00312	0.00305	0.00096	0.00408	0.00273	0.00208	0.00465
6	0.01359	0.00522	0.00711	0.00548	0.00782	0.00451	0.00451	0.01481	0.00891	0.83853	0.04686	0.01111	0.00859	0.00396	0.00315	0.00096	0.00260	0.00323	0.00384	0.00521
7	0.00475	0.00331	0.00422	0.00396	0.00478	0.00305	0.00297	0.00624	0.02502	0.04425	0.70835	0.04628	0.10839	0.01600	0.00378	0.00102	0.00157	0.00566	0.00336	0.00301
8	0.08374	0.00589	0.04363	0.00612	0.03773	0.02703	0.04276	0.08051	0.04736	0.29770	0.05616	0.14664	0.08855	0.00531	0.01561	0.00108	0.00279	0.00427	0.00297	0.00417
9	0.00526	0.00313	0.00404	0.00423	0.00469	0.00292	0.00286	0.00581	0.00617	0.11476	0.06137	0.52117	0.02863	0.21209	0.00659	0.00161	0.00217	0.00694	0.00281	0.00275
10	0.00383	0.00274	0.00366	0.00438	0.00458	0.00256	0.00296	0.00440	0.00600	0.00799	0.01715	0.86280	0.02052	0.00973	0.00399	0.00127	0.00184	0.03418	0.00289	0.00254
11	0.00747	0.00725	0.01194	0.19892	0.61390	0.03060	0.03736	0.02172	0.00704	0.00973	0.00577	0.00778	0.00473	0.00292	0.00323	0.00096	0.01983	0.00278	0.00153	0.00454
12	0.00999	0.00668	0.02487	0.21219	0.18328	0.02413	0.00686	0.11813	0.06452	0.30458	0.00859	0.00900	0.00601	0.00345	0.00311	0.00097	0.00339	0.00292	0.00259	0.00473
13	0.00473	0.00347	0.00428	0.00428	0.00498	0.00333	0.00312	0.07741	0.00793	0.01074	0.34717	0.35236	0.12322	0.02014	0.00392	0.00113	0.00182	0.01991	0.00310	0.00293
14	0.37545	0.00733	0.00864	0.03867	0.34689	0.08026	0.00645	0.00953	0.00635	0.02453	0.00512	0.00646	0.00418	0.00307	0.00309	0.00097	0.06497	0.00227	0.00172	0.00404
15	0.01277	0.00502	0.00678	0.00532	0.00750	0.00436	0.00433	0.01391	0.00862	0.76833	0.03097	0.04329	0.04039	0.02902	0.00355	0.00104	0.00257	0.00356	0.00372	0.00496
16	0.19335	0.00424	0.00513	0.00479	0.00542	0.00483	0.00361	0.05625	0.00520	0.00855	0.00592	0.03336	0.00561	0.00993	0.12825	0.42863	0.09006	0.00276	0.00166	0.00244
17	0.01053	0.03535	0.04756	0.03769	0.05018	0.17774	0.02880	0.14625	0.03895	0.25727	0.01553	0.00880	0.03185	0.00352	0.00297	0.00088	0.00355	0.00277	0.00259	0.09721
18	0.00826	0.86214	0.04595	0.00545	0.00819	0.01215	0.00554	0.00935	0.00634	0.00742	0.00437	0.00505	0.00400	0.00268	0.00203	0.00068	0.00338	0.00169	0.00133	0.00402
19	0.00399	0.00308	0.00360	0.00365	0.00442	0.00272	0.00267	0.00498	0.00748	0.00982	0.32714	0.19425	0.39370	0.00765	0.00372	0.00106	0.00158	0.00663	0.01510	0.00272
20	0.00660	0.03018	0.22211	0.00961	0.14563	0.00635	0.17616	0.05002	0.03091	0.02508	0.16388	0.05425	0.05710	0.00416	0.00333	0.00100	0.00355	0.00385	0.00213	0.00411
21	0.00764	0.00733	0.01251	0.05341	0.83736	0.00738	0.00952	0.00950	0.00706	0.01009	0.00585	0.00773	0.00490	0.00279	0.00309	0.00093	0.00372	0.00278	0.00154	0.00488
22	0.00512	0.00333	0.00436	0.00401	0.00487	0.00306	0.00304	0.00657	0.00878	0.07416	0.78993	0.02212	0.02739	0.00613	0.00360	0.00097	0.00155	0.00540	0.02249	0.00311
23	0.00614	0.00525	0.04240	0.02012	0.13711	0.00518	0.01816	0.11364	0.00711	0.03182	0.03939	0.06529	0.07971	0.01318	0.39775	0.00281	0.00543	0.00381	0.00210	0.00357
24	0.04072	0.04065	0.03010	0.02110	0.36867	0.19801	0.02867	0.02166	0.00779	0.18619	0.00683	0.00763	0.00517	0.00316	0.00310	0.00091	0.02041	0.00261	0.00204	0.00457
25	0.01171	0.00866	0.00927	0.00714	0.00961	0.00960	0.00589	0.83340	0.04216	0.01942	0.00765	0.00761	0.00543	0.00376	0.00312	0.00094	0.00340	0.00283	0.00312	0.00529
26	0.00694	0.00698	0.01295	0.33650	0.33026	0.00735	0.23513	0.00908	0.00684	0.00931	0.00586	0.00811	0.00459	0.00286	0.00325	0.00100	0.00428	0.00301	0.00149	0.00420
27	0.04351	0.00650	0.01073	0.38941	0.44363	0.00714	0.00877	0.00906	0.02094	0.02248	0.00587	0.00797	0.00465	0.00297	0.00305	0.00098	0.00381	0.00275	0.00155	0.00424
28	0.00475	0.00385	0.00425	0.00466	0.00515	0.05874	0.00342	0.00559	0.01778	0.00813	0.02602	0.37580	0.10791	0.14841	0.00582	0.00153	0.00248	0.21044	0.00265	0.00263
29	0.00588	0.00554	0.00934	0.88303	0.02146	0.00692	0.00865	0.00796	0.00623	0.00796	0.00554	0.00831	0.00415	0.00311	0.00311	0.00104	0.00415	0.00277	0.00138	0.00346
30	0.01349	0.00543	0.00726	0.00555	0.00798	0.00472	0.00457	0.04276	0.00897	0.79736	0.01176	0.01027	0.00746	0.00377	0.00309	0.00094	0.00266	0.00305	0.00372	0.05521
31	0.91252	0.00602	0.00458	0.00410	0.00602	0.00699	0.00337	0.00916	0.00530	0.01398	0.00434	0.00506	0.00337	0.00289	0.00193	0.00096	0.00241	0.00169	0.00193	0.00337
32	0.00754	0.00724	0.01244	0.06846	0.78689	0.00731	0.02936	0.00941	0.00708	0.01009	0.02100	0.00803	0.00531	0.00285	0.00311	0.00094	0.00372	0.00285	0.00157	0.00480
33	0.91252	0.00602	0.00458	0.00410	0.00602	0.00699	0.00337	0.00916	0.00530	0.01398	0.00434	0.00506	0.00337	0.00289	0.00193	0.00096	0.00241	0.00169	0.00193	0.00337
34	0.00771	0.00739	0.01253	0.01885	0.85287	0.00741	0.00946	0.00971	0.02521	0.01024	0.00600	0.00779	0.00503	0.00281	0.00309	0.00093	0.00367	0.00279	0.00158	0.00493
35	0.02983	0.00333	0.00456	0.02707	0.00596	0.00338	0.00411	0.00564	0.00639	0.00865	0.01527	0.36757	0.01715	0.01034	0.09761	0.00173	0.00306	0.38291	0.00269	0.00275
36	0.00588	0.00554	0.00934	0.88303	0.02146	0.00692	0.00865	0.00796	0.00623	0.00796	0.00554	0.00831	0.00415	0.00311	0.00311	0.00104	0.00415	0.00277	0.00138	0.00346
37	0.21915	0.05811	0.00824	0.00698	0.00872	0.63253	0.00537	0.01152	0.00789	0.00907	0.00468	0.00546	0.00386	0.00311	0.00256	0.00083	0.00476	0.00192	0.00167	0.00358
38	0.00588	0.00543	0.00908	0.84753	0.02074	0.00676	0.00839	0.00793	0.00624	0.00811	0.00572	0.00844	0.00431	0.00314	0.00308	0.00103	0.00404	0.00277	0.03794	0.00344
39	0.00596	0.00567	0.00967	0.83354	0.02099	0.00701	0.03909	0.00802	0.00624	0.00802	0.00553	0.00828	0.00417	0.00315	0.00328	0.00105	0.02265	0.00280	0.00139	0.00349
40	0.00580	0.00514	0.00782	0.29311	0.01145	0.00642	0.03168	0.00699	0.02338	0.00746	0.00629	0.01027	0.00585	0.12853	0.13296	0.06458	0.24456	0.00312	0.00153	0.00304
41	0.00566	0.00502	0.00695	0.26577	0.11112	0.00546	0.00567	0.00851	0.16608	0.00971	0.08744	0.01717	0.25741	0.00510	0.00337	0.00104	0.00278	0.02975	0.00239	0.00360
42	0.00762	0.00792	0.01658	0.02463	0.03664	0.00753	0.71215	0.02523	0.00749	0.05237	0.00708	0.00982	0.00555	0.00307	0.00375	0.00107	0.01866	0.04687	0.00177	0.00420
43	0.00612	0.00578	0.00977	0.77068	0.13195	0.00698	0.00877	0.00817	0.00634	0.00825	0.00558	0.00823	0.00425	0.00307	0.00311	0.00102	0.00409	0.00277	0.00140	0.00365
44	0.00581	0.00532	0.00883	0.68532	0.09461	0.00637	0.00792	0.00768	0.00628	0.00825	0.00699	0.10736	0.00617	0.00385	0.00319	0.00105	0.00378	0.00346	0.02431	0.00347
45	0.87596	0.00601	0.00477	0.03954	0.00665	0.00699	0.00359	0.00911	0.00534	0.01373	0.00439	0.00519	0.00341	0.00290	0.00198	0.00097	0.00248	0.00173	0.00191	0.00338
46	0.00646	0.00554	0.00646	0.00461	0.00738	0.00415	0.00369	0.00784	0.00646	0.01015	0.00554	0.00646	0.00461	0.00231	0.00231	0.00046	0.00231	0.00185	0.00185	0.90956
47	0.04067	0.00289	0.00359	0.00414	0.00449	0.00277	0.00283	0.00489	0.00612	0.00874	0.04679	0.71190	0.03872	0.00869	0.00369	0.00118	0.00178	0.00779	0.09571	0.00262
48	0.00416	0.00317	0.00382	0.00366	0.00450	0.00283	0.00275	0.00540	0.00824	0.01111	0.58492	0.02555	0.31478	0.00689	0.00368	0.00100	0.00151	0.00595	0.00325	0.00283
49	0.00411	0.00317	0.00375	0.00361	0.00447	0.00281	0.00270	0.00530	0.00811	0.01082	0.52545	0.02603	0.37442	0.00699	0.00368	0.00101	0.00151	0.00602	0.00321	0.00281
50	0.00444	0.00330	0.00480	0.00480	0.00532	0.00378	0.00366	0.00543	0.00502	0.00715	0.00912	0.01350	0.03149	0.10649	0.77139	0.00471	0.00765	0.00354	0.00172	0.00269
51	0.09951	0.12669	0.04915	0.00708	0.02101	0.41878	0.00579	0.08010	0.00841	0.12525	0.00595	0.00640	0.00456	0.00327	0.00288	0.00086	0.02606	0.00219	0.00200	0.00406
52	0.03273	0.00953	0.23854	0.03617	0.20421	0.03138	0.16028	0.00950	0.00687	0.03214	0.00587	0.00722	0.00454	0.00277	0.00301	0.00087	0.01117	0.00257	0.00162	0.19901
53	0.00857	0.63743	0.10598	0.00601	0.00871	0.08980	0.00599	0.02776	0.03011	0.03412	0.00523	0.01854	0.00452	0.00295	0.00229	0.00075	0.00361	0.00199	0.00154	0.00410

[dist]
# distance from previous block
# <min> <max>
0	4

[block]
# block no. 5 follows, 92 sequences, length 11
# corresponding to MSA columns:
# 291-301
name=unknown_F
#
# <colnr> <probs for GDERKNQSTAVLIFYWHMCP>
#	G	D	E	R	K	N	Q	S	T	A	V	L	I	F	Y	W	H	M	C	P
0	0.00941	0.03771	0.07901	0.01124	0.23051	0.30421	0.12719	0.01158	0.07031	0.07946	0.00652	0.00744	0.00504	0.00311	0.00304	0.00091	0.00446	0.00265	0.00185	0.00436
1	0.56929	0.05638	0.21705	0.00571	0.00839	0.00752	0.02487	0.06053	0.00627	0.01287	0.00487	0.00565	0.00369	0.00294	0.00229	0.00095	0.00312	0.00195	0.00181	0.00384
2	0.00389	0.00296	0.00343	0.00372	0.00436	0.00263	0.00264	0.00467	0.00674	0.00873	0.09974	0.39712	0.39074	0.00836	0.00374	0.00112	0.00166	0.00730	0.04383	0.00263
3	0.00559	0.00415	0.00528	0.07529	0.02810	0.00418	0.00388	0.04947	0.07244	0.05055	0.45927	0.02024	0.17167	0.00583	0.00360	0.00100	0.01503	0.00501	0.01607	0.00335
4	0.00731	0.00689	0.01094	0.24361	0.48511	0.02540	0.02677	0.04621	0.05656	0.01001	0.00674	0.04833	0.00570	0.00332	0.00315	0.00098	0.00372	0.00310	0.00173	0.00441
5	0.09179	0.00553	0.00710	0.00549	0.00787	0.00503	0.00454	0.05436	0.00887	0.75865	0.01137	0.00998	0.00722	0.00377	0.00303	0.00096	0.00267	0.00299	0.00365	0.00513
6	0.00446	0.00299	0.00342	0.00349	0.00351	0.00297	0.00199	0.00451	0.00468	0.00624	0.01057	0.10934	0.01228	0.80027	0.01464	0.00284	0.00290	0.00497	0.00199	0.00195
7	0.00598	0.00564	0.00952	0.83631	0.06740	0.00695	0.00870	0.00805	0.00628	0.00808	0.00555	0.00827	0.00420	0.00310	0.00311	0.00103	0.00413	0.00277	0.00139	0.00354
8	0.01165	0.01454	0.00885	0.00798	0.00963	0.83488	0.00601	0.05457	0.00912	0.00822	0.00495	0.00571	0.00408	0.00324	0.00282	0.00081	0.00551	0.00205	0.00168	0.00370
9	0.00381	0.00312	0.00336	0.00338	0.00431	0.00267	0.00251	0.00470	0.00730	0.00907	0.17189	0.09934	0.65815	0.00779	0.00370	0.00106	0.00158	0.00660	0.00298	0.00267
10	0.00710	0.00558	0.00655	0.00477	0.00746	0.00436	0.00382	0.00884	0.04849	0.07701	0.00641	0.00703	0.00509	0.00252	0.00241	0.00053	0.00234	0.00203	0.00207	0.79559

[dist]
# distance from previous block
# <min> <max>
0	1

[block]
# block no. 6 follows, 92 sequences, length 37
# corresponding to MSA columns:
# 303-337,422,423
name=unknown_G
#
# <colnr> <probs for GDERKNQSTAVLIFYWHMCP>
#	G	D	E	R	K	N	Q	S	T	A	V	L	I	F	Y	W	H	M	C	P
0	0.91252	0.00602	0.00458	0.00410	0.00602	0.00699	0.00337	0.00916	0.00530	0.01398	0.00434	0.00506	0.00337	0.00289	0.00193	0.00096	0.00241	0.00169	0.00193	0.00337
1	0.00423	0.00316	0.00393	0.00377	0.00455	0.00286	0.00281	0.00553	0.00836	0.01148	0.66298	0.04968	0.21157	0.00680	0.00368	0.00100	0.00150	0.00593	0.00330	0.00286
2	0.00727	0.18280	0.45928	0.00758	0.01096	0.02503	0.00854	0.03986	0.18247	0.01024	0.00680	0.00732	0.00515	0.00327	0.00304	0.00095	0.03072	0.00245	0.00177	0.00452
3	0.00562	0.00454	0.00521	0.00526	0.00619	0.00492	0.00388	0.00992	0.39009	0.01039	0.03412	0.42629	0.03242	0.00713	0.00362	0.00117	0.00213	0.04045	0.00303	0.00363
4	0.00667	0.00445	0.00575	0.00518	0.00639	0.00439	0.05363	0.13385	0.02165	0.09057	0.08620	0.21478	0.11428	0.00628	0.00345	0.00106	0.00235	0.09764	0.13796	0.00347
5	0.01028	0.08172	0.00928	0.02711	0.02086	0.42662	0.01532	0.17891	0.00921	0.02175	0.00561	0.00636	0.00448	0.00320	0.00294	0.00080	0.02712	0.00221	0.01514	0.13109
6	0.00435	0.00318	0.00408	0.00386	0.00462	0.00292	0.00289	0.00577	0.00868	0.01217	0.80358	0.02380	0.09545	0.00649	0.00367	0.00099	0.00148	0.00571	0.00339	0.00292
7	0.00880	0.12220	0.04671	0.11069	0.05732	0.16379	0.00603	0.15264	0.09182	0.05909	0.00716	0.00875	0.00583	0.07155	0.06045	0.00133	0.01695	0.00274	0.00208	0.00408
8	0.00890	0.01839	0.01008	0.21899	0.28534	0.00750	0.00752	0.18286	0.02308	0.12923	0.00703	0.00823	0.00526	0.00340	0.00352	0.00098	0.05807	0.00283	0.01422	0.00457
9	0.00391	0.00280	0.00374	0.00445	0.00470	0.00263	0.00309	0.00455	0.00610	0.00809	0.01736	0.79036	0.03556	0.00961	0.00400	0.00128	0.00191	0.09038	0.00289	0.00256
10	0.08078	0.02851	0.00865	0.00765	0.00933	0.76297	0.00580	0.04513	0.00874	0.00857	0.00487	0.00564	0.00401	0.00320	0.00274	0.00082	0.00525	0.00201	0.00168	0.00367
11	0.00378	0.00277	0.00356	0.00419	0.00448	0.00254	0.00283	0.00435	0.00611	0.00801	0.01899	0.78015	0.12776	0.00952	0.00394	0.00124	0.00178	0.00857	0.00289	0.00254
12	0.00384	0.00274	0.00364	0.00434	0.00453	0.00257	0.00291	0.00439	0.00595	0.00793	0.01696	0.84704	0.02030	0.03320	0.00430	0.00132	0.00186	0.02680	0.00286	0.00252
13	0.00742	0.00775	0.01508	0.06976	0.40447	0.00763	0.40765	0.00962	0.00712	0.00990	0.00602	0.00806	0.00478	0.00277	0.00348	0.00100	0.01828	0.00320	0.00155	0.00448
14	0.00386	0.00276	0.00367	0.00434	0.00457	0.00258	0.00294	0.00447	0.00615	0.00822	0.05953	0.81071	0.03338	0.00953	0.00397	0.00125	0.00182	0.03075	0.00292	0.00256
15	0.01377	0.00524	0.00712	0.00547	0.00784	0.00454	0.00452	0.01498	0.00885	0.85095	0.01224	0.01063	0.00772	0.00385	0.00311	0.00096	0.00262	0.00313	0.02724	0.00524
16	0.00646	0.00554	0.00646	0.00461	0.00738	0.00415	0.00369	0.00784	0.00646	0.01015	0.00554	0.00646	0.00461	0.00231	0.00231	0.00046	0.00231	0.00185	0.00185	0.90956
17	0.91252	0.00602	0.00458	0.00410	0.00602	0.00699	0.00337	0.00916	0.00530	0.01398	0.00434	0.00506	0.00337	0.00289	0.00193	0.00096	0.00241	0.00169	0.00193	0.00337
18	0.77090	0.00597	0.00503	0.00435	0.00636	0.00670	0.00359	0.02464	0.00597	0.13470	0.00551	0.00588	0.00402	0.00304	0.00212	0.00096	0.00246	0.00191	0.00222	0.00368
19	0.00677	0.00674	0.00945	0.00811	0.00812	0.00942	0.00675	0.00746	0.00478	0.00749	0.00418	0.00693	0.00417	0.00583	0.02827	0.00144	0.86659	0.00274	0.00137	0.00339
