[name]
unknown

[dist]
# distance from previous block
# <min> <max>
0	54

[block]
# block no. 0 follows, 78 sequences, length 49
# corresponding to MSA columns:
# 56-104
name=unknown_A
#
# <colnr> <probs for GDERKNQSTAVLIFYWHMCP>
#	G	D	E	R	K	N	Q	S	T	A	V	L	I	F	Y	W	H	M	C	P
0	0.02709	0.00608	0.01771	0.09084	0.10839	0.02150	0.04111	0.03750	0.05694	0.03702	0.15646	0.13807	0.02659	0.00606	0.01383	0.00118	0.00321	0.07158	0.00279	0.13603
1	0.02054	0.03637	0.01139	0.23965	0.17382	0.14976	0.03120	0.15765	0.07057	0.01242	0.01576	0.00914	0.00599	0.01445	0.01232	0.00117	0.02767	0.00313	0.00220	0.00480
2	0.00469	0.00368	0.00425	0.00412	0.00514	0.00327	0.00308	0.00611	0.02200	0.01199	0.43733	0.04567	0.41959	0.00813	0.00420	0.00117	0.00176	0.00698	0.00361	0.00322
3	0.01972	0.00494	0.00609	0.00550	0.00698	0.00479	0.00421	0.01133	0.15874	0.23628	0.25934	0.17607	0.07751	0.00686	0.00397	0.00120	0.00233	0.00594	0.00382	0.00438
4	0.00505	0.00345	0.00387	0.00390	0.00402	0.00339	0.00226	0.00516	0.00552	0.00725	0.01390	0.05909	0.09209	0.75823	0.01626	0.00316	0.00324	0.00560	0.00231	0.00227
5	0.00447	0.00336	0.00405	0.00440	0.00498	0.00304	0.00305	0.00529	0.00756	0.00986	0.15048	0.43110	0.26635	0.07835	0.00547	0.00148	0.00204	0.00841	0.00331	0.00294
6	0.00779	0.00779	0.01091	0.00935	0.00935	0.01091	0.00779	0.00857	0.00545	0.00857	0.00467	0.00779	0.00467	0.00623	0.01168	0.00156	0.86836	0.00312	0.00156	0.00389
7	0.00726	0.00620	0.00725	0.00526	0.00830	0.00467	0.00418	0.00880	0.00736	0.01150	0.00687	0.04258	0.00602	0.00298	0.00271	0.00056	0.00261	0.00244	0.00216	0.86028
8	0.00952	0.87702	0.01866	0.00609	0.00914	0.01409	0.00609	0.01066	0.00723	0.00838	0.00495	0.00571	0.00457	0.00305	0.00228	0.00076	0.00381	0.00190	0.00152	0.00457
9	0.00438	0.00312	0.00415	0.00497	0.00518	0.00292	0.00333	0.00500	0.00681	0.00908	0.01946	0.84296	0.02330	0.02675	0.00480	0.00149	0.00211	0.02402	0.00328	0.00289
10	0.90002	0.00689	0.00523	0.00468	0.00689	0.00799	0.00386	0.01047	0.00606	0.01597	0.00496	0.00578	0.00386	0.00330	0.00220	0.00110	0.00275	0.00193	0.00220	0.00386
11	0.00433	0.00361	0.00377	0.00373	0.00488	0.00306	0.00280	0.00534	0.00840	0.01028	0.15246	0.03317	0.73441	0.00877	0.00421	0.00119	0.00179	0.00736	0.00339	0.00306
12	0.90002	0.00689	0.00523	0.00468	0.00689	0.00799	0.00386	0.01047	0.00606	0.01597	0.00496	0.00578	0.00386	0.00330	0.00220	0.00110	0.00275	0.00193	0.00220	0.00386
13	0.90002	0.00689	0.00523	0.00468	0.00689	0.00799	0.00386	0.01047	0.00606	0.01597	0.00496	0.00578	0.00386	0.00330	0.00220	0.00110	0.00275	0.00193	0.00220	0.00386
14	0.01597	0.00606	0.00826	0.00633	0.00909	0.00523	0.00523	0.01735	0.01019	0.85513	0.01405	0.01212	0.00881	0.00441	0.00358	0.00110	0.00303	0.00358	0.00441	0.00606
15	0.00714	0.01842	0.85643	0.01015	0.01541	0.00827	0.01315	0.01128	0.00752	0.01128	0.00639	0.00752	0.00451	0.00338	0.00338	0.00113	0.00526	0.00263	0.00150	0.00526
16	0.00672	0.00633	0.01068	0.86632	0.02452	0.00791	0.00989	0.00910	0.00712	0.00910	0.00633	0.00949	0.00475	0.00356	0.00356	0.00119	0.00475	0.00316	0.00158	0.00396
17	0.00469	0.00318	0.00425	0.00499	0.00526	0.00296	0.00335	0.00529	0.00687	0.03198	0.01922	0.83296	0.02282	0.01099	0.00469	0.01832	0.00211	0.00981	0.00330	0.00295
18	0.00489	0.00363	0.00455	0.00432	0.00523	0.00329	0.00324	0.00642	0.00972	0.01342	0.70109	0.02800	0.18383	0.00760	0.00420	0.00113	0.00170	0.00664	0.00381	0.00329
19	0.00477	0.00353	0.00445	0.00443	0.00521	0.00321	0.00324	0.00612	0.00914	0.01253	0.56042	0.18768	0.16551	0.00830	0.00427	0.00119	0.00177	0.00731	0.00370	0.00321
20	0.00952	0.87702	0.01866	0.00609	0.00914	0.01409	0.00609	0.01066	0.00723	0.00838	0.00495	0.00571	0.00457	0.00305	0.00228	0.00076	0.00381	0.00190	0.00152	0.00457
21	0.01477	0.00598	0.00799	0.00621	0.00878	0.00528	0.00510	0.04982	0.01042	0.73717	0.08512	0.01353	0.02347	0.00471	0.00364	0.00110	0.00293	0.00387	0.00431	0.00578
22	0.05167	0.00609	0.00814	0.00627	0.00900	0.00534	0.00518	0.01707	0.01002	0.82125	0.01368	0.01186	0.00861	0.00436	0.00352	0.00110	0.00302	0.00351	0.00432	0.00597
23	0.00507	0.00362	0.00455	0.00479	0.00544	0.00341	0.00343	0.02699	0.02161	0.02082	0.27789	0.44459	0.10532	0.00917	0.00430	0.00129	0.00200	0.02306	0.02942	0.00323
24	0.33678	0.00657	0.00730	0.00584	0.00840	0.00655	0.00482	0.05995	0.00905	0.50488	0.01045	0.00962	0.00686	0.00400	0.00308	0.00110	0.00298	0.00296	0.00356	0.00526
25	0.00439	0.00313	0.00416	0.00496	0.00517	0.00293	0.00332	0.00502	0.00680	0.00906	0.01935	0.82910	0.02316	0.03728	0.00496	0.00151	0.00213	0.02742	0.00327	0.00288
26	0.00880	0.00945	0.03326	0.03482	0.21235	0.00898	0.55476	0.07008	0.00888	0.01219	0.00715	0.00931	0.00547	0.00315	0.00397	0.00116	0.00540	0.00384	0.00191	0.00508
27	0.03939	0.07080	0.11624	0.04979	0.12218	0.12602	0.08736	0.16011	0.04113	0.14077	0.00808	0.00874	0.00591	0.00371	0.00342	0.00106	0.00449	0.00305	0.00252	0.00523
28	0.01828	0.01608	0.03479	0.36919	0.10690	0.05196	0.10112	0.03795	0.00793	0.04629	0.00915	0.08801	0.03175	0.02250	0.01860	0.00128	0.00445	0.00402	0.02549	0.00425
29	0.85032	0.00734	0.03929	0.01847	0.00750	0.00800	0.00432	0.01048	0.00613	0.01568	0.00504	0.00591	0.00390	0.00331	0.00227	0.00110	0.00289	0.00198	0.00217	0.00391
30	0.00787	0.00750	0.00921	0.00821	0.02048	0.07925	0.00661	0.00886	0.00624	0.00941	0.00631	0.00908	0.00575	0.00708	0.07008	0.00167	0.57410	0.00313	0.15535	0.00379
31	0.00993	0.14256	0.14730	0.09056	0.13338	0.04473	0.04973	0.23471	0.03680	0.03175	0.03051	0.00876	0.00626	0.00376	0.00346	0.00105	0.01419	0.00304	0.00233	0.00519
32	0.00495	0.00364	0.00464	0.00439	0.00526	0.00332	0.00329	0.00655	0.00987	0.01378	0.76447	0.02741	0.12022	0.00746	0.00420	0.00113	0.00169	0.00655	0.00385	0.00332
33	0.00846	0.04062	0.04197	0.05649	0.18554	0.04575	0.08644	0.08374	0.16459	0.02363	0.08787	0.01383	0.10048	0.00475	0.00402	0.00113	0.03914	0.00409	0.00263	0.00483
34	0.00453	0.00354	0.00380	0.00382	0.00463	0.00314	0.00265	0.00524	0.00744	0.00925	0.09208	0.07651	0.52755	0.23116	0.00780	0.00179	0.00223	0.00697	0.00306	0.00281
35	0.00515	0.00353	0.00482	0.00486	0.00533	0.00364	0.00349	0.00574	0.00646	0.00890	0.15305	0.10354	0.07186	0.13345	0.31353	0.15724	0.00501	0.00519	0.00245	0.00275
36	0.00886	0.00765	0.00805	0.00725	0.00926	0.00886	0.00564	0.01892	0.84623	0.01489	0.01449	0.01328	0.01087	0.00483	0.00362	0.00121	0.00282	0.00403	0.00362	0.00564
37	0.01363	0.01034	0.00989	0.00794	0.01051	0.17019	0.00640	0.45912	0.07560	0.18583	0.00951	0.00921	0.00669	0.00423	0.00350	0.00106	0.00413	0.00317	0.00341	0.00566
38	0.00787	0.00765	0.01082	0.00920	0.00949	0.01036	0.03412	0.04666	0.00609	0.00927	0.00530	0.00835	0.00508	0.00759	0.07558	0.00184	0.73586	0.00321	0.00168	0.00397
39	0.00667	0.00527	0.00720	0.09276	0.00846	0.00664	0.00547	0.00798	0.00631	0.01000	0.00824	0.01141	0.00720	0.03148	0.19013	0.00223	0.30220	0.00339	0.28345	0.00352
40	0.00976	0.77292	0.01815	0.00669	0.00971	0.04509	0.04438	0.04191	0.00775	0.00905	0.00521	0.00602	0.00466	0.00311	0.00245	0.00080	0.00401	0.00207	0.00162	0.00462
41	0.00766	0.00682	0.00967	0.10333	0.23507	0.00622	0.01758	0.02888	0.01971	0.01163	0.03655	0.04386	0.00714	0.00346	0.00316	0.00083	0.00331	0.00306	0.00212	0.44993
42	0.11846	0.04499	0.10244	0.04105	0.09096	0.16129	0.03323	0.21408	0.11642	0.03206	0.00776	0.00838	0.00586	0.00381	0.00329	0.00107	0.00433	0.00291	0.00251	0.00509
43	0.00774	0.00772	0.01089	0.04865	0.01004	0.01077	0.00789	0.00859	0.00553	0.00859	0.00475	0.00787	0.00468	0.00611	0.01131	0.00154	0.82875	0.00312	0.00156	0.00390
44	0.00754	0.00375	0.00393	0.00370	0.00474	0.00372	0.00283	0.03801	0.00798	0.07332	0.01168	0.01303	0.00900	0.00417	0.00260	0.00086	0.00184	0.00333	0.80037	0.00361
45	0.00518	0.00345	0.00388	0.00388	0.00388	0.00345	0.00216	0.00518	0.00518	0.00690	0.01122	0.02330	0.01294	0.87488	0.01812	0.00345	0.00345	0.00518	0.00216	0.00216
46	0.00917	0.14932	0.34310	0.00870	0.04429	0.00877	0.03540	0.12685	0.02460	0.08863	0.00921	0.00969	0.05867	0.00386	0.00329	0.00102	0.00419	0.00305	0.00227	0.06593
47	0.00723	0.05050	0.82512	0.01000	0.01518	0.00849	0.01289	0.01125	0.00751	0.01117	0.00634	0.00745	0.00451	0.00337	0.00334	0.00111	0.00521	0.00260	0.00150	0.00524
48	0.00953	0.00648	0.00731	0.00632	0.00828	0.00684	0.00497	0.08586	0.38794	0.17167	0.11358	0.03753	0.08855	0.00546	0.00371	0.00115	0.00268	0.00456	0.02364	0.02392

[dist]
# distance from previous block
# <min> <max>
0	6

[block]
# block no. 1 follows, 78 sequences, length 8
# corresponding to MSA columns:
# 111-118
name=unknown_B
#
# <colnr> <probs for GDERKNQSTAVLIFYWHMCP>
#	G	D	E	R	K	N	Q	S	T	A	V	L	I	F	Y	W	H	M	C	P
0	0.00535	0.00393	0.00485	0.00452	0.00546	0.00369	0.00338	0.04711	0.00991	0.01371	0.66196	0.02657	0.13925	0.04885	0.00484	0.00124	0.00189	0.00636	0.00374	0.00339
1	0.00790	0.00791	0.09221	0.15583	0.08537	0.01841	0.06948	0.03382	0.21554	0.03106	0.06279	0.02417	0.00987	0.00466	0.00388	0.00117	0.03048	0.05208	0.08872	0.00466
2	0.00605	0.00444	0.00531	0.00496	0.00602	0.00448	0.00375	0.03224	0.15207	0.01424	0.55754	0.06601	0.02597	0.00666	0.00393	0.00112	0.00195	0.00581	0.09365	0.00379
3	0.00654	0.00456	0.00630	0.15186	0.00910	0.00479	0.00481	0.02123	0.00835	0.09002	0.31113	0.09244	0.07703	0.07397	0.06006	0.00165	0.04255	0.00546	0.02454	0.00361
4	0.73530	0.00637	0.00523	0.00467	0.00670	0.00721	0.00380	0.01029	0.00669	0.05109	0.08731	0.00840	0.00718	0.00377	0.00247	0.00109	0.00261	0.00250	0.04343	0.00388
5	0.01013	0.54241	0.03706	0.00781	0.05785	0.18799	0.00667	0.02871	0.00805	0.00918	0.00534	0.00628	0.00470	0.00327	0.00285	0.00083	0.02543	0.00214	0.00168	0.05162
6	0.00760	0.00568	0.02183	0.00647	0.02331	0.04911	0.05524	0.05878	0.09359	0.02665	0.00797	0.01201	0.00733	0.11357	0.01093	0.46893	0.02254	0.00348	0.00205	0.00294
7	0.00450	0.00332	0.00416	0.00473	0.00519	0.00306	0.00330	0.00525	0.00717	0.00932	0.04697	0.55681	0.18509	0.07073	0.00544	0.00154	0.00220	0.07505	0.00324	0.00291

[dist]
# distance from previous block
# <min> <max>
4	6

[block]
# block no. 2 follows, 78 sequences, length 10
# corresponding to MSA columns:
# 126-129,132-137
name=unknown_C
#
# <colnr> <probs for GDERKNQSTAVLIFYWHMCP>
#	G	D	E	R	K	N	Q	S	T	A	V	L	I	F	Y	W	H	M	C	P
0	0.09858	0.00453	0.00574	0.04822	0.07073	0.00462	0.00415	0.00770	0.00663	0.08718	0.01215	0.18625	0.01270	0.30565	0.03620	0.01515	0.00329	0.04286	0.04435	0.00332
1	0.72236	0.00787	0.00640	0.03414	0.03568	0.07305	0.00469	0.05911	0.00709	0.01543	0.00531	0.00621	0.00413	0.00339	0.00245	0.00109	0.00321	0.00211	0.00222	0.00407
2	0.02817	0.00675	0.01099	0.54330	0.20115	0.00795	0.00939	0.02950	0.00737	0.01005	0.00662	0.00952	0.00527	0.00539	0.07051	0.00152	0.03735	0.00319	0.00171	0.00431
3	0.08869	0.00378	0.00417	0.00425	0.00462	0.00382	0.00270	0.00613	0.00587	0.02802	0.01245	0.17639	0.01392	0.54731	0.01265	0.00263	0.00302	0.02625	0.05070	0.00263
4	0.00841	0.00599	0.00789	0.03609	0.03182	0.01681	0.01496	0.07691	0.04701	0.14208	0.03739	0.02408	0.06125	0.11032	0.19178	0.00247	0.17393	0.00409	0.00262	0.00411
5	0.00932	0.00484	0.00591	0.00505	0.00687	0.00431	0.00399	0.01109	0.06122	0.34835	0.14678	0.02298	0.34134	0.00666	0.00392	0.00115	0.00234	0.00557	0.00386	0.00444
6	0.00485	0.00337	0.00430	0.00472	0.00522	0.00311	0.00327	0.00566	0.00747	0.03336	0.14497	0.53826	0.12331	0.07292	0.00542	0.00151	0.00214	0.02977	0.00334	0.00302
7	0.00609	0.00342	0.00373	0.00385	0.00445	0.00341	0.00277	0.00731	0.00697	0.01131	0.01263	0.06055	0.01185	0.21030	0.00651	0.00156	0.00226	0.08535	0.55268	0.00302
8	0.01546	0.00652	0.00850	0.00656	0.00929	0.00596	0.00540	0.10162	0.04218	0.73850	0.01350	0.01180	0.00861	0.00441	0.00358	0.00110	0.00311	0.00356	0.00429	0.00604
9	0.00647	0.00567	0.00580	0.00552	0.00668	0.10283	0.00425	0.03103	0.04891	0.03358	0.06305	0.02018	0.28527	0.01491	0.34616	0.00296	0.00556	0.00498	0.00266	0.00352

[dist]
# distance from previous block
# <min> <max>
0	1

[block]
# block no. 3 follows, 78 sequences, length 9
# corresponding to MSA columns:
# 139-147
name=unknown_D
#
# <colnr> <probs for GDERKNQSTAVLIFYWHMCP>
#	G	D	E	R	K	N	Q	S	T	A	V	L	I	F	Y	W	H	M	C	P
0	0.00697	0.00658	0.01112	0.76719	0.12173	0.00797	0.01001	0.00931	0.00724	0.00939	0.00637	0.00941	0.00485	0.00351	0.00356	0.00117	0.00469	0.00317	0.00160	0.00415
1	0.00707	0.00689	0.01322	0.01066	0.01272	0.00679	0.40110	0.00925	0.00807	0.01081	0.01250	0.05981	0.01250	0.00643	0.00498	0.00142	0.05740	0.35187	0.00247	0.00402
2	0.00505	0.00358	0.00431	0.00444	0.00525	0.00322	0.00322	0.00603	0.00807	0.04498	0.20775	0.26318	0.31073	0.07004	0.00529	0.00143	0.00208	0.04482	0.00340	0.00313
3	0.00627	0.00484	0.00659	0.00613	0.00667	0.00576	0.00476	0.03750	0.00646	0.02440	0.04916	0.05178	0.05439	0.08812	0.33680	0.06813	0.20228	0.00427	0.03242	0.00329
4	0.00736	0.00389	0.00513	0.00515	0.00609	0.00352	0.00373	0.00827	0.00788	0.22103	0.05082	0.54667	0.06277	0.00893	0.00419	0.00131	0.00226	0.00794	0.03935	0.00372
5	0.01008	0.00567	0.00686	0.00587	0.00776	0.00557	0.00463	0.05008	0.20215	0.31624	0.17122	0.07017	0.11627	0.00600	0.00384	0.00116	0.00256	0.00507	0.00390	0.00490
6	0.00638	0.00396	0.00485	0.00483	0.00559	0.00379	0.00342	0.03793	0.02103	0.09936	0.06639	0.31554	0.10966	0.19166	0.03205	0.01627	0.00273	0.02549	0.04579	0.00329
7	0.02806	0.00670	0.03180	0.04316	0.05636	0.07542	0.06390	0.04130	0.01824	0.03024	0.02489	0.01206	0.02678	0.01507	0.40018	0.04880	0.06758	0.00360	0.00204	0.00379
8	0.00505	0.00362	0.00446	0.00479	0.00547	0.00339	0.00340	0.00631	0.04497	0.04040	0.09153	0.47525	0.21783	0.02698	0.03143	0.00151	0.00232	0.02473	0.00334	0.00320

[dist]
# distance from previous block
# <min> <max>
6	33

[block]
# block no. 4 follows, 78 sequences, length 17
# corresponding to MSA columns:
# 181-185,187-198
name=unknown_E
#
# <colnr> <probs for GDERKNQSTAVLIFYWHMCP>
#	G	D	E	R	K	N	Q	S	T	A	V	L	I	F	Y	W	H	M	C	P
0	0.00921	0.69262	0.04789	0.04100	0.01038	0.01283	0.04642	0.03033	0.04152	0.00927	0.00599	0.02768	0.00537	0.00338	0.00261	0.00085	0.00392	0.00241	0.00171	0.00462
1	0.03067	0.00392	0.00502	0.00477	0.00579	0.00365	0.00358	0.00760	0.00899	0.11205	0.46168	0.17457	0.10229	0.00870	0.04911	0.00142	0.00236	0.00659	0.00366	0.00357
2	0.00507	0.00372	0.00443	0.00435	0.00495	0.00364	0.00299	0.00622	0.03890	0.00987	0.23757	0.04668	0.17559	0.33410	0.10443	0.00253	0.00329	0.00588	0.00290	0.00290
3	0.00474	0.00349	0.00388	0.00393	0.00446	0.00323	0.00256	0.00527	0.00682	0.00873	0.09566	0.09985	0.31963	0.41021	0.01068	0.00226	0.00258	0.00656	0.00283	0.00263
4	0.00656	0.00422	0.00492	0.00452	0.00561	0.00414	0.00345	0.07861	0.02824	0.03768	0.41398	0.04368	0.07192	0.00616	0.00361	0.00104	0.00194	0.00526	0.27079	0.00367
5	0.00952	0.87702	0.01866	0.00609	0.00914	0.01409	0.00609	0.01066	0.00723	0.00838	0.00495	0.00571	0.00457	0.00305	0.00228	0.00076	0.00381	0.00190	0.00152	0.00457
6	0.00849	0.00888	0.01789	0.01308	0.01619	0.00851	0.64995	0.10152	0.00913	0.01234	0.00881	0.11114	0.00761	0.00410	0.00417	0.00121	0.00531	0.00479	0.00217	0.00471
7	0.00456	0.00339	0.00425	0.00452	0.00515	0.00308	0.00320	0.00561	0.00822	0.01102	0.31482	0.40885	0.19155	0.00937	0.00436	0.00128	0.00188	0.00831	0.00352	0.00308
8	0.01285	0.00957	0.01032	0.00787	0.01075	0.01034	0.00648	0.74807	0.01570	0.02123	0.00830	0.00842	0.00597	0.00409	0.00346	0.00101	0.00377	0.00308	0.00340	0.10533
9	0.01203	0.00587	0.00773	0.00636	0.00850	0.00557	0.02742	0.02527	0.14194	0.49124	0.05110	0.05532	0.03818	0.05388	0.02661	0.00141	0.00314	0.02934	0.00387	0.00522
10	0.20476	0.00483	0.00468	0.00420	0.00567	0.00504	0.00331	0.06598	0.00794	0.06354	0.00988	0.01101	0.00759	0.00393	0.00257	0.00091	0.00217	0.00297	0.55148	0.03754
11	0.00484	0.00406	0.00553	0.00514	0.00628	0.00363	0.07434	0.00608	0.00835	0.01075	0.20743	0.17401	0.41882	0.00853	0.00430	0.00125	0.00225	0.04786	0.00331	0.00323
12	0.00702	0.00593	0.00687	0.00506	0.00784	0.00454	0.00396	0.00842	0.00724	0.01109	0.00842	0.01026	0.05371	0.07724	0.00404	0.00081	0.00266	0.00268	0.00218	0.77003
13	0.00473	0.00341	0.00418	0.00437	0.00488	0.00316	0.00298	0.00551	0.00757	0.01012	0.25362	0.29652	0.16875	0.18029	0.00733	0.02683	0.00221	0.00746	0.00320	0.00286
14	0.00446	0.00318	0.00416	0.00490	0.00514	0.00299	0.00330	0.00507	0.00677	0.00899	0.01928	0.75257	0.04083	0.08055	0.00564	0.00161	0.00222	0.04227	0.00321	0.00285
15	0.00791	0.00733	0.01167	0.38841	0.23381	0.02054	0.03243	0.02145	0.00736	0.03317	0.00666	0.02131	0.00546	0.00409	0.00507	0.00121	0.16516	0.00329	0.01917	0.00446
16	0.03107	0.00446	0.00582	0.00604	0.02967	0.00465	0.00438	0.02010	0.06268	0.08639	0.01489	0.32215	0.03571	0.06010	0.11820	0.04612	0.04353	0.08021	0.02031	0.00353

[dist]
# distance from previous block
# <min> <max>
2	23

[block]
# block no. 5 follows, 78 sequences, length 16
# corresponding to MSA columns:
# 222-237
name=unknown_F
#
# <colnr> <probs for GDERKNQSTAVLIFYWHMCP>
#	G	D	E	R	K	N	Q	S	T	A	V	L	I	F	Y	W	H	M	C	P
0	0.02061	0.00768	0.06467	0.00901	0.11783	0.01730	0.07474	0.07891	0.05951	0.23638	0.05268	0.01118	0.00848	0.02076	0.01870	0.00113	0.00358	0.00343	0.05677	0.13666
1	0.00802	0.01912	0.01164	0.25935	0.34420	0.05388	0.02937	0.01053	0.05907	0.01072	0.02539	0.01032	0.00666	0.00487	0.04860	0.00133	0.01557	0.01996	0.00193	0.05949
2	0.00496	0.00386	0.00454	0.00441	0.00540	0.00358	0.00329	0.00687	0.06729	0.01228	0.44294	0.09886	0.31254	0.00803	0.00419	0.00118	0.00183	0.00695	0.00364	0.00336
3	0.00451	0.00331	0.00419	0.00469	0.00516	0.00305	0.00327	0.00534	0.00746	0.00985	0.13583	0.54665	0.15795	0.05001	0.00508	0.00146	0.00209	0.04380	0.00334	0.00296
4	0.00517	0.00348	0.00405	0.00405	0.00411	0.00354	0.00237	0.00529	0.00523	0.00703	0.01106	0.02245	0.01258	0.79756	0.09494	0.00366	0.00401	0.00505	0.00213	0.00225
5	0.00509	0.00381	0.00572	0.00572	0.00636	0.00445	0.00445	0.00636	0.00572	0.00826	0.00954	0.01399	0.00890	0.02670	0.86077	0.00572	0.00954	0.00381	0.00191	0.00318
6	0.05359	0.00351	0.00342	0.00339	0.00429	0.00356	0.00256	0.00841	0.00739	0.01342	0.01126	0.01288	0.00885	0.00410	0.00247	0.00084	0.00172	0.00325	0.84773	0.00335
7	0.00779	0.00779	0.01091	0.00935	0.00935	0.01091	0.00779	0.00857	0.00545	0.00857	0.00467	0.00779	0.00467	0.00623	0.01168	0.00156	0.86836	0.00312	0.00156	0.00389
8	0.00556	0.00415	0.00516	0.00492	0.00500	0.00470	0.00327	0.00583	0.00528	0.00731	0.01003	0.01988	0.01123	0.64629	0.11306	0.00342	0.13562	0.00471	0.00204	0.00254
9	0.00738	0.00633	0.00738	0.00527	0.00844	0.00475	0.00422	0.00896	0.00738	0.01160	0.00633	0.00738	0.00527	0.00264	0.00264	0.00053	0.00264	0.00211	0.00211	0.89664
10	0.00952	0.87702	0.01866	0.00609	0.00914	0.01409	0.00609	0.01066	0.00723	0.00838	0.00495	0.00571	0.00457	0.00305	0.00228	0.00076	0.00381	0.00190	0.00152	0.00457
11	0.00685	0.00684	0.01340	0.06042	0.07311	0.00658	0.40695	0.00886	0.00767	0.01044	0.01143	0.28327	0.01163	0.02362	0.01898	0.00139	0.00443	0.01807	0.02197	0.00407
12	0.00455	0.00332	0.00455	0.00548	0.02880	0.00316	0.00363	0.00530	0.00695	0.00933	0.04517	0.76433	0.02268	0.01142	0.04019	0.00161	0.00246	0.03085	0.00322	0.00300
13	0.00509	0.00329	0.00440	0.00505	0.00542	0.00304	0.00343	0.00576	0.00704	0.06408	0.01926	0.81662	0.02259	0.01072	0.00448	0.00142	0.00213	0.00970	0.00338	0.00310
14	0.01205	0.00709	0.00831	0.00678	0.00911	0.00734	0.00546	0.19836	0.25375	0.32587	0.11450	0.01342	0.01181	0.00485	0.00366	0.00113	0.00300	0.00397	0.00393	0.00561
15	0.00915	0.02575	0.03617	0.09958	0.22197	0.00815	0.26935	0.07587	0.03543	0.09077	0.00932	0.02162	0.04232	0.01451	0.00393	0.00115	0.00450	0.00380	0.00229	0.02436

[dist]
# distance from previous block
# <min> <max>
2	15

[block]
# block no. 6 follows, 78 sequences, length 43
# corresponding to MSA columns:
# 256-298
name=unknown_G
#
# <colnr> <probs for GDERKNQSTAVLIFYWHMCP>
#	G	D	E	R	K	N	Q	S	T	A	V	L	I	F	Y	W	H	M	C	P
0	0.27028	0.01974	0.00949	0.07285	0.05833	0.06369	0.04091	0.27941	0.08867	0.01620	0.01767	0.00834	0.00590	0.00392	0.00341	0.00111	0.02963	0.00291	0.00266	0.00490
1	0.01956	0.00451	0.00579	0.01700	0.03132	0.02112	0.02122	0.00807	0.05629	0.11700	0.02630	0.29938	0.06245	0.13728	0.01937	0.12587	0.00293	0.00615	0.01503	0.00336
2	0.00521	0.00362	0.00462	0.00498	0.00556	0.00344	0.00353	0.03660	0.00766	0.03549	0.09651	0.54139	0.11765	0.03099	0.04212	0.01583	0.00251	0.03587	0.00329	0.00315
3	0.00877	0.00841	0.01437	0.06330	0.77744	0.00849	0.03204	0.02351	0.00820	0.01167	0.00672	0.00886	0.00560	0.00320	0.00354	0.00107	0.00430	0.00320	0.00178	0.00554
4	0.02657	0.02155	0.01210	0.21964	0.27432	0.03847	0.07954	0.09238	0.04875	0.10204	0.03343	0.01032	0.00697	0.00379	0.00359	0.00111	0.00423	0.01378	0.00236	0.00504
5	0.00566	0.00361	0.00454	0.00486	0.00549	0.00340	0.00340	0.00669	0.03194	0.08149	0.01971	0.53761	0.11952	0.07226	0.02597	0.00160	0.00241	0.01835	0.04825	0.00324
6	0.00509	0.00381	0.00572	0.00572	0.00636	0.00445	0.00445	0.00636	0.00572	0.00826	0.00954	0.01399	0.00890	0.02670	0.86077	0.00572	0.00954	0.00381	0.00191	0.00318
7	0.00672	0.00633	0.01068	0.86632	0.02452	0.00791	0.00989	0.00910	0.00712	0.00910	0.00633	0.00949	0.00475	0.00356	0.00356	0.00119	0.00475	0.00316	0.00158	0.00396
8	0.04108	0.00492	0.00616	0.02765	0.06402	0.02154	0.00453	0.00895	0.04348	0.14711	0.09277	0.12635	0.17892	0.05756	0.09560	0.01340	0.00343	0.04382	0.01485	0.00385
9	0.00727	0.00622	0.00725	0.00522	0.00830	0.00468	0.00417	0.00884	0.00745	0.01162	0.02445	0.00831	0.02263	0.00286	0.00270	0.00055	0.00260	0.00231	0.00217	0.86038
10	0.00474	0.00342	0.00386	0.00404	0.00440	0.00321	0.00255	0.00511	0.00630	0.00808	0.01950	0.20978	0.23320	0.46298	0.01157	0.00243	0.00272	0.00685	0.00270	0.00254
11	0.01024	0.71324	0.01703	0.00668	0.00949	0.17529	0.00624	0.01134	0.00778	0.00844	0.00506	0.00585	0.00457	0.00316	0.00246	0.00079	0.00431	0.00198	0.00158	0.00448
12	0.00662	0.00376	0.00530	0.01899	0.02171	0.00380	0.00371	0.00663	0.04644	0.06649	0.00997	0.13677	0.01875	0.06002	0.08150	0.49688	0.00352	0.00441	0.00219	0.00255
13	0.00461	0.00328	0.00406	0.00450	0.00483	0.00306	0.00297	0.00511	0.00674	0.00886	0.06534	0.48837	0.14112	0.19240	0.00774	0.04073	0.00234	0.00820	0.00302	0.00272
14	0.00714	0.01842	0.85643	0.01015	0.01541	0.00827	0.01315	0.01128	0.00752	0.01128	0.00639	0.00752	0.00451	0.00338	0.00338	0.00113	0.00526	0.00263	0.00150	0.00526
15	0.14501	0.01388	0.48063	0.01022	0.01442	0.00829	0.20322	0.02851	0.00773	0.02816	0.00681	0.02524	0.00511	0.00348	0.00342	0.00115	0.00491	0.00307	0.00181	0.00492
16	0.00595	0.00448	0.02218	0.03548	0.11075	0.00442	0.00463	0.00643	0.01513	0.00846	0.03065	0.07521	0.08744	0.12508	0.14943	0.27243	0.01383	0.00448	0.02062	0.00293
17	0.01086	0.00797	0.00868	0.00734	0.00964	0.00888	0.00584	0.20714	0.54716	0.12608	0.01307	0.01205	0.00950	0.00465	0.00360	0.00116	0.00310	0.00378	0.00371	0.00579
18	0.00728	0.00599	0.00676	0.00655	0.00807	0.00659	0.00527	0.01350	0.47154	0.01305	0.05403	0.02412	0.09951	0.00688	0.00410	0.00133	0.00281	0.25457	0.00350	0.00456
19	0.48827	0.00749	0.00705	0.02207	0.00847	0.01933	0.00486	0.21545	0.01943	0.11477	0.00792	0.00825	0.02303	0.00415	0.01409	0.00115	0.00320	0.00266	0.02373	0.00464
20	0.00866	0.00545	0.00711	0.02389	0.02883	0.03025	0.04337	0.06906	0.01904	0.18292	0.03381	0.13342	0.02199	0.09294	0.01834	0.00154	0.00328	0.18266	0.08937	0.00408
21	0.01550	0.00683	0.00874	0.00670	0.00947	0.00637	0.00553	0.17874	0.01147	0.69193	0.01297	0.01142	0.00827	0.00438	0.00358	0.00110	0.00320	0.00351	0.00424	0.00606
22	0.00955	0.70833	0.04230	0.00659	0.00939	0.01319	0.00643	0.03151	0.02889	0.03169	0.00555	0.00638	0.00489	0.00345	0.00324	0.00087	0.07925	0.00216	0.00171	0.00464
23	0.04100	0.00682	0.02042	0.12826	0.19337	0.00714	0.02927	0.08462	0.12736	0.05800	0.06027	0.02444	0.04672	0.01421	0.00383	0.00116	0.01409	0.04478	0.08955	0.00469
24	0.00468	0.00371	0.00422	0.00410	0.00515	0.00330	0.00307	0.00615	0.03040	0.01174	0.38354	0.04631	0.46447	0.00821	0.00420	0.00117	0.00178	0.00701	0.00358	0.00322
25	0.00617	0.00375	0.00488	0.00474	0.00557	0.00348	0.00345	0.00739	0.00863	0.10809	0.40996	0.24567	0.03541	0.07378	0.02527	0.00148	0.00225	0.00681	0.03977	0.00344
26	0.00632	0.00392	0.00517	0.00470	0.00576	0.00358	0.00358	0.00796	0.01009	0.11273	0.75282	0.02490	0.03069	0.00694	0.00413	0.00112	0.00184	0.00610	0.00398	0.00368
27	0.01330	0.01697	0.01009	0.00917	0.01101	0.86058	0.00688	0.01422	0.01009	0.00871	0.00550	0.00642	0.00459	0.00367	0.00321	0.00092	0.00642	0.00229	0.00183	0.00413
28	0.01353	0.00997	0.01068	0.00819	0.01104	0.01104	0.00677	0.84079	0.01674	0.02244	0.00855	0.00855	0.00605	0.00427	0.00356	0.00107	0.00392	0.00321	0.00356	0.00605
29	0.07273	0.01056	0.04786	0.06502	0.18343	0.24545	0.07047	0.03613	0.02446	0.04168	0.00771	0.03073	0.02767	0.00491	0.03416	0.00127	0.08592	0.00323	0.00204	0.00455
30	0.00517	0.00350	0.00413	0.00413	0.00421	0.00359	0.00246	0.00534	0.00525	0.00709	0.01099	0.02206	0.01240	0.76158	0.13067	0.00375	0.00426	0.00500	0.00212	0.00229
31	0.00900	0.00772	0.00813	0.00727	0.00931	0.00892	0.00567	0.04364	0.82128	0.01512	0.01431	0.01314	0.01072	0.00481	0.00362	0.00120	0.00285	0.00400	0.00362	0.00565
32	0.04599	0.00752	0.02428	0.11732	0.36433	0.01893	0.01994	0.05713	0.00884	0.22038	0.00914	0.04065	0.00701	0.00392	0.00349	0.00109	0.00381	0.00347	0.03749	0.00526
33	0.29073	0.05633	0.05442	0.06949	0.01866	0.06627	0.03837	0.28351	0.02097	0.05941	0.00704	0.00768	0.00518	0.00372	0.00306	0.00107	0.00387	0.00271	0.00262	0.00490
34	0.00505	0.00381	0.00471	0.00459	0.00554	0.00354	0.00353	0.00684	0.03773	0.01290	0.55811	0.02921	0.21333	0.00784	0.00425	0.00119	0.00191	0.08885	0.00371	0.00335
35	0.00511	0.00356	0.00438	0.00431	0.00465	0.00357	0.00283	0.00576	0.00661	0.00910	0.23194	0.02302	0.03658	0.50142	0.13958	0.00313	0.00386	0.00536	0.00261	0.00264
36	0.04404	0.00827	0.07534	0.24697	0.22596	0.02920	0.04505	0.05026	0.03040	0.04801	0.00793	0.01011	0.02558	0.02816	0.01722	0.00128	0.07340	0.00331	0.02487	0.00465
37	0.02608	0.14618	0.23373	0.11053	0.11997	0.05319	0.11347	0.05619	0.02965	0.05363	0.00690	0.00824	0.00526	0.00347	0.00349	0.00107	0.01910	0.00294	0.00193	0.00498
38	0.00884	0.00680	0.00781	0.00685	0.00876	0.00748	0.02753	0.01629	0.58524	0.09823	0.16969	0.01554	0.01474	0.00519	0.00374	0.00118	0.00271	0.00443	0.00371	0.00523
39	0.00528	0.00344	0.00400	0.00403	0.00405	0.00344	0.00234	0.00520	0.00522	0.00695	0.01102	0.02275	0.01260	0.77671	0.01738	0.07860	0.00342	0.02931	0.00214	0.00214
40	0.13128	0.00758	0.01034	0.07005	0.29614	0.02004	0.03219	0.02186	0.08387	0.02282	0.00711	0.00846	0.00571	0.00331	0.00329	0.00095	0.02094	0.00281	0.00213	0.24911
41	0.06089	0.04810	0.02252	0.11167	0.07040	0.07094	0.02346	0.30564	0.04741	0.06021	0.00944	0.03428	0.03727	0.02415	0.04610	0.01215	0.00425	0.00349	0.00273	0.00491
42	0.02000	0.03056	0.03282	0.02450	0.00649	0.00413	0.01683	0.02572	0.03433	0.00990	0.02113	0.51429	0.20457	0.02068	0.00443	0.00136	0.00240	0.01948	0.00311	0.00327

[dist]
# distance from previous block
# <min> <max>
1	4

[block]
# block no. 7 follows, 78 sequences, length 12
# corresponding to MSA columns:
# 303,304,306-315
name=unknown_H
#
# <colnr> <probs for GDERKNQSTAVLIFYWHMCP>
#	G	D	E	R	K	N	Q	S	T	A	V	L	I	F	Y	W	H	M	C	P
0	0.00874	0.21290	0.13846	0.02234	0.09127	0.08132	0.08586	0.05503	0.07308	0.01124	0.04347	0.02426	0.04100	0.00397	0.00348	0.00100	0.02624	0.00323	0.00211	0.07100
1	0.00656	0.00543	0.00640	0.00528	0.00743	0.00455	0.00404	0.00870	0.08519	0.01152	0.08215	0.20494	0.03271	0.00530	0.00333	0.00086	0.00242	0.00459	0.00270	0.51591
2	0.03458	0.23145	0.09145	0.12424	0.04896	0.06299	0.15502	0.05195	0.05897	0.02646	0.00689	0.02047	0.00557	0.00371	0.00383	0.00107	0.06272	0.00305	0.00194	0.00468
3	0.00487	0.00363	0.00453	0.00430	0.00522	0.00329	0.00323	0.00639	0.00968	0.01334	0.68663	0.02814	0.19834	0.00763	0.00420	0.00114	0.00170	0.00666	0.00380	0.00329
4	0.00468	0.00337	0.00427	0.00455	0.00514	0.00310	0.00322	0.00577	0.00823	0.01128	0.33441	0.41904	0.12567	0.00916	0.00429	0.00127	0.00187	0.00815	0.03944	0.00310
5	0.00550	0.00443	0.00652	0.00628	0.00682	0.00544	0.00496	0.00670	0.00568	0.00831	0.00879	0.01303	0.00825	0.02355	0.73008	0.00508	0.14172	0.00371	0.00185	0.00329
6	0.00738	0.00633	0.00738	0.00527	0.00844	0.00475	0.00422	0.00896	0.00738	0.01160	0.00633	0.00738	0.00527	0.00264	0.00264	0.00053	0.00264	0.00211	0.00211	0.89664
7	0.03315	0.00625	0.00659	0.00557	0.00732	0.00671	0.00443	0.30215	0.08916	0.03690	0.04099	0.01310	0.05956	0.00464	0.00315	0.00100	0.00263	0.00367	0.36845	0.00456
8	0.00547	0.00389	0.00485	0.00470	0.00568	0.00355	0.00346	0.00707	0.04009	0.04718	0.41933	0.23823	0.13983	0.00803	0.00416	0.00118	0.00194	0.00707	0.00359	0.05069
9	0.03284	0.35619	0.02923	0.00768	0.01011	0.38065	0.00654	0.05387	0.02547	0.03974	0.00590	0.00662	0.00491	0.00354	0.00305	0.00090	0.02404	0.00228	0.00192	0.00451
10	0.00712	0.00570	0.00659	0.00655	0.04236	0.00613	0.00472	0.05619	0.34682	0.01335	0.17162	0.15623	0.05887	0.04168	0.00448	0.00131	0.00255	0.02927	0.03408	0.00437
11	0.05873	0.10704	0.14769	0.06447	0.07255	0.07795	0.05973	0.18661	0.04451	0.10407	0.03761	0.00911	0.00672	0.00383	0.00335	0.00106	0.00425	0.00307	0.00253	0.00513

[dist]
# distance from previous block
# <min> <max>
12	31

[block]
# block no. 8 follows, 78 sequences, length 29
# corresponding to MSA columns:
# 352-380
name=unknown_I
#
# <colnr> <probs for GDERKNQSTAVLIFYWHMCP>
#	G	D	E	R	K	N	Q	S	T	A	V	L	I	F	Y	W	H	M	C	P
0	0.17632	0.09815	0.06442	0.00870	0.11249	0.08365	0.03432	0.12843	0.03059	0.01331	0.00713	0.05099	0.00605	0.00374	0.00303	0.00096	0.00375	0.00291	0.00226	0.16879
1	0.12877	0.18307	0.06661	0.03061	0.09955	0.17406	0.03133	0.05811	0.04571	0.10016	0.02398	0.00822	0.00606	0.00367	0.00316	0.00101	0.01413	0.00273	0.01429	0.00478
2	0.03460	0.08532	0.07884	0.11281	0.21846	0.01800	0.03679	0.10995	0.05366	0.10472	0.00934	0.03716	0.03308	0.00433	0.01434	0.00113	0.00398	0.00345	0.02300	0.01706
3	0.01952	0.00656	0.02437	0.10100	0.19418	0.05142	0.00609	0.02164	0.05069	0.02250	0.01076	0.02859	0.06664	0.17580	0.03504	0.00166	0.01495	0.00391	0.08909	0.07560
4	0.00514	0.00393	0.00463	0.00477	0.02277	0.00378	0.00325	0.02148	0.04719	0.01014	0.16571	0.14198	0.27007	0.22003	0.05760	0.00203	0.00281	0.00657	0.00304	0.00309
5	0.00484	0.00346	0.00430	0.00450	0.00483	0.00347	0.00299	0.00537	0.00604	0.00804	0.01584	0.22876	0.11380	0.38338	0.19145	0.00318	0.00421	0.00637	0.00252	0.00265
6	0.00458	0.00336	0.00433	0.00501	0.00536	0.00321	0.00340	0.00572	0.04918	0.00957	0.04764	0.77162	0.05241	0.01063	0.00447	0.00141	0.00208	0.00960	0.00334	0.00305
7	0.01340	0.03925	0.01095	0.00812	0.01098	0.01114	0.00674	0.81277	0.01642	0.02196	0.00843	0.00845	0.00600	0.00423	0.00352	0.00106	0.00391	0.00316	0.00349	0.00600
8	0.00431	0.00357	0.00375	0.00379	0.00486	0.00304	0.00280	0.00525	0.00814	0.00994	0.10788	0.09426	0.70028	0.02661	0.00451	0.00126	0.00184	0.00756	0.00334	0.00301
9	0.01330	0.01697	0.01009	0.00917	0.01101	0.86058	0.00688	0.01422	0.01009	0.00871	0.00550	0.00642	0.00459	0.00367	0.00321	0.00092	0.00642	0.00229	0.00183	0.00413
10	0.00672	0.00633	0.01068	0.86632	0.02452	0.00791	0.00989	0.00910	0.00712	0.00910	0.00633	0.00949	0.00475	0.00356	0.00356	0.00119	0.00475	0.00316	0.00158	0.00396
11	0.00513	0.00363	0.00479	0.00479	0.00511	0.00395	0.00329	0.00576	0.00545	0.00758	0.01038	0.01868	0.01094	0.45455	0.43571	0.00458	0.00647	0.00450	0.00203	0.00266
12	0.00722	0.03745	0.80785	0.01003	0.01506	0.00849	0.01281	0.01117	0.00744	0.01111	0.00630	0.00749	0.00452	0.00347	0.00365	0.00113	0.03549	0.00263	0.00151	0.00520
13	0.00699	0.00695	0.05057	0.70829	0.07500	0.00769	0.00968	0.00934	0.00725	0.02276	0.00679	0.03000	0.00532	0.00369	0.00354	0.00116	0.00457	0.00328	0.00169	0.03543
14	0.00959	0.00830	0.01379	0.02004	0.75102	0.00826	0.01029	0.03886	0.00857	0.08588	0.00740	0.00909	0.00593	0.00332	0.00353	0.00106	0.00411	0.00321	0.00205	0.00569
15	0.00881	0.00846	0.01445	0.02185	0.85267	0.00846	0.01093	0.01093	0.00811	0.01163	0.00670	0.00881	0.00564	0.00317	0.00352	0.00106	0.00423	0.00317	0.00176	0.00564
16	0.01188	0.19031	0.04706	0.00942	0.06581	0.58260	0.00726	0.01306	0.00919	0.00894	0.00549	0.00650	0.00465	0.00355	0.00321	0.00092	0.02174	0.00230	0.00175	0.00436
17	0.00447	0.00354	0.00420	0.00450	0.00520	0.00327	0.00324	0.00532	0.00760	0.00969	0.08197	0.39420	0.39351	0.00975	0.00462	0.00132	0.03120	0.02608	0.00329	0.00302
18	0.14799	0.06223	0.11520	0.03249	0.01762	0.04792	0.01667	0.10671	0.05766	0.14714	0.05607	0.07476	0.00899	0.00467	0.00362	0.00110	0.03453	0.01533	0.00278	0.04651
19	0.00448	0.00324	0.00425	0.00503	0.00529	0.00308	0.00338	0.00539	0.03307	0.00927	0.01946	0.84568	0.02315	0.01096	0.00452	0.00144	0.00209	0.00993	0.00331	0.00298
20	0.01542	0.00592	0.00807	0.00627	0.00890	0.00512	0.00514	0.01677	0.01003	0.81515	0.01431	0.05278	0.00951	0.00473	0.00363	0.00112	0.00298	0.00389	0.00435	0.00591
21	0.00429	0.00339	0.00387	0.00422	0.00498	0.00297	0.00298	0.00509	0.00761	0.00953	0.05354	0.39649	0.46868	0.00989	0.00435	0.00131	0.00191	0.00861	0.00332	0.00297
22	0.00849	0.07869	0.20512	0.13458	0.18140	0.07102	0.11358	0.01097	0.01715	0.03709	0.00677	0.01847	0.00541	0.00411	0.01984	0.00121	0.07640	0.00312	0.00178	0.00481
23	0.03201	0.00695	0.00869	0.00670	0.00941	0.00664	0.00552	0.21666	0.01170	0.61187	0.03758	0.01156	0.00879	0.00444	0.00357	0.00109	0.00320	0.00354	0.00414	0.00593
24	0.00490	0.00344	0.00443	0.00477	0.00502	0.00349	0.00322	0.00546	0.00604	0.00815	0.01429	0.31794	0.01632	0.35912	0.17364	0.00308	0.00412	0.05730	0.00258	0.00268
25	0.04899	0.01896	0.08685	0.05619	0.05491	0.02735	0.00647	0.07231	0.00948	0.39701	0.06750	0.02023	0.04882	0.00467	0.00397	0.00112	0.04953	0.00370	0.01675	0.00518
26	0.12543	0.03459	0.07286	0.05393	0.14163	0.01556	0.10928	0.02134	0.01762	0.09766	0.02774	0.15206	0.05672	0.00571	0.01943	0.00127	0.01446	0.02576	0.00252	0.00442
27	0.00645	0.00434	0.00538	0.00550	0.00631	0.00428	0.00397	0.12748	0.00858	0.06298	0.03201	0.61535	0.04494	0.02160	0.00453	0.00139	0.00244	0.03550	0.00340	0.00356
28	0.12281	0.00866	0.05769	0.20964	0.21036	0.06858	0.07067	0.06625	0.01864	0.03686	0.00797	0.02727	0.03312	0.00378	0.00339	0.00109	0.00424	0.00326	0.00209	0.04363

[dist]
# distance from previous block
# <min> <max>
1	15

[block]
# block no. 9 follows, 78 sequences, length 32
# corresponding to MSA columns:
# 396-427
name=unknown_J
#
# <colnr> <probs for GDERKNQSTAVLIFYWHMCP>
#	G	D	E	R	K	N	Q	S	T	A	V	L	I	F	Y	W	H	M	C	P
0	0.04528	0.13336	0.09980	0.03475	0.18605	0.06739	0.04088	0.13440	0.03614	0.05876	0.02357	0.04926	0.01841	0.01340	0.00367	0.00108	0.02161	0.00336	0.00233	0.02651
1	0.17152	0.02805	0.03134	0.12310	0.23179	0.14588	0.05287	0.06308	0.02439	0.01233	0.04563	0.00876	0.00637	0.00366	0.00342	0.00107	0.02081	0.00297	0.00207	0.02089
2	0.00716	0.00492	0.00586	0.00519	0.00658	0.00483	0.00400	0.08006	0.07499	0.07873	0.30860	0.07696	0.11581	0.01796	0.02484	0.00123	0.02320	0.00536	0.08125	0.07246
3	0.00743	0.00707	0.01077	0.25153	0.21079	0.02100	0.01831	0.00925	0.02899	0.00965	0.00750	0.03978	0.02072	0.03634	0.04787	0.00156	0.25193	0.00359	0.01167	0.00423
4	0.00436	0.00312	0.00415	0.00494	0.00517	0.00291	0.00331	0.00501	0.00692	0.00925	0.04566	0.84605	0.02386	0.01103	0.00453	0.00144	0.00205	0.01001	0.00332	0.00291
5	0.00487	0.00363	0.00429	0.00417	0.00512	0.00323	0.00309	0.00610	0.00891	0.02742	0.42550	0.08289	0.36014	0.03905	0.00471	0.00126	0.00184	0.00701	0.00358	0.00319
6	0.00482	0.00367	0.00451	0.00481	0.00568	0.00336	0.00377	0.00605	0.00835	0.01079	0.19810	0.15993	0.32793	0.00920	0.00445	0.00134	0.00222	0.23443	0.00343	0.00314
7	0.01449	0.00581	0.00767	0.00600	0.00848	0.00517	0.00492	0.03587	0.02370	0.70584	0.02927	0.01246	0.00928	0.00443	0.00346	0.00107	0.00286	0.00360	0.10994	0.00568
8	0.90002	0.00689	0.00523	0.00468	0.00689	0.00799	0.00386	0.01047	0.00606	0.01597	0.00496	0.00578	0.00386	0.00330	0.00220	0.00110	0.00275	0.00193	0.00220	0.00386
9	0.90002	0.00689	0.00523	0.00468	0.00689	0.00799	0.00386	0.01047	0.00606	0.01597	0.00496	0.00578	0.00386	0.00330	0.00220	0.00110	0.00275	0.00193	0.00220	0.00386
10	0.00510	0.00378	0.00554	0.00554	0.00611	0.00435	0.00422	0.00624	0.00567	0.00813	0.00970	0.01491	0.00930	0.11048	0.77753	0.00550	0.00894	0.00395	0.00193	0.00308
11	0.00952	0.87702	0.01866	0.00609	0.00914	0.01409	0.00609	0.01066	0.00723	0.00838	0.00495	0.00571	0.00457	0.00305	0.00228	0.00076	0.00381	0.00190	0.00152	0.00457
12	0.02053	0.07335	0.23310	0.04386	0.05360	0.08409	0.00768	0.07508	0.02558	0.02345	0.04198	0.04515	0.02761	0.02018	0.00368	0.00102	0.02050	0.00320	0.00216	0.19421
13	0.02492	0.00700	0.01078	0.71278	0.04995	0.05468	0.03853	0.00940	0.00735	0.00939	0.00711	0.02393	0.02194	0.00376	0.00356	0.00117	0.00472	0.00333	0.00168	0.00401
14	0.00648	0.00572	0.00570	0.00532	0.00632	0.12106	0.00400	0.03693	0.00990	0.01318	0.59072	0.07803	0.05510	0.00691	0.00417	0.00112	0.01822	0.00591	0.02170	0.00353
15	0.02149	0.00713	0.04046	0.03877	0.02652	0.02268	0.05178	0.15496	0.09125	0.11457	0.02988	0.15494	0.04082	0.00607	0.00430	0.00122	0.05167	0.08350	0.00307	0.05493
16	0.00719	0.07426	0.77148	0.00965	0.01463	0.00847	0.01232	0.01102	0.00752	0.01103	0.00734	0.00834	0.03425	0.00356	0.00334	0.00111	0.00504	0.00275	0.00157	0.00514
17	0.01330	0.01697	0.01009	0.00917	0.01101	0.86058	0.00688	0.01422	0.01009	0.00871	0.00550	0.00642	0.00459	0.00367	0.00321	0.00092	0.00642	0.00229	0.00183	0.00413
18	0.00590	0.00420	0.00562	0.07518	0.03062	0.00404	0.00421	0.00764	0.02524	0.06464	0.52845	0.05094	0.14914	0.00707	0.00411	0.00116	0.00217	0.02251	0.00357	0.00361
19	0.02232	0.06782	0.44166	0.07043	0.01471	0.00855	0.14329	0.05782	0.04450	0.01175	0.02289	0.03214	0.03042	0.00389	0.00361	0.00113	0.01289	0.00337	0.00192	0.00492
20	0.00655	0.00555	0.00757	0.00694	0.00751	0.00706	0.00557	0.00858	0.09186	0.00948	0.00852	0.01169	0.00764	0.01538	0.40270	0.00339	0.30839	0.00355	0.07838	0.00369
21	0.00542	0.00437	0.00609	0.00603	0.00633	0.00518	0.00453	0.00625	0.00595	0.00844	0.01187	0.28191	0.01304	0.10877	0.32865	0.00329	0.18267	0.00579	0.00230	0.00313
22	0.00908	0.06946	0.06706	0.03598	0.22837	0.02514	0.14263	0.04209	0.11887	0.09354	0.03394	0.04390	0.04027	0.00432	0.00379	0.00113	0.01826	0.01461	0.00249	0.00505
23	0.00801	0.11603	0.68273	0.00957	0.01434	0.03134	0.02748	0.01157	0.00769	0.05015	0.00657	0.00753	0.00474	0.00339	0.00328	0.00108	0.00504	0.00261	0.00166	0.00518
24	0.00434	0.00310	0.00413	0.00496	0.00516	0.00289	0.00330	0.00496	0.00682	0.00909	0.01962	0.87255	0.02355	0.01115	0.00454	0.00145	0.00207	0.01012	0.00330	0.00289
25	0.00770	0.06784	0.12942	0.01943	0.12865	0.03362	0.22575	0.03299	0.04483	0.01201	0.16391	0.02444	0.05854	0.00448	0.00374	0.00111	0.00410	0.00423	0.02863	0.00457
26	0.07234	0.09154	0.19034	0.05159	0.14478	0.08453	0.04090	0.06974	0.04265	0.04773	0.03434	0.05617	0.00749	0.00420	0.00354	0.00109	0.02186	0.01484	0.01549	0.00481
27	0.00625	0.00502	0.04615	0.01779	0.00725	0.00455	0.03071	0.06313	0.00784	0.06436	0.02476	0.54243	0.04195	0.02999	0.00499	0.00143	0.04088	0.05385	0.00314	0.00355
28	0.01162	0.00533	0.00687	0.00563	0.00763	0.00489	0.00453	0.05749	0.02722	0.46579	0.22156	0.01645	0.02610	0.00525	0.00364	0.00109	0.00257	0.01863	0.10272	0.00499
29	0.00903	0.21532	0.18804	0.03197	0.08691	0.01782	0.08676	0.05212	0.12579	0.06457	0.01810	0.00954	0.02997	0.00373	0.00327	0.00102	0.00409	0.00310	0.00225	0.04659
30	0.05622	0.07890	0.21494	0.02463	0.14427	0.02255	0.13059	0.17385	0.03251	0.04548	0.00787	0.00888	0.01925	0.00363	0.00342	0.00108	0.00444	0.00313	0.01916	0.00521
31	0.00611	0.04491	0.00632	0.00643	0.05631	0.00476	0.00440	0.07401	0.00775	0.03186	0.02754	0.54308	0.01824	0.04934	0.03510	0.01245	0.01942	0.04546	0.00303	0.00347

[dist]
# distance from previous block
# <min> <max>
3	30

[block]
# block no. 10 follows, 78 sequences, length 20
# corresponding to MSA columns:
# 460-479
name=unknown_K
#
# <colnr> <probs for GDERKNQSTAVLIFYWHMCP>
#	G	D	E	R	K	N	Q	S	T	A	V	L	I	F	Y	W	H	M	C	P
0	0.01761	0.19567	0.11006	0.01644	0.03155	0.12376	0.04739	0.08149	0.04932	0.06531	0.07742	0.01211	0.09668	0.00443	0.00339	0.00100	0.01229	0.00349	0.00245	0.04812
1	0.00889	0.22865	0.04683	0.03015	0.25826	0.05393	0.04515	0.04374	0.00774	0.01045	0.00619	0.00801	0.00531	0.00447	0.03005	0.00119	0.15193	0.00283	0.03521	0.02101
2	0.00517	0.00369	0.00467	0.00439	0.00533	0.00335	0.00330	0.00672	0.00978	0.03312	0.70770	0.02742	0.15709	0.00748	0.00419	0.00113	0.00173	0.00654	0.00384	0.00337
