[name]
unknown

[dist]
# distance from previous block
# <min> <max>
0	135

[block]
# block no. 0 follows, 79 sequences, length 9
# corresponding to MSA columns:
# 135-143
name=unknown_A
#
# <colnr> <probs for GDERKNQSTAVLIFYWHMCP>
#	G	D	E	R	K	N	Q	S	T	A	V	L	I	F	Y	W	H	M	C	P
0	0.08760	0.00652	0.01794	0.06433	0.04921	0.02253	0.12434	0.06721	0.05038	0.05762	0.05539	0.04419	0.01914	0.04216	0.17508	0.00217	0.04934	0.04831	0.01243	0.00411
1	0.00817	0.00795	0.10531	0.09261	0.04359	0.00714	0.07849	0.18479	0.09891	0.04080	0.05537	0.15020	0.08118	0.00572	0.00384	0.00119	0.00356	0.02372	0.00287	0.00459
2	0.00810	0.00449	0.00565	0.00490	0.00638	0.00409	0.00383	0.04593	0.00989	0.23483	0.43304	0.02271	0.16461	0.00654	0.00392	0.00111	0.00213	0.00559	0.02818	0.00408
3	0.00886	0.00797	0.05387	0.00761	0.04604	0.00807	0.00600	0.15145	0.45451	0.01528	0.11128	0.01292	0.01158	0.00464	0.00354	0.00109	0.00301	0.00385	0.00328	0.08515
4	0.03574	0.00489	0.00539	0.00480	0.00621	0.00495	0.00374	0.09956	0.09704	0.08226	0.21036	0.01811	0.12521	0.00554	0.00339	0.00103	0.00217	0.00459	0.28101	0.00402
5	0.00792	0.10984	0.00875	0.08946	0.02517	0.00776	0.00544	0.07695	0.31557	0.01268	0.04800	0.03368	0.11502	0.01851	0.00364	0.00109	0.00297	0.00407	0.02897	0.08452
6	0.01251	0.00538	0.00714	0.00574	0.00798	0.00464	0.00460	0.01384	0.00929	0.58239	0.06628	0.11476	0.01169	0.00516	0.00355	0.00107	0.00269	0.00435	0.05186	0.08507
7	0.00726	0.00607	0.00709	0.00533	0.00810	0.00479	0.00420	0.05020	0.00771	0.01173	0.00794	0.11015	0.00740	0.00369	0.00288	0.00066	0.00261	0.00308	0.00230	0.74683
8	0.00536	0.00411	0.00499	0.00485	0.00583	0.00401	0.00368	0.00793	0.12235	0.01284	0.49083	0.10232	0.15059	0.00764	0.00416	0.00119	0.00197	0.05817	0.00366	0.00353

[dist]
# distance from previous block
# <min> <max>
0	1

[block]
# block no. 1 follows, 79 sequences, length 27
# corresponding to MSA columns:
# 145-171
name=unknown_B
#
# <colnr> <probs for GDERKNQSTAVLIFYWHMCP>
#	G	D	E	R	K	N	Q	S	T	A	V	L	I	F	Y	W	H	M	C	P
0	0.11675	0.01563	0.00943	0.00856	0.01042	0.76235	0.00646	0.01364	0.00952	0.00946	0.00538	0.00628	0.00446	0.00359	0.00306	0.00093	0.00593	0.00223	0.00186	0.00405
1	0.00430	0.00355	0.00361	0.00361	0.00463	0.00304	0.00260	0.00507	0.00761	0.00913	0.03213	0.03234	0.73058	0.13504	0.00617	0.00151	0.00202	0.00710	0.00311	0.00285
2	0.01424	0.00582	0.00800	0.00620	0.00877	0.00503	0.02893	0.01559	0.00980	0.73347	0.01625	0.01448	0.10709	0.00485	0.00363	0.00110	0.00294	0.00402	0.00416	0.00561
3	0.00628	0.00469	0.00557	0.00518	0.00629	0.00474	0.00391	0.10521	0.10722	0.01399	0.44809	0.16729	0.07056	0.00725	0.00403	0.00116	0.00212	0.00633	0.02627	0.00380
4	0.00466	0.00378	0.00474	0.10485	0.00722	0.00359	0.00377	0.00583	0.00806	0.01034	0.20448	0.20915	0.40000	0.00838	0.00416	0.00122	0.00215	0.00726	0.00320	0.00314
5	0.00829	0.00782	0.01319	0.01963	0.75512	0.00778	0.00994	0.01033	0.00825	0.01182	0.10529	0.01078	0.00881	0.00361	0.00357	0.00105	0.00389	0.00352	0.00199	0.00532
6	0.00527	0.00546	0.10509	0.00618	0.00734	0.00485	0.00541	0.00686	0.00587	0.00853	0.00908	0.01310	0.00830	0.02374	0.76198	0.00513	0.00895	0.00364	0.00184	0.00339
7	0.11053	0.00350	0.00466	0.00460	0.00485	0.00363	0.00315	0.00526	0.00476	0.00725	0.00598	0.01013	0.00585	0.01120	0.01242	0.79288	0.00302	0.00293	0.00161	0.00180
8	0.90103	0.00682	0.00518	0.00463	0.00682	0.00791	0.00382	0.01036	0.00600	0.01581	0.00491	0.00573	0.00382	0.00327	0.00218	0.00109	0.00273	0.00191	0.00218	0.00382
9	0.00872	0.00837	0.01431	0.02163	0.85415	0.00837	0.01082	0.01082	0.00802	0.01151	0.00663	0.00872	0.00558	0.00314	0.00349	0.00105	0.00419	0.00314	0.00174	0.00558
10	0.06201	0.00659	0.02511	0.69039	0.06709	0.00774	0.00916	0.03285	0.00730	0.00998	0.00685	0.04736	0.00555	0.00384	0.00348	0.00117	0.00442	0.00335	0.00174	0.00404
11	0.00961	0.74003	0.01685	0.00625	0.00900	0.07830	0.00598	0.02399	0.00750	0.00876	0.00528	0.00613	0.00475	0.00320	0.00257	0.00079	0.02338	0.00202	0.04117	0.00444
12	0.00836	0.09157	0.46948	0.00944	0.07163	0.00835	0.00989	0.02409	0.12891	0.07718	0.02913	0.00903	0.00655	0.00367	0.00330	0.00106	0.00428	0.00293	0.00214	0.03898
13	0.00845	0.23049	0.12085	0.05600	0.16119	0.04762	0.02802	0.02523	0.07402	0.04425	0.06379	0.07828	0.01663	0.00444	0.00342	0.00105	0.01419	0.01521	0.00222	0.00467
14	0.00508	0.00477	0.04274	0.00568	0.00630	0.05624	0.02786	0.00593	0.00702	0.00914	0.01763	0.75729	0.02080	0.01001	0.00436	0.00138	0.00256	0.00905	0.00306	0.00310
15	0.00740	0.00817	0.00596	0.00569	0.00705	0.30036	0.00431	0.00837	0.00878	0.00946	0.06068	0.03769	0.46499	0.00709	0.00387	0.00112	0.00344	0.04940	0.00279	0.00339
16	0.00433	0.00314	0.00416	0.00487	0.00516	0.00296	0.00331	0.00500	0.00676	0.00898	0.01978	0.77072	0.07188	0.01186	0.05736	0.00168	0.00249	0.00948	0.00319	0.00289
17	0.00731	0.00626	0.00731	0.00522	0.00835	0.00470	0.00418	0.00887	0.00731	0.01148	0.00626	0.00731	0.00522	0.00261	0.00261	0.00052	0.00261	0.00209	0.00209	0.89768
18	0.00670	0.00536	0.00587	0.00559	0.00694	0.00565	0.00421	0.06202	0.32287	0.02309	0.04774	0.23147	0.23195	0.00743	0.00396	0.00123	0.00236	0.00638	0.01501	0.00416
19	0.01289	0.01623	0.00986	0.00896	0.01079	0.80938	0.00673	0.01436	0.06165	0.00900	0.00600	0.00677	0.00492	0.00370	0.00320	0.00093	0.00614	0.00238	0.00193	0.00418
20	0.02734	0.35817	0.01361	0.00720	0.01008	0.02548	0.00636	0.46988	0.01242	0.02766	0.00700	0.00730	0.00538	0.00372	0.00299	0.00093	0.00384	0.00262	0.00268	0.00534
21	0.01340	0.00987	0.01058	0.00811	0.01093	0.01093	0.00670	0.84240	0.01657	0.02221	0.00846	0.00846	0.00599	0.00423	0.00353	0.00106	0.00388	0.00317	0.00353	0.00599
22	0.00431	0.00333	0.00388	0.00424	0.00491	0.00296	0.00296	0.00507	0.00740	0.00938	0.06554	0.42203	0.39285	0.04823	0.00493	0.00140	0.00197	0.00848	0.00325	0.00290
23	0.01340	0.00987	0.01058	0.00811	0.01093	0.01093	0.00670	0.84240	0.01657	0.02221	0.00846	0.00846	0.00599	0.00423	0.00353	0.00106	0.00388	0.00317	0.00353	0.00599
24	0.04269	0.00408	0.00518	0.00483	0.00598	0.00376	0.00367	0.00835	0.00905	0.16853	0.42708	0.17403	0.08489	0.00735	0.00402	0.00118	0.00206	0.02492	0.01461	0.00373
25	0.00901	0.00769	0.00811	0.00722	0.00926	0.00888	0.00564	0.06252	0.80360	0.01514	0.01403	0.01290	0.01051	0.00475	0.00358	0.00119	0.00285	0.00394	0.00358	0.00560
26	0.00431	0.00312	0.00408	0.00481	0.00509	0.00289	0.00324	0.00497	0.00694	0.00920	0.04807	0.79183	0.07689	0.01078	0.00447	0.00141	0.00202	0.00973	0.00329	0.00289

[dist]
# distance from previous block
# <min> <max>
2	4

[block]
# block no. 2 follows, 79 sequences, length 14
# corresponding to MSA columns:
# 177-187,196-198
name=unknown_C
#
# <colnr> <probs for GDERKNQSTAVLIFYWHMCP>
#	G	D	E	R	K	N	Q	S	T	A	V	L	I	F	Y	W	H	M	C	P
0	0.00488	0.00336	0.00453	0.00519	0.00561	0.00317	0.00376	0.00578	0.00735	0.02990	0.08913	0.63083	0.02325	0.01032	0.00451	0.00143	0.00225	0.15836	0.00334	0.00305
1	0.08223	0.00615	0.00882	0.36456	0.11263	0.00726	0.00732	0.00983	0.07666	0.01100	0.00782	0.01017	0.00623	0.01916	0.02006	0.00124	0.07692	0.00317	0.16467	0.00407
2	0.01147	0.00730	0.00830	0.00698	0.00929	0.00784	0.00556	0.10055	0.49838	0.28314	0.01362	0.01231	0.00964	0.00459	0.00357	0.00115	0.00296	0.00376	0.00383	0.00575
3	0.00731	0.00750	0.07978	0.03841	0.28578	0.00712	0.00757	0.01096	0.20010	0.01146	0.04216	0.19313	0.01144	0.00609	0.02471	0.00131	0.05308	0.00487	0.00253	0.00468
4	0.00877	0.00757	0.00797	0.00717	0.00916	0.00877	0.00558	0.01873	0.84779	0.01474	0.01434	0.01315	0.01076	0.00478	0.00359	0.00120	0.00279	0.00398	0.00359	0.00558
5	0.00999	0.00774	0.00850	0.04312	0.01006	0.00876	0.00590	0.14673	0.61264	0.08640	0.01305	0.01216	0.00959	0.00461	0.00357	0.00116	0.00306	0.00379	0.00356	0.00561
6	0.00948	0.00492	0.00622	0.00535	0.00709	0.00447	0.00430	0.06036	0.00986	0.33242	0.24830	0.02250	0.18781	0.00651	0.00395	0.00116	0.00246	0.07456	0.00386	0.00442
7	0.01000	0.00650	0.00809	0.19389	0.01162	0.03243	0.00596	0.14122	0.08657	0.22146	0.05464	0.01448	0.03128	0.09859	0.00515	0.00138	0.00350	0.03777	0.03086	0.00462
8	0.00946	0.00528	0.00620	0.00545	0.00720	0.00521	0.00436	0.03758	0.17912	0.26505	0.03649	0.01877	0.15706	0.00570	0.00358	0.00112	0.00251	0.07289	0.17239	0.00459
9	0.12485	0.09351	0.01018	0.05329	0.08104	0.00941	0.00631	0.41826	0.01197	0.05325	0.04087	0.00998	0.04484	0.00419	0.00326	0.00104	0.00353	0.00321	0.02189	0.00513
10	0.00960	0.00859	0.05793	0.08981	0.09677	0.07862	0.04425	0.10348	0.02893	0.10882	0.00758	0.00848	0.00573	0.00333	0.00318	0.00087	0.00377	0.00276	0.00239	0.33511
11	0.04384	0.27167	0.10869	0.00770	0.03686	0.07008	0.01688	0.21170	0.08050	0.03486	0.04578	0.00924	0.01728	0.02620	0.00347	0.00104	0.00391	0.00294	0.00244	0.00493
12	0.00510	0.00378	0.00441	0.01832	0.00503	0.02194	0.00297	0.00565	0.00632	0.00838	0.10232	0.14216	0.08873	0.45090	0.11635	0.00289	0.00372	0.00589	0.00253	0.00263
13	0.10601	0.02311	0.10814	0.01037	0.19431	0.00799	0.03913	0.08295	0.20124	0.03187	0.03993	0.00976	0.00751	0.00375	0.00327	0.00103	0.00354	0.00315	0.00251	0.12043

[dist]
# distance from previous block
# <min> <max>
3	7

[block]
# block no. 3 follows, 79 sequences, length 8
# corresponding to MSA columns:
# 206-213
name=unknown_D
#
# <colnr> <probs for GDERKNQSTAVLIFYWHMCP>
#	G	D	E	R	K	N	Q	S	T	A	V	L	I	F	Y	W	H	M	C	P
0	0.00638	0.00500	0.04776	0.02118	0.03013	0.01921	0.00448	0.03637	0.07030	0.00900	0.06588	0.07397	0.03501	0.02661	0.13964	0.39585	0.00407	0.00409	0.00216	0.00289
1	0.00433	0.00320	0.00405	0.00463	0.00506	0.00292	0.00317	0.00509	0.00726	0.00954	0.09636	0.65312	0.16767	0.01033	0.00441	0.00136	0.00197	0.00925	0.00333	0.00292
2	0.01317	0.01680	0.00999	0.00908	0.01090	0.86199	0.00681	0.01407	0.00999	0.00863	0.00545	0.00636	0.00454	0.00363	0.00318	0.00091	0.00636	0.00227	0.00182	0.00409
3	0.67841	0.08518	0.00736	0.00594	0.04310	0.05590	0.00466	0.06373	0.00708	0.01497	0.00524	0.00605	0.00413	0.00332	0.00238	0.00105	0.00315	0.00206	0.00217	0.00411
4	0.00822	0.00888	0.12679	0.10981	0.23965	0.02612	0.09704	0.09843	0.02952	0.03867	0.04595	0.10449	0.04149	0.00466	0.00371	0.00114	0.00408	0.00424	0.00233	0.00478
5	0.00829	0.01157	0.32080	0.03469	0.04477	0.06758	0.07042	0.09039	0.00838	0.03867	0.00810	0.04618	0.02834	0.00463	0.00433	0.08080	0.00433	0.00324	0.00204	0.12247
6	0.03909	0.03743	0.25837	0.00949	0.01249	0.00780	0.22584	0.04743	0.04074	0.01194	0.10424	0.03631	0.03947	0.00458	0.00430	0.00117	0.06933	0.02576	0.01970	0.00452
7	0.02444	0.35208	0.10392	0.00684	0.00980	0.02431	0.00653	0.24642	0.02830	0.03057	0.02064	0.00790	0.00596	0.00360	0.00287	0.00090	0.00370	0.00260	0.06558	0.05304

[dist]
# distance from previous block
# <min> <max>
8	12

[block]
# block no. 4 follows, 79 sequences, length 10
# corresponding to MSA columns:
# 226-235
name=unknown_E
#
# <colnr> <probs for GDERKNQSTAVLIFYWHMCP>
#	G	D	E	R	K	N	Q	S	T	A	V	L	I	F	Y	W	H	M	C	P
0	0.00451	0.00326	0.00397	0.00440	0.00474	0.00304	0.00289	0.00506	0.00668	0.00875	0.05435	0.48792	0.15481	0.22963	0.00783	0.00188	0.00233	0.00821	0.00301	0.00272
1	0.00913	0.09127	0.08505	0.26237	0.10596	0.09521	0.03661	0.07828	0.04967	0.07465	0.00847	0.00989	0.03803	0.01652	0.00359	0.00109	0.00435	0.00316	0.00216	0.02453
2	0.02106	0.11127	0.50676	0.01031	0.07649	0.02632	0.07773	0.03707	0.00785	0.04044	0.00687	0.02977	0.00533	0.00373	0.00356	0.02101	0.00477	0.00292	0.00176	0.00499
3	0.00542	0.00389	0.00495	0.00549	0.04401	0.00365	0.00374	0.00675	0.04331	0.05185	0.12585	0.37105	0.21135	0.05369	0.00496	0.00140	0.00225	0.04979	0.00329	0.00332
4	0.00744	0.00677	0.01158	0.54104	0.18706	0.00776	0.06386	0.00961	0.00737	0.04205	0.00728	0.05191	0.00599	0.00390	0.00386	0.00117	0.03166	0.00355	0.00181	0.00433
5	0.03405	0.02138	0.11024	0.21354	0.19980	0.05035	0.07607	0.09250	0.02039	0.12254	0.00773	0.00908	0.00569	0.00357	0.00346	0.00109	0.00439	0.00313	0.01600	0.00500
6	0.00583	0.00491	0.05005	0.20256	0.01037	0.00463	0.00551	0.00706	0.00707	0.06047	0.01553	0.46978	0.05898	0.00830	0.00456	0.02589	0.02197	0.03034	0.00277	0.00342
7	0.00928	0.00671	0.04823	0.40738	0.03998	0.00670	0.04880	0.02767	0.00839	0.24459	0.05353	0.01203	0.04495	0.00416	0.00359	0.00113	0.00393	0.00363	0.02069	0.00459
8	0.06318	0.00743	0.01163	0.18209	0.21556	0.02716	0.14147	0.06534	0.02938	0.08036	0.03490	0.05893	0.00767	0.00408	0.00366	0.00112	0.01473	0.00376	0.04286	0.00469
9	0.00931	0.06218	0.16324	0.05636	0.21136	0.04247	0.05110	0.05767	0.00862	0.14877	0.02079	0.08774	0.03564	0.00440	0.00353	0.00109	0.00400	0.00383	0.00243	0.02547

[dist]
# distance from previous block
# <min> <max>
2	18

[block]
# block no. 5 follows, 79 sequences, length 40
# corresponding to MSA columns:
# 254-287,292-297
name=unknown_F
#
# <colnr> <probs for GDERKNQSTAVLIFYWHMCP>
#	G	D	E	R	K	N	Q	S	T	A	V	L	I	F	Y	W	H	M	C	P
0	0.02447	0.02635	0.05785	0.02320	0.00888	0.00716	0.00556	0.34333	0.01095	0.04138	0.02806	0.19706	0.06079	0.00748	0.06744	0.00145	0.00365	0.00487	0.02537	0.05467
1	0.05337	0.04146	0.08185	0.01885	0.07004	0.05805	0.11215	0.20469	0.18617	0.03665	0.00912	0.01067	0.00723	0.08833	0.00486	0.00132	0.00407	0.00346	0.00265	0.00499
2	0.00648	0.01313	0.00640	0.00604	0.02752	0.00483	0.03053	0.06040	0.00643	0.00912	0.00883	0.07431	0.00860	0.05372	0.20968	0.30171	0.05256	0.01840	0.06944	0.03188
3	0.04175	0.00827	0.01133	0.01435	0.43575	0.07979	0.00818	0.01042	0.00759	0.04211	0.00663	0.00878	0.00568	0.03239	0.02519	0.00121	0.11767	0.00295	0.00190	0.13806
4	0.00463	0.00336	0.00426	0.00452	0.00502	0.00316	0.00313	0.00555	0.00761	0.01030	0.27096	0.37528	0.11821	0.11793	0.04798	0.00176	0.00243	0.00771	0.00325	0.00294
5	0.00765	0.00828	0.08877	0.13039	0.08422	0.00946	0.00845	0.00912	0.00622	0.02176	0.00568	0.00835	0.00499	0.00514	0.00840	0.00136	0.53667	0.00307	0.04788	0.00414
6	0.00448	0.00357	0.00401	0.00392	0.00496	0.00310	0.00293	0.00565	0.00874	0.01124	0.34221	0.04649	0.52961	0.00832	0.00417	0.00116	0.00174	0.00709	0.00350	0.00310
7	0.00740	0.00489	0.04244	0.00530	0.02417	0.00422	0.02494	0.00935	0.03571	0.14255	0.30717	0.01879	0.08350	0.00598	0.02013	0.00112	0.00237	0.00475	0.25125	0.00393
8	0.01323	0.00979	0.01048	0.00808	0.01087	0.01085	0.00666	0.81266	0.04658	0.02194	0.00867	0.00863	0.00617	0.00425	0.00353	0.00106	0.00384	0.00320	0.00353	0.00598
9	0.00678	0.01382	0.57056	0.02212	0.06488	0.00724	0.01048	0.01033	0.03479	0.01167	0.15991	0.01137	0.01010	0.00489	0.03228	0.00127	0.01726	0.00342	0.00202	0.00479
10	0.01262	0.01565	0.00974	0.00884	0.01068	0.75593	0.00666	0.01465	0.11413	0.00939	0.00655	0.00720	0.00531	0.00377	0.00323	0.00094	0.00591	0.00248	0.00204	0.00427
11	0.01311	0.03033	0.01014	0.00900	0.01087	0.81714	0.00679	0.04446	0.01018	0.00912	0.00555	0.00642	0.00459	0.00364	0.00318	0.00091	0.00622	0.00230	0.00187	0.00416
12	0.00513	0.00342	0.00384	0.00384	0.00384	0.00342	0.00214	0.00513	0.00513	0.00683	0.01110	0.02306	0.01281	0.87614	0.01794	0.00342	0.00342	0.00513	0.00214	0.00214
13	0.00731	0.00626	0.00731	0.00522	0.00835	0.00470	0.00418	0.00887	0.00731	0.01148	0.00626	0.00731	0.00522	0.00261	0.00261	0.00052	0.00261	0.00209	0.00209	0.89768
14	0.00824	0.00708	0.00749	0.00678	0.00865	0.00807	0.00526	0.01712	0.74352	0.01437	0.06562	0.01528	0.06663	0.00519	0.00366	0.00119	0.00266	0.00435	0.00358	0.00528
15	0.03244	0.00708	0.06350	0.00718	0.04299	0.00582	0.00595	0.05424	0.01005	0.71334	0.01270	0.01128	0.00810	0.00422	0.00350	0.00109	0.00322	0.00342	0.00399	0.00589
16	0.01581	0.00600	0.00818	0.00627	0.00900	0.00518	0.00518	0.01718	0.01009	0.85660	0.01390	0.01200	0.00872	0.00436	0.00354	0.00109	0.00300	0.00354	0.00436	0.00600
17	0.90103	0.00682	0.00518	0.00463	0.00682	0.00791	0.00382	0.01036	0.00600	0.01581	0.00491	0.00573	0.00382	0.00327	0.00218	0.00109	0.00273	0.00191	0.00218	0.00382
18	0.00429	0.00307	0.00409	0.00491	0.00511	0.00286	0.00327	0.00491	0.00675	0.00900	0.01943	0.87384	0.02331	0.01104	0.00450	0.00143	0.00204	0.01002	0.00327	0.00286
19	0.01581	0.00600	0.00818	0.00627	0.00900	0.00518	0.00518	0.01718	0.01009	0.85660	0.01390	0.01200	0.00872	0.00436	0.00354	0.00109	0.00300	0.00354	0.00436	0.00600
20	0.01340	0.00987	0.01058	0.00811	0.01093	0.01093	0.00670	0.84240	0.01657	0.02221	0.00846	0.00846	0.00599	0.00423	0.00353	0.00106	0.00388	0.00317	0.00353	0.00599
21	0.01340	0.00987	0.01058	0.00811	0.01093	0.01093	0.00670	0.84240	0.01657	0.02221	0.00846	0.00846	0.00599	0.00423	0.00353	0.00106	0.00388	0.00317	0.00353	0.00599
22	0.01581	0.00600	0.00818	0.00627	0.00900	0.00518	0.00518	0.01718	0.01009	0.85660	0.01390	0.01200	0.00872	0.00436	0.00354	0.00109	0.00300	0.00354	0.00436	0.00600
23	0.01519	0.00700	0.00880	0.00675	0.00950	0.00667	0.00557	0.23049	0.01176	0.64091	0.01250	0.01108	0.00802	0.00433	0.00354	0.00108	0.00323	0.00345	0.00415	0.00600
24	0.90103	0.00682	0.00518	0.00463	0.00682	0.00791	0.00382	0.01036	0.00600	0.01581	0.00491	0.00573	0.00382	0.00327	0.00218	0.00109	0.00273	0.00191	0.00218	0.00382
25	0.00517	0.00368	0.00474	0.00474	0.00508	0.00397	0.00323	0.00604	0.03272	0.00774	0.01088	0.05499	0.01155	0.46227	0.36365	0.00418	0.00581	0.00474	0.00213	0.00269
26	0.01581	0.00600	0.00818	0.00627	0.00900	0.00518	0.00518	0.01718	0.01009	0.85660	0.01390	0.01200	0.00872	0.00436	0.00354	0.00109	0.00300	0.00354	0.00436	0.00600
27	0.01218	0.00493	0.00626	0.00510	0.00707	0.00444	0.00411	0.01365	0.00903	0.52509	0.01296	0.01245	0.00885	0.00426	0.00312	0.00098	0.00247	0.00344	0.35469	0.00493
28	0.00439	0.00319	0.00403	0.00467	0.00499	0.00296	0.00314	0.00500	0.00677	0.00888	0.02060	0.66631	0.12529	0.09747	0.00581	0.00160	0.00218	0.02675	0.00316	0.00281
29	0.05145	0.00441	0.00556	0.00489	0.00627	0.00411	0.00380	0.00957	0.03063	0.21191	0.54339	0.02172	0.06019	0.00630	0.00387	0.00110	0.00206	0.00542	0.01934	0.00402
30	0.00748	0.00607	0.06384	0.15093	0.01884	0.00583	0.02977	0.06841	0.02994	0.10786	0.04084	0.05815	0.02111	0.09894	0.26049	0.00273	0.00543	0.01690	0.00246	0.00397
31	0.07051	0.00667	0.00795	0.00646	0.00884	0.00674	0.00524	0.12212	0.18552	0.44809	0.01241	0.01151	0.00850	0.00543	0.04543	0.00132	0.00332	0.00349	0.03493	0.00553
32	0.00434	0.00328	0.00396	0.00441	0.00495	0.00296	0.00304	0.00509	0.00729	0.00941	0.08213	0.51438	0.27898	0.05244	0.00503	0.00143	0.00201	0.00873	0.00326	0.00289
33	0.12253	0.00737	0.05044	0.00717	0.02045	0.00661	0.05542	0.09809	0.03562	0.54243	0.01141	0.01050	0.00747	0.00408	0.00340	0.00110	0.00335	0.00331	0.00366	0.00560
34	0.00885	0.05932	0.01280	0.15115	0.23269	0.10465	0.15009	0.02266	0.05244	0.04901	0.00771	0.02531	0.00629	0.01386	0.05540	0.00138	0.01759	0.00339	0.02073	0.00466
35	0.00487	0.00354	0.00477	0.00561	0.04678	0.00330	0.00371	0.00578	0.00753	0.02580	0.14840	0.58434	0.09622	0.00971	0.00436	0.00134	0.00212	0.03536	0.00331	0.00315
36	0.00506	0.00438	0.04706	0.00567	0.00643	0.00436	0.00454	0.00630	0.00583	0.00831	0.01045	0.10400	0.01040	0.08520	0.66950	0.00484	0.00803	0.00447	0.00203	0.00314
37	0.28974	0.03544	0.19928	0.04515	0.05529	0.07870	0.11244	0.04140	0.00763	0.03687	0.01532	0.00756	0.00495	0.00355	0.00353	0.00111	0.05285	0.00270	0.00197	0.00452
38	0.00445	0.00325	0.00419	0.00465	0.00511	0.00299	0.00322	0.00535	0.00768	0.01032	0.22608	0.57624	0.11372	0.00987	0.00438	0.00133	0.00192	0.00885	0.00342	0.00299
39	0.00829	0.12860	0.19330	0.00856	0.06903	0.08652	0.05884	0.01093	0.06017	0.01096	0.02237	0.00798	0.00580	0.00320	0.00302	0.00085	0.00398	0.00259	0.00194	0.31309

[dist]
# distance from previous block
# <min> <max>
0	6

[block]
# block no. 6 follows, 79 sequences, length 29
# corresponding to MSA columns:
# 304-332
name=unknown_G
#
# <colnr> <probs for GDERKNQSTAVLIFYWHMCP>
#	G	D	E	R	K	N	Q	S	T	A	V	L	I	F	Y	W	H	M	C	P
0	0.00842	0.37898	0.34796	0.00923	0.05812	0.02734	0.07231	0.01122	0.03765	0.01006	0.00607	0.00710	0.00484	0.00323	0.00296	0.00096	0.00454	0.00249	0.00161	0.00490
1	0.00492	0.00342	0.00433	0.00468	0.00532	0.00316	0.00332	0.00576	0.00737	0.04921	0.08548	0.50271	0.21728	0.01117	0.07293	0.00167	0.00259	0.00833	0.00326	0.00309
2	0.01222	0.00961	0.01036	0.00809	0.01075	0.05010	0.04135	0.64031	0.09008	0.01966	0.01002	0.00999	0.04583	0.00439	0.00355	0.00106	0.00386	0.00342	0.00334	0.02201
3	0.08771	0.01968	0.10762	0.23618	0.09309	0.00773	0.03504	0.15056	0.02073	0.06581	0.00926	0.06174	0.03519	0.04087	0.00409	0.00123	0.00397	0.01253	0.00237	0.00458
4	0.00459	0.00367	0.00413	0.00414	0.00513	0.00329	0.00305	0.00602	0.04354	0.01085	0.24322	0.15529	0.48323	0.00862	0.00419	0.00120	0.00183	0.00740	0.00344	0.00316
5	0.01518	0.00613	0.00813	0.00627	0.00894	0.00544	0.00517	0.06657	0.01039	0.77064	0.01449	0.01270	0.04393	0.00455	0.00357	0.00109	0.00300	0.00368	0.00427	0.00587
6	0.00666	0.00626	0.01057	0.86767	0.02427	0.00783	0.00979	0.00900	0.00705	0.00900	0.00626	0.00940	0.00470	0.00352	0.00352	0.00117	0.00470	0.00313	0.00157	0.00392
7	0.00735	0.00730	0.01396	0.18460	0.12788	0.00729	0.35886	0.00964	0.00796	0.02389	0.03431	0.06975	0.05881	0.00464	0.00401	0.00121	0.00459	0.06749	0.00213	0.00433
8	0.90103	0.00682	0.00518	0.00463	0.00682	0.00791	0.00382	0.01036	0.00600	0.01581	0.00491	0.00573	0.00382	0.00327	0.00218	0.00109	0.00273	0.00191	0.00218	0.00382
9	0.01340	0.00987	0.01058	0.00811	0.01093	0.01093	0.00670	0.84240	0.01657	0.02221	0.00846	0.00846	0.00599	0.00423	0.00353	0.00106	0.00388	0.00317	0.00353	0.00599
10	0.90103	0.00682	0.00518	0.00463	0.00682	0.00791	0.00382	0.01036	0.00600	0.01581	0.00491	0.00573	0.00382	0.00327	0.00218	0.00109	0.00273	0.00191	0.00218	0.00382
11	0.01340	0.00987	0.01058	0.00811	0.01093	0.01093	0.00670	0.84240	0.01657	0.02221	0.00846	0.00846	0.00599	0.00423	0.00353	0.00106	0.00388	0.00317	0.00353	0.00599
12	0.01567	0.00623	0.00832	0.00638	0.00911	0.00553	0.00527	0.06708	0.01048	0.80614	0.01358	0.01178	0.00856	0.00435	0.00354	0.00109	0.00305	0.00352	0.00431	0.00600
13	0.00657	0.00328	0.00328	0.00328	0.00411	0.00328	0.00246	0.00821	0.00739	0.01314	0.01150	0.01314	0.00903	0.00411	0.00246	0.00082	0.00164	0.00328	0.89571	0.00328
14	0.00666	0.00626	0.01057	0.86767	0.02427	0.00783	0.00979	0.00900	0.00705	0.00900	0.00626	0.00940	0.00470	0.00352	0.00352	0.00117	0.00470	0.00313	0.00157	0.00392
15	0.01340	0.00987	0.01058	0.00811	0.01093	0.01093	0.00670	0.84240	0.01657	0.02221	0.00846	0.00846	0.00599	0.00423	0.00353	0.00106	0.00388	0.00317	0.00353	0.00599
16	0.00468	0.00341	0.00448	0.00513	0.00564	0.00321	0.00382	0.00566	0.00747	0.00982	0.08248	0.51139	0.11196	0.01020	0.00453	0.00143	0.00229	0.21609	0.00331	0.00301
17	0.00517	0.00391	0.01891	0.00505	0.00544	0.00402	0.00366	0.00591	0.00586	0.00814	0.01210	0.14727	0.01317	0.34925	0.28030	0.00353	0.03472	0.06727	0.02352	0.00278
18	0.82925	0.00706	0.00562	0.00492	0.00715	0.00815	0.00405	0.07765	0.00685	0.01633	0.00519	0.00595	0.00399	0.00335	0.00229	0.00109	0.00282	0.00201	0.00229	0.00399
19	0.90103	0.00682	0.00518	0.00463	0.00682	0.00791	0.00382	0.01036	0.00600	0.01581	0.00491	0.00573	0.00382	0.00327	0.00218	0.00109	0.00273	0.00191	0.00218	0.00382
20	0.00502	0.00349	0.00442	0.00449	0.00470	0.00366	0.00293	0.00546	0.00544	0.00744	0.01138	0.09991	0.01259	0.53930	0.27091	0.00391	0.00510	0.00518	0.00217	0.00251
21	0.00499	0.00360	0.00471	0.00443	0.00527	0.00333	0.00333	0.00665	0.00998	0.01413	0.85230	0.02633	0.03325	0.00721	0.00416	0.00111	0.00166	0.00637	0.00388	0.00333
22	0.03038	0.00858	0.11750	0.13864	0.06044	0.00746	0.17542	0.01270	0.00830	0.30974	0.00898	0.00982	0.00625	0.00391	0.00436	0.00117	0.08529	0.00339	0.00261	0.00507
23	0.00612	0.00306	0.00459	0.00459	0.00459	0.00306	0.00306	0.00459	0.00459	0.00612	0.00612	0.01071	0.00612	0.01224	0.01377	0.89746	0.00306	0.00306	0.00153	0.00153
24	0.00770	0.01026	0.24233	0.11490	0.07195	0.01939	0.13556	0.06030	0.02327	0.02673	0.02527	0.03964	0.01671	0.02666	0.05159	0.00150	0.10031	0.01941	0.00199	0.00454
25	0.02534	0.00694	0.04493	0.06064	0.14945	0.05770	0.03598	0.01039	0.02529	0.13026	0.02880	0.02225	0.01252	0.00629	0.00425	0.00132	0.02478	0.34575	0.00280	0.00432
26	0.80462	0.02862	0.00592	0.00502	0.00721	0.05977	0.00412	0.03037	0.00652	0.01535	0.00502	0.00583	0.00393	0.00331	0.00228	0.00107	0.00300	0.00196	0.00217	0.00390
27	0.02318	0.01205	0.32676	0.00893	0.02721	0.06774	0.06022	0.11484	0.10436	0.04370	0.05332	0.02489	0.03520	0.00441	0.00402	0.00114	0.05662	0.01239	0.01411	0.00492
28	0.00884	0.10903	0.08916	0.10319	0.19018	0.01856	0.10035	0.03574	0.00809	0.11848	0.00914	0.10690	0.00802	0.00454	0.00385	0.00112	0.03652	0.02419	0.01937	0.00473

[dist]
# distance from previous block
# <min> <max>
0	4

[block]
# block no. 7 follows, 79 sequences, length 8
# corresponding to MSA columns:
# 338-345
name=unknown_H
#
# <colnr> <probs for GDERKNQSTAVLIFYWHMCP>
#	G	D	E	R	K	N	Q	S	T	A	V	L	I	F	Y	W	H	M	C	P
0	0.00926	0.65243	0.04046	0.00671	0.00933	0.06244	0.00642	0.01043	0.00711	0.00855	0.00499	0.00609	0.00457	0.00346	0.00358	0.00087	0.11755	0.00209	0.00155	0.04210
1	0.01135	0.00818	0.00870	0.00697	0.00926	0.00903	0.00566	0.55819	0.12372	0.01932	0.00987	0.01006	0.00726	0.00428	0.00331	0.00103	0.00326	0.00330	0.19190	0.00537
2	0.00652	0.00527	0.00664	0.02253	0.08937	0.00529	0.01921	0.11704	0.07517	0.01230	0.13854	0.14827	0.26090	0.03885	0.01718	0.00134	0.00273	0.02582	0.00315	0.00389
3	0.01358	0.00545	0.00730	0.00577	0.00808	0.00477	0.00470	0.01501	0.00984	0.67214	0.12372	0.01398	0.01197	0.00471	0.00353	0.00107	0.00270	0.00389	0.08239	0.00541
4	0.00686	0.04104	0.14643	0.07299	0.11081	0.00662	0.14377	0.02838	0.02057	0.01210	0.28643	0.02673	0.02578	0.01946	0.02093	0.00124	0.00379	0.00445	0.01736	0.00428
5	0.00813	0.01011	0.12269	0.04737	0.05024	0.03635	0.49143	0.01157	0.08164	0.01135	0.00784	0.03383	0.00617	0.00343	0.00383	0.00113	0.00514	0.00384	0.00196	0.06195
6	0.00497	0.00382	0.00452	0.00448	0.00534	0.00360	0.00326	0.00684	0.07679	0.01170	0.38346	0.16802	0.24241	0.05877	0.00497	0.00133	0.00195	0.00699	0.00349	0.00327
7	0.02682	0.00674	0.09830	0.00646	0.03585	0.00540	0.00533	0.05917	0.02665	0.34748	0.11904	0.01577	0.02795	0.19543	0.00674	0.00161	0.00321	0.00417	0.00329	0.00461

[dist]
# distance from previous block
# <min> <max>
0	1

[block]
# block no. 8 follows, 79 sequences, length 42
# corresponding to MSA columns:
# 347-361,508-534
name=unknown_I
#
# <colnr> <probs for GDERKNQSTAVLIFYWHMCP>
#	G	D	E	R	K	N	Q	S	T	A	V	L	I	F	Y	W	H	M	C	P
0	0.01095	0.04181	0.23401	0.03742	0.02062	0.00705	0.06068	0.08372	0.00926	0.33680	0.02896	0.05890	0.00804	0.00433	0.00365	0.00110	0.01750	0.00361	0.00296	0.02862
1	0.01117	0.10701	0.15185	0.00845	0.03655	0.02902	0.00762	0.42549	0.09380	0.04947	0.00825	0.00854	0.00607	0.00411	0.00368	0.01168	0.02589	0.00300	0.00284	0.00550
2	0.00787	0.03729	0.01036	0.00861	0.00904	0.06168	0.02627	0.00877	0.00593	0.02551	0.00571	0.00886	0.00546	0.03114	0.11759	0.00203	0.61921	0.00317	0.00168	0.00382
3	0.00612	0.00306	0.00459	0.00459	0.00459	0.00306	0.00306	0.00459	0.00459	0.00612	0.00612	0.01071	0.00612	0.01224	0.01377	0.89746	0.00306	0.00306	0.00153	0.00153
4	0.00748	0.00674	0.03366	0.00546	0.00864	0.00499	0.00453	0.03413	0.00759	0.01180	0.00633	0.00735	0.00522	0.00268	0.00266	0.00056	0.00273	0.00214	0.00211	0.84320
5	0.00845	0.17657	0.46898	0.00906	0.01303	0.10545	0.04639	0.01228	0.10711	0.01077	0.00694	0.00775	0.00527	0.00347	0.00319	0.00104	0.00482	0.00266	0.00179	0.00498
6	0.00502	0.00362	0.00490	0.00566	0.00625	0.00350	0.00451	0.00618	0.00755	0.00985	0.02003	0.38141	0.07324	0.01022	0.00467	0.00152	0.00266	0.44289	0.00326	0.00307
7	0.00727	0.00714	0.04571	0.51517	0.14425	0.00797	0.02991	0.02058	0.00719	0.02174	0.00661	0.00939	0.00521	0.00483	0.04526	0.00139	0.08870	0.00317	0.02428	0.00424
8	0.00942	0.00476	0.00593	0.00502	0.00674	0.00429	0.00397	0.04779	0.00969	0.33345	0.25230	0.02073	0.20048	0.00613	0.00377	0.00110	0.00229	0.00515	0.07261	0.00438
9	0.00593	0.00356	0.00459	0.00486	0.00555	0.00323	0.00342	0.00674	0.00749	0.12342	0.06020	0.58399	0.11786	0.02512	0.00451	0.00136	0.00214	0.00843	0.02430	0.00332
10	0.00436	0.00358	0.00384	0.00377	0.00488	0.00306	0.00283	0.00543	0.00849	0.01061	0.22768	0.03213	0.66007	0.00852	0.00416	0.00117	0.00176	0.00719	0.00342	0.00306
11	0.00503	0.00319	0.00407	0.00466	0.00505	0.00300	0.00319	0.00585	0.00696	0.03456	0.01787	0.69697	0.02037	0.00962	0.00411	0.00131	0.00200	0.00864	0.16051	0.00303
12	0.00495	0.00360	0.00466	0.00440	0.00524	0.00331	0.00330	0.00659	0.00990	0.01395	0.81918	0.02663	0.06649	0.00727	0.00416	0.00111	0.00167	0.00642	0.00386	0.00331
13	0.00613	0.00416	0.00521	0.00478	0.00584	0.00399	0.00361	0.00849	0.09234	0.07501	0.64381	0.02406	0.05304	0.04828	0.00471	0.00123	0.00196	0.00590	0.00378	0.00367
14	0.01319	0.03837	0.01059	0.00825	0.01081	0.23138	0.00667	0.57688	0.02577	0.03237	0.00774	0.00795	0.00568	0.00405	0.00340	0.00101	0.00449	0.00292	0.00304	0.00545
15	0.03523	0.42579	0.08219	0.00670	0.00962	0.03510	0.01585	0.02760	0.01572	0.26355	0.00800	0.00811	0.00594	0.00408	0.02128	0.00103	0.02418	0.00259	0.00246	0.00498
16	0.07129	0.13922	0.20052	0.02545	0.05209	0.06862	0.02856	0.05505	0.03327	0.19356	0.04315	0.03237	0.01793	0.00411	0.00335	0.00106	0.01215	0.01077	0.00255	0.00494
17	0.00839	0.00794	0.01318	0.16099	0.57085	0.00811	0.04594	0.03494	0.02780	0.01147	0.00680	0.00886	0.00553	0.00323	0.00346	0.00104	0.00419	0.00312	0.00184	0.07232
18	0.00872	0.00837	0.01431	0.02163	0.85415	0.00837	0.01082	0.01082	0.00802	0.01151	0.00663	0.00872	0.00558	0.00314	0.00349	0.00105	0.00419	0.00314	0.00174	0.00558
19	0.15574	0.19351	0.02303	0.00987	0.20191	0.03960	0.01659	0.05913	0.00790	0.06566	0.00682	0.04041	0.00581	0.00375	0.00353	0.00099	0.06430	0.00282	0.00212	0.09653
20	0.00670	0.00553	0.00613	0.00567	0.00696	0.03139	0.00433	0.01148	0.33173	0.01387	0.45200	0.02083	0.03180	0.02211	0.01439	0.00124	0.00240	0.02363	0.00363	0.00419
21	0.30094	0.00811	0.00817	0.00641	0.00907	0.00865	0.00527	0.39660	0.01129	0.04970	0.00713	0.00751	0.00526	0.00364	0.00293	0.00098	0.00325	0.00259	0.00287	0.15965
22	0.01340	0.00987	0.01058	0.00811	0.01093	0.01093	0.00670	0.84240	0.01657	0.02221	0.00846	0.00846	0.00599	0.00423	0.00353	0.00106	0.00388	0.00317	0.00353	0.00599
23	0.00975	0.00776	0.00830	0.00724	0.00937	0.00882	0.00569	0.12057	0.69586	0.06497	0.01359	0.01250	0.01005	0.00469	0.00358	0.00117	0.00294	0.00386	0.00362	0.00565
24	0.03955	0.05606	0.10557	0.02272	0.01052	0.04641	0.05690	0.26538	0.05871	0.12787	0.07613	0.01944	0.07242	0.00465	0.00369	0.00109	0.02111	0.00374	0.00301	0.00503
25	0.85330	0.00677	0.00534	0.00472	0.00693	0.00776	0.00389	0.01073	0.00622	0.06115	0.00539	0.00606	0.00408	0.00333	0.00225	0.00109	0.00274	0.00200	0.00230	0.00393
26	0.00568	0.00406	0.00568	0.00649	0.00730	0.00406	0.00568	0.00730	0.00811	0.01055	0.01866	0.03975	0.02028	0.00974	0.00487	0.00162	0.00325	0.83043	0.00325	0.00325
27	0.00814	0.00870	0.03158	0.12468	0.11287	0.00833	0.55080	0.02381	0.00819	0.02805	0.00777	0.05601	0.00632	0.00355	0.00398	0.00118	0.00527	0.00417	0.00190	0.00469
28	0.00797	0.00644	0.00922	0.26394	0.02530	0.00713	0.07852	0.06310	0.21176	0.06759	0.02035	0.10811	0.04892	0.00506	0.00376	0.00118	0.01180	0.00447	0.05089	0.00448
29	0.03490	0.00817	0.00866	0.00723	0.00951	0.00918	0.00579	0.33853	0.43157	0.04216	0.01163	0.01109	0.00856	0.00448	0.00346	0.00112	0.00316	0.00356	0.05166	0.00558
30	0.00549	0.00392	0.00519	0.04585	0.00647	0.00377	0.00384	0.00738	0.03494	0.03820	0.68719	0.05200	0.04382	0.00713	0.00413	0.00115	0.00196	0.04036	0.00372	0.00348
31	0.00921	0.02340	0.33168	0.02242	0.22556	0.02451	0.07795	0.01188	0.00811	0.16416	0.00834	0.04626	0.00641	0.00384	0.00367	0.00111	0.02070	0.00336	0.00218	0.00524
32	0.00907	0.00790	0.00813	0.00726	0.00928	0.03043	0.00566	0.05303	0.79188	0.01490	0.01387	0.01278	0.01040	0.00473	0.00357	0.00118	0.00292	0.00391	0.00354	0.00556
33	0.01340	0.00987	0.01058	0.00811	0.01093	0.01093	0.00670	0.84240	0.01657	0.02221	0.00846	0.00846	0.00599	0.00423	0.00353	0.00106	0.00388	0.00317	0.00353	0.00599
34	0.02103	0.14053	0.17696	0.02144	0.10406	0.01521	0.05523	0.04781	0.12957	0.07490	0.00817	0.00902	0.00630	0.00478	0.04960	0.00124	0.01371	0.00295	0.01053	0.10695
35	0.00434	0.00309	0.00408	0.00485	0.00504	0.00290	0.00321	0.00492	0.00665	0.00887	0.01894	0.82401	0.02270	0.06171	0.00529	0.00155	0.00213	0.00973	0.00321	0.00282
36	0.00462	0.00324	0.00402	0.00450	0.00468	0.00309	0.00288	0.00506	0.00628	0.00833	0.02886	0.51081	0.04820	0.32360	0.00935	0.00214	0.00255	0.02231	0.00287	0.00262
37	0.00893	0.02382	0.05164	0.09298	0.34135	0.04635	0.24989	0.01159	0.04376	0.05963	0.00736	0.00914	0.00570	0.00333	0.00376	0.00110	0.01720	0.00339	0.00196	0.01712
38	0.00762	0.00864	0.15186	0.00812	0.03060	0.05354	0.02609	0.03317	0.03370	0.04731	0.00784	0.02304	0.00718	0.12919	0.15607	0.00999	0.25657	0.00353	0.00197	0.00398
39	0.05495	0.00636	0.01040	0.79456	0.04939	0.00785	0.00950	0.00913	0.00702	0.00945	0.00620	0.00918	0.00468	0.00350	0.00345	0.00117	0.00458	0.00307	0.00160	0.00396
40	0.00878	0.00462	0.00595	0.05147	0.00758	0.00416	0.00424	0.01010	0.00908	0.32008	0.17889	0.03504	0.29546	0.00671	0.00394	0.00116	0.00243	0.04242	0.00369	0.00421
41	0.00888	0.08547	0.29813	0.03131	0.16544	0.07150	0.07221	0.04585	0.05577	0.06339	0.05294	0.00937	0.00703	0.00367	0.00340	0.00106	0.00447	0.00312	0.01194	0.00505

[dist]
# distance from previous block
# <min> <max>
0	1

[block]
# block no. 9 follows, 79 sequences, length 44
# corresponding to MSA columns:
# 536-561,581-598
name=unknown_J
#
# <colnr> <probs for GDERKNQSTAVLIFYWHMCP>
#	G	D	E	R	K	N	Q	S	T	A	V	L	I	F	Y	W	H	M	C	P
0	0.00532	0.00389	0.00462	0.00438	0.00537	0.00365	0.00330	0.04188	0.02654	0.01310	0.50697	0.06742	0.21753	0.00738	0.00401	0.00112	0.00182	0.00638	0.07194	0.00338
1	0.00530	0.00387	0.00490	0.00454	0.00548	0.00363	0.00343	0.04188	0.01015	0.01422	0.77114	0.02599	0.07776	0.00718	0.00413	0.00111	0.00176	0.00630	0.00383	0.00342
2	0.00736	0.00635	0.00766	0.02206	0.04439	0.00491	0.00456	0.00896	0.00733	0.01144	0.00628	0.00741	0.00523	0.00265	0.00266	0.00056	0.00272	0.00215	0.00206	0.84326
3	0.05048	0.06845	0.22824	0.10371	0.14461	0.02659	0.12936	0.01102	0.00778	0.08997	0.00819	0.00948	0.04104	0.00366	0.00368	0.00109	0.03385	0.00317	0.00199	0.03364
4	0.00699	0.00684	0.01090	0.65122	0.02093	0.04044	0.06427	0.00912	0.00713	0.00919	0.02415	0.02828	0.00580	0.00436	0.01930	0.00128	0.08081	0.00339	0.00168	0.00392
5	0.00536	0.00458	0.04098	0.00545	0.00651	0.00406	0.00461	0.00709	0.04704	0.01025	0.07572	0.03203	0.23720	0.10485	0.03452	0.00177	0.00305	0.36861	0.00307	0.00325
6	0.01899	0.07689	0.20560	0.02009	0.21271	0.00805	0.03368	0.03157	0.14107	0.14863	0.02744	0.01078	0.04096	0.00398	0.00343	0.00108	0.00386	0.00338	0.00253	0.00528
7	0.00887	0.06300	0.28521	0.04888	0.09017	0.02867	0.13119	0.02417	0.02404	0.13767	0.04624	0.04512	0.01602	0.01455	0.00387	0.00114	0.02039	0.00359	0.00227	0.00492
8	0.00498	0.00376	0.00474	0.00525	0.00611	0.00352	0.00430	0.00623	0.00799	0.01014	0.05350	0.13878	0.30084	0.00953	0.00456	0.00144	0.00255	0.42539	0.00328	0.00311
9	0.00825	0.00940	0.17993	0.08709	0.19227	0.00757	0.08319	0.07978	0.10315	0.05807	0.04242	0.01300	0.11149	0.00440	0.00365	0.00112	0.00396	0.00389	0.00244	0.00494
10	0.03023	0.03927	0.18312	0.11179	0.23012	0.07673	0.08953	0.05305	0.07569	0.03062	0.00775	0.02731	0.00622	0.00375	0.00349	0.00110	0.00453	0.01869	0.00204	0.00497
11	0.01479	0.00602	0.00796	0.00618	0.00871	0.00544	0.00509	0.06098	0.01014	0.72809	0.01325	0.01182	0.00853	0.00437	0.00360	0.00107	0.01808	0.00350	0.07666	0.00574
12	0.00430	0.00353	0.00375	0.00380	0.00480	0.00307	0.00277	0.00515	0.00772	0.00941	0.05939	0.09241	0.67632	0.06723	0.03922	0.00153	0.00221	0.00729	0.00316	0.00293
13	0.01482	0.00762	0.07309	0.17168	0.17722	0.02609	0.14114	0.00981	0.03270	0.05572	0.05738	0.16418	0.01959	0.00510	0.00402	0.00119	0.02721	0.00473	0.00230	0.00440
14	0.02181	0.16009	0.26650	0.06014	0.08782	0.15276	0.05799	0.05894	0.00851	0.05820	0.00665	0.01715	0.00518	0.00355	0.00338	0.00103	0.02080	0.00276	0.00190	0.00485
15	0.00763	0.00730	0.01247	0.45903	0.39053	0.00815	0.02982	0.00985	0.00748	0.01016	0.00642	0.00907	0.00510	0.00339	0.00366	0.00112	0.01935	0.00316	0.00165	0.00467
16	0.01014	0.71321	0.01684	0.00661	0.00940	0.17643	0.00618	0.01123	0.00770	0.00836	0.00500	0.00579	0.00453	0.00313	0.00244	0.00078	0.00426	0.00196	0.00157	0.00444
17	0.00514	0.00342	0.00390	0.00390	0.00391	0.00343	0.00220	0.00514	0.00513	0.00685	0.01098	0.02264	0.01260	0.84177	0.03614	0.02000	0.00354	0.00506	0.00212	0.00215
18	0.00867	0.08434	0.28371	0.00932	0.04838	0.02028	0.11744	0.05475	0.01565	0.08217	0.03227	0.00878	0.00621	0.00363	0.00386	0.00102	0.06390	0.00298	0.02373	0.12892
19	0.06062	0.03605	0.01864	0.02839	0.10625	0.02568	0.06152	0.06871	0.29286	0.20038	0.01180	0.03238	0.02522	0.00441	0.00351	0.00113	0.00341	0.01058	0.00316	0.00530
20	0.00503	0.00338	0.00387	0.00397	0.00399	0.00335	0.00227	0.00510	0.00532	0.00709	0.01208	0.12289	0.01404	0.77463	0.01636	0.00318	0.00326	0.00570	0.00227	0.00222
21	0.15602	0.00613	0.00770	0.00601	0.00865	0.00561	0.00496	0.01610	0.00944	0.72343	0.01248	0.01100	0.00795	0.00419	0.00333	0.00109	0.00296	0.00329	0.00402	0.00565
22	0.00766	0.03766	0.44415	0.11925	0.14057	0.01775	0.11746	0.01104	0.02662	0.02087	0.02034	0.00856	0.00543	0.00339	0.00348	0.00111	0.00492	0.00303	0.00170	0.00500
23	0.00476	0.00404	0.02202	0.00486	0.00559	0.00377	0.00367	0.00579	0.00780	0.01037	0.22017	0.33537	0.26897	0.00895	0.00488	0.00129	0.07367	0.00767	0.00324	0.00314
24	0.00848	0.00704	0.00744	0.00669	0.00860	0.00796	0.00520	0.03028	0.70358	0.03573	0.01644	0.01525	0.09991	0.00519	0.00362	0.00118	0.00268	0.00431	0.02518	0.00526
25	0.00568	0.00406	0.00568	0.00649	0.00730	0.00406	0.00568	0.00730	0.00811	0.01055	0.01866	0.03975	0.02028	0.00974	0.00487	0.00162	0.00325	0.83043	0.00325	0.00325
26	0.00909	0.00747	0.01229	0.19974	0.38427	0.00775	0.07333	0.06609	0.01788	0.10667	0.00857	0.02915	0.00702	0.00398	0.00366	0.00113	0.00417	0.05045	0.00226	0.00504
27	0.00917	0.78601	0.10850	0.00646	0.00971	0.01333	0.00678	0.01062	0.00719	0.00860	0.00505	0.00585	0.00452	0.00305	0.00238	0.00079	0.00392	0.00196	0.00151	0.00460
28	0.01340	0.00987	0.01058	0.00811	0.01093	0.01093	0.00670	0.84240	0.01657	0.02221	0.00846	0.00846	0.00599	0.00423	0.00353	0.00106	0.00388	0.00317	0.00353	0.00599
29	0.07205	0.01614	0.00967	0.00878	0.01062	0.80535	0.00661	0.01383	0.00972	0.00910	0.00541	0.00631	0.00449	0.00361	0.00311	0.00092	0.00612	0.00225	0.00184	0.00407
30	0.04222	0.01033	0.04687	0.01219	0.01544	0.07299	0.51098	0.20859	0.02046	0.01388	0.00730	0.00886	0.00542	0.00337	0.00383	0.00113	0.00530	0.00364	0.00222	0.00499
31	0.00499	0.00339	0.00402	0.00424	0.00434	0.00335	0.00261	0.00523	0.00566	0.00753	0.01332	0.19946	0.01547	0.64012	0.01430	0.00289	0.00312	0.06117	0.00244	0.00236
32	0.00771	0.00771	0.01079	0.00925	0.00925	0.01079	0.00771	0.00848	0.00540	0.00848	0.00463	0.00771	0.00463	0.00617	0.01157	0.00154	0.86969	0.00308	0.00154	0.00386
33	0.01576	0.00608	0.00823	0.00631	0.00904	0.00531	0.00521	0.03567	0.01023	0.83790	0.01378	0.01192	0.00866	0.00436	0.00354	0.00109	0.00302	0.00354	0.00434	0.00600
34	0.00700	0.00532	0.00599	0.00558	0.00697	0.00561	0.00425	0.01193	0.36177	0.05626	0.23084	0.11259	0.12705	0.00657	0.00386	0.00118	0.00226	0.00565	0.03498	0.00431
35	0.00735	0.00384	0.00379	0.00364	0.00461	0.02733	0.00276	0.00896	0.00764	0.06772	0.01148	0.01288	0.00889	0.00411	0.00255	0.00084	0.00186	0.00327	0.81299	0.00348
36	0.00501	0.00347	0.00487	0.00541	0.00587	0.00326	0.02504	0.00584	0.00709	0.04154	0.01880	0.71440	0.02192	0.01042	0.00450	0.00144	0.00233	0.11245	0.00327	0.00308
37	0.00965	0.84697	0.01810	0.00604	0.00904	0.01363	0.00600	0.01079	0.00727	0.03872	0.00522	0.00588	0.00467	0.00306	0.00231	0.00077	0.00374	0.00194	0.00161	0.00458
38	0.01023	0.00801	0.00858	0.00734	0.00956	0.00907	0.00582	0.20891	0.60910	0.06338	0.01296	0.01200	0.00954	0.00463	0.00357	0.00116	0.00305	0.00377	0.00362	0.00570
39	0.00602	0.00462	0.03717	0.00558	0.00641	0.00454	0.01773	0.02448	0.04091	0.03781	0.01082	0.01731	0.02738	0.22069	0.37143	0.09696	0.00596	0.05887	0.00220	0.00310
40	0.00731	0.00626	0.00731	0.00522	0.00835	0.00470	0.00418	0.00887	0.00731	0.01148	0.00626	0.00731	0.00522	0.00261	0.00261	0.00052	0.00261	0.00209	0.00209	0.89768
41	0.00771	0.00650	0.00752	0.00541	0.00852	0.00511	0.00434	0.06415	0.00792	0.01220	0.00641	0.00738	0.00527	0.00272	0.00267	0.00056	0.00269	0.00216	0.00218	0.83855
