[name]
unknown

[dist]
# distance from previous block
# <min> <max>
0	36

[block]
# block no. 0 follows, 72 sequences, length 31
# corresponding to MSA columns:
# 36-66
name=unknown_A
#
# <colnr> <probs for GDERKNQSTAVLIFYWHMCP>
#	G	D	E	R	K	N	Q	S	T	A	V	L	I	F	Y	W	H	M	C	P
0	0.00533	0.00401	0.00519	0.02336	0.03559	0.00376	0.00399	0.00664	0.03172	0.02454	0.14574	0.47577	0.17717	0.00993	0.00459	0.00140	0.00229	0.02072	0.00353	0.01474
1	0.00826	0.00775	0.05540	0.24295	0.08222	0.01940	0.01778	0.07236	0.17430	0.03423	0.05269	0.07463	0.08691	0.00550	0.00426	0.00126	0.03409	0.00466	0.01652	0.00481
2	0.00542	0.00375	0.00469	0.00476	0.00496	0.00392	0.00305	0.00584	0.00581	0.00793	0.01215	0.08669	0.01349	0.57376	0.24380	0.00417	0.00532	0.00553	0.00232	0.00265
3	0.01821	0.02302	0.31653	0.06399	0.08497	0.00940	0.14117	0.07745	0.19106	0.01368	0.00899	0.01001	0.00669	0.00397	0.00391	0.00123	0.01427	0.00352	0.00236	0.00559
4	0.79417	0.03211	0.00635	0.00530	0.00769	0.00887	0.00439	0.04579	0.04202	0.01702	0.00587	0.00662	0.00454	0.00362	0.00247	0.00117	0.00302	0.00220	0.00245	0.00431
5	0.00960	0.00745	0.00933	0.00780	0.00896	0.00903	0.01952	0.19477	0.00937	0.03924	0.00834	0.01025	0.00678	0.00534	0.00715	0.00128	0.36805	0.00340	0.24610	0.02824
6	0.06424	0.01345	0.12378	0.14306	0.10473	0.32818	0.09528	0.02478	0.02214	0.01114	0.00682	0.02071	0.00549	0.00388	0.00374	0.00114	0.01760	0.00310	0.00195	0.00479
7	0.04078	0.00998	0.00851	0.00758	0.00884	0.30166	0.03394	0.06025	0.00855	0.03741	0.00880	0.01413	0.00852	0.26578	0.08928	0.00237	0.07042	0.01707	0.00228	0.00384
8	0.00514	0.00352	0.00425	0.00462	0.00471	0.00343	0.00281	0.00542	0.00625	0.00833	0.01570	0.37652	0.01852	0.50855	0.01324	0.00278	0.00306	0.00772	0.00281	0.00263
9	0.00808	0.00686	0.01060	0.58392	0.06307	0.00804	0.00914	0.03457	0.08325	0.05610	0.05392	0.01207	0.02571	0.00428	0.00383	0.00123	0.00442	0.00374	0.00230	0.02486
10	0.00732	0.00719	0.01259	0.02310	0.01206	0.01863	0.30120	0.01935	0.03163	0.01104	0.06198	0.17726	0.03964	0.02287	0.10152	0.00196	0.13833	0.00568	0.00247	0.00419
11	0.00725	0.00681	0.01149	0.79065	0.07533	0.00836	0.01047	0.00972	0.00764	0.00985	0.00704	0.02639	0.00550	0.00392	0.00381	0.00126	0.00497	0.00351	0.00173	0.00430
12	0.00464	0.00346	0.00433	0.00497	0.00547	0.00315	0.00343	0.00543	0.00772	0.01003	0.05281	0.63315	0.20948	0.01120	0.00476	0.00147	0.00215	0.02568	0.00354	0.00313
13	0.00650	0.00418	0.00527	0.00497	0.00610	0.00380	0.00375	0.00814	0.02553	0.10592	0.48247	0.12592	0.17578	0.00822	0.00444	0.00126	0.00207	0.01785	0.00402	0.00382
14	0.00481	0.00343	0.00460	0.00537	0.00565	0.00330	0.00369	0.00554	0.00717	0.00959	0.01964	0.71457	0.02323	0.05772	0.06430	0.00198	0.00290	0.05606	0.00335	0.00308
15	0.01552	0.00886	0.01029	0.00789	0.01088	0.00915	0.00652	0.48727	0.01488	0.37121	0.01158	0.01071	0.00769	0.00461	0.00380	0.00115	0.00377	0.00358	0.00417	0.00645
16	0.00831	0.00677	0.00733	0.00680	0.00855	0.00751	0.00520	0.01593	0.57202	0.03826	0.05163	0.13887	0.09096	0.00661	0.00406	0.00131	0.00273	0.00564	0.01631	0.00520
17	0.00461	0.00334	0.00436	0.00516	0.00547	0.00309	0.00347	0.00529	0.00737	0.00973	0.02232	0.79726	0.09115	0.01170	0.00481	0.00152	0.00218	0.01056	0.00352	0.00309
18	0.01340	0.00987	0.01063	0.00841	0.01124	0.01095	0.00686	0.60988	0.20351	0.05890	0.01081	0.01042	0.00775	0.00469	0.00381	0.00117	0.00386	0.00363	0.00385	0.00635
19	0.78502	0.00714	0.00596	0.00526	0.00747	0.00823	0.02393	0.01095	0.00661	0.01650	0.00587	0.00691	0.00459	0.00365	0.00265	0.00117	0.02253	0.00225	0.06921	0.00409
20	0.00839	0.00796	0.01319	0.32284	0.45857	0.00872	0.01065	0.01096	0.03724	0.01136	0.00805	0.01085	0.02339	0.00395	0.00412	0.00121	0.03544	0.01599	0.00193	0.00520
21	0.01020	0.00763	0.00956	0.03151	0.06095	0.00699	0.02579	0.13668	0.05463	0.11776	0.00860	0.00924	0.00653	0.00360	0.00351	0.00086	0.02470	0.00291	0.00281	0.47554
22	0.00491	0.00382	0.00446	0.00442	0.00544	0.00338	0.00329	0.00622	0.00945	0.01239	0.38739	0.10134	0.40808	0.00900	0.00452	0.00127	0.00191	0.02155	0.00381	0.00336
23	0.00827	0.00804	0.03422	0.22976	0.33438	0.00881	0.00969	0.02272	0.03801	0.01168	0.07775	0.01120	0.00835	0.00455	0.00537	0.00127	0.15802	0.00368	0.01928	0.00496
24	0.00462	0.00380	0.00406	0.00409	0.00523	0.00324	0.00303	0.00567	0.00883	0.01090	0.14999	0.10277	0.66159	0.00953	0.00451	0.00129	0.00193	0.00807	0.00361	0.00324
25	0.01007	0.09105	0.19521	0.08548	0.08881	0.00991	0.01740	0.25470	0.08576	0.02435	0.04656	0.01096	0.03548	0.00445	0.00388	0.00117	0.02296	0.00354	0.00271	0.00554
26	0.09657	0.08312	0.05645	0.07784	0.33801	0.09065	0.16738	0.01184	0.00845	0.01194	0.00670	0.00867	0.00542	0.00349	0.00374	0.00114	0.01825	0.00323	0.00189	0.00522
27	0.00448	0.00384	0.00384	0.00384	0.00512	0.00320	0.00288	0.00544	0.00864	0.01025	0.03842	0.03650	0.84152	0.00960	0.00448	0.00128	0.00192	0.00800	0.00352	0.00320
28	0.00710	0.00665	0.01119	0.82767	0.02544	0.00830	0.01033	0.00959	0.00753	0.00966	0.00686	0.01028	0.00521	0.00466	0.03359	0.00143	0.00523	0.00339	0.00170	0.00418
29	0.01180	0.00914	0.01052	0.02541	0.03861	0.02983	0.02462	0.45098	0.03596	0.04886	0.03745	0.02152	0.01548	0.01875	0.00464	0.00116	0.07246	0.00358	0.01452	0.12471
30	0.02736	0.16185	0.05002	0.01163	0.18293	0.07903	0.07136	0.16857	0.04987	0.03888	0.00827	0.03657	0.00695	0.03254	0.02121	0.00130	0.04045	0.00348	0.00245	0.00531

[dist]
# distance from previous block
# <min> <max>
1	2

[block]
# block no. 1 follows, 72 sequences, length 44
# corresponding to MSA columns:
# 69-112
name=unknown_B
#
# <colnr> <probs for GDERKNQSTAVLIFYWHMCP>
#	G	D	E	R	K	N	Q	S	T	A	V	L	I	F	Y	W	H	M	C	P
0	0.00878	0.32923	0.06986	0.00771	0.04521	0.02102	0.01937	0.01231	0.18677	0.03346	0.06807	0.11980	0.02660	0.00542	0.00364	0.00113	0.01728	0.01679	0.00268	0.00487
1	0.01166	0.16296	0.10834	0.03689	0.06821	0.33647	0.00822	0.08790	0.02399	0.03588	0.00674	0.00781	0.00541	0.00398	0.00389	0.00105	0.05746	0.00273	0.01125	0.01916
2	0.00768	0.00652	0.00763	0.00558	0.00872	0.00501	0.00444	0.00953	0.02313	0.01267	0.07926	0.00975	0.00834	0.00328	0.00297	0.00063	0.00272	0.00268	0.00244	0.79701
3	0.89350	0.00733	0.00557	0.00499	0.00733	0.00851	0.00411	0.01115	0.00645	0.01702	0.00528	0.00616	0.00411	0.00352	0.00235	0.00117	0.00293	0.00205	0.00235	0.00411
4	0.00473	0.00343	0.00446	0.00508	0.00550	0.00317	0.00348	0.00559	0.00792	0.01059	0.15067	0.66581	0.09347	0.01105	0.00475	0.00146	0.00211	0.00994	0.00362	0.00317
5	0.01039	0.04163	0.01281	0.31081	0.20517	0.04811	0.06229	0.06772	0.02991	0.14732	0.00848	0.01010	0.00626	0.00392	0.00391	0.00119	0.01882	0.00345	0.00244	0.00527
6	0.00913	0.37727	0.23755	0.03209	0.01195	0.04327	0.00823	0.02943	0.00816	0.01087	0.00615	0.00720	0.00506	0.00332	0.00294	0.00089	0.00434	0.00237	0.00182	0.19799
7	0.00714	0.00535	0.00705	0.00648	0.00694	0.01772	0.00489	0.00793	0.00626	0.06821	0.00977	0.01624	0.00970	0.29560	0.28370	0.00369	0.21987	0.00431	0.01569	0.00345
8	0.00764	0.01937	0.82535	0.01095	0.01650	0.00883	0.03548	0.01201	0.00803	0.01201	0.00683	0.00807	0.00483	0.00359	0.00363	0.00120	0.00563	0.00285	0.00161	0.00559
9	0.00860	0.00519	0.00633	0.00553	0.00716	0.00493	0.00431	0.05553	0.08731	0.19372	0.40309	0.02405	0.16482	0.00700	0.00424	0.00121	0.00236	0.00597	0.00412	0.00451
10	0.01322	0.11700	0.01231	0.00942	0.06947	0.13554	0.00727	0.52017	0.01451	0.01872	0.00814	0.00861	0.00612	0.00421	0.00352	0.00106	0.00448	0.00310	0.03730	0.00581
11	0.00516	0.00353	0.00424	0.00459	0.00468	0.00344	0.00278	0.00542	0.00621	0.00827	0.01549	0.35652	0.01825	0.52892	0.01359	0.00283	0.00309	0.00760	0.00278	0.00261
12	0.00470	0.00355	0.00437	0.00496	0.00555	0.00322	0.00351	0.00555	0.00786	0.01010	0.04714	0.54149	0.26756	0.01100	0.00475	0.00147	0.00219	0.06435	0.00354	0.00316
13	0.03609	0.00739	0.01221	0.59465	0.18145	0.00860	0.03833	0.03984	0.00816	0.01104	0.00715	0.02568	0.00565	0.00386	0.00378	0.00124	0.00484	0.00351	0.00186	0.00465
14	0.00467	0.00334	0.00445	0.00531	0.00557	0.00312	0.00359	0.00537	0.00733	0.00975	0.02118	0.82335	0.03902	0.01180	0.00485	0.00154	0.00224	0.03692	0.00352	0.00310
15	0.00523	0.00358	0.00467	0.00525	0.00577	0.00330	0.00369	0.00611	0.00792	0.04264	0.09347	0.63249	0.10491	0.01095	0.00476	0.00148	0.00225	0.05463	0.00362	0.00329
16	0.00876	0.38884	0.46553	0.00885	0.01334	0.01152	0.01053	0.01194	0.02928	0.01077	0.00636	0.00733	0.00501	0.00349	0.00310	0.00103	0.00486	0.00250	0.00167	0.00529
17	0.02072	0.00896	0.04900	0.04168	0.49588	0.00850	0.00976	0.09066	0.02737	0.19616	0.00917	0.01016	0.00681	0.00384	0.00375	0.00115	0.00421	0.00346	0.00271	0.00606
18	0.00515	0.00384	0.00459	0.00461	0.00559	0.00342	0.00343	0.00643	0.00929	0.02797	0.34423	0.15849	0.35679	0.00918	0.00455	0.00130	0.00200	0.04194	0.00379	0.00340
19	0.01001	0.00833	0.00879	0.00772	0.00994	0.00956	0.00606	0.12550	0.70422	0.01686	0.01452	0.01349	0.01085	0.00505	0.00381	0.00125	0.00312	0.00415	0.03079	0.00599
20	0.01384	0.01746	0.01106	0.01068	0.06788	0.79459	0.00762	0.01491	0.01060	0.00949	0.00595	0.00701	0.00496	0.00387	0.00344	0.00099	0.00668	0.00251	0.00195	0.00451
21	0.89350	0.00733	0.00557	0.00499	0.00733	0.00851	0.00411	0.01115	0.00645	0.01702	0.00528	0.00616	0.00411	0.00352	0.00235	0.00117	0.00293	0.00205	0.00235	0.00411
22	0.01276	0.00943	0.01017	0.00822	0.01092	0.01049	0.00665	0.47718	0.31874	0.07645	0.01183	0.01122	0.00854	0.00478	0.00382	0.00120	0.00368	0.00376	0.00388	0.00629
23	0.00865	0.00769	0.03644	0.16297	0.11718	0.00790	0.09382	0.09232	0.10830	0.05247	0.15215	0.01520	0.06388	0.00547	0.01623	0.00131	0.04571	0.00449	0.00288	0.00493
24	0.00556	0.00415	0.00457	0.00450	0.00578	0.00366	0.00344	0.00698	0.03720	0.05728	0.10003	0.06729	0.59923	0.01960	0.00467	0.00134	0.00216	0.06540	0.00364	0.00351
25	0.00807	0.04061	0.48771	0.04093	0.10378	0.00868	0.09933	0.04644	0.00868	0.01234	0.01927	0.01192	0.03215	0.00427	0.00384	0.00123	0.00514	0.05830	0.00198	0.00532
26	0.00476	0.00378	0.00414	0.00417	0.00515	0.00331	0.00300	0.00574	0.00856	0.01077	0.17742	0.11102	0.53371	0.10025	0.00608	0.00154	0.00211	0.00779	0.00351	0.00316
27	0.01406	0.06791	0.01172	0.00892	0.01162	0.28173	0.00720	0.51612	0.01491	0.01825	0.00782	0.00818	0.00585	0.00426	0.00359	0.00107	0.00502	0.00301	0.00306	0.00569
28	0.00682	0.04241	0.21655	0.08989	0.01254	0.00710	0.09208	0.00926	0.00753	0.01068	0.07396	0.01344	0.00955	0.01308	0.30822	0.00297	0.03282	0.02719	0.00207	0.02182
29	0.00987	0.09585	0.00985	0.00762	0.00993	0.01003	0.00610	0.05434	0.70007	0.03192	0.01412	0.01309	0.01063	0.00492	0.00371	0.00123	0.00316	0.00401	0.00365	0.00592
30	0.83379	0.00739	0.00578	0.00517	0.00751	0.00857	0.00424	0.01176	0.06250	0.01694	0.00597	0.00670	0.00461	0.00363	0.00245	0.00118	0.00294	0.00220	0.00245	0.00424
31	0.00928	0.00785	0.00825	0.00745	0.00951	0.00906	0.00579	0.01943	0.78324	0.01575	0.01524	0.01415	0.01146	0.00510	0.00378	0.00126	0.00292	0.00424	0.06039	0.00585
32	0.02478	0.00893	0.05600	0.03038	0.03633	0.01875	0.04427	0.25316	0.26092	0.07651	0.06003	0.01449	0.08806	0.00520	0.00391	0.00121	0.00363	0.00431	0.00351	0.00561
33	0.00496	0.00362	0.00452	0.00477	0.00535	0.00333	0.00331	0.00598	0.00847	0.01141	0.30487	0.36332	0.14709	0.10371	0.00624	0.00162	0.00218	0.00845	0.00361	0.00318
34	0.00663	0.00543	0.02044	0.01771	0.00739	0.00548	0.00464	0.07201	0.14992	0.01283	0.16571	0.14870	0.17262	0.05208	0.08724	0.00190	0.01460	0.04719	0.00343	0.00403
35	0.00538	0.00394	0.00553	0.00556	0.00609	0.00437	0.00410	0.00643	0.00625	0.00881	0.04366	0.05451	0.02785	0.20211	0.59206	0.00511	0.00798	0.00484	0.00226	0.00315
36	0.00916	0.00943	0.03835	0.19648	0.19920	0.06658	0.17196	0.08734	0.00912	0.01217	0.02089	0.03584	0.01802	0.00437	0.00494	0.00126	0.10395	0.00385	0.00210	0.00498
37	0.00786	0.00674	0.00786	0.00562	0.00899	0.00506	0.00449	0.00955	0.00786	0.01236	0.00674	0.00786	0.00562	0.00281	0.00281	0.00056	0.00281	0.00225	0.00225	0.88990
38	0.89350	0.00733	0.00557	0.00499	0.00733	0.00851	0.00411	0.01115	0.00645	0.01702	0.00528	0.00616	0.00411	0.00352	0.00235	0.00117	0.00293	0.00205	0.00235	0.00411
39	0.00538	0.00432	0.00494	0.00538	0.00612	0.02610	0.00387	0.00709	0.07819	0.01065	0.05432	0.49148	0.21061	0.01033	0.00465	0.00145	0.00240	0.06576	0.00353	0.00344
40	0.00456	0.00358	0.00413	0.00455	0.00531	0.00315	0.00320	0.00539	0.00801	0.01005	0.04268	0.43767	0.43290	0.01068	0.00466	0.00141	0.00205	0.00933	0.00353	0.00315
41	0.00831	0.06522	0.00872	0.00699	0.00869	0.05074	0.02980	0.05756	0.24411	0.03288	0.08319	0.03342	0.12435	0.03233	0.11314	0.00192	0.05794	0.01603	0.00309	0.02159
42	0.89350	0.00733	0.00557	0.00499	0.00733	0.00851	0.00411	0.01115	0.00645	0.01702	0.00528	0.00616	0.00411	0.00352	0.00235	0.00117	0.00293	0.00205	0.00235	0.00411
43	0.73486	0.00779	0.00647	0.00561	0.00803	0.00897	0.00460	0.11547	0.05222	0.01783	0.00631	0.00696	0.00480	0.00374	0.00261	0.00118	0.00309	0.00235	0.00261	0.00451

[dist]
# distance from previous block
# <min> <max>
0	11

[block]
# block no. 2 follows, 72 sequences, length 8
# corresponding to MSA columns:
# 124-131
name=unknown_C
#
# <colnr> <probs for GDERKNQSTAVLIFYWHMCP>
#	G	D	E	R	K	N	Q	S	T	A	V	L	I	F	Y	W	H	M	C	P
0	0.00948	0.03213	0.03739	0.04471	0.04777	0.03473	0.02715	0.19037	0.07621	0.06847	0.26386	0.01681	0.03080	0.00566	0.00439	0.00119	0.04375	0.02640	0.00339	0.03535
1	0.00539	0.00416	0.00497	0.00491	0.00577	0.00402	0.00359	0.03813	0.00874	0.01154	0.22807	0.19434	0.30252	0.08124	0.05403	0.00179	0.03246	0.00750	0.00344	0.00337
2	0.00961	0.05108	0.16731	0.06800	0.08238	0.09270	0.05590	0.07760	0.27728	0.01367	0.03086	0.01139	0.00839	0.00443	0.00390	0.00120	0.01837	0.01780	0.00268	0.00544
3	0.00767	0.00716	0.00988	0.00866	0.00880	0.00969	0.00707	0.00858	0.00618	0.00959	0.03189	0.05298	0.00785	0.04678	0.05268	0.00189	0.65056	0.00395	0.06420	0.00391
4	0.00976	0.32929	0.15851	0.03716	0.03893	0.12069	0.06374	0.04986	0.04197	0.01107	0.03148	0.00940	0.03873	0.00407	0.00367	0.00106	0.04059	0.00305	0.00203	0.00495
5	0.00656	0.00374	0.00394	0.00405	0.00492	0.00371	0.00298	0.00849	0.04693	0.01315	0.01603	0.16138	0.07788	0.00614	0.00323	0.00105	0.00191	0.00516	0.62522	0.00355
6	0.09897	0.00802	0.00821	0.00640	0.00909	0.07058	0.00513	0.13093	0.00939	0.01433	0.03475	0.00890	0.00676	0.00370	0.00353	0.00084	0.05052	0.00271	0.05872	0.46853
7	0.01040	0.05687	0.00885	0.02456	0.02466	0.12322	0.00566	0.09564	0.12725	0.14638	0.08653	0.13359	0.04267	0.00590	0.00385	0.00115	0.00355	0.01667	0.00334	0.07927

[dist]
# distance from previous block
# <min> <max>
1	4

[block]
# block no. 3 follows, 72 sequences, length 28
# corresponding to MSA columns:
# 136-163
name=unknown_D
#
# <colnr> <probs for GDERKNQSTAVLIFYWHMCP>
#	G	D	E	R	K	N	Q	S	T	A	V	L	I	F	Y	W	H	M	C	P
0	0.00795	0.00743	0.01236	0.62489	0.22575	0.00868	0.01069	0.03757	0.00818	0.01083	0.00692	0.00990	0.00534	0.00372	0.00378	0.00123	0.00489	0.00337	0.00180	0.00473
1	0.44039	0.00794	0.00753	0.00611	0.00873	0.00857	0.00501	0.24385	0.01011	0.04532	0.00729	0.00791	0.00548	0.00380	0.00289	0.00106	0.00321	0.00261	0.05333	0.12883
2	0.00524	0.00392	0.00452	0.00437	0.00550	0.00343	0.00328	0.00655	0.00952	0.03818	0.36798	0.06401	0.45231	0.00878	0.00447	0.00125	0.00192	0.00751	0.00383	0.00345
3	0.57449	0.00835	0.00748	0.00627	0.00881	0.00953	0.00515	0.25195	0.06732	0.01895	0.00711	0.00758	0.00531	0.00394	0.00288	0.00117	0.00330	0.00261	0.00288	0.00493
4	0.00556	0.00398	0.00587	0.00587	0.00649	0.00456	0.00450	0.00666	0.00605	0.00876	0.01000	0.01488	0.00938	0.04885	0.73790	0.07479	0.00919	0.00403	0.02947	0.00323
5	0.00552	0.00382	0.00500	0.00500	0.00529	0.00411	0.00338	0.00602	0.00574	0.00794	0.01095	0.02002	0.01164	0.47291	0.37242	0.04414	0.00641	0.00480	0.00216	0.00273
6	0.00489	0.00346	0.00452	0.00519	0.00560	0.00320	0.00357	0.00571	0.00777	0.02236	0.09848	0.69533	0.08574	0.01120	0.00477	0.00149	0.00218	0.02774	0.00360	0.00319
7	0.00703	0.05589	0.55657	0.00893	0.01302	0.00766	0.01062	0.01056	0.03564	0.01148	0.01257	0.12400	0.09643	0.00555	0.00386	0.00125	0.00455	0.02728	0.00218	0.00494
8	0.05271	0.00640	0.00758	0.00575	0.00860	0.00528	0.00458	0.02903	0.00863	0.14886	0.07490	0.02355	0.00915	0.02299	0.02565	0.00098	0.00303	0.00313	0.00285	0.55636
9	0.00487	0.00362	0.00459	0.00523	0.00582	0.00334	0.00381	0.00583	0.00796	0.01033	0.06089	0.51169	0.20187	0.01097	0.00481	0.00150	0.00234	0.14378	0.00355	0.00320
10	0.00558	0.00360	0.00435	0.00473	0.00540	0.00337	0.00340	0.00674	0.00812	0.02598	0.10790	0.40257	0.12529	0.00911	0.00422	0.00131	0.00210	0.05089	0.22198	0.00334
11	0.00692	0.00461	0.00566	0.00565	0.00674	0.02220	0.00441	0.02301	0.00828	0.08949	0.04446	0.17318	0.14049	0.03458	0.15665	0.00227	0.00407	0.16275	0.07700	0.02757
12	0.00464	0.00337	0.00439	0.00515	0.00548	0.00311	0.00347	0.00537	0.00751	0.00996	0.05733	0.76560	0.08755	0.01153	0.00480	0.00151	0.00216	0.01040	0.00355	0.00311
13	0.09771	0.00663	0.00845	0.00657	0.00939	0.00606	0.00542	0.05462	0.01067	0.70470	0.01372	0.01215	0.00878	0.00457	0.00364	0.00116	0.00320	0.00362	0.03279	0.00614
14	0.00770	0.00656	0.00769	0.00560	0.00881	0.00495	0.00444	0.00933	0.00783	0.01222	0.00747	0.05214	0.00662	0.00328	0.00291	0.00061	0.00278	0.00269	0.00231	0.84405
15	0.00552	0.00368	0.00414	0.00414	0.00414	0.00368	0.00230	0.00552	0.00552	0.00735	0.01195	0.02482	0.01379	0.86672	0.01930	0.00368	0.00368	0.00552	0.00230	0.00230
16	0.04036	0.00707	0.00769	0.00641	0.00846	0.00754	0.00521	0.35788	0.02748	0.09418	0.01162	0.01376	0.00905	0.00493	0.00345	0.00110	0.00311	0.06386	0.32173	0.00510
17	0.00937	0.00905	0.01563	0.02303	0.81548	0.00903	0.03903	0.01166	0.00865	0.01238	0.00715	0.00941	0.00600	0.00337	0.00378	0.00113	0.00457	0.00342	0.00188	0.00598
18	0.05004	0.00849	0.03302	0.03285	0.26605	0.05100	0.03508	0.04816	0.08226	0.17843	0.04162	0.03445	0.02167	0.00533	0.02666	0.00134	0.06291	0.01234	0.00287	0.00543
19	0.00976	0.03689	0.01080	0.00996	0.15851	0.05556	0.04032	0.02523	0.02051	0.10121	0.00767	0.00880	0.00608	0.00353	0.00388	0.00089	0.06301	0.00284	0.00240	0.43215
20	0.00526	0.00385	0.00473	0.00504	0.00563	0.00368	0.00360	0.00647	0.03445	0.01055	0.14892	0.28906	0.14902	0.19412	0.00786	0.00192	0.00261	0.11669	0.00337	0.00316
21	0.01195	0.09104	0.05353	0.04343	0.10183	0.27663	0.03983	0.21755	0.07538	0.01410	0.02127	0.00886	0.00645	0.00410	0.00371	0.00109	0.01828	0.00311	0.00252	0.00531
22	0.00706	0.00421	0.00518	0.00488	0.00614	0.00372	0.00367	0.00833	0.00941	0.15905	0.27392	0.17220	0.28608	0.00843	0.00437	0.00127	0.00216	0.00727	0.02880	0.00388
23	0.00741	0.00642	0.00840	0.14259	0.11771	0.00700	0.00647	0.01229	0.29870	0.01305	0.13448	0.10592	0.11127	0.00630	0.00410	0.00127	0.00314	0.00550	0.00323	0.00474
24	0.00499	0.00348	0.00433	0.00486	0.00504	0.00334	0.00311	0.00544	0.00668	0.00886	0.01793	0.50637	0.04031	0.33374	0.01029	0.00234	0.00278	0.03023	0.00306	0.00280
25	0.00844	0.00864	0.06854	0.26533	0.22334	0.00876	0.05400	0.03227	0.19440	0.01245	0.02712	0.02244	0.00790	0.01564	0.01404	0.00133	0.02401	0.00381	0.00237	0.00520
26	0.89350	0.00733	0.00557	0.00499	0.00733	0.00851	0.00411	0.01115	0.00645	0.01702	0.00528	0.00616	0.00411	0.00352	0.00235	0.00117	0.00293	0.00205	0.00235	0.00411
27	0.00605	0.03438	0.06084	0.00513	0.00697	0.00446	0.00434	0.00766	0.00912	0.03011	0.29358	0.05508	0.28706	0.00718	0.00406	0.00112	0.00239	0.01547	0.01485	0.15012

[dist]
# distance from previous block
# <min> <max>
4	10

[block]
# block no. 4 follows, 72 sequences, length 21
# corresponding to MSA columns:
# 175-195
name=unknown_E
#
# <colnr> <probs for GDERKNQSTAVLIFYWHMCP>
#	G	D	E	R	K	N	Q	S	T	A	V	L	I	F	Y	W	H	M	C	P
0	0.21102	0.06286	0.12379	0.02472	0.02879	0.10099	0.04528	0.02227	0.06268	0.03652	0.02189	0.04595	0.07255	0.00650	0.06126	0.00152	0.02966	0.01923	0.01800	0.00452
1	0.01030	0.69348	0.10664	0.00717	0.01064	0.01403	0.00736	0.09306	0.00875	0.01074	0.00582	0.00659	0.00502	0.00341	0.00269	0.00089	0.00423	0.00225	0.00184	0.00510
2	0.00794	0.00569	0.00716	0.00586	0.00818	0.00473	0.03147	0.00963	0.02775	0.11792	0.05927	0.10490	0.15399	0.00601	0.00377	0.00102	0.00277	0.06228	0.00312	0.37653
3	0.19310	0.00973	0.00994	0.00787	0.01069	0.01089	0.00647	0.59006	0.08966	0.02177	0.00890	0.00896	0.00644	0.00440	0.00350	0.00116	0.00381	0.00322	0.00350	0.00593
4	0.00593	0.00408	0.00515	0.00475	0.00588	0.00366	0.00360	0.00757	0.01035	0.06038	0.65009	0.02828	0.15983	0.00776	0.00440	0.00119	0.00191	0.00676	0.00406	0.02436
5	0.00982	0.76216	0.12392	0.00703	0.01057	0.01423	0.00744	0.01144	0.00774	0.00931	0.00547	0.00633	0.00486	0.00329	0.00258	0.00086	0.00425	0.00213	0.00162	0.00496
6	0.02921	0.00635	0.00789	0.06165	0.00953	0.00673	0.00564	0.13950	0.08668	0.18323	0.11795	0.13691	0.05364	0.02375	0.00501	0.00136	0.06050	0.05603	0.00362	0.00481
7	0.00482	0.00375	0.00431	0.00454	0.00540	0.00334	0.00331	0.00579	0.00833	0.01055	0.12401	0.22204	0.43535	0.07825	0.00580	0.00156	0.00223	0.06996	0.00350	0.00317
8	0.00828	0.00794	0.01371	0.36256	0.42701	0.00857	0.05762	0.01068	0.00831	0.01139	0.04242	0.01054	0.00687	0.00372	0.00384	0.00119	0.00472	0.00359	0.00190	0.00512
9	0.04176	0.00661	0.00810	0.00702	0.00876	0.00713	0.03229	0.04548	0.31983	0.16383	0.04896	0.03145	0.01092	0.02952	0.00653	0.15418	0.03957	0.01682	0.01638	0.00484
10	0.16432	0.00771	0.00840	0.00689	0.00935	0.00820	0.00557	0.23158	0.16736	0.22768	0.09552	0.01256	0.01080	0.00484	0.00361	0.00118	0.00321	0.00380	0.02181	0.00561
11	0.06326	0.00575	0.00650	0.00588	0.00743	0.02220	0.00449	0.06100	0.13183	0.16820	0.07457	0.13502	0.15130	0.02638	0.00564	0.10395	0.00287	0.01591	0.00351	0.00432
12	0.00486	0.00351	0.00455	0.00525	0.00564	0.00329	0.00367	0.00567	0.00758	0.01001	0.05778	0.61674	0.09405	0.06465	0.00574	0.00166	0.00239	0.09640	0.00347	0.00311
13	0.00861	0.00703	0.00848	0.00678	0.05531	0.00560	0.00506	0.04782	0.00848	0.04541	0.00719	0.00820	0.00582	0.00299	0.00295	0.00064	0.00298	0.00242	0.00239	0.76581
14	0.00602	0.00445	0.00549	0.00537	0.00629	0.00441	0.00399	0.03349	0.04888	0.04224	0.28263	0.28364	0.19214	0.00900	0.00496	0.00135	0.05052	0.00776	0.00369	0.00369
15	0.00526	0.00377	0.00516	0.00575	0.00622	0.00380	0.00430	0.00629	0.00730	0.00982	0.03456	0.38962	0.02028	0.09642	0.17568	0.00270	0.00425	0.21251	0.00311	0.00318
16	0.09972	0.02693	0.18966	0.06265	0.30906	0.10552	0.08535	0.02188	0.00857	0.02890	0.00686	0.00858	0.00539	0.00361	0.00376	0.00116	0.02202	0.00310	0.00194	0.00532
17	0.00887	0.00838	0.01284	0.14751	0.37817	0.05747	0.08401	0.05463	0.00898	0.02639	0.01015	0.11436	0.03567	0.00487	0.00397	0.00121	0.00445	0.01574	0.00229	0.02005
18	0.00598	0.00407	0.00475	0.03148	0.00525	0.00419	0.00286	0.04070	0.00610	0.00814	0.01144	0.02299	0.01285	0.75301	0.03969	0.03250	0.00390	0.00525	0.00231	0.00254
19	0.47479	0.00562	0.00516	0.00502	0.00652	0.00612	0.00384	0.00887	0.00716	0.02892	0.07279	0.20598	0.05882	0.06348	0.00443	0.00145	0.00270	0.03177	0.00289	0.00369
20	0.11428	0.00471	0.00542	0.00508	0.00638	0.00455	0.02973	0.03674	0.00871	0.03628	0.16078	0.15444	0.32335	0.03738	0.03253	0.00151	0.00265	0.00679	0.02507	0.00361

[dist]
# distance from previous block
# <min> <max>
1	5

[block]
# block no. 5 follows, 72 sequences, length 14
# corresponding to MSA columns:
# 215-228
name=unknown_F
#
# <colnr> <probs for GDERKNQSTAVLIFYWHMCP>
#	G	D	E	R	K	N	Q	S	T	A	V	L	I	F	Y	W	H	M	C	P
0	0.19054	0.07508	0.20046	0.10360	0.09617	0.10943	0.00877	0.07623	0.00887	0.03518	0.03178	0.00856	0.00601	0.00392	0.00359	0.00115	0.03063	0.00288	0.00217	0.00497
1	0.00556	0.00408	0.00504	0.00503	0.00590	0.00381	0.02061	0.00706	0.04535	0.01138	0.14818	0.33025	0.14679	0.09052	0.00570	0.00151	0.00234	0.00755	0.10316	0.05019
2	0.00912	0.10687	0.46597	0.00965	0.05064	0.00885	0.01046	0.06982	0.03403	0.09223	0.04942	0.02547	0.02528	0.00473	0.02025	0.00125	0.00475	0.00340	0.00234	0.00546
3	0.00469	0.00347	0.00429	0.00486	0.00533	0.00317	0.00330	0.00542	0.00762	0.00992	0.06457	0.58232	0.20707	0.06825	0.00571	0.00161	0.00222	0.00962	0.00347	0.00308
4	0.00888	0.04692	0.01335	0.25017	0.35971	0.00942	0.02384	0.01160	0.07125	0.03641	0.00752	0.00977	0.00607	0.00411	0.00494	0.00124	0.12418	0.00341	0.00202	0.00520
5	0.00528	0.00434	0.00471	0.00453	0.00581	0.00401	0.00342	0.00757	0.10256	0.01224	0.25582	0.03174	0.52706	0.00859	0.00441	0.00126	0.00201	0.00727	0.00374	0.00362
6	0.00737	0.00672	0.00818	0.04553	0.04674	0.10167	0.07934	0.04177	0.05019	0.02608	0.13210	0.36051	0.06235	0.00799	0.00437	0.00132	0.00340	0.00716	0.00318	0.00401
7	0.00981	0.00866	0.01486	0.11478	0.51945	0.00877	0.11746	0.05267	0.00916	0.07207	0.00796	0.00994	0.00623	0.00358	0.00383	0.00116	0.00463	0.00356	0.02575	0.00567
8	0.00716	0.00674	0.01138	0.85760	0.02612	0.00843	0.01053	0.00969	0.00758	0.00969	0.00674	0.01011	0.00506	0.00379	0.00379	0.00126	0.00506	0.00337	0.00169	0.00421
9	0.65172	0.00807	0.00706	0.00593	0.00847	0.00915	0.00489	0.20274	0.00929	0.05316	0.00658	0.00713	0.00487	0.00381	0.00275	0.00117	0.00324	0.00244	0.00278	0.00475
10	0.01020	0.00710	0.00763	0.00675	0.00846	0.07799	0.00541	0.19932	0.01118	0.13839	0.11388	0.07620	0.03570	0.00766	0.04897	0.00150	0.01842	0.11978	0.10078	0.00468
11	0.01095	0.00717	0.00895	0.00846	0.10681	0.04121	0.00597	0.03737	0.04696	0.26079	0.01118	0.05192	0.00898	0.00562	0.04180	0.00123	0.00369	0.04593	0.00316	0.29183
12	0.16327	0.00674	0.00736	0.00548	0.00858	0.00561	0.00439	0.00974	0.00772	0.01328	0.03718	0.00832	0.00646	0.00312	0.00279	0.00069	0.00279	0.00238	0.00234	0.70176
13	0.16155	0.08543	0.07078	0.03867	0.03720	0.07637	0.03339	0.02036	0.03473	0.03390	0.01088	0.23001	0.02060	0.00582	0.00369	0.00116	0.01636	0.00482	0.00256	0.11168

[dist]
# distance from previous block
# <min> <max>
0	4

[block]
# block no. 6 follows, 72 sequences, length 14
# corresponding to MSA columns:
# 233-246
name=unknown_G
#
# <colnr> <probs for GDERKNQSTAVLIFYWHMCP>
#	G	D	E	R	K	N	Q	S	T	A	V	L	I	F	Y	W	H	M	C	P
0	0.79524	0.00724	0.00594	0.00518	0.00760	0.00818	0.00427	0.01197	0.00695	0.10992	0.00637	0.00692	0.00470	0.00365	0.00251	0.00117	0.00297	0.00225	0.00261	0.00437
1	0.81864	0.04319	0.00643	0.00526	0.00755	0.00891	0.00439	0.01107	0.00648	0.01634	0.00527	0.00625	0.00418	0.00364	0.00279	0.00118	0.03990	0.00211	0.00229	0.00414
2	0.89350	0.00733	0.00557	0.00499	0.00733	0.00851	0.00411	0.01115	0.00645	0.01702	0.00528	0.00616	0.00411	0.00352	0.00235	0.00117	0.00293	0.00205	0.00235	0.00411
3	0.00727	0.01619	0.65217	0.00972	0.01437	0.00781	0.04442	0.01107	0.00826	0.01222	0.06225	0.01172	0.06492	0.00431	0.00370	0.00119	0.00491	0.00353	0.05481	0.00517
4	0.00525	0.00386	0.00477	0.00454	0.00551	0.00350	0.00340	0.00687	0.01021	0.01417	0.64936	0.02945	0.19677	0.00800	0.00441	0.00120	0.00181	0.00697	0.03644	0.00350
5	0.00737	0.00857	0.11636	0.02343	0.02562	0.05097	0.11209	0.00956	0.04754	0.01082	0.04790	0.13920	0.06365	0.05300	0.04610	0.00171	0.17431	0.02274	0.03489	0.00418
6	0.00511	0.00351	0.00426	0.00465	0.00475	0.00341	0.00285	0.00541	0.00630	0.00840	0.01597	0.40164	0.01886	0.48297	0.01281	0.00272	0.00301	0.00788	0.00285	0.00265
7	0.00821	0.00698	0.00961	0.17941	0.14873	0.00775	0.00738	0.11010	0.14485	0.01378	0.14806	0.09173	0.03948	0.00585	0.00448	0.00127	0.04664	0.01789	0.00299	0.00482
8	0.00742	0.00411	0.00456	0.00431	0.00521	0.00407	0.00311	0.04697	0.00833	0.06538	0.10001	0.05228	0.01380	0.19248	0.00668	0.00158	0.00241	0.00462	0.46910	0.00357
9	0.08954	0.09862	0.00948	0.04614	0.01006	0.07026	0.00533	0.03105	0.00844	0.08973	0.00721	0.00805	0.00569	0.00326	0.00294	0.00078	0.00343	0.00245	0.00241	0.50513
10	0.04738	0.00716	0.00821	0.03122	0.00917	0.00780	0.00560	0.23340	0.10224	0.04306	0.15931	0.02876	0.11623	0.00597	0.00484	0.00121	0.09861	0.00466	0.02276	0.06240
11	0.00749	0.00649	0.01053	0.13884	0.04287	0.00660	0.18463	0.09944	0.00953	0.01305	0.12821	0.17894	0.07503	0.00631	0.00420	0.00126	0.00374	0.00587	0.07266	0.00429
12	0.00738	0.00669	0.00960	0.18825	0.21774	0.03075	0.02527	0.04746	0.00923	0.01224	0.15915	0.03512	0.19202	0.00578	0.00404	0.00119	0.00358	0.00508	0.00273	0.03669
13	0.05102	0.00807	0.02385	0.19088	0.13912	0.04963	0.07283	0.04904	0.08364	0.10404	0.02819	0.07644	0.00874	0.02008	0.00427	0.00124	0.02361	0.00409	0.00264	0.05858

[dist]
# distance from previous block
# <min> <max>
8	11

[block]
# block no. 7 follows, 72 sequences, length 12
# corresponding to MSA columns:
# 267-271,276-282
name=unknown_H
#
# <colnr> <probs for GDERKNQSTAVLIFYWHMCP>
#	G	D	E	R	K	N	Q	S	T	A	V	L	I	F	Y	W	H	M	C	P
0	0.02491	0.00744	0.03182	0.13805	0.05838	0.00712	0.07590	0.11161	0.05595	0.06883	0.09225	0.01433	0.06416	0.02979	0.00421	0.00116	0.00371	0.01959	0.00284	0.18794
1	0.51729	0.00741	0.00659	0.00552	0.00806	0.03145	0.00445	0.03253	0.04420	0.02901	0.00753	0.03005	0.02424	0.00382	0.00274	0.00102	0.00301	0.00264	0.00251	0.23593
2	0.00784	0.00714	0.01143	0.17738	0.36351	0.00748	0.03218	0.01058	0.07135	0.01186	0.04644	0.05090	0.06147	0.00548	0.00411	0.00128	0.00405	0.11813	0.00248	0.00490
3	0.00485	0.00384	0.00428	0.00418	0.00526	0.00336	0.00309	0.00604	0.00920	0.01181	0.31493	0.03303	0.51724	0.05581	0.00529	0.00138	0.00197	0.00747	0.00368	0.00328
4	0.01083	0.00846	0.01227	0.04496	0.42529	0.00877	0.00887	0.22291	0.01093	0.08232	0.00885	0.01057	0.00695	0.02988	0.03227	0.00136	0.00432	0.00352	0.06095	0.00574
5	0.00998	0.00801	0.01170	0.43105	0.16912	0.02525	0.00943	0.14022	0.04485	0.10091	0.00840	0.01022	0.00618	0.00399	0.00378	0.00121	0.00457	0.00345	0.00247	0.00520
6	0.00459	0.00385	0.00400	0.00396	0.00519	0.00325	0.00297	0.00566	0.00891	0.01087	0.13966	0.03547	0.73989	0.00937	0.00448	0.00127	0.00190	0.00786	0.00360	0.00325
7	0.00734	0.00685	0.01116	0.79181	0.02486	0.00850	0.01018	0.01050	0.07173	0.01017	0.00741	0.01042	0.00556	0.00390	0.00380	0.00127	0.00490	0.00344	0.00185	0.00435
8	0.89350	0.00733	0.00557	0.00499	0.00733	0.00851	0.00411	0.01115	0.00645	0.01702	0.00528	0.00616	0.00411	0.00352	0.00235	0.00117	0.00293	0.00205	0.00235	0.00411
9	0.00579	0.00450	0.00579	0.00536	0.00650	0.00432	0.03004	0.00829	0.09590	0.01388	0.52913	0.05077	0.16494	0.00797	0.00470	0.02324	0.00218	0.02909	0.00386	0.00375
10	0.01613	0.00683	0.00893	0.00689	0.00973	0.00622	0.00567	0.11580	0.01169	0.70570	0.05496	0.01321	0.01033	0.00483	0.00384	0.00117	0.00327	0.00392	0.00456	0.00631
11	0.00630	0.00459	0.00640	0.00615	0.00687	0.00532	0.00475	0.05886	0.00680	0.00981	0.00978	0.01444	0.00909	0.06660	0.61278	0.06675	0.05145	0.00398	0.04583	0.00345

[dist]
# distance from previous block
# <min> <max>
0	54

[block]
# block no. 8 follows, 72 sequences, length 22
# corresponding to MSA columns:
# 345-366
name=unknown_I
#
# <colnr> <probs for GDERKNQSTAVLIFYWHMCP>
#	G	D	E	R	K	N	Q	S	T	A	V	L	I	F	Y	W	H	M	C	P
0	0.01192	0.00700	0.00795	0.00649	0.00870	0.00724	0.00523	0.26953	0.09978	0.22397	0.06921	0.01374	0.02998	0.00495	0.00359	0.00111	0.00302	0.00398	0.21717	0.00543
1	0.00793	0.00591	0.00658	0.00608	0.00760	0.00638	0.00471	0.04982	0.34839	0.02990	0.21242	0.05889	0.03337	0.00626	0.00391	0.00122	0.00252	0.04369	0.15973	0.00471
2	0.14788	0.00801	0.06007	0.47689	0.19695	0.00849	0.00979	0.01046	0.00766	0.01165	0.00671	0.00929	0.00519	0.00366	0.00352	0.00121	0.00457	0.00313	0.02021	0.00465
3	0.00560	0.00412	0.00527	0.00494	0.00590	0.00391	0.00372	0.00790	0.05772	0.01525	0.79406	0.02752	0.03441	0.00760	0.00444	0.00120	0.00186	0.00671	0.00416	0.00372
4	0.01377	0.01062	0.01091	0.00850	0.01144	0.06315	0.00695	0.66520	0.06607	0.03976	0.00928	0.00928	0.00668	0.00445	0.00372	0.00110	0.00417	0.00335	0.00361	0.05801
5	0.05317	0.00736	0.00852	0.00697	0.05799	0.02739	0.00519	0.05111	0.00865	0.08231	0.00747	0.00832	0.00590	0.00315	0.00299	0.00071	0.00312	0.00250	0.00250	0.65468
6	0.01382	0.00905	0.01206	0.00918	0.01222	0.00931	0.13720	0.37254	0.09797	0.26923	0.01129	0.01095	0.00775	0.00444	0.00391	0.00119	0.00412	0.00379	0.00377	0.00619
7	0.01706	0.03743	0.00696	0.00649	0.00758	0.14044	0.00509	0.02613	0.02728	0.01068	0.06072	0.15545	0.14950	0.05707	0.04738	0.00174	0.04305	0.19329	0.00300	0.00366
8	0.10479	0.00880	0.00805	0.00686	0.00900	0.18935	0.00539	0.05647	0.07217	0.25711	0.17476	0.01374	0.01300	0.00497	0.00364	0.00111	0.00366	0.00390	0.03500	0.02823
9	0.01281	0.01406	0.05996	0.00994	0.04128	0.47233	0.04805	0.05789	0.01022	0.11770	0.00763	0.00869	0.00594	0.00579	0.06169	0.00143	0.05436	0.00298	0.00237	0.00485
10	0.00752	0.00693	0.01138	0.81575	0.02541	0.00859	0.01037	0.05015	0.00809	0.01039	0.00686	0.01006	0.00512	0.00383	0.00379	0.00126	0.00501	0.00337	0.00179	0.00432
11	0.00612	0.00432	0.00567	0.00622	0.00718	0.00420	0.00516	0.00789	0.03728	0.04063	0.03604	0.15925	0.15180	0.01011	0.00495	0.00160	0.00300	0.50144	0.00357	0.00358
12	0.00525	0.00414	0.00462	0.00445	0.00563	0.00378	0.00335	0.00722	0.06614	0.01265	0.34234	0.03111	0.44961	0.00842	0.00438	0.00123	0.00194	0.00716	0.03302	0.00355
13	0.00933	0.37745	0.26230	0.00816	0.01153	0.01158	0.00865	0.07669	0.02745	0.02254	0.00681	0.00862	0.00579	0.06084	0.00501	0.00124	0.08626	0.00280	0.00193	0.00502
14	0.16874	0.00855	0.05174	0.00748	0.02168	0.00838	0.00629	0.25409	0.06208	0.29660	0.05122	0.01104	0.00865	0.00459	0.00375	0.00118	0.02099	0.00350	0.00368	0.00578
15	0.01585	0.00650	0.00858	0.00668	0.00945	0.00584	0.00548	0.04851	0.04736	0.72129	0.03993	0.01334	0.01019	0.00479	0.00379	0.00117	0.00315	0.00390	0.03796	0.00624
16	0.00823	0.00787	0.01347	0.45261	0.40499	0.00872	0.02848	0.01065	0.00810	0.01100	0.00694	0.00978	0.00551	0.00359	0.00379	0.00120	0.00483	0.00340	0.00178	0.00506
17	0.34352	0.03639	0.09930	0.00964	0.11984	0.04630	0.04202	0.16409	0.00961	0.06746	0.00712	0.00799	0.00534	0.00384	0.00338	0.00116	0.02248	0.00282	0.00255	0.00518
18	0.00607	0.00459	0.02318	0.00496	0.00621	0.00407	0.00387	0.02159	0.04710	0.05235	0.48254	0.06788	0.22739	0.00793	0.00437	0.00123	0.00208	0.00686	0.02195	0.00380
19	0.00479	0.00342	0.00460	0.00548	0.00578	0.00323	0.00382	0.00558	0.00743	0.00988	0.02081	0.76865	0.02470	0.01172	0.00489	0.00156	0.00235	0.10466	0.00352	0.00313
20	0.01045	0.01173	0.00998	0.10657	0.10121	0.40137	0.00741	0.04070	0.00943	0.01032	0.00960	0.17758	0.00962	0.00577	0.00427	0.00120	0.04484	0.03130	0.00233	0.00432
21	0.10020	0.09782	0.03135	0.07164	0.21597	0.10493	0.10681	0.01991	0.00851	0.02987	0.00705	0.00860	0.01331	0.00345	0.00336	0.00101	0.00449	0.00296	0.00206	0.16671

[dist]
# distance from previous block
# <min> <max>
0	1

[block]
# block no. 9 follows, 72 sequences, length 15
# corresponding to MSA columns:
# 368-382
name=unknown_J
#
# <colnr> <probs for GDERKNQSTAVLIFYWHMCP>
#	G	D	E	R	K	N	Q	S	T	A	V	L	I	F	Y	W	H	M	C	P
0	0.00575	0.00400	0.00494	0.00504	0.00557	0.00399	0.00344	0.00697	0.04950	0.02955	0.09164	0.24751	0.05124	0.31333	0.11887	0.00279	0.00378	0.01910	0.01769	0.01527
1	0.10148	0.00542	0.00593	0.00564	0.01862	0.03168	0.02036	0.07610	0.00937	0.01327	0.20008	0.19946	0.23344	0.00786	0.00413	0.00125	0.00256	0.00671	0.02197	0.03469
2	0.04168	0.00659	0.00725	0.00569	0.00815	0.00615	0.00453	0.17030	0.02739	0.04121	0.02515	0.01072	0.00779	0.02253	0.00339	0.00089	0.00283	0.00305	0.23270	0.37201
3	0.00949	0.63130	0.19526	0.00740	0.01113	0.01314	0.00800	0.01163	0.02764	0.00989	0.00590	0.00676	0.00505	0.00335	0.00273	0.00090	0.00431	0.00226	0.00170	0.04218
4	0.00590	0.00449	0.00523	0.00494	0.00616	0.00429	0.00374	0.00861	0.12197	0.03357	0.43748	0.05067	0.28259	0.00801	0.00439	0.00124	0.00204	0.00690	0.00392	0.00385
5	0.00792	0.02421	0.04321	0.00746	0.00856	0.19684	0.00601	0.00916	0.00718	0.00899	0.00846	0.01249	0.00791	0.07417	0.45355	0.00395	0.11060	0.00361	0.00196	0.00375
6	0.00458	0.00381	0.00395	0.00397	0.00513	0.00324	0.00293	0.00554	0.00858	0.01040	0.08432	0.07193	0.72384	0.04464	0.00510	0.00138	0.00200	0.00796	0.00351	0.00318
7	0.00938	0.00689	0.00769	0.00692	0.00844	0.05625	0.00532	0.02904	0.29127	0.14005	0.01261	0.02835	0.01047	0.11978	0.21184	0.00274	0.04085	0.00426	0.00314	0.00476
8	0.01256	0.00739	0.00865	0.00710	0.00955	0.00762	0.00571	0.16685	0.26718	0.32409	0.09420	0.01504	0.04608	0.00530	0.00391	0.00121	0.00314	0.00435	0.00417	0.00591
9	0.00997	0.74736	0.02023	0.00783	0.01116	0.01424	0.12303	0.01147	0.00788	0.00938	0.00561	0.00667	0.00499	0.00324	0.00272	0.00088	0.00439	0.00237	0.00166	0.00490
10	0.00740	0.00597	0.00909	0.00770	0.00876	0.00675	0.09008	0.00898	0.00853	0.07198	0.34513	0.01787	0.01848	0.00968	0.12665	0.00202	0.24286	0.00501	0.00298	0.00407
11	0.00871	0.12808	0.00926	0.11939	0.01011	0.01744	0.00574	0.12619	0.03808	0.03429	0.02644	0.02274	0.00832	0.00825	0.04978	0.23609	0.02188	0.04251	0.08278	0.00391
12	0.04069	0.00840	0.01393	0.27981	0.33030	0.00890	0.11710	0.08172	0.00908	0.02911	0.00732	0.00959	0.00570	0.00359	0.00378	0.00117	0.00475	0.00344	0.00207	0.03952
13	0.61487	0.00720	0.00696	0.00645	0.05381	0.00777	0.00491	0.01310	0.00773	0.23433	0.00792	0.00811	0.00560	0.00382	0.00281	0.00117	0.00310	0.00259	0.00294	0.00483
14	0.04099	0.09387	0.20457	0.00867	0.06009	0.03012	0.04129	0.04479	0.02376	0.09560	0.03582	0.00954	0.01751	0.00369	0.00332	0.00096	0.00399	0.00298	0.00241	0.27604

[dist]
# distance from previous block
# <min> <max>
4	17

[block]
# block no. 10 follows, 72 sequences, length 13
# corresponding to MSA columns:
# 400-403,407-409,413-418
name=unknown_K
#
# <colnr> <probs for GDERKNQSTAVLIFYWHMCP>
#	G	D	E	R	K	N	Q	S	T	A	V	L	I	F	Y	W	H	M	C	P
0	0.15118	0.00994	0.01037	0.00806	0.01099	0.01100	0.00666	0.66924	0.01577	0.05706	0.00875	0.00881	0.00621	0.00440	0.00357	0.00115	0.00394	0.00322	0.00361	0.00609
1	0.00741	0.00622	0.00727	0.00549	0.00835	0.00485	0.00432	0.02554	0.00831	0.01254	0.07676	0.05982	0.05911	0.00416	0.00318	0.00072	0.00267	0.00347	0.00258	0.69722
2	0.84896	0.00729	0.00574	0.00508	0.00745	0.00836	0.00418	0.01152	0.00668	0.05913	0.00577	0.00650	0.00438	0.00358	0.00242	0.00117	0.00295	0.00214	0.00247	0.00423
3	0.00569	0.00368	0.00467	0.00467	0.00480	0.00381	0.00296	0.00566	0.00552	0.00750	0.01061	0.02043	0.01162	0.54521	0.18159	0.16737	0.00488	0.00482	0.00213	0.00239
4	0.80638	0.00739	0.00598	0.00523	0.00764	0.00843	0.00431	0.04025	0.00714	0.07059	0.00604	0.00670	0.00453	0.00363	0.00249	0.00117	0.00300	0.00221	0.00255	0.00434
5	0.00462	0.00357	0.00421	0.00463	0.00535	0.00317	0.00325	0.00549	0.00810	0.01032	0.08814	0.45220	0.37215	0.01061	0.00466	0.00140	0.00205	0.00932	0.00357	0.00317
6	0.01038	0.00820	0.00862	0.00741	0.00949	0.03490	0.00583	0.22326	0.41019	0.04115	0.03803	0.01382	0.02411	0.04393	0.03637	0.00150	0.01515	0.00412	0.05802	0.00552
7	0.00461	0.00332	0.00438	0.00522	0.00548	0.00309	0.00349	0.00529	0.00732	0.00971	0.02169	0.82701	0.06181	0.01178	0.00482	0.00153	0.00219	0.01066	0.00352	0.00309
8	0.00601	0.00502	0.03700	0.00538	0.00656	0.00454	0.00422	0.02409	0.10726	0.01398	0.51591	0.09957	0.08575	0.03541	0.00517	0.02761	0.00227	0.00662	0.00379	0.00383
9	0.07807	0.00676	0.00869	0.00674	0.00962	0.00618	0.00556	0.05506	0.03633	0.72455	0.01403	0.01230	0.00895	0.00462	0.00371	0.00118	0.00324	0.00369	0.00446	0.00628
10	0.00796	0.01779	0.71230	0.04261	0.01651	0.00879	0.05815	0.01246	0.04708	0.03063	0.00744	0.00861	0.00529	0.00368	0.00367	0.00121	0.00545	0.00301	0.00180	0.00556
11	0.01134	0.00920	0.00974	0.03329	0.01108	0.02854	0.00664	0.33605	0.45385	0.01857	0.01261	0.01259	0.00948	0.00498	0.00386	0.00123	0.00362	0.02360	0.00372	0.00603
12	0.01010	0.00904	0.01119	0.07024	0.24270	0.05897	0.01895	0.15462	0.29647	0.01516	0.03068	0.03040	0.02516	0.00466	0.00384	0.00120	0.00397	0.00399	0.00300	0.00568

[dist]
# distance from previous block
# <min> <max>
1	3

[block]
# block no. 11 follows, 72 sequences, length 13
# corresponding to MSA columns:
# 422-434
name=unknown_L
#
# <colnr> <probs for GDERKNQSTAVLIFYWHMCP>
#	G	D	E	R	K	N	Q	S	T	A	V	L	I	F	Y	W	H	M	C	P
0	0.66441	0.04297	0.06100	0.00604	0.00866	0.06079	0.00530	0.06959	0.02763	0.01636	0.00593	0.00672	0.00457	0.00365	0.00264	0.00115	0.00348	0.00227	0.00239	0.00446
1	0.02364	0.00501	0.00581	0.00529	0.00648	0.02668	0.00396	0.03136	0.07748	0.12475	0.20384	0.01870	0.09695	0.03301	0.00676	0.20001	0.00270	0.00478	0.11901	0.00376
2	0.00611	0.00454	0.00580	0.11694	0.03033	0.00464	0.00448	0.04633	0.00810	0.01099	0.06624	0.17297	0.17012	0.18531	0.00728	0.00178	0.00297	0.04370	0.10794	0.00343
3	0.00535	0.00407	0.00551	0.00557	0.00608	0.00446	0.00409	0.00629	0.00654	0.00901	0.03115	0.16973	0.09985	0.16470	0.40805	0.00403	0.05389	0.00593	0.00252	0.00317
