[name]
unknown

[dist]
# distance from previous block
# <min> <max>
0	95

[block]
# block no. 0 follows, 88 sequences, length 19
# corresponding to MSA columns:
# 178-196
name=unknown_A
#
# <colnr> <probs for GDERKNQSTAVLIFYWHMCP>
#	G	D	E	R	K	N	Q	S	T	A	V	L	I	F	Y	W	H	M	C	P
0	0.00569	0.00421	0.00552	0.00570	0.00678	0.00409	0.00482	0.00759	0.07872	0.00980	0.01427	0.02811	0.01489	0.00779	0.00470	0.07117	0.00284	0.58912	0.00273	0.13146
1	0.70506	0.00769	0.12815	0.07839	0.00869	0.00728	0.00516	0.00950	0.00577	0.01336	0.00479	0.00575	0.00365	0.00303	0.00225	0.00101	0.00297	0.00193	0.00186	0.00369
2	0.00514	0.00411	0.00441	0.00408	0.00532	0.00389	0.00315	0.12581	0.00841	0.01055	0.08067	0.02578	0.61714	0.00882	0.07679	0.00141	0.00249	0.00592	0.00296	0.00315
3	0.00833	0.00675	0.01074	0.01328	0.43402	0.00688	0.04556	0.01000	0.02151	0.13203	0.00788	0.08168	0.00681	0.00399	0.00422	0.00102	0.11940	0.00343	0.00209	0.08040
4	0.59320	0.03506	0.00725	0.00571	0.00778	0.02875	0.08012	0.01044	0.00631	0.13475	0.00585	0.00650	0.00435	0.00328	0.00291	0.00102	0.05843	0.00222	0.00219	0.00389
5	0.00403	0.00288	0.00383	0.00444	0.00471	0.00268	0.00301	0.00473	0.00661	0.00892	0.13821	0.76204	0.02266	0.00962	0.00408	0.00127	0.00182	0.00871	0.00308	0.00268
6	0.01074	0.00787	0.00781	0.00645	0.00833	0.13111	0.00506	0.31874	0.08596	0.18274	0.00922	0.01070	0.00723	0.12865	0.06328	0.00155	0.00391	0.00321	0.00289	0.00454
7	0.05978	0.00733	0.01199	0.02273	0.28115	0.00730	0.20381	0.04519	0.02734	0.08052	0.00666	0.00806	0.00520	0.00318	0.00378	0.00096	0.07742	0.00293	0.00196	0.14270
8	0.00436	0.00495	0.12685	0.00484	0.00595	0.00340	0.00416	0.00555	0.00693	0.00925	0.13059	0.45669	0.20793	0.00823	0.00386	0.00118	0.00219	0.00725	0.00284	0.00301
9	0.00441	0.07160	0.00470	0.00408	0.00506	0.00362	0.00319	0.00529	0.00707	0.00868	0.02527	0.20454	0.50544	0.00827	0.00384	0.00116	0.00202	0.12602	0.00287	0.00285
10	0.08923	0.00653	0.02241	0.03974	0.10131	0.03153	0.12030	0.10678	0.01732	0.18644	0.00887	0.01148	0.00717	0.12914	0.00502	0.00130	0.00343	0.02836	0.07943	0.00420
11	0.07717	0.30245	0.37344	0.00925	0.13278	0.00927	0.03449	0.00995	0.00673	0.00974	0.00533	0.00638	0.00423	0.00293	0.00270	0.00090	0.00405	0.00223	0.00146	0.00450
12	0.00737	0.00820	0.05068	0.13154	0.04020	0.19787	0.03545	0.01907	0.01548	0.00881	0.08107	0.02776	0.05212	0.03798	0.08928	0.00156	0.18675	0.00341	0.00187	0.00355
13	0.01025	0.00522	0.00642	0.00528	0.00710	0.00506	0.00423	0.10740	0.09451	0.38165	0.20344	0.01383	0.01299	0.00458	0.00325	0.00098	0.00238	0.00380	0.12306	0.00458
14	0.00735	0.00639	0.00835	0.00655	0.05357	0.00533	0.07581	0.08542	0.00758	0.01141	0.00601	0.00703	0.00488	0.00258	0.00263	0.00060	0.00283	0.00221	0.00199	0.70148
15	0.05769	0.15680	0.03909	0.02953	0.07716	0.04529	0.03986	0.16333	0.03919	0.05548	0.00904	0.15810	0.00835	0.01562	0.00332	0.00101	0.01458	0.01038	0.07204	0.00414
16	0.04635	0.00536	0.00656	0.00523	0.00729	0.00508	0.00426	0.11919	0.00924	0.51828	0.01126	0.01063	0.00758	0.00389	0.00296	0.00094	0.00253	0.00309	0.22548	0.00481
17	0.00439	0.00355	0.00409	0.00398	0.00471	0.00345	0.00294	0.00519	0.00693	0.00888	0.15328	0.04122	0.46892	0.15674	0.02636	0.00156	0.06996	0.02837	0.00276	0.00272
18	0.00777	0.00717	0.01163	0.23026	0.54859	0.00762	0.00909	0.07488	0.02773	0.01088	0.02927	0.00866	0.00574	0.00318	0.00323	0.00099	0.00384	0.00298	0.00178	0.00471

[dist]
# distance from previous block
# <min> <max>
4	18

[block]
# block no. 1 follows, 88 sequences, length 23
# corresponding to MSA columns:
# 216-224,237-250
name=unknown_B
#
# <colnr> <probs for GDERKNQSTAVLIFYWHMCP>
#	G	D	E	R	K	N	Q	S	T	A	V	L	I	F	Y	W	H	M	C	P
0	0.00540	0.00439	0.00637	0.00563	0.00652	0.00463	0.06711	0.02279	0.00569	0.00812	0.00877	0.07259	0.00885	0.21413	0.36698	0.00322	0.07110	0.00392	0.00189	0.11191
1	0.03784	0.00523	0.00482	0.00450	0.00499	0.10896	0.00294	0.07069	0.00615	0.00797	0.02575	0.01759	0.01033	0.65272	0.01297	0.00255	0.01528	0.00414	0.00204	0.00254
2	0.72203	0.11299	0.00665	0.00468	0.00682	0.00816	0.00398	0.08358	0.00648	0.01418	0.00478	0.00546	0.00375	0.00305	0.00212	0.00096	0.00271	0.00185	0.00203	0.00375
3	0.00636	0.00589	0.00934	0.68948	0.05507	0.00690	0.00818	0.00880	0.05329	0.00891	0.00616	0.00854	0.00470	0.00318	0.00313	0.00100	0.00396	0.00280	0.00160	0.11270
4	0.00774	0.00740	0.01253	0.13476	0.73509	0.00762	0.00969	0.00984	0.02514	0.01031	0.00618	0.00816	0.00511	0.00296	0.00320	0.00098	0.00387	0.00289	0.00161	0.00491
5	0.00484	0.00382	0.00518	0.00582	0.10874	0.00355	0.00377	0.00628	0.00859	0.01187	0.60380	0.02350	0.18508	0.00645	0.00374	0.00102	0.00182	0.00567	0.00321	0.00324
6	0.01449	0.00550	0.00750	0.00575	0.00825	0.00475	0.00475	0.01574	0.00925	0.86855	0.01275	0.01100	0.00800	0.00400	0.00325	0.00100	0.00275	0.00325	0.00400	0.00550
7	0.00395	0.00329	0.00356	0.00356	0.00456	0.00290	0.00268	0.00483	0.00716	0.00875	0.06569	0.04401	0.71003	0.01009	0.10883	0.00159	0.00248	0.00641	0.00287	0.00276
8	0.00832	0.78152	0.01525	0.00522	0.00775	0.01160	0.00513	0.00941	0.00659	0.00814	0.00522	0.00601	0.00465	0.00288	0.00210	0.00070	0.00322	0.00188	0.11039	0.00401
9	0.12251	0.00559	0.00717	0.00557	0.00801	0.00505	0.00460	0.01499	0.00879	0.76544	0.01175	0.01030	0.00745	0.00388	0.00310	0.00100	0.00272	0.00307	0.00376	0.00526
10	0.01228	0.00905	0.00970	0.00743	0.01002	0.01002	0.00614	0.85554	0.01519	0.02036	0.00776	0.00776	0.00549	0.00388	0.00323	0.00097	0.00356	0.00291	0.00323	0.00549
11	0.00514	0.00367	0.00513	0.00587	0.00658	0.00366	0.00509	0.00657	0.00737	0.00959	0.01714	0.08287	0.01874	0.00899	0.00444	0.00148	0.00291	0.79882	0.00298	0.00296
12	0.01051	0.00711	0.00762	0.00605	0.00809	0.00772	0.00493	0.56869	0.01244	0.05327	0.00879	0.00916	0.00643	0.00385	0.00294	0.00091	0.00291	0.00295	0.27087	0.00476
13	0.00397	0.00306	0.00363	0.00403	0.00464	0.00273	0.00287	0.00472	0.00686	0.00871	0.05936	0.45417	0.37578	0.00911	0.00400	0.00121	0.00181	0.04362	0.00302	0.00270
14	0.00462	0.00346	0.00519	0.00519	0.00577	0.00404	0.00404	0.00577	0.00519	0.00750	0.00865	0.01269	0.00808	0.02423	0.87366	0.00519	0.00865	0.00346	0.00173	0.00288
15	0.00885	0.00880	0.01660	0.01199	0.01508	0.00866	0.63188	0.23219	0.00961	0.01298	0.00686	0.00846	0.00506	0.00303	0.00366	0.00106	0.00495	0.00358	0.00205	0.00466
16	0.00470	0.00313	0.00352	0.00352	0.00352	0.00313	0.00196	0.00470	0.00470	0.00626	0.01018	0.02114	0.01175	0.88646	0.01644	0.00313	0.00313	0.00470	0.00196	0.00196
17	0.00396	0.00283	0.00377	0.00448	0.00469	0.00264	0.00300	0.00455	0.00629	0.00841	0.04743	0.85426	0.02169	0.01000	0.00411	0.00130	0.00186	0.00907	0.00302	0.00264
18	0.00385	0.00327	0.00331	0.00330	0.00438	0.00274	0.00248	0.00469	0.00743	0.00888	0.06366	0.03083	0.83396	0.00812	0.00382	0.00109	0.00163	0.00678	0.00302	0.00274
19	0.01430	0.00559	0.00782	0.00597	0.00849	0.00484	0.02836	0.01559	0.00920	0.84470	0.01257	0.01093	0.00791	0.00396	0.00326	0.00100	0.00282	0.00326	0.00393	0.00547
20	0.00453	0.00330	0.00426	0.00402	0.00480	0.00303	0.00301	0.00601	0.00904	0.01271	0.81553	0.02454	0.07971	0.00670	0.00381	0.00102	0.00153	0.00590	0.00352	0.00303
21	0.00610	0.00574	0.00969	0.87870	0.02225	0.00718	0.00897	0.00825	0.00646	0.00825	0.00574	0.00861	0.00431	0.00323	0.00323	0.00108	0.00431	0.00287	0.00144	0.00359
22	0.00987	0.00877	0.01385	0.01024	0.01305	0.02072	0.39893	0.37844	0.05764	0.03221	0.00750	0.00847	0.00547	0.00339	0.00360	0.00104	0.01609	0.00336	0.00246	0.00490

[dist]
# distance from previous block
# <min> <max>
0	1

[block]
# block no. 2 follows, 88 sequences, length 9
# corresponding to MSA columns:
# 252-260
name=unknown_C
#
# <colnr> <probs for GDERKNQSTAVLIFYWHMCP>
#	G	D	E	R	K	N	Q	S	T	A	V	L	I	F	Y	W	H	M	C	P
0	0.14196	0.46217	0.25510	0.00668	0.00988	0.03513	0.03072	0.00992	0.00658	0.00945	0.00493	0.00577	0.00406	0.00290	0.00242	0.00085	0.00381	0.00198	0.00148	0.00422
1	0.77497	0.00689	0.00534	0.00470	0.00672	0.06234	0.00383	0.03952	0.00626	0.05814	0.00507	0.00567	0.00384	0.00310	0.00216	0.00099	0.00276	0.00189	0.00212	0.00369
2	0.09961	0.09494	0.10552	0.00765	0.01030	0.10630	0.14773	0.10534	0.00872	0.21378	0.06287	0.00891	0.00696	0.00354	0.00308	0.00097	0.00383	0.00295	0.00248	0.00454
3	0.00697	0.00729	0.01355	0.01037	0.01269	0.04822	0.50908	0.00943	0.04009	0.01049	0.11267	0.03910	0.01096	0.00455	0.00387	0.00114	0.00436	0.14906	0.00220	0.00391
4	0.00401	0.00287	0.00384	0.00459	0.00481	0.00269	0.00313	0.00463	0.00626	0.00833	0.01776	0.83272	0.02120	0.01005	0.00414	0.00132	0.00194	0.06006	0.00300	0.00265
5	0.07130	0.00679	0.00961	0.00786	0.00996	0.00719	0.19974	0.04637	0.37981	0.08224	0.03000	0.01380	0.00947	0.00446	0.00347	0.00112	0.00330	0.10612	0.00284	0.00457
6	0.03475	0.03965	0.00912	0.00754	0.00951	0.42493	0.00591	0.28884	0.08330	0.01261	0.00674	0.00728	0.00525	0.00458	0.04485	0.00111	0.00478	0.00253	0.00232	0.00440
7	0.00762	0.09712	0.50321	0.00751	0.01106	0.00705	0.00873	0.04563	0.00783	0.11786	0.14603	0.01003	0.00893	0.00376	0.00312	0.00098	0.00382	0.00301	0.00213	0.00455
8	0.00934	0.46795	0.12960	0.00661	0.00945	0.03758	0.02160	0.09789	0.06738	0.09768	0.00650	0.00686	0.00509	0.00323	0.00276	0.00085	0.02082	0.00230	0.00198	0.00455

[dist]
# distance from previous block
# <min> <max>
0	1

[block]
# block no. 3 follows, 88 sequences, length 16
# corresponding to MSA columns:
# 262-272,277-279,284,285
name=unknown_D
#
# <colnr> <probs for GDERKNQSTAVLIFYWHMCP>
#	G	D	E	R	K	N	Q	S	T	A	V	L	I	F	Y	W	H	M	C	P
0	0.02061	0.04782	0.77292	0.00895	0.01348	0.00772	0.02409	0.03276	0.00707	0.02717	0.00593	0.00687	0.00421	0.00309	0.00304	0.00101	0.00463	0.00241	0.00148	0.00476
1	0.00795	0.00667	0.00713	0.00635	0.00818	0.00754	0.00494	0.01616	0.75879	0.03312	0.05669	0.01241	0.01065	0.00440	0.00327	0.00106	0.00250	0.00368	0.00326	0.04525
2	0.00804	0.00694	0.00731	0.00657	0.00840	0.00804	0.00511	0.01717	0.86047	0.01351	0.01315	0.01205	0.00986	0.00438	0.00329	0.00110	0.00256	0.00365	0.00329	0.00511
3	0.01064	0.00817	0.00969	0.23924	0.01327	0.00926	0.00689	0.63011	0.01287	0.01714	0.00722	0.00798	0.00518	0.00371	0.00323	0.00100	0.00376	0.00290	0.00275	0.00499
4	0.00642	0.00611	0.00864	0.00761	0.00776	0.00834	0.00626	0.00724	0.00501	0.00770	0.00541	0.00856	0.00526	0.01060	0.24023	0.00242	0.64857	0.00300	0.00150	0.00336
5	0.21039	0.00362	0.00395	0.00437	0.00502	0.00368	0.00308	0.00565	0.00610	0.00970	0.01563	0.63502	0.06560	0.00839	0.00362	0.00123	0.00200	0.00735	0.00277	0.00283
6	0.00545	0.00375	0.00503	0.00547	0.00621	0.00370	0.00447	0.04640	0.00766	0.03851	0.08262	0.26333	0.01930	0.00867	0.00422	0.00136	0.00258	0.48510	0.00307	0.00309
7	0.70345	0.00613	0.00519	0.00437	0.00657	0.00658	0.00357	0.00919	0.00577	0.01359	0.00478	0.00558	0.00379	0.00286	0.00209	0.00088	0.00247	0.00179	0.00198	0.20936
8	0.00582	0.00452	0.00544	0.00561	0.00657	0.00481	0.00447	0.00938	0.26946	0.01037	0.02868	0.13043	0.04519	0.09033	0.00516	0.00148	0.00266	0.36315	0.00299	0.00349
9	0.00497	0.00371	0.00494	0.20316	0.00787	0.00402	0.00362	0.00550	0.00519	0.00684	0.00963	0.07115	0.01064	0.63138	0.01268	0.00255	0.00332	0.00456	0.00190	0.00237
10	0.00732	0.00466	0.00596	0.00551	0.00659	0.05745	0.00434	0.00848	0.00636	0.20388	0.00936	0.01188	0.00782	0.01834	0.62184	0.00397	0.00713	0.00333	0.00224	0.00353
11	0.00632	0.00604	0.00974	0.68025	0.01911	0.00780	0.00854	0.00815	0.00612	0.00815	0.00540	0.00826	0.00429	0.00378	0.00491	0.00115	0.20413	0.00286	0.00143	0.00358
12	0.21356	0.00678	0.00672	0.00604	0.00791	0.00786	0.00475	0.01542	0.66550	0.01374	0.01118	0.01050	0.00841	0.00407	0.00299	0.00107	0.00254	0.00322	0.00299	0.00475
13	0.00395	0.00307	0.00360	0.00395	0.00459	0.00272	0.00280	0.00470	0.00692	0.00878	0.07634	0.43108	0.40019	0.00901	0.00397	0.00120	0.00177	0.02560	0.00303	0.00270
14	0.00675	0.20710	0.01147	0.64712	0.05097	0.00847	0.00822	0.00864	0.00652	0.00819	0.00547	0.00781	0.00430	0.00311	0.00296	0.00098	0.00409	0.00261	0.00143	0.00377
15	0.00505	0.00337	0.00428	0.00477	0.00547	0.00328	0.00390	0.00633	0.00708	0.00989	0.01736	0.16159	0.10585	0.00785	0.00384	0.00125	0.00233	0.43506	0.20855	0.00290

[dist]
# distance from previous block
# <min> <max>
0	3

[block]
# block no. 4 follows, 88 sequences, length 6
# corresponding to MSA columns:
# 289-294
name=unknown_E
#
# <colnr> <probs for GDERKNQSTAVLIFYWHMCP>
#	G	D	E	R	K	N	Q	S	T	A	V	L	I	F	Y	W	H	M	C	P
0	0.00442	0.00326	0.00404	0.00402	0.00471	0.00299	0.00296	0.00557	0.00801	0.01089	0.49723	0.11033	0.18509	0.08768	0.00503	0.00128	0.00181	0.05461	0.00322	0.00284
1	0.06314	0.19987	0.53201	0.11196	0.01328	0.00857	0.00970	0.00983	0.00664	0.00970	0.00543	0.00659	0.00409	0.00302	0.00281	0.00096	0.00430	0.00227	0.00142	0.00442
2	0.00981	0.03335	0.00921	0.11187	0.01092	0.48982	0.03274	0.07154	0.00843	0.00890	0.00633	0.06440	0.00567	0.00523	0.05798	0.00122	0.06413	0.00288	0.00182	0.00374
3	0.80123	0.00698	0.00531	0.00469	0.00670	0.06093	0.00382	0.05934	0.00629	0.01443	0.00472	0.00543	0.00366	0.00307	0.00213	0.00099	0.00277	0.00184	0.00205	0.00363
4	0.00391	0.00320	0.00345	0.00356	0.00446	0.00274	0.00260	0.00475	0.00732	0.00903	0.10606	0.17837	0.64260	0.00837	0.00387	0.00112	0.00167	0.00714	0.00305	0.00274
5	0.00825	0.00830	0.01171	0.01666	0.65973	0.11083	0.00875	0.01045	0.06343	0.01033	0.00790	0.00929	0.05334	0.00333	0.00320	0.00096	0.00387	0.00305	0.00180	0.00482

[dist]
# distance from previous block
# <min> <max>
0	3

[block]
# block no. 5 follows, 88 sequences, length 12
# corresponding to MSA columns:
# 298-309
name=unknown_F
#
# <colnr> <probs for GDERKNQSTAVLIFYWHMCP>
#	G	D	E	R	K	N	Q	S	T	A	V	L	I	F	Y	W	H	M	C	P
0	0.00618	0.00515	0.00612	0.00461	0.00697	0.00400	0.00364	0.00764	0.00730	0.01112	0.21515	0.01095	0.01105	0.00342	0.00274	0.00061	0.00218	0.00287	0.00231	0.68600
1	0.00511	0.00321	0.00411	0.00421	0.00486	0.00301	0.00308	0.00628	0.00769	0.05388	0.36150	0.31655	0.02221	0.00732	0.00367	0.00109	0.00176	0.04040	0.14704	0.00302
2	0.00464	0.00336	0.00470	0.00470	0.00511	0.00377	0.00343	0.00545	0.00505	0.00714	0.00910	0.01517	0.00915	0.27718	0.62218	0.00459	0.00703	0.00382	0.00180	0.00261
3	0.00436	0.00329	0.00402	0.00384	0.00469	0.00296	0.00288	0.00568	0.00863	0.01174	0.62492	0.02614	0.27092	0.00706	0.00381	0.00104	0.00156	0.00612	0.00340	0.00296
4	0.00709	0.00371	0.00449	0.00407	0.00468	0.00353	0.00264	0.00739	0.00581	0.21651	0.01081	0.01867	0.01083	0.67129	0.01323	0.00261	0.00304	0.00434	0.00246	0.00282
5	0.00864	0.88841	0.01693	0.00553	0.00829	0.01278	0.00553	0.00967	0.00656	0.00760	0.00449	0.00518	0.00415	0.00276	0.00207	0.00069	0.00345	0.00173	0.00138	0.00415
6	0.68904	0.00546	0.00432	0.00395	0.00564	0.00621	0.00320	0.00902	0.00581	0.01390	0.00597	0.00691	0.00466	0.00319	0.00206	0.00094	0.00226	0.00206	0.22203	0.00338
7	0.00866	0.00725	0.01183	0.04050	0.66970	0.00726	0.00884	0.02776	0.04233	0.10689	0.03250	0.00898	0.00637	0.00320	0.00323	0.00097	0.00360	0.00304	0.00202	0.00506
8	0.00845	0.00654	0.00747	0.00548	0.00826	0.00572	0.00444	0.21513	0.00890	0.05595	0.00658	0.00717	0.00512	0.00284	0.00264	0.00062	0.00269	0.00222	0.00234	0.64143
9	0.00653	0.00508	0.00580	0.00435	0.00671	0.00399	0.00345	0.00799	0.00672	0.01090	0.00691	0.00800	0.00564	0.00273	0.00236	0.00055	0.00218	0.00218	0.22196	0.68599
10	0.00868	0.12125	0.13126	0.02042	0.11175	0.23678	0.11883	0.01086	0.05184	0.03118	0.06464	0.00863	0.01803	0.00340	0.00306	0.00091	0.00431	0.00283	0.00187	0.04949
11	0.00487	0.00402	0.00542	0.00558	0.00588	0.00456	0.00427	0.00563	0.00616	0.00838	0.01559	0.47983	0.08402	0.00870	0.00573	0.00134	0.21626	0.12825	0.00261	0.00290

[dist]
# distance from previous block
# <min> <max>
0	8

[block]
# block no. 6 follows, 88 sequences, length 16
# corresponding to MSA columns:
# 318-333
name=unknown_G
#
# <colnr> <probs for GDERKNQSTAVLIFYWHMCP>
#	G	D	E	R	K	N	Q	S	T	A	V	L	I	F	Y	W	H	M	C	P
0	0.04369	0.01544	0.01454	0.00681	0.08606	0.02966	0.02726	0.11486	0.10283	0.10299	0.16262	0.09669	0.03675	0.12228	0.02199	0.00140	0.00294	0.00443	0.00283	0.00394
1	0.03328	0.03214	0.38339	0.11302	0.03853	0.00692	0.08434	0.04274	0.00748	0.12365	0.02287	0.06030	0.00664	0.00383	0.00325	0.00105	0.00406	0.02601	0.00202	0.00447
2	0.00637	0.00606	0.00999	0.70567	0.08804	0.00754	0.00882	0.00833	0.00635	0.00838	0.00559	0.00838	0.00436	0.00349	0.00411	0.00111	0.10939	0.00287	0.00145	0.00370
3	0.00615	0.00573	0.00947	0.61229	0.13901	0.00683	0.00830	0.00802	0.00648	0.00856	0.00717	0.11352	0.00647	0.00412	0.00367	0.00110	0.04416	0.00363	0.00165	0.00369
4	0.00866	0.05384	0.29102	0.00775	0.03367	0.00656	0.09155	0.05006	0.03571	0.20154	0.03915	0.03370	0.00725	0.00373	0.00319	0.00099	0.01333	0.00316	0.11059	0.00457
5	0.00768	0.05440	0.61049	0.00961	0.07576	0.11157	0.02136	0.01081	0.02089	0.03955	0.00603	0.00697	0.00442	0.00312	0.00303	0.00098	0.00468	0.00243	0.00154	0.00467
6	0.01226	0.00545	0.00699	0.00562	0.00771	0.00509	0.00447	0.01465	0.14867	0.62450	0.01250	0.01239	0.00875	0.10993	0.00484	0.00127	0.00276	0.00349	0.00364	0.00501
7	0.00677	0.04062	0.33481	0.07350	0.04609	0.00701	0.14459	0.03040	0.05542	0.02761	0.11071	0.04560	0.03286	0.00403	0.00353	0.00105	0.02554	0.00357	0.00200	0.00428
8	0.00782	0.00955	0.21102	0.07976	0.53502	0.00747	0.03825	0.01018	0.00727	0.05376	0.00634	0.00795	0.00496	0.00300	0.00319	0.00099	0.00409	0.00281	0.00166	0.00492
9	0.05452	0.04792	0.09509	0.02583	0.14449	0.00672	0.21960	0.03701	0.00750	0.12352	0.00926	0.15586	0.00839	0.00451	0.00353	0.00108	0.01517	0.03348	0.00224	0.00429
10	0.02967	0.00600	0.03693	0.07761	0.03433	0.10880	0.04385	0.00737	0.00671	0.04914	0.01243	0.43069	0.03077	0.01831	0.03432	0.00134	0.06008	0.00595	0.00241	0.00329
11	0.00763	0.04150	0.33171	0.03889	0.06994	0.01873	0.10004	0.03589	0.04085	0.11387	0.02993	0.13976	0.00824	0.00435	0.00334	0.00105	0.00385	0.00384	0.00217	0.00443
12	0.00754	0.05902	0.44495	0.11431	0.09271	0.03191	0.09132	0.01033	0.00714	0.07904	0.00665	0.02912	0.00504	0.00328	0.00315	0.00101	0.00442	0.00282	0.00168	0.00457
13	0.01158	0.00503	0.00680	0.00552	0.00753	0.00453	0.02836	0.01321	0.04762	0.58489	0.01341	0.08089	0.03356	0.00470	0.00327	0.00102	0.00257	0.02896	0.11178	0.00477
14	0.03558	0.00822	0.09060	0.02880	0.31042	0.00771	0.07936	0.14156	0.16409	0.01277	0.06868	0.02231	0.00790	0.00369	0.00328	0.00102	0.00356	0.00332	0.00231	0.00482
15	0.00701	0.17506	0.49676	0.00776	0.02410	0.00774	0.02629	0.00970	0.02766	0.04433	0.00690	0.03294	0.00583	0.10925	0.00455	0.00122	0.00412	0.00283	0.00165	0.00430

[dist]
# distance from previous block
# <min> <max>
0	14

[block]
# block no. 7 follows, 88 sequences, length 48
# corresponding to MSA columns:
# 348-395
name=unknown_H
#
# <colnr> <probs for GDERKNQSTAVLIFYWHMCP>
#	G	D	E	R	K	N	Q	S	T	A	V	L	I	F	Y	W	H	M	C	P
0	0.00925	0.01824	0.13659	0.00893	0.10495	0.00611	0.14744	0.01940	0.06424	0.28599	0.10395	0.03973	0.02147	0.00414	0.00341	0.00104	0.00344	0.01423	0.00276	0.00469
1	0.01747	0.03762	0.47940	0.00919	0.09705	0.00694	0.02955	0.01144	0.04067	0.19411	0.02404	0.02493	0.00610	0.00348	0.00314	0.00101	0.00400	0.00287	0.00211	0.00486
2	0.04411	0.25919	0.32444	0.00788	0.04394	0.12113	0.01853	0.04955	0.00744	0.02627	0.00633	0.05686	0.00542	0.00352	0.00283	0.00092	0.00414	0.01149	0.00169	0.00433
3	0.00514	0.00384	0.00502	0.00558	0.07828	0.00354	0.00393	0.00644	0.00804	0.04632	0.30074	0.02707	0.31161	0.00719	0.00387	0.00113	0.00210	0.17386	0.00310	0.00320
4	0.00749	0.31073	0.35411	0.00705	0.01019	0.05775	0.00780	0.00973	0.02097	0.03667	0.01953	0.06617	0.02935	0.00397	0.00290	0.00094	0.00388	0.04479	0.00176	0.00422
5	0.00775	0.00743	0.01280	0.06231	0.75001	0.00748	0.04260	0.00970	0.00733	0.01039	0.00660	0.00940	0.00570	0.00318	0.00328	0.00100	0.00388	0.04260	0.00166	0.00491
6	0.00515	0.00405	0.00565	0.00515	0.00547	0.00440	0.06519	0.00562	0.00515	0.00708	0.00974	0.08271	0.01082	0.54965	0.09366	0.00279	0.11278	0.02051	0.00194	0.00248
7	0.00997	0.05346	0.26989	0.00796	0.01100	0.15866	0.02596	0.25459	0.09189	0.07456	0.00738	0.00768	0.00536	0.00352	0.00309	0.00097	0.00420	0.00267	0.00233	0.00485
8	0.00681	0.00646	0.01097	0.55827	0.33716	0.00736	0.00932	0.00887	0.00679	0.00911	0.00587	0.00838	0.00461	0.00310	0.00322	0.00103	0.00413	0.00287	0.00150	0.00416
9	0.00610	0.00574	0.00969	0.87870	0.02225	0.00718	0.00897	0.00825	0.00646	0.00825	0.00574	0.00861	0.00431	0.00323	0.00323	0.00108	0.00431	0.00287	0.00144	0.00359
10	0.00566	0.00475	0.00649	0.00720	0.10163	0.00491	0.04634	0.00878	0.23509	0.01002	0.01471	0.51065	0.01568	0.00742	0.00378	0.00120	0.00245	0.00674	0.00285	0.00365
11	0.00474	0.00347	0.00446	0.00418	0.00500	0.00328	0.00315	0.00662	0.04928	0.01298	0.82446	0.02356	0.02951	0.00650	0.00379	0.00102	0.00157	0.00574	0.00354	0.00315
12	0.00743	0.00710	0.01209	0.27624	0.61432	0.00753	0.00963	0.00942	0.00709	0.00987	0.00598	0.00818	0.00488	0.00298	0.00321	0.00099	0.00398	0.00288	0.00155	0.00466
13	0.00467	0.00341	0.00444	0.00415	0.00499	0.00312	0.00314	0.00619	0.00900	0.01276	0.80639	0.02381	0.02913	0.00651	0.00377	0.00101	0.00160	0.03013	0.00348	0.03829
14	0.00834	0.00806	0.07970	0.00688	0.00900	0.02447	0.00577	0.10117	0.67229	0.01373	0.01192	0.02641	0.00903	0.00430	0.00327	0.00108	0.00289	0.00354	0.00308	0.00505
15	0.04980	0.00752	0.06570	0.25265	0.40744	0.00722	0.03982	0.02329	0.00706	0.01024	0.00590	0.00785	0.00472	0.00295	0.00308	0.00095	0.00387	0.00273	0.00162	0.09557
16	0.02429	0.01929	0.40715	0.00975	0.01324	0.01843	0.26016	0.06365	0.02935	0.01090	0.04672	0.00846	0.00587	0.00360	0.00390	0.03523	0.03080	0.00305	0.00173	0.00442
17	0.00706	0.00717	0.01081	0.00896	0.00937	0.00953	0.10616	0.00800	0.00532	0.00810	0.00517	0.00782	0.02441	0.00537	0.00965	0.00137	0.75760	0.00304	0.00148	0.00361
18	0.04767	0.01147	0.00794	0.00711	0.00875	0.53504	0.00542	0.05073	0.06578	0.07367	0.11122	0.00945	0.00835	0.00394	0.00305	0.00090	0.00446	0.01254	0.02859	0.00392
19	0.00859	0.38403	0.32526	0.00727	0.02077	0.02430	0.02420	0.01081	0.02122	0.12357	0.00646	0.01914	0.00500	0.00318	0.00270	0.00088	0.00389	0.00237	0.00179	0.00456
20	0.00677	0.12345	0.74538	0.00886	0.01335	0.00817	0.03070	0.01017	0.00681	0.00991	0.00565	0.00666	0.00412	0.00302	0.00296	0.00098	0.00463	0.00234	0.00137	0.00469
21	0.03541	0.00409	0.00483	0.00415	0.00560	0.00384	0.00329	0.01066	0.01977	0.32576	0.05450	0.01208	0.00919	0.00398	0.00271	0.00087	0.00201	0.00321	0.49011	0.00397
22	0.00773	0.00755	0.01329	0.09614	0.69234	0.00762	0.09653	0.00974	0.00730	0.01030	0.00643	0.00842	0.01585	0.00296	0.00327	0.00099	0.00402	0.00302	0.00161	0.00487
23	0.00713	0.00795	0.08535	0.25810	0.31674	0.00778	0.14807	0.00927	0.00682	0.00952	0.00588	0.00816	0.00472	0.00355	0.01589	0.00112	0.09511	0.00299	0.00152	0.00434
24	0.00394	0.00281	0.00375	0.00450	0.00469	0.00262	0.00300	0.00450	0.00619	0.00825	0.01781	0.88435	0.02137	0.01012	0.00412	0.00131	0.00187	0.00918	0.00300	0.00262
25	0.00400	0.00284	0.00375	0.00443	0.00462	0.00267	0.00293	0.00455	0.00616	0.00824	0.03821	0.80831	0.02098	0.06570	0.00490	0.00142	0.00195	0.00882	0.00295	0.00259
26	0.12958	0.00830	0.10421	0.11287	0.27568	0.01755	0.03464	0.09113	0.15144	0.02288	0.00735	0.00858	0.00570	0.00339	0.00308	0.00102	0.00362	0.01223	0.00209	0.00466
27	0.00398	0.00282	0.00373	0.00446	0.00466	0.00263	0.00298	0.00457	0.00620	0.00834	0.01764	0.86399	0.02106	0.00997	0.00408	0.00130	0.00187	0.00904	0.02404	0.00263
28	0.00521	0.00372	0.00521	0.00595	0.00669	0.00372	0.00521	0.00669	0.00744	0.00967	0.01711	0.03644	0.01859	0.00892	0.00446	0.00149	0.00297	0.84456	0.00297	0.00297
29	0.90928	0.00625	0.00475	0.00425	0.00625	0.00725	0.00350	0.00950	0.00550	0.01449	0.00450	0.00525	0.00350	0.00300	0.00200	0.00100	0.00250	0.00175	0.00200	0.00350
30	0.00407	0.00328	0.00363	0.00355	0.00452	0.00283	0.00266	0.00512	0.00794	0.01013	0.30978	0.04134	0.57441	0.00768	0.00382	0.00107	0.00160	0.00653	0.00319	0.00283
31	0.00670	0.00574	0.00670	0.00479	0.00766	0.00431	0.00383	0.00813	0.00670	0.01053	0.00574	0.00670	0.00479	0.00239	0.00239	0.00048	0.00239	0.00191	0.00191	0.90621
32	0.00470	0.00333	0.00456	0.00452	0.00502	0.00361	0.00333	0.00566	0.00580	0.00832	0.13780	0.01633	0.02619	0.19341	0.49663	0.01559	0.00588	0.00409	0.05250	0.00271
33	0.00440	0.00387	0.04479	0.00415	0.00512	0.00313	0.00331	0.00574	0.00826	0.01123	0.51912	0.11604	0.24445	0.00722	0.00381	0.00107	0.00174	0.00629	0.00325	0.00300
34	0.00737	0.27077	0.23306	0.00671	0.00942	0.08652	0.03137	0.01014	0.11053	0.00972	0.08751	0.01126	0.10478	0.00405	0.00296	0.00093	0.00358	0.00318	0.00202	0.00413
35	0.01449	0.00550	0.00750	0.00575	0.00825	0.00475	0.00475	0.01574	0.00925	0.86855	0.01275	0.01100	0.00800	0.00400	0.00325	0.00100	0.00275	0.00325	0.00400	0.00550
36	0.00669	0.00644	0.06152	0.00507	0.00806	0.00451	0.00434	0.00827	0.00671	0.01051	0.00575	0.00671	0.00474	0.00244	0.00244	0.00051	0.00254	0.00194	0.00188	0.84895
37	0.09360	0.00545	0.00556	0.00480	0.00632	0.00593	0.00381	0.22559	0.12721	0.02967	0.00966	0.01029	0.00733	0.00381	0.00264	0.00088	0.00229	0.00296	0.44820	0.00403
38	0.00648	0.01671	0.86972	0.00921	0.01398	0.00750	0.01194	0.01023	0.00682	0.01023	0.00580	0.00682	0.00409	0.00307	0.00307	0.00102	0.00477	0.00239	0.00136	0.00477
39	0.01435	0.00572	0.00764	0.00586	0.00836	0.00508	0.00484	0.06909	0.00962	0.81467	0.01243	0.01079	0.00784	0.00399	0.00325	0.00100	0.00280	0.00323	0.00395	0.00550
40	0.00648	0.01671	0.86972	0.00921	0.01398	0.00750	0.01194	0.01023	0.00682	0.01023	0.00580	0.00682	0.00409	0.00307	0.00307	0.00102	0.00477	0.00239	0.00136	0.00477
41	0.01438	0.00568	0.00761	0.00584	0.00834	0.00502	0.00482	0.05931	0.00956	0.82454	0.01249	0.01083	0.00787	0.00399	0.00325	0.00100	0.00279	0.00323	0.00396	0.00550
42	0.00784	0.00815	0.01630	0.01188	0.01476	0.00793	0.65185	0.10833	0.01809	0.01124	0.00699	0.00908	0.00538	0.00526	0.10000	0.00153	0.00555	0.00367	0.00185	0.00434
43	0.00602	0.00301	0.00301	0.00301	0.00376	0.00301	0.00226	0.00753	0.00678	0.01204	0.01054	0.01204	0.00828	0.00376	0.00226	0.00075	0.00151	0.00301	0.90440	0.00301
44	0.01435	0.00572	0.00764	0.00586	0.00836	0.00508	0.00484	0.06909	0.00962	0.81467	0.01243	0.01079	0.00784	0.00399	0.00325	0.00100	0.00280	0.00323	0.00395	0.00550
45	0.00942	0.00882	0.27711	0.00698	0.02357	0.01568	0.01835	0.02896	0.02481	0.34613	0.08973	0.10733	0.01015	0.00461	0.00342	0.00105	0.01251	0.00386	0.00287	0.00466
46	0.00402	0.00287	0.00384	0.00459	0.00481	0.00269	0.00314	0.00464	0.00626	0.00834	0.01776	0.83121	0.02119	0.01005	0.00414	0.00132	0.00194	0.06154	0.00300	0.00265
47	0.00952	0.00436	0.00571	0.00477	0.00637	0.00392	0.00379	0.01102	0.02117	0.41941	0.34188	0.01622	0.01675	0.00498	0.00334	0.00098	0.00212	0.00423	0.11521	0.00424

[dist]
# distance from previous block
# <min> <max>
0	45

[block]
# block no. 8 follows, 88 sequences, length 6
# corresponding to MSA columns:
# 441-446
name=unknown_I
#
# <colnr> <probs for GDERKNQSTAVLIFYWHMCP>
#	G	D	E	R	K	N	Q	S	T	A	V	L	I	F	Y	W	H	M	C	P
0	0.00756	0.00778	0.05190	0.17936	0.63100	0.00760	0.04844	0.00964	0.00718	0.01010	0.00602	0.00809	0.00491	0.00295	0.00323	0.00099	0.00404	0.00290	0.00156	0.00478
1	0.14806	0.02871	0.03198	0.11334	0.12819	0.00653	0.00610	0.06710	0.03152	0.39306	0.00902	0.00898	0.00615	0.00355	0.00301	0.00100	0.00317	0.00285	0.00285	0.00485
2	0.73498	0.00691	0.00632	0.00613	0.07636	0.04005	0.03628	0.04156	0.00623	0.01399	0.00484	0.00572	0.00378	0.00302	0.00225	0.00099	0.00288	0.00197	0.00199	0.00375
3	0.00789	0.00672	0.01110	0.01598	0.64754	0.00661	0.00830	0.00964	0.00766	0.07998	0.11115	0.05619	0.00927	0.00380	0.00333	0.00099	0.00337	0.00360	0.00210	0.00477
4	0.00457	0.00330	0.00432	0.00406	0.00483	0.00305	0.00305	0.00610	0.00914	0.01296	0.86460	0.02413	0.03048	0.00660	0.00381	0.00102	0.00152	0.00584	0.00356	0.00305
5	0.00504	0.00391	0.00584	0.00666	0.10952	0.00431	0.00437	0.00607	0.00536	0.00764	0.00862	0.01368	0.00839	0.18052	0.61035	0.00430	0.00705	0.00362	0.00176	0.00298

[dist]
# distance from previous block
# <min> <max>
0	5

[block]
# block no. 9 follows, 88 sequences, length 47
# corresponding to MSA columns:
# 452-498
name=unknown_J
#
# <colnr> <probs for GDERKNQSTAVLIFYWHMCP>
#	G	D	E	R	K	N	Q	S	T	A	V	L	I	F	Y	W	H	M	C	P
0	0.13119	0.00560	0.00714	0.00555	0.00799	0.00507	0.00459	0.01493	0.00876	0.75717	0.01167	0.01025	0.00741	0.00387	0.00309	0.00100	0.00272	0.00305	0.00374	0.00524
1	0.01125	0.00569	0.00705	0.00581	0.00788	0.00558	0.00466	0.01503	0.27901	0.49427	0.11572	0.01292	0.01130	0.00444	0.00333	0.00103	0.00254	0.00369	0.00372	0.00508
2	0.14816	0.00547	0.00689	0.00542	0.00773	0.00502	0.00445	0.01420	0.00868	0.68659	0.06505	0.01096	0.00874	0.00401	0.00310	0.00100	0.00263	0.00319	0.00367	0.00504
3	0.01009	0.00796	0.00846	0.00699	0.00919	0.00900	0.00561	0.42382	0.45046	0.01684	0.01053	0.00997	0.00774	0.00414	0.00326	0.00103	0.00304	0.00329	0.00326	0.00530
4	0.00656	0.04883	0.83830	0.00907	0.01377	0.00770	0.01170	0.01021	0.00681	0.01013	0.00575	0.00676	0.00409	0.00306	0.00303	0.00101	0.00473	0.00236	0.00136	0.00475
5	0.00864	0.88841	0.01693	0.00553	0.00829	0.01278	0.00553	0.00967	0.00656	0.00760	0.00449	0.00518	0.00415	0.00276	0.00207	0.00069	0.00345	0.00173	0.00138	0.00415
6	0.00521	0.00372	0.00521	0.00595	0.00669	0.00372	0.00521	0.00669	0.00744	0.00967	0.01711	0.03644	0.01859	0.00892	0.00446	0.00149	0.00297	0.84456	0.00297	0.00297
7	0.00864	0.88841	0.01693	0.00553	0.00829	0.01278	0.00553	0.00967	0.00656	0.00760	0.00449	0.00518	0.00415	0.00276	0.00207	0.00069	0.00345	0.00173	0.00138	0.00415
8	0.05194	0.00603	0.00695	0.00585	0.00788	0.00629	0.00467	0.02825	0.39373	0.35885	0.01229	0.01125	0.00862	0.00411	0.00313	0.00102	0.00256	0.00334	0.07822	0.00503
9	0.00393	0.00282	0.00374	0.00447	0.00468	0.00263	0.00299	0.00450	0.00621	0.00826	0.01815	0.86448	0.04102	0.01008	0.00412	0.00131	0.00187	0.00913	0.00300	0.00263
10	0.00731	0.00553	0.00576	0.00529	0.00673	0.00623	0.00409	0.01370	0.55305	0.01299	0.01221	0.01205	0.00929	0.00416	0.00292	0.00097	0.00218	0.00342	0.32778	0.00436
11	0.00468	0.00319	0.00384	0.00384	0.00394	0.00330	0.00235	0.00490	0.00479	0.00649	0.00989	0.01956	0.01106	0.72554	0.17643	0.00352	0.00416	0.00447	0.00192	0.00213
12	0.53442	0.04052	0.11673	0.06528	0.02834	0.06360	0.04894	0.02088	0.00635	0.02993	0.00513	0.00612	0.00393	0.00309	0.00256	0.00099	0.01536	0.00212	0.00186	0.00385
13	0.01084	0.00740	0.00819	0.00659	0.00888	0.00795	0.00533	0.37073	0.28183	0.16730	0.01032	0.00976	0.00736	0.00398	0.00318	0.00098	0.00297	0.00315	0.02909	0.05415
14	0.02307	0.00739	0.00719	0.00556	0.00810	0.12948	0.00439	0.06170	0.07903	0.01110	0.00645	0.00716	0.00521	0.00282	0.00258	0.00062	0.00296	0.00216	0.01856	0.61447
15	0.00441	0.00341	0.00422	0.01615	0.02383	0.00318	0.00306	0.00553	0.00769	0.01026	0.38696	0.03909	0.31312	0.08485	0.07854	0.00158	0.00240	0.00583	0.00299	0.00288
16	0.00403	0.00288	0.00385	0.00453	0.00478	0.00270	0.00309	0.00469	0.00642	0.00860	0.07110	0.79471	0.02183	0.00985	0.00412	0.00130	0.00190	0.04393	0.00303	0.00267
17	0.00407	0.00291	0.00388	0.00457	0.00482	0.00274	0.00315	0.00471	0.00630	0.00839	0.03422	0.76547	0.02987	0.03011	0.01569	0.00141	0.00206	0.07002	0.00297	0.00265
18	0.00622	0.00587	0.00991	0.82373	0.07627	0.00721	0.00903	0.00836	0.00652	0.00840	0.00576	0.00857	0.00436	0.00321	0.00323	0.00107	0.00428	0.00287	0.00145	0.00369
19	0.00744	0.00770	0.01011	0.04037	0.05099	0.08498	0.03509	0.00835	0.00558	0.00801	0.00469	0.00732	0.00444	0.00582	0.04126	0.00146	0.66845	0.00282	0.00146	0.00363
20	0.00416	0.00295	0.00392	0.00461	0.00486	0.00281	0.00321	0.00480	0.00623	0.00828	0.01712	0.70670	0.02026	0.07800	0.00512	0.00148	0.00212	0.11783	0.00291	0.00262
21	0.00795	0.00724	0.00709	0.00650	0.00816	0.08317	0.00503	0.01538	0.68529	0.01247	0.01345	0.05498	0.03849	0.00486	0.00336	0.00110	0.00280	0.03487	0.00311	0.00472
22	0.05076	0.00412	0.00495	0.00443	0.00533	0.00404	0.00309	0.02248	0.02962	0.23799	0.01083	0.04854	0.01035	0.48982	0.05798	0.00241	0.00325	0.00421	0.00259	0.00320
23	0.01190	0.00865	0.00935	0.00720	0.00976	0.00944	0.00593	0.74185	0.05497	0.05274	0.00811	0.00804	0.00577	0.00384	0.00319	0.00095	0.00342	0.00291	0.00320	0.04878
24	0.00652	0.01561	0.76949	0.00944	0.01396	0.00743	0.08540	0.01012	0.00696	0.01032	0.03147	0.00750	0.00495	0.00314	0.00316	0.00103	0.00474	0.00262	0.00145	0.00469
25	0.01298	0.00618	0.00913	0.00695	0.00948	0.00566	0.11683	0.08820	0.01916	0.63992	0.01166	0.01136	0.00778	0.00401	0.00337	0.00103	0.00318	0.03430	0.00357	0.00525
26	0.00705	0.00671	0.01140	0.44931	0.44424	0.00743	0.00944	0.00908	0.00691	0.00940	0.00591	0.00830	0.00471	0.00305	0.00321	0.00102	0.00407	0.00287	0.00152	0.00435
27	0.00807	0.00789	0.01279	0.06045	0.79197	0.04201	0.00972	0.00995	0.00738	0.01034	0.00602	0.00794	0.00504	0.00291	0.00319	0.00096	0.00394	0.00285	0.00159	0.00499
28	0.00524	0.00683	0.22033	0.00642	0.00811	0.00442	0.03638	0.00699	0.00689	0.02047	0.01484	0.31073	0.05598	0.00755	0.00393	0.00127	0.00308	0.27462	0.00255	0.00338
29	0.00678	0.04076	0.00711	0.00481	0.00768	0.00464	0.00390	0.00820	0.00669	0.01041	0.00569	0.00664	0.00476	0.00241	0.00238	0.00049	0.00243	0.00191	0.00189	0.87042
30	0.00405	0.00328	0.00360	0.00352	0.00451	0.00283	0.00264	0.00509	0.00792	0.01004	0.29120	0.02893	0.60571	0.00769	0.00382	0.00107	0.00160	0.00652	0.00317	0.00283
31	0.00775	0.09035	0.01429	0.02649	0.16412	0.00827	0.35990	0.07356	0.03103	0.01056	0.00745	0.05846	0.00656	0.00387	0.00412	0.00108	0.08213	0.04378	0.00189	0.00433
32	0.00660	0.01590	0.78668	0.00952	0.01413	0.00757	0.08040	0.01035	0.02056	0.01029	0.00598	0.00706	0.00425	0.00306	0.00313	0.00103	0.00479	0.00252	0.00142	0.00475
33	0.00444	0.00343	0.00393	0.00387	0.00444	0.00336	0.00271	0.00502	0.00617	0.00788	0.05659	0.02480	0.37898	0.34030	0.06895	0.00217	0.04476	0.03323	0.00247	0.00251
34	0.00889	0.11680	0.03723	0.01572	0.00947	0.28157	0.04300	0.02845	0.00699	0.01630	0.01675	0.00702	0.00479	0.00499	0.03804	0.00123	0.35484	0.00256	0.00160	0.00378
35	0.00458	0.00346	0.00452	0.00485	0.00532	0.00353	0.01273	0.00615	0.09574	0.00866	0.03033	0.55453	0.02786	0.06847	0.15117	0.00205	0.00320	0.00720	0.00274	0.00291
36	0.04492	0.23502	0.19275	0.00793	0.06554	0.10827	0.02997	0.12557	0.00831	0.06704	0.00625	0.01945	0.00492	0.00322	0.00278	0.00087	0.00392	0.00242	0.00194	0.06891
37	0.00720	0.03432	0.03072	0.26942	0.28830	0.03712	0.09480	0.01850	0.04761	0.02223	0.03862	0.06787	0.02163	0.00379	0.00332	0.00103	0.00389	0.00354	0.00186	0.00423
38	0.00657	0.00376	0.00474	0.00427	0.00547	0.00333	0.00328	0.00782	0.00859	0.20283	0.42855	0.06444	0.23053	0.00658	0.00370	0.00105	0.00184	0.00566	0.00349	0.00350
39	0.00405	0.00291	0.00388	0.00459	0.00486	0.00274	0.00318	0.00470	0.00631	0.00837	0.01807	0.77503	0.04704	0.01018	0.01742	0.00138	0.00206	0.07761	0.00298	0.00266
40	0.00792	0.04688	0.36625	0.03792	0.09477	0.03970	0.21534	0.06331	0.00775	0.05188	0.00652	0.00806	0.00490	0.00320	0.00339	0.00102	0.01924	0.01559	0.00173	0.00464
41	0.46176	0.17677	0.21683	0.00581	0.00864	0.00829	0.00602	0.01014	0.02841	0.04439	0.00535	0.00601	0.00410	0.00305	0.00235	0.00095	0.00324	0.00201	0.00184	0.00405
42	0.00439	0.00310	0.00409	0.00469	0.00506	0.00292	0.00331	0.00518	0.01507	0.02053	0.01715	0.68257	0.02872	0.04669	0.00463	0.00138	0.00211	0.12216	0.00294	0.02331
43	0.21846	0.14300	0.31461	0.00793	0.04483	0.03390	0.07407	0.06906	0.00725	0.03034	0.00591	0.02654	0.00465	0.00322	0.00277	0.00097	0.00390	0.00247	0.00178	0.00435
44	0.00448	0.00320	0.00429	0.00492	0.00532	0.00311	0.00371	0.00536	0.00651	0.00860	0.02573	0.44816	0.03769	0.08858	0.03844	0.00168	0.00262	0.30204	0.00285	0.00270
45	0.00935	0.17423	0.07049	0.00708	0.01749	0.12746	0.00605	0.16430	0.36517	0.01260	0.00887	0.00874	0.00678	0.00374	0.00298	0.00096	0.00352	0.00285	0.00255	0.00479
46	0.00645	0.00602	0.00946	0.18389	0.06041	0.04307	0.15695	0.00801	0.00697	0.02345	0.04680	0.06478	0.06280	0.02561	0.00497	0.01759	0.10306	0.16408	0.00211	0.00352

[dist]
# distance from previous block
# <min> <max>
0	2

[block]
# block no. 10 follows, 88 sequences, length 42
# corresponding to MSA columns:
# 501-515,519-523,536-557
name=unknown_K
#
# <colnr> <probs for GDERKNQSTAVLIFYWHMCP>
#	G	D	E	R	K	N	Q	S	T	A	V	L	I	F	Y	W	H	M	C	P
0	0.04849	0.16295	0.31598	0.02965	0.09348	0.07732	0.01510	0.07024	0.06480	0.04353	0.00638	0.00713	0.00486	0.00317	0.00286	0.00092	0.00402	0.00242	0.00183	0.04486
1	0.00749	0.01006	0.19115	0.01206	0.02766	0.00786	0.58713	0.03544	0.02867	0.01957	0.00702	0.03772	0.00546	0.00313	0.00363	0.00108	0.00501	0.00365	0.00174	0.00446
2	0.00470	0.00314	0.00356	0.00359	0.00360	0.00314	0.00204	0.00473	0.00477	0.00636	0.01043	0.03453	0.01203	0.85601	0.01602	0.00307	0.00311	0.02119	0.00199	0.00199
3	0.00417	0.00340	0.00370	0.00360	0.00463	0.00299	0.00271	0.00546	0.03643	0.01006	0.26364	0.02852	0.60405	0.00762	0.00380	0.00107	0.00164	0.00644	0.00316	0.00290
4	0.00847	0.81895	0.08488	0.00582	0.00875	0.01236	0.00604	0.00972	0.00658	0.00781	0.00460	0.00531	0.00414	0.00279	0.00215	0.00072	0.00356	0.00178	0.00138	0.00420
5	0.00403	0.00286	0.00377	0.00446	0.00464	0.00269	0.00297	0.00457	0.00610	0.00812	0.01717	0.79260	0.02052	0.08066	0.00512	0.00146	0.00200	0.03074	0.00291	0.00258
6	0.10002	0.00335	0.00319	0.00314	0.00402	0.00345	0.00239	0.00773	0.00664	0.01230	0.00991	0.01134	0.00778	0.00368	0.00223	0.00078	0.00161	0.00288	0.81049	0.00306
7	0.00386	0.00327	0.00334	0.00332	0.00439	0.00275	0.00249	0.00472	0.00747	0.00898	0.08236	0.03068	0.81521	0.00809	0.00382	0.00109	0.00163	0.00676	0.00303	0.00275
8	0.00412	0.00296	0.00395	0.00468	0.00497	0.00279	0.00331	0.00482	0.00640	0.00847	0.01807	0.73863	0.04173	0.00990	0.00417	0.00133	0.00203	0.13199	0.00300	0.00268
9	0.00410	0.00285	0.00375	0.00445	0.00469	0.00268	0.00302	0.00474	0.00626	0.00852	0.01735	0.80714	0.02050	0.00971	0.00402	0.00128	0.00189	0.03362	0.05678	0.00266
10	0.90928	0.00625	0.00475	0.00425	0.00625	0.00725	0.00350	0.00950	0.00550	0.01449	0.00450	0.00525	0.00350	0.00300	0.00200	0.00100	0.00250	0.00175	0.00200	0.00350
11	0.00646	0.00344	0.00348	0.00332	0.00420	0.00350	0.00253	0.06721	0.00737	0.01263	0.01034	0.01174	0.00808	0.00377	0.00233	0.00077	0.00165	0.00300	0.84098	0.00319
12	0.00864	0.88841	0.01693	0.00553	0.00829	0.01278	0.00553	0.00967	0.00656	0.00760	0.00449	0.00518	0.00415	0.00276	0.00207	0.00069	0.00345	0.00173	0.00138	0.00415
13	0.00462	0.00346	0.00519	0.00519	0.00577	0.00404	0.00404	0.00577	0.00519	0.00750	0.00865	0.01269	0.00808	0.02423	0.87366	0.00519	0.00865	0.00346	0.00173	0.00288
14	0.00553	0.00322	0.00363	0.00374	0.00442	0.00318	0.00272	0.00714	0.04801	0.02410	0.10439	0.24938	0.01428	0.00582	0.00299	0.00095	0.00168	0.00502	0.50676	0.00305
15	0.08042	0.34479	0.38271	0.00716	0.01069	0.02539	0.00813	0.05281	0.01643	0.01933	0.00544	0.00620	0.00426	0.00300	0.00260	0.00088	0.00396	0.00212	0.00158	0.02209
16	0.03148	0.00749	0.00803	0.00628	0.00875	0.02362	0.00507	0.34119	0.18433	0.01499	0.00798	0.00816	0.00605	0.00345	0.00301	0.00083	0.01413	0.00267	0.00270	0.31979
17	0.00390	0.00323	0.00334	0.00338	0.00439	0.00274	0.00251	0.00473	0.00732	0.00890	0.05860	0.09351	0.75802	0.00818	0.00381	0.00110	0.00165	0.00688	0.02106	0.00274
18	0.00715	0.00672	0.01100	0.31814	0.44841	0.00702	0.00872	0.00908	0.00695	0.00975	0.00591	0.00803	0.00479	0.00293	0.00309	0.00093	0.00380	0.00274	0.00159	0.13326
19	0.78058	0.00645	0.00594	0.00647	0.12907	0.00731	0.00442	0.00956	0.00576	0.01393	0.00472	0.00564	0.00373	0.00298	0.00217	0.00099	0.00269	0.00191	0.00194	0.00373
20	0.00422	0.00329	0.00383	0.00370	0.00461	0.00290	0.00277	0.00542	0.00832	0.01099	0.47824	0.02736	0.41807	0.00734	0.00381	0.00105	0.00158	0.00630	0.00330	0.00290
21	0.85590	0.00620	0.00491	0.00434	0.00637	0.00710	0.00357	0.00987	0.00572	0.06545	0.00499	0.00559	0.00377	0.00306	0.00207	0.00100	0.00251	0.00184	0.00212	0.00362
22	0.00743	0.00582	0.00713	0.00517	0.00793	0.00459	0.02205	0.00886	0.00690	0.08794	0.00635	0.00714	0.00506	0.00264	0.00274	0.00057	0.02856	0.00210	0.00208	0.77893
23	0.00835	0.00766	0.01108	0.01497	0.55744	0.07399	0.02084	0.06261	0.02986	0.04576	0.12670	0.01031	0.00885	0.00358	0.00328	0.00097	0.00360	0.00328	0.00212	0.00475
24	0.00768	0.00688	0.00895	0.36559	0.07692	0.02913	0.00716	0.08126	0.35774	0.01156	0.00895	0.00984	0.00674	0.00373	0.00324	0.00106	0.00353	0.00318	0.00236	0.00449
25	0.01445	0.00556	0.00754	0.00578	0.00828	0.00485	0.00477	0.03117	0.00936	0.85296	0.01265	0.01094	0.00795	0.00400	0.00325	0.00100	0.00276	0.00324	0.00398	0.00550
