[name]
unknown

[dist]
# distance from previous block
# <min> <max>
2	129

[block]
# block no. 0 follows, 87 sequences, length 17
# corresponding to MSA columns:
# 130-146
name=unknown_A
#
# <colnr> <probs for GDERKNQSTAVLIFYWHMCP>
#	G	D	E	R	K	N	Q	S	T	A	V	L	I	F	Y	W	H	M	C	P
0	0.00663	0.00572	0.02216	0.00539	0.03405	0.00438	0.01775	0.00803	0.00684	0.02951	0.02461	0.03505	0.04996	0.04132	0.00326	0.00071	0.00252	0.00270	0.00208	0.69733
1	0.04990	0.06337	0.15940	0.03404	0.01019	0.06314	0.05097	0.18947	0.04899	0.12052	0.08819	0.02087	0.01640	0.00392	0.00315	0.00097	0.00356	0.01145	0.00256	0.05894
2	0.08778	0.09983	0.03428	0.03379	0.08088	0.00681	0.01348	0.12907	0.06716	0.08098	0.07720	0.11108	0.12823	0.00519	0.00348	0.00104	0.02871	0.00426	0.00266	0.00411
3	0.00984	0.00465	0.00608	0.00515	0.00681	0.00421	0.00403	0.02359	0.04550	0.44204	0.19549	0.14652	0.04106	0.03067	0.00392	0.00112	0.00235	0.00489	0.00362	0.01846
4	0.00843	0.00736	0.05495	0.05356	0.14646	0.03876	0.06707	0.15594	0.12098	0.08555	0.07036	0.11426	0.02725	0.00482	0.00348	0.00107	0.00336	0.02912	0.00269	0.00450
5	0.04342	0.27227	0.16366	0.00694	0.00983	0.08140	0.02559	0.14053	0.00870	0.18015	0.00713	0.00745	0.00527	0.00398	0.02925	0.00103	0.00397	0.00248	0.00226	0.00468
6	0.09764	0.00633	0.00755	0.00597	0.00831	0.04270	0.00489	0.05547	0.04593	0.64745	0.01127	0.01010	0.00733	0.00397	0.00337	0.00102	0.02881	0.00308	0.00360	0.00521
7	0.00529	0.00386	0.00479	0.00439	0.00533	0.00371	0.00333	0.08548	0.00963	0.01343	0.71670	0.04286	0.07551	0.00658	0.00380	0.00103	0.00174	0.00575	0.00351	0.00328
8	0.00418	0.00294	0.00379	0.00431	0.00452	0.00278	0.00283	0.00473	0.00624	0.00839	0.09572	0.64107	0.02061	0.17411	0.00647	0.00164	0.00210	0.00810	0.00288	0.00256
9	0.00641	0.00572	0.00946	0.03421	0.38579	0.00562	0.06426	0.00819	0.00808	0.01139	0.33532	0.04072	0.01613	0.00488	0.00360	0.00104	0.00300	0.04960	0.00248	0.00409
10	0.00850	0.09048	0.06407	0.04136	0.15490	0.05213	0.06611	0.06876	0.01592	0.07491	0.01396	0.00767	0.00525	0.00337	0.00391	0.00091	0.11330	0.00263	0.00196	0.20991
11	0.01144	0.00865	0.00971	0.00847	0.08988	0.00952	0.00635	0.67853	0.08750	0.01879	0.00822	0.00835	0.00597	0.00386	0.00324	0.00098	0.00347	0.00300	0.02867	0.00541
12	0.04811	0.06614	0.09832	0.00712	0.03191	0.02091	0.11481	0.13331	0.05513	0.09274	0.08983	0.03417	0.15105	0.00468	0.00332	0.00101	0.00320	0.00400	0.03599	0.00423
13	0.01983	0.10334	0.14106	0.00735	0.06274	0.03390	0.02676	0.08526	0.10374	0.06877	0.03128	0.00819	0.00623	0.00322	0.00286	0.00082	0.00330	0.00258	0.00222	0.28658
14	0.00576	0.00387	0.00492	0.00490	0.00579	0.00372	0.00374	0.02945	0.03236	0.09034	0.15170	0.33317	0.13009	0.00794	0.00414	0.00120	0.02926	0.12359	0.00314	0.03091
15	0.03520	0.00613	0.00680	0.00516	0.00771	0.03008	0.00408	0.08945	0.00761	0.02450	0.00718	0.08897	0.00646	0.00336	0.00268	0.00064	0.00259	0.00274	0.00219	0.66647
16	0.00803	0.16226	0.23685	0.00728	0.03025	0.00785	0.03984	0.06925	0.16192	0.07686	0.05497	0.01053	0.02947	0.05985	0.00392	0.00110	0.00351	0.00313	0.00230	0.03082

[dist]
# distance from previous block
# <min> <max>
0	3

[block]
# block no. 1 follows, 87 sequences, length 11
# corresponding to MSA columns:
# 150-160
name=unknown_B
#
# <colnr> <probs for GDERKNQSTAVLIFYWHMCP>
#	G	D	E	R	K	N	Q	S	T	A	V	L	I	F	Y	W	H	M	C	P
0	0.00981	0.00676	0.00781	0.00715	0.06582	0.03351	0.00524	0.21884	0.19128	0.18042	0.01059	0.04595	0.00862	0.10844	0.02159	0.00137	0.02170	0.02479	0.00300	0.02730
1	0.00645	0.00617	0.04825	0.03595	0.04250	0.02175	0.11417	0.02333	0.05211	0.03052	0.25057	0.01516	0.10553	0.00469	0.00368	0.00095	0.03855	0.00410	0.00254	0.19303
2	0.00740	0.00850	0.14541	0.01161	0.25734	0.00689	0.15743	0.04407	0.08273	0.02344	0.05215	0.02586	0.05575	0.00369	0.00332	0.00098	0.00372	0.00347	0.01434	0.09192
3	0.00450	0.00333	0.00419	0.00398	0.00480	0.00303	0.00298	0.00592	0.00895	0.01241	0.73408	0.02545	0.16044	0.00691	0.00385	0.00104	0.00156	0.00605	0.00350	0.00303
4	0.02996	0.02411	0.15889	0.17081	0.22911	0.00765	0.14587	0.08247	0.00788	0.02917	0.03628	0.00871	0.00582	0.00329	0.00337	0.00102	0.01744	0.00304	0.03059	0.00452
5	0.81077	0.00745	0.09832	0.00483	0.00715	0.00734	0.00445	0.00967	0.00569	0.01416	0.00468	0.00547	0.00360	0.00303	0.00213	0.00101	0.00277	0.00184	0.00195	0.00367
6	0.00474	0.00370	0.00475	0.00453	0.00550	0.00355	0.00340	0.00575	0.00625	0.00864	0.06389	0.13228	0.18158	0.06821	0.34348	0.00277	0.00466	0.00491	0.00232	0.14510
7	0.00873	0.74668	0.06987	0.03374	0.00929	0.06946	0.00614	0.00997	0.00681	0.00788	0.00469	0.00549	0.00419	0.00286	0.00225	0.00074	0.00376	0.00185	0.00141	0.00418
8	0.00487	0.00317	0.00394	0.00394	0.00404	0.00326	0.00245	0.00484	0.00475	0.00643	0.00932	0.01818	0.01030	0.60968	0.15718	0.14147	0.00403	0.00424	0.00185	0.00204
9	0.01102	0.16479	0.10349	0.00781	0.01023	0.44246	0.00677	0.19569	0.00986	0.01092	0.00565	0.00630	0.00448	0.00335	0.00288	0.00087	0.00485	0.00225	0.00194	0.00435
10	0.00868	0.03838	0.04738	0.09224	0.25838	0.13223	0.16844	0.02517	0.03822	0.06105	0.00679	0.02118	0.00543	0.00343	0.00376	0.00102	0.06260	0.00305	0.01808	0.00448

[dist]
# distance from previous block
# <min> <max>
1	11

[block]
# block no. 2 follows, 87 sequences, length 32
# corresponding to MSA columns:
# 172-203
name=unknown_C
#
# <colnr> <probs for GDERKNQSTAVLIFYWHMCP>
#	G	D	E	R	K	N	Q	S	T	A	V	L	I	F	Y	W	H	M	C	P
0	0.00474	0.00387	0.00437	0.01675	0.00551	0.02774	0.00344	0.00618	0.05232	0.00968	0.16089	0.16648	0.33814	0.03541	0.02704	0.00135	0.00231	0.12778	0.00301	0.00297
1	0.00917	0.26232	0.02915	0.10496	0.04717	0.16030	0.00637	0.09686	0.23114	0.01084	0.00748	0.00796	0.00589	0.00349	0.00288	0.00092	0.00382	0.00263	0.00215	0.00450
2	0.00657	0.00386	0.00530	0.00500	0.00593	0.00389	0.00382	0.01640	0.00711	0.17561	0.17033	0.17628	0.03770	0.03574	0.31089	0.00263	0.02164	0.00507	0.00282	0.00342
3	0.03908	0.09356	0.15302	0.06242	0.04630	0.06321	0.07845	0.16277	0.02603	0.10261	0.01561	0.03252	0.00585	0.00406	0.01356	0.00108	0.09015	0.00297	0.00220	0.00455
4	0.02554	0.27364	0.15088	0.03527	0.11080	0.03083	0.02216	0.03584	0.02554	0.24809	0.00762	0.00787	0.00554	0.00330	0.00287	0.00092	0.00364	0.00257	0.00227	0.00481
5	0.00410	0.00297	0.00386	0.00450	0.00481	0.00277	0.00311	0.00477	0.00648	0.00857	0.04923	0.70042	0.08586	0.03826	0.00455	0.00137	0.00198	0.06670	0.00301	0.00267
6	0.00422	0.00308	0.00383	0.00419	0.00462	0.00285	0.00289	0.00496	0.00682	0.00904	0.16984	0.44825	0.15664	0.12467	0.00571	0.00148	0.00200	0.03925	0.00299	0.00267
7	0.07740	0.11286	0.23596	0.03462	0.12871	0.09474	0.08675	0.11276	0.00826	0.05368	0.00642	0.02214	0.00499	0.00330	0.00302	0.00097	0.00422	0.00269	0.00191	0.00460
8	0.11341	0.00849	0.02347	0.00684	0.00918	0.07126	0.00565	0.43711	0.09024	0.15423	0.02373	0.00859	0.00643	0.00391	0.00327	0.00100	0.02213	0.00291	0.00307	0.00506
9	0.00493	0.00359	0.00502	0.00534	0.00592	0.00384	0.00426	0.00620	0.02100	0.00843	0.01279	0.06682	0.01343	0.11599	0.37674	0.00327	0.00541	0.33182	0.00236	0.00287
10	0.06706	0.00743	0.09794	0.14412	0.19607	0.02860	0.02874	0.07146	0.02493	0.10836	0.02967	0.09892	0.04810	0.00449	0.00334	0.00106	0.00349	0.02958	0.00232	0.00432
11	0.02501	0.00812	0.00883	0.06606	0.07052	0.14919	0.03929	0.05787	0.27281	0.02450	0.01621	0.00950	0.00689	0.00511	0.04740	0.00127	0.13329	0.00310	0.05072	0.00432
12	0.00688	0.00532	0.00609	0.00576	0.00714	0.00566	0.00470	0.13944	0.23407	0.01270	0.09651	0.02315	0.13088	0.00653	0.00378	0.00119	0.00261	0.27251	0.03115	0.00394
13	0.90843	0.00631	0.00479	0.00429	0.00631	0.00732	0.00353	0.00959	0.00555	0.01463	0.00454	0.00530	0.00353	0.00303	0.00202	0.00101	0.00252	0.00177	0.00202	0.00353
14	0.00474	0.00317	0.00360	0.00360	0.00362	0.00319	0.00203	0.00477	0.00476	0.00636	0.01023	0.02110	0.01175	0.86131	0.04055	0.00322	0.00332	0.00471	0.00197	0.00200
15	0.00770	0.00880	0.01924	0.01374	0.01704	0.00825	0.85322	0.01045	0.00770	0.01045	0.00660	0.00880	0.00495	0.00275	0.00385	0.00110	0.00550	0.00385	0.00165	0.00440
16	0.10181	0.00569	0.00734	0.00568	0.00816	0.00514	0.00470	0.03044	0.00907	0.76879	0.01196	0.01047	0.00758	0.00394	0.00316	0.00101	0.00276	0.00313	0.00383	0.00535
17	0.01015	0.00826	0.00849	0.00709	0.00925	0.04536	0.00567	0.38928	0.43562	0.01642	0.01056	0.01033	0.00788	0.00422	0.00329	0.00104	0.00317	0.01545	0.00322	0.00524
18	0.02459	0.01036	0.02431	0.02164	0.01006	0.25823	0.02388	0.35034	0.02675	0.10470	0.00711	0.00759	0.00527	0.00392	0.00403	0.00100	0.10623	0.00273	0.00256	0.00470
19	0.00439	0.00310	0.00382	0.00409	0.00438	0.00295	0.00270	0.00496	0.00630	0.00845	0.15214	0.34867	0.07389	0.32504	0.00859	0.00193	0.00232	0.03705	0.00274	0.00249
20	0.57316	0.02170	0.00608	0.00496	0.00707	0.00703	0.00410	0.08958	0.00731	0.19443	0.00682	0.00703	0.00487	0.00339	0.00256	0.00100	0.01742	0.00226	0.03509	0.00414
21	0.00682	0.04033	0.19462	0.12885	0.18263	0.00694	0.16109	0.01704	0.02449	0.02446	0.00856	0.17295	0.00800	0.00440	0.00345	0.00108	0.00400	0.00415	0.00190	0.00424
22	0.03378	0.00571	0.00758	0.00584	0.00834	0.00509	0.00482	0.04383	0.02609	0.80382	0.01252	0.01088	0.00793	0.00402	0.00325	0.00101	0.00279	0.00324	0.00395	0.00550
23	0.00528	0.00390	0.02814	0.00404	0.00513	0.00338	0.00320	0.00697	0.04033	0.05120	0.41170	0.02281	0.24995	0.00635	0.00354	0.00101	0.00175	0.00542	0.14269	0.00322
24	0.00772	0.13865	0.28734	0.14216	0.03039	0.08868	0.16037	0.03275	0.02173	0.00976	0.02264	0.00766	0.00501	0.00322	0.00333	0.00100	0.02892	0.00274	0.00160	0.00434
25	0.00526	0.00841	0.28691	0.00662	0.00919	0.00503	0.11295	0.00733	0.00739	0.00976	0.06880	0.02016	0.42758	0.00579	0.00361	0.00107	0.00316	0.00499	0.00235	0.00365
26	0.00414	0.00331	0.00370	0.00366	0.00462	0.00288	0.00275	0.00520	0.00798	0.01020	0.30160	0.05289	0.55113	0.00781	0.00387	0.00109	0.00165	0.02543	0.00321	0.00286
27	0.01102	0.14298	0.01092	0.00874	0.05537	0.63121	0.04463	0.01213	0.01853	0.00826	0.00548	0.02562	0.00474	0.00339	0.00290	0.00085	0.00528	0.00235	0.00168	0.00393
28	0.06046	0.09551	0.20610	0.12047	0.22362	0.09301	0.03458	0.02783	0.01680	0.06880	0.00623	0.00748	0.00478	0.00319	0.00314	0.00098	0.01811	0.00260	0.00176	0.00455
29	0.00525	0.00375	0.00525	0.00601	0.00676	0.00375	0.00525	0.00676	0.00751	0.00976	0.01727	0.03678	0.01877	0.00901	0.00450	0.00150	0.00300	0.84311	0.00300	0.00300
30	0.00508	0.00448	0.00670	0.41705	0.03142	0.00497	0.00588	0.00653	0.00680	0.00864	0.03866	0.19751	0.24150	0.00615	0.00362	0.00114	0.00302	0.00539	0.00227	0.00320
31	0.00987	0.10033	0.15906	0.00885	0.10485	0.03758	0.05984	0.13723	0.08239	0.19775	0.02870	0.00902	0.00662	0.00416	0.02651	0.00110	0.01574	0.00297	0.00252	0.00492

[dist]
# distance from previous block
# <min> <max>
6	28

[block]
# block no. 3 follows, 87 sequences, length 55
# corresponding to MSA columns:
# 233-287
name=unknown_D
#
# <colnr> <probs for GDERKNQSTAVLIFYWHMCP>
#	G	D	E	R	K	N	Q	S	T	A	V	L	I	F	Y	W	H	M	C	P
0	0.02177	0.08261	0.10059	0.05405	0.01150	0.07478	0.14355	0.19293	0.18774	0.02431	0.00804	0.01954	0.00618	0.00416	0.02410	0.00111	0.02431	0.00309	0.00234	0.01328
1	0.13227	0.00912	0.01063	0.12041	0.31346	0.18559	0.04484	0.11486	0.00839	0.01154	0.00586	0.00731	0.00467	0.00321	0.00313	0.00097	0.01478	0.00263	0.00187	0.00446
2	0.00736	0.00462	0.00485	0.00445	0.00570	0.00496	0.00344	0.04578	0.26704	0.05300	0.01143	0.01193	0.00872	0.00401	0.00268	0.00089	0.00199	0.00324	0.55003	0.00391
3	0.00836	0.00724	0.00768	0.04844	0.01859	0.03387	0.00546	0.03935	0.74755	0.02678	0.01244	0.01163	0.00931	0.00430	0.00330	0.00109	0.00281	0.00357	0.00317	0.00506
4	0.00392	0.00332	0.00339	0.00340	0.00448	0.00279	0.00257	0.00479	0.00750	0.00899	0.06384	0.03125	0.81214	0.00822	0.00387	0.00111	0.00168	0.02695	0.00305	0.00277
5	0.00474	0.00316	0.00356	0.00356	0.00356	0.00316	0.00198	0.00474	0.00474	0.00632	0.01027	0.02134	0.01186	0.88540	0.01660	0.00316	0.00316	0.00474	0.00198	0.00198
6	0.00414	0.00296	0.00397	0.00472	0.00499	0.00280	0.00331	0.00483	0.00643	0.00852	0.01809	0.75995	0.03285	0.01003	0.00420	0.00134	0.00203	0.11910	0.00302	0.00270
7	0.85351	0.00634	0.00501	0.00442	0.00647	0.00728	0.00364	0.02818	0.00591	0.04859	0.00494	0.00558	0.00376	0.00309	0.00210	0.00101	0.00256	0.00185	0.00213	0.00366
8	0.00466	0.00347	0.00512	0.00512	0.00566	0.00401	0.00393	0.00575	0.00520	0.00748	0.00885	0.01342	0.00842	0.08635	0.81094	0.00509	0.00833	0.00358	0.00176	0.00284
9	0.00847	0.00693	0.00738	0.00659	0.00847	0.00793	0.00514	0.01725	0.81294	0.06007	0.01325	0.01211	0.00985	0.00440	0.00332	0.00110	0.00259	0.00366	0.00336	0.00518
10	0.01240	0.00913	0.00979	0.00750	0.01011	0.01011	0.00620	0.85419	0.01533	0.02055	0.00783	0.00783	0.00555	0.00391	0.00326	0.00098	0.00359	0.00294	0.00326	0.00555
11	0.01219	0.01519	0.00927	0.00835	0.01008	0.82541	0.00629	0.05877	0.00957	0.00866	0.00519	0.00599	0.00427	0.00339	0.00296	0.00085	0.00576	0.00215	0.00177	0.00388
12	0.00428	0.00310	0.00411	0.00482	0.00521	0.00293	0.00354	0.00510	0.00664	0.00871	0.01885	0.61449	0.07991	0.00978	0.00422	0.00135	0.00215	0.21505	0.00302	0.00274
13	0.01607	0.00347	0.00380	0.00363	0.00475	0.00300	0.00276	0.00576	0.00791	0.05931	0.21675	0.02806	0.60615	0.00753	0.00378	0.00107	0.00170	0.00634	0.01515	0.00300
14	0.01198	0.00893	0.00955	0.00742	0.00995	0.00992	0.00610	0.77302	0.09717	0.01988	0.00836	0.00825	0.00597	0.00396	0.00327	0.00099	0.00349	0.00301	0.00327	0.00551
15	0.01177	0.00828	0.00892	0.00692	0.00931	0.00907	0.00569	0.72125	0.01410	0.05582	0.00837	0.00847	0.00598	0.00391	0.00315	0.00095	0.00332	0.00296	0.10652	0.00526
16	0.90843	0.00631	0.00479	0.00429	0.00631	0.00732	0.00353	0.00959	0.00555	0.01463	0.00454	0.00530	0.00353	0.00303	0.00202	0.00101	0.00252	0.00177	0.00202	0.00353
17	0.00434	0.00336	0.00401	0.00436	0.00488	0.02370	0.00308	0.00521	0.00726	0.00959	0.22824	0.50102	0.15471	0.00885	0.00401	0.00121	0.00189	0.02435	0.00313	0.00280
18	0.00616	0.00580	0.00978	0.87756	0.02246	0.00724	0.00906	0.00833	0.00652	0.00833	0.00580	0.00869	0.00435	0.00326	0.00326	0.00109	0.00435	0.00290	0.00145	0.00362
19	0.10534	0.21716	0.54376	0.00782	0.01178	0.00888	0.00939	0.04305	0.00701	0.01058	0.00548	0.00637	0.00413	0.00305	0.00275	0.00095	0.00421	0.00221	0.00152	0.00456
20	0.00744	0.00606	0.00652	0.00583	0.00744	0.01598	0.00453	0.07060	0.50799	0.03396	0.19211	0.01628	0.10087	0.00523	0.00347	0.00107	0.00238	0.00440	0.00334	0.00450
21	0.00399	0.00316	0.00358	0.00388	0.00463	0.00278	0.00281	0.00475	0.00697	0.00864	0.02650	0.32713	0.50869	0.02629	0.00425	0.00124	0.00184	0.05315	0.00301	0.00271
22	0.00637	0.00576	0.00944	0.70581	0.08636	0.00694	0.00845	0.02915	0.00681	0.00902	0.00663	0.04447	0.00536	0.00356	0.00324	0.00107	0.00404	0.00317	0.05064	0.00372
23	0.00475	0.00332	0.00447	0.00447	0.00478	0.00362	0.00312	0.00528	0.00498	0.00694	0.00922	0.01627	0.00959	0.38863	0.46403	0.05222	0.00606	0.00399	0.00183	0.00244
24	0.00408	0.00287	0.00376	0.00443	0.00469	0.00268	0.00298	0.00473	0.00640	0.00867	0.04822	0.79694	0.03963	0.00977	0.00406	0.00128	0.00186	0.00883	0.04140	0.00268
25	0.00646	0.00382	0.00500	0.00447	0.00557	0.00352	0.00343	0.00816	0.03327	0.16167	0.69139	0.02171	0.02623	0.00615	0.00373	0.00102	0.00178	0.00538	0.00366	0.00357
26	0.00757	0.00972	0.14342	0.02995	0.18714	0.00803	0.54413	0.01030	0.00750	0.01043	0.00638	0.00837	0.00486	0.00284	0.00360	0.00106	0.00505	0.00343	0.00160	0.00460
27	0.00809	0.00874	0.00984	0.02835	0.00917	0.17743	0.00702	0.00886	0.00585	0.00788	0.00446	0.00693	0.00427	0.00520	0.00902	0.00131	0.68978	0.00271	0.00148	0.00361
28	0.00952	0.02777	0.01140	0.09345	0.42289	0.31395	0.00833	0.04351	0.00824	0.00978	0.00572	0.00727	0.00473	0.00318	0.00322	0.00094	0.01733	0.00260	0.00168	0.00451
29	0.00543	0.00436	0.00621	0.00635	0.00687	0.00492	0.02295	0.00659	0.00666	0.00906	0.01419	0.20251	0.01564	0.00875	0.02711	0.00152	0.18580	0.44847	0.01352	0.00308
30	0.00453	0.00333	0.00424	0.00401	0.00482	0.00304	0.00301	0.00598	0.00902	0.01258	0.76764	0.02517	0.12678	0.00685	0.00385	0.00103	0.00155	0.00601	0.00352	0.00304
31	0.01018	0.55322	0.01424	0.00627	0.00898	0.02293	0.00577	0.29502	0.00968	0.03769	0.00590	0.00629	0.00476	0.00321	0.00253	0.00080	0.00353	0.00220	0.00211	0.00468
32	0.00933	0.00415	0.00521	0.00441	0.00592	0.00378	0.00350	0.01073	0.00838	0.36996	0.18535	0.01447	0.02495	0.00454	0.00304	0.00092	0.00205	0.00378	0.33145	0.00409
33	0.00394	0.00322	0.00348	0.00361	0.00451	0.00276	0.00263	0.00477	0.00735	0.00906	0.09747	0.19662	0.63224	0.00851	0.00391	0.00114	0.00169	0.00727	0.00307	0.00276
34	0.00462	0.00333	0.00436	0.00410	0.00487	0.00308	0.00308	0.00615	0.00923	0.01308	0.86334	0.02436	0.03077	0.00667	0.00385	0.00103	0.00154	0.00590	0.00359	0.00308
35	0.00900	0.00698	0.00753	0.00660	0.00856	0.00789	0.00518	0.06390	0.72742	0.09905	0.01293	0.01182	0.00952	0.00436	0.00331	0.00109	0.00266	0.00360	0.00339	0.00522
36	0.00877	0.00733	0.00774	0.00677	0.00873	0.00842	0.00532	0.14531	0.73011	0.01470	0.01244	0.01150	0.00928	0.00435	0.00331	0.00109	0.00273	0.00357	0.00331	0.00522
37	0.03796	0.00557	0.00750	0.00576	0.00827	0.00486	0.00476	0.01573	0.00923	0.84506	0.01265	0.01095	0.00795	0.00401	0.00325	0.00101	0.00277	0.00324	0.00398	0.00550
38	0.90843	0.00631	0.00479	0.00429	0.00631	0.00732	0.00353	0.00959	0.00555	0.01463	0.00454	0.00530	0.00353	0.00303	0.00202	0.00101	0.00252	0.00177	0.00202	0.00353
39	0.90843	0.00631	0.00479	0.00429	0.00631	0.00732	0.00353	0.00959	0.00555	0.01463	0.00454	0.00530	0.00353	0.00303	0.00202	0.00101	0.00252	0.00177	0.00202	0.00353
40	0.00423	0.00332	0.00382	0.00370	0.00463	0.00291	0.00277	0.00540	0.00831	0.01090	0.44034	0.02794	0.45512	0.00748	0.00385	0.00106	0.00160	0.00640	0.00330	0.00291
41	0.00654	0.01687	0.86850	0.00929	0.01411	0.00757	0.01205	0.01033	0.00688	0.01033	0.00585	0.00688	0.00413	0.00310	0.00310	0.00103	0.00482	0.00241	0.00138	0.00482
42	0.00654	0.01687	0.86850	0.00929	0.01411	0.00757	0.01205	0.01033	0.00688	0.01033	0.00585	0.00688	0.00413	0.00310	0.00310	0.00103	0.00482	0.00241	0.00138	0.00482
43	0.00872	0.88736	0.01709	0.00558	0.00837	0.01290	0.00558	0.00976	0.00663	0.00767	0.00453	0.00523	0.00418	0.00279	0.00209	0.00070	0.00349	0.00174	0.00139	0.00418
44	0.00427	0.00301	0.00365	0.00402	0.00422	0.00287	0.00255	0.00464	0.00575	0.00756	0.01630	0.45268	0.09836	0.36433	0.00917	0.00205	0.00238	0.00721	0.00260	0.00239
45	0.00397	0.00334	0.00346	0.00352	0.00459	0.00283	0.00270	0.00485	0.00744	0.00889	0.03176	0.03182	0.79572	0.00832	0.00391	0.00113	0.00176	0.07420	0.00303	0.00277
46	0.00807	0.00775	0.01324	0.02002	0.86506	0.00775	0.01001	0.01001	0.00742	0.01065	0.00613	0.00807	0.00517	0.00291	0.00323	0.00097	0.00387	0.00291	0.00161	0.00517
47	0.00603	0.00305	0.00308	0.00308	0.00384	0.00304	0.00231	0.00755	0.00692	0.01219	0.03995	0.01258	0.00913	0.00390	0.00233	0.00077	0.00152	0.00314	0.87256	0.00304
48	0.00410	0.00295	0.00394	0.00463	0.00489	0.00281	0.00320	0.00476	0.00627	0.00835	0.01761	0.75043	0.03758	0.02465	0.05160	0.00157	0.00235	0.06266	0.00294	0.00268
49	0.22123	0.00601	0.00728	0.00615	0.04444	0.00579	0.00480	0.05872	0.00869	0.58836	0.01038	0.00945	0.00676	0.00375	0.00298	0.00101	0.00281	0.00289	0.00342	0.00507
50	0.00715	0.13156	0.03919	0.00585	0.03383	0.01465	0.01706	0.00863	0.00674	0.01007	0.00558	0.00662	0.00470	0.00264	0.00274	0.00059	0.03432	0.00201	0.00180	0.66425
51	0.00828	0.00697	0.00736	0.00654	0.00835	0.00801	0.00507	0.08549	0.74328	0.01381	0.01266	0.01231	0.00969	0.05230	0.00404	0.00121	0.00270	0.00368	0.00324	0.00502
52	0.00467	0.00346	0.00509	0.00509	0.00561	0.00399	0.00388	0.00572	0.00519	0.00745	0.00888	0.01360	0.00849	0.10378	0.79362	0.00505	0.00822	0.00361	0.00177	0.00283
53	0.00434	0.00317	0.00413	0.00459	0.00511	0.00296	0.00340	0.00531	0.00723	0.00963	0.19246	0.45064	0.11630	0.00904	0.00413	0.00127	0.00201	0.16834	0.00314	0.00282
54	0.81572	0.00640	0.00516	0.00453	0.00659	0.00734	0.00372	0.04213	0.02715	0.04960	0.00522	0.00580	0.00395	0.00314	0.00215	0.00101	0.00257	0.00192	0.00218	0.00373

[dist]
# distance from previous block
# <min> <max>
3	7

[block]
# block no. 4 follows, 87 sequences, length 43
# corresponding to MSA columns:
# 295-337
name=unknown_E
#
# <colnr> <probs for GDERKNQSTAVLIFYWHMCP>
#	G	D	E	R	K	N	Q	S	T	A	V	L	I	F	Y	W	H	M	C	P
0	0.00624	0.00407	0.02059	0.00507	0.00594	0.00378	0.00379	0.01689	0.09335	0.13420	0.03302	0.49908	0.04427	0.02585	0.00447	0.03234	0.00227	0.05829	0.00311	0.00337
1	0.00835	0.26803	0.06094	0.11503	0.15110	0.02914	0.00683	0.11364	0.00797	0.01911	0.01402	0.00709	0.00495	0.00301	0.00273	0.00081	0.00357	0.00236	0.00183	0.17949
2	0.88685	0.02744	0.00509	0.00432	0.00636	0.00745	0.00358	0.00959	0.00558	0.01446	0.00454	0.00530	0.00355	0.00302	0.00202	0.00100	0.00255	0.00177	0.00200	0.00355
3	0.03387	0.01522	0.03757	0.09900	0.26701	0.00685	0.01795	0.09053	0.00863	0.32666	0.01848	0.00924	0.00636	0.00359	0.00347	0.00101	0.03355	0.00302	0.00266	0.01532
4	0.09522	0.21267	0.17183	0.01667	0.08257	0.03663	0.03137	0.06562	0.11001	0.02429	0.02804	0.01846	0.01732	0.03197	0.00333	0.00102	0.00358	0.02708	0.00205	0.02027
5	0.00413	0.00295	0.00396	0.00472	0.00498	0.00278	0.00330	0.00481	0.00640	0.00850	0.01789	0.78002	0.02123	0.01007	0.00420	0.00135	0.00203	0.11098	0.00302	0.00269
6	0.00599	0.00547	0.00902	0.77095	0.02015	0.00675	0.00819	0.00789	0.00630	0.00809	0.00634	0.01024	0.00526	0.11086	0.00489	0.00134	0.00420	0.00312	0.00151	0.00342
7	0.00890	0.16850	0.19935	0.03170	0.21628	0.00848	0.04367	0.11677	0.03207	0.10147	0.00741	0.02035	0.01615	0.00338	0.00305	0.00095	0.00383	0.00282	0.00207	0.01278
8	0.00774	0.01519	0.01835	0.09577	0.31012	0.10580	0.14086	0.03923	0.01511	0.01014	0.00909	0.04561	0.03702	0.00437	0.00359	0.00108	0.01210	0.12261	0.00198	0.00424
9	0.79837	0.00624	0.00540	0.11081	0.00828	0.00731	0.00421	0.00943	0.00567	0.01386	0.00469	0.00571	0.00363	0.00306	0.00217	0.00102	0.00275	0.00190	0.00195	0.00354
10	0.00435	0.00338	0.00427	0.00447	0.00526	0.00308	0.01907	0.00539	0.00742	0.00957	0.15534	0.25225	0.33261	0.00856	0.00406	0.00123	0.00203	0.17171	0.00308	0.00286
11	0.01218	0.01554	0.00924	0.00840	0.01008	0.87231	0.00630	0.01302	0.00924	0.00798	0.00504	0.00588	0.00420	0.00336	0.00294	0.00084	0.00588	0.00210	0.00168	0.00378
12	0.00616	0.00580	0.00978	0.87756	0.02246	0.00724	0.00906	0.00833	0.00652	0.00833	0.00580	0.00869	0.00435	0.00326	0.00326	0.00109	0.00435	0.00290	0.00145	0.00362
13	0.00581	0.00381	0.00416	0.00384	0.00520	0.00328	0.00296	0.00700	0.03742	0.15272	0.02897	0.02732	0.69074	0.00742	0.00374	0.00109	0.00187	0.00617	0.00321	0.00330
14	0.90843	0.00631	0.00479	0.00429	0.00631	0.00732	0.00353	0.00959	0.00555	0.01463	0.00454	0.00530	0.00353	0.00303	0.00202	0.00101	0.00252	0.00177	0.00202	0.00353
15	0.01218	0.01554	0.00924	0.00840	0.01008	0.87231	0.00630	0.01302	0.00924	0.00798	0.00504	0.00588	0.00420	0.00336	0.00294	0.00084	0.00588	0.00210	0.00168	0.00378
16	0.00399	0.00292	0.00375	0.00437	0.00470	0.00268	0.00296	0.00463	0.00652	0.00860	0.05823	0.74032	0.12471	0.00982	0.00411	0.00128	0.00185	0.00883	0.00305	0.00268
17	0.00412	0.00297	0.00377	0.00427	0.00457	0.00276	0.00285	0.00474	0.00647	0.00860	0.10401	0.61472	0.09686	0.11644	0.00562	0.00150	0.00199	0.00816	0.00296	0.00262
18	0.00522	0.00347	0.00451	0.00417	0.00507	0.00317	0.00315	0.00670	0.00914	0.06811	0.76182	0.02389	0.07593	0.00659	0.00381	0.00103	0.00162	0.00578	0.00359	0.00322
19	0.00676	0.00580	0.00676	0.00483	0.00773	0.00435	0.00386	0.00821	0.00676	0.01063	0.00580	0.00676	0.00483	0.00241	0.00241	0.00048	0.00241	0.00193	0.00193	0.90533
20	0.01149	0.01570	0.11405	0.00851	0.01057	0.76683	0.00700	0.01269	0.00895	0.00827	0.00514	0.00600	0.00419	0.00333	0.00296	0.00086	0.00575	0.00214	0.00164	0.00391
21	0.01001	0.47037	0.05241	0.00688	0.01832	0.14649	0.02288	0.17915	0.00893	0.03764	0.01635	0.00645	0.00494	0.00321	0.00261	0.00082	0.00394	0.00222	0.00193	0.00447
22	0.01157	0.01452	0.00933	0.00842	0.00990	0.76712	0.00640	0.01239	0.00872	0.00796	0.00495	0.00603	0.00421	0.00365	0.00389	0.00091	0.11244	0.00219	0.00165	0.00375
23	0.00466	0.00349	0.00524	0.00524	0.00582	0.00408	0.00408	0.00582	0.00524	0.00757	0.00873	0.01281	0.00815	0.02446	0.87248	0.00524	0.00873	0.00349	0.00175	0.00291
24	0.00586	0.00315	0.00348	0.01926	0.00442	0.00324	0.00265	0.00735	0.00672	0.01156	0.03962	0.01259	0.00903	0.00641	0.10850	0.00132	0.00245	0.00319	0.74617	0.00304
25	0.00833	0.00679	0.02627	0.02575	0.38190	0.00685	0.06304	0.02833	0.00742	0.14218	0.01853	0.13794	0.00818	0.00459	0.00439	0.00110	0.11765	0.00398	0.00223	0.00455
26	0.00472	0.00315	0.00356	0.00359	0.00359	0.00314	0.00201	0.00474	0.00479	0.00639	0.01052	0.04904	0.01217	0.85728	0.01620	0.00310	0.00312	0.00489	0.00201	0.00200
27	0.00676	0.01550	0.74649	0.00906	0.01348	0.00765	0.02802	0.01118	0.11086	0.01073	0.00677	0.00757	0.00486	0.00325	0.00314	0.00104	0.00456	0.00259	0.00162	0.00485
28	0.00863	0.60443	0.16732	0.00681	0.00986	0.09613	0.03592	0.01032	0.01923	0.00835	0.00501	0.00581	0.00429	0.00292	0.00243	0.00079	0.00401	0.00200	0.00146	0.00428
29	0.00552	0.00288	0.00414	0.00414	0.00414	0.00288	0.00270	0.00432	0.00432	0.00577	0.00637	0.01167	0.00662	0.14604	0.01334	0.76612	0.00288	0.00313	0.00150	0.00150
30	0.00432	0.00326	0.00402	0.00420	0.00493	0.00296	0.00315	0.00541	0.00779	0.01029	0.31556	0.22938	0.27427	0.00826	0.00400	0.00118	0.00183	0.10910	0.00322	0.00287
31	0.00575	0.00500	0.00735	0.00658	0.00787	0.02874	0.14290	0.00801	0.08535	0.01075	0.21692	0.07129	0.09476	0.01990	0.00419	0.00125	0.00292	0.27415	0.00290	0.00341
32	0.00676	0.00580	0.00676	0.00483	0.00773	0.00435	0.00386	0.00821	0.00676	0.01063	0.00580	0.00676	0.00483	0.00241	0.00241	0.00048	0.00241	0.00193	0.00193	0.90533
33	0.00415	0.00352	0.00396	0.00437	0.05267	0.00305	0.00297	0.00506	0.00746	0.00915	0.08238	0.08687	0.70702	0.00799	0.00384	0.00110	0.00179	0.00676	0.00298	0.00290
34	0.00403	0.00287	0.00376	0.00444	0.00463	0.00269	0.00293	0.00456	0.00614	0.00817	0.01758	0.79924	0.03405	0.08187	0.00518	0.00147	0.00199	0.00886	0.00294	0.00260
35	0.00862	0.74009	0.12057	0.00617	0.00915	0.05276	0.00640	0.00999	0.00678	0.00801	0.00472	0.00546	0.00418	0.00285	0.00225	0.00075	0.00376	0.00184	0.00141	0.00424
36	0.00838	0.15255	0.17740	0.02171	0.24122	0.00850	0.16214	0.03014	0.08252	0.07388	0.00706	0.00810	0.00540	0.00314	0.00314	0.00098	0.00409	0.00289	0.00190	0.00482
37	0.00522	0.00365	0.00501	0.00567	0.00640	0.00363	0.00487	0.00668	0.00746	0.00996	0.04594	0.07600	0.01863	0.00864	0.00432	0.00143	0.00280	0.71812	0.06258	0.00299
38	0.00439	0.00324	0.00443	0.02088	0.02240	0.00314	0.00361	0.00527	0.00685	0.00923	0.13830	0.59806	0.03459	0.00919	0.00422	0.00129	0.01494	0.11013	0.00302	0.00284
39	0.03840	0.14373	0.32680	0.00734	0.03148	0.00727	0.02737	0.03631	0.06585	0.08115	0.03445	0.11512	0.04023	0.00448	0.00315	0.00102	0.00354	0.01553	0.01243	0.00435
40	0.00654	0.01637	0.82963	0.00951	0.03764	0.00749	0.01183	0.01022	0.00689	0.01030	0.00607	0.02219	0.00446	0.00322	0.00312	0.00104	0.00474	0.00254	0.00141	0.00479
41	0.00770	0.00880	0.01924	0.01374	0.01704	0.00825	0.85322	0.01045	0.00770	0.01045	0.00660	0.00880	0.00495	0.00275	0.00385	0.00110	0.00550	0.00385	0.00165	0.00440
42	0.02496	0.06588	0.28248	0.03504	0.17464	0.24612	0.06722	0.01089	0.01836	0.00969	0.01842	0.00767	0.00509	0.00325	0.00309	0.00096	0.00474	0.01546	0.00162	0.00443

[dist]
# distance from previous block
# <min> <max>
6	25

[block]
# block no. 5 follows, 87 sequences, length 49
# corresponding to MSA columns:
# 365-413
name=unknown_F
#
# <colnr> <probs for GDERKNQSTAVLIFYWHMCP>
#	G	D	E	R	K	N	Q	S	T	A	V	L	I	F	Y	W	H	M	C	P
0	0.00817	0.00763	0.01249	0.10437	0.69809	0.00787	0.00951	0.06730	0.03262	0.01118	0.00642	0.00824	0.00525	0.00305	0.00324	0.00098	0.00386	0.00293	0.00176	0.00504
1	0.00451	0.00334	0.00419	0.00446	0.00513	0.00312	0.00342	0.00557	0.00744	0.00977	0.21971	0.18097	0.21788	0.08327	0.00517	0.00141	0.00216	0.23261	0.00306	0.00281
2	0.00411	0.00343	0.00348	0.00344	0.00455	0.00297	0.00259	0.00529	0.03939	0.00923	0.05739	0.02982	0.77810	0.00792	0.00378	0.00109	0.00168	0.00661	0.03225	0.00286
3	0.01036	0.11603	0.11183	0.06937	0.01064	0.07287	0.04390	0.06392	0.04653	0.28659	0.00817	0.00854	0.00585	0.00391	0.00417	0.01031	0.11702	0.00284	0.00249	0.00466
4	0.00615	0.00575	0.00967	0.81862	0.04430	0.00711	0.00886	0.00828	0.00657	0.00847	0.02230	0.00907	0.00496	0.00378	0.02246	0.00117	0.00438	0.00297	0.00150	0.00364
5	0.00409	0.00292	0.00385	0.00455	0.00477	0.00274	0.00309	0.00468	0.00624	0.00830	0.01769	0.77214	0.03240	0.06142	0.00491	0.00144	0.00203	0.05715	0.00296	0.00263
6	0.90843	0.00631	0.00479	0.00429	0.00631	0.00732	0.00353	0.00959	0.00555	0.01463	0.00454	0.00530	0.00353	0.00303	0.00202	0.00101	0.00252	0.00177	0.00202	0.00353
7	0.00754	0.00881	0.14286	0.06012	0.51726	0.00755	0.08363	0.00972	0.00720	0.02129	0.01435	0.03901	0.00588	0.00345	0.00369	0.00104	0.04834	0.01182	0.00168	0.00476
8	0.00703	0.01475	0.70178	0.10346	0.03550	0.00737	0.01123	0.01044	0.00701	0.06258	0.00628	0.00737	0.00442	0.00317	0.00313	0.00104	0.00462	0.00253	0.00155	0.00474
9	0.00385	0.00330	0.00330	0.00330	0.00440	0.00275	0.00248	0.00468	0.00743	0.00881	0.03303	0.03138	0.86374	0.00826	0.00385	0.00110	0.00165	0.00688	0.00303	0.00275
10	0.03966	0.08520	0.00973	0.00805	0.00983	0.77657	0.00616	0.01265	0.00892	0.00816	0.00498	0.00581	0.00418	0.00330	0.00284	0.00083	0.00558	0.00206	0.00167	0.00381
11	0.00955	0.46515	0.01342	0.00697	0.00894	0.28367	0.00607	0.01047	0.00718	0.00780	0.00465	0.00575	0.00421	0.00346	0.00380	0.00086	0.15057	0.00204	0.00149	0.00395
12	0.00669	0.02379	0.52021	0.01635	0.04577	0.00661	0.00906	0.00978	0.03118	0.01054	0.02278	0.00744	0.00510	0.00301	0.00291	0.00087	0.00391	0.00240	0.01119	0.26042
13	0.00935	0.22124	0.20902	0.07174	0.03039	0.03572	0.01679	0.30290	0.05021	0.01318	0.00656	0.00722	0.00496	0.00338	0.00294	0.00093	0.00395	0.00255	0.00215	0.00482
14	0.01240	0.00913	0.00979	0.00750	0.01011	0.01011	0.00620	0.85419	0.01533	0.02055	0.00783	0.00783	0.00555	0.00391	0.00326	0.00098	0.00359	0.00294	0.00326	0.00555
15	0.00438	0.00331	0.00401	0.00386	0.00469	0.00298	0.00287	0.00565	0.00851	0.01152	0.57720	0.04287	0.27411	0.03453	0.00425	0.00112	0.00163	0.00621	0.00336	0.00294
16	0.00472	0.00325	0.00450	0.00474	0.00524	0.00347	0.00352	0.00573	0.00587	0.01974	0.01249	0.30505	0.02290	0.01661	0.44740	0.00325	0.00536	0.01479	0.10848	0.00287
17	0.00466	0.00349	0.00524	0.00524	0.00582	0.00408	0.00408	0.00582	0.00524	0.00757	0.00873	0.01281	0.00815	0.02446	0.87248	0.00524	0.00873	0.00349	0.00175	0.00291
18	0.00566	0.00283	0.00425	0.00425	0.00425	0.00283	0.00283	0.00425	0.00425	0.00566	0.00566	0.00991	0.00566	0.01133	0.01274	0.90513	0.00283	0.00283	0.00142	0.00142
19	0.01399	0.00541	0.00728	0.00564	0.00804	0.00474	0.00464	0.01539	0.02295	0.79960	0.01273	0.01118	0.00812	0.00403	0.00322	0.00099	0.00269	0.00327	0.06070	0.00539
20	0.00863	0.00524	0.00796	0.00668	0.00794	0.00572	0.07151	0.00970	0.00663	0.28231	0.00881	0.01065	0.00696	0.01171	0.30282	0.05903	0.17811	0.00329	0.00239	0.00391
21	0.00788	0.00757	0.01299	0.07600	0.77624	0.00765	0.02844	0.00984	0.00740	0.01054	0.02075	0.00841	0.00554	0.00299	0.00325	0.00098	0.00390	0.00298	0.00164	0.00501
22	0.01193	0.01512	0.00928	0.00841	0.01000	0.82888	0.00634	0.01276	0.00903	0.00797	0.00500	0.00594	0.00420	0.00348	0.00333	0.00087	0.04988	0.00214	0.00167	0.00377
23	0.02178	0.14256	0.02897	0.03870	0.25288	0.29759	0.06398	0.02680	0.00782	0.00923	0.00540	0.00684	0.00455	0.00330	0.00360	0.00094	0.07667	0.00250	0.00162	0.00430
24	0.00393	0.00337	0.00338	0.00337	0.00448	0.00285	0.00253	0.00492	0.02363	0.00890	0.03266	0.03102	0.84750	0.00819	0.00384	0.00110	0.00167	0.00682	0.00303	0.00280
25	0.00676	0.00580	0.00676	0.00483	0.00773	0.00435	0.00386	0.00821	0.00676	0.01063	0.00580	0.00676	0.00483	0.00241	0.00241	0.00048	0.00241	0.00193	0.00193	0.90533
26	0.00444	0.00333	0.00411	0.00392	0.00476	0.00300	0.00294	0.00581	0.00881	0.01208	0.66898	0.02600	0.22575	0.00704	0.00385	0.00104	0.00156	0.00613	0.00346	0.00300
27	0.00469	0.00316	0.00366	0.00371	0.00375	0.00318	0.00216	0.00479	0.00487	0.00652	0.01070	0.07720	0.01229	0.78240	0.06133	0.00315	0.00337	0.00497	0.00203	0.00207
28	0.00877	0.00564	0.00592	0.00494	0.00649	0.00606	0.00395	0.36873	0.01046	0.01574	0.00944	0.01031	0.00716	0.00385	0.00270	0.00085	0.00240	0.00300	0.51948	0.00411
29	0.00676	0.00580	0.00676	0.00483	0.00773	0.00435	0.00386	0.00821	0.00676	0.01063	0.00580	0.00676	0.00483	0.00241	0.00241	0.00048	0.00241	0.00193	0.00193	0.90533
30	0.03782	0.00590	0.00770	0.00592	0.00844	0.00535	0.00489	0.09265	0.00978	0.76730	0.01218	0.01065	0.00772	0.00400	0.00324	0.00101	0.00284	0.00321	0.00391	0.00550
31	0.00396	0.00294	0.00370	0.00429	0.00467	0.00268	0.00292	0.00460	0.00654	0.00852	0.03859	0.69897	0.18620	0.00976	0.00410	0.00127	0.00184	0.00873	0.00304	0.00268
32	0.00796	0.00686	0.00724	0.00655	0.00836	0.00791	0.00510	0.01685	0.82414	0.01346	0.01378	0.01306	0.02897	0.00460	0.00335	0.00111	0.00257	0.01975	0.00331	0.00507
33	0.00872	0.88736	0.01709	0.00558	0.00837	0.01290	0.00558	0.00976	0.00663	0.00767	0.00453	0.00523	0.00418	0.00279	0.00209	0.00070	0.00349	0.00174	0.00139	0.00418
34	0.90843	0.00631	0.00479	0.00429	0.00631	0.00732	0.00353	0.00959	0.00555	0.01463	0.00454	0.00530	0.00353	0.00303	0.00202	0.00101	0.00252	0.00177	0.00202	0.00353
35	0.06422	0.00890	0.00945	0.00728	0.00986	0.00984	0.00602	0.78863	0.01465	0.03713	0.00774	0.00775	0.00548	0.00387	0.00319	0.00098	0.00351	0.00288	0.00321	0.00543
36	0.00393	0.00299	0.00363	0.00413	0.00462	0.00268	0.00285	0.00459	0.00664	0.00848	0.02295	0.60191	0.29972	0.00957	0.00406	0.00125	0.00181	0.00848	0.00303	0.00268
37	0.90843	0.00631	0.00479	0.00429	0.00631	0.00732	0.00353	0.00959	0.00555	0.01463	0.00454	0.00530	0.00353	0.00303	0.00202	0.00101	0.00252	0.00177	0.00202	0.00353
38	0.00872	0.88736	0.01709	0.00558	0.00837	0.01290	0.00558	0.00976	0.00663	0.00767	0.00453	0.00523	0.00418	0.00279	0.00209	0.00070	0.00349	0.00174	0.00139	0.00418
39	0.00550	0.00454	0.05516	0.00614	0.00716	0.00398	0.00558	0.00713	0.00755	0.02702	0.03866	0.03422	0.01802	0.00851	0.00438	0.00145	0.00306	0.75584	0.00294	0.00316
40	0.00442	0.00323	0.00403	0.00451	0.00514	0.00296	0.00338	0.00528	0.00694	0.02515	0.02229	0.42441	0.27624	0.00924	0.00413	0.00129	0.00208	0.18944	0.00304	0.00281
41	0.00469	0.00333	0.00452	0.00456	0.00493	0.00365	0.00325	0.00544	0.00518	0.00733	0.00985	0.06599	0.01019	0.31571	0.50424	0.00417	0.00622	0.00424	0.02994	0.00258
42	0.00494	0.00335	0.00386	0.00384	0.00396	0.00341	0.00231	0.02708	0.00514	0.00688	0.01041	0.03222	0.01179	0.77780	0.06522	0.00316	0.00347	0.02696	0.00204	0.00216
43	0.00695	0.00689	0.00963	0.00833	0.00834	0.00956	0.00690	0.00766	0.00507	0.00788	0.00507	0.05776	0.00528	0.00597	0.01032	0.00142	0.82873	0.00322	0.00152	0.00351
44	0.01050	0.00823	0.00890	0.00724	0.00941	0.00936	0.00587	0.49380	0.32882	0.01724	0.00965	0.00940	0.00711	0.00421	0.00371	0.00105	0.05382	0.00321	0.00318	0.00529
45	0.00485	0.00361	0.00505	0.00471	0.00517	0.00373	0.05192	0.00550	0.00542	0.00743	0.05984	0.01834	0.03785	0.47712	0.29202	0.00353	0.00496	0.00442	0.00201	0.00251
46	0.00760	0.00714	0.01188	0.31420	0.54712	0.01943	0.00953	0.00959	0.00718	0.02649	0.00613	0.00831	0.00493	0.00306	0.00324	0.00101	0.00404	0.00290	0.00161	0.00462
47	0.01203	0.01091	0.00918	0.03816	0.02903	0.37729	0.01804	0.22170	0.07085	0.16919	0.00782	0.00795	0.00569	0.00367	0.00314	0.00094	0.00441	0.00271	0.00261	0.00467
48	0.00925	0.03452	0.00858	0.00675	0.05817	0.00694	0.00516	0.31079	0.02169	0.04945	0.00690	0.00742	0.00529	0.00308	0.00280	0.00072	0.00297	0.00242	0.00248	0.45461

[dist]
# distance from previous block
# <min> <max>
0	2

[block]
# block no. 6 follows, 87 sequences, length 9
# corresponding to MSA columns:
# 416-424
name=unknown_G
#
# <colnr> <probs for GDERKNQSTAVLIFYWHMCP>
#	G	D	E	R	K	N	Q	S	T	A	V	L	I	F	Y	W	H	M	C	P
0	0.41879	0.04354	0.01077	0.04715	0.01102	0.07949	0.28158	0.01003	0.00667	0.01189	0.00534	0.00672	0.00416	0.00300	0.00295	0.00101	0.02257	0.00255	0.00180	0.02898
1	0.00402	0.00288	0.00374	0.00441	0.00463	0.00269	0.00293	0.00456	0.00619	0.00821	0.01816	0.78066	0.06190	0.07217	0.00503	0.00144	0.00197	0.00883	0.00295	0.00261
2	0.00588	0.00491	0.00733	0.34316	0.09337	0.00534	0.00608	0.00792	0.04357	0.03298	0.25988	0.01660	0.13089	0.00499	0.00349	0.00105	0.00294	0.00437	0.02167	0.00359
3	0.00420	0.00315	0.00374	0.00391	0.00461	0.00282	0.00281	0.00517	0.00754	0.01000	0.26282	0.29747	0.32648	0.00824	0.00388	0.00114	0.00169	0.00720	0.04028	0.00282
4	0.00872	0.88736	0.01709	0.00558	0.00837	0.01290	0.00558	0.00976	0.00663	0.00767	0.00453	0.00523	0.00418	0.00279	0.00209	0.00070	0.00349	0.00174	0.00139	0.00418
5	0.00387	0.00322	0.00338	0.00351	0.00446	0.00274	0.00257	0.00466	0.00723	0.00873	0.03050	0.17495	0.72181	0.00859	0.00391	0.00114	0.00169	0.00728	0.00303	0.00274
6	0.00574	0.00356	0.00463	0.00429	0.00525	0.00323	0.00324	0.00710	0.00884	0.11808	0.61916	0.10200	0.08868	0.00678	0.00381	0.00106	0.00173	0.00596	0.00355	0.00332
7	0.06264	0.05113	0.35887	0.00930	0.06127	0.03564	0.12498	0.10457	0.00832	0.14208	0.00709	0.00776	0.00503	0.00326	0.00314	0.00101	0.00425	0.00275	0.00209	0.00483
8	0.00921	0.81430	0.01630	0.00560	0.00837	0.01223	0.00551	0.01027	0.00685	0.07890	0.00522	0.00572	0.00451	0.00289	0.00219	0.00072	0.00343	0.00187	0.00161	0.00430

[dist]
# distance from previous block
# <min> <max>
0	18

[block]
# block no. 7 follows, 87 sequences, length 35
# corresponding to MSA columns:
# 443-477
name=unknown_H
#
# <colnr> <probs for GDERKNQSTAVLIFYWHMCP>
#	G	D	E	R	K	N	Q	S	T	A	V	L	I	F	Y	W	H	M	C	P
0	0.00483	0.00379	0.00419	0.00410	0.00511	0.00351	0.00305	0.09035	0.00817	0.01038	0.12357	0.22249	0.48843	0.00808	0.00386	0.00113	0.00189	0.00691	0.00312	0.00305
1	0.00688	0.00686	0.00993	0.71108	0.05880	0.09429	0.02722	0.00891	0.00687	0.00854	0.00587	0.00847	0.00448	0.00326	0.00322	0.00105	0.00444	0.00284	0.02329	0.00371
2	0.02474	0.00646	0.00961	0.39693	0.20758	0.04824	0.01754	0.03305	0.00712	0.03647	0.00786	0.11986	0.00720	0.00433	0.00366	0.00109	0.03842	0.02398	0.00188	0.00396
3	0.00398	0.00316	0.00359	0.00387	0.00462	0.00277	0.00279	0.00477	0.00711	0.00887	0.06652	0.32830	0.50129	0.00889	0.00398	0.00119	0.00178	0.03672	0.00305	0.00274
4	0.01134	0.01431	0.00864	0.00789	0.00951	0.78475	0.00592	0.01218	0.00906	0.00806	0.00786	0.00845	0.09075	0.00385	0.00303	0.00087	0.00545	0.00258	0.00182	0.00368
5	0.01682	0.03702	0.16077	0.01978	0.00996	0.04328	0.00664	0.24715	0.34096	0.02197	0.00980	0.04331	0.00756	0.00414	0.00322	0.00104	0.00340	0.00330	0.01491	0.00496
6	0.00534	0.00477	0.01578	0.02770	0.01672	0.02345	0.12365	0.00667	0.00709	0.00920	0.01702	0.25334	0.14225	0.00782	0.00438	0.00130	0.03782	0.28988	0.00266	0.00316
7	0.04325	0.00642	0.00796	0.00614	0.00863	0.00616	0.00506	0.22369	0.01070	0.61017	0.03004	0.01039	0.00779	0.00403	0.00325	0.00100	0.00294	0.00320	0.00377	0.00543
8	0.00502	0.00411	0.00626	0.07209	0.00770	0.00397	0.08943	0.00657	0.00816	0.01105	0.40999	0.07781	0.12674	0.00683	0.00394	0.00115	0.00244	0.15054	0.00302	0.00317
9	0.00780	0.00763	0.09563	0.17117	0.25117	0.03063	0.01473	0.11398	0.00772	0.04946	0.00734	0.01077	0.00639	0.17666	0.01697	0.00149	0.02109	0.00323	0.00195	0.00418
10	0.01412	0.00637	0.00807	0.00619	0.00873	0.00601	0.00511	0.20746	0.01070	0.67381	0.01171	0.01035	0.00749	0.00401	0.00328	0.00100	0.00296	0.00320	0.00386	0.00555
11	0.00744	0.00651	0.02797	0.10057	0.24938	0.03083	0.02164	0.11256	0.02583	0.04705	0.10609	0.04202	0.14122	0.02036	0.01719	0.00111	0.00328	0.00408	0.00243	0.03244
12	0.01724	0.00944	0.01075	0.22100	0.29937	0.25464	0.02343	0.03963	0.03127	0.00971	0.00599	0.00772	0.00484	0.00331	0.00340	0.00098	0.03467	0.00270	0.01561	0.00430
13	0.01095	0.00678	0.00777	0.00645	0.00862	0.00720	0.00516	0.15807	0.40961	0.30372	0.01232	0.03062	0.00883	0.00434	0.00331	0.00106	0.00280	0.00355	0.00355	0.00530
14	0.90843	0.00631	0.00479	0.00429	0.00631	0.00732	0.00353	0.00959	0.00555	0.01463	0.00454	0.00530	0.00353	0.00303	0.00202	0.00101	0.00252	0.00177	0.00202	0.00353
15	0.00562	0.00396	0.00531	0.00578	0.00667	0.00393	0.00499	0.04024	0.00792	0.02950	0.05354	0.03415	0.07974	0.00854	0.00435	0.00142	0.00286	0.69528	0.00306	0.00315
16	0.00393	0.00327	0.00342	0.00346	0.00447	0.00277	0.00257	0.00479	0.00750	0.00913	0.10101	0.09054	0.73542	0.00826	0.00387	0.00111	0.00166	0.00697	0.00307	0.00277
