[name]
unknown

[dist]
# distance from previous block
# <min> <max>
4	45

[block]
# block no. 0 follows, 67 sequences, length 23
# corresponding to MSA columns:
# 222,232-234,236-248,260,264-268
name=unknown_A
#
# <colnr> <probs for GDERKNQSTAVLIFYWHMCP>
#	G	D	E	R	K	N	Q	S	T	A	V	L	I	F	Y	W	H	M	C	P
0	0.00678	0.00474	0.00515	0.00512	0.00599	0.02461	0.00369	0.03252	0.05717	0.01269	0.11789	0.14385	0.09775	0.16906	0.02485	0.00187	0.00289	0.04233	0.23739	0.00366
1	0.02150	0.05351	0.16230	0.02172	0.05386	0.03504	0.03651	0.19685	0.05258	0.06379	0.02935	0.04641	0.00834	0.01976	0.00404	0.00116	0.00428	0.00371	0.01773	0.16757
2	0.00806	0.00736	0.03274	0.14581	0.15553	0.01942	0.07450	0.02467	0.03908	0.03352	0.01229	0.23690	0.01219	0.00721	0.03323	0.00148	0.02128	0.01559	0.02388	0.09526
3	0.12076	0.17819	0.04975	0.05981	0.05681	0.06101	0.00718	0.18129	0.04944	0.08914	0.04451	0.01151	0.04949	0.00465	0.00355	0.00116	0.00412	0.00353	0.01865	0.00546
4	0.00801	0.05877	0.50060	0.01009	0.01421	0.03840	0.07529	0.01125	0.00826	0.01166	0.03321	0.05451	0.00858	0.12561	0.00645	0.00165	0.02234	0.00402	0.00202	0.00508
5	0.00595	0.00469	0.00744	0.00704	0.00800	0.00436	0.11930	0.00716	0.00832	0.02958	0.07492	0.58245	0.06683	0.02833	0.00527	0.00157	0.00296	0.00957	0.02260	0.00368
6	0.01134	0.06160	0.01105	0.10338	0.02485	0.13536	0.07564	0.11583	0.01068	0.13045	0.04006	0.04442	0.00912	0.00559	0.03234	0.00132	0.00461	0.00393	0.12894	0.04949
7	0.00525	0.00407	0.00563	0.12500	0.00886	0.00407	0.00470	0.00626	0.00789	0.01030	0.02200	0.64740	0.11140	0.01109	0.00492	0.00156	0.00272	0.00997	0.00345	0.00344
8	0.15398	0.23403	0.09567	0.02766	0.10575	0.04485	0.02940	0.06700	0.05931	0.07746	0.00868	0.05190	0.00719	0.00437	0.00341	0.00115	0.00428	0.00338	0.00256	0.01799
9	0.03707	0.00907	0.00917	0.02755	0.09606	0.14644	0.00651	0.13662	0.11472	0.04621	0.07325	0.17032	0.07270	0.00670	0.00433	0.00130	0.01664	0.00558	0.01474	0.00502
10	0.00876	0.00766	0.00995	0.00834	0.01040	0.03257	0.12071	0.08175	0.29923	0.01611	0.28426	0.05734	0.03269	0.00637	0.00443	0.00132	0.00343	0.00570	0.00381	0.00517
11	0.00538	0.00436	0.00491	0.00561	0.00609	0.04570	0.00383	0.00614	0.00807	0.01030	0.02393	0.69763	0.13965	0.01180	0.00499	0.00156	0.00253	0.01054	0.00364	0.00335
12	0.01801	0.00902	0.02128	0.20035	0.21365	0.04467	0.14222	0.05930	0.05027	0.05823	0.00935	0.06037	0.00772	0.00449	0.00428	0.00126	0.02293	0.00417	0.01533	0.05309
13	0.14606	0.00606	0.00680	0.12488	0.00989	0.00662	0.00514	0.10639	0.03312	0.06062	0.07207	0.01346	0.01034	0.00475	0.00331	0.00112	0.00298	0.00376	0.37810	0.00454
14	0.76232	0.00715	0.00572	0.00532	0.00748	0.00818	0.00426	0.01091	0.00695	0.01689	0.00793	0.12696	0.00749	0.00498	0.00286	0.00130	0.00299	0.00348	0.00266	0.00419
15	0.00954	0.01051	0.02160	0.01566	0.01947	0.01012	0.70424	0.01405	0.12530	0.01340	0.00928	0.01141	0.00696	0.00367	0.00464	0.00135	0.00625	0.00470	0.00232	0.00554
16	0.01363	0.00867	0.01023	0.00822	0.01087	0.00909	0.03004	0.39839	0.08956	0.21736	0.01353	0.13124	0.01091	0.00596	0.00418	0.00129	0.00378	0.00494	0.02195	0.00617
17	0.00570	0.00383	0.00441	0.00455	0.00458	0.00380	0.00261	0.00580	0.00609	0.00813	0.01398	0.14390	0.01627	0.73909	0.01825	0.00357	0.00367	0.00662	0.00261	0.00255
18	0.00755	0.00704	0.01168	0.79473	0.02634	0.00874	0.01073	0.01040	0.03181	0.01044	0.00793	0.04112	0.00631	0.00436	0.00405	0.00135	0.00517	0.00387	0.00192	0.00447
19	0.00697	0.00348	0.00522	0.00522	0.00522	0.00348	0.00348	0.00522	0.00522	0.00697	0.00697	0.01219	0.00697	0.01393	0.01567	0.88332	0.00348	0.00348	0.00174	0.00174
20	0.00844	0.00831	0.01310	0.22958	0.16700	0.05109	0.14841	0.02264	0.02747	0.01228	0.11108	0.04409	0.06897	0.00533	0.00493	0.00133	0.06384	0.00480	0.00248	0.00485
21	0.00981	0.01151	0.12813	0.06374	0.24327	0.18032	0.00908	0.02952	0.03353	0.02194	0.00975	0.05959	0.02561	0.04869	0.03169	0.03296	0.00516	0.00401	0.04667	0.00502
22	0.00917	0.06895	0.02967	0.00776	0.00953	0.15706	0.06633	0.05541	0.09176	0.02009	0.04876	0.07769	0.10639	0.12788	0.03617	0.00180	0.03711	0.00511	0.03895	0.00440

[dist]
# distance from previous block
# <min> <max>
0	36

[block]
# block no. 1 follows, 67 sequences, length 7
# corresponding to MSA columns:
# 305-311
name=unknown_B
#
# <colnr> <probs for GDERKNQSTAVLIFYWHMCP>
#	G	D	E	R	K	N	Q	S	T	A	V	L	I	F	Y	W	H	M	C	P
0	0.03073	0.11621	0.14750	0.04153	0.05108	0.13889	0.07668	0.04452	0.09389	0.02689	0.00939	0.07317	0.00816	0.03527	0.00434	0.00125	0.00484	0.00387	0.00246	0.08931
1	0.16758	0.16288	0.07900	0.06227	0.04641	0.18887	0.04729	0.03500	0.05577	0.05933	0.00938	0.01017	0.05155	0.00431	0.00346	0.00115	0.00481	0.00322	0.00245	0.00509
2	0.00800	0.01216	0.32651	0.06105	0.05725	0.00823	0.06470	0.04087	0.00858	0.02623	0.05158	0.01421	0.06909	0.06887	0.07955	0.00197	0.08972	0.00419	0.00226	0.00497
3	0.00643	0.00374	0.00546	0.00551	0.00572	0.00393	0.00383	0.00583	0.00573	0.00784	0.00920	0.05357	0.00937	0.09059	0.24450	0.52462	0.00547	0.00428	0.00200	0.00238
4	0.04355	0.00811	0.00909	0.07620	0.02329	0.02158	0.00636	0.29759	0.11818	0.04105	0.03919	0.03078	0.15934	0.02863	0.03776	0.00156	0.03010	0.00486	0.01747	0.00530
5	0.35085	0.00693	0.00678	0.03622	0.00864	0.00770	0.00495	0.09227	0.11096	0.04292	0.01228	0.06014	0.05258	0.03199	0.02069	0.00145	0.00328	0.03262	0.11211	0.00464
6	0.03852	0.00627	0.00720	0.00634	0.00810	0.00652	0.00494	0.08332	0.22385	0.09878	0.37370	0.02126	0.04314	0.00657	0.00425	0.00126	0.00264	0.00557	0.05273	0.00503

[dist]
# distance from previous block
# <min> <max>
1	7

[block]
# block no. 2 follows, 67 sequences, length 11
# corresponding to MSA columns:
# 319-329
name=unknown_C
#
# <colnr> <probs for GDERKNQSTAVLIFYWHMCP>
#	G	D	E	R	K	N	Q	S	T	A	V	L	I	F	Y	W	H	M	C	P
0	0.10775	0.02213	0.07309	0.04715	0.13647	0.06135	0.03159	0.07804	0.00977	0.13314	0.07886	0.01278	0.02936	0.03422	0.03416	0.00151	0.07063	0.00388	0.00287	0.03126
1	0.27142	0.10327	0.03225	0.03203	0.01027	0.14596	0.00644	0.09833	0.00900	0.01393	0.00705	0.00899	0.00596	0.02404	0.11662	0.00194	0.07655	0.00292	0.00234	0.03067
2	0.02658	0.03964	0.01182	0.40164	0.05239	0.00933	0.04159	0.12989	0.06078	0.03234	0.00942	0.01228	0.02187	0.02436	0.04080	0.00158	0.03945	0.01772	0.02153	0.00498
3	0.10632	0.00451	0.00514	0.00508	0.00614	0.00440	0.00375	0.00760	0.02908	0.01372	0.36212	0.18060	0.17814	0.04125	0.03309	0.00162	0.00254	0.00745	0.00378	0.00368
4	0.00601	0.00376	0.00494	0.00493	0.00545	0.00353	0.00344	0.00592	0.00766	0.01013	0.20450	0.07677	0.19426	0.04164	0.01029	0.40240	0.00274	0.00602	0.00294	0.00269
5	0.03939	0.00666	0.00820	0.00833	0.08508	0.00701	0.02202	0.09952	0.20722	0.01584	0.24577	0.10707	0.05661	0.02409	0.00466	0.00137	0.00301	0.02348	0.02974	0.00492
6	0.00493	0.00362	0.00464	0.00544	0.00586	0.00333	0.00374	0.00573	0.00796	0.01040	0.02481	0.70040	0.14575	0.01214	0.00508	0.00160	0.00234	0.04519	0.00372	0.00330
7	0.00895	0.00822	0.01239	0.26575	0.21843	0.03387	0.06492	0.04840	0.12439	0.01249	0.00990	0.08224	0.00856	0.00551	0.00507	0.05770	0.02128	0.00441	0.00244	0.00509
8	0.00919	0.01027	0.02194	0.14022	0.02195	0.00996	0.69974	0.01246	0.00925	0.01246	0.00797	0.01080	0.00598	0.00347	0.00463	0.00135	0.00655	0.00456	0.00199	0.00527
9	0.01035	0.28505	0.10340	0.03368	0.03729	0.04987	0.07612	0.07867	0.14053	0.03211	0.02431	0.04448	0.00817	0.00443	0.00358	0.00112	0.00447	0.00359	0.00257	0.05622
10	0.02929	0.22659	0.24682	0.04453	0.01308	0.09513	0.00897	0.04781	0.07812	0.04563	0.02116	0.02136	0.00689	0.00409	0.00345	0.00108	0.00474	0.00306	0.00233	0.09585

[dist]
# distance from previous block
# <min> <max>
0	11

[block]
# block no. 3 follows, 67 sequences, length 10
# corresponding to MSA columns:
# 341-350
name=unknown_D
#
# <colnr> <probs for GDERKNQSTAVLIFYWHMCP>
#	G	D	E	R	K	N	Q	S	T	A	V	L	I	F	Y	W	H	M	C	P
0	0.08391	0.25306	0.19667	0.02664	0.01251	0.08420	0.03327	0.07487	0.12388	0.01346	0.00817	0.00897	0.00640	0.00412	0.00359	0.00114	0.02356	0.00301	0.03314	0.00543
1	0.04055	0.02667	0.04468	0.03806	0.03439	0.04562	0.09994	0.03953	0.10855	0.01253	0.05206	0.04979	0.05800	0.07768	0.05182	0.00185	0.15641	0.00469	0.05259	0.00460
2	0.00499	0.00380	0.00462	0.00513	0.00584	0.00342	0.00366	0.00597	0.00857	0.01103	0.09634	0.46266	0.30065	0.01130	0.00498	0.00152	0.00227	0.05609	0.00378	0.00337
3	0.02366	0.00942	0.20185	0.00865	0.01072	0.02226	0.06746	0.00952	0.02371	0.02789	0.00980	0.08214	0.00923	0.04409	0.18926	0.12759	0.10599	0.02038	0.00220	0.00419
4	0.00668	0.00452	0.00639	0.00620	0.00694	0.00511	0.00472	0.00793	0.00676	0.05735	0.01123	0.01673	0.01047	0.13759	0.60070	0.00528	0.04085	0.00442	0.05648	0.00365
5	0.01054	0.03331	0.10736	0.14810	0.13186	0.00936	0.03806	0.10195	0.17073	0.10820	0.02641	0.01233	0.00858	0.00537	0.02670	0.00143	0.03276	0.01819	0.00296	0.00580
6	0.00885	0.00611	0.00781	0.03988	0.02804	0.00626	0.02064	0.10005	0.10092	0.10515	0.34913	0.03444	0.07573	0.00773	0.03292	0.01878	0.01893	0.00573	0.02813	0.00478
7	0.00747	0.00567	0.00753	0.00686	0.00810	0.00600	0.03408	0.08288	0.05870	0.04180	0.14519	0.18785	0.08066	0.01326	0.19313	0.02051	0.06154	0.00636	0.00330	0.02914
8	0.20103	0.12385	0.01049	0.07620	0.05663	0.06529	0.02836	0.03276	0.03260	0.04406	0.03715	0.05210	0.00897	0.02432	0.06037	0.04091	0.03293	0.03374	0.00252	0.03574
9	0.08290	0.07388	0.10257	0.05352	0.10522	0.06595	0.00778	0.06485	0.04786	0.09106	0.00879	0.03365	0.00711	0.02404	0.00416	0.00115	0.02680	0.00332	0.00262	0.19275

[dist]
# distance from previous block
# <min> <max>
2	59

[block]
# block no. 4 follows, 67 sequences, length 13
# corresponding to MSA columns:
# 424-436
name=unknown_E
#
# <colnr> <probs for GDERKNQSTAVLIFYWHMCP>
#	G	D	E	R	K	N	Q	S	T	A	V	L	I	F	Y	W	H	M	C	P
0	0.05748	0.26195	0.14662	0.00917	0.03294	0.02646	0.07035	0.10783	0.07109	0.05253	0.00890	0.03313	0.00743	0.03022	0.03117	0.00142	0.02827	0.01512	0.00251	0.00541
1	0.00875	0.05597	0.16223	0.00797	0.01050	0.00787	0.03133	0.02613	0.23275	0.07387	0.05911	0.10462	0.04198	0.02822	0.08509	0.00187	0.02224	0.00505	0.02928	0.00517
2	0.03775	0.06090	0.20239	0.07256	0.05756	0.02054	0.03883	0.05572	0.02446	0.05868	0.04503	0.19642	0.01192	0.00652	0.02199	0.00138	0.00431	0.00516	0.00274	0.07513
3	0.04038	0.10792	0.13263	0.07905	0.10497	0.02150	0.09903	0.14411	0.03188	0.10410	0.02874	0.01020	0.00718	0.00421	0.00410	0.00120	0.03058	0.00351	0.00269	0.04200
4	0.00704	0.00522	0.00692	0.00698	0.03189	0.00548	0.01971	0.00858	0.06173	0.06289	0.03509	0.28575	0.15938	0.06889	0.00757	0.05249	0.10919	0.05801	0.00330	0.00387
5	0.00508	0.00383	0.00495	0.00583	0.03082	0.00352	0.00386	0.00599	0.00832	0.01094	0.09483	0.60490	0.17945	0.01146	0.00498	0.00153	0.00231	0.01025	0.00373	0.00342
6	0.00960	0.00930	0.04697	0.17289	0.18146	0.06530	0.02125	0.11416	0.06356	0.01353	0.01066	0.02479	0.04010	0.02379	0.00536	0.00138	0.09203	0.05205	0.04667	0.00517
7	0.01103	0.31126	0.01597	0.09726	0.07292	0.19119	0.06903	0.03007	0.00915	0.02832	0.02011	0.00899	0.01940	0.00428	0.00447	0.00113	0.09528	0.00308	0.00204	0.00502
8	0.00574	0.00427	0.00631	0.00631	0.00698	0.00494	0.00485	0.00708	0.00641	0.00921	0.01086	0.01643	0.01032	0.08370	0.78994	0.00628	0.01030	0.00440	0.00217	0.00351
9	0.00562	0.00380	0.00444	0.00465	0.00470	0.00375	0.00272	0.00578	0.00625	0.00833	0.01477	0.21370	0.01728	0.66792	0.01696	0.00338	0.00354	0.00709	0.00272	0.00262
10	0.01036	0.01125	0.03040	0.23752	0.01924	0.17957	0.29992	0.05284	0.00995	0.03234	0.04615	0.01085	0.00727	0.00415	0.00449	0.00128	0.03120	0.00396	0.00224	0.00501
11	0.00502	0.00361	0.00479	0.00565	0.00599	0.00338	0.00390	0.00585	0.00795	0.01056	0.04768	0.74854	0.04991	0.01225	0.00513	0.00163	0.00240	0.06871	0.00374	0.00331
12	0.02461	0.47347	0.07477	0.00877	0.03389	0.07743	0.03484	0.07591	0.03289	0.01169	0.02086	0.00804	0.00612	0.00410	0.00404	0.00106	0.08433	0.00277	0.00208	0.01833

[dist]
# distance from previous block
# <min> <max>
0	2

[block]
# block no. 5 follows, 67 sequences, length 7
# corresponding to MSA columns:
# 443-449
name=unknown_F
#
# <colnr> <probs for GDERKNQSTAVLIFYWHMCP>
#	G	D	E	R	K	N	Q	S	T	A	V	L	I	F	Y	W	H	M	C	P
0	0.00645	0.00564	0.04132	0.00575	0.00713	0.00507	0.00458	0.03259	0.06686	0.01403	0.40239	0.06565	0.16279	0.07214	0.00609	0.00148	0.03857	0.00665	0.00374	0.05108
1	0.02737	0.21163	0.03980	0.08222	0.08054	0.13273	0.02124	0.23059	0.03061	0.01498	0.00764	0.00869	0.00603	0.00402	0.00349	0.00107	0.00479	0.00301	0.01723	0.07233
2	0.00526	0.00386	0.00498	0.00574	0.00619	0.00369	0.00400	0.00660	0.04766	0.01091	0.05236	0.69840	0.06053	0.01186	0.00506	0.00160	0.00243	0.06163	0.00376	0.00346
3	0.05211	0.05789	0.14286	0.02257	0.14480	0.04987	0.05472	0.05107	0.10640	0.10691	0.05354	0.05435	0.05012	0.00529	0.00402	0.00127	0.00430	0.02941	0.00297	0.00553
4	0.03641	0.14310	0.16167	0.03610	0.06979	0.09544	0.12052	0.06024	0.04274	0.08541	0.04731	0.01027	0.00772	0.00420	0.00400	0.00117	0.02730	0.00347	0.00250	0.04062
5	0.00614	0.00513	0.00625	0.00698	0.03551	0.05873	0.02091	0.00714	0.00813	0.01073	0.04464	0.60081	0.02242	0.01165	0.04073	0.00176	0.02700	0.05194	0.02981	0.00360
6	0.00625	0.00496	0.00750	0.00706	0.00782	0.00573	0.04375	0.00765	0.00685	0.00992	0.03384	0.05183	0.01145	0.07274	0.56397	0.00493	0.09027	0.02478	0.03499	0.00368

[dist]
# distance from previous block
# <min> <max>
5	7

[block]
# block no. 6 follows, 67 sequences, length 6
# corresponding to MSA columns:
# 457-462
name=unknown_G
#
# <colnr> <probs for GDERKNQSTAVLIFYWHMCP>
#	G	D	E	R	K	N	Q	S	T	A	V	L	I	F	Y	W	H	M	C	P
0	0.01035	0.71197	0.01919	0.00716	0.01026	0.01472	0.00690	0.01163	0.00796	0.00973	0.00566	0.00681	0.00522	0.00376	0.00367	0.00093	0.08943	0.00230	0.00177	0.07060
1	0.03654	0.03811	0.13631	0.02457	0.14433	0.00784	0.00797	0.07158	0.03887	0.06939	0.05061	0.02462	0.02632	0.00430	0.00381	0.00105	0.02210	0.00352	0.01832	0.26982
2	0.07478	0.03407	0.10702	0.09375	0.05749	0.14894	0.00822	0.01113	0.00840	0.02659	0.03969	0.07359	0.04175	0.00612	0.02285	0.00142	0.18556	0.00405	0.00229	0.05229
3	0.00572	0.00384	0.00441	0.00452	0.00454	0.00381	0.00258	0.00580	0.00605	0.00806	0.01374	0.12321	0.01598	0.76019	0.01863	0.00362	0.00371	0.00648	0.00258	0.00253
4	0.00980	0.00867	0.06615	0.11635	0.21012	0.02482	0.10943	0.04182	0.02852	0.11981	0.02966	0.04659	0.03886	0.10453	0.00605	0.00158	0.00456	0.00457	0.02290	0.00522
5	0.14481	0.03035	0.07345	0.05011	0.16869	0.15518	0.05090	0.07734	0.05682	0.03371	0.00896	0.01074	0.03176	0.00458	0.00444	0.00126	0.06842	0.02071	0.00247	0.00531

[dist]
# distance from previous block
# <min> <max>
3	10

[block]
# block no. 7 follows, 67 sequences, length 37
# corresponding to MSA columns:
# 478-510,556-559
name=unknown_H
#
# <colnr> <probs for GDERKNQSTAVLIFYWHMCP>
#	G	D	E	R	K	N	Q	S	T	A	V	L	I	F	Y	W	H	M	C	P
0	0.03414	0.04824	0.03504	0.03185	0.11633	0.00884	0.08587	0.05414	0.18751	0.06675	0.01072	0.04052	0.00875	0.00794	0.11080	0.00190	0.05518	0.00405	0.00283	0.08861
1	0.77944	0.00779	0.00638	0.00554	0.00811	0.00881	0.00456	0.03869	0.00754	0.06709	0.00638	0.00710	0.00481	0.00381	0.00264	0.00122	0.00316	0.00234	0.00268	0.03192
2	0.00540	0.00429	0.00490	0.00482	0.00589	0.01713	0.00360	0.00683	0.01014	0.01334	0.42317	0.10030	0.35297	0.00932	0.00476	0.00133	0.00210	0.02207	0.00403	0.00359
3	0.00757	0.00713	0.01203	0.84942	0.02762	0.00891	0.01114	0.01025	0.00802	0.01025	0.00713	0.01069	0.00535	0.00401	0.00401	0.00134	0.00535	0.00356	0.00178	0.00446
4	0.00580	0.00461	0.00604	0.00600	0.00713	0.00434	0.03849	0.00778	0.05373	0.01251	0.20299	0.18898	0.26472	0.00983	0.00494	0.00149	0.00265	0.17041	0.00382	0.00376
5	0.00492	0.00352	0.00469	0.00556	0.00583	0.00328	0.00373	0.00568	0.00785	0.01051	0.05995	0.81782	0.02705	0.01236	0.00510	0.00161	0.00231	0.01121	0.00376	0.00328
6	0.06398	0.04449	0.01278	0.48921	0.07725	0.06639	0.05736	0.06410	0.00927	0.06659	0.00773	0.01010	0.00577	0.00402	0.00387	0.00127	0.00515	0.00345	0.00222	0.00499
7	0.00937	0.01066	0.02325	0.01666	0.02063	0.00999	0.80176	0.01269	0.00943	0.01279	0.00842	0.02918	0.00653	0.00358	0.00474	0.00136	0.00667	0.00488	0.00207	0.00536
8	0.02319	0.57482	0.18710	0.00847	0.01232	0.07942	0.04298	0.01250	0.00850	0.01040	0.00606	0.00710	0.00516	0.00357	0.00300	0.00098	0.00494	0.00246	0.00176	0.00527
9	0.00974	0.00716	0.00850	0.00622	0.00960	0.00568	0.00499	0.04903	0.00924	0.11604	0.02332	0.02443	0.00741	0.00357	0.00322	0.00073	0.00306	0.00289	0.00283	0.70232
10	0.00634	0.00390	0.00521	0.00514	0.00559	0.00380	0.00356	0.00653	0.03560	0.01033	0.23656	0.07100	0.07427	0.08490	0.01131	0.42189	0.00290	0.00557	0.00287	0.00272
11	0.00804	0.02074	0.83828	0.01143	0.01736	0.00931	0.01482	0.01270	0.00847	0.01270	0.00720	0.00847	0.00508	0.00381	0.00381	0.00127	0.00593	0.00296	0.00169	0.00593
12	0.01101	0.00891	0.00775	0.00698	0.00883	0.18304	0.00537	0.01570	0.27204	0.10892	0.03980	0.01367	0.01069	0.00495	0.00359	0.00114	0.00360	0.00390	0.28498	0.00512
13	0.00497	0.00360	0.00472	0.00554	0.00591	0.00335	0.00380	0.00578	0.00796	0.01053	0.04615	0.73632	0.08481	0.01220	0.00510	0.00161	0.00236	0.04825	0.00374	0.00330
14	0.00568	0.00395	0.00456	0.00464	0.00520	0.00375	0.00313	0.00649	0.00789	0.01069	0.14657	0.10230	0.17795	0.37127	0.01133	0.00244	0.00291	0.05133	0.07485	0.00307
15	0.06567	0.01001	0.01085	0.00841	0.01144	0.01085	0.00693	0.61684	0.01656	0.13971	0.01046	0.01030	0.00730	0.00476	0.00386	0.00120	0.00406	0.00359	0.05068	0.00651
16	0.00583	0.00390	0.00442	0.00442	0.00444	0.00391	0.00249	0.00586	0.00585	0.00781	0.01259	0.02600	0.01447	0.83956	0.03976	0.00395	0.00405	0.00580	0.00242	0.00246
17	0.00478	0.00403	0.00414	0.00419	0.00546	0.00339	0.00312	0.00581	0.00912	0.01098	0.06662	0.08999	0.75419	0.01024	0.00476	0.00137	0.00205	0.00861	0.00375	0.00339
18	0.00745	0.00392	0.00394	0.00390	0.00490	0.00394	0.00294	0.00961	0.03670	0.01484	0.01436	0.01595	0.04521	0.00493	0.00293	0.00097	0.00192	0.00397	0.81382	0.00381
19	0.01484	0.01103	0.01180	0.00914	0.01228	0.01225	0.00752	0.75845	0.08174	0.02461	0.01015	0.01004	0.00724	0.00486	0.00402	0.00122	0.00432	0.00368	0.00402	0.00678
20	0.01420	0.01042	0.01238	0.00952	0.01264	0.01126	0.07799	0.59765	0.08456	0.08391	0.03691	0.01113	0.00844	0.00486	0.00411	0.00123	0.00436	0.00393	0.00393	0.00656
21	0.01466	0.01846	0.01104	0.01005	0.01207	0.80737	0.00754	0.01573	0.01124	0.01003	0.00649	0.00756	0.00538	0.00416	0.00358	0.00103	0.00700	0.00263	0.03935	0.00461
22	0.01498	0.01911	0.01137	0.01033	0.01240	0.84295	0.00775	0.01601	0.01137	0.00982	0.00620	0.00723	0.00517	0.00413	0.00362	0.00103	0.00723	0.00258	0.00207	0.00465
23	0.01383	0.01720	0.01153	0.01037	0.01205	0.68946	0.00794	0.01484	0.01040	0.00979	0.00603	0.00752	0.00518	0.00467	0.00538	0.00117	0.16328	0.00275	0.00201	0.00460
24	0.00483	0.00405	0.00420	0.00419	0.00548	0.00342	0.00313	0.00593	0.00932	0.01133	0.11665	0.05683	0.73685	0.01002	0.00475	0.00135	0.00202	0.00842	0.00379	0.00342
25	0.03691	0.00891	0.01128	0.06170	0.13797	0.00917	0.01689	0.28769	0.07467	0.19454	0.01150	0.01162	0.03038	0.00459	0.00391	0.00118	0.00401	0.00376	0.00356	0.08578
26	0.00757	0.00713	0.01203	0.84942	0.02762	0.00891	0.01114	0.01025	0.00802	0.01025	0.00713	0.01069	0.00535	0.00401	0.00401	0.00134	0.00535	0.00356	0.00178	0.00446
27	0.00474	0.00406	0.00406	0.00406	0.00542	0.00339	0.00305	0.00576	0.00914	0.01083	0.04063	0.03860	0.83241	0.01016	0.00474	0.00135	0.00203	0.00846	0.00372	0.00339
28	0.05148	0.00955	0.01064	0.00867	0.01137	0.01064	0.04445	0.37824	0.33656	0.02038	0.03853	0.01248	0.00993	0.00505	0.00399	0.00127	0.00381	0.00408	0.03262	0.00626
29	0.19722	0.02810	0.01324	0.03931	0.17909	0.08012	0.14104	0.19081	0.02490	0.01627	0.00834	0.04865	0.00687	0.00436	0.00379	0.00124	0.00474	0.00374	0.00266	0.00550
30	0.00632	0.00451	0.00630	0.00722	0.00808	0.00449	0.00621	0.00806	0.00909	0.01184	0.02131	0.11949	0.02340	0.01121	0.00550	0.00183	0.00357	0.73422	0.00370	0.00365
31	0.00588	0.00397	0.00478	0.00468	0.00562	0.00368	0.00347	0.00755	0.01012	0.01467	0.48413	0.09499	0.13538	0.00804	0.00434	0.00123	0.00194	0.00699	0.19486	0.00368
32	0.01893	0.08555	0.39745	0.02446	0.01502	0.09508	0.08318	0.02645	0.00849	0.01173	0.00683	0.01783	0.00549	0.00456	0.00572	0.00132	0.18153	0.00323	0.00185	0.00531
33	0.02200	0.00980	0.02588	0.20602	0.26405	0.10972	0.01943	0.07515	0.03266	0.07156	0.00827	0.01026	0.00646	0.00458	0.00486	0.02869	0.06058	0.00350	0.03115	0.00538
34	0.00514	0.00367	0.00484	0.00567	0.00601	0.00347	0.00395	0.00594	0.00780	0.01031	0.02201	0.67508	0.05277	0.06786	0.00616	0.00179	0.00259	0.10805	0.00363	0.00326
35	0.00839	0.00436	0.00452	0.00426	0.00544	0.00441	0.00326	0.05110	0.02711	0.05216	0.01310	0.01462	0.01013	0.00471	0.00295	0.00097	0.00210	0.00376	0.77854	0.00409
36	0.00976	0.01892	0.08008	0.08449	0.06402	0.00843	0.18624	0.09456	0.12522	0.09208	0.02309	0.07610	0.10771	0.00559	0.00432	0.00132	0.00442	0.00513	0.00309	0.00542

[dist]
# distance from previous block
# <min> <max>
7	43

[block]
# block no. 8 follows, 67 sequences, length 13
# corresponding to MSA columns:
# 617-629
name=unknown_I
#
# <colnr> <probs for GDERKNQSTAVLIFYWHMCP>
#	G	D	E	R	K	N	Q	S	T	A	V	L	I	F	Y	W	H	M	C	P
0	0.45563	0.14109	0.04659	0.04154	0.04767	0.00980	0.03812	0.03345	0.04202	0.01519	0.00803	0.03687	0.00705	0.00455	0.00317	0.00125	0.00377	0.05697	0.00249	0.00475
1	0.02670	0.03340	0.03755	0.04800	0.09889	0.01964	0.09292	0.03573	0.14606	0.07374	0.13734	0.06843	0.10623	0.00620	0.00476	0.00132	0.04937	0.00536	0.00325	0.00509
2	0.01100	0.11563	0.06328	0.00999	0.12761	0.02406	0.00744	0.09208	0.19396	0.11754	0.06607	0.01218	0.01007	0.00455	0.00372	0.00112	0.00379	0.00372	0.02080	0.11137
3	0.00649	0.00457	0.00650	0.00620	0.00689	0.00500	0.02408	0.00753	0.00667	0.04934	0.01218	0.03813	0.02840	0.26068	0.48921	0.00500	0.03231	0.00495	0.00242	0.00347
4	0.00710	0.00628	0.00898	0.03129	0.00899	0.00818	0.00663	0.00823	0.00632	0.00938	0.00841	0.01329	0.00814	0.07357	0.40853	0.00412	0.37265	0.00404	0.00199	0.00388
5	0.07581	0.25519	0.01353	0.00820	0.02569	0.04297	0.02378	0.25036	0.10014	0.09794	0.00962	0.03601	0.00756	0.00453	0.00350	0.00112	0.00410	0.00342	0.00313	0.03339
6	0.00583	0.00389	0.00437	0.00437	0.00437	0.00389	0.00243	0.00583	0.00583	0.00778	0.01264	0.02624	0.01458	0.85906	0.02041	0.00389	0.00389	0.00583	0.00243	0.00243
7	0.00897	0.00711	0.00838	0.00602	0.00955	0.00538	0.00483	0.01073	0.00853	0.06845	0.00771	0.00867	0.00621	0.00310	0.00304	0.00064	0.00300	0.00249	0.00255	0.82462
8	0.02616	0.09268	0.04243	0.00911	0.04494	0.02483	0.01905	0.27136	0.30741	0.05272	0.01145	0.01123	0.00853	0.00467	0.00381	0.00119	0.00396	0.00370	0.00350	0.05726
9	0.00884	0.00647	0.00753	0.00621	0.00853	0.00585	0.00483	0.15222	0.01065	0.06982	0.09076	0.17507	0.11939	0.00664	0.00402	0.00110	0.00291	0.00564	0.00345	0.31006
10	0.05367	0.14452	0.25552	0.03299	0.09990	0.05108	0.08839	0.07796	0.02359	0.05654	0.03271	0.00958	0.00682	0.00416	0.00417	0.00121	0.04596	0.00332	0.00230	0.00561
11	0.02707	0.07497	0.05914	0.15130	0.06663	0.00894	0.11028	0.09642	0.04356	0.27237	0.03011	0.01208	0.00834	0.00448	0.00400	0.00125	0.00451	0.01544	0.00323	0.00586
12	0.00505	0.00369	0.00472	0.00547	0.00591	0.00343	0.00381	0.00586	0.00794	0.01036	0.02422	0.62681	0.14118	0.05333	0.00585	0.00172	0.00248	0.08126	0.00366	0.00327

[dist]
# distance from previous block
# <min> <max>
3	8

[block]
# block no. 9 follows, 67 sequences, length 24
# corresponding to MSA columns:
# 640-647,651-654,661-672
name=unknown_J
#
# <colnr> <probs for GDERKNQSTAVLIFYWHMCP>
#	G	D	E	R	K	N	Q	S	T	A	V	L	I	F	Y	W	H	M	C	P
0	0.00825	0.04955	0.74978	0.01096	0.01649	0.03823	0.01385	0.01253	0.00858	0.01242	0.00835	0.00948	0.03599	0.00405	0.00379	0.00125	0.00577	0.00313	0.00178	0.00576
1	0.02353	0.09552	0.11115	0.01046	0.10774	0.02830	0.05076	0.12001	0.07188	0.25159	0.01133	0.01174	0.02097	0.00450	0.00385	0.00119	0.00429	0.01757	0.00329	0.05035
2	0.00950	0.08364	0.05989	0.09948	0.14620	0.07118	0.13723	0.02777	0.03551	0.03705	0.09344	0.01272	0.03846	0.00483	0.00505	0.00126	0.09971	0.00408	0.00243	0.03056
3	0.00494	0.00353	0.00472	0.00565	0.00591	0.00331	0.00382	0.00568	0.00773	0.01030	0.02207	0.82776	0.02640	0.01251	0.00513	0.00164	0.00238	0.03953	0.00372	0.00327
4	0.00784	0.00737	0.01244	0.72743	0.12830	0.00889	0.01118	0.01046	0.00819	0.01064	0.00749	0.01136	0.00586	0.00411	0.00404	0.00133	0.00524	0.02130	0.00185	0.00468
5	0.02486	0.17735	0.15980	0.02271	0.21306	0.02149	0.02342	0.08240	0.02009	0.12505	0.01074	0.04257	0.05026	0.00460	0.00375	0.00118	0.00446	0.00380	0.00265	0.00578
6	0.00717	0.00500	0.03776	0.05023	0.00829	0.00440	0.00510	0.02271	0.00855	0.11838	0.01964	0.59021	0.02181	0.01054	0.00488	0.00156	0.00291	0.07317	0.00371	0.00399
7	0.76750	0.00813	0.00699	0.00673	0.05695	0.00930	0.00507	0.07491	0.00790	0.01827	0.00602	0.00696	0.00466	0.00380	0.00269	0.00124	0.00330	0.00237	0.00257	0.00466
8	0.00574	0.00385	0.00440	0.00449	0.00452	0.00383	0.00256	0.00581	0.00602	0.00802	0.01358	0.10859	0.01577	0.77509	0.01890	0.00366	0.00373	0.00638	0.00256	0.00251
9	0.88738	0.00776	0.00589	0.00527	0.00776	0.00900	0.00434	0.01179	0.00683	0.01799	0.00558	0.00651	0.00434	0.00372	0.00248	0.00124	0.00310	0.00217	0.00248	0.00434
10	0.00573	0.00430	0.00645	0.00645	0.00716	0.00501	0.00501	0.00716	0.00645	0.00931	0.01074	0.01576	0.01003	0.03008	0.84316	0.00645	0.01074	0.00430	0.00215	0.00358
11	0.00757	0.00713	0.01203	0.84942	0.02762	0.00891	0.01114	0.01025	0.00802	0.01025	0.00713	0.01069	0.00535	0.00401	0.00401	0.00134	0.00535	0.00356	0.00178	0.00446
12	0.01799	0.00683	0.00931	0.00714	0.01024	0.00589	0.00589	0.01954	0.01148	0.83682	0.01582	0.01365	0.00993	0.00496	0.00403	0.00124	0.00341	0.00403	0.00496	0.00683
13	0.02942	0.00852	0.01353	0.20114	0.47668	0.00891	0.01051	0.04193	0.04410	0.01305	0.00859	0.05426	0.00738	0.00423	0.00395	0.00122	0.00453	0.00391	0.00223	0.06189
14	0.00624	0.00494	0.00607	0.00602	0.00658	0.04837	0.00437	0.00722	0.00651	0.00887	0.01108	0.01851	0.01116	0.28174	0.54826	0.00538	0.00847	0.00468	0.00223	0.00329
15	0.00494	0.00402	0.00437	0.00439	0.00557	0.00345	0.00325	0.00611	0.00946	0.01184	0.19838	0.10661	0.60369	0.00997	0.00477	0.00136	0.00203	0.00847	0.00386	0.00345
16	0.04234	0.00861	0.03439	0.05319	0.01193	0.07761	0.09623	0.12781	0.01087	0.21674	0.04354	0.01598	0.06910	0.00889	0.12143	0.00200	0.00529	0.04543	0.00334	0.00527
17	0.03080	0.01130	0.18916	0.05473	0.23418	0.00871	0.19881	0.01329	0.02103	0.13876	0.00969	0.05457	0.00761	0.00431	0.00415	0.00129	0.00511	0.00417	0.00251	0.00582
18	0.01224	0.00899	0.00977	0.00815	0.01071	0.00998	0.00651	0.29598	0.41167	0.09272	0.04880	0.01365	0.01119	0.00527	0.00404	0.00128	0.00352	0.00426	0.03492	0.00635
19	0.01634	0.00697	0.00913	0.00717	0.01001	0.00634	0.00585	0.10377	0.01202	0.66234	0.05053	0.06752	0.01185	0.00557	0.00413	0.00126	0.00339	0.00459	0.00476	0.00647
20	0.02133	0.07149	0.07179	0.17395	0.26197	0.00900	0.14218	0.02063	0.00904	0.04051	0.04110	0.03041	0.05000	0.00444	0.00402	0.00124	0.00477	0.00417	0.03264	0.00531
21	0.00885	0.00768	0.08174	0.01122	0.20202	0.00650	0.03177	0.01139	0.06090	0.12144	0.05047	0.07721	0.14241	0.00744	0.01951	0.01928	0.00383	0.11578	0.01552	0.00503
22	0.00521	0.00394	0.00477	0.00504	0.00586	0.00357	0.00367	0.00637	0.00912	0.01193	0.23206	0.27536	0.29104	0.05252	0.00569	0.00158	0.00231	0.07272	0.00383	0.00343
23	0.00928	0.02494	0.06661	0.03251	0.04522	0.03623	0.03455	0.12004	0.03788	0.10041	0.08279	0.22953	0.02897	0.02854	0.01581	0.00150	0.00375	0.06038	0.03625	0.00481

[dist]
# distance from previous block
# <min> <max>
3	34

[block]
# block no. 10 follows, 67 sequences, length 7
# corresponding to MSA columns:
# 707-713
name=unknown_K
#
# <colnr> <probs for GDERKNQSTAVLIFYWHMCP>
#	G	D	E	R	K	N	Q	S	T	A	V	L	I	F	Y	W	H	M	C	P
0	0.01029	0.05283	0.12614	0.02833	0.03373	0.08637	0.03758	0.10120	0.11569	0.09315	0.02383	0.07622	0.04249	0.05971	0.03050	0.00156	0.00453	0.02201	0.00304	0.05080
1	0.08252	0.06739	0.16582	0.08038	0.05924	0.03736	0.12505	0.03238	0.02872	0.11197	0.02064	0.02710	0.03373	0.00489	0.00432	0.00129	0.03723	0.05412	0.00262	0.02324
2	0.06570	0.00535	0.00705	0.00653	0.00718	0.04848	0.05523	0.00718	0.00630	0.00888	0.00861	0.05733	0.00860	0.07089	0.13986	0.45841	0.02948	0.00413	0.00204	0.00278
3	0.00524	0.00381	0.00487	0.00547	0.00595	0.00351	0.00372	0.00599	0.00765	0.01023	0.02115	0.64120	0.06540	0.10457	0.00667	0.00181	0.00258	0.04472	0.00351	0.05192
4	0.05736	0.08467	0.16771	0.04920	0.03612	0.08110	0.09865	0.01100	0.00847	0.03436	0.03929	0.09311	0.02827	0.02228	0.06707	0.00173	0.07165	0.02311	0.02011	0.00473
5	0.11214	0.03927	0.04937	0.04063	0.07547	0.05385	0.12111	0.29377	0.02585	0.04626	0.00899	0.03144	0.00721	0.05179	0.00500	0.00139	0.02409	0.00381	0.00293	0.00561
6	0.00532	0.00366	0.00489	0.00559	0.00596	0.00345	0.00391	0.00591	0.00780	0.01034	0.06266	0.58537	0.07456	0.01222	0.00640	0.10870	0.00255	0.08405	0.00351	0.00315

[dist]
# distance from previous block
# <min> <max>
2	79

[block]
# block no. 11 follows, 67 sequences, length 10
# corresponding to MSA columns:
# 793-802
name=unknown_L
#
# <colnr> <probs for GDERKNQSTAVLIFYWHMCP>
#	G	D	E	R	K	N	Q	S	T	A	V	L	I	F	Y	W	H	M	C	P
0	0.04973	0.00778	0.09497	0.00793	0.02843	0.00641	0.06773	0.04711	0.07004	0.13963	0.09158	0.12357	0.08640	0.06261	0.00538	0.00150	0.00360	0.05793	0.00343	0.04424
1	0.09559	0.09076	0.04881	0.00931	0.06611	0.04082	0.03835	0.25096	0.12533	0.01716	0.00888	0.00945	0.00681	0.00411	0.00354	0.00108	0.00411	0.00320	0.00296	0.17265
2	0.00605	0.03753	0.00723	0.06414	0.00849	0.00558	0.00531	0.00751	0.00682	0.00961	0.04853	0.01625	0.01104	0.06893	0.67184	0.00551	0.00936	0.00438	0.00223	0.00365
3	0.00860	0.12095	0.37445	0.11298	0.10421	0.00942	0.03831	0.01201	0.03304	0.03207	0.02233	0.04170	0.04010	0.00444	0.00382	0.00122	0.00498	0.00371	0.00212	0.02956
4	0.00900	0.13291	0.35568	0.01150	0.06986	0.00997	0.12811	0.03197	0.07204	0.02699	0.01004	0.01186	0.04506	0.00505	0.02464	0.00138	0.01981	0.02632	0.00222	0.00558
5	0.01362	0.00607	0.00795	0.00650	0.00887	0.00544	0.00526	0.05063	0.01134	0.51708	0.16592	0.04031	0.07224	0.00632	0.00425	0.00127	0.00302	0.03605	0.03211	0.00573
6	0.00821	0.00788	0.01279	0.39937	0.13126	0.00963	0.05367	0.01024	0.00766	0.01054	0.00735	0.01170	0.00640	0.04694	0.00739	0.00157	0.23704	0.02383	0.00190	0.00463
7	0.00967	0.07957	0.38436	0.06164	0.11086	0.01017	0.11621	0.08724	0.03740	0.03954	0.00800	0.00941	0.00594	0.00395	0.00405	0.00125	0.01932	0.00339	0.00218	0.00586
8	0.01070	0.02940	0.14459	0.11175	0.06127	0.04713	0.06939	0.05445	0.00938	0.18163	0.03018	0.01290	0.02568	0.07670	0.03003	0.00167	0.09116	0.00397	0.00275	0.00527
9	0.00498	0.00358	0.00463	0.00538	0.00570	0.00333	0.00360	0.00570	0.00780	0.01037	0.05877	0.71298	0.07504	0.07031	0.00613	0.00175	0.00240	0.01066	0.00367	0.00323

[dist]
# distance from previous block
# <min> <max>
0	1

[block]
# block no. 12 follows, 67 sequences, length 18
# corresponding to MSA columns:
# 804-821
name=unknown_M
#
# <colnr> <probs for GDERKNQSTAVLIFYWHMCP>
#	G	D	E	R	K	N	Q	S	T	A	V	L	I	F	Y	W	H	M	C	P
0	0.00683	0.00545	0.00708	0.06118	0.00910	0.03913	0.05412	0.00888	0.04706	0.01207	0.03341	0.24386	0.07918	0.00886	0.00463	0.00148	0.00330	0.22796	0.14254	0.00388
1	0.08256	0.03132	0.13963	0.01096	0.05418	0.00935	0.18907	0.09925	0.16705	0.10589	0.01161	0.04127	0.03015	0.00471	0.00405	0.00129	0.00459	0.00423	0.00303	0.00580
2	0.00522	0.00370	0.00487	0.00550	0.00578	0.00362	0.00371	0.00593	0.00732	0.00985	0.03575	0.56851	0.02259	0.16879	0.10398	0.00259	0.00361	0.03218	0.00332	0.00317
3	0.00912	0.03653	0.01110	0.03301	0.06960	0.02870	0.09276	0.03610	0.10129	0.02498	0.02886	0.02774	0.00809	0.00436	0.01650	0.00103	0.02066	0.00344	0.02875	0.41740
4	0.88738	0.00776	0.00589	0.00527	0.00776	0.00900	0.00434	0.01179	0.00683	0.01799	0.00558	0.00651	0.00434	0.00372	0.00248	0.00124	0.00310	0.00217	0.00248	0.00434
5	0.00548	0.00409	0.00509	0.00484	0.00587	0.00370	0.00363	0.00719	0.01089	0.01499	0.66796	0.03175	0.20249	0.00860	0.00473	0.00128	0.00192	0.00750	0.00427	0.00370
6	0.88738	0.00776	0.00589	0.00527	0.00776	0.00900	0.00434	0.01179	0.00683	0.01799	0.00558	0.00651	0.00434	0.00372	0.00248	0.00124	0.00310	0.00217	0.00248	0.00434
7	0.00957	0.00706	0.00857	0.05213	0.01050	0.00612	0.00547	0.02746	0.09314	0.11705	0.03124	0.02541	0.00875	0.00467	0.02251	0.00100	0.00336	0.02265	0.00298	0.54037
8	0.00993	0.00953	0.01628	0.02462	0.83404	0.00953	0.01231	0.01231	0.00913	0.01310	0.00754	0.00993	0.00635	0.00357	0.00397	0.00119	0.00476	0.00357	0.00199	0.00635
9	0.00568	0.00410	0.00536	0.00505	0.00599	0.00378	0.00378	0.00757	0.01135	0.01608	0.83192	0.02996	0.03784	0.00820	0.00473	0.00126	0.00189	0.00725	0.00441	0.00378
10	0.05334	0.00715	0.00935	0.00720	0.01028	0.00645	0.00594	0.07189	0.01177	0.75001	0.01500	0.01309	0.00950	0.00490	0.00397	0.00124	0.00347	0.00393	0.00480	0.00672
11	0.01072	0.86147	0.02102	0.00686	0.01029	0.01587	0.00686	0.01201	0.00815	0.00944	0.00558	0.00643	0.00515	0.00343	0.00257	0.00086	0.00429	0.00214	0.00172	0.00515
12	0.00748	0.00374	0.00374	0.00374	0.00467	0.00374	0.00280	0.00934	0.00841	0.01495	0.01308	0.01495	0.01028	0.00467	0.00280	0.00093	0.00187	0.00374	0.88132	0.00374
13	0.00531	0.00408	0.00485	0.00466	0.00576	0.00363	0.00349	0.00685	0.01048	0.01401	0.51936	0.03337	0.35170	0.00897	0.00473	0.00130	0.00195	0.00773	0.00414	0.00363
14	0.00805	0.00416	0.00443	0.00431	0.00539	0.00415	0.00330	0.03802	0.00891	0.05128	0.01383	0.05533	0.01142	0.00532	0.00312	0.00103	0.00212	0.03643	0.73545	0.00396
15	0.00489	0.00349	0.00465	0.00558	0.00582	0.00326	0.00372	0.00558	0.00768	0.01024	0.02210	0.85644	0.02653	0.01256	0.00512	0.00163	0.00233	0.01140	0.00372	0.00326
16	0.00670	0.00478	0.00648	0.00720	0.00813	0.00482	0.00617	0.03521	0.00928	0.01210	0.02015	0.04251	0.02185	0.07968	0.00670	0.00199	0.00373	0.71522	0.00360	0.00369
17	0.37032	0.00864	0.00866	0.00698	0.00978	0.00938	0.00575	0.29906	0.01207	0.18384	0.00936	0.00938	0.00657	0.00439	0.00335	0.00122	0.00358	0.00311	0.03888	0.00569

[dist]
# distance from previous block
# <min> <max>
0	1

[block]
# block no. 13 follows, 67 sequences, length 17
# corresponding to MSA columns:
# 823-839
name=unknown_N
#
# <colnr> <probs for GDERKNQSTAVLIFYWHMCP>
#	G	D	E	R	K	N	Q	S	T	A	V	L	I	F	Y	W	H	M	C	P
0	0.00506	0.00360	0.00479	0.00568	0.00596	0.00340	0.00389	0.00583	0.00772	0.01027	0.02159	0.74943	0.02568	0.05191	0.00587	0.00175	0.00251	0.07813	0.00366	0.00326
1	0.22984	0.37544	0.03800	0.10280	0.01258	0.09213	0.04953	0.01213	0.00813	0.01198	0.00598	0.00737	0.00502	0.00376	0.00330	0.00109	0.03158	0.00256	0.00197	0.00483
2	0.00833	0.00738	0.01202	0.05278	0.29151	0.00802	0.06524	0.00981	0.00797	0.01113	0.01010	0.01798	0.00993	0.04702	0.00813	0.11038	0.14988	0.16553	0.00227	0.00457
3	0.10152	0.18663	0.01071	0.00686	0.00893	0.00882	0.00570	0.04205	0.00847	0.09750	0.03608	0.16479	0.01092	0.02509	0.00531	0.00126	0.12702	0.00457	0.00280	0.14497
4	0.06320	0.13747	0.32781	0.01059	0.01471	0.03028	0.12543	0.16180	0.01039	0.01474	0.02219	0.00898	0.00611	0.00411	0.00418	0.00123	0.04556	0.00326	0.00228	0.00567
5	0.01239	0.00648	0.00817	0.00675	0.00892	0.00627	0.00540	0.12197	0.03531	0.37046	0.21120	0.07231	0.07382	0.00664	0.00463	0.00129	0.03252	0.00551	0.00440	0.00554
6	0.00546	0.00407	0.00507	0.00487	0.00587	0.00368	0.00363	0.00712	0.01076	0.01479	0.63986	0.06594	0.19653	0.00877	0.00475	0.00130	0.00194	0.00767	0.00425	0.00368
7	0.00832	0.00713	0.00832	0.00594	0.00950	0.00535	0.00475	0.01010	0.00832	0.01307	0.00713	0.00832	0.00594	0.00297	0.00297	0.00059	0.00297	0.00238	0.00238	0.88357
8	0.00548	0.00406	0.00511	0.00492	0.00589	0.00369	0.00366	0.00716	0.01078	0.01489	0.65668	0.08131	0.16395	0.00878	0.00476	0.00130	0.00194	0.00770	0.00426	0.00369
9	0.01072	0.86147	0.02102	0.00686	0.01029	0.01587	0.00686	0.01201	0.00815	0.00944	0.00558	0.00643	0.00515	0.00343	0.00257	0.00086	0.00429	0.00214	0.00172	0.00515
10	0.00821	0.00689	0.00774	0.04617	0.00956	0.00762	0.00557	0.01561	0.48911	0.01580	0.25239	0.02095	0.08447	0.00654	0.00432	0.00133	0.00282	0.00558	0.00404	0.00529
11	0.00877	0.00877	0.01228	0.01053	0.01053	0.01228	0.00877	0.00965	0.00614	0.00965	0.00526	0.00877	0.00526	0.00702	0.01316	0.00175	0.85172	0.00351	0.00175	0.00439
12	0.00569	0.00431	0.00529	0.00513	0.00622	0.00400	0.00393	0.00773	0.04161	0.01455	0.54926	0.03267	0.22080	0.00879	0.00477	0.00134	0.00212	0.07385	0.00418	0.00378
13	0.06654	0.00537	0.00650	0.05005	0.00774	0.03431	0.00456	0.06364	0.00739	0.05071	0.01007	0.08485	0.00994	0.13734	0.11993	0.32623	0.00465	0.00452	0.00244	0.00323
14	0.00903	0.00971	0.01939	0.20135	0.06425	0.00999	0.51142	0.01227	0.03442	0.01217	0.00791	0.01072	0.00607	0.00387	0.00514	0.00137	0.06941	0.00431	0.00202	0.00520
15	0.00492	0.00403	0.00422	0.00423	0.00538	0.00346	0.00307	0.00590	0.00895	0.01094	0.09949	0.06820	0.66328	0.08871	0.00621	0.00159	0.00220	0.00824	0.00366	0.00332
16	0.01744	0.00709	0.00940	0.00727	0.01033	0.00637	0.00599	0.04985	0.05790	0.75980	0.01562	0.01357	0.00994	0.00499	0.00403	0.00125	0.00344	0.00405	0.00488	0.00680

[dist]
# distance from previous block
# <min> <max>
7	95

[block]
# block no. 14 follows, 67 sequences, length 27
# corresponding to MSA columns:
# 937-940,951-973
name=unknown_O
#
# <colnr> <probs for GDERKNQSTAVLIFYWHMCP>
#	G	D	E	R	K	N	Q	S	T	A	V	L	I	F	Y	W	H	M	C	P
0	0.07248	0.09114	0.05224	0.03992	0.18834	0.14812	0.04925	0.03883	0.07938	0.06460	0.00827	0.00933	0.00647	0.00388	0.00358	0.00109	0.00470	0.00314	0.00247	0.13276
1	0.01896	0.00854	0.03010	0.07076	0.24457	0.02999	0.10170	0.04854	0.03493	0.13207	0.01909	0.08130	0.00927	0.00583	0.03755	0.00142	0.00464	0.01797	0.00281	0.09997
2	0.00928	0.04891	0.14695	0.00820	0.02704	0.03522	0.02293	0.06302	0.14823	0.09428	0.15240	0.05781	0.06781	0.00657	0.00431	0.00133	0.00375	0.09329	0.00348	0.00517
3	0.00689	0.00608	0.00717	0.03358	0.00835	0.09032	0.00548	0.02253	0.00743	0.00986	0.01195	0.16668	0.01209	0.02189	0.52492	0.00454	0.04871	0.00534	0.00243	0.00375
4	0.02456	0.24628	0.10356	0.06518	0.15987	0.04624	0.05577	0.01234	0.05101	0.04722	0.05673	0.05610	0.00908	0.00454	0.00377	0.00115	0.01563	0.00378	0.00236	0.03481
5	0.00962	0.08717	0.36027	0.01062	0.06264	0.00882	0.06304	0.01275	0.02464	0.13205	0.03736	0.05182	0.00885	0.00611	0.04574	0.00154	0.04706	0.02183	0.00251	0.00555
6	0.00528	0.00423	0.00479	0.00483	0.00597	0.00383	0.00363	0.00693	0.04326	0.01218	0.20863	0.12639	0.47880	0.01029	0.02352	0.00150	0.00235	0.04616	0.00385	0.00360
7	0.41119	0.00808	0.00993	0.18940	0.03943	0.00900	0.07755	0.08979	0.00906	0.08162	0.03514	0.00955	0.00658	0.00410	0.00340	0.00127	0.00407	0.00320	0.00269	0.00494
8	0.03019	0.29091	0.09838	0.06914	0.02963	0.14512	0.03469	0.04011	0.03101	0.05962	0.02041	0.10411	0.02080	0.00501	0.00359	0.00114	0.00471	0.00394	0.00243	0.00504
9	0.00705	0.00605	0.03569	0.00813	0.07893	0.00634	0.02068	0.00799	0.00698	0.01001	0.03701	0.03897	0.01246	0.34351	0.05628	0.03229	0.16452	0.06274	0.06079	0.00359
10	0.00573	0.00383	0.00451	0.00464	0.00470	0.00382	0.00273	0.00582	0.00610	0.00815	0.01376	0.14530	0.01592	0.68407	0.04394	0.03145	0.00387	0.00651	0.00259	0.00256
11	0.00746	0.00694	0.01181	0.46932	0.08095	0.00782	0.09882	0.00997	0.02566	0.01122	0.07362	0.08972	0.02460	0.04312	0.02088	0.00156	0.00486	0.00490	0.00232	0.00446
12	0.05445	0.09471	0.23385	0.01294	0.18929	0.09474	0.04108	0.17759	0.01094	0.01504	0.00775	0.01769	0.00606	0.00405	0.00371	0.00117	0.00511	0.00324	0.02075	0.00583
13	0.00634	0.00532	0.00780	0.09139	0.17417	0.00532	0.00617	0.00800	0.03555	0.01132	0.04925	0.44004	0.12523	0.00922	0.00468	0.00145	0.00308	0.00831	0.00322	0.00413
14	0.00664	0.00376	0.00530	0.00526	0.00533	0.00390	0.00351	0.00563	0.00549	0.00742	0.00852	0.01552	0.00888	0.20002	0.09329	0.59138	0.02204	0.00407	0.00193	0.00212
15	0.85868	0.00781	0.00623	0.00591	0.03479	0.00901	0.00460	0.01181	0.00690	0.01783	0.00565	0.00663	0.00441	0.00372	0.00253	0.00124	0.00316	0.00222	0.00247	0.00441
16	0.03301	0.06467	0.07957	0.03138	0.10413	0.00767	0.02013	0.07020	0.02438	0.01377	0.00769	0.02473	0.00638	0.00356	0.00331	0.00086	0.00373	0.00291	0.00239	0.49554
17	0.00669	0.00653	0.06774	0.01802	0.01997	0.04708	0.02945	0.00816	0.00702	0.00969	0.01056	0.03985	0.01006	0.04807	0.53914	0.06359	0.02490	0.03752	0.00218	0.00376
18	0.05354	0.00691	0.00907	0.00701	0.01002	0.00617	0.00578	0.04591	0.01143	0.74795	0.01510	0.01326	0.00960	0.00490	0.00393	0.00123	0.00338	0.00393	0.03425	0.00662
