[name]
unknown

[dist]
# distance from previous block
# <min> <max>
1	197

[block]
# block no. 0 follows, 90 sequences, length 47
# corresponding to MSA columns:
# 221-267
name=unknown_A
#
# <colnr> <probs for GDERKNQSTAVLIFYWHMCP>
#	G	D	E	R	K	N	Q	S	T	A	V	L	I	F	Y	W	H	M	C	P
0	0.00636	0.01641	0.87209	0.00904	0.01373	0.00737	0.01172	0.01005	0.00670	0.01005	0.00569	0.00670	0.00402	0.00301	0.00301	0.00100	0.00469	0.00234	0.00134	0.00469
1	0.00779	0.00747	0.01276	0.04864	0.84007	0.00752	0.00970	0.00968	0.00719	0.01029	0.00596	0.00787	0.00500	0.00284	0.00314	0.00095	0.00378	0.00283	0.00156	0.00497
2	0.00453	0.00339	0.00505	0.00505	0.00560	0.00394	0.00390	0.00563	0.00508	0.00733	0.00854	0.01271	0.00804	0.05020	0.84970	0.00504	0.00833	0.00344	0.00171	0.00280
3	0.00599	0.00564	0.00951	0.88090	0.02185	0.00705	0.00881	0.00810	0.00634	0.00810	0.00564	0.00846	0.00423	0.00317	0.00317	0.00106	0.00423	0.00282	0.00141	0.00352
4	0.00658	0.00564	0.00658	0.00470	0.00752	0.00423	0.00376	0.00799	0.00658	0.01034	0.00564	0.00658	0.00470	0.00235	0.00235	0.00047	0.00235	0.00188	0.00188	0.90792
5	0.00603	0.00556	0.02294	0.03066	0.12592	0.00550	0.15062	0.02432	0.06366	0.01972	0.16035	0.17782	0.07547	0.00579	0.00412	0.00112	0.06155	0.05269	0.00249	0.00366
6	0.00620	0.00553	0.01948	0.04335	0.28249	0.01403	0.02910	0.02754	0.07762	0.00987	0.10391	0.08882	0.05885	0.10776	0.08782	0.00166	0.00357	0.02641	0.00223	0.00376
7	0.00408	0.00286	0.00365	0.00420	0.00435	0.00272	0.00273	0.00451	0.00573	0.00763	0.01558	0.65192	0.01855	0.23131	0.00710	0.00174	0.00217	0.02406	0.00269	0.00242
8	0.02180	0.24958	0.06751	0.00826	0.10656	0.11100	0.02323	0.25237	0.05223	0.03686	0.00650	0.00707	0.00506	0.00329	0.00285	0.00087	0.01148	0.00246	0.02641	0.00460
9	0.00778	0.60172	0.29921	0.00662	0.00999	0.01084	0.00751	0.00968	0.00653	0.00832	0.00483	0.00562	0.00405	0.00281	0.00236	0.00079	0.00382	0.00191	0.00135	0.00427
10	0.00401	0.00328	0.00354	0.00346	0.00447	0.00284	0.00260	0.00512	0.02190	0.00970	0.24413	0.02848	0.64021	0.00758	0.00374	0.00105	0.00159	0.00640	0.00309	0.00280
11	0.00453	0.00331	0.00426	0.00401	0.00479	0.00307	0.00301	0.00614	0.02457	0.01260	0.82592	0.02369	0.05514	0.00649	0.00373	0.00100	0.00152	0.00573	0.00347	0.00302
12	0.91093	0.00613	0.00466	0.00417	0.00613	0.00712	0.00344	0.00932	0.00540	0.01423	0.00442	0.00515	0.00344	0.00294	0.00196	0.00098	0.00245	0.00172	0.00196	0.00344
13	0.01171	0.01488	0.00901	0.00818	0.00976	0.85102	0.00615	0.01252	0.00887	0.00776	0.00488	0.00576	0.00409	0.00333	0.00308	0.00083	0.03081	0.00206	0.00163	0.00367
14	0.00701	0.05110	0.60661	0.00874	0.04968	0.00765	0.00987	0.03950	0.14151	0.02169	0.02264	0.00788	0.00552	0.00330	0.00303	0.00100	0.00413	0.00262	0.00178	0.00473
15	0.00748	0.35252	0.47058	0.00741	0.01106	0.04566	0.00870	0.00988	0.00668	0.02173	0.00538	0.00647	0.00430	0.02618	0.00298	0.00093	0.00416	0.00215	0.00141	0.00435
16	0.00756	0.00645	0.02138	0.00611	0.00785	0.00711	0.00482	0.01514	0.71105	0.04005	0.03674	0.04008	0.07215	0.00477	0.00330	0.00108	0.00244	0.00400	0.00320	0.00473
17	0.00427	0.00330	0.00390	0.00374	0.00463	0.00297	0.00281	0.00565	0.02515	0.01113	0.52856	0.02609	0.35218	0.00704	0.00373	0.00103	0.00156	0.00606	0.00328	0.00291
18	0.02132	0.06461	0.29568	0.00815	0.03993	0.02550	0.03840	0.33824	0.01806	0.05500	0.00715	0.03433	0.00542	0.00361	0.00318	0.00097	0.01848	0.00283	0.01432	0.00481
19	0.00599	0.00564	0.00951	0.88090	0.02185	0.00705	0.00881	0.00810	0.00634	0.00810	0.00564	0.00846	0.00423	0.00317	0.00317	0.00106	0.00423	0.00282	0.00141	0.00352
20	0.00386	0.00276	0.00368	0.00442	0.00460	0.00258	0.00294	0.00442	0.00607	0.00810	0.01748	0.88646	0.02098	0.00994	0.00405	0.00129	0.00184	0.00902	0.00294	0.00258
21	0.02929	0.01048	0.30447	0.01284	0.34011	0.00742	0.08151	0.06853	0.02416	0.06471	0.00673	0.00822	0.00516	0.00315	0.00315	0.00099	0.00406	0.01837	0.00182	0.00482
22	0.00541	0.00456	0.04268	0.00529	0.01903	0.00390	0.07578	0.00712	0.03236	0.06259	0.47064	0.04906	0.18863	0.00615	0.00373	0.00103	0.01018	0.00543	0.00309	0.00333
23	0.00426	0.00314	0.00341	0.00344	0.00391	0.00292	0.00223	0.00464	0.00579	0.00727	0.01946	0.03733	0.36611	0.48665	0.01051	0.00217	0.00245	0.02964	0.00239	0.00227
24	0.03783	0.00577	0.00769	0.00591	0.00831	0.00527	0.02804	0.09924	0.00952	0.70386	0.04638	0.01079	0.00830	0.00396	0.00319	0.00098	0.00280	0.00323	0.00372	0.00522
25	0.00731	0.03714	0.03792	0.31273	0.30905	0.03279	0.08766	0.03111	0.02594	0.02475	0.00673	0.02337	0.01929	0.00347	0.01158	0.00104	0.01917	0.00303	0.00167	0.00424
26	0.00758	0.34638	0.31431	0.00776	0.01096	0.04265	0.10330	0.02420	0.02311	0.00925	0.03460	0.00703	0.00520	0.00313	0.00300	0.00089	0.03518	0.00241	0.01480	0.00426
27	0.91093	0.00613	0.00466	0.00417	0.00613	0.00712	0.00344	0.00932	0.00540	0.01423	0.00442	0.00515	0.00344	0.00294	0.00196	0.00098	0.00245	0.00172	0.00196	0.00344
28	0.01185	0.01512	0.00899	0.00817	0.00981	0.87579	0.00613	0.01267	0.00899	0.00776	0.00490	0.00572	0.00409	0.00327	0.00286	0.00082	0.00572	0.00204	0.00163	0.00368
29	0.00552	0.00373	0.00474	0.00475	0.00565	0.00367	0.00380	0.00759	0.08275	0.05307	0.35881	0.06256	0.04522	0.00680	0.00374	0.00113	0.00209	0.25822	0.08291	0.00323
30	0.00658	0.00564	0.00658	0.00470	0.00752	0.00423	0.00376	0.00799	0.00658	0.01034	0.00564	0.00658	0.00470	0.00235	0.00235	0.00047	0.00235	0.00188	0.00188	0.90792
31	0.01008	0.01218	0.00925	0.00823	0.00927	0.56439	0.00642	0.01086	0.00750	0.00772	0.00464	0.00616	0.00411	0.00409	0.00557	0.00102	0.32105	0.00231	0.00155	0.00360
32	0.00408	0.00321	0.00371	0.00391	0.00474	0.00286	0.00298	0.00503	0.00725	0.00913	0.13025	0.16461	0.48856	0.01799	0.00403	0.00118	0.00185	0.13890	0.00300	0.00273
33	0.00378	0.00319	0.00328	0.00331	0.00432	0.00268	0.00246	0.00460	0.00723	0.00870	0.06242	0.07819	0.78885	0.00808	0.00377	0.00108	0.00162	0.00679	0.00297	0.00268
34	0.00381	0.00318	0.00332	0.00342	0.00439	0.00270	0.00256	0.00461	0.00712	0.00855	0.03013	0.11720	0.75316	0.00825	0.00380	0.00111	0.00167	0.03539	0.00294	0.00268
35	0.01288	0.00714	0.00837	0.00645	0.00890	0.00729	0.00531	0.43877	0.02776	0.41331	0.01002	0.00923	0.00666	0.00387	0.00317	0.00096	0.00307	0.00303	0.01845	0.00535
36	0.84409	0.00592	0.00456	0.00410	0.00600	0.00679	0.00336	0.00897	0.00553	0.01381	0.00646	0.00702	0.06710	0.00332	0.00209	0.00099	0.00239	0.00208	0.00204	0.00338
37	0.00580	0.00463	0.00589	0.06942	0.00775	0.00397	0.00421	0.00707	0.00662	0.02528	0.01045	0.21068	0.01084	0.00531	0.00318	0.00089	0.00248	0.15622	0.00231	0.45702
38	0.00697	0.00634	0.00676	0.00495	0.00769	0.06845	0.00393	0.00833	0.00676	0.01015	0.00558	0.00651	0.00465	0.00242	0.00239	0.00050	0.00260	0.00189	0.00186	0.84129
39	0.91093	0.00613	0.00466	0.00417	0.00613	0.00712	0.00344	0.00932	0.00540	0.01423	0.00442	0.00515	0.00344	0.00294	0.00196	0.00098	0.00245	0.00172	0.00196	0.00344
40	0.00498	0.00382	0.00418	0.00397	0.00501	0.00370	0.00297	0.00730	0.14998	0.02328	0.22175	0.02352	0.39317	0.07157	0.00446	0.00118	0.00185	0.00549	0.06469	0.00315
41	0.91093	0.00613	0.00466	0.00417	0.00613	0.00712	0.00344	0.00932	0.00540	0.01423	0.00442	0.00515	0.00344	0.00294	0.00196	0.00098	0.00245	0.00172	0.00196	0.00344
42	0.00761	0.00723	0.01230	0.01841	0.80515	0.00727	0.00931	0.00943	0.00707	0.01014	0.00615	0.00819	0.00524	0.00437	0.06745	0.00125	0.00412	0.00287	0.00158	0.00486
43	0.00778	0.00752	0.07090	0.00665	0.00865	0.00785	0.00551	0.01635	0.79991	0.01303	0.01238	0.01146	0.00927	0.00421	0.00321	0.00107	0.00267	0.00349	0.00309	0.00500
44	0.00764	0.00655	0.00696	0.00627	0.00799	0.00753	0.00487	0.01605	0.80008	0.01323	0.07585	0.01271	0.01117	0.00446	0.00327	0.00107	0.00244	0.00374	0.00325	0.00487
45	0.01063	0.00822	0.00894	0.00716	0.00933	0.00934	0.00584	0.58349	0.22789	0.01739	0.00870	0.00863	0.00638	0.00406	0.00372	0.00102	0.06803	0.00303	0.00306	0.00516
46	0.00395	0.00323	0.00350	0.00346	0.00445	0.00278	0.00261	0.00493	0.00763	0.00954	0.22203	0.02911	0.65425	0.00770	0.00376	0.00106	0.00162	0.02856	0.00307	0.00276

[dist]
# distance from previous block
# <min> <max>
0	1

[block]
# block no. 1 follows, 90 sequences, length 10
# corresponding to MSA columns:
# 269-278
name=unknown_B
#
# <colnr> <probs for GDERKNQSTAVLIFYWHMCP>
#	G	D	E	R	K	N	Q	S	T	A	V	L	I	F	Y	W	H	M	C	P
0	0.00483	0.00382	0.00548	0.00548	0.00585	0.00409	0.04348	0.02497	0.00614	0.00837	0.03385	0.59887	0.01654	0.00878	0.00549	0.06018	0.13142	0.02701	0.00257	0.00279
1	0.00663	0.00317	0.00334	0.00319	0.00407	0.00310	0.00243	0.00808	0.00686	0.08573	0.01053	0.01174	0.00811	0.00372	0.00230	0.00076	0.00158	0.00298	0.82852	0.00317
2	0.00412	0.00296	0.00393	0.00461	0.00493	0.00280	0.00330	0.00484	0.00631	0.00832	0.01769	0.66686	0.05245	0.03565	0.00446	0.00137	0.00207	0.16780	0.00291	0.00263
3	0.01257	0.00507	0.00661	0.00520	0.00733	0.00453	0.00425	0.04582	0.00884	0.67579	0.01192	0.01087	0.00781	0.00388	0.00300	0.00093	0.00250	0.00313	0.17501	0.00493
4	0.00666	0.00647	0.01002	0.51082	0.17923	0.03777	0.00841	0.00841	0.00631	0.00842	0.00552	0.00813	0.00449	0.00421	0.03393	0.00122	0.15195	0.00281	0.00145	0.00378
5	0.00677	0.00815	0.24102	0.00677	0.00932	0.00551	0.10907	0.00968	0.11626	0.11791	0.03439	0.03291	0.27866	0.00504	0.00342	0.00104	0.00315	0.00435	0.00252	0.00406
6	0.00403	0.00298	0.00381	0.00441	0.00484	0.00276	0.00317	0.00477	0.00648	0.00840	0.02016	0.59474	0.18111	0.00940	0.00404	0.00127	0.00196	0.13608	0.00294	0.00265
7	0.00410	0.00293	0.00395	0.00469	0.00497	0.00278	0.00336	0.00483	0.00631	0.00836	0.01735	0.72512	0.02046	0.00971	0.00411	0.00132	0.00205	0.16802	0.00294	0.00264
8	0.68103	0.19651	0.00756	0.00505	0.04064	0.00830	0.00411	0.00938	0.00570	0.01262	0.00448	0.00525	0.00363	0.00289	0.00203	0.00091	0.00271	0.00176	0.00182	0.00363
9	0.04976	0.20894	0.07946	0.01773	0.00797	0.03713	0.00494	0.07401	0.03225	0.07320	0.02537	0.01154	0.16889	0.00399	0.00278	0.00082	0.00289	0.00308	0.00222	0.19303

[dist]
# distance from previous block
# <min> <max>
5	7

[block]
# block no. 2 follows, 90 sequences, length 9
# corresponding to MSA columns:
# 286-294
name=unknown_C
#
# <colnr> <probs for GDERKNQSTAVLIFYWHMCP>
#	G	D	E	R	K	N	Q	S	T	A	V	L	I	F	Y	W	H	M	C	P
0	0.33260	0.00403	0.00410	0.00440	0.00525	0.00427	0.00323	0.00630	0.00589	0.01039	0.01272	0.52635	0.01449	0.00735	0.00331	0.00119	0.00211	0.04655	0.00259	0.00290
1	0.00921	0.01242	0.55876	0.00781	0.01169	0.00639	0.00916	0.01201	0.00756	0.32199	0.00816	0.00818	0.00541	0.00334	0.00308	0.00100	0.00397	0.00265	0.00228	0.00495
2	0.00689	0.00502	0.00586	0.00552	0.00658	0.00525	0.00416	0.31386	0.00933	0.01247	0.01388	0.53150	0.01522	0.00767	0.00375	0.00117	0.00248	0.04277	0.00303	0.00361
3	0.33763	0.01186	0.00742	0.00672	0.00848	0.56103	0.00515	0.01146	0.00769	0.01011	0.00473	0.00551	0.00385	0.00315	0.00253	0.00088	0.00454	0.00193	0.00175	0.00359
4	0.01193	0.00591	0.00729	0.00594	0.00815	0.00583	0.00479	0.01596	0.31850	0.56016	0.01266	0.01117	0.00852	0.00406	0.00320	0.00102	0.00263	0.00333	0.00367	0.00526
5	0.33776	0.00789	0.00776	0.00617	0.00850	0.00885	0.00509	0.55059	0.01147	0.01790	0.00646	0.00672	0.00468	0.00349	0.00273	0.00096	0.00311	0.00244	0.00273	0.00468
6	0.00933	0.29272	0.01286	0.01135	0.32050	0.25127	0.00721	0.04300	0.00776	0.00908	0.00523	0.00636	0.00447	0.00295	0.00271	0.00082	0.00418	0.00225	0.00158	0.00436
7	0.00724	0.34191	0.23607	0.00611	0.00937	0.00818	0.00646	0.00909	0.00656	0.00918	0.00519	0.00605	0.00428	0.00266	0.00240	0.00069	0.00335	0.00193	0.00154	0.33174
8	0.00599	0.00564	0.00951	0.88090	0.02185	0.00705	0.00881	0.00810	0.00634	0.00810	0.00564	0.00846	0.00423	0.00317	0.00317	0.00106	0.00423	0.00282	0.00141	0.00352

[dist]
# distance from previous block
# <min> <max>
0	7

[block]
# block no. 3 follows, 90 sequences, length 118
# corresponding to MSA columns:
# 302-419
name=unknown_D
#
# <colnr> <probs for GDERKNQSTAVLIFYWHMCP>
#	G	D	E	R	K	N	Q	S	T	A	V	L	I	F	Y	W	H	M	C	P
0	0.91093	0.00613	0.00466	0.00417	0.00613	0.00712	0.00344	0.00932	0.00540	0.01423	0.00442	0.00515	0.00344	0.00294	0.00196	0.00098	0.00245	0.00172	0.00196	0.00344
1	0.00377	0.00321	0.00325	0.00324	0.00430	0.00269	0.00243	0.00460	0.00728	0.00870	0.05810	0.03031	0.84140	0.00799	0.00375	0.00107	0.00160	0.00666	0.00296	0.00269
2	0.00821	0.77882	0.12586	0.00589	0.00885	0.01189	0.00623	0.00957	0.00648	0.00779	0.00457	0.00529	0.00406	0.00275	0.00216	0.00072	0.00356	0.00178	0.00135	0.00415
3	0.00469	0.00345	0.00441	0.00413	0.00494	0.00328	0.00311	0.00662	0.05888	0.01275	0.81715	0.02300	0.02875	0.00636	0.00371	0.00100	0.00156	0.00561	0.00348	0.00311
4	0.00447	0.00324	0.00422	0.00397	0.00473	0.00299	0.00298	0.00595	0.00894	0.01263	0.84871	0.02384	0.04834	0.00652	0.00374	0.00100	0.00150	0.00576	0.00348	0.00299
5	0.00599	0.00564	0.00951	0.88090	0.02185	0.00705	0.00881	0.00810	0.00634	0.00810	0.00564	0.00846	0.00423	0.00317	0.00317	0.00106	0.00423	0.00282	0.00141	0.00352
6	0.03608	0.01411	0.00895	0.00804	0.00968	0.76303	0.01395	0.03949	0.03495	0.00852	0.00521	0.00602	0.00429	0.00337	0.00310	0.00085	0.03273	0.00215	0.00173	0.00377
7	0.00741	0.00724	0.01279	0.20545	0.59122	0.00748	0.10304	0.00943	0.00706	0.00985	0.00594	0.00806	0.00483	0.00288	0.00321	0.00098	0.00404	0.00293	0.00154	0.00462
8	0.00375	0.00321	0.00321	0.00321	0.00428	0.00268	0.00241	0.00455	0.00723	0.00857	0.03213	0.03053	0.86745	0.00803	0.00375	0.00107	0.00161	0.00669	0.00295	0.00268
9	0.00785	0.00754	0.01287	0.01947	0.86874	0.00754	0.00973	0.00973	0.00722	0.01036	0.00597	0.00785	0.00502	0.00283	0.00314	0.00094	0.00377	0.00283	0.00157	0.00502
10	0.13820	0.02798	0.00773	0.00679	0.00823	0.02974	0.10596	0.01831	0.12102	0.03343	0.01159	0.02052	0.01131	0.00591	0.00404	0.00123	0.05939	0.38246	0.00252	0.00361
11	0.00461	0.00308	0.00346	0.00346	0.00346	0.00308	0.00192	0.00461	0.00461	0.00615	0.00999	0.02076	0.01153	0.88853	0.01614	0.00308	0.00308	0.00461	0.00192	0.00192
12	0.01423	0.00540	0.00736	0.00564	0.00810	0.00466	0.00466	0.01546	0.00908	0.87094	0.01251	0.01080	0.00785	0.00393	0.00319	0.00098	0.00270	0.00319	0.00393	0.00540
13	0.00753	0.00860	0.01834	0.01316	0.01626	0.01927	0.82277	0.01012	0.00743	0.01006	0.00634	0.00847	0.00479	0.00276	0.00392	0.00108	0.02956	0.00369	0.00160	0.00425
14	0.00773	0.00769	0.01380	0.04680	0.47427	0.00770	0.26297	0.02792	0.09013	0.01072	0.01487	0.00861	0.00562	0.00299	0.00334	0.00100	0.00411	0.00320	0.00179	0.00474
15	0.00780	0.00749	0.01278	0.04267	0.84593	0.00752	0.00971	0.00969	0.00720	0.01030	0.00596	0.00787	0.00500	0.00284	0.00314	0.00095	0.00378	0.00283	0.00157	0.00498
16	0.00464	0.00327	0.00414	0.00392	0.00469	0.00304	0.00294	0.01543	0.00872	0.01245	0.73562	0.04013	0.06490	0.00637	0.00362	0.00099	0.00153	0.00559	0.07501	0.00299
17	0.00844	0.00742	0.00760	0.00669	0.00842	0.05650	0.00525	0.11868	0.63574	0.01330	0.01156	0.02061	0.01874	0.00455	0.01194	0.00110	0.05218	0.00346	0.00301	0.00483
18	0.00390	0.00278	0.00372	0.00446	0.00465	0.00261	0.00300	0.00448	0.00611	0.00814	0.01746	0.86324	0.02090	0.00991	0.00406	0.00129	0.00187	0.03190	0.00294	0.00259
19	0.01878	0.00574	0.01486	0.00476	0.00757	0.00431	0.00386	0.00823	0.00663	0.03418	0.00581	0.00668	0.00476	0.00241	0.00237	0.00050	0.00238	0.00192	0.00193	0.86233
20	0.00726	0.00678	0.05859	0.06207	0.19533	0.00554	0.05529	0.00906	0.01458	0.05931	0.01374	0.01750	0.00533	0.00279	0.00278	0.00072	0.00309	0.00248	0.00189	0.47587
21	0.87865	0.00618	0.00480	0.00426	0.00624	0.00714	0.00351	0.02748	0.00565	0.02692	0.00460	0.00529	0.00354	0.00298	0.00201	0.00098	0.00248	0.00176	0.00202	0.00351
22	0.00640	0.00603	0.01019	0.66314	0.21669	0.00709	0.00894	0.00845	0.00657	0.00866	0.00596	0.00892	0.00472	0.00321	0.00319	0.00104	0.00409	0.02139	0.00148	0.00386
23	0.00700	0.00712	0.01073	0.00889	0.00926	0.00952	0.10262	0.00792	0.00515	0.00792	0.00442	0.00712	0.00424	0.00523	0.00966	0.00135	0.78399	0.00288	0.00141	0.00356
24	0.00785	0.00754	0.01287	0.01947	0.86874	0.00754	0.00973	0.00973	0.00722	0.01036	0.00597	0.00785	0.00502	0.00283	0.00314	0.00094	0.00377	0.00283	0.00157	0.00502
25	0.00378	0.00317	0.00329	0.00336	0.00433	0.00267	0.00248	0.00457	0.00715	0.00861	0.04963	0.12219	0.75752	0.00820	0.00378	0.00109	0.00163	0.00692	0.00296	0.00267
26	0.00398	0.00322	0.00353	0.00345	0.00442	0.00277	0.00259	0.00499	0.00777	0.00985	0.28977	0.02842	0.60902	0.00756	0.00375	0.00105	0.00157	0.00640	0.00311	0.00277
27	0.00376	0.00321	0.00322	0.00322	0.00429	0.00268	0.00242	0.00457	0.00725	0.00862	0.04151	0.03045	0.85804	0.00802	0.00375	0.00107	0.00161	0.00668	0.00295	0.00268
28	0.00386	0.00276	0.00368	0.00442	0.00460	0.00258	0.00294	0.00442	0.00607	0.00810	0.01748	0.88646	0.02098	0.00994	0.00405	0.00129	0.00184	0.00902	0.00294	0.00258
29	0.00848	0.89043	0.01662	0.00543	0.00814	0.01255	0.00543	0.00950	0.00645	0.00746	0.00441	0.00509	0.00407	0.00271	0.00204	0.00068	0.00339	0.00170	0.00136	0.00407
30	0.00636	0.01641	0.87209	0.00904	0.01373	0.00737	0.01172	0.01005	0.00670	0.01005	0.00569	0.00670	0.00402	0.00301	0.00301	0.00100	0.00469	0.00234	0.00134	0.00469
31	0.01390	0.00532	0.00725	0.00559	0.00798	0.00461	0.00461	0.01514	0.00908	0.84169	0.04164	0.01124	0.00860	0.00401	0.00321	0.00098	0.00266	0.00328	0.00391	0.00532
32	0.00848	0.89043	0.01662	0.00543	0.00814	0.01255	0.00543	0.00950	0.00645	0.00746	0.00441	0.00509	0.00407	0.00271	0.00204	0.00068	0.00339	0.00170	0.00136	0.00407
33	0.01206	0.00888	0.00952	0.00730	0.00984	0.00984	0.00603	0.85816	0.01491	0.01999	0.00762	0.00762	0.00539	0.00381	0.00317	0.00095	0.00349	0.00286	0.00317	0.00539
34	0.00511	0.00365	0.00511	0.00584	0.00657	0.00365	0.00511	0.00657	0.00730	0.00949	0.01679	0.03578	0.01825	0.00876	0.00438	0.00146	0.00292	0.84739	0.00292	0.00292
35	0.00789	0.00681	0.00717	0.00646	0.00825	0.00789	0.00502	0.01685	0.86301	0.01327	0.01291	0.01183	0.00968	0.00430	0.00323	0.00108	0.00251	0.00359	0.00323	0.00502
36	0.04559	0.28329	0.16892	0.00628	0.00927	0.00849	0.00624	0.14740	0.00828	0.15621	0.00670	0.00696	0.00497	0.00311	0.00263	0.00082	0.00335	0.00228	0.00218	0.12704
37	0.86677	0.00610	0.00479	0.00424	0.00623	0.00699	0.00350	0.00963	0.00558	0.05642	0.00482	0.00543	0.00365	0.00299	0.00202	0.00098	0.00247	0.00179	0.00206	0.00353
38	0.01423	0.00540	0.00736	0.00564	0.00810	0.00466	0.00466	0.01546	0.00908	0.87094	0.01251	0.01080	0.00785	0.00393	0.00319	0.00098	0.00270	0.00319	0.00393	0.00540
39	0.00749	0.00856	0.01872	0.01337	0.01658	0.00802	0.85722	0.01016	0.00749	0.01016	0.00642	0.00856	0.00481	0.00267	0.00374	0.00107	0.00535	0.00374	0.00160	0.00428
40	0.00761	0.00874	0.01845	0.01323	0.01639	0.03170	0.83399	0.01023	0.00753	0.01009	0.00638	0.00848	0.00479	0.00269	0.00372	0.00106	0.00536	0.00370	0.00161	0.00426
41	0.01423	0.00540	0.00736	0.00564	0.00810	0.00466	0.00466	0.01546	0.00908	0.87094	0.01251	0.01080	0.00785	0.00393	0.00319	0.00098	0.00270	0.00319	0.00393	0.00540
42	0.00389	0.00278	0.00371	0.00444	0.00464	0.00260	0.00298	0.00446	0.00610	0.00812	0.01747	0.87102	0.02093	0.00992	0.00405	0.00129	0.00186	0.02423	0.00294	0.00258
43	0.00604	0.00569	0.00961	0.85739	0.04496	0.00706	0.00883	0.00815	0.00637	0.00817	0.00565	0.00844	0.00425	0.00316	0.00317	0.00105	0.00422	0.00282	0.00141	0.00356
44	0.00599	0.00564	0.00951	0.88090	0.02185	0.00705	0.00881	0.00810	0.00634	0.00810	0.00564	0.00846	0.00423	0.00317	0.00317	0.00106	0.00423	0.00282	0.00141	0.00352
45	0.00769	0.00664	0.00698	0.00630	0.00806	0.00764	0.00489	0.01626	0.82132	0.01304	0.01385	0.01274	0.05147	0.00449	0.00325	0.00108	0.00247	0.00374	0.00321	0.00491
46	0.00506	0.00362	0.00505	0.00577	0.00649	0.00361	0.00502	0.00649	0.00727	0.00945	0.01701	0.05714	0.02942	0.00878	0.00436	0.00145	0.00288	0.81529	0.00292	0.00291
47	0.00636	0.01641	0.87209	0.00904	0.01373	0.00737	0.01172	0.01005	0.00670	0.01005	0.00569	0.00670	0.00402	0.00301	0.00301	0.00100	0.00469	0.00234	0.00134	0.00469
48	0.00402	0.00338	0.00368	0.00401	0.02625	0.01346	0.00282	0.00482	0.00704	0.00860	0.04288	0.21057	0.62343	0.00823	0.00380	0.00112	0.00179	0.02446	0.00290	0.00274
49	0.00456	0.00336	0.00493	0.00493	0.00543	0.00386	0.00375	0.00554	0.00503	0.00721	0.00858	0.01318	0.00822	0.10443	0.77901	0.02219	0.00788	0.00350	0.00171	0.00272
50	0.01197	0.00884	0.00947	0.00728	0.00980	0.00980	0.00601	0.84070	0.03251	0.01985	0.00773	0.00770	0.00548	0.00382	0.00317	0.00095	0.00347	0.00287	0.00317	0.00539
51	0.04360	0.03459	0.01029	0.02877	0.28070	0.34333	0.00715	0.13189	0.03001	0.02696	0.00593	0.00696	0.00476	0.00328	0.00317	0.00091	0.02891	0.00248	0.00191	0.00441
52	0.00813	0.00693	0.00731	0.00650	0.00834	0.00800	0.00508	0.06454	0.81494	0.01365	0.01261	0.01160	0.00944	0.00428	0.00322	0.00107	0.00257	0.00354	0.00322	0.00504
53	0.00789	0.00681	0.00717	0.00646	0.00825	0.00789	0.00502	0.01685	0.86301	0.01327	0.01291	0.01183	0.00968	0.00430	0.00323	0.00108	0.00251	0.00359	0.00323	0.00502
54	0.00599	0.00564	0.00951	0.88090	0.02185	0.00705	0.00881	0.00810	0.00634	0.00810	0.00564	0.00846	0.00423	0.00317	0.00317	0.00106	0.00423	0.00282	0.00141	0.00352
55	0.00461	0.00308	0.00350	0.00350	0.00352	0.00310	0.00197	0.00464	0.00462	0.00618	0.00996	0.02055	0.01144	0.86674	0.03780	0.00313	0.00321	0.00458	0.00192	0.00194
56	0.01329	0.00521	0.00698	0.00544	0.00772	0.00457	0.00446	0.01470	0.02649	0.77347	0.03596	0.01124	0.00852	0.00399	0.00314	0.00097	0.00258	0.00325	0.06285	0.00516
57	0.00415	0.00288	0.00360	0.00406	0.00417	0.00276	0.00256	0.00449	0.00552	0.00737	0.01467	0.56116	0.01743	0.34007	0.00859	0.00196	0.00230	0.00736	0.00256	0.00233
58	0.01423	0.00540	0.00736	0.00564	0.00810	0.00466	0.00466	0.01546	0.00908	0.87094	0.01251	0.01080	0.00785	0.00393	0.00319	0.00098	0.00270	0.00319	0.00393	0.00540
59	0.00613	0.00302	0.00307	0.00303	0.00381	0.00300	0.00228	0.00760	0.00672	0.03462	0.01040	0.01180	0.00812	0.00370	0.00224	0.00075	0.00151	0.00296	0.88220	0.00302
60	0.01185	0.01512	0.00899	0.00817	0.00981	0.87579	0.00613	0.01267	0.00899	0.00776	0.00490	0.00572	0.00409	0.00327	0.00286	0.00082	0.00572	0.00204	0.00163	0.00368
61	0.00931	0.02615	0.01277	0.00964	0.01211	0.14527	0.38872	0.03676	0.08045	0.15724	0.00854	0.01069	0.00665	0.00388	0.01523	0.00109	0.00449	0.06438	0.00228	0.00435
62	0.01194	0.00883	0.00945	0.00727	0.00979	0.00978	0.00600	0.83468	0.03858	0.01980	0.00776	0.00773	0.00551	0.00382	0.00317	0.00096	0.00346	0.00288	0.00317	0.00538
63	0.02821	0.23891	0.21472	0.00753	0.01023	0.37386	0.00721	0.06776	0.00812	0.00918	0.00513	0.00590	0.00414	0.00310	0.00269	0.00084	0.00466	0.00207	0.00160	0.00413
64	0.00781	0.00778	0.03685	0.01918	0.84488	0.00753	0.00979	0.00974	0.00721	0.01035	0.00596	0.00782	0.00500	0.00283	0.00314	0.00094	0.00379	0.00281	0.00156	0.00501
65	0.00378	0.00321	0.00326	0.00326	0.00431	0.00269	0.00244	0.00460	0.00727	0.00870	0.06029	0.04743	0.82196	0.00802	0.00375	0.00107	0.00161	0.00671	0.00296	0.00269
66	0.00375	0.00321	0.00321	0.00321	0.00428	0.00268	0.00241	0.00455	0.00723	0.00857	0.03213	0.03053	0.86745	0.00803	0.00375	0.00107	0.00161	0.00669	0.00295	0.00268
67	0.00636	0.01641	0.87209	0.00904	0.01373	0.00737	0.01172	0.01005	0.00670	0.01005	0.00569	0.00670	0.00402	0.00301	0.00301	0.00100	0.00469	0.00234	0.00134	0.00469
68	0.00741	0.00561	0.00666	0.00480	0.00758	0.00428	0.00386	0.00880	0.00685	0.10405	0.00639	0.00704	0.00504	0.00252	0.00244	0.00053	0.00239	0.00202	0.00210	0.80964
69	0.00379	0.00307	0.00336	0.00360	0.00438	0.00265	0.00258	0.00451	0.00686	0.00842	0.02748	0.30217	0.59881	0.00864	0.00384	0.00114	0.00168	0.00743	0.00295	0.00265
70	0.00749	0.00856	0.01872	0.01337	0.01658	0.00802	0.85722	0.01016	0.00749	0.01016	0.00642	0.00856	0.00481	0.00267	0.00374	0.00107	0.00535	0.00374	0.00160	0.00428
71	0.01206	0.00888	0.00952	0.00730	0.00984	0.00984	0.00603	0.85816	0.01491	0.01999	0.00762	0.00762	0.00539	0.00381	0.00317	0.00095	0.00349	0.00286	0.00317	0.00539
72	0.00599	0.00564	0.00951	0.88090	0.02185	0.00705	0.00881	0.00810	0.00634	0.00810	0.00564	0.00846	0.00423	0.00317	0.00317	0.00106	0.00423	0.00282	0.00141	0.00352
73	0.00596	0.00304	0.00305	0.00303	0.00380	0.00306	0.00228	0.00760	0.02548	0.01186	0.01040	0.01183	0.00816	0.00371	0.00224	0.00075	0.00150	0.00297	0.88629	0.00300
74	0.01417	0.00549	0.00742	0.00569	0.00815	0.00480	0.00470	0.03871	0.00924	0.84746	0.01238	0.01071	0.00778	0.00392	0.00319	0.00098	0.00272	0.00318	0.00391	0.00540
75	0.00421	0.00328	0.00386	0.00394	0.00482	0.00293	0.00306	0.00532	0.00773	0.00997	0.28314	0.06142	0.43788	0.00776	0.00386	0.00112	0.00180	0.14797	0.00311	0.00281
76	0.00387	0.00279	0.00366	0.00434	0.00458	0.00259	0.00291	0.00444	0.00617	0.00818	0.02855	0.82684	0.06978	0.00979	0.00403	0.00127	0.00182	0.00884	0.00295	0.00259
77	0.00599	0.00564	0.00951	0.88090	0.02185	0.00705	0.00881	0.00810	0.00634	0.00810	0.00564	0.00846	0.00423	0.00317	0.00317	0.00106	0.00423	0.00282	0.00141	0.00352
78	0.00456	0.00334	0.00483	0.00483	0.00531	0.00382	0.00364	0.00553	0.00505	0.00724	0.00874	0.01368	0.00846	0.15127	0.73736	0.00474	0.00760	0.00357	0.01372	0.00270
79	0.17863	0.00739	0.01973	0.00621	0.00845	0.02798	0.00510	0.28429	0.22547	0.19063	0.00926	0.00881	0.00656	0.00377	0.00296	0.00099	0.00296	0.00287	0.00305	0.00489
80	0.00743	0.00704	0.01184	0.26153	0.60882	0.00746	0.00938	0.03065	0.00717	0.00997	0.00592	0.00802	0.00481	0.00295	0.00315	0.00097	0.00389	0.00282	0.00157	0.00461
81	0.00388	0.00278	0.00370	0.00440	0.00460	0.00259	0.00295	0.00447	0.00616	0.00824	0.04391	0.85962	0.02126	0.00983	0.00404	0.00128	0.00183	0.00892	0.00296	0.00259
82	0.00941	0.00774	0.00853	0.07305	0.03319	0.03563	0.01406	0.34513	0.38446	0.01507	0.00967	0.00961	0.00720	0.00447	0.02727	0.00113	0.00335	0.00317	0.00292	0.00494
83	0.00873	0.77849	0.03335	0.00566	0.00836	0.05462	0.00556	0.02672	0.00679	0.02230	0.00469	0.00533	0.00417	0.00278	0.00214	0.00070	0.00350	0.00178	0.00146	0.02287
84	0.05870	0.01750	0.25322	0.00725	0.01029	0.00622	0.07679	0.05116	0.02076	0.41360	0.02700	0.00939	0.00665	0.00362	0.00323	0.00100	0.01589	0.01005	0.00277	0.00488
85	0.00734	0.02725	0.13710	0.01253	0.01588	0.00805	0.70879	0.01009	0.00731	0.01005	0.00624	0.00820	0.00468	0.00277	0.00372	0.00106	0.01958	0.00349	0.00156	0.00432
86	0.00421	0.00321	0.00386	0.00374	0.00458	0.00286	0.00279	0.00542	0.00824	0.01107	0.53982	0.06617	0.31814	0.00718	0.00376	0.00104	0.00155	0.00622	0.00328	0.00286
87	0.00403	0.00288	0.00385	0.00445	0.00475	0.00270	0.00309	0.00476	0.00653	0.00879	0.12815	0.71801	0.02197	0.00941	0.00403	0.00126	0.00187	0.06379	0.00301	0.00265
88	0.01035	0.00699	0.04266	0.03608	0.31669	0.00656	0.03367	0.06662	0.06970	0.33704	0.01741	0.00965	0.00675	0.00355	0.00328	0.00099	0.01282	0.01145	0.00270	0.00505
89	0.00639	0.00607	0.01036	0.69209	0.19105	0.00716	0.02523	0.00847	0.00654	0.00860	0.00572	0.00834	0.00440	0.00309	0.00318	0.00103	0.00416	0.00284	0.00145	0.00384
90	0.00399	0.00289	0.00377	0.00430	0.00466	0.00268	0.00298	0.00473	0.00663	0.00887	0.14575	0.66564	0.08755	0.00924	0.00399	0.00123	0.00180	0.03362	0.00303	0.00266
91	0.00449	0.00347	0.00482	0.00544	0.03981	0.00331	0.02813	0.00561	0.02910	0.00885	0.05155	0.50214	0.11320	0.01607	0.01241	0.00131	0.00227	0.16232	0.00286	0.00288
92	0.00714	0.07303	0.45275	0.01025	0.07922	0.04266	0.18793	0.01727	0.03246	0.00987	0.00601	0.00735	0.00456	0.00361	0.02740	0.00111	0.02870	0.00270	0.00151	0.00448
93	0.00405	0.00323	0.00364	0.00353	0.00447	0.00281	0.00265	0.00514	0.00795	0.01028	0.37684	0.02771	0.52168	0.00739	0.00375	0.00104	0.00156	0.00630	0.00317	0.00281
94	0.00585	0.00346	0.00371	0.00351	0.00452	0.00328	0.00268	0.03339	0.02421	0.06218	0.09845	0.03193	0.25737	0.00534	0.00294	0.00090	0.00168	0.00441	0.44706	0.00313
95	0.01999	0.05908	0.40664	0.04983	0.24686	0.01928	0.08897	0.01007	0.02570	0.02562	0.00614	0.01684	0.00475	0.00304	0.00307	0.00098	0.00428	0.00269	0.00155	0.00462
96	0.00935	0.00624	0.04191	0.01006	0.24877	0.00566	0.05993	0.03471	0.01515	0.30786	0.01062	0.08898	0.00899	0.02235	0.00382	0.00921	0.01195	0.09717	0.00271	0.00455
97	0.00636	0.01641	0.87209	0.00904	0.01373	0.00737	0.01172	0.01005	0.00670	0.01005	0.00569	0.00670	0.00402	0.00301	0.00301	0.00100	0.00469	0.00234	0.00134	0.00469
98	0.07106	0.23686	0.02865	0.05236	0.25738	0.18925	0.03603	0.05466	0.00767	0.03055	0.00548	0.00660	0.00450	0.00299	0.00274	0.00086	0.00404	0.00233	0.00169	0.00431
99	0.00439	0.00319	0.00412	0.00399	0.00468	0.00293	0.00294	0.00572	0.00851	0.01192	0.72093	0.11812	0.07018	0.01938	0.00395	0.00106	0.00156	0.00613	0.00338	0.00292
100	0.00887	0.02601	0.16578	0.01929	0.17121	0.07761	0.12377	0.23678	0.02689	0.01906	0.00675	0.00772	0.01468	0.00323	0.00319	0.00093	0.01280	0.00278	0.00205	0.07058
101	0.00506	0.00389	0.00561	0.00546	0.01488	0.00464	0.00421	0.00611	0.00532	0.01755	0.04127	0.01251	0.00845	0.06517	0.62638	0.00407	0.12328	0.00344	0.03975	0.00293
102	0.00971	0.07705	0.00867	0.00669	0.00876	0.09601	0.00538	0.22967	0.43812	0.06138	0.01905	0.00969	0.00770	0.00395	0.00309	0.00098	0.00315	0.00310	0.00295	0.00491
103	0.00874	0.54068	0.15568	0.00689	0.03109	0.12474	0.01814	0.01941	0.02703	0.03428	0.00523	0.00591	0.00436	0.00292	0.00243	0.00078	0.00391	0.00201	0.00154	0.00422
104	0.04207	0.68520	0.15793	0.00604	0.00905	0.01140	0.00642	0.03560	0.00671	0.00853	0.00472	0.00544	0.00408	0.00281	0.00223	0.00075	0.00357	0.00184	0.00143	0.00419
105	0.91093	0.00613	0.00466	0.00417	0.00613	0.00712	0.00344	0.00932	0.00540	0.01423	0.00442	0.00515	0.00344	0.00294	0.00196	0.00098	0.00245	0.00172	0.00196	0.00344
106	0.00391	0.00283	0.00370	0.00437	0.00464	0.00262	0.00297	0.00453	0.00626	0.00829	0.04095	0.78407	0.07628	0.00969	0.00403	0.00127	0.00185	0.03218	0.00296	0.00260
107	0.00840	0.03124	0.57334	0.00825	0.01217	0.01847	0.03838	0.04591	0.03689	0.18577	0.00739	0.00776	0.00508	0.00326	0.00307	0.00099	0.00417	0.00261	0.00202	0.00483
108	0.01423	0.00540	0.00736	0.00564	0.00810	0.00466	0.00466	0.01546	0.00908	0.87094	0.01251	0.01080	0.00785	0.00393	0.00319	0.00098	0.00270	0.00319	0.00393	0.00540
109	0.00387	0.00303	0.00351	0.00378	0.00446	0.00267	0.00269	0.00464	0.00694	0.00880	0.11149	0.37855	0.43699	0.00865	0.00387	0.00115	0.00169	0.00754	0.00300	0.00267
110	0.00408	0.00320	0.00368	0.00361	0.00450	0.00281	0.00269	0.00517	0.00794	0.01036	0.39531	0.06827	0.46218	0.00745	0.00376	0.00105	0.00157	0.00639	0.00318	0.00281
111	0.00462	0.00309	0.00353	0.00354	0.00356	0.00311	0.00202	0.00467	0.00466	0.00623	0.01003	0.02068	0.01150	0.85192	0.04210	0.00312	0.00324	0.01450	0.00193	0.00196
112	0.00861	0.00717	0.00758	0.00660	0.00852	0.00823	0.00519	0.16217	0.71653	0.01443	0.01200	0.01111	0.00894	0.00422	0.00322	0.00105	0.00268	0.00346	0.00322	0.00509
113	0.01382	0.00555	0.00738	0.00570	0.00811	0.00496	0.00469	0.05086	0.03585	0.79584	0.01229	0.01071	0.00781	0.00393	0.00318	0.00098	0.00271	0.00318	0.01710	0.00535
114	0.00702	0.04917	0.40757	0.01106	0.01492	0.00791	0.43610	0.01008	0.00708	0.00999	0.00600	0.00756	0.00442	0.00283	0.00334	0.00102	0.00496	0.00302	0.00147	0.00446
115	0.91093	0.00613	0.00466	0.00417	0.00613	0.00712	0.00344	0.00932	0.00540	0.01423	0.00442	0.00515	0.00344	0.00294	0.00196	0.00098	0.00245	0.00172	0.00196	0.00344
116	0.00847	0.87804	0.01649	0.00544	0.00814	0.01249	0.00542	0.00960	0.01846	0.00754	0.00453	0.00518	0.00415	0.00274	0.00205	0.00068	0.00338	0.00172	0.00138	0.00408
117	0.00508	0.00361	0.00503	0.00575	0.00646	0.00360	0.00499	0.00650	0.00725	0.00947	0.01673	0.06737	0.01822	0.00874	0.00434	0.00144	0.00286	0.80408	0.01559	0.00291

[dist]
# distance from previous block
# <min> <max>
0	8

[block]
# block no. 4 follows, 90 sequences, length 44
# corresponding to MSA columns:
# 428-471
name=unknown_E
#
# <colnr> <probs for GDERKNQSTAVLIFYWHMCP>
#	G	D	E	R	K	N	Q	S	T	A	V	L	I	F	Y	W	H	M	C	P
0	0.00595	0.00559	0.00941	0.86580	0.02155	0.00697	0.00871	0.00804	0.00634	0.00810	0.00584	0.02358	0.00452	0.00329	0.00319	0.00106	0.00419	0.00293	0.00144	0.00351
1	0.00770	0.00850	0.01833	0.01311	0.01629	0.00798	0.82572	0.02400	0.00764	0.02820	0.00656	0.00859	0.00489	0.00272	0.00372	0.00107	0.00526	0.00372	0.00168	0.00432
2	0.05081	0.00543	0.00725	0.00558	0.00802	0.00476	0.00461	0.01521	0.00893	0.83599	0.01218	0.01057	0.00767	0.00389	0.00314	0.00098	0.00269	0.00313	0.00385	0.00532
3	0.00384	0.00300	0.00349	0.00383	0.00446	0.00264	0.00269	0.00455	0.00675	0.00854	0.06426	0.44260	0.42031	0.00888	0.00389	0.00117	0.00171	0.00777	0.00297	0.00264
4	0.03004	0.01494	0.00890	0.00809	0.00973	0.85821	0.00607	0.01260	0.00892	0.00789	0.00489	0.00571	0.00407	0.00326	0.00284	0.00082	0.00565	0.00204	0.00164	0.00367
5	0.01185	0.01512	0.00899	0.00817	0.00981	0.87579	0.00613	0.01267	0.00899	0.00776	0.00490	0.00572	0.00409	0.00327	0.00286	0.00082	0.00572	0.00204	0.00163	0.00368
6	0.00391	0.00277	0.00368	0.00439	0.00459	0.00259	0.00294	0.00450	0.00615	0.00826	0.03826	0.85326	0.02102	0.00977	0.00402	0.00127	0.00183	0.00885	0.01535	0.00259
7	0.00749	0.00856	0.01872	0.01337	0.01658	0.00802	0.85722	0.01016	0.00749	0.01016	0.00642	0.00856	0.00481	0.00267	0.00374	0.00107	0.00535	0.00374	0.00160	0.00428
8	0.03185	0.00848	0.00913	0.00703	0.00951	0.00932	0.00580	0.77151	0.01418	0.06736	0.00789	0.00784	0.00556	0.00379	0.00312	0.00095	0.00337	0.00285	0.02516	0.00529
9	0.00789	0.00681	0.00717	0.00646	0.00825	0.00789	0.00502	0.01685	0.86301	0.01327	0.01291	0.01183	0.00968	0.00430	0.00323	0.00108	0.00251	0.00359	0.00323	0.00502
10	0.00604	0.00414	0.00530	0.01403	0.00560	0.02559	0.00365	0.00682	0.00683	0.09226	0.32975	0.01677	0.01595	0.15760	0.09809	0.09577	0.10604	0.00428	0.00255	0.00294
11	0.01146	0.00830	0.01916	0.00732	0.00959	0.16013	0.10122	0.21628	0.03326	0.31274	0.05331	0.00958	0.00740	0.00438	0.03012	0.00109	0.00386	0.00311	0.00294	0.00475
12	0.86067	0.00609	0.00481	0.00425	0.00624	0.00698	0.00350	0.00967	0.00560	0.06225	0.00487	0.00547	0.00368	0.00300	0.00203	0.00098	0.00247	0.00180	0.00207	0.00355
13	0.00478	0.00340	0.00412	0.00405	0.00411	0.00366	0.00257	0.00497	0.00477	0.00649	0.00979	0.04284	0.01109	0.70660	0.08431	0.00302	0.07085	0.02451	0.00191	0.00216
14	0.67967	0.02052	0.06437	0.01924	0.02548	0.06779	0.00457	0.04112	0.01481	0.03122	0.00496	0.00568	0.00380	0.00304	0.00222	0.00097	0.00295	0.00191	0.00197	0.00371
15	0.00546	0.02762	0.00598	0.00535	0.00571	0.02617	0.02772	0.02524	0.00560	0.00761	0.02147	0.20818	0.01160	0.34755	0.05314	0.00214	0.18572	0.02295	0.00207	0.00271
16	0.00432	0.00324	0.00401	0.00381	0.00463	0.00292	0.00286	0.00566	0.00858	0.01177	0.67618	0.02526	0.22141	0.00684	0.00374	0.00101	0.00152	0.00596	0.00337	0.00292
17	0.01156	0.02686	0.00919	0.00795	0.02079	0.57702	0.00607	0.22903	0.06198	0.01125	0.00609	0.00659	0.00477	0.00345	0.00295	0.00087	0.00489	0.00235	0.00212	0.00422
18	0.33149	0.03886	0.00783	0.00645	0.05627	0.00768	0.01522	0.28796	0.00927	0.13141	0.00677	0.00702	0.00490	0.00330	0.00265	0.00092	0.00296	0.00239	0.00257	0.07409
19	0.00738	0.34564	0.43243	0.00765	0.03787	0.00922	0.00853	0.02865	0.03727	0.01745	0.02465	0.00708	0.01726	0.00311	0.00269	0.00088	0.00393	0.00231	0.00155	0.00443
20	0.01185	0.01498	0.00900	0.00815	0.00981	0.85664	0.00613	0.03137	0.00912	0.00803	0.00496	0.00576	0.00411	0.00328	0.00287	0.00082	0.00567	0.00206	0.00167	0.00372
21	0.00449	0.00324	0.00424	0.00399	0.00474	0.00299	0.00299	0.00599	0.00898	0.01272	0.86707	0.02369	0.02993	0.00648	0.00374	0.00100	0.00150	0.00574	0.00349	0.00299
22	0.00458	0.00305	0.00349	0.00354	0.00355	0.00303	0.00201	0.00459	0.00470	0.00627	0.01041	0.08054	0.01205	0.80826	0.01522	0.02290	0.00298	0.00488	0.00198	0.00196
23	0.00759	0.00729	0.01252	0.13755	0.73777	0.00748	0.02431	0.00952	0.00711	0.01005	0.00593	0.00795	0.00491	0.00287	0.00315	0.00096	0.00386	0.00284	0.00155	0.00481
24	0.00433	0.00324	0.00402	0.00383	0.00464	0.00293	0.00287	0.00568	0.00861	0.01184	0.69001	0.02514	0.20754	0.00681	0.00374	0.00101	0.00152	0.00594	0.00338	0.00293
25	0.00574	0.00314	0.00354	0.00339	0.00420	0.00303	0.00256	0.00721	0.00751	0.04241	0.29364	0.01571	0.01533	0.00463	0.00276	0.00083	0.00153	0.00388	0.57592	0.00305
26	0.00848	0.89043	0.01662	0.00543	0.00814	0.01255	0.00543	0.00950	0.00645	0.00746	0.00441	0.00509	0.00407	0.00271	0.00204	0.00068	0.00339	0.00170	0.00136	0.00407
27	0.00825	0.01274	0.46006	0.00933	0.01311	0.00822	0.16654	0.25989	0.00926	0.01300	0.00639	0.00731	0.00457	0.00318	0.00320	0.00100	0.00446	0.00275	0.00193	0.00482
28	0.00658	0.00564	0.00658	0.00470	0.00752	0.00423	0.00376	0.00799	0.00658	0.01034	0.00564	0.00658	0.00470	0.00235	0.00235	0.00047	0.00235	0.00188	0.00188	0.90792
29	0.00712	0.00701	0.00971	0.00829	0.00838	0.00972	0.00691	0.03762	0.00521	0.00807	0.00429	0.00696	0.00421	0.00549	0.01015	0.00137	0.85172	0.00278	0.00145	0.00354
30	0.00658	0.00564	0.00658	0.00470	0.00752	0.00423	0.00376	0.00799	0.00658	0.01034	0.00564	0.00658	0.00470	0.00235	0.00235	0.00047	0.00235	0.00188	0.00188	0.90792
31	0.00459	0.05310	0.00533	0.00508	0.02797	0.00369	0.03261	0.00559	0.01446	0.00899	0.12770	0.43744	0.13918	0.03202	0.00417	0.00123	0.00216	0.08899	0.00282	0.00289
32	0.00495	0.00363	0.00502	0.00603	0.10610	0.00339	0.00382	0.00595	0.00714	0.04834	0.19108	0.41979	0.13937	0.00782	0.00381	0.00115	0.00204	0.03453	0.00294	0.00310
33	0.00451	0.00329	0.00406	0.00393	0.00478	0.00296	0.00299	0.00577	0.00831	0.02926	0.54577	0.05713	0.25418	0.00710	0.00378	0.00105	0.00164	0.05324	0.00330	0.00294
34	0.00722	0.00748	0.03562	0.09799	0.45675	0.00731	0.21724	0.00925	0.00711	0.00987	0.00771	0.00997	0.05351	0.00336	0.00361	0.00102	0.03508	0.02380	0.00166	0.00445
35	0.00913	0.07850	0.20643	0.03997	0.17346	0.01741	0.09050	0.10615	0.03458	0.17359	0.01676	0.00824	0.00563	0.00332	0.00326	0.00097	0.02229	0.00283	0.00219	0.00479
36	0.00504	0.00361	0.00489	0.00550	0.00626	0.00355	0.00470	0.00647	0.01719	0.01971	0.01831	0.08334	0.10529	0.00864	0.00427	0.00140	0.00272	0.69324	0.00294	0.00293
37	0.00385	0.00292	0.00353	0.00399	0.00448	0.00262	0.00275	0.00449	0.00648	0.00829	0.03505	0.57298	0.30455	0.02320	0.00414	0.00124	0.00178	0.00812	0.00294	0.00261
38	0.03222	0.08358	0.12121	0.03703	0.15167	0.02509	0.13175	0.02797	0.05506	0.04626	0.00873	0.17208	0.00828	0.02555	0.00397	0.00110	0.05113	0.01122	0.00203	0.00406
39	0.01005	0.02367	0.02231	0.01354	0.02886	0.02310	0.02560	0.11762	0.00799	0.31874	0.00866	0.01626	0.01594	0.01267	0.07189	0.00141	0.25262	0.00308	0.02158	0.00441
40	0.02213	0.00375	0.02029	0.00344	0.00448	0.01144	0.00272	0.02519	0.01599	0.04090	0.00994	0.01120	0.00773	0.00362	0.00230	0.00075	0.00173	0.00288	0.76628	0.04325
41	0.00705	0.00559	0.02606	0.00625	0.03064	0.02412	0.06103	0.10439	0.12637	0.07230	0.27004	0.06179	0.04686	0.00662	0.05658	0.03285	0.02404	0.01779	0.01582	0.00381
42	0.00805	0.10920	0.16677	0.03819	0.19262	0.08014	0.04366	0.08296	0.02749	0.05371	0.01601	0.10490	0.00695	0.01378	0.00356	0.00101	0.04137	0.00335	0.00197	0.00432
43	0.43963	0.14459	0.01759	0.03006	0.02578	0.04258	0.04436	0.01036	0.01593	0.14326	0.03929	0.00746	0.00562	0.00327	0.00246	0.00094	0.00297	0.00934	0.01063	0.00392

[dist]
# distance from previous block
# <min> <max>
7	23

[block]
# block no. 5 follows, 90 sequences, length 23
# corresponding to MSA columns:
# 498-505,512-526
name=unknown_F
#
# <colnr> <probs for GDERKNQSTAVLIFYWHMCP>
#	G	D	E	R	K	N	Q	S	T	A	V	L	I	F	Y	W	H	M	C	P
0	0.04816	0.04893	0.25863	0.02915	0.08578	0.02020	0.04906	0.03873	0.02141	0.02356	0.00534	0.00705	0.00439	0.00401	0.00581	0.00113	0.34033	0.00262	0.00156	0.00415
1	0.00395	0.00283	0.00370	0.00435	0.00459	0.00265	0.00294	0.00451	0.00608	0.00805	0.01767	0.76213	0.05932	0.06420	0.00480	0.00140	0.00195	0.03945	0.00288	0.00255
2	0.00586	0.00340	0.00479	0.00459	0.00482	0.00368	0.00328	0.04990	0.00497	0.00691	0.00610	0.00978	0.00581	0.01130	0.10220	0.66657	0.05511	0.00284	0.04615	0.00194
3	0.05103	0.12986	0.10520	0.12971	0.17406	0.05025	0.01560	0.06525	0.04401	0.03953	0.01965	0.00791	0.00536	0.00473	0.05954	0.00124	0.08839	0.00266	0.00179	0.00422
4	0.00517	0.00435	0.00696	0.00842	0.18345	0.00420	0.07095	0.00632	0.00665	0.00896	0.01443	0.47940	0.03282	0.00768	0.00389	0.00122	0.00268	0.14662	0.00255	0.00327
5	0.91093	0.00613	0.00466	0.00417	0.00613	0.00712	0.00344	0.00932	0.00540	0.01423	0.00442	0.00515	0.00344	0.00294	0.00196	0.00098	0.00245	0.00172	0.00196	0.00344
6	0.00454	0.00338	0.00500	0.00500	0.00553	0.00391	0.00384	0.00560	0.00507	0.00729	0.00859	0.01296	0.00815	0.07563	0.82441	0.00498	0.00817	0.00347	0.00171	0.00278
7	0.01246	0.00824	0.00912	0.00699	0.00951	0.00888	0.00578	0.70218	0.01383	0.17750	0.00852	0.00820	0.00585	0.00383	0.00318	0.00096	0.00334	0.00292	0.00331	0.00539
