[name]
unknown

[dist]
# distance from previous block
# <min> <max>
179	928

[block]
# block no. 0 follows, 58 sequences, length 16
# corresponding to MSA columns:
# 2030-2037,2044-2049,2052,2053
name=unknown_A
#
# <colnr> <probs for GDERKNQSTAVLIFYWHMCP>
#	G	D	E	R	K	N	Q	S	T	A	V	L	I	F	Y	W	H	M	C	P
0	0.26269	0.00916	0.00887	0.04331	0.01080	0.07713	0.00620	0.09673	0.06226	0.11844	0.08291	0.01519	0.07348	0.00579	0.00438	0.00137	0.03617	0.00432	0.04306	0.03776
1	0.00902	0.01533	0.07452	0.00810	0.03916	0.00589	0.00666	0.02069	0.01025	0.12270	0.12675	0.11403	0.08388	0.03549	0.04496	0.04158	0.02065	0.17818	0.03741	0.00477
2	0.06287	0.00707	0.00907	0.00762	0.01035	0.00654	0.00629	0.02917	0.04829	0.50069	0.06288	0.02324	0.06850	0.00715	0.00477	0.00151	0.00365	0.12894	0.00497	0.00644
3	0.00935	0.00693	0.00917	0.00950	0.09019	0.00752	0.00658	0.07814	0.10363	0.07275	0.03217	0.06434	0.07792	0.08587	0.28225	0.00365	0.04595	0.00564	0.00333	0.00514
4	0.01110	0.00990	0.03221	0.03081	0.01122	0.08585	0.00697	0.13890	0.26056	0.03296	0.08097	0.06405	0.04545	0.08118	0.00687	0.00172	0.05848	0.00548	0.02954	0.00575
5	0.05494	0.01557	0.36520	0.01275	0.01753	0.01001	0.21446	0.04927	0.04675	0.07058	0.04094	0.01221	0.00848	0.00629	0.05365	0.00178	0.00643	0.00424	0.00267	0.00626
6	0.00622	0.00452	0.00529	0.00551	0.00663	0.00400	0.00405	0.00740	0.00999	0.04754	0.10975	0.27293	0.40904	0.03209	0.00586	0.00169	0.00258	0.05674	0.00425	0.00394
7	0.04742	0.02338	0.03458	0.18363	0.18325	0.00952	0.04889	0.09722	0.07136	0.01533	0.04403	0.13443	0.03459	0.00654	0.00497	0.00150	0.02939	0.02121	0.00307	0.00569
8	0.02554	0.08178	0.09817	0.03455	0.09667	0.15467	0.05949	0.07011	0.06527	0.12459	0.01137	0.01311	0.02843	0.05040	0.03945	0.02758	0.00578	0.00409	0.00302	0.00594
9	0.00602	0.00453	0.00560	0.00611	0.00698	0.00424	0.00456	0.00756	0.02907	0.01284	0.12646	0.33437	0.23319	0.04349	0.00625	0.00182	0.00282	0.15601	0.00420	0.00388
10	0.01721	0.00782	0.00984	0.00775	0.01078	0.00736	0.00633	0.13842	0.03052	0.53788	0.06266	0.01581	0.01246	0.00569	0.00438	0.00134	0.00367	0.00461	0.10850	0.00699
11	0.01362	0.02487	0.09782	0.10255	0.09309	0.02321	0.05955	0.11692	0.06086	0.25013	0.01214	0.01323	0.00879	0.02748	0.04166	0.02011	0.01962	0.00427	0.00357	0.00651
12	0.03496	0.00728	0.01005	0.09497	0.04878	0.00760	0.02902	0.02557	0.05650	0.24630	0.05931	0.07709	0.09673	0.03886	0.02299	0.00174	0.08658	0.02528	0.02479	0.00561
13	0.00881	0.00852	0.01355	0.08654	0.20741	0.04184	0.13580	0.01074	0.00929	0.01249	0.01455	0.25548	0.04415	0.04254	0.00671	0.00170	0.08490	0.00701	0.00284	0.00512
14	0.23418	0.08549	0.04825	0.05682	0.10492	0.08390	0.00850	0.19196	0.01183	0.02661	0.02055	0.00986	0.00691	0.00481	0.00449	0.00134	0.05996	0.00339	0.03028	0.00593
15	0.00792	0.00661	0.00916	0.01159	0.20897	0.00658	0.00695	0.01111	0.11582	0.01456	0.13858	0.20697	0.14413	0.00889	0.00503	0.00153	0.00334	0.04979	0.03735	0.00511

[dist]
# distance from previous block
# <min> <max>
0	3

[block]
# block no. 1 follows, 58 sequences, length 22
# corresponding to MSA columns:
# 2057-2071,2083-2089
name=unknown_B
#
# <colnr> <probs for GDERKNQSTAVLIFYWHMCP>
#	G	D	E	R	K	N	Q	S	T	A	V	L	I	F	Y	W	H	M	C	P
0	0.01232	0.03418	0.01242	0.01206	0.13852	0.03572	0.00833	0.17328	0.41820	0.01914	0.01372	0.01353	0.01042	0.00528	0.00436	0.00136	0.00424	0.00436	0.00388	0.07469
1	0.00835	0.00673	0.00792	0.00656	0.00914	0.00570	0.00498	0.01097	0.08299	0.02691	0.08421	0.17394	0.04259	0.04768	0.00510	0.00125	0.00311	0.00573	0.00341	0.46272
2	0.06432	0.00917	0.06317	0.05067	0.04792	0.07021	0.10080	0.01194	0.05528	0.04866	0.01229	0.11992	0.01148	0.04196	0.22202	0.02387	0.03314	0.00541	0.00281	0.00496
3	0.04108	0.02508	0.05347	0.07784	0.12122	0.04131	0.32634	0.03296	0.04862	0.08946	0.05026	0.01469	0.01769	0.00489	0.00480	0.00145	0.00588	0.03398	0.00292	0.00608
4	0.00613	0.00444	0.00559	0.00619	0.00677	0.00422	0.00433	0.03350	0.00939	0.01243	0.08524	0.53606	0.10131	0.09315	0.00728	0.00200	0.00289	0.07121	0.00408	0.00377
5	0.00608	0.00417	0.00516	0.00559	0.00584	0.00406	0.00357	0.00668	0.00792	0.01079	0.06982	0.38631	0.02345	0.36620	0.04581	0.00305	0.00367	0.00921	0.02930	0.00331
6	0.01293	0.09811	0.03733	0.07207	0.01513	0.01231	0.10204	0.35599	0.03813	0.03411	0.01085	0.07620	0.00907	0.00661	0.02791	0.00159	0.07515	0.00472	0.00342	0.00635
7	0.00938	0.04527	0.01301	0.16667	0.06713	0.00800	0.10091	0.01147	0.00914	0.01323	0.00802	0.01048	0.00660	0.00463	0.00495	0.07067	0.00456	0.00339	0.00236	0.44014
8	0.00707	0.00587	0.00712	0.00686	0.00754	0.04200	0.00509	0.00813	0.00774	0.01040	0.03371	0.02309	0.11888	0.23339	0.37419	0.00478	0.09187	0.00575	0.00272	0.00379
9	0.00776	0.00664	0.04880	0.12050	0.15478	0.00620	0.00742	0.00865	0.00823	0.01120	0.04297	0.23314	0.01491	0.06377	0.00952	0.23796	0.00417	0.00655	0.00274	0.00408
10	0.00999	0.03351	0.10364	0.12184	0.17550	0.03444	0.00987	0.01341	0.07842	0.01395	0.00870	0.01060	0.00702	0.00436	0.00482	0.00119	0.07130	0.00348	0.00247	0.29151
11	0.01098	0.11080	0.05199	0.01054	0.10880	0.04770	0.00784	0.14120	0.15316	0.01671	0.06942	0.04455	0.09402	0.00598	0.00430	0.00128	0.00420	0.00489	0.00345	0.10819
12	0.00593	0.00464	0.00596	0.00598	0.00702	0.00421	0.03143	0.00723	0.01000	0.01300	0.18910	0.26542	0.30494	0.06775	0.00664	0.00180	0.00277	0.05818	0.00414	0.00385
13	0.03683	0.00714	0.00823	0.00711	0.00928	0.00718	0.00568	0.19998	0.01286	0.19764	0.01831	0.09922	0.07760	0.02726	0.00489	0.00148	0.00347	0.07077	0.19941	0.00566
14	0.00935	0.04099	0.05510	0.07522	0.20136	0.00940	0.21098	0.01269	0.06117	0.01430	0.13188	0.01727	0.04661	0.04783	0.02854	0.00173	0.02177	0.00528	0.00285	0.00567
15	0.02148	0.00701	0.00955	0.02252	0.02935	0.00720	0.08183	0.11386	0.07776	0.05598	0.07068	0.16531	0.06370	0.13692	0.07623	0.00241	0.00463	0.00681	0.04183	0.00496
16	0.00702	0.00478	0.00589	0.00598	0.00712	0.00441	0.00447	0.00861	0.02736	0.07307	0.18190	0.23760	0.25652	0.04535	0.03442	0.00192	0.00305	0.08207	0.00429	0.00418
17	0.12257	0.00555	0.00639	0.00605	0.00753	0.00553	0.00467	0.02725	0.03309	0.05603	0.38377	0.08634	0.11812	0.00986	0.04108	0.00172	0.00306	0.04670	0.03017	0.00451
18	0.01196	0.01429	0.21872	0.03727	0.32326	0.05073	0.04456	0.14948	0.01209	0.05181	0.01031	0.01178	0.03412	0.00464	0.00444	0.00136	0.00565	0.00403	0.00273	0.00678
19	0.03391	0.15177	0.03637	0.06351	0.06332	0.21178	0.05468	0.16963	0.01268	0.04324	0.01161	0.01253	0.07140	0.00511	0.00411	0.00126	0.00556	0.00394	0.03771	0.00587
20	0.00752	0.00530	0.00648	0.00650	0.00762	0.00501	0.00469	0.07433	0.00985	0.04219	0.02228	0.44453	0.09211	0.11028	0.00738	0.00195	0.00319	0.06621	0.00393	0.07865
21	0.04317	0.03906	0.01193	0.02425	0.06049	0.02597	0.12869	0.01994	0.01045	0.04983	0.24013	0.11224	0.08825	0.00777	0.00626	0.00152	0.11493	0.00665	0.00351	0.00497

[dist]
# distance from previous block
# <min> <max>
15	47

[block]
# block no. 2 follows, 58 sequences, length 11
# corresponding to MSA columns:
# 2157-2167
name=unknown_C
#
# <colnr> <probs for GDERKNQSTAVLIFYWHMCP>
#	G	D	E	R	K	N	Q	S	T	A	V	L	I	F	Y	W	H	M	C	P
0	0.00770	0.00504	0.00607	0.00585	0.00627	0.00529	0.00384	0.00860	0.04409	0.05565	0.01446	0.08210	0.01544	0.54503	0.06291	0.03384	0.04998	0.00634	0.03803	0.00348
1	0.00683	0.00612	0.01064	0.00927	0.01079	0.00576	0.20675	0.00844	0.00910	0.01208	0.02187	0.45681	0.11216	0.03983	0.05942	0.00214	0.00449	0.00972	0.00351	0.00425
2	0.01092	0.01103	0.05000	0.19034	0.16120	0.11180	0.03565	0.10426	0.10090	0.01536	0.04825	0.05667	0.05212	0.00572	0.00454	0.00141	0.00517	0.00490	0.02392	0.00585
3	0.00785	0.00700	0.02461	0.11888	0.05957	0.00730	0.07315	0.04213	0.05654	0.01308	0.05121	0.22464	0.06134	0.01408	0.18762	0.00284	0.03319	0.00701	0.00316	0.00479
4	0.00889	0.05579	0.00843	0.00705	0.00906	0.00785	0.00548	0.01500	0.34892	0.05045	0.08061	0.10713	0.26048	0.00852	0.00484	0.00150	0.00304	0.00718	0.00431	0.00548
5	0.00776	0.00755	0.05684	0.01008	0.06966	0.00661	0.13216	0.01006	0.02599	0.03267	0.19603	0.15301	0.16795	0.03318	0.00612	0.00163	0.03752	0.03671	0.00366	0.00480
6	0.02971	0.00973	0.07205	0.07600	0.11423	0.00848	0.08866	0.02891	0.02547	0.11641	0.04088	0.01273	0.02423	0.00552	0.02889	0.00140	0.05319	0.00401	0.00296	0.25654
7	0.00818	0.02981	0.04490	0.00851	0.00968	0.00832	0.00711	0.05264	0.03644	0.01265	0.07860	0.01880	0.01330	0.05280	0.36449	0.00419	0.18662	0.05553	0.00279	0.00463
8	0.01081	0.00631	0.00773	0.00714	0.00893	0.00620	0.00543	0.01454	0.18123	0.23111	0.08861	0.23077	0.08074	0.05765	0.00608	0.00174	0.00323	0.04168	0.00459	0.00547
9	0.00586	0.00437	0.00540	0.00601	0.00662	0.00414	0.00412	0.00739	0.05179	0.01226	0.08857	0.56763	0.14599	0.05973	0.00652	0.00187	0.00266	0.01110	0.00415	0.00383
10	0.03602	0.00789	0.00966	0.00729	0.01083	0.00647	0.04200	0.01186	0.05752	0.01497	0.04042	0.01376	0.03532	0.00444	0.00374	0.00090	0.00349	0.04095	0.00295	0.64954

[dist]
# distance from previous block
# <min> <max>
2	20

[block]
# block no. 3 follows, 58 sequences, length 9
# corresponding to MSA columns:
# 2188-2191,2197-2201
name=unknown_D
#
# <colnr> <probs for GDERKNQSTAVLIFYWHMCP>
#	G	D	E	R	K	N	Q	S	T	A	V	L	I	F	Y	W	H	M	C	P
0	0.00596	0.00477	0.00575	0.00660	0.06070	0.00432	0.00423	0.00702	0.00946	0.01202	0.08692	0.22075	0.40991	0.13191	0.00786	0.00197	0.00284	0.00930	0.00387	0.00384
1	0.03274	0.03904	0.13973	0.14995	0.07990	0.02890	0.04483	0.09502	0.09235	0.07494	0.02700	0.04196	0.00908	0.00549	0.00548	0.00147	0.09316	0.00437	0.02854	0.00606
2	0.00992	0.08622	0.21943	0.19139	0.08371	0.01065	0.04120	0.01534	0.19139	0.03364	0.01119	0.03680	0.00893	0.03521	0.00502	0.00153	0.00527	0.00432	0.00275	0.00610
3	0.00554	0.00446	0.00497	0.00519	0.00640	0.00389	0.00387	0.00677	0.01015	0.01262	0.11458	0.18381	0.54708	0.01166	0.00542	0.00159	0.00243	0.06152	0.00423	0.00382
4	0.18006	0.06384	0.01047	0.00806	0.03758	0.00851	0.00641	0.08958	0.01195	0.43188	0.01554	0.01455	0.06331	0.00547	0.00406	0.00135	0.00380	0.00423	0.03279	0.00657
5	0.10132	0.01105	0.07133	0.05040	0.21826	0.09259	0.05556	0.07126	0.01112	0.09789	0.04196	0.06902	0.03504	0.00571	0.00443	0.00140	0.00497	0.02716	0.02359	0.00597
6	0.01207	0.00852	0.04571	0.00904	0.01190	0.03147	0.12815	0.03790	0.06951	0.26875	0.02343	0.09266	0.22628	0.00749	0.00491	0.00148	0.00413	0.00658	0.00419	0.00585
7	0.00856	0.00648	0.00917	0.11175	0.08478	0.00692	0.00749	0.06304	0.03013	0.04457	0.04742	0.18368	0.04023	0.01160	0.08480	0.00221	0.02865	0.19379	0.02986	0.00485
8	0.10515	0.05463	0.07518	0.05033	0.10050	0.15891	0.06074	0.12705	0.01178	0.08053	0.00969	0.01138	0.00751	0.03280	0.00464	0.00139	0.00532	0.00372	0.09285	0.00589

[dist]
# distance from previous block
# <min> <max>
46	74

[block]
# block no. 4 follows, 58 sequences, length 6
# corresponding to MSA columns:
# 2316-2320,2331
name=unknown_E
#
# <colnr> <probs for GDERKNQSTAVLIFYWHMCP>
#	G	D	E	R	K	N	Q	S	T	A	V	L	I	F	Y	W	H	M	C	P
0	0.13260	0.08991	0.01231	0.04120	0.04793	0.00950	0.10312	0.09112	0.05213	0.01572	0.08756	0.04816	0.09432	0.00944	0.09517	0.00207	0.03280	0.02650	0.00319	0.00525
1	0.14372	0.09391	0.06153	0.07056	0.10906	0.00926	0.00782	0.09909	0.01025	0.01542	0.04300	0.14515	0.03663	0.00909	0.08443	0.00195	0.00496	0.00528	0.00300	0.04587
2	0.00726	0.00756	0.08585	0.00683	0.00889	0.00632	0.00580	0.01178	0.21258	0.01452	0.11478	0.13372	0.34803	0.00941	0.00505	0.00153	0.00304	0.00800	0.00412	0.00492
3	0.00970	0.00624	0.00790	0.00721	0.00851	0.00659	0.00546	0.01233	0.10934	0.16236	0.14248	0.15321	0.06829	0.12863	0.05388	0.00229	0.09966	0.00698	0.00402	0.00494
4	0.06107	0.00805	0.00823	0.00738	0.00925	0.10595	0.00567	0.03785	0.06280	0.21493	0.04603	0.07877	0.03272	0.04062	0.07879	0.07775	0.00471	0.02378	0.09046	0.00518
5	0.00901	0.06162	0.47349	0.05587	0.01588	0.00941	0.01227	0.01230	0.00868	0.03820	0.00877	0.01172	0.00708	0.04376	0.09029	0.08701	0.04328	0.00370	0.00211	0.00554

[dist]
# distance from previous block
# <min> <max>
13	23

[block]
# block no. 5 follows, 58 sequences, length 6
# corresponding to MSA columns:
# 2360-2365
name=unknown_F
#
# <colnr> <probs for GDERKNQSTAVLIFYWHMCP>
#	G	D	E	R	K	N	Q	S	T	A	V	L	I	F	Y	W	H	M	C	P
0	0.01251	0.03405	0.08149	0.09516	0.12693	0.13607	0.04648	0.09976	0.01134	0.10623	0.01027	0.03232	0.00822	0.02626	0.02475	0.00158	0.06958	0.00414	0.06695	0.00592
1	0.21905	0.00840	0.00983	0.00773	0.01104	0.00818	0.00638	0.10540	0.01250	0.54493	0.01422	0.01288	0.00924	0.00520	0.00409	0.00138	0.00385	0.00396	0.00477	0.00697
2	0.00573	0.00403	0.00502	0.00576	0.00617	0.00377	0.00383	0.00652	0.00854	0.01145	0.02509	0.60479	0.11417	0.11499	0.00761	0.00205	0.00274	0.01110	0.05307	0.00357
3	0.01059	0.05851	0.07823	0.31640	0.10745	0.02895	0.05554	0.09238	0.03945	0.04893	0.01089	0.04254	0.03731	0.00529	0.00500	0.00145	0.04814	0.00446	0.00268	0.00580
4	0.00755	0.00588	0.00725	0.03662	0.05695	0.00609	0.00527	0.05254	0.08912	0.01297	0.02210	0.11585	0.20575	0.17663	0.13569	0.00294	0.00480	0.00700	0.04462	0.00439
5	0.00636	0.00434	0.00558	0.00608	0.00680	0.00400	0.00432	0.00748	0.00960	0.04730	0.14734	0.49409	0.12520	0.04880	0.00632	0.00182	0.00271	0.06367	0.00427	0.00391

[dist]
# distance from previous block
# <min> <max>
8	39

[block]
# block no. 6 follows, 58 sequences, length 11
# corresponding to MSA columns:
# 2408,2409,2412-2420
name=unknown_G
#
# <colnr> <probs for GDERKNQSTAVLIFYWHMCP>
#	G	D	E	R	K	N	Q	S	T	A	V	L	I	F	Y	W	H	M	C	P
0	0.63305	0.00869	0.03443	0.03882	0.01011	0.00911	0.00567	0.01337	0.00834	0.09038	0.00860	0.05904	0.00708	0.00485	0.00325	0.00138	0.00363	0.00334	0.00303	0.05383
1	0.00549	0.00437	0.00487	0.00509	0.00618	0.00381	0.00365	0.00660	0.00990	0.01242	0.12270	0.24275	0.49798	0.04605	0.00611	0.00169	0.00242	0.01000	0.00418	0.00374
2	0.00607	0.00446	0.00559	0.00612	0.00678	0.00425	0.00436	0.00757	0.03842	0.01263	0.14020	0.42693	0.12068	0.10164	0.00744	0.00201	0.00287	0.09406	0.00412	0.00381
3	0.01390	0.00937	0.01398	0.01087	0.01405	0.00936	0.19511	0.11764	0.18267	0.25859	0.03380	0.01682	0.01177	0.05386	0.00583	0.00163	0.00478	0.03516	0.00418	0.00662
4	0.00807	0.00801	0.06559	0.10527	0.06094	0.03176	0.04145	0.01032	0.05407	0.01227	0.09807	0.09747	0.04604	0.14230	0.08779	0.04786	0.06932	0.00596	0.00291	0.00452
5	0.00627	0.00437	0.00515	0.00534	0.00564	0.00430	0.00339	0.00670	0.00743	0.00977	0.01931	0.13759	0.10539	0.54972	0.06397	0.00373	0.00431	0.05139	0.00312	0.00310
6	0.01496	0.09011	0.13562	0.01014	0.01372	0.19103	0.00916	0.30518	0.01477	0.10581	0.03321	0.01136	0.00839	0.03101	0.00479	0.00138	0.00564	0.00376	0.00345	0.00650
7	0.07053	0.10575	0.14333	0.04394	0.01388	0.05291	0.05040	0.11686	0.05688	0.05978	0.01090	0.01534	0.00933	0.03734	0.00616	0.00158	0.09788	0.08629	0.01513	0.00580
8	0.01059	0.09875	0.05542	0.06780	0.03379	0.08380	0.10383	0.05821	0.11434	0.04990	0.17978	0.04953	0.03613	0.00676	0.02139	0.00150	0.01409	0.00535	0.00343	0.00561
9	0.00595	0.00458	0.00550	0.00594	0.00684	0.00429	0.00428	0.00779	0.05825	0.01297	0.12703	0.41191	0.26214	0.01205	0.00549	0.00167	0.00258	0.05250	0.00427	0.00398
10	0.01098	0.01195	0.03599	0.05908	0.05919	0.20607	0.08556	0.05389	0.03572	0.01345	0.08616	0.10883	0.03292	0.00688	0.00672	0.00152	0.17159	0.00538	0.00289	0.00523

[dist]
# distance from previous block
# <min> <max>
6	15

[block]
# block no. 7 follows, 58 sequences, length 12
# corresponding to MSA columns:
# 2437-2448
name=unknown_H
#
# <colnr> <probs for GDERKNQSTAVLIFYWHMCP>
#	G	D	E	R	K	N	Q	S	T	A	V	L	I	F	Y	W	H	M	C	P
0	0.01015	0.00959	0.01621	0.13573	0.62639	0.00983	0.01259	0.01266	0.00985	0.01386	0.00998	0.09415	0.00918	0.00506	0.00456	0.00140	0.00513	0.00486	0.00238	0.00645
1	0.00909	0.00822	0.04148	0.12672	0.29881	0.00792	0.00937	0.01195	0.06338	0.05214	0.05229	0.17542	0.10997	0.00731	0.00483	0.00149	0.00423	0.00656	0.00321	0.00562
2	0.00935	0.00958	0.04883	0.29106	0.10409	0.08128	0.07676	0.02807	0.00978	0.01269	0.01192	0.09748	0.01135	0.04644	0.00586	0.00167	0.02454	0.09206	0.03212	0.00507
3	0.01286	0.02445	0.00903	0.00744	0.00977	0.08028	0.00590	0.09465	0.07237	0.25037	0.18925	0.02097	0.09729	0.00773	0.03256	0.00155	0.00393	0.00556	0.06820	0.00583
4	0.00562	0.00420	0.00517	0.00579	0.00646	0.00383	0.00406	0.00662	0.00926	0.01200	0.08336	0.49231	0.23160	0.05616	0.00649	0.00185	0.00265	0.05474	0.00413	0.00369
5	0.01097	0.01102	0.01115	0.15293	0.08860	0.21899	0.00847	0.04200	0.08607	0.03114	0.04402	0.09052	0.04847	0.00906	0.08310	0.00198	0.03498	0.01828	0.00299	0.00526
6	0.20151	0.00978	0.01062	0.00836	0.01163	0.01030	0.00689	0.34687	0.01503	0.28596	0.01218	0.01168	0.00829	0.00516	0.00407	0.00135	0.00414	0.00384	0.03543	0.00689
7	0.00563	0.00437	0.00511	0.00555	0.00652	0.00391	0.00406	0.00674	0.00964	0.01214	0.06954	0.31538	0.40309	0.03968	0.00610	0.00176	0.00263	0.09027	0.00414	0.00375
8	0.25557	0.01246	0.20658	0.02029	0.01251	0.04455	0.00880	0.13403	0.01107	0.03203	0.02374	0.01712	0.06323	0.00610	0.00433	0.00148	0.01722	0.10442	0.01890	0.00558
9	0.01126	0.09708	0.25415	0.01021	0.04418	0.03790	0.04237	0.08434	0.01036	0.12129	0.01088	0.01488	0.00921	0.18754	0.04356	0.00223	0.00568	0.00429	0.00286	0.00573
10	0.00596	0.00432	0.00566	0.00654	0.00713	0.00409	0.00484	0.00709	0.00912	0.01191	0.02615	0.50609	0.11152	0.04787	0.00650	0.00196	0.00305	0.22237	0.00408	0.00374
11	0.00592	0.00462	0.00534	0.00560	0.00677	0.00416	0.00433	0.00726	0.01014	0.01275	0.12245	0.09325	0.45101	0.06810	0.00670	0.00183	0.00282	0.17903	0.00413	0.00382

[dist]
# distance from previous block
# <min> <max>
8	9

[block]
# block no. 8 follows, 58 sequences, length 17
# corresponding to MSA columns:
# 2463-2467,2469-2480
name=unknown_I
#
# <colnr> <probs for GDERKNQSTAVLIFYWHMCP>
#	G	D	E	R	K	N	Q	S	T	A	V	L	I	F	Y	W	H	M	C	P
0	0.03770	0.00991	0.01127	0.00954	0.05243	0.01021	0.00730	0.40350	0.04867	0.10164	0.03668	0.05486	0.05879	0.00591	0.00439	0.00129	0.00414	0.00474	0.00413	0.13289
1	0.05596	0.00616	0.00794	0.00668	0.00886	0.00564	0.00525	0.01490	0.01166	0.39519	0.26056	0.04786	0.02124	0.05703	0.02792	0.00172	0.00339	0.00587	0.05043	0.00574
2	0.00725	0.00616	0.00924	0.37158	0.01765	0.00703	0.00804	0.00998	0.07158	0.01221	0.04228	0.38299	0.01830	0.00901	0.00506	0.00164	0.00414	0.00810	0.00325	0.00451
3	0.05102	0.00677	0.00802	0.00647	0.00911	0.00580	0.00503	0.02982	0.01023	0.13521	0.12844	0.04202	0.05554	0.10027	0.00623	0.00146	0.00333	0.03075	0.00363	0.36085
4	0.01075	0.01154	0.02336	0.02202	0.31466	0.01106	0.50978	0.01411	0.01042	0.01443	0.00882	0.01170	0.00690	0.00385	0.00497	0.00144	0.00672	0.00480	0.00224	0.00642
5	0.00569	0.00455	0.00514	0.00537	0.00662	0.00400	0.00412	0.00702	0.01029	0.01282	0.12124	0.13449	0.52841	0.01155	0.00546	0.00161	0.00255	0.12096	0.00423	0.00386
6	0.02664	0.00693	0.00851	0.09730	0.01152	0.00747	0.00679	0.18245	0.02897	0.01658	0.01876	0.17442	0.06412	0.00899	0.00516	0.00162	0.01731	0.20525	0.10626	0.00496
7	0.01482	0.00795	0.00960	0.00795	0.01077	0.00790	0.00638	0.07377	0.22782	0.40088	0.02063	0.01905	0.11579	0.00784	0.04617	0.00173	0.00403	0.00527	0.00486	0.00679
8	0.00993	0.00730	0.00732	0.00675	0.00845	0.04765	0.00520	0.07734	0.24056	0.01776	0.09115	0.04793	0.01539	0.00629	0.00405	0.00129	0.00309	0.02193	0.37529	0.00532
9	0.00545	0.00389	0.00519	0.00623	0.00649	0.00363	0.00415	0.00623	0.00856	0.01142	0.02465	0.83987	0.02959	0.01401	0.00571	0.00182	0.00260	0.01272	0.00415	0.00363
10	0.00973	0.01023	0.01832	0.34834	0.05320	0.05213	0.33742	0.01307	0.03252	0.01293	0.00971	0.06392	0.00804	0.00482	0.00486	0.00150	0.00642	0.00504	0.00234	0.00547
11	0.01340	0.01031	0.03699	0.00913	0.01211	0.01086	0.00750	0.26370	0.38263	0.10698	0.05833	0.01620	0.03928	0.00607	0.00457	0.00144	0.00398	0.00493	0.00455	0.00703
12	0.23180	0.00845	0.00972	0.00783	0.01085	0.00865	0.00643	0.08116	0.06403	0.44751	0.01362	0.01272	0.00915	0.00532	0.00457	0.00141	0.04654	0.00394	0.01961	0.00669
13	0.00590	0.00439	0.00578	0.00632	0.00693	0.00411	0.02028	0.02179	0.00919	0.01213	0.06586	0.61053	0.12090	0.05413	0.00646	0.00188	0.00281	0.03277	0.00409	0.00377
14	0.08359	0.04615	0.24900	0.12865	0.01751	0.01036	0.07133	0.11458	0.01129	0.15979	0.00988	0.01094	0.00698	0.00466	0.00452	0.00139	0.02848	0.00375	0.00301	0.03414
15	0.00832	0.03068	0.03540	0.00721	0.00882	0.07132	0.02889	0.05114	0.02276	0.01291	0.03601	0.12374	0.17174	0.12794	0.08388	0.00237	0.03222	0.02869	0.06707	0.04890
16	0.01069	0.14272	0.13574	0.03294	0.26965	0.01057	0.01042	0.01412	0.07222	0.03991	0.00902	0.01049	0.00723	0.00416	0.00408	0.00117	0.01838	0.00345	0.01496	0.18806

[dist]
# distance from previous block
# <min> <max>
7	11

[block]
# block no. 9 follows, 58 sequences, length 6
# corresponding to MSA columns:
# 2492-2497
name=unknown_J
#
# <colnr> <probs for GDERKNQSTAVLIFYWHMCP>
#	G	D	E	R	K	N	Q	S	T	A	V	L	I	F	Y	W	H	M	C	P
0	0.01201	0.04329	0.06318	0.22275	0.19361	0.03635	0.06086	0.15549	0.05096	0.06900	0.00993	0.01172	0.00745	0.00463	0.00438	0.00137	0.00538	0.00403	0.03724	0.00635
1	0.01334	0.00779	0.00986	0.00987	0.11746	0.00784	0.00679	0.11750	0.11217	0.24404	0.07161	0.01595	0.01274	0.00555	0.00419	0.00130	0.00355	0.00461	0.22748	0.00634
2	0.00746	0.00389	0.00574	0.00588	0.00592	0.00385	0.00392	0.00588	0.00619	0.00826	0.01003	0.12429	0.01069	0.01534	0.01591	0.75357	0.00371	0.00507	0.00224	0.00217
3	0.04933	0.14073	0.02735	0.05270	0.06388	0.06547	0.00691	0.10346	0.01069	0.04035	0.03770	0.07402	0.11847	0.09346	0.02881	0.00181	0.03489	0.00532	0.03955	0.00510
4	0.00940	0.04024	0.03394	0.00669	0.00852	0.03798	0.00540	0.05404	0.05746	0.09872	0.20158	0.11816	0.15758	0.00822	0.00492	0.00141	0.02285	0.00687	0.12108	0.00496
5	0.00605	0.00426	0.00529	0.00587	0.00623	0.00409	0.00397	0.00673	0.00816	0.01072	0.02218	0.38565	0.08106	0.31525	0.01195	0.00274	0.00340	0.10939	0.00362	0.00337

[dist]
# distance from previous block
# <min> <max>
0	3

[block]
# block no. 10 follows, 58 sequences, length 12
# corresponding to MSA columns:
# 2501-2512
name=unknown_K
#
# <colnr> <probs for GDERKNQSTAVLIFYWHMCP>
#	G	D	E	R	K	N	Q	S	T	A	V	L	I	F	Y	W	H	M	C	P
0	0.00618	0.00459	0.00577	0.00637	0.00700	0.00449	0.00445	0.00825	0.08303	0.01289	0.12176	0.57108	0.06327	0.04396	0.00619	0.00183	0.00273	0.03791	0.00423	0.00401
1	0.06271	0.29574	0.10658	0.04933	0.09486	0.09351	0.04236	0.04283	0.04111	0.01339	0.00763	0.00914	0.00631	0.00439	0.00438	0.00122	0.05898	0.00318	0.00229	0.06006
2	0.03976	0.17298	0.20927	0.01003	0.04525	0.01065	0.02996	0.04684	0.04305	0.04022	0.06041	0.04087	0.01061	0.04403	0.00573	0.00146	0.06880	0.02652	0.00274	0.09082
3	0.02381	0.14282	0.25125	0.02403	0.04778	0.07171	0.03770	0.10055	0.01144	0.09157	0.04375	0.01327	0.03314	0.00507	0.00418	0.00130	0.00531	0.03095	0.00291	0.05746
4	0.03508	0.24500	0.28735	0.01074	0.01483	0.01242	0.07970	0.04764	0.00957	0.03652	0.00816	0.00995	0.00653	0.00634	0.05393	0.00168	0.09711	0.00345	0.02809	0.00592
5	0.00620	0.00458	0.00582	0.00625	0.00697	0.00443	0.00442	0.03057	0.03714	0.01345	0.18163	0.51439	0.09265	0.01346	0.05410	0.00201	0.00313	0.01055	0.00422	0.00402
6	0.26823	0.02873	0.10923	0.00804	0.01121	0.00957	0.00735	0.17302	0.04985	0.04219	0.03875	0.01579	0.06653	0.00693	0.03810	0.00163	0.00445	0.05669	0.00339	0.06030
7	0.01226	0.00969	0.01053	0.00846	0.01148	0.06351	0.02364	0.19927	0.13060	0.07816	0.04261	0.07511	0.01130	0.00584	0.00460	0.02533	0.00409	0.00455	0.00373	0.27525
8	0.00578	0.00428	0.00531	0.00584	0.00655	0.00394	0.00416	0.00687	0.00948	0.01239	0.13168	0.41235	0.20968	0.07841	0.00695	0.00192	0.00274	0.08381	0.00414	0.00372
9	0.00646	0.00442	0.00544	0.00571	0.00662	0.00397	0.00404	0.00758	0.00985	0.06039	0.15894	0.40737	0.24364	0.04651	0.00616	0.00175	0.00257	0.01032	0.00430	0.00397
10	0.18223	0.33562	0.10120	0.00860	0.01233	0.04226	0.00821	0.21140	0.01205	0.01742	0.02687	0.00899	0.00690	0.00448	0.00350	0.00120	0.00480	0.00306	0.00281	0.00607
11	0.03234	0.06303	0.04114	0.01126	0.01399	0.03082	0.20703	0.09280	0.13081	0.04347	0.02666	0.06418	0.06733	0.04097	0.00674	0.00163	0.11148	0.00537	0.00319	0.00574

[dist]
# distance from previous block
# <min> <max>
0	1

[block]
# block no. 11 follows, 58 sequences, length 6
# corresponding to MSA columns:
# 2514,2515,2526-2529
name=unknown_L
#
# <colnr> <probs for GDERKNQSTAVLIFYWHMCP>
#	G	D	E	R	K	N	Q	S	T	A	V	L	I	F	Y	W	H	M	C	P
0	0.00789	0.00520	0.00609	0.00579	0.00695	0.00494	0.00411	0.03374	0.05030	0.09019	0.16280	0.14462	0.21529	0.23056	0.00984	0.00227	0.00313	0.00802	0.00407	0.00421
1	0.01254	0.00684	0.00849	0.00706	0.00928	0.00650	0.00556	0.12993	0.01269	0.26361	0.23137	0.02132	0.01946	0.06770	0.00659	0.04547	0.00344	0.03122	0.05196	0.05896
2	0.01030	0.00640	0.00759	0.00665	0.00847	0.00622	0.00502	0.09715	0.06257	0.16565	0.10756	0.07845	0.15912	0.15968	0.06013	0.00231	0.00396	0.00660	0.00412	0.04206
3	0.00589	0.00458	0.00541	0.00568	0.00673	0.00420	0.00418	0.00762	0.04197	0.01337	0.18622	0.28801	0.33885	0.01159	0.00544	0.00162	0.00250	0.05786	0.00432	0.00397
4	0.03847	0.00548	0.03130	0.00631	0.00745	0.00492	0.00471	0.00873	0.07790	0.01343	0.13069	0.43858	0.13923	0.03847	0.00582	0.00171	0.00280	0.00979	0.00408	0.03014
5	0.05374	0.01031	0.03968	0.08025	0.07628	0.00981	0.29932	0.03415	0.03140	0.01481	0.03930	0.01176	0.00807	0.00440	0.00523	0.00132	0.06967	0.00424	0.00254	0.20373

[dist]
# distance from previous block
# <min> <max>
7	12

[block]
# block no. 12 follows, 58 sequences, length 12
# corresponding to MSA columns:
# 2542-2545,2552-2557,2559,2560
name=unknown_M
#
# <colnr> <probs for GDERKNQSTAVLIFYWHMCP>
#	G	D	E	R	K	N	Q	S	T	A	V	L	I	F	Y	W	H	M	C	P
0	0.00891	0.04123	0.20055	0.06695	0.15922	0.00857	0.06713	0.01182	0.02219	0.04166	0.08446	0.06675	0.12352	0.02970	0.02509	0.00166	0.02651	0.00561	0.00290	0.00557
1	0.01279	0.00708	0.03158	0.00705	0.00953	0.00636	0.00578	0.01633	0.13451	0.34333	0.17423	0.02248	0.11997	0.00699	0.00463	0.00140	0.00317	0.00585	0.08088	0.00605
2	0.04151	0.00846	0.02951	0.06344	0.04281	0.04038	0.09790	0.07307	0.02521	0.12173	0.06270	0.03942	0.09431	0.05550	0.10237	0.00227	0.04571	0.00538	0.04299	0.00533
3	0.03542	0.07833	0.22427	0.04245	0.05729	0.05157	0.07680	0.12103	0.03151	0.12109	0.02448	0.01354	0.06142	0.00615	0.03383	0.00157	0.00561	0.00425	0.00310	0.00630
4	0.00687	0.00546	0.00608	0.00600	0.00745	0.00523	0.00457	0.06110	0.08189	0.01431	0.11096	0.17031	0.42115	0.01077	0.00531	0.00158	0.00274	0.06956	0.00428	0.00437
5	0.00599	0.00435	0.00534	0.00580	0.00640	0.00408	0.00407	0.00694	0.00901	0.01179	0.10459	0.31902	0.17051	0.20972	0.00970	0.00235	0.00310	0.10981	0.00388	0.00356
6	0.11454	0.20522	0.07723	0.07559	0.05421	0.05451	0.07258	0.01314	0.02949	0.04511	0.00907	0.06509	0.00805	0.00662	0.04107	0.00165	0.11480	0.00407	0.00247	0.00548
7	0.00930	0.00823	0.03559	0.01005	0.05597	0.04735	0.08928	0.03376	0.04240	0.06468	0.04438	0.01861	0.07014	0.10896	0.26044	0.00357	0.08424	0.00521	0.00292	0.00492
8	0.00586	0.00452	0.00565	0.00620	0.00682	0.00443	0.00445	0.00685	0.00898	0.01179	0.02837	0.51844	0.22845	0.01258	0.00614	0.00174	0.05787	0.04784	0.02923	0.00379
9	0.00617	0.00477	0.00553	0.00560	0.00670	0.00445	0.00407	0.04497	0.01022	0.01317	0.13573	0.24084	0.37382	0.05477	0.06643	0.00213	0.00327	0.00935	0.00407	0.00395
10	0.00950	0.04103	0.08884	0.07533	0.15324	0.02744	0.03120	0.06637	0.08259	0.03811	0.13635	0.15017	0.06670	0.00723	0.00478	0.00146	0.00425	0.00635	0.00346	0.00561
11	0.01102	0.13117	0.30934	0.06891	0.15606	0.05261	0.06528	0.05181	0.06423	0.03523	0.00892	0.01038	0.00679	0.00436	0.00420	0.00134	0.00587	0.00364	0.00240	0.00646

[dist]
# distance from previous block
# <min> <max>
0	1

[block]
# block no. 13 follows, 58 sequences, length 8
# corresponding to MSA columns:
# 2562-2568,2571
name=unknown_N
#
# <colnr> <probs for GDERKNQSTAVLIFYWHMCP>
#	G	D	E	R	K	N	Q	S	T	A	V	L	I	F	Y	W	H	M	C	P
0	0.07325	0.04550	0.06013	0.17617	0.09921	0.09674	0.09883	0.08402	0.01076	0.05263	0.02521	0.01335	0.03722	0.05877	0.00583	0.00157	0.03137	0.00423	0.00271	0.02252
1	0.04357	0.29184	0.10526	0.04168	0.07369	0.04512	0.03510	0.08940	0.04339	0.06892	0.01970	0.03156	0.00786	0.00481	0.00433	0.00125	0.04377	0.00362	0.00272	0.04243
2	0.00839	0.04571	0.03388	0.03415	0.05976	0.00659	0.03943	0.03517	0.05478	0.06248	0.07276	0.32853	0.07150	0.01066	0.04752	0.00185	0.00395	0.02861	0.04944	0.00485
3	0.00609	0.00456	0.00581	0.00621	0.00701	0.00441	0.00450	0.00796	0.05046	0.01338	0.20623	0.40430	0.12745	0.01371	0.07429	0.00213	0.00336	0.04991	0.00420	0.00402
4	0.10674	0.00972	0.04234	0.11971	0.14042	0.05973	0.09297	0.04701	0.02992	0.04538	0.06954	0.08327	0.03492	0.02714	0.00547	0.00156	0.04047	0.03523	0.00301	0.00545
5	0.03941	0.18541	0.06399	0.05981	0.14934	0.13925	0.05784	0.04818	0.01083	0.09130	0.05540	0.01184	0.00903	0.02843	0.00493	0.00137	0.03112	0.00383	0.00274	0.00594
6	0.03040	0.00816	0.03437	0.07574	0.03235	0.06925	0.00690	0.06816	0.04278	0.06321	0.05081	0.13578	0.03899	0.09594	0.16174	0.00288	0.05294	0.02151	0.00324	0.00484
7	0.00876	0.00665	0.00908	0.06834	0.15596	0.00668	0.00671	0.05932	0.04739	0.06491	0.05394	0.20433	0.14989	0.12881	0.00755	0.00193	0.00377	0.00745	0.00360	0.00493

[dist]
# distance from previous block
# <min> <max>
0	6

[block]
# block no. 14 follows, 58 sequences, length 7
# corresponding to MSA columns:
# 2579-2585
name=unknown_O
#
# <colnr> <probs for GDERKNQSTAVLIFYWHMCP>
#	G	D	E	R	K	N	Q	S	T	A	V	L	I	F	Y	W	H	M	C	P
0	0.00979	0.00744	0.00885	0.00753	0.00979	0.00743	0.00587	0.07708	0.16919	0.04957	0.06471	0.04562	0.01314	0.05581	0.09794	0.05647	0.03083	0.03071	0.00346	0.24878
1	0.00989	0.04252	0.00826	0.00682	0.00832	0.00736	0.00501	0.18172	0.05516	0.06544	0.06671	0.13951	0.06731	0.30319	0.01116	0.00248	0.00389	0.00675	0.00377	0.00475
2	0.01013	0.00576	0.00712	0.00669	0.00819	0.00543	0.00493	0.08911	0.01087	0.20403	0.02369	0.37888	0.13458	0.08064	0.00668	0.00184	0.00321	0.00891	0.00439	0.00492
3	0.03995	0.06491	0.06140	0.02688	0.01072	0.05265	0.00653	0.11513	0.01083	0.07545	0.01419	0.25882	0.01429	0.05853	0.00554	0.00151	0.00405	0.00627	0.00343	0.16893
4	0.08553	0.12833	0.05695	0.03473	0.01178	0.05222	0.03939	0.09004	0.06073	0.05382	0.11632	0.08969	0.03123	0.00774	0.04206	0.00167	0.06966	0.00513	0.00330	0.01970
5	0.08193	0.00913	0.00899	0.02945	0.01037	0.11276	0.00647	0.12665	0.06182	0.04011	0.01944	0.18522	0.15359	0.00855	0.00578	0.00156	0.08783	0.04166	0.00364	0.00506
6	0.01138	0.07264	0.04945	0.02879	0.16436	0.12378	0.02218	0.09245	0.03839	0.01497	0.01000	0.06321	0.00889	0.00501	0.00410	0.00116	0.00489	0.03016	0.00280	0.25139

[dist]
# distance from previous block
# <min> <max>
14	30

[block]
# block no. 15 follows, 58 sequences, length 35
# corresponding to MSA columns:
# 2620-2626,2628-2642,2644-2656
name=unknown_P
#
# <colnr> <probs for GDERKNQSTAVLIFYWHMCP>
#	G	D	E	R	K	N	Q	S	T	A	V	L	I	F	Y	W	H	M	C	P
0	0.02601	0.25688	0.05070	0.00986	0.03277	0.08286	0.05773	0.18461	0.06506	0.04637	0.01011	0.01089	0.02686	0.00563	0.03244	0.00138	0.00527	0.00358	0.00300	0.08798
1	0.00855	0.00691	0.00754	0.04600	0.02694	0.05849	0.00538	0.04855	0.11266	0.03304	0.12942	0.15145	0.12298	0.14856	0.00825	0.02517	0.00366	0.01669	0.02354	0.01622
2	0.02359	0.05033	0.03027	0.12687	0.03444	0.03881	0.14617	0.07476	0.16640	0.06748	0.05708	0.04126	0.06556	0.00663	0.02989	0.00160	0.00509	0.00515	0.00338	0.02523
3	0.01261	0.16617	0.11716	0.05138	0.06490	0.12859	0.05201	0.12637	0.12318	0.05212	0.01125	0.01276	0.02776	0.00509	0.00421	0.00132	0.00544	0.02837	0.00303	0.00627
4	0.00948	0.00798	0.05484	0.12559	0.05394	0.00755	0.10112	0.03378	0.05218	0.08755	0.05227	0.12340	0.05643	0.04144	0.02587	0.12297	0.02962	0.00593	0.00313	0.00491
5	0.00593	0.00424	0.00525	0.00569	0.00610	0.00409	0.00378	0.00664	0.00820	0.01085	0.05666	0.36552	0.11488	0.28728	0.07193	0.00300	0.00384	0.02914	0.00358	0.00341
6	0.01107	0.01044	0.06270	0.10873	0.11507	0.00984	0.18441	0.13763	0.01162	0.05769	0.01186	0.05486	0.03754	0.00547	0.00511	0.00141	0.04104	0.03378	0.00298	0.09674
7	0.01033	0.01049	0.15562	0.00820	0.01069	0.09131	0.00742	0.03645	0.03397	0.13399	0.07432	0.14796	0.13357	0.02888	0.00650	0.07199	0.02329	0.00637	0.00357	0.00509
8	0.00793	0.00567	0.00656	0.00626	0.00711	0.00584	0.00431	0.14089	0.00979	0.01302	0.01828	0.21336	0.08081	0.37869	0.07873	0.00325	0.00448	0.00762	0.00343	0.00394
9	0.01080	0.00660	0.00787	0.00716	0.00909	0.00651	0.00567	0.12354	0.07198	0.17173	0.07977	0.15131	0.15068	0.00895	0.00500	0.00154	0.00331	0.10999	0.06310	0.00539
10	0.03370	0.12197	0.04989	0.30156	0.23586	0.02316	0.04712	0.05132	0.02175	0.03637	0.00940	0.01173	0.02837	0.00449	0.00425	0.00136	0.00545	0.00392	0.00239	0.00596
11	0.01222	0.01167	0.01252	0.34476	0.01992	0.23526	0.02913	0.01453	0.02862	0.10696	0.01043	0.01244	0.03565	0.00520	0.00522	0.00141	0.07542	0.00399	0.02930	0.00534
12	0.00697	0.00490	0.00566	0.00580	0.00684	0.00470	0.00420	0.07620	0.01054	0.01450	0.10030	0.37562	0.20511	0.01076	0.00504	0.00154	0.00259	0.00938	0.14519	0.00415
13	0.04297	0.01283	0.03724	0.08059	0.12657	0.14585	0.27340	0.11011	0.03650	0.06397	0.00962	0.02275	0.00738	0.00453	0.00462	0.00139	0.00630	0.00435	0.00281	0.00621
14	0.01300	0.03460	0.01334	0.01084	0.01254	0.12064	0.00888	0.25997	0.05520	0.01687	0.03012	0.01080	0.00780	0.00647	0.00895	0.00159	0.37552	0.00395	0.00301	0.00591
15	0.01135	0.13727	0.43041	0.01215	0.04434	0.11004	0.03404	0.09337	0.03936	0.01476	0.00826	0.00948	0.00625	0.00448	0.00435	0.00133	0.02669	0.00335	0.00232	0.00639
16	0.03885	0.03713	0.01233	0.01079	0.01309	0.63016	0.00824	0.06014	0.05260	0.01257	0.00937	0.01026	0.04295	0.00513	0.00449	0.00123	0.03935	0.00337	0.00261	0.00534
17	0.00989	0.03159	0.05763	0.02949	0.17022	0.03614	0.03077	0.04957	0.04963	0.06713	0.14371	0.11838	0.03682	0.04499	0.00551	0.00152	0.00417	0.03039	0.00347	0.07899
18	0.06577	0.12612	0.05854	0.02819	0.04157	0.00952	0.00719	0.12261	0.05382	0.04202	0.05753	0.01593	0.06841	0.02762	0.18608	0.02930	0.02019	0.00450	0.00308	0.03199
19	0.00612	0.00452	0.00572	0.00550	0.00658	0.00412	0.00410	0.00801	0.01205	0.01668	0.65113	0.08480	0.15454	0.00977	0.00530	0.00145	0.00216	0.00857	0.00476	0.00412
20	0.00724	0.00597	0.00843	0.21754	0.07821	0.00621	0.00685	0.00955	0.02680	0.01434	0.25601	0.04604	0.21564	0.00781	0.00483	0.00143	0.00343	0.00678	0.07233	0.00458
21	0.00928	0.00955	0.12276	0.05432	0.07971	0.04368	0.02586	0.01168	0.02845	0.09227	0.06942	0.11606	0.15036	0.00922	0.04502	0.00182	0.06792	0.05404	0.00337	0.00521
22	0.00999	0.01152	0.05827	0.03370	0.01799	0.06621	0.42087	0.01267	0.00952	0.01281	0.00988	0.08616	0.00892	0.02738	0.03872	0.00188	0.16034	0.00542	0.00237	0.00539
23	0.11530	0.01009	0.01033	0.00841	0.01143	0.11310	0.00678	0.13062	0.06363	0.40081	0.07262	0.01419	0.01164	0.00554	0.00430	0.00136	0.00433	0.00429	0.00455	0.00670
24	0.00556	0.00394	0.00516	0.00608	0.00632	0.00371	0.00400	0.00626	0.00834	0.01113	0.02353	0.75318	0.02816	0.10265	0.00753	0.00209	0.00278	0.01205	0.00400	0.00353
25	0.01093	0.15960	0.01409	0.11664	0.09810	0.04471	0.05207	0.05709	0.21059	0.02792	0.03057	0.03175	0.01055	0.03156	0.00476	0.00143	0.00461	0.01463	0.07250	0.00592
26	0.01099	0.21637	0.29322	0.06387	0.05876	0.02650	0.01150	0.13017	0.01083	0.01470	0.00809	0.00985	0.00643	0.00641	0.05635	0.00169	0.06235	0.00340	0.00235	0.00616
27	0.00554	0.00407	0.00521	0.00605	0.00656	0.00374	0.00419	0.00647	0.00902	0.01183	0.05500	0.66115	0.14271	0.01338	0.00565	0.00177	0.00260	0.04719	0.00418	0.00370
28	0.01018	0.03632	0.20562	0.08980	0.16618	0.00970	0.06279	0.08311	0.03218	0.04448	0.06637	0.05482	0.04498	0.00565	0.00488	0.00142	0.03464	0.00486	0.03598	0.00604
29	0.04344	0.03832	0.10543	0.09667	0.07966	0.05252	0.02048	0.09268	0.03217	0.07322	0.03655	0.12304	0.04695	0.02175	0.00499	0.00142	0.02359	0.00524	0.00318	0.09870
30	0.00711	0.00662	0.05907	0.00707	0.00809	0.02483	0.00554	0.00910	0.06586	0.01122	0.01714	0.18720	0.05701	0.24476	0.19480	0.00366	0.04131	0.04248	0.00310	0.00402
31	0.00591	0.00416	0.00530	0.00606	0.00643	0.00398	0.00408	0.00697	0.02622	0.01163	0.04053	0.62517	0.03649	0.12657	0.00792	0.00212	0.00287	0.03695	0.03703	0.00364
32	0.05277	0.04719	0.13187	0.11676	0.14519	0.01026	0.07587	0.09895	0.05281	0.05380	0.02247	0.05228	0.00907	0.00761	0.07439	0.00192	0.03346	0.00449	0.00283	0.00603
33	0.05001	0.01185	0.09883	0.11538	0.24170	0.08764	0.03570	0.04123	0.07652	0.09375	0.06312	0.01287	0.00980	0.00499	0.00480	0.00140	0.03701	0.00419	0.00295	0.00626
34	0.04522	0.03609	0.05362	0.08913	0.11088	0.26486	0.09002	0.05584	0.02784	0.01327	0.00832	0.01068	0.00686	0.00781	0.09308	0.00199	0.07278	0.00374	0.00239	0.00557

[dist]
# distance from previous block
# <min> <max>
12	18

[block]
# block no. 16 follows, 58 sequences, length 9
# corresponding to MSA columns:
# 2691-2699
name=unknown_Q
#
# <colnr> <probs for GDERKNQSTAVLIFYWHMCP>
#	G	D	E	R	K	N	Q	S	T	A	V	L	I	F	Y	W	H	M	C	P
0	0.04087	0.05945	0.02552	0.00695	0.00860	0.06817	0.00546	0.03852	0.05452	0.06121	0.24559	0.15438	0.11219	0.05356	0.02642	0.00175	0.02104	0.00715	0.00394	0.00472
1	0.00674	0.00470	0.00546	0.00531	0.00669	0.00410	0.00396	0.00815	0.01087	0.07637	0.25004	0.13703	0.44304	0.01061	0.00527	0.00151	0.00238	0.00909	0.00447	0.00418
2	0.11371	0.03779	0.04007	0.00843	0.01175	0.01021	0.00710	0.24749	0.15484	0.14199	0.04274	0.01327	0.02750	0.00529	0.00413	0.00129	0.00402	0.00410	0.00404	0.12024
3	0.05644	0.03133	0.13243	0.03026	0.04913	0.02773	0.19975	0.08092	0.11203	0.04526	0.01298	0.13716	0.01160	0.00629	0.00493	0.00151	0.01991	0.03125	0.00316	0.00593
4	0.00570	0.00403	0.00526	0.00610	0.00653	0.00377	0.00419	0.00671	0.00908	0.01230	0.09405	0.67804	0.05844	0.01306	0.00556	0.00175	0.00257	0.03848	0.04065	0.00373
5	0.00654	0.00504	0.00608	0.00623	0.00730	0.00491	0.00460	0.00942	0.11398	0.01464	0.27373	0.28877	0.17352	0.01087	0.00537	0.00161	0.00260	0.05602	0.00444	0.00432
6	0.10154	0.08515	0.07435	0.31759	0.11652	0.01082	0.01041	0.06477	0.08082	0.05480	0.00925	0.01114	0.00700	0.00452	0.00410	0.00137	0.00509	0.00370	0.00267	0.03439
7	0.03823	0.00867	0.00958	0.00802	0.01062	0.03797	0.00638	0.17145	0.17236	0.24090	0.12932	0.04545	0.05952	0.00663	0.00459	0.00141	0.00370	0.00544	0.03336	0.00641
8	0.00558	0.00404	0.00530	0.00620	0.00662	0.00376	0.00428	0.00652	0.00898	0.01191	0.06770	0.70574	0.07725	0.01350	0.00569	0.00179	0.00263	0.05461	0.00419	0.00370

[dist]
# distance from previous block
# <min> <max>
7	14

[block]
# block no. 17 follows, 58 sequences, length 25
# corresponding to MSA columns:
# 2715-2739
name=unknown_R
#
# <colnr> <probs for GDERKNQSTAVLIFYWHMCP>
#	G	D	E	R	K	N	Q	S	T	A	V	L	I	F	Y	W	H	M	C	P
0	0.01327	0.36691	0.04296	0.01021	0.02952	0.21426	0.04252	0.10835	0.01133	0.01331	0.00730	0.00859	0.00616	0.00454	0.00447	0.00117	0.07111	0.00305	0.01610	0.02487
1	0.02957	0.11642	0.02228	0.01069	0.11363	0.03135	0.02940	0.09219	0.10113	0.03070	0.05786	0.10970	0.04160	0.00637	0.00472	0.00132	0.03609	0.02647	0.00329	0.13524
2	0.07213	0.14159	0.20895	0.06137	0.07593	0.04094	0.11823	0.07462	0.08006	0.01512	0.01067	0.01193	0.04695	0.00477	0.00435	0.00136	0.01835	0.00397	0.00260	0.00611
3	0.00746	0.00487	0.00575	0.00561	0.00704	0.00431	0.00419	0.00886	0.02089	0.11674	0.11380	0.21115	0.42043	0.01167	0.03474	0.00175	0.00289	0.00915	0.00435	0.00434
4	0.01141	0.00826	0.02732	0.20703	0.03948	0.00875	0.03007	0.15443	0.06185	0.10611	0.02353	0.04116	0.01071	0.00578	0.00455	0.00140	0.02098	0.04235	0.18912	0.00573
5	0.00950	0.04554	0.13165	0.07647	0.08567	0.01966	0.06387	0.11345	0.06799	0.01494	0.01480	0.24927	0.03241	0.00831	0.02746	0.00168	0.02193	0.00662	0.00320	0.00557
6	0.00894	0.00734	0.03382	0.06333	0.13927	0.02933	0.03447	0.03159	0.02743	0.08527	0.01950	0.37989	0.06967	0.01890	0.00533	0.00163	0.00392	0.03168	0.00364	0.00504
7	0.03159	0.00640	0.00705	0.00607	0.00800	0.00652	0.00481	0.15924	0.01206	0.14293	0.03068	0.01599	0.02636	0.00634	0.02920	0.00137	0.00322	0.00435	0.49246	0.00535
8	0.24938	0.00786	0.00874	0.00725	0.01003	0.00794	0.00585	0.06108	0.07241	0.37336	0.03184	0.01614	0.03475	0.06594	0.00543	0.00163	0.00372	0.02612	0.00435	0.00618
9	0.01029	0.01476	0.31111	0.15901	0.22516	0.01040	0.08695	0.05917	0.01040	0.03854	0.00902	0.02902	0.00699	0.00449	0.00448	0.00142	0.00598	0.00406	0.00233	0.00642
10	0.00952	0.00515	0.00525	0.00493	0.00625	0.02707	0.00376	0.03231	0.01029	0.07689	0.07573	0.01746	0.01354	0.00553	0.00346	0.00111	0.00245	0.00446	0.69030	0.00455
