[name]
unknown

[dist]
# distance from previous block
# <min> <max>
2	15

[block]
# block no. 0 follows, 58 sequences, length 25
# corresponding to MSA columns:
# 16-40
name=unknown_A
#
# <colnr> <probs for GDERKNQSTAVLIFYWHMCP>
#	G	D	E	R	K	N	Q	S	T	A	V	L	I	F	Y	W	H	M	C	P
0	0.08006	0.00941	0.01615	0.01717	0.28222	0.00940	0.23404	0.01330	0.08644	0.01472	0.01266	0.17996	0.01202	0.00618	0.00481	0.00150	0.00507	0.00610	0.00289	0.00590
1	0.22395	0.00827	0.00813	0.00700	0.00959	0.00880	0.00557	0.14375	0.18698	0.01839	0.02089	0.02028	0.23765	0.00675	0.00421	0.00138	0.00337	0.00529	0.00383	0.07592
2	0.01367	0.01051	0.01465	0.01772	0.38368	0.01095	0.01043	0.20283	0.14768	0.12417	0.01183	0.01249	0.00884	0.00487	0.00447	0.00137	0.00472	0.00424	0.00358	0.00728
3	0.01499	0.01683	0.01569	0.01278	0.01569	0.43856	0.17527	0.16607	0.03584	0.01516	0.00836	0.00974	0.00656	0.00477	0.00488	0.00131	0.04515	0.00371	0.00276	0.00587
4	0.01133	0.39607	0.01626	0.02645	0.01191	0.01396	0.00747	0.01826	0.39612	0.01460	0.01260	0.01321	0.01019	0.00519	0.00382	0.00127	0.00419	0.02750	0.00326	0.00632
5	0.00648	0.00501	0.00665	0.00679	0.00773	0.00543	0.00510	0.00889	0.08489	0.01166	0.02008	0.20868	0.12633	0.02338	0.44590	0.00463	0.00769	0.00727	0.00325	0.00418
6	0.06455	0.02061	0.01234	0.01121	0.01354	0.77938	0.00843	0.01760	0.01239	0.01146	0.00688	0.00802	0.00571	0.00458	0.00396	0.00117	0.00781	0.00286	0.00233	0.00517
7	0.00870	0.00821	0.01387	0.75459	0.10628	0.01000	0.01255	0.01165	0.00906	0.01174	0.00800	0.01184	0.00607	0.00443	0.00447	0.00148	0.00590	0.00398	0.00201	0.00517
8	0.01222	0.01102	0.01772	0.01325	0.01684	0.01118	0.35428	0.30152	0.05869	0.01931	0.01434	0.05050	0.08607	0.00565	0.00496	0.00146	0.00564	0.00553	0.00346	0.00635
9	0.33035	0.01506	0.01024	0.00916	0.01172	0.40282	0.00709	0.06033	0.08773	0.01600	0.00796	0.00875	0.00629	0.00463	0.00364	0.00128	0.00577	0.00299	0.00281	0.00538
10	0.00852	0.00459	0.00645	0.00619	0.00648	0.00470	0.00426	0.07047	0.00707	0.00943	0.00801	0.01336	0.00776	0.01471	0.01642	0.79916	0.00397	0.00390	0.00215	0.00240
11	0.00897	0.02314	0.81962	0.01275	0.01936	0.01039	0.01653	0.01417	0.00944	0.01417	0.00803	0.00944	0.00567	0.00425	0.00425	0.00142	0.00661	0.00331	0.00189	0.00661
12	0.01161	0.47988	0.07567	0.00831	0.01182	0.01425	0.00792	0.05997	0.17213	0.03437	0.07496	0.01181	0.01055	0.00488	0.00364	0.00117	0.00443	0.00361	0.00293	0.00610
13	0.01521	0.00970	0.01098	0.00904	0.01210	0.01041	0.00726	0.20669	0.38201	0.26156	0.01627	0.01484	0.01145	0.00574	0.00452	0.00144	0.00395	0.00465	0.00483	0.00737
14	0.01103	0.53776	0.30182	0.00950	0.01430	0.01505	0.01078	0.03250	0.00950	0.01222	0.00696	0.00805	0.00576	0.00401	0.00339	0.00113	0.00543	0.00275	0.00197	0.00609
15	0.00645	0.00434	0.00500	0.00500	0.00512	0.00430	0.00291	0.00668	0.00718	0.00967	0.09137	0.06171	0.01929	0.72979	0.02041	0.00396	0.00405	0.00690	0.00298	0.00289
16	0.00928	0.00795	0.00928	0.00663	0.01060	0.00596	0.00530	0.01126	0.00928	0.01458	0.00795	0.00928	0.00663	0.00331	0.00331	0.00066	0.00331	0.00265	0.00265	0.87014
17	0.01127	0.00735	0.00814	0.00684	0.00925	0.00716	0.00545	0.23526	0.01376	0.15994	0.04450	0.04498	0.41070	0.00862	0.00492	0.00144	0.00330	0.00706	0.00451	0.00555
18	0.00587	0.00422	0.00556	0.00594	0.00658	0.00391	0.00418	0.00728	0.01051	0.01451	0.39812	0.45760	0.03557	0.01171	0.00550	0.00162	0.00237	0.01052	0.00452	0.00391
19	0.00834	0.00417	0.00417	0.00417	0.00521	0.00417	0.00313	0.01042	0.00938	0.01668	0.01459	0.01668	0.01147	0.00521	0.00313	0.00104	0.00208	0.00417	0.86763	0.00417
20	0.01053	0.01590	0.27683	0.01468	0.01947	0.07692	0.36338	0.01530	0.08695	0.01444	0.00937	0.01119	0.00700	0.00419	0.00467	0.00140	0.00667	0.00428	0.00239	0.05445
21	0.01206	0.07954	0.01395	0.04353	0.03668	0.11503	0.09945	0.06353	0.45127	0.01668	0.01364	0.01361	0.01039	0.00527	0.00442	0.00141	0.00490	0.00446	0.00362	0.00656
22	0.00834	0.00417	0.00417	0.00417	0.00521	0.00417	0.00313	0.01042	0.00938	0.01668	0.01459	0.01668	0.01147	0.00521	0.00313	0.00104	0.00208	0.00417	0.86763	0.00417
23	0.00545	0.00389	0.00519	0.00623	0.00649	0.00363	0.00415	0.00623	0.00856	0.01142	0.02465	0.83987	0.02959	0.01401	0.00571	0.00182	0.00260	0.01272	0.00415	0.00363
24	0.55844	0.00895	0.00807	0.00660	0.00976	0.00950	0.00540	0.10783	0.00964	0.01970	0.00720	0.00818	0.00562	0.00409	0.00311	0.00120	0.00360	0.00267	0.00295	0.21749

[dist]
# distance from previous block
# <min> <max>
0	2

[block]
# block no. 1 follows, 58 sequences, length 33
# corresponding to MSA columns:
# 43,44,48-78
name=unknown_B
#
# <colnr> <probs for GDERKNQSTAVLIFYWHMCP>
#	G	D	E	R	K	N	Q	S	T	A	V	L	I	F	Y	W	H	M	C	P
0	0.01119	0.51481	0.28405	0.00930	0.01404	0.01447	0.01045	0.01389	0.00935	0.04250	0.00731	0.00830	0.00595	0.00401	0.00340	0.00111	0.00530	0.00278	0.00207	0.03571
1	0.01674	0.02056	0.01274	0.01142	0.01383	0.75479	0.00863	0.08541	0.01340	0.01244	0.00724	0.00830	0.00592	0.00468	0.00407	0.00117	0.00780	0.00298	0.00249	0.00539
2	0.00928	0.00795	0.00928	0.00663	0.01060	0.00596	0.00530	0.01126	0.00928	0.01458	0.00795	0.00928	0.00663	0.00331	0.00331	0.00066	0.00331	0.00265	0.00265	0.87014
3	0.00638	0.00470	0.00680	0.00683	0.00749	0.00535	0.00513	0.00772	0.00713	0.01017	0.01266	0.04352	0.01246	0.14991	0.68496	0.00662	0.01060	0.00527	0.00249	0.00380
4	0.00584	0.00452	0.00532	0.00519	0.00640	0.00400	0.00387	0.00747	0.01140	0.01511	0.44489	0.07954	0.36968	0.01033	0.00530	0.00147	0.00220	0.00891	0.00456	0.00400
5	0.00920	0.00921	0.01708	0.55838	0.09705	0.01034	0.20955	0.01236	0.00946	0.01243	0.00827	0.01189	0.00627	0.00425	0.00467	0.00148	0.00630	0.00430	0.00208	0.00542
6	0.00721	0.00515	0.00721	0.00824	0.00927	0.00515	0.00721	0.00927	0.01030	0.01339	0.02368	0.05046	0.02574	0.01236	0.00618	0.00206	0.00412	0.78478	0.00412	0.00412
7	0.00913	0.00702	0.00796	0.00770	0.00943	0.00751	0.00591	0.02727	0.37063	0.05730	0.02349	0.23212	0.11297	0.00935	0.00511	0.00164	0.00325	0.09229	0.00441	0.00553
8	0.01099	0.01055	0.01801	0.05219	0.79078	0.01061	0.01369	0.01366	0.01015	0.01452	0.00840	0.01110	0.00705	0.00400	0.00443	0.00133	0.00533	0.00399	0.00221	0.00702
9	0.00938	0.09600	0.67887	0.01283	0.01900	0.01113	0.08402	0.01411	0.00951	0.01385	0.00795	0.00947	0.00577	0.00417	0.00422	0.00138	0.00653	0.00340	0.00192	0.00648
10	0.01076	0.29167	0.01828	0.11647	0.35950	0.01269	0.01066	0.01338	0.04474	0.01283	0.00975	0.01160	0.04494	0.00450	0.00415	0.00125	0.02063	0.00375	0.00228	0.00618
11	0.00690	0.00550	0.00799	0.00770	0.00833	0.00670	0.00602	0.00830	0.00709	0.01032	0.01122	0.01722	0.01074	0.08480	0.65080	0.00622	0.13296	0.00478	0.00235	0.00404
12	0.77866	0.00874	0.00713	0.00621	0.00906	0.00995	0.00512	0.04619	0.00853	0.07681	0.00722	0.00797	0.00540	0.00430	0.00296	0.00138	0.00355	0.00264	0.00303	0.00515
13	0.01367	0.01007	0.05212	0.05938	0.45410	0.00930	0.01132	0.03664	0.01118	0.26089	0.01161	0.01321	0.00863	0.00473	0.00449	0.00137	0.00491	0.02202	0.00331	0.00707
14	0.00950	0.02240	0.78129	0.01252	0.01898	0.01021	0.01606	0.01453	0.00960	0.05224	0.00848	0.00972	0.00592	0.00431	0.00426	0.00142	0.00648	0.00336	0.00206	0.00666
15	0.00834	0.00417	0.00417	0.00417	0.00521	0.00417	0.00313	0.01042	0.00938	0.01668	0.01459	0.01668	0.01147	0.00521	0.00313	0.00104	0.00208	0.00417	0.86763	0.00417
16	0.01096	0.01128	0.05992	0.02669	0.77343	0.01062	0.01387	0.01375	0.01015	0.01459	0.00839	0.01099	0.00701	0.00400	0.00442	0.00133	0.00538	0.00395	0.00220	0.00706
17	0.00555	0.00455	0.00492	0.00510	0.00638	0.00397	0.00378	0.00693	0.02501	0.01245	0.08055	0.17431	0.59825	0.01160	0.00538	0.00158	0.00241	0.03925	0.00420	0.00385
18	0.00834	0.00417	0.00417	0.00417	0.00521	0.00417	0.00313	0.01042	0.00938	0.01668	0.01459	0.01668	0.01147	0.00521	0.00313	0.00104	0.00208	0.00417	0.86763	0.00417
19	0.01451	0.04912	0.01121	0.00883	0.01173	0.04345	0.02148	0.08170	0.32866	0.28826	0.05374	0.01671	0.01321	0.00597	0.00453	0.00143	0.00401	0.02991	0.00462	0.00691
20	0.00857	0.00808	0.01364	0.79393	0.06794	0.00997	0.01248	0.01154	0.00900	0.01158	0.00797	0.01189	0.00602	0.00445	0.00447	0.00148	0.00593	0.00398	0.00200	0.00507
21	0.00928	0.00795	0.00928	0.00663	0.01060	0.00596	0.00530	0.01126	0.00928	0.01458	0.00795	0.00928	0.00663	0.00331	0.00331	0.00066	0.00331	0.00265	0.00265	0.87014
22	0.00655	0.00439	0.00504	0.00512	0.00519	0.00439	0.00303	0.00670	0.00677	0.00901	0.01477	0.03077	0.01693	0.78409	0.02160	0.00418	0.00432	0.06152	0.00281	0.00281
23	0.01113	0.00961	0.01011	0.00910	0.01163	0.01113	0.00708	0.02377	0.80681	0.01871	0.01821	0.01669	0.01365	0.00607	0.00455	0.00152	0.00354	0.00506	0.00455	0.00708
24	0.00634	0.00473	0.00593	0.00568	0.00684	0.00438	0.00432	0.00858	0.03301	0.01684	0.63499	0.03530	0.15838	0.00956	0.00530	0.00146	0.00227	0.04711	0.00476	0.00422
25	0.00651	0.00434	0.00488	0.00488	0.00488	0.00434	0.00271	0.00651	0.00651	0.00867	0.01409	0.02927	0.01626	0.84279	0.02277	0.00434	0.00434	0.00651	0.00271	0.00271
26	0.00963	0.00862	0.01441	0.64845	0.02774	0.01017	0.08740	0.04989	0.04271	0.04474	0.00899	0.01221	0.00664	0.00456	0.00455	0.00148	0.00588	0.00417	0.00238	0.00539
27	0.00777	0.00389	0.00583	0.00583	0.00583	0.00389	0.00389	0.00583	0.00583	0.00777	0.00777	0.01360	0.00777	0.01554	0.01748	0.86985	0.00389	0.00389	0.00194	0.00194
28	0.01014	0.00663	0.00907	0.01059	0.19107	0.00664	0.03623	0.06248	0.01051	0.05344	0.01287	0.01478	0.01003	0.00490	0.00365	0.00116	0.00329	0.00418	0.54306	0.00528
29	0.04584	0.00798	0.00943	0.00697	0.01074	0.00646	0.00562	0.01403	0.04281	0.18091	0.01031	0.01073	0.00776	0.00392	0.00359	0.00088	0.00343	0.00312	0.00333	0.62214
30	0.55049	0.25848	0.04259	0.00680	0.01002	0.01237	0.00621	0.01368	0.03977	0.01695	0.00677	0.00770	0.00549	0.00414	0.00293	0.00126	0.00398	0.00255	0.00255	0.00527
31	0.02844	0.00741	0.01056	0.29664	0.01730	0.00769	0.00814	0.04268	0.02973	0.26732	0.16683	0.01693	0.01483	0.00570	0.00453	0.00138	0.00423	0.00485	0.00388	0.06096
32	0.01074	0.00849	0.01251	0.47168	0.07357	0.00986	0.01044	0.01596	0.20944	0.11412	0.01176	0.01348	0.00860	0.00497	0.00449	0.00147	0.00505	0.00431	0.00309	0.00596

[dist]
# distance from previous block
# <min> <max>
0	6

[block]
# block no. 2 follows, 58 sequences, length 28
# corresponding to MSA columns:
# 85-112
name=unknown_C
#
# <colnr> <probs for GDERKNQSTAVLIFYWHMCP>
#	G	D	E	R	K	N	Q	S	T	A	V	L	I	F	Y	W	H	M	C	P
0	0.12165	0.00715	0.00871	0.00814	0.01031	0.00725	0.00692	0.11571	0.01196	0.21127	0.01832	0.03126	0.01717	0.00875	0.00512	0.00172	0.00406	0.39467	0.00434	0.00551
1	0.00868	0.00819	0.01383	0.76110	0.09994	0.01000	0.01254	0.01163	0.00905	0.01171	0.00799	0.01185	0.00606	0.00443	0.00447	0.00148	0.00591	0.00398	0.00201	0.00516
2	0.00859	0.00688	0.00929	0.00878	0.06913	0.00689	0.07528	0.06119	0.08824	0.01243	0.01284	0.02196	0.01298	0.47991	0.02877	0.00311	0.00469	0.00553	0.00292	0.08059
3	0.01058	0.01003	0.01701	0.02559	0.74361	0.01001	0.01288	0.01307	0.01004	0.01433	0.00985	0.08415	0.00907	0.00487	0.00454	0.00137	0.00507	0.00476	0.00239	0.00678
4	0.01076	0.00988	0.01652	0.24593	0.55647	0.01043	0.01303	0.03657	0.01024	0.03497	0.00860	0.01140	0.00690	0.00420	0.00444	0.00137	0.00544	0.00400	0.00231	0.00654
5	0.01138	0.00973	0.01026	0.00915	0.01173	0.01124	0.00714	0.05676	0.77341	0.01912	0.01789	0.01644	0.01340	0.00604	0.00455	0.00151	0.00360	0.00501	0.00455	0.00710
6	0.05466	0.02073	0.46969	0.01158	0.01633	0.26811	0.01267	0.01518	0.02906	0.01346	0.00941	0.01050	0.04016	0.00470	0.00416	0.00134	0.00666	0.00343	0.00222	0.00596
7	0.00584	0.00455	0.00529	0.00511	0.00638	0.00401	0.00383	0.00749	0.01150	0.01517	0.44984	0.03797	0.40663	0.01018	0.00528	0.00146	0.00218	0.00873	0.00456	0.00401
8	0.00834	0.00417	0.00417	0.00417	0.00521	0.00417	0.00313	0.01042	0.00938	0.01668	0.01459	0.01668	0.01147	0.00521	0.00313	0.00104	0.00208	0.00417	0.86763	0.00417
9	0.00835	0.00853	0.01722	0.01339	0.01607	0.00799	0.45482	0.01082	0.00970	0.01307	0.01580	0.37031	0.01665	0.00820	0.00547	0.00164	0.00540	0.00850	0.00308	0.00499
10	0.01143	0.00976	0.01028	0.00916	0.01175	0.01127	0.00715	0.06330	0.76679	0.01920	0.01783	0.01639	0.01335	0.00603	0.00455	0.00151	0.00361	0.00500	0.00455	0.00711
11	0.00834	0.00417	0.00417	0.00417	0.00521	0.00417	0.00313	0.01042	0.00938	0.01668	0.01459	0.01668	0.01147	0.00521	0.00313	0.00104	0.00208	0.00417	0.86763	0.00417
12	0.01812	0.01002	0.01173	0.00903	0.01247	0.01023	0.00745	0.41962	0.01690	0.38757	0.01401	0.01298	0.00931	0.00544	0.00444	0.00135	0.00432	0.00425	0.03326	0.00750
13	0.00961	0.00919	0.01575	0.47197	0.36076	0.01026	0.03355	0.01247	0.00951	0.01285	0.00817	0.01157	0.00646	0.00425	0.00447	0.00142	0.00573	0.00401	0.00209	0.00589
14	0.00605	0.00477	0.00720	0.00741	0.00820	0.00446	0.07443	0.00723	0.00900	0.01190	0.02455	0.64281	0.07878	0.01278	0.00569	0.00179	0.00315	0.08192	0.00398	0.00390
15	0.01098	0.01054	0.01800	0.05402	0.78900	0.01061	0.01369	0.01365	0.01014	0.01451	0.00840	0.01110	0.00705	0.00400	0.00443	0.00133	0.00534	0.00399	0.00221	0.00702
16	0.01671	0.02132	0.01268	0.01152	0.01383	0.82483	0.00864	0.01786	0.01268	0.01095	0.00691	0.00807	0.00576	0.00461	0.00403	0.00115	0.00807	0.00288	0.00230	0.00519
17	0.00802	0.00462	0.00549	0.00515	0.00639	0.00434	0.00391	0.01005	0.01124	0.07260	0.40037	0.02603	0.06876	0.00745	0.00437	0.00127	0.00223	0.00636	0.34694	0.00441
18	0.00834	0.00417	0.00417	0.00417	0.00521	0.00417	0.00313	0.01042	0.00938	0.01668	0.01459	0.01668	0.01147	0.00521	0.00313	0.00104	0.00208	0.00417	0.86763	0.00417
19	0.01056	0.01207	0.02640	0.01885	0.02338	0.01131	0.79864	0.01433	0.01056	0.01433	0.00905	0.01207	0.00679	0.00377	0.00528	0.00151	0.00754	0.00528	0.00226	0.00603
20	0.01077	0.00824	0.00872	0.00780	0.00991	0.00935	0.00609	0.08787	0.47793	0.01873	0.01615	0.01598	0.01227	0.00580	0.00438	0.00137	0.02464	0.00467	0.26314	0.00620
21	0.00834	0.00417	0.00417	0.00417	0.00521	0.00417	0.00313	0.01042	0.00938	0.01668	0.01459	0.01668	0.01147	0.00521	0.00313	0.00104	0.00208	0.00417	0.86763	0.00417
22	0.00700	0.00506	0.00651	0.00714	0.00798	0.00501	0.00545	0.07716	0.01026	0.01353	0.02388	0.49447	0.05492	0.01264	0.00573	0.00184	0.00326	0.24984	0.00417	0.00414
23	0.00550	0.00392	0.00517	0.00616	0.00641	0.00367	0.00408	0.00624	0.00846	0.01128	0.02412	0.79859	0.02891	0.05623	0.00658	0.00195	0.00268	0.01240	0.00408	0.00359
24	0.01196	0.84548	0.02344	0.00765	0.01148	0.01770	0.00765	0.01339	0.00909	0.01052	0.00622	0.00718	0.00574	0.00383	0.00287	0.00096	0.00478	0.00239	0.00191	0.00574
25	0.00545	0.00389	0.00519	0.00623	0.00649	0.00363	0.00415	0.00623	0.00856	0.01142	0.02465	0.83987	0.02959	0.01401	0.00571	0.00182	0.00260	0.01272	0.00415	0.00363
26	0.01178	0.04280	0.44716	0.01174	0.01690	0.01178	0.04136	0.25724	0.08335	0.01879	0.00974	0.01051	0.00701	0.00473	0.00434	0.00139	0.00580	0.00373	0.00294	0.00691
27	0.00643	0.00464	0.00639	0.00639	0.00692	0.00516	0.00460	0.00748	0.00695	0.00979	0.01271	0.02160	0.01293	0.31241	0.54860	0.00621	0.00935	0.00538	0.00250	0.00355

[dist]
# distance from previous block
# <min> <max>
1	3

[block]
# block no. 3 follows, 58 sequences, length 13
# corresponding to MSA columns:
# 116-128
name=unknown_D
#
# <colnr> <probs for GDERKNQSTAVLIFYWHMCP>
#	G	D	E	R	K	N	Q	S	T	A	V	L	I	F	Y	W	H	M	C	P
0	0.00545	0.00389	0.00519	0.00623	0.00649	0.00363	0.00415	0.00623	0.00856	0.01142	0.02465	0.83987	0.02959	0.01401	0.00571	0.00182	0.00260	0.01272	0.00415	0.00363
1	0.00928	0.00795	0.00928	0.00663	0.01060	0.00596	0.00530	0.01126	0.00928	0.01458	0.00795	0.00928	0.00663	0.00331	0.00331	0.00066	0.00331	0.00265	0.00265	0.87014
2	0.00581	0.00475	0.00516	0.00511	0.00649	0.00423	0.00381	0.00770	0.05122	0.01355	0.19651	0.09876	0.55945	0.01082	0.00528	0.00151	0.00232	0.00919	0.00433	0.00402
3	0.01043	0.01082	0.05369	0.01516	0.01905	0.00967	0.54612	0.01405	0.03547	0.07363	0.11614	0.01646	0.04695	0.00502	0.00516	0.00148	0.00617	0.00568	0.00299	0.00587
4	0.00646	0.00483	0.00603	0.00568	0.00686	0.00452	0.00427	0.00900	0.05313	0.01732	0.68535	0.03364	0.12758	0.00923	0.00524	0.00142	0.00220	0.00809	0.00482	0.00432
5	0.00845	0.00795	0.01342	0.83204	0.03081	0.00994	0.01242	0.01143	0.00894	0.01143	0.00795	0.01193	0.00596	0.00447	0.00447	0.00149	0.00596	0.00398	0.00199	0.00497
6	0.01196	0.84548	0.02344	0.00765	0.01148	0.01770	0.00765	0.01339	0.00909	0.01052	0.00622	0.00718	0.00574	0.00383	0.00287	0.00096	0.00478	0.00239	0.00191	0.00574
7	0.01665	0.00951	0.05353	0.01142	0.12048	0.02593	0.03718	0.03618	0.08991	0.51058	0.03143	0.01452	0.01080	0.00530	0.00452	0.00139	0.00435	0.00448	0.00458	0.00726
8	0.24101	0.00813	0.00955	0.00754	0.01083	0.00784	0.00622	0.05853	0.01187	0.57194	0.01435	0.01294	0.00929	0.00517	0.00405	0.00138	0.00377	0.00394	0.00477	0.00690
9	0.00604	0.00407	0.00545	0.00636	0.00677	0.00379	0.00435	0.00690	0.00878	0.04062	0.02437	0.78194	0.02878	0.01365	0.00568	0.00181	0.00269	0.03995	0.00420	0.00379
10	0.05634	0.01159	0.04969	0.09130	0.34153	0.05178	0.01097	0.20943	0.04760	0.07202	0.00980	0.01118	0.00743	0.00462	0.00434	0.00136	0.00520	0.00391	0.00310	0.00683
11	0.00604	0.00449	0.00552	0.00596	0.00680	0.00417	0.00445	0.00728	0.00968	0.01256	0.13344	0.23979	0.24337	0.11588	0.00777	0.00205	0.00299	0.17996	0.00407	0.00374
12	0.01016	0.01015	0.04631	0.01971	0.46481	0.03090	0.08247	0.04485	0.01119	0.01558	0.16915	0.01675	0.04740	0.00538	0.00469	0.00137	0.00486	0.00509	0.00292	0.00624

[dist]
# distance from previous block
# <min> <max>
2	11

[block]
# block no. 4 follows, 58 sequences, length 20
# corresponding to MSA columns:
# 141-160
name=unknown_E
#
# <colnr> <probs for GDERKNQSTAVLIFYWHMCP>
#	G	D	E	R	K	N	Q	S	T	A	V	L	I	F	Y	W	H	M	C	P
0	0.25467	0.00663	0.00683	0.00665	0.00839	0.00699	0.00526	0.10441	0.01048	0.01655	0.04515	0.21215	0.15069	0.00929	0.00472	0.00161	0.00331	0.13783	0.00382	0.00458
1	0.01057	0.00849	0.00981	0.00711	0.01102	0.00694	0.00573	0.10660	0.01081	0.04310	0.00861	0.00965	0.00689	0.00363	0.00349	0.00077	0.00352	0.00288	0.00297	0.73740
2	0.01132	0.01162	0.07674	0.19239	0.28075	0.01119	0.17658	0.15482	0.01190	0.01629	0.00884	0.01128	0.00677	0.00431	0.00461	0.00141	0.00594	0.00421	0.00256	0.00648
3	0.01694	0.01434	0.01327	0.01055	0.01386	0.18103	0.00853	0.63877	0.01931	0.02464	0.00995	0.01019	0.00723	0.00521	0.00438	0.00130	0.00557	0.00379	0.00403	0.00711
4	0.04726	0.51490	0.10781	0.00858	0.01248	0.01509	0.00850	0.09060	0.10640	0.03805	0.00864	0.00916	0.00699	0.00436	0.00342	0.00114	0.00477	0.00304	0.00262	0.00620
5	0.00595	0.00456	0.00546	0.00523	0.00645	0.00406	0.00392	0.00771	0.01177	0.01583	0.53585	0.03689	0.32021	0.00993	0.00528	0.00144	0.00217	0.00858	0.00465	0.00406
6	0.01604	0.01991	0.01237	0.01123	0.01356	0.72684	0.00845	0.01857	0.10832	0.01188	0.00827	0.00911	0.00671	0.00479	0.00410	0.00120	0.00752	0.00314	0.00258	0.00541
7	0.01024	0.00983	0.01689	0.27708	0.55177	0.01043	0.03281	0.01303	0.00981	0.01362	0.00829	0.01136	0.00673	0.00413	0.00446	0.00138	0.00557	0.00401	0.00215	0.00640
8	0.00921	0.02149	0.70142	0.01366	0.01996	0.01053	0.13307	0.01419	0.00961	0.01419	0.00818	0.00983	0.00583	0.00418	0.00440	0.00143	0.00675	0.00360	0.00194	0.00652
9	0.00642	0.00469	0.00667	0.00667	0.00728	0.00531	0.00494	0.00765	0.00703	0.01000	0.01246	0.02022	0.01233	0.21671	0.64348	0.00654	0.01025	0.00518	0.00247	0.00370
10	0.00628	0.00468	0.00644	0.00644	0.00717	0.00514	0.00479	0.00752	0.00742	0.01027	0.01639	0.02283	0.10871	0.18213	0.57637	0.00597	0.00938	0.00567	0.00267	0.00373
11	0.01326	0.00749	0.00940	0.00784	0.01039	0.00740	0.02584	0.03957	0.17895	0.34099	0.07593	0.02265	0.17743	0.00725	0.00519	0.00148	0.03775	0.02018	0.00472	0.00627
12	0.01056	0.01207	0.02640	0.01885	0.02338	0.01131	0.79864	0.01433	0.01056	0.01433	0.00905	0.01207	0.00679	0.00377	0.00528	0.00151	0.00754	0.00528	0.00226	0.00603
13	0.03454	0.02053	0.08301	0.01175	0.01454	0.68307	0.04182	0.01743	0.03135	0.01175	0.00736	0.00854	0.00597	0.00457	0.00409	0.00120	0.00771	0.00306	0.00233	0.00538
14	0.00861	0.00736	0.00832	0.00795	0.00914	0.07578	0.00640	0.04181	0.01022	0.04001	0.09642	0.06559	0.17640	0.01258	0.10557	0.00235	0.13752	0.17991	0.00356	0.00450
15	0.00946	0.15691	0.69010	0.01192	0.01808	0.01158	0.01508	0.01404	0.00939	0.01357	0.00773	0.00908	0.00568	0.00418	0.00403	0.00134	0.00631	0.00316	0.00189	0.00647
16	0.04655	0.01163	0.11185	0.29792	0.16451	0.04483	0.07610	0.09379	0.01103	0.08579	0.00916	0.01130	0.00676	0.00448	0.00442	0.00141	0.00575	0.00395	0.00265	0.00614
17	0.01060	0.04237	0.43463	0.01340	0.01860	0.04411	0.21373	0.01531	0.06233	0.06887	0.00987	0.02887	0.00737	0.00455	0.00453	0.00143	0.00637	0.00416	0.00247	0.00641
18	0.03661	0.00447	0.00507	0.00550	0.00652	0.00404	0.00399	0.00683	0.00958	0.01243	0.06736	0.35346	0.40058	0.01209	0.00541	0.00165	0.00253	0.05394	0.00413	0.00380
19	0.07816	0.01404	0.25804	0.01327	0.15631	0.02663	0.02197	0.16099	0.01238	0.15426	0.04295	0.01230	0.00890	0.00493	0.00433	0.00138	0.00518	0.01395	0.00328	0.00675

[dist]
# distance from previous block
# <min> <max>
9	30

[block]
# block no. 5 follows, 58 sequences, length 21
# corresponding to MSA columns:
# 193-213
name=unknown_F
#
# <colnr> <probs for GDERKNQSTAVLIFYWHMCP>
#	G	D	E	R	K	N	Q	S	T	A	V	L	I	F	Y	W	H	M	C	P
0	0.04032	0.07275	0.20269	0.01187	0.05056	0.04207	0.11704	0.11083	0.12717	0.05656	0.01120	0.03677	0.01973	0.00509	0.00469	0.00138	0.03289	0.00426	0.00303	0.04910
1	0.07841	0.01055	0.03451	0.04267	0.22875	0.05672	0.00924	0.15577	0.01287	0.27670	0.02457	0.01221	0.00871	0.00487	0.00430	0.00134	0.00474	0.00400	0.00377	0.02529
2	0.04547	0.00840	0.01032	0.00806	0.01145	0.00786	0.00657	0.08804	0.12073	0.49881	0.01535	0.01392	0.01028	0.00523	0.00428	0.00130	0.00379	0.00420	0.00480	0.13116
3	0.01348	0.01104	0.01387	0.26230	0.11623	0.03387	0.01029	0.41791	0.04197	0.02067	0.00976	0.01127	0.00720	0.00493	0.00446	0.00139	0.00532	0.00401	0.00339	0.00666
4	0.11598	0.54636	0.21260	0.00866	0.01303	0.01501	0.00944	0.01355	0.00900	0.01256	0.00665	0.00773	0.00561	0.00397	0.00319	0.00112	0.00506	0.00261	0.00201	0.00584
5	0.00597	0.00427	0.00577	0.00669	0.00721	0.00407	0.00494	0.00719	0.00935	0.01247	0.09081	0.57021	0.02967	0.01318	0.00579	0.00184	0.00294	0.20959	0.00421	0.00381
6	0.00545	0.00389	0.00519	0.00623	0.00649	0.00363	0.00415	0.00623	0.00856	0.01142	0.02465	0.83987	0.02959	0.01401	0.00571	0.00182	0.00260	0.01272	0.00415	0.00363
7	0.00933	0.00676	0.01049	0.21714	0.15527	0.00704	0.00862	0.01134	0.00987	0.11635	0.04605	0.24616	0.01731	0.00837	0.00507	0.00161	0.00426	0.11032	0.00347	0.00517
8	0.01001	0.00978	0.01735	0.33239	0.42058	0.01045	0.10856	0.01293	0.00976	0.01337	0.00832	0.01152	0.00662	0.00414	0.00455	0.00141	0.00583	0.00414	0.00213	0.00615
9	0.00564	0.00403	0.00540	0.00644	0.00678	0.00379	0.00448	0.00655	0.00875	0.01163	0.02455	0.75649	0.02918	0.01384	0.00576	0.00184	0.00276	0.09426	0.00415	0.00368
10	0.02007	0.00761	0.01038	0.00796	0.01142	0.00657	0.00657	0.02180	0.01280	0.81799	0.01765	0.01523	0.01107	0.00554	0.00450	0.00138	0.00381	0.00450	0.00554	0.00761
11	0.04165	0.01225	0.01340	0.48284	0.02373	0.25148	0.04373	0.03018	0.03565	0.01229	0.00801	0.01075	0.00618	0.00454	0.00432	0.00139	0.00647	0.00369	0.00225	0.00520
12	0.01415	0.01039	0.01171	0.01042	0.05881	0.01145	0.00787	0.27955	0.40453	0.11868	0.01510	0.01422	0.01096	0.00565	0.00451	0.00143	0.00413	0.00459	0.00451	0.00732
13	0.01247	0.01156	0.15914	0.01140	0.07723	0.00956	0.04275	0.08193	0.24676	0.17539	0.01513	0.01805	0.01185	0.00608	0.00470	0.00151	0.00465	0.09916	0.00392	0.00674
14	0.00928	0.00795	0.00928	0.00663	0.01060	0.00596	0.00530	0.01126	0.00928	0.01458	0.00795	0.00928	0.00663	0.00331	0.00331	0.00066	0.00331	0.00265	0.00265	0.87014
15	0.00639	0.00479	0.00719	0.00719	0.00799	0.00559	0.00559	0.00799	0.00719	0.01038	0.01198	0.01757	0.01118	0.03355	0.82507	0.00719	0.01198	0.00479	0.00240	0.00399
16	0.00666	0.00511	0.00762	0.10704	0.01033	0.00594	0.00602	0.00820	0.00731	0.01027	0.01179	0.01852	0.01126	0.14285	0.61354	0.00610	0.01018	0.00493	0.00239	0.00393
17	0.01035	0.01074	0.06344	0.21037	0.58979	0.01046	0.01359	0.01323	0.00986	0.01386	0.00829	0.01117	0.00675	0.00411	0.00443	0.00137	0.00554	0.00394	0.00214	0.00657
18	0.00912	0.01041	0.11242	0.54671	0.21051	0.01015	0.01322	0.01229	0.00929	0.01250	0.00807	0.01143	0.00619	0.00433	0.00444	0.00144	0.00589	0.00390	0.00203	0.00566
19	0.11842	0.01561	0.01218	0.03945	0.01364	0.47719	0.08279	0.01497	0.01105	0.01264	0.00928	0.10957	0.00869	0.00554	0.00418	0.00128	0.00647	0.00427	0.00259	0.05017
20	0.00822	0.00754	0.01251	0.62887	0.07056	0.00919	0.01119	0.01086	0.00874	0.01147	0.00929	0.05526	0.00788	0.00853	0.10438	0.00220	0.02173	0.00453	0.00216	0.00490

[dist]
# distance from previous block
# <min> <max>
6	38

[block]
# block no. 6 follows, 58 sequences, length 9
# corresponding to MSA columns:
# 253-261
name=unknown_G
#
# <colnr> <probs for GDERKNQSTAVLIFYWHMCP>
#	G	D	E	R	K	N	Q	S	T	A	V	L	I	F	Y	W	H	M	C	P
0	0.00990	0.12691	0.25781	0.01012	0.07205	0.00911	0.00961	0.01283	0.00987	0.05178	0.08744	0.01183	0.00996	0.00440	0.00387	0.00109	0.00457	0.00353	0.00264	0.30069
1	0.43028	0.00913	0.01134	0.09201	0.28864	0.01003	0.00880	0.01330	0.03102	0.01702	0.00829	0.01129	0.00694	0.00456	0.00371	0.00141	0.00437	0.03958	0.00262	0.00566
2	0.00928	0.00795	0.00928	0.00663	0.01060	0.00596	0.00530	0.01126	0.00928	0.01458	0.00795	0.00928	0.00663	0.00331	0.00331	0.00066	0.00331	0.00265	0.00265	0.87014
3	0.00916	0.00726	0.00761	0.00695	0.00890	0.03925	0.00535	0.01469	0.29765	0.07486	0.20297	0.02799	0.26284	0.00826	0.00491	0.00147	0.00303	0.00694	0.00450	0.00540
4	0.01019	0.34053	0.08246	0.40892	0.02160	0.04413	0.01073	0.01267	0.00918	0.01127	0.00723	0.00970	0.00584	0.00420	0.00380	0.00126	0.00563	0.00325	0.00196	0.00541
5	0.01137	0.01007	0.01030	0.00832	0.01158	0.06984	0.00657	0.10213	0.31088	0.01734	0.01204	0.01213	0.00931	0.00467	0.00396	0.00109	0.00393	0.00372	0.00354	0.38722
6	0.05209	0.28146	0.07460	0.22168	0.01845	0.05117	0.08041	0.14366	0.01129	0.01475	0.00783	0.00963	0.00615	0.00433	0.00391	0.00127	0.00558	0.00342	0.00245	0.00587
7	0.07586	0.64780	0.07994	0.04663	0.04778	0.01593	0.00858	0.01336	0.00905	0.01172	0.00653	0.00774	0.00574	0.00392	0.00311	0.00106	0.00490	0.00260	0.00199	0.00576
8	0.14735	0.00905	0.00961	0.00747	0.01083	0.00876	0.00602	0.23014	0.03811	0.01910	0.01154	0.03958	0.05497	0.00494	0.00379	0.00108	0.00370	0.00381	0.00338	0.38679

[dist]
# distance from previous block
# <min> <max>
18	43

[block]
# block no. 7 follows, 58 sequences, length 21
# corresponding to MSA columns:
# 316-318,324-341
name=unknown_H
#
# <colnr> <probs for GDERKNQSTAVLIFYWHMCP>
#	G	D	E	R	K	N	Q	S	T	A	V	L	I	F	Y	W	H	M	C	P
0	0.01066	0.00973	0.05523	0.03214	0.04797	0.00792	0.12331	0.07428	0.01065	0.06104	0.00932	0.01139	0.00744	0.00402	0.00396	0.00101	0.00444	0.02417	0.00286	0.49844
1	0.01139	0.28278	0.01682	0.17190	0.18242	0.01241	0.00974	0.01469	0.10035	0.07863	0.01002	0.01252	0.00823	0.00487	0.00437	0.00132	0.03307	0.03573	0.00268	0.00608
2	0.00624	0.00450	0.00562	0.00610	0.00676	0.00435	0.00425	0.00768	0.07104	0.01172	0.04467	0.46784	0.16901	0.01354	0.03004	0.12612	0.00304	0.00992	0.00384	0.00371
3	0.01016	0.26112	0.18177	0.00829	0.01180	0.00992	0.00828	0.01238	0.00955	0.09147	0.02843	0.18262	0.01265	0.00649	0.00412	0.00128	0.00434	0.02980	0.00296	0.12257
4	0.00955	0.00774	0.00929	0.00732	0.03490	0.00616	0.00557	0.01200	0.04260	0.04872	0.09247	0.01240	0.01082	0.00415	0.00365	0.00083	0.00328	0.00343	0.00307	0.68207
5	0.00928	0.00795	0.00928	0.00663	0.01060	0.00596	0.00530	0.01126	0.00928	0.01458	0.00795	0.00928	0.00663	0.00331	0.00331	0.00066	0.00331	0.00265	0.00265	0.87014
6	0.01223	0.09714	0.40744	0.01239	0.07881	0.01080	0.03731	0.08467	0.04390	0.15769	0.01028	0.01087	0.00728	0.00457	0.00424	0.00136	0.00559	0.00368	0.00291	0.00683
7	0.01196	0.84548	0.02344	0.00765	0.01148	0.01770	0.00765	0.01339	0.00909	0.01052	0.00622	0.00718	0.00574	0.00383	0.00287	0.00096	0.00478	0.00239	0.00191	0.00574
8	0.02412	0.01005	0.03274	0.12728	0.39575	0.00991	0.05479	0.04259	0.05861	0.07783	0.00966	0.01158	0.00752	0.00432	0.00449	0.00131	0.01721	0.00397	0.00272	0.10355
9	0.01457	0.01353	0.01189	0.01013	0.01294	0.21877	0.00799	0.30223	0.30076	0.02003	0.01278	0.01321	0.00977	0.00561	0.00443	0.00138	0.00520	0.02412	0.00394	0.00671
10	0.00545	0.00454	0.00476	0.00471	0.00615	0.00385	0.00353	0.00675	0.01059	0.01303	0.16882	0.04150	0.68898	0.01098	0.00529	0.00149	0.00224	0.00922	0.00428	0.00385
11	0.01113	0.00926	0.01052	0.01043	0.07433	0.01044	0.00759	0.02174	0.65169	0.04664	0.01786	0.01892	0.01402	0.00639	0.00467	0.00154	0.00374	0.06785	0.00437	0.00686
12	0.01351	0.01079	0.01146	0.00959	0.01254	0.01224	0.00766	0.33864	0.48806	0.02256	0.01518	0.01428	0.01120	0.00579	0.00452	0.00145	0.00410	0.00464	0.00452	0.00729
13	0.00545	0.00389	0.00519	0.00623	0.00649	0.00363	0.00415	0.00623	0.00856	0.01142	0.02465	0.83987	0.02959	0.01401	0.00571	0.00182	0.00260	0.01272	0.00415	0.00363
14	0.00644	0.00461	0.00625	0.00625	0.00673	0.00508	0.00442	0.00739	0.00691	0.00969	0.01284	0.02232	0.01324	0.36182	0.49961	0.00603	0.00888	0.00549	0.00252	0.00347
15	0.00629	0.00457	0.00553	0.00533	0.00645	0.00412	0.00391	0.00787	0.01124	0.03266	0.46684	0.07906	0.26309	0.07524	0.00666	0.00169	0.00239	0.00853	0.00450	0.00402
16	0.52390	0.00869	0.00778	0.00712	0.00968	0.01001	0.00576	0.01632	0.26944	0.01910	0.01152	0.01373	0.00937	0.00542	0.00362	0.00148	0.00354	0.06455	0.00346	0.00552
17	0.65224	0.01193	0.00816	0.00734	0.00999	0.22108	0.00583	0.01437	0.00892	0.01771	0.00641	0.00747	0.00508	0.00427	0.00310	0.00132	0.00465	0.00254	0.00265	0.00493
18	0.00575	0.00422	0.00539	0.00579	0.00650	0.00387	0.00408	0.00706	0.01027	0.01388	0.31420	0.44100	0.13771	0.01189	0.00550	0.00163	0.00238	0.01060	0.00443	0.00387
19	0.35899	0.01559	0.37047	0.00934	0.01394	0.03494	0.01035	0.04183	0.00921	0.01699	0.00736	0.00856	0.00549	0.00418	0.00358	0.00133	0.00505	0.00291	0.00241	0.07747
20	0.04679	0.60838	0.17896	0.00916	0.03495	0.01561	0.00944	0.01377	0.02631	0.01192	0.00689	0.00794	0.00590	0.00398	0.00322	0.00109	0.00508	0.00267	0.00201	0.00594

[dist]
# distance from previous block
# <min> <max>
0	1

[block]
# block no. 8 follows, 58 sequences, length 12
# corresponding to MSA columns:
# 343,345-350,357-361
name=unknown_I
#
# <colnr> <probs for GDERKNQSTAVLIFYWHMCP>
#	G	D	E	R	K	N	Q	S	T	A	V	L	I	F	Y	W	H	M	C	P
0	0.00595	0.00457	0.00551	0.00589	0.00681	0.00426	0.00425	0.00778	0.05314	0.01328	0.17326	0.38491	0.25356	0.01186	0.00547	0.00165	0.00254	0.04702	0.00431	0.00399
1	0.03354	0.01014	0.05345	0.00849	0.01170	0.04105	0.00702	0.04381	0.39004	0.05974	0.01375	0.03213	0.01064	0.00518	0.00412	0.00124	0.00385	0.00421	0.00375	0.26217
2	0.00919	0.12258	0.67858	0.01174	0.01772	0.01095	0.01478	0.01376	0.00957	0.01392	0.05110	0.01046	0.00764	0.00446	0.00414	0.00136	0.00615	0.00345	0.00206	0.00638
3	0.07178	0.06765	0.07089	0.01272	0.13648	0.01119	0.05546	0.05946	0.10301	0.02976	0.04741	0.01286	0.00948	0.02958	0.06308	0.00198	0.20441	0.00423	0.00277	0.00579
4	0.01180	0.43119	0.13886	0.01153	0.11869	0.01374	0.03428	0.01437	0.03190	0.08413	0.03303	0.01007	0.00776	0.00444	0.00408	0.00120	0.03699	0.00332	0.00245	0.00618
5	0.00541	0.00404	0.00503	0.00583	0.00638	0.00367	0.00397	0.00627	0.00895	0.01158	0.02954	0.65135	0.21496	0.01338	0.00561	0.00174	0.00252	0.01194	0.00415	0.00367
6	0.00888	0.00839	0.01419	0.70087	0.15864	0.01005	0.01264	0.01180	0.00915	0.01195	0.00803	0.01179	0.00615	0.00439	0.00447	0.00146	0.00586	0.00398	0.00202	0.00531
7	0.07362	0.36035	0.01669	0.00989	0.04956	0.24620	0.00800	0.05898	0.11285	0.01352	0.00830	0.00903	0.00686	0.00445	0.00357	0.00115	0.00550	0.00304	0.00258	0.00586
8	0.00902	0.00856	0.01117	0.00969	0.01001	0.04879	0.03823	0.00984	0.00735	0.01049	0.03372	0.01659	0.01026	0.26718	0.01603	0.00262	0.47903	0.00485	0.00231	0.00425
9	0.00651	0.00434	0.00488	0.00488	0.00488	0.00434	0.00271	0.00651	0.00651	0.00867	0.01409	0.02927	0.01626	0.84279	0.02277	0.00434	0.00434	0.00651	0.00271	0.00271
10	0.00847	0.00639	0.00877	0.00906	0.06770	0.00713	0.00651	0.05388	0.12124	0.04420	0.03553	0.04222	0.01247	0.02364	0.52558	0.00510	0.00905	0.00505	0.00304	0.00498
11	0.01057	0.01155	0.08199	0.01504	0.01890	0.01026	0.48387	0.01372	0.01010	0.06513	0.03101	0.03756	0.00851	0.00476	0.00597	0.00147	0.09387	0.00499	0.00258	0.08817

[dist]
# distance from previous block
# <min> <max>
0	3

[block]
# block no. 9 follows, 58 sequences, length 33
# corresponding to MSA columns:
# 365-388,391-399
name=unknown_J
#
# <colnr> <probs for GDERKNQSTAVLIFYWHMCP>
#	G	D	E	R	K	N	Q	S	T	A	V	L	I	F	Y	W	H	M	C	P
0	0.06297	0.00524	0.00665	0.00646	0.00698	0.00596	0.00463	0.00791	0.00693	0.01034	0.01221	0.02185	0.01277	0.38268	0.34717	0.00509	0.07209	0.01594	0.00255	0.00356
1	0.87439	0.00865	0.00657	0.00588	0.00865	0.01003	0.00484	0.01315	0.00761	0.02007	0.00623	0.00727	0.00484	0.00415	0.00277	0.00138	0.00346	0.00242	0.00277	0.00484
2	0.01000	0.01801	0.50305	0.01436	0.12022	0.01028	0.08050	0.01532	0.09663	0.04206	0.00960	0.01085	0.00703	0.00438	0.00437	0.00139	0.00597	0.00377	0.00241	0.03981
3	0.00533	0.00436	0.00470	0.00498	0.00616	0.00374	0.00360	0.00637	0.00977	0.01191	0.03991	0.25134	0.60827	0.01203	0.00540	0.00159	0.00235	0.01030	0.00415	0.00374
4	0.00931	0.00856	0.01396	0.68589	0.12023	0.01027	0.01232	0.06280	0.00987	0.01288	0.00818	0.01175	0.00620	0.00447	0.00447	0.00146	0.00582	0.00398	0.00218	0.00538
5	0.01499	0.01124	0.01217	0.00980	0.01287	0.04705	0.02876	0.48159	0.15237	0.07956	0.01343	0.06637	0.01052	0.00608	0.00457	0.00141	0.00460	0.01536	0.02025	0.00700
6	0.00559	0.00432	0.00511	0.00539	0.00635	0.00383	0.00386	0.00684	0.01021	0.01325	0.22149	0.32090	0.35330	0.01175	0.00543	0.00159	0.00234	0.01027	0.00434	0.00383
7	0.01025	0.00925	0.00921	0.00828	0.01028	0.08869	0.00642	0.05772	0.39025	0.01731	0.20906	0.02159	0.09052	0.00718	0.00520	0.00147	0.04137	0.00586	0.00426	0.00584
8	0.00701	0.00469	0.00576	0.00584	0.00680	0.00466	0.00453	0.00882	0.01041	0.01529	0.26413	0.11883	0.09873	0.00918	0.00525	0.00148	0.03861	0.12971	0.25614	0.00411
9	0.01010	0.00712	0.00849	0.00725	0.00910	0.00733	0.00570	0.23925	0.01481	0.05686	0.49414	0.05693	0.02941	0.00804	0.00524	0.00142	0.02190	0.00683	0.00472	0.00535
10	0.01142	0.01034	0.04841	0.01160	0.01408	0.01089	0.15411	0.05372	0.04582	0.10649	0.00906	0.01110	0.00720	0.00570	0.00845	0.00152	0.33192	0.00405	0.00279	0.15134
11	0.00907	0.00863	0.01323	0.54735	0.12996	0.04661	0.01164	0.01172	0.00936	0.01205	0.00989	0.01648	0.00863	0.00557	0.00511	0.00155	0.04169	0.10400	0.00230	0.00515
12	0.01385	0.01171	0.01981	0.01454	0.01847	0.02979	0.42460	0.23615	0.01377	0.13289	0.01062	0.01199	0.00758	0.00460	0.00516	0.00145	0.02829	0.00473	0.00334	0.00665
13	0.01103	0.01188	0.01858	0.04591	0.01745	0.09855	0.32960	0.04593	0.00972	0.01304	0.00794	0.01153	0.00674	0.00571	0.00874	0.00165	0.32700	0.02125	0.00227	0.00549
14	0.00869	0.00433	0.00454	0.00445	0.00557	0.00432	0.00337	0.01074	0.00941	0.04646	0.01459	0.01666	0.01144	0.00651	0.04053	0.00133	0.00260	0.00421	0.79595	0.00429
15	0.07544	0.00768	0.01013	0.00782	0.01124	0.00680	0.00646	0.02124	0.01247	0.76627	0.01691	0.01471	0.01067	0.00545	0.00439	0.00138	0.00378	0.00436	0.00536	0.00743
16	0.00649	0.00438	0.00510	0.00510	0.00517	0.00445	0.00298	0.00664	0.00657	0.00883	0.01390	0.02817	0.01578	0.76663	0.09828	0.00461	0.00506	0.00634	0.00268	0.00283
17	0.00584	0.00457	0.00530	0.00517	0.00645	0.00403	0.00392	0.00747	0.01136	0.01489	0.40588	0.03876	0.42331	0.01034	0.00531	0.00148	0.00226	0.03515	0.00452	0.00400
18	0.01216	0.01432	0.03657	0.01423	0.01757	0.27822	0.39394	0.01522	0.03991	0.01374	0.06106	0.01251	0.00924	0.00457	0.00469	0.00136	0.00687	0.00455	0.05370	0.00558
19	0.00645	0.00457	0.00604	0.00604	0.00644	0.00497	0.00416	0.00725	0.00685	0.00953	0.01303	0.02338	0.01370	0.43528	0.42679	0.00577	0.00819	0.00564	0.00255	0.00336
20	0.01291	0.01014	0.12452	0.00890	0.01206	0.00856	0.00803	0.01939	0.31779	0.26744	0.08433	0.01918	0.01505	0.00638	0.00468	0.00149	0.00398	0.06396	0.00448	0.00671
21	0.01247	0.04013	0.03093	0.01160	0.07799	0.10286	0.05743	0.10179	0.46206	0.03295	0.01416	0.01385	0.01069	0.00539	0.00446	0.00142	0.00470	0.00449	0.00383	0.00681
22	0.00845	0.00795	0.01342	0.83204	0.03081	0.00994	0.01242	0.01143	0.00894	0.01143	0.00795	0.01193	0.00596	0.00447	0.00447	0.00149	0.00596	0.00398	0.00199	0.00497
23	0.03322	0.01309	0.19310	0.01231	0.03952	0.02489	0.18132	0.13652	0.04394	0.22443	0.01260	0.01346	0.02578	0.00502	0.00461	0.00143	0.00548	0.01897	0.00354	0.00676
24	0.14253	0.08642	0.01141	0.00789	0.01132	0.00907	0.00663	0.12375	0.01267	0.49020	0.01363	0.01249	0.00904	0.00507	0.00405	0.00131	0.00398	0.00387	0.00454	0.04013
25	0.02007	0.00761	0.01038	0.00796	0.01142	0.00657	0.00657	0.02180	0.01280	0.81799	0.01765	0.01523	0.01107	0.00554	0.00450	0.00138	0.00381	0.00450	0.00554	0.00761
26	0.00904	0.02268	0.78648	0.01300	0.01953	0.01043	0.04920	0.01417	0.00949	0.01417	0.00807	0.00955	0.00571	0.00423	0.00429	0.00142	0.00665	0.00339	0.00190	0.00659
27	0.02892	0.00744	0.01014	0.04724	0.13260	0.00761	0.00749	0.04447	0.11527	0.18984	0.09573	0.15438	0.03099	0.00780	0.00520	0.00155	0.02859	0.07478	0.00411	0.00585
28	0.05714	0.00766	0.01022	0.00787	0.01130	0.00672	0.00650	0.02142	0.01258	0.78337	0.01715	0.01488	0.01080	0.00548	0.00442	0.00138	0.00379	0.00441	0.00542	0.00749
29	0.01961	0.00787	0.01048	0.00809	0.01152	0.00702	0.00667	0.05108	0.04355	0.75771	0.01741	0.01511	0.01104	0.00555	0.00450	0.00139	0.00384	0.00450	0.00546	0.00759
30	0.01179	0.05432	0.49133	0.01267	0.08273	0.03533	0.02741	0.01563	0.01029	0.18200	0.01035	0.02922	0.00747	0.00470	0.00430	0.00138	0.00581	0.00380	0.00275	0.00670
31	0.04170	0.01039	0.06166	0.18954	0.26413	0.02685	0.01099	0.04922	0.06434	0.14932	0.01028	0.01192	0.00769	0.00492	0.00527	0.00144	0.07695	0.00402	0.00296	0.00641
32	0.01124	0.00816	0.00871	0.00762	0.00982	0.00892	0.00597	0.21215	0.28108	0.03452	0.01770	0.08303	0.06464	0.00665	0.00432	0.00138	0.00337	0.00547	0.21926	0.00601

[dist]
# distance from previous block
# <min> <max>
0	1

[block]
# block no. 10 follows, 58 sequences, length 24
# corresponding to MSA columns:
# 416-423,425-433,438-444
name=unknown_K
#
# <colnr> <probs for GDERKNQSTAVLIFYWHMCP>
#	G	D	E	R	K	N	Q	S	T	A	V	L	I	F	Y	W	H	M	C	P
0	0.03762	0.00696	0.01131	0.01062	0.09753	0.00687	0.17030	0.00997	0.00813	0.04785	0.01214	0.02135	0.01224	0.44242	0.08300	0.00343	0.00570	0.00560	0.00267	0.00428
1	0.39291	0.04957	0.01076	0.00906	0.01168	0.41499	0.02520	0.01553	0.01026	0.01501	0.00663	0.00777	0.00538	0.00436	0.00346	0.00125	0.00590	0.00271	0.00249	0.00508
2	0.01016	0.00966	0.01641	0.26693	0.55878	0.01025	0.01308	0.01290	0.00988	0.01375	0.03032	0.01194	0.00771	0.00427	0.00446	0.00138	0.00542	0.00410	0.00222	0.00638
3	0.00932	0.00490	0.00659	0.00665	0.00779	0.00443	0.00479	0.01042	0.00990	0.22244	0.06699	0.57929	0.02546	0.01153	0.00537	0.00168	0.00288	0.01031	0.00456	0.00471
4	0.00610	0.00479	0.00550	0.00536	0.00665	0.00436	0.00404	0.00812	0.04508	0.01470	0.35607	0.03781	0.39819	0.04093	0.00594	0.00160	0.00242	0.04387	0.00443	0.00408
5	0.00555	0.00428	0.00507	0.00543	0.00634	0.00380	0.00386	0.00671	0.00998	0.01289	0.17849	0.36714	0.35036	0.01202	0.00546	0.00162	0.00237	0.01053	0.00430	0.00380
6	0.21996	0.01142	0.01348	0.01354	0.17665	0.15222	0.11010	0.01555	0.01033	0.16360	0.00964	0.02212	0.00744	0.01901	0.00479	0.00143	0.03590	0.00384	0.00301	0.00598
7	0.84594	0.00907	0.00678	0.00607	0.00882	0.03707	0.00497	0.01331	0.00778	0.01977	0.00625	0.00729	0.00487	0.00417	0.00281	0.00138	0.00361	0.00244	0.00275	0.00486
8	0.00881	0.00719	0.01111	0.36339	0.10515	0.00834	0.03043	0.01130	0.00919	0.01367	0.03114	0.01376	0.00884	0.00504	0.00493	0.00137	0.07416	0.00418	0.28306	0.00494
9	0.00894	0.00819	0.01252	0.49890	0.09388	0.00874	0.01028	0.01158	0.00916	0.01271	0.00799	0.01101	0.00627	0.00406	0.00410	0.00121	0.00506	0.00356	0.00222	0.27961
10	0.00554	0.00402	0.00525	0.00620	0.00661	0.00373	0.00426	0.00641	0.00880	0.01158	0.02630	0.72997	0.09392	0.01370	0.00570	0.00181	0.00265	0.05572	0.00415	0.00367
11	0.01140	0.01154	0.01178	0.29855	0.03948	0.21687	0.00925	0.03704	0.18391	0.02780	0.09669	0.01429	0.01164	0.00539	0.00446	0.00139	0.00548	0.00438	0.00307	0.00557
12	0.00597	0.00456	0.00549	0.00525	0.00646	0.00407	0.00394	0.00775	0.01182	0.01594	0.55059	0.03670	0.30539	0.00989	0.00528	0.00144	0.00216	0.00855	0.00466	0.00407
