[name]
unknown

[dist]
# distance from previous block
# <min> <max>
0	71

[block]
# block no. 0 follows, 79 sequences, length 26
# corresponding to MSA columns:
# 93-96,99-107,109-121
name=unknown_A
#
# <colnr> <probs for GDERKNQSTAVLIFYWHMCP>
#	G	D	E	R	K	N	Q	S	T	A	V	L	I	F	Y	W	H	M	C	P
0	0.00869	0.17956	0.17548	0.00790	0.01036	0.17045	0.02901	0.06858	0.00866	0.01061	0.00988	0.04945	0.00964	0.00546	0.00372	0.00116	0.01763	0.22725	0.00225	0.00426
1	0.04764	0.02992	0.09755	0.03840	0.02953	0.07468	0.21527	0.27488	0.01070	0.02555	0.00714	0.00822	0.00533	0.00347	0.00344	0.00102	0.00453	0.00308	0.00238	0.11728
2	0.00527	0.00398	0.00504	0.00458	0.00574	0.00349	0.00344	0.00679	0.00914	0.01302	0.60200	0.11069	0.05351	0.00690	0.00394	0.00105	0.00186	0.00608	0.00350	0.14997
3	0.00514	0.00398	0.00434	0.00430	0.00541	0.00361	0.00319	0.06982	0.00846	0.02657	0.04287	0.22939	0.56234	0.00895	0.00418	0.00123	0.00203	0.00763	0.00332	0.00324
4	0.00436	0.00310	0.00411	0.00488	0.00509	0.00291	0.00326	0.00496	0.00669	0.00891	0.01899	0.81544	0.02272	0.05522	0.00519	0.00154	0.00214	0.02445	0.00321	0.00283
5	0.01048	0.00473	0.00607	0.00507	0.00686	0.00420	0.00403	0.01192	0.00942	0.42790	0.22207	0.01793	0.10052	0.00548	0.00358	0.00106	0.00233	0.00459	0.14714	0.00460
6	0.01010	0.00823	0.00872	0.00744	0.00967	0.00939	0.00590	0.25539	0.60895	0.01689	0.01265	0.01180	0.00939	0.00462	0.00357	0.00116	0.00310	0.00375	0.00357	0.00570
7	0.40880	0.00654	0.00696	0.00563	0.00812	0.00666	0.00465	0.05277	0.00857	0.44418	0.00965	0.00905	0.00642	0.00387	0.00294	0.00109	0.00292	0.00280	0.00335	0.00503
8	0.78121	0.00723	0.00591	0.00510	0.00737	0.00831	0.00421	0.12268	0.00743	0.01668	0.00539	0.00609	0.00411	0.00340	0.00236	0.00109	0.00288	0.00208	0.00236	0.00411
9	0.00504	0.00375	0.00552	0.00552	0.00610	0.00433	0.00423	0.00620	0.00562	0.00808	0.00957	0.01456	0.00912	0.09193	0.79710	0.00549	0.00898	0.00388	0.00191	0.00307
10	0.00942	0.87826	0.01847	0.00603	0.00905	0.01395	0.00603	0.01055	0.00716	0.00829	0.00490	0.00565	0.00452	0.00302	0.00226	0.00075	0.00377	0.00188	0.00151	0.00452
11	0.00823	0.00867	0.01191	0.00990	0.01048	0.08085	0.10648	0.00928	0.00612	0.00883	0.00499	0.00781	0.00470	0.00558	0.01000	0.00145	0.69600	0.00314	0.00159	0.00398
12	0.00834	0.00728	0.02850	0.00696	0.00892	0.00794	0.03319	0.02698	0.65908	0.01439	0.04899	0.01361	0.02033	0.00476	0.00352	0.00115	0.00279	0.00401	0.09408	0.00519
13	0.00424	0.00357	0.00368	0.00365	0.00481	0.00301	0.00274	0.00521	0.00822	0.00996	0.11376	0.03319	0.77439	0.00876	0.00416	0.00118	0.00177	0.00734	0.00333	0.00301
14	0.00747	0.00709	0.01204	0.53451	0.35107	0.00804	0.01019	0.00972	0.00743	0.00999	0.00641	0.00913	0.00505	0.00337	0.00351	0.00112	0.00450	0.00314	0.00164	0.00457
15	0.00500	0.00345	0.00410	0.00424	0.00448	0.00336	0.00272	0.00543	0.00624	0.00834	0.10848	0.13791	0.05133	0.56153	0.01304	0.00266	0.00296	0.06962	0.00261	0.00249
16	0.00612	0.00306	0.00459	0.00459	0.00459	0.00306	0.00306	0.00459	0.00459	0.00612	0.00612	0.01071	0.00612	0.01224	0.01377	0.89746	0.00306	0.00306	0.00153	0.00153
17	0.00823	0.11940	0.27293	0.01147	0.01509	0.00958	0.37025	0.04581	0.00797	0.01106	0.00642	0.00818	0.00493	0.00346	0.00438	0.00114	0.08990	0.00326	0.00171	0.00483
18	0.01248	0.00572	0.00744	0.00580	0.00832	0.00485	0.00470	0.01399	0.02330	0.56146	0.05660	0.04544	0.05245	0.00466	0.00346	0.00100	0.00275	0.00386	0.00379	0.17793
19	0.00804	0.00636	0.00812	0.00723	0.00806	0.05561	0.03331	0.07264	0.00741	0.09571	0.01038	0.23004	0.01048	0.00937	0.09664	0.06466	0.26470	0.00497	0.00248	0.00379
20	0.01089	0.04141	0.00993	0.09499	0.01158	0.00995	0.00658	0.42924	0.31514	0.01765	0.01023	0.01014	0.00753	0.00431	0.00350	0.00111	0.00356	0.00341	0.00327	0.00558
21	0.86137	0.00695	0.00542	0.00479	0.00700	0.00804	0.00395	0.04754	0.00647	0.01610	0.00507	0.00585	0.00391	0.00331	0.00224	0.00109	0.00278	0.00196	0.00224	0.00391
22	0.00595	0.00664	0.09281	0.00688	0.07260	0.05537	0.04239	0.00793	0.04386	0.01130	0.24444	0.05251	0.33009	0.00677	0.00396	0.00114	0.00279	0.00582	0.00300	0.00375
23	0.00739	0.00360	0.00397	0.00377	0.00477	0.00356	0.00289	0.00897	0.00753	0.09841	0.01158	0.01308	0.00898	0.00585	0.06884	0.00122	0.00238	0.00335	0.73629	0.00355
24	0.00860	0.00725	0.00924	0.09524	0.04254	0.02445	0.06240	0.24943	0.10093	0.01382	0.03194	0.04947	0.13276	0.00691	0.06742	0.00150	0.07237	0.00433	0.01483	0.00455
25	0.00704	0.00802	0.09803	0.60571	0.06224	0.00813	0.10913	0.00956	0.00722	0.00960	0.00633	0.00911	0.00479	0.00352	0.00388	0.00118	0.03748	0.00320	0.00159	0.00422

[dist]
# distance from previous block
# <min> <max>
2	19

[block]
# block no. 1 follows, 79 sequences, length 27
# corresponding to MSA columns:
# 144-170
name=unknown_B
#
# <colnr> <probs for GDERKNQSTAVLIFYWHMCP>
#	G	D	E	R	K	N	Q	S	T	A	V	L	I	F	Y	W	H	M	C	P
0	0.00488	0.00360	0.00456	0.00432	0.00520	0.00328	0.00324	0.00644	0.00972	0.01353	0.74563	0.02732	0.14030	0.00743	0.00416	0.00112	0.00168	0.00651	0.00380	0.00328
1	0.01317	0.01680	0.00999	0.00908	0.01090	0.86199	0.00681	0.01407	0.00999	0.00863	0.00545	0.00636	0.00454	0.00363	0.00318	0.00091	0.00636	0.00227	0.00182	0.00409
2	0.01046	0.05051	0.00953	0.35604	0.02905	0.00690	0.00708	0.05198	0.00883	0.32521	0.06169	0.01128	0.00818	0.00411	0.00355	0.00110	0.01205	0.00343	0.03423	0.00479
3	0.00467	0.00342	0.00445	0.00516	0.00552	0.00332	0.00359	0.00594	0.05891	0.00947	0.01905	0.75963	0.02231	0.01056	0.00447	0.00143	0.00218	0.06957	0.00329	0.00306
4	0.00936	0.10926	0.34865	0.00818	0.02599	0.09993	0.01723	0.05408	0.00841	0.11365	0.00781	0.00861	0.00578	0.00371	0.00341	0.00102	0.03465	0.00277	0.13269	0.00482
5	0.00428	0.00362	0.00379	0.02325	0.00521	0.00311	0.00286	0.00521	0.00798	0.00961	0.06530	0.05049	0.76331	0.03083	0.00451	0.00125	0.00189	0.00730	0.00323	0.00299
6	0.01064	0.00867	0.00895	0.00750	0.00980	0.03666	0.00598	0.35349	0.45537	0.01742	0.01236	0.01170	0.03598	0.00466	0.00357	0.00113	0.00331	0.00371	0.00349	0.00562
7	0.00803	0.00726	0.00814	0.12048	0.01082	0.06780	0.00527	0.06212	0.00806	0.01163	0.00634	0.00759	0.00515	0.00291	0.00283	0.00067	0.00324	0.00231	0.00209	0.65726
8	0.01019	0.66663	0.01653	0.00719	0.03741	0.19375	0.00635	0.01131	0.00779	0.00847	0.00507	0.00590	0.00456	0.00315	0.00250	0.00080	0.00433	0.00201	0.00158	0.00447
9	0.18453	0.00759	0.01153	0.22191	0.47112	0.00820	0.00911	0.02578	0.00755	0.01196	0.00624	0.00829	0.00503	0.00328	0.00324	0.00109	0.00402	0.00290	0.00182	0.00484
10	0.02442	0.00784	0.01183	0.27294	0.11341	0.03645	0.14912	0.15191	0.06620	0.03743	0.00846	0.06299	0.00691	0.00475	0.02875	0.00128	0.00453	0.00378	0.00231	0.00469
11	0.00505	0.00376	0.00518	0.03298	0.00634	0.00402	0.00414	0.00601	0.00643	0.00872	0.02521	0.25512	0.04269	0.15302	0.26516	0.00304	0.03201	0.13558	0.00257	0.00297
12	0.00438	0.00322	0.00406	0.00460	0.00503	0.00295	0.00314	0.00513	0.00725	0.00955	0.11061	0.61535	0.16053	0.04065	0.00488	0.00143	0.00201	0.00903	0.00330	0.00290
13	0.01507	0.00583	0.00794	0.00615	0.00874	0.00505	0.00505	0.01646	0.01008	0.79914	0.07108	0.01297	0.01040	0.00456	0.00359	0.00109	0.00291	0.00374	0.00433	0.00582
14	0.01396	0.00567	0.00753	0.00592	0.00839	0.00494	0.00484	0.01546	0.02757	0.71223	0.05145	0.01498	0.10068	0.00498	0.00364	0.00110	0.00281	0.00409	0.00421	0.00555
15	0.10437	0.00587	0.00744	0.00586	0.00835	0.00535	0.00481	0.01573	0.02384	0.68317	0.01279	0.01148	0.00829	0.00424	0.00331	0.00107	0.00285	0.00336	0.08228	0.00553
16	0.79858	0.00668	0.00535	0.00473	0.00690	0.00760	0.00388	0.02607	0.00649	0.05689	0.00687	0.00742	0.04418	0.00361	0.00237	0.00109	0.00272	0.00227	0.00236	0.00393
17	0.01652	0.00639	0.00753	0.03483	0.00798	0.10446	0.00551	0.02165	0.00619	0.00839	0.00729	0.01104	0.00685	0.04017	0.38175	0.09977	0.22525	0.00334	0.00178	0.00331
18	0.05747	0.02549	0.01592	0.02654	0.05440	0.05020	0.49724	0.01108	0.04630	0.03051	0.00805	0.07298	0.00681	0.00398	0.00444	0.00119	0.06870	0.00415	0.00203	0.01253
19	0.00846	0.02290	0.00997	0.07184	0.05000	0.12587	0.00715	0.01835	0.08848	0.00978	0.00659	0.00877	0.00572	0.00559	0.02748	0.00139	0.45212	0.00308	0.07233	0.00411
20	0.00471	0.00364	0.00433	0.00429	0.00527	0.00326	0.00330	0.00605	0.00895	0.01179	0.41674	0.03099	0.37887	0.00821	0.00424	0.00120	0.00188	0.09556	0.00355	0.00317
21	0.00728	0.00706	0.01106	0.64652	0.17311	0.04815	0.00966	0.00948	0.00732	0.00941	0.00639	0.00927	0.00498	0.00419	0.03103	0.00128	0.00484	0.00311	0.00162	0.00420
22	0.00481	0.00355	0.00458	0.00512	0.00570	0.00338	0.00381	0.00611	0.03441	0.01022	0.12491	0.46456	0.11602	0.00984	0.00447	0.00140	0.00225	0.18840	0.00335	0.00310
23	0.00507	0.00374	0.00557	0.00557	0.00615	0.00433	0.00428	0.00620	0.00561	0.00807	0.00940	0.01409	0.00888	0.05679	0.80654	0.03192	0.00903	0.00380	0.00189	0.00306
24	0.00908	0.72789	0.07291	0.00664	0.00948	0.01323	0.00667	0.01037	0.00699	0.00850	0.00496	0.00599	0.00453	0.00338	0.00333	0.00086	0.09710	0.00206	0.00151	0.00450
25	0.00443	0.00338	0.00397	0.00429	0.00502	0.00302	0.00308	0.00535	0.00773	0.01000	0.12401	0.36714	0.37355	0.00945	0.00427	0.00128	0.00192	0.03496	0.03015	0.00299
26	0.10670	0.01033	0.02956	0.12120	0.13434	0.27010	0.05310	0.04756	0.00886	0.11526	0.02150	0.02516	0.01512	0.00389	0.00351	0.00106	0.02284	0.00306	0.00226	0.00458

[dist]
# distance from previous block
# <min> <max>
1	33

[block]
# block no. 2 follows, 79 sequences, length 41
# corresponding to MSA columns:
# 206-227,241-259
name=unknown_C
#
# <colnr> <probs for GDERKNQSTAVLIFYWHMCP>
#	G	D	E	R	K	N	Q	S	T	A	V	L	I	F	Y	W	H	M	C	P
0	0.00971	0.00830	0.00894	0.00681	0.00967	0.13114	0.05944	0.07283	0.03620	0.10961	0.00751	0.00813	0.00577	0.00318	0.00300	0.00075	0.00352	0.00256	0.00245	0.51048
1	0.01125	0.03135	0.02224	0.00872	0.02049	0.48054	0.04839	0.02535	0.22016	0.03661	0.00843	0.00923	0.00670	0.00488	0.03722	0.00120	0.00528	0.01503	0.00237	0.00457
2	0.05288	0.00605	0.00704	0.00525	0.00810	0.00477	0.00417	0.00930	0.00741	0.07553	0.00769	0.06793	0.00667	0.00336	0.00279	0.00066	0.00261	0.00274	0.00235	0.72270
3	0.00501	0.00391	0.00451	0.00449	0.00532	0.01749	0.00327	0.00656	0.04916	0.01139	0.36571	0.16189	0.24376	0.07624	0.00527	0.00137	0.00206	0.02597	0.00342	0.00319
4	0.01510	0.00449	0.00548	0.01860	0.00670	0.00432	0.00410	0.01732	0.10240	0.13268	0.19903	0.14358	0.22025	0.00765	0.00410	0.00124	0.00233	0.10324	0.00356	0.00384
5	0.01083	0.01044	0.00983	0.00863	0.03204	0.23947	0.05469	0.22507	0.26111	0.01435	0.01012	0.01188	0.00814	0.00456	0.00357	0.00111	0.00427	0.06806	0.01682	0.00501
6	0.00555	0.00383	0.00478	0.00470	0.00518	0.00404	0.00327	0.04812	0.00656	0.00928	0.07708	0.08738	0.01339	0.36482	0.27124	0.00343	0.00489	0.00496	0.07462	0.00288
7	0.00836	0.33662	0.42518	0.00815	0.01207	0.01031	0.02019	0.07577	0.00795	0.01074	0.00621	0.00767	0.00504	0.04737	0.00371	0.00109	0.00449	0.00253	0.00169	0.00485
8	0.66971	0.07556	0.02098	0.00519	0.00755	0.02652	0.00440	0.03013	0.03987	0.04023	0.00574	0.00639	0.00444	0.00334	0.00238	0.00104	0.00296	0.00210	0.00226	0.04924
9	0.00615	0.00545	0.00730	0.00665	0.00705	0.00670	0.00532	0.00713	0.00698	0.00989	0.19252	0.05916	0.12052	0.07543	0.00866	0.00155	0.39421	0.07340	0.00253	0.00340
10	0.02331	0.00881	0.02341	0.05465	0.07104	0.11354	0.03507	0.14729	0.33692	0.01376	0.01110	0.05277	0.02654	0.00545	0.03745	0.00129	0.00395	0.00380	0.00287	0.02695
11	0.25575	0.00890	0.01084	0.02721	0.45953	0.12008	0.00813	0.02207	0.00782	0.01240	0.00639	0.00856	0.00541	0.00347	0.00313	0.00106	0.00404	0.02845	0.00194	0.00481
12	0.01317	0.01680	0.00999	0.00908	0.01090	0.86199	0.00681	0.01407	0.00999	0.00863	0.00545	0.00636	0.00454	0.00363	0.00318	0.00091	0.00636	0.00227	0.00182	0.00409
13	0.00481	0.00360	0.00447	0.00425	0.00516	0.00325	0.00319	0.00631	0.00956	0.01315	0.67909	0.02794	0.20707	0.00757	0.00416	0.00113	0.00169	0.00660	0.00375	0.00325
14	0.00934	0.00815	0.00808	0.00721	0.00919	0.07534	0.00560	0.04300	0.69317	0.04328	0.04833	0.01298	0.01099	0.00476	0.00357	0.00116	0.00306	0.00391	0.00348	0.00539
15	0.18744	0.02568	0.02155	0.06500	0.01029	0.00883	0.00593	0.37523	0.08854	0.10264	0.06736	0.00994	0.00803	0.00423	0.00328	0.00109	0.00338	0.00322	0.00317	0.00516
16	0.00473	0.00351	0.00442	0.00441	0.00519	0.00320	0.00325	0.00607	0.00902	0.01233	0.54360	0.18085	0.17374	0.00825	0.00423	0.00119	0.00178	0.02339	0.00365	0.00318
17	0.49110	0.00711	0.00726	0.00591	0.00836	0.02454	0.03427	0.08461	0.00839	0.28543	0.00819	0.00812	0.00565	0.00370	0.00282	0.00109	0.00310	0.00263	0.00297	0.00474
18	0.00561	0.00371	0.00428	0.00416	0.00432	0.00378	0.00250	0.04572	0.00565	0.00755	0.01050	0.02103	0.01179	0.73553	0.03929	0.08177	0.00357	0.00481	0.00214	0.00230
19	0.00857	0.06983	0.03151	0.01064	0.01250	0.07674	0.28131	0.03220	0.00727	0.00997	0.00575	0.00805	0.00491	0.00441	0.00700	0.00125	0.37369	0.00323	0.00172	0.04945
20	0.02640	0.09159	0.27813	0.04301	0.07967	0.01988	0.09416	0.03548	0.00808	0.06551	0.04896	0.00995	0.00723	0.00396	0.01332	0.00108	0.00407	0.00314	0.16172	0.00465
21	0.00841	0.43590	0.28180	0.04155	0.01156	0.02923	0.00835	0.01119	0.07312	0.00976	0.00653	0.03008	0.00550	0.00360	0.00312	0.00096	0.03030	0.00259	0.00172	0.00472
22	0.55745	0.00798	0.00606	0.00546	0.00735	0.13821	0.00433	0.06350	0.00744	0.01427	0.00658	0.00872	0.00555	0.04603	0.00331	0.00117	0.00332	0.03312	0.07631	0.00385
23	0.00897	0.00901	0.01312	0.20778	0.46819	0.10796	0.05853	0.05112	0.00843	0.01108	0.00650	0.00862	0.00526	0.00337	0.00362	0.00108	0.01751	0.00310	0.00180	0.00498
24	0.00607	0.00308	0.00456	0.00456	0.00456	0.00308	0.00302	0.00462	0.00462	0.00616	0.00636	0.01131	0.00645	0.05414	0.01398	0.85410	0.00308	0.00316	0.00156	0.00156
25	0.00540	0.00386	0.00520	0.00588	0.00655	0.00381	0.00487	0.00670	0.00762	0.00990	0.01867	0.11777	0.06099	0.11392	0.00637	0.00180	0.00308	0.61143	0.00312	0.00306
26	0.00528	0.00365	0.00478	0.00462	0.00522	0.00367	0.00331	0.00636	0.00751	0.03039	0.37147	0.02203	0.03556	0.24950	0.22835	0.00291	0.00417	0.00532	0.00289	0.00301
27	0.00996	0.00777	0.00835	0.00723	0.00940	0.00878	0.00570	0.13270	0.66701	0.08175	0.01350	0.01241	0.00994	0.00467	0.00357	0.00117	0.00296	0.00384	0.00364	0.00567
28	0.47154	0.00765	0.00730	0.00600	0.00841	0.00850	0.00493	0.26655	0.05056	0.11627	0.00759	0.00775	0.00546	0.00378	0.00282	0.00108	0.00310	0.00260	0.01330	0.00482
29	0.46323	0.00769	0.00728	0.00596	0.00835	0.00856	0.00490	0.31380	0.01024	0.08389	0.00724	0.00759	0.00526	0.00375	0.00279	0.00106	0.00311	0.00257	0.04797	0.00475
30	0.00707	0.01823	0.85788	0.01005	0.01525	0.00818	0.01302	0.01116	0.00744	0.01116	0.00632	0.00744	0.00446	0.00335	0.00335	0.00112	0.00521	0.00260	0.00149	0.00521
31	0.00942	0.87826	0.01847	0.00603	0.00905	0.01395	0.00603	0.01055	0.00716	0.00829	0.00490	0.00565	0.00452	0.00302	0.00226	0.00075	0.00377	0.00188	0.00151	0.00452
32	0.52846	0.00616	0.00552	0.07224	0.00776	0.02406	0.00418	0.03674	0.00685	0.01442	0.00697	0.01924	0.00555	0.00371	0.00267	0.00104	0.02277	0.00253	0.22540	0.00376
33	0.00856	0.00662	0.00771	0.04428	0.03225	0.00733	0.00550	0.12797	0.36822	0.05658	0.09016	0.05365	0.02800	0.06620	0.00494	0.00136	0.02305	0.05954	0.00332	0.00478
34	0.00890	0.00449	0.00587	0.00512	0.00668	0.00398	0.00404	0.01030	0.00953	0.32586	0.35451	0.05426	0.13700	0.00666	0.00398	0.00115	0.00227	0.04723	0.00392	0.00425
35	0.00776	0.00739	0.01257	0.41513	0.46817	0.00812	0.01034	0.00997	0.00757	0.01035	0.00646	0.00904	0.00517	0.00332	0.00351	0.00111	0.00442	0.00314	0.00166	0.00481
36	0.00439	0.00354	0.00390	0.00390	0.00492	0.00306	0.00289	0.00545	0.00843	0.01066	0.24310	0.09907	0.57704	0.00866	0.00419	0.00119	0.00177	0.00737	0.00343	0.00306
37	0.00597	0.00310	0.00451	0.00451	0.00460	0.00305	0.00303	0.00463	0.00486	0.00639	0.00844	0.01253	0.07246	0.01198	0.01302	0.82722	0.00296	0.00340	0.00167	0.00164
38	0.00911	0.76518	0.12884	0.00656	0.00986	0.01319	0.00695	0.01063	0.00720	0.00867	0.00509	0.00589	0.00452	0.00306	0.00240	0.00080	0.00396	0.00198	0.00151	0.00461
39	0.00581	0.00438	0.00531	0.00536	0.00623	0.00443	0.00394	0.00847	0.18336	0.01080	0.12639	0.30127	0.04267	0.06895	0.00586	0.07166	0.00247	0.09269	0.00314	0.04678
40	0.00704	0.00666	0.01067	0.72175	0.07974	0.02191	0.00949	0.02833	0.00734	0.00947	0.00694	0.00978	0.02440	0.00374	0.00385	0.00117	0.03876	0.00322	0.00167	0.00406

[dist]
# distance from previous block
# <min> <max>
3	7

[block]
# block no. 3 follows, 79 sequences, length 41
# corresponding to MSA columns:
# 267-272,274-308
name=unknown_D
#
# <colnr> <probs for GDERKNQSTAVLIFYWHMCP>
#	G	D	E	R	K	N	Q	S	T	A	V	L	I	F	Y	W	H	M	C	P
0	0.00665	0.00389	0.00428	0.00407	0.00510	0.00379	0.00308	0.05332	0.01930	0.04943	0.15001	0.08201	0.11895	0.00575	0.00322	0.00099	0.00189	0.00482	0.47597	0.00352
1	0.00848	0.00881	0.01601	0.08142	0.07301	0.02640	0.46734	0.05156	0.07794	0.01169	0.00740	0.00933	0.00571	0.00346	0.00440	0.00114	0.06943	0.00367	0.00200	0.07079
2	0.00681	0.00643	0.01086	0.80249	0.08821	0.00787	0.00987	0.00914	0.00712	0.00920	0.00629	0.00934	0.00477	0.00349	0.00352	0.00116	0.00466	0.00313	0.00158	0.00404
3	0.00776	0.00752	0.00682	0.00618	0.00774	0.18213	0.03526	0.09392	0.08190	0.01143	0.02923	0.04439	0.34826	0.00667	0.00384	0.00114	0.00331	0.07562	0.04304	0.00384
4	0.00505	0.00357	0.00470	0.00474	0.00504	0.00385	0.00324	0.00566	0.00544	0.00755	0.01068	0.05442	0.01139	0.44449	0.41023	0.00438	0.00616	0.00470	0.00207	0.00264
5	0.00924	0.17613	0.09579	0.01174	0.11443	0.04698	0.30307	0.10699	0.02655	0.02646	0.03299	0.02001	0.00643	0.00350	0.00351	0.00105	0.00473	0.00339	0.00207	0.00494
6	0.00704	0.00575	0.00714	0.00635	0.00710	0.03429	0.00505	0.00896	0.06981	0.04720	0.35570	0.02576	0.01767	0.00618	0.00635	0.00123	0.28940	0.00459	0.09064	0.00379
7	0.13534	0.02697	0.03681	0.05251	0.16539	0.19538	0.09146	0.12660	0.04167	0.01275	0.00690	0.02756	0.00561	0.00372	0.00347	0.00105	0.02460	0.00299	0.00216	0.03706
8	0.03898	0.00728	0.00821	0.00652	0.00894	0.04269	0.00531	0.25072	0.04536	0.41239	0.02526	0.01099	0.00815	0.00430	0.00337	0.00105	0.00319	0.00337	0.10844	0.00547
9	0.00870	0.00643	0.00757	0.00559	0.00852	0.00524	0.00448	0.08534	0.00844	0.10853	0.00788	0.04425	0.00645	0.00331	0.00288	0.00067	0.00275	0.00268	0.00253	0.67775
10	0.00555	0.00374	0.00468	0.00439	0.00541	0.00336	0.00331	0.00698	0.00942	0.07282	0.57862	0.06242	0.21095	0.00754	0.00413	0.00114	0.00180	0.00656	0.00376	0.00342
11	0.01250	0.01559	0.00966	0.00880	0.01057	0.76613	0.00662	0.01403	0.06582	0.00901	0.00622	0.00715	0.00515	0.00474	0.04206	0.00114	0.00626	0.00245	0.00194	0.00414
12	0.00903	0.23523	0.10484	0.00574	0.00804	0.00769	0.00539	0.04474	0.08429	0.12529	0.00963	0.01061	0.00749	0.04030	0.00345	0.00102	0.00305	0.00301	0.28670	0.00446
13	0.04400	0.00409	0.00521	0.00478	0.00595	0.00380	0.00371	0.00824	0.00957	0.13446	0.59635	0.03893	0.06886	0.00692	0.00403	0.00114	0.00200	0.05046	0.00380	0.00370
14	0.00581	0.00356	0.00431	0.01834	0.00524	0.00339	0.00314	0.00730	0.00860	0.03878	0.40183	0.08157	0.06968	0.01372	0.00380	0.01120	0.00181	0.00545	0.30917	0.00332
15	0.00492	0.00358	0.00426	0.00456	0.00528	0.00329	0.00321	0.00610	0.04514	0.03942	0.06275	0.45868	0.29440	0.04142	0.00479	0.00139	0.00206	0.00832	0.00331	0.00313
16	0.00756	0.00750	0.01049	0.00906	0.00907	0.01044	0.00751	0.00832	0.00546	0.00851	0.00530	0.04689	0.00547	0.00639	0.01125	0.00154	0.83044	0.00340	0.00162	0.00381
17	0.00727	0.00626	0.00748	0.05186	0.00921	0.00487	0.00448	0.00888	0.00729	0.01135	0.00626	0.00742	0.00519	0.00266	0.00266	0.00056	0.00272	0.00214	0.00206	0.84935
18	0.01286	0.08667	0.01068	0.00883	0.01075	0.79321	0.00675	0.01379	0.00976	0.00860	0.00540	0.00630	0.00454	0.00358	0.00310	0.00090	0.00615	0.00224	0.00179	0.00412
19	0.00812	0.00903	0.01948	0.01401	0.01735	0.00850	0.77422	0.01098	0.00818	0.01126	0.00741	0.00982	0.00564	0.00385	0.03429	0.00133	0.00587	0.00411	0.04192	0.00463
20	0.42250	0.00616	0.00629	0.03711	0.00788	0.00684	0.00465	0.04693	0.04283	0.10837	0.10610	0.01346	0.04515	0.00513	0.01326	0.00122	0.04973	0.06948	0.00281	0.00409
21	0.00693	0.01567	0.68779	0.00930	0.01381	0.00761	0.04143	0.01087	0.04273	0.01127	0.00926	0.01011	0.07290	0.00387	0.00342	0.00112	0.00471	0.00313	0.03912	0.00495
22	0.00429	0.00321	0.00395	0.00453	0.00498	0.00291	0.00308	0.00495	0.00701	0.00905	0.02320	0.63203	0.23086	0.04228	0.00491	0.00144	0.00203	0.00919	0.00323	0.00286
23	0.00500	0.00364	0.00404	0.00406	0.00505	0.00318	0.00297	0.00585	0.00778	0.05436	0.07265	0.13575	0.54298	0.10012	0.00565	0.00146	0.00210	0.03705	0.00324	0.00306
24	0.00855	0.00617	0.00700	0.00599	0.00772	0.00639	0.00480	0.30517	0.05669	0.05124	0.26319	0.03738	0.15001	0.00644	0.00394	0.00115	0.00271	0.06742	0.00360	0.00444
25	0.43658	0.00596	0.00540	0.00472	0.00656	0.00656	0.00381	0.11154	0.00802	0.07118	0.00813	0.00894	0.00614	0.00374	0.00253	0.00100	0.00252	0.00263	0.30000	0.00405
26	0.04180	0.71421	0.01665	0.00630	0.00908	0.01314	0.00604	0.05499	0.05300	0.00966	0.00559	0.00630	0.00492	0.00333	0.00282	0.00084	0.04285	0.00212	0.00175	0.00460
27	0.01878	0.00833	0.01637	0.18092	0.02828	0.00835	0.52739	0.05521	0.00840	0.01129	0.00923	0.01129	0.07310	0.00370	0.00413	0.00118	0.02349	0.00410	0.00195	0.00449
28	0.11710	0.09687	0.02773	0.00843	0.05599	0.11276	0.04136	0.34887	0.04202	0.10392	0.00791	0.00818	0.00579	0.00383	0.00322	0.00103	0.00403	0.00288	0.00284	0.00526
29	0.90103	0.00682	0.00518	0.00463	0.00682	0.00791	0.00382	0.01036	0.00600	0.01581	0.00491	0.00573	0.00382	0.00327	0.00218	0.00109	0.00273	0.00191	0.00218	0.00382
30	0.05095	0.00886	0.05387	0.02149	0.00924	0.14576	0.00575	0.19429	0.08403	0.15053	0.07152	0.02984	0.06822	0.03147	0.00402	0.00115	0.01294	0.01397	0.03738	0.00473
31	0.00444	0.00351	0.00400	0.00403	0.00497	0.00307	0.00296	0.00553	0.00846	0.01088	0.28767	0.15039	0.48021	0.00869	0.00421	0.00120	0.00178	0.00747	0.00346	0.00307
32	0.00686	0.00645	0.00949	0.22630	0.11517	0.02544	0.00747	0.00828	0.00642	0.00893	0.00817	0.01138	0.05174	0.03571	0.18369	0.00226	0.27711	0.00353	0.00176	0.00384
33	0.00487	0.00378	0.00475	0.01873	0.00581	0.00342	0.03054	0.00592	0.00796	0.02455	0.17542	0.17562	0.39504	0.07813	0.00534	0.00142	0.00222	0.05016	0.00323	0.00309
34	0.00612	0.00306	0.00459	0.00459	0.00459	0.00306	0.00306	0.00459	0.00459	0.00612	0.00612	0.01071	0.00612	0.01224	0.01377	0.89746	0.00306	0.00306	0.00153	0.00153
35	0.00942	0.87826	0.01847	0.00603	0.00905	0.01395	0.00603	0.01055	0.00716	0.00829	0.00490	0.00565	0.00452	0.00302	0.00226	0.00075	0.00377	0.00188	0.00151	0.00452
36	0.00435	0.00318	0.00409	0.00470	0.00509	0.00292	0.00321	0.00510	0.00722	0.00956	0.10317	0.69161	0.12202	0.01042	0.00443	0.00137	0.00198	0.00936	0.00333	0.00292
37	0.23045	0.00740	0.01029	0.23775	0.30503	0.02200	0.00808	0.03801	0.00777	0.09150	0.00683	0.00842	0.00520	0.00343	0.00317	0.00109	0.00387	0.00286	0.00211	0.00473
38	0.00958	0.03321	0.27058	0.03887	0.01224	0.12197	0.03240	0.17618	0.19393	0.02564	0.00903	0.04520	0.00704	0.00420	0.00347	0.00110	0.00437	0.00334	0.00252	0.00513
39	0.01119	0.41032	0.03944	0.00757	0.01009	0.38497	0.00657	0.06193	0.00898	0.00943	0.00549	0.00629	0.00468	0.00338	0.00277	0.00085	0.00492	0.00217	0.01453	0.00442
40	0.03414	0.00773	0.01147	0.04682	0.11026	0.05601	0.17040	0.05346	0.03273	0.05716	0.11952	0.02695	0.02232	0.00572	0.04135	0.00140	0.19188	0.00393	0.00234	0.00440

[dist]
# distance from previous block
# <min> <max>
0	1

[block]
# block no. 4 follows, 79 sequences, length 7
# corresponding to MSA columns:
# 310-316
name=unknown_E
#
# <colnr> <probs for GDERKNQSTAVLIFYWHMCP>
#	G	D	E	R	K	N	Q	S	T	A	V	L	I	F	Y	W	H	M	C	P
0	0.01153	0.00956	0.00973	0.00887	0.07588	0.14591	0.00658	0.27432	0.21499	0.10883	0.03197	0.01010	0.00782	0.00441	0.00405	0.00110	0.06257	0.00334	0.00309	0.00534
1	0.00899	0.22989	0.21214	0.00839	0.01088	0.11306	0.00822	0.04983	0.07319	0.01021	0.00613	0.00743	0.00509	0.00421	0.00529	0.00112	0.23687	0.00265	0.00181	0.00460
2	0.00783	0.00927	0.13190	0.10461	0.01481	0.00808	0.33354	0.08266	0.06335	0.01215	0.07922	0.01237	0.06775	0.00426	0.00429	0.00118	0.05178	0.00409	0.00225	0.00459
3	0.00456	0.00334	0.00414	0.00466	0.00511	0.00311	0.00326	0.00526	0.00693	0.00896	0.02142	0.46967	0.19277	0.14311	0.00653	0.00171	0.00235	0.10719	0.00309	0.00282
4	0.00730	0.00507	0.00687	0.00576	0.00745	0.00472	0.08273	0.00972	0.09932	0.12474	0.22287	0.04774	0.18070	0.02351	0.00403	0.00112	0.00251	0.00521	0.08079	0.07784
5	0.00789	0.00759	0.00753	0.00621	0.00833	0.13670	0.00482	0.00993	0.08066	0.01104	0.07029	0.09679	0.00944	0.00442	0.00379	0.00085	0.07080	0.00348	0.00239	0.45706
6	0.00832	0.19741	0.40082	0.00806	0.01155	0.06424	0.00889	0.07163	0.00821	0.04108	0.00840	0.14009	0.00764	0.00458	0.00330	0.00107	0.00432	0.00364	0.00204	0.00472

[dist]
# distance from previous block
# <min> <max>
2	5

[block]
# block no. 5 follows, 79 sequences, length 20
# corresponding to MSA columns:
# 322-341
name=unknown_F
#
# <colnr> <probs for GDERKNQSTAVLIFYWHMCP>
#	G	D	E	R	K	N	Q	S	T	A	V	L	I	F	Y	W	H	M	C	P
0	0.00866	0.00718	0.09756	0.00647	0.02587	0.03762	0.00548	0.07806	0.11764	0.16161	0.33666	0.01746	0.04851	0.00550	0.00374	0.00110	0.00283	0.00464	0.02883	0.00456
1	0.01154	0.00812	0.00932	0.00719	0.00979	0.00841	0.00592	0.43404	0.01226	0.13013	0.00861	0.00943	0.00644	0.00415	0.00398	0.00098	0.07299	0.02511	0.00311	0.22850
2	0.00463	0.00371	0.00454	0.00442	0.00544	0.00329	0.02463	0.00583	0.00854	0.01106	0.29613	0.11454	0.44085	0.00847	0.00423	0.00121	0.00195	0.04996	0.00343	0.00314
3	0.00912	0.00880	0.02486	0.08220	0.01387	0.08089	0.31453	0.07916	0.14738	0.06256	0.00963	0.07448	0.00796	0.00445	0.00423	0.00119	0.04670	0.02077	0.00248	0.00473
4	0.01130	0.13337	0.01019	0.00683	0.00923	0.00965	0.00574	0.52749	0.01303	0.03108	0.00861	0.00917	0.00648	0.00502	0.04123	0.00118	0.00371	0.00304	0.15846	0.00518
5	0.00519	0.00369	0.00454	0.00442	0.00535	0.00335	0.00328	0.00666	0.02590	0.04537	0.48072	0.15430	0.22802	0.00803	0.00417	0.00118	0.00182	0.00702	0.00366	0.00332
6	0.01160	0.16810	0.01115	0.00736	0.00972	0.01005	0.00622	0.29508	0.16404	0.16590	0.00941	0.00935	0.00692	0.00436	0.00424	0.00109	0.10381	0.00314	0.00309	0.00540
7	0.00449	0.00358	0.00404	0.00401	0.00503	0.00312	0.00302	0.00565	0.00861	0.01102	0.29721	0.06790	0.52213	0.00849	0.00420	0.00119	0.00181	0.03792	0.00347	0.00309
8	0.03982	0.38576	0.01291	0.00654	0.00929	0.09835	0.00578	0.07290	0.00915	0.31506	0.00845	0.00821	0.00612	0.00366	0.00291	0.00092	0.00374	0.00262	0.00273	0.00509
9	0.01043	0.00789	0.00968	0.11659	0.01188	0.02139	0.04999	0.30940	0.06627	0.09396	0.00845	0.00905	0.00621	0.00368	0.00329	0.00094	0.00359	0.00301	0.02372	0.24058
10	0.00895	0.52581	0.11636	0.00713	0.01011	0.05101	0.04996	0.05319	0.03819	0.00989	0.00791	0.03206	0.04345	0.00389	0.00287	0.00092	0.00399	0.02786	0.00189	0.00456
11	0.59706	0.00675	0.00621	0.02107	0.00779	0.02896	0.00436	0.01219	0.00734	0.24446	0.02973	0.00806	0.00596	0.00369	0.00265	0.00109	0.00290	0.00250	0.00280	0.00441
12	0.01157	0.07946	0.01089	0.04939	0.03385	0.08089	0.02181	0.47550	0.14588	0.01734	0.00897	0.00976	0.00683	0.00424	0.00345	0.00107	0.00397	0.02664	0.00305	0.00544
13	0.00597	0.00448	0.00587	0.00599	0.00680	0.00494	0.00476	0.03006	0.10655	0.01036	0.01384	0.13648	0.01400	0.03287	0.28704	0.00285	0.03766	0.23058	0.05539	0.00351
14	0.00518	0.00351	0.00477	0.00544	0.00596	0.00335	0.00411	0.00619	0.00744	0.04015	0.05361	0.54006	0.02223	0.01022	0.00457	0.00147	0.00245	0.27284	0.00333	0.00312
15	0.01082	0.00478	0.00620	0.00515	0.00696	0.00426	0.00410	0.01230	0.00951	0.44753	0.24384	0.01680	0.04146	0.00524	0.00354	0.00105	0.00235	0.00439	0.16504	0.00468
16	0.08646	0.00609	0.00788	0.00613	0.00874	0.00550	0.00505	0.04069	0.00995	0.73288	0.04431	0.01192	0.00916	0.00438	0.00346	0.00109	0.00295	0.00351	0.00414	0.00572
17	0.23583	0.00502	0.00556	0.00489	0.00649	0.00501	0.00385	0.00997	0.03431	0.18134	0.40369	0.01821	0.06113	0.00565	0.00351	0.00111	0.00224	0.00465	0.00350	0.00403
18	0.01218	0.04595	0.00974	0.00845	0.01029	0.68506	0.00642	0.02589	0.09263	0.00970	0.02430	0.00770	0.00594	0.00382	0.00318	0.00093	0.00560	0.00256	0.03541	0.00423
19	0.03331	0.03731	0.01008	0.00876	0.03316	0.54052	0.00663	0.20332	0.04531	0.01225	0.00742	0.00798	0.03088	0.00394	0.00326	0.00097	0.00529	0.00271	0.00232	0.00460

[dist]
# distance from previous block
# <min> <max>
0	3

[block]
# block no. 6 follows, 79 sequences, length 12
# corresponding to MSA columns:
# 345-356
name=unknown_G
#
# <colnr> <probs for GDERKNQSTAVLIFYWHMCP>
#	G	D	E	R	K	N	Q	S	T	A	V	L	I	F	Y	W	H	M	C	P
0	0.03477	0.00923	0.03085	0.03473	0.47294	0.09932	0.00884	0.10215	0.06251	0.08517	0.00795	0.02206	0.00629	0.00366	0.00345	0.00106	0.00416	0.00320	0.00231	0.00537
1	0.90103	0.00682	0.00518	0.00463	0.00682	0.00791	0.00382	0.01036	0.00600	0.01581	0.00491	0.00573	0.00382	0.00327	0.00218	0.00109	0.00273	0.00191	0.00218	0.00382
2	0.01023	0.02132	0.02521	0.04369	0.08050	0.40533	0.03601	0.06023	0.02557	0.02861	0.00911	0.01163	0.05996	0.07832	0.04520	0.00145	0.02531	0.02606	0.00214	0.00413
3	0.00586	0.00344	0.00389	0.00392	0.00474	0.00332	0.00299	0.00742	0.00812	0.01279	0.22553	0.05044	0.07114	0.00591	0.00327	0.00101	0.00181	0.07383	0.50730	0.00326
4	0.00527	0.00413	0.00572	0.00555	0.00605	0.00481	0.00422	0.00622	0.00575	0.00810	0.01157	0.01659	0.08508	0.17145	0.54319	0.00441	0.10257	0.00427	0.00202	0.00303
5	0.00493	0.00367	0.00474	0.04490	0.00597	0.00347	0.00345	0.00632	0.00896	0.01236	0.58543	0.09232	0.12134	0.08029	0.00531	0.00134	0.00200	0.00652	0.00351	0.00318
6	0.00602	0.00319	0.00475	0.00482	0.00493	0.00323	0.00337	0.00493	0.00495	0.00662	0.00738	0.01334	0.00748	0.01293	0.06672	0.76601	0.00348	0.07239	0.00170	0.00178
7	0.02745	0.02371	0.05612	0.24712	0.07375	0.10046	0.09118	0.17927	0.06176	0.06624	0.00762	0.00895	0.00566	0.00379	0.00375	0.00111	0.03170	0.00316	0.00233	0.00486
8	0.00469	0.00343	0.00446	0.00504	0.00557	0.00324	0.00374	0.00565	0.00740	0.00973	0.08509	0.45882	0.13226	0.03855	0.02503	0.00158	0.00247	0.19703	0.00324	0.00298
9	0.01742	0.08051	0.03563	0.06153	0.03594	0.05807	0.02291	0.11367	0.17851	0.03286	0.04917	0.05511	0.12787	0.00507	0.00365	0.00106	0.02211	0.00413	0.00278	0.09202
10	0.25183	0.02887	0.09436	0.00929	0.05109	0.15029	0.18007	0.04682	0.03970	0.05884	0.00672	0.00775	0.00510	0.00345	0.00331	0.00106	0.02009	0.00281	0.00215	0.03640
11	0.19544	0.06159	0.04600	0.03887	0.02362	0.04947	0.04856	0.15918	0.03131	0.03183	0.04924	0.03791	0.00742	0.02384	0.03116	0.01453	0.06521	0.00319	0.00242	0.07921

[dist]
# distance from previous block
# <min> <max>
0	24

[block]
# block no. 7 follows, 79 sequences, length 40
# corresponding to MSA columns:
# 381-383,385-421
name=unknown_H
#
# <colnr> <probs for GDERKNQSTAVLIFYWHMCP>
#	G	D	E	R	K	N	Q	S	T	A	V	L	I	F	Y	W	H	M	C	P
0	0.11992	0.00577	0.01443	0.08358	0.02988	0.01772	0.01598	0.02628	0.04219	0.17154	0.13212	0.10243	0.02189	0.05065	0.01955	0.00128	0.00305	0.02477	0.00297	0.11402
1	0.00915	0.00728	0.00771	0.00679	0.00865	0.03751	0.00526	0.14893	0.44879	0.04979	0.01316	0.11382	0.02410	0.00579	0.00424	0.05419	0.00300	0.00441	0.00332	0.04412
2	0.00860	0.02486	0.06827	0.11910	0.14505	0.08916	0.20073	0.07018	0.11319	0.01180	0.02469	0.02353	0.05067	0.00412	0.00381	0.00113	0.01794	0.01618	0.00223	0.00475
3	0.00510	0.00375	0.00468	0.00489	0.00565	0.00341	0.00344	0.01973	0.01978	0.02202	0.04817	0.55897	0.10350	0.05010	0.01413	0.00142	0.00229	0.02431	0.00312	0.10155
4	0.00761	0.02125	0.05229	0.08117	0.11550	0.10645	0.14621	0.02765	0.04493	0.01100	0.11520	0.02423	0.16250	0.00519	0.00420	0.00114	0.04874	0.01812	0.00241	0.00420
5	0.00810	0.00727	0.05880	0.00645	0.00960	0.00551	0.07266	0.02617	0.03714	0.07212	0.00732	0.00841	0.00581	0.02238	0.00324	0.00075	0.00311	0.00255	0.00227	0.64033
6	0.00744	0.00702	0.04303	0.07277	0.34753	0.02754	0.00742	0.05450	0.00885	0.02203	0.20996	0.02855	0.09400	0.02017	0.00397	0.00113	0.00337	0.01639	0.00256	0.02177
7	0.00926	0.00781	0.00832	0.04524	0.01859	0.06948	0.00586	0.12249	0.39750	0.04969	0.02406	0.06904	0.02443	0.00516	0.00432	0.00118	0.08495	0.00407	0.04360	0.00495
8	0.00857	0.00828	0.01335	0.10949	0.54496	0.02508	0.06437	0.02326	0.09085	0.01145	0.00726	0.00917	0.00591	0.00355	0.00405	0.00111	0.05888	0.00327	0.00192	0.00522
9	0.00510	0.00396	0.00499	0.00465	0.00534	0.00376	0.05223	0.00604	0.03737	0.00875	0.06873	0.08876	0.25474	0.42800	0.01083	0.00228	0.00287	0.00613	0.00268	0.00278
10	0.00838	0.02551	0.06885	0.09319	0.16892	0.03964	0.13983	0.08221	0.00866	0.04138	0.05427	0.04839	0.03864	0.00413	0.00384	0.00105	0.03626	0.00371	0.00224	0.13090
11	0.01454	0.00614	0.00796	0.00618	0.00876	0.00555	0.00508	0.09770	0.01051	0.69260	0.01457	0.01299	0.05840	0.00461	0.00354	0.00108	0.00296	0.00373	0.03739	0.00572
12	0.00771	0.00771	0.01079	0.00925	0.00925	0.01079	0.00771	0.00848	0.00540	0.00848	0.00463	0.00771	0.00463	0.00617	0.01157	0.00154	0.86969	0.00308	0.00154	0.00386
13	0.02476	0.07806	0.04705	0.03838	0.26748	0.06299	0.03833	0.20629	0.08886	0.02239	0.00758	0.00854	0.00590	0.00355	0.00331	0.00100	0.00403	0.00298	0.00237	0.08616
14	0.00821	0.07259	0.04510	0.26248	0.34182	0.00876	0.04200	0.03017	0.13236	0.01124	0.00759	0.00932	0.00597	0.00351	0.00344	0.00109	0.00420	0.00319	0.00198	0.00498
15	0.00523	0.00393	0.00578	0.00571	0.00635	0.00459	0.00444	0.01852	0.00583	0.00842	0.00939	0.01382	0.00877	0.04218	0.80705	0.00542	0.02609	0.00377	0.01154	0.00318
16	0.07881	0.00479	0.00568	0.00494	0.00665	0.00438	0.00388	0.03123	0.00892	0.30976	0.12178	0.10003	0.27585	0.00666	0.00377	0.00115	0.00235	0.00556	0.01958	0.00422
17	0.00603	0.00486	0.00557	0.00571	0.00667	0.00518	0.00414	0.01032	0.33542	0.01127	0.01841	0.48759	0.06776	0.00847	0.00412	0.00132	0.00232	0.00751	0.00339	0.00393
18	0.00765	0.00737	0.01275	0.44213	0.37445	0.00819	0.05829	0.00989	0.00750	0.01019	0.00643	0.00908	0.00511	0.00339	0.00372	0.00113	0.02323	0.00319	0.00165	0.00467
19	0.00583	0.00342	0.00380	0.00371	0.00456	0.00327	0.00278	0.00742	0.00834	0.01319	0.30525	0.01938	0.08519	0.00557	0.00319	0.00095	0.00166	0.00469	0.51452	0.00327
20	0.00669	0.00618	0.02653	0.08211	0.24479	0.00620	0.08738	0.00822	0.00737	0.02679	0.04349	0.34228	0.01331	0.00662	0.00462	0.00126	0.07361	0.00600	0.00243	0.00409
21	0.00477	0.00330	0.00409	0.00444	0.00457	0.00327	0.00279	0.00513	0.00585	0.00785	0.01444	0.37763	0.01687	0.44599	0.08074	0.00277	0.00333	0.00706	0.00259	0.00252
22	0.01340	0.00987	0.01058	0.00811	0.01093	0.01093	0.00670	0.84240	0.01657	0.02221	0.00846	0.00846	0.00599	0.00423	0.00353	0.00106	0.00388	0.00317	0.00353	0.00599
23	0.00799	0.00662	0.00772	0.00573	0.00858	0.00565	0.00461	0.09407	0.03254	0.02134	0.02179	0.00813	0.00605	0.00357	0.02132	0.00076	0.03515	0.00242	0.00231	0.70366
24	0.00942	0.87826	0.01847	0.00603	0.00905	0.01395	0.00603	0.01055	0.00716	0.00829	0.00490	0.00565	0.00452	0.00302	0.00226	0.00075	0.00377	0.00188	0.00151	0.00452
25	0.04041	0.00683	0.02635	0.00626	0.00814	0.00702	0.00513	0.36383	0.02423	0.03829	0.30729	0.01619	0.01635	0.00620	0.03507	0.00125	0.00310	0.02823	0.05521	0.00461
26	0.00861	0.00793	0.01148	0.12141	0.37558	0.02250	0.03758	0.04193	0.28244	0.01264	0.02275	0.01058	0.00764	0.00384	0.00354	0.00111	0.00380	0.00349	0.01589	0.00526
27	0.00603	0.00510	0.00722	0.00765	0.07266	0.00599	0.00542	0.03593	0.00666	0.00940	0.01224	0.36784	0.01359	0.01175	0.16690	0.00221	0.23383	0.02362	0.00244	0.00351
28	0.00443	0.00318	0.00412	0.00478	0.00507	0.00297	0.00323	0.00508	0.00685	0.00909	0.04883	0.69627	0.07177	0.08084	0.00557	0.00157	0.00217	0.03814	0.00320	0.00284
29	0.01335	0.00544	0.00738	0.00587	0.00815	0.00475	0.00476	0.01475	0.00998	0.66599	0.18285	0.03621	0.01402	0.00510	0.00369	0.00110	0.00271	0.00427	0.00424	0.00538
30	0.00897	0.00767	0.00809	0.00721	0.00924	0.00886	0.00563	0.05536	0.81082	0.01508	0.01408	0.01294	0.01055	0.00476	0.00358	0.00119	0.00284	0.00395	0.00358	0.00560
31	0.06037	0.00520	0.00526	0.00491	0.00628	0.00574	0.00378	0.01252	0.34154	0.01394	0.01224	0.01270	0.00941	0.00433	0.00289	0.00099	0.00216	0.00348	0.48804	0.00423
32	0.13785	0.00944	0.00982	0.00762	0.01035	0.01051	0.00629	0.72575	0.01509	0.02131	0.00796	0.00808	0.00569	0.00410	0.00334	0.00106	0.00372	0.00300	0.00334	0.00569
33	0.14857	0.00626	0.00782	0.00609	0.00874	0.00580	0.00503	0.04687	0.00971	0.69937	0.01235	0.01092	0.00789	0.00419	0.00334	0.00109	0.00299	0.00328	0.00400	0.00567
34	0.00942	0.87826	0.01847	0.00603	0.00905	0.01395	0.00603	0.01055	0.00716	0.00829	0.00490	0.00565	0.00452	0.00302	0.00226	0.00075	0.00377	0.00188	0.00151	0.00452
35	0.24930	0.00782	0.01132	0.02002	0.02234	0.01685	0.21274	0.01089	0.08279	0.03797	0.00658	0.00833	0.00531	0.00444	0.00599	0.02026	0.26761	0.00312	0.00205	0.00427
36	0.00904	0.00760	0.00848	0.00802	0.05915	0.00866	0.00593	0.12070	0.62546	0.01496	0.01275	0.01236	0.00970	0.00637	0.07315	0.00153	0.00355	0.00382	0.00333	0.00543
37	0.01086	0.00497	0.00637	0.00530	0.00712	0.00451	0.00418	0.01260	0.04716	0.44682	0.19765	0.01716	0.06092	0.05680	0.00445	0.00121	0.00251	0.00446	0.10023	0.00471
38	0.00805	0.00790	0.01179	0.31034	0.38651	0.07071	0.00944	0.00999	0.00760	0.01021	0.01842	0.02773	0.00598	0.00380	0.00414	0.00112	0.07451	0.00327	0.02386	0.00461
39	0.00447	0.00354	0.00402	0.00408	0.00502	0.00313	0.00299	0.00564	0.01939	0.01073	0.25084	0.17919	0.47687	0.00878	0.00421	0.00121	0.00181	0.00756	0.00344	0.00308

[dist]
# distance from previous block
# <min> <max>
14	121

[block]
# block no. 8 follows, 79 sequences, length 17
# corresponding to MSA columns:
# 544-560
name=unknown_I
#
# <colnr> <probs for GDERKNQSTAVLIFYWHMCP>
#	G	D	E	R	K	N	Q	S	T	A	V	L	I	F	Y	W	H	M	C	P
0	0.04539	0.00987	0.11597	0.03877	0.01102	0.05717	0.02192	0.29621	0.02774	0.03987	0.03973	0.00974	0.00687	0.00470	0.00539	0.00119	0.20913	0.02698	0.00254	0.02981
1	0.00839	0.00901	0.01720	0.16420	0.07226	0.03694	0.52943	0.04633	0.00831	0.01112	0.00680	0.00918	0.00521	0.00334	0.00438	0.00118	0.05652	0.00375	0.00180	0.00464
2	0.16179	0.00626	0.00946	0.58271	0.01886	0.00763	0.03215	0.00903	0.00672	0.01016	0.00631	0.00914	0.00496	0.00578	0.08712	0.00161	0.03175	0.00301	0.00171	0.00385
3	0.00612	0.00306	0.00459	0.00459	0.00459	0.00306	0.00306	0.00459	0.00459	0.00612	0.00612	0.01071	0.00612	0.01224	0.01377	0.89746	0.00306	0.00306	0.00153	0.00153
4	0.00515	0.00371	0.00494	0.00492	0.00575	0.00350	0.00389	0.00681	0.00953	0.01328	0.65392	0.02952	0.03017	0.00781	0.00433	0.00123	0.00204	0.20248	0.00373	0.00331
5	0.00612	0.00306	0.00459	0.00459	0.00459	0.00306	0.00306	0.00459	0.00459	0.00612	0.00612	0.01071	0.00612	0.01224	0.01377	0.89746	0.00306	0.00306	0.00153	0.00153
6	0.07882	0.81043	0.01743	0.00592	0.00887	0.01348	0.00586	0.01054	0.00707	0.00888	0.00490	0.00566	0.00447	0.00304	0.00226	0.00078	0.00369	0.00189	0.00156	0.00447
7	0.00895	0.00468	0.00525	0.00463	0.00605	0.00466	0.00362	0.10351	0.03873	0.17122	0.03005	0.05409	0.02740	0.00469	0.00299	0.00095	0.00221	0.00382	0.51835	0.00415
8	0.01408	0.00784	0.12717	0.00684	0.00985	0.00586	0.00630	0.06172	0.01007	0.66291	0.04145	0.01166	0.00882	0.00431	0.00354	0.00109	0.00331	0.00349	0.00390	0.00579
9	0.00524	0.00338	0.00393	0.00393	0.00393	0.00338	0.00224	0.00507	0.00507	0.00675	0.01055	0.02168	0.01206	0.77931	0.01747	0.10363	0.00338	0.00489	0.00207	0.00207
10	0.01231	0.00964	0.01067	0.00954	0.10524	0.03587	0.00703	0.62622	0.11448	0.01972	0.00887	0.00899	0.00647	0.00416	0.00352	0.00107	0.00386	0.00324	0.00328	0.00584
11	0.14294	0.04074	0.01841	0.00651	0.00895	0.09203	0.00538	0.07379	0.05610	0.45292	0.01124	0.02712	0.00801	0.00441	0.00333	0.00109	0.00339	0.03491	0.00348	0.00524
12	0.00883	0.78022	0.01680	0.00575	0.00857	0.01272	0.00565	0.00994	0.00726	0.00843	0.00835	0.00882	0.09960	0.00368	0.00247	0.00080	0.00355	0.00251	0.00171	0.00435
13	0.01306	0.00967	0.01040	0.00795	0.01079	0.01058	0.00656	0.79619	0.01606	0.02162	0.00834	0.00840	0.00595	0.00414	0.00347	0.00103	0.00381	0.00311	0.00345	0.05543
14	0.00936	0.00819	0.07602	0.05437	0.11903	0.00710	0.32569	0.01171	0.01882	0.20082	0.02742	0.10709	0.00869	0.00437	0.00388	0.00117	0.00438	0.00443	0.00256	0.00490
15	0.00548	0.00436	0.00584	0.00575	0.00633	0.03738	0.00440	0.00652	0.00574	0.00804	0.00913	0.01394	0.00872	0.08928	0.70673	0.03449	0.03913	0.00377	0.00188	0.00308
16	0.00486	0.00338	0.00413	0.00449	0.00505	0.00307	0.00308	0.00555	0.00717	0.04432	0.05850	0.49575	0.22945	0.10704	0.00587	0.00157	0.00216	0.00840	0.00322	0.00296

[dist]
# distance from previous block
# <min> <max>
6	7

