[name]
unknown

[dist]
# distance from previous block
# <min> <max>
3	29

[block]
# block no. 0 follows, 72 sequences, length 16
# corresponding to MSA columns:
# 166-181
name=unknown_A
#
# <colnr> <probs for GDERKNQSTAVLIFYWHMCP>
#	G	D	E	R	K	N	Q	S	T	A	V	L	I	F	Y	W	H	M	C	P
0	0.08377	0.00586	0.00798	0.03146	0.06804	0.00598	0.06042	0.06865	0.04434	0.09630	0.07273	0.27386	0.03888	0.05970	0.02884	0.00159	0.01795	0.00621	0.02315	0.00428
1	0.00660	0.00508	0.02431	0.00560	0.00683	0.02128	0.01878	0.03181	0.05446	0.06149	0.35225	0.19341	0.13736	0.00841	0.01470	0.00134	0.00251	0.02515	0.02474	0.00389
2	0.00622	0.00426	0.00514	0.00513	0.00578	0.01886	0.00360	0.02022	0.00792	0.05869	0.16513	0.26564	0.08014	0.21197	0.07190	0.00224	0.02082	0.00704	0.03597	0.00333
3	0.12210	0.00542	0.00606	0.00563	0.00708	0.00545	0.00427	0.09184	0.05223	0.08888	0.07704	0.24878	0.09621	0.05980	0.00512	0.01585	0.00274	0.03623	0.02496	0.04430
4	0.13942	0.00539	0.00616	0.00552	0.00720	0.00529	0.00426	0.04062	0.05418	0.22475	0.14027	0.16684	0.11455	0.02582	0.00425	0.00130	0.00260	0.00577	0.04134	0.00446
5	0.22866	0.00643	0.00714	0.00592	0.00820	0.00645	0.00478	0.10072	0.00981	0.36481	0.01198	0.07108	0.00894	0.00486	0.00334	0.00115	0.00295	0.00379	0.14382	0.00518
6	0.10996	0.00493	0.00572	0.00519	0.00652	0.00483	0.00389	0.03685	0.02870	0.14398	0.29266	0.08901	0.09702	0.13346	0.01948	0.00166	0.00271	0.00583	0.00360	0.00398
7	0.05716	0.00538	0.00642	0.00577	0.00739	0.00524	0.00439	0.01211	0.13483	0.26383	0.09377	0.15174	0.11509	0.09866	0.00572	0.00154	0.00278	0.01980	0.00379	0.00458
8	0.02812	0.00451	0.00534	0.00528	0.00634	0.00435	0.00388	0.06398	0.04283	0.06274	0.18108	0.35423	0.18383	0.00904	0.00441	0.00134	0.00230	0.00790	0.02470	0.00379
9	0.00726	0.00693	0.01197	0.81215	0.02578	0.00849	0.05474	0.00982	0.00766	0.00982	0.00679	0.01012	0.00509	0.00376	0.00383	0.00126	0.00513	0.00343	0.00170	0.00426
10	0.01623	0.00394	0.00495	0.00514	0.00587	0.00374	0.00361	0.00723	0.02724	0.09227	0.03164	0.42528	0.13407	0.09622	0.05359	0.04986	0.00292	0.00792	0.02489	0.00339
11	0.04595	0.00453	0.00587	0.00555	0.00670	0.00434	0.00412	0.00942	0.03208	0.20845	0.11313	0.26648	0.05595	0.04224	0.08183	0.09625	0.00332	0.00639	0.00346	0.00392
12	0.00580	0.00370	0.00484	0.00519	0.00579	0.00340	0.00361	0.00671	0.00815	0.07902	0.16317	0.56884	0.06766	0.04877	0.00532	0.00153	0.00226	0.00915	0.00368	0.00341
13	0.00903	0.00589	0.00694	0.00623	0.00764	0.02251	0.00480	0.11400	0.05402	0.14569	0.01450	0.05961	0.06015	0.20477	0.09228	0.00231	0.02880	0.10183	0.02193	0.03708
14	0.00856	0.02132	0.00842	0.10364	0.01047	0.13905	0.04474	0.02695	0.09662	0.06441	0.02577	0.17047	0.05714	0.07505	0.06144	0.00176	0.03121	0.00527	0.04355	0.00416
15	0.02310	0.00735	0.00814	0.00710	0.00888	0.02831	0.00557	0.28062	0.14208	0.06371	0.05489	0.17678	0.03640	0.02958	0.05541	0.00163	0.02844	0.02517	0.01187	0.00496

[dist]
# distance from previous block
# <min> <max>
1	5

[block]
# block no. 1 follows, 72 sequences, length 20
# corresponding to MSA columns:
# 227-232,235-242,244-249
name=unknown_B
#
# <colnr> <probs for GDERKNQSTAVLIFYWHMCP>
#	G	D	E	R	K	N	Q	S	T	A	V	L	I	F	Y	W	H	M	C	P
0	0.03901	0.00790	0.04452	0.07892	0.03860	0.00709	0.14808	0.03820	0.07120	0.18061	0.01114	0.01200	0.05423	0.02380	0.00412	0.00113	0.01392	0.00369	0.00284	0.21900
1	0.01925	0.21328	0.14509	0.00930	0.05496	0.04969	0.09339	0.07880	0.05348	0.07825	0.03793	0.02587	0.03882	0.02255	0.00414	0.00116	0.03371	0.00354	0.00246	0.03432
2	0.03607	0.02078	0.00809	0.02409	0.00848	0.00574	0.11506	0.02656	0.12023	0.01134	0.10332	0.14194	0.07275	0.16055	0.00805	0.09441	0.00339	0.03257	0.00290	0.00370
3	0.00463	0.00351	0.00423	0.00476	0.00533	0.00316	0.00327	0.00540	0.00775	0.00995	0.05190	0.53845	0.28880	0.04376	0.00527	0.00153	0.00215	0.00956	0.00349	0.00311
4	0.04977	0.18308	0.04478	0.04324	0.15513	0.01032	0.05455	0.19554	0.07552	0.11317	0.00879	0.00949	0.00664	0.00466	0.02812	0.00125	0.00434	0.00324	0.00275	0.00563
5	0.11407	0.15950	0.11117	0.08681	0.09879	0.13631	0.05329	0.05736	0.03970	0.02439	0.00705	0.01659	0.00572	0.00475	0.03360	0.00129	0.03961	0.00298	0.00209	0.00492
6	0.00894	0.07272	0.01201	0.53174	0.05142	0.04340	0.02203	0.10375	0.03496	0.03624	0.00767	0.02776	0.00599	0.00411	0.00388	0.00121	0.02189	0.00345	0.00214	0.00470
7	0.00631	0.00551	0.00702	0.00603	0.00745	0.04649	0.06614	0.00801	0.00985	0.01350	0.51563	0.02422	0.13568	0.00695	0.00459	0.00116	0.03727	0.00603	0.00352	0.08865
8	0.00748	0.01764	0.71909	0.01077	0.01582	0.00842	0.07497	0.01150	0.00802	0.01184	0.00797	0.07472	0.00645	0.00422	0.00377	0.00123	0.00540	0.00355	0.00177	0.00537
9	0.00504	0.00365	0.00455	0.00471	0.00529	0.00339	0.00326	0.00607	0.00849	0.01151	0.34030	0.29631	0.12828	0.15333	0.00708	0.00173	0.00225	0.00803	0.00357	0.00316
10	0.01345	0.00954	0.01024	0.00802	0.01072	0.03892	0.00655	0.60772	0.01591	0.10618	0.12246	0.01202	0.01068	0.00498	0.00388	0.00114	0.00384	0.00389	0.00387	0.00599
11	0.01032	0.00846	0.00901	0.00778	0.01005	0.00962	0.00614	0.20122	0.60588	0.01763	0.06072	0.01382	0.01180	0.00516	0.00388	0.00125	0.00320	0.00424	0.00386	0.00597
12	0.00814	0.00664	0.00781	0.00565	0.00893	0.00503	0.00451	0.00979	0.00797	0.04490	0.00743	0.02999	0.00626	0.00311	0.00290	0.00061	0.00281	0.00253	0.00238	0.83261
13	0.00521	0.00409	0.00591	0.00588	0.00669	0.00379	0.06391	0.00639	0.00836	0.01114	0.18762	0.44060	0.13491	0.02597	0.00499	0.00147	0.00252	0.07367	0.00351	0.00336
14	0.01199	0.01204	0.00984	0.00861	0.01086	0.30178	0.00668	0.16717	0.39980	0.01506	0.01095	0.01069	0.00832	0.00461	0.00369	0.00115	0.00455	0.00349	0.00319	0.00553
15	0.04005	0.04299	0.01128	0.00833	0.01135	0.01117	0.00693	0.69370	0.01641	0.10565	0.00944	0.00929	0.00662	0.00449	0.00370	0.00113	0.00404	0.00336	0.00376	0.00632
16	0.00615	0.00387	0.00520	0.00509	0.00516	0.00417	0.00340	0.00566	0.00536	0.00731	0.00902	0.01700	0.00968	0.35612	0.10883	0.37685	0.06264	0.00427	0.00195	0.00227
17	0.00898	0.00877	0.04475	0.14119	0.55905	0.00871	0.01057	0.05793	0.04205	0.01260	0.00839	0.06458	0.00730	0.00413	0.00383	0.00118	0.00440	0.00387	0.00213	0.00557
18	0.00893	0.00775	0.01218	0.56502	0.04766	0.00899	0.07565	0.16604	0.00974	0.03176	0.00776	0.02789	0.00593	0.00407	0.00387	0.00124	0.00488	0.00363	0.00222	0.00479
19	0.00520	0.00366	0.00475	0.00506	0.00570	0.00337	0.00362	0.00635	0.00876	0.03036	0.31726	0.44405	0.10103	0.00999	0.00467	0.00139	0.00209	0.03557	0.00378	0.00336

[dist]
# distance from previous block
# <min> <max>
0	5

[block]
# block no. 2 follows, 72 sequences, length 9
# corresponding to MSA columns:
# 255-263
name=unknown_C
#
# <colnr> <probs for GDERKNQSTAVLIFYWHMCP>
#	G	D	E	R	K	N	Q	S	T	A	V	L	I	F	Y	W	H	M	C	P
0	0.00758	0.00770	0.05470	0.03945	0.05755	0.01944	0.20883	0.04763	0.11374	0.01305	0.15312	0.05393	0.14023	0.00641	0.01740	0.00135	0.00397	0.04635	0.00299	0.00458
1	0.00787	0.10735	0.76162	0.01036	0.01572	0.00945	0.01324	0.01194	0.00798	0.01169	0.00665	0.00781	0.00481	0.00357	0.00348	0.00116	0.00544	0.00272	0.00160	0.00553
2	0.70485	0.00769	0.00654	0.00563	0.00807	0.00875	0.00462	0.10125	0.04975	0.06341	0.00674	0.00726	0.00503	0.00378	0.00266	0.00118	0.00309	0.00241	0.00271	0.00459
3	0.00596	0.00412	0.00520	0.00517	0.00587	0.00403	0.00373	0.00692	0.00823	0.06359	0.21674	0.27773	0.15924	0.13656	0.00726	0.00172	0.05658	0.02450	0.00345	0.00339
4	0.00753	0.00500	0.00643	0.00591	0.00680	0.00547	0.00442	0.06820	0.03323	0.08793	0.05464	0.01737	0.01166	0.25786	0.32550	0.00374	0.05575	0.00450	0.03434	0.00373
5	0.00489	0.00358	0.00477	0.00546	0.00591	0.00346	0.00393	0.00580	0.00743	0.00983	0.02111	0.58076	0.09888	0.01354	0.10935	0.00210	0.00332	0.10937	0.00333	0.00318
6	0.00616	0.00487	0.00693	0.02669	0.02785	0.00516	0.04976	0.05024	0.03305	0.01026	0.01445	0.36505	0.01590	0.14770	0.17743	0.00274	0.04244	0.00699	0.00280	0.00354
7	0.00954	0.10914	0.02752	0.21734	0.12712	0.12024	0.10890	0.05120	0.06166	0.03620	0.00855	0.06037	0.00731	0.03370	0.00426	0.00125	0.00483	0.00380	0.00223	0.00485
8	0.00877	0.10621	0.02952	0.05154	0.05749	0.12200	0.05786	0.03766	0.00791	0.01025	0.00906	0.12286	0.02309	0.02179	0.03554	0.00153	0.25839	0.01981	0.01442	0.00430

[dist]
# distance from previous block
# <min> <max>
1	11

[block]
# block no. 3 follows, 72 sequences, length 24
# corresponding to MSA columns:
# 278-301
name=unknown_D
#
# <colnr> <probs for GDERKNQSTAVLIFYWHMCP>
#	G	D	E	R	K	N	Q	S	T	A	V	L	I	F	Y	W	H	M	C	P
0	0.06426	0.00473	0.00527	0.00501	0.00623	0.02372	0.02102	0.00734	0.03783	0.01221	0.25744	0.13124	0.31678	0.04351	0.00490	0.00136	0.00236	0.01909	0.00348	0.03223
1	0.01186	0.20276	0.04502	0.00840	0.01134	0.19473	0.04408	0.28192	0.01178	0.01463	0.00744	0.03179	0.00609	0.00402	0.00335	0.00098	0.00467	0.00299	0.00255	0.10960
2	0.00694	0.00575	0.00682	0.00540	0.00786	0.00458	0.00419	0.00868	0.02458	0.01256	0.16074	0.11125	0.04484	0.00505	0.00343	0.00083	0.00252	0.00432	0.00282	0.57686
3	0.00561	0.00434	0.00646	0.00635	0.00698	0.00520	0.00498	0.00693	0.00608	0.00883	0.00982	0.01446	0.00918	0.02700	0.79614	0.00580	0.06639	0.00401	0.00201	0.00344
4	0.01217	0.25347	0.08040	0.00838	0.01143	0.13753	0.01979	0.32692	0.05572	0.03256	0.00799	0.02294	0.00628	0.00415	0.00337	0.00104	0.00457	0.00303	0.00272	0.00553
5	0.81881	0.00763	0.00597	0.00530	0.00760	0.03214	0.00435	0.01145	0.00670	0.04347	0.00560	0.00645	0.00432	0.00365	0.00267	0.00118	0.02397	0.00215	0.00240	0.00419
6	0.44089	0.39738	0.01224	0.00577	0.00856	0.01127	0.00527	0.01168	0.00729	0.06317	0.00586	0.00653	0.00477	0.00347	0.00247	0.00101	0.00346	0.00215	0.00216	0.00459
7	0.00610	0.00456	0.00558	0.00535	0.00641	0.00446	0.00405	0.06216	0.06803	0.01436	0.49042	0.15086	0.10270	0.00828	0.00448	0.00128	0.00220	0.05095	0.00394	0.00383
8	0.00578	0.00453	0.00507	0.00502	0.00557	0.04688	0.00347	0.00660	0.00737	0.00978	0.18287	0.07248	0.08688	0.35004	0.17437	0.00315	0.00447	0.01986	0.00280	0.00302
9	0.00812	0.00804	0.01134	0.04148	0.01041	0.01117	0.00821	0.00903	0.00589	0.00913	0.00529	0.00868	0.00520	0.00758	0.05257	0.00186	0.78686	0.00336	0.00168	0.00411
10	0.06692	0.01266	0.31337	0.01136	0.03471	0.00962	0.19266	0.02752	0.02303	0.01199	0.00679	0.00880	0.00534	0.00436	0.00601	0.00133	0.22862	0.00333	0.02659	0.00499
11	0.01147	0.00863	0.00976	0.00776	0.01044	0.05844	0.04790	0.23842	0.17332	0.13468	0.05796	0.03654	0.00979	0.00464	0.00370	0.00107	0.00363	0.00383	0.00345	0.17457
12	0.00789	0.00684	0.00840	0.00618	0.00936	0.00549	0.03840	0.01023	0.06274	0.01254	0.02480	0.00900	0.00675	0.00380	0.02661	0.00081	0.00315	0.00262	0.00237	0.75202
13	0.00489	0.00369	0.00453	0.00499	0.00562	0.00336	0.00344	0.00589	0.02519	0.01018	0.05658	0.57782	0.19189	0.04069	0.00515	0.00150	0.00222	0.00938	0.00346	0.03952
14	0.08154	0.00437	0.00504	0.00526	0.00614	0.00430	0.00377	0.04217	0.03889	0.03703	0.06017	0.48806	0.15736	0.03419	0.00485	0.00147	0.00240	0.01596	0.00348	0.00355
15	0.00573	0.00459	0.00509	0.00530	0.00611	0.03854	0.00379	0.06059	0.00888	0.01148	0.13461	0.47450	0.20660	0.01000	0.00458	0.00139	0.00240	0.00880	0.00356	0.00345
16	0.02355	0.00577	0.00740	0.00659	0.03104	0.00572	0.00497	0.08032	0.02262	0.19006	0.10324	0.04193	0.06623	0.05494	0.14156	0.05618	0.04507	0.00446	0.00316	0.10519
17	0.00667	0.00429	0.00526	0.00531	0.00602	0.00419	0.00368	0.03645	0.05244	0.08590	0.06990	0.37433	0.05372	0.24206	0.00855	0.00203	0.00280	0.02953	0.00336	0.00350
18	0.00579	0.00433	0.00501	0.00521	0.00565	0.03187	0.00358	0.02649	0.00718	0.00944	0.05801	0.24940	0.05154	0.33947	0.09137	0.01930	0.00383	0.07669	0.00286	0.00298
19	0.01165	0.05928	0.01074	0.02935	0.02596	0.08035	0.00679	0.36709	0.04630	0.05660	0.01726	0.01056	0.00722	0.06291	0.03439	0.03266	0.12928	0.00348	0.00293	0.00519
20	0.03533	0.00497	0.00653	0.01660	0.02255	0.00526	0.03220	0.00848	0.07044	0.05744	0.06381	0.18293	0.05283	0.21762	0.05432	0.03564	0.06878	0.02853	0.03214	0.00358
21	0.00532	0.00366	0.00455	0.00495	0.00555	0.00338	0.00348	0.00621	0.00793	0.03748	0.10872	0.45011	0.17025	0.08985	0.00600	0.00163	0.00233	0.05264	0.03274	0.00323
22	0.04125	0.03420	0.04645	0.01776	0.00957	0.06493	0.10392	0.02279	0.06877	0.01166	0.04283	0.16299	0.14707	0.02190	0.02387	0.00135	0.00369	0.04365	0.00282	0.12854
23	0.01038	0.15625	0.09055	0.04224	0.08561	0.06391	0.07903	0.14696	0.02697	0.08191	0.02788	0.03836	0.00775	0.04019	0.02780	0.00132	0.00455	0.00355	0.00255	0.06223

[dist]
# distance from previous block
# <min> <max>
1	18

[block]
# block no. 4 follows, 72 sequences, length 17
# corresponding to MSA columns:
# 320-336
name=unknown_E
#
# <colnr> <probs for GDERKNQSTAVLIFYWHMCP>
#	G	D	E	R	K	N	Q	S	T	A	V	L	I	F	Y	W	H	M	C	P
0	0.00573	0.00408	0.00561	0.00600	0.04617	0.00438	0.00391	0.00633	0.00589	0.00819	0.01054	0.01872	0.01099	0.39143	0.38969	0.06609	0.00658	0.00461	0.00211	0.00292
1	0.00812	0.00610	0.04719	0.00606	0.00786	0.00551	0.00502	0.02569	0.19016	0.14156	0.11838	0.06785	0.24348	0.02400	0.00457	0.00135	0.00277	0.08607	0.00374	0.00454
2	0.03756	0.00558	0.00610	0.00561	0.00704	0.04607	0.00425	0.08589	0.00984	0.14945	0.15654	0.22975	0.19331	0.02118	0.00446	0.00131	0.00269	0.00678	0.02244	0.00415
3	0.00771	0.00506	0.00587	0.00541	0.00675	0.00500	0.00411	0.07981	0.09667	0.09875	0.18621	0.11886	0.17463	0.07245	0.00530	0.00143	0.00253	0.03154	0.08777	0.00414
4	0.01016	0.74024	0.06001	0.00731	0.01069	0.01426	0.05008	0.05166	0.00828	0.00998	0.00566	0.00654	0.00499	0.00332	0.00266	0.00087	0.00426	0.00226	0.00174	0.00499
5	0.08012	0.00483	0.00575	0.00543	0.00669	0.00470	0.00403	0.02700	0.05846	0.16315	0.18667	0.26977	0.07432	0.06491	0.00518	0.00146	0.00252	0.00676	0.02416	0.00409
6	0.05968	0.00428	0.00526	0.04659	0.00698	0.00421	0.00409	0.00745	0.02760	0.05492	0.11320	0.30654	0.15792	0.06765	0.02030	0.01428	0.00271	0.07292	0.01993	0.00349
7	0.09125	0.00756	0.00786	0.00743	0.05240	0.04338	0.00548	0.10335	0.32290	0.06547	0.04980	0.01747	0.18484	0.00578	0.00382	0.00122	0.00309	0.00470	0.01709	0.00512
8	0.14278	0.00716	0.05188	0.00647	0.00919	0.00624	0.00553	0.05856	0.01000	0.53678	0.01375	0.01323	0.04911	0.04662	0.00435	0.00129	0.00328	0.00376	0.02438	0.00564
9	0.00677	0.03859	0.03948	0.00595	0.00694	0.05152	0.00467	0.02541	0.00766	0.03571	0.09266	0.20453	0.08518	0.04659	0.14974	0.12887	0.03655	0.01382	0.01592	0.00342
10	0.01003	0.00640	0.00993	0.02692	0.03555	0.00609	0.15259	0.03931	0.05949	0.25286	0.08356	0.11152	0.06228	0.05745	0.00510	0.00142	0.00358	0.04505	0.02601	0.00485
11	0.00465	0.00336	0.00440	0.00517	0.00549	0.00311	0.00348	0.00538	0.00752	0.00999	0.06225	0.77299	0.07512	0.01154	0.00480	0.00151	0.00216	0.01042	0.00355	0.00311
12	0.03602	0.00486	0.00635	0.04000	0.04821	0.00512	0.00490	0.02939	0.03624	0.03831	0.05758	0.10477	0.15928	0.04758	0.23052	0.00269	0.02402	0.07103	0.04935	0.00378
13	0.01885	0.01978	0.05639	0.05197	0.13280	0.03340	0.09054	0.07207	0.02468	0.06203	0.01263	0.15460	0.04456	0.10107	0.01603	0.00162	0.03760	0.05021	0.01466	0.00450
14	0.00728	0.00571	0.04981	0.00553	0.00727	0.00489	0.00461	0.02162	0.11875	0.11661	0.13513	0.02784	0.38204	0.02709	0.00465	0.00134	0.00260	0.06935	0.00367	0.00420
15	0.02880	0.00733	0.00818	0.00667	0.00902	0.06497	0.00535	0.13774	0.05220	0.40761	0.06450	0.01536	0.10255	0.00571	0.00432	0.03978	0.00334	0.00427	0.02688	0.00543
16	0.00898	0.02279	0.05917	0.12613	0.29344	0.02910	0.08202	0.03202	0.04043	0.06864	0.03332	0.02994	0.02633	0.04661	0.00493	0.00136	0.02659	0.06072	0.00241	0.00506

[dist]
# distance from previous block
# <min> <max>
11	45

[block]
# block no. 5 follows, 72 sequences, length 36
# corresponding to MSA columns:
# 389-424
name=unknown_F
#
# <colnr> <probs for GDERKNQSTAVLIFYWHMCP>
#	G	D	E	R	K	N	Q	S	T	A	V	L	I	F	Y	W	H	M	C	P
0	0.00557	0.02221	0.00539	0.00469	0.00601	0.00398	0.00357	0.00725	0.02538	0.01331	0.48831	0.02756	0.24828	0.02277	0.00451	0.00119	0.00204	0.00650	0.00370	0.09776
1	0.20962	0.00664	0.00749	0.00625	0.00853	0.00671	0.00502	0.11766	0.04883	0.33921	0.07764	0.10171	0.02485	0.00550	0.00364	0.00121	0.00301	0.00442	0.01683	0.00524
2	0.01178	0.00580	0.00767	0.00704	0.05181	0.00539	0.00521	0.05327	0.04138	0.41759	0.11230	0.13510	0.04694	0.02159	0.00432	0.00128	0.00293	0.02603	0.03733	0.00522
3	0.08536	0.00467	0.00550	0.00513	0.00634	0.00449	0.00380	0.02704	0.00848	0.16912	0.13695	0.15649	0.10393	0.16717	0.00707	0.01701	0.00273	0.03516	0.04974	0.00383
4	0.00553	0.00415	0.00597	0.00592	0.00646	0.00481	0.00447	0.00665	0.00599	0.00858	0.01026	0.01626	0.01001	0.16176	0.68939	0.00555	0.03865	0.00427	0.00206	0.00324
5	0.00611	0.00382	0.00506	0.00552	0.00616	0.00358	0.00398	0.00722	0.02035	0.08721	0.08567	0.60177	0.02353	0.01043	0.00468	0.00148	0.00239	0.08767	0.02986	0.00353
6	0.00522	0.00355	0.00437	0.00474	0.00496	0.00341	0.00300	0.00566	0.00674	0.02033	0.05919	0.42476	0.03342	0.39019	0.01121	0.00246	0.00284	0.00811	0.00303	0.00281
7	0.01419	0.01727	0.01082	0.00966	0.01173	0.76029	0.00731	0.10369	0.01152	0.01087	0.00621	0.00709	0.00506	0.00398	0.00346	0.00099	0.00655	0.00255	0.00215	0.00462
8	0.00786	0.00674	0.00786	0.00562	0.00899	0.00506	0.00449	0.00955	0.00786	0.01236	0.00674	0.00786	0.00562	0.00281	0.00281	0.00056	0.00281	0.00225	0.00225	0.88990
9	0.00512	0.00374	0.00502	0.00528	0.00574	0.00391	0.00375	0.00597	0.00655	0.00891	0.01617	0.27173	0.08770	0.18263	0.36569	0.00385	0.00582	0.00669	0.00266	0.00307
10	0.00910	0.00699	0.00732	0.00657	0.00836	0.05062	0.00508	0.07248	0.34157	0.09392	0.13395	0.09070	0.11348	0.00644	0.00403	0.00124	0.00290	0.00542	0.03485	0.00498
11	0.00509	0.00392	0.00447	0.00450	0.00541	0.00355	0.00323	0.02898	0.00882	0.01139	0.21588	0.19300	0.39787	0.08950	0.00591	0.00153	0.00217	0.00792	0.00356	0.00327
12	0.02644	0.00446	0.00577	0.00573	0.00678	0.00418	0.00421	0.03738	0.00859	0.20266	0.04917	0.50035	0.01995	0.04350	0.00507	0.00151	0.00263	0.05103	0.01658	0.00401
13	0.01228	0.01030	0.00999	0.00813	0.01077	0.11668	0.00651	0.41152	0.21664	0.03370	0.01117	0.01097	0.03651	0.00464	0.00370	0.00111	0.00401	0.00357	0.00345	0.08436
14	0.04265	0.00561	0.00496	0.00466	0.00589	0.08512	0.00355	0.03662	0.05165	0.03754	0.01161	0.01294	0.00903	0.00439	0.00284	0.00094	0.00248	0.00342	0.67016	0.00394
15	0.00593	0.00395	0.00492	0.00478	0.00578	0.00355	0.00352	0.00723	0.00945	0.07735	0.40859	0.18692	0.22178	0.03286	0.00491	0.00135	0.00206	0.00760	0.00388	0.00358
16	0.23620	0.00767	0.00843	0.00669	0.00942	0.00787	0.00551	0.23624	0.01152	0.37051	0.01216	0.01141	0.05079	0.00462	0.00347	0.00117	0.00334	0.00348	0.00380	0.00569
17	0.02607	0.00705	0.01199	0.26754	0.17602	0.00770	0.13607	0.00958	0.00773	0.01078	0.00940	0.09657	0.00888	0.06931	0.00577	0.00148	0.06637	0.04098	0.03633	0.00438
18	0.01326	0.01005	0.01060	0.00832	0.01120	0.03559	0.00678	0.59681	0.14358	0.04751	0.01001	0.00985	0.00723	0.00451	0.00372	0.00112	0.00394	0.00345	0.00367	0.06879
19	0.01038	0.00828	0.00887	0.00774	0.00997	0.00937	0.00607	0.16618	0.61260	0.04908	0.01456	0.05766	0.01127	0.00537	0.00390	0.00127	0.00318	0.00445	0.00386	0.00595
20	0.05128	0.04011	0.00771	0.00624	0.00820	0.01703	0.00497	0.19026	0.18314	0.07001	0.12522	0.03462	0.12589	0.00582	0.00375	0.00116	0.00288	0.00474	0.11204	0.00491
21	0.02429	0.00533	0.00627	0.00559	0.00714	0.00523	0.00437	0.10197	0.07569	0.11399	0.34800	0.04616	0.17689	0.00724	0.00423	0.00123	0.00245	0.03740	0.02216	0.00436
22	0.00522	0.00365	0.00419	0.00431	0.00460	0.00350	0.00266	0.00554	0.00656	0.00858	0.06094	0.15414	0.15282	0.53575	0.01381	0.01852	0.00306	0.00676	0.00277	0.00262
23	0.03078	0.05984	0.03866	0.00803	0.01042	0.14990	0.02452	0.18520	0.27796	0.04269	0.02257	0.04379	0.00900	0.00480	0.00373	0.00115	0.01409	0.00376	0.04945	0.01966
24	0.01302	0.01565	0.01013	0.00916	0.01100	0.66729	0.00690	0.04418	0.08119	0.01025	0.00750	0.00864	0.02040	0.02231	0.00443	0.03450	0.02397	0.00285	0.00220	0.00444
25	0.00709	0.00474	0.00561	0.00550	0.00638	0.00483	0.00390	0.06504	0.10636	0.06548	0.05596	0.32574	0.03455	0.19636	0.03093	0.00198	0.00298	0.00696	0.06582	0.00377
26	0.02453	0.00509	0.00620	0.00560	0.00699	0.00488	0.00415	0.06730	0.04106	0.24321	0.06290	0.22434	0.08339	0.15500	0.00674	0.00169	0.00285	0.00626	0.04353	0.00431
27	0.00559	0.00466	0.00516	0.00513	0.00628	0.00463	0.00382	0.00832	0.16178	0.01121	0.04633	0.20985	0.44711	0.00962	0.02637	0.00147	0.02779	0.00765	0.00351	0.00374
28	0.01055	0.00593	0.00718	0.00628	0.00803	0.00584	0.00486	0.16282	0.05194	0.25979	0.04919	0.24201	0.05153	0.05288	0.00494	0.00141	0.00297	0.02278	0.04422	0.00486
29	0.00733	0.00598	0.05513	0.00627	0.00753	0.00560	0.00499	0.07397	0.10430	0.06429	0.02560	0.29200	0.07395	0.11730	0.04828	0.00191	0.04058	0.03801	0.02295	0.00405
30	0.01175	0.00677	0.00790	0.00653	0.00847	0.00693	0.00502	0.22039	0.10008	0.26991	0.01271	0.03429	0.01041	0.23486	0.02097	0.00192	0.00361	0.00437	0.02803	0.00509
31	0.00480	0.00366	0.00427	0.00455	0.00526	0.00329	0.00319	0.00567	0.00805	0.01033	0.12626	0.31257	0.34799	0.11460	0.00643	0.00166	0.00225	0.02860	0.00345	0.00310
32	0.00739	0.00488	0.00658	0.00691	0.05414	0.00496	0.00485	0.04966	0.01614	0.11575	0.02848	0.31241	0.07576	0.05945	0.16451	0.00241	0.03546	0.04312	0.00319	0.00396
33	0.03619	0.00752	0.00961	0.03849	0.09790	0.04851	0.05397	0.11422	0.05532	0.20317	0.01067	0.01310	0.00851	0.13398	0.03386	0.00170	0.04813	0.00386	0.07628	0.00498
34	0.02131	0.00611	0.00732	0.00648	0.00839	0.03481	0.00519	0.03059	0.09944	0.36038	0.04057	0.09234	0.07620	0.05182	0.00499	0.00144	0.00319	0.14050	0.00394	0.00499
35	0.00714	0.00507	0.00595	0.00556	0.00688	0.00498	0.00427	0.12768	0.04483	0.05343	0.24822	0.18110	0.20947	0.00833	0.00440	0.00130	0.00246	0.05628	0.01859	0.00405

[dist]
# distance from previous block
# <min> <max>
1	13

[block]
# block no. 6 follows, 72 sequences, length 34
# corresponding to MSA columns:
# 438-460,463-473
name=unknown_G
#
# <colnr> <probs for GDERKNQSTAVLIFYWHMCP>
#	G	D	E	R	K	N	Q	S	T	A	V	L	I	F	Y	W	H	M	C	P
0	0.01236	0.01190	0.02560	0.07537	0.05024	0.28228	0.04626	0.25339	0.01200	0.07038	0.04235	0.01027	0.00744	0.00487	0.01641	0.00122	0.04991	0.01983	0.00276	0.00517
1	0.02055	0.00577	0.00750	0.11804	0.02658	0.00591	0.00546	0.09006	0.04895	0.13979	0.14202	0.08898	0.09934	0.04166	0.05378	0.03878	0.01373	0.00518	0.00326	0.04467
2	0.00733	0.00487	0.00580	0.00547	0.00659	0.00473	0.00396	0.09124	0.04637	0.08695	0.08526	0.28523	0.12416	0.15322	0.01495	0.02076	0.00283	0.00698	0.00341	0.03990
3	0.01572	0.00547	0.00624	0.04247	0.00777	0.04448	0.00453	0.03602	0.10959	0.06018	0.04437	0.38719	0.06145	0.05608	0.00571	0.04549	0.00960	0.00712	0.00326	0.04725
4	0.03869	0.00821	0.00919	0.00739	0.00985	0.02196	0.00596	0.38727	0.06746	0.23077	0.02532	0.03338	0.00926	0.06083	0.03573	0.00151	0.00390	0.01588	0.02173	0.00571
5	0.05789	0.00597	0.00696	0.00615	0.00794	0.00606	0.00490	0.12182	0.10082	0.20466	0.08804	0.09557	0.04018	0.02148	0.00417	0.00128	0.00288	0.09015	0.12826	0.00482
6	0.00613	0.00397	0.00486	0.00489	0.00573	0.00369	0.00352	0.00736	0.02405	0.07591	0.20020	0.24870	0.17196	0.13079	0.00655	0.00166	0.00240	0.04420	0.04996	0.00346
7	0.03320	0.00648	0.00755	0.00634	0.00823	0.00658	0.00493	0.20998	0.05925	0.25098	0.04444	0.07848	0.01189	0.15388	0.00648	0.00162	0.00326	0.02198	0.07948	0.00498
8	0.00493	0.00365	0.00450	0.00503	0.00558	0.00339	0.00353	0.00588	0.02529	0.00998	0.04411	0.49938	0.21114	0.06647	0.00594	0.02339	0.00236	0.06890	0.00342	0.00313
9	0.06165	0.00707	0.00886	0.00688	0.00971	0.00666	0.00567	0.14548	0.02159	0.62907	0.03747	0.01244	0.00945	0.00470	0.00374	0.00117	0.00330	0.00375	0.01514	0.00621
10	0.01857	0.00379	0.00465	0.00489	0.00551	0.00354	0.00339	0.00643	0.00786	0.04839	0.14709	0.36320	0.14408	0.18099	0.00755	0.00186	0.00250	0.03910	0.00341	0.00320
11	0.01324	0.00732	0.06887	0.00696	0.00954	0.00619	0.00595	0.10289	0.05277	0.48618	0.03113	0.14876	0.01190	0.00583	0.00395	0.00123	0.00326	0.00489	0.02345	0.00571
12	0.10713	0.00803	0.00850	0.00718	0.00947	0.00887	0.00573	0.26380	0.31920	0.06535	0.09259	0.03237	0.04468	0.00534	0.00378	0.00122	0.00319	0.00429	0.00373	0.00555
13	0.00646	0.00543	0.00805	0.00731	0.00832	0.02540	0.08438	0.04457	0.00726	0.01008	0.02788	0.11611	0.01143	0.05085	0.49416	0.00419	0.05939	0.02269	0.00234	0.00369
14	0.00605	0.00581	0.03076	0.04612	0.02492	0.00523	0.20051	0.00760	0.00788	0.01050	0.01775	0.43829	0.10396	0.02680	0.00488	0.00144	0.00350	0.02561	0.00292	0.02946
15	0.05716	0.02939	0.01082	0.00837	0.01117	0.08883	0.00684	0.61553	0.06063	0.03875	0.00908	0.00916	0.00658	0.00445	0.00363	0.00112	0.00421	0.00329	0.02497	0.00602
16	0.00523	0.00377	0.00474	0.00508	0.00558	0.00356	0.00351	0.00598	0.00721	0.00969	0.06648	0.39555	0.06763	0.23460	0.04011	0.00220	0.00299	0.08342	0.00311	0.04953
17	0.00695	0.00563	0.00731	0.02079	0.00804	0.03695	0.00544	0.09753	0.00756	0.01051	0.00948	0.01344	0.00860	0.02304	0.65658	0.00498	0.06730	0.00387	0.00219	0.00382
18	0.00945	0.00745	0.00861	0.00642	0.00960	0.02422	0.02003	0.07559	0.08300	0.08423	0.00840	0.00897	0.00652	0.00334	0.00311	0.00075	0.00312	0.00270	0.00271	0.63178
19	0.02188	0.00441	0.00518	0.00497	0.00611	0.00412	0.00368	0.03900	0.02315	0.09934	0.15627	0.17686	0.28540	0.09656	0.01947	0.00162	0.00256	0.02717	0.01856	0.00369
20	0.03178	0.00468	0.00584	0.00570	0.00669	0.00470	0.02505	0.05729	0.07053	0.01240	0.18387	0.30654	0.11517	0.05199	0.05854	0.00177	0.00300	0.03461	0.01614	0.00370
21	0.00469	0.00336	0.00447	0.00525	0.00552	0.00318	0.00354	0.00539	0.00725	0.00969	0.03429	0.77631	0.04048	0.03217	0.04328	0.00178	0.00258	0.01024	0.00344	0.00309
22	0.00567	0.00375	0.00458	0.00481	0.00550	0.00346	0.00336	0.00651	0.00782	0.06018	0.08657	0.37534	0.20029	0.13910	0.02094	0.00181	0.00253	0.02347	0.04104	0.00326
23	0.00752	0.00504	0.00596	0.00502	0.00688	0.00430	0.00387	0.02907	0.00921	0.11684	0.20613	0.04123	0.22554	0.04915	0.00462	0.00117	0.00242	0.00539	0.04325	0.22741
24	0.00840	0.00670	0.00787	0.00582	0.00895	0.00529	0.00466	0.04762	0.00854	0.05039	0.02917	0.02948	0.00745	0.00350	0.00305	0.00068	0.00287	0.02267	0.00254	0.74436
25	0.07753	0.00489	0.00586	0.00563	0.00690	0.00474	0.00421	0.06360	0.02224	0.16212	0.08686	0.37981	0.10202	0.02653	0.00462	0.00141	0.00259	0.03067	0.00369	0.00409
26	0.01813	0.00431	0.00542	0.00554	0.00646	0.00415	0.00411	0.02722	0.03609	0.10722	0.06720	0.38261	0.08529	0.06431	0.03637	0.00173	0.00287	0.09875	0.03848	0.00372
27	0.06332	0.00503	0.00584	0.00579	0.00685	0.03707	0.02430	0.03744	0.01888	0.06523	0.08263	0.39896	0.14116	0.02259	0.02011	0.00151	0.00284	0.05329	0.00344	0.00370
28	0.00610	0.00432	0.00585	0.00636	0.04393	0.00441	0.00445	0.03085	0.00776	0.04172	0.06479	0.31885	0.07338	0.05595	0.21875	0.00269	0.01957	0.04648	0.04023	0.00357
29	0.03023	0.00457	0.00535	0.00519	0.00615	0.02174	0.02455	0.02577	0.02125	0.07481	0.04869	0.29199	0.14366	0.14081	0.00646	0.00165	0.00266	0.00697	0.13397	0.00355
30	0.03789	0.00670	0.00859	0.09478	0.04085	0.04329	0.02032	0.09064	0.00900	0.13764	0.04424	0.08487	0.05701	0.01044	0.16900	0.00222	0.08350	0.04055	0.00289	0.01558
31	0.06839	0.14408	0.01331	0.17326	0.10132	0.04480	0.10350	0.09020	0.05767	0.03105	0.02986	0.01044	0.00706	0.00454	0.01797	0.00124	0.04496	0.02344	0.00231	0.03062
32	0.07436	0.03316	0.04957	0.20215	0.03017	0.07420	0.02128	0.06142	0.02293	0.08611	0.03069	0.04610	0.08352	0.02622	0.04723	0.02950	0.02656	0.00408	0.04637	0.00438
33	0.00978	0.08817	0.03269	0.10292	0.09905	0.10827	0.12697	0.10806	0.05889	0.03286	0.00949	0.02892	0.03959	0.03660	0.03104	0.00137	0.01988	0.00372	0.00239	0.05934

[dist]
# distance from previous block
# <min> <max>
3	49

[block]
# block no. 7 follows, 72 sequences, length 6
# corresponding to MSA columns:
# 523-528
name=unknown_H
#
# <colnr> <probs for GDERKNQSTAVLIFYWHMCP>
#	G	D	E	R	K	N	Q	S	T	A	V	L	I	F	Y	W	H	M	C	P
0	0.00832	0.00496	0.00594	0.00536	0.00683	0.00465	0.00404	0.03602	0.07800	0.18657	0.16072	0.14158	0.17961	0.08709	0.00556	0.00146	0.00256	0.00626	0.04159	0.03289
1	0.08679	0.00585	0.00722	0.03421	0.00860	0.00568	0.03114	0.07473	0.03696	0.15403	0.10316	0.08780	0.12322	0.05441	0.00485	0.00136	0.00304	0.08543	0.00341	0.08812
2	0.03805	0.02721	0.00688	0.00651	0.03425	0.00568	0.00486	0.07002	0.06514	0.08616	0.12769	0.19483	0.09348	0.05958	0.00551	0.00149	0.03775	0.10355	0.02723	0.00414
3	0.00701	0.00456	0.00553	0.00525	0.00606	0.00469	0.00372	0.05921	0.04798	0.06875	0.07808	0.10655	0.03819	0.32482	0.16245	0.00300	0.00434	0.00553	0.06077	0.00351
4	0.04392	0.00458	0.00539	0.00521	0.00637	0.00440	0.00387	0.02863	0.05750	0.11438	0.13987	0.24467	0.17421	0.06630	0.00527	0.00147	0.00246	0.03344	0.05419	0.00387
5	0.20515	0.00632	0.04124	0.04053	0.00839	0.00608	0.00497	0.05958	0.05158	0.14027	0.06357	0.16762	0.09610	0.04286	0.00443	0.00137	0.00297	0.02809	0.02449	0.00436

[dist]
# distance from previous block
# <min> <max>
6	32

[block]
# block no. 8 follows, 72 sequences, length 51
# corresponding to MSA columns:
# 564-577,580-616
name=unknown_I
#
# <colnr> <probs for GDERKNQSTAVLIFYWHMCP>
#	G	D	E	R	K	N	Q	S	T	A	V	L	I	F	Y	W	H	M	C	P
0	0.13633	0.05831	0.09485	0.00711	0.00934	0.04858	0.00622	0.10140	0.15136	0.07030	0.02367	0.16387	0.01178	0.01547	0.02763	0.00143	0.00373	0.06075	0.00309	0.00479
1	0.32744	0.02303	0.06367	0.00761	0.01003	0.18350	0.06191	0.08039	0.00881	0.06118	0.00751	0.03294	0.00629	0.06046	0.01845	0.00138	0.01861	0.00309	0.00244	0.02125
2	0.09338	0.08263	0.02380	0.00832	0.01117	0.12623	0.00693	0.55522	0.01470	0.01967	0.00800	0.00845	0.00595	0.01431	0.00368	0.00112	0.00443	0.00306	0.00318	0.00577
3	0.03021	0.00378	0.00518	0.00512	0.00535	0.00388	0.00348	0.02876	0.03276	0.00788	0.00805	0.06368	0.00816	0.05527	0.01345	0.71382	0.00325	0.00386	0.00194	0.00211
4	0.01125	0.20196	0.14055	0.03811	0.08687	0.15780	0.05138	0.13352	0.03654	0.07303	0.01990	0.00870	0.00625	0.00391	0.00355	0.00107	0.01489	0.00300	0.00237	0.00535
5	0.00604	0.00402	0.00473	0.00460	0.00481	0.00414	0.00284	0.04639	0.00613	0.00823	0.01120	0.02206	0.01245	0.67929	0.09085	0.07805	0.00424	0.00510	0.00229	0.00254
6	0.00490	0.00381	0.00463	0.00507	0.00572	0.00360	0.00362	0.00603	0.03116	0.01032	0.06253	0.49471	0.27734	0.01061	0.00491	0.00145	0.02617	0.03666	0.00351	0.00327
7	0.05751	0.17150	0.07902	0.04761	0.06551	0.03064	0.04649	0.10681	0.04150	0.04294	0.00842	0.00987	0.02952	0.03566	0.01861	0.00120	0.03780	0.00310	0.00235	0.16394
8	0.03533	0.00979	0.01116	0.02434	0.02721	0.10373	0.08042	0.35867	0.01328	0.23759	0.01091	0.01081	0.03111	0.00448	0.00378	0.00114	0.00430	0.00361	0.02252	0.00584
9	0.00816	0.00662	0.00736	0.00659	0.00831	0.00729	0.00511	0.04956	0.45514	0.01562	0.26999	0.01821	0.02585	0.00589	0.00414	0.00122	0.02101	0.00496	0.04832	0.03063
10	0.00544	0.00397	0.00580	0.00582	0.00643	0.00451	0.00442	0.00652	0.00609	0.00865	0.01111	0.03663	0.03287	0.08029	0.70787	0.05494	0.00894	0.00439	0.00210	0.00321
11	0.64331	0.00664	0.00610	0.03062	0.04982	0.00753	0.00460	0.01006	0.00669	0.01501	0.01878	0.08138	0.00728	0.02953	0.02737	0.02711	0.00324	0.01856	0.00242	0.00396
12	0.00753	0.00533	0.02017	0.00579	0.01910	0.00515	0.02700	0.06390	0.08193	0.07889	0.19290	0.02204	0.07120	0.33508	0.00989	0.00214	0.00313	0.00540	0.03962	0.00381
13	0.00600	0.00533	0.00747	0.02185	0.00832	0.00517	0.10855	0.02319	0.06267	0.01136	0.07963	0.07762	0.41888	0.00919	0.05289	0.00158	0.03395	0.04264	0.00318	0.02053
14	0.00480	0.00351	0.00437	0.00495	0.00543	0.00323	0.00342	0.00560	0.00768	0.01009	0.06962	0.55545	0.18126	0.06708	0.00568	0.00161	0.00227	0.04361	0.01724	0.00310
15	0.02619	0.05817	0.00915	0.03036	0.03978	0.08749	0.00600	0.14108	0.28698	0.03739	0.01285	0.16489	0.01155	0.03081	0.02512	0.01525	0.00377	0.00492	0.00322	0.00502
16	0.01748	0.00408	0.00501	0.00487	0.00556	0.00393	0.00339	0.03079	0.00861	0.05326	0.34170	0.16981	0.02387	0.26902	0.00892	0.00200	0.00261	0.01500	0.02675	0.00333
17	0.02387	0.00858	0.06423	0.09967	0.08274	0.02617	0.00696	0.10134	0.05558	0.04544	0.00775	0.00889	0.00605	0.00356	0.00354	0.00091	0.02842	0.00284	0.00245	0.42104
18	0.01035	0.60702	0.01802	0.02325	0.17100	0.06123	0.00762	0.04419	0.00846	0.01022	0.00584	0.00695	0.00515	0.00337	0.00282	0.00090	0.00432	0.00239	0.00178	0.00511
19	0.00531	0.00403	0.00536	0.00561	0.00627	0.00381	0.02149	0.02898	0.00795	0.01076	0.08763	0.64305	0.06585	0.01040	0.00480	0.00143	0.02075	0.00933	0.00344	0.05376
20	0.00870	0.00728	0.00914	0.11487	0.02398	0.00807	0.05910	0.04637	0.43855	0.04303	0.01522	0.01653	0.08387	0.08979	0.00548	0.00151	0.00353	0.01661	0.00327	0.00510
21	0.00786	0.00674	0.00786	0.00562	0.00899	0.00506	0.00449	0.00955	0.00786	0.01236	0.00674	0.00786	0.00562	0.00281	0.00281	0.00056	0.00281	0.00225	0.00225	0.88990
22	0.01417	0.01808	0.01075	0.00977	0.01172	0.85149	0.00733	0.01514	0.01075	0.00928	0.00586	0.00684	0.00489	0.00391	0.00342	0.00098	0.00684	0.00244	0.00195	0.00440
23	0.00550	0.00407	0.00477	0.00471	0.00585	0.00359	0.00347	0.00679	0.02443	0.04579	0.17786	0.23785	0.37530	0.00957	0.02263	0.00139	0.00227	0.00784	0.00359	0.05272
24	0.89350	0.00733	0.00557	0.00499	0.00733	0.00851	0.00411	0.01115	0.00645	0.01702	0.00528	0.00616	0.00411	0.00352	0.00235	0.00117	0.00293	0.00205	0.00235	0.00411
25	0.00466	0.00338	0.00442	0.00519	0.00552	0.00313	0.00352	0.00541	0.00751	0.00995	0.05156	0.75976	0.08425	0.01154	0.00481	0.00151	0.00219	0.02502	0.00354	0.00311
26	0.00613	0.00347	0.00468	0.00468	0.00471	0.00350	0.00297	0.00524	0.00521	0.00697	0.00879	0.01677	0.00947	0.34174	0.05094	0.51294	0.00372	0.00418	0.00191	0.00197
27	0.00659	0.00329	0.00494	0.00494	0.00494	0.00329	0.00329	0.00494	0.00494	0.00659	0.00659	0.01153	0.00659	0.01318	0.01482	0.88966	0.00329	0.00329	0.00165	0.00165
28	0.00542	0.00406	0.00610	0.00610	0.00677	0.00474	0.00474	0.00677	0.00610	0.00880	0.01016	0.01490	0.00948	0.02844	0.85169	0.00610	0.01016	0.00406	0.00203	0.00339
29	0.00541	0.00368	0.00412	0.00415	0.00425	0.00362	0.00238	0.00550	0.00581	0.00765	0.01430	0.04941	0.07972	0.77468	0.01772	0.00343	0.00350	0.00586	0.00243	0.00239
30	0.00549	0.00367	0.00414	0.00417	0.00418	0.00366	0.00234	0.00551	0.00557	0.00743	0.01223	0.05079	0.01414	0.84026	0.01886	0.00361	0.00363	0.00568	0.00234	0.00232
31	0.00794	0.00590	0.00645	0.00589	0.00766	0.00607	0.00458	0.01303	0.34900	0.10069	0.07688	0.02450	0.33898	0.00716	0.00418	0.00128	0.00254	0.02873	0.00382	0.00473
32	0.00761	0.01962	0.84707	0.01081	0.01641	0.00881	0.01401	0.01201	0.00801	0.01201	0.00681	0.00801	0.00480	0.00360	0.00360	0.00120	0.00560	0.00280	0.00160	0.00560
33	0.00584	0.00423	0.00576	0.00649	0.00736	0.00414	0.00554	0.00746	0.00875	0.01138	0.06944	0.09427	0.08887	0.01034	0.00511	0.00166	0.00318	0.65321	0.00354	0.00345
34	0.00552	0.00368	0.00414	0.00414	0.00414	0.00368	0.00230	0.00552	0.00552	0.00735	0.01195	0.02482	0.01379	0.86672	0.01930	0.00368	0.00368	0.00552	0.00230	0.00230
35	0.00941	0.37158	0.39201	0.00901	0.01323	0.07848	0.03175	0.03487	0.00840	0.01085	0.00618	0.00721	0.00491	0.00349	0.00313	0.00102	0.00504	0.00251	0.00171	0.00521
36	0.00932	0.00921	0.06896	0.00887	0.01010	0.05765	0.00759	0.11254	0.02852	0.04111	0.00778	0.01188	0.00716	0.07488	0.00945	0.00162	0.43986	0.05006	0.00228	0.04116
37	0.00551	0.00370	0.00425	0.00425	0.00429	0.00374	0.00244	0.00559	0.00555	0.00744	0.01185	0.02425	0.01354	0.81900	0.06668	0.00381	0.00405	0.00543	0.00228	0.00236
38	0.00760	0.00673	0.01001	0.48351	0.03104	0.00773	0.03627	0.10121	0.05227	0.01182	0.01379	0.03921	0.16053	0.00556	0.01573	0.00133	0.00430	0.00453	0.00244	0.00438
39	0.00874	0.04381	0.08137	0.03147	0.00975	0.01511	0.00589	0.10463	0.09271	0.06042	0.02488	0.15671	0.01032	0.00571	0.00423	0.05137	0.00332	0.00436	0.00284	0.28235
40	0.00541	0.00364	0.00422	0.00437	0.00442	0.00361	0.00256	0.00554	0.00584	0.00778	0.01339	0.14216	0.01556	0.72681	0.01695	0.00333	0.00347	0.02603	0.00250	0.00244
41	0.00550	0.00373	0.00438	0.00438	0.00447	0.00381	0.00260	0.00567	0.00559	0.00754	0.01173	0.02358	0.01325	0.76165	0.12363	0.00398	0.00449	0.00533	0.00226	0.00243
42	0.00583	0.00476	0.00679	0.00859	0.16025	0.00467	0.00517	0.00724	0.03015	0.01118	0.13710	0.46383	0.09712	0.00918	0.00474	0.00139	0.02673	0.00821	0.00327	0.00381
43	0.19644	0.00545	0.00592	0.00531	0.00690	0.00559	0.00416	0.06874	0.00848	0.16408	0.01335	0.03979	0.07700	0.06837	0.03944	0.06613	0.00316	0.04934	0.16823	0.00412
44	0.00703	0.00486	0.00599	0.00537	0.00666	0.00474	0.00413	0.07595	0.06532	0.06454	0.64433	0.02519	0.05647	0.00720	0.00434	0.00120	0.00215	0.00627	0.00413	0.00413
45	0.00552	0.00368	0.00414	0.00414	0.00414	0.00368	0.00230	0.00552	0.00552	0.00735	0.01195	0.02482	0.01379	0.86672	0.01930	0.00368	0.00368	0.00552	0.00230	0.00230
46	0.01069	0.01151	0.01469	0.01148	0.01395	0.27812	0.34992	0.04231	0.02496	0.03491	0.00727	0.00940	0.00582	0.00514	0.00585	0.13419	0.02972	0.00355	0.00207	0.00444
47	0.00467	0.00363	0.00426	0.00462	0.00540	0.00322	0.00329	0.00562	0.00831	0.01061	0.12578	0.38593	0.38590	0.01036	0.00465	0.00139	0.00205	0.02352	0.00360	0.00320
48	0.00970	0.01077	0.00899	0.00819	0.00905	0.34826	0.00620	0.01046	0.00789	0.00888	0.00837	0.06034	0.02045	0.17245	0.05734	0.00201	0.24091	0.00392	0.00206	0.00377
49	0.00886	0.00514	0.00653	0.00587	0.00738	0.00488	0.00452	0.04273	0.05673	0.22438	0.21940	0.23010	0.07671	0.00767	0.00449	0.00128	0.02522	0.02188	0.00390	0.04233
50	0.00842	0.00516	0.00622	0.00566	0.00686	0.00513	0.00414	0.09808	0.07375	0.14380	0.13495	0.17929	0.05712	0.19435	0.00813	0.05237	0.00295	0.00611	0.00348	0.00403

[dist]
# distance from previous block
# <min> <max>
0	1

[block]
# block no. 9 follows, 72 sequences, length 12
# corresponding to MSA columns:
# 618-629
name=unknown_J
#
# <colnr> <probs for GDERKNQSTAVLIFYWHMCP>
#	G	D	E	R	K	N	Q	S	T	A	V	L	I	F	Y	W	H	M	C	P
0	0.05963	0.00603	0.00673	0.00594	0.00750	0.00617	0.00455	0.23316	0.01075	0.08623	0.09096	0.15910	0.13602	0.12339	0.00616	0.00159	0.00302	0.02918	0.01955	0.00433
1	0.00545	0.00394	0.00553	0.00554	0.00608	0.00438	0.00409	0.00655	0.00632	0.00903	0.05857	0.04213	0.01232	0.19626	0.58945	0.00507	0.00793	0.00470	0.02350	0.00317
2	0.00663	0.00485	0.00563	0.00532	0.00665	0.00468	0.00402	0.02670	0.13817	0.05851	0.22259	0.15858	0.24286	0.02110	0.00454	0.00131	0.00232	0.02852	0.01639	0.04064
3	0.13000	0.00507	0.00564	0.00518	0.00673	0.00484	0.00390	0.00923	0.06075	0.10355	0.13322	0.18751	0.17675	0.05334	0.00476	0.00135	0.00250	0.00614	0.00340	0.09613
4	0.14538	0.00680	0.00763	0.00566	0.00882	0.00565	0.00457	0.01094	0.00803	0.11969	0.00757	0.00825	0.00587	0.00316	0.00287	0.00073	0.00288	0.00242	0.00258	0.64050
5	0.00491	0.00351	0.00438	0.00490	0.00523	0.00330	0.00326	0.00554	0.00722	0.00953	0.06338	0.50910	0.10575	0.21417	0.00823	0.00201	0.00255	0.03683	0.00326	0.00295
6	0.01248	0.00816	0.00907	0.00744	0.00993	0.00881	0.00599	0.28776	0.30820	0.19556	0.01294	0.01221	0.00923	0.00478	0.00371	0.00117	0.00332	0.00382	0.08941	0.00601
7	0.00496	0.00378	0.00430	0.00444	0.00534	0.00339	0.00321	0.00600	0.02393	0.01067	0.12868	0.20036	0.45383	0.03543	0.00554	0.05237	0.00214	0.02165	0.02682	0.00317
8	0.00789	0.00744	0.01239	0.58525	0.25676	0.00863	0.01065	0.01069	0.04308	0.01072	0.00722	0.01008	0.00560	0.00373	0.00378	0.00123	0.00481	0.00341	0.00183	0.00480
9	0.00514	0.00362	0.00450	0.00493	0.00518	0.00355	0.00321	0.00583	0.02213	0.00904	0.03377	0.43103	0.03926	0.33904	0.04645	0.00254	0.00314	0.03176	0.00301	0.00287
10	0.00832	0.02055	0.01223	0.38519	0.11507	0.05604	0.08399	0.05042	0.00822	0.01081	0.02906	0.01072	0.00658	0.03274	0.04070	0.01831	0.10105	0.00358	0.00194	0.00447
11	0.06971	0.04690	0.08475	0.11944	0.16539	0.00904	0.08768	0.12829	0.05305	0.04560	0.00809	0.00980	0.00632	0.00601	0.07743	0.00159	0.03334	0.00336	0.00236	0.04184

[dist]
# distance from previous block
# <min> <max>
0	14

[block]
# block no. 10 follows, 72 sequences, length 40
# corresponding to MSA columns:
# 644-683
name=unknown_K
#
# <colnr> <probs for GDERKNQSTAVLIFYWHMCP>
#	G	D	E	R	K	N	Q	S	T	A	V	L	I	F	Y	W	H	M	C	P
0	0.00957	0.22818	0.07245	0.01039	0.01310	0.11085	0.25206	0.02625	0.00840	0.02566	0.00769	0.06123	0.00693	0.02067	0.00510	0.00123	0.11630	0.01720	0.00201	0.00472
1	0.00903	0.00696	0.00815	0.00593	0.00918	0.00559	0.00477	0.07539	0.00896	0.07763	0.02835	0.00886	0.00673	0.00322	0.00301	0.00067	0.00292	0.00258	0.00261	0.72949
2	0.03261	0.00383	0.00460	0.00493	0.00548	0.00364	0.00342	0.00605	0.00736	0.00999	0.07765	0.34422	0.12710	0.23752	0.00852	0.00203	0.00270	0.09010	0.00317	0.02509
