[name]
unknown

[dist]
# distance from previous block
# <min> <max>
0	87

[block]
# block no. 0 follows, 75 sequences, length 6
# corresponding to MSA columns:
# 116-121
name=unknown_A
#
# <colnr> <probs for GDERKNQSTAVLIFYWHMCP>
#	G	D	E	R	K	N	Q	S	T	A	V	L	I	F	Y	W	H	M	C	P
0	0.03252	0.04107	0.02420	0.02391	0.04696	0.00801	0.03153	0.14960	0.16345	0.07198	0.04452	0.05613	0.02537	0.04804	0.00520	0.00129	0.08415	0.04435	0.00298	0.09473
1	0.02893	0.04875	0.03472	0.10575	0.06279	0.06718	0.08590	0.08374	0.06806	0.09141	0.04178	0.06333	0.04607	0.01916	0.00433	0.00117	0.04969	0.00402	0.02191	0.07131
2	0.07092	0.07619	0.01032	0.07057	0.03369	0.07960	0.08162	0.08639	0.08050	0.06270	0.04514	0.07562	0.02629	0.02934	0.00414	0.00114	0.02631	0.00388	0.00263	0.13304
3	0.11648	0.02217	0.03498	0.02144	0.03938	0.00678	0.02078	0.11164	0.04388	0.15801	0.06368	0.04493	0.02509	0.02936	0.02667	0.00123	0.02430	0.00365	0.02718	0.17838
4	0.04897	0.02229	0.02755	0.06448	0.06001	0.10428	0.05857	0.08033	0.12717	0.09634	0.08305	0.04376	0.02563	0.00469	0.00384	0.00110	0.03008	0.00387	0.03513	0.07885
5	0.04429	0.00578	0.00686	0.02392	0.06559	0.03136	0.00467	0.08137	0.07276	0.05988	0.11588	0.09191	0.03290	0.14949	0.00772	0.12805	0.00316	0.00471	0.00282	0.06686

[dist]
# distance from previous block
# <min> <max>
6	8

[block]
# block no. 1 follows, 75 sequences, length 23
# corresponding to MSA columns:
# 130-152
name=unknown_B
#
# <colnr> <probs for GDERKNQSTAVLIFYWHMCP>
#	G	D	E	R	K	N	Q	S	T	A	V	L	I	F	Y	W	H	M	C	P
0	0.00759	0.00719	0.01220	0.60743	0.27486	0.00833	0.01053	0.00996	0.00765	0.01018	0.00664	0.00958	0.00518	0.00355	0.00366	0.00118	0.00473	0.00327	0.00169	0.00461
1	0.16215	0.02650	0.02602	0.08673	0.05898	0.00917	0.02450	0.30723	0.10018	0.13926	0.00924	0.00949	0.00662	0.00412	0.00341	0.00113	0.00372	0.00321	0.01284	0.00549
2	0.00502	0.00358	0.00462	0.00501	0.00551	0.00343	0.00353	0.00587	0.00746	0.02735	0.11488	0.48371	0.12195	0.07972	0.07018	0.00192	0.01554	0.03436	0.00328	0.00311
3	0.00454	0.00358	0.00409	0.00428	0.00516	0.00314	0.00309	0.00554	0.00838	0.01067	0.18370	0.26572	0.46594	0.00958	0.00444	0.00129	0.00191	0.00829	0.00353	0.00314
4	0.00956	0.00922	0.05391	0.25911	0.15969	0.04221	0.09001	0.21666	0.02125	0.01358	0.00740	0.00963	0.00580	0.03218	0.00467	0.00126	0.05318	0.00340	0.00225	0.00504
5	0.00478	0.00361	0.00442	0.00449	0.00530	0.00325	0.00326	0.00603	0.00901	0.01209	0.42038	0.23456	0.25745	0.00898	0.00442	0.00126	0.00187	0.00788	0.00371	0.00325
6	0.03154	0.00856	0.05412	0.23976	0.06116	0.00907	0.05516	0.24073	0.06608	0.05458	0.00851	0.02121	0.00667	0.02330	0.00488	0.01311	0.07634	0.01763	0.00258	0.00501
7	0.89687	0.00710	0.00540	0.00483	0.00710	0.00824	0.00398	0.01080	0.00625	0.01648	0.00511	0.00597	0.00398	0.00341	0.00227	0.00114	0.00284	0.00199	0.00227	0.00398
8	0.00877	0.02079	0.07468	0.08984	0.09089	0.04928	0.03406	0.07993	0.01805	0.04567	0.03370	0.00978	0.03198	0.00358	0.00326	0.00087	0.00369	0.00299	0.00234	0.39584
9	0.05489	0.61806	0.10714	0.00780	0.02644	0.01283	0.07926	0.01140	0.03475	0.00992	0.00582	0.00676	0.00498	0.00325	0.00271	0.00090	0.00420	0.00235	0.00171	0.00483
10	0.01288	0.00722	0.00858	0.00699	0.00942	0.00737	0.00569	0.21505	0.18026	0.36271	0.06232	0.01425	0.01096	0.00505	0.00377	0.00117	0.00319	0.04587	0.03146	0.00576
11	0.03338	0.00667	0.02514	0.00667	0.02403	0.00653	0.00526	0.13188	0.15075	0.15564	0.12920	0.05375	0.05334	0.02560	0.05765	0.00147	0.01432	0.01432	0.00341	0.10099
12	0.02952	0.09249	0.09617	0.01253	0.30026	0.01837	0.00834	0.09431	0.07453	0.03065	0.02825	0.00951	0.01864	0.00375	0.00359	0.00101	0.02760	0.00310	0.00230	0.14509
13	0.00532	0.00369	0.00445	0.00448	0.00459	0.00383	0.00278	0.00557	0.00556	0.00754	0.01191	0.09381	0.01353	0.66722	0.12646	0.00364	0.02534	0.00554	0.00228	0.00247
14	0.00460	0.00321	0.00422	0.00503	0.00527	0.00301	0.00337	0.00529	0.00707	0.00960	0.01982	0.82471	0.02353	0.01114	0.00458	0.00146	0.00211	0.01008	0.04893	0.00301
15	0.00980	0.01140	0.01660	0.01266	0.01540	0.24002	0.48974	0.02512	0.00899	0.01085	0.00775	0.07043	0.00665	0.00409	0.00450	0.00120	0.05406	0.00416	0.00199	0.00459
16	0.89687	0.00710	0.00540	0.00483	0.00710	0.00824	0.00398	0.01080	0.00625	0.01648	0.00511	0.00597	0.00398	0.00341	0.00227	0.00114	0.00284	0.00199	0.00227	0.00398
17	0.00463	0.00337	0.00439	0.00510	0.00546	0.00316	0.00350	0.00555	0.02161	0.00986	0.06758	0.73757	0.06735	0.01101	0.00465	0.00146	0.00215	0.03508	0.00345	0.00308
18	0.00535	0.00402	0.00471	0.00474	0.00574	0.00372	0.00356	0.02732	0.03614	0.02747	0.21035	0.17966	0.35749	0.03638	0.00487	0.00137	0.00218	0.07800	0.00355	0.00339
19	0.00970	0.00802	0.00851	0.00752	0.00968	0.00920	0.00589	0.08021	0.75684	0.03927	0.01448	0.01331	0.01078	0.00493	0.00373	0.00123	0.00300	0.00408	0.00376	0.00586
20	0.03169	0.01320	0.01049	0.01946	0.01129	0.45794	0.04776	0.15192	0.08496	0.06794	0.00813	0.03562	0.00650	0.00433	0.00380	0.00107	0.03333	0.00315	0.00257	0.00484
21	0.01006	0.40346	0.08894	0.03808	0.12341	0.14848	0.02722	0.05243	0.00863	0.01039	0.00625	0.00789	0.00538	0.00353	0.00301	0.00094	0.00459	0.02238	0.00183	0.03310
22	0.00540	0.00386	0.00480	0.00503	0.00586	0.00360	0.00378	0.00682	0.03413	0.03849	0.20506	0.27573	0.21623	0.03679	0.00497	0.00144	0.00228	0.13881	0.00355	0.00335

[dist]
# distance from previous block
# <min> <max>
2	60

[block]
# block no. 2 follows, 75 sequences, length 23
# corresponding to MSA columns:
# 217-239
name=unknown_C
#
# <colnr> <probs for GDERKNQSTAVLIFYWHMCP>
#	G	D	E	R	K	N	Q	S	T	A	V	L	I	F	Y	W	H	M	C	P
0	0.05106	0.09088	0.01041	0.10390	0.10726	0.06037	0.02934	0.12817	0.09077	0.06006	0.00921	0.05185	0.00799	0.10990	0.00529	0.00137	0.00391	0.00369	0.00256	0.07201
1	0.33013	0.00739	0.00712	0.00598	0.00830	0.06029	0.00483	0.09709	0.03414	0.20365	0.00946	0.03628	0.00730	0.00430	0.00307	0.00108	0.00317	0.02850	0.06600	0.08193
2	0.05769	0.00506	0.00688	0.00640	0.00755	0.00512	0.07650	0.03236	0.07015	0.02534	0.11823	0.14581	0.06648	0.15115	0.00683	0.00175	0.01198	0.19799	0.00312	0.00362
3	0.00568	0.00459	0.00601	0.00596	0.00664	0.04734	0.00457	0.00689	0.00609	0.00846	0.00974	0.01464	0.00922	0.07905	0.76114	0.00551	0.00928	0.00394	0.00198	0.00326
4	0.04027	0.00727	0.00854	0.00690	0.00943	0.00742	0.00559	0.16599	0.22459	0.41362	0.01315	0.01201	0.00898	0.00458	0.00359	0.00114	0.00315	0.00367	0.05419	0.00591
5	0.11548	0.00586	0.00743	0.00674	0.00828	0.00623	0.00560	0.02526	0.03414	0.26922	0.03984	0.07830	0.01316	0.00685	0.00520	0.00139	0.12616	0.23694	0.00339	0.00452
6	0.00560	0.00371	0.00437	0.00443	0.00472	0.00362	0.00285	0.00598	0.00629	0.03143	0.04854	0.06764	0.06779	0.62395	0.01466	0.00295	0.00328	0.09297	0.00262	0.00260
7	0.00456	0.00326	0.00436	0.00522	0.00547	0.00306	0.00356	0.00527	0.00712	0.00948	0.02019	0.81743	0.02410	0.01142	0.00471	0.00150	0.00221	0.06066	0.00341	0.00301
8	0.01290	0.05021	0.01076	0.00955	0.03635	0.68675	0.00711	0.03211	0.07750	0.00988	0.00648	0.00733	0.00532	0.00393	0.00357	0.00099	0.03014	0.00257	0.00206	0.00448
9	0.08259	0.00691	0.00814	0.02185	0.03198	0.00692	0.00541	0.17699	0.09901	0.24053	0.14143	0.01412	0.03565	0.00491	0.00362	0.00109	0.00304	0.01593	0.00361	0.09626
10	0.00926	0.00901	0.01635	0.09315	0.27673	0.03414	0.36101	0.01201	0.03532	0.06500	0.00778	0.00973	0.00596	0.00336	0.00389	0.00114	0.00506	0.00370	0.00207	0.04532
11	0.89687	0.00710	0.00540	0.00483	0.00710	0.00824	0.00398	0.01080	0.00625	0.01648	0.00511	0.00597	0.00398	0.00341	0.00227	0.00114	0.00284	0.00199	0.00227	0.00398
12	0.00724	0.00683	0.01156	0.74535	0.13970	0.00824	0.01035	0.00965	0.00749	0.00975	0.00658	0.00969	0.00502	0.00362	0.00367	0.00121	0.00482	0.00327	0.00166	0.00432
13	0.00547	0.00413	0.00502	0.00495	0.00591	0.00398	0.00373	0.00784	0.09646	0.01309	0.45125	0.14312	0.15000	0.00813	0.00432	0.00125	0.00203	0.05743	0.02830	0.00358
14	0.00502	0.04216	0.00552	0.00532	0.00595	0.00384	0.02725	0.00593	0.00756	0.00999	0.10585	0.54712	0.10033	0.05605	0.00527	0.00152	0.00241	0.05647	0.00328	0.00316
15	0.00800	0.00644	0.00727	0.00670	0.00785	0.07454	0.00522	0.03002	0.17847	0.06264	0.01067	0.02961	0.00913	0.03893	0.34712	0.02029	0.08703	0.00387	0.06205	0.00414
16	0.00999	0.83519	0.01885	0.00643	0.00951	0.05186	0.00632	0.01116	0.00759	0.00866	0.00513	0.00592	0.00471	0.00317	0.00240	0.00079	0.00405	0.00198	0.00159	0.00469
17	0.03382	0.00522	0.00621	0.00551	0.00702	0.00517	0.00425	0.08564	0.09452	0.16314	0.31153	0.10722	0.06042	0.02021	0.00417	0.00121	0.00242	0.00561	0.07234	0.00438
18	0.00482	0.00361	0.00397	0.00406	0.00469	0.00329	0.00272	0.00536	0.00708	0.00889	0.04859	0.11428	0.39467	0.33543	0.01002	0.02037	0.00258	0.01988	0.00294	0.00274
19	0.00454	0.00352	0.00414	0.00442	0.00520	0.00312	0.00315	0.00550	0.00821	0.01056	0.17366	0.35645	0.38471	0.00984	0.00447	0.00132	0.00194	0.00860	0.00352	0.00312
20	0.00582	0.00457	0.00667	0.00640	0.00699	0.00555	0.00504	0.02116	0.00602	0.00874	0.00901	0.01334	0.00843	0.02372	0.69483	0.04042	0.12421	0.00380	0.00193	0.00336
21	0.04041	0.00696	0.00967	0.17707	0.15305	0.00696	0.01643	0.05094	0.04518	0.01203	0.04030	0.00964	0.00687	0.00434	0.01617	0.04059	0.03475	0.00302	0.00218	0.32343
22	0.02328	0.09489	0.03414	0.03342	0.01016	0.09273	0.09766	0.06857	0.12062	0.05337	0.04386	0.11676	0.05538	0.01459	0.02839	0.04613	0.00399	0.02361	0.00273	0.03571

[dist]
# distance from previous block
# <min> <max>
1	31

[block]
# block no. 3 follows, 75 sequences, length 9
# corresponding to MSA columns:
# 271-279
name=unknown_D
#
# <colnr> <probs for GDERKNQSTAVLIFYWHMCP>
#	G	D	E	R	K	N	Q	S	T	A	V	L	I	F	Y	W	H	M	C	P
0	0.05078	0.07675	0.08630	0.00749	0.02341	0.04152	0.07651	0.06425	0.02969	0.04061	0.01938	0.02728	0.00669	0.00435	0.01812	0.03645	0.00377	0.01487	0.00229	0.36949
1	0.14052	0.02180	0.16554	0.02831	0.01029	0.05318	0.00697	0.12756	0.09661	0.08254	0.06008	0.02429	0.02134	0.00505	0.02110	0.00125	0.05946	0.00345	0.06581	0.00486
2	0.00533	0.00364	0.00489	0.00495	0.00541	0.00381	0.00353	0.00599	0.00643	0.00896	0.09444	0.10122	0.06562	0.18922	0.33147	0.11383	0.00540	0.00524	0.03779	0.00284
3	0.00472	0.00335	0.00444	0.00502	0.00531	0.00325	0.00340	0.00535	0.00680	0.00912	0.04135	0.61218	0.04393	0.10537	0.10319	0.02527	0.00317	0.00879	0.00309	0.00292
4	0.00459	0.00351	0.00423	0.00459	0.00530	0.00314	0.00328	0.00554	0.00809	0.01047	0.15703	0.40951	0.31993	0.01004	0.00452	0.00136	0.00201	0.03622	0.00351	0.00311
5	0.00771	0.11743	0.71556	0.01023	0.01531	0.00926	0.05225	0.01156	0.00776	0.01129	0.00646	0.00764	0.00470	0.00343	0.00340	0.00112	0.00529	0.00271	0.00157	0.00532
6	0.00628	0.00387	0.00456	0.00445	0.00517	0.00396	0.00329	0.00761	0.00785	0.03355	0.17167	0.10919	0.05968	0.08460	0.03337	0.00146	0.05599	0.00519	0.39490	0.00336
7	0.00975	0.73559	0.05085	0.00685	0.00978	0.05039	0.00674	0.01101	0.00746	0.00879	0.00517	0.00616	0.00472	0.00344	0.00319	0.00087	0.07088	0.00211	0.00159	0.00467
8	0.03624	0.00877	0.04522	0.05090	0.12365	0.05444	0.00709	0.25350	0.05839	0.18329	0.02756	0.05353	0.02654	0.00471	0.00381	0.00114	0.01987	0.00382	0.01939	0.01815

[dist]
# distance from previous block
# <min> <max>
0	2

[block]
# block no. 4 follows, 75 sequences, length 21
# corresponding to MSA columns:
# 282-302
name=unknown_E
#
# <colnr> <probs for GDERKNQSTAVLIFYWHMCP>
#	G	D	E	R	K	N	Q	S	T	A	V	L	I	F	Y	W	H	M	C	P
0	0.03547	0.10284	0.07778	0.07553	0.06882	0.09190	0.05354	0.24940	0.05313	0.05359	0.00933	0.01002	0.04763	0.00418	0.00363	0.00108	0.02011	0.00329	0.01081	0.02789
1	0.02034	0.00711	0.13049	0.01908	0.00879	0.00539	0.06164	0.03141	0.04951	0.09207	0.18220	0.05480	0.23975	0.04703	0.00480	0.00131	0.01310	0.00558	0.02143	0.00416
2	0.02979	0.00705	0.02923	0.03257	0.03436	0.04030	0.03312	0.11916	0.05182	0.28229	0.15179	0.07823	0.07176	0.00571	0.00399	0.00118	0.01420	0.00481	0.00362	0.00501
3	0.06981	0.21871	0.14597	0.00793	0.01116	0.05537	0.05162	0.16902	0.05147	0.04573	0.00747	0.02212	0.00590	0.00377	0.00329	0.00100	0.01711	0.00285	0.00237	0.10734
4	0.02016	0.04044	0.05274	0.09550	0.09668	0.02208	0.08919	0.12483	0.11184	0.14042	0.05182	0.01155	0.02834	0.00469	0.01897	0.00121	0.02387	0.00367	0.00286	0.05913
5	0.00467	0.00342	0.00437	0.00497	0.00544	0.00317	0.00350	0.00552	0.00760	0.01001	0.09894	0.57016	0.14531	0.03963	0.00511	0.00151	0.00221	0.07797	0.00343	0.00305
6	0.00729	0.00703	0.08705	0.03516	0.01787	0.02385	0.15315	0.02185	0.03198	0.07593	0.04575	0.27468	0.04064	0.03394	0.01750	0.00149	0.01363	0.10422	0.00290	0.00409
7	0.00913	0.02575	0.04709	0.11051	0.42182	0.04805	0.02957	0.04984	0.03761	0.04508	0.00849	0.03801	0.00734	0.00428	0.00405	0.00117	0.03858	0.05058	0.00219	0.02089
8	0.00732	0.00641	0.00871	0.02775	0.00866	0.00816	0.00644	0.02904	0.04372	0.02632	0.02748	0.11131	0.04654	0.03467	0.03901	0.02449	0.45192	0.08588	0.00235	0.00382
9	0.00470	0.00338	0.00421	0.00480	0.00517	0.00315	0.00325	0.00536	0.00705	0.00928	0.02110	0.57249	0.13585	0.13787	0.00668	0.00176	0.00235	0.04727	0.02137	0.00292
10	0.00922	0.06631	0.10205	0.12553	0.41681	0.05965	0.04285	0.01993	0.02558	0.05506	0.02017	0.02671	0.00652	0.00371	0.00359	0.00111	0.00454	0.00335	0.00202	0.00529
11	0.00759	0.00638	0.00864	0.22625	0.08783	0.03875	0.02144	0.07575	0.06699	0.03109	0.04063	0.15448	0.03759	0.05410	0.00491	0.00143	0.00375	0.12546	0.00275	0.00417
12	0.00647	0.00568	0.00802	0.00732	0.00762	0.00738	0.00583	0.00742	0.00572	0.00851	0.00784	0.01271	0.00774	0.11207	0.39498	0.00377	0.38181	0.00378	0.00184	0.00348
13	0.00828	0.00769	0.01259	0.21407	0.51884	0.00809	0.00989	0.03512	0.02989	0.01193	0.07028	0.02680	0.02246	0.00401	0.00373	0.00114	0.00416	0.00375	0.00210	0.00516
14	0.00457	0.00335	0.00429	0.00491	0.00535	0.00308	0.00340	0.00538	0.00759	0.01002	0.10265	0.64398	0.14356	0.01076	0.00461	0.00143	0.00209	0.03244	0.00347	0.00306
15	0.00800	0.00699	0.01037	0.55024	0.07053	0.02961	0.00886	0.04747	0.07882	0.04726	0.02996	0.05848	0.00757	0.00444	0.00395	0.00122	0.02575	0.00382	0.00221	0.00445
16	0.01180	0.00889	0.01140	0.21745	0.12162	0.07219	0.03908	0.26788	0.01141	0.17468	0.00875	0.00966	0.00625	0.00405	0.00381	0.00114	0.01831	0.00333	0.00287	0.00543
17	0.00882	0.03404	0.01445	0.09513	0.73173	0.00872	0.01085	0.01096	0.00822	0.01161	0.00713	0.02887	0.00613	0.00349	0.00363	0.00110	0.00435	0.00340	0.00183	0.00557
18	0.00514	0.00372	0.00453	0.00443	0.00528	0.00337	0.00322	0.00639	0.00909	0.02865	0.46432	0.11622	0.23907	0.08347	0.00561	0.00142	0.00199	0.00715	0.00367	0.00327
19	0.00961	0.15167	0.09927	0.03947	0.35626	0.06694	0.03004	0.05336	0.08116	0.03324	0.02471	0.00914	0.00656	0.00370	0.00358	0.00107	0.01960	0.00312	0.00212	0.00537
20	0.00519	0.00400	0.00456	0.00455	0.00547	0.00374	0.00330	0.04190	0.02622	0.01096	0.15997	0.18347	0.37980	0.10495	0.03139	0.00167	0.00246	0.01982	0.00336	0.00325

[dist]
# distance from previous block
# <min> <max>
2	8

[block]
# block no. 5 follows, 75 sequences, length 13
# corresponding to MSA columns:
# 311-323
name=unknown_F
#
# <colnr> <probs for GDERKNQSTAVLIFYWHMCP>
#	G	D	E	R	K	N	Q	S	T	A	V	L	I	F	Y	W	H	M	C	P
0	0.11633	0.18107	0.10956	0.00959	0.11838	0.10083	0.05201	0.05622	0.05840	0.03345	0.00729	0.03136	0.00600	0.00369	0.00314	0.00100	0.00418	0.00290	0.00217	0.10242
1	0.05640	0.15981	0.40024	0.02357	0.06095	0.08582	0.02405	0.08829	0.04615	0.01237	0.00679	0.00775	0.00516	0.00359	0.00327	0.00107	0.00485	0.00271	0.00194	0.00521
2	0.00578	0.00432	0.00575	0.06285	0.02182	0.01899	0.00456	0.00691	0.02060	0.03544	0.04407	0.36539	0.05267	0.07703	0.14308	0.02187	0.02278	0.07988	0.00290	0.00331
3	0.03872	0.07525	0.05170	0.07696	0.20700	0.11306	0.01892	0.11549	0.10252	0.04868	0.02437	0.00956	0.00685	0.00449	0.01940	0.00120	0.05571	0.00321	0.02177	0.00514
4	0.00670	0.00492	0.00576	0.00529	0.00661	0.00485	0.00404	0.07943	0.11070	0.03236	0.36290	0.10997	0.13006	0.00718	0.00407	0.00117	0.00224	0.02406	0.05373	0.04395
5	0.00612	0.00345	0.00502	0.00497	0.00514	0.00358	0.00345	0.00523	0.00531	0.00719	0.03954	0.01344	0.03973	0.04136	0.12287	0.66181	0.02430	0.00366	0.00182	0.00202
6	0.01118	0.10243	0.02935	0.00732	0.00955	0.02571	0.05232	0.12398	0.06637	0.26338	0.08695	0.01259	0.01014	0.03915	0.06071	0.02749	0.05939	0.00377	0.00319	0.00504
7	0.00852	0.00510	0.02002	0.00567	0.00713	0.00471	0.00448	0.08542	0.00962	0.20482	0.19637	0.17664	0.09028	0.04224	0.04469	0.00156	0.00297	0.06113	0.02443	0.00421
8	0.00640	0.00451	0.02357	0.02333	0.03091	0.00441	0.02074	0.03855	0.02410	0.02027	0.04248	0.12052	0.01166	0.16869	0.11726	0.30997	0.00411	0.02337	0.00229	0.00286
9	0.12707	0.16821	0.01008	0.01920	0.06993	0.12498	0.00566	0.08957	0.00887	0.01217	0.02874	0.01226	0.14086	0.00518	0.02811	0.00112	0.01555	0.00340	0.00237	0.12667
10	0.03549	0.15447	0.12353	0.04683	0.03133	0.09415	0.07348	0.14832	0.03910	0.02346	0.02753	0.05978	0.00734	0.00419	0.00347	0.00104	0.01443	0.00338	0.01749	0.09118
11	0.03928	0.10152	0.08925	0.00815	0.06538	0.02677	0.02842	0.08960	0.10910	0.05803	0.04930	0.05086	0.04015	0.09858	0.00579	0.00142	0.06119	0.04016	0.00268	0.03437
12	0.04802	0.05411	0.09678	0.06159	0.07194	0.08374	0.04606	0.05552	0.01848	0.12174	0.03568	0.05770	0.03387	0.00435	0.00354	0.00103	0.01536	0.00357	0.02441	0.16252

[dist]
# distance from previous block
# <min> <max>
5	60

[block]
# block no. 6 follows, 75 sequences, length 8
# corresponding to MSA columns:
# 395-402
name=unknown_G
#
# <colnr> <probs for GDERKNQSTAVLIFYWHMCP>
#	G	D	E	R	K	N	Q	S	T	A	V	L	I	F	Y	W	H	M	C	P
0	0.09858	0.05104	0.05823	0.02249	0.00932	0.11277	0.02157	0.07498	0.06352	0.13035	0.05273	0.06160	0.12961	0.00552	0.00385	0.00114	0.02796	0.02788	0.00297	0.04392
1	0.05626	0.02122	0.02930	0.02298	0.06214	0.04999	0.00508	0.03456	0.06216	0.05710	0.18502	0.15445	0.13086	0.02268	0.02729	0.00138	0.02092	0.02603	0.00314	0.02745
2	0.13669	0.02233	0.00638	0.01851	0.03233	0.01678	0.00442	0.03918	0.03251	0.11668	0.11464	0.06614	0.21979	0.06190	0.00509	0.00136	0.04065	0.03227	0.02837	0.00399
3	0.07553	0.02698	0.02402	0.04501	0.00792	0.01682	0.00476	0.03112	0.02365	0.13551	0.11436	0.15575	0.11667	0.06148	0.00536	0.01993	0.02886	0.07353	0.00319	0.02959
4	0.00754	0.08870	0.03820	0.00590	0.00731	0.03013	0.00484	0.04916	0.07500	0.05724	0.09479	0.08878	0.03778	0.06716	0.15928	0.02513	0.01734	0.04085	0.10093	0.00394
5	0.00751	0.00669	0.04138	0.15480	0.08396	0.02191	0.06227	0.03276	0.03937	0.05489	0.16260	0.03264	0.10288	0.02025	0.02204	0.03224	0.00361	0.00451	0.00269	0.11099
6	0.00936	0.72554	0.08149	0.08851	0.01144	0.01347	0.00721	0.01089	0.00747	0.00894	0.00535	0.00641	0.00473	0.00322	0.00257	0.00086	0.00413	0.00215	0.00158	0.00471
7	0.02587	0.03054	0.00877	0.09715	0.02702	0.04750	0.00571	0.01196	0.12482	0.10016	0.00850	0.00927	0.00657	0.00361	0.00349	0.00088	0.03968	0.00282	0.02306	0.42261

[dist]
# distance from previous block
# <min> <max>
22	48

[block]
# block no. 7 follows, 75 sequences, length 14
# corresponding to MSA columns:
# 461-474
name=unknown_H
#
# <colnr> <probs for GDERKNQSTAVLIFYWHMCP>
#	G	D	E	R	K	N	Q	S	T	A	V	L	I	F	Y	W	H	M	C	P
0	0.02924	0.02661	0.12375	0.03082	0.02182	0.00692	0.01400	0.15064	0.05800	0.05993	0.04883	0.20074	0.03417	0.01921	0.03882	0.00140	0.03568	0.00503	0.00289	0.09148
1	0.07356	0.06084	0.12715	0.02102	0.05200	0.03988	0.10945	0.19832	0.07809	0.04545	0.03619	0.04170	0.00801	0.02795	0.00454	0.01749	0.03734	0.01334	0.00263	0.00504
2	0.03361	0.11834	0.13859	0.01774	0.02158	0.03043	0.09652	0.10894	0.05652	0.15711	0.02555	0.01132	0.01678	0.09070	0.00543	0.00136	0.04675	0.00351	0.00266	0.01655
3	0.00562	0.00392	0.00552	0.00546	0.00613	0.00428	0.00410	0.00674	0.00646	0.04127	0.06863	0.05501	0.04596	0.13781	0.58053	0.00470	0.00752	0.00474	0.00236	0.00324
4	0.00864	0.02208	0.04999	0.26619	0.09523	0.04620	0.07068	0.01211	0.14841	0.07014	0.04916	0.03619	0.00837	0.00457	0.00463	0.00123	0.09520	0.00381	0.00240	0.00477
5	0.00762	0.04939	0.07529	0.14911	0.08364	0.02239	0.07333	0.04651	0.00841	0.05642	0.05490	0.17356	0.07594	0.00612	0.00419	0.01304	0.01923	0.02977	0.04689	0.00425
6	0.00681	0.02400	0.03926	0.16410	0.01132	0.00707	0.05158	0.00807	0.00671	0.02606	0.01044	0.16996	0.02718	0.08686	0.04661	0.03313	0.22587	0.02010	0.03120	0.00367
7	0.00695	0.00647	0.01082	0.75075	0.07404	0.00786	0.00979	0.00933	0.00762	0.00992	0.06548	0.01099	0.00704	0.00392	0.00372	0.00121	0.00464	0.00350	0.00181	0.00414
8	0.00544	0.00381	0.00511	0.00526	0.00584	0.00397	0.00387	0.00636	0.00655	0.03196	0.01538	0.15000	0.09204	0.20665	0.36107	0.00376	0.00576	0.08154	0.00258	0.00308
9	0.00747	0.00739	0.06923	0.15318	0.13472	0.00687	0.12666	0.05957	0.02057	0.03488	0.02255	0.21625	0.06774	0.00616	0.00426	0.00128	0.02148	0.03276	0.00255	0.00441
10	0.00791	0.00796	0.00960	0.09293	0.04985	0.14654	0.08166	0.04080	0.00802	0.01017	0.03682	0.20433	0.04479	0.02898	0.06091	0.00165	0.15557	0.00520	0.00236	0.00394
11	0.79617	0.00718	0.00587	0.00511	0.00745	0.00818	0.00421	0.04764	0.00704	0.07532	0.00594	0.00655	0.00444	0.00353	0.00243	0.00113	0.00291	0.00217	0.00249	0.00424
12	0.00572	0.00456	0.02519	0.00501	0.00603	0.00416	0.00381	0.06481	0.02609	0.01297	0.41913	0.15329	0.14540	0.08092	0.02504	0.00153	0.00242	0.00683	0.00356	0.00352
13	0.11833	0.00526	0.00601	0.02546	0.00734	0.00486	0.00404	0.03383	0.00805	0.11112	0.06437	0.18118	0.08738	0.06478	0.00454	0.00123	0.00263	0.00505	0.04576	0.21877

[dist]
# distance from previous block
# <min> <max>
4	5

[block]
# block no. 8 follows, 75 sequences, length 15
# corresponding to MSA columns:
# 480-494
name=unknown_I
#
# <colnr> <probs for GDERKNQSTAVLIFYWHMCP>
#	G	D	E	R	K	N	Q	S	T	A	V	L	I	F	Y	W	H	M	C	P
0	0.00529	0.03974	0.00536	0.00491	0.00594	0.00416	0.00372	0.02150	0.00795	0.01027	0.07636	0.24740	0.32883	0.04446	0.04479	0.00160	0.02011	0.07549	0.00316	0.04896
1	0.00731	0.00614	0.00805	0.03825	0.07538	0.00539	0.03689	0.04616	0.02967	0.02345	0.03347	0.12070	0.10327	0.00523	0.00353	0.00095	0.00297	0.03804	0.00264	0.41250
2	0.03755	0.01838	0.06901	0.14350	0.03878	0.04844	0.01951	0.07059	0.03052	0.04217	0.00797	0.02017	0.02213	0.00406	0.02182	0.00099	0.00382	0.00290	0.00228	0.39542
3	0.33044	0.06137	0.25597	0.00739	0.01052	0.04649	0.00758	0.05099	0.00786	0.06775	0.00714	0.00903	0.00567	0.00442	0.01887	0.00123	0.03948	0.04146	0.00223	0.02409
4	0.05408	0.04540	0.04222	0.00953	0.10910	0.05258	0.01991	0.27895	0.10801	0.03948	0.11055	0.01171	0.01004	0.00477	0.00434	0.00116	0.07645	0.01345	0.00300	0.00526
5	0.01167	0.00642	0.00732	0.00619	0.00819	0.05492	0.00489	0.09789	0.05013	0.36787	0.06000	0.12852	0.04047	0.00578	0.00374	0.00115	0.00300	0.01698	0.10417	0.02070
6	0.00473	0.00333	0.00425	0.00487	0.00511	0.00315	0.00322	0.00525	0.00676	0.00894	0.01900	0.61019	0.06198	0.18394	0.00771	0.02163	0.00247	0.03750	0.00313	0.00282
7	0.00827	0.00651	0.00768	0.00552	0.00875	0.00493	0.00443	0.00989	0.00783	0.07388	0.00712	0.00798	0.00571	0.00285	0.00279	0.00059	0.00275	0.00229	0.00235	0.82788
8	0.00558	0.00428	0.00668	0.00654	0.00732	0.00407	0.10212	0.00665	0.00737	0.02763	0.01750	0.50611	0.01997	0.10553	0.00625	0.00172	0.00302	0.15528	0.00311	0.00327
9	0.00770	0.05415	0.76963	0.01039	0.01557	0.03523	0.03431	0.01170	0.00785	0.01143	0.00652	0.00770	0.00468	0.00347	0.00346	0.00114	0.00542	0.00271	0.00157	0.00535
10	0.01020	0.00683	0.00756	0.00649	0.00830	0.03246	0.00515	0.30512	0.03674	0.11544	0.05200	0.13896	0.02941	0.00725	0.05194	0.00143	0.00350	0.04137	0.13504	0.00479
11	0.01354	0.05589	0.01080	0.00932	0.01127	0.81842	0.00706	0.01450	0.01028	0.00897	0.00565	0.00659	0.00473	0.00376	0.00327	0.00094	0.00650	0.00235	0.00188	0.00428
12	0.02361	0.00371	0.00458	0.00494	0.00553	0.00357	0.00360	0.00664	0.00751	0.03404	0.08468	0.32090	0.06588	0.15379	0.00673	0.00174	0.00254	0.15327	0.10962	0.00314
13	0.00991	0.76817	0.01777	0.00624	0.00923	0.01341	0.00609	0.01132	0.02502	0.05183	0.04741	0.00746	0.00655	0.00347	0.00255	0.00083	0.00376	0.00233	0.00189	0.00475
14	0.00553	0.00385	0.00526	0.00533	0.00594	0.00406	0.00394	0.00654	0.00661	0.03798	0.05822	0.12663	0.06218	0.17560	0.43040	0.00403	0.00628	0.04592	0.00255	0.00316

[dist]
# distance from previous block
# <min> <max>
0	1

[block]
# block no. 9 follows, 75 sequences, length 38
# corresponding to MSA columns:
# 496-533
name=unknown_J
#
# <colnr> <probs for GDERKNQSTAVLIFYWHMCP>
#	G	D	E	R	K	N	Q	S	T	A	V	L	I	F	Y	W	H	M	C	P
0	0.00658	0.00596	0.07307	0.00651	0.00812	0.00494	0.00566	0.01974	0.06480	0.02967	0.01575	0.20715	0.02897	0.00810	0.00457	0.01542	0.01556	0.32474	0.00304	0.15163
1	0.14578	0.09287	0.01123	0.03536	0.03883	0.35993	0.03538	0.03847	0.00849	0.01072	0.00559	0.00712	0.00475	0.00420	0.00498	0.00113	0.18632	0.00261	0.00191	0.00434
2	0.63980	0.00721	0.00632	0.00544	0.00775	0.00811	0.00445	0.09295	0.05355	0.09077	0.02648	0.00795	0.00590	0.00381	0.00267	0.00113	0.00293	0.00253	0.02577	0.00448
3	0.00475	0.00365	0.00435	0.00436	0.00526	0.00325	0.00320	0.00600	0.00907	0.01202	0.40282	0.16911	0.34118	0.00885	0.00439	0.00124	0.00185	0.00769	0.00370	0.00325
4	0.01248	0.28147	0.02659	0.00805	0.02295	0.05177	0.00693	0.51398	0.01360	0.01760	0.00744	0.00778	0.00566	0.00395	0.00324	0.00100	0.00415	0.00283	0.00287	0.00565
5	0.00608	0.01729	0.02446	0.00467	0.00522	0.01601	0.00315	0.03507	0.01797	0.02903	0.03425	0.05886	0.06644	0.60461	0.05934	0.00308	0.00377	0.00539	0.00248	0.00283
6	0.02314	0.20087	0.04905	0.15297	0.05703	0.10512	0.00799	0.03983	0.09411	0.01048	0.00665	0.00833	0.00554	0.00438	0.00540	0.00118	0.21846	0.00291	0.00195	0.00463
7	0.00904	0.00867	0.01482	0.04254	0.82842	0.00871	0.01125	0.01123	0.00834	0.01194	0.00690	0.00911	0.00580	0.00328	0.00364	0.00109	0.00438	0.00327	0.00181	0.00578
8	0.89687	0.00710	0.00540	0.00483	0.00710	0.00824	0.00398	0.01080	0.00625	0.01648	0.00511	0.00597	0.00398	0.00341	0.00227	0.00114	0.00284	0.00199	0.00227	0.00398
9	0.00685	0.00342	0.00342	0.00342	0.00428	0.00342	0.00257	0.00856	0.00770	0.01369	0.01198	0.01369	0.00941	0.00428	0.00257	0.00086	0.00171	0.00342	0.89131	0.00342
10	0.00525	0.00394	0.00590	0.00590	0.00656	0.00459	0.00459	0.00656	0.00590	0.00853	0.00984	0.01443	0.00918	0.02755	0.85637	0.00590	0.00984	0.00394	0.00197	0.00328
11	0.00491	0.00373	0.00453	0.00449	0.00538	0.00338	0.00330	0.00639	0.02274	0.01258	0.48072	0.15551	0.26173	0.00857	0.00438	0.00123	0.00185	0.00748	0.00376	0.00333
12	0.89687	0.00710	0.00540	0.00483	0.00710	0.00824	0.00398	0.01080	0.00625	0.01648	0.00511	0.00597	0.00398	0.00341	0.00227	0.00114	0.00284	0.00199	0.00227	0.00398
13	0.00867	0.00991	0.02167	0.01548	0.01920	0.00929	0.83467	0.01176	0.00867	0.01176	0.00743	0.00991	0.00557	0.00310	0.00433	0.00124	0.00619	0.00433	0.00186	0.00495
14	0.00737	0.01900	0.85189	0.01047	0.01590	0.00853	0.01357	0.01163	0.00775	0.01163	0.00659	0.00775	0.00465	0.00349	0.00349	0.00116	0.00543	0.00271	0.00155	0.00543
15	0.00449	0.00324	0.00422	0.00500	0.00527	0.00301	0.00334	0.00513	0.00707	0.00935	0.02111	0.79411	0.07645	0.03303	0.00502	0.00153	0.00215	0.01014	0.00338	0.00297
16	0.00893	0.00766	0.00815	0.00743	0.00943	0.00882	0.00582	0.01876	0.78827	0.01509	0.01524	0.01547	0.01184	0.00531	0.00382	0.00127	0.00294	0.05638	0.00371	0.00566
17	0.01163	0.00555	0.00711	0.00584	0.00792	0.00511	0.00472	0.01314	0.03352	0.48661	0.05954	0.01966	0.25615	0.00621	0.00445	0.00120	0.05759	0.00501	0.00398	0.00504
18	0.00694	0.00653	0.01102	0.86210	0.02530	0.00816	0.01020	0.00938	0.00734	0.00938	0.00653	0.00979	0.00490	0.00367	0.00367	0.00122	0.00490	0.00326	0.00163	0.00408
19	0.00864	0.00738	0.00788	0.00718	0.00908	0.00846	0.00554	0.01797	0.74639	0.01495	0.05708	0.06890	0.01322	0.00553	0.00383	0.00126	0.00280	0.00468	0.00373	0.00551
20	0.00680	0.00612	0.00877	0.03863	0.05544	0.00776	0.01619	0.00775	0.00596	0.00871	0.00823	0.01326	0.02697	0.16598	0.22221	0.00297	0.38886	0.00390	0.00186	0.00361
21	0.01003	0.00857	0.01081	0.00908	0.00993	0.04697	0.00751	0.12653	0.03208	0.09927	0.00672	0.00872	0.00565	0.00579	0.00938	0.00145	0.59134	0.00327	0.00228	0.00463
22	0.00890	0.00790	0.00862	0.09913	0.02361	0.04512	0.00642	0.03072	0.62096	0.01421	0.02342	0.01497	0.01108	0.00516	0.00381	0.00126	0.00334	0.06264	0.00338	0.00537
23	0.89687	0.00710	0.00540	0.00483	0.00710	0.00824	0.00398	0.01080	0.00625	0.01648	0.00511	0.00597	0.00398	0.00341	0.00227	0.00114	0.00284	0.00199	0.00227	0.00398
24	0.00516	0.00393	0.00510	0.05917	0.00669	0.00371	0.00381	0.00679	0.00979	0.01343	0.62750	0.02803	0.18359	0.00764	0.00430	0.00118	0.00199	0.02098	0.00376	0.00344
25	0.00494	0.00378	0.00455	0.00460	0.00547	0.00348	0.00336	0.00654	0.04445	0.01205	0.37432	0.23546	0.26568	0.00890	0.00440	0.00127	0.00192	0.00779	0.00369	0.00334
26	0.00715	0.00674	0.01140	0.77947	0.10627	0.00822	0.01031	0.00957	0.00744	0.00964	0.00657	0.00972	0.00499	0.00363	0.00367	0.00121	0.00484	0.00326	0.00165	0.00425
27	0.00904	0.00867	0.01482	0.04242	0.82853	0.00871	0.01125	0.01123	0.00834	0.01194	0.00690	0.00911	0.00580	0.00328	0.00364	0.00109	0.00438	0.00327	0.00181	0.00578
28	0.00694	0.00653	0.01102	0.86210	0.02530	0.00816	0.01020	0.00938	0.00734	0.00938	0.00653	0.00979	0.00490	0.00367	0.00367	0.00122	0.00490	0.00326	0.00163	0.00408
29	0.00516	0.00364	0.00426	0.00455	0.00537	0.00330	0.00327	0.00622	0.01988	0.04026	0.04672	0.38654	0.34187	0.00988	0.01854	0.00140	0.00218	0.02006	0.07368	0.00324
30	0.00530	0.00378	0.00479	0.00513	0.00585	0.00355	0.00391	0.00642	0.00813	0.02619	0.16706	0.22446	0.17291	0.10963	0.00628	0.00168	0.00255	0.23582	0.00340	0.00317
31	0.03866	0.00654	0.00756	0.00545	0.00867	0.00502	0.00437	0.00953	0.00764	0.03386	0.00669	0.00769	0.00548	0.00279	0.00273	0.00058	0.00273	0.00221	0.00224	0.83957
32	0.00508	0.00365	0.00452	0.00451	0.00531	0.00336	0.00332	0.00645	0.00915	0.01269	0.48352	0.15549	0.16269	0.03941	0.00482	0.00130	0.00193	0.03041	0.05913	0.00328
33	0.00821	0.00794	0.06211	0.09650	0.15001	0.00747	0.17486	0.05109	0.10436	0.05166	0.08027	0.06396	0.06427	0.01509	0.00428	0.00125	0.01424	0.03493	0.00267	0.00480
34	0.00485	0.00351	0.00427	0.00469	0.00505	0.00335	0.00309	0.00564	0.02786	0.00914	0.04603	0.47611	0.12230	0.24532	0.01981	0.00207	0.00260	0.00835	0.00310	0.00288
35	0.00787	0.08743	0.16772	0.00749	0.00970	0.01595	0.02872	0.10650	0.07957	0.02206	0.03345	0.07325	0.00941	0.06615	0.20062	0.00241	0.05367	0.00404	0.01090	0.01308
36	0.14342	0.12771	0.13208	0.03565	0.05939	0.13884	0.06812	0.09077	0.02562	0.06926	0.01535	0.02935	0.00614	0.00412	0.01305	0.00112	0.00452	0.00300	0.00229	0.03021
37	0.04820	0.04791	0.06465	0.01541	0.03984	0.02939	0.04613	0.04216	0.03311	0.04241	0.04849	0.08233	0.03840	0.00659	0.06992	0.01450	0.02745	0.01706	0.01436	0.27170

[dist]
# distance from previous block
# <min> <max>
13	89

[block]
# block no. 10 follows, 75 sequences, length 8
# corresponding to MSA columns:
# 654-661
name=unknown_K
#
# <colnr> <probs for GDERKNQSTAVLIFYWHMCP>
#	G	D	E	R	K	N	Q	S	T	A	V	L	I	F	Y	W	H	M	C	P
0	0.01003	0.00629	0.00847	0.02251	0.00923	0.03164	0.08973	0.05745	0.06729	0.26444	0.17083	0.09840	0.06395	0.00581	0.00392	0.00116	0.00311	0.00509	0.04154	0.03913
1	0.80571	0.00704	0.00597	0.09264	0.00897	0.00823	0.00461	0.01065	0.00636	0.01575	0.00526	0.00636	0.00407	0.00344	0.00242	0.00115	0.00305	0.00212	0.00221	0.00399
2	0.00921	0.00873	0.01375	0.07170	0.62251	0.03209	0.03188	0.05962	0.04524	0.01249	0.00762	0.02878	0.00639	0.00362	0.00365	0.00110	0.00433	0.00345	0.00205	0.03180
3	0.00497	0.00363	0.00450	0.00472	0.00516	0.00355	0.00324	0.00553	0.00700	0.00922	0.08881	0.32089	0.19487	0.19036	0.04955	0.05776	0.03295	0.00747	0.00297	0.00285
4	0.00589	0.00490	0.00683	0.26120	0.03016	0.00507	0.00556	0.00752	0.02507	0.01023	0.05405	0.22523	0.15269	0.05471	0.00475	0.00133	0.00308	0.00595	0.04113	0.09465
5	0.17691	0.00798	0.00888	0.11214	0.05150	0.05380	0.00631	0.21095	0.03386	0.18363	0.03001	0.01089	0.04337	0.00442	0.00361	0.00114	0.02414	0.00338	0.02800	0.00508
6	0.20780	0.00618	0.00649	0.01949	0.00746	0.04852	0.01908	0.02784	0.07469	0.03552	0.09815	0.05949	0.03809	0.07780	0.06359	0.00171	0.07225	0.03103	0.10096	0.00387
7	0.10578	0.04150	0.13096	0.02802	0.03995	0.05516	0.04766	0.05387	0.02257	0.05391	0.15289	0.03258	0.10657	0.00605	0.03034	0.00132	0.06483	0.00429	0.01739	0.00438

[dist]
# distance from previous block
# <min> <max>
0	12

[block]
# block no. 11 follows, 75 sequences, length 12
# corresponding to MSA columns:
# 674-685
name=unknown_L
#
# <colnr> <probs for GDERKNQSTAVLIFYWHMCP>
#	G	D	E	R	K	N	Q	S	T	A	V	L	I	F	Y	W	H	M	C	P
0	0.55492	0.10890	0.00858	0.00669	0.04812	0.05360	0.03444	0.02392	0.00718	0.03359	0.02574	0.01969	0.01710	0.00420	0.01758	0.00119	0.02548	0.00258	0.00226	0.00424
1	0.03024	0.10208	0.09721	0.02985	0.08690	0.37694	0.05971	0.03490	0.03293	0.01066	0.04005	0.04139	0.02116	0.00421	0.00356	0.00105	0.01725	0.00323	0.00208	0.00459
2	0.00627	0.05462	0.00683	0.04978	0.01960	0.04437	0.00469	0.04430	0.00833	0.01095	0.18358	0.19786	0.12923	0.03213	0.13487	0.00202	0.03901	0.02503	0.00294	0.00357
3	0.84180	0.00705	0.00559	0.00494	0.00724	0.00806	0.00407	0.01124	0.00652	0.06865	0.00570	0.00638	0.00430	0.00348	0.00236	0.00114	0.00286	0.00210	0.00242	0.00412
4	0.00460	0.00336	0.00430	0.00490	0.00531	0.00310	0.00336	0.00540	0.00754	0.01000	0.11515	0.62954	0.11880	0.04151	0.00512	0.00150	0.00213	0.02792	0.00344	0.00303
5	0.21925	0.00638	0.00749	0.00601	0.00847	0.00618	0.00492	0.06476	0.00992	0.49964	0.11824	0.01267	0.01100	0.00465	0.00344	0.00114	0.00294	0.00365	0.00390	0.00537
6	0.00498	0.00356	0.00462	0.00529	0.00572	0.00341	0.00375	0.02021	0.02180	0.01029	0.05795	0.66344	0.04214	0.01066	0.00461	0.00146	0.00228	0.09974	0.03091	0.00317
7	0.00568	0.00366	0.00461	0.00492	0.00560	0.00342	0.00359	0.00674	0.00795	0.05643	0.12908	0.38348	0.11118	0.06034	0.00519	0.00148	0.00229	0.10186	0.09924	0.00329
8	0.00797	0.00731	0.01105	0.68420	0.05933	0.06458	0.02568	0.01015	0.00770	0.05073	0.00689	0.00972	0.00519	0.00396	0.00397	0.02741	0.00488	0.00324	0.00180	0.00422
9	0.00600	0.00471	0.00552	0.00570	0.02666	0.00467	0.00408	0.07229	0.11407	0.01208	0.11894	0.32930	0.24542	0.00883	0.00434	0.00132	0.00234	0.02647	0.00351	0.00376
10	0.01029	0.14910	0.37243	0.00910	0.04961	0.04864	0.00943	0.09465	0.00933	0.16289	0.00928	0.00961	0.04181	0.00397	0.00340	0.00108	0.00450	0.00306	0.00241	0.00541
11	0.00806	0.11601	0.14338	0.02137	0.12914	0.05534	0.05758	0.01013	0.02473	0.01026	0.01955	0.02482	0.03185	0.00734	0.10562	0.00175	0.17531	0.02108	0.00192	0.03477

[dist]
# distance from previous block
# <min> <max>
24	151

# created by:
# /home/simao/soft/augustus-3.0.3/scripts/msa2prfl.pl ./prep/66609.aln
