[name]
unknown

[dist]
# distance from previous block
# <min> <max>
0	27

[block]
# block no. 0 follows, 81 sequences, length 30
# corresponding to MSA columns:
# 27-56
name=unknown_A
#
# <colnr> <probs for GDERKNQSTAVLIFYWHMCP>
#	G	D	E	R	K	N	Q	S	T	A	V	L	I	F	Y	W	H	M	C	P
0	0.00558	0.00363	0.00478	0.00501	0.00575	0.00334	0.00367	0.00656	0.00736	0.07447	0.11051	0.50327	0.02045	0.02714	0.02474	0.00143	0.00239	0.10257	0.02565	0.06170
1	0.00768	0.09254	0.65213	0.00890	0.01336	0.00814	0.01093	0.01101	0.00742	0.06510	0.01977	0.00771	0.00513	0.00340	0.00336	0.00104	0.02511	0.00259	0.00171	0.05297
2	0.03991	0.00615	0.00712	0.00513	0.00816	0.00474	0.00412	0.00905	0.00722	0.04295	0.00637	0.00728	0.00519	0.00265	0.00258	0.00055	0.00258	0.00209	0.00213	0.83403
3	0.01094	0.02896	0.00929	0.00762	0.00988	0.12914	0.00606	0.33250	0.39675	0.01626	0.01044	0.01005	0.00778	0.00429	0.00341	0.00107	0.00365	0.00332	0.00320	0.00540
4	0.00423	0.00305	0.00401	0.00474	0.00500	0.00283	0.00319	0.00488	0.00679	0.00903	0.05191	0.81002	0.05635	0.01060	0.00438	0.00138	0.00198	0.00958	0.00323	0.00283
5	0.00844	0.00944	0.08438	0.11573	0.16801	0.03815	0.31423	0.08818	0.00835	0.01140	0.00668	0.01980	0.00532	0.00363	0.00455	0.00115	0.10256	0.00345	0.00184	0.00471
6	0.01262	0.01373	0.04525	0.00848	0.01075	0.49304	0.00681	0.32531	0.01206	0.01363	0.00659	0.00717	0.00506	0.00378	0.00324	0.00095	0.00519	0.00259	0.01902	0.00474
7	0.00426	0.00336	0.00384	0.00403	0.00485	0.00294	0.00291	0.00518	0.00782	0.00994	0.16847	0.28409	0.46790	0.00908	0.00418	0.00122	0.00181	0.00787	0.00331	0.00294
8	0.00420	0.00335	0.00377	0.00399	0.00482	0.00292	0.00287	0.00507	0.00769	0.00964	0.11502	0.28848	0.51760	0.00920	0.00418	0.00123	0.00181	0.00795	0.00327	0.00292
9	0.00922	0.35469	0.25207	0.00843	0.04521	0.16526	0.02194	0.02431	0.07061	0.00983	0.00614	0.00693	0.00495	0.00331	0.00287	0.00092	0.00453	0.00237	0.00172	0.00469
10	0.00896	0.00914	0.01749	0.04446	0.03355	0.00915	0.59549	0.16070	0.00938	0.01274	0.00703	0.00901	0.00529	0.00335	0.00437	0.00116	0.05809	0.00378	0.00203	0.00481
11	0.00876	0.09549	0.07213	0.11157	0.28194	0.02022	0.00825	0.07803	0.24076	0.02459	0.00873	0.00981	0.00683	0.00376	0.00334	0.00106	0.00379	0.01347	0.00234	0.00514
12	0.01093	0.00858	0.00913	0.00750	0.00987	0.00968	0.00603	0.44361	0.42174	0.01821	0.01110	0.01053	0.00814	0.00441	0.00348	0.00110	0.00328	0.00350	0.00348	0.00568
13	0.00475	0.00374	0.00507	0.00549	0.00567	0.00406	0.00391	0.00539	0.00638	0.00872	0.01654	0.72042	0.01965	0.01042	0.02519	0.00151	0.13857	0.00862	0.00291	0.00296
14	0.00794	0.00760	0.01289	0.26695	0.59871	0.00810	0.01025	0.01004	0.00754	0.01051	0.00636	0.00872	0.00520	0.00325	0.00359	0.00107	0.02158	0.00307	0.00166	0.00496
15	0.00600	0.00300	0.00450	0.00450	0.00450	0.00300	0.00300	0.00450	0.00450	0.00600	0.00600	0.01050	0.00600	0.01200	0.01350	0.89949	0.00300	0.00300	0.00150	0.00150
16	0.00422	0.00349	0.00370	0.00367	0.00476	0.00297	0.00274	0.00521	0.00815	0.01005	0.16821	0.05528	0.69857	0.00853	0.00409	0.00116	0.00174	0.00719	0.00330	0.00297
17	0.00502	0.00335	0.00377	0.00377	0.00377	0.00335	0.00209	0.00502	0.00502	0.00670	0.01088	0.02261	0.01256	0.87859	0.01758	0.00335	0.00335	0.00502	0.00209	0.00209
18	0.00494	0.00351	0.00451	0.00426	0.00509	0.00325	0.00319	0.00654	0.00958	0.01364	0.78368	0.02544	0.06151	0.00697	0.00399	0.00108	0.00163	0.00614	0.04780	0.00325
19	0.90299	0.00668	0.00508	0.00454	0.00668	0.00775	0.00374	0.01015	0.00588	0.01550	0.00481	0.00561	0.00374	0.00321	0.00214	0.00107	0.00267	0.00187	0.00214	0.00374
20	0.90299	0.00668	0.00508	0.00454	0.00668	0.00775	0.00374	0.01015	0.00588	0.01550	0.00481	0.00561	0.00374	0.00321	0.00214	0.00107	0.00267	0.00187	0.00214	0.00374
21	0.00855	0.00821	0.01402	0.02120	0.85704	0.00821	0.01060	0.01060	0.00787	0.01129	0.00650	0.00855	0.00547	0.00308	0.00342	0.00103	0.00410	0.00308	0.00171	0.00547
22	0.90299	0.00668	0.00508	0.00454	0.00668	0.00775	0.00374	0.01015	0.00588	0.01550	0.00481	0.00561	0.00374	0.00321	0.00214	0.00107	0.00267	0.00187	0.00214	0.00374
23	0.90299	0.00668	0.00508	0.00454	0.00668	0.00775	0.00374	0.01015	0.00588	0.01550	0.00481	0.00561	0.00374	0.00321	0.00214	0.00107	0.00267	0.00187	0.00214	0.00374
24	0.00489	0.00353	0.00462	0.00435	0.00516	0.00326	0.00326	0.00652	0.00978	0.01385	0.85522	0.02581	0.03260	0.00706	0.00407	0.00109	0.00163	0.00625	0.00380	0.00326
25	0.90299	0.00668	0.00508	0.00454	0.00668	0.00775	0.00374	0.01015	0.00588	0.01550	0.00481	0.00561	0.00374	0.00321	0.00214	0.00107	0.00267	0.00187	0.00214	0.00374
26	0.00855	0.00821	0.01402	0.02120	0.85704	0.00821	0.01060	0.01060	0.00787	0.01129	0.00650	0.00855	0.00547	0.00308	0.00342	0.00103	0.00410	0.00308	0.00171	0.00547
27	0.00859	0.00742	0.00781	0.00703	0.00898	0.00859	0.00547	0.01836	0.85080	0.01445	0.01406	0.01289	0.01055	0.00469	0.00352	0.00117	0.00273	0.00391	0.00352	0.00547
28	0.00859	0.00742	0.00781	0.00703	0.00898	0.00859	0.00547	0.01836	0.85080	0.01445	0.01406	0.01289	0.01055	0.00469	0.00352	0.00117	0.00273	0.00391	0.00352	0.00547
29	0.00856	0.00617	0.00650	0.00570	0.00735	0.00683	0.00447	0.17919	0.34017	0.01531	0.04262	0.01244	0.00979	0.00442	0.00312	0.00101	0.00249	0.00358	0.33566	0.00463

[dist]
# distance from previous block
# <min> <max>
0	14

[block]
# block no. 1 follows, 81 sequences, length 9
# corresponding to MSA columns:
# 71-79
name=unknown_B
#
# <colnr> <probs for GDERKNQSTAVLIFYWHMCP>
#	G	D	E	R	K	N	Q	S	T	A	V	L	I	F	Y	W	H	M	C	P
0	0.01313	0.00968	0.01037	0.00795	0.01071	0.01071	0.00657	0.84552	0.01624	0.02177	0.00829	0.00829	0.00587	0.00415	0.00346	0.00104	0.00380	0.00311	0.00346	0.00587
1	0.00420	0.00318	0.00388	0.00439	0.00491	0.00286	0.00303	0.00493	0.00714	0.00920	0.06175	0.58041	0.27758	0.01002	0.00429	0.00132	0.00191	0.00889	0.00323	0.00286
2	0.01526	0.00626	0.00825	0.00633	0.00901	0.00564	0.00523	0.09921	0.01052	0.77616	0.01310	0.01141	0.00829	0.00426	0.00347	0.00107	0.00303	0.00344	0.00419	0.00588
3	0.00511	0.00379	0.00433	0.00410	0.00522	0.00338	0.00310	0.03371	0.00889	0.04319	0.33649	0.05774	0.46264	0.00788	0.00405	0.00114	0.00183	0.00671	0.00348	0.00325
4	0.00815	0.00932	0.02038	0.01456	0.01805	0.00874	0.84450	0.01107	0.00815	0.01107	0.00699	0.00932	0.00524	0.00291	0.00408	0.00116	0.00582	0.00408	0.00175	0.00466
5	0.00455	0.00325	0.00440	0.00520	0.00555	0.00310	0.00380	0.00540	0.00695	0.00920	0.01885	0.66689	0.02211	0.01050	0.00450	0.00145	0.00230	0.21591	0.00320	0.00290
6	0.01485	0.00691	0.00866	0.00664	0.00934	0.00661	0.00548	0.24278	0.01162	0.63104	0.01217	0.01081	0.00782	0.00424	0.00347	0.00106	0.00317	0.00337	0.00405	0.00588
7	0.00755	0.00644	0.01094	0.08391	0.38074	0.00637	0.09724	0.00924	0.00764	0.07319	0.01134	0.24074	0.03870	0.00543	0.00378	0.00116	0.00361	0.00515	0.00234	0.00449
8	0.06210	0.00616	0.00740	0.00650	0.03048	0.05744	0.03037	0.06126	0.02682	0.19730	0.33506	0.01574	0.01658	0.00534	0.00438	0.00110	0.09134	0.00431	0.03605	0.00426

[dist]
# distance from previous block
# <min> <max>
0	2

[block]
# block no. 2 follows, 81 sequences, length 49
# corresponding to MSA columns:
# 82-112,130-147
name=unknown_C
#
# <colnr> <probs for GDERKNQSTAVLIFYWHMCP>
#	G	D	E	R	K	N	Q	S	T	A	V	L	I	F	Y	W	H	M	C	P
0	0.00745	0.00769	0.03055	0.68514	0.03136	0.09875	0.00916	0.02769	0.02586	0.00926	0.00623	0.00885	0.00475	0.00357	0.00365	0.00113	0.03029	0.00299	0.00165	0.00398
1	0.02704	0.10512	0.35712	0.12723	0.27237	0.01834	0.01059	0.02413	0.00753	0.01071	0.00613	0.00771	0.00476	0.00322	0.00321	0.00104	0.00452	0.00270	0.00160	0.00495
2	0.01166	0.00965	0.03541	0.04697	0.06357	0.02083	0.11327	0.60131	0.03212	0.01859	0.00796	0.00853	0.00576	0.00388	0.00352	0.00106	0.00415	0.00322	0.00298	0.00555
3	0.00491	0.00351	0.00452	0.00431	0.00498	0.00333	0.00311	0.00625	0.00878	0.01238	0.67354	0.02469	0.02810	0.15379	0.04745	0.00168	0.00228	0.00592	0.00342	0.00306
4	0.00421	0.00301	0.00401	0.00481	0.00501	0.00281	0.00321	0.00481	0.00661	0.00882	0.01904	0.87634	0.02285	0.01082	0.00441	0.00140	0.00200	0.00982	0.00321	0.00281
5	0.00416	0.00321	0.00379	0.00426	0.00487	0.00285	0.00296	0.00487	0.00714	0.00903	0.02575	0.52159	0.37326	0.00995	0.00427	0.00130	0.00190	0.00876	0.00321	0.00285
6	0.00412	0.00348	0.00357	0.00359	0.00470	0.00293	0.00268	0.00502	0.00791	0.00951	0.07113	0.06724	0.78482	0.00876	0.00410	0.00117	0.00175	0.00735	0.00323	0.00293
7	0.01313	0.00968	0.01037	0.00795	0.01071	0.01071	0.00657	0.84552	0.01624	0.02177	0.00829	0.00829	0.00587	0.00415	0.00346	0.00104	0.00380	0.00311	0.00346	0.00587
8	0.00859	0.00742	0.00781	0.00703	0.00898	0.00859	0.00547	0.01836	0.85080	0.01445	0.01406	0.01289	0.01055	0.00469	0.00352	0.00117	0.00273	0.00391	0.00352	0.00547
9	0.00924	0.88067	0.01810	0.00591	0.00887	0.01367	0.00591	0.01034	0.00702	0.00813	0.00480	0.00554	0.00443	0.00296	0.00222	0.00074	0.00369	0.00185	0.00148	0.00443
10	0.00716	0.00614	0.00716	0.00512	0.00819	0.00461	0.00409	0.00870	0.00716	0.01126	0.00614	0.00716	0.00512	0.00256	0.00256	0.00051	0.00256	0.00205	0.00205	0.89971
11	0.01550	0.00588	0.00802	0.00615	0.00882	0.00508	0.00508	0.01684	0.00989	0.85944	0.01363	0.01176	0.00855	0.00428	0.00347	0.00107	0.00294	0.00347	0.00428	0.00588
12	0.00756	0.00756	0.01058	0.00907	0.00907	0.01058	0.00756	0.00831	0.00529	0.00831	0.00453	0.00756	0.00453	0.00605	0.01134	0.00151	0.87227	0.00302	0.00151	0.00378
13	0.01290	0.01646	0.00979	0.00890	0.01068	0.86472	0.00667	0.01379	0.00979	0.00845	0.00534	0.00623	0.00445	0.00356	0.00311	0.00089	0.00623	0.00222	0.00178	0.00400
14	0.00415	0.00323	0.00377	0.00421	0.00485	0.00286	0.00294	0.00488	0.00720	0.00906	0.02641	0.48718	0.40726	0.00987	0.00426	0.00129	0.00189	0.00865	0.00321	0.00286
15	0.01313	0.00968	0.01037	0.00795	0.01071	0.01071	0.00657	0.84552	0.01624	0.02177	0.00829	0.00829	0.00587	0.00415	0.00346	0.00104	0.00380	0.00311	0.00346	0.00587
16	0.00924	0.88067	0.01810	0.00591	0.00887	0.01367	0.00591	0.01034	0.00702	0.00813	0.00480	0.00554	0.00443	0.00296	0.00222	0.00074	0.00369	0.00185	0.00148	0.00443
17	0.01519	0.00595	0.00801	0.00619	0.00883	0.00524	0.00509	0.01690	0.04760	0.82154	0.01365	0.01181	0.00864	0.00429	0.00348	0.00107	0.00293	0.00349	0.00424	0.00586
18	0.00502	0.00336	0.00380	0.00383	0.00385	0.00335	0.00217	0.00506	0.00510	0.00680	0.01115	0.03650	0.01286	0.84896	0.01714	0.00329	0.00332	0.02018	0.00213	0.00212
19	0.38743	0.22895	0.00952	0.00576	0.00807	0.10615	0.00492	0.11213	0.00807	0.03765	0.00594	0.00661	0.00471	0.00338	0.00248	0.00095	0.00341	0.00218	0.05745	0.00423
20	0.00789	0.01030	0.13711	0.01346	0.01707	0.00846	0.68821	0.01102	0.02183	0.01119	0.03359	0.00961	0.00606	0.00312	0.00396	0.00115	0.00554	0.00393	0.00180	0.00469
21	0.00847	0.00812	0.01387	0.05577	0.82312	0.00819	0.01056	0.01053	0.00783	0.01119	0.00648	0.00858	0.00544	0.00309	0.00342	0.00103	0.00412	0.00308	0.00170	0.00541
22	0.00502	0.00335	0.00377	0.00377	0.00377	0.00335	0.00209	0.00502	0.00502	0.00670	0.01088	0.02261	0.01256	0.87859	0.01758	0.00335	0.00335	0.00502	0.00209	0.00209
23	0.41639	0.02128	0.00749	0.00619	0.00846	0.03343	0.00503	0.24255	0.19967	0.01668	0.00788	0.00801	0.00590	0.00381	0.00284	0.00107	0.00312	0.00268	0.00279	0.00474
24	0.04858	0.00805	0.01346	0.05713	0.78292	0.00816	0.01025	0.01051	0.00774	0.01137	0.00641	0.00845	0.00536	0.00310	0.00336	0.00103	0.00406	0.00302	0.00172	0.00532
25	0.00754	0.28704	0.19862	0.00640	0.00906	0.00829	0.00650	0.01039	0.10234	0.04568	0.23248	0.01355	0.04948	0.00461	0.00322	0.00099	0.00324	0.00370	0.00250	0.00438
26	0.01167	0.00600	0.00762	0.00567	0.00853	0.00486	0.00462	0.01309	0.00863	0.46933	0.01018	0.00964	0.00697	0.00349	0.00305	0.00081	0.00276	0.00282	0.00325	0.41698
27	0.00825	0.00714	0.00924	0.38384	0.01566	0.00846	0.00741	0.11706	0.37877	0.01291	0.00989	0.01071	0.00737	0.00408	0.00348	0.00115	0.00368	0.00344	0.00264	0.00481
28	0.00748	0.00641	0.01034	0.02597	0.44362	0.00616	0.03680	0.00906	0.00754	0.05325	0.01040	0.25538	0.01051	0.00529	0.00364	0.00109	0.00336	0.00494	0.00230	0.09647
29	0.00482	0.00353	0.00452	0.00427	0.00512	0.00323	0.00320	0.00638	0.00961	0.01344	0.78098	0.02648	0.10709	0.00722	0.00408	0.00109	0.00164	0.00634	0.00375	0.00323
30	0.00985	0.09185	0.16208	0.03181	0.14571	0.27011	0.00805	0.03680	0.12677	0.03169	0.00720	0.00797	0.00563	0.00352	0.00317	0.00097	0.00460	0.00269	0.00204	0.04747
31	0.86436	0.00671	0.00520	0.00465	0.00678	0.00779	0.00382	0.01051	0.04237	0.01545	0.00521	0.00593	0.00404	0.00327	0.00220	0.00107	0.00267	0.00196	0.00220	0.00382
32	0.00501	0.00347	0.00430	0.00446	0.00471	0.00352	0.00300	0.00550	0.00581	0.00780	0.03912	0.08826	0.02593	0.53922	0.12688	0.00315	0.00393	0.12109	0.00237	0.00248
33	0.00979	0.30847	0.12103	0.01964	0.07287	0.22500	0.01667	0.04981	0.08481	0.01018	0.00634	0.00712	0.00517	0.00336	0.00289	0.00090	0.00444	0.00242	0.00187	0.04723
34	0.04081	0.01616	0.00964	0.00876	0.01055	0.83785	0.00658	0.01368	0.00967	0.00868	0.00532	0.00621	0.00443	0.00355	0.00308	0.00090	0.00612	0.00221	0.00179	0.00400
35	0.00421	0.00301	0.00401	0.00481	0.00501	0.00281	0.00321	0.00481	0.00661	0.00882	0.01904	0.87634	0.02285	0.01082	0.00441	0.00140	0.00200	0.00982	0.00321	0.00281
36	0.00887	0.00628	0.00719	0.00607	0.00744	0.00688	0.00462	0.36399	0.01005	0.04012	0.00937	0.01410	0.00863	0.29954	0.15766	0.01345	0.02517	0.00386	0.00268	0.00403
37	0.01343	0.00527	0.00692	0.00548	0.00772	0.00465	0.00447	0.01483	0.00928	0.66585	0.01309	0.01201	0.00862	0.00422	0.00323	0.00101	0.00264	0.00342	0.20860	0.00527
38	0.00557	0.00398	0.00557	0.00636	0.00716	0.00398	0.00557	0.00716	0.00795	0.01034	0.01829	0.03897	0.01988	0.00954	0.00477	0.00159	0.00318	0.83379	0.00318	0.00318
39	0.00693	0.01787	0.86069	0.00985	0.01495	0.00802	0.01276	0.01094	0.00729	0.01094	0.00620	0.00729	0.00438	0.00328	0.00328	0.00109	0.00511	0.00255	0.00146	0.00511
40	0.00413	0.00350	0.00356	0.00355	0.00469	0.00293	0.00266	0.00504	0.00798	0.00957	0.07901	0.03285	0.81147	0.00866	0.00408	0.00116	0.00174	0.00723	0.00324	0.00293
41	0.00928	0.79847	0.06016	0.00624	0.00925	0.05155	0.00629	0.01053	0.00716	0.00828	0.00490	0.00566	0.00443	0.00300	0.00231	0.00076	0.00388	0.00190	0.00149	0.00445
42	0.00784	0.00628	0.00735	0.00529	0.00833	0.00489	0.00425	0.04534	0.00769	0.05442	0.00661	0.00744	0.00532	0.00271	0.00264	0.00056	0.00263	0.00216	0.00222	0.81600
43	0.01222	0.07924	0.04484	0.00882	0.04713	0.45370	0.00689	0.21411	0.04099	0.05024	0.00678	0.00730	0.00524	0.00370	0.00318	0.00095	0.00504	0.00258	0.00232	0.00473
44	0.19937	0.00564	0.00626	0.00548	0.00721	0.00574	0.00428	0.11941	0.04530	0.18374	0.12826	0.21138	0.01374	0.00587	0.00345	0.00112	0.00257	0.00489	0.00327	0.04304
45	0.34754	0.00765	0.00768	0.00629	0.00860	0.02689	0.00515	0.24165	0.07716	0.19134	0.00833	0.00829	0.00591	0.00393	0.00328	0.00108	0.03852	0.00276	0.00302	0.00492
46	0.04459	0.00452	0.00477	0.00478	0.00573	0.04703	0.00353	0.04062	0.00797	0.04701	0.11346	0.27955	0.26108	0.06458	0.00491	0.00137	0.00240	0.05575	0.00314	0.00322
47	0.03050	0.09340	0.11492	0.04856	0.13138	0.10451	0.21618	0.09764	0.02387	0.09533	0.00726	0.00837	0.00543	0.00338	0.00340	0.00104	0.00467	0.00308	0.00214	0.00493
48	0.04758	0.30735	0.35650	0.00772	0.01123	0.11293	0.00848	0.01109	0.00747	0.05243	0.00614	0.00739	0.00494	0.04106	0.00348	0.00104	0.00447	0.00240	0.00170	0.00460

[dist]
# distance from previous block
# <min> <max>
6	27

[block]
# block no. 3 follows, 81 sequences, length 26
# corresponding to MSA columns:
# 181-206
name=unknown_D
#
# <colnr> <probs for GDERKNQSTAVLIFYWHMCP>
#	G	D	E	R	K	N	Q	S	T	A	V	L	I	F	Y	W	H	M	C	P
0	0.29801	0.00786	0.01015	0.14281	0.37273	0.05242	0.00782	0.03722	0.01974	0.01251	0.00601	0.00763	0.00482	0.00326	0.00300	0.00105	0.00380	0.00266	0.00191	0.00460
1	0.35520	0.10555	0.00989	0.00807	0.09774	0.06352	0.04919	0.18852	0.00885	0.01455	0.00594	0.00683	0.00466	0.00339	0.00291	0.00099	0.01863	0.00242	0.00224	0.05091
2	0.01818	0.00392	0.00514	0.00535	0.00622	0.00376	0.00430	0.00738	0.00795	0.08999	0.15642	0.11146	0.07859	0.10540	0.00584	0.00160	0.00270	0.37928	0.00326	0.00328
3	0.00499	0.00362	0.00486	0.00550	0.00613	0.00353	0.00442	0.00618	0.00743	0.00969	0.03717	0.26516	0.10320	0.03806	0.04061	0.00171	0.00294	0.44868	0.00311	0.00302
4	0.03264	0.00945	0.02842	0.01309	0.05941	0.06311	0.59027	0.04924	0.00865	0.08737	0.00741	0.00911	0.00547	0.00320	0.00394	0.00113	0.01753	0.00372	0.00205	0.00479
5	0.00860	0.42926	0.35511	0.00802	0.01178	0.05520	0.03805	0.04000	0.00763	0.00985	0.00559	0.00651	0.00449	0.00316	0.00280	0.00091	0.00447	0.00227	0.00156	0.00474
6	0.00565	0.00358	0.00453	0.00476	0.00550	0.00328	0.00348	0.00650	0.00740	0.09822	0.06870	0.39346	0.18196	0.08834	0.00547	0.00150	0.00230	0.10895	0.00325	0.00316
7	0.00950	0.00511	0.00645	0.00579	0.00747	0.00491	0.00467	0.01219	0.14781	0.32889	0.09314	0.06352	0.09826	0.02614	0.00422	0.00127	0.00268	0.16983	0.00368	0.00451
8	0.43859	0.00657	0.00635	0.00545	0.00717	0.01952	0.03353	0.14717	0.04249	0.01394	0.00743	0.01083	0.00670	0.22132	0.01874	0.00170	0.00329	0.00305	0.00238	0.00378
9	0.12257	0.00720	0.00836	0.00654	0.00914	0.00728	0.00538	0.26725	0.05169	0.46219	0.01096	0.01001	0.00725	0.00413	0.00331	0.00106	0.00316	0.00319	0.00373	0.00560
10	0.00440	0.00336	0.00372	0.00387	0.00451	0.00303	0.00262	0.00501	0.00691	0.00869	0.05906	0.20026	0.41994	0.24995	0.00789	0.00182	0.00224	0.00713	0.00292	0.00268
11	0.00716	0.00614	0.00716	0.00512	0.00819	0.00461	0.00409	0.00870	0.00716	0.01126	0.00614	0.00716	0.00512	0.00256	0.00256	0.00051	0.00256	0.00205	0.00205	0.89971
12	0.90299	0.00668	0.00508	0.00454	0.00668	0.00775	0.00374	0.01015	0.00588	0.01550	0.00481	0.00561	0.00374	0.00321	0.00214	0.00107	0.00267	0.00187	0.00214	0.00374
13	0.00427	0.00351	0.00376	0.00370	0.00478	0.00300	0.00277	0.00532	0.00832	0.01038	0.22495	0.03152	0.66503	0.00836	0.00408	0.00115	0.00172	0.00705	0.00335	0.00300
14	0.00924	0.88067	0.01810	0.00591	0.00887	0.01367	0.00591	0.01034	0.00702	0.00813	0.00480	0.00554	0.00443	0.00296	0.00222	0.00074	0.00369	0.00185	0.00148	0.00443
15	0.00693	0.01787	0.86069	0.00985	0.01495	0.00802	0.01276	0.01094	0.00729	0.01094	0.00620	0.00729	0.00438	0.00328	0.00328	0.00109	0.00511	0.00255	0.00146	0.00511
16	0.01541	0.00602	0.00810	0.00621	0.00889	0.00528	0.00513	0.04696	0.01012	0.82898	0.01343	0.01163	0.00845	0.00427	0.00347	0.00107	0.00297	0.00346	0.00425	0.00588
17	0.00525	0.00374	0.00510	0.00578	0.00641	0.00369	0.00476	0.00655	0.00760	0.01000	0.06700	0.18014	0.02057	0.07725	0.00567	0.00167	0.00290	0.57976	0.00314	0.00304
18	0.10978	0.00923	0.00972	0.00752	0.01021	0.01021	0.00621	0.72832	0.01491	0.04793	0.00809	0.00811	0.00573	0.00405	0.00331	0.00104	0.00365	0.00299	0.00334	0.00564
19	0.00499	0.00347	0.00436	0.00436	0.00456	0.00367	0.00283	0.00540	0.00520	0.00714	0.01035	0.01962	0.01126	0.59653	0.29787	0.00408	0.00530	0.00459	0.00201	0.00242
20	0.07503	0.00572	0.00736	0.00616	0.00835	0.00536	0.00515	0.06876	0.00960	0.54191	0.03266	0.01732	0.01104	0.00540	0.00367	0.00118	0.00300	0.18343	0.00382	0.00509
21	0.00704	0.01711	0.78655	0.01026	0.01523	0.00809	0.08615	0.01095	0.00737	0.01095	0.00627	0.00747	0.00445	0.00325	0.00335	0.00110	0.00517	0.00269	0.00148	0.00507
22	0.00489	0.00358	0.00462	0.00451	0.00535	0.00331	0.00348	0.00644	0.00937	0.01297	0.67128	0.02815	0.11332	0.00753	0.00416	0.00116	0.00183	0.10717	0.00367	0.00322
23	0.00500	0.00361	0.00489	0.00563	0.00625	0.00350	0.00456	0.00621	0.00749	0.00975	0.01971	0.32316	0.07935	0.00992	0.00460	0.00150	0.00268	0.49593	0.00319	0.00304
24	0.00856	0.00842	0.01342	0.10943	0.72601	0.05250	0.01029	0.01058	0.00787	0.01088	0.00640	0.00850	0.00533	0.00314	0.00341	0.00103	0.00427	0.00303	0.00170	0.00523
25	0.00576	0.00531	0.00881	0.00775	0.00857	0.00576	0.17519	0.00687	0.00663	0.00916	0.01333	0.50488	0.01515	0.00814	0.00590	0.00138	0.19834	0.00713	0.00253	0.00340

[dist]
# distance from previous block
# <min> <max>
2	14

[block]
# block no. 4 follows, 81 sequences, length 26
# corresponding to MSA columns:
# 221-246
name=unknown_E
#
# <colnr> <probs for GDERKNQSTAVLIFYWHMCP>
#	G	D	E	R	K	N	Q	S	T	A	V	L	I	F	Y	W	H	M	C	P
0	0.33822	0.02812	0.00887	0.00739	0.05046	0.03286	0.03136	0.35981	0.02251	0.07884	0.00720	0.00755	0.00524	0.00369	0.00296	0.00105	0.00345	0.00267	0.00281	0.00495
1	0.00551	0.03950	0.10521	0.00620	0.00751	0.00459	0.00568	0.00725	0.02211	0.00996	0.01764	0.19680	0.08830	0.00903	0.02384	0.00151	0.00320	0.43987	0.00290	0.00340
2	0.01147	0.05291	0.10174	0.04340	0.04829	0.34744	0.00751	0.27433	0.04394	0.01326	0.00674	0.00746	0.00518	0.00374	0.00337	0.00099	0.01842	0.00267	0.00231	0.00484
3	0.00504	0.00359	0.00467	0.00463	0.00489	0.00392	0.00315	0.00558	0.00525	0.00729	0.01006	0.01849	0.01074	0.50267	0.37152	0.00423	0.02534	0.00443	0.00198	0.00255
4	0.01059	0.26603	0.16219	0.03713	0.02825	0.01095	0.00765	0.40926	0.01149	0.01522	0.00679	0.00735	0.00514	0.00360	0.00306	0.00096	0.00403	0.00264	0.00243	0.00524
5	0.00645	0.00494	0.00576	0.00530	0.00656	0.00516	0.00405	0.01089	0.30507	0.03511	0.48572	0.03495	0.04899	0.00622	0.00384	0.00112	0.00206	0.00540	0.01835	0.00408
6	0.00460	0.00352	0.00422	0.00405	0.00499	0.00314	0.00303	0.00596	0.00910	0.01225	0.56404	0.02845	0.32478	0.00766	0.00408	0.00111	0.00167	0.00662	0.00359	0.00314
7	0.00456	0.00352	0.00416	0.00400	0.00496	0.00312	0.00300	0.00588	0.00900	0.01200	0.51916	0.02885	0.36981	0.00775	0.00408	0.00112	0.00168	0.00668	0.00356	0.00312
8	0.00502	0.00335	0.00377	0.00377	0.00377	0.00335	0.00209	0.00502	0.00502	0.00670	0.01088	0.02261	0.01256	0.87859	0.01758	0.00335	0.00335	0.00502	0.00209	0.00209
9	0.00924	0.88067	0.01810	0.00591	0.00887	0.01367	0.00591	0.01034	0.00702	0.00813	0.00480	0.00554	0.00443	0.00296	0.00222	0.00074	0.00369	0.00185	0.00148	0.00443
10	0.00859	0.00742	0.00781	0.00703	0.00898	0.00859	0.00547	0.01836	0.85080	0.01445	0.01406	0.01289	0.01055	0.00469	0.00352	0.00117	0.00273	0.00391	0.00352	0.00547
11	0.01550	0.00588	0.00802	0.00615	0.00882	0.00508	0.00508	0.01684	0.00989	0.85944	0.01363	0.01176	0.00855	0.00428	0.00347	0.00107	0.00294	0.00347	0.00428	0.00588
12	0.00716	0.00614	0.00716	0.00512	0.00819	0.00461	0.00409	0.00870	0.00716	0.01126	0.00614	0.00716	0.00512	0.00256	0.00256	0.00051	0.00256	0.00205	0.00205	0.89971
13	0.00859	0.00742	0.00781	0.00703	0.00898	0.00859	0.00547	0.01836	0.85080	0.01445	0.01406	0.01289	0.01055	0.00469	0.00352	0.00117	0.00273	0.00391	0.00352	0.00547
14	0.90299	0.00668	0.00508	0.00454	0.00668	0.00775	0.00374	0.01015	0.00588	0.01550	0.00481	0.00561	0.00374	0.00321	0.00214	0.00107	0.00267	0.00187	0.00214	0.00374
15	0.00756	0.00756	0.01058	0.00907	0.00907	0.01058	0.00756	0.00831	0.00529	0.00831	0.00453	0.00756	0.00453	0.00605	0.01134	0.00151	0.87227	0.00302	0.00151	0.00378
16	0.00859	0.00742	0.00781	0.00703	0.00898	0.00859	0.00547	0.01836	0.85080	0.01445	0.01406	0.01289	0.01055	0.00469	0.00352	0.00117	0.00273	0.00391	0.00352	0.00547
17	0.00421	0.00301	0.00401	0.00481	0.00501	0.00281	0.00321	0.00481	0.00661	0.00882	0.01904	0.87634	0.02285	0.01082	0.00441	0.00140	0.00200	0.00982	0.00321	0.00281
18	0.00652	0.00614	0.01036	0.87029	0.02379	0.00768	0.00959	0.00883	0.00691	0.00883	0.00614	0.00921	0.00461	0.00345	0.00345	0.00115	0.00461	0.00307	0.00154	0.00384
19	0.00468	0.00320	0.00387	0.00421	0.00429	0.00312	0.00256	0.00493	0.00569	0.00759	0.01432	0.38188	0.01689	0.51342	0.01204	0.00253	0.00278	0.00704	0.00256	0.00239
20	0.00420	0.00302	0.00399	0.00477	0.00500	0.00281	0.00319	0.00481	0.00665	0.00884	0.01955	0.84935	0.04951	0.01076	0.00440	0.00140	0.00200	0.00974	0.00321	0.00281
21	0.01050	0.01012	0.01501	0.01122	0.01417	0.12370	0.42154	0.24022	0.05482	0.05196	0.00779	0.00892	0.00574	0.00349	0.00372	0.00109	0.00503	0.00353	0.00243	0.00500
22	0.00481	0.00326	0.00383	0.00404	0.00409	0.00321	0.00239	0.00497	0.00544	0.00726	0.01303	0.24676	0.01526	0.65075	0.01412	0.00284	0.00300	0.00628	0.00239	0.00228
23	0.00716	0.00614	0.00716	0.00512	0.00819	0.00461	0.00409	0.00870	0.00716	0.01126	0.00614	0.00716	0.00512	0.00256	0.00256	0.00051	0.00256	0.00205	0.00205	0.89971
24	0.00999	0.00891	0.01083	0.00910	0.04036	0.08597	0.15067	0.18994	0.37770	0.04259	0.01068	0.03041	0.00814	0.00424	0.00358	0.00111	0.00384	0.00371	0.00300	0.00523
25	0.00595	0.00462	0.00538	0.00507	0.00625	0.00471	0.00386	0.00966	0.24259	0.02652	0.42139	0.07591	0.14165	0.00689	0.00395	0.00115	0.00203	0.02499	0.00360	0.00384

[dist]
# distance from previous block
# <min> <max>
0	3

[block]
# block no. 5 follows, 81 sequences, length 9
# corresponding to MSA columns:
# 250-258
name=unknown_F
#
# <colnr> <probs for GDERKNQSTAVLIFYWHMCP>
#	G	D	E	R	K	N	Q	S	T	A	V	L	I	F	Y	W	H	M	C	P
0	0.20387	0.00526	0.00586	0.00519	0.00685	0.00524	0.00405	0.08555	0.00864	0.23033	0.10372	0.20485	0.10452	0.00626	0.00352	0.00115	0.00249	0.00520	0.00333	0.00414
1	0.00427	0.00306	0.00397	0.00467	0.00490	0.00285	0.00309	0.00483	0.00654	0.00867	0.01909	0.77120	0.05849	0.08007	0.00545	0.00155	0.00210	0.00933	0.00312	0.00275
2	0.36442	0.07012	0.10725	0.00625	0.00901	0.00786	0.02834	0.06658	0.09194	0.11105	0.00734	0.00768	0.00543	0.00345	0.00275	0.00100	0.00321	0.00250	0.00246	0.10137
3	0.00803	0.00755	0.01274	0.10397	0.68239	0.00770	0.00996	0.01005	0.00778	0.01094	0.00774	0.01190	0.00694	0.00381	0.00357	0.00110	0.00405	0.09286	0.00185	0.00506
4	0.00452	0.00328	0.00386	0.00411	0.00451	0.00306	0.00269	0.00507	0.00662	0.00864	0.09334	0.31253	0.20847	0.31324	0.00891	0.00200	0.00238	0.00726	0.00287	0.00262
5	0.13112	0.00667	0.00739	0.00682	0.03572	0.03110	0.02598	0.29616	0.01026	0.01454	0.01350	0.21725	0.08011	0.00651	0.00371	0.00120	0.00312	0.10163	0.00302	0.00421
6	0.15311	0.03838	0.18367	0.10337	0.04578	0.00842	0.22268	0.09457	0.04651	0.04287	0.00721	0.00890	0.00546	0.00349	0.00336	0.00111	0.00440	0.01991	0.00209	0.00471
7	0.00517	0.00388	0.00464	0.00486	0.00559	0.00375	0.00348	0.09577	0.00792	0.01031	0.02136	0.53771	0.22478	0.01026	0.04202	0.00149	0.00245	0.00821	0.00317	0.00318
8	0.05841	0.00817	0.01178	0.01234	0.27768	0.00841	0.10551	0.22391	0.09449	0.15109	0.00883	0.00937	0.00646	0.00369	0.00346	0.00107	0.00383	0.00329	0.00277	0.00545

[dist]
# distance from previous block
# <min> <max>
0	1

[block]
# block no. 6 follows, 81 sequences, length 7
# corresponding to MSA columns:
# 260-266
name=unknown_G
#
# <colnr> <probs for GDERKNQSTAVLIFYWHMCP>
#	G	D	E	R	K	N	Q	S	T	A	V	L	I	F	Y	W	H	M	C	P
0	0.00962	0.00777	0.01337	0.14328	0.22152	0.00792	0.23024	0.09277	0.00886	0.15494	0.00829	0.01040	0.00631	0.00373	0.00395	0.00113	0.03621	0.03238	0.00234	0.00497
1	0.00515	0.00435	0.00669	0.00586	0.00684	0.00409	0.14485	0.00612	0.00681	0.00891	0.05771	0.19840	0.21404	0.25972	0.05310	0.00207	0.00334	0.00638	0.00260	0.00298
2	0.37431	0.00805	0.00940	0.00740	0.00994	0.05444	0.14662	0.15416	0.03531	0.15792	0.00758	0.00799	0.00542	0.00356	0.00301	0.00107	0.00364	0.00281	0.00268	0.00469
3	0.00817	0.00674	0.00770	0.00559	0.00861	0.00564	0.00451	0.14999	0.00870	0.01303	0.00650	0.00735	0.00524	0.00283	0.00271	0.00060	0.00277	0.00223	0.00228	0.74879
4	0.00499	0.00353	0.00456	0.00491	0.00539	0.00344	0.00366	0.00594	0.00715	0.00956	0.15808	0.18101	0.05181	0.24684	0.03306	0.00205	0.00288	0.26538	0.00296	0.00282
5	0.00450	0.00341	0.00419	0.00445	0.00518	0.00309	0.00330	0.00558	0.00801	0.01050	0.24921	0.29193	0.28485	0.00902	0.00426	0.00126	0.00195	0.09893	0.00336	0.00300
6	0.05099	0.01253	0.01006	0.04799	0.01128	0.44832	0.04902	0.20511	0.07544	0.04622	0.00712	0.00770	0.00542	0.00376	0.00326	0.00099	0.00502	0.00272	0.00240	0.00464

[dist]
# distance from previous block
# <min> <max>
9	18

[block]
# block no. 7 follows, 81 sequences, length 34
# corresponding to MSA columns:
# 300-333
name=unknown_H
#
# <colnr> <probs for GDERKNQSTAVLIFYWHMCP>
#	G	D	E	R	K	N	Q	S	T	A	V	L	I	F	Y	W	H	M	C	P
0	0.04570	0.00567	0.00665	0.00583	0.00745	0.00574	0.00457	0.18102	0.06504	0.21086	0.03761	0.13878	0.07152	0.10685	0.00537	0.00144	0.00291	0.08927	0.00337	0.00434
1	0.12304	0.04557	0.12162	0.01903	0.07778	0.07275	0.07672	0.27710	0.03344	0.10881	0.00770	0.00819	0.00557	0.00366	0.00324	0.00104	0.00408	0.00290	0.00262	0.00514
2	0.00848	0.00825	0.01329	0.07968	0.73414	0.04280	0.01019	0.01049	0.00788	0.01097	0.00684	0.00958	0.00588	0.00335	0.00346	0.00105	0.00419	0.03251	0.00175	0.00522
3	0.00458	0.00330	0.00441	0.00512	0.00554	0.00313	0.00377	0.00550	0.00719	0.00953	0.07273	0.58445	0.05348	0.01019	0.00447	0.00142	0.00226	0.21276	0.00324	0.00293
4	0.00845	0.06035	0.51847	0.03245	0.04460	0.17534	0.01048	0.02468	0.03905	0.01046	0.00623	0.00733	0.00470	0.00349	0.00354	0.00105	0.04031	0.00256	0.00164	0.00481
5	0.04669	0.07243	0.51911	0.00890	0.01298	0.02084	0.03308	0.13515	0.09546	0.01288	0.00718	0.00787	0.00523	0.00352	0.00323	0.00107	0.00451	0.00274	0.00201	0.00513
6	0.00604	0.00446	0.00541	0.00562	0.00658	0.00457	0.00431	0.00914	0.20916	0.04526	0.04622	0.34528	0.08882	0.00850	0.00420	0.00135	0.00245	0.19560	0.00334	0.00368
7	0.00610	0.00549	0.00915	0.23636	0.13133	0.00578	0.10110	0.00801	0.03713	0.00982	0.03451	0.34090	0.01332	0.00653	0.00396	0.00125	0.00348	0.03960	0.00242	0.00378
8	0.02604	0.08011	0.22811	0.01776	0.03861	0.00724	0.04461	0.07879	0.03201	0.13218	0.03887	0.00879	0.00657	0.00343	0.00310	0.00090	0.00365	0.00279	0.00236	0.24408
9	0.00785	0.00725	0.00721	0.00637	0.00791	0.13730	0.03564	0.09481	0.21146	0.01326	0.30112	0.05254	0.09131	0.00581	0.00375	0.00109	0.00300	0.00491	0.00324	0.00417
10	0.00430	0.00351	0.00381	0.00373	0.00480	0.00301	0.00280	0.00538	0.00840	0.01057	0.25940	0.03121	0.63047	0.00829	0.00408	0.00114	0.00172	0.00701	0.00337	0.00301
11	0.07162	0.00929	0.13897	0.26048	0.09061	0.02102	0.08772	0.14590	0.10060	0.02938	0.00751	0.00888	0.00557	0.00359	0.00339	0.00111	0.00427	0.00310	0.00218	0.00479
12	0.00877	0.01258	0.36241	0.03388	0.09854	0.00878	0.14946	0.19353	0.07398	0.01357	0.00742	0.00845	0.00544	0.00350	0.00349	0.00109	0.00465	0.00310	0.00213	0.00523
13	0.00474	0.00352	0.00443	0.00428	0.00514	0.00321	0.00323	0.00620	0.00925	0.01272	0.64548	0.05782	0.18140	0.00759	0.00411	0.00113	0.00172	0.03719	0.00365	0.00318
14	0.01222	0.01389	0.01029	0.05775	0.08313	0.58045	0.00715	0.17292	0.01070	0.01127	0.00605	0.00699	0.00482	0.00363	0.00323	0.00094	0.00549	0.00251	0.00208	0.00448
15	0.05707	0.02696	0.37692	0.01098	0.14757	0.01783	0.07807	0.05053	0.13063	0.05866	0.00785	0.00863	0.00578	0.00351	0.00334	0.00109	0.00434	0.00298	0.00211	0.00516
16	0.00835	0.00923	0.02006	0.01434	0.01781	0.00864	0.82221	0.01122	0.00820	0.03359	0.00717	0.00938	0.00533	0.00295	0.00406	0.00116	0.00575	0.00406	0.00181	0.00469
17	0.00502	0.00335	0.00377	0.00377	0.00377	0.00335	0.00209	0.00502	0.00502	0.00670	0.01088	0.02261	0.01256	0.87859	0.01758	0.00335	0.00335	0.00502	0.00209	0.00209
18	0.00816	0.00769	0.01240	0.10130	0.51910	0.00808	0.05581	0.01156	0.15381	0.01161	0.03791	0.01004	0.00723	0.00361	0.00369	0.00108	0.02647	0.00339	0.01192	0.00512
19	0.01066	0.54597	0.01488	0.00707	0.00957	0.34327	0.00621	0.01168	0.00809	0.00825	0.00501	0.00581	0.00444	0.00319	0.00256	0.00080	0.00468	0.00199	0.00159	0.00427
20	0.00795	0.00692	0.06606	0.00554	0.00871	0.00489	0.00479	0.00964	0.00743	0.09294	0.00687	0.00762	0.00540	0.00277	0.00270	0.00061	0.00277	0.00222	0.00222	0.75197
21	0.00881	0.40803	0.33573	0.02133	0.01180	0.12829	0.02201	0.01103	0.00752	0.00929	0.00546	0.00642	0.00443	0.00317	0.00279	0.00091	0.00462	0.00222	0.00152	0.00462
22	0.00594	0.00548	0.01008	0.02181	0.05398	0.00521	0.28040	0.00752	0.00733	0.00995	0.01413	0.42858	0.02740	0.00734	0.00418	0.00129	0.00347	0.06657	0.03573	0.00361
23	0.00859	0.00742	0.00781	0.00703	0.00898	0.00859	0.00547	0.01836	0.85080	0.01445	0.01406	0.01289	0.01055	0.00469	0.00352	0.00117	0.00273	0.00391	0.00352	0.00547
24	0.00859	0.00742	0.00781	0.00703	0.00898	0.00859	0.00547	0.01836	0.85080	0.01445	0.01406	0.01289	0.01055	0.00469	0.00352	0.00117	0.00273	0.00391	0.00352	0.00547
25	0.00502	0.00335	0.00377	0.00377	0.00377	0.00335	0.00209	0.00502	0.00502	0.00670	0.01088	0.02261	0.01256	0.87859	0.01758	0.00335	0.00335	0.00502	0.00209	0.00209
26	0.00470	0.00352	0.00436	0.00415	0.00505	0.00318	0.00311	0.00616	0.00934	0.01281	0.66617	0.02752	0.22229	0.00745	0.00408	0.00110	0.00166	0.00649	0.00367	0.00318
27	0.00647	0.00335	0.00339	0.00330	0.00420	0.00328	0.00249	0.00808	0.00724	0.01281	0.01105	0.01263	0.00869	0.00396	0.00242	0.00079	0.00165	0.00317	0.85907	0.04195
28	0.00489	0.00353	0.00462	0.00435	0.00516	0.00326	0.00326	0.00652	0.00978	0.01385	0.85522	0.02581	0.03260	0.00706	0.00407	0.00109	0.00163	0.00625	0.00380	0.00326
29	0.00634	0.00321	0.00325	0.00329	0.00407	0.00320	0.00245	0.00791	0.00722	0.01270	0.01161	0.05018	0.00946	0.00432	0.00250	0.00083	0.00163	0.00351	0.85912	0.00320
30	0.00413	0.00351	0.00362	0.00362	0.00475	0.00300	0.00272	0.00503	0.00774	0.00926	0.03350	0.03210	0.80625	0.00975	0.05428	0.00142	0.00219	0.00708	0.00313	0.00293
31	0.01294	0.00696	0.00864	0.05685	0.01010	0.00667	0.00558	0.23840	0.01097	0.44165	0.01050	0.00990	0.00702	0.00390	0.00331	0.00097	0.00321	0.00311	0.00352	0.15579
32	0.00691	0.01719	0.81111	0.06002	0.01547	0.00800	0.01258	0.01082	0.00727	0.01082	0.00620	0.00741	0.00439	0.00329	0.00329	0.00110	0.00508	0.00258	0.00146	0.00503
33	0.00502	0.00336	0.00382	0.00380	0.00385	0.00334	0.00216	0.00511	0.00530	0.00712	0.06012	0.02279	0.01373	0.82777	0.01680	0.00322	0.00325	0.00510	0.00219	0.00216

[dist]
# distance from previous block
# <min> <max>
0	1

[block]
# block no. 8 follows, 81 sequences, length 30
# corresponding to MSA columns:
# 335-364
name=unknown_I
#
# <colnr> <probs for GDERKNQSTAVLIFYWHMCP>
#	G	D	E	R	K	N	Q	S	T	A	V	L	I	F	Y	W	H	M	C	P
0	0.01260	0.00947	0.01039	0.00806	0.01056	0.01070	0.00666	0.76510	0.01519	0.02048	0.00793	0.00822	0.00575	0.00433	0.00421	0.00108	0.08722	0.00310	0.00327	0.00567
1	0.00442	0.00303	0.00393	0.00466	0.00492	0.00285	0.00313	0.00512	0.00667	0.00921	0.01829	0.79340	0.02150	0.01017	0.00422	0.00135	0.00197	0.00919	0.08914	0.00285
2	0.00519	0.00407	0.00604	0.00589	0.00645	0.00492	0.00463	0.00637	0.00553	0.00805	0.00880	0.01299	0.00824	0.02400	0.78291	0.00516	0.09215	0.00364	0.00182	0.00315
3	0.00693	0.01787	0.86069	0.00985	0.01495	0.00802	0.01276	0.01094	0.00729	0.01094	0.00620	0.00729	0.00438	0.00328	0.00328	0.00109	0.00511	0.00255	0.00146	0.00511
4	0.00859	0.00742	0.00781	0.00703	0.00898	0.00859	0.00547	0.01836	0.85080	0.01445	0.01406	0.01289	0.01055	0.00469	0.00352	0.00117	0.00273	0.00391	0.00352	0.00547
5	0.00693	0.01787	0.86069	0.00985	0.01495	0.00802	0.01276	0.01094	0.00729	0.01094	0.00620	0.00729	0.00438	0.00328	0.00328	0.00109	0.00511	0.00255	0.00146	0.00511
6	0.00652	0.00614	0.01036	0.87029	0.02379	0.00768	0.00959	0.00883	0.00691	0.00883	0.00614	0.00921	0.00461	0.00345	0.00345	0.00115	0.00461	0.00307	0.00154	0.00384
7	0.00456	0.00326	0.00441	0.00521	0.00557	0.00311	0.00382	0.00542	0.00696	0.00921	0.01885	0.65981	0.02208	0.01049	0.00450	0.00145	0.00231	0.22288	0.00320	0.00290
8	0.00431	0.00351	0.00381	0.00373	0.00480	0.00301	0.00280	0.00539	0.00840	0.01058	0.26221	0.03118	0.62764	0.00828	0.00408	0.00114	0.00172	0.00700	0.00337	0.00301
9	0.00815	0.00932	0.02038	0.01456	0.01805	0.00874	0.84450	0.01107	0.00815	0.01107	0.00699	0.00932	0.00524	0.00291	0.00408	0.00116	0.00582	0.00408	0.00175	0.00466
10	0.00703	0.03595	0.80752	0.00996	0.01495	0.00817	0.04743	0.01093	0.00732	0.01089	0.00620	0.00734	0.00441	0.00326	0.00329	0.00109	0.00511	0.00260	0.00147	0.00507
11	0.00421	0.00301	0.00401	0.00481	0.00501	0.00281	0.00321	0.00481	0.00661	0.00882	0.01904	0.87634	0.02285	0.01082	0.00441	0.00140	0.00200	0.00982	0.00321	0.00281
12	0.03399	0.00653	0.00737	0.00650	0.00818	0.02549	0.00521	0.05918	0.33215	0.15299	0.01452	0.01564	0.09802	0.00630	0.04038	0.00137	0.08659	0.06427	0.03058	0.00471
13	0.03697	0.00901	0.01193	0.05844	0.36073	0.05512	0.03836	0.31918	0.03356	0.03212	0.00739	0.00849	0.00566	0.00358	0.00341	0.00104	0.00409	0.00307	0.00246	0.00538
14	0.00594	0.00438	0.00568	0.00535	0.00622	0.02649	0.03367	0.03612	0.03274	0.01036	0.09137	0.05064	0.01152	0.06117	0.41072	0.00327	0.00571	0.00413	0.19121	0.00331
15	0.22141	0.13667	0.13833	0.03885	0.06821	0.14535	0.05765	0.10864	0.00838	0.01237	0.00579	0.00687	0.00456	0.00342	0.00316	0.00101	0.03042	0.00246	0.00195	0.00451
16	0.00435	0.00358	0.00387	0.00401	0.00511	0.00310	0.00315	0.00535	0.00789	0.00951	0.03203	0.03426	0.70744	0.00889	0.00421	0.00124	0.00200	0.15385	0.00320	0.00296
17	0.00924	0.88067	0.01810	0.00591	0.00887	0.01367	0.00591	0.01034	0.00702	0.00813	0.00480	0.00554	0.00443	0.00296	0.00222	0.00074	0.00369	0.00185	0.00148	0.00443
18	0.00784	0.00661	0.00719	0.00636	0.00822	0.00724	0.00494	0.02957	0.59702	0.01416	0.17148	0.01469	0.01409	0.00492	0.00353	0.00109	0.00253	0.00415	0.00343	0.09096
19	0.00852	0.00919	0.01074	0.00921	0.00963	0.16198	0.03298	0.00937	0.00618	0.00842	0.00475	0.00738	0.00454	0.00551	0.00966	0.00139	0.69222	0.00291	0.00157	0.00385
20	0.01263	0.01228	0.00928	0.00789	0.00998	0.44310	0.00615	0.28779	0.01171	0.07900	0.00746	0.00791	0.00561	0.00385	0.00320	0.00094	0.00478	0.00270	0.07905	0.00470
21	0.00428	0.00353	0.00379	0.00391	0.00498	0.00304	0.00300	0.00526	0.00790	0.00959	0.06194	0.06891	0.69695	0.00886	0.00417	0.00122	0.00192	0.10056	0.00323	0.00295
22	0.00446	0.00351	0.00403	0.00390	0.00490	0.00308	0.00292	0.00570	0.00877	0.01147	0.42250	0.02973	0.46680	0.00795	0.00408	0.00113	0.00169	0.00680	0.00349	0.00308
23	0.00491	0.00352	0.00454	0.00428	0.00511	0.00325	0.00321	0.00652	0.00964	0.01368	0.80214	0.02563	0.05801	0.00702	0.00402	0.00108	0.00163	0.00618	0.03237	0.00325
24	0.01293	0.01581	0.00985	0.00881	0.01068	0.78269	0.00666	0.09369	0.01041	0.00973	0.00562	0.00643	0.00459	0.00362	0.00315	0.00090	0.00600	0.00231	0.00194	0.00418
25	0.00815	0.00932	0.02038	0.01456	0.01805	0.00874	0.84450	0.01107	0.00815	0.01107	0.00699	0.00932	0.00524	0.00291	0.00408	0.00116	0.00582	0.00408	0.00175	0.00466
26	0.00421	0.00301	0.00401	0.00481	0.00501	0.00281	0.00321	0.00481	0.00661	0.00882	0.01904	0.87634	0.02285	0.01082	0.00441	0.00140	0.00200	0.00982	0.00321	0.00281
27	0.00439	0.00318	0.00426	0.00488	0.00517	0.00306	0.00336	0.00513	0.00692	0.00935	0.10828	0.73315	0.02314	0.01070	0.02662	0.00148	0.01866	0.02217	0.00320	0.00289
28	0.00509	0.00354	0.00413	0.00418	0.00437	0.00361	0.00259	0.00570	0.04072	0.00744	0.01228	0.08603	0.03475	0.66632	0.08437	0.00320	0.00366	0.02335	0.00227	0.00241
29	0.09496	0.02662	0.00806	0.04628	0.02540	0.02805	0.02599	0.07192	0.02652	0.13547	0.00824	0.01840	0.02215	0.03011	0.00335	0.00088	0.00305	0.00275	0.00249	0.41931

[dist]
# distance from previous block
# <min> <max>
0	6

[block]
# block no. 9 follows, 81 sequences, length 26
# corresponding to MSA columns:
# 382-407
name=unknown_J
#
# <colnr> <probs for GDERKNQSTAVLIFYWHMCP>
#	G	D	E	R	K	N	Q	S	T	A	V	L	I	F	Y	W	H	M	C	P
0	0.14944	0.17081	0.28870	0.00815	0.02882	0.04159	0.05946	0.09362	0.03058	0.05116	0.00663	0.00744	0.00500	0.00342	0.00307	0.00101	0.01583	0.00257	0.02795	0.00476
1	0.02847	0.06745	0.02498	0.02872	0.08679	0.11640	0.03342	0.26654	0.04221	0.05965	0.05516	0.02249	0.02500	0.00431	0.00409	0.00105	0.08620	0.00327	0.00261	0.04120
2	0.00976	0.08368	0.06110	0.06006	0.05885	0.21494	0.02056	0.11767	0.06278	0.02588	0.00678	0.00763	0.00534	0.00333	0.00303	0.00085	0.00414	0.00254	0.00215	0.24893
3	0.00635	0.00323	0.00325	0.00325	0.00401	0.00323	0.00240	0.00787	0.00711	0.01251	0.01125	0.01347	0.00908	0.05670	0.00333	0.00096	0.00171	0.00333	0.84383	0.00315
4	0.02377	0.08349	0.20198	0.11543	0.29697	0.00868	0.08091	0.08140	0.01812	0.03186	0.00666	0.00819	0.00515	0.00327	0.00332	0.00104	0.00438	0.00293	0.00186	0.02060
5	0.00683	0.00646	0.01079	0.12705	0.11113	0.02431	0.17944	0.00862	0.00741	0.00995	0.01108	0.10882	0.01124	0.00618	0.00502	0.00133	0.10987	0.24832	0.00226	0.00389
6	0.00644	0.00322	0.00322	0.00322	0.00402	0.00322	0.00241	0.00805	0.00724	0.01288	0.01127	0.01288	0.00885	0.00402	0.00241	0.00080	0.00161	0.00322	0.89777	0.00322
7	0.05904	0.02110	0.14923	0.07802	0.02927	0.12720	0.11321	0.16444	0.05495	0.11779	0.02199	0.01945	0.00657	0.00389	0.00342	0.00107	0.00438	0.01759	0.00250	0.00488
8	0.01326	0.00655	0.00814	0.00636	0.00878	0.00632	0.00520	0.23797	0.01158	0.50680	0.13912	0.01295	0.01146	0.00466	0.00356	0.00106	0.00297	0.00379	0.00398	0.00548
9	0.00652	0.00614	0.01036	0.87029	0.02379	0.00768	0.00959	0.00883	0.00691	0.00883	0.00614	0.00921	0.00461	0.00345	0.00345	0.00115	0.00461	0.00307	0.00154	0.00384
