[name]
unknown

[dist]
# distance from previous block
# <min> <max>
0	235

[block]
# block no. 0 follows, 89 sequences, length 21
# corresponding to MSA columns:
# 235-255
name=unknown_A
#
# <colnr> <probs for GDERKNQSTAVLIFYWHMCP>
#	G	D	E	R	K	N	Q	S	T	A	V	L	I	F	Y	W	H	M	C	P
0	0.05041	0.17171	0.24678	0.00679	0.00947	0.00747	0.03810	0.11401	0.00798	0.06528	0.06615	0.01249	0.03112	0.02588	0.03729	0.00121	0.00374	0.09775	0.00219	0.00417
1	0.00757	0.33371	0.36388	0.00760	0.04726	0.00909	0.00807	0.01033	0.07167	0.04274	0.00743	0.00800	0.04855	0.00336	0.00287	0.00090	0.01832	0.00251	0.00170	0.00445
2	0.00806	0.02656	0.33175	0.00751	0.01098	0.00699	0.05996	0.15994	0.03743	0.05579	0.00669	0.00736	0.00494	0.00306	0.00292	0.00085	0.00369	0.00249	0.00205	0.26098
3	0.25086	0.05252	0.12017	0.00771	0.04853	0.03680	0.15113	0.06385	0.08099	0.02927	0.09433	0.00966	0.03377	0.00364	0.00296	0.00100	0.00344	0.00305	0.00219	0.00412
4	0.08421	0.00382	0.00470	0.00478	0.03159	0.00367	0.00340	0.00634	0.00686	0.04889	0.19426	0.23985	0.12409	0.04458	0.11799	0.00167	0.00287	0.00556	0.00272	0.06813
5	0.00814	0.02264	0.08409	0.04622	0.03518	0.06996	0.04717	0.06489	0.00809	0.15943	0.11371	0.11399	0.03731	0.00460	0.00339	0.00094	0.02177	0.00390	0.00257	0.15200
6	0.00817	0.00747	0.01038	0.06734	0.44469	0.05858	0.00762	0.04427	0.12111	0.03716	0.00727	0.00874	0.00587	0.00320	0.00307	0.00091	0.00350	0.01724	0.00201	0.14140
7	0.00614	0.00600	0.00526	0.00488	0.00599	0.18815	0.00364	0.00701	0.00733	0.00889	0.16133	0.01822	0.26086	0.06064	0.11634	0.04693	0.00359	0.00442	0.00239	0.08199
8	0.00728	0.00583	0.00681	0.00491	0.00772	0.00455	0.00394	0.04694	0.00715	0.05458	0.00613	0.00690	0.00493	0.00252	0.00245	0.00052	0.00244	0.00201	0.00206	0.82033
9	0.00959	0.28644	0.01083	0.00703	0.02418	0.43686	0.00560	0.01073	0.03145	0.00790	0.00602	0.04778	0.00553	0.01684	0.07915	0.00122	0.00494	0.00249	0.00168	0.00375
10	0.00418	0.00303	0.00407	0.00460	0.00483	0.00303	0.00318	0.00479	0.00588	0.00793	0.01543	0.64057	0.01810	0.09624	0.11479	0.00197	0.02366	0.03846	0.00268	0.00260
11	0.00735	0.07307	0.31251	0.08768	0.12285	0.02145	0.07064	0.03986	0.07597	0.03423	0.00714	0.05183	0.00579	0.00350	0.00322	0.00098	0.01854	0.00298	0.00182	0.05859
12	0.00441	0.00324	0.00437	0.00451	0.00512	0.00297	0.03195	0.00529	0.00697	0.03172	0.17697	0.49700	0.17061	0.01754	0.02057	0.00128	0.00203	0.00759	0.00302	0.00283
13	0.01251	0.00685	0.00879	0.00665	0.00923	0.00663	0.05733	0.29720	0.01081	0.45429	0.00997	0.00930	0.00662	0.00370	0.00317	0.00094	0.00312	0.00302	0.00338	0.08649
14	0.00741	0.04990	0.15783	0.03199	0.07459	0.00816	0.55400	0.01034	0.03976	0.01015	0.00643	0.00821	0.00487	0.00289	0.00361	0.00105	0.01941	0.00334	0.00162	0.00443
15	0.00670	0.02361	0.00729	0.06704	0.06699	0.03661	0.01797	0.01744	0.07137	0.06314	0.04220	0.17736	0.06607	0.00664	0.02011	0.08161	0.18092	0.01179	0.03169	0.00345
16	0.00728	0.00563	0.01591	0.13142	0.23229	0.00560	0.04884	0.05105	0.00773	0.11986	0.09220	0.09395	0.11487	0.02124	0.03680	0.00123	0.00331	0.00433	0.00244	0.00403
17	0.00465	0.00313	0.00361	0.00361	0.00366	0.00317	0.00209	0.00473	0.00469	0.00630	0.00997	0.02032	0.01137	0.82307	0.08035	0.00326	0.00351	0.00456	0.00192	0.00201
18	0.00588	0.00533	0.04509	0.01691	0.00701	0.06086	0.06032	0.00796	0.10399	0.04135	0.12327	0.37367	0.03711	0.00722	0.01808	0.00120	0.00269	0.02998	0.04871	0.00337
19	0.00452	0.00298	0.00391	0.00441	0.00480	0.00275	0.00303	0.00521	0.00654	0.05312	0.07370	0.72857	0.05562	0.00926	0.00397	0.00124	0.00186	0.00834	0.02337	0.00279
20	0.05621	0.00809	0.00980	0.04523	0.05711	0.06236	0.11228	0.27154	0.25448	0.06844	0.01634	0.00917	0.00673	0.00371	0.00321	0.00101	0.00354	0.00314	0.00275	0.00486

[dist]
# distance from previous block
# <min> <max>
6	13

[block]
# block no. 1 follows, 89 sequences, length 12
# corresponding to MSA columns:
# 269-280
name=unknown_B
#
# <colnr> <probs for GDERKNQSTAVLIFYWHMCP>
#	G	D	E	R	K	N	Q	S	T	A	V	L	I	F	Y	W	H	M	C	P
0	0.00914	0.00515	0.00649	0.00586	0.04174	0.00496	0.00438	0.14194	0.04182	0.29847	0.15998	0.16430	0.07488	0.00567	0.00349	0.00104	0.00244	0.00485	0.00337	0.02003
1	0.00667	0.00618	0.05065	0.15377	0.21215	0.02369	0.05746	0.02237	0.03463	0.05538	0.05420	0.19538	0.05176	0.00535	0.00383	0.02412	0.01687	0.01945	0.00223	0.00386
2	0.02338	0.16379	0.22364	0.01135	0.25431	0.05441	0.08190	0.04756	0.06268	0.02270	0.00646	0.02240	0.00520	0.00317	0.00298	0.00094	0.00404	0.00272	0.00174	0.00463
3	0.00857	0.06407	0.17519	0.03485	0.25121	0.02243	0.05723	0.11800	0.05065	0.09586	0.01983	0.00947	0.00629	0.05265	0.00388	0.00110	0.00380	0.01811	0.00212	0.00468
4	0.00399	0.00291	0.00372	0.00423	0.00458	0.00268	0.00288	0.00468	0.00656	0.00873	0.12397	0.65137	0.11539	0.04278	0.00448	0.00131	0.00184	0.00826	0.00300	0.00264
5	0.00529	0.00463	0.02051	0.00682	0.02627	0.00435	0.15487	0.00695	0.05562	0.00917	0.01525	0.32783	0.07537	0.02309	0.00454	0.03576	0.00292	0.21498	0.00261	0.00317
6	0.00946	0.20413	0.23130	0.00821	0.06688	0.04766	0.06363	0.07911	0.04263	0.18957	0.02298	0.00801	0.00581	0.00332	0.00295	0.00093	0.00381	0.00267	0.00221	0.00473
7	0.13909	0.01701	0.00712	0.00610	0.04823	0.02351	0.00466	0.04552	0.04749	0.51149	0.04337	0.04616	0.00846	0.01446	0.00321	0.00102	0.00273	0.00330	0.02228	0.00478
8	0.00396	0.00323	0.00347	0.00345	0.00441	0.00277	0.00256	0.00488	0.00754	0.00940	0.19627	0.06115	0.64770	0.02996	0.00411	0.00113	0.00165	0.00660	0.00306	0.00274
9	0.00743	0.02565	0.14346	0.15077	0.31888	0.02142	0.03924	0.05059	0.06299	0.02882	0.01965	0.04121	0.01747	0.02295	0.00347	0.00104	0.00377	0.00318	0.01399	0.02403
10	0.00826	0.12313	0.29152	0.02186	0.14807	0.04011	0.07163	0.03113	0.04332	0.11505	0.00750	0.05794	0.00602	0.00358	0.00319	0.00098	0.01712	0.00302	0.00196	0.00460
11	0.03222	0.27464	0.16807	0.02680	0.03361	0.18380	0.00710	0.01012	0.00684	0.04410	0.00525	0.00657	0.00442	0.01913	0.00430	0.00098	0.16417	0.00227	0.00157	0.00405

[dist]
# distance from previous block
# <min> <max>
1	54

[block]
# block no. 2 follows, 89 sequences, length 10
# corresponding to MSA columns:
# 335-344
name=unknown_C
#
# <colnr> <probs for GDERKNQSTAVLIFYWHMCP>
#	G	D	E	R	K	N	Q	S	T	A	V	L	I	F	Y	W	H	M	C	P
0	0.00514	0.00366	0.00521	0.00570	0.00644	0.00362	0.03013	0.00654	0.00716	0.00962	0.01618	0.14021	0.01751	0.00838	0.00418	0.00138	0.00276	0.64481	0.07844	0.00295
1	0.10070	0.00566	0.00717	0.00553	0.00799	0.00509	0.00456	0.04406	0.00880	0.68470	0.01108	0.00987	0.00714	0.00373	0.00303	0.00095	0.00270	0.00295	0.00357	0.08072
2	0.05424	0.00595	0.00709	0.00537	0.02842	0.00479	0.02442	0.03786	0.00691	0.01097	0.00572	0.00668	0.00471	0.00247	0.00243	0.00054	0.00252	0.00199	0.00193	0.78498
3	0.00459	0.00320	0.00440	0.00448	0.00482	0.00344	0.00317	0.00517	0.00526	0.00733	0.05479	0.12249	0.01157	0.25240	0.42461	0.07380	0.00546	0.00453	0.00200	0.00247
4	0.00451	0.00337	0.00501	0.00508	0.00562	0.00387	0.00391	0.00560	0.00523	0.00750	0.00940	0.09219	0.00920	0.02273	0.79540	0.00479	0.00796	0.00395	0.00183	0.00283
5	0.00681	0.01040	0.34273	0.12470	0.26227	0.00716	0.03489	0.00929	0.00687	0.02583	0.00811	0.00949	0.07665	0.00359	0.00364	0.00103	0.05745	0.00302	0.00162	0.00443
6	0.01663	0.03064	0.13482	0.00697	0.03867	0.00608	0.04059	0.09658	0.03943	0.12064	0.01855	0.09055	0.03806	0.02547	0.22531	0.00214	0.05881	0.00377	0.00231	0.00399
7	0.00477	0.00346	0.00419	0.00432	0.00505	0.00331	0.00311	0.00647	0.09013	0.03445	0.21798	0.39028	0.18030	0.00796	0.00380	0.00115	0.00181	0.00702	0.02737	0.00305
8	0.00740	0.00435	0.00500	0.00451	0.00562	0.03234	0.02167	0.02531	0.05138	0.13907	0.02661	0.06339	0.02485	0.00592	0.07162	0.00123	0.03146	0.00355	0.47118	0.00354
9	0.03577	0.04090	0.06786	0.03936	0.27458	0.09623	0.07878	0.08792	0.06039	0.03864	0.00633	0.00770	0.00506	0.00356	0.00427	0.00103	0.14242	0.00280	0.00188	0.00451

[dist]
# distance from previous block
# <min> <max>
1	87

[block]
# block no. 3 follows, 89 sequences, length 27
# corresponding to MSA columns:
# 432-458
name=unknown_D
#
# <colnr> <probs for GDERKNQSTAVLIFYWHMCP>
#	G	D	E	R	K	N	Q	S	T	A	V	L	I	F	Y	W	H	M	C	P
0	0.00894	0.67941	0.03886	0.00632	0.03520	0.05669	0.00583	0.09094	0.00749	0.00902	0.00491	0.00559	0.00429	0.00287	0.00228	0.00073	0.00357	0.00190	0.00158	0.03359
1	0.01406	0.05809	0.25320	0.00948	0.09786	0.03002	0.14900	0.07205	0.06846	0.07885	0.02453	0.00877	0.00603	0.00480	0.06722	0.00128	0.00440	0.00801	0.00201	0.04187
2	0.05826	0.07450	0.07338	0.01943	0.17547	0.05078	0.05671	0.18563	0.11461	0.12821	0.00819	0.00854	0.01646	0.00348	0.00306	0.00096	0.00357	0.00288	0.00246	0.01344
3	0.00423	0.00323	0.00451	0.01429	0.02445	0.00305	0.03389	0.00491	0.00623	0.00825	0.03497	0.63619	0.09773	0.08559	0.02134	0.00148	0.00226	0.00792	0.00277	0.00269
4	0.00485	0.00404	0.00476	0.00498	0.00549	0.06736	0.00365	0.00572	0.00601	0.00794	0.04044	0.33681	0.04018	0.04568	0.38873	0.00301	0.00515	0.02008	0.00230	0.00280
5	0.00936	0.15789	0.16734	0.02693	0.11036	0.15951	0.09352	0.11127	0.05136	0.07301	0.00659	0.00735	0.00501	0.00321	0.00298	0.00092	0.00425	0.00260	0.00197	0.00458
6	0.01970	0.04564	0.14314	0.06824	0.34202	0.00818	0.04089	0.16945	0.07650	0.03485	0.00691	0.00800	0.00530	0.00326	0.00321	0.00098	0.01394	0.00283	0.00203	0.00489
7	0.00448	0.00319	0.00430	0.00497	0.00539	0.00309	0.00381	0.00539	0.00656	0.00863	0.01704	0.45089	0.03340	0.07399	0.00512	0.00150	0.00240	0.36027	0.00289	0.00270
8	0.00724	0.00694	0.07385	0.04584	0.35030	0.02414	0.04868	0.03656	0.02963	0.05186	0.14314	0.03183	0.02178	0.06888	0.00424	0.00114	0.00333	0.00368	0.04274	0.00422
9	0.00975	0.05970	0.17570	0.00900	0.15115	0.02451	0.03861	0.05555	0.05177	0.28169	0.00878	0.03944	0.00649	0.00358	0.00309	0.00095	0.00347	0.00302	0.00252	0.07124
10	0.00917	0.06663	0.12194	0.04258	0.21378	0.04950	0.02947	0.02695	0.03823	0.21731	0.03406	0.03873	0.00692	0.00361	0.00323	0.00094	0.02053	0.00305	0.00233	0.07103
11	0.01153	0.01444	0.00912	0.07229	0.01079	0.79565	0.00638	0.02732	0.00898	0.00808	0.00505	0.00601	0.00416	0.00330	0.00291	0.00084	0.00562	0.00213	0.00166	0.00373
12	0.00782	0.10732	0.42751	0.03468	0.13167	0.00775	0.05944	0.01092	0.05962	0.09950	0.00702	0.00810	0.00523	0.00323	0.00305	0.00098	0.00411	0.01551	0.00182	0.00472
13	0.00802	0.05354	0.25578	0.02032	0.25447	0.00712	0.09688	0.03483	0.02524	0.11701	0.02639	0.00999	0.06897	0.00355	0.00321	0.00099	0.00384	0.00316	0.00203	0.00467
14	0.00674	0.03124	0.32809	0.12095	0.18193	0.02905	0.09564	0.00922	0.00699	0.00972	0.03978	0.00976	0.06872	0.00361	0.00356	0.00102	0.04491	0.00311	0.00164	0.00430
15	0.00397	0.00303	0.00367	0.00405	0.00462	0.00272	0.00287	0.00475	0.00688	0.00888	0.11165	0.46974	0.31214	0.00896	0.00396	0.00120	0.00178	0.03940	0.00303	0.00269
16	0.00858	0.04838	0.25496	0.01153	0.27200	0.02563	0.03947	0.02859	0.06570	0.13834	0.00723	0.00810	0.00540	0.00339	0.00365	0.00101	0.06841	0.00279	0.00200	0.00482
17	0.04554	0.02112	0.39970	0.08238	0.15665	0.00748	0.03523	0.09994	0.02198	0.06473	0.02268	0.01638	0.00538	0.00330	0.00310	0.00100	0.00407	0.00275	0.00188	0.00469
18	0.00399	0.00290	0.00368	0.00422	0.00451	0.00271	0.00282	0.00453	0.00608	0.00800	0.01839	0.65839	0.12508	0.10510	0.03232	0.00159	0.00217	0.00815	0.00282	0.00255
19	0.00861	0.35085	0.08071	0.03858	0.12892	0.07854	0.12499	0.08019	0.06160	0.00997	0.00594	0.00693	0.00481	0.00302	0.00280	0.00087	0.00402	0.00249	0.00173	0.00444
20	0.01794	0.23100	0.19841	0.03662	0.17035	0.03897	0.05113	0.05768	0.05136	0.09809	0.01556	0.00759	0.00534	0.00317	0.00289	0.00092	0.00384	0.00258	0.00192	0.00464
21	0.00817	0.01013	0.29749	0.05367	0.19288	0.02503	0.07995	0.02063	0.04848	0.13916	0.03683	0.00934	0.01515	0.00353	0.00348	0.00102	0.03404	0.01428	0.00205	0.00468
22	0.00466	0.00536	0.12838	0.00531	0.03850	0.00381	0.02111	0.00597	0.00689	0.00918	0.04322	0.23701	0.38119	0.00715	0.00374	0.00110	0.01920	0.00613	0.06896	0.00313
23	0.00814	0.09252	0.35098	0.01026	0.16566	0.06867	0.05353	0.04044	0.09845	0.06103	0.01634	0.00786	0.00546	0.00324	0.00305	0.00097	0.00412	0.00268	0.00187	0.00473
24	0.00741	0.41215	0.27247	0.02232	0.04948	0.02596	0.02637	0.00940	0.00695	0.00917	0.09105	0.00783	0.00679	0.00322	0.00266	0.00084	0.00371	0.00245	0.00162	0.03816
25	0.01157	0.00573	0.02474	0.00566	0.00781	0.00521	0.00468	0.11853	0.05319	0.53066	0.11109	0.04791	0.04915	0.00467	0.00334	0.00101	0.00263	0.00387	0.00364	0.00490
26	0.00689	0.06025	0.56843	0.00897	0.08211	0.00697	0.02111	0.00981	0.00715	0.06217	0.06846	0.01014	0.03478	0.00369	0.00315	0.00101	0.00408	0.03454	0.00180	0.00451

[dist]
# distance from previous block
# <min> <max>
0	3

[block]
# block no. 4 follows, 89 sequences, length 23
# corresponding to MSA columns:
# 462-484
name=unknown_E
#
# <colnr> <probs for GDERKNQSTAVLIFYWHMCP>
#	G	D	E	R	K	N	Q	S	T	A	V	L	I	F	Y	W	H	M	C	P
0	0.02540	0.11673	0.26276	0.01619	0.00894	0.03115	0.02079	0.00894	0.00693	0.13774	0.01079	0.30996	0.01069	0.00561	0.00331	0.00107	0.00325	0.01347	0.00235	0.00393
1	0.72096	0.07497	0.00599	0.00460	0.00660	0.00766	0.00384	0.03801	0.06445	0.01375	0.00528	0.00596	0.00415	0.00371	0.02853	0.00110	0.00277	0.00195	0.00205	0.00367
2	0.00711	0.14529	0.70339	0.00842	0.01275	0.00808	0.01055	0.01032	0.00683	0.05061	0.00588	0.00671	0.00425	0.00304	0.00290	0.00096	0.00444	0.00231	0.00148	0.00467
3	0.00718	0.07412	0.00707	0.00581	0.00708	0.00635	0.00462	0.17609	0.19007	0.01168	0.03749	0.21679	0.01234	0.00674	0.00455	0.08172	0.02822	0.11551	0.00278	0.00378
4	0.00682	0.10113	0.64304	0.00856	0.01271	0.00791	0.04622	0.01063	0.08283	0.01018	0.00629	0.00713	0.00463	0.00309	0.00297	0.00097	0.00435	0.00246	0.00155	0.03651
5	0.00496	0.00425	0.03107	0.02318	0.02671	0.02391	0.02287	0.00632	0.00817	0.03105	0.45627	0.08917	0.22968	0.00675	0.00373	0.00105	0.00202	0.02261	0.00310	0.00312
6	0.00888	0.00628	0.00922	0.23986	0.03846	0.03420	0.10532	0.13483	0.00834	0.19306	0.02564	0.08425	0.00738	0.00475	0.00418	0.08163	0.00360	0.00360	0.00243	0.00409
7	0.10780	0.19265	0.17413	0.00725	0.00999	0.04925	0.11302	0.04875	0.04469	0.11544	0.08312	0.00874	0.00722	0.00351	0.00306	0.00095	0.02116	0.00282	0.00215	0.00432
8	0.14976	0.00510	0.00605	0.02247	0.00717	0.00496	0.00410	0.04346	0.04655	0.41541	0.04968	0.09063	0.06373	0.00471	0.00309	0.00101	0.00244	0.00384	0.07148	0.00436
9	0.08652	0.00524	0.00592	0.12265	0.02190	0.09265	0.00474	0.00729	0.04465	0.00857	0.00984	0.16184	0.01015	0.01892	0.04220	0.19403	0.01598	0.14192	0.00210	0.00288
10	0.13472	0.00495	0.00630	0.07576	0.05198	0.00520	0.03457	0.00906	0.13902	0.07819	0.05740	0.19931	0.08808	0.01406	0.00356	0.00115	0.00261	0.08768	0.00273	0.00365
11	0.01799	0.00829	0.09107	0.04538	0.31854	0.09690	0.03478	0.03656	0.03135	0.18221	0.02080	0.08660	0.00733	0.00391	0.00324	0.00100	0.00369	0.00344	0.00229	0.00464
12	0.00634	0.00576	0.00927	0.21329	0.37471	0.00591	0.00732	0.00791	0.00673	0.00934	0.00889	0.23254	0.00898	0.00473	0.00334	0.00102	0.00328	0.00436	0.00193	0.08434
13	0.18879	0.00579	0.00719	0.00663	0.08401	0.00564	0.00483	0.07443	0.00838	0.48005	0.01042	0.07751	0.00771	0.02025	0.00328	0.00105	0.00277	0.00335	0.00319	0.00474
14	0.00717	0.08691	0.53154	0.00772	0.01135	0.04672	0.00898	0.00986	0.00697	0.06465	0.02057	0.06279	0.00615	0.00367	0.00310	0.00096	0.01460	0.01980	0.00175	0.08475
15	0.00464	0.00342	0.00479	0.00478	0.00517	0.00388	0.00351	0.00545	0.00505	0.00715	0.00920	0.04890	0.00936	0.24968	0.59031	0.00435	0.03200	0.00396	0.00181	0.00263
16	0.00458	0.00312	0.00431	0.00459	0.00498	0.00328	0.00335	0.00531	0.00561	0.00796	0.01200	0.30870	0.01290	0.05887	0.35446	0.07495	0.00470	0.04116	0.08257	0.00262
17	0.00933	0.00528	0.00585	0.00502	0.00662	0.03199	0.00395	0.08931	0.15134	0.26197	0.02909	0.04884	0.02644	0.00431	0.00294	0.00093	0.00236	0.00351	0.30661	0.00428
18	0.00805	0.00774	0.02933	0.33962	0.18773	0.03313	0.16163	0.17274	0.00854	0.01135	0.00626	0.00815	0.00475	0.00316	0.00329	0.00102	0.00429	0.00299	0.00184	0.00439
19	0.00465	0.00376	0.00398	0.00376	0.00493	0.00341	0.00289	0.08064	0.00821	0.01022	0.13538	0.02799	0.66614	0.00755	0.00374	0.00107	0.00180	0.02381	0.00306	0.00299
20	0.76130	0.00580	0.00467	0.00417	0.00604	0.00656	0.00341	0.00932	0.00585	0.05460	0.02354	0.00735	0.04330	0.00336	0.00217	0.00098	0.00238	0.00218	0.04954	0.00349
21	0.00859	0.70649	0.13765	0.00607	0.00905	0.03088	0.00636	0.01000	0.00672	0.04617	0.00501	0.00564	0.00427	0.00285	0.00226	0.00075	0.00363	0.00188	0.00149	0.00425
22	0.00786	0.00702	0.03487	0.20058	0.54659	0.00700	0.00890	0.00974	0.00720	0.08630	0.00708	0.04999	0.00589	0.00337	0.00322	0.00100	0.00374	0.00317	0.00182	0.00465

[dist]
# distance from previous block
# <min> <max>
0	1

[block]
# block no. 5 follows, 89 sequences, length 8
# corresponding to MSA columns:
# 486-493
name=unknown_F
#
# <colnr> <probs for GDERKNQSTAVLIFYWHMCP>
#	G	D	E	R	K	N	Q	S	T	A	V	L	I	F	Y	W	H	M	C	P
0	0.00753	0.23572	0.37851	0.00902	0.12693	0.04222	0.00859	0.01003	0.03269	0.03403	0.02223	0.00797	0.02394	0.02774	0.00335	0.00098	0.01994	0.00254	0.00162	0.00443
1	0.11368	0.02279	0.03473	0.11807	0.15124	0.21967	0.03194	0.06805	0.08552	0.08762	0.00719	0.03311	0.00567	0.00353	0.00300	0.00097	0.00397	0.00281	0.00213	0.00430
2	0.06737	0.00586	0.00740	0.00593	0.00798	0.00583	0.00490	0.11942	0.00907	0.54415	0.01084	0.01111	0.00754	0.00427	0.00381	0.00104	0.08246	0.04527	0.05085	0.00489
3	0.00551	0.00618	0.13273	0.00576	0.00740	0.00486	0.04409	0.02790	0.16732	0.01064	0.14209	0.20390	0.18505	0.00652	0.00365	0.00112	0.00255	0.03630	0.00281	0.00361
4	0.00849	0.00873	0.19786	0.08803	0.11711	0.00693	0.05940	0.09339	0.14019	0.14677	0.00965	0.03421	0.04002	0.01681	0.00344	0.00105	0.00358	0.00332	0.00241	0.01861
5	0.02547	0.00562	0.02155	0.00579	0.00758	0.00551	0.03693	0.07493	0.21076	0.27776	0.09285	0.11800	0.01165	0.00492	0.00329	0.00103	0.00254	0.00420	0.08515	0.00447
6	0.00609	0.00422	0.00559	0.00512	0.00581	0.00441	0.04541	0.08328	0.00656	0.06053	0.01124	0.22946	0.01188	0.30749	0.08957	0.00218	0.05535	0.00513	0.05768	0.00299
7	0.03829	0.07228	0.24215	0.23910	0.10498	0.02919	0.04307	0.00934	0.04071	0.03517	0.00642	0.03058	0.00516	0.00402	0.00392	0.08315	0.00399	0.00281	0.00164	0.00400

[dist]
# distance from previous block
# <min> <max>
0	2

[block]
# block no. 6 follows, 89 sequences, length 26
# corresponding to MSA columns:
# 496-521
name=unknown_G
#
# <colnr> <probs for GDERKNQSTAVLIFYWHMCP>
#	G	D	E	R	K	N	Q	S	T	A	V	L	I	F	Y	W	H	M	C	P
0	0.00839	0.00515	0.00626	0.00578	0.02937	0.00521	0.00433	0.04098	0.26224	0.24186	0.13991	0.17078	0.05450	0.00571	0.00349	0.00108	0.00234	0.00492	0.00338	0.00433
1	0.02695	0.00466	0.05589	0.00496	0.00578	0.03934	0.00387	0.00638	0.03233	0.03072	0.03900	0.27597	0.05609	0.14121	0.25923	0.00261	0.00436	0.00539	0.00233	0.00294
2	0.00784	0.29663	0.40261	0.00828	0.06357	0.03285	0.02413	0.05512	0.01766	0.03221	0.00638	0.00714	0.02618	0.00314	0.00277	0.00090	0.00407	0.00238	0.00162	0.00452
3	0.00737	0.00722	0.03380	0.06106	0.66086	0.02371	0.00882	0.00916	0.00715	0.01007	0.00748	0.09065	0.00695	0.00375	0.00326	0.00100	0.00363	0.02809	0.02135	0.00462
4	0.03769	0.00714	0.00772	0.00654	0.00860	0.05852	0.02726	0.05792	0.50170	0.21172	0.01158	0.01070	0.00835	0.00403	0.00318	0.00102	0.00289	0.00330	0.00321	0.02694
5	0.10126	0.00456	0.00543	0.00475	0.00620	0.00439	0.02423	0.02244	0.08712	0.07787	0.33171	0.06218	0.11858	0.00558	0.00336	0.00099	0.00210	0.02763	0.00302	0.10660
6	0.14258	0.00655	0.00683	0.00563	0.00761	0.03957	0.00451	0.25864	0.05169	0.13972	0.04645	0.05629	0.06569	0.03727	0.00356	0.00104	0.00284	0.02597	0.00288	0.09466
7	0.00541	0.00440	0.00561	0.00646	0.09201	0.00450	0.00423	0.00825	0.21529	0.00987	0.02811	0.48194	0.05751	0.00754	0.00374	0.00118	0.00225	0.03118	0.00288	0.02765
8	0.82009	0.00638	0.00510	0.00449	0.00650	0.00738	0.00369	0.05990	0.04099	0.01467	0.00500	0.00562	0.00384	0.00308	0.00211	0.00099	0.00254	0.00188	0.00211	0.00365
9	0.00928	0.00653	0.00891	0.00730	0.00887	0.00734	0.07905	0.14184	0.12637	0.20317	0.00919	0.01110	0.00727	0.02970	0.07294	0.00151	0.21616	0.04642	0.00264	0.00440
10	0.00726	0.00702	0.01219	0.31100	0.53041	0.00747	0.05961	0.00929	0.00700	0.00967	0.00594	0.00817	0.00479	0.00296	0.00322	0.00100	0.00405	0.00290	0.00153	0.00451
11	0.00386	0.00312	0.00344	0.00368	0.00448	0.00270	0.00267	0.00461	0.00695	0.00853	0.02756	0.28782	0.58911	0.00870	0.00389	0.00116	0.00173	0.03035	0.00297	0.00268
12	0.00856	0.88943	0.01677	0.00548	0.00822	0.01267	0.00548	0.00959	0.00650	0.00753	0.00445	0.00513	0.00411	0.00274	0.00205	0.00068	0.00342	0.00171	0.00137	0.00411
13	0.00487	0.00369	0.00432	0.00429	0.00518	0.00355	0.00321	0.00645	0.08070	0.04470	0.14473	0.23192	0.38098	0.00777	0.00406	0.00114	0.03545	0.02685	0.00306	0.00308
14	0.00466	0.00384	0.02551	0.02776	0.03220	0.00346	0.00378	0.00619	0.03420	0.01077	0.40278	0.19459	0.14163	0.00732	0.00383	0.00112	0.00199	0.08819	0.00311	0.00307
15	0.00434	0.00298	0.00364	0.00399	0.00409	0.00290	0.00249	0.00463	0.00538	0.00717	0.01360	0.39910	0.01602	0.47648	0.01059	0.00226	0.00255	0.03309	0.00242	0.00226
16	0.03331	0.00642	0.00770	0.00654	0.00811	0.02909	0.00530	0.07662	0.23127	0.26909	0.01003	0.01060	0.00752	0.00636	0.08843	0.00150	0.17320	0.02146	0.00288	0.00457
17	0.00492	0.00433	0.00553	0.01680	0.08135	0.04577	0.04190	0.00590	0.00698	0.00886	0.05144	0.37594	0.26033	0.00789	0.00385	0.00117	0.00241	0.06888	0.00273	0.00303
18	0.00544	0.00394	0.00440	0.00417	0.00524	0.00375	0.00309	0.03321	0.10861	0.06747	0.13339	0.11197	0.39964	0.09524	0.00495	0.00129	0.00202	0.00593	0.00305	0.00321
19	0.00605	0.00569	0.00960	0.87981	0.02205	0.00711	0.00889	0.00818	0.00640	0.00818	0.00569	0.00853	0.00427	0.00320	0.00320	0.00107	0.00427	0.00284	0.00142	0.00356
20	0.00406	0.00319	0.00370	0.00389	0.00469	0.00283	0.00291	0.00500	0.00734	0.00931	0.16229	0.21320	0.46798	0.00834	0.00391	0.00115	0.00178	0.08863	0.00306	0.00276
21	0.67697	0.04033	0.04856	0.00476	0.00699	0.00698	0.00417	0.01052	0.00619	0.16085	0.00592	0.00625	0.00429	0.00314	0.00225	0.00098	0.00267	0.00202	0.00227	0.00389
22	0.00430	0.00303	0.00388	0.00423	0.00444	0.00302	0.00280	0.00478	0.00551	0.00740	0.01386	0.40592	0.03299	0.32520	0.14020	0.00253	0.00334	0.02775	0.00241	0.00241
23	0.00465	0.00311	0.00353	0.00352	0.00356	0.00310	0.00199	0.00473	0.00488	0.00655	0.05395	0.02110	0.01259	0.84235	0.01565	0.00300	0.00302	0.00471	0.00202	0.00199
24	0.00492	0.00378	0.00528	0.00510	0.00544	0.00448	0.00382	0.00566	0.00497	0.00711	0.00837	0.01404	0.00844	0.24962	0.52536	0.01831	0.11722	0.00366	0.00173	0.00267
25	0.31563	0.08338	0.00677	0.00552	0.00704	0.15665	0.00444	0.01869	0.03018	0.05480	0.01649	0.15165	0.00894	0.00503	0.00308	0.00105	0.02146	0.10338	0.00230	0.00353

[dist]
# distance from previous block
# <min> <max>
0	1

[block]
# block no. 7 follows, 89 sequences, length 18
# corresponding to MSA columns:
# 523-540
name=unknown_H
#
# <colnr> <probs for GDERKNQSTAVLIFYWHMCP>
#	G	D	E	R	K	N	Q	S	T	A	V	L	I	F	Y	W	H	M	C	P
0	0.00853	0.85616	0.01663	0.00601	0.04063	0.01248	0.00564	0.00959	0.00653	0.00764	0.00451	0.00524	0.00414	0.00274	0.00210	0.00069	0.00344	0.00175	0.00138	0.00414
1	0.00724	0.00728	0.01030	0.03895	0.13085	0.09232	0.16092	0.02521	0.05584	0.00948	0.02034	0.05946	0.06340	0.00546	0.03792	0.00128	0.20784	0.03492	0.02714	0.00385
2	0.00766	0.25447	0.01114	0.03948	0.04310	0.03371	0.10044	0.00894	0.00700	0.08622	0.08861	0.10588	0.02328	0.00445	0.00390	0.00096	0.10692	0.00360	0.00210	0.06816
3	0.04943	0.00372	0.00452	0.00459	0.00514	0.00381	0.00323	0.06638	0.00668	0.03098	0.08372	0.41109	0.02386	0.18971	0.06800	0.00187	0.02155	0.01618	0.00268	0.00286
4	0.00482	0.00349	0.00419	0.00400	0.00497	0.00317	0.00306	0.00631	0.03485	0.04718	0.46923	0.02602	0.31968	0.00703	0.00377	0.00106	0.00171	0.04909	0.00331	0.00307
5	0.06701	0.00785	0.01030	0.02324	0.37075	0.08437	0.05367	0.04374	0.22591	0.02644	0.02911	0.00972	0.00705	0.00356	0.00317	0.00100	0.00355	0.02262	0.00222	0.00471
6	0.00777	0.06181	0.12516	0.20480	0.34893	0.00784	0.07919	0.05281	0.03080	0.04120	0.00637	0.00800	0.00493	0.00306	0.00315	0.00098	0.00405	0.00283	0.00172	0.00460
7	0.00929	0.00955	0.03383	0.02721	0.14879	0.26690	0.06767	0.10994	0.03102	0.05430	0.00701	0.04063	0.00593	0.01942	0.08020	0.00138	0.07774	0.00302	0.00201	0.00417
8	0.00431	0.00337	0.00388	0.00406	0.00481	0.00313	0.00291	0.02165	0.05335	0.00934	0.11364	0.36357	0.36806	0.02364	0.00408	0.00119	0.00181	0.00729	0.00303	0.00286
9	0.00803	0.17102	0.49510	0.00790	0.01163	0.01846	0.03391	0.03639	0.04536	0.11185	0.00700	0.02767	0.00524	0.00333	0.00294	0.00096	0.00409	0.00261	0.00185	0.00467
10	0.02459	0.02968	0.09470	0.18417	0.37111	0.00750	0.16291	0.00999	0.00719	0.06811	0.00639	0.00814	0.00492	0.00298	0.00323	0.00100	0.00416	0.00295	0.00170	0.00458
11	0.01127	0.00488	0.00641	0.00519	0.00718	0.00431	0.00418	0.01277	0.04207	0.59740	0.12436	0.04729	0.10826	0.00500	0.00339	0.00102	0.00240	0.00418	0.00373	0.00471
12	0.03608	0.01000	0.11317	0.03859	0.39489	0.18140	0.03581	0.03960	0.06204	0.03132	0.00647	0.00788	0.00519	0.01990	0.00334	0.00099	0.00420	0.00272	0.00180	0.00460
13	0.03106	0.02096	0.07724	0.02788	0.06657	0.04027	0.07680	0.25875	0.06261	0.18804	0.04379	0.02128	0.01279	0.00398	0.01213	0.00101	0.00352	0.00315	0.00984	0.03832
14	0.00420	0.00307	0.00415	0.00481	0.00507	0.00303	0.00344	0.00489	0.00626	0.00836	0.01704	0.72974	0.02014	0.00969	0.00438	0.00133	0.03516	0.12965	0.00291	0.00268
15	0.00439	0.00352	0.00385	0.00377	0.00481	0.00315	0.00288	0.04417	0.00796	0.01003	0.19175	0.05561	0.59197	0.00771	0.00380	0.00109	0.00177	0.05181	0.00309	0.00290
16	0.00686	0.19643	0.69491	0.00837	0.01269	0.00851	0.01052	0.01002	0.00671	0.00960	0.00548	0.00642	0.00407	0.00298	0.00284	0.00095	0.00446	0.00223	0.00136	0.00460
17	0.05465	0.01030	0.25336	0.03652	0.29037	0.00797	0.08228	0.17130	0.02801	0.02540	0.00647	0.00763	0.00488	0.00315	0.00313	0.00099	0.00405	0.00277	0.00192	0.00486

[dist]
# distance from previous block
# <min> <max>
1	3

[block]
# block no. 8 follows, 89 sequences, length 38
# corresponding to MSA columns:
# 544-581
name=unknown_I
#
# <colnr> <probs for GDERKNQSTAVLIFYWHMCP>
#	G	D	E	R	K	N	Q	S	T	A	V	L	I	F	Y	W	H	M	C	P
0	0.91011	0.00619	0.00470	0.00421	0.00619	0.00718	0.00347	0.00941	0.00545	0.01436	0.00446	0.00520	0.00347	0.00297	0.00198	0.00099	0.00248	0.00173	0.00198	0.00347
1	0.00856	0.88943	0.01677	0.00548	0.00822	0.01267	0.00548	0.00959	0.00650	0.00753	0.00445	0.00513	0.00411	0.00274	0.00205	0.00068	0.00342	0.00171	0.00137	0.00411
2	0.00556	0.00278	0.00417	0.00417	0.00417	0.00278	0.00278	0.00417	0.00417	0.00556	0.00556	0.00973	0.00556	0.01112	0.01251	0.90687	0.00278	0.00278	0.00139	0.00139
3	0.00807	0.50814	0.32342	0.00693	0.01037	0.01057	0.00781	0.07460	0.00725	0.00944	0.00516	0.00591	0.00419	0.00293	0.00250	0.00082	0.00390	0.00204	0.00150	0.00443
4	0.00659	0.00581	0.00952	0.81301	0.02106	0.00714	0.00863	0.04307	0.00685	0.03942	0.00602	0.00858	0.00445	0.00325	0.00320	0.00106	0.00418	0.00286	0.00159	0.00370
5	0.00633	0.00598	0.01012	0.74843	0.15119	0.00719	0.00903	0.00843	0.00654	0.00853	0.00574	0.00844	0.00439	0.00315	0.00320	0.00105	0.00420	0.00285	0.00145	0.00379
6	0.01196	0.01526	0.00907	0.00825	0.00990	0.87465	0.00618	0.01278	0.00907	0.00783	0.00495	0.00577	0.00412	0.00330	0.00289	0.00082	0.00577	0.00206	0.00165	0.00371
7	0.00623	0.00588	0.00994	0.79479	0.10561	0.00716	0.00898	0.00834	0.00649	0.00840	0.00572	0.00847	0.00435	0.00317	0.00320	0.00106	0.00422	0.00285	0.00144	0.00371
8	0.00406	0.00292	0.00397	0.00455	0.00480	0.00288	0.00312	0.00470	0.00588	0.00795	0.01564	0.68690	0.01832	0.04794	0.16794	0.00209	0.00317	0.00786	0.00269	0.00262
9	0.00777	0.00745	0.01271	0.09091	0.79749	0.00756	0.00975	0.00969	0.00722	0.01027	0.00599	0.00797	0.00500	0.00288	0.00317	0.00096	0.00384	0.00285	0.00157	0.00494
10	0.00859	0.00501	0.00615	0.00521	0.00680	0.00494	0.00412	0.09313	0.14341	0.25608	0.40731	0.01677	0.01829	0.00521	0.00348	0.00101	0.00221	0.00444	0.00357	0.00426
11	0.00457	0.00343	0.00514	0.00514	0.00572	0.00400	0.00400	0.00572	0.00514	0.00743	0.00857	0.01258	0.00800	0.02401	0.87482	0.00514	0.00857	0.00343	0.00171	0.00286
12	0.00738	0.04077	0.16352	0.06847	0.13451	0.05237	0.29677	0.01036	0.09099	0.01004	0.00713	0.03155	0.00571	0.00382	0.02000	0.02133	0.00446	0.00325	0.02324	0.00431
13	0.82120	0.00612	0.00498	0.00436	0.00639	0.00694	0.00359	0.01002	0.00582	0.09927	0.00527	0.00577	0.00391	0.00307	0.00210	0.00099	0.00250	0.00188	0.00218	0.00366
14	0.00452	0.00327	0.00396	0.00425	0.00492	0.00302	0.00306	0.00564	0.04247	0.03910	0.08296	0.44328	0.27724	0.01912	0.00407	0.00122	0.00189	0.05010	0.00304	0.00287
15	0.00573	0.00499	0.00693	0.02115	0.00691	0.02336	0.00511	0.00650	0.00507	0.00738	0.00662	0.01026	0.00633	0.03589	0.43169	0.07251	0.33586	0.00314	0.00157	0.00299
16	0.00675	0.04189	0.00589	0.04153	0.04202	0.01601	0.00405	0.14128	0.00784	0.02546	0.01118	0.23198	0.01085	0.03364	0.02654	0.00117	0.01748	0.02876	0.30224	0.00345
17	0.00433	0.00313	0.00411	0.00462	0.00508	0.00296	0.00343	0.00525	0.00691	0.00920	0.15145	0.44875	0.07985	0.04486	0.00460	0.00135	0.00210	0.21227	0.00301	0.00273
18	0.01248	0.00673	0.00802	0.00632	0.00868	0.00682	0.00516	0.27285	0.15327	0.45472	0.02353	0.01028	0.00780	0.00403	0.00323	0.00100	0.00292	0.00322	0.00361	0.00535
19	0.00437	0.00346	0.00392	0.00382	0.00479	0.00314	0.00290	0.00591	0.05287	0.01055	0.34165	0.02719	0.46097	0.00729	0.00376	0.00107	0.00168	0.04159	0.01611	0.00296
20	0.00605	0.00569	0.00960	0.87981	0.02205	0.00711	0.00889	0.00818	0.00640	0.00818	0.00569	0.00853	0.00427	0.00320	0.00320	0.00107	0.00427	0.00284	0.00142	0.00356
21	0.00932	0.51667	0.04796	0.00760	0.06482	0.12994	0.05575	0.10622	0.00798	0.01971	0.00525	0.00603	0.00441	0.00297	0.00252	0.00079	0.00394	0.00213	0.00167	0.00432
22	0.00465	0.00324	0.00397	0.00398	0.00409	0.00341	0.00251	0.00491	0.00484	0.00659	0.01014	0.07341	0.01139	0.65480	0.16885	0.00331	0.02710	0.00467	0.00195	0.00219
23	0.00957	0.02006	0.04040	0.01458	0.52591	0.09428	0.00827	0.07815	0.00833	0.14544	0.00722	0.02103	0.00564	0.00326	0.00315	0.00095	0.00381	0.00289	0.00210	0.00496
24	0.13882	0.01882	0.25318	0.11102	0.02491	0.00685	0.12554	0.01752	0.07243	0.11313	0.01609	0.06557	0.00654	0.00376	0.00313	0.00105	0.00376	0.01150	0.00211	0.00429
25	0.06979	0.00567	0.00733	0.00569	0.00812	0.00515	0.00469	0.04643	0.03587	0.75824	0.01195	0.01045	0.00761	0.00391	0.00314	0.00099	0.00273	0.00313	0.00379	0.00531
26	0.04280	0.00613	0.02609	0.00592	0.00843	0.00549	0.00498	0.10845	0.02652	0.71263	0.01168	0.01029	0.00746	0.00390	0.00317	0.00099	0.00284	0.00312	0.00374	0.00536
27	0.03022	0.11305	0.16169	0.04431	0.13047	0.10230	0.02516	0.07467	0.04802	0.05559	0.00647	0.01595	0.00509	0.00315	0.00292	0.00086	0.01200	0.00249	0.00192	0.16368
28	0.00445	0.00337	0.00425	0.00466	0.00498	0.02453	0.02126	0.01887	0.00621	0.00826	0.01579	0.70144	0.01860	0.10936	0.01659	0.00152	0.00228	0.00799	0.02294	0.00265
29	0.00429	0.00295	0.00360	0.00396	0.00405	0.00286	0.00244	0.00456	0.00538	0.00717	0.01378	0.44371	0.01630	0.45837	0.01032	0.00222	0.00249	0.00683	0.00244	0.00226
30	0.00419	0.00323	0.00389	0.00431	0.00475	0.02344	0.00299	0.00497	0.00690	0.00910	0.17808	0.59064	0.13377	0.00896	0.00396	0.00120	0.00185	0.00800	0.00304	0.00272
31	0.04638	0.76090	0.10556	0.00580	0.00872	0.01189	0.00606	0.00964	0.00649	0.00809	0.00459	0.00531	0.00408	0.00278	0.00215	0.00073	0.00352	0.00178	0.00139	0.00415
32	0.01052	0.00700	0.00783	0.00638	0.00850	0.00753	0.00514	0.33341	0.28087	0.18822	0.07609	0.01104	0.00928	0.00423	0.00324	0.00100	0.00284	0.00341	0.02838	0.00507
33	0.00418	0.00304	0.00395	0.00423	0.00473	0.00281	0.00301	0.00517	0.00744	0.01013	0.36198	0.44847	0.08882	0.00844	0.00395	0.00117	0.00173	0.03076	0.00319	0.00279
34	0.01148	0.00762	0.00858	0.00651	0.00911	0.00776	0.00535	0.52117	0.01220	0.18446	0.00825	0.00810	0.00579	0.00357	0.00304	0.00087	0.00313	0.00275	0.00309	0.18715
35	0.00796	0.00688	0.00724	0.00651	0.00832	0.00796	0.00507	0.01701	0.86175	0.01339	0.01303	0.01194	0.00977	0.00434	0.00326	0.00109	0.00253	0.00362	0.00326	0.00507
36	0.00466	0.00310	0.00349	0.00349	0.00349	0.00310	0.00194	0.00466	0.00466	0.00621	0.01009	0.02095	0.01164	0.88750	0.01629	0.00310	0.00310	0.00466	0.00194	0.00194
37	0.08270	0.00762	0.07316	0.00655	0.00861	0.00791	0.00548	0.03912	0.70196	0.01341	0.01161	0.01087	0.00869	0.00412	0.00313	0.00107	0.00272	0.00335	0.00300	0.00492

[dist]
# distance from previous block
# <min> <max>
0	1

[block]
# block no. 9 follows, 89 sequences, length 28
# corresponding to MSA columns:
# 583-610
name=unknown_J
#
# <colnr> <probs for GDERKNQSTAVLIFYWHMCP>
#	G	D	E	R	K	N	Q	S	T	A	V	L	I	F	Y	W	H	M	C	P
0	0.00605	0.00460	0.00572	0.00541	0.00646	0.01796	0.00421	0.00928	0.23019	0.05490	0.07996	0.01388	0.04513	0.01544	0.48194	0.00330	0.00579	0.00377	0.00243	0.00359
1	0.00642	0.01656	0.87092	0.00912	0.01385	0.00743	0.01183	0.01014	0.00676	0.01014	0.00574	0.00676	0.00405	0.00304	0.00304	0.00101	0.00473	0.00237	0.00135	0.00473
2	0.00389	0.00281	0.00369	0.00439	0.00462	0.00261	0.00294	0.00446	0.00619	0.00820	0.01848	0.83682	0.06922	0.00992	0.00407	0.00129	0.00184	0.00897	0.00297	0.00261
3	0.00623	0.00398	0.00488	0.00502	0.00600	0.00402	0.00408	0.00859	0.12296	0.07746	0.01560	0.10869	0.06401	0.00678	0.00361	0.00118	0.00236	0.34649	0.20466	0.00339
4	0.00961	0.32533	0.08411	0.00661	0.00933	0.01020	0.00612	0.33689	0.11938	0.01350	0.00696	0.00719	0.00537	0.00338	0.00275	0.00086	0.00341	0.00247	0.00234	0.04419
5	0.00458	0.00341	0.00505	0.00505	0.00559	0.00395	0.00389	0.00566	0.00512	0.00736	0.00866	0.01305	0.00821	0.07267	0.82643	0.00503	0.00827	0.00350	0.00173	0.00281
6	0.03469	0.06886	0.26750	0.00991	0.15431	0.10689	0.03739	0.18364	0.02419	0.02594	0.00631	0.00728	0.00482	0.00384	0.02861	0.00107	0.01254	0.00257	0.00193	0.01774
7	0.01925	0.14768	0.08553	0.00783	0.03721	0.14660	0.07289	0.10259	0.25378	0.05706	0.00845	0.00916	0.00657	0.00368	0.00304	0.00096	0.00377	0.02699	0.00237	0.00459
8	0.00423	0.00306	0.00351	0.00371	0.00405	0.00286	0.00237	0.00463	0.00584	0.00754	0.04273	0.25828	0.22623	0.40576	0.00952	0.00205	0.00235	0.00642	0.00252	0.00234
9	0.00654	0.00374	0.00480	0.00427	0.00544	0.00334	0.00329	0.00788	0.00881	0.19726	0.55362	0.02216	0.15376	0.00623	0.00366	0.00101	0.00179	0.00538	0.00353	0.00350
10	0.02229	0.00576	0.02564	0.13649	0.04869	0.00612	0.01626	0.01123	0.32779	0.06858	0.09598	0.09387	0.07591	0.02777	0.00388	0.00114	0.02137	0.00435	0.00278	0.00411
11	0.00463	0.00352	0.00497	0.00506	0.00560	0.01763	0.00386	0.00570	0.00537	0.00763	0.00976	0.12837	0.00969	0.02139	0.72682	0.00447	0.00749	0.00415	0.02104	0.00284
12	0.01055	0.00662	0.00755	0.00633	0.00844	0.00708	0.00505	0.10561	0.48714	0.30019	0.01233	0.01114	0.00870	0.00416	0.00324	0.00104	0.00270	0.00341	0.00349	0.00523
13	0.00556	0.00411	0.00483	0.00439	0.00542	0.01663	0.00334	0.09308	0.02199	0.03121	0.57370	0.04865	0.14517	0.02286	0.00393	0.00106	0.00188	0.00557	0.00334	0.00328
14	0.00419	0.00315	0.00406	0.00426	0.00484	0.00305	0.00310	0.00511	0.00669	0.00896	0.18088	0.30073	0.20267	0.03583	0.20400	0.00213	0.00333	0.01750	0.00276	0.00275
15	0.01089	0.00568	0.00698	0.00568	0.00766	0.00557	0.00458	0.16799	0.09554	0.41408	0.16246	0.04163	0.01216	0.00469	0.00334	0.00101	0.00258	0.01473	0.02797	0.00479
16	0.43387	0.00690	0.00634	0.00529	0.00735	0.04546	0.00431	0.21446	0.03092	0.12633	0.00707	0.00734	0.00514	0.00343	0.00253	0.00096	0.00282	0.00238	0.08289	0.00421
17	0.07051	0.00490	0.00590	0.00555	0.00689	0.00499	0.00453	0.13918	0.04748	0.13830	0.09889	0.13844	0.03926	0.00665	0.00371	0.00119	0.00262	0.27409	0.00314	0.00379
18	0.00411	0.00314	0.00364	0.00375	0.00440	0.00285	0.00264	0.00488	0.00690	0.00891	0.17911	0.21025	0.37062	0.14137	0.03760	0.00157	0.00213	0.00664	0.00287	0.00263
19	0.05971	0.00697	0.00803	0.00633	0.00869	0.00721	0.00518	0.33697	0.11820	0.37584	0.02681	0.00975	0.00740	0.00396	0.00316	0.00099	0.00297	0.00311	0.00347	0.00525
20	0.00404	0.00281	0.00367	0.00433	0.00454	0.00264	0.00289	0.00462	0.00609	0.00828	0.01691	0.79939	0.02005	0.05031	0.00455	0.00135	0.00190	0.00857	0.05045	0.00259
21	0.02301	0.20100	0.27131	0.01935	0.19577	0.02469	0.00804	0.02017	0.00698	0.03304	0.00569	0.00673	0.00452	0.00286	0.00272	0.00083	0.00373	0.00226	0.00161	0.16569
22	0.00605	0.00569	0.00960	0.87981	0.02205	0.00711	0.00889	0.00818	0.00640	0.00818	0.00569	0.00853	0.00427	0.00320	0.00320	0.00107	0.00427	0.00284	0.00142	0.00356
23	0.03478	0.00621	0.00678	0.01980	0.09717	0.09183	0.00470	0.01898	0.16017	0.01156	0.26643	0.02233	0.01360	0.00489	0.02725	0.00100	0.00282	0.00366	0.02850	0.17753
24	0.05562	0.56438	0.18749	0.00685	0.00991	0.03716	0.06803	0.00980	0.00663	0.00862	0.00487	0.00576	0.00412	0.00287	0.00252	0.00081	0.01691	0.00202	0.00142	0.00419
25	0.00417	0.00306	0.00411	0.00449	0.00480	0.00288	0.02585	0.00475	0.00609	0.00808	0.04164	0.62329	0.06379	0.16167	0.00618	0.00159	0.00217	0.02609	0.00277	0.00256
26	0.00727	0.00694	0.01181	0.31889	0.57340	0.00743	0.00950	0.00925	0.00698	0.00966	0.00591	0.00814	0.00479	0.00297	0.00318	0.00099	0.00396	0.00285	0.00153	0.00454
27	0.00918	0.15679	0.17427	0.04094	0.15717	0.07384	0.00754	0.13208	0.09843	0.09701	0.00740	0.01899	0.00566	0.00342	0.00297	0.00094	0.00377	0.00271	0.00217	0.00475

[dist]
# distance from previous block
# <min> <max>
0	1

[block]
# block no. 10 follows, 89 sequences, length 12
# corresponding to MSA columns:
# 612-623
name=unknown_K
#
# <colnr> <probs for GDERKNQSTAVLIFYWHMCP>
#	G	D	E	R	K	N	Q	S	T	A	V	L	I	F	Y	W	H	M	C	P
0	0.00802	0.00762	0.01264	0.01781	0.72487	0.00772	0.04850	0.03221	0.08831	0.01097	0.00675	0.00833	0.00551	0.00301	0.00321	0.00097	0.00375	0.00297	0.00179	0.00504
1	0.00421	0.00313	0.00392	0.00399	0.00465	0.00284	0.00289	0.00532	0.00791	0.01073	0.46910	0.25877	0.19515	0.00780	0.00386	0.00110	0.00163	0.00688	0.00326	0.00284
2	0.00417	0.00330	0.00380	0.00391	0.00482	0.00292	0.00303	0.00523	0.00762	0.00966	0.20538	0.07732	0.50388	0.00800	0.00390	0.00114	0.00183	0.14419	0.00308	0.00280
3	0.02425	0.35505	0.03945	0.09889	0.15111	0.03447	0.01756	0.00984	0.03216	0.05605	0.00558	0.00688	0.00467	0.00342	0.00391	0.00094	0.14752	0.00239	0.00164	0.00421
4	0.21698	0.00692	0.00756	0.00606	0.00811	0.00760	0.00500	0.32859	0.00996	0.21813	0.00797	0.00809	0.00564	0.00383	0.00356	0.00100	0.08602	0.00270	0.06164	0.00465
5	0.15684	0.00693	0.00708	0.00544	0.00797	0.06241	0.00439	0.15493	0.00833	0.10930	0.00656	0.00700	0.00497	0.00296	0.00258	0.00072	0.00285	0.00220	0.00235	0.44420
6	0.00621	0.05376	0.69039	0.00812	0.01211	0.00695	0.01010	0.00944	0.00712	0.01046	0.14661	0.00950	0.00834	0.00360	0.00312	0.00100	0.00414	0.00290	0.00171	0.00442
7	0.00445	0.00351	0.00408	0.00412	0.00503	0.00326	0.00315	0.00608	0.06686	0.01020	0.25984	0.11616	0.38780	0.00769	0.00385	0.00113	0.00183	0.10482	0.00314	0.00297
8	0.00722	0.00554	0.00734	0.02878	0.09186	0.08078	0.08312	0.00855	0.03276	0.14990	0.01356	0.42400	0.03978	0.00667	0.00366	0.00113	0.00293	0.00603	0.00273	0.00366
9	0.05917	0.01033	0.26421	0.00899	0.01231	0.00764	0.22630	0.19404	0.00911	0.16526	0.00750	0.00809	0.00522	0.00329	0.00324	0.00101	0.00416	0.00296	0.00232	0.00484
10	0.00698	0.02677	0.00603	0.00498	0.00639	0.00395	0.05888	0.00832	0.02224	0.21665	0.25473	0.12987	0.22856	0.00637	0.00363	0.00106	0.00219	0.00556	0.00324	0.00362
11	0.00449	0.00377	0.04421	0.00474	0.00536	0.00321	0.00357	0.01798	0.02836	0.02067	0.03404	0.62741	0.09291	0.03077	0.01635	0.00135	0.00220	0.05287	0.00289	0.00287

[dist]
# distance from previous block
# <min> <max>
4	67

[block]
# block no. 11 follows, 89 sequences, length 19
# corresponding to MSA columns:
# 696-714
name=unknown_L
#
# <colnr> <probs for GDERKNQSTAVLIFYWHMCP>
#	G	D	E	R	K	N	Q	S	T	A	V	L	I	F	Y	W	H	M	C	P
0	0.00876	0.18201	0.02840	0.00658	0.04710	0.00790	0.00536	0.18468	0.04533	0.07794	0.01965	0.00832	0.03004	0.01526	0.00355	0.00085	0.07566	0.00260	0.00227	0.24775
1	0.00413	0.00311	0.00378	0.00403	0.00464	0.00284	0.00286	0.00517	0.02203	0.00967	0.24323	0.40045	0.25192	0.00840	0.00388	0.00115	0.00171	0.00741	0.01679	0.00279
2	0.04871	0.00713	0.03969	0.18753	0.19910	0.00744	0.01900	0.17067	0.05499	0.11757	0.00796	0.02820	0.01646	0.02514	0.00392	0.00108	0.05547	0.00311	0.00230	0.00453
3	0.00885	0.10033	0.17569	0.02142	0.06365	0.10305	0.17762	0.14483	0.03709	0.05777	0.05745	0.00852	0.00646	0.00343	0.00330	0.00097	0.02000	0.00296	0.00208	0.00452
