[name]
unknown

[dist]
# distance from previous block
# <min> <max>
0	55

[block]
# block no. 0 follows, 71 sequences, length 40
# corresponding to MSA columns:
# 55-94
name=unknown_A
#
# <colnr> <probs for GDERKNQSTAVLIFYWHMCP>
#	G	D	E	R	K	N	Q	S	T	A	V	L	I	F	Y	W	H	M	C	P
0	0.00613	0.00438	0.00612	0.00693	0.00781	0.00437	0.00603	0.00790	0.00895	0.01171	0.06891	0.04238	0.02290	0.01043	0.00525	0.00173	0.00343	0.76754	0.00357	0.00354
1	0.00491	0.00344	0.00438	0.00503	0.00519	0.00327	0.00323	0.00540	0.00687	0.00916	0.01873	0.64006	0.02232	0.23884	0.00878	0.00213	0.00262	0.00948	0.00323	0.00290
2	0.00566	0.00434	0.00634	0.00624	0.00683	0.00513	0.00481	0.00689	0.00610	0.00880	0.01010	0.01548	0.00966	0.09608	0.73054	0.00569	0.06171	0.00418	0.00205	0.00338
3	0.00478	0.00346	0.00446	0.00515	0.00551	0.00321	0.00349	0.00554	0.00766	0.01016	0.08180	0.67880	0.09777	0.04977	0.00550	0.00161	0.00226	0.02238	0.00355	0.00313
4	0.00479	0.00389	0.00424	0.00415	0.00534	0.00335	0.00312	0.00600	0.00935	0.01180	0.26887	0.03453	0.60885	0.00917	0.00453	0.00127	0.00190	0.00776	0.00375	0.00335
5	0.89233	0.00741	0.00564	0.00504	0.00741	0.00860	0.00415	0.01127	0.00653	0.01720	0.00534	0.00623	0.00415	0.00356	0.00237	0.00119	0.00297	0.00208	0.00237	0.00415
6	0.00468	0.00338	0.00444	0.00526	0.00555	0.00313	0.00353	0.00539	0.00749	0.00995	0.04231	0.80535	0.06172	0.01181	0.00487	0.00154	0.00220	0.01068	0.00358	0.00313
7	0.89233	0.00741	0.00564	0.00504	0.00741	0.00860	0.00415	0.01127	0.00653	0.01720	0.00534	0.00623	0.00415	0.00356	0.00237	0.00119	0.00297	0.00208	0.00237	0.00415
8	0.00467	0.00334	0.00445	0.00534	0.00556	0.00311	0.00356	0.00534	0.00734	0.00979	0.02113	0.86275	0.02536	0.01201	0.00489	0.00156	0.00222	0.01090	0.00356	0.00311
9	0.55652	0.00804	0.00742	0.00616	0.00872	0.00895	0.00505	0.21041	0.00983	0.11790	0.00759	0.00815	0.00556	0.02121	0.00325	0.00123	0.00332	0.00269	0.00301	0.00498
10	0.01018	0.57183	0.01620	0.00709	0.00972	0.12919	0.00645	0.03858	0.00827	0.00956	0.00631	0.00779	0.00571	0.00748	0.13603	0.00171	0.01890	0.00250	0.00183	0.00466
11	0.01055	0.01009	0.24149	0.00908	0.08127	0.00669	0.00820	0.02834	0.02065	0.27232	0.13711	0.02862	0.01225	0.00500	0.00403	0.00118	0.01873	0.02943	0.00323	0.07173
12	0.00979	0.09396	0.13742	0.06530	0.32832	0.00996	0.00989	0.09744	0.17329	0.02398	0.00892	0.00997	0.00693	0.00395	0.00367	0.00116	0.00436	0.00339	0.00245	0.00584
13	0.01025	0.86756	0.02009	0.00656	0.00984	0.01517	0.00656	0.01148	0.00779	0.00902	0.00533	0.00615	0.00492	0.00328	0.00246	0.00082	0.00410	0.00205	0.00164	0.00492
14	0.00461	0.00389	0.00399	0.00397	0.00523	0.00327	0.00297	0.00565	0.00892	0.01080	0.10885	0.03618	0.76950	0.00955	0.00453	0.00129	0.00193	0.00799	0.00362	0.00327
15	0.00971	0.00832	0.00877	0.00784	0.01004	0.00962	0.00611	0.04801	0.80649	0.01632	0.01539	0.01413	0.01153	0.00518	0.00390	0.00130	0.00307	0.00430	0.00390	0.00608
16	0.00551	0.00404	0.00519	0.00493	0.00585	0.00379	0.00368	0.00756	0.03882	0.01504	0.75659	0.06467	0.05386	0.00797	0.00452	0.00123	0.00187	0.00705	0.00417	0.00367
17	0.00889	0.00825	0.01400	0.31115	0.53976	0.00882	0.01124	0.01125	0.00842	0.03123	0.00726	0.00983	0.00582	0.00359	0.00381	0.00119	0.00472	0.00342	0.00190	0.00546
18	0.89233	0.00741	0.00564	0.00504	0.00741	0.00860	0.00415	0.01127	0.00653	0.01720	0.00534	0.00623	0.00415	0.00356	0.00237	0.00119	0.00297	0.00208	0.00237	0.00415
19	0.00476	0.00340	0.00455	0.00544	0.00571	0.00319	0.00372	0.00550	0.00743	0.00989	0.02108	0.81285	0.02516	0.01193	0.00492	0.00157	0.00230	0.05989	0.00356	0.00314
20	0.00878	0.01695	0.57451	0.02488	0.09977	0.08163	0.06275	0.01243	0.00862	0.03963	0.03020	0.00904	0.00607	0.00378	0.00373	0.00119	0.00552	0.00312	0.00188	0.00552
21	0.00847	0.00513	0.00599	0.00535	0.00708	0.00477	0.00415	0.01108	0.12706	0.21486	0.14650	0.05665	0.37235	0.00767	0.00429	0.00127	0.00241	0.00646	0.00399	0.00449
22	0.00518	0.00389	0.00480	0.00461	0.00559	0.00351	0.00344	0.00674	0.01021	0.01394	0.61283	0.06095	0.23333	0.00845	0.00454	0.00124	0.00186	0.00736	0.00403	0.00351
23	0.00885	0.00864	0.01527	0.24127	0.53800	0.00902	0.10027	0.01131	0.00849	0.01178	0.00717	0.00977	0.00579	0.00351	0.00389	0.00119	0.00491	0.00353	0.00185	0.00550
24	0.00997	0.00951	0.01400	0.19577	0.38955	0.07446	0.07652	0.12911	0.01004	0.01332	0.00781	0.01063	0.00637	0.00395	0.00389	0.00119	0.00493	0.03130	0.00220	0.00547
25	0.01044	0.00497	0.00572	0.00492	0.00656	0.00481	0.00389	0.07759	0.00974	0.24195	0.03887	0.01399	0.01030	0.00466	0.00315	0.00100	0.00239	0.00375	0.54669	0.00462
26	0.01175	0.15219	0.13827	0.03525	0.13306	0.02997	0.03417	0.29540	0.02183	0.08539	0.00837	0.00905	0.00621	0.00401	0.00357	0.00111	0.00449	0.00318	0.01688	0.00586
27	0.00776	0.00733	0.02290	0.70826	0.10730	0.00871	0.01061	0.02316	0.00793	0.02136	0.00694	0.01008	0.00528	0.00391	0.00412	0.00127	0.03335	0.00341	0.00180	0.00452
28	0.00572	0.00400	0.00514	0.00481	0.00581	0.00365	0.00362	0.00745	0.01068	0.04093	0.74750	0.02883	0.10158	0.00790	0.00450	0.00121	0.00187	0.00693	0.00418	0.00368
29	0.00560	0.00427	0.00633	0.00626	0.00690	0.00505	0.00487	0.00691	0.00613	0.00887	0.01011	0.01509	0.00953	0.05277	0.79063	0.00590	0.04519	0.00412	0.00205	0.00342
30	0.00467	0.00334	0.00445	0.00534	0.00556	0.00311	0.00356	0.00534	0.00734	0.00979	0.02113	0.86275	0.02536	0.01201	0.00489	0.00156	0.00222	0.01090	0.00356	0.00311
31	0.00769	0.01983	0.84538	0.01093	0.01659	0.00890	0.01417	0.01214	0.00810	0.01214	0.00688	0.00810	0.00486	0.00364	0.00364	0.00121	0.00567	0.00283	0.00162	0.00567
32	0.01451	0.00801	0.00971	0.00777	0.01018	0.03847	0.00638	0.16909	0.05136	0.46724	0.01281	0.01249	0.02544	0.00520	0.00514	0.00126	0.12745	0.01757	0.00394	0.00597
33	0.00548	0.00411	0.00616	0.00616	0.00685	0.00479	0.00479	0.00685	0.00616	0.00890	0.01027	0.01506	0.00959	0.02876	0.85006	0.00616	0.01027	0.00411	0.00205	0.00342
34	0.00954	0.00824	0.00867	0.00780	0.00997	0.00954	0.00607	0.02037	0.83441	0.01604	0.01561	0.01431	0.01170	0.00520	0.00390	0.00130	0.00303	0.00433	0.00390	0.00607
35	0.01474	0.01048	0.01134	0.00870	0.01176	0.01150	0.00718	0.77802	0.01759	0.07531	0.00957	0.00945	0.00671	0.00461	0.00384	0.00115	0.00416	0.00348	0.00389	0.00652
36	0.00471	0.00390	0.00413	0.00410	0.00532	0.00332	0.00309	0.00583	0.00908	0.01118	0.16588	0.03572	0.69512	0.00943	0.00455	0.00129	0.00195	0.02443	0.00366	0.00330
37	0.00478	0.00342	0.00458	0.00547	0.00574	0.00321	0.00376	0.00553	0.00745	0.00991	0.02107	0.80112	0.02511	0.01191	0.00492	0.00157	0.00232	0.07141	0.00356	0.00315
38	0.03660	0.00682	0.00764	0.00710	0.00884	0.00743	0.00568	0.16605	0.28271	0.01549	0.01554	0.13839	0.01453	0.00713	0.00421	0.00137	0.00318	0.19148	0.05283	0.02696
39	0.02148	0.03211	0.02717	0.00538	0.00692	0.00487	0.00431	0.01020	0.05068	0.16911	0.35650	0.02235	0.10158	0.05980	0.04004	0.00154	0.00281	0.00555	0.07334	0.00426

[dist]
# distance from previous block
# <min> <max>
1	3

[block]
# block no. 1 follows, 71 sequences, length 59
# corresponding to MSA columns:
# 98-156
name=unknown_B
#
# <colnr> <probs for GDERKNQSTAVLIFYWHMCP>
#	G	D	E	R	K	N	Q	S	T	A	V	L	I	F	Y	W	H	M	C	P
0	0.00881	0.00863	0.01543	0.01958	0.56381	0.00855	0.16482	0.01116	0.01824	0.01214	0.00905	0.11182	0.00838	0.00448	0.00420	0.00123	0.01750	0.00453	0.00212	0.00552
1	0.00898	0.10244	0.50721	0.01157	0.11600	0.02405	0.02015	0.03891	0.03081	0.05164	0.00773	0.02750	0.00594	0.00397	0.00383	0.00118	0.02736	0.00314	0.00199	0.00560
2	0.01108	0.06544	0.15567	0.02846	0.20221	0.05333	0.08492	0.07685	0.04687	0.17506	0.05517	0.01094	0.00831	0.00414	0.00379	0.00116	0.00453	0.00361	0.00276	0.00571
3	0.00471	0.00337	0.00450	0.00538	0.00562	0.00315	0.00363	0.00541	0.00738	0.00983	0.02111	0.84085	0.02527	0.01197	0.00490	0.00156	0.00226	0.03240	0.00356	0.00313
4	0.00789	0.01936	0.80310	0.01102	0.01657	0.00900	0.03573	0.03202	0.00836	0.01244	0.00696	0.00818	0.00492	0.00366	0.00367	0.00121	0.00565	0.00289	0.00168	0.00567
5	0.01874	0.07301	0.39081	0.04372	0.15593	0.02806	0.06674	0.07017	0.02882	0.07672	0.00785	0.00899	0.00577	0.00375	0.00367	0.00117	0.00505	0.00316	0.00216	0.00569
6	0.00553	0.00377	0.00449	0.00451	0.00463	0.00385	0.00274	0.00578	0.00580	0.00785	0.02642	0.04831	0.01404	0.70570	0.13762	0.00396	0.00458	0.00555	0.00235	0.00253
7	0.00549	0.00407	0.00599	0.00599	0.00662	0.00470	0.00458	0.00674	0.00611	0.00877	0.01043	0.01592	0.00996	0.10051	0.77882	0.00595	0.00971	0.00423	0.00208	0.00333
8	0.78283	0.00858	0.04077	0.00581	0.00834	0.05148	0.02239	0.02050	0.00699	0.01657	0.00553	0.00646	0.00428	0.00359	0.00254	0.00118	0.00337	0.00219	0.00233	0.00428
9	0.00807	0.00749	0.01252	0.54387	0.28860	0.00857	0.01067	0.02180	0.00817	0.01104	0.00719	0.01012	0.00562	0.00373	0.00378	0.00122	0.00480	0.00342	0.03448	0.00485
10	0.00907	0.04519	0.36449	0.01148	0.13085	0.00878	0.05886	0.10187	0.02895	0.02229	0.00746	0.00865	0.00564	0.00357	0.00355	0.00106	0.00470	0.00299	0.00214	0.17839
11	0.00487	0.00367	0.00450	0.00477	0.00551	0.00330	0.00340	0.00597	0.00882	0.01168	0.28057	0.37383	0.25499	0.01007	0.00468	0.00137	0.00202	0.00889	0.00377	0.00330
12	0.00535	0.03549	0.07011	0.00513	0.01730	0.00449	0.00427	0.00713	0.04909	0.01103	0.08282	0.09244	0.58408	0.00877	0.00438	0.00128	0.00241	0.00736	0.00338	0.00367
13	0.00545	0.00701	0.18156	0.00633	0.00796	0.00445	0.00576	0.00708	0.00798	0.01093	0.09419	0.50081	0.10251	0.00939	0.00450	0.00140	0.00290	0.00832	0.00318	0.02830
14	0.01720	0.00653	0.00890	0.00682	0.00979	0.00564	0.00564	0.01869	0.01097	0.84399	0.01513	0.01305	0.00949	0.00475	0.00386	0.00119	0.00326	0.00386	0.00475	0.00653
15	0.01018	0.84542	0.04165	0.00667	0.01002	0.01501	0.00676	0.01150	0.00780	0.00910	0.00537	0.00620	0.00492	0.00329	0.00249	0.00083	0.00414	0.00207	0.00164	0.00494
16	0.00724	0.00681	0.01150	0.85604	0.02641	0.00852	0.01065	0.00980	0.00767	0.00980	0.00681	0.01022	0.00511	0.00383	0.00383	0.00128	0.00511	0.00341	0.00170	0.00426
17	0.00817	0.17840	0.57954	0.00960	0.01427	0.00980	0.01163	0.01222	0.05918	0.01182	0.02300	0.01027	0.00674	0.00410	0.00354	0.00117	0.00503	0.04421	0.00191	0.00540
18	0.00597	0.00546	0.06396	0.00662	0.01552	0.00475	0.00535	0.00849	0.11255	0.01125	0.03048	0.43278	0.03168	0.02795	0.00507	0.00159	0.00295	0.22037	0.00343	0.00380
19	0.00541	0.00390	0.00492	0.00467	0.00561	0.00357	0.00350	0.00712	0.01050	0.01478	0.71517	0.02889	0.12213	0.00789	0.00444	0.00120	0.00182	0.00691	0.04399	0.00357
20	0.00769	0.01983	0.84538	0.01093	0.01659	0.00890	0.01417	0.01214	0.00810	0.01214	0.00688	0.00810	0.00486	0.00364	0.00364	0.00121	0.00567	0.00283	0.00162	0.00567
21	0.02080	0.00957	0.01526	0.01159	0.01458	0.02668	0.37342	0.21516	0.16587	0.01571	0.01067	0.08380	0.00873	0.00471	0.00422	0.00127	0.00487	0.00470	0.00292	0.00547
22	0.37130	0.11192	0.11329	0.02175	0.03744	0.11873	0.05617	0.07645	0.00861	0.02443	0.00625	0.00732	0.00488	0.00374	0.00324	0.00114	0.02372	0.00259	0.00222	0.00481
23	0.01478	0.00857	0.00987	0.00766	0.01053	0.00883	0.00630	0.44269	0.03314	0.33255	0.01302	0.01218	0.04549	0.00490	0.00384	0.00117	0.00366	0.00384	0.03071	0.00628
24	0.03374	0.66128	0.11691	0.00755	0.02758	0.05418	0.00752	0.01195	0.00805	0.03320	0.00586	0.00668	0.00505	0.00341	0.00271	0.00090	0.00438	0.00224	0.00177	0.00503
25	0.00941	0.23493	0.34341	0.00937	0.03027	0.06875	0.04173	0.05894	0.02407	0.03432	0.05122	0.00979	0.02916	0.00415	0.00377	0.00111	0.03511	0.00315	0.00211	0.00523
26	0.00462	0.00387	0.00400	0.00404	0.00524	0.00328	0.00301	0.00560	0.00870	0.01047	0.06518	0.06774	0.74798	0.02772	0.00487	0.00136	0.00202	0.02350	0.00356	0.00323
27	0.00471	0.00340	0.00439	0.00517	0.00545	0.00316	0.00344	0.00536	0.00734	0.00969	0.02187	0.75393	0.08324	0.06221	0.00573	0.00167	0.00229	0.01038	0.00349	0.00308
28	0.01011	0.12893	0.14194	0.11381	0.22972	0.02958	0.06928	0.03548	0.00898	0.11915	0.02675	0.00971	0.00667	0.00382	0.00376	0.00113	0.01751	0.00329	0.00229	0.03812
29	0.18901	0.31805	0.14491	0.00861	0.06001	0.16642	0.00774	0.02957	0.00848	0.02768	0.00607	0.00701	0.00495	0.00358	0.00295	0.00102	0.00465	0.00240	0.00197	0.00493
30	0.02816	0.03845	0.00934	0.00684	0.00981	0.00619	0.00569	0.03982	0.01099	0.78073	0.01448	0.01261	0.00917	0.00467	0.00378	0.00117	0.00332	0.00376	0.00458	0.00644
31	0.03296	0.44641	0.12472	0.04766	0.09281	0.03748	0.01788	0.01110	0.00774	0.01894	0.00650	0.00881	0.00585	0.07752	0.00486	0.00124	0.04813	0.00278	0.00179	0.00483
32	0.00893	0.07352	0.08417	0.05742	0.25734	0.08523	0.03221	0.02470	0.08566	0.03213	0.13099	0.02368	0.07797	0.00495	0.00386	0.00116	0.00411	0.00427	0.00262	0.00508
33	0.00939	0.08829	0.28361	0.00939	0.04273	0.00919	0.06205	0.20687	0.04833	0.01532	0.10245	0.01247	0.04498	0.00464	0.00375	0.00116	0.00431	0.00383	0.04187	0.00538
34	0.01064	0.73448	0.05107	0.00710	0.01034	0.09995	0.00695	0.02485	0.00828	0.00942	0.00551	0.00635	0.00495	0.00338	0.00263	0.00086	0.00445	0.00215	0.00171	0.00493
35	0.00527	0.00391	0.00491	0.00466	0.00563	0.00355	0.00349	0.00693	0.01048	0.01450	0.69937	0.03008	0.17666	0.00817	0.00452	0.00122	0.00183	0.00714	0.00411	0.00355
36	0.01516	0.00619	0.00819	0.00643	0.00904	0.00550	0.00526	0.04610	0.01097	0.66715	0.09029	0.01445	0.01186	0.00500	0.00382	0.00116	0.00304	0.00410	0.08030	0.00601
37	0.00533	0.00365	0.00436	0.00463	0.00477	0.00357	0.00287	0.00565	0.00638	0.00848	0.03414	0.25536	0.03299	0.56019	0.01429	0.00294	0.00323	0.04176	0.00278	0.00264
38	0.00467	0.00334	0.00445	0.00534	0.00556	0.00311	0.00356	0.00534	0.00734	0.00979	0.02113	0.86275	0.02536	0.01201	0.00489	0.00156	0.00222	0.01090	0.00356	0.00311
39	0.00540	0.00392	0.00509	0.00480	0.00571	0.00361	0.00360	0.00719	0.01080	0.01524	0.81806	0.02886	0.05751	0.00789	0.00452	0.00121	0.00181	0.00696	0.00420	0.00361
40	0.00540	0.00392	0.00509	0.00480	0.00571	0.00361	0.00360	0.00719	0.01079	0.01524	0.81708	0.02887	0.05849	0.00789	0.00452	0.00121	0.00181	0.00697	0.00420	0.00361
41	0.89233	0.00741	0.00564	0.00504	0.00741	0.00860	0.00415	0.01127	0.00653	0.01720	0.00534	0.00623	0.00415	0.00356	0.00237	0.00119	0.00297	0.00208	0.00237	0.00415
42	0.01025	0.86756	0.02009	0.00656	0.00984	0.01517	0.00656	0.01148	0.00779	0.00902	0.00533	0.00615	0.00492	0.00328	0.00246	0.00082	0.00410	0.00205	0.00164	0.00492
43	0.00810	0.00688	0.00801	0.00575	0.00911	0.00528	0.00461	0.03236	0.00827	0.01286	0.01940	0.00830	0.00616	0.00296	0.00289	0.00059	0.00286	0.00237	0.00234	0.85088
44	0.00543	0.00367	0.00430	0.00447	0.00453	0.00365	0.00265	0.00560	0.00594	0.00793	0.01374	0.16920	0.01596	0.68857	0.03243	0.00336	0.00358	0.01996	0.00255	0.00250
45	0.82920	0.00765	0.00606	0.00531	0.00774	0.00884	0.00438	0.07006	0.00735	0.01770	0.00562	0.00644	0.00432	0.00363	0.00248	0.00118	0.00306	0.00218	0.00248	0.00432
46	0.01720	0.00653	0.00890	0.00682	0.00979	0.00564	0.00564	0.01869	0.01097	0.84399	0.01513	0.01305	0.00949	0.00475	0.00386	0.00119	0.00326	0.00386	0.00475	0.00653
47	0.00954	0.00824	0.00867	0.00780	0.00997	0.00954	0.00607	0.02037	0.83441	0.01604	0.01561	0.01431	0.01170	0.00520	0.00390	0.00130	0.00303	0.00433	0.00390	0.00607
48	0.00954	0.00824	0.00867	0.00780	0.00997	0.00954	0.00607	0.02037	0.83441	0.01604	0.01561	0.01431	0.01170	0.00520	0.00390	0.00130	0.00303	0.00433	0.00390	0.00607
49	0.00839	0.00839	0.01174	0.01007	0.01007	0.01174	0.00839	0.00923	0.00587	0.00923	0.00503	0.00839	0.00503	0.00671	0.01258	0.00168	0.85823	0.00336	0.00168	0.00419
50	0.01191	0.00854	0.00936	0.00788	0.01036	0.00944	0.00627	0.22773	0.48587	0.14350	0.01398	0.02694	0.01026	0.00509	0.00389	0.00125	0.00336	0.00414	0.00401	0.00620
51	0.01047	0.82396	0.01965	0.00668	0.00995	0.01500	0.00660	0.05306	0.00831	0.00979	0.00553	0.00631	0.00500	0.00335	0.00253	0.00084	0.00411	0.00212	0.00175	0.00500
52	0.00478	0.00344	0.00448	0.00526	0.00557	0.00321	0.00357	0.00548	0.00741	0.00978	0.02179	0.72992	0.07756	0.05474	0.00562	0.00166	0.00234	0.04679	0.00350	0.00310
53	0.00520	0.00387	0.00485	0.00482	0.00572	0.00353	0.00361	0.00670	0.00989	0.01347	0.53210	0.12962	0.19821	0.00887	0.00461	0.00130	0.00198	0.05420	0.00397	0.00348
54	0.00470	0.00343	0.00436	0.00509	0.00544	0.00316	0.00341	0.00537	0.00744	0.00974	0.02301	0.71119	0.13220	0.05513	0.00559	0.00163	0.00226	0.01026	0.00350	0.00309
55	0.00768	0.00745	0.01137	0.78338	0.02509	0.05137	0.01032	0.01045	0.03667	0.00999	0.00708	0.01020	0.00533	0.00389	0.00382	0.00126	0.00513	0.00339	0.00179	0.00433
56	0.01697	0.00646	0.00877	0.00675	0.00966	0.00559	0.00557	0.01846	0.01090	0.82441	0.01506	0.01308	0.00950	0.00474	0.00383	0.00118	0.00323	0.00385	0.02556	0.00646
57	0.00840	0.00763	0.01244	0.33426	0.37592	0.00837	0.01008	0.01115	0.05682	0.02963	0.05321	0.04211	0.00842	0.00432	0.00406	0.00123	0.02069	0.00394	0.00219	0.00512
58	0.00893	0.05091	0.34162	0.07587	0.19079	0.04060	0.15676	0.01208	0.00855	0.04383	0.00769	0.03133	0.00602	0.00379	0.00383	0.00120	0.00533	0.00350	0.00193	0.00545

[dist]
# distance from previous block
# <min> <max>
0	2

[block]
# block no. 2 follows, 71 sequences, length 23
# corresponding to MSA columns:
# 159-181
name=unknown_C
#
# <colnr> <probs for GDERKNQSTAVLIFYWHMCP>
#	G	D	E	R	K	N	Q	S	T	A	V	L	I	F	Y	W	H	M	C	P
0	0.00788	0.02967	0.06989	0.07498	0.12925	0.00626	0.08471	0.02038	0.00838	0.08799	0.03566	0.31211	0.01431	0.02940	0.00462	0.00136	0.00369	0.02329	0.00286	0.05330
1	0.52263	0.02339	0.04060	0.00758	0.05520	0.17091	0.01558	0.04194	0.00816	0.02670	0.00600	0.00696	0.00472	0.00364	0.00284	0.00111	0.00402	0.00237	0.00231	0.05335
2	0.00465	0.00388	0.00405	0.00404	0.00526	0.00328	0.00302	0.00571	0.00897	0.01097	0.13771	0.05578	0.72046	0.00953	0.00454	0.00129	0.00193	0.00802	0.00364	0.00328
3	0.00878	0.03210	0.11982	0.01081	0.18598	0.02260	0.04624	0.03392	0.00861	0.02663	0.01945	0.00877	0.00617	0.00327	0.00330	0.00086	0.00388	0.00282	0.00218	0.45381
4	0.00717	0.00559	0.00674	0.00623	0.00748	0.00612	0.00482	0.05666	0.22282	0.01403	0.29831	0.02030	0.02990	0.04430	0.17987	0.00237	0.03011	0.02362	0.02924	0.00433
5	0.00863	0.03777	0.19405	0.21192	0.22582	0.00927	0.15985	0.04587	0.00872	0.01206	0.00747	0.01026	0.00592	0.00382	0.00407	0.00123	0.02138	0.02470	0.00191	0.00528
6	0.00674	0.00516	0.00585	0.00540	0.00671	0.02394	0.00413	0.04827	0.10827	0.04086	0.46416	0.04305	0.19547	0.00769	0.00439	0.00124	0.00229	0.01836	0.00397	0.00407
7	0.00487	0.00386	0.00436	0.00430	0.00537	0.00337	0.00319	0.00611	0.00935	0.01204	0.31969	0.07936	0.49566	0.02545	0.00483	0.00132	0.00194	0.00779	0.00377	0.00335
8	0.00829	0.00804	0.01091	0.00910	0.00985	0.01029	0.00754	0.00932	0.00633	0.00995	0.00542	0.00829	0.00518	0.00586	0.01044	0.00143	0.67032	0.00312	0.00181	0.19850
9	0.01432	0.01827	0.01087	0.00988	0.01185	0.84986	0.00741	0.01531	0.01087	0.00938	0.00593	0.00691	0.00494	0.00395	0.00346	0.00099	0.00691	0.00247	0.00198	0.00444
10	0.01657	0.00656	0.00876	0.00678	0.00965	0.00581	0.00558	0.03638	0.03325	0.77344	0.01491	0.01304	0.00950	0.00474	0.00381	0.00118	0.00322	0.00385	0.03656	0.00641
11	0.01458	0.01074	0.01151	0.00882	0.01189	0.01189	0.00729	0.82855	0.01803	0.02416	0.00921	0.00921	0.00652	0.00460	0.00384	0.00115	0.00422	0.00345	0.00384	0.00652
12	0.00471	0.00389	0.00413	0.00407	0.00529	0.00331	0.00305	0.00584	0.00915	0.01134	0.19523	0.03529	0.68278	0.00934	0.00453	0.00128	0.00192	0.00787	0.00369	0.00331
13	0.00573	0.00410	0.00557	0.00638	0.00713	0.00401	0.00527	0.00718	0.00845	0.01105	0.02150	0.24074	0.07354	0.01076	0.00510	0.00167	0.00308	0.55449	0.02084	0.00341
14	0.01339	0.01487	0.01053	0.00926	0.01148	0.52745	0.00711	0.16318	0.17984	0.01341	0.00849	0.00883	0.00660	0.00432	0.00362	0.00108	0.00564	0.00303	0.00270	0.00515
15	0.08073	0.00674	0.00876	0.00677	0.00969	0.00608	0.00559	0.04767	0.01091	0.75399	0.01420	0.01241	0.00899	0.00465	0.00375	0.00119	0.00328	0.00371	0.00454	0.00635
16	0.00514	0.00391	0.00472	0.00452	0.00555	0.00349	0.00339	0.00667	0.01017	0.01375	0.57949	0.03132	0.29702	0.00845	0.00453	0.00123	0.00185	0.00731	0.00401	0.00349
17	0.82864	0.00753	0.00599	0.00526	0.00768	0.00866	0.00433	0.04701	0.00716	0.04163	0.00579	0.00656	0.00441	0.00364	0.00248	0.00118	0.00303	0.00219	0.00251	0.00432
18	0.01033	0.00509	0.00573	0.00493	0.00656	0.00502	0.00390	0.10677	0.00988	0.20672	0.01273	0.01341	0.00936	0.00455	0.00309	0.00099	0.00241	0.00362	0.58031	0.00460
19	0.00794	0.00486	0.00498	0.00469	0.00594	0.00518	0.00359	0.04106	0.18994	0.01503	0.01307	0.01411	0.01012	0.00463	0.00299	0.00099	0.00215	0.00374	0.66074	0.00423
20	0.89233	0.00741	0.00564	0.00504	0.00741	0.00860	0.00415	0.01127	0.00653	0.01720	0.00534	0.00623	0.00415	0.00356	0.00237	0.00119	0.00297	0.00208	0.00237	0.00415
21	0.00467	0.00334	0.00445	0.00534	0.00556	0.00311	0.00356	0.00534	0.00734	0.00979	0.02113	0.86275	0.02536	0.01201	0.00489	0.00156	0.00222	0.01090	0.00356	0.00311
22	0.00935	0.01036	0.02201	0.01576	0.01959	0.00982	0.78213	0.05735	0.00955	0.01294	0.00784	0.01028	0.00586	0.00331	0.00449	0.00128	0.00634	0.00447	0.00204	0.00525

[dist]
# distance from previous block
# <min> <max>
0	11

[block]
# block no. 3 follows, 71 sequences, length 82
# corresponding to MSA columns:
# 193-274
name=unknown_D
#
# <colnr> <probs for GDERKNQSTAVLIFYWHMCP>
#	G	D	E	R	K	N	Q	S	T	A	V	L	I	F	Y	W	H	M	C	P
0	0.00467	0.00334	0.00445	0.00534	0.00556	0.00311	0.00356	0.00534	0.00734	0.00979	0.02113	0.86275	0.02536	0.01201	0.00489	0.00156	0.00222	0.01090	0.00356	0.00311
1	0.00548	0.00411	0.00616	0.00616	0.00685	0.00479	0.00479	0.00685	0.00616	0.00890	0.01027	0.01506	0.00959	0.02876	0.85006	0.00616	0.01027	0.00411	0.00205	0.00342
2	0.01210	0.01336	0.01243	0.08717	0.13091	0.39888	0.06329	0.12179	0.04366	0.01228	0.00707	0.00850	0.00566	0.00414	0.00429	0.00114	0.06297	0.00309	0.00224	0.00503
3	0.00557	0.00375	0.00433	0.00433	0.00439	0.00380	0.00251	0.00567	0.00562	0.00755	0.01194	0.02432	0.01361	0.80106	0.08325	0.00390	0.00422	0.00546	0.00230	0.00241
4	0.89233	0.00741	0.00564	0.00504	0.00741	0.00860	0.00415	0.01127	0.00653	0.01720	0.00534	0.00623	0.00415	0.00356	0.00237	0.00119	0.00297	0.00208	0.00237	0.00415
5	0.00815	0.01659	0.56455	0.01271	0.01777	0.00917	0.29175	0.01219	0.00842	0.01219	0.00718	0.00886	0.00518	0.00350	0.00394	0.00124	0.00594	0.00341	0.00173	0.00550
6	0.00957	0.00792	0.00843	0.00756	0.00970	0.00903	0.00589	0.01950	0.75486	0.04865	0.03248	0.01538	0.04306	0.00540	0.00394	0.00129	0.00298	0.00451	0.00393	0.00593
7	0.00528	0.00391	0.00492	0.00467	0.00564	0.00355	0.00350	0.00694	0.01050	0.01453	0.70454	0.03003	0.17148	0.00815	0.00452	0.00122	0.00183	0.00713	0.00411	0.00355
8	0.01458	0.01074	0.01151	0.00882	0.01189	0.01189	0.00729	0.82855	0.01803	0.02416	0.00921	0.00921	0.00652	0.00460	0.00384	0.00115	0.00422	0.00345	0.00384	0.00652
9	0.00499	0.00398	0.00456	0.00485	0.00594	0.00354	0.00383	0.00617	0.00870	0.01072	0.05130	0.10710	0.54025	0.01009	0.00476	0.00144	0.00238	0.21853	0.00357	0.00331
10	0.00618	0.00473	0.00589	0.00504	0.00665	0.00404	0.00386	0.00796	0.00996	0.01453	0.58383	0.02243	0.02691	0.00634	0.00400	0.00102	0.00210	0.00553	0.02385	0.25513
11	0.00553	0.00378	0.00458	0.00467	0.00482	0.00388	0.00292	0.00585	0.00589	0.00795	0.01264	0.07363	0.01424	0.65285	0.14763	0.00390	0.00464	0.03562	0.00240	0.00259
12	0.00629	0.00346	0.00472	0.00472	0.00472	0.00346	0.00299	0.00519	0.00519	0.00692	0.00851	0.01624	0.00914	0.30411	0.01653	0.58646	0.00346	0.00410	0.00189	0.00189
13	0.00975	0.05580	0.09563	0.00814	0.01075	0.02785	0.00700	0.07161	0.62305	0.01557	0.01360	0.02392	0.01033	0.00496	0.00380	0.00125	0.00351	0.00405	0.00350	0.00592
14	0.03146	0.44826	0.32682	0.00817	0.01217	0.05008	0.00920	0.01160	0.00806	0.01048	0.00758	0.00842	0.04570	0.00377	0.00305	0.00101	0.00468	0.00266	0.00176	0.00508
15	0.01098	0.12025	0.04174	0.00815	0.01067	0.15173	0.00675	0.13986	0.41263	0.01495	0.01205	0.01167	0.03253	0.00473	0.00364	0.00116	0.00407	0.00365	0.00318	0.00562
16	0.00663	0.00335	0.00502	0.00502	0.00504	0.00337	0.00337	0.00504	0.00502	0.00671	0.00675	0.01174	0.00673	0.01369	0.03511	0.86719	0.00350	0.00335	0.00167	0.00171
17	0.00873	0.00870	0.01575	0.25392	0.41274	0.00916	0.18016	0.01123	0.00839	0.01159	0.00713	0.00983	0.00571	0.00362	0.00429	0.00123	0.03703	0.00364	0.00184	0.00531
18	0.00795	0.00681	0.00795	0.00568	0.00909	0.00511	0.00454	0.00965	0.00795	0.01249	0.00681	0.00795	0.00568	0.00284	0.00284	0.00057	0.00284	0.00227	0.00227	0.88869
19	0.01040	0.44371	0.21869	0.00839	0.01210	0.05085	0.02833	0.11987	0.02848	0.02304	0.00667	0.00748	0.00536	0.00369	0.00324	0.00101	0.01872	0.00260	0.00204	0.00533
20	0.01458	0.01074	0.01151	0.00882	0.01189	0.01189	0.00729	0.82855	0.01803	0.02416	0.00921	0.00921	0.00652	0.00460	0.00384	0.00115	0.00422	0.00345	0.00384	0.00652
21	0.00568	0.00374	0.00459	0.00459	0.00470	0.00385	0.00284	0.00572	0.00561	0.00759	0.01118	0.02197	0.01242	0.63462	0.15375	0.10270	0.00474	0.00509	0.00221	0.00243
22	0.00550	0.00399	0.00563	0.00565	0.00618	0.00447	0.00417	0.00657	0.00620	0.00884	0.03015	0.04195	0.01159	0.20707	0.61603	0.00532	0.00832	0.00468	0.01452	0.00318
23	0.05340	0.61061	0.13558	0.00765	0.03452	0.04966	0.00755	0.01152	0.00785	0.00993	0.00588	0.00727	0.00524	0.03561	0.00334	0.00102	0.00439	0.00235	0.00172	0.00490
24	0.00915	0.00877	0.01491	0.13851	0.70844	0.00909	0.01153	0.01143	0.00851	0.01207	0.00710	0.00956	0.00592	0.00355	0.00401	0.00117	0.02520	0.00341	0.00187	0.00578
25	0.00467	0.00389	0.00408	0.00403	0.00526	0.00330	0.00302	0.00577	0.00907	0.01114	0.16360	0.03561	0.71454	0.00942	0.00453	0.00128	0.00192	0.00791	0.00366	0.00330
26	0.00864	0.00673	0.03049	0.06336	0.20191	0.04191	0.00676	0.01968	0.00872	0.12060	0.02675	0.10255	0.13949	0.01945	0.00499	0.04746	0.01355	0.07382	0.05863	0.00450
27	0.06338	0.01296	0.35752	0.04366	0.14093	0.02627	0.04294	0.06382	0.00904	0.10763	0.00901	0.07528	0.00728	0.00449	0.00391	0.00123	0.01905	0.00375	0.00238	0.00547
28	0.01432	0.01827	0.01087	0.00988	0.01185	0.84986	0.00741	0.01531	0.01087	0.00938	0.00593	0.00691	0.00494	0.00395	0.00346	0.00099	0.00691	0.00247	0.00198	0.00444
29	0.00745	0.00647	0.01055	0.49547	0.14369	0.00744	0.00905	0.00962	0.00811	0.03883	0.08410	0.07163	0.01899	0.00634	0.05557	0.00157	0.01412	0.00436	0.00223	0.00441
30	0.00979	0.05260	0.08852	0.07504	0.29035	0.00958	0.16907	0.13523	0.01959	0.03189	0.01740	0.04498	0.00710	0.00414	0.00416	0.00121	0.02760	0.00388	0.00232	0.00555
31	0.00799	0.00752	0.00875	0.31942	0.01478	0.12294	0.00718	0.03081	0.01833	0.04094	0.01554	0.12202	0.17075	0.00651	0.00467	0.00131	0.05929	0.03458	0.00259	0.00408
32	0.80226	0.04727	0.00659	0.00539	0.00778	0.05665	0.00445	0.01151	0.00683	0.01639	0.00537	0.00626	0.00423	0.00357	0.00244	0.00116	0.00324	0.00210	0.00232	0.00420
33	0.00503	0.00363	0.00498	0.00573	0.00610	0.00345	0.01489	0.00589	0.00754	0.01001	0.02041	0.67275	0.02403	0.04940	0.00561	0.00169	0.00257	0.14964	0.00348	0.00318
34	0.00839	0.00839	0.01174	0.01007	0.01007	0.01174	0.00839	0.00923	0.00587	0.00923	0.00503	0.00839	0.00503	0.00671	0.01258	0.00168	0.85823	0.00336	0.00168	0.00419
35	0.00965	0.00829	0.00873	0.00783	0.01001	0.00959	0.00610	0.03886	0.81573	0.01623	0.01546	0.01419	0.01159	0.00519	0.00390	0.00130	0.00306	0.00431	0.00390	0.00608
36	0.00467	0.00334	0.00445	0.00534	0.00556	0.00311	0.00356	0.00534	0.00734	0.00979	0.02113	0.86275	0.02536	0.01201	0.00489	0.00156	0.00222	0.01090	0.00356	0.00311
37	0.00654	0.00367	0.00405	0.00404	0.00491	0.00357	0.00303	0.00826	0.00871	0.01418	0.20965	0.05968	0.03684	0.00589	0.00332	0.00103	0.00185	0.02223	0.59501	0.00355
38	0.00467	0.00334	0.00445	0.00534	0.00556	0.00311	0.00356	0.00534	0.00734	0.00979	0.02113	0.86275	0.02536	0.01201	0.00489	0.00156	0.00222	0.01090	0.00356	0.00311
39	0.00467	0.00334	0.00445	0.00534	0.00556	0.00311	0.00356	0.00534	0.00734	0.00979	0.02113	0.86275	0.02536	0.01201	0.00489	0.00156	0.00222	0.01090	0.00356	0.00311
40	0.01025	0.86756	0.02009	0.00656	0.00984	0.01517	0.00656	0.01148	0.00779	0.00902	0.00533	0.00615	0.00492	0.00328	0.00246	0.00082	0.00410	0.00205	0.00164	0.00492
41	0.00453	0.00388	0.00388	0.00388	0.00518	0.00324	0.00291	0.00550	0.00874	0.01036	0.03884	0.03690	0.83978	0.00971	0.00453	0.00129	0.00194	0.00809	0.00356	0.00324
42	0.00935	0.00905	0.01566	0.06643	0.76277	0.00911	0.04771	0.01169	0.00869	0.01237	0.00722	0.00957	0.00601	0.00343	0.00383	0.00115	0.00467	0.00346	0.00189	0.00594
43	0.00572	0.00427	0.00537	0.00514	0.00616	0.00409	0.00393	0.00813	0.07179	0.01474	0.65377	0.02931	0.09723	0.00800	0.00453	0.00126	0.00204	0.06666	0.00409	0.00376
44	0.00943	0.00905	0.01545	0.04575	0.81959	0.00909	0.01174	0.01171	0.00870	0.01245	0.00720	0.00951	0.00605	0.00343	0.00380	0.00114	0.00457	0.00342	0.00189	0.00602
45	0.00769	0.01983	0.84538	0.01093	0.01659	0.00890	0.01417	0.01214	0.00810	0.01214	0.00688	0.00810	0.00486	0.00364	0.00364	0.00121	0.00567	0.00283	0.00162	0.00567
46	0.00871	0.00919	0.01783	0.03282	0.05084	0.00832	0.53655	0.01144	0.00869	0.01230	0.00744	0.00961	0.00577	0.00314	0.00399	0.00108	0.00530	0.00380	0.00203	0.26117
47	0.01257	0.02944	0.01062	0.00840	0.01112	0.02244	0.00681	0.49379	0.32590	0.02055	0.01149	0.01103	0.00842	0.00479	0.00382	0.00120	0.00381	0.00374	0.00379	0.00629
48	0.00534	0.00482	0.05072	0.00519	0.00635	0.00385	0.00407	0.00659	0.02203	0.01090	0.13499	0.29074	0.27031	0.03038	0.02607	0.04844	0.00262	0.01542	0.00330	0.05787
49	0.00804	0.03055	0.77769	0.01130	0.05149	0.00892	0.01375	0.01228	0.00819	0.03311	0.00708	0.00825	0.00503	0.00366	0.00364	0.00120	0.00554	0.00287	0.00171	0.00570
50	0.01446	0.01599	0.01099	0.00953	0.01182	0.60693	0.00734	0.23246	0.01278	0.03236	0.00701	0.00767	0.00546	0.00414	0.00357	0.00104	0.00611	0.00276	0.00254	0.00505
51	0.00527	0.00386	0.00508	0.00583	0.00648	0.00367	0.00454	0.00643	0.00816	0.01056	0.02339	0.40531	0.14357	0.01109	0.00501	0.00160	0.00272	0.34058	0.00355	0.00330
52	0.00987	0.00571	0.00713	0.00664	0.00845	0.00559	0.00548	0.03255	0.14577	0.25528	0.02057	0.04382	0.14031	0.00775	0.00449	0.00143	0.00312	0.28723	0.00396	0.00484
53	0.00825	0.00784	0.01332	0.48281	0.39175	0.00878	0.01115	0.01068	0.00814	0.01102	0.00699	0.00989	0.00554	0.00365	0.00382	0.00122	0.00486	0.00341	0.00179	0.00507
54	0.59953	0.00854	0.00857	0.02254	0.21830	0.06346	0.00638	0.01164	0.00738	0.01541	0.00587	0.00715	0.00470	0.00355	0.00282	0.00116	0.00366	0.00246	0.00222	0.00466
55	0.00798	0.00757	0.01234	0.54285	0.26304	0.02047	0.01052	0.01063	0.03022	0.01099	0.04163	0.01083	0.00685	0.00392	0.00385	0.00123	0.00478	0.00357	0.00193	0.00481
56	0.00816	0.02185	0.01209	0.17027	0.44710	0.03833	0.00934	0.01006	0.00831	0.01125	0.01058	0.18175	0.02873	0.00537	0.00399	0.00123	0.00418	0.00495	0.00224	0.02023
57	0.00582	0.00778	0.18748	0.00622	0.00858	0.00498	0.04396	0.00797	0.02664	0.02339	0.12265	0.02763	0.49695	0.00771	0.00431	0.00127	0.00299	0.00651	0.00317	0.00401
58	0.00549	0.00404	0.00581	0.00581	0.00638	0.00460	0.00436	0.00662	0.00606	0.00864	0.01059	0.01683	0.01035	0.17587	0.70399	0.00573	0.00912	0.00437	0.00210	0.00323
59	0.00733	0.01628	0.64631	0.01018	0.01476	0.00792	0.03580	0.01113	0.00820	0.01192	0.00975	0.05869	0.00865	0.00516	0.00399	0.00132	0.00517	0.13021	0.00203	0.00518
60	0.00804	0.04246	0.00850	0.01760	0.00936	0.00558	0.00471	0.00973	0.00794	0.01231	0.00675	0.00791	0.00564	0.00287	0.00284	0.00059	0.00292	0.00228	0.00224	0.83973
61	0.00875	0.00741	0.02893	0.00610	0.00950	0.00576	0.00503	0.06258	0.02870	0.04408	0.00749	0.00838	0.00600	0.00310	0.00299	0.00066	0.00302	0.00247	0.00249	0.75657
62	0.00746	0.00710	0.01210	0.76127	0.07546	0.00866	0.03601	0.00998	0.00774	0.01003	0.00683	0.01014	0.00519	0.00385	0.00404	0.00128	0.02330	0.00344	0.00172	0.00440
63	0.00552	0.00393	0.00524	0.00524	0.00561	0.00429	0.00365	0.00626	0.00589	0.00822	0.01111	0.01972	0.01161	0.41699	0.46459	0.00503	0.00723	0.00479	0.00218	0.00291
64	0.00626	0.00461	0.00676	0.00737	0.00835	0.00459	0.03651	0.00806	0.00881	0.01147	0.01985	0.05648	0.02152	0.01034	0.00526	0.00174	0.00362	0.77134	0.00347	0.00358
65	0.01234	0.02976	0.03488	0.00906	0.04200	0.04053	0.00722	0.44779	0.29955	0.01971	0.01108	0.01080	0.00816	0.00469	0.00381	0.00119	0.00396	0.00367	0.00361	0.00621
66	0.00653	0.00448	0.00524	0.00486	0.00604	0.01852	0.00369	0.01966	0.02930	0.06562	0.50864	0.02684	0.18332	0.00749	0.00426	0.00119	0.00207	0.00644	0.09197	0.00383
67	0.01463	0.01090	0.03032	0.00955	0.06967	0.17409	0.02136	0.30651	0.01316	0.28037	0.01018	0.00997	0.00706	0.00436	0.00375	0.00112	0.00452	0.00337	0.00351	0.02159
68	0.00857	0.06463	0.23226	0.01272	0.02455	0.00940	0.42040	0.01266	0.09624	0.01243	0.02927	0.04278	0.00763	0.00400	0.00411	0.00125	0.00545	0.00421	0.00216	0.00527
69	0.03348	0.00585	0.00757	0.00602	0.00848	0.00521	0.00490	0.01622	0.01019	0.63009	0.01430	0.01320	0.00946	0.00465	0.00355	0.00112	0.00291	0.00375	0.21330	0.00578
70	0.01408	0.00599	0.00770	0.00614	0.00855	0.00543	0.00499	0.06339	0.01080	0.56646	0.07445	0.01476	0.03183	0.00503	0.00371	0.00114	0.00292	0.00411	0.16283	0.00570
71	0.02040	0.13152	0.18082	0.04441	0.07744	0.01039	0.21832	0.15624	0.04780	0.03202	0.00854	0.00977	0.02387	0.00392	0.00391	0.00118	0.01809	0.00353	0.00234	0.00551
72	0.00905	0.01034	0.02262	0.01616	0.02004	0.00970	0.82741	0.01228	0.00905	0.01228	0.00776	0.01034	0.00582	0.00323	0.00452	0.00129	0.00646	0.00452	0.00194	0.00517
73	0.00489	0.00352	0.00469	0.00554	0.00590	0.00331	0.00393	0.00573	0.00761	0.01006	0.02166	0.71030	0.05460	0.01172	0.00494	0.00158	0.00241	0.13087	0.00355	0.00318
74	0.00513	0.00357	0.00467	0.00533	0.00579	0.00330	0.00372	0.00599	0.00790	0.03142	0.08590	0.66508	0.08712	0.01125	0.00484	0.00151	0.00228	0.05829	0.00364	0.00327
75	0.00863	0.04190	0.52285	0.01242	0.06687	0.00925	0.18899	0.02516	0.03914	0.03753	0.00765	0.00900	0.00556	0.00363	0.00383	0.00122	0.00553	0.00331	0.00192	0.00562
76	0.00519	0.00427	0.00454	0.00441	0.00569	0.00384	0.00332	0.02560	0.05365	0.01182	0.17250	0.05448	0.61891	0.00909	0.00449	0.00128	0.00204	0.00766	0.00370	0.00353
77	0.00672	0.02119	0.28078	0.00686	0.00966	0.00575	0.00718	0.02916	0.00905	0.03972	0.16735	0.05589	0.24446	0.00710	0.01992	0.00132	0.00351	0.02507	0.01912	0.04019
78	0.00949	0.08981	0.39481	0.02318	0.07652	0.05823	0.12906	0.04233	0.00884	0.06623	0.00758	0.02127	0.00577	0.00393	0.00414	0.00120	0.04686	0.00327	0.00203	0.00545
79	0.01054	0.05599	0.12411	0.12423	0.13035	0.21436	0.02514	0.07133	0.07969	0.04902	0.01684	0.03764	0.01705	0.00447	0.00374	0.00116	0.00501	0.02177	0.00241	0.00515
80	0.00811	0.00785	0.01277	0.43511	0.25774	0.03266	0.06458	0.01068	0.03027	0.01101	0.01944	0.03834	0.02165	0.00429	0.00403	0.00125	0.01343	0.01995	0.00200	0.00482
81	0.11277	0.04732	0.03666	0.17234	0.15779	0.08345	0.11662	0.03902	0.02500	0.08358	0.02196	0.01040	0.00674	0.00394	0.00365	0.00116	0.00465	0.02295	0.00235	0.04766

[dist]
# distance from previous block
# <min> <max>
6	56

[block]
# block no. 4 follows, 71 sequences, length 40
# corresponding to MSA columns:
# 332-342,357-371,412-415,419-428
name=unknown_E
#
# <colnr> <probs for GDERKNQSTAVLIFYWHMCP>
#	G	D	E	R	K	N	Q	S	T	A	V	L	I	F	Y	W	H	M	C	P
0	0.01093	0.00899	0.00952	0.00841	0.03222	0.02493	0.00648	0.23976	0.55303	0.01799	0.01339	0.01266	0.00997	0.00495	0.00384	0.00124	0.00343	0.00402	0.02815	0.00609
1	0.00592	0.00507	0.03089	0.00640	0.04237	0.00428	0.00468	0.00749	0.03096	0.01142	0.10031	0.38898	0.08661	0.00875	0.00437	0.00130	0.00262	0.08413	0.00326	0.17018
2	0.04747	0.00470	0.00554	0.00483	0.00643	0.00442	0.00380	0.01166	0.00933	0.26805	0.14254	0.01638	0.03474	0.00517	0.00336	0.00105	0.00230	0.00424	0.41950	0.00450
3	0.00548	0.00396	0.00496	0.00468	0.00570	0.00358	0.00352	0.00712	0.01045	0.03020	0.67095	0.02992	0.18893	0.00814	0.00451	0.00122	0.00186	0.00710	0.00410	0.00360
4	0.64206	0.00734	0.00668	0.00564	0.00818	0.00802	0.00465	0.04763	0.00810	0.21889	0.00789	0.00802	0.00555	0.00389	0.00280	0.00118	0.00309	0.00257	0.00301	0.00483
5	0.00634	0.00392	0.00502	0.00516	0.00602	0.00355	0.00371	0.00741	0.00873	0.11018	0.19601	0.44904	0.14493	0.00979	0.00460	0.00139	0.00221	0.00868	0.01965	0.00365
6	0.04655	0.00765	0.00946	0.00728	0.01025	0.00736	0.00601	0.22834	0.01265	0.60313	0.01326	0.01182	0.00854	0.00467	0.00380	0.00118	0.00350	0.00369	0.00443	0.00644
7	0.00724	0.00668	0.01117	0.82000	0.02548	0.00831	0.01031	0.00976	0.00768	0.00999	0.00706	0.01039	0.00531	0.00386	0.00378	0.00126	0.00497	0.00341	0.03911	0.00423
8	0.00513	0.00378	0.00481	0.00490	0.00568	0.00346	0.00359	0.00652	0.00957	0.01308	0.48544	0.24697	0.14658	0.00928	0.00465	0.00133	0.00199	0.03587	0.00393	0.00343
9	0.89233	0.00741	0.00564	0.00504	0.00741	0.00860	0.00415	0.01127	0.00653	0.01720	0.00534	0.00623	0.00415	0.00356	0.00237	0.00119	0.00297	0.00208	0.00237	0.00415
10	0.01389	0.00802	0.00977	0.00772	0.01017	0.00838	0.01893	0.34183	0.04080	0.31681	0.01107	0.01111	0.00775	0.00579	0.00562	0.10489	0.05037	0.00363	0.01775	0.00574
11	0.00994	0.34777	0.15790	0.00727	0.01079	0.02283	0.00726	0.05281	0.02389	0.08399	0.01812	0.03526	0.00672	0.00382	0.00308	0.00092	0.00396	0.00285	0.00229	0.19852
12	0.03411	0.38316	0.05819	0.02894	0.01101	0.11034	0.00704	0.09221	0.19551	0.03249	0.00844	0.00874	0.00670	0.00399	0.00316	0.00103	0.00426	0.00287	0.00249	0.00532
13	0.00899	0.01075	0.05807	0.01593	0.01989	0.00966	0.79237	0.01228	0.00901	0.01228	0.00772	0.01025	0.00578	0.00325	0.00449	0.00129	0.00643	0.00445	0.00193	0.00519
14	0.00901	0.00896	0.03990	0.08618	0.36473	0.00884	0.18105	0.05919	0.06737	0.01312	0.04674	0.04716	0.00856	0.00427	0.00423	0.00123	0.02455	0.00418	0.01533	0.00543
15	0.00481	0.00384	0.00412	0.00421	0.00519	0.00336	0.00303	0.00567	0.00822	0.01011	0.06605	0.10051	0.57969	0.14394	0.00694	0.00171	0.00230	0.03978	0.00339	0.00311
16	0.00874	0.00614	0.00882	0.04678	0.21510	0.00604	0.00638	0.05865	0.02432	0.12969	0.31085	0.04076	0.05392	0.04936	0.00491	0.00132	0.00311	0.00527	0.01506	0.00478
17	0.01258	0.00634	0.00797	0.00649	0.00869	0.00614	0.00521	0.14651	0.03341	0.39991	0.17157	0.01602	0.01434	0.03262	0.06493	0.00160	0.00357	0.00445	0.05220	0.00545
18	0.59585	0.00669	0.00580	0.00515	0.00729	0.00746	0.00420	0.03666	0.01971	0.08860	0.00814	0.00947	0.00629	0.00407	0.00270	0.00115	0.00284	0.02501	0.15856	0.00434
19	0.01099	0.00882	0.00954	0.00822	0.02568	0.00982	0.00641	0.24220	0.52559	0.03540	0.01313	0.01239	0.00975	0.00485	0.00381	0.00121	0.00338	0.00394	0.00376	0.06112
20	0.00471	0.00345	0.00444	0.00522	0.00560	0.00318	0.00357	0.00546	0.00757	0.00992	0.02335	0.72741	0.12885	0.01167	0.00486	0.00153	0.00224	0.04027	0.00356	0.00315
21	0.03365	0.01180	0.19047	0.08186	0.20133	0.06298	0.18490	0.06256	0.02842	0.03841	0.00786	0.02272	0.00615	0.00433	0.01881	0.00131	0.03135	0.00360	0.00213	0.00538
22	0.00885	0.05654	0.50754	0.01221	0.06492	0.00919	0.18335	0.02870	0.00865	0.05993	0.00758	0.00897	0.00550	0.00398	0.01643	0.00128	0.00560	0.00327	0.00193	0.00558
23	0.00528	0.00377	0.00514	0.00603	0.00652	0.00364	0.00461	0.00638	0.00794	0.01046	0.02080	0.53386	0.02404	0.01144	0.00506	0.00164	0.00275	0.33382	0.00355	0.00328
24	0.01147	0.00735	0.00945	0.04312	0.06715	0.00756	0.04099	0.23378	0.07480	0.19689	0.12000	0.03963	0.01230	0.00514	0.00385	0.00117	0.00340	0.00434	0.11215	0.00546
25	0.02445	0.07835	0.19082	0.02061	0.04899	0.15346	0.07050	0.14695	0.14011	0.01399	0.01013	0.01132	0.04226	0.00448	0.00373	0.00117	0.00486	0.02584	0.00259	0.00538
26	0.00698	0.00482	0.00625	0.00577	0.00686	0.00504	0.01847	0.03168	0.07352	0.05260	0.29872	0.03299	0.02993	0.04772	0.18112	0.00234	0.03340	0.02880	0.12901	0.00396
27	0.01007	0.68416	0.15233	0.00743	0.01104	0.04956	0.00783	0.02223	0.00810	0.00973	0.00565	0.00653	0.00493	0.00338	0.00271	0.00089	0.00447	0.00221	0.00168	0.00504
28	0.00705	0.00464	0.00581	0.00596	0.00685	0.00455	0.00443	0.09791	0.00898	0.07621	0.01936	0.46112	0.06046	0.07803	0.00591	0.00168	0.00284	0.14087	0.00358	0.00377
29	0.87250	0.00769	0.02446	0.00517	0.00762	0.00861	0.00438	0.01129	0.00656	0.01709	0.00537	0.00627	0.00417	0.00356	0.00240	0.00119	0.00303	0.00209	0.00236	0.00419
30	0.18827	0.02303	0.23382	0.01873	0.08091	0.00750	0.02616	0.01152	0.00799	0.06932	0.00713	0.00817	0.00542	0.00341	0.00315	0.00098	0.00392	0.00265	0.00223	0.29569
31	0.00791	0.00679	0.00815	0.00640	0.04428	0.00522	0.00481	0.00964	0.00811	0.01262	0.04202	0.00889	0.00699	0.00308	0.00295	0.00062	0.00287	0.00252	0.00234	0.81380
32	0.00467	0.00334	0.00445	0.00534	0.00556	0.00311	0.00356	0.00534	0.00734	0.00979	0.02113	0.86275	0.02536	0.01201	0.00489	0.00156	0.00222	0.01090	0.00356	0.00311
