[name]
unknown

[dist]
# distance from previous block
# <min> <max>
7	46

[block]
# block no. 0 follows, 82 sequences, length 11
# corresponding to MSA columns:
# 49-59
name=unknown_A
#
# <colnr> <probs for GDERKNQSTAVLIFYWHMCP>
#	G	D	E	R	K	N	Q	S	T	A	V	L	I	F	Y	W	H	M	C	P
0	0.00955	0.00820	0.01323	0.01697	0.57170	0.02969	0.09271	0.04998	0.05199	0.11054	0.00774	0.00906	0.00600	0.00331	0.00346	0.00104	0.00407	0.00321	0.00217	0.00537
1	0.11482	0.00682	0.01003	0.00778	0.01010	0.03962	0.21499	0.03108	0.05023	0.26884	0.19618	0.01315	0.01221	0.00437	0.00355	0.00108	0.00344	0.00397	0.00310	0.00461
2	0.00805	0.00890	0.01875	0.05955	0.14137	0.00852	0.68045	0.01078	0.00797	0.01088	0.00681	0.00911	0.00519	0.00294	0.00391	0.00113	0.00546	0.00384	0.00171	0.00469
3	0.02968	0.00821	0.06251	0.12923	0.57202	0.00776	0.03811	0.01087	0.00778	0.09073	0.00701	0.00873	0.00548	0.00322	0.00338	0.00105	0.00410	0.00306	0.00191	0.00516
4	0.00704	0.00709	0.08057	0.00881	0.01086	0.00617	0.32417	0.00910	0.03977	0.05914	0.00897	0.01379	0.00812	0.26013	0.13871	0.00243	0.00523	0.00409	0.00204	0.00378
5	0.00425	0.00347	0.00376	0.00369	0.00475	0.00298	0.00276	0.00532	0.00829	0.01042	0.25168	0.03097	0.63929	0.00822	0.00404	0.00113	0.00170	0.00695	0.00333	0.00298
6	0.03607	0.00873	0.06486	0.01113	0.20249	0.08294	0.12203	0.05925	0.02223	0.34157	0.00929	0.00950	0.00647	0.00363	0.00343	0.00105	0.00402	0.00321	0.00281	0.00529
7	0.00821	0.00806	0.01535	0.08168	0.04508	0.03263	0.50190	0.01060	0.02202	0.07396	0.00863	0.07822	0.00735	0.00412	0.00434	0.00119	0.05350	0.03666	0.00208	0.00441
8	0.00527	0.00357	0.00460	0.00470	0.00551	0.00328	0.00357	0.00650	0.00837	0.06091	0.35227	0.23605	0.15010	0.00836	0.00419	0.00124	0.00203	0.13281	0.00347	0.00321
9	0.00838	0.01047	0.17600	0.03652	0.12570	0.04200	0.31963	0.03688	0.15677	0.02738	0.00797	0.00923	0.00600	0.00343	0.00373	0.00111	0.01835	0.00343	0.00207	0.00494
10	0.01165	0.00823	0.01155	0.00989	0.09123	0.08187	0.17830	0.09071	0.07441	0.32589	0.00964	0.00983	0.00677	0.00394	0.00411	0.00110	0.06939	0.00338	0.00293	0.00519

[dist]
# distance from previous block
# <min> <max>
20	30

[block]
# block no. 1 follows, 82 sequences, length 8
# corresponding to MSA columns:
# 91-98
name=unknown_B
#
# <colnr> <probs for GDERKNQSTAVLIFYWHMCP>
#	G	D	E	R	K	N	Q	S	T	A	V	L	I	F	Y	W	H	M	C	P
0	0.01044	0.05142	0.34669	0.06441	0.06738	0.00707	0.03781	0.01296	0.00827	0.34642	0.00902	0.00916	0.00608	0.00361	0.00332	0.00106	0.00407	0.00297	0.00258	0.00525
1	0.00766	0.04846	0.11766	0.13477	0.23820	0.00701	0.12046	0.00969	0.00750	0.08087	0.00944	0.18494	0.00883	0.00475	0.00361	0.00113	0.00395	0.00445	0.00214	0.00448
2	0.00868	0.09158	0.13386	0.11795	0.28120	0.00767	0.06093	0.02666	0.00785	0.13199	0.00847	0.09292	0.00716	0.00403	0.00340	0.00106	0.00396	0.00362	0.00216	0.00483
3	0.00725	0.15836	0.62625	0.07575	0.01461	0.00886	0.04249	0.01058	0.00718	0.01022	0.00594	0.00716	0.00439	0.00320	0.00312	0.00103	0.00481	0.00251	0.00146	0.00483
4	0.00704	0.00518	0.04338	0.09849	0.02368	0.02458	0.00513	0.00866	0.04327	0.14864	0.04028	0.32736	0.05615	0.03297	0.00438	0.00133	0.00289	0.11984	0.00303	0.00372
5	0.01178	0.05940	0.06373	0.09828	0.02841	0.25037	0.04079	0.01329	0.00887	0.32908	0.00930	0.03934	0.00694	0.00406	0.00334	0.00102	0.00430	0.02027	0.00270	0.00474
6	0.00937	0.13685	0.23386	0.00804	0.05971	0.04862	0.02374	0.04090	0.00823	0.21213	0.01044	0.12058	0.02357	0.00480	0.00339	0.00108	0.00377	0.04367	0.00255	0.00471
7	0.00448	0.00332	0.00429	0.00480	0.00534	0.00301	0.00337	0.00524	0.00678	0.00907	0.01898	0.68595	0.08267	0.00984	0.00423	0.00132	0.00209	0.07006	0.00308	0.07206

[dist]
# distance from previous block
# <min> <max>
5	7

[block]
# block no. 2 follows, 82 sequences, length 51
# corresponding to MSA columns:
# 107-157
name=unknown_C
#
# <colnr> <probs for GDERKNQSTAVLIFYWHMCP>
#	G	D	E	R	K	N	Q	S	T	A	V	L	I	F	Y	W	H	M	C	P
0	0.00801	0.00889	0.01811	0.01297	0.01634	0.02263	0.71007	0.01066	0.00796	0.01094	0.00677	0.00887	0.00516	0.00284	0.00380	0.00106	0.00531	0.00372	0.00177	0.13411
1	0.00837	0.00796	0.01346	0.10197	0.76106	0.00813	0.01032	0.02773	0.00787	0.01116	0.00644	0.00852	0.00534	0.00311	0.00339	0.00103	0.00410	0.00305	0.00171	0.00527
2	0.00486	0.00350	0.00432	0.00413	0.00502	0.00317	0.00309	0.00628	0.00909	0.02579	0.61181	0.05708	0.20558	0.00734	0.00399	0.00109	0.00167	0.00639	0.03260	0.00318
3	0.03840	0.03521	0.12945	0.08454	0.06508	0.00681	0.00667	0.12578	0.00868	0.12356	0.00729	0.00803	0.00542	0.00322	0.00299	0.00085	0.00343	0.00257	0.00234	0.33967
4	0.00828	0.00584	0.00874	0.04713	0.32459	0.00584	0.00620	0.02671	0.00714	0.15116	0.00926	0.01431	0.00856	0.33791	0.00887	0.00191	0.01729	0.00385	0.00229	0.00412
5	0.83825	0.07087	0.00597	0.00460	0.00677	0.00810	0.00386	0.01007	0.00590	0.01481	0.00476	0.00555	0.00375	0.00316	0.00212	0.00103	0.00272	0.00185	0.00207	0.00375
6	0.00696	0.00442	0.00549	0.00492	0.00620	0.00426	0.00379	0.00967	0.13299	0.14443	0.55795	0.02193	0.07058	0.00631	0.00386	0.00109	0.00198	0.00548	0.00376	0.00393
7	0.00915	0.88184	0.01793	0.00585	0.00878	0.01354	0.00585	0.01024	0.00695	0.00805	0.00476	0.00549	0.00439	0.00293	0.00219	0.00073	0.00366	0.00183	0.00146	0.00439
8	0.00735	0.00607	0.00712	0.00510	0.00813	0.00457	0.00408	0.00886	0.00718	0.03721	0.00631	0.00723	0.00517	0.00259	0.00256	0.00052	0.00254	0.00207	0.00209	0.87324
9	0.00847	0.00813	0.01388	0.02100	0.85844	0.00813	0.01050	0.01050	0.00779	0.01118	0.00643	0.00847	0.00542	0.00305	0.00339	0.00102	0.00406	0.00305	0.00169	0.00542
10	0.01101	0.00859	0.00914	0.00747	0.00985	0.00968	0.00602	0.47953	0.38684	0.01834	0.01074	0.01023	0.00787	0.00434	0.00345	0.00109	0.00330	0.00343	0.00345	0.00564
11	0.00475	0.00348	0.00446	0.00429	0.00509	0.00319	0.00321	0.00625	0.00934	0.01304	0.73212	0.06654	0.10317	0.00735	0.00406	0.00111	0.00167	0.02003	0.00368	0.00318
12	0.00473	0.00348	0.00446	0.00477	0.00531	0.00336	0.00336	0.00635	0.07117	0.01086	0.30609	0.52009	0.02502	0.00898	0.00419	0.00126	0.00191	0.00807	0.00340	0.00313
13	0.00638	0.00319	0.00319	0.00319	0.00399	0.00319	0.00239	0.00797	0.00717	0.01275	0.01116	0.01275	0.00877	0.00399	0.00239	0.00080	0.00159	0.00319	0.89877	0.00319
14	0.01111	0.00613	0.04954	0.00662	0.00895	0.00509	0.09113	0.02083	0.01776	0.48097	0.16051	0.05119	0.06439	0.00507	0.00367	0.00109	0.00298	0.00443	0.00364	0.00490
15	0.00514	0.00368	0.00409	0.00420	0.00435	0.02613	0.00262	0.00537	0.00548	0.00718	0.01189	0.10331	0.01361	0.68532	0.03929	0.00300	0.00342	0.06734	0.00224	0.00230
16	0.00503	0.00335	0.00411	0.00411	0.00422	0.00347	0.00254	0.00514	0.00503	0.00682	0.01012	0.01984	0.01124	0.65794	0.17276	0.07112	0.00436	0.00458	0.00198	0.00221
17	0.00841	0.00807	0.01379	0.04435	0.83552	0.00811	0.01047	0.01045	0.00776	0.01111	0.00642	0.00848	0.00539	0.00306	0.00339	0.00102	0.00408	0.00305	0.00169	0.00537
18	0.00833	0.00778	0.01485	0.01293	0.16090	0.01944	0.45101	0.01065	0.02038	0.09491	0.01026	0.08217	0.04620	0.00426	0.00390	0.00115	0.00455	0.03951	0.00224	0.00459
19	0.90395	0.00662	0.00503	0.00450	0.00662	0.00767	0.00370	0.01006	0.00582	0.01535	0.00476	0.00556	0.00370	0.00318	0.00212	0.00106	0.00265	0.00185	0.00212	0.00370
20	0.00874	0.00958	0.01126	0.07408	0.01206	0.25314	0.21595	0.04196	0.05817	0.01026	0.05444	0.09873	0.02705	0.00483	0.00439	0.00113	0.08697	0.02102	0.00218	0.00405
21	0.00638	0.00319	0.00319	0.00319	0.00399	0.00319	0.00239	0.00797	0.00717	0.01275	0.01116	0.01275	0.00877	0.00399	0.00239	0.00080	0.00159	0.00319	0.89877	0.00319
22	0.05509	0.08674	0.19750	0.00814	0.03288	0.15340	0.00744	0.05509	0.22995	0.07628	0.00842	0.00870	0.00635	0.00390	0.00363	0.00106	0.05531	0.00287	0.00239	0.00487
23	0.00847	0.00813	0.01388	0.02100	0.85844	0.00813	0.01050	0.01050	0.00779	0.01118	0.00643	0.00847	0.00542	0.00305	0.00339	0.00102	0.00406	0.00305	0.00169	0.00542
24	0.90395	0.00662	0.00503	0.00450	0.00662	0.00767	0.00370	0.01006	0.00582	0.01535	0.00476	0.00556	0.00370	0.00318	0.00212	0.00106	0.00265	0.00185	0.00212	0.00370
25	0.01015	0.32207	0.04844	0.08492	0.11360	0.07386	0.00685	0.04693	0.04028	0.16327	0.00731	0.00788	0.00559	0.00337	0.00290	0.00090	0.00381	0.00257	0.00221	0.05310
26	0.00822	0.00799	0.01307	0.18222	0.67354	0.03462	0.01019	0.01026	0.00767	0.01063	0.00633	0.00852	0.00522	0.00313	0.00338	0.00104	0.00422	0.00302	0.00166	0.00507
27	0.00638	0.00319	0.00319	0.00319	0.00399	0.00319	0.00239	0.00797	0.00717	0.01275	0.01116	0.01275	0.00877	0.00399	0.00239	0.00080	0.00159	0.00319	0.89877	0.00319
28	0.00840	0.00806	0.01377	0.04709	0.83283	0.00811	0.01047	0.01044	0.00776	0.01110	0.00642	0.00849	0.00539	0.00306	0.00339	0.00102	0.00408	0.00305	0.00169	0.00537
29	0.00497	0.00334	0.00386	0.00386	0.00391	0.00339	0.00224	0.00506	0.00501	0.00673	0.01066	0.02171	0.01214	0.81561	0.08119	0.00348	0.00376	0.00488	0.00205	0.00215
30	0.07994	0.00936	0.00987	0.00762	0.01031	0.01039	0.00629	0.78415	0.01531	0.02109	0.00795	0.00801	0.00566	0.00404	0.00332	0.00103	0.00368	0.00299	0.00332	0.00566
31	0.00748	0.00748	0.01048	0.00898	0.00898	0.01048	0.00748	0.00823	0.00524	0.00823	0.00449	0.00748	0.00449	0.00599	0.01123	0.00150	0.87352	0.00299	0.00150	0.00374
32	0.00944	0.81630	0.01735	0.00600	0.00892	0.01332	0.00590	0.07311	0.00764	0.00906	0.00502	0.00569	0.00450	0.00302	0.00229	0.00075	0.00367	0.00192	0.00161	0.00450
33	0.00505	0.03649	0.00510	0.00505	0.00573	0.03621	0.00359	0.00582	0.00683	0.00906	0.02642	0.67757	0.01942	0.00921	0.00406	0.00126	0.00231	0.04132	0.00294	0.09657
34	0.01192	0.09454	0.04928	0.00772	0.01012	0.30318	0.00641	0.21486	0.13377	0.12260	0.00830	0.00831	0.00615	0.00385	0.00319	0.00097	0.00437	0.00280	0.00269	0.00495
35	0.00565	0.00395	0.00536	0.00537	0.04145	0.00361	0.02524	0.00701	0.00873	0.07557	0.44258	0.14352	0.17692	0.00742	0.00403	0.00115	0.00204	0.03353	0.00345	0.00342
36	0.29432	0.04728	0.48630	0.00772	0.01157	0.00789	0.01881	0.01096	0.00695	0.07050	0.00616	0.00695	0.00443	0.00328	0.00287	0.00106	0.00409	0.00236	0.00185	0.00464
37	0.00668	0.00647	0.01098	0.79501	0.02294	0.02123	0.07087	0.00898	0.00698	0.00890	0.00613	0.00908	0.00460	0.00338	0.00346	0.00114	0.00467	0.00310	0.00154	0.00386
38	0.00819	0.00784	0.01338	0.13926	0.74236	0.00805	0.01036	0.01025	0.00766	0.01084	0.00639	0.00856	0.00530	0.00310	0.00339	0.00103	0.00413	0.00305	0.00167	0.00519
39	0.03969	0.02957	0.00684	0.00569	0.00741	0.00587	0.01402	0.05963	0.21762	0.19523	0.20465	0.01622	0.01461	0.00515	0.00346	0.00108	0.00251	0.05327	0.11298	0.00452
40	0.00769	0.01470	0.65035	0.00893	0.01322	0.00731	0.02783	0.01142	0.04712	0.10101	0.04794	0.03275	0.00690	0.00379	0.00336	0.00109	0.00449	0.00309	0.00200	0.00500
41	0.00847	0.00813	0.01388	0.02100	0.85844	0.00813	0.01050	0.01050	0.00779	0.01118	0.00643	0.00847	0.00542	0.00305	0.00339	0.00102	0.00406	0.00305	0.00169	0.00542
42	0.00745	0.00709	0.01198	0.38928	0.46893	0.00773	0.00981	0.00956	0.00738	0.01006	0.00719	0.00954	0.03245	0.00339	0.00342	0.00107	0.00420	0.00318	0.00167	0.00464
43	0.04007	0.40503	0.01348	0.00699	0.00965	0.13837	0.00613	0.31817	0.01067	0.01330	0.00610	0.00659	0.00489	0.00346	0.00277	0.00087	0.00404	0.00234	0.00225	0.00483
44	0.00427	0.00311	0.00403	0.00461	0.00499	0.00287	0.00317	0.00505	0.00712	0.00950	0.13850	0.67384	0.09405	0.01000	0.00430	0.00133	0.00193	0.02123	0.00326	0.00286
45	0.00527	0.00381	0.00567	0.00558	0.00625	0.00442	0.00436	0.00649	0.00563	0.03539	0.00921	0.01327	0.00847	0.02459	0.82230	0.00528	0.02531	0.00365	0.00190	0.00316
46	0.02274	0.00649	0.01970	0.00757	0.00952	0.01527	0.20556	0.06890	0.16198	0.04974	0.22261	0.01653	0.09961	0.01351	0.00396	0.00112	0.01605	0.00464	0.05025	0.00425
47	0.00907	0.85387	0.04525	0.00598	0.00897	0.01335	0.00607	0.01026	0.00696	0.00814	0.00480	0.00554	0.00439	0.00294	0.00223	0.00074	0.00370	0.00185	0.00146	0.00441
48	0.05137	0.01948	0.02674	0.00674	0.01755	0.03666	0.00560	0.22962	0.07530	0.19326	0.06087	0.01700	0.02711	0.00542	0.00364	0.00114	0.00323	0.18238	0.00330	0.03360
49	0.00659	0.03461	0.02110	0.81842	0.03717	0.00781	0.00944	0.00884	0.00686	0.00878	0.00604	0.00897	0.00457	0.00340	0.00338	0.00112	0.00453	0.00299	0.00152	0.00386
50	0.02829	0.45583	0.15557	0.00799	0.07363	0.02491	0.02482	0.05196	0.03108	0.10709	0.00658	0.00712	0.00516	0.00326	0.00275	0.00089	0.00388	0.00239	0.00197	0.00482

[dist]
# distance from previous block
# <min> <max>
1	12

[block]
# block no. 3 follows, 82 sequences, length 19
# corresponding to MSA columns:
# 170-188
name=unknown_D
#
# <colnr> <probs for GDERKNQSTAVLIFYWHMCP>
#	G	D	E	R	K	N	Q	S	T	A	V	L	I	F	Y	W	H	M	C	P
0	0.05286	0.65465	0.19699	0.00662	0.00996	0.01206	0.00719	0.01036	0.00695	0.00900	0.00505	0.00586	0.00434	0.00301	0.00242	0.00082	0.00391	0.00198	0.00149	0.00450
1	0.00898	0.02877	0.00814	0.00709	0.00901	0.12914	0.00550	0.01676	0.66896	0.01310	0.01238	0.03194	0.00958	0.00453	0.00339	0.00110	0.00319	0.00367	0.00314	0.03164
2	0.00672	0.00553	0.00614	0.00642	0.00750	0.08318	0.00544	0.08335	0.00878	0.01100	0.01752	0.03238	0.09145	0.00836	0.00440	0.00142	0.00336	0.61055	0.00305	0.00344
3	0.00897	0.51556	0.25959	0.00705	0.01052	0.01096	0.00772	0.01135	0.04995	0.08056	0.00635	0.00687	0.00502	0.00322	0.00267	0.00088	0.00395	0.00227	0.00179	0.00475
4	0.01070	0.23858	0.05499	0.00977	0.11202	0.43891	0.04690	0.01224	0.02925	0.00901	0.00562	0.00663	0.00470	0.00330	0.00295	0.00089	0.00511	0.00235	0.00170	0.00437
5	0.00594	0.00297	0.00446	0.00446	0.00446	0.00297	0.00297	0.00446	0.00446	0.00594	0.00594	0.01040	0.00594	0.01188	0.01337	0.90048	0.00297	0.00297	0.00149	0.00149
6	0.00937	0.83071	0.01746	0.00600	0.00889	0.03694	0.00589	0.03650	0.00731	0.00848	0.00488	0.00559	0.00443	0.00298	0.00226	0.00074	0.00373	0.00188	0.00153	0.00442
7	0.00715	0.09228	0.66223	0.00950	0.03692	0.00824	0.04205	0.03020	0.00754	0.01089	0.03181	0.00851	0.03088	0.00349	0.00324	0.00105	0.00470	0.00280	0.00163	0.00489
8	0.00868	0.15222	0.40472	0.01026	0.12572	0.03433	0.05546	0.03542	0.00783	0.09802	0.00692	0.00811	0.00524	0.02840	0.00357	0.00108	0.00446	0.00274	0.00187	0.00496
9	0.00847	0.00813	0.01388	0.02100	0.85844	0.00813	0.01050	0.01050	0.00779	0.01118	0.00643	0.00847	0.00542	0.00305	0.00339	0.00102	0.00406	0.00305	0.00169	0.00542
10	0.00417	0.00298	0.00397	0.00476	0.00496	0.00278	0.00318	0.00476	0.00655	0.00873	0.01885	0.87755	0.02262	0.01072	0.00437	0.00139	0.00198	0.00972	0.00318	0.00278
11	0.00827	0.03344	0.14660	0.34358	0.17250	0.08290	0.04164	0.03462	0.00781	0.06146	0.00682	0.00906	0.00528	0.01644	0.00357	0.00110	0.00455	0.01404	0.00182	0.00451
12	0.00884	0.03293	0.47724	0.02270	0.07795	0.02749	0.04610	0.22930	0.02195	0.01357	0.00680	0.00771	0.00494	0.00346	0.00332	0.00106	0.00463	0.00278	0.00203	0.00521
13	0.00484	0.00350	0.00457	0.00430	0.00511	0.00323	0.00323	0.00646	0.00968	0.01372	0.85664	0.02555	0.03228	0.00699	0.00403	0.00108	0.00161	0.00619	0.00377	0.00323
14	0.00541	0.00366	0.00456	0.00424	0.00526	0.00328	0.00321	0.00683	0.00925	0.07383	0.60336	0.02627	0.22362	0.00718	0.00399	0.00109	0.00174	0.00623	0.00366	0.00334
15	0.00818	0.04609	0.19507	0.00703	0.00914	0.16074	0.00648	0.07999	0.01843	0.07195	0.01195	0.28555	0.03224	0.01726	0.00381	0.00117	0.00376	0.03454	0.00256	0.00407
16	0.01053	0.00882	0.01240	0.01483	0.44920	0.00927	0.03081	0.39233	0.01158	0.01591	0.00726	0.00837	0.00559	0.00353	0.00342	0.00102	0.00397	0.00309	0.00248	0.00558
17	0.00847	0.00813	0.01388	0.02100	0.85844	0.00813	0.01050	0.01050	0.00779	0.01118	0.00643	0.00847	0.00542	0.00305	0.00339	0.00102	0.00406	0.00305	0.00169	0.00542
18	0.00822	0.00810	0.01094	0.01010	0.08607	0.05387	0.02855	0.04521	0.00631	0.02225	0.00507	0.00764	0.00471	0.00541	0.00947	0.00139	0.67800	0.00299	0.00166	0.00405

[dist]
# distance from previous block
# <min> <max>
4	9

[block]
# block no. 4 follows, 82 sequences, length 27
# corresponding to MSA columns:
# 198-224
name=unknown_E
#
# <colnr> <probs for GDERKNQSTAVLIFYWHMCP>
#	G	D	E	R	K	N	Q	S	T	A	V	L	I	F	Y	W	H	M	C	P
0	0.02136	0.00749	0.00982	0.01103	0.24832	0.00809	0.03798	0.03452	0.48328	0.01327	0.02671	0.01168	0.00897	0.00414	0.00345	0.00109	0.00321	0.01903	0.00283	0.04373
1	0.00848	0.00727	0.00765	0.00686	0.00879	0.00836	0.00534	0.04327	0.79503	0.01434	0.01452	0.01337	0.04181	0.00477	0.00350	0.00116	0.00270	0.00397	0.00347	0.00533
2	0.00857	0.54786	0.14982	0.00799	0.01129	0.01154	0.15102	0.01090	0.05462	0.00933	0.00586	0.00681	0.00486	0.00307	0.00275	0.00088	0.00419	0.00243	0.00162	0.00459
3	0.00559	0.00509	0.00710	0.00958	0.30265	0.00472	0.00536	0.00686	0.00779	0.00992	0.02480	0.02438	0.55979	0.00670	0.00381	0.00111	0.00255	0.00576	0.00266	0.00377
4	0.00465	0.00349	0.00431	0.00411	0.00500	0.00315	0.00308	0.00609	0.00924	0.01267	0.66371	0.02728	0.22586	0.00739	0.00404	0.00109	0.00164	0.00643	0.00363	0.00315
5	0.00638	0.00319	0.00319	0.00319	0.00399	0.00319	0.00239	0.00797	0.00717	0.01275	0.01116	0.01275	0.00877	0.00399	0.00239	0.00080	0.00159	0.00319	0.89877	0.00319
6	0.00832	0.00798	0.01362	0.08323	0.79736	0.00809	0.01043	0.01037	0.00772	0.01100	0.00641	0.00851	0.00536	0.00308	0.00339	0.00103	0.00410	0.00305	0.00168	0.00530
7	0.00571	0.00477	0.00634	0.00596	0.00629	0.02370	0.00454	0.00649	0.00539	0.00769	0.00836	0.01413	0.00847	0.23962	0.42242	0.00387	0.21764	0.00381	0.00181	0.00299
8	0.00497	0.00332	0.00373	0.00373	0.00373	0.00332	0.00207	0.00497	0.00497	0.00663	0.01078	0.02239	0.01244	0.87978	0.01741	0.00332	0.00332	0.00497	0.00207	0.00207
9	0.00414	0.00323	0.00377	0.00414	0.00481	0.00285	0.00291	0.00492	0.00728	0.00922	0.06859	0.44620	0.40658	0.00958	0.00420	0.00127	0.00185	0.00839	0.00321	0.00285
10	0.00767	0.21716	0.56616	0.00925	0.01360	0.00926	0.09436	0.01082	0.00729	0.02585	0.00603	0.00710	0.00451	0.00316	0.00309	0.00101	0.00476	0.00253	0.00153	0.00487
11	0.01535	0.00582	0.00794	0.00609	0.00873	0.00503	0.00503	0.01667	0.00979	0.86081	0.01350	0.01164	0.00847	0.00423	0.00344	0.00106	0.00291	0.00344	0.00423	0.00582
12	0.00449	0.00346	0.00411	0.00400	0.00491	0.00307	0.00298	0.00576	0.00878	0.01170	0.49038	0.07526	0.35304	0.00785	0.00406	0.00112	0.00168	0.00678	0.00350	0.00307
13	0.00686	0.01769	0.86206	0.00975	0.01481	0.00794	0.01264	0.01083	0.00722	0.01083	0.00614	0.00722	0.00433	0.00325	0.00325	0.00108	0.00506	0.00253	0.00144	0.00506
14	0.01068	0.08066	0.07512	0.04355	0.19722	0.43835	0.00790	0.04803	0.04866	0.01000	0.00612	0.00721	0.00497	0.00343	0.00314	0.00094	0.00510	0.00253	0.00184	0.00454
15	0.27239	0.00980	0.00961	0.00806	0.02811	0.21711	0.12018	0.19713	0.00947	0.02551	0.00669	0.00841	0.00539	0.03096	0.01500	0.00116	0.00433	0.02401	0.00231	0.00435
16	0.00826	0.00788	0.01341	0.02023	0.81793	0.00787	0.01015	0.01023	0.00773	0.01106	0.00702	0.04972	0.00624	0.00341	0.00343	0.00103	0.00397	0.00336	0.00176	0.00529
17	0.00489	0.00365	0.00542	0.00542	0.00600	0.00423	0.00418	0.00606	0.00547	0.00788	0.00924	0.01384	0.00873	0.06437	0.82775	0.00540	0.00890	0.00372	0.00184	0.00301
18	0.90395	0.00662	0.00503	0.00450	0.00662	0.00767	0.00370	0.01006	0.00582	0.01535	0.00476	0.00556	0.00370	0.00318	0.00212	0.00106	0.00265	0.00185	0.00212	0.00370
19	0.00594	0.00297	0.00446	0.00446	0.00446	0.00297	0.00297	0.00446	0.00446	0.00594	0.00594	0.01040	0.00594	0.01188	0.01337	0.90048	0.00297	0.00297	0.00149	0.00149
20	0.00497	0.00332	0.00373	0.00373	0.00373	0.00332	0.00207	0.00497	0.00497	0.00663	0.01078	0.02239	0.01244	0.87978	0.01741	0.00332	0.00332	0.00497	0.00207	0.00207
21	0.00594	0.00297	0.00446	0.00446	0.00446	0.00297	0.00297	0.00446	0.00446	0.00594	0.00594	0.01040	0.00594	0.01188	0.01337	0.90048	0.00297	0.00297	0.00149	0.00149
22	0.00672	0.00975	0.31642	0.00709	0.00984	0.01739	0.04000	0.06587	0.06697	0.03119	0.24293	0.03154	0.12941	0.00531	0.00365	0.00110	0.00336	0.00450	0.00270	0.00428
23	0.00638	0.00319	0.00319	0.00319	0.00399	0.00319	0.00239	0.00797	0.00717	0.01275	0.01116	0.01275	0.00877	0.00399	0.00239	0.00080	0.00159	0.00319	0.89877	0.00319
24	0.00709	0.00608	0.00709	0.00507	0.00811	0.00456	0.00405	0.00861	0.00709	0.01115	0.00608	0.00709	0.00507	0.00253	0.00253	0.00051	0.00253	0.00203	0.00203	0.90069
25	0.14094	0.01355	0.00917	0.00836	0.03487	0.58747	0.00625	0.11643	0.00988	0.03471	0.00584	0.00655	0.00462	0.00355	0.00301	0.00093	0.00521	0.00232	0.00209	0.00425
26	0.83401	0.03218	0.00563	0.00475	0.00687	0.05050	0.00391	0.01024	0.00605	0.01479	0.00479	0.00559	0.00376	0.00319	0.00217	0.00104	0.00285	0.00187	0.00208	0.00374

[dist]
# distance from previous block
# <min> <max>
0	1

[block]
# block no. 5 follows, 82 sequences, length 21
# corresponding to MSA columns:
# 226-246
name=unknown_F
#
# <colnr> <probs for GDERKNQSTAVLIFYWHMCP>
#	G	D	E	R	K	N	Q	S	T	A	V	L	I	F	Y	W	H	M	C	P
0	0.03073	0.46876	0.14980	0.00792	0.05882	0.05881	0.04312	0.02573	0.07553	0.00987	0.02523	0.01991	0.00586	0.00339	0.00276	0.00090	0.00396	0.00252	0.00179	0.00458
1	0.04057	0.05694	0.03614	0.01450	0.46542	0.11258	0.00836	0.04001	0.10021	0.02158	0.01722	0.01004	0.04065	0.00371	0.00330	0.00102	0.00397	0.01673	0.00209	0.00497
2	0.00638	0.00319	0.00319	0.00319	0.00399	0.00319	0.00239	0.00797	0.00717	0.01275	0.01116	0.01275	0.00877	0.00399	0.00239	0.00080	0.00159	0.00319	0.89877	0.00319
3	0.00593	0.00503	0.00770	0.00879	0.14790	0.00496	0.06884	0.00749	0.00777	0.01016	0.01861	0.02914	0.20338	0.00761	0.00451	0.00135	0.03133	0.42316	0.00276	0.00359
4	0.00489	0.00367	0.00550	0.00550	0.00611	0.00428	0.00428	0.00611	0.00550	0.00794	0.00916	0.01344	0.00855	0.02566	0.86623	0.00550	0.00916	0.00367	0.00183	0.00305
5	0.00710	0.00684	0.01194	0.58824	0.23743	0.00782	0.07318	0.00936	0.00718	0.00953	0.00623	0.00896	0.00483	0.00328	0.00346	0.00111	0.00452	0.00312	0.00158	0.00428
6	0.00748	0.00748	0.01048	0.00898	0.00898	0.01048	0.00748	0.00823	0.00524	0.00823	0.00449	0.00748	0.00449	0.00599	0.01123	0.00150	0.87352	0.00299	0.00150	0.00374
7	0.01347	0.00694	0.00891	0.03700	0.07398	0.00683	0.00589	0.24815	0.01119	0.49480	0.01112	0.01040	0.00737	0.00407	0.00338	0.00104	0.00323	0.00328	0.04333	0.00560
8	0.00417	0.00298	0.00397	0.00476	0.00496	0.00278	0.00318	0.00476	0.00655	0.00873	0.01885	0.87755	0.02262	0.01072	0.00437	0.00139	0.00198	0.00972	0.00318	0.00278
9	0.00709	0.00608	0.00709	0.00507	0.00811	0.00456	0.00405	0.00861	0.00709	0.01115	0.00608	0.00709	0.00507	0.00253	0.00253	0.00051	0.00253	0.00203	0.00203	0.90069
10	0.00782	0.00801	0.14009	0.00619	0.00947	0.00541	0.02764	0.03914	0.00770	0.07112	0.02450	0.00791	0.00579	0.00292	0.00281	0.00068	0.00306	0.00238	0.00217	0.62517
11	0.87074	0.03910	0.00551	0.00455	0.00670	0.00789	0.00378	0.01006	0.00586	0.01508	0.00476	0.00555	0.00373	0.00317	0.00212	0.00105	0.00268	0.00185	0.00209	0.00373
12	0.00496	0.00336	0.00395	0.00395	0.00403	0.00344	0.00235	0.00512	0.00504	0.00680	0.01058	0.02127	0.01195	0.77332	0.12322	0.00359	0.00405	0.00481	0.00204	0.00220
13	0.00514	0.00397	0.01755	0.00456	0.00559	0.00356	0.01650	0.00699	0.03910	0.02840	0.68145	0.02526	0.13501	0.00695	0.00399	0.00109	0.00181	0.00610	0.00362	0.00336
14	0.00416	0.00300	0.00395	0.00471	0.00495	0.00278	0.00315	0.00477	0.00660	0.00875	0.01947	0.84458	0.05520	0.01064	0.00435	0.00138	0.00197	0.00963	0.00318	0.00278
15	0.00849	0.00827	0.01394	0.03786	0.79860	0.02400	0.03743	0.01054	0.00781	0.01107	0.00642	0.00846	0.00537	0.00306	0.00340	0.00102	0.00417	0.00306	0.00169	0.00533
16	0.00893	0.00773	0.01058	0.09099	0.33503	0.00842	0.00783	0.10129	0.34621	0.03227	0.00974	0.01029	0.00746	0.00386	0.00343	0.00109	0.00351	0.00339	0.00263	0.00532
17	0.00888	0.38556	0.04960	0.01288	0.34889	0.03475	0.08116	0.01062	0.00751	0.02220	0.00581	0.00718	0.00493	0.00302	0.00292	0.00090	0.00412	0.00257	0.00163	0.00486
18	0.00773	0.02392	0.34097	0.06929	0.40801	0.00809	0.04455	0.02518	0.00764	0.01099	0.00650	0.02009	0.00517	0.00327	0.00336	0.00106	0.00451	0.00296	0.00164	0.00510
19	0.00845	0.03153	0.01625	0.01782	0.50126	0.00853	0.32235	0.03129	0.00808	0.01127	0.00662	0.00867	0.00532	0.00301	0.00360	0.00106	0.00468	0.00339	0.00174	0.00510
20	0.00843	0.00787	0.04120	0.22910	0.50747	0.02561	0.02683	0.01050	0.00773	0.07423	0.00742	0.00928	0.02239	0.00335	0.00341	0.00105	0.00417	0.00314	0.00186	0.00494

[dist]
# distance from previous block
# <min> <max>
5	14

[block]
# block no. 6 follows, 82 sequences, length 10
# corresponding to MSA columns:
# 261-270
name=unknown_G
#
# <colnr> <probs for GDERKNQSTAVLIFYWHMCP>
#	G	D	E	R	K	N	Q	S	T	A	V	L	I	F	Y	W	H	M	C	P
0	0.00447	0.00365	0.00399	0.00413	0.00508	0.00333	0.00301	0.00600	0.07629	0.00966	0.05552	0.26020	0.53479	0.00884	0.00408	0.00122	0.00188	0.00759	0.00322	0.00307
1	0.01135	0.00876	0.00934	0.00754	0.00998	0.00984	0.00610	0.54305	0.32276	0.01890	0.01031	0.00988	0.00751	0.00430	0.00344	0.00108	0.00338	0.00337	0.00344	0.00567
2	0.00422	0.00306	0.00399	0.00472	0.00502	0.00284	0.00323	0.00488	0.00672	0.00884	0.02021	0.76632	0.09601	0.01048	0.00435	0.00138	0.00201	0.04574	0.00317	0.00280
3	0.00670	0.01655	0.79270	0.00931	0.01402	0.00756	0.01188	0.01048	0.00742	0.01107	0.07493	0.00870	0.00659	0.00355	0.00331	0.00108	0.00478	0.00282	0.00163	0.00491
4	0.00822	0.53308	0.35861	0.00743	0.01121	0.01128	0.00859	0.01048	0.00706	0.00917	0.00531	0.00619	0.00437	0.00306	0.00262	0.00087	0.00422	0.00211	0.00146	0.00466
5	0.00462	0.00308	0.00395	0.00440	0.00452	0.00297	0.00280	0.00480	0.00581	0.00775	0.01483	0.50875	0.01751	0.28552	0.00951	0.10414	0.00252	0.00746	0.00263	0.00241
6	0.00420	0.00328	0.00382	0.00408	0.00482	0.00289	0.00291	0.00507	0.00759	0.00969	0.14617	0.35310	0.42177	0.00921	0.00416	0.00123	0.00181	0.00802	0.00326	0.00289
7	0.00701	0.07424	0.80682	0.00949	0.01441	0.00831	0.01219	0.01079	0.00720	0.01065	0.00605	0.00711	0.00434	0.00323	0.00318	0.00106	0.00496	0.00248	0.00145	0.00501
8	0.00908	0.02354	0.01014	0.15617	0.20443	0.02984	0.00739	0.22293	0.20361	0.01393	0.03173	0.04051	0.02309	0.00422	0.00346	0.00108	0.00363	0.00359	0.00264	0.00500
9	0.00699	0.01692	0.79299	0.01067	0.08350	0.00796	0.01246	0.01081	0.00727	0.01086	0.00616	0.00732	0.00442	0.00323	0.00326	0.00108	0.00497	0.00257	0.00146	0.00508

[dist]
# distance from previous block
# <min> <max>
7	13

[block]
# block no. 7 follows, 82 sequences, length 8
# corresponding to MSA columns:
# 289-296
name=unknown_H
#
# <colnr> <probs for GDERKNQSTAVLIFYWHMCP>
#	G	D	E	R	K	N	Q	S	T	A	V	L	I	F	Y	W	H	M	C	P
0	0.00486	0.00392	0.00622	0.00590	0.00663	0.00367	0.11538	0.00590	0.00720	0.00976	0.16308	0.55782	0.02133	0.06516	0.00511	0.00143	0.00251	0.00804	0.00301	0.00306
1	0.00851	0.00735	0.00773	0.00696	0.00890	0.00851	0.00541	0.01818	0.85226	0.01431	0.01392	0.01276	0.01044	0.00464	0.00348	0.00116	0.00271	0.00387	0.00348	0.00541
2	0.00750	0.00679	0.00984	0.11297	0.30656	0.00616	0.00694	0.00929	0.00731	0.01087	0.00620	0.00781	0.00513	0.00282	0.00294	0.00076	0.00331	0.00250	0.00185	0.48245
3	0.00435	0.00345	0.00391	0.00385	0.00482	0.00301	0.00287	0.00547	0.00842	0.01087	0.33850	0.08049	0.50155	0.00817	0.00406	0.00114	0.00170	0.00699	0.00339	0.00301
4	0.00874	0.00775	0.00778	0.00697	0.00886	0.05757	0.00541	0.05093	0.72597	0.01423	0.05719	0.01287	0.01105	0.00468	0.00348	0.00113	0.00289	0.00386	0.00339	0.00523
5	0.00555	0.00429	0.02501	0.00558	0.02101	0.00368	0.03108	0.00662	0.00726	0.05127	0.08777	0.42763	0.07606	0.00858	0.01910	0.02159	0.00253	0.08159	0.00296	0.11083
6	0.00766	0.05717	0.58130	0.01098	0.09702	0.00826	0.10200	0.01096	0.00741	0.04857	0.00646	0.00768	0.00472	0.00331	0.00356	0.00108	0.03247	0.00276	0.00163	0.00500
7	0.01054	0.00968	0.00894	0.00809	0.04839	0.18559	0.00608	0.24333	0.37904	0.01487	0.01013	0.00996	0.00764	0.00417	0.00334	0.00105	0.00373	0.00325	0.03706	0.00514

[dist]
# distance from previous block
# <min> <max>
0	127

[block]
# block no. 8 follows, 82 sequences, length 14
# corresponding to MSA columns:
# 424-435,439,440
name=unknown_I
#
# <colnr> <probs for GDERKNQSTAVLIFYWHMCP>
#	G	D	E	R	K	N	Q	S	T	A	V	L	I	F	Y	W	H	M	C	P
0	0.00497	0.00332	0.00373	0.00373	0.00373	0.00332	0.00207	0.00497	0.00497	0.00663	0.01078	0.02239	0.01244	0.87978	0.01741	0.00332	0.00332	0.00497	0.00207	0.00207
1	0.00951	0.00477	0.00661	0.00617	0.04506	0.00425	0.02625	0.01068	0.00847	0.38958	0.05897	0.23450	0.13781	0.00675	0.00385	0.00118	0.00258	0.03509	0.00357	0.00435
2	0.01003	0.00887	0.17525	0.03693	0.25082	0.00674	0.05903	0.03378	0.00863	0.28139	0.05993	0.01106	0.03403	0.00390	0.00348	0.00106	0.00378	0.00345	0.00266	0.00518
3	0.00594	0.00297	0.00446	0.00446	0.00446	0.00297	0.00297	0.00446	0.00446	0.00594	0.00594	0.01040	0.00594	0.01188	0.01337	0.90048	0.00297	0.00297	0.00149	0.00149
4	0.00847	0.00813	0.01388	0.02100	0.85844	0.00813	0.01050	0.01050	0.00779	0.01118	0.00643	0.00847	0.00542	0.00305	0.00339	0.00102	0.00406	0.00305	0.00169	0.00542
5	0.00869	0.00791	0.03450	0.05542	0.59582	0.00762	0.07999	0.02520	0.00799	0.07983	0.00778	0.05973	0.00660	0.00362	0.00350	0.00106	0.00403	0.00354	0.00201	0.00515
6	0.00778	0.08740	0.19683	0.30279	0.15517	0.08375	0.02846	0.01053	0.05022	0.00988	0.00674	0.00908	0.00538	0.00352	0.00330	0.00106	0.00454	0.02740	0.00170	0.00449
7	0.00764	0.00747	0.01247	0.25967	0.36993	0.00856	0.06349	0.00950	0.00695	0.00979	0.00591	0.00847	0.00494	0.00382	0.00525	0.00117	0.20573	0.00310	0.00160	0.00452
8	0.00540	0.00455	0.00603	0.14828	0.03004	0.02724	0.01690	0.00711	0.04802	0.01015	0.15340	0.26564	0.14738	0.00766	0.00405	0.00125	0.00270	0.10796	0.00291	0.00333
9	0.00835	0.17391	0.05479	0.08282	0.11748	0.03987	0.13940	0.08567	0.04638	0.04618	0.01166	0.02769	0.14272	0.00431	0.00338	0.00103	0.00388	0.00376	0.00224	0.00449
10	0.00811	0.03207	0.43466	0.04450	0.28748	0.00813	0.03826	0.04817	0.00792	0.04920	0.00665	0.00796	0.00497	0.00325	0.00332	0.00105	0.00456	0.00281	0.00175	0.00517
11	0.00795	0.00761	0.01296	0.23789	0.64555	0.00799	0.01024	0.01005	0.00755	0.01055	0.00634	0.00863	0.00520	0.00314	0.00340	0.00105	0.00419	0.00305	0.00165	0.00501
12	0.00764	0.00738	0.11807	0.03284	0.12720	0.00585	0.13516	0.00988	0.04568	0.13812	0.05371	0.07295	0.21998	0.00538	0.00374	0.00112	0.00341	0.00484	0.00268	0.00436
13	0.03165	0.13847	0.17505	0.03088	0.07050	0.18821	0.01810	0.05346	0.00881	0.19973	0.03719	0.00886	0.01700	0.00370	0.00315	0.00098	0.00425	0.00283	0.00237	0.00480

[dist]
# distance from previous block
# <min> <max>
6	18

[block]
# block no. 9 follows, 82 sequences, length 17
# corresponding to MSA columns:
# 459,460,462-476
name=unknown_J
#
# <colnr> <probs for GDERKNQSTAVLIFYWHMCP>
#	G	D	E	R	K	N	Q	S	T	A	V	L	I	F	Y	W	H	M	C	P
0	0.00768	0.00694	0.00972	0.12846	0.32667	0.07571	0.02502	0.03582	0.00816	0.04568	0.10184	0.14129	0.05235	0.01494	0.00379	0.00112	0.00358	0.00458	0.00236	0.00430
1	0.32485	0.04018	0.16708	0.03740	0.16382	0.00725	0.00686	0.00980	0.01809	0.01275	0.11178	0.00921	0.00793	0.00362	0.00289	0.00101	0.00332	0.00281	0.00209	0.06724
2	0.00747	0.00491	0.00616	0.00626	0.06643	0.02794	0.00447	0.00867	0.00800	0.17577	0.06680	0.20196	0.16082	0.00689	0.00381	0.00113	0.00259	0.11441	0.00312	0.12239
3	0.01111	0.00864	0.00920	0.00749	0.00989	0.00972	0.00604	0.49781	0.36840	0.01850	0.01062	0.01013	0.00777	0.00433	0.00345	0.00108	0.00332	0.00341	0.00345	0.00565
4	0.90395	0.00662	0.00503	0.00450	0.00662	0.00767	0.00370	0.01006	0.00582	0.01535	0.00476	0.00556	0.00370	0.00318	0.00212	0.00106	0.00265	0.00185	0.00212	0.00370
5	0.00660	0.00622	0.01051	0.81184	0.08218	0.00764	0.00957	0.00886	0.00691	0.00891	0.00610	0.00907	0.00462	0.00339	0.00342	0.00113	0.00453	0.00304	0.00153	0.00391
6	0.00870	0.12842	0.56135	0.00847	0.01267	0.00821	0.01008	0.01213	0.05093	0.15620	0.00762	0.00804	0.00536	0.00345	0.00316	0.00104	0.00438	0.00266	0.00203	0.00512
7	0.00472	0.00348	0.00452	0.00486	0.00555	0.00328	0.00376	0.00594	0.00798	0.01064	0.26372	0.25255	0.15178	0.00939	0.02803	0.00143	0.00235	0.22968	0.00330	0.00303
8	0.00479	0.00335	0.00382	0.00381	0.00410	0.00322	0.00235	0.00517	0.00613	0.00811	0.13516	0.05288	0.14525	0.59289	0.01302	0.00260	0.00279	0.00565	0.00252	0.00239
9	0.00696	0.02847	0.31035	0.00813	0.01088	0.00671	0.10365	0.08402	0.06969	0.02248	0.02170	0.25820	0.01082	0.00638	0.03450	0.00133	0.00401	0.00500	0.00238	0.00435
10	0.00750	0.00739	0.09142	0.02937	0.21693	0.03831	0.00637	0.13210	0.00783	0.01064	0.00867	0.03796	0.00846	0.30753	0.07314	0.00216	0.00427	0.00387	0.00211	0.00394
11	0.20796	0.09529	0.01001	0.09812	0.18743	0.18187	0.02497	0.01024	0.00747	0.01073	0.00718	0.05775	0.00665	0.00414	0.00319	0.00105	0.01467	0.06520	0.00195	0.00412
12	0.00748	0.09168	0.01990	0.00614	0.03138	0.05759	0.02424	0.02462	0.03702	0.03569	0.00813	0.02605	0.00753	0.13057	0.08723	0.00157	0.00381	0.03600	0.00213	0.36122
13	0.00839	0.09756	0.20669	0.00705	0.02313	0.03299	0.00666	0.11326	0.06884	0.07719	0.03223	0.02773	0.02548	0.00613	0.00559	0.20118	0.00364	0.04986	0.00231	0.00410
14	0.02428	0.19759	0.12521	0.09438	0.00989	0.02635	0.03573	0.00829	0.00700	0.04161	0.01109	0.30422	0.01169	0.00639	0.00383	0.02981	0.00340	0.05322	0.00228	0.00375
15	0.02210	0.11431	0.02917	0.00821	0.13157	0.11239	0.01819	0.01090	0.03229	0.18228	0.17719	0.01463	0.03769	0.05729	0.00425	0.00116	0.00340	0.03588	0.00277	0.00435
16	0.02816	0.11684	0.14151	0.01855	0.17673	0.06398	0.04734	0.08619	0.01693	0.07765	0.04235	0.01092	0.02107	0.08055	0.04486	0.00142	0.00425	0.01396	0.00218	0.00456

[dist]
# distance from previous block
# <min> <max>
4	26

[block]
# block no. 10 follows, 82 sequences, length 8
# corresponding to MSA columns:
# 503-510
name=unknown_K
#
# <colnr> <probs for GDERKNQSTAVLIFYWHMCP>
#	G	D	E	R	K	N	Q	S	T	A	V	L	I	F	Y	W	H	M	C	P
0	0.16995	0.48906	0.08901	0.00604	0.00874	0.03429	0.00589	0.06411	0.00746	0.01067	0.04546	0.00700	0.00574	0.00366	0.00293	0.03814	0.00355	0.00224	0.00182	0.00423
1	0.10163	0.12967	0.18723	0.00687	0.00953	0.04355	0.02525	0.06006	0.17869	0.06509	0.06163	0.01151	0.05481	0.04558	0.00383	0.00115	0.00352	0.00334	0.00250	0.00456
2	0.06036	0.06084	0.10052	0.09110	0.03459	0.00699	0.00645	0.03347	0.11763	0.33216	0.06822	0.01092	0.00868	0.00415	0.00357	0.00107	0.03412	0.00330	0.00303	0.01883
3	0.00515	0.00334	0.00454	0.00459	0.00494	0.00342	0.00324	0.00529	0.00571	0.00772	0.07278	0.05554	0.08077	0.17906	0.23520	0.28199	0.00442	0.03779	0.00213	0.00237
4	0.00977	0.29529	0.12334	0.00774	0.04985	0.21622	0.00678	0.04343	0.05222	0.06747	0.02736	0.00919	0.05127	0.02231	0.00326	0.00097	0.00421	0.00278	0.00207	0.00447
5	0.00685	0.01986	0.03267	0.09158	0.05308	0.04481	0.09580	0.09493	0.03286	0.01079	0.02730	0.27870	0.04937	0.02505	0.02479	0.00138	0.02293	0.08087	0.00260	0.00380
6	0.12395	0.06167	0.24232	0.05389	0.04987	0.06053	0.02695	0.08654	0.05400	0.06527	0.02100	0.00883	0.00607	0.00645	0.11671	0.00163	0.00478	0.00285	0.00213	0.00456
7	0.02576	0.06602	0.16967	0.02152	0.11065	0.05170	0.10046	0.06006	0.11448	0.10955	0.05531	0.01115	0.03860	0.02913	0.02002	0.00120	0.00404	0.00345	0.00244	0.00478

[dist]
# distance from previous block
# <min> <max>
13	28

[block]
# block no. 11 follows, 82 sequences, length 6
# corresponding to MSA columns:
# 540-545
name=unknown_L
#
# <colnr> <probs for GDERKNQSTAVLIFYWHMCP>
#	G	D	E	R	K	N	Q	S	T	A	V	L	I	F	Y	W	H	M	C	P
0	0.00668	0.06357	0.07064	0.00593	0.00745	0.00538	0.04724	0.07214	0.04893	0.05601	0.13520	0.24099	0.06966	0.03904	0.03704	0.00140	0.00301	0.03704	0.04891	0.00376
1	0.07974	0.24503	0.08440	0.00745	0.05161	0.05862	0.02511	0.07391	0.00755	0.01036	0.00854	0.03917	0.05021	0.00727	0.11815	0.00163	0.07995	0.04523	0.00198	0.00411
2	0.42811	0.15310	0.06159	0.00557	0.00770	0.05262	0.00489	0.04621	0.04728	0.01268	0.03848	0.03315	0.00659	0.06864	0.00381	0.00119	0.01961	0.00270	0.00215	0.00393
3	0.09928	0.14439	0.09540	0.00766	0.03936	0.06308	0.06368	0.10956	0.14214	0.03492	0.04273	0.05420	0.02494	0.00436	0.00322	0.00104	0.00360	0.03345	0.00248	0.03051
4	0.31045	0.10664	0.09515	0.00625	0.00879	0.00789	0.03619	0.06955	0.10168	0.04522	0.05475	0.00999	0.00749	0.00389	0.00288	0.00102	0.00317	0.04485	0.00242	0.08174
5	0.07546	0.11566	0.03204	0.00731	0.07562	0.03230	0.03608	0.11706	0.13793	0.04456	0.10036	0.04177	0.13881	0.00497	0.00335	0.00104	0.00306	0.00410	0.00278	0.02572

[dist]
# distance from previous block
# <min> <max>
0	95

# created by:
# /home/simao/soft/augustus-3.0.3/scripts/msa2prfl.pl ./prep/68108.aln
