[name]
unknown

[dist]
# distance from previous block
# <min> <max>
15	122

[block]
# block no. 0 follows, 77 sequences, length 10
# corresponding to MSA columns:
# 165-174
name=unknown_A
#
# <colnr> <probs for GDERKNQSTAVLIFYWHMCP>
#	G	D	E	R	K	N	Q	S	T	A	V	L	I	F	Y	W	H	M	C	P
0	0.04647	0.02952	0.23234	0.00846	0.01150	0.10927	0.06637	0.13617	0.11055	0.05280	0.03681	0.04034	0.00808	0.03143	0.00398	0.00117	0.00431	0.01962	0.00255	0.04828
1	0.06601	0.03123	0.08911	0.08476	0.33583	0.00778	0.05791	0.04982	0.01854	0.08189	0.07007	0.01090	0.01807	0.02677	0.00390	0.00115	0.00398	0.00346	0.00230	0.03653
2	0.00959	0.13808	0.24603	0.00966	0.03729	0.02832	0.14733	0.15169	0.00947	0.06347	0.00762	0.00856	0.01844	0.00361	0.00359	0.00104	0.02557	0.00302	0.00220	0.08541
3	0.03490	0.00467	0.00632	0.04148	0.00762	0.00466	0.02638	0.04244	0.00794	0.12953	0.06442	0.43411	0.03889	0.00947	0.06110	0.00160	0.03716	0.00700	0.00319	0.03713
4	0.00951	0.00718	0.03226	0.00618	0.00903	0.00618	0.00513	0.18603	0.00995	0.11257	0.07379	0.01005	0.00827	0.00457	0.03692	0.00099	0.00326	0.00296	0.00283	0.47233
5	0.04327	0.08646	0.40787	0.00803	0.01178	0.02626	0.02187	0.02163	0.02527	0.12848	0.06591	0.01088	0.04873	0.00446	0.01768	0.00114	0.00424	0.00324	0.00233	0.06047
6	0.00790	0.00862	0.06600	0.00881	0.00936	0.06546	0.00754	0.00896	0.00605	0.00899	0.00571	0.00891	0.00544	0.03931	0.05202	0.00175	0.63856	0.00318	0.04351	0.00391
7	0.01535	0.00663	0.00877	0.00679	0.00939	0.00625	0.00561	0.09802	0.01063	0.71566	0.01302	0.01160	0.00835	0.00456	0.00416	0.00114	0.06039	0.00355	0.00418	0.00598
8	0.00671	0.00335	0.00335	0.00335	0.00419	0.00335	0.00251	0.00838	0.00754	0.01341	0.01173	0.01341	0.00922	0.00419	0.00251	0.00084	0.00168	0.00335	0.89355	0.00335
9	0.04452	0.00710	0.00960	0.07593	0.13004	0.00700	0.00661	0.15753	0.01075	0.45994	0.04591	0.01132	0.00851	0.00427	0.00358	0.00111	0.00346	0.00352	0.00360	0.00570

[dist]
# distance from previous block
# <min> <max>
0	9

[block]
# block no. 1 follows, 77 sequences, length 18
# corresponding to MSA columns:
# 184-201
name=unknown_B
#
# <colnr> <probs for GDERKNQSTAVLIFYWHMCP>
#	G	D	E	R	K	N	Q	S	T	A	V	L	I	F	Y	W	H	M	C	P
0	0.00503	0.00367	0.00472	0.00446	0.00534	0.00337	0.00335	0.00667	0.01004	0.01408	0.78929	0.02744	0.09412	0.00748	0.00424	0.00114	0.00171	0.00659	0.00391	0.00337
1	0.00626	0.00393	0.00509	0.00475	0.00580	0.00356	0.00361	0.00777	0.00974	0.11027	0.60377	0.08844	0.09942	0.00752	0.00421	0.00117	0.00193	0.02521	0.00390	0.00364
2	0.00769	0.00702	0.01179	0.03853	0.51773	0.00711	0.04215	0.00962	0.00782	0.01095	0.00955	0.02810	0.00910	0.02760	0.10537	0.00180	0.00478	0.14642	0.00209	0.00479
3	0.00671	0.00335	0.00335	0.00335	0.00419	0.00335	0.00251	0.00838	0.00754	0.01341	0.01173	0.01341	0.00922	0.00419	0.00251	0.00084	0.00168	0.00335	0.89355	0.00335
4	0.00948	0.01084	0.00763	0.00739	0.00863	0.45341	0.00544	0.01093	0.06175	0.00954	0.03263	0.29850	0.03454	0.00670	0.00382	0.00116	0.00446	0.02678	0.00259	0.00378
5	0.05615	0.00665	0.00730	0.00638	0.00807	0.01965	0.00504	0.10335	0.28964	0.08089	0.15742	0.01711	0.13154	0.00581	0.00442	0.00120	0.07513	0.00463	0.01491	0.00471
6	0.00764	0.00436	0.00447	0.00413	0.00527	0.00455	0.00318	0.10713	0.05002	0.01459	0.01151	0.01285	0.00894	0.00424	0.00270	0.00089	0.00200	0.00337	0.74436	0.00380
7	0.01046	0.06493	0.03425	0.09349	0.27037	0.25433	0.03010	0.11032	0.04590	0.01185	0.00726	0.00931	0.00600	0.00381	0.00347	0.00105	0.00488	0.03115	0.00211	0.00497
8	0.00874	0.00838	0.01430	0.08806	0.78646	0.00850	0.01096	0.01089	0.00811	0.01155	0.00674	0.00896	0.00563	0.00324	0.00356	0.00108	0.00431	0.00320	0.00177	0.00556
9	0.00625	0.00312	0.00469	0.00469	0.00469	0.00312	0.00312	0.00469	0.00469	0.00625	0.00625	0.01093	0.00625	0.01250	0.01406	0.89535	0.00312	0.00312	0.00156	0.00156
10	0.00523	0.00349	0.00392	0.00392	0.00392	0.00349	0.00218	0.00523	0.00523	0.00697	0.01133	0.02354	0.01308	0.87359	0.01831	0.00349	0.00349	0.00523	0.00218	0.00218
11	0.00671	0.00335	0.00335	0.00335	0.00419	0.00335	0.00251	0.00838	0.00754	0.01341	0.01173	0.01341	0.00922	0.00419	0.00251	0.00084	0.00168	0.00335	0.89355	0.00335
12	0.01348	0.01587	0.01030	0.00909	0.01113	0.70615	0.00693	0.16317	0.01141	0.01131	0.00612	0.00687	0.00490	0.00382	0.00331	0.00095	0.00603	0.00248	0.00217	0.00452
13	0.36397	0.00746	0.00757	0.00617	0.00859	0.00805	0.00506	0.25026	0.03740	0.19419	0.07057	0.00979	0.00803	0.00420	0.00311	0.00111	0.00310	0.00307	0.00326	0.00502
14	0.00775	0.00762	0.01172	0.59670	0.23385	0.06195	0.01006	0.00999	0.00764	0.00982	0.00644	0.00922	0.00501	0.00350	0.00357	0.00115	0.00477	0.00314	0.00166	0.00444
15	0.65851	0.06341	0.00713	0.00569	0.00788	0.12733	0.00465	0.02652	0.03222	0.01457	0.00544	0.00625	0.00431	0.00350	0.00263	0.00108	0.02052	0.00211	0.00219	0.00408
16	0.25047	0.01276	0.00929	0.00885	0.07198	0.44653	0.00642	0.13155	0.00992	0.01298	0.00594	0.00680	0.00473	0.00366	0.00305	0.00101	0.00497	0.00242	0.00220	0.00449
17	0.03470	0.00800	0.00854	0.00732	0.00959	0.00900	0.00580	0.16656	0.60034	0.07239	0.01310	0.01215	0.00966	0.00466	0.00359	0.00117	0.00306	0.00379	0.00363	0.02295

[dist]
# distance from previous block
# <min> <max>
1	5

[block]
# block no. 2 follows, 77 sequences, length 63
# corresponding to MSA columns:
# 207-269
name=unknown_C
#
# <colnr> <probs for GDERKNQSTAVLIFYWHMCP>
#	G	D	E	R	K	N	Q	S	T	A	V	L	I	F	Y	W	H	M	C	P
0	0.43593	0.00832	0.00787	0.00641	0.00893	0.02625	0.00527	0.33317	0.03036	0.09501	0.00749	0.00770	0.00540	0.00386	0.00294	0.00110	0.00334	0.00266	0.00299	0.00501
1	0.12611	0.00962	0.01003	0.00780	0.01058	0.01071	0.00644	0.71469	0.03485	0.02166	0.00832	0.00839	0.00595	0.00421	0.00343	0.00109	0.00378	0.00309	0.00343	0.00582
2	0.00787	0.00787	0.01102	0.00944	0.00944	0.01102	0.00787	0.00866	0.00551	0.00866	0.00472	0.00787	0.00472	0.00630	0.01180	0.00157	0.86700	0.00315	0.00157	0.00393
3	0.00430	0.00366	0.00371	0.00374	0.00494	0.00307	0.00283	0.00523	0.00820	0.00975	0.03589	0.03480	0.82373	0.00914	0.00427	0.00123	0.00187	0.03325	0.00334	0.00305
4	0.00487	0.00367	0.00450	0.00429	0.00524	0.00330	0.00322	0.00635	0.00965	0.01316	0.63104	0.02895	0.25293	0.00783	0.00424	0.00115	0.00173	0.00680	0.00379	0.00330
5	0.01251	0.01434	0.00971	0.00868	0.01046	0.62717	0.00663	0.03540	0.05281	0.06688	0.00817	0.00880	0.04749	0.00430	0.00401	0.00102	0.07220	0.00285	0.00222	0.00436
6	0.00787	0.00787	0.01102	0.00944	0.00944	0.01102	0.00787	0.00866	0.00551	0.00866	0.00472	0.00787	0.00472	0.00630	0.01180	0.00157	0.86700	0.00315	0.00157	0.00393
7	0.00451	0.00322	0.00432	0.00515	0.00541	0.00303	0.00355	0.00522	0.00701	0.00932	0.01976	0.79872	0.02352	0.01115	0.00462	0.00148	0.00219	0.08152	0.00334	0.00296
8	0.00504	0.00367	0.00474	0.00447	0.00534	0.00337	0.00336	0.00669	0.01007	0.01415	0.80210	0.02732	0.08126	0.00746	0.00424	0.00114	0.00170	0.00657	0.00392	0.00337
9	0.00649	0.00589	0.00967	0.60145	0.08927	0.00695	0.00865	0.00850	0.00726	0.00944	0.00960	0.14560	0.02364	0.01670	0.00401	0.00128	0.00420	0.03551	0.00199	0.00390
10	0.01516	0.00769	0.00932	0.00714	0.00996	0.00761	0.00590	0.34328	0.01292	0.52419	0.01199	0.01081	0.00780	0.00440	0.00361	0.00110	0.00342	0.00347	0.00411	0.00612
11	0.00795	0.00784	0.01353	0.31181	0.32080	0.00883	0.11529	0.01007	0.00744	0.01033	0.00637	0.00907	0.00519	0.00382	0.00501	0.00121	0.14571	0.00332	0.00169	0.00471
12	0.00846	0.00803	0.01011	0.00871	0.00905	0.06768	0.00718	0.02406	0.00637	0.03295	0.00582	0.00847	0.00531	0.00582	0.00991	0.00143	0.68181	0.00313	0.09170	0.00399
13	0.00968	0.00992	0.01340	0.07299	0.60951	0.15469	0.01007	0.03866	0.00870	0.01138	0.00656	0.00850	0.00545	0.00342	0.00368	0.00106	0.02213	0.00305	0.00184	0.00530
14	0.00740	0.01481	0.58553	0.00948	0.01372	0.00789	0.06371	0.04426	0.07546	0.01255	0.12109	0.01084	0.00916	0.00408	0.00361	0.00115	0.00462	0.00341	0.00212	0.00509
15	0.00620	0.00392	0.00516	0.00471	0.00576	0.00358	0.00358	0.00787	0.01019	0.09863	0.76546	0.02540	0.03143	0.00706	0.00418	0.00113	0.00183	0.00622	0.00401	0.00367
16	0.01071	0.00802	0.01058	0.00842	0.01088	0.00856	0.13483	0.24896	0.27510	0.12314	0.01161	0.01172	0.02119	0.00613	0.06976	0.00151	0.00417	0.00382	0.02544	0.00545
17	0.00473	0.00349	0.00448	0.00519	0.00554	0.00339	0.00352	0.00610	0.07156	0.00964	0.01943	0.80502	0.02280	0.01078	0.00452	0.00144	0.00215	0.00975	0.00336	0.00314
18	0.00787	0.00787	0.01102	0.00944	0.00944	0.01102	0.00787	0.00866	0.00551	0.00866	0.00472	0.00787	0.00472	0.00630	0.01180	0.00157	0.86700	0.00315	0.00157	0.00393
19	0.02510	0.00809	0.06468	0.09594	0.29169	0.00700	0.00783	0.05390	0.00826	0.04126	0.00688	0.00836	0.00549	0.00315	0.00318	0.00088	0.00366	0.00273	0.00208	0.35983
20	0.01761	0.49835	0.28731	0.00771	0.01137	0.01150	0.02323	0.01111	0.00749	0.04454	0.00619	0.01562	0.00516	0.00349	0.00305	0.00095	0.02677	0.01199	0.00170	0.00485
21	0.35813	0.00886	0.00865	0.00690	0.00952	0.00995	0.00569	0.51677	0.01271	0.02013	0.00722	0.00755	0.00525	0.00394	0.00306	0.00109	0.00350	0.00274	0.00306	0.00525
22	0.00921	0.15410	0.11593	0.00665	0.00994	0.00791	0.00619	0.11029	0.06770	0.06768	0.00753	0.00807	0.00584	0.00330	0.00294	0.00080	0.00339	0.00253	0.00239	0.40764
23	0.00461	0.00318	0.00415	0.00485	0.00515	0.00299	0.00328	0.00539	0.00716	0.00986	0.07552	0.74769	0.02335	0.01046	0.00441	0.00139	0.00203	0.00944	0.07210	0.00299
24	0.85113	0.00708	0.00569	0.00531	0.03060	0.00816	0.00417	0.03216	0.00646	0.01619	0.00515	0.00600	0.00400	0.00336	0.00230	0.00111	0.00285	0.00202	0.00225	0.00400
25	0.00908	0.47052	0.34090	0.00789	0.01181	0.01159	0.00894	0.06738	0.00812	0.02566	0.00597	0.00678	0.00477	0.00332	0.00285	0.00094	0.00441	0.00233	0.00172	0.00502
26	0.00899	0.06667	0.00886	0.00724	0.00935	0.00931	0.00572	0.01855	0.78779	0.01460	0.01399	0.01290	0.01055	0.00476	0.00357	0.00119	0.00291	0.00392	0.00352	0.00562
27	0.00579	0.00473	0.00639	0.00567	0.00694	0.00461	0.06808	0.00871	0.13666	0.01338	0.50248	0.06765	0.14052	0.00709	0.00417	0.00118	0.00225	0.00630	0.00363	0.00378
28	0.00455	0.00330	0.00435	0.00503	0.00539	0.00302	0.00339	0.00522	0.00692	0.00932	0.01911	0.82548	0.02281	0.01081	0.00449	0.00141	0.00212	0.00980	0.00328	0.05021
29	0.00721	0.01861	0.85495	0.01025	0.01557	0.00835	0.01329	0.01139	0.00759	0.01139	0.00646	0.00759	0.00456	0.00342	0.00342	0.00114	0.00532	0.00266	0.00152	0.00532
30	0.00671	0.00335	0.00335	0.00335	0.00419	0.00335	0.00251	0.00838	0.00754	0.01341	0.01173	0.01341	0.00922	0.00419	0.00251	0.00084	0.00168	0.00335	0.89355	0.00335
31	0.00514	0.00385	0.00578	0.00578	0.00642	0.00450	0.00450	0.00642	0.00578	0.00835	0.00963	0.01413	0.00899	0.02698	0.85933	0.00578	0.00963	0.00385	0.00193	0.00321
32	0.01233	0.01415	0.01085	0.07537	0.01247	0.56321	0.05968	0.14704	0.02606	0.01152	0.02991	0.00797	0.00587	0.00388	0.00343	0.00100	0.00572	0.00280	0.00221	0.00452
33	0.00671	0.00335	0.00335	0.00335	0.00419	0.00335	0.00251	0.00838	0.00754	0.01341	0.01173	0.01341	0.00922	0.00419	0.00251	0.00084	0.00168	0.00335	0.89355	0.00335
34	0.81211	0.00687	0.00559	0.00489	0.00718	0.00780	0.00403	0.01126	0.00653	0.09856	0.00591	0.00647	0.00439	0.00345	0.00236	0.00111	0.00281	0.00211	0.00245	0.00411
35	0.00945	0.00737	0.00724	0.05264	0.00874	0.10825	0.00506	0.17044	0.15292	0.05510	0.11543	0.01333	0.02099	0.00471	0.00335	0.00103	0.00313	0.00378	0.25247	0.00455
36	0.00808	0.00849	0.07025	0.30436	0.50019	0.00835	0.01074	0.01060	0.02410	0.01093	0.00677	0.00913	0.00542	0.00338	0.00357	0.00112	0.00449	0.00318	0.00174	0.00510
37	0.01344	0.01714	0.01019	0.00927	0.01112	0.85915	0.00695	0.01436	0.01019	0.00880	0.00556	0.00649	0.00463	0.00371	0.00324	0.00093	0.00649	0.00232	0.00185	0.00417
38	0.00558	0.00379	0.00492	0.00457	0.00553	0.00347	0.00345	0.00722	0.01009	0.05424	0.76881	0.02656	0.07348	0.00730	0.00421	0.00113	0.00177	0.00642	0.00395	0.00351
39	0.00523	0.00349	0.00392	0.00392	0.00392	0.00349	0.00218	0.00523	0.00523	0.00697	0.01133	0.02354	0.01308	0.87359	0.01831	0.00349	0.00349	0.00523	0.00218	0.00218
40	0.00544	0.00453	0.00495	0.00524	0.00590	0.06932	0.00379	0.00661	0.01896	0.01094	0.26820	0.43470	0.07589	0.00921	0.00437	0.00132	0.00238	0.06161	0.00341	0.00323
41	0.00438	0.00313	0.00417	0.00501	0.00522	0.00292	0.00334	0.00501	0.00689	0.00918	0.01983	0.87124	0.02379	0.01127	0.00459	0.00146	0.00209	0.01023	0.00334	0.00292
42	0.89899	0.00696	0.00529	0.00473	0.00696	0.00807	0.00390	0.01057	0.00612	0.01614	0.00501	0.00584	0.00390	0.00334	0.00223	0.00111	0.00278	0.00195	0.00223	0.00390
43	0.00523	0.00351	0.00402	0.00402	0.00405	0.00354	0.00230	0.00529	0.00526	0.00704	0.01125	0.02307	0.01287	0.83131	0.06030	0.00360	0.00379	0.00516	0.00217	0.00223
44	0.00452	0.00365	0.00402	0.00393	0.00502	0.00315	0.00294	0.00568	0.00883	0.01123	0.29700	0.03213	0.58818	0.00855	0.00425	0.00119	0.00178	0.00724	0.00354	0.00315
45	0.00884	0.00724	0.00819	0.00607	0.00912	0.00638	0.00489	0.18018	0.06625	0.01419	0.00741	0.00811	0.00587	0.00315	0.00292	0.00069	0.00294	0.00249	0.00254	0.65252
46	0.08429	0.00619	0.00811	0.00627	0.00901	0.00550	0.00518	0.01699	0.00997	0.78899	0.01348	0.01175	0.00852	0.00437	0.00351	0.00111	0.00304	0.00349	0.00428	0.00595
47	0.00885	0.00850	0.01451	0.04176	0.83185	0.00853	0.01101	0.01100	0.00817	0.01169	0.00676	0.00892	0.00568	0.00321	0.00356	0.00107	0.00429	0.00320	0.00178	0.00566
48	0.03400	0.00792	0.01013	0.00869	0.07515	0.00803	0.04901	0.34995	0.01240	0.33042	0.01117	0.06856	0.00824	0.00467	0.00367	0.00112	0.00360	0.00387	0.00364	0.00575
49	0.00877	0.55709	0.30755	0.00798	0.03334	0.01205	0.00875	0.01099	0.00743	0.00956	0.00555	0.00648	0.00462	0.00320	0.00272	0.00090	0.00437	0.00221	0.00154	0.00489
50	0.01225	0.00913	0.01033	0.00826	0.01085	0.06689	0.07040	0.32777	0.26603	0.16263	0.01111	0.01065	0.00793	0.00437	0.00365	0.00113	0.00380	0.00357	0.00351	0.00576
51	0.00509	0.00368	0.00481	0.00453	0.00537	0.00339	0.00339	0.00679	0.01018	0.01442	0.84925	0.02687	0.03394	0.00735	0.00424	0.00113	0.00170	0.00651	0.00396	0.00339
52	0.00509	0.00368	0.00481	0.00453	0.00537	0.00339	0.00339	0.00679	0.01018	0.01442	0.84925	0.02687	0.03394	0.00735	0.00424	0.00113	0.00170	0.00651	0.00396	0.00339
53	0.00507	0.00368	0.00478	0.00451	0.00536	0.00339	0.00338	0.00675	0.01014	0.01433	0.83249	0.02703	0.05076	0.00739	0.00424	0.00113	0.00170	0.00653	0.00395	0.00339
54	0.00440	0.00325	0.00411	0.00475	0.00516	0.00297	0.00324	0.00512	0.00728	0.00954	0.06410	0.68514	0.16639	0.01070	0.00452	0.00140	0.00202	0.00959	0.00337	0.00297
55	0.00437	0.00318	0.00413	0.00489	0.00519	0.00293	0.00329	0.00502	0.00700	0.00923	0.02128	0.79775	0.09634	0.01108	0.00456	0.00144	0.00206	0.00999	0.00334	0.00293
56	0.00671	0.00335	0.00335	0.00335	0.00419	0.00335	0.00251	0.00838	0.00754	0.01341	0.01173	0.01341	0.00922	0.00419	0.00251	0.00084	0.00168	0.00335	0.89355	0.00335
57	0.00679	0.00639	0.01079	0.86494	0.02477	0.00799	0.00999	0.00919	0.00719	0.00919	0.00639	0.00959	0.00480	0.00360	0.00360	0.00120	0.00480	0.00320	0.00160	0.00400
58	0.00796	0.00819	0.01453	0.01112	0.01352	0.03173	0.43914	0.05184	0.07300	0.01155	0.01184	0.11106	0.08101	0.00521	0.00495	0.00127	0.09026	0.02500	0.00237	0.00446
59	0.00732	0.00611	0.00707	0.00515	0.00813	0.00465	0.00410	0.00890	0.00749	0.01178	0.00759	0.00862	0.02913	0.00295	0.00270	0.00057	0.00257	0.00237	0.06269	0.81011
60	0.00654	0.00337	0.00337	0.00337	0.00424	0.00333	0.00253	0.00816	0.00759	0.01316	0.01341	0.01485	0.06629	0.00452	0.00263	0.00086	0.00169	0.00364	0.83311	0.00333
61	0.04059	0.00647	0.00919	0.00699	0.00981	0.00575	0.06183	0.03386	0.01019	0.75559	0.01335	0.01181	0.00847	0.00432	0.00362	0.00112	0.00328	0.00360	0.00419	0.00597
62	0.01236	0.00901	0.01169	0.12203	0.02990	0.10778	0.14610	0.19258	0.04328	0.27386	0.00967	0.00999	0.00670	0.00398	0.00367	0.00112	0.00440	0.00344	0.00306	0.00537

[dist]
# distance from previous block
# <min> <max>
2	6

[block]
# block no. 3 follows, 77 sequences, length 28
# corresponding to MSA columns:
# 276-303
name=unknown_D
#
# <colnr> <probs for GDERKNQSTAVLIFYWHMCP>
#	G	D	E	R	K	N	Q	S	T	A	V	L	I	F	Y	W	H	M	C	P
0	0.01033	0.68876	0.01691	0.00678	0.00960	0.17508	0.00629	0.01168	0.03042	0.00871	0.00537	0.00611	0.00479	0.00325	0.00252	0.00081	0.00432	0.00206	0.00166	0.00456
1	0.00671	0.07145	0.00679	0.00582	0.00712	0.00500	0.00491	0.00814	0.00844	0.07721	0.13952	0.04911	0.14265	0.00796	0.00457	0.00133	0.03547	0.36088	0.00323	0.05368
2	0.01279	0.01496	0.00986	0.00875	0.01069	0.65662	0.00667	0.14446	0.01107	0.01114	0.02665	0.00824	0.02640	0.00476	0.03051	0.00112	0.00596	0.00274	0.00222	0.00440
3	0.00625	0.00312	0.00469	0.00469	0.00469	0.00312	0.00312	0.00469	0.00469	0.00625	0.00625	0.01093	0.00625	0.01250	0.01406	0.89535	0.00312	0.00312	0.00156	0.00156
4	0.00989	0.77641	0.01832	0.00666	0.00974	0.01380	0.03766	0.07453	0.00809	0.00967	0.00537	0.00614	0.00476	0.00317	0.00248	0.00081	0.00394	0.00211	0.00171	0.00474
5	0.00820	0.00714	0.00898	0.00739	0.00963	0.00740	0.10364	0.08851	0.38417	0.01401	0.06074	0.03760	0.11624	0.00515	0.00372	0.00111	0.00309	0.00449	0.00320	0.12559
6	0.01052	0.24305	0.19799	0.04165	0.01190	0.01076	0.00801	0.30286	0.06644	0.04146	0.00762	0.00808	0.00571	0.00376	0.00320	0.00101	0.00413	0.00280	0.00251	0.02654
7	0.00827	0.07676	0.10210	0.17291	0.03261	0.03417	0.48134	0.01103	0.00805	0.01070	0.00674	0.00902	0.00514	0.00327	0.00400	0.00117	0.02267	0.00361	0.00172	0.00470
8	0.00625	0.00312	0.00469	0.00469	0.00469	0.00312	0.00312	0.00469	0.00469	0.00625	0.00625	0.01093	0.00625	0.01250	0.01406	0.89535	0.00312	0.00312	0.00156	0.00156
9	0.00894	0.00920	0.01790	0.01606	0.24211	0.00893	0.50950	0.08609	0.00914	0.01253	0.00771	0.02767	0.00620	0.00347	0.00402	0.00117	0.00527	0.01693	0.00202	0.00513
10	0.00882	0.00702	0.00804	0.00591	0.00900	0.00598	0.00476	0.14064	0.04199	0.04481	0.00736	0.00806	0.00581	0.00308	0.00289	0.00067	0.00289	0.00244	0.00251	0.68734
11	0.00443	0.00322	0.00418	0.00485	0.00520	0.00297	0.00329	0.00516	0.00725	0.00963	0.08506	0.73447	0.09547	0.01078	0.00454	0.00141	0.00203	0.00971	0.00339	0.00297
12	0.00429	0.00364	0.00371	0.00375	0.00493	0.00306	0.00282	0.00521	0.00816	0.00973	0.03555	0.05878	0.80629	0.00919	0.00428	0.00123	0.00186	0.02712	0.00334	0.00304
13	0.00938	0.08186	0.44708	0.00990	0.01406	0.00891	0.12894	0.09633	0.01877	0.11617	0.00768	0.00851	0.00547	0.00365	0.00372	0.00112	0.02791	0.00303	0.00216	0.00534
14	0.03763	0.61768	0.18361	0.00714	0.01055	0.07244	0.00755	0.01114	0.00753	0.00931	0.00533	0.00618	0.00458	0.00320	0.00259	0.00086	0.00429	0.00210	0.00158	0.00470
15	0.00703	0.00664	0.01122	0.77022	0.11764	0.00805	0.01011	0.00940	0.00730	0.00948	0.00644	0.00951	0.00490	0.00355	0.00359	0.00118	0.00474	0.00320	0.00162	0.00419
16	0.00959	0.00828	0.01393	0.01093	0.05461	0.03232	0.38854	0.15804	0.00990	0.06083	0.00885	0.01037	0.00661	0.00363	0.00364	0.00108	0.00444	0.00372	0.20586	0.00483
17	0.00510	0.00344	0.00402	0.00419	0.00425	0.00341	0.00249	0.00526	0.00561	0.00747	0.01302	0.16997	0.01515	0.69981	0.01556	0.00308	0.00324	0.03019	0.00241	0.00234
18	0.00438	0.00313	0.00417	0.00501	0.00522	0.00292	0.00334	0.00501	0.00689	0.00918	0.01983	0.87124	0.02379	0.01127	0.00459	0.00146	0.00209	0.01023	0.00334	0.00292
19	0.01156	0.00872	0.00937	0.00723	0.01002	0.03316	0.00587	0.46397	0.07869	0.06444	0.01824	0.00933	0.00685	0.02032	0.00363	0.00099	0.00352	0.00308	0.00320	0.23782
20	0.00625	0.00312	0.00469	0.00469	0.00469	0.00312	0.00312	0.00469	0.00469	0.00625	0.00625	0.01093	0.00625	0.01250	0.01406	0.89535	0.00312	0.00312	0.00156	0.00156
21	0.00452	0.00330	0.00426	0.00477	0.00522	0.00304	0.00329	0.00541	0.00773	0.01037	0.20182	0.60662	0.10594	0.01021	0.00448	0.00137	0.00198	0.00916	0.00347	0.00304
22	0.00794	0.00430	0.00569	0.00500	0.00635	0.00387	0.00387	0.00951	0.01010	0.23287	0.59621	0.03771	0.04860	0.00671	0.00409	0.00113	0.00206	0.00584	0.00406	0.00409
23	0.01920	0.02809	0.16065	0.03552	0.31970	0.07357	0.00913	0.07941	0.04180	0.11831	0.00792	0.00887	0.00597	0.00356	0.00342	0.00104	0.00426	0.00301	0.00232	0.07427
24	0.00721	0.03039	0.11829	0.00601	0.00820	0.02215	0.03210	0.03009	0.03879	0.09321	0.25109	0.03476	0.21430	0.00609	0.00382	0.00109	0.00283	0.00517	0.00315	0.09126
25	0.00777	0.00638	0.00749	0.00537	0.00855	0.00481	0.00430	0.00936	0.00756	0.04156	0.00667	0.00763	0.00545	0.00273	0.00270	0.00055	0.00268	0.00218	0.00221	0.86405
26	0.01236	0.02987	0.01037	0.04175	0.01121	0.04873	0.00670	0.55207	0.17693	0.04424	0.00960	0.00954	0.00697	0.00438	0.00370	0.00111	0.01796	0.00334	0.00340	0.00579
27	0.00807	0.32754	0.51992	0.04239	0.01364	0.01046	0.01058	0.01108	0.00748	0.01025	0.00593	0.00701	0.00459	0.00330	0.00302	0.00101	0.00477	0.00241	0.00153	0.00501

[dist]
# distance from previous block
# <min> <max>
3	8

[block]
# block no. 4 follows, 77 sequences, length 27
# corresponding to MSA columns:
# 312-338
name=unknown_E
#
# <colnr> <probs for GDERKNQSTAVLIFYWHMCP>
#	G	D	E	R	K	N	Q	S	T	A	V	L	I	F	Y	W	H	M	C	P
0	0.00730	0.00727	0.01298	0.09841	0.05995	0.00766	0.29290	0.00919	0.00740	0.01033	0.00929	0.15553	0.00910	0.00543	0.00555	0.00128	0.17053	0.04599	0.00210	0.08181
1	0.00453	0.00355	0.00410	0.00419	0.00509	0.00312	0.00305	0.00562	0.00853	0.01102	0.27755	0.20149	0.43730	0.00902	0.00432	0.00124	0.00184	0.00780	0.00353	0.00312
2	0.04139	0.00850	0.00873	0.00751	0.00975	0.02981	0.00594	0.21865	0.59347	0.01679	0.01262	0.01182	0.00939	0.00466	0.00358	0.00117	0.00320	0.00375	0.00355	0.00570
3	0.01046	0.00597	0.00753	0.00597	0.00845	0.00512	0.00484	0.04156	0.00877	0.31797	0.01136	0.05256	0.00933	0.03510	0.00409	0.00104	0.01959	0.08761	0.00320	0.35946
4	0.01055	0.00896	0.01427	0.04065	0.01411	0.05213	0.35899	0.14790	0.07053	0.14010	0.03091	0.01029	0.00714	0.00378	0.00395	0.00112	0.01793	0.00375	0.00270	0.06024
5	0.00808	0.09766	0.04738	0.01245	0.01558	0.00874	0.57323	0.01083	0.02352	0.01117	0.02579	0.03814	0.00828	0.00420	0.00410	0.00122	0.00524	0.09775	0.00207	0.00460
6	0.00498	0.00378	0.00411	0.00405	0.00526	0.00324	0.00310	0.00603	0.00848	0.04977	0.11728	0.05082	0.66444	0.00880	0.00427	0.00123	0.00195	0.05173	0.00345	0.00323
7	0.04330	0.00957	0.00856	0.00717	0.00938	0.21474	0.00567	0.23160	0.07405	0.18973	0.05610	0.01324	0.11125	0.00495	0.00359	0.00108	0.00388	0.00381	0.00329	0.00502
8	0.00835	0.00798	0.01359	0.24476	0.63282	0.00840	0.01076	0.01055	0.00793	0.01107	0.00667	0.00908	0.00546	0.00331	0.00357	0.00110	0.00441	0.00320	0.00173	0.00525
9	0.00566	0.00349	0.00468	0.00523	0.00574	0.00323	0.00366	0.00641	0.00731	0.09568	0.01921	0.74116	0.02211	0.01050	0.00451	0.00144	0.00225	0.05102	0.00345	0.00327
10	0.00721	0.01861	0.85495	0.01025	0.01557	0.00835	0.01329	0.01139	0.00759	0.01139	0.00646	0.00759	0.00456	0.00342	0.00342	0.00114	0.00532	0.00266	0.00152	0.00532
11	0.00882	0.03041	0.65630	0.00947	0.01410	0.04301	0.01151	0.01232	0.00812	0.13800	0.00789	0.00909	0.00564	0.00375	0.00346	0.00113	0.00495	0.02465	0.00202	0.00533
12	0.00675	0.00481	0.00737	0.02848	0.13396	0.00462	0.04289	0.00802	0.00777	0.09637	0.01651	0.43701	0.02948	0.00855	0.00436	0.00138	0.00297	0.15175	0.00311	0.00385
13	0.00625	0.00312	0.00469	0.00469	0.00469	0.00312	0.00312	0.00469	0.00469	0.00625	0.00625	0.01093	0.00625	0.01250	0.01406	0.89535	0.00312	0.00312	0.00156	0.00156
14	0.00815	0.00778	0.01324	0.32308	0.55603	0.00835	0.01066	0.01038	0.00783	0.01084	0.00663	0.00915	0.00538	0.00334	0.00357	0.00111	0.00446	0.00320	0.00172	0.00509
15	0.00900	0.22143	0.29125	0.00907	0.07500	0.00993	0.00872	0.15497	0.09483	0.01289	0.00888	0.04779	0.03290	0.00416	0.00330	0.00106	0.00414	0.00326	0.00226	0.00517
16	0.01243	0.12828	0.03790	0.00908	0.02870	0.61030	0.00715	0.05547	0.00982	0.02040	0.00577	0.00673	0.00479	0.00377	0.00356	0.00096	0.04619	0.00240	0.00191	0.00441
17	0.01895	0.00647	0.00854	0.05724	0.14502	0.01550	0.00582	0.04110	0.00872	0.14477	0.09757	0.01287	0.05891	0.00418	0.00335	0.00091	0.00306	0.02001	0.00275	0.34426
18	0.01044	0.16809	0.11479	0.00897	0.05924	0.14343	0.04996	0.18911	0.07174	0.04785	0.00836	0.05239	0.00688	0.00509	0.03871	0.00124	0.00463	0.00329	0.01078	0.00501
19	0.01438	0.00568	0.00770	0.00613	0.00851	0.00495	0.00493	0.01562	0.00969	0.72414	0.01462	0.10072	0.01064	0.04938	0.00446	0.00127	0.00298	0.00438	0.00422	0.00559
20	0.01024	0.00813	0.00866	0.00765	0.02490	0.02989	0.00592	0.14978	0.59373	0.07695	0.03514	0.01267	0.01040	0.00476	0.00365	0.00118	0.00313	0.00391	0.00364	0.00569
21	0.00490	0.00347	0.00425	0.00442	0.00495	0.00322	0.00306	0.00550	0.00734	0.00966	0.18113	0.22751	0.21207	0.17808	0.00810	0.09321	0.00238	0.04093	0.00305	0.00277
22	0.00979	0.13770	0.30577	0.00956	0.01314	0.14950	0.13713	0.04771	0.00887	0.08883	0.03370	0.00932	0.00648	0.00377	0.00345	0.00107	0.00499	0.02219	0.00210	0.00496
23	0.00937	0.78804	0.10441	0.00657	0.00988	0.01363	0.00688	0.01083	0.00734	0.00876	0.00515	0.00596	0.00461	0.00311	0.00242	0.00081	0.00400	0.00200	0.00154	0.00469
24	0.00604	0.00384	0.00481	0.00503	0.00585	0.00355	0.00359	0.00734	0.05030	0.11159	0.05608	0.54103	0.16800	0.00958	0.00435	0.00135	0.00218	0.00850	0.00352	0.00349
25	0.00777	0.19051	0.46391	0.00873	0.01254	0.06503	0.04396	0.01058	0.00780	0.01056	0.05039	0.09659	0.00807	0.00436	0.00338	0.00109	0.00461	0.00352	0.00187	0.00474
26	0.00848	0.04315	0.01128	0.11499	0.42480	0.04562	0.00835	0.01035	0.01812	0.06465	0.02059	0.12164	0.01887	0.00474	0.00363	0.00112	0.00382	0.02336	0.04761	0.00482

[dist]
# distance from previous block
# <min> <max>
2	15

[block]
# block no. 5 follows, 77 sequences, length 30
# corresponding to MSA columns:
# 359-388
name=unknown_F
#
# <colnr> <probs for GDERKNQSTAVLIFYWHMCP>
#	G	D	E	R	K	N	Q	S	T	A	V	L	I	F	Y	W	H	M	C	P
0	0.00923	0.56811	0.16318	0.00838	0.03006	0.01235	0.10652	0.04676	0.00793	0.01002	0.00572	0.00675	0.00479	0.00319	0.00281	0.00091	0.00438	0.00241	0.00166	0.00485
1	0.01834	0.18410	0.45877	0.06310	0.04225	0.06623	0.03723	0.03192	0.00795	0.01095	0.00641	0.00766	0.00489	0.00342	0.00318	0.00104	0.00484	0.00263	0.04016	0.00494
2	0.00835	0.09853	0.63859	0.00940	0.01406	0.00901	0.01144	0.10200	0.00873	0.03612	0.02716	0.00813	0.00557	0.00361	0.00336	0.00110	0.00488	0.00277	0.00189	0.00531
3	0.00625	0.00520	0.00608	0.00490	0.00712	0.00411	0.00382	0.00765	0.00792	0.01143	0.11601	0.08216	0.18049	0.00537	0.00338	0.00084	0.00235	0.02523	0.00272	0.51698
4	0.00980	0.06928	0.04262	0.00892	0.01162	0.07104	0.23176	0.02373	0.00841	0.16961	0.02002	0.05252	0.00752	0.04158	0.00464	0.00114	0.05293	0.00367	0.00248	0.16672
5	0.00863	0.00790	0.04050	0.02513	0.03092	0.00774	0.08272	0.09129	0.00812	0.04826	0.00690	0.00844	0.01364	0.00402	0.00544	0.00100	0.23145	0.00289	0.00217	0.37286
6	0.00555	0.00402	0.00499	0.00469	0.00568	0.00377	0.00353	0.04279	0.02405	0.02732	0.62282	0.09056	0.13128	0.00765	0.00422	0.00117	0.00188	0.00669	0.00382	0.00351
7	0.00521	0.00495	0.05205	0.00707	0.03759	0.00416	0.10257	0.00641	0.00730	0.00989	0.05300	0.65623	0.02039	0.00942	0.00444	0.00139	0.00279	0.00870	0.00303	0.00340
8	0.00508	0.00350	0.00479	0.04237	0.00644	0.00337	0.00396	0.00592	0.00716	0.03949	0.01883	0.69685	0.02193	0.02294	0.00475	0.00149	0.00240	0.10232	0.00328	0.00312
9	0.00738	0.00708	0.01124	0.68427	0.14614	0.03325	0.00990	0.00997	0.03734	0.00977	0.00672	0.00953	0.00514	0.00359	0.00358	0.00117	0.00470	0.00320	0.00171	0.00431
10	0.00514	0.00385	0.00578	0.00578	0.00642	0.00450	0.00450	0.00642	0.00578	0.00835	0.00963	0.01413	0.00899	0.02698	0.85933	0.00578	0.00963	0.00385	0.00193	0.00321
11	0.00822	0.14619	0.42322	0.01008	0.05814	0.05099	0.09727	0.01151	0.04322	0.02967	0.05472	0.01004	0.00726	0.00384	0.00344	0.00109	0.00475	0.02941	0.00193	0.00498
12	0.00987	0.81837	0.01827	0.00636	0.00936	0.07070	0.00621	0.01101	0.00750	0.00849	0.00504	0.00582	0.00462	0.00312	0.00237	0.00078	0.00402	0.00195	0.00156	0.00459
13	0.17014	0.00655	0.00792	0.00616	0.00888	0.00614	0.00508	0.07068	0.00983	0.59778	0.01171	0.01058	0.00761	0.00413	0.00331	0.00107	0.00305	0.00320	0.00386	0.06231
14	0.00569	0.00467	0.00720	0.00661	0.00730	0.00544	0.06032	0.00688	0.00586	0.00843	0.00911	0.01423	0.00875	0.12367	0.60374	0.00471	0.10822	0.00396	0.00191	0.00328
15	0.00867	0.01061	0.13721	0.01353	0.01705	0.00895	0.60828	0.01159	0.00821	0.05627	0.00732	0.00939	0.00545	0.00343	0.00472	0.00123	0.07739	0.00390	0.00190	0.00491
16	0.00514	0.00385	0.00578	0.00578	0.00642	0.00450	0.00450	0.00642	0.00578	0.00835	0.00963	0.01413	0.00899	0.02698	0.85933	0.00578	0.00963	0.00385	0.00193	0.00321
17	0.00876	0.00956	0.04044	0.07159	0.04838	0.00893	0.68032	0.03691	0.00869	0.03867	0.00744	0.00966	0.00553	0.00317	0.00412	0.00120	0.00574	0.00405	0.00193	0.00492
18	0.01100	0.07006	0.01123	0.25842	0.08854	0.43536	0.00805	0.01250	0.00896	0.05430	0.00633	0.00786	0.00500	0.00363	0.00333	0.00102	0.00544	0.00269	0.00189	0.00439
19	0.00689	0.00535	0.00586	0.00517	0.00671	0.00534	0.00403	0.18907	0.07098	0.01427	0.25947	0.02521	0.37317	0.00726	0.00406	0.00116	0.00233	0.00608	0.00360	0.00400
20	0.00515	0.00351	0.00420	0.00427	0.00438	0.00358	0.00260	0.00538	0.00544	0.00734	0.01176	0.08895	0.01334	0.68636	0.13578	0.00365	0.00424	0.00543	0.00224	0.00238
21	0.66960	0.00725	0.03636	0.05902	0.00855	0.00779	0.00475	0.05471	0.00712	0.04812	0.00780	0.00846	0.06082	0.00384	0.00262	0.00112	0.00301	0.00256	0.00240	0.00410
22	0.00746	0.00639	0.00746	0.00533	0.00852	0.00480	0.00426	0.00906	0.00746	0.01172	0.00639	0.00746	0.00533	0.00266	0.00266	0.00053	0.00266	0.00213	0.00213	0.89558
23	0.00444	0.00315	0.00416	0.00494	0.00514	0.00296	0.00327	0.00502	0.00678	0.00904	0.01929	0.81802	0.02312	0.06540	0.00545	0.00159	0.00217	0.00991	0.00327	0.00288
24	0.00486	0.00367	0.00449	0.00429	0.00523	0.00330	0.00322	0.00635	0.00965	0.01315	0.62974	0.02896	0.25424	0.00783	0.00424	0.00115	0.00173	0.00680	0.00379	0.00330
25	0.00882	0.00871	0.07006	0.04613	0.58254	0.00796	0.08057	0.01103	0.00819	0.06421	0.00819	0.06359	0.00707	0.00387	0.00369	0.00112	0.00429	0.01252	0.00204	0.00537
26	0.00562	0.00367	0.00467	0.00504	0.00581	0.00334	0.00372	0.00655	0.00776	0.08502	0.04391	0.47037	0.20735	0.00989	0.00447	0.00139	0.00227	0.12240	0.00345	0.00330
27	0.00762	0.01807	0.80196	0.01013	0.01529	0.00853	0.01288	0.06336	0.00818	0.01210	0.00659	0.00766	0.00465	0.00347	0.00343	0.00114	0.00523	0.00269	0.00165	0.00537
28	0.05896	0.00629	0.00810	0.00630	0.00889	0.00575	0.00514	0.07791	0.01027	0.69685	0.01314	0.01237	0.00871	0.05895	0.00447	0.00126	0.00314	0.00361	0.00414	0.00576
29	0.00913	0.74580	0.09125	0.00637	0.00945	0.01304	0.00653	0.01048	0.00720	0.00863	0.00553	0.00705	0.00514	0.05775	0.00341	0.00097	0.00395	0.00220	0.00158	0.00452

[dist]
# distance from previous block
# <min> <max>
0	9

[block]
# block no. 6 follows, 77 sequences, length 29
# corresponding to MSA columns:
# 398-426
name=unknown_G
#
# <colnr> <probs for GDERKNQSTAVLIFYWHMCP>
#	G	D	E	R	K	N	Q	S	T	A	V	L	I	F	Y	W	H	M	C	P
0	0.00913	0.00906	0.01887	0.01374	0.01704	0.00843	0.69355	0.01173	0.00872	0.08491	0.00922	0.08078	0.00755	0.00404	0.00435	0.00128	0.00557	0.00478	0.00228	0.00497
1	0.01135	0.02615	0.00952	0.06118	0.04923	0.00884	0.00642	0.22127	0.37504	0.17347	0.01199	0.01141	0.00863	0.00447	0.00360	0.00115	0.00337	0.00364	0.00354	0.00575
2	0.00744	0.00909	0.11725	0.01175	0.01471	0.00746	0.50487	0.02725	0.00816	0.01124	0.01025	0.21041	0.00973	0.00506	0.00417	0.00125	0.00489	0.00540	0.02518	0.00445
3	0.00976	0.30199	0.31892	0.00900	0.04349	0.03920	0.04679	0.10330	0.00889	0.07713	0.00683	0.00757	0.00517	0.00347	0.00312	0.00100	0.00453	0.00263	0.00202	0.00519
4	0.20445	0.14990	0.00999	0.00721	0.00886	0.26957	0.00588	0.01093	0.00796	0.01104	0.11187	0.00907	0.00819	0.00447	0.00460	0.00109	0.16594	0.00286	0.00210	0.00404
5	0.11756	0.00393	0.00419	0.00433	0.00534	0.00371	0.00319	0.00605	0.00782	0.01100	0.13064	0.26263	0.39438	0.00877	0.00410	0.00127	0.00203	0.02263	0.00328	0.00316
6	0.00876	0.01994	0.10997	0.00781	0.01013	0.00826	0.05828	0.20105	0.24284	0.01510	0.14168	0.03948	0.05417	0.00531	0.00431	0.00119	0.05922	0.00437	0.00313	0.00499
7	0.00496	0.00367	0.00463	0.00439	0.00530	0.00334	0.00329	0.00654	0.00988	0.01371	0.72539	0.02805	0.15825	0.00762	0.00424	0.00114	0.00172	0.00667	0.00387	0.00334
8	0.00781	0.00736	0.03739	0.65175	0.04997	0.00845	0.00947	0.10391	0.06753	0.01129	0.00724	0.00967	0.00540	0.00375	0.00359	0.00118	0.00456	0.00325	0.00197	0.00446
9	0.00625	0.00312	0.00469	0.00469	0.00469	0.00312	0.00312	0.00469	0.00469	0.00625	0.00625	0.01093	0.00625	0.01250	0.01406	0.89535	0.00312	0.00312	0.00156	0.00156
10	0.01026	0.54787	0.11994	0.00721	0.01038	0.06503	0.00717	0.11777	0.01951	0.03952	0.00611	0.00677	0.00503	0.00345	0.00292	0.00090	0.02099	0.00232	0.00195	0.00492
11	0.00574	0.00488	0.00749	0.05986	0.00877	0.00501	0.10457	0.00775	0.06498	0.01079	0.15367	0.30606	0.07087	0.00945	0.06790	0.00167	0.03824	0.06573	0.00300	0.00359
12	0.66833	0.00674	0.00609	0.00517	0.00754	0.00734	0.00426	0.01239	0.00721	0.23495	0.00741	0.00752	0.00520	0.00363	0.00259	0.00111	0.00286	0.00238	0.00281	0.00448
13	0.00438	0.00315	0.00415	0.00496	0.00520	0.00293	0.00332	0.00501	0.00694	0.00920	0.02044	0.84017	0.05446	0.01119	0.00458	0.00145	0.00208	0.01013	0.00334	0.00293
14	0.01284	0.01603	0.01033	0.07606	0.02715	0.76330	0.00726	0.02797	0.01004	0.00912	0.00570	0.00681	0.00469	0.00370	0.00328	0.00095	0.00627	0.00242	0.00186	0.00422
15	0.02729	0.01191	0.01365	0.06660	0.29585	0.33320	0.16048	0.02841	0.00908	0.01072	0.00638	0.00811	0.00517	0.00341	0.00354	0.00105	0.00544	0.00303	0.00185	0.00483
16	0.00901	0.00864	0.01304	0.23956	0.51867	0.06131	0.01019	0.07520	0.00873	0.01175	0.00674	0.00891	0.00543	0.00342	0.00355	0.00109	0.00452	0.00315	0.00188	0.00519
17	0.00755	0.00683	0.00926	0.15418	0.04952	0.03000	0.00701	0.00980	0.08968	0.03288	0.07389	0.01235	0.03507	0.00755	0.09138	0.00175	0.31319	0.01843	0.00221	0.04747
18	0.00488	0.00394	0.00513	0.00517	0.00605	0.00366	0.04392	0.00636	0.05470	0.01026	0.09188	0.41497	0.30046	0.00944	0.00439	0.00133	0.00223	0.02465	0.00333	0.00326
19	0.01506	0.00584	0.00788	0.00613	0.00870	0.00508	0.00503	0.01648	0.01012	0.76398	0.05145	0.01297	0.01005	0.00457	0.00358	0.00110	0.00291	0.00373	0.05952	0.00583
20	0.00850	0.00616	0.00729	0.00636	0.00771	0.00683	0.00489	0.29488	0.07165	0.01336	0.00957	0.01330	0.00849	0.14678	0.28134	0.09687	0.00554	0.00379	0.00263	0.00407
21	0.00526	0.00352	0.00401	0.00405	0.00408	0.00352	0.00234	0.00533	0.00537	0.00715	0.01168	0.02431	0.01342	0.83431	0.01770	0.00340	0.00348	0.04260	0.00223	0.00223
22	0.00875	0.00696	0.02422	0.04640	0.00958	0.04781	0.04613	0.04029	0.21981	0.12615	0.05395	0.05324	0.07273	0.00788	0.09248	0.00170	0.07798	0.03960	0.01976	0.00459
23	0.00446	0.00322	0.00420	0.00494	0.00525	0.00300	0.00336	0.00515	0.00704	0.00931	0.03553	0.74911	0.07704	0.03326	0.00493	0.00150	0.00214	0.04030	0.00332	0.00293
24	0.01041	0.00783	0.00879	0.00665	0.00949	0.05937	0.01860	0.16634	0.00977	0.14732	0.00794	0.00844	0.00597	0.00350	0.00349	0.00081	0.04513	0.00267	0.00273	0.47473
25	0.04928	0.00803	0.01276	0.03292	0.52187	0.00828	0.07357	0.01216	0.16480	0.01234	0.00900	0.06312	0.00769	0.00402	0.00364	0.00114	0.00395	0.00382	0.00225	0.00534
26	0.00680	0.00505	0.00561	0.00538	0.00631	0.02431	0.00383	0.05593	0.16333	0.04899	0.01602	0.19895	0.09917	0.26775	0.07430	0.00228	0.00345	0.00595	0.00298	0.00361
27	0.00929	0.29800	0.43542	0.00847	0.01258	0.04910	0.00973	0.05206	0.00828	0.07640	0.00665	0.00736	0.00499	0.00344	0.00307	0.00100	0.00465	0.00250	0.00187	0.00514
28	0.08408	0.07650	0.08918	0.00732	0.00983	0.00917	0.00641	0.40171	0.08670	0.01681	0.01043	0.16638	0.00934	0.00538	0.00355	0.00115	0.00354	0.00433	0.00309	0.00512

[dist]
# distance from previous block
# <min> <max>
0	16

[block]
# block no. 7 follows, 77 sequences, length 14
# corresponding to MSA columns:
# 600-613
name=unknown_H
#
# <colnr> <probs for GDERKNQSTAVLIFYWHMCP>
#	G	D	E	R	K	N	Q	S	T	A	V	L	I	F	Y	W	H	M	C	P
0	0.09986	0.36589	0.23713	0.00731	0.01061	0.01075	0.00770	0.03667	0.12069	0.01158	0.04002	0.00825	0.00659	0.00370	0.00306	0.00100	0.01963	0.00265	0.00205	0.00486
1	0.00597	0.00470	0.00656	0.00791	0.12055	0.00468	0.00540	0.00813	0.07515	0.01155	0.17452	0.20781	0.05398	0.00839	0.00443	0.00138	0.00278	0.28910	0.00326	0.00375
2	0.00928	0.00761	0.01267	0.25912	0.50299	0.00795	0.00996	0.01139	0.00819	0.12470	0.00766	0.00955	0.00587	0.00348	0.00358	0.00111	0.00426	0.00326	0.00209	0.00527
3	0.00574	0.00423	0.00510	0.00518	0.00599	0.00413	0.00374	0.11795	0.00897	0.01194	0.15721	0.49959	0.13772	0.00939	0.00435	0.00132	0.00224	0.00830	0.00348	0.00345
4	0.01161	0.00609	0.00777	0.00681	0.00886	0.00597	0.00571	0.12506	0.07714	0.37898	0.01518	0.02178	0.01283	0.00639	0.00409	0.00131	0.00325	0.29221	0.00387	0.00510
5	0.00764	0.00577	0.00894	0.00777	0.04169	0.00601	0.11579	0.00924	0.00881	0.12575	0.36380	0.04407	0.06433	0.00624	0.00556	0.00123	0.16487	0.00523	0.00316	0.00411
6	0.89899	0.00696	0.00529	0.00473	0.00696	0.00807	0.00390	0.01057	0.00612	0.01614	0.00501	0.00584	0.00390	0.00334	0.00223	0.00111	0.00278	0.00195	0.00223	0.00390
7	0.00962	0.87575	0.01885	0.00615	0.00923	0.01423	0.00615	0.01077	0.00731	0.00846	0.00500	0.00577	0.00462	0.00308	0.00231	0.00077	0.00385	0.00192	0.00154	0.00462
8	0.00809	0.01745	0.74097	0.00999	0.01497	0.00873	0.01242	0.12315	0.00885	0.01291	0.00675	0.00773	0.00477	0.00354	0.00344	0.00113	0.00513	0.00274	0.00180	0.00542
9	0.00486	0.00357	0.00465	0.00526	0.00588	0.00336	0.00402	0.00594	0.00780	0.01018	0.08849	0.40908	0.15511	0.01019	0.00463	0.00146	0.00240	0.26663	0.00338	0.00310
10	0.00677	0.00587	0.00897	0.42443	0.14854	0.00655	0.00764	0.02825	0.00783	0.01058	0.01322	0.01497	0.17444	0.00473	0.00358	0.00113	0.00368	0.00410	0.12068	0.00404
11	0.00437	0.00317	0.00414	0.00491	0.00519	0.00293	0.00330	0.00502	0.00698	0.00922	0.02098	0.81289	0.08139	0.01112	0.00457	0.00144	0.00207	0.01004	0.00334	0.00293
12	0.00753	0.00681	0.01116	0.39902	0.29750	0.00769	0.00920	0.02492	0.03040	0.01017	0.00701	0.00988	0.00573	0.00606	0.07284	0.06546	0.01916	0.00327	0.00178	0.00441
13	0.00584	0.00489	0.00734	0.00676	0.00734	0.00591	0.04302	0.00697	0.00582	0.00844	0.00890	0.03177	0.00867	0.10274	0.54803	0.00440	0.18392	0.00400	0.00190	0.00333

[dist]
# distance from previous block
# <min> <max>
3	25

[block]
# block no. 8 follows, 77 sequences, length 27
# corresponding to MSA columns:
# 639-665
name=unknown_I
#
# <colnr> <probs for GDERKNQSTAVLIFYWHMCP>
#	G	D	E	R	K	N	Q	S	T	A	V	L	I	F	Y	W	H	M	C	P
0	0.04676	0.04794	0.10444	0.00896	0.14022	0.03181	0.00679	0.07471	0.03159	0.07468	0.00729	0.00813	0.00567	0.00323	0.00304	0.00083	0.00351	0.00259	0.00230	0.39550
1	0.03219	0.10407	0.16775	0.03139	0.05472	0.00692	0.01456	0.02088	0.00767	0.04232	0.04930	0.08399	0.00838	0.00517	0.04197	0.00114	0.02315	0.00340	0.00220	0.29883
2	0.00616	0.00312	0.00466	0.00470	0.00471	0.00311	0.00313	0.00470	0.00479	0.00638	0.00686	0.04973	0.00704	0.01244	0.01363	0.85503	0.00308	0.00344	0.00164	0.00162
3	0.00922	0.02785	0.37217	0.01062	0.11615	0.00886	0.02863	0.19732	0.07579	0.03795	0.04587	0.00966	0.00713	0.01422	0.00389	0.00115	0.02248	0.00323	0.00239	0.00542
4	0.73655	0.00721	0.01840	0.03261	0.03185	0.00806	0.00460	0.05580	0.00698	0.04140	0.00576	0.00660	0.00438	0.00345	0.00245	0.00111	0.00297	0.00219	0.02348	0.00415
5	0.00618	0.04449	0.00713	0.13161	0.03257	0.02501	0.00511	0.00847	0.08671	0.01161	0.29091	0.03181	0.22824	0.00655	0.00442	0.00117	0.05572	0.00546	0.00304	0.01378
6	0.89899	0.00696	0.00529	0.00473	0.00696	0.00807	0.00390	0.01057	0.00612	0.01614	0.00501	0.00584	0.00390	0.00334	0.00223	0.00111	0.00278	0.00195	0.00223	0.00390
7	0.00695	0.00589	0.00798	0.00716	0.00773	0.00745	0.00576	0.07467	0.00669	0.00981	0.00855	0.01225	0.03073	0.05871	0.35481	0.00330	0.34456	0.00368	0.03965	0.00368
8	0.00485	0.00367	0.00448	0.00428	0.00523	0.00329	0.00321	0.00633	0.00962	0.01310	0.62041	0.02905	0.26361	0.00785	0.00424	0.00115	0.00173	0.00681	0.00379	0.00329
9	0.00456	0.00362	0.00407	0.00408	0.00508	0.00317	0.00303	0.00565	0.00854	0.01087	0.24839	0.09629	0.52153	0.03339	0.00470	0.00129	0.00190	0.03325	0.00347	0.00311
10	0.00838	0.00807	0.01382	0.21337	0.61792	0.00850	0.03372	0.01057	0.00790	0.01108	0.00664	0.00905	0.00546	0.00337	0.00380	0.00112	0.02700	0.00323	0.00173	0.00524
11	0.00468	0.00368	0.00427	0.00436	0.00528	0.00329	0.00317	0.00598	0.03160	0.01088	0.22358	0.25962	0.38994	0.00903	0.00429	0.00125	0.00191	0.00784	0.00347	0.02186
