[name]
unknown

[dist]
# distance from previous block
# <min> <max>
0	65

[block]
# block no. 0 follows, 74 sequences, length 19
# corresponding to MSA columns:
# 88-106
name=unknown_A
#
# <colnr> <probs for GDERKNQSTAVLIFYWHMCP>
#	G	D	E	R	K	N	Q	S	T	A	V	L	I	F	Y	W	H	M	C	P
0	0.00753	0.04538	0.07021	0.00712	0.02865	0.06466	0.03310	0.02222	0.04462	0.04420	0.01286	0.32684	0.01344	0.00718	0.01947	0.00124	0.01562	0.03446	0.00277	0.19842
1	0.05214	0.10696	0.26691	0.06084	0.05994	0.04051	0.06385	0.06553	0.06423	0.12022	0.00846	0.00957	0.00630	0.00392	0.00359	0.00113	0.01699	0.01621	0.01603	0.01667
2	0.04871	0.13435	0.18880	0.05862	0.06049	0.04495	0.04107	0.09985	0.07092	0.07309	0.02867	0.05565	0.03275	0.00452	0.00374	0.00113	0.02725	0.00362	0.00249	0.01933
3	0.00584	0.00350	0.00506	0.00512	0.00533	0.00369	0.00356	0.00547	0.00541	0.00741	0.00910	0.07369	0.00939	0.11490	0.27210	0.45674	0.00525	0.00422	0.00193	0.00230
4	0.00843	0.00666	0.00807	0.02608	0.10739	0.00702	0.00572	0.13594	0.24283	0.04203	0.15817	0.05075	0.15581	0.00628	0.00420	0.01818	0.00293	0.00520	0.00346	0.00486
5	0.00994	0.00669	0.00770	0.00643	0.00835	0.00704	0.02601	0.27978	0.10484	0.08396	0.13370	0.03898	0.04407	0.00540	0.00365	0.00111	0.00291	0.01715	0.20738	0.00491
6	0.01155	0.41093	0.01475	0.02321	0.01069	0.17290	0.01835	0.23241	0.01074	0.01288	0.00659	0.00740	0.00541	0.00435	0.02630	0.00107	0.00469	0.00256	0.01820	0.00502
7	0.13575	0.00806	0.00906	0.00715	0.00990	0.00839	0.00587	0.30882	0.09415	0.35755	0.01134	0.01052	0.00766	0.00443	0.00353	0.00115	0.00343	0.00340	0.00388	0.00596
8	0.01198	0.01430	0.00945	0.00892	0.02729	0.61871	0.00654	0.03076	0.07388	0.01009	0.00873	0.12700	0.00818	0.00502	0.00357	0.00106	0.00557	0.00372	0.02093	0.00430
9	0.03849	0.24286	0.32441	0.00918	0.03824	0.02490	0.04487	0.06498	0.10945	0.04365	0.00768	0.00837	0.00585	0.00374	0.00341	0.00108	0.01851	0.00286	0.00214	0.00532
10	0.01389	0.00608	0.00800	0.00634	0.00872	0.00559	0.00517	0.07048	0.01080	0.59268	0.15261	0.01485	0.01322	0.00512	0.00400	0.00115	0.02481	0.00418	0.04666	0.00565
11	0.00509	0.00393	0.00469	0.00494	0.00573	0.00374	0.00353	0.00697	0.08705	0.01132	0.19616	0.40326	0.23059	0.00960	0.00448	0.00135	0.00208	0.00847	0.00361	0.00342
12	0.00909	0.04457	0.19771	0.04592	0.17904	0.06311	0.10960	0.06569	0.04152	0.03199	0.02697	0.02579	0.00678	0.00468	0.02166	0.00129	0.10605	0.00348	0.00995	0.00512
13	0.00489	0.00362	0.00427	0.00454	0.00513	0.00334	0.00316	0.00565	0.00753	0.00972	0.10274	0.25380	0.27464	0.22660	0.00819	0.00194	0.00249	0.07160	0.00320	0.00294
14	0.02384	0.00880	0.01210	0.13126	0.29419	0.00958	0.02573	0.28462	0.12114	0.01592	0.00870	0.00992	0.00667	0.00460	0.02551	0.00127	0.00434	0.00345	0.00270	0.00567
15	0.00470	0.00338	0.00439	0.00510	0.00543	0.00316	0.00350	0.00542	0.00726	0.00961	0.04362	0.67643	0.07429	0.07244	0.00574	0.00165	0.00231	0.06520	0.00338	0.00301
16	0.00577	0.00434	0.02431	0.00487	0.00599	0.00379	0.00380	0.00765	0.03132	0.05054	0.63790	0.05874	0.13152	0.00767	0.00433	0.00119	0.00196	0.00671	0.00394	0.00367
17	0.09083	0.07600	0.02550	0.39015	0.06261	0.01922	0.09658	0.08453	0.04312	0.01207	0.00721	0.02341	0.00569	0.00385	0.00373	0.00117	0.02408	0.00331	0.00206	0.02487
18	0.05103	0.14289	0.06840	0.03358	0.05607	0.09321	0.00661	0.16507	0.03466	0.04044	0.00763	0.00947	0.00635	0.08083	0.00471	0.00119	0.01862	0.00293	0.00240	0.17393

[dist]
# distance from previous block
# <min> <max>
3	17

[block]
# block no. 1 follows, 74 sequences, length 46
# corresponding to MSA columns:
# 124-137,154-185
name=unknown_B
#
# <colnr> <probs for GDERKNQSTAVLIFYWHMCP>
#	G	D	E	R	K	N	Q	S	T	A	V	L	I	F	Y	W	H	M	C	P
0	0.00977	0.02303	0.02300	0.06774	0.01188	0.03136	0.10587	0.12954	0.34857	0.05893	0.05988	0.01268	0.01007	0.03029	0.00440	0.00125	0.02052	0.00398	0.00318	0.04406
1	0.00539	0.00362	0.00415	0.00415	0.00418	0.00365	0.00237	0.00546	0.00543	0.00727	0.01161	0.02380	0.01328	0.82679	0.06136	0.00372	0.00392	0.00533	0.00224	0.00230
2	0.03103	0.00996	0.03081	0.04272	0.08838	0.16951	0.03775	0.08449	0.03486	0.05230	0.00718	0.00969	0.00616	0.06366	0.02036	0.00150	0.28265	0.00329	0.00218	0.02152
3	0.00791	0.00659	0.00772	0.00552	0.00881	0.00496	0.00442	0.00956	0.00777	0.03237	0.00679	0.00782	0.00559	0.00279	0.00277	0.00056	0.00276	0.00224	0.00226	0.87078
4	0.00854	0.12452	0.33185	0.05870	0.06043	0.03482	0.09941	0.02573	0.08862	0.04208	0.02089	0.02005	0.05998	0.00416	0.00360	0.00114	0.00465	0.00352	0.00217	0.00513
5	0.00562	0.00394	0.00501	0.00523	0.00556	0.00409	0.00377	0.00630	0.00642	0.00857	0.01374	0.02813	0.01520	0.49696	0.10899	0.00325	0.02310	0.25079	0.00256	0.00276
6	0.01030	0.00795	0.00859	0.00739	0.00959	0.00892	0.00584	0.17776	0.55173	0.06673	0.07174	0.01378	0.01183	0.00506	0.00378	0.00121	0.00306	0.00416	0.02481	0.00576
7	0.00665	0.00599	0.00827	0.00758	0.00801	0.02766	0.00611	0.00776	0.00596	0.00876	0.00778	0.01177	0.00738	0.01861	0.49261	0.00408	0.35589	0.00364	0.00184	0.00364
8	0.03190	0.00857	0.01448	0.01043	0.01388	0.02756	0.39541	0.02880	0.00844	0.01229	0.00702	0.00875	0.00552	0.00301	0.00354	0.00092	0.00453	0.00325	0.00208	0.40960
9	0.00473	0.00392	0.00438	0.00437	0.00535	0.00359	0.00325	0.00571	0.00837	0.01050	0.14048	0.13711	0.57796	0.02386	0.00507	0.00133	0.04566	0.00775	0.00342	0.00320
10	0.00538	0.00366	0.00438	0.00438	0.00449	0.00378	0.00266	0.00561	0.00549	0.00744	0.01140	0.02263	0.01277	0.72579	0.16167	0.00400	0.00468	0.00516	0.00220	0.00243
11	0.89577	0.00718	0.00546	0.00488	0.00718	0.00833	0.00402	0.01091	0.00632	0.01665	0.00517	0.00603	0.00402	0.00345	0.00230	0.00115	0.00287	0.00201	0.00230	0.00402
12	0.00895	0.44169	0.37635	0.00845	0.01256	0.03840	0.02214	0.01175	0.03010	0.01027	0.00613	0.00706	0.00493	0.00340	0.00297	0.00098	0.00472	0.00242	0.00165	0.00509
13	0.05542	0.18727	0.19835	0.02231	0.05658	0.10289	0.02945	0.14483	0.02393	0.09253	0.03435	0.00928	0.00680	0.00397	0.00335	0.00107	0.00449	0.01542	0.00245	0.00525
14	0.00744	0.01920	0.85032	0.01058	0.01607	0.00862	0.01371	0.01176	0.00784	0.01176	0.00666	0.00784	0.00470	0.00353	0.00353	0.00118	0.00549	0.00274	0.00157	0.00549
15	0.00980	0.00905	0.01286	0.01914	0.09826	0.05131	0.22312	0.13699	0.28049	0.02639	0.06336	0.01273	0.01741	0.00448	0.00396	0.00120	0.00426	0.01681	0.00298	0.00541
16	0.00577	0.00403	0.00436	0.00415	0.00554	0.00340	0.00316	0.00679	0.00873	0.10260	0.06348	0.05968	0.69733	0.00888	0.00433	0.00125	0.00203	0.00743	0.00360	0.00349
17	0.00535	0.00364	0.00434	0.00437	0.00448	0.00373	0.00265	0.00559	0.00562	0.00760	0.02568	0.04981	0.01361	0.70839	0.13678	0.00383	0.00442	0.00538	0.00228	0.00245
18	0.89577	0.00718	0.00546	0.00488	0.00718	0.00833	0.00402	0.01091	0.00632	0.01665	0.00517	0.00603	0.00402	0.00345	0.00230	0.00115	0.00287	0.00201	0.00230	0.00402
19	0.00531	0.00396	0.00588	0.00588	0.00651	0.00459	0.00453	0.00657	0.00594	0.00855	0.01002	0.01503	0.00947	0.06670	0.81624	0.00586	0.00965	0.00404	0.00200	0.00326
20	0.00892	0.00930	0.06510	0.12879	0.44242	0.02118	0.16367	0.01184	0.05278	0.03446	0.00784	0.02298	0.00630	0.00360	0.00382	0.00117	0.00477	0.00363	0.00201	0.00541
21	0.28050	0.51295	0.01425	0.00645	0.02077	0.09427	0.00579	0.01142	0.00747	0.01123	0.00524	0.00609	0.00455	0.00332	0.00247	0.00092	0.00391	0.00205	0.00184	0.00451
22	0.00471	0.00341	0.00447	0.00515	0.00551	0.00313	0.00346	0.00539	0.00708	0.00954	0.01948	0.79681	0.02323	0.03850	0.00509	0.00153	0.00223	0.00997	0.00334	0.04798
23	0.00868	0.03420	0.10367	0.08721	0.24368	0.06260	0.08035	0.04355	0.03728	0.04015	0.07300	0.04157	0.05188	0.00483	0.00421	0.00119	0.04080	0.03385	0.00238	0.00492
24	0.00463	0.00372	0.00412	0.00412	0.00519	0.00322	0.00305	0.00575	0.00888	0.01126	0.24810	0.10672	0.55996	0.00912	0.00442	0.00125	0.00187	0.00778	0.00361	0.00322
25	0.01863	0.06476	0.02684	0.09255	0.13177	0.14364	0.15238	0.01960	0.05041	0.01070	0.00877	0.09566	0.01628	0.02797	0.00515	0.00127	0.10538	0.00411	0.01959	0.00454
26	0.00462	0.00338	0.00434	0.00503	0.00544	0.00313	0.00348	0.00539	0.00744	0.00976	0.04699	0.66849	0.13491	0.02787	0.00498	0.00152	0.00220	0.05456	0.00344	0.00305
27	0.00831	0.00598	0.00875	0.15189	0.05473	0.02044	0.04153	0.04546	0.00795	0.12841	0.04182	0.01435	0.00943	0.07237	0.26452	0.00284	0.05778	0.03137	0.02788	0.00421
28	0.00573	0.00415	0.00568	0.00551	0.00597	0.00459	0.01359	0.00656	0.00607	0.02252	0.03886	0.01930	0.01192	0.35629	0.40286	0.00438	0.05013	0.03062	0.00223	0.00301
29	0.03894	0.18787	0.01111	0.02589	0.01004	0.08555	0.00610	0.14800	0.18446	0.17698	0.02023	0.01140	0.05237	0.00457	0.00358	0.00109	0.01984	0.00346	0.00316	0.00536
30	0.01569	0.00752	0.00947	0.00746	0.02386	0.00729	0.00604	0.24488	0.01241	0.59220	0.01277	0.01147	0.00827	0.00456	0.00386	0.00115	0.01696	0.00361	0.00426	0.00627
31	0.29610	0.01711	0.00806	0.00663	0.00870	0.06238	0.04703	0.13245	0.00939	0.09137	0.08741	0.01214	0.04842	0.00475	0.00381	0.00115	0.05735	0.01923	0.06534	0.02119
32	0.01103	0.18016	0.01189	0.03319	0.05863	0.08803	0.00673	0.25593	0.22557	0.01534	0.00927	0.00951	0.00714	0.00412	0.00336	0.00104	0.00393	0.00315	0.02494	0.04704
33	0.00491	0.00347	0.00458	0.00533	0.00564	0.00332	0.00376	0.00567	0.00715	0.00948	0.01916	0.60354	0.02251	0.12359	0.00666	0.00182	0.00258	0.16055	0.00328	0.00299
34	0.00888	0.03389	0.04622	0.15476	0.15344	0.04887	0.06351	0.10930	0.07478	0.04125	0.05167	0.07910	0.00939	0.00678	0.07710	0.00160	0.02793	0.00416	0.00251	0.00485
35	0.00847	0.00748	0.00835	0.00673	0.00923	0.05016	0.04138	0.07319	0.20942	0.01330	0.01228	0.04715	0.08297	0.00456	0.00356	0.00094	0.01771	0.00377	0.02623	0.37311
36	0.03885	0.00522	0.00616	0.00606	0.00661	0.05709	0.00454	0.00720	0.00644	0.00907	0.01126	0.13538	0.01184	0.18359	0.33321	0.00358	0.10243	0.04255	0.02569	0.00324
37	0.00499	0.00362	0.00446	0.00480	0.00530	0.00343	0.00328	0.00610	0.03242	0.01049	0.18360	0.42084	0.11742	0.15080	0.00689	0.00174	0.00231	0.01927	0.01512	0.00310
38	0.14439	0.08044	0.02583	0.07987	0.10440	0.25470	0.04920	0.05996	0.04827	0.02790	0.00689	0.02216	0.00566	0.00405	0.00399	0.00112	0.07137	0.00295	0.00215	0.00470
39	0.00524	0.00412	0.01897	0.00469	0.00579	0.00356	0.00368	0.00665	0.00927	0.02871	0.38555	0.05609	0.33662	0.02075	0.01783	0.00137	0.00221	0.08181	0.00367	0.00341
40	0.01023	0.06428	0.08343	0.02940	0.27891	0.05599	0.02474	0.20155	0.13672	0.01473	0.00899	0.03503	0.00721	0.00415	0.00360	0.00112	0.00421	0.00351	0.02661	0.00559
41	0.00551	0.00412	0.00595	0.00587	0.00649	0.00477	0.00449	0.02007	0.00609	0.00871	0.01002	0.01541	0.00960	0.11705	0.73571	0.00555	0.02519	0.00410	0.00204	0.00326
42	0.06514	0.07919	0.04615	0.03741	0.05609	0.04667	0.00711	0.39574	0.11683	0.08780	0.00960	0.00968	0.01748	0.00429	0.00351	0.00111	0.00397	0.00328	0.00320	0.00574
43	0.01056	0.11535	0.24281	0.03680	0.17396	0.00955	0.02845	0.17220	0.02405	0.11888	0.00825	0.01725	0.00615	0.00390	0.00364	0.00111	0.01580	0.00316	0.00249	0.00565
44	0.00912	0.00854	0.01451	0.07672	0.76048	0.00863	0.01110	0.01132	0.00843	0.02789	0.00735	0.00994	0.00619	0.00349	0.00371	0.00112	0.00440	0.01942	0.00191	0.00573
45	0.00629	0.00449	0.00529	0.02166	0.00635	0.03251	0.00386	0.02532	0.00858	0.06500	0.24327	0.22359	0.12358	0.13404	0.02682	0.00175	0.00280	0.05794	0.00340	0.00343

[dist]
# distance from previous block
# <min> <max>
2	9

[block]
# block no. 2 follows, 74 sequences, length 9
# corresponding to MSA columns:
# 195-203
name=unknown_C
#
# <colnr> <probs for GDERKNQSTAVLIFYWHMCP>
#	G	D	E	R	K	N	Q	S	T	A	V	L	I	F	Y	W	H	M	C	P
0	0.01074	0.02659	0.05205	0.00606	0.00879	0.00534	0.00512	0.01244	0.02439	0.33874	0.03469	0.06289	0.05350	0.04114	0.00411	0.00107	0.00301	0.00390	0.00331	0.30212
1	0.00900	0.50261	0.08193	0.05159	0.01035	0.01135	0.00667	0.02881	0.09388	0.02821	0.10496	0.03861	0.00976	0.00428	0.00305	0.00098	0.00370	0.00324	0.00228	0.00476
2	0.00979	0.62903	0.08153	0.00772	0.05409	0.08140	0.00709	0.01129	0.00794	0.00949	0.02781	0.00699	0.00566	0.00336	0.00269	0.00085	0.00422	0.00228	0.00172	0.04506
3	0.00503	0.00387	0.00468	0.00457	0.00559	0.00340	0.00336	0.00633	0.00906	0.01224	0.39489	0.19724	0.25775	0.00857	0.00434	0.00122	0.00194	0.00749	0.00365	0.06478
4	0.00685	0.02857	0.24063	0.04887	0.05927	0.03444	0.04506	0.00916	0.02164	0.02581	0.06845	0.24024	0.05122	0.02519	0.00440	0.00133	0.00384	0.06265	0.00260	0.01976
5	0.16405	0.10001	0.13358	0.03459	0.18051	0.02941	0.03233	0.07365	0.04739	0.10371	0.00770	0.00857	0.00582	0.00370	0.00341	0.00109	0.01900	0.00291	0.00239	0.04616
6	0.00831	0.00699	0.02267	0.04725	0.26686	0.00692	0.00709	0.08125	0.11853	0.05483	0.06030	0.08415	0.15365	0.00588	0.00396	0.00120	0.00333	0.03491	0.00297	0.02894
7	0.00456	0.00341	0.00419	0.00474	0.00525	0.00309	0.00324	0.00532	0.00756	0.00982	0.06845	0.57899	0.23240	0.04424	0.00518	0.00151	0.00212	0.00946	0.00343	0.00304
8	0.07192	0.05414	0.03563	0.08943	0.09723	0.00726	0.04160	0.07374	0.09452	0.12649	0.04949	0.19217	0.01196	0.00650	0.03010	0.00137	0.00367	0.00503	0.00300	0.00477

[dist]
# distance from previous block
# <min> <max>
6	10

[block]
# block no. 3 follows, 74 sequences, length 6
# corresponding to MSA columns:
# 216-221
name=unknown_D
#
# <colnr> <probs for GDERKNQSTAVLIFYWHMCP>
#	G	D	E	R	K	N	Q	S	T	A	V	L	I	F	Y	W	H	M	C	P
0	0.00840	0.00495	0.00607	0.00541	0.00677	0.00482	0.00407	0.06823	0.03618	0.18483	0.07658	0.08443	0.11863	0.17647	0.13044	0.00233	0.00388	0.00528	0.03880	0.03344
1	0.00652	0.00513	0.03931	0.00541	0.00635	0.00489	0.00417	0.04687	0.04784	0.03559	0.14253	0.06953	0.08213	0.26686	0.07555	0.00232	0.04521	0.04109	0.06920	0.00349
2	0.00999	0.05291	0.05183	0.03914	0.20206	0.00878	0.03972	0.15199	0.20982	0.07072	0.04671	0.01191	0.02476	0.00438	0.00364	0.00113	0.00371	0.00374	0.05757	0.00551
3	0.05235	0.20775	0.05338	0.00991	0.11977	0.27369	0.00745	0.10145	0.05833	0.03481	0.00696	0.00774	0.00558	0.00369	0.00318	0.00098	0.00478	0.00265	0.00222	0.04334
4	0.00764	0.00870	0.18076	0.00893	0.09075	0.00661	0.03589	0.09560	0.09489	0.03885	0.04830	0.26399	0.06665	0.00688	0.00411	0.00129	0.00351	0.02902	0.00297	0.00465
5	0.05352	0.25975	0.10269	0.06039	0.06232	0.04216	0.03002	0.11522	0.00953	0.12656	0.04645	0.00967	0.02346	0.00395	0.00325	0.00102	0.00405	0.00306	0.00251	0.04043

[dist]
# distance from previous block
# <min> <max>
0	7

[block]
# block no. 4 follows, 74 sequences, length 6
# corresponding to MSA columns:
# 229-234
name=unknown_E
#
# <colnr> <probs for GDERKNQSTAVLIFYWHMCP>
#	G	D	E	R	K	N	Q	S	T	A	V	L	I	F	Y	W	H	M	C	P
0	0.00921	0.26359	0.22769	0.03350	0.08091	0.00972	0.03061	0.03014	0.05242	0.09129	0.07179	0.03993	0.00868	0.00429	0.00364	0.00109	0.03069	0.00340	0.00232	0.00509
1	0.00558	0.00353	0.00443	0.00447	0.00455	0.00359	0.00277	0.00538	0.00541	0.00728	0.01077	0.06270	0.01204	0.54933	0.09971	0.20499	0.00407	0.00502	0.00214	0.00225
2	0.00723	0.03818	0.19138	0.00928	0.10750	0.04315	0.06201	0.02493	0.04953	0.01232	0.19173	0.09852	0.08791	0.00597	0.00397	0.00120	0.00366	0.03253	0.02451	0.00447
3	0.01114	0.13912	0.07815	0.07221	0.14433	0.06774	0.05008	0.17007	0.04799	0.13340	0.02599	0.02793	0.00727	0.00411	0.00354	0.00110	0.00431	0.00339	0.00270	0.00544
4	0.01034	0.03154	0.01011	0.06118	0.15983	0.03452	0.03234	0.12760	0.06320	0.17423	0.12042	0.07023	0.01237	0.00526	0.00402	0.00118	0.02077	0.02722	0.02853	0.00513
5	0.00527	0.00404	0.00499	0.03460	0.00621	0.00398	0.00369	0.03257	0.00807	0.01066	0.16268	0.32506	0.21665	0.12321	0.00669	0.00165	0.03570	0.00780	0.00327	0.00321

[dist]
# distance from previous block
# <min> <max>
4	8

[block]
# block no. 5 follows, 74 sequences, length 6
# corresponding to MSA columns:
# 243-248
name=unknown_F
#
# <colnr> <probs for GDERKNQSTAVLIFYWHMCP>
#	G	D	E	R	K	N	Q	S	T	A	V	L	I	F	Y	W	H	M	C	P
0	0.00559	0.00400	0.00485	0.00471	0.00491	0.00426	0.00308	0.00575	0.00577	0.00772	0.01352	0.02245	0.10668	0.56549	0.08231	0.07160	0.07729	0.00521	0.00226	0.00254
1	0.01012	0.01080	0.15749	0.06846	0.18945	0.08075	0.07115	0.08625	0.09480	0.10686	0.03376	0.01087	0.02864	0.00420	0.00399	0.00117	0.02972	0.00357	0.00256	0.00539
2	0.00750	0.00531	0.00647	0.00541	0.00755	0.00427	0.00412	0.00876	0.00789	0.10655	0.01383	0.28702	0.06208	0.00622	0.00360	0.00097	0.00255	0.00540	0.00295	0.45155
3	0.00739	0.00593	0.00713	0.00591	0.00784	0.00561	0.00458	0.07906	0.04912	0.01181	0.03253	0.04238	0.00958	0.12992	0.14399	0.00207	0.03801	0.03164	0.00249	0.38301
4	0.50910	0.11862	0.04406	0.00771	0.10398	0.04163	0.00582	0.04057	0.00745	0.01451	0.00571	0.00672	0.00458	0.00339	0.00264	0.00104	0.00348	0.00226	0.00215	0.07458
5	0.00930	0.18984	0.20496	0.01003	0.11237	0.11732	0.03324	0.06645	0.07377	0.01217	0.09165	0.01136	0.02531	0.00430	0.00348	0.00108	0.00444	0.02161	0.00230	0.00501

[dist]
# distance from previous block
# <min> <max>
0	2

[block]
# block no. 6 follows, 74 sequences, length 7
# corresponding to MSA columns:
# 251-257
name=unknown_G
#
# <colnr> <probs for GDERKNQSTAVLIFYWHMCP>
#	G	D	E	R	K	N	Q	S	T	A	V	L	I	F	Y	W	H	M	C	P
0	0.00640	0.00615	0.03981	0.00947	0.17068	0.04755	0.03837	0.00773	0.00789	0.01048	0.06122	0.39009	0.06913	0.04453	0.00512	0.00145	0.01934	0.05788	0.00287	0.00386
1	0.04428	0.00464	0.00633	0.03546	0.00735	0.00458	0.06499	0.02174	0.00834	0.01146	0.22124	0.21242	0.20009	0.08607	0.00595	0.00152	0.03429	0.02263	0.00320	0.00343
2	0.04866	0.07532	0.03393	0.06762	0.01089	0.07095	0.03023	0.09530	0.04795	0.03390	0.02772	0.01048	0.04179	0.00655	0.05566	0.00157	0.31685	0.00344	0.01669	0.00447
3	0.04819	0.01115	0.16010	0.00944	0.04189	0.06987	0.07117	0.23351	0.12274	0.08857	0.01028	0.01064	0.04309	0.00449	0.00421	0.00119	0.05759	0.00353	0.00288	0.00547
4	0.00534	0.00378	0.00507	0.00507	0.00549	0.00408	0.00358	0.00599	0.00587	0.00808	0.01227	0.01927	0.06871	0.32248	0.44874	0.05977	0.00673	0.00470	0.00216	0.00282
5	0.00963	0.06436	0.19517	0.03187	0.11788	0.03646	0.07382	0.14702	0.18419	0.03408	0.02876	0.01117	0.04043	0.00427	0.00368	0.00115	0.00430	0.00361	0.00265	0.00548
6	0.03616	0.00612	0.00716	0.06539	0.03202	0.03597	0.00525	0.06923	0.11818	0.01315	0.25277	0.10229	0.14365	0.00693	0.00488	0.00126	0.08652	0.00571	0.00325	0.00412

[dist]
# distance from previous block
# <min> <max>
15	44

[block]
# block no. 7 follows, 74 sequences, length 24
# corresponding to MSA columns:
# 314-329,340-347
name=unknown_H
#
# <colnr> <probs for GDERKNQSTAVLIFYWHMCP>
#	G	D	E	R	K	N	Q	S	T	A	V	L	I	F	Y	W	H	M	C	P
0	0.24807	0.06098	0.19254	0.00903	0.08127	0.04862	0.06815	0.03180	0.00815	0.10470	0.03816	0.00945	0.00676	0.02752	0.03830	0.00138	0.00439	0.00303	0.00235	0.01534
1	0.01581	0.00411	0.00475	0.00457	0.00518	0.00410	0.00309	0.03225	0.03486	0.02416	0.15493	0.03401	0.11679	0.44116	0.06480	0.00270	0.00338	0.01467	0.03165	0.00303
2	0.00777	0.00781	0.02768	0.30788	0.24666	0.05488	0.08285	0.00984	0.00799	0.01053	0.02115	0.10792	0.01936	0.02265	0.00439	0.00129	0.02076	0.03203	0.00207	0.00451
3	0.00877	0.03052	0.24006	0.07312	0.18979	0.01847	0.12649	0.06829	0.04003	0.04943	0.00899	0.08477	0.00762	0.00438	0.00381	0.00118	0.00464	0.01391	0.00224	0.02348
4	0.00521	0.00384	0.00504	0.00525	0.00578	0.00401	0.00377	0.00643	0.03717	0.00920	0.04148	0.24165	0.08293	0.18323	0.31867	0.00351	0.00532	0.03166	0.00271	0.00312
5	0.00691	0.00651	0.00864	0.00785	0.00803	0.02390	0.00623	0.00765	0.00631	0.00905	0.01148	0.22416	0.07015	0.05771	0.01000	0.00167	0.52237	0.00550	0.00225	0.00363
6	0.00953	0.11004	0.19583	0.17959	0.10474	0.07486	0.05015	0.07458	0.05286	0.06835	0.00814	0.02955	0.00641	0.00401	0.00357	0.00114	0.00472	0.01462	0.00221	0.00511
7	0.00732	0.00711	0.01146	0.78367	0.02449	0.03582	0.03634	0.00972	0.00752	0.00953	0.00655	0.00975	0.00496	0.00377	0.00394	0.00124	0.02768	0.00330	0.00166	0.00416
8	0.00530	0.00375	0.00467	0.00505	0.00581	0.00345	0.00377	0.00632	0.00809	0.03972	0.09959	0.33433	0.24703	0.05510	0.00539	0.00154	0.00239	0.16198	0.00348	0.00324
9	0.00851	0.01134	0.14938	0.03640	0.01904	0.00924	0.68562	0.01181	0.00858	0.01181	0.00736	0.00967	0.00547	0.00321	0.00423	0.00124	0.00611	0.00410	0.00182	0.00506
10	0.00724	0.00595	0.00637	0.00584	0.00751	0.00620	0.00453	0.09465	0.30043	0.01359	0.06443	0.07320	0.33638	0.00732	0.00412	0.00125	0.00255	0.03367	0.00360	0.02118
11	0.00523	0.00354	0.00417	0.00438	0.00445	0.00349	0.00263	0.00542	0.00587	0.00782	0.01385	0.20780	0.01614	0.65597	0.01538	0.00308	0.00328	0.03249	0.00255	0.00245
12	0.05607	0.00499	0.00570	0.00538	0.00660	0.00504	0.00407	0.10474	0.07946	0.01409	0.32020	0.20348	0.14773	0.00795	0.00422	0.00126	0.00232	0.01913	0.00367	0.00390
13	0.00676	0.00490	0.00599	0.00591	0.00700	0.00480	0.00445	0.11505	0.03569	0.02451	0.01677	0.40196	0.03892	0.05793	0.00548	0.02499	0.00282	0.14259	0.00327	0.09019
14	0.00549	0.00332	0.00445	0.00477	0.00484	0.00324	0.00307	0.00509	0.00580	0.00774	0.01286	0.32765	0.01479	0.22175	0.01200	0.34906	0.00292	0.00644	0.00244	0.00228
15	0.00535	0.00371	0.00469	0.00471	0.00493	0.00393	0.00307	0.00580	0.00562	0.00772	0.01132	0.04072	0.01236	0.57197	0.29426	0.00433	0.00566	0.00505	0.00219	0.00262
16	0.00449	0.00376	0.00390	0.00387	0.00508	0.00318	0.00290	0.00553	0.00870	0.01060	0.13332	0.03477	0.74882	0.00919	0.00439	0.00124	0.00186	0.00770	0.00352	0.00318
17	0.00829	0.31107	0.56589	0.00913	0.01383	0.01070	0.01119	0.01154	0.00774	0.01072	0.00615	0.00719	0.00472	0.00341	0.00313	0.00104	0.00497	0.00248	0.00157	0.00524
18	0.32111	0.00695	0.00740	0.00608	0.00857	0.00721	0.00497	0.07981	0.09345	0.36294	0.01080	0.01023	0.00740	0.00421	0.00317	0.00114	0.00303	0.00313	0.05309	0.00531
19	0.33424	0.00661	0.00710	0.00580	0.00819	0.00671	0.00471	0.07218	0.00909	0.39399	0.01049	0.01070	0.00737	0.05323	0.00401	0.00127	0.00307	0.00316	0.05301	0.00509
20	0.01254	0.00999	0.01022	0.02446	0.01112	0.06443	0.00672	0.54688	0.21117	0.01998	0.01036	0.02278	0.00770	0.00464	0.00370	0.00114	0.00393	0.00359	0.01869	0.00594
21	0.00635	0.00450	0.00607	0.05391	0.00752	0.00454	0.00434	0.00746	0.00665	0.05974	0.01175	0.09465	0.03731	0.18282	0.36372	0.00360	0.00600	0.00467	0.00239	0.13199
22	0.00473	0.00394	0.00417	0.00420	0.00535	0.00349	0.00311	0.00623	0.05486	0.01061	0.09073	0.13194	0.64503	0.00929	0.00439	0.00128	0.00196	0.00787	0.00351	0.00330
23	0.04048	0.57661	0.13533	0.00731	0.01066	0.04253	0.01652	0.05455	0.02364	0.04225	0.00615	0.00688	0.00511	0.00346	0.00287	0.00092	0.01553	0.00233	0.00189	0.00498

[dist]
# distance from previous block
# <min> <max>
3	16

[block]
# block no. 8 follows, 74 sequences, length 7
# corresponding to MSA columns:
# 390-396
name=unknown_I
#
# <colnr> <probs for GDERKNQSTAVLIFYWHMCP>
#	G	D	E	R	K	N	Q	S	T	A	V	L	I	F	Y	W	H	M	C	P
0	0.04993	0.00897	0.01100	0.28695	0.09803	0.15954	0.07148	0.04880	0.00893	0.07287	0.02916	0.04835	0.00748	0.00430	0.00367	0.00114	0.00467	0.02499	0.00229	0.05746
1	0.00645	0.00322	0.00484	0.00484	0.00484	0.00322	0.00322	0.00484	0.00484	0.00645	0.00645	0.01128	0.00645	0.01289	0.01451	0.89201	0.00322	0.00322	0.00161	0.00161
2	0.00836	0.12565	0.28494	0.03683	0.05079	0.06494	0.04034	0.02864	0.10992	0.01151	0.00961	0.08293	0.02234	0.00481	0.00405	0.00118	0.05265	0.02112	0.03453	0.00488
3	0.00543	0.00409	0.00494	0.00481	0.00542	0.00418	0.00339	0.02914	0.00718	0.00953	0.09584	0.06293	0.22435	0.31468	0.16971	0.00298	0.03969	0.00596	0.00274	0.00301
4	0.00547	0.00393	0.00495	0.00489	0.00532	0.00416	0.00334	0.00652	0.03989	0.00873	0.07578	0.02123	0.04725	0.44273	0.30584	0.00404	0.00556	0.00506	0.00241	0.00290
5	0.00609	0.00466	0.00532	0.00534	0.00608	0.03853	0.00389	0.02500	0.06782	0.01112	0.22296	0.17897	0.08041	0.14546	0.00766	0.08338	0.00278	0.09803	0.00321	0.00327
6	0.00631	0.00447	0.00543	0.00533	0.00633	0.00436	0.00399	0.08801	0.03703	0.03493	0.27762	0.30184	0.11818	0.00868	0.00437	0.00131	0.00229	0.05156	0.03425	0.00372

[dist]
# distance from previous block
# <min> <max>
4	21

[block]
# block no. 9 follows, 74 sequences, length 17
# corresponding to MSA columns:
# 423-439
name=unknown_J
#
# <colnr> <probs for GDERKNQSTAVLIFYWHMCP>
#	G	D	E	R	K	N	Q	S	T	A	V	L	I	F	Y	W	H	M	C	P
0	0.00685	0.00520	0.00790	0.03704	0.14353	0.00573	0.00591	0.00810	0.00658	0.05271	0.00920	0.01350	0.00843	0.08163	0.47641	0.04708	0.05645	0.00382	0.00207	0.02188
1	0.02283	0.02389	0.05080	0.00937	0.04656	0.04638	0.10620	0.13497	0.10325	0.22182	0.04753	0.02415	0.00865	0.00475	0.00492	0.00122	0.12055	0.00378	0.00312	0.01524
2	0.00630	0.00454	0.00498	0.00475	0.00560	0.00464	0.00329	0.02558	0.14937	0.01118	0.10133	0.05158	0.12327	0.34084	0.00963	0.00210	0.00276	0.00546	0.12473	0.01807
3	0.00823	0.00454	0.00572	0.00519	0.00668	0.00411	0.00412	0.00987	0.02546	0.22626	0.29522	0.02617	0.20588	0.00729	0.00418	0.00123	0.00235	0.09731	0.05605	0.00417
4	0.84574	0.00713	0.00564	0.00498	0.00731	0.00816	0.00410	0.01132	0.00656	0.06402	0.00571	0.00641	0.00431	0.00351	0.00238	0.00115	0.00289	0.00211	0.00243	0.00415
5	0.00532	0.00390	0.00558	0.00558	0.00611	0.00443	0.00416	0.00638	0.00585	0.00833	0.01030	0.01654	0.01013	0.19745	0.68640	0.00549	0.00866	0.00426	0.00204	0.00310
6	0.02960	0.00658	0.00776	0.00658	0.00866	0.00673	0.00534	0.18382	0.12735	0.26127	0.09507	0.01727	0.01291	0.02267	0.00412	0.00125	0.00307	0.10293	0.09179	0.00522
7	0.00991	0.00831	0.00877	0.00769	0.00991	0.00955	0.00604	0.13221	0.72611	0.01661	0.01425	0.01317	0.01064	0.00496	0.00377	0.00124	0.00310	0.00408	0.00377	0.00594
8	0.03171	0.00486	0.00576	0.00542	0.00665	0.00489	0.00409	0.02431	0.16608	0.07394	0.37198	0.16919	0.06963	0.00741	0.00415	0.00123	0.00222	0.00645	0.03593	0.00411
9	0.00531	0.00395	0.00584	0.00584	0.00645	0.00457	0.00448	0.00655	0.00593	0.00852	0.01006	0.01524	0.00956	0.08458	0.79849	0.00581	0.00951	0.00407	0.00201	0.00324
10	0.02539	0.00972	0.03462	0.25250	0.21827	0.15208	0.09574	0.04761	0.00879	0.01132	0.00746	0.02626	0.00623	0.00397	0.00381	0.00115	0.01688	0.02816	0.01928	0.03077
11	0.00550	0.00396	0.00555	0.00549	0.00591	0.00448	0.00401	0.00625	0.00572	0.00809	0.01000	0.01676	0.01008	0.25361	0.54240	0.06694	0.03600	0.00428	0.00202	0.00293
12	0.00571	0.00368	0.00539	0.00539	0.00577	0.00405	0.00392	0.00589	0.00552	0.00773	0.00891	0.01437	0.00871	0.10278	0.48604	0.31074	0.00703	0.00385	0.00188	0.00263
13	0.01028	0.00672	0.00837	0.04666	0.09981	0.06479	0.00588	0.03752	0.00892	0.24773	0.08789	0.03198	0.01108	0.07326	0.06948	0.00169	0.06086	0.01740	0.07036	0.03930
14	0.00534	0.00387	0.00565	0.00568	0.00623	0.00440	0.00428	0.00636	0.00590	0.00840	0.01036	0.04866	0.01017	0.11206	0.69606	0.04839	0.00867	0.00434	0.00205	0.00311
15	0.03824	0.00689	0.02483	0.00688	0.02912	0.02330	0.07131	0.00951	0.03503	0.02629	0.01119	0.07501	0.08618	0.02298	0.00388	0.00094	0.02473	0.01397	0.00245	0.48728
16	0.12833	0.21724	0.08776	0.06247	0.02932	0.15508	0.03865	0.04586	0.00843	0.02758	0.00634	0.00779	0.00521	0.00361	0.00329	0.00098	0.03025	0.01380	0.00201	0.12599

[dist]
# distance from previous block
# <min> <max>
1	35

[block]
# block no. 10 follows, 74 sequences, length 25
# corresponding to MSA columns:
# 488-512
name=unknown_K
#
# <colnr> <probs for GDERKNQSTAVLIFYWHMCP>
#	G	D	E	R	K	N	Q	S	T	A	V	L	I	F	Y	W	H	M	C	P
0	0.00830	0.00574	0.00757	0.00699	0.05023	0.00573	0.05715	0.06698	0.12829	0.11790	0.13329	0.04347	0.15851	0.03747	0.04757	0.02499	0.00323	0.00515	0.08702	0.00442
1	0.00708	0.00664	0.01105	0.83429	0.02507	0.00828	0.01017	0.00980	0.03312	0.00967	0.00686	0.01002	0.00515	0.00375	0.00371	0.00124	0.00489	0.00333	0.00172	0.00418
2	0.07045	0.00686	0.00785	0.00717	0.06877	0.03799	0.00515	0.06612	0.04972	0.08848	0.02295	0.14242	0.02968	0.00496	0.00341	0.00096	0.00304	0.01391	0.00283	0.36726
3	0.00751	0.00711	0.01205	0.66633	0.21592	0.00838	0.01056	0.00993	0.00766	0.01010	0.00669	0.00973	0.00516	0.00362	0.00370	0.00121	0.00482	0.00330	0.00169	0.00453
4	0.00456	0.00371	0.00403	0.00408	0.00515	0.00319	0.00301	0.00561	0.00868	0.01083	0.17943	0.12586	0.61029	0.00932	0.00442	0.00127	0.00189	0.00793	0.00356	0.00319
5	0.01471	0.00943	0.01054	0.00808	0.01103	0.01007	0.00668	0.64029	0.01583	0.21942	0.01027	0.00980	0.00700	0.00449	0.00372	0.00112	0.00386	0.00343	0.00392	0.00631
6	0.00876	0.01001	0.02190	0.01564	0.01940	0.00939	0.83292	0.01189	0.00876	0.01189	0.00751	0.01001	0.00563	0.00313	0.00438	0.00125	0.00626	0.00438	0.00188	0.00501
7	0.00562	0.00381	0.00465	0.00477	0.00516	0.00375	0.00329	0.00627	0.00687	0.02306	0.10836	0.04174	0.05587	0.51232	0.03525	0.00283	0.00341	0.16741	0.00279	0.00277
8	0.00464	0.00341	0.00433	0.00490	0.00537	0.00313	0.00339	0.00548	0.00774	0.01022	0.12459	0.59803	0.15474	0.02744	0.00492	0.00147	0.00212	0.02748	0.00350	0.00309
9	0.00478	0.00392	0.00423	0.00418	0.00534	0.00347	0.00312	0.00628	0.04509	0.01121	0.19695	0.07737	0.60305	0.00897	0.00438	0.00125	0.00192	0.00760	0.00359	0.00332
10	0.00466	0.00332	0.00429	0.00500	0.00524	0.00312	0.00332	0.00526	0.00697	0.00923	0.01996	0.70770	0.05484	0.12367	0.00658	0.00178	0.00236	0.02649	0.00329	0.00293
11	0.00789	0.00680	0.00809	0.02215	0.02906	0.00551	0.00485	0.02211	0.04492	0.01231	0.00699	0.00807	0.00576	0.00298	0.00303	0.00064	0.01897	0.00237	0.00226	0.78526
12	0.00794	0.00685	0.00853	0.00620	0.00943	0.00541	0.04859	0.04068	0.00815	0.01248	0.00716	0.00898	0.00605	0.00308	0.00295	0.00065	0.00301	0.02906	0.00228	0.78254
13	0.00575	0.00439	0.00580	0.00557	0.00581	0.00510	0.00397	0.00636	0.00565	0.00797	0.01007	0.01840	0.01071	0.43643	0.32520	0.00419	0.12911	0.00457	0.00206	0.00290
14	0.00854	0.00956	0.02029	0.11040	0.01973	0.00933	0.70919	0.01151	0.00849	0.01151	0.00731	0.00993	0.00553	0.00332	0.00460	0.00126	0.03857	0.00422	0.00184	0.00487
15	0.31008	0.00898	0.01057	0.13222	0.19115	0.09073	0.05087	0.09278	0.00853	0.01392	0.00629	0.00793	0.00498	0.00375	0.00370	0.00116	0.05262	0.00283	0.00215	0.00474
16	0.04918	0.00871	0.06227	0.04478	0.17403	0.04064	0.14764	0.11696	0.02454	0.06479	0.05667	0.10878	0.03033	0.00516	0.00420	0.00122	0.03116	0.02132	0.00266	0.00495
17	0.81167	0.00759	0.00611	0.00572	0.03480	0.02678	0.00445	0.04474	0.00693	0.01662	0.00539	0.00627	0.00419	0.00349	0.00242	0.00114	0.00305	0.00212	0.00233	0.00418
18	0.00710	0.00688	0.00907	0.00846	0.03873	0.02947	0.00657	0.00796	0.00662	0.00933	0.01321	0.13823	0.16109	0.00759	0.00915	0.00150	0.52786	0.00513	0.00224	0.00381
19	0.77441	0.00683	0.00548	0.00487	0.00708	0.00777	0.00399	0.01114	0.00668	0.06397	0.00627	0.00703	0.00475	0.00358	0.00240	0.00113	0.00280	0.00222	0.07349	0.00411
20	0.07806	0.00835	0.00967	0.02172	0.04715	0.00879	0.00637	0.35807	0.10937	0.28130	0.02607	0.01081	0.00811	0.00449	0.00363	0.00115	0.00356	0.00353	0.00379	0.00599
21	0.00868	0.01012	0.11841	0.14356	0.08230	0.05802	0.26018	0.03420	0.02064	0.03393	0.00796	0.05112	0.00666	0.00440	0.00506	0.00127	0.12012	0.01496	0.01366	0.00478
22	0.00470	0.00333	0.00433	0.00507	0.00530	0.00315	0.00339	0.00531	0.00697	0.00926	0.01962	0.70644	0.03889	0.12291	0.00659	0.00178	0.00239	0.04436	0.00329	0.00293
23	0.00508	0.00377	0.00535	0.00561	0.00620	0.00406	0.00423	0.00622	0.00667	0.00922	0.03920	0.24623	0.06105	0.03133	0.49960	0.00411	0.00674	0.04950	0.00260	0.00322
24	0.00993	0.01278	0.18516	0.06296	0.08874	0.17648	0.15901	0.08540	0.11627	0.01252	0.00785	0.00913	0.00601	0.00393	0.00415	0.00117	0.04784	0.00332	0.00220	0.00517

[dist]
# distance from previous block
# <min> <max>
0	1

[block]
# block no. 11 follows, 74 sequences, length 37
# corresponding to MSA columns:
# 514-529,555-575
name=unknown_L
#
# <colnr> <probs for GDERKNQSTAVLIFYWHMCP>
#	G	D	E	R	K	N	Q	S	T	A	V	L	I	F	Y	W	H	M	C	P
0	0.02890	0.00786	0.00917	0.00776	0.02471	0.00836	0.02174	0.18865	0.35181	0.24684	0.01377	0.02533	0.02483	0.00495	0.00378	0.00120	0.00330	0.01727	0.00387	0.00591
1	0.00517	0.00393	0.00448	0.00441	0.00542	0.00357	0.00324	0.00660	0.03876	0.02740	0.24988	0.09308	0.42031	0.08393	0.01971	0.00154	0.00223	0.01949	0.00352	0.00332
2	0.00592	0.00484	0.00679	0.03005	0.00726	0.00576	0.01584	0.00693	0.00628	0.00893	0.04807	0.04869	0.05703	0.17757	0.36561	0.00375	0.17954	0.00466	0.01319	0.00330
3	0.00989	0.11633	0.07401	0.23593	0.13462	0.11860	0.07865	0.08895	0.05358	0.04378	0.00742	0.00898	0.00571	0.00371	0.00354	0.00111	0.00487	0.00314	0.00213	0.00503
4	0.00820	0.07466	0.03904	0.03724	0.00982	0.05112	0.06983	0.03758	0.03686	0.06979	0.02519	0.03499	0.00872	0.07738	0.25030	0.00279	0.14604	0.01402	0.00228	0.00416
5	0.00582	0.00370	0.00494	0.00498	0.00546	0.00388	0.00357	0.00644	0.00632	0.02290	0.03941	0.08486	0.02972	0.18111	0.31468	0.14165	0.00537	0.01804	0.11427	0.00289
6	0.00677	0.00545	0.03196	0.11169	0.02497	0.00529	0.03890	0.04295	0.03889	0.05169	0.09768	0.21482	0.11614	0.04094	0.02732	0.01944	0.02170	0.04850	0.05107	0.00384
7	0.08283	0.06225	0.05537	0.05340	0.14015	0.04675	0.04898	0.14228	0.06993	0.15115	0.01003	0.01047	0.04077	0.00408	0.00349	0.00109	0.00396	0.00335	0.00282	0.06686
8	0.00935	0.29469	0.02981	0.12172	0.11370	0.06461	0.03901	0.08277	0.03350	0.02456	0.00904	0.04988	0.04138	0.01974	0.00377	0.00111	0.01977	0.01781	0.01902	0.00475
9	0.00907	0.11051	0.07542	0.03904	0.05764	0.02185	0.00638	0.10824	0.04914	0.04034	0.01846	0.04368	0.00699	0.00374	0.00316	0.00086	0.00349	0.00300	0.00244	0.39653
10	0.01047	0.10423	0.12100	0.02480	0.07103	0.18729	0.06245	0.12579	0.11794	0.03145	0.00865	0.03440	0.01388	0.00472	0.01392	0.02679	0.01428	0.00334	0.00242	0.02117
11	0.00546	0.00408	0.00487	0.00463	0.00568	0.00379	0.00346	0.00746	0.06267	0.02785	0.51199	0.04755	0.25552	0.03277	0.00476	0.00127	0.00195	0.00686	0.00383	0.00355
12	0.00786	0.00531	0.01684	0.03631	0.03713	0.00511	0.03981	0.02555	0.06464	0.15332	0.08801	0.21804	0.12636	0.05188	0.02770	0.00154	0.02240	0.03914	0.02889	0.00416
13	0.00865	0.46137	0.39462	0.00823	0.01236	0.01161	0.00960	0.01123	0.00766	0.01012	0.00628	0.03159	0.00531	0.00358	0.00297	0.00099	0.00460	0.00257	0.00163	0.00504
14	0.00458	0.00363	0.00405	0.00422	0.00511	0.00317	0.00302	0.00549	0.00822	0.01033	0.12827	0.23055	0.51079	0.05512	0.00523	0.00143	0.00202	0.00821	0.00346	0.00310
15	0.00939	0.00778	0.00830	0.00743	0.00952	0.00891	0.00579	0.01927	0.78290	0.04693	0.04063	0.01423	0.01198	0.00510	0.00379	0.00125	0.00291	0.00426	0.00382	0.00582
16	0.00703	0.00418	0.00545	0.00495	0.00610	0.00384	0.00375	0.00855	0.00987	0.14794	0.56634	0.04108	0.07896	0.05476	0.03930	0.00150	0.00242	0.00620	0.00393	0.00385
17	0.00744	0.01920	0.85032	0.01058	0.01607	0.00862	0.01371	0.01176	0.00784	0.01176	0.00666	0.00784	0.00470	0.00353	0.00353	0.00118	0.00549	0.00274	0.00157	0.00549
18	0.01010	0.74089	0.04902	0.00704	0.01031	0.01401	0.03994	0.07357	0.00835	0.01008	0.00559	0.00641	0.00491	0.00328	0.00260	0.00085	0.00413	0.00221	0.00176	0.00492
19	0.00788	0.00670	0.00779	0.00558	0.00887	0.00513	0.00447	0.03231	0.00797	0.01241	0.00666	0.00773	0.00552	0.00280	0.00278	0.00057	0.00279	0.00223	0.00224	0.86757
20	0.04674	0.01198	0.01023	0.00841	0.01093	0.27007	0.00670	0.44791	0.04733	0.05879	0.00937	0.00948	0.03648	0.00443	0.00358	0.00108	0.00467	0.00322	0.00314	0.00548
21	0.00798	0.16198	0.60558	0.01018	0.04816	0.00950	0.02692	0.01165	0.02361	0.01133	0.00681	0.00829	0.00521	0.00357	0.00336	0.00110	0.00504	0.01639	0.00168	0.03167
22	0.01265	0.15279	0.07567	0.00796	0.01087	0.13065	0.04797	0.15378	0.04047	0.26470	0.02565	0.01079	0.04099	0.00433	0.00351	0.00107	0.00421	0.00338	0.00311	0.00545
23	0.00533	0.00365	0.00432	0.00432	0.00449	0.00370	0.00264	0.00561	0.00582	0.00783	0.04609	0.03871	0.04415	0.68295	0.12221	0.00367	0.00423	0.00545	0.00236	0.00248
24	0.00834	0.32514	0.07343	0.00910	0.01208	0.01000	0.25463	0.01088	0.05094	0.01134	0.15020	0.01270	0.04720	0.00430	0.00356	0.00106	0.00424	0.00393	0.00229	0.00466
25	0.00898	0.28709	0.01360	0.23220	0.11827	0.02458	0.00790	0.05558	0.00814	0.04153	0.02601	0.02672	0.00666	0.02240	0.03908	0.00134	0.07013	0.00317	0.00200	0.00464
26	0.00462	0.00340	0.00435	0.00500	0.00545	0.00313	0.00347	0.00544	0.00763	0.01003	0.08217	0.64036	0.15070	0.01093	0.00468	0.00145	0.00214	0.04847	0.00349	0.00309
27	0.00701	0.00660	0.01113	0.86063	0.02556	0.00825	0.01031	0.00948	0.00742	0.00948	0.00660	0.00990	0.00495	0.00371	0.00371	0.00124	0.00495	0.00330	0.00165	0.00412
28	0.01041	0.76924	0.01843	0.00666	0.00976	0.05051	0.00644	0.07420	0.00843	0.00987	0.00547	0.00621	0.00488	0.00330	0.00252	0.00083	0.00410	0.00211	0.00176	0.00486
29	0.02508	0.00491	0.00671	0.18664	0.03058	0.00542	0.00519	0.03723	0.03655	0.01021	0.09656	0.07267	0.05618	0.24239	0.16524	0.00275	0.00469	0.00504	0.00250	0.00347
30	0.00883	0.00789	0.02306	0.00638	0.00789	0.19531	0.01884	0.05776	0.02692	0.07725	0.32211	0.08232	0.05178	0.00619	0.00388	0.00112	0.00331	0.00517	0.08989	0.00412
31	0.00921	0.75641	0.01744	0.00619	0.00898	0.01314	0.00597	0.01032	0.00748	0.00883	0.00719	0.12034	0.00739	0.00430	0.00269	0.00089	0.00373	0.00312	0.00183	0.00453
32	0.00778	0.00446	0.00558	0.00530	0.00640	0.00433	0.00396	0.06792	0.00893	0.14731	0.14168	0.28404	0.02762	0.04609	0.06495	0.00167	0.00295	0.01737	0.14774	0.00393
33	0.01869	0.01894	0.08671	0.12527	0.34045	0.01805	0.05683	0.01103	0.06088	0.03608	0.02501	0.04520	0.05707	0.00466	0.00415	0.00121	0.03811	0.03340	0.01325	0.00502
34	0.00838	0.00823	0.00825	0.23994	0.01284	0.20676	0.00651	0.04266	0.04471	0.02267	0.01170	0.16605	0.03923	0.08145	0.02945	0.01442	0.00453	0.04588	0.00246	0.00387
35	0.00587	0.00348	0.00403	0.00438	0.00497	0.00339	0.00310	0.01778	0.00764	0.01188	0.03570	0.39020	0.01699	0.02533	0.00397	0.00123	0.00202	0.02177	0.43298	0.00328
36	0.00774	0.00675	0.03745	0.09790	0.08548	0.00659	0.13555	0.07149	0.02278	0.05036	0.03594	0.12946	0.05598	0.02423	0.06748	0.00168	0.02181	0.09343	0.04357	0.00434

[dist]
# distance from previous block
# <min> <max>
0	2

[block]
# block no. 12 follows, 74 sequences, length 8
# corresponding to MSA columns:
# 579-586
name=unknown_M
#
# <colnr> <probs for GDERKNQSTAVLIFYWHMCP>
#	G	D	E	R	K	N	Q	S	T	A	V	L	I	F	Y	W	H	M	C	P
0	0.26223	0.00840	0.06077	0.02844	0.09138	0.03867	0.00609	0.05963	0.05709	0.06614	0.00758	0.02313	0.00598	0.00362	0.00302	0.00097	0.00342	0.00275	0.00248	0.26820
1	0.04386	0.00840	0.14757	0.04029	0.01010	0.00684	0.04863	0.17143	0.02404	0.07579	0.03949	0.06260	0.09396	0.11538	0.04073	0.00168	0.00396	0.00454	0.05619	0.00452
2	0.00626	0.03994	0.00578	0.00543	0.04086	0.00459	0.00342	0.02759	0.00665	0.03182	0.06716	0.08804	0.01428	0.54189	0.07013	0.00298	0.00381	0.00537	0.00250	0.03150
3	0.01090	0.05201	0.05815	0.00915	0.06193	0.04383	0.09388	0.19691	0.03675	0.17211	0.06738	0.06342	0.02953	0.00535	0.00407	0.00120	0.01929	0.06573	0.00321	0.00522
4	0.00937	0.12796	0.14012	0.07610	0.11202	0.02812	0.06297	0.05444	0.07425	0.08860	0.05144	0.03104	0.00809	0.00402	0.00348	0.00105	0.00408	0.00341	0.00245	0.11699
5	0.02605	0.03257	0.17998	0.00773	0.03873	0.02844	0.02663	0.07217	0.05842	0.03907	0.07680	0.14441	0.08020	0.05493	0.00517	0.00135	0.05460	0.00502	0.03558	0.03214
6	0.04435	0.00817	0.02725	0.03923	0.17083	0.09542	0.05591	0.03871	0.00867	0.07072	0.04511	0.04657	0.03836	0.03285	0.02594	0.00125	0.02134	0.02924	0.01687	0.18320
7	0.00659	0.06868	0.09041	0.05835	0.07665	0.03729	0.02183	0.02372	0.03739	0.01055	0.05263	0.32470	0.09314	0.06124	0.00503	0.00143	0.00334	0.02035	0.00278	0.00392

[dist]
# distance from previous block
# <min> <max>
6	44

[block]
# block no. 13 follows, 74 sequences, length 27
# corresponding to MSA columns:
# 637-663
name=unknown_N
#
# <colnr> <probs for GDERKNQSTAVLIFYWHMCP>
#	G	D	E	R	K	N	Q	S	T	A	V	L	I	F	Y	W	H	M	C	P
0	0.00689	0.00436	0.00602	0.00642	0.03389	0.00433	0.00479	0.00786	0.05961	0.04922	0.01344	0.08539	0.01386	0.04251	0.00860	0.31117	0.00323	0.30246	0.00273	0.03322
1	0.03678	0.00494	0.03127	0.06829	0.00793	0.00459	0.00459	0.03475	0.02511	0.09136	0.16099	0.27917	0.12991	0.03397	0.05142	0.01803	0.00304	0.00681	0.00331	0.00375
2	0.00858	0.05326	0.29731	0.04651	0.06558	0.04533	0.07074	0.02751	0.09201	0.05774	0.01970	0.05039	0.04229	0.00481	0.00450	0.00123	0.08090	0.02429	0.00230	0.00502
3	0.02547	0.12864	0.36542	0.02412	0.11036	0.00902	0.03001	0.06089	0.03271	0.14732	0.00882	0.00940	0.02392	0.00384	0.00346	0.00111	0.00451	0.00309	0.00234	0.00552
4	0.01076	0.00651	0.02542	0.00807	0.05755	0.00602	0.08970	0.04355	0.06652	0.32770	0.01577	0.11111	0.10786	0.02338	0.00495	0.04151	0.02383	0.00501	0.01981	0.00497
5	0.00766	0.00731	0.01331	0.53808	0.09002	0.00817	0.18585	0.01013	0.00787	0.02990	0.00786	0.04851	0.00643	0.00404	0.00392	0.00125	0.00499	0.01835	0.00189	0.00445
