[name]
unknown

[dist]
# distance from previous block
# <min> <max>
0	191

[block]
# block no. 0 follows, 71 sequences, length 15
# corresponding to MSA columns:
# 207-221
name=unknown_A
#
# <colnr> <probs for GDERKNQSTAVLIFYWHMCP>
#	G	D	E	R	K	N	Q	S	T	A	V	L	I	F	Y	W	H	M	C	P
0	0.05982	0.11347	0.16835	0.03819	0.06309	0.05938	0.05475	0.16786	0.13478	0.03505	0.02239	0.01977	0.01803	0.00443	0.00364	0.00117	0.00444	0.02322	0.00270	0.00547
1	0.05909	0.00806	0.00913	0.03348	0.01033	0.06506	0.06507	0.12035	0.23020	0.09121	0.06895	0.05830	0.06065	0.00534	0.00383	0.00119	0.00353	0.00449	0.04200	0.05975
2	0.00832	0.03490	0.24213	0.05628	0.01103	0.00704	0.00756	0.08722	0.07927	0.05898	0.13197	0.08745	0.02924	0.00550	0.00378	0.00119	0.00359	0.00459	0.13512	0.00484
3	0.00855	0.00592	0.00796	0.00709	0.00809	0.00689	0.00560	0.08969	0.00791	0.12330	0.01036	0.04926	0.00943	0.10634	0.35213	0.00360	0.18680	0.00429	0.00261	0.00418
4	0.00613	0.00467	0.00539	0.04387	0.00710	0.00453	0.00400	0.00876	0.12343	0.04216	0.21679	0.08966	0.37604	0.00816	0.00434	0.00127	0.00227	0.00696	0.04058	0.00389
5	0.08640	0.00740	0.00823	0.00667	0.00875	0.00776	0.00520	0.33574	0.01202	0.18552	0.06069	0.01495	0.01060	0.22407	0.00775	0.00182	0.00365	0.00417	0.00353	0.00508
6	0.00864	0.00479	0.00580	0.04528	0.00736	0.00458	0.00412	0.03725	0.02836	0.18735	0.14079	0.05930	0.17036	0.03707	0.00437	0.00124	0.00248	0.00539	0.24121	0.00426
7	0.42964	0.00722	0.00670	0.00571	0.00798	0.03310	0.00461	0.10195	0.00893	0.14509	0.00911	0.04808	0.00711	0.00436	0.00298	0.00113	0.00306	0.00314	0.12852	0.04159
8	0.08508	0.00545	0.00629	0.00527	0.00723	0.00512	0.00416	0.03608	0.02459	0.25786	0.10336	0.01509	0.03967	0.03107	0.00385	0.00112	0.00259	0.00398	0.26502	0.09711
9	0.01388	0.01760	0.01186	0.01041	0.01254	0.77890	0.07666	0.01505	0.01071	0.00963	0.00608	0.00720	0.00501	0.00389	0.00355	0.00101	0.00688	0.00264	0.00197	0.00451
10	0.02644	0.00747	0.01239	0.63774	0.12688	0.00888	0.04676	0.03941	0.00815	0.01090	0.00690	0.00995	0.00529	0.00387	0.00412	0.00127	0.03371	0.00343	0.00183	0.00460
11	0.00895	0.00777	0.04623	0.00826	0.01015	0.03387	0.13439	0.06740	0.13027	0.08100	0.13311	0.01617	0.02418	0.13109	0.02255	0.00171	0.08608	0.00462	0.04760	0.00463
12	0.03959	0.00852	0.00909	0.10278	0.01170	0.07722	0.00619	0.13847	0.18047	0.04332	0.00979	0.04687	0.00786	0.00429	0.00348	0.00101	0.00368	0.00345	0.00291	0.29931
13	0.17884	0.02613	0.03456	0.01007	0.09685	0.07596	0.09549	0.12245	0.03472	0.10958	0.00825	0.00973	0.00643	0.03043	0.04163	0.00150	0.08973	0.00331	0.00264	0.02171
14	0.05444	0.00539	0.00636	0.00544	0.00723	0.00522	0.00430	0.06392	0.04605	0.26196	0.20842	0.01753	0.05048	0.00556	0.00365	0.00112	0.00250	0.00459	0.24107	0.00477

[dist]
# distance from previous block
# <min> <max>
6	16

[block]
# block no. 1 follows, 71 sequences, length 16
# corresponding to MSA columns:
# 238-253
name=unknown_B
#
# <colnr> <probs for GDERKNQSTAVLIFYWHMCP>
#	G	D	E	R	K	N	Q	S	T	A	V	L	I	F	Y	W	H	M	C	P
0	0.00551	0.00468	0.03405	0.02848	0.01825	0.00420	0.00432	0.00744	0.07632	0.01155	0.17504	0.40213	0.16257	0.00959	0.00480	0.02185	0.00241	0.00829	0.01491	0.00360
1	0.00493	0.00370	0.00457	0.00476	0.00553	0.00334	0.00341	0.00612	0.00906	0.01210	0.34305	0.32572	0.24011	0.00980	0.00466	0.00135	0.00199	0.00864	0.00382	0.00334
2	0.01418	0.00576	0.00764	0.00612	0.00852	0.00511	0.00498	0.01570	0.01025	0.61425	0.06114	0.01486	0.03423	0.00613	0.04307	0.00138	0.00325	0.00412	0.13361	0.00570
3	0.00556	0.00383	0.00480	0.00483	0.00507	0.00404	0.00315	0.00605	0.00587	0.00813	0.01175	0.04297	0.01275	0.55703	0.28244	0.00437	0.00571	0.00520	0.02375	0.00272
4	0.65832	0.00718	0.00651	0.00552	0.00805	0.00781	0.00455	0.01325	0.00771	0.23829	0.00796	0.00805	0.00558	0.00388	0.00277	0.00119	0.00305	0.00255	0.00301	0.00479
5	0.01457	0.00807	0.00953	0.00760	0.01039	0.00827	0.00618	0.23200	0.22181	0.41836	0.01369	0.01236	0.00927	0.00482	0.00386	0.00121	0.00346	0.00387	0.00429	0.00641
6	0.17926	0.10114	0.00828	0.02270	0.00833	0.08290	0.00494	0.13973	0.00979	0.08655	0.00936	0.01022	0.00713	0.00415	0.00297	0.00102	0.00330	0.00303	0.31055	0.00464
7	0.06710	0.01121	0.01140	0.11893	0.12326	0.28844	0.06096	0.03521	0.00907	0.02560	0.00827	0.00998	0.04351	0.00449	0.00480	0.00119	0.11967	0.00331	0.04899	0.00463
8	0.01297	0.07041	0.01088	0.00822	0.01073	0.15852	0.03459	0.26939	0.11723	0.16097	0.01094	0.03010	0.01926	0.02986	0.00428	0.00121	0.01496	0.00369	0.02621	0.00559
9	0.00487	0.00387	0.00437	0.00430	0.00540	0.00337	0.00320	0.00615	0.00947	0.01222	0.33814	0.06751	0.50534	0.00910	0.00454	0.00127	0.00190	0.00777	0.00381	0.00337
10	0.01294	0.00587	0.00762	0.00622	0.00840	0.00546	0.00503	0.04464	0.03065	0.49301	0.16098	0.01670	0.02881	0.00552	0.00411	0.00118	0.02672	0.01938	0.11131	0.00546
11	0.00476	0.00356	0.00432	0.00481	0.00536	0.00323	0.00329	0.00554	0.00784	0.01016	0.08327	0.50970	0.25158	0.07678	0.00589	0.00163	0.00223	0.00943	0.00351	0.00312
12	0.00644	0.00393	0.00558	0.00550	0.00596	0.00416	0.00398	0.00672	0.03032	0.03144	0.06252	0.01594	0.01078	0.09216	0.30327	0.37787	0.00567	0.02281	0.00221	0.00276
13	0.01024	0.37842	0.07467	0.05500	0.09389	0.19773	0.02382	0.01205	0.02385	0.01014	0.03310	0.00917	0.03391	0.00450	0.02372	0.00112	0.00497	0.00290	0.00194	0.00484
14	0.00808	0.00711	0.03099	0.02333	0.02595	0.00560	0.00511	0.04684	0.02617	0.01305	0.02662	0.04380	0.00745	0.00357	0.00308	0.00072	0.00298	0.00293	0.03281	0.68383
15	0.02928	0.00759	0.05803	0.04235	0.16286	0.00699	0.12201	0.04737	0.07709	0.02880	0.05158	0.19950	0.04237	0.00742	0.04958	0.00154	0.00419	0.01862	0.00278	0.04004

[dist]
# distance from previous block
# <min> <max>
3	25

[block]
# block no. 2 follows, 71 sequences, length 15
# corresponding to MSA columns:
# 283-297
name=unknown_C
#
# <colnr> <probs for GDERKNQSTAVLIFYWHMCP>
#	G	D	E	R	K	N	Q	S	T	A	V	L	I	F	Y	W	H	M	C	P
0	0.01004	0.00938	0.01064	0.04464	0.23353	0.15025	0.00764	0.09384	0.08438	0.03488	0.11637	0.01282	0.03086	0.00480	0.00434	0.00115	0.05889	0.00388	0.04519	0.04251
1	0.61231	0.00814	0.04504	0.04729	0.05582	0.00862	0.01950	0.03618	0.00752	0.08754	0.00657	0.00751	0.00493	0.00381	0.00317	0.00121	0.03519	0.00253	0.00250	0.00463
2	0.00825	0.00819	0.01171	0.00995	0.01009	0.01121	0.03748	0.00913	0.00597	0.00924	0.00553	0.00941	0.00557	0.05535	0.01269	0.00178	0.77909	0.00352	0.00172	0.00412
3	0.02407	0.06756	0.09466	0.03211	0.12911	0.04061	0.05435	0.11452	0.31629	0.03385	0.01096	0.01127	0.01858	0.00444	0.00390	0.00120	0.02003	0.00369	0.01306	0.00573
4	0.17816	0.28576	0.01267	0.00846	0.10647	0.02559	0.00640	0.07863	0.00914	0.18853	0.00849	0.00973	0.00669	0.04197	0.00382	0.00118	0.00380	0.01657	0.00271	0.00523
5	0.00837	0.06248	0.16051	0.31195	0.08635	0.00874	0.00949	0.01198	0.10997	0.03876	0.02198	0.01031	0.00679	0.00406	0.00400	0.00118	0.04083	0.00333	0.02898	0.06995
6	0.00526	0.00391	0.00489	0.00465	0.00563	0.00355	0.00349	0.00691	0.01046	0.01444	0.69008	0.03018	0.18599	0.00819	0.00452	0.00122	0.00183	0.00715	0.00410	0.00355
7	0.01202	0.01346	0.01019	0.03736	0.05106	0.45515	0.00714	0.05548	0.25361	0.01225	0.01001	0.03539	0.02095	0.00465	0.00369	0.00113	0.00525	0.00348	0.00269	0.00504
8	0.05206	0.00611	0.00665	0.00570	0.00756	0.02413	0.00451	0.10194	0.10324	0.21486	0.07160	0.01393	0.01111	0.00482	0.00336	0.00108	0.00271	0.00386	0.35584	0.00493
9	0.00525	0.00384	0.00494	0.00489	0.00572	0.00353	0.00362	0.00681	0.01006	0.01395	0.61680	0.15762	0.10672	0.00873	0.00460	0.00128	0.00194	0.03214	0.00404	0.00350
10	0.02911	0.00853	0.01459	0.26851	0.43117	0.00910	0.10409	0.02935	0.03301	0.01210	0.00737	0.00985	0.00588	0.00365	0.00399	0.00121	0.01762	0.00354	0.00195	0.00537
11	0.00634	0.00414	0.00499	0.00514	0.02425	0.02933	0.00315	0.00582	0.00579	0.00757	0.03052	0.01914	0.03227	0.43209	0.01608	0.36081	0.00358	0.00462	0.00212	0.00226
12	0.00614	0.00407	0.00503	0.00499	0.00605	0.00370	0.00374	0.00731	0.00884	0.09157	0.19380	0.20429	0.30626	0.02716	0.07031	0.00177	0.00285	0.04482	0.00367	0.00362
13	0.02312	0.03930	0.09804	0.08917	0.08140	0.02646	0.10203	0.05538	0.08949	0.01284	0.00805	0.00960	0.00637	0.00432	0.02054	0.00116	0.06092	0.00321	0.04066	0.22794
14	0.06119	0.10989	0.05557	0.12043	0.10512	0.09852	0.00713	0.03966	0.06097	0.04732	0.00949	0.10187	0.00846	0.01463	0.00419	0.04034	0.00405	0.00391	0.06224	0.04500

[dist]
# distance from previous block
# <min> <max>
2	17

[block]
# block no. 3 follows, 71 sequences, length 16
# corresponding to MSA columns:
# 315-330
name=unknown_D
#
# <colnr> <probs for GDERKNQSTAVLIFYWHMCP>
#	G	D	E	R	K	N	Q	S	T	A	V	L	I	F	Y	W	H	M	C	P
0	0.00486	0.00359	0.00448	0.00510	0.00561	0.00332	0.00358	0.00565	0.00765	0.00989	0.02419	0.53599	0.20134	0.07856	0.00601	0.00169	0.00241	0.08950	0.00346	0.00312
1	0.00515	0.00378	0.00484	0.00493	0.00570	0.00347	0.00362	0.00656	0.00960	0.01315	0.49605	0.24785	0.13127	0.00926	0.00465	0.00133	0.00200	0.03942	0.00394	0.00344
2	0.01404	0.01009	0.01092	0.00854	0.01147	0.01112	0.00700	0.65695	0.13358	0.08043	0.01053	0.01020	0.00747	0.00470	0.00385	0.00117	0.00398	0.00361	0.00391	0.00646
3	0.52477	0.00692	0.00645	0.00553	0.00786	0.00749	0.00450	0.04863	0.03767	0.18552	0.03804	0.01044	0.03760	0.00433	0.00297	0.00117	0.00293	0.00306	0.05940	0.00472
4	0.17173	0.11519	0.01124	0.00766	0.01062	0.01106	0.00647	0.49817	0.01398	0.10530	0.00864	0.00869	0.00620	0.00427	0.00341	0.00112	0.00388	0.00307	0.00340	0.00590
5	0.01103	0.09532	0.17686	0.00783	0.01083	0.04780	0.00746	0.21047	0.03048	0.15378	0.13201	0.06303	0.01210	0.00520	0.00379	0.00116	0.00392	0.00419	0.01732	0.00541
6	0.01011	0.70232	0.04946	0.00784	0.04914	0.04547	0.03413	0.01159	0.00801	0.00963	0.00586	0.00686	0.00519	0.00337	0.00268	0.00087	0.00427	0.00230	0.03594	0.00494
7	0.26714	0.00941	0.01021	0.03463	0.16749	0.14005	0.04433	0.03860	0.00820	0.03467	0.00694	0.00912	0.00582	0.04661	0.00528	0.00133	0.12009	0.00305	0.04240	0.00464
8	0.00978	0.00881	0.03640	0.02670	0.03822	0.02015	0.11932	0.10357	0.36965	0.04560	0.02876	0.02322	0.03500	0.00509	0.00477	0.00129	0.08333	0.00426	0.03056	0.00552
9	0.03673	0.00419	0.00513	0.00491	0.00604	0.00384	0.00367	0.00798	0.00958	0.10193	0.39240	0.17753	0.18549	0.00836	0.00438	0.00127	0.00210	0.00727	0.03338	0.00378
10	0.06945	0.00677	0.00826	0.20460	0.12870	0.07114	0.00656	0.00924	0.00863	0.05200	0.04761	0.05206	0.30746	0.00637	0.00401	0.00124	0.00357	0.00535	0.00277	0.00420
11	0.00525	0.00401	0.00495	0.00497	0.00574	0.00387	0.00366	0.00649	0.00895	0.01219	0.32759	0.24550	0.24159	0.00919	0.00502	0.00133	0.05345	0.00790	0.04494	0.00342
12	0.00666	0.00333	0.00500	0.00500	0.00500	0.00333	0.00333	0.00500	0.00500	0.00666	0.00666	0.01166	0.00666	0.01332	0.01499	0.88844	0.00333	0.00333	0.00167	0.00167
13	0.01115	0.01102	0.18504	0.13719	0.19329	0.05113	0.03466	0.09651	0.02248	0.19284	0.00928	0.01054	0.00673	0.00409	0.00382	0.00120	0.00469	0.01594	0.00269	0.00572
14	0.03866	0.03574	0.03917	0.06247	0.13467	0.00635	0.02440	0.03210	0.04414	0.06819	0.06699	0.08009	0.05956	0.14123	0.02266	0.02058	0.00362	0.00475	0.04915	0.06547
15	0.00912	0.21650	0.07098	0.08896	0.07312	0.05315	0.12079	0.03900	0.06324	0.03730	0.03233	0.07534	0.02791	0.04482	0.00438	0.00125	0.00439	0.00408	0.01312	0.02022

[dist]
# distance from previous block
# <min> <max>
13	32

[block]
# block no. 4 follows, 71 sequences, length 8
# corresponding to MSA columns:
# 374-381
name=unknown_E
#
# <colnr> <probs for GDERKNQSTAVLIFYWHMCP>
#	G	D	E	R	K	N	Q	S	T	A	V	L	I	F	Y	W	H	M	C	P
0	0.08162	0.00785	0.00848	0.00686	0.00945	0.00807	0.00551	0.25160	0.18364	0.07615	0.06138	0.01376	0.08636	0.00497	0.00364	0.00109	0.00318	0.00396	0.00349	0.17897
1	0.00502	0.00386	0.00460	0.00451	0.00551	0.00343	0.00335	0.00642	0.00976	0.01300	0.46727	0.10238	0.33922	0.00890	0.00456	0.00127	0.00189	0.00771	0.00392	0.00343
2	0.00982	0.00953	0.00817	0.00738	0.00907	0.22374	0.00566	0.07055	0.26688	0.01358	0.10623	0.01502	0.05815	0.02311	0.05336	0.00150	0.02819	0.00421	0.08111	0.00475
3	0.01084	0.00607	0.00746	0.02116	0.00835	0.00606	0.02756	0.12326	0.07749	0.25095	0.04856	0.01615	0.04892	0.11977	0.02122	0.00157	0.00325	0.00435	0.19212	0.00489
4	0.00622	0.00456	0.00506	0.00497	0.00601	0.02898	0.00368	0.03831	0.00944	0.04256	0.25816	0.18934	0.25940	0.03043	0.00477	0.00134	0.00231	0.02703	0.07382	0.00361
5	0.03742	0.23522	0.09121	0.00764	0.01052	0.08853	0.00700	0.06593	0.03922	0.26800	0.00946	0.00959	0.00689	0.00480	0.02251	0.00121	0.05858	0.00306	0.02777	0.00544
6	0.12227	0.00603	0.00702	0.00596	0.00795	0.00597	0.00473	0.08998	0.05952	0.27360	0.24186	0.05739	0.04092	0.00594	0.00386	0.00120	0.00273	0.00491	0.05319	0.00497
7	0.00689	0.00461	0.00539	0.00531	0.00635	0.02160	0.00387	0.03893	0.02850	0.09862	0.12499	0.32181	0.20838	0.04419	0.02412	0.01794	0.00266	0.00773	0.02437	0.00375

[dist]
# distance from previous block
# <min> <max>
9	24

[block]
# block no. 5 follows, 71 sequences, length 10
# corresponding to MSA columns:
# 406-415
name=unknown_F
#
# <colnr> <probs for GDERKNQSTAVLIFYWHMCP>
#	G	D	E	R	K	N	Q	S	T	A	V	L	I	F	Y	W	H	M	C	P
0	0.06224	0.68668	0.04193	0.00731	0.03183	0.05134	0.00685	0.05554	0.00844	0.01051	0.00566	0.00650	0.00499	0.00341	0.00264	0.00089	0.00422	0.00220	0.00182	0.00499
1	0.47117	0.04017	0.00791	0.00625	0.00868	0.00904	0.00517	0.16954	0.05278	0.10662	0.00806	0.00847	0.00595	0.00412	0.00326	0.00117	0.03225	0.00278	0.05165	0.00496
2	0.00956	0.05526	0.02504	0.00770	0.02070	0.05379	0.03669	0.16911	0.26578	0.03231	0.03954	0.13298	0.06368	0.02540	0.02076	0.00139	0.00364	0.00513	0.02642	0.00511
3	0.00525	0.00393	0.00482	0.00485	0.00569	0.00365	0.00353	0.00685	0.03549	0.01273	0.42134	0.19650	0.19643	0.05546	0.00541	0.00145	0.00210	0.02724	0.00382	0.00344
4	0.00948	0.00794	0.02916	0.16818	0.26229	0.02763	0.00837	0.11582	0.02192	0.06980	0.07004	0.01323	0.05872	0.00469	0.00412	0.00118	0.03497	0.00397	0.08336	0.00514
5	0.00629	0.00463	0.00512	0.00505	0.00610	0.03447	0.00368	0.00774	0.04035	0.07126	0.21823	0.22943	0.28842	0.05503	0.00531	0.00145	0.00239	0.00771	0.00369	0.00364
6	0.00668	0.00453	0.06528	0.00538	0.00579	0.00375	0.00406	0.00554	0.00525	0.00709	0.00694	0.01205	0.00688	0.05364	0.01439	0.78217	0.00352	0.00340	0.00169	0.00198
7	0.06845	0.00803	0.04541	0.05089	0.13192	0.01960	0.08389	0.15817	0.03210	0.01428	0.09100	0.13328	0.03036	0.04311	0.00517	0.00139	0.04975	0.01578	0.01265	0.00477
8	0.00649	0.00555	0.01948	0.16744	0.08717	0.00551	0.05029	0.00807	0.00805	0.02357	0.05810	0.13694	0.18536	0.08409	0.02710	0.00162	0.01319	0.03160	0.05795	0.02242
9	0.02463	0.11942	0.10637	0.03228	0.06689	0.14343	0.06512	0.16107	0.03406	0.05517	0.00949	0.02129	0.04863	0.01699	0.00451	0.00119	0.06777	0.00350	0.01302	0.00518

[dist]
# distance from previous block
# <min> <max>
3	14

[block]
# block no. 6 follows, 71 sequences, length 6
# corresponding to MSA columns:
# 434-439
name=unknown_G
#
# <colnr> <probs for GDERKNQSTAVLIFYWHMCP>
#	G	D	E	R	K	N	Q	S	T	A	V	L	I	F	Y	W	H	M	C	P
0	0.05013	0.00478	0.00602	0.00622	0.05722	0.00469	0.00410	0.02211	0.02329	0.09695	0.13557	0.12809	0.05174	0.25909	0.05701	0.03734	0.00343	0.00574	0.02259	0.02389
1	0.03866	0.03137	0.19272	0.05661	0.13428	0.00780	0.06199	0.05859	0.08543	0.04852	0.10193	0.07079	0.04754	0.00541	0.00400	0.00125	0.00406	0.04121	0.00276	0.00508
2	0.00674	0.00520	0.02953	0.00618	0.00729	0.00497	0.05095	0.05835	0.04896	0.02528	0.05431	0.33373	0.04206	0.04735	0.05679	0.00172	0.01875	0.02428	0.17372	0.00384
3	0.11744	0.03771	0.00729	0.00648	0.02239	0.04729	0.03383	0.07692	0.02141	0.04741	0.08926	0.23107	0.13201	0.03312	0.05639	0.00167	0.00352	0.02758	0.00318	0.00404
4	0.00882	0.03423	0.15586	0.04329	0.05627	0.03223	0.32913	0.05092	0.03316	0.01203	0.00833	0.01048	0.02845	0.00555	0.05166	0.00157	0.12709	0.00387	0.00203	0.00504
5	0.01002	0.04167	0.13280	0.07965	0.08377	0.03975	0.03398	0.18670	0.25998	0.01561	0.04998	0.01207	0.02770	0.00463	0.00383	0.00121	0.00417	0.00384	0.00300	0.00565

[dist]
# distance from previous block
# <min> <max>
4	16

[block]
# block no. 7 follows, 71 sequences, length 13
# corresponding to MSA columns:
# 458-470
name=unknown_H
#
# <colnr> <probs for GDERKNQSTAVLIFYWHMCP>
#	G	D	E	R	K	N	Q	S	T	A	V	L	I	F	Y	W	H	M	C	P
0	0.00519	0.00364	0.00448	0.00479	0.00503	0.00360	0.00307	0.00563	0.00645	0.00860	0.01664	0.31535	0.06751	0.42139	0.10870	0.00310	0.00384	0.00741	0.00280	0.00278
1	0.00839	0.00589	0.00689	0.00555	0.00793	0.00509	0.00442	0.04617	0.03604	0.08089	0.06583	0.01466	0.05260	0.00534	0.03014	0.00104	0.00291	0.04604	0.15959	0.41458
2	0.00503	0.00366	0.00468	0.00529	0.00574	0.00347	0.00370	0.00608	0.02580	0.01037	0.08325	0.56895	0.09758	0.07721	0.00598	0.00169	0.00242	0.08238	0.00352	0.00320
3	0.04769	0.14743	0.04091	0.00665	0.00917	0.02333	0.00575	0.15079	0.08991	0.21205	0.03339	0.01154	0.00878	0.00498	0.02187	0.00118	0.00351	0.00344	0.17228	0.00534
4	0.00584	0.00375	0.00484	0.00519	0.00583	0.00349	0.00371	0.00692	0.00840	0.05888	0.19028	0.47775	0.05077	0.03781	0.00508	0.00149	0.00228	0.05298	0.07128	0.00345
5	0.01300	0.00765	0.01016	0.14461	0.08602	0.00800	0.00722	0.21836	0.01155	0.32332	0.01100	0.01127	0.00761	0.00449	0.00405	0.00118	0.03481	0.00360	0.08634	0.00576
6	0.00536	0.00370	0.00486	0.02916	0.00627	0.00349	0.00379	0.00621	0.00779	0.04045	0.08644	0.59858	0.08421	0.06810	0.00576	0.00164	0.00243	0.03498	0.00352	0.00328
7	0.01169	0.00843	0.01075	0.02634	0.03703	0.02906	0.08740	0.27384	0.09725	0.14787	0.03026	0.03027	0.00908	0.06469	0.00558	0.00139	0.06389	0.00407	0.05564	0.00546
8	0.01688	0.03445	0.04833	0.00793	0.08135	0.05978	0.03761	0.03043	0.03028	0.03592	0.03907	0.12948	0.07709	0.16123	0.05604	0.00192	0.03003	0.00519	0.05746	0.05951
9	0.00518	0.00362	0.00460	0.00510	0.00562	0.00334	0.00353	0.00603	0.00795	0.03276	0.11482	0.55348	0.13453	0.06886	0.00578	0.00163	0.00231	0.03405	0.00358	0.00324
10	0.03264	0.06348	0.06397	0.02484	0.04194	0.02326	0.01929	0.09137	0.03563	0.02649	0.02326	0.03239	0.02392	0.00377	0.00322	0.00084	0.00345	0.00304	0.00250	0.48071
11	0.19143	0.15816	0.03750	0.04282	0.07422	0.18069	0.04888	0.04311	0.06611	0.06580	0.00749	0.00850	0.00591	0.00482	0.03586	0.00129	0.01723	0.00287	0.00235	0.00494
12	0.08675	0.07761	0.04968	0.00935	0.08813	0.07127	0.04493	0.19208	0.18135	0.03036	0.05959	0.01148	0.01880	0.00451	0.00359	0.00115	0.00392	0.00363	0.05642	0.00541

[dist]
# distance from previous block
# <min> <max>
11	77

[block]
# block no. 8 follows, 71 sequences, length 7
# corresponding to MSA columns:
# 552-558
name=unknown_I
#
# <colnr> <probs for GDERKNQSTAVLIFYWHMCP>
#	G	D	E	R	K	N	Q	S	T	A	V	L	I	F	Y	W	H	M	C	P
0	0.00983	0.06029	0.01204	0.13322	0.16804	0.14331	0.06499	0.07054	0.07273	0.04073	0.05597	0.03095	0.06555	0.00491	0.00420	0.00120	0.03608	0.01792	0.00255	0.00496
1	0.00541	0.00433	0.00497	0.00466	0.00598	0.00383	0.00351	0.00719	0.04700	0.01263	0.32887	0.07907	0.38031	0.00832	0.00436	0.00121	0.00204	0.00712	0.00370	0.08546
2	0.00900	0.05767	0.12082	0.01023	0.04496	0.10632	0.15973	0.05790	0.00863	0.02751	0.00957	0.03790	0.02708	0.08727	0.06307	0.00184	0.11164	0.05205	0.00224	0.00457
3	0.00527	0.08362	0.00582	0.00487	0.00586	0.00436	0.00363	0.00630	0.00847	0.01089	0.16921	0.35818	0.30043	0.00969	0.00448	0.00134	0.00223	0.00844	0.00350	0.00341
4	0.00615	0.00423	0.00579	0.00561	0.00623	0.00464	0.00418	0.00706	0.00676	0.03804	0.08849	0.01846	0.05451	0.16600	0.41728	0.07175	0.04930	0.00470	0.03757	0.00326
5	0.01016	0.00733	0.00800	0.00680	0.00878	0.02836	0.00536	0.26393	0.16298	0.08391	0.21892	0.06068	0.06127	0.00616	0.00404	0.00121	0.00305	0.00512	0.04877	0.00517
6	0.13967	0.02846	0.04467	0.08195	0.03546	0.02362	0.09131	0.05692	0.04044	0.09951	0.07542	0.07521	0.01160	0.15597	0.00655	0.00168	0.00389	0.02041	0.00283	0.00442

[dist]
# distance from previous block
# <min> <max>
3	15

[block]
# block no. 9 follows, 71 sequences, length 21
# corresponding to MSA columns:
# 574-594
name=unknown_J
#
# <colnr> <probs for GDERKNQSTAVLIFYWHMCP>
#	G	D	E	R	K	N	Q	S	T	A	V	L	I	F	Y	W	H	M	C	P
0	0.00560	0.00369	0.00430	0.00442	0.00460	0.00368	0.00271	0.00599	0.00627	0.00873	0.03949	0.13224	0.01572	0.60493	0.04694	0.00317	0.00354	0.01954	0.08182	0.00264
1	0.00886	0.03733	0.23189	0.06431	0.10623	0.02002	0.19576	0.03791	0.06086	0.05028	0.03839	0.02495	0.04328	0.00438	0.00428	0.00123	0.03811	0.00398	0.02270	0.00524
2	0.00726	0.00699	0.03724	0.10105	0.24383	0.00681	0.05829	0.00898	0.00786	0.01102	0.02907	0.25422	0.02230	0.02946	0.02153	0.00145	0.06638	0.00570	0.00244	0.07812
3	0.01061	0.00729	0.01005	0.00941	0.10883	0.00733	0.07569	0.17688	0.08099	0.16698	0.21205	0.01679	0.03425	0.00545	0.00407	0.00120	0.00342	0.02320	0.04016	0.00535
4	0.01097	0.00675	0.04854	0.00786	0.02749	0.00606	0.06281	0.01295	0.04235	0.34953	0.06590	0.14184	0.03495	0.02263	0.00517	0.00139	0.06695	0.07708	0.00369	0.00508
5	0.00900	0.00817	0.06482	0.04266	0.06897	0.01842	0.02786	0.09553	0.31540	0.04765	0.14144	0.04771	0.03210	0.04136	0.02046	0.00144	0.00358	0.00479	0.00340	0.00523
6	0.00470	0.00339	0.00446	0.00524	0.00555	0.00315	0.00353	0.00545	0.00759	0.01011	0.06450	0.77929	0.06549	0.01168	0.00486	0.00153	0.00219	0.01056	0.00359	0.00315
7	0.00945	0.03171	0.15878	0.05504	0.06861	0.00837	0.06457	0.13959	0.12288	0.05533	0.09960	0.01259	0.02317	0.00459	0.00395	0.00115	0.02074	0.00387	0.03861	0.07737
8	0.89233	0.00741	0.00564	0.00504	0.00741	0.00860	0.00415	0.01127	0.00653	0.01720	0.00534	0.00623	0.00415	0.00356	0.00237	0.00119	0.00297	0.00208	0.00237	0.00415
9	0.00839	0.00839	0.01174	0.01007	0.01007	0.01174	0.00839	0.00923	0.00587	0.00923	0.00503	0.00839	0.00503	0.00671	0.01258	0.00168	0.85823	0.00336	0.00168	0.00419
10	0.00797	0.03880	0.64853	0.01039	0.01528	0.00892	0.05203	0.01289	0.10304	0.01264	0.02595	0.00947	0.00649	0.00390	0.00368	0.00121	0.00518	0.00318	0.02487	0.00557
11	0.07791	0.68406	0.04439	0.00676	0.00999	0.03678	0.00662	0.03602	0.00825	0.05124	0.00599	0.00667	0.00513	0.00344	0.00263	0.00089	0.00410	0.00222	0.00192	0.00500
12	0.00666	0.00333	0.00500	0.00500	0.00500	0.00333	0.00333	0.00500	0.00500	0.00666	0.00666	0.01166	0.00666	0.01332	0.01499	0.88844	0.00333	0.00333	0.00167	0.00167
13	0.00516	0.00412	0.00465	0.00451	0.00569	0.00372	0.00341	0.00696	0.04969	0.01263	0.35198	0.03269	0.46586	0.00877	0.00451	0.00127	0.00198	0.02502	0.00384	0.00353
14	0.00838	0.00800	0.01255	0.53504	0.26181	0.03578	0.01062	0.03033	0.03939	0.01115	0.00729	0.01003	0.00567	0.00379	0.00381	0.00123	0.00491	0.00342	0.00190	0.00491
15	0.30254	0.03524	0.00835	0.00650	0.00898	0.00910	0.00536	0.34175	0.01177	0.07669	0.00877	0.00924	0.00644	0.00420	0.00312	0.00111	0.00333	0.00300	0.14930	0.00520
16	0.00492	0.00364	0.00462	0.00512	0.00572	0.00334	0.00367	0.00595	0.00840	0.01111	0.18201	0.48132	0.17685	0.01067	0.00479	0.00146	0.00220	0.07725	0.00368	0.00327
17	0.01113	0.36791	0.20430	0.00801	0.01164	0.02491	0.03718	0.04524	0.00920	0.19138	0.04855	0.00946	0.00751	0.00396	0.00328	0.00104	0.00430	0.00301	0.00254	0.00544
18	0.00575	0.00366	0.00441	0.00440	0.00464	0.00358	0.00276	0.00581	0.00647	0.00883	0.11326	0.04514	0.06955	0.47783	0.01466	0.17359	0.00316	0.00552	0.04449	0.00249
19	0.00976	0.00674	0.00841	0.16674	0.04057	0.03085	0.00631	0.02771	0.21569	0.17914	0.11907	0.01613	0.06665	0.00568	0.01674	0.00129	0.00344	0.00448	0.06953	0.00506
20	0.00927	0.05466	0.03469	0.04663	0.02183	0.05397	0.08115	0.09673	0.06451	0.07504	0.08807	0.04999	0.05875	0.00668	0.03451	0.03179	0.08455	0.03243	0.01559	0.05916

[dist]
# distance from previous block
# <min> <max>
2	16

[block]
# block no. 10 follows, 71 sequences, length 12
# corresponding to MSA columns:
# 611-622
name=unknown_K
#
# <colnr> <probs for GDERKNQSTAVLIFYWHMCP>
#	G	D	E	R	K	N	Q	S	T	A	V	L	I	F	Y	W	H	M	C	P
0	0.29128	0.08161	0.09843	0.05202	0.05079	0.07804	0.08047	0.11179	0.00913	0.03769	0.00675	0.00789	0.00518	0.00373	0.00337	0.00112	0.02025	0.00279	0.00233	0.05531
1	0.01053	0.50076	0.06393	0.00745	0.01040	0.14188	0.00694	0.05446	0.05783	0.01093	0.05385	0.00840	0.00721	0.00390	0.00315	0.00094	0.02014	0.00268	0.00210	0.03252
2	0.00543	0.00377	0.00487	0.00518	0.00581	0.00359	0.00374	0.00637	0.00796	0.02983	0.14672	0.34754	0.13877	0.07095	0.08978	0.03554	0.00318	0.07030	0.01741	0.00325
3	0.00523	0.00361	0.00456	0.00499	0.00533	0.00345	0.00338	0.00569	0.00707	0.00932	0.05596	0.37606	0.10274	0.22699	0.02506	0.08428	0.00290	0.06745	0.00307	0.00285
4	0.00470	0.00342	0.00444	0.00517	0.00554	0.00316	0.00350	0.00547	0.00768	0.01018	0.07204	0.73559	0.10189	0.01155	0.00484	0.00151	0.00217	0.01040	0.00360	0.00316
5	0.01564	0.00632	0.00842	0.00657	0.00926	0.00561	0.00538	0.04842	0.01108	0.70312	0.07851	0.01418	0.01146	0.00496	0.00384	0.00117	0.00311	0.00406	0.05275	0.00614
6	0.01347	0.01019	0.01088	0.00860	0.01147	0.01137	0.00702	0.65095	0.19743	0.02238	0.01061	0.01033	0.00766	0.00473	0.00385	0.00118	0.00396	0.00365	0.00385	0.00642
7	0.50540	0.00685	0.00634	0.00542	0.00769	0.00745	0.00442	0.08044	0.00855	0.16532	0.00869	0.00913	0.00631	0.00402	0.00282	0.00113	0.00291	0.00278	0.15965	0.00467
8	0.15565	0.00932	0.01002	0.00780	0.01073	0.01005	0.00644	0.52711	0.01470	0.19575	0.00983	0.00954	0.00677	0.00447	0.00361	0.00116	0.00382	0.00332	0.00379	0.00614
9	0.00908	0.01026	0.02217	0.01664	0.07310	0.00966	0.77471	0.01225	0.00903	0.01230	0.00772	0.01029	0.00583	0.00324	0.00448	0.00128	0.00634	0.00445	0.00194	0.00523
10	0.01004	0.79846	0.08736	0.00692	0.01039	0.01466	0.00718	0.01153	0.00782	0.00928	0.00546	0.00631	0.00492	0.00331	0.00256	0.00085	0.00423	0.00211	0.00164	0.00498
11	0.03839	0.00921	0.01003	0.17595	0.12161	0.15000	0.00752	0.14992	0.05115	0.07610	0.00933	0.01105	0.00718	0.00430	0.00357	0.00113	0.00432	0.02089	0.14330	0.00504

[dist]
# distance from previous block
# <min> <max>
0	1

[block]
# block no. 11 follows, 71 sequences, length 13
# corresponding to MSA columns:
# 624-636
name=unknown_L
#
# <colnr> <probs for GDERKNQSTAVLIFYWHMCP>
#	G	D	E	R	K	N	Q	S	T	A	V	L	I	F	Y	W	H	M	C	P
0	0.00466	0.00389	0.00407	0.00402	0.00526	0.00329	0.00302	0.00576	0.00905	0.01111	0.15816	0.03567	0.71999	0.00943	0.00453	0.00128	0.00192	0.00792	0.00366	0.00329
1	0.00724	0.00681	0.01150	0.85604	0.02641	0.00852	0.01065	0.00980	0.00767	0.00980	0.00681	0.01022	0.00511	0.00383	0.00383	0.00128	0.00511	0.00341	0.00170	0.00426
2	0.00470	0.00356	0.00434	0.00484	0.00546	0.00320	0.00337	0.00557	0.00811	0.01051	0.10663	0.52789	0.27614	0.01090	0.00475	0.00144	0.00210	0.00965	0.00362	0.00320
3	0.00666	0.00333	0.00500	0.00500	0.00500	0.00333	0.00333	0.00500	0.00500	0.00666	0.00666	0.01166	0.00666	0.01332	0.01499	0.88844	0.00333	0.00333	0.00167	0.00167
4	0.00831	0.00775	0.01284	0.54390	0.29449	0.00886	0.01087	0.04679	0.00848	0.01133	0.00705	0.00994	0.00549	0.00373	0.00382	0.00123	0.00489	0.00341	0.00186	0.00496
5	0.00492	0.00368	0.00429	0.00460	0.00531	0.00333	0.00323	0.00581	0.00807	0.01047	0.10261	0.32073	0.33624	0.10659	0.00630	0.00165	0.00227	0.03294	0.03381	0.00315
6	0.00981	0.05273	0.08029	0.12480	0.05022	0.02455	0.02124	0.16207	0.04499	0.07763	0.00884	0.01097	0.00707	0.03563	0.10989	0.00193	0.12471	0.00353	0.04414	0.00497
7	0.00861	0.00695	0.02675	0.08225	0.04023	0.00656	0.13426	0.05980	0.07870	0.10646	0.08857	0.10769	0.12466	0.00606	0.00415	0.00123	0.00360	0.02230	0.00316	0.08802
8	0.18651	0.01995	0.03422	0.05805	0.19730	0.13776	0.04601	0.02955	0.07408	0.01291	0.00933	0.05872	0.02395	0.01980	0.00403	0.00125	0.01907	0.03966	0.00240	0.02545
9	0.01072	0.14984	0.13791	0.02633	0.08135	0.03867	0.06548	0.24711	0.03831	0.04610	0.06636	0.02679	0.00858	0.00471	0.01574	0.00119	0.00449	0.00359	0.00275	0.02398
10	0.07550	0.02379	0.11760	0.07426	0.09305	0.05308	0.08375	0.09532	0.07536	0.09765	0.04099	0.09728	0.02741	0.00513	0.00406	0.00124	0.02219	0.00438	0.00282	0.00515
11	0.00882	0.06599	0.05739	0.00793	0.05276	0.05263	0.04985	0.10081	0.05812	0.07810	0.05764	0.10829	0.16600	0.03308	0.02853	0.00143	0.00377	0.03075	0.00311	0.03501
12	0.00864	0.15189	0.15413	0.02255	0.06233	0.03202	0.02826	0.06990	0.03043	0.03838	0.05036	0.08042	0.05768	0.05800	0.00459	0.00125	0.00392	0.01841	0.00253	0.12429

[dist]
# distance from previous block
# <min> <max>
12	56

[block]
# block no. 12 follows, 71 sequences, length 23
# corresponding to MSA columns:
# 712-734
name=unknown_M
#
# <colnr> <probs for GDERKNQSTAVLIFYWHMCP>
#	G	D	E	R	K	N	Q	S	T	A	V	L	I	F	Y	W	H	M	C	P
0	0.00616	0.00396	0.00522	0.00509	0.00573	0.00404	0.00365	0.00689	0.00704	0.04962	0.11699	0.03246	0.09138	0.21842	0.28534	0.10627	0.00529	0.00515	0.03816	0.00312
1	0.04299	0.01995	0.01034	0.00850	0.04144	0.09509	0.03463	0.27576	0.01258	0.31866	0.01106	0.01118	0.00775	0.00457	0.00384	0.00115	0.01700	0.01732	0.06032	0.00587
2	0.00595	0.00407	0.00478	0.00460	0.00573	0.00361	0.00344	0.00720	0.00932	0.07361	0.29727	0.06743	0.37693	0.06652	0.00550	0.00144	0.00218	0.03525	0.02160	0.00356
3	0.01092	0.01004	0.03870	0.00880	0.02489	0.11445	0.03734	0.14205	0.41049	0.05624	0.04935	0.01291	0.01038	0.00503	0.00424	0.00124	0.03826	0.01555	0.00343	0.00569
4	0.00562	0.00393	0.00473	0.00495	0.00527	0.00384	0.00317	0.04261	0.00709	0.00951	0.03469	0.39604	0.01902	0.41101	0.01164	0.00252	0.00302	0.00781	0.00298	0.02054
5	0.00839	0.21266	0.59005	0.01036	0.01533	0.01040	0.07852	0.01200	0.00810	0.01144	0.00660	0.00783	0.00495	0.00353	0.00344	0.00113	0.00537	0.00279	0.00165	0.00546
6	0.08634	0.00776	0.00911	0.00726	0.01005	0.00786	0.00592	0.17860	0.16908	0.45670	0.01325	0.01197	0.00889	0.00471	0.00374	0.00120	0.00338	0.00372	0.00421	0.00624
7	0.00496	0.00366	0.00464	0.00490	0.00557	0.00334	0.00348	0.00615	0.00902	0.01220	0.36449	0.38707	0.15652	0.00992	0.00468	0.00137	0.00201	0.00881	0.00383	0.00334
8	0.00464	0.00346	0.00432	0.00501	0.00547	0.00314	0.00341	0.00538	0.00766	0.00992	0.02518	0.67388	0.21161	0.01149	0.00481	0.00150	0.00216	0.01026	0.00356	0.00314
9	0.00913	0.00652	0.00807	0.00760	0.03719	0.07396	0.05773	0.03245	0.04159	0.16368	0.04451	0.10317	0.07385	0.08162	0.07428	0.00194	0.00420	0.15135	0.02280	0.00436
10	0.82121	0.00734	0.00590	0.00519	0.00761	0.00836	0.00427	0.01187	0.00689	0.08440	0.00613	0.00678	0.00459	0.00366	0.00249	0.00119	0.00299	0.00222	0.00257	0.00435
11	0.00864	0.00880	0.01171	0.01006	0.01014	0.04687	0.00835	0.00948	0.00608	0.00923	0.00507	0.00833	0.00503	0.00660	0.01220	0.00165	0.82256	0.00332	0.00169	0.00420
12	0.00836	0.24057	0.63049	0.00979	0.01484	0.01054	0.01219	0.01197	0.00802	0.01133	0.00648	0.00759	0.00487	0.00355	0.00333	0.00111	0.00526	0.00263	0.00162	0.00547
13	0.19669	0.43368	0.01427	0.00707	0.00986	0.19477	0.00624	0.04928	0.00877	0.04078	0.00598	0.00671	0.00500	0.00360	0.00277	0.00096	0.00445	0.00227	0.00207	0.00478
14	0.03790	0.00364	0.00516	0.00508	0.00523	0.00371	0.00345	0.02373	0.00534	0.00742	0.00667	0.01141	0.00657	0.01278	0.01429	0.83738	0.00334	0.00329	0.00174	0.00186
15	0.00496	0.00390	0.00447	0.00433	0.00544	0.00342	0.00325	0.00633	0.00974	0.01274	0.41926	0.03297	0.45787	0.00882	0.00453	0.00125	0.00188	0.00754	0.00387	0.00342
16	0.00853	0.00693	0.00776	0.00704	0.00850	0.06479	0.00553	0.17401	0.11917	0.01322	0.01058	0.01319	0.00895	0.01784	0.46649	0.00389	0.00743	0.00387	0.04783	0.00447
17	0.24605	0.00925	0.00943	0.00764	0.01023	0.04759	0.02086	0.34197	0.09549	0.11254	0.00921	0.00933	0.00666	0.00443	0.00379	0.00119	0.03808	0.00320	0.01746	0.00559
18	0.00664	0.00427	0.00544	0.00525	0.00628	0.00400	0.00389	0.00858	0.05486	0.09843	0.44499	0.23808	0.07287	0.00848	0.00448	0.00130	0.00214	0.00749	0.01863	0.00390
19	0.00976	0.00981	0.08132	0.09360	0.07095	0.04353	0.16641	0.04928	0.00833	0.09085	0.00739	0.00955	0.00585	0.00484	0.00703	0.00137	0.30931	0.00357	0.02228	0.00496
20	0.00654	0.00335	0.00494	0.00497	0.00498	0.00334	0.00329	0.00503	0.00510	0.00680	0.00739	0.04148	0.00762	0.05047	0.01484	0.81935	0.00331	0.00369	0.00176	0.00174
21	0.07345	0.00907	0.02646	0.06353	0.04944	0.08548	0.16832	0.02437	0.00770	0.01131	0.00721	0.02983	0.00630	0.01577	0.03026	0.00152	0.30679	0.00365	0.07510	0.00444
22	0.00823	0.02057	0.09112	0.10052	0.05836	0.00676	0.00683	0.08191	0.00886	0.01286	0.00935	0.04572	0.04433	0.00416	0.00356	0.00092	0.01892	0.02231	0.00238	0.45235

[dist]
# distance from previous block
# <min> <max>
2	15

[block]
# block no. 13 follows, 71 sequences, length 9
# corresponding to MSA columns:
# 751-759
name=unknown_N
#
# <colnr> <probs for GDERKNQSTAVLIFYWHMCP>
#	G	D	E	R	K	N	Q	S	T	A	V	L	I	F	Y	W	H	M	C	P
0	0.00622	0.00445	0.00626	0.00628	0.00733	0.00412	0.03904	0.00749	0.00805	0.04650	0.03962	0.42509	0.02022	0.01036	0.03785	0.00163	0.00312	0.20158	0.02582	0.09897
1	0.00883	0.00956	0.07429	0.29292	0.04697	0.03056	0.32721	0.03696	0.03092	0.03833	0.02249	0.01052	0.00638	0.00383	0.00432	0.00126	0.02933	0.00388	0.01649	0.00494
2	0.00466	0.00337	0.00441	0.00525	0.00554	0.00312	0.00352	0.00535	0.00743	0.00982	0.02223	0.81149	0.07591	0.01187	0.00487	0.00154	0.00221	0.01073	0.00356	0.00312
3	0.00470	0.00339	0.00445	0.00525	0.00555	0.00314	0.00353	0.00543	0.00756	0.01006	0.05775	0.79000	0.06154	0.01173	0.00486	0.00153	0.00219	0.01060	0.00359	0.00314
4	0.01431	0.00973	0.01071	0.00837	0.01130	0.01058	0.00686	0.59088	0.12719	0.15314	0.01101	0.01050	0.00769	0.00471	0.00385	0.00118	0.00391	0.00364	0.00399	0.00646
5	0.01442	0.00748	0.00897	0.00710	0.00976	0.00746	0.00579	0.23550	0.09686	0.43644	0.03889	0.01274	0.00978	0.00482	0.00377	0.00116	0.00332	0.00387	0.08576	0.00611
6	0.01353	0.01022	0.01092	0.00861	0.01149	0.01140	0.00704	0.66116	0.18711	0.02248	0.01053	0.01026	0.00759	0.00473	0.00385	0.00118	0.00397	0.00363	0.00385	0.00643
7	0.01095	0.00629	0.02998	0.00693	0.00889	0.02692	0.00587	0.04406	0.04322	0.33432	0.01808	0.08765	0.06265	0.00758	0.00446	0.00142	0.00339	0.28847	0.00394	0.00494
8	0.01025	0.86756	0.02009	0.00656	0.00984	0.01517	0.00656	0.01148	0.00779	0.00902	0.00533	0.00615	0.00492	0.00328	0.00246	0.00082	0.00410	0.00205	0.00164	0.00492

[dist]
# distance from previous block
# <min> <max>
0	1

[block]
# block no. 14 follows, 71 sequences, length 8
# corresponding to MSA columns:
# 761-768
name=unknown_O
#
# <colnr> <probs for GDERKNQSTAVLIFYWHMCP>
#	G	D	E	R	K	N	Q	S	T	A	V	L	I	F	Y	W	H	M	C	P
0	0.01281	0.00919	0.01002	0.00816	0.01084	0.01015	0.00658	0.39562	0.35461	0.12090	0.01257	0.01178	0.00903	0.00487	0.00387	0.00122	0.00361	0.00387	0.00397	0.00633
1	0.00528	0.00383	0.00509	0.00570	0.00633	0.00363	0.00437	0.00653	0.00855	0.01138	0.16941	0.39174	0.08222	0.01064	0.00493	0.00154	0.00255	0.26925	0.00367	0.00335
2	0.00734	0.00504	0.00584	0.00555	0.00709	0.00480	0.00445	0.04816	0.08925	0.10734	0.09006	0.03134	0.39783	0.00850	0.00452	0.00136	0.00262	0.17099	0.00379	0.00413
3	0.00482	0.00382	0.00434	0.00449	0.00550	0.00335	0.00334	0.00594	0.00890	0.01127	0.18709	0.17935	0.50101	0.00980	0.00463	0.00135	0.00205	0.05196	0.00368	0.00330
4	0.00666	0.00333	0.00500	0.00500	0.00500	0.00333	0.00333	0.00500	0.00500	0.00666	0.00666	0.01166	0.00666	0.01332	0.01499	0.88844	0.00333	0.00333	0.00167	0.00167
5	0.04736	0.01348	0.40499	0.05611	0.06063	0.00837	0.05431	0.04372	0.06752	0.19241	0.00936	0.00988	0.00650	0.00400	0.00373	0.00121	0.00475	0.00330	0.00260	0.00577
6	0.00840	0.00678	0.00901	0.00682	0.00973	0.00564	0.07901	0.04684	0.00875	0.05687	0.05287	0.04221	0.00927	0.02229	0.02407	0.00102	0.00340	0.04086	0.00265	0.56353
7	0.03699	0.54961	0.08153	0.00728	0.01065	0.01320	0.00712	0.16069	0.03110	0.03298	0.00671	0.00730	0.00550	0.00363	0.00288	0.00094	0.00412	0.00248	0.00221	0.03310

[dist]
# distance from previous block
# <min> <max>
0	38

[block]
# block no. 15 follows, 71 sequences, length 6
# corresponding to MSA columns:
# 807-811,813
name=unknown_P
#
# <colnr> <probs for GDERKNQSTAVLIFYWHMCP>
#	G	D	E	R	K	N	Q	S	T	A	V	L	I	F	Y	W	H	M	C	P
0	0.64218	0.05416	0.03960	0.00614	0.00876	0.06073	0.00528	0.11997	0.00844	0.01703	0.00595	0.00673	0.00458	0.00371	0.00269	0.00115	0.00354	0.00231	0.00248	0.00458
1	0.00498	0.00382	0.00458	0.00468	0.00560	0.00342	0.00347	0.00626	0.00929	0.01224	0.34301	0.19413	0.33239	0.00948	0.00464	0.00133	0.00202	0.04748	0.00381	0.00337
2	0.00653	0.00342	0.00513	0.00513	0.00520	0.00349	0.00349	0.00520	0.00513	0.00691	0.00707	0.01204	0.00699	0.01505	0.10874	0.78939	0.00411	0.00342	0.00171	0.00186
3	0.00626	0.00482	0.00587	0.00606	0.03155	0.00486	0.00434	0.03078	0.13660	0.01291	0.25325	0.19583	0.12216	0.06303	0.03265	0.00164	0.00274	0.05715	0.02357	0.00391
4	0.03405	0.06721	0.33001	0.00789	0.01133	0.06014	0.00842	0.09265	0.05056	0.01345	0.01178	0.01243	0.09988	0.00458	0.00347	0.00110	0.00415	0.00355	0.13588	0.04746
5	0.03875	0.05297	0.03183	0.03619	0.12675	0.02282	0.08783	0.14289	0.05003	0.06212	0.09633	0.03613	0.13189	0.00581	0.00406	0.00124	0.00378	0.06052	0.00309	0.00497

[dist]
# distance from previous block
# <min> <max>
0	2

[block]
# block no. 16 follows, 71 sequences, length 8
# corresponding to MSA columns:
# 816-823
name=unknown_Q
#
# <colnr> <probs for GDERKNQSTAVLIFYWHMCP>
#	G	D	E	R	K	N	Q	S	T	A	V	L	I	F	Y	W	H	M	C	P
0	0.00931	0.00750	0.07096	0.00708	0.00919	0.03458	0.04861	0.12658	0.05787	0.13944	0.35245	0.06539	0.04196	0.00636	0.00421	0.00122	0.00317	0.00550	0.00378	0.00483
1	0.00723	0.00658	0.01092	0.79404	0.02481	0.00816	0.01007	0.00973	0.00769	0.01012	0.00723	0.01052	0.00545	0.00388	0.00375	0.00125	0.00487	0.00342	0.06605	0.00421
2	0.00517	0.00369	0.00483	0.00518	0.00571	0.00348	0.00370	0.00632	0.00866	0.01187	0.33476	0.39476	0.02819	0.08809	0.00612	0.00164	0.00231	0.07856	0.00370	0.00327
3	0.77939	0.00730	0.00606	0.00527	0.00772	0.00822	0.00434	0.01223	0.00710	0.12391	0.00660	0.00711	0.00484	0.00371	0.00256	0.00119	0.00300	0.00231	0.00268	0.00446
4	0.00826	0.13850	0.58076	0.01094	0.01576	0.01004	0.11776	0.01192	0.00807	0.01157	0.00668	0.00812	0.00500	0.00369	0.00403	0.00119	0.04765	0.00297	0.00167	0.00542
5	0.00570	0.00452	0.00608	0.00722	0.11347	0.00424	0.00459	0.00704	0.00894	0.01198	0.28161	0.14979	0.22035	0.08320	0.00585	0.00153	0.00256	0.07422	0.00344	0.00365
6	0.50829	0.00887	0.00820	0.00670	0.00937	0.01004	0.00552	0.36886	0.01156	0.02025	0.00703	0.00753	0.00519	0.00402	0.00301	0.00117	0.00351	0.00268	0.00301	0.00519
7	0.32575	0.06081	0.00878	0.03833	0.02527	0.00904	0.00579	0.14157	0.03074	0.05310	0.07034	0.01203	0.03651	0.02539	0.00485	0.00131	0.11366	0.02927	0.00280	0.00465

[dist]
# distance from previous block
# <min> <max>
2	11

[block]
# block no. 17 follows, 71 sequences, length 8
# corresponding to MSA columns:
# 835-842
name=unknown_R
#
# <colnr> <probs for GDERKNQSTAVLIFYWHMCP>
#	G	D	E	R	K	N	Q	S	T	A	V	L	I	F	Y	W	H	M	C	P
0	0.30438	0.00481	0.00500	0.00530	0.00634	0.00508	0.00391	0.00762	0.00739	0.01277	0.07144	0.46961	0.01875	0.00879	0.00404	0.00142	0.00252	0.05411	0.00320	0.00352
1	0.69163	0.00780	0.00656	0.00575	0.00815	0.00900	0.00469	0.07851	0.12931	0.01759	0.00716	0.00766	0.00545	0.00389	0.00272	0.00120	0.00308	0.00252	0.00272	0.00463
2	0.00541	0.00371	0.00452	0.00467	0.00481	0.00377	0.00290	0.00572	0.00596	0.00805	0.01336	0.16645	0.01525	0.59663	0.13927	0.00371	0.00443	0.00627	0.00249	0.00262
3	0.00574	0.00368	0.00513	0.00537	0.00568	0.00380	0.00381	0.00586	0.00621	0.00839	0.01297	0.17479	0.03471	0.14287	0.22077	0.27939	0.00489	0.07086	0.00241	0.00266
4	0.31669	0.15302	0.00962	0.00657	0.00901	0.02724	0.00550	0.12360	0.20035	0.01582	0.02733	0.01152	0.04156	0.00463	0.00320	0.00117	0.00338	0.03192	0.00292	0.00498
5	0.23162	0.00601	0.00605	0.00532	0.00720	0.00641	0.00423	0.04833	0.13020	0.15063	0.01145	0.01185	0.00848	0.00440	0.00302	0.00109	0.00261	0.00335	0.35306	0.00469
6	0.00675	0.00603	0.00934	0.05492	0.08043	0.02096	0.11156	0.00830	0.00823	0.01146	0.15096	0.28277	0.03622	0.00766	0.00557	0.00138	0.12336	0.02188	0.04822	0.00399
7	0.00606	0.00363	0.00488	0.00488	0.00509	0.00362	0.00327	0.00575	0.00630	0.00854	0.13180	0.02019	0.01424	0.28083	0.05449	0.39126	0.00357	0.04690	0.00236	0.00234

[dist]
# distance from previous block
# <min> <max>
3	18

[block]
# block no. 18 follows, 71 sequences, length 16
# corresponding to MSA columns:
# 861-876
name=unknown_S
#
# <colnr> <probs for GDERKNQSTAVLIFYWHMCP>
#	G	D	E	R	K	N	Q	S	T	A	V	L	I	F	Y	W	H	M	C	P
0	0.01000	0.00823	0.04745	0.02219	0.14152	0.03154	0.02518	0.14640	0.11801	0.09905	0.03075	0.01563	0.01024	0.03679	0.10461	0.00194	0.03872	0.09157	0.01497	0.00521
1	0.00559	0.00403	0.00482	0.00461	0.00571	0.00366	0.00346	0.00690	0.00926	0.04942	0.34259	0.02999	0.37412	0.05017	0.08686	0.00184	0.00284	0.00695	0.00367	0.00351
