[name]
unknown

[dist]
# distance from previous block
# <min> <max>
0	72

[block]
# block no. 0 follows, 62 sequences, length 48
# corresponding to MSA columns:
# 122-153,155-157,159-166,168-172
name=unknown_A
#
# <colnr> <probs for GDERKNQSTAVLIFYWHMCP>
#	G	D	E	R	K	N	Q	S	T	A	V	L	I	F	Y	W	H	M	C	P
0	0.01134	0.00539	0.00628	0.00547	0.00725	0.00519	0.00430	0.03764	0.04635	0.24658	0.06994	0.01639	0.01278	0.00534	0.00358	0.00114	0.00259	0.00434	0.50298	0.00512
1	0.00518	0.00370	0.00494	0.00592	0.00617	0.00346	0.00395	0.00592	0.00815	0.01086	0.02345	0.84768	0.02814	0.01333	0.00543	0.00173	0.00247	0.01210	0.00395	0.00346
2	0.00529	0.00381	0.00504	0.00599	0.00633	0.00356	0.00412	0.00612	0.00831	0.01101	0.02413	0.76434	0.05758	0.01313	0.00545	0.00173	0.00255	0.06408	0.00395	0.00349
3	0.00899	0.00766	0.00891	0.00638	0.01015	0.00584	0.00511	0.02830	0.00907	0.01415	0.00762	0.00885	0.00632	0.00319	0.00318	0.00064	0.00318	0.00255	0.00256	0.85734
4	0.00528	0.00387	0.00497	0.00570	0.00619	0.00356	0.00393	0.00622	0.00876	0.01158	0.10307	0.64749	0.13136	0.01252	0.00535	0.00166	0.00242	0.02852	0.00402	0.00354
5	0.05848	0.00632	0.00815	0.00663	0.00909	0.00574	0.00534	0.02779	0.01178	0.49052	0.24068	0.01896	0.01848	0.00613	0.00431	0.00130	0.00305	0.00510	0.06616	0.00598
6	0.04275	0.01991	0.01188	0.01080	0.01300	0.80779	0.00811	0.01685	0.01191	0.01068	0.00656	0.00765	0.00545	0.00437	0.00380	0.00110	0.00754	0.00273	0.00221	0.00492
7	0.00799	0.00597	0.00730	0.06622	0.00939	0.00621	0.00532	0.01259	0.22213	0.05709	0.43973	0.02561	0.08438	0.00751	0.00470	0.00137	0.00272	0.00650	0.02235	0.00491
8	0.01011	0.00716	0.00877	0.04323	0.01065	0.00574	0.00540	0.01194	0.00929	0.13882	0.01017	0.06313	0.00844	0.00422	0.00351	0.00085	0.00326	0.00350	0.02849	0.62331
9	0.00554	0.00397	0.00521	0.00602	0.00646	0.00376	0.00427	0.00648	0.00849	0.01123	0.05379	0.59195	0.06746	0.07371	0.00665	0.00191	0.00278	0.13296	0.00387	0.00349
10	0.00508	0.00413	0.00450	0.00480	0.00588	0.00355	0.00345	0.00605	0.00923	0.01130	0.03717	0.28476	0.58222	0.01155	0.00515	0.00152	0.00225	0.00992	0.00395	0.00355
11	0.01009	0.47619	0.38784	0.00948	0.01432	0.01368	0.01111	0.01307	0.00880	0.01158	0.00670	0.00780	0.00543	0.00382	0.00333	0.00111	0.00534	0.00267	0.00181	0.00584
12	0.00622	0.00467	0.00698	0.00692	0.00764	0.00549	0.00538	0.00761	0.00679	0.00981	0.01110	0.01638	0.01038	0.03064	0.78300	0.03503	0.03546	0.00451	0.00225	0.00376
13	0.01160	0.00887	0.00963	0.00847	0.01097	0.00997	0.00664	0.04581	0.67613	0.11153	0.04014	0.01600	0.01331	0.00578	0.00434	0.00142	0.00340	0.00480	0.00445	0.00673
14	0.00527	0.00380	0.00485	0.00566	0.00599	0.00353	0.00376	0.00597	0.00810	0.01067	0.02424	0.69834	0.09729	0.09262	0.00694	0.00193	0.00260	0.01126	0.00382	0.00338
15	0.00874	0.05823	0.73886	0.01170	0.01755	0.02750	0.01479	0.01331	0.00907	0.01322	0.00819	0.01058	0.00624	0.00437	0.00406	0.00135	0.00614	0.03807	0.00190	0.00612
16	0.00795	0.00522	0.00592	0.00548	0.00612	0.00535	0.00355	0.08027	0.04984	0.04701	0.04390	0.02455	0.01500	0.62197	0.01732	0.02895	0.00398	0.00576	0.01840	0.00348
17	0.00518	0.00370	0.00494	0.00592	0.00617	0.00346	0.00395	0.00592	0.00815	0.01086	0.02345	0.84768	0.02814	0.01333	0.00543	0.00173	0.00247	0.01210	0.00395	0.00346
18	0.05779	0.00961	0.00994	0.00829	0.01095	0.12466	0.00660	0.08281	0.13594	0.40030	0.01452	0.07274	0.01076	0.00578	0.00450	0.00135	0.02824	0.00456	0.00428	0.00636
19	0.03926	0.01006	0.01093	0.09202	0.13072	0.16829	0.00801	0.06047	0.03926	0.16230	0.01210	0.07702	0.01063	0.06109	0.00589	0.00156	0.04219	0.05957	0.00319	0.00544
20	0.01642	0.01008	0.01129	0.00896	0.01209	0.08086	0.03192	0.23663	0.13809	0.38683	0.01393	0.01284	0.00944	0.00517	0.00427	0.00131	0.00434	0.00413	0.00448	0.00691
21	0.78318	0.04976	0.00738	0.04246	0.00932	0.00983	0.00507	0.01241	0.00740	0.01819	0.00603	0.00714	0.00473	0.00393	0.00272	0.00129	0.00346	0.00237	0.00256	0.02079
22	0.00650	0.00449	0.00574	0.00540	0.00656	0.00409	0.00410	0.00837	0.01169	0.05193	0.66475	0.03266	0.13568	0.00890	0.00501	0.00137	0.00216	0.03191	0.00459	0.00410
23	0.01044	0.06039	0.27037	0.03107	0.05253	0.05836	0.26297	0.04648	0.00986	0.05208	0.00852	0.01083	0.00658	0.03623	0.00551	0.00146	0.05344	0.00395	0.01312	0.00580
24	0.00887	0.10347	0.72691	0.01203	0.03969	0.01057	0.01482	0.01339	0.00897	0.01315	0.00748	0.00881	0.00543	0.00400	0.00392	0.00130	0.00608	0.00308	0.00181	0.00622
25	0.00708	0.00556	0.00654	0.00608	0.00749	0.00564	0.00462	0.01153	0.21616	0.01667	0.53565	0.02870	0.11523	0.00817	0.00484	0.00138	0.00237	0.00710	0.00452	0.00466
26	0.00602	0.00424	0.00518	0.00521	0.00555	0.00436	0.00338	0.00653	0.00674	0.00905	0.01594	0.05139	0.08899	0.53739	0.22787	0.00450	0.00576	0.00621	0.00267	0.00301
27	0.00553	0.00410	0.00516	0.00538	0.00618	0.00373	0.00385	0.00690	0.01016	0.01374	0.38340	0.33942	0.17517	0.01081	0.00518	0.00150	0.00221	0.00958	0.00428	0.00373
28	0.00625	0.00443	0.00572	0.00569	0.00638	0.00453	0.00411	0.00733	0.00799	0.02509	0.13545	0.02703	0.11435	0.28499	0.29491	0.00416	0.00606	0.04899	0.00307	0.00348
29	0.04312	0.00472	0.00489	0.00464	0.00594	0.00480	0.00355	0.01149	0.06802	0.06316	0.04958	0.01613	0.01208	0.00516	0.00323	0.00107	0.00223	0.00414	0.68768	0.00438
30	0.19133	0.00842	0.00876	0.04953	0.01059	0.00933	0.00605	0.28772	0.09289	0.05211	0.03319	0.01222	0.00907	0.00496	0.00365	0.00125	0.00357	0.00377	0.20592	0.00567
31	0.01466	0.00944	0.01034	0.03272	0.01141	0.08298	0.00681	0.29225	0.03021	0.25383	0.01192	0.04876	0.00902	0.00698	0.00639	0.13607	0.02223	0.00422	0.00386	0.00589
32	0.07459	0.00890	0.01288	0.01230	0.10107	0.01144	0.04898	0.01062	0.00729	0.01159	0.00740	0.02922	0.00721	0.00798	0.04724	0.00195	0.55415	0.03823	0.00211	0.00484
33	0.02509	0.00726	0.00920	0.06302	0.01118	0.00714	0.00625	0.10042	0.09380	0.40307	0.15282	0.01748	0.03375	0.00591	0.00434	0.00132	0.00346	0.00490	0.04337	0.00621
34	0.01258	0.38770	0.13754	0.00898	0.02664	0.07391	0.00857	0.12857	0.04266	0.09601	0.00860	0.00936	0.00676	0.02220	0.00388	0.00118	0.00490	0.00308	0.00267	0.01422
35	0.01068	0.02238	0.06399	0.04174	0.10276	0.00988	0.48075	0.04871	0.01041	0.08347	0.01032	0.05199	0.00835	0.00458	0.00478	0.00142	0.00609	0.02922	0.00261	0.00587
36	0.00544	0.00428	0.00492	0.00487	0.00603	0.00375	0.00361	0.00687	0.01052	0.01370	0.35655	0.10393	0.44008	0.01015	0.00506	0.00142	0.00212	0.00872	0.00425	0.00375
37	0.00999	0.04832	0.22318	0.15445	0.29727	0.04136	0.07512	0.03907	0.04564	0.01356	0.00823	0.01031	0.00639	0.00406	0.00417	0.00131	0.00563	0.00367	0.00215	0.00611
38	0.02455	0.08897	0.39589	0.04727	0.04581	0.01027	0.03339	0.09674	0.05262	0.14968	0.00978	0.01039	0.00691	0.00440	0.00403	0.00130	0.00528	0.00350	0.00280	0.00640
39	0.00798	0.00682	0.00977	0.00885	0.00934	0.00888	0.00718	0.00924	0.00687	0.03667	0.00891	0.01325	0.00832	0.01985	0.43147	0.00438	0.39157	0.00417	0.00219	0.00430
40	0.00540	0.00417	0.00490	0.00524	0.00616	0.00373	0.00382	0.00653	0.00942	0.01203	0.13954	0.28426	0.38134	0.04313	0.00585	0.00166	0.00245	0.07277	0.00400	0.00360
41	0.01000	0.04412	0.21585	0.07507	0.21086	0.09557	0.11426	0.01296	0.01988	0.03885	0.01006	0.11435	0.00898	0.00518	0.00434	0.00135	0.00554	0.00469	0.00238	0.00572
42	0.03950	0.06576	0.06364	0.05057	0.25701	0.16119	0.06963	0.02687	0.03146	0.14819	0.00919	0.01042	0.00697	0.00437	0.00444	0.00127	0.03713	0.00361	0.00270	0.00608
43	0.05312	0.01109	0.01250	0.09104	0.05048	0.01234	0.00841	0.64476	0.01763	0.02412	0.00975	0.01031	0.00702	0.00491	0.00416	0.00129	0.00468	0.00376	0.02185	0.00679
44	0.00964	0.04112	0.01588	0.07714	0.58817	0.00948	0.05386	0.01200	0.00952	0.01319	0.01172	0.05008	0.07987	0.00485	0.00433	0.00131	0.00482	0.00462	0.00233	0.00608
45	0.00861	0.00464	0.00689	0.04389	0.04325	0.00469	0.00477	0.03148	0.00674	0.06345	0.00814	0.01278	0.00749	0.01290	0.01433	0.71346	0.00387	0.00375	0.00216	0.00272
46	0.03756	0.03362	0.04650	0.05226	0.03696	0.15471	0.00756	0.19676	0.07845	0.08224	0.01151	0.01407	0.00918	0.00536	0.00422	0.00128	0.02207	0.06254	0.13747	0.00567
47	0.06080	0.05649	0.04361	0.16498	0.10030	0.03241	0.04769	0.10012	0.01008	0.05472	0.01122	0.14554	0.01046	0.02265	0.04117	0.00163	0.01223	0.01582	0.00283	0.06526

[dist]
# distance from previous block
# <min> <max>
12	16

[block]
# block no. 1 follows, 62 sequences, length 36
# corresponding to MSA columns:
# 194-212,234,244-249,251-260
name=unknown_B
#
# <colnr> <probs for GDERKNQSTAVLIFYWHMCP>
#	G	D	E	R	K	N	Q	S	T	A	V	L	I	F	Y	W	H	M	C	P
0	0.11097	0.08299	0.21134	0.03140	0.01278	0.06717	0.03293	0.03089	0.09994	0.12055	0.01215	0.13269	0.01057	0.00588	0.00409	0.00137	0.00460	0.01903	0.00308	0.00561
1	0.01246	0.00726	0.00848	0.00709	0.00928	0.00758	0.00569	0.24452	0.03975	0.19174	0.03000	0.01440	0.01040	0.00958	0.13945	0.00212	0.00470	0.00420	0.24561	0.00568
2	0.00854	0.00738	0.01114	0.47930	0.02075	0.00898	0.00956	0.02666	0.09959	0.03682	0.01079	0.07206	0.00934	0.00768	0.06489	0.00189	0.08134	0.03583	0.00256	0.00488
3	0.01513	0.01107	0.01182	0.00922	0.01236	0.01224	0.00756	0.69465	0.06515	0.02534	0.01095	0.01103	0.00789	0.00513	0.00415	0.00126	0.00437	0.00390	0.07984	0.00692
4	0.00624	0.00449	0.00564	0.00569	0.00663	0.00419	0.00413	0.00793	0.03597	0.03271	0.31515	0.28329	0.11884	0.06185	0.03128	0.00181	0.00276	0.03408	0.00408	0.03325
5	0.88052	0.00823	0.00625	0.00560	0.00823	0.00955	0.00461	0.01251	0.00724	0.01909	0.00592	0.00691	0.00461	0.00395	0.00263	0.00132	0.00329	0.00230	0.00263	0.00461
6	0.01094	0.72662	0.14491	0.00802	0.01206	0.01578	0.00856	0.01285	0.00870	0.01054	0.00618	0.00715	0.00545	0.00370	0.00293	0.00098	0.00481	0.00241	0.00182	0.00559
7	0.01325	0.00621	0.00813	0.00668	0.00898	0.00565	0.00534	0.04466	0.03150	0.43121	0.33496	0.02125	0.02220	0.00662	0.00453	0.00132	0.00296	0.00562	0.03308	0.00585
8	0.00610	0.00440	0.00596	0.00688	0.00760	0.00426	0.00551	0.00753	0.00915	0.01193	0.02416	0.35709	0.07543	0.01230	0.00565	0.00184	0.00325	0.44331	0.00393	0.00372
9	0.00804	0.00756	0.01276	0.84023	0.02931	0.00945	0.01182	0.01087	0.00851	0.01087	0.00756	0.01134	0.00567	0.00425	0.00425	0.00142	0.00567	0.00378	0.00189	0.00473
10	0.01085	0.71495	0.13074	0.00795	0.01187	0.01553	0.00841	0.01272	0.00873	0.01056	0.00665	0.00837	0.00603	0.00394	0.00300	0.00100	0.00477	0.02651	0.00188	0.00553
11	0.00537	0.00400	0.00502	0.00557	0.00624	0.00365	0.00395	0.00646	0.00923	0.01215	0.16477	0.49555	0.20097	0.01191	0.00529	0.00161	0.00239	0.04817	0.00407	0.00360
12	0.01086	0.70739	0.07672	0.00788	0.01134	0.01570	0.00794	0.01244	0.00846	0.01026	0.00620	0.00748	0.00564	0.00489	0.03160	0.00121	0.06424	0.00251	0.00184	0.00540
13	0.07832	0.01184	0.04249	0.03004	0.06255	0.20652	0.00777	0.11663	0.03949	0.34461	0.01164	0.01129	0.00802	0.00479	0.00404	0.00126	0.00493	0.00364	0.00377	0.00635
14	0.00948	0.00906	0.01544	0.36550	0.45352	0.00986	0.03388	0.01236	0.02601	0.01271	0.00803	0.01101	0.00642	0.00402	0.00425	0.00134	0.00533	0.00384	0.00206	0.00587
15	0.31263	0.02798	0.03707	0.00853	0.01138	0.08135	0.05006	0.14706	0.01101	0.18168	0.01816	0.00985	0.00694	0.00476	0.00448	0.00133	0.07336	0.00335	0.00329	0.00574
16	0.00591	0.00439	0.00544	0.00597	0.00663	0.00424	0.00416	0.02406	0.06772	0.01216	0.08575	0.59504	0.11705	0.01200	0.00552	0.02314	0.00254	0.01050	0.00399	0.00379
17	0.00537	0.00434	0.00480	0.00484	0.00611	0.00377	0.00368	0.00669	0.01014	0.01272	0.20282	0.06934	0.57383	0.01051	0.00510	0.00146	0.00226	0.06444	0.00410	0.00370
18	0.00991	0.02881	0.01151	0.37104	0.04087	0.05181	0.00910	0.03251	0.30716	0.03702	0.04814	0.01369	0.01011	0.00504	0.00426	0.00139	0.00464	0.00426	0.00308	0.00564
19	0.55137	0.04150	0.00882	0.00699	0.00984	0.01084	0.00578	0.21601	0.08149	0.02059	0.00801	0.00853	0.00604	0.00439	0.00320	0.00130	0.00370	0.00291	0.00316	0.00550
20	0.01169	0.71979	0.02078	0.00780	0.01115	0.04272	0.00749	0.06220	0.00932	0.01108	0.00618	0.00722	0.00558	0.00400	0.00358	0.00100	0.05843	0.00248	0.00199	0.00550
21	0.00618	0.00414	0.00471	0.00469	0.00475	0.00412	0.00267	0.00630	0.00655	0.00880	0.06359	0.02809	0.01700	0.79820	0.02062	0.00395	0.00399	0.00628	0.00271	0.00267
22	0.00535	0.00408	0.00492	0.00522	0.00607	0.00365	0.00372	0.00653	0.00968	0.01267	0.23545	0.36132	0.30343	0.01126	0.00519	0.00153	0.00224	0.00990	0.00414	0.00365
23	0.00536	0.00378	0.00500	0.00589	0.00622	0.00354	0.00401	0.00623	0.00839	0.01135	0.05811	0.76058	0.02800	0.01281	0.00535	0.00169	0.00248	0.03557	0.03213	0.00351
24	0.00612	0.00458	0.00574	0.00566	0.00672	0.00433	0.00429	0.00841	0.05448	0.01536	0.52546	0.11747	0.13969	0.00955	0.00510	0.00145	0.00231	0.07481	0.00443	0.00404
25	0.11279	0.00949	0.01048	0.00890	0.01110	0.06115	0.03751	0.26960	0.10341	0.01767	0.01081	0.01374	0.00899	0.01138	0.18774	0.00260	0.06792	0.04595	0.00324	0.00555
26	0.73685	0.00779	0.00646	0.00571	0.00824	0.00879	0.00467	0.01267	0.00805	0.07624	0.08367	0.00980	0.00838	0.00449	0.00298	0.00132	0.00319	0.00295	0.00301	0.00474
27	0.01132	0.74981	0.09091	0.00779	0.01165	0.01610	0.00803	0.04323	0.00911	0.01095	0.00623	0.00714	0.00552	0.00373	0.00290	0.00096	0.00470	0.00241	0.00191	0.00560
28	0.00709	0.00515	0.00635	0.00608	0.00719	0.00510	0.00449	0.05880	0.08518	0.02913	0.47459	0.21793	0.03160	0.03494	0.00550	0.00152	0.00250	0.00811	0.00440	0.00434
29	0.00581	0.00433	0.00540	0.00516	0.00623	0.00392	0.00386	0.00761	0.01150	0.01584	0.65183	0.05052	0.19387	0.00920	0.00503	0.00137	0.00205	0.00804	0.00452	0.00392
30	0.04791	0.01071	0.01144	0.00918	0.01226	0.01193	0.00746	0.50607	0.25392	0.06531	0.01249	0.01198	0.00900	0.00527	0.00422	0.00133	0.00419	0.00408	0.00427	0.00699
31	0.01589	0.02028	0.01206	0.01096	0.01315	0.83338	0.00822	0.01699	0.01206	0.01041	0.00658	0.00767	0.00548	0.00438	0.00384	0.00110	0.00767	0.00274	0.00219	0.00493
32	0.00756	0.00470	0.00576	0.00566	0.00701	0.00418	0.00433	0.00887	0.01007	0.13697	0.14636	0.19929	0.32924	0.02085	0.00529	0.00155	0.00263	0.09122	0.00424	0.00421
33	0.01199	0.23857	0.03733	0.03782	0.05430	0.22822	0.04741	0.05376	0.01038	0.02766	0.00773	0.00954	0.00650	0.00410	0.00357	0.00103	0.00527	0.02166	0.02052	0.17264
34	0.00537	0.00400	0.00474	0.00521	0.00579	0.00366	0.00351	0.00612	0.00834	0.01071	0.04588	0.41823	0.26327	0.17447	0.00845	0.00210	0.00270	0.02040	0.00370	0.00335
35	0.06481	0.12112	0.16976	0.04606	0.04460	0.03810	0.07607	0.13959	0.08424	0.10277	0.01127	0.02717	0.03706	0.00484	0.00401	0.00129	0.00486	0.00394	0.01238	0.00605

[dist]
# distance from previous block
# <min> <max>
0	1

[block]
# block no. 2 follows, 62 sequences, length 12
# corresponding to MSA columns:
# 262-271,273,274
name=unknown_C
#
# <colnr> <probs for GDERKNQSTAVLIFYWHMCP>
#	G	D	E	R	K	N	Q	S	T	A	V	L	I	F	Y	W	H	M	C	P
0	0.05347	0.02906	0.07795	0.07695	0.22723	0.04666	0.06432	0.05753	0.02136	0.10538	0.00891	0.01028	0.00679	0.00399	0.00391	0.00115	0.00475	0.00347	0.00268	0.19415
1	0.01185	0.00566	0.00743	0.00651	0.00851	0.00504	0.00518	0.01339	0.01103	0.38205	0.17306	0.08432	0.13002	0.04088	0.00546	0.00155	0.00309	0.09504	0.00463	0.00531
2	0.00544	0.00384	0.00509	0.00592	0.00628	0.00361	0.00408	0.00621	0.00832	0.01107	0.05648	0.67798	0.05533	0.03429	0.00628	0.03583	0.00263	0.06403	0.00386	0.00343
3	0.01086	0.10667	0.40968	0.04623	0.04124	0.05434	0.08595	0.05080	0.02366	0.10046	0.00946	0.01046	0.02272	0.00432	0.00406	0.00129	0.00570	0.00355	0.00244	0.00612
4	0.00938	0.02557	0.21546	0.03587	0.06341	0.00766	0.09263	0.01235	0.05788	0.10848	0.04687	0.01835	0.05326	0.17319	0.00816	0.02429	0.00479	0.03435	0.00289	0.00516
5	0.00931	0.00931	0.01303	0.01117	0.01117	0.01303	0.00931	0.01024	0.00652	0.01024	0.00559	0.00931	0.00559	0.00745	0.01396	0.00186	0.84267	0.00372	0.00186	0.00465
6	0.00929	0.00881	0.01493	0.35938	0.46533	0.00958	0.01219	0.01188	0.00914	0.01254	0.00844	0.04417	0.00715	0.00436	0.00428	0.00135	0.00521	0.00412	0.00209	0.00578
7	0.01106	0.01017	0.08153	0.15211	0.17986	0.03976	0.14724	0.02790	0.03378	0.14856	0.01115	0.08281	0.00919	0.00522	0.00476	0.00140	0.02979	0.01499	0.00286	0.00584
8	0.00784	0.00711	0.01154	0.52803	0.07258	0.00826	0.03272	0.01066	0.03598	0.01177	0.02925	0.05734	0.05628	0.00610	0.00460	0.00149	0.00495	0.10627	0.00252	0.00471
9	0.00967	0.00812	0.01325	0.42411	0.14143	0.00943	0.04797	0.01198	0.00887	0.09426	0.03219	0.01247	0.00772	0.03648	0.00632	0.00155	0.12251	0.00409	0.00238	0.00522
10	0.01212	0.00976	0.05818	0.01621	0.32241	0.00893	0.11346	0.06975	0.04373	0.19424	0.03341	0.02983	0.03796	0.00550	0.02398	0.00146	0.00490	0.00453	0.00321	0.00641
11	0.01052	0.06976	0.07216	0.03732	0.20032	0.01871	0.10902	0.01363	0.07886	0.12810	0.03298	0.09418	0.01172	0.03055	0.03056	0.00163	0.00486	0.04633	0.00306	0.00574

[dist]
# distance from previous block
# <min> <max>
2	4

[block]
# block no. 3 follows, 62 sequences, length 12
# corresponding to MSA columns:
# 279-290
name=unknown_D
#
# <colnr> <probs for GDERKNQSTAVLIFYWHMCP>
#	G	D	E	R	K	N	Q	S	T	A	V	L	I	F	Y	W	H	M	C	P
0	0.21516	0.23999	0.02947	0.00778	0.02905	0.14352	0.00649	0.03810	0.00974	0.02505	0.08750	0.04762	0.04554	0.00559	0.00364	0.00123	0.00433	0.05251	0.00278	0.00491
1	0.01399	0.00903	0.01096	0.00895	0.01110	0.02676	0.00733	0.21307	0.05614	0.27280	0.01316	0.03705	0.04181	0.00627	0.00689	0.00146	0.22830	0.00442	0.02436	0.00614
2	0.00726	0.00468	0.00548	0.00520	0.00667	0.00411	0.00401	0.00872	0.01050	0.11392	0.22853	0.06073	0.41994	0.00943	0.00489	0.00141	0.00240	0.05089	0.04704	0.00418
3	0.00816	0.00536	0.00713	0.00743	0.00872	0.00527	0.00629	0.05612	0.01072	0.08105	0.10369	0.08387	0.05631	0.01056	0.00551	0.00177	0.00359	0.52995	0.00413	0.00436
4	0.01058	0.00914	0.00962	0.00866	0.01106	0.01058	0.00673	0.02261	0.81623	0.01780	0.01732	0.01588	0.01299	0.00577	0.00433	0.00144	0.00337	0.00481	0.00433	0.00673
5	0.00676	0.00499	0.00681	0.00742	0.00833	0.00510	0.00623	0.00884	0.03165	0.01324	0.14405	0.12361	0.02618	0.01111	0.00599	0.00182	0.03744	0.54249	0.00397	0.00399
6	0.00614	0.00426	0.00509	0.00508	0.00612	0.00393	0.00383	0.00783	0.01051	0.01485	0.38951	0.09535	0.20589	0.00904	0.00474	0.00137	0.00220	0.05909	0.16131	0.00386
7	0.00586	0.00418	0.00539	0.00586	0.00623	0.00421	0.00400	0.00692	0.03090	0.01039	0.03433	0.41250	0.02155	0.25058	0.13571	0.00317	0.00438	0.04713	0.00334	0.00339
8	0.01076	0.00965	0.01375	0.16988	0.36322	0.04572	0.01069	0.14561	0.04639	0.01536	0.01056	0.01570	0.00919	0.00526	0.00444	0.00139	0.00500	0.10867	0.00277	0.00600
9	0.00963	0.01536	0.40048	0.03541	0.18355	0.00992	0.05254	0.06010	0.04078	0.02848	0.00856	0.01038	0.00655	0.00588	0.05245	0.00166	0.04676	0.00361	0.00223	0.02568
10	0.11370	0.02174	0.00992	0.00775	0.01056	0.00842	0.00636	0.19483	0.01271	0.41698	0.02718	0.05357	0.01018	0.00560	0.00455	0.00134	0.04454	0.00433	0.03930	0.00642
11	0.19782	0.02617	0.00973	0.00776	0.01050	0.03077	0.00626	0.31071	0.09283	0.05344	0.03187	0.02922	0.02430	0.04041	0.03801	0.00159	0.00425	0.00395	0.00357	0.07686

[dist]
# distance from previous block
# <min> <max>
5	9

[block]
# block no. 4 follows, 62 sequences, length 10
# corresponding to MSA columns:
# 305-314
name=unknown_E
#
# <colnr> <probs for GDERKNQSTAVLIFYWHMCP>
#	G	D	E	R	K	N	Q	S	T	A	V	L	I	F	Y	W	H	M	C	P
0	0.15269	0.06287	0.26985	0.00871	0.01217	0.00928	0.02222	0.07188	0.03514	0.07489	0.02482	0.02761	0.08328	0.05081	0.00551	0.00151	0.06026	0.00415	0.01692	0.00543
1	0.03345	0.24792	0.32597	0.00920	0.01325	0.08608	0.00997	0.03449	0.02351	0.03257	0.08134	0.03189	0.04354	0.00496	0.00380	0.00121	0.00505	0.00378	0.00245	0.00556
2	0.01096	0.18293	0.12883	0.05522	0.01305	0.08547	0.00810	0.11042	0.04452	0.03276	0.05001	0.01025	0.00812	0.00423	0.00362	0.00104	0.00458	0.00321	0.00267	0.23998
3	0.06604	0.00630	0.00756	0.00628	0.00864	0.00562	0.00498	0.04473	0.01079	0.20798	0.21129	0.04646	0.09664	0.02927	0.00474	0.00129	0.00300	0.03684	0.00401	0.19753
4	0.00765	0.00517	0.00624	0.00589	0.00724	0.00502	0.00448	0.02716	0.10133	0.07455	0.38463	0.11749	0.12737	0.00863	0.00480	0.00140	0.00247	0.03473	0.06925	0.00450
5	0.00633	0.00424	0.00504	0.00504	0.00550	0.00406	0.00325	0.00697	0.00806	0.03388	0.16874	0.11821	0.09498	0.48367	0.01444	0.00297	0.00335	0.02472	0.00335	0.00320
6	0.01132	0.00569	0.00738	0.00640	0.00840	0.00513	0.00508	0.01338	0.04045	0.34034	0.30096	0.05283	0.12254	0.00781	0.00476	0.00139	0.00285	0.05322	0.00474	0.00533
7	0.00643	0.00525	0.00591	0.00604	0.00693	0.04692	0.00446	0.02278	0.01014	0.01333	0.28377	0.29195	0.16308	0.02861	0.00571	0.00158	0.02218	0.06706	0.00402	0.00385
8	0.04769	0.68663	0.05626	0.00784	0.01140	0.10897	0.00765	0.01325	0.00899	0.01059	0.00607	0.00702	0.00542	0.00376	0.00291	0.00097	0.00493	0.00237	0.00190	0.00540
9	0.02694	0.03587	0.01238	0.06018	0.23613	0.02310	0.00835	0.15744	0.05886	0.01606	0.00946	0.05318	0.00801	0.00448	0.00388	0.00110	0.00420	0.00380	0.00284	0.27373

[dist]
# distance from previous block
# <min> <max>
0	1

[block]
# block no. 5 follows, 62 sequences, length 9
# corresponding to MSA columns:
# 316-324
name=unknown_F
#
# <colnr> <probs for GDERKNQSTAVLIFYWHMCP>
#	G	D	E	R	K	N	Q	S	T	A	V	L	I	F	Y	W	H	M	C	P
0	0.01225	0.03038	0.01204	0.01169	0.11946	0.19376	0.02646	0.10581	0.38888	0.01622	0.01305	0.01299	0.02773	0.00514	0.00419	0.00131	0.00478	0.00415	0.00344	0.00627
1	0.09497	0.14815	0.01422	0.03382	0.10172	0.26305	0.05196	0.15074	0.01175	0.01477	0.03306	0.03034	0.00754	0.00466	0.00402	0.00120	0.02235	0.00349	0.00262	0.00555
2	0.00846	0.00905	0.06368	0.64314	0.07796	0.00967	0.10492	0.01149	0.00879	0.01154	0.00772	0.01117	0.00581	0.00413	0.00433	0.00141	0.00585	0.00389	0.00193	0.00507
3	0.00663	0.00405	0.00444	0.00455	0.00551	0.00381	0.00333	0.00823	0.00940	0.01434	0.13651	0.15926	0.17969	0.00802	0.00408	0.00125	0.00210	0.00683	0.43415	0.00381
4	0.00580	0.00434	0.00554	0.00605	0.00659	0.00425	0.00424	0.03507	0.00904	0.01207	0.10056	0.62123	0.11168	0.01209	0.00565	0.00165	0.03576	0.01072	0.00395	0.00371
5	0.00824	0.00767	0.01012	0.03959	0.01011	0.03843	0.00734	0.00966	0.03374	0.01021	0.00891	0.03351	0.00881	0.11111	0.22484	0.00335	0.42348	0.00443	0.00220	0.00425
6	0.00662	0.00529	0.00760	0.00729	0.00783	0.00645	0.00565	0.00786	0.00671	0.00974	0.01068	0.01682	0.01038	0.12551	0.60185	0.00570	0.14737	0.00462	0.00225	0.00379
7	0.00969	0.07886	0.26466	0.01539	0.02023	0.01096	0.51069	0.01352	0.00962	0.01331	0.00811	0.01038	0.00606	0.00373	0.00455	0.00137	0.00671	0.00425	0.00202	0.00588
8	0.03307	0.08754	0.20495	0.14489	0.24238	0.02951	0.09756	0.06658	0.00997	0.01386	0.00811	0.01072	0.00646	0.00417	0.00412	0.00131	0.00558	0.02105	0.00218	0.00597

[dist]
# distance from previous block
# <min> <max>
6	14

[block]
# block no. 6 follows, 62 sequences, length 8
# corresponding to MSA columns:
# 345-352
name=unknown_G
#
# <colnr> <probs for GDERKNQSTAVLIFYWHMCP>
#	G	D	E	R	K	N	Q	S	T	A	V	L	I	F	Y	W	H	M	C	P
0	0.00663	0.00436	0.00547	0.00558	0.00632	0.00411	0.00395	0.00766	0.00895	0.06318	0.18583	0.23872	0.11254	0.22719	0.03757	0.00240	0.00325	0.06888	0.00377	0.00365
1	0.01194	0.09234	0.15944	0.03931	0.01430	0.07035	0.07564	0.24030	0.06943	0.04082	0.02380	0.04524	0.00837	0.00520	0.00490	0.00133	0.06916	0.00407	0.01805	0.00602
2	0.00560	0.00415	0.00480	0.00507	0.00573	0.00383	0.00347	0.00638	0.00841	0.01076	0.07474	0.22176	0.29411	0.27036	0.01030	0.00236	0.00294	0.05836	0.00357	0.00329
3	0.01091	0.34913	0.01457	0.00699	0.01066	0.01069	0.00621	0.06252	0.00965	0.05993	0.00760	0.00843	0.00626	0.00359	0.00312	0.00082	0.00384	0.00261	0.00251	0.41997
4	0.02739	0.00639	0.00793	0.05919	0.01015	0.00572	0.00551	0.03859	0.03023	0.08061	0.05551	0.20986	0.03507	0.00709	0.00427	0.00122	0.00323	0.07105	0.00341	0.33757
5	0.03212	0.09732	0.47529	0.03424	0.01609	0.05284	0.01222	0.13997	0.01104	0.07778	0.00849	0.00935	0.00608	0.00429	0.00393	0.00128	0.00565	0.00324	0.00250	0.00628
6	0.00616	0.00423	0.00530	0.00561	0.00649	0.00384	0.00405	0.00729	0.00939	0.05898	0.15008	0.41666	0.23128	0.01201	0.03003	0.00173	0.00270	0.03626	0.00409	0.00382
7	0.00568	0.00400	0.00480	0.00514	0.00546	0.00381	0.00327	0.00622	0.00774	0.01025	0.08254	0.33759	0.10717	0.38258	0.01253	0.00273	0.00313	0.00882	0.00340	0.00313

[dist]
# distance from previous block
# <min> <max>
4	6

[block]
# block no. 7 follows, 62 sequences, length 31
# corresponding to MSA columns:
# 374-404
name=unknown_H
#
# <colnr> <probs for GDERKNQSTAVLIFYWHMCP>
#	G	D	E	R	K	N	Q	S	T	A	V	L	I	F	Y	W	H	M	C	P
0	0.00672	0.00508	0.00559	0.00551	0.00635	0.04485	0.00387	0.00784	0.00962	0.03980	0.30397	0.16206	0.14288	0.21366	0.00905	0.00209	0.00298	0.02058	0.00383	0.00367
1	0.01095	0.12826	0.32545	0.01059	0.02367	0.08648	0.07040	0.06386	0.04670	0.08279	0.07653	0.01195	0.02037	0.00476	0.00423	0.00128	0.01929	0.00382	0.00270	0.00592
2	0.00542	0.00421	0.00490	0.00505	0.00607	0.00374	0.00370	0.00666	0.00985	0.01270	0.23203	0.20389	0.40401	0.03977	0.00572	0.00159	0.00232	0.04065	0.00409	0.00365
3	0.00819	0.00767	0.01306	0.62625	0.02503	0.00930	0.07754	0.01073	0.00839	0.01113	0.00810	0.02748	0.00649	0.00545	0.02217	0.02268	0.06905	0.00406	0.03257	0.00467
4	0.03599	0.01255	0.03245	0.01023	0.01187	0.29412	0.06504	0.03256	0.05252	0.01153	0.00831	0.01135	0.00735	0.05144	0.14658	0.00245	0.20282	0.00374	0.00231	0.00480
5	0.07223	0.68263	0.04122	0.00769	0.01117	0.10425	0.00742	0.01320	0.00893	0.01078	0.00603	0.00698	0.00540	0.00375	0.00288	0.00097	0.00485	0.00235	0.00192	0.00537
6	0.00527	0.00376	0.00501	0.00590	0.00617	0.00355	0.00395	0.00604	0.00813	0.01089	0.04198	0.77192	0.02741	0.04271	0.03367	0.00197	0.00281	0.01153	0.00386	0.00345
7	0.00577	0.00422	0.00504	0.00528	0.00627	0.00377	0.00384	0.00692	0.00954	0.03938	0.15156	0.31758	0.36541	0.01161	0.02159	0.00164	0.00252	0.03024	0.00407	0.00374
8	0.01145	0.77536	0.02119	0.00739	0.01098	0.05158	0.00721	0.01282	0.00880	0.01022	0.00603	0.00696	0.00550	0.00365	0.00280	0.00090	0.00462	0.00231	0.00187	0.04836
9	0.00878	0.00544	0.00584	0.00511	0.00692	0.00519	0.00395	0.02230	0.09221	0.03565	0.01292	0.01427	0.01009	0.00467	0.00320	0.00097	0.00245	0.00375	0.56773	0.18856
10	0.15145	0.00960	0.03415	0.10293	0.01526	0.02175	0.19712	0.03333	0.00835	0.02848	0.00742	0.01025	0.00613	0.00667	0.05244	0.00183	0.28768	0.00384	0.01629	0.00502
11	0.00521	0.00430	0.00453	0.00450	0.00580	0.00367	0.00333	0.00638	0.00988	0.01216	0.15165	0.05519	0.66819	0.03949	0.00561	0.00152	0.00221	0.00876	0.00401	0.00361
12	0.01378	0.45580	0.01688	0.00788	0.01122	0.05392	0.00712	0.17541	0.01175	0.15796	0.00908	0.00930	0.00695	0.00432	0.00338	0.00107	0.00446	0.00304	0.04065	0.00604
13	0.00518	0.00430	0.00454	0.00452	0.00585	0.00365	0.00337	0.00639	0.01000	0.01232	0.16057	0.06592	0.67761	0.01054	0.00504	0.00143	0.00214	0.00889	0.00406	0.00365
14	0.05112	0.00418	0.00408	0.00405	0.00512	0.00424	0.00306	0.01004	0.00884	0.01602	0.01349	0.01542	0.01059	0.00491	0.00296	0.00101	0.00205	0.00388	0.83096	0.00400
15	0.01448	0.01089	0.01167	0.00936	0.01244	0.01215	0.00760	0.53391	0.27424	0.04854	0.01269	0.01216	0.00918	0.00533	0.00428	0.00133	0.00423	0.00416	0.00431	0.00708
16	0.00937	0.00800	0.00934	0.00694	0.01040	0.03453	0.03339	0.03104	0.03008	0.03867	0.05267	0.01153	0.03506	0.00393	0.00349	0.00080	0.00341	0.00325	0.00283	0.67127
17	0.01030	0.18446	0.11600	0.04641	0.01430	0.01100	0.15680	0.06822	0.03770	0.06158	0.05866	0.06175	0.01040	0.00561	0.00546	0.00138	0.11088	0.03087	0.00272	0.00550
18	0.00697	0.00458	0.00604	0.00563	0.00679	0.00421	0.00431	0.00895	0.01194	0.07316	0.72615	0.03138	0.03731	0.00861	0.00501	0.00137	0.00221	0.04643	0.00469	0.00423
19	0.00871	0.00585	0.00724	0.00647	0.00842	0.00507	0.00482	0.04440	0.02285	0.11722	0.01679	0.41997	0.01768	0.00853	0.00448	0.00130	0.00295	0.00752	0.00368	0.28606
20	0.02970	0.01012	0.10541	0.00946	0.01310	0.00826	0.11702	0.10993	0.07793	0.22468	0.01206	0.05785	0.00915	0.00489	0.00414	0.00122	0.00435	0.00426	0.00353	0.19295
21	0.00576	0.00473	0.00707	0.00698	0.00790	0.00438	0.09026	0.00705	0.02135	0.01138	0.02518	0.60445	0.16372	0.01172	0.00530	0.00164	0.00293	0.01068	0.00376	0.00378
22	0.00645	0.00411	0.00507	0.00512	0.00521	0.00415	0.00318	0.00628	0.00628	0.00840	0.01254	0.02518	0.01401	0.59175	0.07135	0.17689	0.00449	0.04448	0.00248	0.00258
23	0.01294	0.01032	0.01366	0.01074	0.01383	0.05100	0.18187	0.18823	0.28091	0.13327	0.04806	0.01379	0.01078	0.00514	0.00446	0.00137	0.00467	0.00459	0.00388	0.00649
24	0.01036	0.55715	0.30930	0.00901	0.01359	0.01436	0.01029	0.01300	0.00877	0.01124	0.00653	0.00759	0.00544	0.00378	0.00320	0.00107	0.00517	0.00258	0.00181	0.00576
25	0.01594	0.01880	0.01218	0.01075	0.01316	0.68800	0.00820	0.15750	0.01347	0.01332	0.00722	0.00812	0.00579	0.00451	0.00391	0.00113	0.00714	0.00293	0.00256	0.00534
26	0.00619	0.00413	0.00464	0.00464	0.00464	0.00413	0.00258	0.00619	0.00619	0.00825	0.01341	0.02785	0.01547	0.85046	0.02166	0.00413	0.00413	0.00619	0.00258	0.00258
27	0.01138	0.85302	0.02230	0.00728	0.01092	0.01684	0.00728	0.01274	0.00865	0.01001	0.00592	0.00683	0.00546	0.00364	0.00273	0.00091	0.00455	0.00228	0.00182	0.00546
28	0.00656	0.00447	0.00626	0.00619	0.00678	0.00493	0.00452	0.00747	0.00674	0.03258	0.01185	0.01940	0.01173	0.24867	0.54425	0.05803	0.00877	0.00493	0.00242	0.00345
29	0.00959	0.01238	0.14301	0.01574	0.01995	0.01006	0.59276	0.03894	0.01004	0.01379	0.00983	0.08491	0.00824	0.00457	0.00489	0.00144	0.00654	0.00533	0.00233	0.00567
30	0.01033	0.02470	0.03506	0.03756	0.03450	0.00969	0.00714	0.11002	0.44426	0.03370	0.04328	0.05744	0.02845	0.01705	0.06060	0.00182	0.02084	0.01365	0.00384	0.00607

[dist]
# distance from previous block
# <min> <max>
0	1

[block]
# block no. 8 follows, 62 sequences, length 11
# corresponding to MSA columns:
# 406-416
name=unknown_I
#
# <colnr> <probs for GDERKNQSTAVLIFYWHMCP>
#	G	D	E	R	K	N	Q	S	T	A	V	L	I	F	Y	W	H	M	C	P
0	0.00765	0.00676	0.01096	0.63804	0.02372	0.00813	0.00993	0.01012	0.00889	0.01168	0.09762	0.01590	0.04127	0.00556	0.00477	0.02991	0.00490	0.02597	0.03376	0.00446
1	0.03939	0.26640	0.08719	0.09793	0.14945	0.04182	0.00933	0.12281	0.06825	0.01425	0.00862	0.02829	0.00715	0.00545	0.03533	0.00141	0.00512	0.00348	0.00249	0.00585
2	0.08089	0.54239	0.01892	0.00850	0.01153	0.03567	0.05916	0.01299	0.00861	0.05741	0.00668	0.00794	0.00576	0.00431	0.00458	0.00114	0.12324	0.00279	0.00212	0.00538
3	0.00607	0.00410	0.00477	0.00488	0.00494	0.00411	0.00285	0.00622	0.00643	0.00861	0.01440	0.11604	0.01662	0.72266	0.05684	0.00399	0.00428	0.00675	0.00271	0.00273
4	0.00561	0.00412	0.00525	0.00542	0.00621	0.00377	0.00389	0.00706	0.01040	0.01422	0.44713	0.31376	0.13629	0.01056	0.00516	0.00149	0.00219	0.00937	0.00434	0.00377
5	0.00894	0.00837	0.01281	0.30830	0.23345	0.03155	0.01031	0.01106	0.00837	0.01169	0.00810	0.01175	0.00688	0.02768	0.07521	0.00194	0.16309	0.00388	0.05154	0.00508
6	0.74849	0.05242	0.00770	0.00616	0.00887	0.04967	0.00510	0.05502	0.00822	0.01862	0.00618	0.00712	0.00483	0.00402	0.00278	0.00128	0.00364	0.00240	0.00266	0.00481
7	0.00556	0.00417	0.00516	0.00526	0.00616	0.00377	0.00381	0.00701	0.01045	0.01409	0.42455	0.25171	0.22184	0.01043	0.00513	0.00147	0.00217	0.00917	0.00431	0.00377
8	0.00521	0.00378	0.00492	0.00578	0.00615	0.00349	0.00390	0.00602	0.00842	0.01116	0.05678	0.75212	0.09069	0.01295	0.00538	0.00169	0.00243	0.01168	0.00398	0.00349
9	0.01032	0.00822	0.01097	0.01270	0.24512	0.00844	0.00789	0.18107	0.09127	0.04657	0.17316	0.02079	0.11315	0.00651	0.00457	0.00136	0.00376	0.04462	0.00371	0.00581
10	0.01458	0.27701	0.01549	0.00943	0.01247	0.30658	0.00788	0.27889	0.01363	0.01573	0.00758	0.00825	0.00606	0.00439	0.00363	0.00110	0.00571	0.00296	0.00276	0.00586

[dist]
# distance from previous block
# <min> <max>
0	1

[block]
# block no. 9 follows, 62 sequences, length 11
# corresponding to MSA columns:
# 418-428
name=unknown_J
#
# <colnr> <probs for GDERKNQSTAVLIFYWHMCP>
#	G	D	E	R	K	N	Q	S	T	A	V	L	I	F	Y	W	H	M	C	P
0	0.00942	0.27988	0.57827	0.01062	0.01609	0.01204	0.01310	0.01325	0.00888	0.01240	0.00710	0.00831	0.00541	0.00392	0.00364	0.00121	0.00575	0.00287	0.00180	0.00603
1	0.00560	0.00445	0.00508	0.00533	0.00636	0.00410	0.00383	0.00746	0.06881	0.01233	0.11811	0.32885	0.39205	0.01110	0.00512	0.00153	0.00234	0.00966	0.00406	0.00382
2	0.00723	0.00729	0.04772	0.00703	0.00796	0.12242	0.00524	0.00870	0.04268	0.01098	0.01859	0.54435	0.02123	0.07397	0.05204	0.00207	0.00406	0.00915	0.00341	0.00390
3	0.45333	0.04806	0.01104	0.02732	0.10088	0.05582	0.08705	0.01397	0.05046	0.08003	0.00840	0.01012	0.00660	0.00433	0.00346	0.00132	0.00428	0.02543	0.00278	0.00531
4	0.01216	0.01184	0.01340	0.01611	0.33714	0.18954	0.00961	0.17598	0.01193	0.01515	0.00968	0.07290	0.00880	0.04018	0.00539	0.00142	0.04070	0.01943	0.00274	0.00589
5	0.02943	0.01006	0.01368	0.07379	0.07195	0.03416	0.14080	0.11461	0.32070	0.01630	0.01184	0.01317	0.00920	0.00530	0.00549	0.00145	0.09970	0.01905	0.00324	0.00610
6	0.00628	0.00449	0.00503	0.00500	0.00634	0.00388	0.00376	0.00744	0.00978	0.07185	0.09075	0.12948	0.55518	0.03381	0.00552	0.00156	0.00243	0.04950	0.00406	0.00386
7	0.00824	0.00688	0.00975	0.00877	0.00927	0.00888	0.00708	0.00942	0.00693	0.05156	0.00908	0.01373	0.00853	0.06046	0.37058	0.00411	0.39592	0.00424	0.00225	0.00431
8	0.02462	0.00627	0.00764	0.00698	0.00878	0.00634	0.00553	0.03874	0.17324	0.19357	0.17005	0.06893	0.03307	0.04313	0.02804	0.00172	0.00340	0.12533	0.04935	0.00526
9	0.00919	0.00856	0.06325	0.00979	0.02627	0.00982	0.00820	0.03243	0.00761	0.07165	0.00861	0.01239	0.00774	0.04006	0.24399	0.00324	0.42608	0.00404	0.00232	0.00476
10	0.00649	0.00621	0.06026	0.04967	0.03208	0.00514	0.02718	0.00862	0.04397	0.02751	0.20732	0.08660	0.36139	0.05175	0.00573	0.00156	0.00299	0.00760	0.00374	0.00421

[dist]
# distance from previous block
# <min> <max>
1	4

[block]
# block no. 10 follows, 62 sequences, length 16
# corresponding to MSA columns:
# 456-462,473,474,476-478,484-487
name=unknown_K
#
# <colnr> <probs for GDERKNQSTAVLIFYWHMCP>
#	G	D	E	R	K	N	Q	S	T	A	V	L	I	F	Y	W	H	M	C	P
0	0.12813	0.29205	0.21582	0.03990	0.07636	0.04251	0.00964	0.06537	0.04193	0.04113	0.00768	0.00869	0.00602	0.00408	0.00347	0.00118	0.00493	0.00295	0.00234	0.00583
1	0.08639	0.06196	0.46056	0.01104	0.01555	0.01041	0.06755	0.03485	0.00886	0.02551	0.00750	0.00921	0.00573	0.00514	0.02671	0.00150	0.11059	0.00327	0.00207	0.04561
2	0.00608	0.00456	0.00684	0.00684	0.00760	0.00532	0.00532	0.00760	0.00684	0.00988	0.01140	0.01672	0.01064	0.03191	0.83360	0.00684	0.01140	0.00456	0.00228	0.00380
3	0.21345	0.00720	0.00860	0.00698	0.00984	0.00686	0.00568	0.01759	0.03071	0.54787	0.03145	0.07293	0.01112	0.00563	0.00400	0.00135	0.00342	0.00447	0.00454	0.00629
4	0.06203	0.00685	0.00887	0.00727	0.00982	0.00646	0.00591	0.03338	0.04297	0.51453	0.15168	0.03987	0.01613	0.00635	0.00474	0.00138	0.03136	0.03942	0.00476	0.00621
5	0.00882	0.00820	0.01294	0.59435	0.09499	0.01000	0.01113	0.03888	0.05264	0.01205	0.00802	0.01122	0.00622	0.00463	0.00523	0.00143	0.09155	0.00381	0.00213	0.02176
6	0.00789	0.00479	0.00628	0.00576	0.00710	0.00436	0.00445	0.00980	0.01183	0.13216	0.62675	0.03063	0.07190	0.00847	0.00496	0.00137	0.00235	0.05001	0.00469	0.00445
7	0.01146	0.06448	0.17617	0.09588	0.02638	0.10039	0.08362	0.21423	0.06478	0.01617	0.00985	0.04785	0.00797	0.02606	0.00459	0.00137	0.00537	0.00408	0.03345	0.00585
8	0.01551	0.04371	0.01211	0.01002	0.01261	0.48180	0.00782	0.24276	0.03482	0.05167	0.00861	0.00921	0.00662	0.00466	0.00392	0.00116	0.00620	0.00321	0.03787	0.00572
9	0.00649	0.00490	0.04315	0.00616	0.00685	0.00418	0.00454	0.00695	0.03392	0.01027	0.03821	0.42388	0.01855	0.01260	0.00922	0.31420	0.00313	0.00790	0.00307	0.04183
10	0.01012	0.00910	0.01517	0.09785	0.05422	0.00941	0.24733	0.08044	0.00992	0.06020	0.00994	0.09494	0.00871	0.00541	0.00596	0.00138	0.13671	0.00483	0.00267	0.13568
11	0.01141	0.00736	0.00922	0.00860	0.03295	0.00759	0.01979	0.15129	0.14371	0.17423	0.01749	0.10712	0.01608	0.04534	0.00563	0.00168	0.00385	0.22689	0.00417	0.00560
12	0.00608	0.00454	0.00675	0.00675	0.00747	0.00527	0.00520	0.00754	0.00681	0.00981	0.01148	0.01718	0.01084	0.06611	0.79968	0.00673	0.01109	0.00463	0.00229	0.00375
13	0.01138	0.44693	0.10329	0.03875	0.06856	0.05147	0.05650	0.05132	0.00948	0.04285	0.00707	0.00844	0.00590	0.00421	0.00431	0.00115	0.07759	0.00298	0.00213	0.00568
14	0.01479	0.00878	0.04808	0.00865	0.04340	0.03572	0.00690	0.10281	0.11749	0.42031	0.01679	0.06761	0.05488	0.00597	0.00433	0.00134	0.00383	0.00491	0.02688	0.00651
15	0.00560	0.00433	0.00510	0.00491	0.00610	0.00384	0.00368	0.00721	0.01105	0.01470	0.49129	0.03567	0.37201	0.00958	0.00502	0.00138	0.00207	0.00824	0.00437	0.00384

[dist]
# distance from previous block
# <min> <max>
0	2

[block]
# block no. 11 follows, 62 sequences, length 21
# corresponding to MSA columns:
# 490-499,501-511
name=unknown_L
#
# <colnr> <probs for GDERKNQSTAVLIFYWHMCP>
#	G	D	E	R	K	N	Q	S	T	A	V	L	I	F	Y	W	H	M	C	P
0	0.03117	0.01083	0.01151	0.00906	0.01212	0.01201	0.00741	0.64106	0.09911	0.02474	0.01119	0.01125	0.00811	0.00514	0.00411	0.00127	0.00427	0.00391	0.08489	0.00683
1	0.05478	0.01101	0.03125	0.08764	0.24111	0.09061	0.19221	0.07799	0.01067	0.09186	0.00915	0.03112	0.00721	0.00449	0.00472	0.00135	0.04011	0.00413	0.00264	0.00597
2	0.01138	0.74571	0.02170	0.00812	0.01159	0.04519	0.04845	0.01283	0.00875	0.01022	0.00606	0.00720	0.00552	0.00382	0.00335	0.00098	0.03937	0.00249	0.00185	0.00542
3	0.00563	0.00427	0.00496	0.00494	0.00590	0.00386	0.00356	0.00685	0.00980	0.01283	0.29892	0.08652	0.34417	0.15191	0.00789	0.00189	0.00252	0.03602	0.00397	0.00357
4	0.00558	0.00435	0.00512	0.00542	0.00643	0.00396	0.00403	0.00712	0.03428	0.01247	0.15181	0.27060	0.37149	0.01114	0.00521	0.00156	0.00244	0.08918	0.00407	0.00375
5	0.15095	0.03183	0.07751	0.14532	0.07421	0.11175	0.03846	0.10169	0.01016	0.07441	0.00788	0.00962	0.00608	0.00480	0.00544	0.00138	0.13702	0.00341	0.00257	0.00551
6	0.00813	0.00776	0.01337	0.79960	0.02896	0.00952	0.05119	0.01101	0.00858	0.01101	0.00761	0.01135	0.00571	0.00422	0.00429	0.00142	0.00575	0.00384	0.00190	0.00478
7	0.00712	0.00376	0.00552	0.00559	0.00564	0.00378	0.00374	0.00570	0.00581	0.00778	0.00893	0.06735	0.00930	0.05837	0.05709	0.73196	0.00402	0.00440	0.00204	0.00209
8	0.01126	0.00699	0.00807	0.00697	0.00906	0.00726	0.00548	0.09538	0.24403	0.17931	0.20166	0.03334	0.01812	0.00628	0.00427	0.00131	0.00299	0.00526	0.14721	0.00575
9	0.00625	0.00470	0.00672	0.00663	0.00722	0.00546	0.00500	0.00746	0.00670	0.00959	0.01150	0.01842	0.01129	0.18188	0.64547	0.00611	0.04884	0.00482	0.00232	0.00361
10	0.00882	0.00756	0.00882	0.00630	0.01008	0.00567	0.00504	0.01071	0.00882	0.01387	0.00756	0.00882	0.00630	0.00315	0.00315	0.00063	0.00315	0.00252	0.00252	0.87647
11	0.00549	0.00394	0.00515	0.00584	0.00629	0.00369	0.00406	0.00648	0.00879	0.01179	0.14193	0.58329	0.06163	0.06359	0.00638	0.00182	0.00260	0.06976	0.00397	0.00353
12	0.00847	0.00574	0.00687	0.00617	0.00774	0.00573	0.00475	0.04904	0.14892	0.08670	0.48812	0.02598	0.06677	0.00759	0.00467	0.00133	0.00251	0.00655	0.06146	0.00488
13	0.00807	0.00679	0.00797	0.00611	0.00921	0.00523	0.00475	0.00972	0.00872	0.01321	0.01172	0.12765	0.05134	0.02215	0.00394	0.00090	0.00302	0.00426	0.00279	0.69246
14	0.01065	0.54768	0.28295	0.00901	0.01345	0.05006	0.01006	0.01316	0.00890	0.01115	0.00650	0.00756	0.00544	0.00380	0.00320	0.00106	0.00525	0.00258	0.00183	0.00571
15	0.03280	0.02492	0.03431	0.00875	0.01128	0.08906	0.02437	0.19620	0.18674	0.10832	0.02438	0.03799	0.03404	0.00659	0.00448	0.00142	0.00429	0.13929	0.02489	0.00589
16	0.10476	0.01707	0.01095	0.01031	0.03588	0.63596	0.00757	0.01570	0.01119	0.03156	0.00795	0.05643	0.00698	0.00487	0.00381	0.00116	0.00661	0.00333	0.02301	0.00490
17	0.00612	0.00456	0.00560	0.02430	0.00671	0.00450	0.00403	0.02461	0.00844	0.01115	0.08980	0.25290	0.17850	0.23216	0.04259	0.02299	0.02811	0.03094	0.00341	0.01858
18	0.04956	0.00733	0.00939	0.00868	0.04340	0.00772	0.07046	0.09718	0.21757	0.01610	0.12915	0.15202	0.04215	0.03635	0.02719	0.00166	0.00372	0.02930	0.03039	0.02070
19	0.11746	0.30685	0.12175	0.04793	0.04668	0.02722	0.04223	0.07153	0.00980	0.07081	0.00852	0.00944	0.02519	0.00413	0.00345	0.00113	0.00464	0.00308	0.00248	0.07568
20	0.21992	0.24330	0.02780	0.07890	0.03643	0.09119	0.04017	0.08781	0.02792	0.01449	0.00841	0.03295	0.00743	0.02540	0.00396	0.00130	0.00469	0.04019	0.00254	0.00521

[dist]
# distance from previous block
# <min> <max>
1	3

[block]
# block no. 12 follows, 62 sequences, length 12
# corresponding to MSA columns:
# 516-520,532-538
name=unknown_M
#
# <colnr> <probs for GDERKNQSTAVLIFYWHMCP>
