[name]
unknown

[dist]
# distance from previous block
# <min> <max>
0	195

[block]
# block no. 0 follows, 75 sequences, length 16
# corresponding to MSA columns:
# 206-221
name=unknown_A
#
# <colnr> <probs for GDERKNQSTAVLIFYWHMCP>
#	G	D	E	R	K	N	Q	S	T	A	V	L	I	F	Y	W	H	M	C	P
0	0.00613	0.00456	0.00659	0.00792	0.07577	0.00455	0.00621	0.00787	0.00856	0.01130	0.06840	0.03796	0.02071	0.00943	0.00491	0.00161	0.00336	0.70729	0.00329	0.00358
1	0.00926	0.00834	0.01418	0.02042	0.72923	0.00828	0.04107	0.01142	0.00843	0.04908	0.00757	0.00955	0.00617	0.00338	0.00360	0.00108	0.00422	0.00334	0.05571	0.00566
2	0.00556	0.00395	0.00503	0.00514	0.00556	0.00413	0.00353	0.05580	0.00675	0.00919	0.01369	0.28906	0.01527	0.31651	0.24052	0.00339	0.00484	0.00646	0.00262	0.00300
3	0.00444	0.00332	0.00413	0.00478	0.00524	0.00301	0.00326	0.00515	0.00735	0.00951	0.02432	0.66809	0.22210	0.01098	0.00460	0.00143	0.00207	0.00979	0.00341	0.00301
4	0.00819	0.20779	0.39570	0.00840	0.01263	0.00905	0.04245	0.03009	0.00791	0.01132	0.00633	0.00741	0.00494	0.00322	0.00308	0.00092	0.00440	0.00249	0.00178	0.23193
5	0.00874	0.04501	0.12232	0.02430	0.00961	0.22341	0.00641	0.10916	0.00944	0.01150	0.06784	0.22022	0.04961	0.02917	0.04538	0.00146	0.00445	0.00517	0.00264	0.00416
6	0.02508	0.00666	0.00860	0.10778	0.01080	0.00677	0.04544	0.15483	0.05211	0.08012	0.06336	0.10621	0.03135	0.00510	0.00392	0.00107	0.03786	0.00428	0.05863	0.19001
7	0.00982	0.28672	0.16146	0.15073	0.04849	0.02493	0.02331	0.08268	0.04230	0.10085	0.00786	0.03186	0.00619	0.00387	0.00326	0.00105	0.00429	0.00304	0.00223	0.00507
8	0.00485	0.00343	0.00411	0.00446	0.00473	0.00326	0.00284	0.00529	0.00661	0.00868	0.04738	0.38098	0.12297	0.37144	0.01050	0.00232	0.00268	0.00783	0.00294	0.00270
9	0.02749	0.23026	0.47995	0.00887	0.01296	0.01013	0.01032	0.03245	0.04567	0.02869	0.02260	0.00804	0.00566	0.00377	0.00375	0.00110	0.05857	0.00272	0.00184	0.00515
10	0.01062	0.06132	0.11242	0.10069	0.02573	0.01893	0.07832	0.08562	0.08520	0.24674	0.05119	0.08709	0.00993	0.00487	0.00375	0.00117	0.00388	0.00420	0.00310	0.00521
11	0.00484	0.00362	0.00451	0.00466	0.00543	0.00329	0.00342	0.00609	0.00891	0.01197	0.39323	0.26189	0.21569	0.00915	0.00447	0.00129	0.00195	0.04865	0.00369	0.00325
12	0.01311	0.01218	0.00982	0.00839	0.01069	0.35732	0.00655	0.20539	0.19911	0.12593	0.00966	0.00951	0.00712	0.00430	0.00354	0.00107	0.00472	0.00316	0.00307	0.00533
13	0.01147	0.03313	0.02455	0.06720	0.01303	0.07037	0.15698	0.39412	0.01254	0.07048	0.00918	0.06322	0.00731	0.00553	0.04260	0.00136	0.00478	0.00388	0.00295	0.00533
14	0.01292	0.00748	0.02641	0.02729	0.03261	0.01600	0.06433	0.12438	0.12144	0.42122	0.02662	0.02407	0.00989	0.00493	0.00385	0.00120	0.00357	0.06225	0.00381	0.00571
15	0.00451	0.00324	0.00422	0.00499	0.00525	0.00302	0.00332	0.00513	0.00702	0.00930	0.02069	0.78857	0.06478	0.05051	0.00531	0.00157	0.00218	0.01007	0.00336	0.00295

[dist]
# distance from previous block
# <min> <max>
0	1

[block]
# block no. 1 follows, 75 sequences, length 33
# corresponding to MSA columns:
# 223-229,232-257
name=unknown_B
#
# <colnr> <probs for GDERKNQSTAVLIFYWHMCP>
#	G	D	E	R	K	N	Q	S	T	A	V	L	I	F	Y	W	H	M	C	P
0	0.06699	0.01110	0.03092	0.00804	0.02621	0.27858	0.00631	0.21000	0.12887	0.03178	0.02159	0.00994	0.00730	0.00434	0.00357	0.00107	0.02496	0.01327	0.11025	0.00491
1	0.00583	0.07879	0.05889	0.00511	0.00611	0.00513	0.00407	0.00683	0.01597	0.00936	0.11392	0.04604	0.15448	0.37374	0.01059	0.00222	0.03998	0.05716	0.00263	0.00314
2	0.00879	0.22069	0.34003	0.00956	0.05027	0.06045	0.04776	0.05534	0.04168	0.01119	0.00725	0.03385	0.00610	0.02292	0.00419	0.00116	0.05851	0.01338	0.00190	0.00499
3	0.04827	0.00821	0.00850	0.02688	0.01949	0.05528	0.00593	0.12074	0.49524	0.08371	0.02094	0.03070	0.01019	0.00494	0.00366	0.00120	0.00328	0.02070	0.02664	0.00551
4	0.32499	0.02460	0.03313	0.00754	0.06165	0.03742	0.03269	0.09694	0.02814	0.08511	0.00744	0.00818	0.01606	0.00371	0.00335	0.00103	0.04206	0.00268	0.00252	0.18075
5	0.03118	0.64907	0.16111	0.00713	0.01061	0.03081	0.00753	0.04821	0.00799	0.01000	0.00554	0.00636	0.00475	0.00328	0.00263	0.00088	0.00422	0.00216	0.00169	0.00488
6	0.00852	0.00500	0.00547	0.00487	0.00625	0.00515	0.00379	0.14626	0.04736	0.07575	0.06904	0.04858	0.03154	0.00549	0.02177	0.00110	0.00245	0.00407	0.50334	0.00418
7	0.00915	0.00809	0.02200	0.21007	0.17014	0.04777	0.02328	0.07157	0.05814	0.06374	0.00791	0.01005	0.00630	0.00450	0.00546	0.00123	0.19517	0.01179	0.06885	0.00477
8	0.00485	0.00392	0.00434	0.00420	0.00535	0.00350	0.00316	0.00649	0.04647	0.01183	0.31623	0.03164	0.52796	0.00849	0.00431	0.00121	0.00186	0.00721	0.00364	0.00335
9	0.00665	0.06031	0.04543	0.04117	0.00838	0.01582	0.02958	0.04228	0.08904	0.01144	0.14371	0.08263	0.20793	0.06423	0.01548	0.00147	0.08531	0.04229	0.00295	0.00390
10	0.66668	0.00692	0.00596	0.00527	0.00747	0.00783	0.00428	0.01215	0.10805	0.07953	0.05963	0.00874	0.00716	0.00394	0.00269	0.00115	0.00280	0.00267	0.00273	0.00434
11	0.27646	0.00712	0.00946	0.52631	0.05155	0.02485	0.00820	0.03595	0.00743	0.01206	0.00617	0.00852	0.00469	0.00360	0.00324	0.00118	0.00426	0.00286	0.00190	0.00419
12	0.00542	0.00360	0.00393	0.00402	0.00493	0.00332	0.00299	0.00669	0.00815	0.01165	0.11970	0.09790	0.32134	0.04222	0.00439	0.00124	0.00197	0.05014	0.30318	0.00322
13	0.00817	0.30048	0.57750	0.00909	0.01376	0.01051	0.01117	0.01142	0.00766	0.01065	0.00610	0.00714	0.00467	0.00337	0.00312	0.00104	0.00493	0.00247	0.00156	0.00519
14	0.01098	0.00681	0.00788	0.00660	0.00863	0.00693	0.00522	0.34344	0.01212	0.20335	0.01656	0.22074	0.12111	0.00679	0.00401	0.00122	0.00309	0.00570	0.00377	0.00505
15	0.00529	0.00387	0.00567	0.00567	0.00623	0.00444	0.00430	0.00637	0.00581	0.00831	0.00991	0.01533	0.00953	0.11597	0.74058	0.03462	0.00896	0.00406	0.00198	0.00311
16	0.01205	0.00930	0.00990	0.00800	0.01060	0.01041	0.00647	0.53157	0.30428	0.02012	0.01163	0.01115	0.02792	0.00473	0.00371	0.00116	0.00359	0.00371	0.00369	0.00602
17	0.00742	0.00489	0.00511	0.00482	0.00608	0.00526	0.00368	0.01192	0.27690	0.01424	0.07407	0.01506	0.02604	0.00483	0.00310	0.00101	0.00210	0.00397	0.52529	0.00419
18	0.00909	0.00873	0.01491	0.02254	0.84801	0.00873	0.01127	0.01127	0.00836	0.01200	0.00691	0.00909	0.00582	0.00327	0.00364	0.00109	0.00436	0.00327	0.00182	0.00582
19	0.01006	0.00635	0.00758	0.00683	0.00878	0.04198	0.00570	0.10232	0.03781	0.22218	0.01472	0.04205	0.01359	0.00678	0.00416	0.00129	0.00340	0.34664	0.00350	0.11426
20	0.01099	0.00546	0.00695	0.00576	0.00780	0.00499	0.00459	0.02361	0.08470	0.41194	0.26032	0.01923	0.10487	0.00591	0.00393	0.00115	0.00257	0.00499	0.00414	0.02612
21	0.48578	0.00755	0.00786	0.06988	0.04567	0.02420	0.02699	0.07432	0.06034	0.15421	0.00781	0.00828	0.00565	0.00378	0.00294	0.00114	0.00336	0.00272	0.00276	0.00476
22	0.05652	0.12268	0.01240	0.04590	0.07335	0.10388	0.05482	0.35322	0.01218	0.09954	0.00796	0.00853	0.00589	0.00399	0.00361	0.00107	0.02309	0.00305	0.00285	0.00547
23	0.00918	0.65202	0.23480	0.00737	0.01110	0.01298	0.00817	0.01116	0.00754	0.00942	0.00549	0.00637	0.00470	0.00323	0.00265	0.00088	0.00432	0.00216	0.00157	0.00490
24	0.00878	0.00841	0.01435	0.14293	0.73004	0.00865	0.01112	0.01100	0.00822	0.01162	0.00685	0.00919	0.00569	0.00333	0.00364	0.00111	0.00444	0.00327	0.00179	0.00557
25	0.00903	0.00804	0.01356	0.16441	0.46322	0.00859	0.06900	0.01109	0.00810	0.07474	0.02756	0.00985	0.00647	0.00390	0.00471	0.00119	0.10587	0.00345	0.00202	0.00522
26	0.00550	0.00398	0.00593	0.00635	0.02567	0.00375	0.05590	0.00645	0.00740	0.04345	0.01857	0.65119	0.02145	0.03569	0.00505	0.00153	0.00265	0.09290	0.00328	0.00332
27	0.00538	0.00378	0.00520	0.00524	0.00565	0.00414	0.00378	0.00609	0.00576	0.00803	0.01063	0.01863	0.01093	0.30648	0.48673	0.06044	0.00704	0.04114	0.00209	0.00283
28	0.00910	0.00883	0.01462	0.06075	0.79054	0.02869	0.01112	0.01127	0.00836	0.01181	0.00686	0.00906	0.00575	0.00330	0.00363	0.00109	0.00444	0.00325	0.00181	0.00570
29	0.00971	0.00971	0.04509	0.18165	0.09787	0.13513	0.08675	0.11334	0.14847	0.03624	0.02587	0.02863	0.02514	0.00442	0.00395	0.00117	0.02483	0.01452	0.00253	0.00497
30	0.00540	0.00408	0.00473	0.03894	0.00603	0.00394	0.00338	0.05743	0.00771	0.00987	0.03471	0.23300	0.29692	0.25876	0.00852	0.00197	0.00269	0.01585	0.00302	0.00306
31	0.00920	0.17935	0.26801	0.00861	0.01184	0.12183	0.06773	0.05645	0.08292	0.01176	0.00774	0.00880	0.00604	0.00431	0.02277	0.00115	0.02346	0.00292	0.10022	0.00488
32	0.02085	0.02055	0.06972	0.03755	0.07600	0.10569	0.27846	0.13544	0.02889	0.12651	0.00868	0.00976	0.01718	0.00386	0.00409	0.00115	0.03468	0.00358	0.00252	0.01482

[dist]
# distance from previous block
# <min> <max>
21	201

[block]
# block no. 2 follows, 75 sequences, length 24
# corresponding to MSA columns:
# 559,566-588
name=unknown_C
#
# <colnr> <probs for GDERKNQSTAVLIFYWHMCP>
#	G	D	E	R	K	N	Q	S	T	A	V	L	I	F	Y	W	H	M	C	P
0	0.15986	0.04253	0.21992	0.00595	0.00792	0.00611	0.00566	0.00846	0.00634	0.03432	0.00903	0.01575	0.00907	0.44232	0.01093	0.00236	0.00391	0.00392	0.00210	0.00355
1	0.64188	0.00720	0.00589	0.00536	0.00729	0.05618	0.00428	0.02853	0.00709	0.03438	0.04125	0.09688	0.01756	0.00464	0.00303	0.00118	0.02764	0.00325	0.00252	0.00396
2	0.00786	0.03319	0.00858	0.08194	0.01024	0.00624	0.02915	0.08656	0.04534	0.01290	0.10207	0.02967	0.02388	0.00468	0.02780	0.00098	0.01438	0.00336	0.00255	0.46861
3	0.00462	0.00342	0.00437	0.00494	0.00539	0.00324	0.00344	0.00538	0.00712	0.00933	0.02182	0.56054	0.17252	0.05507	0.09359	0.00201	0.00299	0.03401	0.00320	0.00301
4	0.01138	0.14736	0.00987	0.00675	0.02082	0.08212	0.00550	0.26011	0.04696	0.11831	0.00974	0.01014	0.00728	0.00414	0.00314	0.00098	0.00346	0.00312	0.24378	0.00504
5	0.00915	0.41530	0.22714	0.03221	0.03958	0.03606	0.09915	0.04664	0.00813	0.01050	0.00607	0.00734	0.00497	0.00376	0.01568	0.00107	0.02799	0.00262	0.00171	0.00495
6	0.00998	0.00747	0.00952	0.00995	0.16602	0.00797	0.00667	0.06041	0.32584	0.14595	0.02666	0.03073	0.05195	0.00493	0.00431	0.00118	0.06538	0.00404	0.00324	0.05781
7	0.00942	0.02974	0.03263	0.00579	0.00775	0.00634	0.00482	0.19914	0.02250	0.14966	0.01909	0.01865	0.27496	0.00600	0.00402	0.00113	0.03978	0.00476	0.15924	0.00458
8	0.01359	0.01012	0.01031	0.00807	0.01078	0.07306	0.00659	0.67159	0.01572	0.06758	0.00912	0.00920	0.00651	0.00436	0.00357	0.00108	0.00402	0.00327	0.06556	0.00590
9	0.00773	0.00696	0.01094	0.74914	0.02340	0.00852	0.00974	0.09531	0.03227	0.01098	0.00701	0.00980	0.00522	0.00379	0.00367	0.00121	0.00475	0.00329	0.00190	0.00435
10	0.00847	0.00821	0.01338	0.28722	0.52566	0.02967	0.01067	0.01064	0.00796	0.01094	0.00665	0.00920	0.00545	0.00357	0.00405	0.00115	0.04696	0.00324	0.00175	0.00514
11	0.00850	0.00721	0.00771	0.00701	0.00890	0.00817	0.00545	0.03479	0.67659	0.01495	0.07874	0.03408	0.05845	0.00567	0.00387	0.00125	0.00278	0.02676	0.00372	0.00538
12	0.00493	0.00352	0.00442	0.00482	0.00499	0.00351	0.00313	0.00537	0.00635	0.00849	0.01660	0.47154	0.04125	0.33618	0.03982	0.00242	0.02905	0.00800	0.00286	0.00274
13	0.00922	0.00473	0.00594	0.00523	0.00632	0.00456	0.00374	0.04510	0.00759	0.27111	0.01233	0.01924	0.01145	0.45050	0.07612	0.02681	0.00390	0.02935	0.00301	0.00375
14	0.00566	0.00585	0.09368	0.00650	0.00760	0.02253	0.00557	0.00717	0.00631	0.00897	0.01047	0.11640	0.01027	0.02180	0.61459	0.00461	0.04189	0.00453	0.00208	0.00352
15	0.00447	0.00322	0.00423	0.00504	0.00531	0.00299	0.00338	0.00512	0.00710	0.00940	0.02109	0.82714	0.06513	0.01140	0.00467	0.00148	0.00212	0.01031	0.00341	0.00299
16	0.00469	0.00401	0.00458	0.09276	0.00712	0.00366	0.00362	0.00585	0.00845	0.01030	0.10642	0.03199	0.68664	0.00856	0.00427	0.00123	0.00216	0.00719	0.00328	0.00323
17	0.08803	0.00738	0.00887	0.00690	0.00969	0.00726	0.00569	0.21791	0.04742	0.54323	0.01235	0.01111	0.00806	0.00444	0.00357	0.00113	0.00332	0.00348	0.00411	0.00604
18	0.00800	0.00682	0.00725	0.00661	0.00843	0.00763	0.00511	0.01604	0.62808	0.01447	0.10448	0.01843	0.14117	0.00590	0.00389	0.00124	0.00263	0.00496	0.00372	0.00516
19	0.00462	0.00330	0.00443	0.00528	0.00556	0.00311	0.00367	0.00537	0.00718	0.00954	0.02016	0.78281	0.02396	0.01137	0.00473	0.00151	0.00226	0.09468	0.00341	0.00302
20	0.01372	0.01750	0.01041	0.00946	0.01135	0.85618	0.00710	0.01467	0.01041	0.00899	0.00568	0.00662	0.00473	0.00378	0.00331	0.00095	0.00662	0.00237	0.00189	0.00426
21	0.01460	0.00772	0.09699	0.00693	0.00994	0.00602	0.00623	0.07504	0.01063	0.65008	0.04001	0.01294	0.03611	0.00467	0.00371	0.00114	0.00335	0.00379	0.00412	0.00598
22	0.01426	0.00908	0.01019	0.00789	0.01074	0.00969	0.00649	0.56823	0.07392	0.23475	0.01071	0.01011	0.00733	0.00448	0.00368	0.00112	0.00373	0.00347	0.00390	0.00622
23	0.00601	0.03127	0.00628	0.00556	0.00577	0.00564	0.00395	0.00644	0.00556	0.00777	0.00970	0.01852	0.01061	0.51828	0.16695	0.00350	0.17875	0.00456	0.00203	0.00285

[dist]
# distance from previous block
# <min> <max>
0	1

[block]
# block no. 3 follows, 75 sequences, length 6
# corresponding to MSA columns:
# 590-595
name=unknown_D
#
# <colnr> <probs for GDERKNQSTAVLIFYWHMCP>
#	G	D	E	R	K	N	Q	S	T	A	V	L	I	F	Y	W	H	M	C	P
0	0.00743	0.00659	0.00855	0.00620	0.00933	0.00514	0.07952	0.00913	0.00778	0.01177	0.00927	0.01023	0.07843	0.00333	0.00301	0.00067	0.00296	0.00286	0.00225	0.73555
1	0.00991	0.73890	0.01794	0.00680	0.00957	0.06908	0.00650	0.01104	0.00749	0.00868	0.00512	0.00613	0.00472	0.00348	0.00330	0.00087	0.08215	0.00210	0.00160	0.00462
2	0.00613	0.00523	0.00759	0.00708	0.00753	0.00669	0.00568	0.00728	0.00581	0.00862	0.00825	0.01241	0.00781	0.02088	0.58987	0.00455	0.27951	0.00371	0.00185	0.00351
3	0.00991	0.75997	0.07463	0.00677	0.00999	0.06898	0.00683	0.01128	0.00767	0.00886	0.00524	0.00606	0.00471	0.00321	0.00250	0.00082	0.00420	0.00204	0.00159	0.00473
4	0.00534	0.00356	0.00401	0.00401	0.00401	0.00356	0.00223	0.00534	0.00534	0.00712	0.01157	0.02403	0.01335	0.87092	0.01869	0.00356	0.00356	0.00534	0.00223	0.00223
5	0.01362	0.00935	0.01031	0.00807	0.01085	0.01016	0.00666	0.64543	0.06332	0.12733	0.01040	0.01112	0.00760	0.00473	0.00375	0.00114	0.00383	0.04248	0.00377	0.00609

[dist]
# distance from previous block
# <min> <max>
11	14

[block]
# block no. 4 follows, 75 sequences, length 17
# corresponding to MSA columns:
# 611-627
name=unknown_E
#
# <colnr> <probs for GDERKNQSTAVLIFYWHMCP>
#	G	D	E	R	K	N	Q	S	T	A	V	L	I	F	Y	W	H	M	C	P
0	0.02664	0.00448	0.00604	0.04356	0.00754	0.00413	0.03112	0.00777	0.00781	0.10676	0.06047	0.41279	0.08449	0.04678	0.00485	0.00139	0.00265	0.04017	0.00323	0.09734
1	0.01031	0.03945	0.06900	0.09332	0.17826	0.13189	0.19468	0.08930	0.02347	0.07840	0.00777	0.02084	0.00602	0.00377	0.00390	0.00113	0.02434	0.00343	0.00224	0.01851
2	0.04005	0.00641	0.00888	0.09980	0.02308	0.00681	0.07482	0.16416	0.06509	0.08065	0.02948	0.01262	0.00815	0.05817	0.00771	0.24909	0.01555	0.03096	0.00259	0.01594
3	0.00525	0.00378	0.00487	0.00479	0.00552	0.00357	0.00352	0.00684	0.02517	0.01314	0.60268	0.12375	0.03007	0.09587	0.00586	0.00147	0.00208	0.05471	0.00374	0.00332
4	0.00652	0.00487	0.01914	0.02198	0.05896	0.00455	0.02862	0.00836	0.03730	0.06949	0.17889	0.16999	0.11107	0.00838	0.00449	0.00139	0.00285	0.25594	0.00341	0.00382
5	0.07581	0.05310	0.01041	0.02711	0.03480	0.40820	0.00682	0.14817	0.04920	0.05448	0.01911	0.00845	0.01760	0.00423	0.00397	0.00107	0.06742	0.00286	0.00244	0.00475
6	0.01170	0.02674	0.01027	0.08907	0.15730	0.07501	0.00714	0.15037	0.07541	0.24342	0.01056	0.04889	0.00811	0.02502	0.02349	0.00130	0.01463	0.00374	0.01244	0.00539
7	0.00487	0.00362	0.00430	0.00432	0.00503	0.00331	0.00302	0.00588	0.00834	0.01108	0.32953	0.15362	0.26379	0.17453	0.00715	0.00169	0.00218	0.00728	0.00342	0.00305
8	0.01085	0.37601	0.16864	0.00816	0.01135	0.20654	0.00794	0.13417	0.00961	0.01142	0.00605	0.00687	0.00494	0.00360	0.00315	0.00095	0.02040	0.00242	0.00195	0.00495
9	0.11039	0.01076	0.04872	0.00801	0.01057	0.17330	0.03341	0.32515	0.10923	0.06150	0.00888	0.00916	0.00655	0.00416	0.00340	0.00108	0.00420	0.00311	0.06313	0.00529
10	0.01141	0.01025	0.00974	0.00867	0.04756	0.20533	0.03299	0.20841	0.24491	0.07746	0.03301	0.01247	0.07178	0.00479	0.00370	0.00112	0.00411	0.00381	0.00319	0.00530
11	0.00463	0.00333	0.00442	0.00518	0.00551	0.00311	0.00360	0.00542	0.00738	0.00983	0.06799	0.72926	0.04889	0.01110	0.00469	0.00148	0.00220	0.07549	0.00344	0.00305
12	0.04663	0.00660	0.04653	0.00663	0.00816	0.03311	0.05438	0.15144	0.00891	0.05024	0.03243	0.12088	0.06538	0.18087	0.12882	0.00237	0.00450	0.04537	0.00280	0.00394
13	0.05558	0.00891	0.00906	0.00733	0.00982	0.12779	0.00590	0.27642	0.01192	0.30793	0.01067	0.04985	0.00788	0.00585	0.05051	0.00135	0.00421	0.00357	0.00349	0.04196
14	0.00774	0.04549	0.00671	0.00577	0.00716	0.02603	0.00437	0.02727	0.12092	0.12283	0.15340	0.32112	0.03081	0.02532	0.00436	0.00128	0.00262	0.01836	0.00348	0.06495
15	0.24494	0.03109	0.00837	0.20125	0.03984	0.00697	0.02523	0.01093	0.00815	0.16997	0.12843	0.03277	0.02862	0.00479	0.00364	0.00118	0.02273	0.02387	0.00282	0.00440
16	0.23382	0.00716	0.00832	0.13851	0.09710	0.03425	0.00615	0.04894	0.05301	0.03335	0.04191	0.01019	0.00725	0.00472	0.03520	0.00121	0.00368	0.02324	0.02099	0.19101

[dist]
# distance from previous block
# <min> <max>
0	53

[block]
# block no. 5 follows, 75 sequences, length 23
# corresponding to MSA columns:
# 682-697,743-749
name=unknown_F
#
# <colnr> <probs for GDERKNQSTAVLIFYWHMCP>
#	G	D	E	R	K	N	Q	S	T	A	V	L	I	F	Y	W	H	M	C	P
0	0.07144	0.02328	0.04801	0.06109	0.10241	0.00736	0.12959	0.10218	0.05171	0.13779	0.04417	0.05781	0.11209	0.00500	0.00378	0.00116	0.00374	0.00442	0.00291	0.03004
1	0.00637	0.05718	0.02288	0.00536	0.00657	0.00490	0.00410	0.03708	0.07360	0.01006	0.01609	0.24700	0.14516	0.02354	0.00653	0.20001	0.00275	0.02263	0.00273	0.10546
2	0.17111	0.06628	0.05704	0.16957	0.13761	0.02949	0.04246	0.06359	0.00800	0.01233	0.02249	0.02616	0.02855	0.00419	0.00425	0.00116	0.09890	0.00321	0.01055	0.04304
3	0.00856	0.02388	0.12137	0.05966	0.01161	0.06305	0.06295	0.03766	0.04618	0.04316	0.00828	0.00926	0.03386	0.00348	0.00331	0.00085	0.01455	0.00285	0.00225	0.44322
4	0.05593	0.00784	0.04097	0.12647	0.06484	0.05586	0.12749	0.04689	0.04127	0.11155	0.05924	0.04267	0.00851	0.00558	0.00565	0.11378	0.06209	0.00381	0.00246	0.01710
5	0.00524	0.00380	0.00477	0.00526	0.00593	0.00362	0.00394	0.03469	0.00808	0.01068	0.06069	0.42905	0.16014	0.02471	0.00482	0.00148	0.00242	0.19014	0.03732	0.00323
6	0.00663	0.00361	0.00524	0.02524	0.00562	0.00373	0.00357	0.03996	0.00544	0.00728	0.00677	0.01145	0.00662	0.02976	0.05703	0.77149	0.00362	0.00328	0.00171	0.00195
7	0.01991	0.06539	0.21412	0.11079	0.04741	0.07091	0.06357	0.07901	0.04938	0.17890	0.00852	0.00931	0.00613	0.00401	0.00406	0.00115	0.05649	0.00317	0.00250	0.00527
8	0.00970	0.00552	0.00690	0.02558	0.02624	0.00532	0.00483	0.04386	0.12714	0.28792	0.11448	0.12113	0.16981	0.00676	0.00405	0.00123	0.00269	0.02825	0.00384	0.00476
9	0.00454	0.00361	0.00408	0.00424	0.00518	0.00315	0.00310	0.00554	0.00838	0.01058	0.16233	0.22939	0.50989	0.00955	0.00443	0.00129	0.00193	0.02214	0.00351	0.00314
10	0.01067	0.59490	0.05631	0.00751	0.01045	0.22802	0.02652	0.01198	0.00825	0.00894	0.00538	0.00626	0.00474	0.00332	0.00270	0.00085	0.00474	0.00216	0.00166	0.00464
11	0.00979	0.20292	0.17886	0.02678	0.15280	0.03058	0.10786	0.13169	0.03188	0.03758	0.00716	0.00828	0.00555	0.00354	0.00345	0.00104	0.01286	0.00297	0.00213	0.04226
12	0.00731	0.01330	0.46112	0.00941	0.01280	0.00825	0.05677	0.03342	0.00800	0.01166	0.10599	0.01204	0.06278	0.00492	0.00539	0.00126	0.17505	0.00370	0.00205	0.00477
13	0.00506	0.00392	0.00473	0.00508	0.00610	0.00359	0.00415	0.00635	0.00850	0.01067	0.08396	0.06273	0.42506	0.00960	0.00465	0.00143	0.00249	0.34525	0.00344	0.00324
14	0.08036	0.17612	0.03490	0.02150	0.04708	0.10693	0.02657	0.16717	0.11025	0.04307	0.02001	0.02356	0.01912	0.00423	0.00341	0.00105	0.02303	0.00319	0.08351	0.00494
15	0.00494	0.00349	0.00458	0.00523	0.00569	0.00327	0.00376	0.00582	0.00754	0.02190	0.06795	0.58807	0.08238	0.03955	0.00516	0.00155	0.00235	0.14024	0.00342	0.00310
16	0.02244	0.05986	0.02030	0.03082	0.10623	0.09902	0.05923	0.30005	0.04897	0.11286	0.01815	0.02654	0.00713	0.00429	0.00383	0.00110	0.02854	0.01124	0.00294	0.03647
17	0.02569	0.42433	0.30126	0.00830	0.01196	0.08160	0.02287	0.02591	0.00789	0.01015	0.00575	0.00681	0.00473	0.00350	0.00334	0.00099	0.04601	0.00238	0.00165	0.00490
18	0.00732	0.00388	0.00393	0.00376	0.00476	0.00396	0.00286	0.06396	0.00834	0.01433	0.01177	0.01337	0.00920	0.00429	0.00264	0.00087	0.00187	0.00342	0.83187	0.00361
19	0.00948	0.30098	0.16117	0.02198	0.04782	0.06160	0.00752	0.10242	0.07991	0.03703	0.12637	0.01070	0.00985	0.00421	0.00327	0.00102	0.00398	0.00325	0.00245	0.00498
20	0.00473	0.00382	0.00441	0.00459	0.02573	0.00340	0.00326	0.00585	0.00854	0.01088	0.21788	0.08975	0.51979	0.03530	0.04427	0.00152	0.00233	0.00733	0.00341	0.00322
21	0.00526	0.00387	0.00556	0.00556	0.00609	0.00440	0.00416	0.00634	0.00580	0.00827	0.01015	0.01618	0.00994	0.18099	0.70396	0.00548	0.00870	0.00419	0.00201	0.00309
22	0.01281	0.00971	0.03931	0.01862	0.01174	0.01007	0.07423	0.58681	0.04974	0.08798	0.00964	0.02496	0.00700	0.00442	0.00371	0.00112	0.00403	0.00357	0.03461	0.00591

[dist]
# distance from previous block
# <min> <max>
8	135

[block]
# block no. 6 follows, 75 sequences, length 28
# corresponding to MSA columns:
# 892-919
name=unknown_G
#
# <colnr> <probs for GDERKNQSTAVLIFYWHMCP>
#	G	D	E	R	K	N	Q	S	T	A	V	L	I	F	Y	W	H	M	C	P
0	0.32368	0.24187	0.05681	0.04790	0.00939	0.00926	0.00564	0.02573	0.04259	0.09599	0.00754	0.03859	0.00611	0.00385	0.00277	0.00103	0.00335	0.00274	0.03877	0.03637
1	0.06391	0.28788	0.48097	0.03910	0.01334	0.01026	0.01025	0.01116	0.00763	0.01100	0.02980	0.00768	0.00549	0.00349	0.00308	0.00104	0.00467	0.00256	0.00168	0.00501
2	0.08388	0.25151	0.30848	0.00744	0.01127	0.00912	0.00813	0.01099	0.00762	0.04653	0.00664	0.02442	0.00537	0.00342	0.00293	0.00092	0.00403	0.00252	0.00192	0.20286
3	0.59852	0.00893	0.12400	0.00600	0.00861	0.03830	0.00556	0.04043	0.00739	0.05578	0.03664	0.04275	0.00636	0.00400	0.00277	0.00115	0.00333	0.00275	0.00243	0.00432
4	0.00924	0.00757	0.12486	0.00672	0.00878	0.00633	0.00601	0.12526	0.05769	0.16538	0.05154	0.15875	0.02445	0.00718	0.05307	0.00146	0.04870	0.00483	0.12748	0.00469
5	0.00466	0.00347	0.00432	0.00478	0.00539	0.00316	0.00341	0.00556	0.00790	0.01031	0.13962	0.46917	0.23913	0.01031	0.00473	0.01645	0.00210	0.05898	0.00347	0.00308
6	0.00652	0.00540	0.12300	0.00558	0.00634	0.00393	0.00464	0.00574	0.00520	0.00711	0.00641	0.01069	0.00614	0.01147	0.01284	0.76866	0.00350	0.00312	0.00159	0.00213
7	0.03827	0.00969	0.01031	0.00800	0.01080	0.02768	0.00658	0.67832	0.03023	0.09701	0.00938	0.00929	0.00661	0.00439	0.00359	0.00110	0.00387	0.00330	0.03554	0.00603
8	0.00647	0.00457	0.00551	0.00535	0.00608	0.00470	0.00380	0.08341	0.05683	0.03504	0.14842	0.26168	0.03046	0.25999	0.02584	0.00207	0.02390	0.02927	0.00317	0.00344
9	0.01149	0.01059	0.00936	0.00823	0.00971	0.31885	0.00653	0.05270	0.00919	0.16170	0.00991	0.01319	0.03754	0.04184	0.00627	0.00133	0.20326	0.08128	0.00260	0.00445
10	0.04866	0.00491	0.00638	0.00592	0.00691	0.00542	0.00454	0.12256	0.00750	0.04593	0.00937	0.02714	0.00856	0.07040	0.45756	0.15182	0.00681	0.00381	0.00231	0.00350
11	0.00653	0.00449	0.00499	0.00465	0.00506	0.00464	0.00291	0.12122	0.00704	0.00941	0.01137	0.03966	0.01259	0.73194	0.01630	0.00317	0.00360	0.00516	0.00245	0.00280
12	0.00509	0.00358	0.00402	0.00412	0.00439	0.00344	0.00253	0.00537	0.00614	0.00795	0.01740	0.09882	0.17313	0.61134	0.01441	0.00289	0.00311	0.02720	0.00258	0.00249
13	0.00537	0.00395	0.00535	0.00532	0.00567	0.00443	0.00380	0.00613	0.00574	0.00806	0.01084	0.06601	0.01140	0.34404	0.45122	0.00456	0.04827	0.00480	0.00213	0.00290
14	0.13697	0.01590	0.00972	0.00879	0.01076	0.71953	0.00666	0.03193	0.00998	0.01034	0.00567	0.00658	0.00466	0.00375	0.00317	0.00098	0.00604	0.00233	0.00198	0.00426
15	0.00916	0.00830	0.01311	0.21511	0.50788	0.00879	0.01013	0.12575	0.00935	0.01291	0.00761	0.00964	0.02030	0.00362	0.00364	0.00111	0.00436	0.00333	0.00207	0.02382
16	0.00980	0.02162	0.04986	0.10977	0.37540	0.15616	0.01852	0.04559	0.03814	0.04907	0.01698	0.02853	0.03185	0.00407	0.00386	0.00112	0.02890	0.00346	0.00216	0.00513
17	0.00600	0.00513	0.00822	0.36316	0.04898	0.00571	0.03043	0.00766	0.00745	0.00976	0.01352	0.34396	0.01452	0.00749	0.00426	0.00138	0.00365	0.11250	0.00256	0.00366
18	0.00882	0.00851	0.01418	0.06794	0.68477	0.00905	0.01076	0.01083	0.00792	0.01141	0.00660	0.00898	0.00563	0.00374	0.00481	0.00117	0.12439	0.00326	0.00178	0.00547
19	0.00700	0.00827	0.12836	0.74325	0.02398	0.00821	0.01067	0.00970	0.00740	0.00970	0.00654	0.00951	0.00486	0.00365	0.00365	0.00122	0.00497	0.00319	0.00162	0.00427
20	0.00488	0.00376	0.00448	0.00450	0.00543	0.00340	0.00335	0.00632	0.02603	0.01199	0.36974	0.15807	0.33528	0.00883	0.00441	0.00126	0.00193	0.03936	0.00368	0.00330
21	0.00812	0.00416	0.00541	0.00515	0.00630	0.00378	0.00383	0.00933	0.00874	0.23469	0.18470	0.34841	0.03284	0.00788	0.00407	0.00124	0.00226	0.00694	0.11815	0.00401
22	0.00580	0.00458	0.00715	0.00629	0.00707	0.00473	0.11927	0.00675	0.00606	0.00842	0.01037	0.01833	0.01066	0.42253	0.32309	0.00404	0.00619	0.00464	0.02101	0.00302
23	0.00533	0.00414	0.00520	0.00525	0.00559	0.00441	0.00373	0.00597	0.00687	0.00922	0.08584	0.27692	0.13802	0.26249	0.00977	0.00206	0.12283	0.04052	0.00286	0.00298
24	0.00958	0.00744	0.00860	0.00732	0.00915	0.00846	0.00586	0.33015	0.18089	0.01564	0.01068	0.01224	0.02240	0.02971	0.26490	0.00267	0.05080	0.00377	0.00300	0.01673
25	0.00559	0.00356	0.00442	0.00461	0.00524	0.00354	0.00334	0.01526	0.00785	0.01182	0.18474	0.28723	0.01927	0.02236	0.12298	0.00186	0.00303	0.00640	0.28359	0.00328
26	0.00834	0.00716	0.01005	0.42653	0.07838	0.03588	0.00819	0.14551	0.02128	0.01155	0.00846	0.02379	0.04144	0.00541	0.00539	0.11438	0.03839	0.00354	0.00212	0.00422
27	0.14137	0.00681	0.00788	0.01597	0.00899	0.00689	0.00523	0.11728	0.12646	0.40838	0.05157	0.01202	0.00948	0.00454	0.00345	0.00113	0.00303	0.00358	0.06043	0.00552

[dist]
# distance from previous block
# <min> <max>
0	216

# created by:
# /home/simao/soft/augustus-3.0.3/scripts/msa2prfl.pl ./prep/72009.aln
