[name]
unknown

[dist]
# distance from previous block
# <min> <max>
4	115

[block]
# block no. 0 follows, 88 sequences, length 8
# corresponding to MSA columns:
# 115-122
name=unknown_A
#
# <colnr> <probs for GDERKNQSTAVLIFYWHMCP>
#	G	D	E	R	K	N	Q	S	T	A	V	L	I	F	Y	W	H	M	C	P
0	0.00719	0.01335	0.57248	0.14706	0.01443	0.00760	0.01025	0.11976	0.00785	0.01125	0.00604	0.00722	0.00435	0.00316	0.00308	0.00099	0.00441	0.00251	0.00165	0.05538
1	0.00691	0.21569	0.05502	0.01977	0.00837	0.00804	0.03825	0.02273	0.00661	0.00928	0.11747	0.04572	0.00869	0.02305	0.01893	0.00109	0.24210	0.00314	0.00188	0.14727
2	0.03660	0.00573	0.00757	0.18276	0.02632	0.00627	0.05457	0.15112	0.14349	0.01188	0.03307	0.17758	0.07165	0.00537	0.00343	0.00109	0.00300	0.02124	0.05334	0.00392
3	0.24581	0.00606	0.00665	0.00553	0.00753	0.00626	0.00445	0.20599	0.00912	0.30322	0.01030	0.15757	0.00852	0.00475	0.00307	0.00105	0.00272	0.00379	0.00313	0.00449
4	0.00716	0.00556	0.00709	0.00662	0.11874	0.00459	0.00439	0.00841	0.00666	0.07676	0.00704	0.00950	0.00619	0.14323	0.00480	0.00100	0.00273	0.00259	0.00204	0.57490
5	0.00922	0.00667	0.00766	0.00566	0.00841	0.00601	0.00460	0.25406	0.00945	0.11276	0.00714	0.00750	0.00536	0.00301	0.00273	0.00068	0.00277	0.00236	0.00254	0.54141
6	0.00684	0.24034	0.39758	0.00716	0.01029	0.00817	0.00796	0.01008	0.11770	0.00966	0.00832	0.14668	0.00761	0.00428	0.00301	0.00099	0.00368	0.00346	0.00188	0.00431
7	0.00466	0.00395	0.00624	0.00564	0.00659	0.00366	0.13839	0.00581	0.00715	0.00953	0.18612	0.38017	0.17082	0.02937	0.02522	0.00132	0.00252	0.00700	0.00284	0.00299

[dist]
# distance from previous block
# <min> <max>
0	1

[block]
# block no. 1 follows, 88 sequences, length 34
# corresponding to MSA columns:
# 124-157
name=unknown_B
#
# <colnr> <probs for GDERKNQSTAVLIFYWHMCP>
#	G	D	E	R	K	N	Q	S	T	A	V	L	I	F	Y	W	H	M	C	P
0	0.00479	0.00365	0.00532	0.00516	0.00593	0.00406	0.00402	0.00597	0.00532	0.00775	0.00841	0.01219	0.00780	0.02239	0.80045	0.00480	0.00813	0.00333	0.00175	0.07879
1	0.08534	0.18471	0.00982	0.00701	0.00887	0.55957	0.00556	0.01129	0.00819	0.00846	0.00718	0.00777	0.07644	0.00360	0.00275	0.00084	0.00473	0.00238	0.00175	0.00372
2	0.00829	0.46476	0.28867	0.00763	0.04360	0.01051	0.02556	0.09896	0.00761	0.00996	0.00536	0.00616	0.00432	0.00298	0.00259	0.00085	0.00394	0.00215	0.00158	0.00453
3	0.01776	0.12554	0.09166	0.02317	0.01873	0.09958	0.00591	0.17977	0.18578	0.04035	0.06693	0.08330	0.02495	0.00449	0.00327	0.00099	0.01725	0.00356	0.00258	0.00443
4	0.08242	0.01528	0.73792	0.00910	0.01353	0.00753	0.06979	0.01018	0.00677	0.01060	0.00574	0.00682	0.00410	0.00304	0.00303	0.00103	0.00463	0.00243	0.00144	0.00464
5	0.01297	0.00629	0.00781	0.00613	0.00845	0.00608	0.00500	0.25502	0.01069	0.55363	0.01174	0.08346	0.00840	0.00448	0.00332	0.00102	0.00291	0.00365	0.00370	0.00526
6	0.08315	0.00638	0.02538	0.38567	0.14143	0.01471	0.07992	0.00942	0.02294	0.09109	0.02452	0.04929	0.00637	0.02751	0.00370	0.00111	0.01818	0.00329	0.00193	0.00401
7	0.00758	0.00724	0.01216	0.04923	0.76362	0.00724	0.00925	0.00941	0.00732	0.01032	0.00830	0.00996	0.07734	0.00334	0.00325	0.00097	0.00367	0.00321	0.00171	0.00486
8	0.00526	0.00393	0.00557	0.00538	0.00613	0.00454	0.00421	0.07718	0.00603	0.00858	0.00858	0.01228	0.00786	0.02252	0.80052	0.00484	0.00823	0.00341	0.00186	0.00310
9	0.00905	0.00678	0.00742	0.00641	0.00833	0.00756	0.00505	0.12522	0.59258	0.10966	0.07551	0.01227	0.01061	0.00444	0.00331	0.00106	0.00263	0.00367	0.00338	0.00505
10	0.04063	0.01864	0.02763	0.08320	0.05470	0.05551	0.16728	0.18274	0.16262	0.06996	0.00905	0.08247	0.00737	0.00428	0.01096	0.00109	0.01115	0.00365	0.00252	0.00455
11	0.01217	0.01250	0.00940	0.00792	0.01000	0.47891	0.00620	0.39796	0.01191	0.01360	0.00626	0.00671	0.00477	0.00358	0.00306	0.00090	0.00479	0.00246	0.00238	0.00454
12	0.01105	0.00844	0.00900	0.00718	0.00955	0.00944	0.00584	0.61187	0.26087	0.01837	0.00932	0.00901	0.00676	0.00402	0.00325	0.00101	0.00326	0.00312	0.00325	0.00538
13	0.00618	0.00585	0.00971	0.80704	0.02112	0.00740	0.00882	0.00821	0.00634	0.00821	0.00562	0.00849	0.00430	0.00343	0.00384	0.00110	0.07646	0.00287	0.00143	0.00358
14	0.00475	0.00392	0.00434	0.00448	0.00542	0.03940	0.00359	0.00592	0.00782	0.00984	0.19508	0.03031	0.39494	0.00789	0.00398	0.00119	0.00221	0.26895	0.00305	0.00291
15	0.00575	0.00555	0.00952	0.06758	0.04056	0.00526	0.27969	0.00772	0.04142	0.02087	0.08265	0.02006	0.36876	0.00558	0.00374	0.00109	0.00321	0.02496	0.00247	0.00356
16	0.01641	0.25373	0.16302	0.00782	0.02157	0.15123	0.05596	0.03535	0.05289	0.04327	0.00594	0.00704	0.00484	0.00427	0.03514	0.00111	0.13199	0.00246	0.00173	0.00422
17	0.00388	0.00328	0.00336	0.00334	0.00440	0.00275	0.00250	0.00475	0.00751	0.00906	0.09882	0.03054	0.79869	0.00806	0.00382	0.00108	0.00163	0.00674	0.00304	0.00275
18	0.00763	0.00871	0.01906	0.01362	0.01688	0.00817	0.85458	0.01035	0.00763	0.01035	0.00654	0.00871	0.00490	0.00272	0.00381	0.00109	0.00545	0.00381	0.00163	0.00436
19	0.02015	0.00665	0.02290	0.03500	0.03971	0.02381	0.03331	0.11449	0.22136	0.30069	0.05080	0.03210	0.02193	0.02097	0.00377	0.00109	0.02706	0.01620	0.00319	0.00484
20	0.00790	0.08085	0.17728	0.14540	0.20170	0.01882	0.16189	0.06129	0.04882	0.03794	0.00653	0.00800	0.00499	0.00316	0.00335	0.00101	0.02181	0.00290	0.00177	0.00459
21	0.00503	0.00361	0.00500	0.00573	0.00642	0.00357	0.00490	0.00640	0.00729	0.00949	0.01752	0.13176	0.03692	0.00904	0.00441	0.00146	0.00282	0.73271	0.00298	0.00293
22	0.01009	0.00672	0.00748	0.00630	0.00834	0.00731	0.00502	0.16025	0.46825	0.20703	0.01196	0.01108	0.00859	0.00417	0.00320	0.00103	0.00270	0.00339	0.06194	0.00513
23	0.14052	0.01014	0.34822	0.04636	0.01067	0.03147	0.05147	0.01918	0.00649	0.02119	0.00768	0.14896	0.00715	0.00559	0.05080	0.00133	0.08341	0.00359	0.00183	0.00394
24	0.00610	0.00574	0.00969	0.87870	0.02225	0.00718	0.00897	0.00825	0.00646	0.00825	0.00574	0.00861	0.00431	0.00323	0.00323	0.00108	0.00431	0.00287	0.00144	0.00359
25	0.01371	0.00538	0.00718	0.00558	0.00793	0.00475	0.00458	0.02798	0.02280	0.77603	0.01251	0.01104	0.00801	0.00398	0.00317	0.00098	0.00266	0.00323	0.07318	0.00530
26	0.00402	0.00295	0.00378	0.00434	0.00472	0.00271	0.00300	0.00473	0.00666	0.00880	0.09939	0.66250	0.13584	0.00949	0.00406	0.00126	0.00184	0.03417	0.00305	0.00269
27	0.00673	0.01626	0.81982	0.00921	0.01387	0.00762	0.02668	0.04441	0.00717	0.01064	0.00589	0.00689	0.00416	0.00310	0.00309	0.00102	0.00474	0.00243	0.00144	0.00480
28	0.00393	0.00282	0.00374	0.00447	0.00468	0.00263	0.00299	0.00450	0.00621	0.00826	0.01816	0.86435	0.04115	0.01008	0.00412	0.00131	0.00187	0.00913	0.00300	0.00263
29	0.00397	0.00283	0.00378	0.00453	0.00473	0.00265	0.00305	0.00455	0.00621	0.00828	0.01779	0.86456	0.02130	0.01009	0.00413	0.00132	0.00190	0.02868	0.00300	0.00263
30	0.01883	0.14280	0.02418	0.00639	0.00827	0.24150	0.01493	0.08760	0.01590	0.16613	0.01602	0.03106	0.01635	0.00606	0.09375	0.00135	0.00431	0.03223	0.06825	0.00410
31	0.00436	0.00297	0.00391	0.00449	0.00484	0.00275	0.00308	0.00502	0.00651	0.03934	0.05314	0.75379	0.06758	0.00963	0.00407	0.00128	0.00190	0.02554	0.00306	0.00276
32	0.00725	0.04932	0.03557	0.01543	0.09070	0.00560	0.02741	0.03741	0.03793	0.02000	0.00615	0.00710	0.00500	0.00263	0.00259	0.00062	0.00281	0.00218	0.00194	0.64236
33	0.01674	0.08925	0.42406	0.03785	0.02363	0.00790	0.03610	0.12352	0.03352	0.02525	0.00629	0.00723	0.00471	0.00351	0.01692	0.00100	0.02502	0.00248	0.00181	0.11319

[dist]
# distance from previous block
# <min> <max>
1	80

[block]
# block no. 2 follows, 88 sequences, length 20
# corresponding to MSA columns:
# 238-257
name=unknown_C
#
# <colnr> <probs for GDERKNQSTAVLIFYWHMCP>
#	G	D	E	R	K	N	Q	S	T	A	V	L	I	F	Y	W	H	M	C	P
0	0.09693	0.00625	0.00707	0.02734	0.03583	0.02247	0.02711	0.27531	0.00954	0.09513	0.00933	0.02207	0.03350	0.00398	0.00319	0.00094	0.04247	0.00307	0.27425	0.00422
1	0.00449	0.00320	0.00413	0.00441	0.00461	0.00330	0.00298	0.00499	0.00547	0.00741	0.01291	0.33477	0.01479	0.35251	0.15904	0.00270	0.02471	0.04879	0.00234	0.00245
2	0.00395	0.00302	0.00363	0.00401	0.00458	0.00270	0.00281	0.00469	0.00687	0.00884	0.09780	0.49794	0.32933	0.00911	0.00398	0.00121	0.00176	0.00803	0.00305	0.00270
3	0.00394	0.00281	0.00375	0.00450	0.00469	0.00262	0.00300	0.00450	0.00619	0.00825	0.01781	0.88435	0.02137	0.01012	0.00412	0.00131	0.00187	0.00918	0.00300	0.00262
4	0.00864	0.88841	0.01693	0.00553	0.00829	0.01278	0.00553	0.00967	0.00656	0.00760	0.00449	0.00518	0.00415	0.00276	0.00207	0.00069	0.00345	0.00173	0.00138	0.00415
5	0.00402	0.00324	0.00358	0.00358	0.00451	0.00280	0.00265	0.00499	0.00771	0.00976	0.24189	0.10236	0.58169	0.00795	0.00384	0.00109	0.00163	0.00677	0.00314	0.00280
6	0.90928	0.00625	0.00475	0.00425	0.00625	0.00725	0.00350	0.00950	0.00550	0.01449	0.00450	0.00525	0.00350	0.00300	0.00200	0.00100	0.00250	0.00175	0.00200	0.00350
7	0.00602	0.00301	0.00301	0.00301	0.00376	0.00301	0.00226	0.00753	0.00678	0.01204	0.01054	0.01204	0.00828	0.00376	0.00226	0.00075	0.00151	0.00301	0.90440	0.00301
8	0.90928	0.00625	0.00475	0.00425	0.00625	0.00725	0.00350	0.00950	0.00550	0.01449	0.00450	0.00525	0.00350	0.00300	0.00200	0.00100	0.00250	0.00175	0.00200	0.00350
9	0.01170	0.00876	0.00937	0.00732	0.00980	0.00975	0.00600	0.74154	0.13013	0.01943	0.00849	0.00834	0.00609	0.00395	0.00324	0.00099	0.00342	0.00301	0.00324	0.00544
10	0.90928	0.00625	0.00475	0.00425	0.00625	0.00725	0.00350	0.00950	0.00550	0.01449	0.00450	0.00525	0.00350	0.00300	0.00200	0.00100	0.00250	0.00175	0.00200	0.00350
11	0.00404	0.00289	0.00387	0.00462	0.00486	0.00272	0.00319	0.00469	0.00629	0.00837	0.01775	0.81167	0.02113	0.01002	0.00415	0.00133	0.00197	0.08079	0.00300	0.00265
12	0.01228	0.00905	0.00970	0.00743	0.01002	0.01002	0.00614	0.85554	0.01519	0.02036	0.00776	0.00776	0.00549	0.00388	0.00323	0.00097	0.00356	0.00291	0.00323	0.00549
13	0.83239	0.00649	0.00517	0.00452	0.00657	0.00749	0.00373	0.08202	0.00633	0.01500	0.00478	0.00546	0.00367	0.00307	0.00210	0.00100	0.00259	0.00185	0.00210	0.00367
14	0.00788	0.10613	0.58937	0.00843	0.01246	0.03572	0.00995	0.14969	0.03061	0.01164	0.00615	0.00691	0.00448	0.00321	0.00299	0.00098	0.00441	0.00243	0.00173	0.00480
15	0.00473	0.00359	0.00427	0.00410	0.00503	0.00344	0.00312	0.02675	0.02824	0.02001	0.28487	0.03712	0.36775	0.02065	0.11533	0.01188	0.01306	0.01767	0.02540	0.00300
16	0.00419	0.00302	0.00374	0.00418	0.00469	0.00272	0.00290	0.00487	0.00669	0.02947	0.05529	0.60053	0.24728	0.00931	0.00401	0.00123	0.00182	0.00827	0.00305	0.00274
17	0.00917	0.05717	0.15751	0.00714	0.00970	0.00854	0.00655	0.35512	0.24975	0.01496	0.00962	0.08380	0.00777	0.00435	0.00323	0.00103	0.00334	0.00350	0.00280	0.00494
18	0.00809	0.23326	0.45317	0.00841	0.03152	0.03613	0.05426	0.06366	0.01980	0.05430	0.00608	0.00686	0.00455	0.00310	0.00288	0.00093	0.00428	0.00239	0.00168	0.00466
19	0.01963	0.02667	0.31326	0.00830	0.02237	0.04561	0.12810	0.05895	0.01719	0.10243	0.08325	0.02068	0.03602	0.00467	0.03095	0.00117	0.03450	0.03040	0.00217	0.01368

[dist]
# distance from previous block
# <min> <max>
1	9

[block]
# block no. 3 follows, 88 sequences, length 13
# corresponding to MSA columns:
# 267-279
name=unknown_D
#
# <colnr> <probs for GDERKNQSTAVLIFYWHMCP>
#	G	D	E	R	K	N	Q	S	T	A	V	L	I	F	Y	W	H	M	C	P
0	0.00676	0.04690	0.00950	0.00784	0.00806	0.00913	0.00653	0.00755	0.00506	0.00772	0.00493	0.00784	0.00482	0.00837	0.14239	0.00196	0.70683	0.00287	0.00146	0.00346
1	0.00617	0.00554	0.02766	0.00562	0.00679	0.07901	0.02397	0.00818	0.08897	0.03298	0.15608	0.03075	0.13321	0.03938	0.09380	0.00161	0.04654	0.15852	0.02239	0.03284
2	0.00554	0.00283	0.00416	0.00416	0.00416	0.00283	0.00274	0.00425	0.00425	0.00566	0.00596	0.01070	0.00609	0.07892	0.01292	0.83617	0.00283	0.00295	0.00145	0.00145
3	0.00492	0.00342	0.00399	0.00379	0.00474	0.00310	0.00285	0.00631	0.02540	0.04575	0.41556	0.02454	0.32107	0.02566	0.00390	0.00106	0.00167	0.00573	0.09349	0.00305
4	0.90928	0.00625	0.00475	0.00425	0.00625	0.00725	0.00350	0.00950	0.00550	0.01449	0.00450	0.00525	0.00350	0.00300	0.00200	0.00100	0.00250	0.00175	0.00200	0.00350
5	0.00465	0.00338	0.00442	0.00472	0.00539	0.00321	0.00373	0.00588	0.00771	0.01034	0.30790	0.15066	0.10791	0.04962	0.00469	0.00134	0.00220	0.31627	0.00313	0.00288
6	0.00864	0.88841	0.01693	0.00553	0.00829	0.01278	0.00553	0.00967	0.00656	0.00760	0.00449	0.00518	0.00415	0.00276	0.00207	0.00069	0.00345	0.00173	0.00138	0.00415
7	0.00392	0.00328	0.00341	0.00338	0.00442	0.00277	0.00253	0.00483	0.00759	0.00928	0.14059	0.03019	0.75679	0.00798	0.00382	0.00108	0.00162	0.00669	0.00307	0.00277
8	0.01254	0.00863	0.00943	0.00723	0.00981	0.00939	0.00598	0.75587	0.01448	0.12103	0.00835	0.00814	0.00579	0.00389	0.00323	0.00097	0.00346	0.00295	0.00332	0.00549
9	0.04801	0.00657	0.02728	0.09256	0.08847	0.00598	0.02682	0.09261	0.03974	0.06420	0.00700	0.00854	0.00560	0.00315	0.00293	0.00078	0.01519	0.02992	0.00216	0.43250
10	0.01198	0.05879	0.03732	0.00673	0.00931	0.02618	0.00573	0.43136	0.01167	0.26630	0.00867	0.00839	0.00599	0.00374	0.00326	0.00093	0.02274	0.00283	0.00311	0.07498
11	0.00521	0.00372	0.00521	0.00595	0.00669	0.00372	0.00521	0.00669	0.00744	0.00967	0.01711	0.03644	0.01859	0.00892	0.00446	0.00149	0.00297	0.84456	0.00297	0.00297
12	0.00394	0.00281	0.00375	0.00450	0.00469	0.00262	0.00300	0.00450	0.00619	0.00825	0.01781	0.88435	0.02137	0.01012	0.00412	0.00131	0.00187	0.00918	0.00300	0.00262

[dist]
# distance from previous block
# <min> <max>
1	12

[block]
# block no. 4 follows, 88 sequences, length 31
# corresponding to MSA columns:
# 294-297,299-325
name=unknown_E
#
# <colnr> <probs for GDERKNQSTAVLIFYWHMCP>
#	G	D	E	R	K	N	Q	S	T	A	V	L	I	F	Y	W	H	M	C	P
0	0.00593	0.00489	0.04657	0.05547	0.00723	0.00446	0.01802	0.00870	0.14952	0.07186	0.39586	0.08495	0.12145	0.00608	0.00364	0.00106	0.00220	0.00530	0.00318	0.00363
1	0.18541	0.00574	0.00750	0.00584	0.00822	0.00535	0.05353	0.01384	0.00840	0.62222	0.02883	0.01039	0.02247	0.00386	0.00306	0.00101	0.00281	0.00311	0.00345	0.00495
2	0.00557	0.08895	0.00646	0.01990	0.05716	0.01877	0.01902	0.03322	0.00709	0.03292	0.08542	0.48087	0.04079	0.02028	0.00395	0.00120	0.00245	0.07002	0.00275	0.00321
3	0.01993	0.27719	0.44580	0.00815	0.01185	0.00913	0.08423	0.02104	0.06013	0.00976	0.00593	0.00686	0.00458	0.00318	0.00300	0.01656	0.00422	0.00240	0.00155	0.00450
4	0.00634	0.05683	0.01027	0.78793	0.06107	0.00752	0.00882	0.00841	0.00651	0.00832	0.00569	0.00839	0.00434	0.00319	0.00316	0.00105	0.00424	0.00281	0.00144	0.00369
5	0.02464	0.14255	0.57429	0.00818	0.01195	0.01859	0.03634	0.00957	0.00682	0.00975	0.00714	0.05953	0.00621	0.00386	0.00309	0.00103	0.00427	0.06623	0.00161	0.00437
6	0.00509	0.00541	0.11979	0.00500	0.00637	0.00409	0.00441	0.00756	0.09358	0.01209	0.56074	0.08982	0.06088	0.00626	0.00368	0.00105	0.00209	0.00547	0.00317	0.00344
7	0.07548	0.12380	0.59030	0.01971	0.01239	0.02318	0.02017	0.05910	0.00728	0.03199	0.00582	0.00668	0.00425	0.00310	0.00289	0.00097	0.00434	0.00233	0.00160	0.00462
8	0.84180	0.00619	0.00496	0.00436	0.00640	0.00706	0.00359	0.00997	0.00578	0.07891	0.00512	0.00568	0.00384	0.00307	0.00209	0.00100	0.00252	0.00186	0.00215	0.00365
9	0.07668	0.79433	0.01578	0.00549	0.00819	0.01228	0.00539	0.03615	0.00675	0.00852	0.00459	0.00527	0.00414	0.00282	0.00210	0.00072	0.00339	0.00177	0.00149	0.00414
10	0.00414	0.00296	0.00394	0.00446	0.00475	0.00283	0.00306	0.00485	0.00644	0.00873	0.12981	0.64004	0.02098	0.06133	0.07038	0.00167	0.00243	0.02161	0.00292	0.00267
11	0.00436	0.00321	0.00383	0.00406	0.00467	0.00297	0.00296	0.00521	0.00692	0.00905	0.13775	0.20898	0.28276	0.15132	0.00598	0.00151	0.00210	0.12700	0.03270	0.00267
12	0.00449	0.00351	0.00495	0.07088	0.00652	0.00372	0.01296	0.00527	0.00624	0.00845	0.04232	0.67506	0.01846	0.00892	0.00461	0.00129	0.08062	0.02620	0.01270	0.00282
13	0.24924	0.00655	0.00925	0.00771	0.04218	0.00678	0.17629	0.06424	0.03472	0.20593	0.00869	0.03347	0.00691	0.00406	0.00354	0.00108	0.05287	0.06652	0.01567	0.00430
14	0.00864	0.88841	0.01693	0.00553	0.00829	0.01278	0.00553	0.00967	0.00656	0.00760	0.00449	0.00518	0.00415	0.00276	0.00207	0.00069	0.00345	0.00173	0.00138	0.00415
15	0.00543	0.00365	0.00478	0.00514	0.00604	0.00345	0.00428	0.00667	0.00751	0.07086	0.05341	0.10399	0.20975	0.00841	0.00418	0.00133	0.00251	0.49247	0.00308	0.00307
16	0.90928	0.00625	0.00475	0.00425	0.00625	0.00725	0.00350	0.00950	0.00550	0.01449	0.00450	0.00525	0.00350	0.00300	0.00200	0.00100	0.00250	0.00175	0.00200	0.00350
17	0.00758	0.10819	0.11241	0.01032	0.01313	0.04912	0.45262	0.02166	0.02538	0.01807	0.02133	0.05899	0.00634	0.00380	0.01633	0.00109	0.03584	0.00359	0.03004	0.00418
18	0.90928	0.00625	0.00475	0.00425	0.00625	0.00725	0.00350	0.00950	0.00550	0.01449	0.00450	0.00525	0.00350	0.00300	0.00200	0.00100	0.00250	0.00175	0.00200	0.00350
19	0.00442	0.00324	0.00404	0.00429	0.00495	0.00300	0.00324	0.00549	0.00748	0.00999	0.26178	0.23439	0.20912	0.04256	0.00446	0.00127	0.00196	0.16125	0.03026	0.00282
20	0.09825	0.00599	0.00740	0.00541	0.00814	0.00496	0.06796	0.02209	0.00680	0.02510	0.00596	0.00708	0.00488	0.01534	0.00269	0.00064	0.00266	0.00213	0.01478	0.69175
21	0.00467	0.00312	0.00353	0.00355	0.00356	0.00312	0.00199	0.00469	0.00475	0.00633	0.01042	0.04840	0.01205	0.85878	0.01605	0.00307	0.00309	0.00484	0.00199	0.00198
22	0.00653	0.00631	0.01109	0.66971	0.14645	0.00735	0.08935	0.00870	0.00670	0.00879	0.00587	0.00853	0.00448	0.00313	0.00328	0.00106	0.00435	0.00296	0.00148	0.00389
23	0.03845	0.00565	0.00699	0.00520	0.00788	0.00460	0.00423	0.01157	0.00780	0.39344	0.00883	0.00857	0.00618	0.00313	0.00276	0.00073	0.00255	0.00250	0.00285	0.47610
24	0.88091	0.00622	0.00484	0.00430	0.00631	0.00717	0.00354	0.00969	0.00562	0.04158	0.00476	0.00543	0.00364	0.00303	0.00204	0.00100	0.00251	0.00180	0.00206	0.00356
25	0.00926	0.00721	0.00778	0.00663	0.00861	0.00808	0.00530	0.28770	0.47180	0.04020	0.03348	0.01253	0.02706	0.00456	0.00334	0.00107	0.00285	0.04472	0.01280	0.00502
26	0.00470	0.00313	0.00352	0.00352	0.00352	0.00313	0.00196	0.00470	0.00470	0.00626	0.01018	0.02114	0.01175	0.88646	0.01644	0.00313	0.00313	0.00470	0.00196	0.00196
27	0.00864	0.88841	0.01693	0.00553	0.00829	0.01278	0.00553	0.00967	0.00656	0.00760	0.00449	0.00518	0.00415	0.00276	0.00207	0.00069	0.00345	0.00173	0.00138	0.00415
28	0.61469	0.00600	0.00565	0.00474	0.00691	0.00642	0.00391	0.01155	0.00673	0.29567	0.00721	0.00714	0.00498	0.00333	0.00241	0.00100	0.00258	0.00224	0.00266	0.00416
29	0.01165	0.00477	0.00630	0.00506	0.00701	0.00422	0.00409	0.01298	0.00883	0.60308	0.13884	0.01312	0.01138	0.00435	0.00317	0.00096	0.00237	0.00360	0.14950	0.00473
30	0.00392	0.00329	0.00342	0.00342	0.00447	0.00279	0.00258	0.00481	0.00746	0.00905	0.09813	0.03027	0.76826	0.00838	0.02077	0.00117	0.00179	0.02026	0.00302	0.00276

[dist]
# distance from previous block
# <min> <max>
0	15

[block]
# block no. 5 follows, 88 sequences, length 8
# corresponding to MSA columns:
# 341-348
name=unknown_F
#
# <colnr> <probs for GDERKNQSTAVLIFYWHMCP>
#	G	D	E	R	K	N	Q	S	T	A	V	L	I	F	Y	W	H	M	C	P
0	0.01228	0.00905	0.00970	0.00743	0.01002	0.01002	0.00614	0.85554	0.01519	0.02036	0.00776	0.00776	0.00549	0.00388	0.00323	0.00097	0.00356	0.00291	0.00323	0.00549
1	0.00395	0.00328	0.00345	0.00341	0.00444	0.00278	0.00256	0.00489	0.00767	0.00945	0.17532	0.02990	0.72196	0.00791	0.00382	0.00108	0.00162	0.00665	0.00310	0.00278
2	0.01228	0.00905	0.00970	0.00743	0.01002	0.01002	0.00614	0.85554	0.01519	0.02036	0.00776	0.00776	0.00549	0.00388	0.00323	0.00097	0.00356	0.00291	0.00323	0.00549
3	0.01247	0.00522	0.00696	0.00552	0.00769	0.00466	0.00449	0.01423	0.05893	0.67663	0.15415	0.01324	0.01184	0.00445	0.00334	0.00101	0.00253	0.00370	0.00388	0.00507
4	0.00398	0.00308	0.00362	0.00390	0.00456	0.00273	0.00277	0.00479	0.00712	0.00913	0.14507	0.38706	0.39310	0.00877	0.00394	0.00117	0.00172	0.00767	0.00308	0.00273
5	0.00763	0.00871	0.01906	0.01362	0.01688	0.00817	0.85458	0.01035	0.00763	0.01035	0.00654	0.00871	0.00490	0.00272	0.00381	0.00109	0.00545	0.00381	0.00163	0.00436
6	0.00561	0.00281	0.00421	0.00421	0.00421	0.00281	0.00281	0.00421	0.00421	0.00561	0.00561	0.00982	0.00561	0.01122	0.01263	0.90600	0.00281	0.00281	0.00140	0.00140
7	0.00393	0.00284	0.00371	0.00441	0.00466	0.00263	0.00296	0.00451	0.00627	0.00828	0.01886	0.82386	0.08118	0.00998	0.00410	0.00130	0.00186	0.00902	0.00300	0.00263

[dist]
# distance from previous block
# <min> <max>
0	22

[block]
# block no. 6 follows, 88 sequences, length 7
# corresponding to MSA columns:
# 371-377
name=unknown_G
#
# <colnr> <probs for GDERKNQSTAVLIFYWHMCP>
#	G	D	E	R	K	N	Q	S	T	A	V	L	I	F	Y	W	H	M	C	P
0	0.04102	0.00314	0.00318	0.00320	0.00389	0.00317	0.00232	0.00713	0.00648	0.01132	0.01070	0.06434	0.00923	0.09503	0.00382	0.00104	0.00173	0.00350	0.72288	0.00290
1	0.01082	0.01312	0.00949	0.00838	0.00983	0.63777	0.03658	0.04357	0.00850	0.00843	0.00518	0.00647	0.00441	0.00453	0.03886	0.00111	0.14515	0.00235	0.00169	0.00377
2	0.01342	0.00568	0.00742	0.00575	0.00813	0.00514	0.00473	0.10140	0.00977	0.71076	0.04624	0.01204	0.04561	0.00427	0.00329	0.00100	0.00274	0.00347	0.00386	0.00528
3	0.00833	0.53154	0.18157	0.00658	0.00942	0.12340	0.00675	0.00988	0.00684	0.00815	0.00515	0.00620	0.00446	0.00466	0.07387	0.00114	0.00445	0.00204	0.00144	0.00411
4	0.00895	0.00762	0.01020	0.02814	0.33798	0.03520	0.03074	0.15952	0.23147	0.05508	0.03293	0.01017	0.02976	0.00376	0.00327	0.00101	0.00340	0.00329	0.00253	0.00499
5	0.04422	0.00815	0.00977	0.07810	0.16524	0.03310	0.00676	0.45367	0.05292	0.10407	0.00787	0.00826	0.00569	0.00364	0.00318	0.00098	0.00356	0.00291	0.00279	0.00513
6	0.12086	0.12256	0.09991	0.00684	0.00905	0.04555	0.03734	0.24005	0.05131	0.01265	0.00731	0.00841	0.02546	0.00674	0.13260	0.00161	0.06253	0.00276	0.00217	0.00428

[dist]
# distance from previous block
# <min> <max>
1	3

[block]
# block no. 7 follows, 88 sequences, length 25
# corresponding to MSA columns:
# 381-405
name=unknown_H
#
# <colnr> <probs for GDERKNQSTAVLIFYWHMCP>
#	G	D	E	R	K	N	Q	S	T	A	V	L	I	F	Y	W	H	M	C	P
0	0.01019	0.16630	0.02010	0.03734	0.04510	0.24022	0.00620	0.23901	0.05000	0.03462	0.02382	0.00803	0.02971	0.00380	0.00354	0.00093	0.07181	0.00267	0.00222	0.00440
1	0.00702	0.00578	0.00673	0.00486	0.00766	0.00447	0.00389	0.03626	0.00706	0.03354	0.00670	0.00748	0.02733	0.00264	0.00248	0.00052	0.00242	0.00211	0.00204	0.82900
2	0.00859	0.00680	0.06762	0.03687	0.17147	0.00585	0.08048	0.03494	0.04159	0.20432	0.12423	0.01920	0.02180	0.01271	0.00347	0.00096	0.01453	0.00343	0.00258	0.13854
3	0.14504	0.00716	0.01113	0.15257	0.42362	0.01899	0.07177	0.00980	0.01775	0.04209	0.01517	0.00798	0.00510	0.00321	0.00351	0.00102	0.05507	0.00282	0.00176	0.00445
4	0.00610	0.00574	0.00969	0.87870	0.02225	0.00718	0.00897	0.00825	0.00646	0.00825	0.00574	0.00861	0.00431	0.00323	0.00323	0.00108	0.00431	0.00287	0.00144	0.00359
5	0.00396	0.00287	0.00376	0.00446	0.00472	0.00266	0.00302	0.00457	0.00630	0.00832	0.01874	0.80630	0.07537	0.00996	0.00411	0.00130	0.00189	0.03204	0.00300	0.00264
6	0.01573	0.00510	0.00671	0.09891	0.03714	0.03875	0.01687	0.08174	0.02185	0.03298	0.01041	0.14874	0.01038	0.04434	0.27218	0.00249	0.04677	0.10324	0.00225	0.00340
7	0.00730	0.00630	0.00936	0.39820	0.12544	0.02705	0.04747	0.03738	0.10649	0.04819	0.00803	0.00993	0.02254	0.02433	0.00373	0.00108	0.03169	0.00314	0.07829	0.00405
8	0.00467	0.00312	0.00353	0.00356	0.00357	0.00311	0.00200	0.00469	0.00476	0.00635	0.01049	0.05687	0.01214	0.85019	0.01593	0.00306	0.00308	0.00488	0.00200	0.00199
9	0.00470	0.00313	0.00352	0.00352	0.00352	0.00313	0.00196	0.00470	0.00470	0.00626	0.01018	0.02114	0.01175	0.88646	0.01644	0.00313	0.00313	0.00470	0.00196	0.00196
10	0.03010	0.03087	0.06608	0.00779	0.01011	0.22771	0.07526	0.28110	0.14095	0.03623	0.02017	0.00861	0.00627	0.00372	0.00314	0.00096	0.00407	0.01253	0.02971	0.00464
11	0.18243	0.00743	0.00768	0.00648	0.00858	0.00845	0.01827	0.25418	0.44239	0.01560	0.00985	0.00947	0.00732	0.00395	0.00303	0.00104	0.00287	0.00308	0.00300	0.00490
12	0.00394	0.00281	0.00375	0.00450	0.00469	0.00262	0.00300	0.00450	0.00619	0.00825	0.01781	0.88435	0.02137	0.01012	0.00412	0.00131	0.00187	0.00918	0.00300	0.00262
13	0.00486	0.00374	0.00504	0.00498	0.00539	0.01847	0.00369	0.00568	0.00517	0.00726	0.00911	0.05039	0.00925	0.22885	0.57409	0.00427	0.05131	0.00394	0.00182	0.00270
14	0.06998	0.00671	0.00795	0.00618	0.00862	0.00670	0.00509	0.28816	0.04341	0.48871	0.01102	0.01003	0.02430	0.00400	0.00318	0.00100	0.00297	0.00313	0.00358	0.00530
15	0.01037	0.00609	0.00693	0.00557	0.00748	0.00629	0.00451	0.35744	0.01106	0.21154	0.10556	0.01140	0.00956	0.00418	0.00306	0.00093	0.00263	0.00334	0.22745	0.00460
16	0.00415	0.00290	0.00384	0.00455	0.00481	0.00274	0.00315	0.00484	0.00632	0.00856	0.01738	0.76827	0.02048	0.00970	0.00406	0.00130	0.00195	0.08032	0.04802	0.00267
17	0.04499	0.00736	0.00984	0.15191	0.30521	0.05517	0.00734	0.16036	0.05611	0.07407	0.08850	0.00979	0.00781	0.00366	0.00321	0.00099	0.00355	0.00314	0.00233	0.00463
18	0.00682	0.00655	0.00983	0.61888	0.13002	0.05116	0.00845	0.03071	0.00694	0.00897	0.00632	0.00870	0.02222	0.00332	0.00334	0.00102	0.02338	0.00287	0.00157	0.04891
19	0.66997	0.05100	0.00612	0.00486	0.00696	0.06098	0.00400	0.05526	0.03168	0.03146	0.00519	0.00581	0.00402	0.00309	0.00221	0.00095	0.00281	0.00193	0.00209	0.04961
20	0.38222	0.00661	0.00683	0.00551	0.00781	0.00700	0.00454	0.19154	0.03614	0.30952	0.00830	0.00798	0.00567	0.00357	0.00273	0.00100	0.00281	0.00257	0.00299	0.00466
21	0.00659	0.00625	0.01058	0.65503	0.24206	0.00731	0.00922	0.00869	0.00669	0.00885	0.00583	0.00845	0.00452	0.00314	0.00322	0.00105	0.00418	0.00287	0.00148	0.00399
22	0.01238	0.00497	0.00661	0.00524	0.00724	0.00438	0.00417	0.01346	0.00846	0.67708	0.03532	0.01288	0.00917	0.13253	0.00514	0.00130	0.00271	0.00352	0.04866	0.00479
23	0.00505	0.00340	0.00442	0.00411	0.00496	0.00312	0.00310	0.00654	0.00907	0.05278	0.79369	0.02344	0.04528	0.00646	0.00376	0.00101	0.00158	0.00569	0.01937	0.00316
24	0.00647	0.00346	0.00416	0.00400	0.00460	0.00330	0.00269	0.00705	0.00612	0.15649	0.01211	0.17939	0.01231	0.41983	0.00944	0.00202	0.00255	0.00500	0.15613	0.00287

[dist]
# distance from previous block
# <min> <max>
0	1

[block]
# block no. 8 follows, 88 sequences, length 33
# corresponding to MSA columns:
# 407-410,413-416,419-438,441-445
name=unknown_I
#
# <colnr> <probs for GDERKNQSTAVLIFYWHMCP>
#	G	D	E	R	K	N	Q	S	T	A	V	L	I	F	Y	W	H	M	C	P
0	0.00763	0.00871	0.01906	0.01362	0.01688	0.00817	0.85458	0.01035	0.00763	0.01035	0.00654	0.00871	0.00490	0.00272	0.00381	0.00109	0.00545	0.00381	0.00163	0.00436
1	0.00459	0.00309	0.00355	0.00364	0.00369	0.00306	0.00210	0.00467	0.00493	0.00656	0.01152	0.13230	0.02664	0.75972	0.01466	0.00287	0.00295	0.00531	0.00211	0.00206
2	0.00462	0.00346	0.00519	0.00519	0.00577	0.00404	0.00404	0.00577	0.00519	0.00750	0.00865	0.01269	0.00808	0.02423	0.87366	0.00519	0.00865	0.00346	0.00173	0.00288
3	0.00656	0.00559	0.00655	0.00477	0.00750	0.00422	0.00379	0.00795	0.00667	0.01041	0.00636	0.05182	0.00564	0.00279	0.00248	0.00052	0.00237	0.00229	0.00197	0.85976
4	0.00746	0.01172	0.41406	0.01334	0.37063	0.00743	0.01035	0.03557	0.01926	0.03236	0.00673	0.00879	0.00536	0.00331	0.00320	0.00102	0.00419	0.03866	0.00168	0.00489
5	0.01177	0.05978	0.00959	0.00794	0.00984	0.63545	0.00614	0.16736	0.04409	0.01040	0.00580	0.00639	0.00463	0.00344	0.00294	0.00086	0.00515	0.00228	0.00200	0.00414
6	0.02771	0.50138	0.06115	0.00637	0.00909	0.01048	0.04937	0.16467	0.00844	0.04120	0.05650	0.00731	0.00613	0.00325	0.00258	0.00081	0.00345	0.00239	0.00199	0.03574
7	0.05485	0.23928	0.24719	0.00747	0.01049	0.05494	0.08344	0.08115	0.02131	0.07818	0.05517	0.00834	0.02163	0.00347	0.00304	0.00093	0.02001	0.00271	0.00199	0.00442
8	0.00761	0.00867	0.01880	0.01347	0.01664	0.00822	0.82979	0.01027	0.00755	0.01027	0.00647	0.00867	0.00488	0.00281	0.00401	0.00110	0.03104	0.00378	0.00163	0.00433
9	0.00528	0.00424	0.00568	0.16088	0.05238	0.00437	0.00454	0.00729	0.08840	0.02617	0.16907	0.19922	0.21166	0.00659	0.00364	0.00111	0.00237	0.01443	0.02934	0.00333
10	0.04092	0.20092	0.41733	0.02796	0.06239	0.01879	0.06760	0.05486	0.05129	0.01046	0.00599	0.00696	0.00458	0.00311	0.00298	0.00096	0.01424	0.00245	0.00163	0.00459
11	0.00539	0.02736	0.01830	0.00641	0.00742	0.02758	0.12723	0.02433	0.00698	0.00912	0.01490	0.40205	0.03150	0.04257	0.00453	0.00136	0.00296	0.23426	0.00266	0.00310
12	0.00392	0.00324	0.00344	0.00347	0.00445	0.00276	0.00257	0.00480	0.00749	0.00920	0.13249	0.09899	0.69575	0.00815	0.00384	0.00110	0.00164	0.00689	0.00307	0.00276
13	0.00759	0.00613	0.00777	0.00728	0.05234	0.00658	0.06432	0.10461	0.36491	0.04277	0.06413	0.11325	0.03262	0.00553	0.00359	0.00114	0.00283	0.10518	0.00304	0.00440
14	0.17277	0.04733	0.01041	0.00826	0.04998	0.04013	0.16719	0.21251	0.12223	0.07585	0.00792	0.01708	0.01337	0.01121	0.00341	0.00103	0.02924	0.00302	0.00248	0.00458
15	0.01038	0.00738	0.07184	0.00863	0.01134	0.00631	0.29768	0.04109	0.03144	0.37765	0.03042	0.01092	0.02533	0.03838	0.00407	0.00113	0.01487	0.00357	0.00281	0.00476
16	0.01444	0.00558	0.00755	0.00579	0.00829	0.00488	0.00478	0.03614	0.00939	0.84795	0.01262	0.01092	0.00794	0.00400	0.00325	0.00100	0.00277	0.00324	0.00398	0.00550
17	0.00637	0.00573	0.00798	0.02535	0.21983	0.02467	0.04313	0.00914	0.15005	0.01043	0.06404	0.02025	0.18899	0.00579	0.00388	0.00114	0.02880	0.17797	0.00256	0.00392
18	0.00695	0.00622	0.01028	0.22501	0.46170	0.00650	0.00813	0.00876	0.00737	0.03184	0.12573	0.05498	0.02477	0.00397	0.00335	0.00102	0.00347	0.00368	0.00199	0.00430
19	0.01407	0.00556	0.00744	0.00575	0.00819	0.00492	0.00473	0.03677	0.03083	0.80521	0.01258	0.01097	0.00799	0.00400	0.00323	0.00100	0.00273	0.00324	0.02536	0.00543
20	0.90928	0.00625	0.00475	0.00425	0.00625	0.00725	0.00350	0.00950	0.00550	0.01449	0.00450	0.00525	0.00350	0.00300	0.00200	0.00100	0.00250	0.00175	0.00200	0.00350
21	0.00470	0.00313	0.00352	0.00352	0.00352	0.00313	0.00196	0.00470	0.00470	0.00626	0.01018	0.02114	0.01175	0.88646	0.01644	0.00313	0.00313	0.00470	0.00196	0.00196
22	0.35605	0.00713	0.02717	0.02045	0.00796	0.05294	0.02307	0.12051	0.18113	0.04766	0.00782	0.00901	0.00620	0.05163	0.05888	0.00139	0.00341	0.01104	0.00244	0.00410
23	0.72654	0.00609	0.00531	0.00455	0.00666	0.00674	0.00375	0.01077	0.00626	0.18892	0.00618	0.00642	0.00442	0.00320	0.00225	0.00100	0.00255	0.00206	0.00241	0.00391
24	0.90928	0.00625	0.00475	0.00425	0.00625	0.00725	0.00350	0.00950	0.00550	0.01449	0.00450	0.00525	0.00350	0.00300	0.00200	0.00100	0.00250	0.00175	0.00200	0.00350
25	0.00424	0.00317	0.00398	0.00436	0.00492	0.00294	0.00316	0.00530	0.02245	0.00954	0.19391	0.44259	0.18551	0.00880	0.00402	0.00122	0.00188	0.09206	0.00312	0.00281
26	0.00455	0.00350	0.00489	0.00463	0.00542	0.00324	0.04679	0.00593	0.01852	0.01132	0.53233	0.23573	0.09607	0.00738	0.00388	0.00110	0.00183	0.00662	0.00327	0.00301
27	0.00469	0.00573	0.16175	0.00478	0.00636	0.00376	0.00450	0.00639	0.00814	0.01113	0.44912	0.04187	0.26659	0.00649	0.00368	0.00105	0.00216	0.00557	0.00298	0.00326
28	0.00864	0.88841	0.01693	0.00553	0.00829	0.01278	0.00553	0.00967	0.00656	0.00760	0.00449	0.00518	0.00415	0.00276	0.00207	0.00069	0.00345	0.00173	0.00138	0.00415
29	0.00675	0.37135	0.02828	0.00534	0.00687	0.05236	0.00463	0.00770	0.00591	0.00742	0.00688	0.01043	0.00672	0.15682	0.29580	0.00262	0.01632	0.00285	0.00161	0.00335
30	0.00678	0.00650	0.06999	0.00515	0.00811	0.00454	0.00446	0.00838	0.00676	0.02438	0.00608	0.00736	0.00505	0.00260	0.00250	0.00055	0.00258	0.01836	0.00193	0.80794
31	0.19328	0.04353	0.25205	0.00760	0.01027	0.40789	0.00725	0.01139	0.00766	0.02434	0.00523	0.00605	0.00407	0.00318	0.00275	0.00092	0.00472	0.00211	0.00168	0.00403
32	0.01126	0.00841	0.00902	0.00716	0.00955	0.00936	0.00584	0.61648	0.23110	0.04359	0.00928	0.00895	0.00668	0.00401	0.00325	0.00100	0.00328	0.00311	0.00327	0.00540

[dist]
# distance from previous block
# <min> <max>
0	1

[block]
# block no. 9 follows, 88 sequences, length 12
# corresponding to MSA columns:
# 447-458
name=unknown_J
#
# <colnr> <probs for GDERKNQSTAVLIFYWHMCP>
#	G	D	E	R	K	N	Q	S	T	A	V	L	I	F	Y	W	H	M	C	P
0	0.00766	0.00733	0.01250	0.17306	0.71572	0.00759	0.00975	0.00962	0.00720	0.01014	0.00602	0.00811	0.00497	0.00294	0.00320	0.00098	0.00392	0.00288	0.00157	0.00484
1	0.01297	0.00895	0.00831	0.03560	0.00935	0.28973	0.00554	0.04414	0.00912	0.48513	0.00937	0.00891	0.00634	0.00383	0.00350	0.00097	0.04762	0.00282	0.00299	0.00476
2	0.02621	0.00719	0.01165	0.05167	0.61511	0.00725	0.02889	0.05419	0.02295	0.06645	0.07059	0.00944	0.00722	0.00332	0.00324	0.00098	0.00359	0.00314	0.00202	0.00489
3	0.00800	0.00768	0.01311	0.01983	0.86631	0.00768	0.00991	0.00991	0.00736	0.01055	0.00608	0.00800	0.00512	0.00288	0.00320	0.00096	0.00384	0.00288	0.00160	0.00512
4	0.00511	0.00376	0.00482	0.00486	0.00549	0.00396	0.00365	0.04495	0.04925	0.00903	0.07840	0.13194	0.05662	0.19217	0.26554	0.00280	0.00438	0.12791	0.00247	0.00291
5	0.00474	0.00345	0.00465	0.00460	0.00492	0.00386	0.00327	0.00539	0.00498	0.00699	0.00914	0.01606	0.00949	0.38677	0.48273	0.00419	0.03649	0.00396	0.00182	0.00252
6	0.00394	0.00281	0.00375	0.00450	0.00469	0.00262	0.00300	0.00450	0.00619	0.00825	0.01781	0.88435	0.02137	0.01012	0.00412	0.00131	0.00187	0.00918	0.00300	0.00262
7	0.00492	0.00323	0.00397	0.00379	0.00451	0.00304	0.00281	0.00637	0.00838	0.01243	0.62192	0.02112	0.02434	0.04683	0.00403	0.00105	0.00159	0.00512	0.21756	0.00299
8	0.00394	0.00281	0.00375	0.00450	0.00469	0.00262	0.00300	0.00450	0.00619	0.00825	0.01781	0.88435	0.02137	0.01012	0.00412	0.00131	0.00187	0.00918	0.00300	0.00262
9	0.00683	0.04350	0.00637	0.00557	0.00671	0.00595	0.00433	0.10044	0.26815	0.01081	0.01187	0.01881	0.01130	0.23740	0.04761	0.02333	0.00323	0.18148	0.00267	0.00364
10	0.00807	0.00539	0.00627	0.00545	0.00700	0.00560	0.00426	0.11709	0.25675	0.14693	0.29640	0.05583	0.04073	0.00536	0.00348	0.00104	0.00229	0.00455	0.02320	0.00431
11	0.77865	0.00633	0.00511	0.00450	0.00648	0.00729	0.00369	0.07243	0.02982	0.01480	0.00524	0.00592	0.00403	0.00314	0.00214	0.00099	0.00254	0.00194	0.04131	0.00367

[dist]
# distance from previous block
# <min> <max>
13	58

[block]
# block no. 10 follows, 88 sequences, length 18
# corresponding to MSA columns:
# 539-556
name=unknown_K
#
# <colnr> <probs for GDERKNQSTAVLIFYWHMCP>
#	G	D	E	R	K	N	Q	S	T	A	V	L	I	F	Y	W	H	M	C	P
0	0.28409	0.00764	0.00868	0.03771	0.22742	0.05236	0.00627	0.19365	0.05848	0.01375	0.00649	0.00771	0.00513	0.00348	0.00314	0.00100	0.04079	0.01442	0.02334	0.00444
1	0.04697	0.05785	0.00989	0.12176	0.09775	0.03774	0.00659	0.40593	0.07688	0.07799	0.00763	0.00814	0.00560	0.00366	0.00325	0.00098	0.02098	0.00284	0.00265	0.00492
2	0.00691	0.00655	0.01101	0.26243	0.48217	0.00688	0.03323	0.00881	0.00721	0.00987	0.05536	0.01099	0.07740	0.00362	0.00331	0.00101	0.00371	0.00339	0.00178	0.00435
3	0.02080	0.28860	0.20486	0.00692	0.00994	0.03441	0.04144	0.03430	0.03315	0.26158	0.01907	0.00797	0.00584	0.00338	0.00293	0.00091	0.01430	0.00257	0.00231	0.00472
4	0.00545	0.00316	0.00475	0.07664	0.00587	0.00336	0.00343	0.00480	0.00457	0.00614	0.00636	0.01090	0.00627	0.07267	0.13244	0.64306	0.00377	0.00303	0.00149	0.00183
5	0.00390	0.00326	0.00339	0.00339	0.00442	0.00276	0.00253	0.00478	0.00750	0.00913	0.11488	0.05999	0.75281	0.00809	0.00383	0.00109	0.00163	0.00680	0.00306	0.00276
6	0.00568	0.00630	0.09284	0.00696	0.05947	0.09370	0.05490	0.00698	0.00701	0.00906	0.05632	0.41183	0.04053	0.00788	0.02914	0.00131	0.00320	0.10107	0.00252	0.00328
7	0.02173	0.02182	0.18165	0.33892	0.12845	0.04165	0.05829	0.02368	0.00725	0.11304	0.00661	0.00820	0.00485	0.00328	0.00338	0.00103	0.02721	0.00281	0.00181	0.00434
8	0.00784	0.00752	0.01283	0.09087	0.79649	0.00763	0.00984	0.00978	0.00728	0.01036	0.00605	0.00805	0.00505	0.00291	0.00320	0.00097	0.00388	0.00288	0.00159	0.00499
9	0.00788	0.00756	0.01291	0.07099	0.81603	0.00765	0.00986	0.00982	0.00730	0.01042	0.00606	0.00803	0.00507	0.00290	0.00320	0.00097	0.00387	0.00288	0.00159	0.00503
10	0.02690	0.09857	0.62513	0.03705	0.01376	0.00802	0.10942	0.01022	0.00690	0.02665	0.00586	0.00699	0.00426	0.00302	0.00305	0.00100	0.00462	0.00251	0.00146	0.00461
11	0.00594	0.00558	0.00972	0.39126	0.08572	0.00607	0.14502	0.00788	0.02014	0.00925	0.07705	0.18197	0.03096	0.00487	0.00356	0.00111	0.00366	0.00461	0.00202	0.00361
12	0.03203	0.00519	0.00763	0.23453	0.01146	0.02977	0.05654	0.00834	0.00702	0.10105	0.01127	0.09030	0.01097	0.00722	0.06356	0.00151	0.04175	0.27397	0.00239	0.00351
13	0.00651	0.00711	0.11000	0.58887	0.12764	0.00694	0.00892	0.00871	0.00676	0.03494	0.00761	0.00974	0.05577	0.00348	0.00324	0.00105	0.00409	0.00306	0.00162	0.00393
14	0.00700	0.04444	0.03844	0.39458	0.27870	0.02104	0.04544	0.00903	0.01810	0.02815	0.00707	0.08072	0.00613	0.00368	0.00326	0.00104	0.00396	0.00338	0.00170	0.00414
15	0.00703	0.00725	0.01389	0.33070	0.17364	0.00764	0.34353	0.00928	0.00703	0.00949	0.00635	0.02902	0.00509	0.00321	0.00371	0.00108	0.03295	0.00339	0.00158	0.00415
16	0.85401	0.00609	0.00478	0.00435	0.00628	0.00703	0.00360	0.00933	0.00562	0.01420	0.00527	0.00716	0.00442	0.00336	0.00215	0.00103	0.00253	0.05328	0.00206	0.00347
17	0.00712	0.03511	0.02310	0.27071	0.45705	0.02085	0.02315	0.00903	0.00719	0.00984	0.07711	0.01875	0.00718	0.01630	0.00343	0.00103	0.00381	0.00317	0.00172	0.00435

[dist]
# distance from previous block
# <min> <max>
1	2

[block]
# block no. 11 follows, 88 sequences, length 15
# corresponding to MSA columns:
# 559-573
name=unknown_L
#
# <colnr> <probs for GDERKNQSTAVLIFYWHMCP>
#	G	D	E	R	K	N	Q	S	T	A	V	L	I	F	Y	W	H	M	C	P
0	0.00536	0.00391	0.00483	0.00447	0.00545	0.00384	0.00339	0.00801	0.13788	0.03716	0.69092	0.02211	0.04756	0.00623	0.00372	0.00103	0.00172	0.00546	0.00351	0.00342
1	0.00808	0.00614	0.00941	0.34366	0.21051	0.00645	0.00739	0.02506	0.01948	0.14337	0.00722	0.00872	0.00540	0.00324	0.00319	0.00094	0.01845	0.00281	0.03909	0.13138
2	0.00887	0.03074	0.07933	0.10262	0.06263	0.08120	0.00610	0.02024	0.02335	0.20630	0.00895	0.04701	0.03604	0.00393	0.00355	0.00093	0.06186	0.01543	0.00235	0.19858
3	0.00912	0.65875	0.05744	0.00613	0.00887	0.06218	0.00594	0.10616	0.04249	0.00944	0.00531	0.00587	0.00453	0.00300	0.00235	0.00076	0.00363	0.00199	0.00169	0.00435
4	0.01099	0.00863	0.00896	0.00720	0.00953	0.03903	0.00583	0.57345	0.27026	0.01787	0.00929	0.00899	0.00677	0.00401	0.00324	0.00100	0.00333	0.00310	0.00319	0.00532
5	0.00781	0.00756	0.01308	0.08040	0.73636	0.00760	0.06025	0.00978	0.00729	0.01038	0.00607	0.00805	0.00504	0.00288	0.00322	0.00097	0.00394	0.00291	0.00160	0.02481
6	0.00464	0.00337	0.00472	0.00472	0.00513	0.00378	0.00345	0.00547	0.00505	0.00715	0.00908	0.01508	0.00911	0.26789	0.63141	0.00461	0.00709	0.00381	0.00179	0.00262
7	0.00847	0.00716	0.00755	0.00666	0.00857	0.00824	0.00522	0.10332	0.77361	0.01422	0.01260	0.01161	0.00941	0.00433	0.00328	0.00108	0.00266	0.00358	0.00328	0.00515
8	0.82140	0.00617	0.00502	0.00440	0.00644	0.00700	0.00362	0.01011	0.00587	0.09837	0.00531	0.00581	0.00394	0.00310	0.00212	0.00100	0.00252	0.00190	0.00220	0.00370
9	0.00618	0.00583	0.00984	0.84071	0.05958	0.00720	0.00901	0.00833	0.00650	0.00836	0.00576	0.00859	0.00434	0.00321	0.00323	0.00107	0.00429	0.00287	0.00144	0.00366
10	0.00777	0.00741	0.01256	0.15320	0.68393	0.00770	0.02587	0.02749	0.00734	0.01035	0.00603	0.00808	0.00498	0.00300	0.00336	0.00099	0.02060	0.00289	0.00161	0.00484
11	0.00610	0.00574	0.00969	0.87870	0.02225	0.00718	0.00897	0.00825	0.00646	0.00825	0.00574	0.00861	0.00431	0.00323	0.00323	0.00108	0.00431	0.00287	0.00144	0.00359
12	0.00833	0.00717	0.01033	0.32876	0.27943	0.04064	0.00811	0.14570	0.00836	0.05008	0.00658	0.00830	0.00504	0.00329	0.00328	0.00099	0.01909	0.00284	0.02900	0.03468
13	0.19365	0.02098	0.00687	0.03279	0.05807	0.01684	0.00451	0.03950	0.05931	0.06389	0.00973	0.01018	0.11216	0.00372	0.00303	0.00084	0.03832	0.00284	0.00226	0.32051
14	0.03336	0.00626	0.01005	0.36643	0.16099	0.00720	0.05982	0.00930	0.03047	0.08245	0.02878	0.00939	0.00592	0.03140	0.02593	0.00126	0.12205	0.00309	0.00184	0.00401

[dist]
# distance from previous block
# <min> <max>
0	27

# created by:
# /home/simao/soft/augustus-3.0.3/scripts/msa2prfl.pl ./prep/72882.aln
