[name]
unknown

[dist]
# distance from previous block
# <min> <max>
0	90

[block]
# block no. 0 follows, 70 sequences, length 20
# corresponding to MSA columns:
# 122-136,139-143
name=unknown_A
#
# <colnr> <probs for GDERKNQSTAVLIFYWHMCP>
#	G	D	E	R	K	N	Q	S	T	A	V	L	I	F	Y	W	H	M	C	P
0	0.00875	0.00645	0.00824	0.05685	0.02541	0.02810	0.03251	0.10082	0.06038	0.08782	0.06883	0.11080	0.03073	0.02576	0.00475	0.00142	0.00355	0.24540	0.00341	0.09004
1	0.00888	0.15091	0.08633	0.00949	0.07334	0.02570	0.12981	0.07826	0.06430	0.02405	0.01132	0.05552	0.06331	0.11657	0.01572	0.00152	0.00435	0.00428	0.00248	0.07387
2	0.00583	0.00437	0.00536	0.00581	0.00646	0.00438	0.00407	0.04984	0.10372	0.01153	0.03933	0.67422	0.04856	0.01079	0.00476	0.00151	0.00243	0.00968	0.00367	0.00369
3	0.03352	0.02964	0.02791	0.06309	0.28709	0.10238	0.11501	0.12597	0.02894	0.08569	0.00833	0.00972	0.00637	0.00393	0.00399	0.00117	0.02316	0.00347	0.02203	0.01860
4	0.03722	0.02740	0.17647	0.07281	0.11938	0.02613	0.05720	0.06944	0.06416	0.20764	0.06213	0.04378	0.00956	0.00466	0.00389	0.00122	0.00429	0.00399	0.00301	0.00562
5	0.00578	0.00408	0.00522	0.00510	0.00601	0.00382	0.00379	0.00759	0.03447	0.03555	0.56791	0.15471	0.08265	0.03066	0.00501	0.00137	0.00209	0.03646	0.00405	0.00367
6	0.00569	0.00441	0.00613	0.00637	0.04881	0.00414	0.02971	0.00745	0.02514	0.01358	0.48811	0.19727	0.09878	0.00863	0.00463	0.00132	0.00231	0.03993	0.00385	0.00374
7	0.02460	0.08754	0.07979	0.13784	0.14969	0.05760	0.06637	0.16832	0.05288	0.08618	0.02828	0.01015	0.00711	0.00409	0.00373	0.00116	0.00462	0.00345	0.01114	0.01546
8	0.03018	0.00768	0.03699	0.00852	0.09664	0.03273	0.00622	0.13822	0.09145	0.22126	0.14943	0.02699	0.05685	0.00545	0.00391	0.00119	0.00331	0.00453	0.07303	0.00542
9	0.00514	0.00373	0.00477	0.00536	0.00591	0.00349	0.00390	0.00605	0.00802	0.01050	0.08527	0.44552	0.15430	0.06393	0.00610	0.02368	0.00253	0.15507	0.00352	0.00320
10	0.00983	0.02534	0.24659	0.14510	0.07837	0.16156	0.09290	0.05929	0.08498	0.01233	0.00773	0.00927	0.00590	0.00403	0.00417	0.00122	0.04071	0.00329	0.00211	0.00528
11	0.01025	0.11536	0.04473	0.13483	0.33837	0.04320	0.07333	0.08508	0.02571	0.05879	0.02876	0.00995	0.00686	0.00384	0.00374	0.00115	0.00471	0.00345	0.00229	0.00559
12	0.00569	0.00389	0.00483	0.00506	0.00546	0.00383	0.00344	0.00622	0.00690	0.03062	0.01801	0.25746	0.10747	0.35281	0.06870	0.02908	0.01715	0.06749	0.00294	0.00296
13	0.03385	0.00578	0.00779	0.00649	0.00860	0.00549	0.00519	0.01448	0.03002	0.51069	0.01350	0.01454	0.00989	0.07672	0.23573	0.00277	0.00526	0.00407	0.00379	0.00535
14	0.00917	0.04029	0.00903	0.00635	0.00966	0.06147	0.00512	0.08650	0.00918	0.01340	0.00700	0.00802	0.00574	0.00313	0.00299	0.00067	0.00332	0.00241	0.00240	0.71414
15	0.00743	0.00887	0.18513	0.01942	0.02412	0.02606	0.03550	0.04450	0.06261	0.03542	0.04927	0.34499	0.01524	0.00726	0.00418	0.00128	0.00356	0.00640	0.00297	0.11580
16	0.03485	0.01082	0.09827	0.02976	0.10920	0.03432	0.07430	0.35602	0.03800	0.08820	0.00896	0.00973	0.00655	0.00446	0.00435	0.01611	0.03648	0.00348	0.01246	0.02368
17	0.00517	0.00388	0.00492	0.00553	0.00589	0.02252	0.00381	0.00589	0.00718	0.00955	0.01874	0.61390	0.04034	0.06312	0.14855	0.02168	0.00383	0.00913	0.00319	0.00316
18	0.01730	0.00674	0.00909	0.00697	0.00997	0.00592	0.00576	0.04669	0.01134	0.81411	0.01509	0.01306	0.00949	0.00479	0.00390	0.00120	0.00333	0.00388	0.00477	0.00660
19	0.07426	0.33263	0.43991	0.00879	0.01326	0.01119	0.01035	0.01225	0.00808	0.04761	0.00662	0.00753	0.00509	0.00359	0.00315	0.00108	0.00483	0.00256	0.00184	0.00537

[dist]
# distance from previous block
# <min> <max>
0	1

[block]
# block no. 1 follows, 70 sequences, length 14
# corresponding to MSA columns:
# 145-158
name=unknown_B
#
# <colnr> <probs for GDERKNQSTAVLIFYWHMCP>
#	G	D	E	R	K	N	Q	S	T	A	V	L	I	F	Y	W	H	M	C	P
0	0.02946	0.00998	0.01128	0.00977	0.08513	0.03373	0.00734	0.54072	0.03457	0.16605	0.01012	0.01000	0.00710	0.00451	0.00382	0.00116	0.00413	0.00350	0.00376	0.02387
1	0.00654	0.00343	0.00491	0.00491	0.00491	0.00343	0.00319	0.00515	0.00515	0.00687	0.00768	0.01413	0.00801	0.16036	0.01594	0.73458	0.00343	0.00376	0.00180	0.00180
2	0.01036	0.86609	0.02032	0.00663	0.00995	0.01534	0.00663	0.01161	0.00788	0.00912	0.00539	0.00622	0.00498	0.00332	0.00249	0.00083	0.00415	0.00207	0.00166	0.00498
3	0.01448	0.01848	0.01099	0.00999	0.01199	0.84819	0.00749	0.01548	0.01099	0.00949	0.00599	0.00699	0.00499	0.00400	0.00350	0.00100	0.00699	0.00250	0.00200	0.00449
4	0.00708	0.00564	0.00656	0.00603	0.00744	0.00595	0.00461	0.01241	0.32602	0.01580	0.52242	0.02340	0.02709	0.00690	0.00433	0.00126	0.00230	0.00600	0.00414	0.00461
5	0.89114	0.00750	0.00570	0.00510	0.00750	0.00870	0.00420	0.01140	0.00660	0.01739	0.00540	0.00630	0.00420	0.00360	0.00240	0.00120	0.00300	0.00210	0.00240	0.00420
6	0.00492	0.00360	0.00469	0.00535	0.00581	0.00328	0.00363	0.00569	0.00760	0.01021	0.04175	0.76394	0.05449	0.01145	0.00481	0.00150	0.00226	0.01034	0.00354	0.05114
7	0.00485	0.00359	0.00474	0.00550	0.00577	0.00348	0.00374	0.00555	0.00744	0.00991	0.02174	0.78494	0.06895	0.01182	0.00522	0.00156	0.03388	0.01058	0.00353	0.00320
8	0.00514	0.00402	0.00532	0.00523	0.00615	0.00363	0.03569	0.00643	0.00919	0.01224	0.32686	0.29620	0.25032	0.00961	0.00470	0.00136	0.00218	0.00851	0.00378	0.00345
9	0.05521	0.15023	0.58689	0.01030	0.01520	0.04870	0.05795	0.01228	0.00824	0.01194	0.00664	0.00785	0.00494	0.00361	0.00347	0.00116	0.00544	0.00278	0.00172	0.00545
10	0.01123	0.00777	0.00808	0.00632	0.00906	0.09495	0.00503	0.06570	0.00975	0.20928	0.00989	0.01029	0.00732	0.00383	0.00322	0.00086	0.00332	0.00299	0.14937	0.38172
11	0.01071	0.02159	0.00945	0.02080	0.01029	0.00843	0.00595	0.32809	0.08980	0.03816	0.01083	0.03096	0.04034	0.02244	0.02673	0.00121	0.01894	0.01576	0.00320	0.28633
12	0.02283	0.03789	0.08929	0.03060	0.03950	0.05970	0.00644	0.08644	0.09839	0.07820	0.07683	0.03547	0.01076	0.10315	0.05148	0.00167	0.02015	0.00399	0.00286	0.14436
13	0.04473	0.10325	0.07004	0.04339	0.02768	0.11011	0.03175	0.09314	0.03676	0.03517	0.04110	0.02060	0.02819	0.00405	0.00335	0.00096	0.00402	0.00318	0.02896	0.26957

[dist]
# distance from previous block
# <min> <max>
2	10

[block]
# block no. 2 follows, 70 sequences, length 21
# corresponding to MSA columns:
# 171-191
name=unknown_C
#
# <colnr> <probs for GDERKNQSTAVLIFYWHMCP>
#	G	D	E	R	K	N	Q	S	T	A	V	L	I	F	Y	W	H	M	C	P
0	0.01060	0.02387	0.01219	0.09767	0.18614	0.16177	0.06419	0.10520	0.07147	0.03542	0.03797	0.01055	0.00761	0.00418	0.00402	0.00111	0.03160	0.01236	0.01458	0.10749
1	0.03746	0.00901	0.01189	0.12339	0.24690	0.04544	0.03478	0.13264	0.21416	0.01495	0.05401	0.01167	0.00897	0.00450	0.00417	0.00123	0.03257	0.00383	0.00282	0.00561
2	0.00533	0.00390	0.00480	0.00480	0.00573	0.00351	0.00355	0.00669	0.00963	0.02892	0.41922	0.19459	0.25792	0.00929	0.00465	0.00133	0.00202	0.02667	0.00394	0.00351
3	0.00511	0.00358	0.00468	0.00544	0.00574	0.00342	0.00377	0.00587	0.00740	0.00989	0.01981	0.61630	0.02327	0.12967	0.00700	0.00189	0.00263	0.12000	0.02143	0.00311
4	0.00478	0.00344	0.00453	0.00530	0.00562	0.00319	0.00358	0.00555	0.00775	0.01036	0.08568	0.76497	0.05742	0.01173	0.00491	0.00154	0.00221	0.01060	0.00365	0.00319
5	0.01035	0.00817	0.00879	0.00780	0.01006	0.00928	0.00610	0.02044	0.75746	0.09174	0.01573	0.01435	0.01163	0.00522	0.00394	0.00130	0.00309	0.00434	0.00402	0.00618
6	0.01081	0.01286	0.00846	0.00780	0.00947	0.52188	0.00585	0.01194	0.01050	0.01069	0.14875	0.01734	0.19634	0.00594	0.00391	0.00110	0.00503	0.00450	0.00273	0.00409
7	0.01036	0.86609	0.02032	0.00663	0.00995	0.01534	0.00663	0.01161	0.00788	0.00912	0.00539	0.00622	0.00498	0.00332	0.00249	0.00083	0.00415	0.00207	0.00166	0.00498
8	0.00475	0.00340	0.00452	0.00538	0.00563	0.00317	0.00360	0.00547	0.00756	0.01011	0.05209	0.82990	0.02605	0.01199	0.00493	0.00156	0.00223	0.01087	0.00362	0.00317
9	0.00965	0.00828	0.00872	0.00782	0.01001	0.00954	0.00609	0.04112	0.79079	0.01629	0.01620	0.01490	0.03243	0.00536	0.00396	0.00131	0.00307	0.00446	0.00393	0.00608
10	0.04220	0.03205	0.36651	0.02334	0.10457	0.02015	0.01006	0.05191	0.08324	0.05951	0.02724	0.01015	0.00715	0.00592	0.06949	0.00155	0.00508	0.00326	0.00234	0.07428
11	0.02670	0.14096	0.12408	0.03852	0.03624	0.03629	0.07096	0.13258	0.04304	0.27161	0.01001	0.01007	0.00703	0.00413	0.00364	0.00113	0.00434	0.00334	0.00312	0.03219
12	0.00549	0.00396	0.00518	0.00488	0.00579	0.00366	0.00366	0.00732	0.01097	0.01555	0.83752	0.02896	0.03658	0.00793	0.00457	0.00122	0.00183	0.00701	0.00427	0.00366
13	0.01013	0.00494	0.00663	0.00618	0.00775	0.00453	0.00497	0.01163	0.00969	0.32264	0.12704	0.16680	0.01907	0.00789	0.00443	0.00139	0.00288	0.20432	0.07244	0.00465
14	0.01001	0.26010	0.18935	0.02758	0.07520	0.05586	0.12768	0.02818	0.00897	0.08686	0.03384	0.03847	0.00783	0.00427	0.00362	0.00113	0.00481	0.02872	0.00227	0.00525
15	0.00794	0.07247	0.79266	0.01078	0.01636	0.00940	0.01385	0.01224	0.00817	0.01208	0.00686	0.00806	0.00491	0.00366	0.00361	0.00120	0.00563	0.00282	0.00164	0.00568
16	0.04148	0.00657	0.00862	0.00670	0.00954	0.00584	0.00551	0.04837	0.01110	0.71902	0.03596	0.01463	0.05818	0.00513	0.00391	0.00121	0.00321	0.00416	0.00461	0.00626
17	0.00520	0.00495	0.05300	0.02164	0.03296	0.00395	0.00439	0.00654	0.00878	0.01138	0.16758	0.24793	0.38293	0.00945	0.00460	0.00136	0.00241	0.02389	0.00351	0.00356
18	0.02500	0.09247	0.18577	0.06187	0.07178	0.03526	0.09610	0.13840	0.01059	0.21362	0.00988	0.01036	0.02303	0.00415	0.00376	0.00117	0.00467	0.00348	0.00287	0.00578
19	0.00914	0.02187	0.04412	0.10117	0.25527	0.05210	0.10115	0.06984	0.03340	0.04441	0.02906	0.11431	0.04121	0.02122	0.00469	0.01174	0.02087	0.01684	0.00255	0.00506
20	0.16277	0.08885	0.04700	0.06905	0.25901	0.10998	0.04877	0.07346	0.00923	0.02991	0.00691	0.00839	0.00551	0.00364	0.00340	0.00110	0.00458	0.00294	0.00219	0.06332

[dist]
# distance from previous block
# <min> <max>
0	2

[block]
# block no. 3 follows, 70 sequences, length 22
# corresponding to MSA columns:
# 194-215
name=unknown_D
#
# <colnr> <probs for GDERKNQSTAVLIFYWHMCP>
#	G	D	E	R	K	N	Q	S	T	A	V	L	I	F	Y	W	H	M	C	P
0	0.01054	0.07367	0.00756	0.00564	0.00751	0.02008	0.00455	0.04669	0.04860	0.25537	0.19201	0.02688	0.02701	0.00544	0.00362	0.00110	0.00269	0.00448	0.25173	0.00485
1	0.08301	0.25879	0.05578	0.00958	0.06013	0.23364	0.04756	0.18388	0.01090	0.01363	0.00668	0.00758	0.00537	0.00382	0.00328	0.00104	0.00505	0.00273	0.00230	0.00524
2	0.00586	0.00401	0.00523	0.00560	0.00634	0.00378	0.00418	0.02211	0.00889	0.04518	0.19930	0.41105	0.08440	0.02346	0.00508	0.00153	0.00248	0.15422	0.00377	0.00353
3	0.00543	0.00409	0.00436	0.00420	0.00557	0.00346	0.00318	0.00653	0.00920	0.05971	0.12392	0.03500	0.70312	0.00932	0.00454	0.00129	0.00203	0.00781	0.00374	0.00351
4	0.00492	0.00374	0.00456	0.00479	0.00558	0.00338	0.00343	0.00605	0.00890	0.01173	0.26823	0.33106	0.28968	0.01053	0.02383	0.00149	0.00222	0.00877	0.00376	0.00335
5	0.01471	0.00885	0.01017	0.00794	0.01081	0.00926	0.00651	0.45125	0.07483	0.29531	0.06025	0.01213	0.00973	0.00494	0.00393	0.00119	0.00371	0.00390	0.00421	0.00639
6	0.00554	0.00415	0.00623	0.00623	0.00692	0.00485	0.00485	0.00692	0.00623	0.00900	0.01038	0.01523	0.00969	0.02908	0.84839	0.00623	0.01038	0.00415	0.00208	0.00346
7	0.00848	0.00848	0.01187	0.01018	0.01018	0.01187	0.00848	0.00933	0.00594	0.00933	0.00509	0.00848	0.00509	0.00679	0.01272	0.00170	0.85666	0.00339	0.00170	0.00424
8	0.00804	0.00689	0.00804	0.00574	0.00919	0.00517	0.00459	0.00976	0.00804	0.01263	0.00689	0.00804	0.00574	0.00287	0.00287	0.00057	0.00287	0.00230	0.00230	0.88745
9	0.00680	0.00570	0.00620	0.00515	0.00711	0.02761	0.00378	0.00807	0.02384	0.01081	0.01564	0.06314	0.17761	0.21055	0.00739	0.00156	0.00298	0.00479	0.00267	0.40857
10	0.00466	0.00388	0.00407	0.00412	0.00531	0.00329	0.00306	0.00569	0.00889	0.01082	0.10002	0.10533	0.70780	0.00986	0.00461	0.00132	0.00198	0.00833	0.00365	0.00329
11	0.00564	0.00376	0.00423	0.00423	0.00423	0.00376	0.00235	0.00564	0.00564	0.00752	0.01222	0.02537	0.01409	0.86375	0.01973	0.00376	0.00376	0.00564	0.00235	0.00235
12	0.02977	0.00723	0.01075	0.36869	0.06788	0.00754	0.03847	0.05879	0.00914	0.12985	0.04702	0.01094	0.00753	0.00398	0.00369	0.00111	0.00419	0.00345	0.00256	0.18743
13	0.26791	0.00790	0.00824	0.00638	0.00934	0.00779	0.00521	0.17752	0.00984	0.06847	0.00743	0.00812	0.00569	0.00366	0.00324	0.00094	0.02338	0.00261	0.00279	0.37354
14	0.00534	0.00355	0.00470	0.00524	0.00556	0.00337	0.00362	0.00561	0.00710	0.00935	0.03429	0.46915	0.08857	0.07856	0.00821	0.18480	0.00267	0.07435	0.00312	0.00284
15	0.00973	0.00954	0.01515	0.05954	0.74327	0.04992	0.01149	0.01219	0.02886	0.01248	0.00742	0.00962	0.00618	0.00354	0.00383	0.00115	0.00471	0.00343	0.00196	0.00598
16	0.01083	0.00860	0.01126	0.33362	0.06666	0.02447	0.00861	0.29723	0.05157	0.06175	0.00881	0.01082	0.00669	0.04245	0.00493	0.00135	0.03859	0.00361	0.00280	0.00535
17	0.00478	0.00367	0.00433	0.00472	0.00544	0.00327	0.00330	0.00567	0.00829	0.01063	0.11267	0.41759	0.35017	0.04040	0.00528	0.00151	0.00214	0.00929	0.00363	0.00322
18	0.00997	0.09237	0.01016	0.05791	0.01102	0.06851	0.00647	0.07469	0.53146	0.01512	0.05585	0.02802	0.01145	0.00512	0.00381	0.00123	0.00358	0.00416	0.00346	0.00565
19	0.04766	0.03105	0.01076	0.00844	0.01060	0.05181	0.18197	0.06585	0.04726	0.03094	0.01093	0.16669	0.01061	0.04117	0.00583	0.09661	0.00403	0.02747	0.00265	0.14766
20	0.02856	0.06262	0.04294	0.04956	0.22411	0.07599	0.04458	0.13542	0.01017	0.12973	0.00883	0.02508	0.00693	0.00519	0.01959	0.04809	0.03919	0.00351	0.03454	0.00539
21	0.01133	0.31633	0.01398	0.04563	0.02637	0.08315	0.00703	0.17279	0.17823	0.04141	0.02344	0.00955	0.00744	0.00435	0.00377	0.00109	0.04275	0.00315	0.00275	0.00548

[dist]
# distance from previous block
# <min> <max>
0	1

[block]
# block no. 4 follows, 70 sequences, length 38
# corresponding to MSA columns:
# 217-254
name=unknown_E
#
# <colnr> <probs for GDERKNQSTAVLIFYWHMCP>
#	G	D	E	R	K	N	Q	S	T	A	V	L	I	F	Y	W	H	M	C	P
0	0.00818	0.00553	0.00687	0.00581	0.00739	0.00516	0.00432	0.07885	0.06272	0.02917	0.04329	0.01155	0.00819	0.02025	0.00901	0.40890	0.00321	0.00331	0.00240	0.27588
1	0.00907	0.00932	0.01788	0.03501	0.43938	0.00907	0.34281	0.01167	0.00885	0.01234	0.00838	0.06241	0.00722	0.00392	0.00421	0.00124	0.00526	0.00438	0.00204	0.00555
2	0.00873	0.01395	0.34538	0.01294	0.01696	0.00987	0.34286	0.04307	0.02221	0.01244	0.00728	0.00930	0.00551	0.00402	0.00535	0.00133	0.12786	0.00368	0.00190	0.00535
3	0.02479	0.04347	0.06404	0.43997	0.06358	0.01883	0.08015	0.02160	0.03280	0.13637	0.00876	0.02481	0.00651	0.00410	0.00385	0.00124	0.00480	0.00364	0.01168	0.00500
4	0.00849	0.00662	0.00712	0.00640	0.00808	0.02122	0.00495	0.26836	0.07630	0.01543	0.05118	0.21856	0.25399	0.00822	0.00439	0.00133	0.00297	0.02812	0.00371	0.00457
5	0.00761	0.00431	0.00560	0.00535	0.00652	0.00387	0.00398	0.00888	0.00956	0.18565	0.29833	0.30144	0.12582	0.00890	0.00456	0.00134	0.00229	0.00783	0.00408	0.00406
6	0.02167	0.00458	0.00543	0.00527	0.00644	0.00430	0.00391	0.07246	0.00966	0.08265	0.17689	0.31090	0.26247	0.00932	0.00455	0.00136	0.00235	0.00809	0.00383	0.00386
7	0.00872	0.02993	0.01385	0.34794	0.32297	0.02298	0.08290	0.02687	0.00859	0.02918	0.00832	0.04246	0.01750	0.00444	0.01609	0.00130	0.00495	0.00387	0.00203	0.00511
8	0.00841	0.00429	0.00544	0.00535	0.00643	0.00398	0.00392	0.02067	0.00868	0.20357	0.03918	0.42723	0.01817	0.00839	0.00414	0.00131	0.00240	0.00738	0.21692	0.00412
9	0.00842	0.00474	0.00585	0.00549	0.00692	0.00429	0.00413	0.03618	0.02641	0.22580	0.06423	0.31373	0.26049	0.00897	0.00450	0.00136	0.00250	0.00777	0.00396	0.00427
10	0.02738	0.01365	0.36339	0.04928	0.05630	0.00888	0.21784	0.06471	0.00949	0.13881	0.00858	0.00972	0.00603	0.00380	0.00395	0.00124	0.00534	0.00353	0.00237	0.00572
11	0.01209	0.01355	0.12367	0.04993	0.10438	0.31393	0.02602	0.05854	0.00988	0.11723	0.00766	0.00889	0.00589	0.00470	0.01607	0.00126	0.11568	0.00311	0.00235	0.00519
12	0.46491	0.03910	0.02010	0.23907	0.07865	0.04099	0.01836	0.03649	0.00772	0.01446	0.00615	0.00786	0.00478	0.00370	0.00305	0.00120	0.00403	0.00267	0.00216	0.00453
13	0.00479	0.00394	0.00422	0.00423	0.00544	0.00338	0.00319	0.00593	0.00915	0.01131	0.16448	0.05123	0.66583	0.00959	0.00462	0.00132	0.00201	0.03829	0.00370	0.00334
14	0.12616	0.00832	0.00961	0.00748	0.01038	0.00852	0.00618	0.31607	0.01307	0.42144	0.01165	0.01081	0.00773	0.00463	0.00386	0.00120	0.01902	0.00351	0.00410	0.00625
15	0.00522	0.00389	0.00486	0.00475	0.00566	0.00353	0.00351	0.00676	0.01016	0.01392	0.59028	0.12334	0.19227	0.00877	0.00462	0.00128	0.00190	0.00769	0.00406	0.00353
16	0.00555	0.00411	0.00600	0.00600	0.00661	0.00472	0.00455	0.00677	0.00616	0.00883	0.01060	0.01642	0.01021	0.12677	0.75140	0.00594	0.00961	0.00433	0.00211	0.00333
17	0.01387	0.00980	0.01053	0.00818	0.01100	0.01075	0.00672	0.69672	0.01672	0.04990	0.00993	0.01009	0.00711	0.00464	0.00373	0.00113	0.00392	0.00352	0.11551	0.00622
18	0.00804	0.00689	0.00804	0.00574	0.00919	0.00517	0.00459	0.00976	0.00804	0.01263	0.00689	0.00804	0.00574	0.00287	0.00287	0.00057	0.00287	0.00230	0.00230	0.88745
19	0.00848	0.00848	0.01187	0.01018	0.01018	0.01187	0.00848	0.00933	0.00594	0.00933	0.00509	0.00848	0.00509	0.00679	0.01272	0.00170	0.85666	0.00339	0.00170	0.00424
20	0.00964	0.00833	0.00877	0.00789	0.01008	0.00964	0.00614	0.02060	0.83257	0.01622	0.01578	0.01446	0.01183	0.00526	0.00394	0.00131	0.00307	0.00438	0.00394	0.00614
21	0.01603	0.00778	0.00957	0.00739	0.01034	0.00756	0.00609	0.25854	0.02694	0.55314	0.01394	0.01256	0.02492	0.00486	0.00388	0.00119	0.00353	0.00386	0.02142	0.00647
22	0.00582	0.00375	0.00504	0.00508	0.00559	0.00372	0.00363	0.00647	0.00775	0.01095	0.26853	0.12595	0.03025	0.08432	0.13464	0.20496	0.00371	0.02279	0.06404	0.00299
23	0.01036	0.86609	0.02032	0.00663	0.00995	0.01534	0.00663	0.01161	0.00788	0.00912	0.00539	0.00622	0.00498	0.00332	0.00249	0.00083	0.00415	0.00207	0.00166	0.00498
24	0.01557	0.00773	0.00928	0.00752	0.02767	0.04137	0.00599	0.17231	0.02403	0.54995	0.02699	0.01249	0.00926	0.00475	0.00380	0.00116	0.00353	0.00379	0.06657	0.00624
25	0.01005	0.00563	0.00729	0.00685	0.05014	0.00536	0.00501	0.01293	0.12197	0.28140	0.30853	0.06985	0.06224	0.00658	0.00421	0.00124	0.00264	0.00568	0.02740	0.00502
26	0.00898	0.01933	0.07253	0.07281	0.14252	0.04752	0.03026	0.07442	0.03214	0.02813	0.02475	0.01147	0.06130	0.01623	0.01471	0.00107	0.00400	0.00340	0.00245	0.33200
27	0.53159	0.03486	0.04704	0.02099	0.01020	0.15209	0.07205	0.01219	0.00778	0.03055	0.00647	0.00756	0.01680	0.00386	0.00325	0.00118	0.03223	0.00259	0.00227	0.00446
28	0.86828	0.00747	0.00578	0.00515	0.00756	0.00862	0.00424	0.01159	0.00672	0.03897	0.00566	0.00648	0.00434	0.00363	0.00244	0.00120	0.00301	0.00215	0.00246	0.00426
29	0.00535	0.00394	0.00504	0.00504	0.00592	0.00363	0.00382	0.00692	0.01005	0.01379	0.55042	0.13218	0.14079	0.00897	0.00470	0.00133	0.00207	0.08849	0.00403	0.00354
30	0.04641	0.01664	0.01053	0.00946	0.01156	0.70932	0.00716	0.01586	0.05361	0.07398	0.00719	0.00783	0.00567	0.00411	0.00351	0.00104	0.00636	0.00269	0.00233	0.00473
31	0.01101	0.68108	0.01813	0.00711	0.01022	0.08982	0.00669	0.04378	0.06370	0.02823	0.00650	0.00711	0.00560	0.00359	0.00276	0.00090	0.00432	0.00236	0.00199	0.00511
32	0.00676	0.00385	0.02929	0.00522	0.00539	0.00353	0.00368	0.00526	0.00514	0.00689	0.00674	0.01168	0.00668	0.01319	0.01482	0.86160	0.00344	0.00335	0.00168	0.00180
33	0.00472	0.00337	0.00450	0.00540	0.00562	0.00315	0.00360	0.00540	0.00742	0.00990	0.02137	0.86122	0.02564	0.01215	0.00495	0.00157	0.00225	0.01102	0.00360	0.00315
34	0.06652	0.00589	0.00736	0.00601	0.00829	0.00542	0.00484	0.04054	0.02109	0.48171	0.13220	0.02919	0.07250	0.00561	0.00384	0.00119	0.00284	0.00460	0.09491	0.00544
35	0.07200	0.19722	0.08185	0.03875	0.21009	0.03878	0.05385	0.16790	0.01014	0.02414	0.00757	0.02658	0.00626	0.01264	0.02511	0.00127	0.01484	0.00325	0.00232	0.00546
36	0.29754	0.00649	0.00670	0.00569	0.00792	0.00664	0.00459	0.07966	0.03252	0.21035	0.07191	0.02700	0.10976	0.00532	0.00344	0.00118	0.00287	0.01353	0.07322	0.03367
37	0.00595	0.00384	0.00482	0.00499	0.00557	0.00360	0.00341	0.00681	0.00806	0.06260	0.18292	0.35420	0.07755	0.21797	0.00834	0.00198	0.00259	0.01954	0.02195	0.00330

[dist]
# distance from previous block
# <min> <max>
12	101

[block]
# block no. 5 follows, 70 sequences, length 8
# corresponding to MSA columns:
# 382-389
name=unknown_F
#
# <colnr> <probs for GDERKNQSTAVLIFYWHMCP>
#	G	D	E	R	K	N	Q	S	T	A	V	L	I	F	Y	W	H	M	C	P
0	0.03544	0.08548	0.06059	0.02609	0.03938	0.10308	0.01808	0.02531	0.00842	0.04633	0.08414	0.15521	0.03852	0.11247	0.02877	0.00170	0.06241	0.04111	0.00271	0.02473
1	0.10796	0.03517	0.14163	0.00740	0.02142	0.02365	0.01958	0.07305	0.05483	0.07585	0.02321	0.10484	0.07034	0.02061	0.00427	0.00120	0.03830	0.00434	0.03051	0.14185
2	0.24619	0.10914	0.06420	0.05740	0.03536	0.07207	0.02260	0.07611	0.02930	0.06889	0.00931	0.10419	0.02019	0.00540	0.01583	0.00129	0.05136	0.00382	0.00259	0.00475
3	0.12433	0.00751	0.02346	0.00695	0.00913	0.03998	0.02111	0.05013	0.18974	0.23821	0.08691	0.01476	0.04427	0.03480	0.03751	0.00151	0.03209	0.00419	0.02815	0.00524
4	0.89114	0.00750	0.00570	0.00510	0.00750	0.00870	0.00420	0.01140	0.00660	0.01739	0.00540	0.00630	0.00420	0.00360	0.00240	0.00120	0.00300	0.00210	0.00240	0.00420
5	0.10431	0.00571	0.00761	0.00695	0.00858	0.00587	0.04318	0.06269	0.00878	0.13224	0.03289	0.05318	0.01320	0.03379	0.22447	0.00272	0.00532	0.21390	0.00313	0.03146
6	0.81398	0.00744	0.00622	0.07924	0.00917	0.00869	0.00477	0.01127	0.00670	0.01674	0.00553	0.00665	0.00428	0.00362	0.00253	0.00121	0.00319	0.00222	0.00234	0.00421
7	0.00777	0.00668	0.01107	0.75682	0.02453	0.00814	0.01007	0.01019	0.00793	0.05932	0.00820	0.05791	0.00657	0.00439	0.00394	0.00130	0.00489	0.00389	0.00201	0.00438

[dist]
# distance from previous block
# <min> <max>
6	9

[block]
# block no. 6 follows, 70 sequences, length 13
# corresponding to MSA columns:
# 400-412
name=unknown_G
#
# <colnr> <probs for GDERKNQSTAVLIFYWHMCP>
#	G	D	E	R	K	N	Q	S	T	A	V	L	I	F	Y	W	H	M	C	P
0	0.03251	0.04876	0.03512	0.00809	0.03904	0.00918	0.00649	0.26456	0.18986	0.01680	0.00957	0.01003	0.00738	0.00509	0.03562	0.00122	0.01931	0.00325	0.00306	0.25505
1	0.00547	0.00415	0.03020	0.00532	0.00597	0.00354	0.00384	0.00632	0.00789	0.04051	0.10592	0.54527	0.10781	0.07537	0.00621	0.02776	0.00247	0.00917	0.00350	0.00331
2	0.13776	0.02966	0.06428	0.08310	0.07340	0.08533	0.05706	0.14646	0.04413	0.13734	0.00865	0.00936	0.00633	0.00397	0.00353	0.00112	0.00433	0.00316	0.00282	0.09821
3	0.00946	0.14070	0.22302	0.04496	0.03472	0.04124	0.09673	0.03573	0.12337	0.07038	0.02438	0.04658	0.02936	0.00480	0.00412	0.00122	0.03547	0.02593	0.00253	0.00529
4	0.00813	0.00451	0.00570	0.00541	0.00679	0.00402	0.00417	0.00940	0.00942	0.21600	0.15367	0.20618	0.23828	0.00872	0.00451	0.00136	0.00247	0.08026	0.02684	0.00416
5	0.00575	0.00413	0.00488	0.00468	0.00585	0.00369	0.00351	0.00733	0.02634	0.05536	0.39589	0.08209	0.36873	0.00876	0.00455	0.00128	0.00201	0.00753	0.00397	0.00367
6	0.03551	0.16651	0.17398	0.03085	0.07720	0.05861	0.13248	0.07472	0.04149	0.08849	0.02153	0.02205	0.01879	0.00419	0.00400	0.00117	0.03716	0.00348	0.00241	0.00540
7	0.00973	0.00882	0.01145	0.38384	0.05187	0.12126	0.06289	0.10105	0.00973	0.06790	0.02372	0.08407	0.00835	0.00495	0.00413	0.00127	0.01706	0.02069	0.00247	0.00475
8	0.00535	0.00394	0.00481	0.00483	0.00581	0.00357	0.00361	0.00666	0.00937	0.03056	0.33649	0.16649	0.31379	0.01014	0.03660	0.00152	0.00238	0.04677	0.00382	0.00349
9	0.03521	0.00845	0.01382	0.01788	0.52339	0.00826	0.06043	0.03192	0.00956	0.19145	0.03462	0.01173	0.00814	0.00407	0.00392	0.00119	0.00428	0.02299	0.00271	0.00600
10	0.04548	0.05139	0.10708	0.07543	0.25639	0.00939	0.08444	0.13789	0.04880	0.11759	0.00890	0.00999	0.00661	0.00395	0.00377	0.00118	0.00453	0.00348	0.01788	0.00583
11	0.14691	0.00839	0.00972	0.03433	0.05825	0.07669	0.01772	0.04943	0.05496	0.07568	0.03090	0.06996	0.00846	0.02740	0.01807	0.00151	0.28846	0.00394	0.01459	0.00462
12	0.00617	0.00458	0.00555	0.00588	0.00671	0.00463	0.00421	0.00910	0.17894	0.03527	0.06280	0.55108	0.07177	0.01012	0.00468	0.00148	0.00244	0.02695	0.00374	0.00391

[dist]
# distance from previous block
# <min> <max>
13	30

[block]
# block no. 7 follows, 70 sequences, length 17
# corresponding to MSA columns:
# 451-467
name=unknown_H
#
# <colnr> <probs for GDERKNQSTAVLIFYWHMCP>
#	G	D	E	R	K	N	Q	S	T	A	V	L	I	F	Y	W	H	M	C	P
0	0.00943	0.02978	0.06174	0.03403	0.11238	0.03589	0.04660	0.14365	0.14958	0.01438	0.02165	0.08900	0.00993	0.01638	0.00448	0.00123	0.04083	0.04283	0.00287	0.13335
1	0.00494	0.00392	0.00443	0.00434	0.00546	0.00342	0.00324	0.00624	0.00962	0.01242	0.34849	0.06129	0.50012	0.00916	0.00459	0.00128	0.00192	0.00782	0.00386	0.00342
2	0.00988	0.03409	0.06948	0.23671	0.22674	0.02116	0.09563	0.18077	0.03386	0.01421	0.00797	0.01009	0.00618	0.01962	0.00416	0.00125	0.00488	0.00355	0.01428	0.00547
3	0.01065	0.00869	0.00996	0.02111	0.11494	0.02882	0.00695	0.22481	0.36637	0.02906	0.08188	0.01407	0.01172	0.00513	0.00394	0.00123	0.00356	0.01994	0.03130	0.00586
4	0.00614	0.00413	0.00516	0.00482	0.00590	0.00375	0.00361	0.00767	0.01017	0.07174	0.55657	0.02911	0.19664	0.05484	0.02142	0.00147	0.00223	0.00690	0.00402	0.00371
5	0.22288	0.00699	0.00833	0.00656	0.00942	0.00668	0.00542	0.05207	0.01035	0.61278	0.01271	0.01140	0.00820	0.00451	0.00354	0.00120	0.00327	0.00346	0.00419	0.00603
6	0.00585	0.00398	0.00506	0.00521	0.00605	0.00368	0.00378	0.00728	0.02904	0.05972	0.29729	0.37611	0.14021	0.00978	0.00470	0.00140	0.00219	0.03116	0.00390	0.00362
7	0.00706	0.00365	0.00376	0.00373	0.00464	0.00362	0.00280	0.00887	0.00840	0.01456	0.08956	0.01581	0.01242	0.00483	0.00288	0.00093	0.00181	0.00393	0.80313	0.00362
8	0.01627	0.00663	0.00888	0.00676	0.00981	0.00563	0.00556	0.01779	0.01073	0.74229	0.01428	0.01257	0.00913	0.00457	0.00377	0.00112	0.00325	0.00371	0.00450	0.11274
9	0.89114	0.00750	0.00570	0.00510	0.00750	0.00870	0.00420	0.01140	0.00660	0.01739	0.00540	0.00630	0.00420	0.00360	0.00240	0.00120	0.00300	0.00210	0.00240	0.00420
10	0.01490	0.01059	0.01147	0.00879	0.01189	0.01163	0.00726	0.77624	0.01778	0.07547	0.00968	0.00955	0.00678	0.00466	0.00388	0.00117	0.00421	0.00352	0.00394	0.00659
11	0.89114	0.00750	0.00570	0.00510	0.00750	0.00870	0.00420	0.01140	0.00660	0.01739	0.00540	0.00630	0.00420	0.00360	0.00240	0.00120	0.00300	0.00210	0.00240	0.00420
12	0.20329	0.00852	0.00918	0.00732	0.01001	0.00914	0.00600	0.38199	0.02825	0.20621	0.03394	0.01047	0.00784	0.00564	0.03394	0.02155	0.00388	0.00342	0.00367	0.00576
13	0.13502	0.08464	0.01141	0.00812	0.01110	0.01164	0.00679	0.59701	0.04609	0.03816	0.00879	0.00889	0.00638	0.00442	0.00356	0.00115	0.00402	0.00322	0.00350	0.00611
14	0.00533	0.00391	0.00501	0.00492	0.00580	0.00359	0.00367	0.00694	0.01027	0.01423	0.63233	0.12691	0.11650	0.00871	0.00464	0.00129	0.00195	0.03633	0.00410	0.00356
15	0.00496	0.00349	0.00444	0.00509	0.00537	0.00328	0.00336	0.00561	0.00736	0.00989	0.05565	0.64069	0.05349	0.14891	0.00725	0.00189	0.00245	0.00970	0.02408	0.00306
16	0.02552	0.00926	0.01373	0.08599	0.36418	0.07409	0.11254	0.08706	0.02487	0.03049	0.00957	0.03727	0.00847	0.00474	0.00409	0.00126	0.00478	0.09426	0.00243	0.00539

[dist]
# distance from previous block
# <min> <max>
2	7

[block]
# block no. 8 follows, 70 sequences, length 40
# corresponding to MSA columns:
# 479-499,503-521
name=unknown_I
#
# <colnr> <probs for GDERKNQSTAVLIFYWHMCP>
#	G	D	E	R	K	N	Q	S	T	A	V	L	I	F	Y	W	H	M	C	P
0	0.08756	0.20908	0.12273	0.03445	0.18387	0.01009	0.02288	0.06440	0.03871	0.02465	0.03834	0.03370	0.02244	0.00425	0.00375	0.00111	0.03664	0.00336	0.00228	0.05569
1	0.01322	0.00593	0.00777	0.00619	0.00859	0.00520	0.00497	0.03290	0.01070	0.52173	0.18708	0.01694	0.03230	0.03100	0.00441	0.00123	0.00292	0.00456	0.03269	0.06967
2	0.03392	0.80155	0.06026	0.00681	0.01022	0.01485	0.00694	0.01164	0.00786	0.00950	0.00547	0.00632	0.00495	0.00334	0.00254	0.00086	0.00419	0.00211	0.00168	0.00499
3	0.00533	0.00363	0.00485	0.00553	0.00597	0.00339	0.00388	0.00624	0.00804	0.03739	0.10909	0.68054	0.02605	0.01134	0.00491	0.00154	0.00234	0.07289	0.00371	0.00335
4	0.00529	0.00391	0.00544	0.00565	0.00620	0.00422	0.00414	0.00632	0.00662	0.00914	0.01510	0.21863	0.06855	0.11907	0.49802	0.00452	0.00714	0.00622	0.00257	0.00325
5	0.00509	0.00370	0.00470	0.00501	0.00553	0.00352	0.00346	0.00603	0.00806	0.01087	0.21294	0.37642	0.12004	0.13581	0.07861	0.00217	0.00303	0.00838	0.00345	0.00319
6	0.00986	0.00843	0.00889	0.00793	0.01016	0.00974	0.00619	0.05461	0.79821	0.01656	0.01551	0.01425	0.01161	0.00523	0.00394	0.00131	0.00312	0.00435	0.00394	0.00616
7	0.89114	0.00750	0.00570	0.00510	0.00750	0.00870	0.00420	0.01140	0.00660	0.01739	0.00540	0.00630	0.00420	0.00360	0.00240	0.00120	0.00300	0.00210	0.00240	0.00420
8	0.03410	0.01968	0.81870	0.01087	0.01650	0.00899	0.01402	0.01225	0.00814	0.01243	0.00691	0.00813	0.00489	0.00368	0.00364	0.00123	0.00565	0.00284	0.00166	0.00568
9	0.00602	0.00436	0.00593	0.00672	0.00752	0.00436	0.00559	0.00793	0.04140	0.01152	0.04367	0.22236	0.02303	0.01073	0.00519	0.00170	0.00321	0.58156	0.00361	0.00358
10	0.07136	0.02440	0.01070	0.00827	0.01105	0.01106	0.00676	0.66716	0.03888	0.02218	0.00991	0.05632	0.00782	0.03091	0.00430	0.00127	0.00402	0.00388	0.00368	0.00608
11	0.00848	0.00848	0.01187	0.01018	0.01018	0.01187	0.00848	0.00933	0.00594	0.00933	0.00509	0.00848	0.00509	0.00679	0.01272	0.00170	0.85666	0.00339	0.00170	0.00424
12	0.00848	0.00848	0.01187	0.01018	0.01018	0.01187	0.00848	0.00933	0.00594	0.00933	0.00509	0.00848	0.00509	0.00679	0.01272	0.00170	0.85666	0.00339	0.00170	0.00424
13	0.00948	0.30209	0.43969	0.00920	0.01365	0.01109	0.02309	0.06764	0.00885	0.04707	0.00705	0.00804	0.00539	0.00437	0.02672	0.00123	0.00514	0.00275	0.00195	0.00550
14	0.00880	0.00478	0.00615	0.00545	0.00699	0.00431	0.00421	0.01059	0.03304	0.24830	0.42184	0.08852	0.12626	0.00752	0.00439	0.00125	0.00233	0.00651	0.00428	0.00447
15	0.00472	0.00337	0.00450	0.00540	0.00562	0.00315	0.00360	0.00540	0.00742	0.00990	0.02137	0.86122	0.02564	0.01215	0.00495	0.00157	0.00225	0.01102	0.00360	0.00315
16	0.01136	0.30950	0.10310	0.11848	0.08536	0.01052	0.00823	0.05029	0.00912	0.20806	0.00856	0.00946	0.00643	0.01951	0.00388	0.00114	0.02594	0.00305	0.00255	0.00546
17	0.01442	0.00592	0.00807	0.00653	0.00892	0.00530	0.00525	0.01575	0.01000	0.63685	0.01552	0.05579	0.03563	0.04138	0.10272	0.01344	0.00405	0.00446	0.00425	0.00574
18	0.00880	0.00694	0.00893	0.02963	0.13542	0.05853	0.04520	0.01174	0.11693	0.11721	0.25351	0.03699	0.12890	0.00632	0.00423	0.00124	0.00328	0.01787	0.00351	0.00481
19	0.01080	0.01175	0.25207	0.01024	0.01349	0.00907	0.12097	0.12014	0.00983	0.17801	0.00948	0.01168	0.00722	0.00525	0.01727	0.00141	0.15654	0.04655	0.00272	0.00554
20	0.02128	0.04616	0.03645	0.16689	0.13448	0.14912	0.19280	0.07163	0.00976	0.05185	0.00863	0.02162	0.00716	0.00434	0.00400	0.00123	0.00535	0.05987	0.00231	0.00508
21	0.82056	0.02487	0.00630	0.00543	0.00782	0.06000	0.00445	0.01165	0.00689	0.01675	0.00543	0.00634	0.00426	0.00362	0.00247	0.00118	0.00326	0.00212	0.00236	0.00423
22	0.00885	0.00713	0.00979	0.05391	0.18563	0.00728	0.04331	0.09891	0.14439	0.06741	0.13500	0.01939	0.19056	0.00598	0.00416	0.00124	0.00339	0.00521	0.00333	0.00511
23	0.03486	0.00839	0.00878	0.00755	0.00944	0.08664	0.00601	0.18376	0.17269	0.10952	0.13536	0.03873	0.01327	0.00646	0.02988	0.00141	0.07793	0.02491	0.03921	0.00521
24	0.00573	0.00408	0.00524	0.00498	0.00592	0.00380	0.00371	0.00765	0.03165	0.02949	0.70766	0.08519	0.06013	0.02167	0.00481	0.00129	0.00195	0.00718	0.00417	0.00371
25	0.00489	0.00390	0.00436	0.00444	0.00550	0.00341	0.00331	0.00603	0.00904	0.01140	0.19349	0.11595	0.53383	0.03391	0.00509	0.00141	0.00210	0.05092	0.00369	0.00333
26	0.00675	0.00486	0.00642	0.00629	0.00729	0.00482	0.03688	0.04510	0.11018	0.05682	0.14821	0.50858	0.02318	0.00955	0.00465	0.00144	0.00260	0.00860	0.00376	0.00402
27	0.00808	0.00520	0.00575	0.00541	0.00671	0.00545	0.00410	0.06775	0.17967	0.04837	0.09123	0.15682	0.01518	0.00628	0.00364	0.00116	0.00237	0.00533	0.37708	0.00439
28	0.03502	0.05177	0.23733	0.01922	0.01150	0.28532	0.00807	0.03417	0.00899	0.07312	0.00821	0.01143	0.00711	0.16810	0.00683	0.01831	0.00535	0.00333	0.00221	0.00460
29	0.00848	0.00848	0.01187	0.01018	0.01018	0.01187	0.00848	0.00933	0.00594	0.00933	0.00509	0.00848	0.00509	0.00679	0.01272	0.00170	0.85666	0.00339	0.00170	0.00424
30	0.01404	0.01051	0.01124	0.00878	0.01176	0.01169	0.00720	0.71564	0.13037	0.02330	0.01020	0.01002	0.00731	0.00474	0.00389	0.00118	0.00410	0.00361	0.00389	0.00653
31	0.01362	0.11210	0.01182	0.00944	0.01155	0.71026	0.00728	0.01485	0.02596	0.00956	0.00626	0.00733	0.00528	0.00482	0.03291	0.00117	0.00672	0.00254	0.00200	0.00454
32	0.01186	0.00943	0.01001	0.00834	0.01093	0.01068	0.00667	0.37107	0.47849	0.01979	0.01297	0.01222	0.00956	0.00500	0.00392	0.00125	0.00359	0.00399	0.00392	0.00633
33	0.00778	0.02005	0.84367	0.01105	0.01678	0.00900	0.01432	0.01228	0.00818	0.01228	0.00696	0.00818	0.00491	0.00368	0.00368	0.00123	0.00573	0.00286	0.00164	0.00573
34	0.00732	0.00689	0.01163	0.85444	0.02670	0.00861	0.01077	0.00991	0.00775	0.00991	0.00689	0.01034	0.00517	0.00388	0.00388	0.00129	0.00517	0.00345	0.00172	0.00431
35	0.70583	0.00749	0.00680	0.05454	0.05247	0.00852	0.00505	0.03325	0.00720	0.03872	0.00620	0.00761	0.00491	0.03131	0.00320	0.00127	0.00327	0.00245	0.00244	0.01748
36	0.00564	0.00402	0.00522	0.00521	0.00549	0.00437	0.00353	0.00623	0.00594	0.00823	0.01163	0.05014	0.01253	0.48333	0.34536	0.00460	0.02819	0.00518	0.00227	0.00286
37	0.00487	0.00352	0.00465	0.00539	0.00575	0.00324	0.00364	0.00562	0.00757	0.01019	0.04995	0.80176	0.02534	0.01167	0.00486	0.00153	0.00226	0.01057	0.00358	0.03406
38	0.02901	0.00873	0.01291	0.24166	0.19097	0.03192	0.08212	0.15355	0.01001	0.05751	0.01972	0.01936	0.00669	0.01680	0.00498	0.00129	0.08702	0.00367	0.00242	0.01966
39	0.01949	0.21652	0.15722	0.03935	0.10527	0.02168	0.03493	0.04511	0.02987	0.12285	0.10473	0.01203	0.03172	0.00451	0.00382	0.00112	0.02567	0.00363	0.00264	0.01783

[dist]
# distance from previous block
# <min> <max>
0	1

[block]
# block no. 9 follows, 70 sequences, length 7
# corresponding to MSA columns:
# 523,524,530,531,537,540,541
name=unknown_J
#
# <colnr> <probs for GDERKNQSTAVLIFYWHMCP>
#	G	D	E	R	K	N	Q	S	T	A	V	L	I	F	Y	W	H	M	C	P
0	0.00627	0.00444	0.00621	0.06456	0.05607	0.00444	0.00499	0.00733	0.00785	0.03741	0.08736	0.26319	0.01972	0.18770	0.00826	0.03175	0.00324	0.19264	0.00314	0.00344
1	0.04180	0.06594	0.01271	0.19521	0.15159	0.00826	0.13007	0.03578	0.00864	0.08860	0.02570	0.10007	0.00898	0.00604	0.04444	0.00149	0.03159	0.00442	0.03381	0.00487
2	0.09576	0.10145	0.11507	0.14844	0.12752	0.03077	0.07821	0.05294	0.00841	0.01234	0.00679	0.00897	0.00554	0.02403	0.00466	0.00122	0.08059	0.00310	0.00201	0.09219
3	0.00832	0.00841	0.09261	0.05226	0.09825	0.05227	0.09362	0.03794	0.02841	0.06158	0.04092	0.17843	0.05161	0.00782	0.04085	0.02535	0.05773	0.05632	0.00275	0.00456
4	0.00596	0.05398	0.00579	0.00559	0.00629	0.00412	0.00405	0.00682	0.00788	0.06353	0.02119	0.64571	0.07775	0.01090	0.00474	0.00150	0.00250	0.06461	0.00356	0.00351
5	0.04291	0.03160	0.09356	0.07162	0.07758	0.07839	0.10018	0.04157	0.09279	0.08898	0.00974	0.07650	0.00817	0.00571	0.03440	0.00141	0.07640	0.00403	0.00258	0.06187
6	0.09174	0.07003	0.17339	0.05925	0.09914	0.05580	0.05259	0.10059	0.03695	0.08322	0.04211	0.02525	0.02827	0.00430	0.00362	0.00114	0.00439	0.00351	0.00259	0.06209

[dist]
# distance from previous block
# <min> <max>
5	43

[block]
# block no. 10 follows, 70 sequences, length 13
# corresponding to MSA columns:
# 585-597
name=unknown_K
#
# <colnr> <probs for GDERKNQSTAVLIFYWHMCP>
#	G	D	E	R	K	N	Q	S	T	A	V	L	I	F	Y	W	H	M	C	P
0	0.16274	0.04575	0.03578	0.00638	0.00801	0.00706	0.02867	0.05158	0.03431	0.02730	0.12298	0.05601	0.20447	0.04375	0.02900	0.00155	0.11004	0.01751	0.00298	0.00411
1	0.00557	0.00411	0.00523	0.00503	0.00598	0.00386	0.00378	0.00763	0.04337	0.01477	0.67754	0.08432	0.08533	0.00830	0.00459	0.00127	0.00196	0.02952	0.00415	0.00370
2	0.01405	0.16125	0.01308	0.00845	0.01159	0.01241	0.00719	0.65760	0.01618	0.04765	0.00881	0.00889	0.00640	0.00442	0.00363	0.00111	0.00421	0.00325	0.00352	0.00631
3	0.00873	0.04829	0.31425	0.01134	0.13842	0.02227	0.08930	0.05635	0.00912	0.03271	0.04524	0.03562	0.00828	0.00426	0.00366	0.00115	0.00449	0.00369	0.15761	0.00522
4	0.16431	0.00780	0.02685	0.04920	0.05452	0.05747	0.06352	0.04462	0.13323	0.07047	0.17522	0.01657	0.05711	0.00578	0.01545	0.00131	0.00364	0.03429	0.01385	0.00478
5	0.01003	0.71515	0.01883	0.00726	0.00999	0.01473	0.00696	0.01121	0.00754	0.00916	0.00534	0.00662	0.00500	0.00393	0.00429	0.00098	0.15419	0.00231	0.00167	0.00485
6	0.02981	0.00814	0.07199	0.43796	0.14517	0.00832	0.00979	0.03119	0.02603	0.07701	0.04104	0.01190	0.02187	0.00438	0.00419	0.00127	0.03581	0.01464	0.01460	0.00490
7	0.01012	0.67644	0.05592	0.00706	0.01029	0.01405	0.00690	0.01322	0.15304	0.01051	0.00729	0.00776	0.00618	0.00368	0.00280	0.00093	0.00403	0.00252	0.00206	0.00521
8	0.00969	0.00684	0.00821	0.00595	0.00931	0.00526	0.00479	0.01137	0.00858	0.15865	0.00837	0.00895	0.00642	0.00321	0.00305	0.00068	0.00295	0.00258	0.00274	0.73242
9	0.16097	0.00429	0.00486	0.00528	0.00599	0.00440	0.00375	0.00674	0.00715	0.01100	0.01775	0.46066	0.06823	0.10891	0.06767	0.00209	0.00320	0.05061	0.00313	0.00329
10	0.05383	0.02397	0.11433	0.17363	0.10496	0.01848	0.12798	0.01179	0.09073	0.03232	0.06090	0.02492	0.02317	0.00508	0.02221	0.00137	0.05869	0.00398	0.04272	0.00493
11	0.00817	0.00527	0.00622	0.00561	0.00721	0.00511	0.00431	0.01150	0.17565	0.15959	0.28739	0.05398	0.22351	0.02317	0.00462	0.00132	0.00242	0.00634	0.00407	0.00454
12	0.00671	0.03110	0.00593	0.00561	0.01857	0.00419	0.00415	0.00795	0.00919	0.09457	0.29995	0.25057	0.11112	0.00942	0.01840	0.03589	0.00253	0.06128	0.01911	0.00376

[dist]
# distance from previous block
# <min> <max>
0	20

# created by:
# /home/simao/soft/augustus-3.0.3/scripts/msa2prfl.pl ./prep/73019.aln
