[name]
unknown

[dist]
# distance from previous block
# <min> <max>
0	615

[block]
# block no. 0 follows, 82 sequences, length 9
# corresponding to MSA columns:
# 1215-1223
name=unknown_A
#
# <colnr> <probs for GDERKNQSTAVLIFYWHMCP>
#	G	D	E	R	K	N	Q	S	T	A	V	L	I	F	Y	W	H	M	C	P
0	0.00738	0.29016	0.22626	0.00703	0.02541	0.03243	0.02045	0.00930	0.00752	0.02759	0.09611	0.09857	0.02515	0.00479	0.00320	0.00100	0.00360	0.06155	0.00212	0.05039
1	0.00915	0.04482	0.12966	0.22163	0.04795	0.02036	0.01971	0.21261	0.00941	0.09235	0.00792	0.03007	0.00621	0.00465	0.01824	0.04355	0.00407	0.02449	0.00235	0.05081
2	0.00874	0.30264	0.09837	0.12907	0.10353	0.00942	0.10475	0.01109	0.05154	0.09384	0.00753	0.00960	0.00611	0.00359	0.00313	0.00100	0.00406	0.04537	0.00199	0.00464
3	0.00502	0.00375	0.00504	0.00506	0.00564	0.00361	0.04669	0.00579	0.00652	0.00848	0.01709	0.15823	0.13539	0.35364	0.00956	0.00215	0.00297	0.22002	0.00266	0.00270
4	0.00919	0.57201	0.21418	0.00696	0.01032	0.04417	0.00745	0.04248	0.00760	0.04997	0.00565	0.00632	0.00463	0.00313	0.00258	0.00085	0.00405	0.00213	0.00168	0.00465
5	0.05662	0.00681	0.07209	0.09549	0.08182	0.00603	0.03177	0.05073	0.04272	0.31430	0.03120	0.06517	0.06256	0.00498	0.00356	0.00113	0.00330	0.06190	0.00307	0.00475
6	0.00772	0.00436	0.00593	0.00559	0.00696	0.00398	0.02782	0.00903	0.00838	0.23681	0.08363	0.11003	0.18966	0.00765	0.00414	0.00128	0.00264	0.27711	0.00345	0.00382
7	0.02710	0.00336	0.00427	0.00477	0.00528	0.00317	0.00342	0.00563	0.00706	0.02989	0.08595	0.53488	0.10294	0.05498	0.00495	0.00145	0.00219	0.11262	0.00316	0.00293
8	0.00915	0.00824	0.05762	0.04400	0.50754	0.00777	0.08068	0.05097	0.00831	0.11233	0.00787	0.01025	0.00634	0.00364	0.00375	0.00108	0.03046	0.04268	0.00213	0.00519

[dist]
# distance from previous block
# <min> <max>
7	16

[block]
# block no. 1 follows, 82 sequences, length 33
# corresponding to MSA columns:
# 1248-1252,1256,1257,1263-1266,1269-1290
name=unknown_B
#
# <colnr> <probs for GDERKNQSTAVLIFYWHMCP>
#	G	D	E	R	K	N	Q	S	T	A	V	L	I	F	Y	W	H	M	C	P
0	0.10504	0.45426	0.03321	0.06971	0.15517	0.07403	0.04598	0.01046	0.00722	0.00963	0.00531	0.00652	0.00454	0.00306	0.00265	0.00088	0.00400	0.00227	0.00161	0.00444
1	0.29278	0.28046	0.24283	0.00660	0.00974	0.03104	0.00698	0.04708	0.00722	0.01191	0.03249	0.00676	0.00511	0.00329	0.00259	0.00096	0.00372	0.00223	0.00183	0.00437
2	0.10466	0.17720	0.10435	0.00543	0.00752	0.00646	0.04388	0.00775	0.00757	0.01057	0.12851	0.01899	0.32976	0.00574	0.00343	0.00104	0.01221	0.00465	0.01660	0.00365
3	0.01880	0.65711	0.04797	0.00606	0.00880	0.02460	0.00587	0.02447	0.10020	0.00938	0.03642	0.00798	0.03325	0.00348	0.00253	0.00083	0.00350	0.00243	0.00186	0.00445
4	0.00441	0.00322	0.00398	0.00442	0.00484	0.00299	0.00304	0.00509	0.00685	0.00896	0.08397	0.47100	0.17444	0.14839	0.00638	0.00164	0.00219	0.05841	0.00304	0.00274
5	0.04568	0.08267	0.37798	0.00657	0.00965	0.00626	0.00739	0.00861	0.00744	0.04348	0.01726	0.03795	0.32485	0.00547	0.00344	0.00109	0.00343	0.00441	0.00228	0.00410
6	0.04958	0.06900	0.11669	0.05908	0.01286	0.23934	0.16959	0.17933	0.00974	0.02425	0.00656	0.00794	0.00508	0.00356	0.00346	0.00102	0.02202	0.01419	0.00208	0.00461
7	0.00790	0.35555	0.05622	0.04626	0.00871	0.00823	0.00573	0.00925	0.00710	0.09212	0.00957	0.03259	0.00920	0.06892	0.10577	0.00172	0.00419	0.16484	0.00219	0.00394
8	0.01085	0.04004	0.00909	0.00723	0.00919	0.16379	0.08085	0.05357	0.05129	0.29379	0.01168	0.08652	0.04311	0.03590	0.04216	0.00136	0.03177	0.02031	0.00295	0.00455
9	0.00915	0.88184	0.01793	0.00585	0.00878	0.01354	0.00585	0.01024	0.00695	0.00805	0.00476	0.00549	0.00439	0.00293	0.00219	0.00073	0.00366	0.00183	0.00146	0.00439
10	0.04203	0.56082	0.17412	0.00716	0.01047	0.01129	0.06733	0.01088	0.00725	0.07247	0.00582	0.00654	0.00471	0.00309	0.00261	0.00086	0.00398	0.00224	0.00171	0.00461
11	0.00593	0.00844	0.24467	0.04575	0.09551	0.00568	0.06352	0.00818	0.02297	0.01044	0.09897	0.17495	0.14647	0.00611	0.00391	0.00118	0.01633	0.03459	0.00242	0.00398
12	0.00430	0.00342	0.00374	0.00376	0.00474	0.00296	0.00278	0.00533	0.00807	0.01029	0.21220	0.10830	0.57293	0.00834	0.00402	0.00115	0.00173	0.00710	0.03189	0.00296
13	0.05244	0.05931	0.09386	0.00738	0.04653	0.03063	0.03325	0.14181	0.00950	0.30382	0.03177	0.10582	0.02435	0.01862	0.00367	0.00112	0.00338	0.02477	0.00310	0.00488
14	0.02101	0.10746	0.08829	0.19045	0.02973	0.03027	0.16347	0.04011	0.00811	0.19115	0.00835	0.01047	0.00637	0.01573	0.02333	0.00121	0.01789	0.03971	0.00229	0.00459
15	0.00466	0.00338	0.00450	0.00519	0.00564	0.00325	0.00386	0.00579	0.02759	0.00948	0.05171	0.57618	0.03941	0.01003	0.00442	0.00142	0.00230	0.23502	0.00320	0.00296
16	0.00599	0.00544	0.00835	0.24920	0.24845	0.00566	0.00680	0.00757	0.00746	0.00975	0.04739	0.11026	0.26251	0.00580	0.00372	0.00113	0.00319	0.00513	0.00232	0.00385
17	0.01952	0.20579	0.15018	0.05753	0.12311	0.00825	0.05703	0.06177	0.03363	0.04028	0.10976	0.07241	0.02872	0.00443	0.00330	0.00103	0.00364	0.01289	0.00225	0.00447
18	0.00850	0.08334	0.12528	0.28834	0.13657	0.03094	0.13688	0.03793	0.02160	0.08783	0.00701	0.00867	0.00522	0.00334	0.00338	0.00106	0.00450	0.00305	0.00191	0.00465
19	0.00544	0.00392	0.00542	0.00617	0.00697	0.00389	0.00538	0.00699	0.00787	0.01019	0.01888	0.03832	0.05867	0.00941	0.00469	0.00156	0.00308	0.79687	0.00315	0.00314
20	0.05033	0.01023	0.12159	0.11883	0.21602	0.20394	0.00797	0.01113	0.07659	0.03186	0.00964	0.04042	0.07874	0.00414	0.00334	0.00105	0.00426	0.00339	0.00206	0.00446
21	0.04505	0.05912	0.16297	0.02125	0.09090	0.06563	0.06259	0.07170	0.01656	0.13088	0.04002	0.03846	0.07149	0.00455	0.00421	0.00110	0.09497	0.01156	0.00238	0.00459
22	0.01486	0.00589	0.00797	0.02063	0.00895	0.00521	0.00511	0.04322	0.00994	0.79806	0.03432	0.01184	0.00891	0.00429	0.00345	0.00106	0.00293	0.00349	0.00415	0.00572
23	0.01375	0.00557	0.00726	0.00569	0.00804	0.00499	0.00466	0.05465	0.00966	0.68094	0.01286	0.01166	0.00839	0.00419	0.00327	0.00101	0.00273	0.00338	0.15191	0.00539
24	0.00778	0.12567	0.34183	0.02682	0.09855	0.05419	0.15835	0.01042	0.00767	0.02883	0.02844	0.02288	0.04533	0.00377	0.00337	0.00105	0.00457	0.02404	0.00181	0.00464
25	0.00884	0.10451	0.27932	0.07187	0.07698	0.00757	0.00827	0.08481	0.00840	0.15134	0.00946	0.07070	0.01717	0.00449	0.00347	0.00109	0.01319	0.05973	0.01403	0.00476
26	0.00915	0.88184	0.01793	0.00585	0.00878	0.01354	0.00585	0.01024	0.00695	0.00805	0.00476	0.00549	0.00439	0.00293	0.00219	0.00073	0.00366	0.00183	0.00146	0.00439
27	0.00869	0.00775	0.05478	0.37238	0.03298	0.11323	0.02226	0.04316	0.00834	0.14798	0.05051	0.01246	0.10237	0.00432	0.00348	0.00108	0.00404	0.00361	0.00236	0.00421
28	0.02221	0.05484	0.23340	0.08416	0.09759	0.07675	0.16236	0.02039	0.02816	0.05380	0.00934	0.01048	0.08519	0.00390	0.00378	0.00108	0.04270	0.00338	0.00194	0.00456
29	0.03241	0.00605	0.00695	0.00651	0.03804	0.05610	0.00478	0.10128	0.08862	0.27489	0.01385	0.31608	0.01295	0.02004	0.00393	0.00120	0.00289	0.00555	0.00338	0.00447
30	0.00977	0.01157	0.00884	0.21955	0.01279	0.50983	0.00671	0.01096	0.00853	0.00855	0.00857	0.11167	0.04940	0.00461	0.00337	0.00102	0.00506	0.00355	0.00194	0.00373
31	0.02618	0.02104	0.16269	0.12495	0.12003	0.16807	0.06404	0.08758	0.04355	0.01134	0.04830	0.02907	0.04154	0.00417	0.00344	0.00107	0.00441	0.03193	0.00212	0.00446
32	0.00879	0.02016	0.26279	0.08635	0.09993	0.05293	0.18312	0.02068	0.02576	0.13675	0.00893	0.01881	0.04344	0.00371	0.00358	0.00109	0.01287	0.00337	0.00213	0.00482

[dist]
# distance from previous block
# <min> <max>
0	13

[block]
# block no. 2 follows, 82 sequences, length 29
# corresponding to MSA columns:
# 1304-1321,1343-1353
name=unknown_C
#
# <colnr> <probs for GDERKNQSTAVLIFYWHMCP>
#	G	D	E	R	K	N	Q	S	T	A	V	L	I	F	Y	W	H	M	C	P
0	0.27439	0.00864	0.00960	0.16898	0.20466	0.13645	0.02520	0.09129	0.00814	0.02320	0.00597	0.00740	0.00467	0.00333	0.00298	0.00103	0.00402	0.00258	0.00200	0.01547
1	0.04021	0.00757	0.04342	0.09733	0.27464	0.00718	0.27113	0.00953	0.00754	0.02192	0.00896	0.14199	0.00843	0.00450	0.00375	0.00116	0.00426	0.04004	0.00202	0.00444
2	0.00734	0.00571	0.00712	0.00536	0.00800	0.00450	0.03586	0.00884	0.00759	0.08006	0.06023	0.01211	0.08388	0.00375	0.00297	0.00071	0.00258	0.03346	0.00244	0.62748
3	0.05348	0.00586	0.00781	0.00602	0.00864	0.00514	0.00497	0.01639	0.00962	0.82453	0.01312	0.01138	0.00826	0.00419	0.00338	0.00106	0.00290	0.00337	0.00414	0.00573
4	0.00630	0.00511	0.00596	0.03651	0.00746	0.00553	0.00456	0.01090	0.35164	0.01170	0.10536	0.17911	0.08834	0.04262	0.00449	0.00134	0.00253	0.12332	0.00325	0.00397
5	0.00891	0.00964	0.11493	0.03986	0.22733	0.08231	0.15185	0.01084	0.00749	0.09419	0.00673	0.00864	0.00537	0.02093	0.00545	0.00119	0.19463	0.00315	0.00189	0.00467
6	0.00847	0.00813	0.01388	0.02100	0.85844	0.00813	0.01050	0.01050	0.00779	0.01118	0.00643	0.00847	0.00542	0.00305	0.00339	0.00102	0.00406	0.00305	0.00169	0.00542
7	0.00430	0.00323	0.00414	0.02929	0.00545	0.00300	0.00326	0.00514	0.00722	0.00952	0.13718	0.57841	0.17808	0.00961	0.00423	0.00130	0.00196	0.00858	0.00321	0.00289
8	0.00965	0.00789	0.02336	0.04017	0.48370	0.02883	0.01873	0.06574	0.09773	0.13653	0.01828	0.01055	0.00715	0.00375	0.00346	0.00106	0.00377	0.03192	0.00243	0.00530
9	0.00480	0.00347	0.00466	0.00536	0.00590	0.00336	0.00420	0.00586	0.00719	0.00940	0.01934	0.39746	0.08366	0.02709	0.02337	0.00158	0.00268	0.38455	0.00311	0.00295
10	0.00417	0.00298	0.00397	0.00476	0.00496	0.00278	0.00318	0.00476	0.00655	0.00873	0.01885	0.87755	0.02262	0.01072	0.00437	0.00139	0.00198	0.00972	0.00318	0.00278
11	0.00793	0.04486	0.04098	0.02120	0.10474	0.03479	0.00550	0.05335	0.00776	0.02281	0.00625	0.00731	0.00510	0.00279	0.00273	0.00065	0.00307	0.00225	0.00203	0.62389
12	0.00765	0.04388	0.37957	0.02678	0.19325	0.00812	0.05683	0.01133	0.11283	0.02814	0.00763	0.02754	0.00609	0.02720	0.00412	0.00116	0.04794	0.00314	0.00188	0.00493
13	0.00567	0.00366	0.00477	0.00443	0.00537	0.00335	0.00334	0.00721	0.00949	0.08237	0.72212	0.05563	0.05176	0.00690	0.00397	0.00108	0.00174	0.00607	0.01764	0.00341
14	0.00611	0.02395	0.02363	0.00752	0.12474	0.00505	0.00519	0.03377	0.09328	0.01211	0.31212	0.11522	0.05609	0.00689	0.00398	0.00120	0.00257	0.15963	0.00314	0.00381
15	0.08307	0.10258	0.08079	0.01635	0.02033	0.00817	0.00628	0.28555	0.01069	0.22477	0.00968	0.01174	0.00749	0.00439	0.00330	0.00106	0.00348	0.09282	0.00304	0.02445
16	0.00582	0.00536	0.00842	0.00713	0.00843	0.00550	0.17665	0.00779	0.06623	0.01043	0.14123	0.17580	0.20644	0.00702	0.00500	0.00125	0.11326	0.04190	0.00277	0.00357
17	0.00427	0.00305	0.00408	0.00487	0.00512	0.00286	0.00335	0.00493	0.00665	0.00884	0.01880	0.81658	0.02241	0.01062	0.00439	0.00140	0.00207	0.06973	0.00317	0.00281
18	0.00918	0.00922	0.01026	0.15443	0.19951	0.22478	0.04925	0.09461	0.02912	0.03533	0.01012	0.06285	0.08778	0.00440	0.00348	0.00105	0.00432	0.00372	0.00220	0.00439
19	0.00804	0.00792	0.01216	0.32420	0.48316	0.06527	0.00976	0.01026	0.02736	0.01019	0.00641	0.00865	0.00516	0.00325	0.00338	0.00105	0.00435	0.00301	0.00168	0.00474
20	0.01060	0.00896	0.01038	0.02442	0.07260	0.18925	0.10699	0.04630	0.08159	0.19997	0.05260	0.01045	0.00783	0.00424	0.00438	0.00108	0.10780	0.01934	0.00262	0.03860
21	0.04627	0.34631	0.01307	0.02766	0.01002	0.17063	0.05752	0.03660	0.12575	0.04695	0.00676	0.00747	0.00549	0.00366	0.00358	0.00096	0.08225	0.00256	0.00203	0.00447
22	0.00424	0.00311	0.00404	0.00463	0.00500	0.00291	0.00318	0.00497	0.00682	0.00905	0.07089	0.67419	0.11994	0.01117	0.05710	0.00159	0.00237	0.00885	0.00313	0.00284
23	0.00902	0.00679	0.01198	0.05029	0.14515	0.00662	0.25324	0.02327	0.01983	0.19188	0.08420	0.01359	0.00964	0.00513	0.02300	0.03984	0.02743	0.07196	0.00258	0.00456
24	0.00803	0.19343	0.17970	0.00764	0.01009	0.04892	0.08227	0.03076	0.03027	0.07322	0.02633	0.13974	0.04156	0.00513	0.00408	0.00111	0.08125	0.02997	0.00223	0.00427
25	0.01136	0.00740	0.02350	0.00703	0.00944	0.00752	0.03631	0.22479	0.26374	0.27058	0.04617	0.03208	0.00941	0.00448	0.00349	0.00108	0.00312	0.00370	0.00356	0.03126
26	0.00487	0.00344	0.00390	0.00395	0.00461	0.00313	0.00269	0.00549	0.00687	0.04081	0.07514	0.15482	0.35279	0.29776	0.00852	0.00191	0.00236	0.02130	0.00289	0.00274
27	0.00433	0.00326	0.00402	0.00436	0.00498	0.00295	0.00312	0.00526	0.00762	0.01000	0.20337	0.42846	0.25589	0.00930	0.00422	0.00126	0.00188	0.03950	0.00330	0.00292
28	0.00866	0.69966	0.19589	0.00667	0.01005	0.01236	0.00728	0.01037	0.00701	0.00864	0.00505	0.00585	0.00438	0.00299	0.00242	0.00081	0.00395	0.00198	0.00146	0.00453

[dist]
# distance from previous block
# <min> <max>
0	2

[block]
# block no. 3 follows, 82 sequences, length 15
# corresponding to MSA columns:
# 1356-1370
name=unknown_D
#
# <colnr> <probs for GDERKNQSTAVLIFYWHMCP>
#	G	D	E	R	K	N	Q	S	T	A	V	L	I	F	Y	W	H	M	C	P
0	0.00926	0.00883	0.00856	0.00742	0.00892	0.21755	0.04199	0.14251	0.07872	0.03417	0.09210	0.01417	0.06901	0.00526	0.00470	0.00113	0.13429	0.07046	0.04678	0.00417
1	0.38830	0.01222	0.00773	0.00699	0.00891	0.50434	0.00539	0.01214	0.00806	0.01131	0.00507	0.00591	0.00411	0.00338	0.00268	0.00096	0.00468	0.00206	0.00191	0.00386
2	0.00491	0.00344	0.00438	0.00453	0.00516	0.00321	0.00331	0.00599	0.00792	0.02977	0.34092	0.24269	0.11511	0.11180	0.00577	0.00149	0.00213	0.10118	0.00329	0.00299
3	0.00443	0.00321	0.00424	0.00497	0.00536	0.00302	0.00360	0.00524	0.00692	0.00908	0.01997	0.64021	0.08910	0.01030	0.00441	0.00141	0.00220	0.17630	0.00317	0.00286
4	0.01030	0.04166	0.20596	0.05162	0.01283	0.11684	0.13040	0.21606	0.02607	0.10819	0.00774	0.02209	0.00572	0.00376	0.00359	0.00106	0.02566	0.00310	0.00239	0.00498
5	0.08016	0.00615	0.00741	0.00596	0.00806	0.00610	0.00483	0.16759	0.02647	0.35332	0.20683	0.01341	0.01286	0.00476	0.00372	0.00105	0.03487	0.00381	0.00359	0.04906
6	0.00459	0.00343	0.00426	0.00434	0.00510	0.00313	0.00323	0.00581	0.00843	0.01133	0.42519	0.17567	0.22756	0.02716	0.00444	0.00124	0.00187	0.07673	0.00343	0.00304
7	0.00850	0.07721	0.01090	0.27531	0.24796	0.00807	0.00796	0.04853	0.14573	0.07372	0.00828	0.00959	0.00632	0.00360	0.00327	0.00105	0.00373	0.00312	0.05241	0.00476
8	0.00668	0.23954	0.26195	0.05339	0.00968	0.00756	0.00684	0.00830	0.00656	0.00869	0.00940	0.05812	0.06581	0.15024	0.02038	0.06099	0.00388	0.01643	0.00180	0.00375
9	0.00574	0.00310	0.00439	0.00445	0.00450	0.00310	0.00298	0.00472	0.00478	0.00635	0.00763	0.01445	0.00803	0.16989	0.01353	0.67749	0.00305	0.05843	0.00170	0.00170
10	0.00416	0.00301	0.00394	0.00468	0.00494	0.00279	0.00314	0.00477	0.00663	0.00876	0.01983	0.82524	0.07430	0.01059	0.00435	0.00137	0.00197	0.00957	0.00318	0.00279
11	0.01050	0.01221	0.38481	0.00893	0.05378	0.00804	0.00905	0.23850	0.02686	0.20107	0.00849	0.00863	0.00582	0.00372	0.00335	0.00106	0.00414	0.00293	0.00265	0.00546
12	0.00686	0.00583	0.00684	0.00504	0.00785	0.00442	0.00398	0.00830	0.00705	0.01095	0.00711	0.07705	0.00648	0.00319	0.00268	0.00058	0.00249	0.00265	0.00212	0.82853
13	0.00509	0.00329	0.00444	0.00505	0.00549	0.00308	0.00361	0.00586	0.00694	0.06532	0.01840	0.70921	0.02130	0.01012	0.00435	0.00139	0.00220	0.11858	0.00324	0.00303
14	0.00807	0.11191	0.00880	0.02256	0.00881	0.09081	0.00470	0.03468	0.00760	0.01077	0.00591	0.00688	0.00493	0.00274	0.00259	0.00060	0.00310	0.00207	0.00197	0.66050

[dist]
# distance from previous block
# <min> <max>
0	1

[block]
# block no. 4 follows, 82 sequences, length 21
# corresponding to MSA columns:
# 1372-1392
name=unknown_E
#
# <colnr> <probs for GDERKNQSTAVLIFYWHMCP>
#	G	D	E	R	K	N	Q	S	T	A	V	L	I	F	Y	W	H	M	C	P
0	0.06117	0.73150	0.01623	0.00612	0.00886	0.11156	0.00582	0.01063	0.00720	0.00851	0.00482	0.00557	0.00435	0.00301	0.00229	0.00077	0.00389	0.00187	0.00154	0.00430
1	0.22144	0.00687	0.00986	0.26658	0.26726	0.00766	0.00782	0.01041	0.00711	0.10379	0.00659	0.00826	0.00504	0.00349	0.00355	0.00110	0.05389	0.00280	0.00201	0.00448
2	0.01263	0.00874	0.00952	0.00739	0.00997	0.00954	0.00608	0.67263	0.06321	0.10384	0.00922	0.00905	0.00650	0.00414	0.00337	0.00103	0.00350	0.00317	0.05080	0.00566
3	0.00426	0.00304	0.00408	0.00487	0.00511	0.00286	0.00334	0.00493	0.00664	0.00884	0.01880	0.81900	0.02242	0.01063	0.00439	0.00140	0.00207	0.06735	0.00317	0.00280
4	0.00709	0.00608	0.00709	0.00507	0.00811	0.00456	0.00405	0.00861	0.00709	0.01115	0.00608	0.00709	0.00507	0.00253	0.00253	0.00051	0.00253	0.00203	0.00203	0.90069
5	0.03690	0.00760	0.00834	0.00666	0.00892	0.09032	0.00542	0.19916	0.01060	0.45283	0.01057	0.01002	0.00714	0.00420	0.00376	0.00104	0.05617	0.00315	0.07195	0.00526
6	0.00458	0.00339	0.00484	0.00513	0.00554	0.00344	0.02503	0.00541	0.00625	0.00855	0.04570	0.49160	0.01744	0.08954	0.26371	0.00277	0.00433	0.00722	0.00266	0.00286
7	0.07650	0.08529	0.10164	0.05272	0.15966	0.17710	0.16191	0.03075	0.00816	0.01078	0.05564	0.03839	0.00715	0.00376	0.00333	0.00103	0.00455	0.01531	0.00192	0.00441
8	0.00408	0.00347	0.00351	0.00350	0.00464	0.00290	0.00263	0.00498	0.00788	0.00943	0.07006	0.03260	0.82153	0.00859	0.00404	0.00115	0.00173	0.00717	0.00320	0.00290
9	0.00727	0.00766	0.01523	0.44260	0.02072	0.00813	0.42814	0.00985	0.00746	0.00985	0.00650	0.00917	0.00488	0.00315	0.00373	0.00115	0.00516	0.00354	0.00163	0.00421
10	0.00732	0.11080	0.27853	0.19349	0.23427	0.00823	0.00973	0.01007	0.03326	0.01023	0.02253	0.00959	0.05038	0.00359	0.00326	0.00104	0.00423	0.00304	0.00172	0.00467
11	0.00988	0.15836	0.23751	0.00775	0.01089	0.03211	0.02394	0.24728	0.06933	0.08652	0.06329	0.00919	0.00739	0.00391	0.00334	0.00101	0.01767	0.00300	0.00255	0.00507
12	0.00445	0.00328	0.00416	0.00468	0.00519	0.00304	0.00339	0.00531	0.00718	0.00940	0.09384	0.48114	0.17430	0.04902	0.00492	0.00144	0.00215	0.13710	0.00317	0.00286
13	0.00451	0.00320	0.00392	0.00436	0.00461	0.00304	0.00286	0.00498	0.00619	0.00813	0.01752	0.44759	0.10085	0.31624	0.00894	0.00205	0.00249	0.05316	0.00279	0.00256
14	0.00950	0.06503	0.07582	0.04302	0.32647	0.06572	0.01664	0.02904	0.10932	0.12720	0.00807	0.00912	0.00624	0.01712	0.00394	0.00107	0.05263	0.00304	0.00226	0.02875
15	0.00844	0.00476	0.00577	0.00516	0.00667	0.00443	0.00399	0.10889	0.00911	0.25455	0.05126	0.23894	0.25331	0.00733	0.00389	0.00118	0.00240	0.02234	0.00353	0.00407
16	0.00421	0.00307	0.00397	0.00467	0.00500	0.00284	0.00320	0.00487	0.00675	0.00885	0.02072	0.74373	0.12242	0.01042	0.00434	0.00137	0.00200	0.04159	0.00317	0.00281
17	0.07891	0.03653	0.06837	0.03962	0.06323	0.03232	0.14141	0.11865	0.06667	0.10213	0.01873	0.02496	0.00685	0.00450	0.00445	0.05263	0.05995	0.02707	0.01558	0.03744
18	0.02513	0.16522	0.24659	0.08523	0.21351	0.08898	0.02856	0.03308	0.04392	0.01060	0.02460	0.00795	0.00554	0.00334	0.00312	0.00099	0.00440	0.00271	0.00175	0.00478
19	0.00483	0.00367	0.01941	0.00484	0.00532	0.00336	0.00348	0.00554	0.00629	0.00849	0.01509	0.40880	0.01738	0.25588	0.05037	0.00211	0.00297	0.12936	0.00270	0.05012
20	0.00785	0.03960	0.05397	0.05257	0.04321	0.03452	0.05390	0.04689	0.02012	0.02620	0.00641	0.00751	0.00515	0.00284	0.00281	0.00069	0.00325	0.00236	0.00203	0.58814

[dist]
# distance from previous block
# <min> <max>
0	3

[block]
# block no. 5 follows, 82 sequences, length 23
# corresponding to MSA columns:
# 1396-1418
name=unknown_F
#
# <colnr> <probs for GDERKNQSTAVLIFYWHMCP>
#	G	D	E	R	K	N	Q	S	T	A	V	L	I	F	Y	W	H	M	C	P
0	0.00472	0.00530	0.11379	0.00473	0.00617	0.00370	0.00417	0.01940	0.00798	0.01038	0.18071	0.17816	0.43233	0.00795	0.00399	0.00117	0.00221	0.00681	0.00307	0.00326
1	0.03839	0.24546	0.11003	0.00962	0.13598	0.09725	0.02815	0.25525	0.02661	0.01323	0.00646	0.00723	0.00507	0.00343	0.00301	0.00094	0.00416	0.00259	0.00216	0.00500
2	0.03694	0.00733	0.01125	0.04350	0.19200	0.00758	0.17889	0.08559	0.20732	0.01247	0.01021	0.13762	0.00903	0.00461	0.00362	0.00112	0.00367	0.00435	0.00251	0.04039
3	0.07315	0.09815	0.35863	0.00812	0.01149	0.11854	0.00857	0.12845	0.05390	0.05345	0.00748	0.00806	0.02500	0.00370	0.00334	0.00103	0.02934	0.00269	0.00210	0.00483
4	0.00794	0.00600	0.00729	0.00648	0.00760	0.00694	0.00506	0.04970	0.27165	0.09447	0.08719	0.04984	0.01174	0.12599	0.04396	0.00171	0.18129	0.02807	0.00289	0.00420
5	0.00423	0.00306	0.00414	0.02789	0.00546	0.00291	0.00334	0.00487	0.00656	0.00873	0.01851	0.85438	0.02214	0.01052	0.00434	0.00138	0.00205	0.00955	0.00313	0.00281
6	0.00800	0.00804	0.01119	0.12873	0.47349	0.11696	0.02108	0.00974	0.00791	0.01033	0.05154	0.08106	0.04871	0.00425	0.00351	0.00106	0.00402	0.00386	0.00198	0.00456
7	0.00916	0.01091	0.26524	0.00985	0.01303	0.00831	0.21927	0.11657	0.05649	0.12238	0.00788	0.00900	0.00577	0.01300	0.01512	0.00122	0.10632	0.00326	0.00226	0.00495
8	0.01189	0.00879	0.00948	0.00726	0.00993	0.00944	0.00597	0.69485	0.01446	0.01975	0.00810	0.00831	0.00588	0.00390	0.00325	0.00095	0.00349	0.00295	0.05110	0.12024
9	0.62860	0.00852	0.14077	0.05297	0.05344	0.00778	0.04374	0.01017	0.00630	0.01387	0.00523	0.00632	0.00400	0.00318	0.00252	0.00107	0.00334	0.00218	0.00194	0.00405
10	0.00412	0.00328	0.00369	0.00399	0.00477	0.00286	0.00284	0.00490	0.00738	0.00919	0.05512	0.35714	0.50989	0.00940	0.00417	0.00124	0.00183	0.00815	0.00320	0.00286
11	0.78884	0.00622	0.00497	0.00447	0.00642	0.00710	0.00364	0.00959	0.00632	0.01514	0.11382	0.00812	0.00736	0.00366	0.00236	0.00106	0.00251	0.00241	0.00233	0.00364
12	0.00786	0.00737	0.01176	0.24701	0.47979	0.00784	0.00923	0.01091	0.11561	0.01092	0.00728	0.00912	0.00581	0.00332	0.00336	0.00104	0.00394	0.00310	0.00189	0.05283
13	0.00855	0.00447	0.00563	0.00482	0.00641	0.00398	0.00379	0.03315	0.00943	0.30994	0.33136	0.02203	0.22971	0.00636	0.00381	0.00109	0.00216	0.00539	0.00377	0.00412
14	0.00468	0.00342	0.00441	0.00438	0.00511	0.00314	0.00324	0.00606	0.00893	0.01239	0.61941	0.17539	0.09526	0.00785	0.00411	0.00115	0.00174	0.03263	0.00360	0.00312
15	0.00637	0.00400	0.00538	0.02225	0.00674	0.00386	0.00448	0.00787	0.02780	0.11929	0.14612	0.19305	0.07951	0.00889	0.03209	0.00148	0.00277	0.32125	0.00332	0.00348
16	0.00502	0.00351	0.00450	0.02861	0.00515	0.00373	0.00309	0.00557	0.00537	0.00742	0.01055	0.03974	0.01135	0.52262	0.27786	0.00376	0.00507	0.02681	0.02778	0.00250
17	0.00481	0.00334	0.00462	0.00492	0.00540	0.00357	0.00362	0.00584	0.00611	0.00886	0.01309	0.34059	0.01391	0.01722	0.42925	0.00334	0.00548	0.00590	0.11717	0.00297
18	0.00684	0.00574	0.00723	0.02686	0.02528	0.02220	0.04945	0.03884	0.29663	0.01071	0.01124	0.01425	0.02661	0.14776	0.28252	0.00287	0.00518	0.00395	0.01187	0.00397
19	0.00767	0.00720	0.01199	0.10619	0.62453	0.00736	0.00921	0.00962	0.00788	0.01114	0.11590	0.01130	0.02967	0.00379	0.00365	0.00105	0.02146	0.00355	0.00197	0.00487
20	0.00932	0.02478	0.00950	0.00773	0.00905	0.00943	0.00637	0.33087	0.05482	0.01380	0.00727	0.00896	0.00599	0.00758	0.11678	0.00177	0.33370	0.00314	0.03462	0.00453
21	0.00773	0.00700	0.01003	0.01197	0.37339	0.00622	0.00686	0.00972	0.03398	0.01126	0.00648	0.00786	0.00539	0.00282	0.00293	0.00075	0.00320	0.00252	0.00193	0.48798
22	0.00726	0.00705	0.01116	0.38473	0.28753	0.03947	0.06221	0.02477	0.00762	0.00995	0.00992	0.01184	0.11403	0.00395	0.00352	0.00109	0.00416	0.00361	0.00185	0.00430

[dist]
# distance from previous block
# <min> <max>
0	2

[block]
# block no. 6 follows, 82 sequences, length 35
# corresponding to MSA columns:
# 1421-1432,1435-1457
name=unknown_G
#
# <colnr> <probs for GDERKNQSTAVLIFYWHMCP>
#	G	D	E	R	K	N	Q	S	T	A	V	L	I	F	Y	W	H	M	C	P
0	0.02632	0.00677	0.00938	0.14147	0.18970	0.04891	0.04620	0.00968	0.00763	0.09145	0.02512	0.07501	0.04756	0.00405	0.00337	0.00094	0.01386	0.00355	0.00223	0.24681
1	0.07311	0.08853	0.15856	0.02840	0.07748	0.04312	0.04320	0.14294	0.03866	0.09975	0.01718	0.00859	0.00592	0.01873	0.02423	0.00989	0.05911	0.00286	0.00230	0.05743
2	0.00744	0.00794	0.00600	0.00572	0.00697	0.28924	0.00425	0.04987	0.00868	0.00964	0.05019	0.17536	0.35157	0.00705	0.00375	0.00110	0.00335	0.00577	0.00274	0.00338
3	0.02726	0.00831	0.05482	0.11375	0.54290	0.03635	0.03115	0.01101	0.00792	0.10139	0.01894	0.00892	0.00589	0.00329	0.00337	0.00103	0.00408	0.00307	0.00198	0.01457
4	0.02242	0.12958	0.12867	0.42010	0.07384	0.00816	0.04483	0.00961	0.01979	0.03415	0.00801	0.01033	0.04772	0.00373	0.00329	0.00108	0.00424	0.02447	0.00177	0.00422
5	0.00577	0.02072	0.02930	0.16108	0.04891	0.00524	0.08006	0.01955	0.02669	0.00996	0.04034	0.15374	0.19645	0.00700	0.00402	0.00126	0.00320	0.18054	0.00263	0.00355
6	0.05920	0.00575	0.00763	0.00592	0.00846	0.00507	0.00488	0.01586	0.00959	0.77860	0.05289	0.01200	0.00935	0.00431	0.00340	0.00106	0.00284	0.00349	0.00411	0.00559
7	0.23320	0.20835	0.19668	0.00730	0.01027	0.11554	0.04987	0.05291	0.03638	0.03581	0.00622	0.02240	0.00497	0.00343	0.00279	0.00098	0.00405	0.00247	0.00195	0.00444
8	0.00802	0.03020	0.02936	0.41247	0.29878	0.02226	0.04128	0.05167	0.00779	0.03881	0.00651	0.00873	0.00505	0.00337	0.00355	0.00108	0.02168	0.00304	0.00177	0.00458
9	0.00462	0.00334	0.00429	0.00489	0.00526	0.00319	0.00336	0.04684	0.00709	0.00941	0.01891	0.78972	0.05312	0.01029	0.00431	0.00137	0.00208	0.02178	0.00319	0.00294
10	0.00454	0.00360	0.00407	0.00406	0.00499	0.00327	0.00298	0.00600	0.05022	0.01062	0.26671	0.14093	0.43789	0.03912	0.00453	0.00124	0.00184	0.00701	0.00332	0.00307
11	0.20255	0.05255	0.00897	0.02872	0.00957	0.16850	0.03359	0.18262	0.03965	0.20590	0.00813	0.00849	0.00591	0.02626	0.00341	0.00107	0.00382	0.00278	0.00278	0.00475
12	0.00794	0.18599	0.54436	0.00924	0.05721	0.03107	0.01030	0.01145	0.06338	0.03893	0.00662	0.00743	0.00495	0.00331	0.00307	0.00101	0.00453	0.00253	0.00170	0.00497
13	0.00594	0.00297	0.00446	0.00446	0.00446	0.00297	0.00297	0.00446	0.00446	0.00594	0.00594	0.01040	0.00594	0.01188	0.01337	0.90048	0.00297	0.00297	0.00149	0.00149
14	0.01159	0.00778	0.00869	0.00708	0.00942	0.00842	0.00575	0.39168	0.25017	0.17697	0.02023	0.02224	0.00873	0.00462	0.00350	0.00110	0.00321	0.03938	0.01394	0.00550
15	0.00646	0.00608	0.01026	0.87156	0.02356	0.00760	0.00950	0.00874	0.00684	0.00874	0.00608	0.00912	0.00456	0.00342	0.00342	0.00114	0.00456	0.00304	0.00152	0.00380
16	0.00680	0.00579	0.00676	0.00498	0.00778	0.00439	0.00394	0.00824	0.00709	0.01093	0.00802	0.05672	0.04279	0.00325	0.00270	0.00058	0.00247	0.00268	0.00214	0.81193
17	0.00409	0.00346	0.00353	0.00353	0.00465	0.00290	0.00264	0.00498	0.00787	0.00946	0.07559	0.04844	0.79999	0.00862	0.00405	0.00116	0.00173	0.00721	0.00321	0.00290
18	0.00451	0.00329	0.00385	0.00411	0.00453	0.00310	0.00273	0.00501	0.00631	0.00812	0.01970	0.27600	0.23978	0.33415	0.03709	0.00218	0.00269	0.03757	0.00272	0.00257
19	0.31496	0.00985	0.00998	0.04124	0.21091	0.24354	0.07374	0.01112	0.00755	0.01163	0.00551	0.00690	0.00448	0.00332	0.00318	0.00102	0.03249	0.00249	0.00185	0.00426
20	0.00693	0.00500	0.00776	0.32820	0.08950	0.00537	0.00644	0.00843	0.00735	0.12308	0.05040	0.32207	0.01291	0.00628	0.00379	0.00120	0.00324	0.00564	0.00260	0.00382
21	0.01105	0.06238	0.02982	0.00747	0.00999	0.05267	0.00620	0.45425	0.26942	0.01727	0.00948	0.00927	0.00701	0.00410	0.00331	0.00103	0.00355	0.00315	0.00314	0.03546
22	0.01049	0.36829	0.04508	0.00714	0.04585	0.01021	0.00613	0.15104	0.14192	0.14752	0.00844	0.00844	0.00638	0.00364	0.00290	0.00093	0.00343	0.00273	0.02440	0.00506
23	0.01118	0.40358	0.01345	0.00738	0.00977	0.38671	0.00626	0.10676	0.00919	0.00972	0.00538	0.00610	0.00456	0.00332	0.00272	0.00083	0.00477	0.00213	0.00182	0.00437
24	0.00502	0.00376	0.00535	0.00529	0.00575	0.00435	0.00396	0.00597	0.00538	0.00769	0.00929	0.01501	0.00917	0.19945	0.65580	0.00488	0.04524	0.00390	0.00187	0.00288
25	0.00805	0.00735	0.01164	0.38398	0.35849	0.00823	0.00939	0.09696	0.03988	0.01125	0.00670	0.00886	0.00526	0.00345	0.00361	0.00109	0.02615	0.00308	0.00186	0.00472
26	0.12114	0.23926	0.05647	0.00915	0.15988	0.05869	0.00679	0.13958	0.06823	0.09944	0.00722	0.00771	0.00555	0.00346	0.00291	0.00096	0.00369	0.00261	0.00233	0.00493
27	0.00612	0.00527	0.00834	0.32733	0.14965	0.00577	0.00729	0.00794	0.00756	0.01005	0.09732	0.08161	0.04122	0.00601	0.00391	0.00125	0.00353	0.22372	0.00238	0.00373
28	0.00846	0.00798	0.06076	0.15608	0.02752	0.04481	0.04405	0.15757	0.24373	0.02733	0.09986	0.01223	0.03169	0.00519	0.03262	0.00126	0.02771	0.00372	0.00275	0.00467
29	0.00571	0.00501	0.00740	0.22174	0.14367	0.00532	0.00593	0.00725	0.00764	0.01016	0.19114	0.01931	0.23423	0.03777	0.04891	0.00143	0.03642	0.00489	0.00248	0.00359
30	0.03522	0.03682	0.42630	0.02820	0.01265	0.00726	0.10241	0.02264	0.04650	0.05673	0.00819	0.04404	0.00675	0.01616	0.00356	0.00110	0.00428	0.05243	0.00200	0.08675
31	0.00720	0.04441	0.37649	0.00909	0.06310	0.00745	0.07039	0.03894	0.13686	0.01159	0.07283	0.01302	0.02598	0.04566	0.00416	0.00122	0.00405	0.06070	0.00221	0.00465
32	0.00795	0.00621	0.01006	0.46146	0.04049	0.02217	0.08660	0.00987	0.00756	0.14506	0.03891	0.08472	0.00818	0.00447	0.00384	0.00116	0.02948	0.02544	0.00224	0.00412
33	0.00784	0.11401	0.43049	0.01790	0.02351	0.03708	0.14389	0.03633	0.00775	0.03958	0.02006	0.02838	0.01747	0.00398	0.01227	0.00112	0.02668	0.02516	0.00181	0.00470
34	0.02999	0.00741	0.10616	0.00857	0.03015	0.02776	0.24281	0.02992	0.00695	0.02164	0.00930	0.03145	0.02332	0.20764	0.16779	0.00245	0.00531	0.03569	0.00199	0.00370

[dist]
# distance from previous block
# <min> <max>
15	43

[block]
# block no. 7 follows, 82 sequences, length 10
# corresponding to MSA columns:
# 1506-1515
name=unknown_H
#
# <colnr> <probs for GDERKNQSTAVLIFYWHMCP>
#	G	D	E	R	K	N	Q	S	T	A	V	L	I	F	Y	W	H	M	C	P
0	0.02506	0.06781	0.18511	0.07120	0.07177	0.02701	0.00715	0.07265	0.00855	0.22210	0.04195	0.03421	0.07388	0.01749	0.02174	0.00117	0.01828	0.00355	0.00262	0.02668
1	0.06069	0.04395	0.24361	0.03995	0.20045	0.02569	0.05925	0.04630	0.03893	0.12221	0.02341	0.06553	0.00712	0.00395	0.00335	0.00107	0.00401	0.00341	0.00224	0.00490
2	0.03316	0.02846	0.05346	0.21385	0.13742	0.00782	0.03166	0.15685	0.09806	0.09610	0.00920	0.02138	0.03226	0.00393	0.00337	0.00106	0.00373	0.01328	0.00249	0.05245
3	0.00756	0.04856	0.19029	0.03237	0.04199	0.05020	0.05291	0.02675	0.00777	0.11660	0.04820	0.31309	0.01261	0.00612	0.00368	0.00115	0.00345	0.00538	0.00260	0.02874
4	0.04337	0.05227	0.07376	0.35775	0.12960	0.02732	0.00797	0.00927	0.03459	0.03206	0.00762	0.05627	0.00651	0.00726	0.13840	0.00178	0.00492	0.00337	0.00184	0.00408
5	0.00735	0.05564	0.34587	0.00738	0.03624	0.00630	0.00764	0.00972	0.00735	0.06787	0.03051	0.04122	0.04082	0.02945	0.00349	0.00096	0.00361	0.00303	0.00204	0.29352
6	0.27498	0.02120	0.07348	0.04776	0.09386	0.00631	0.09180	0.00895	0.00688	0.05542	0.01009	0.25834	0.01013	0.00549	0.00336	0.00117	0.00323	0.02124	0.00238	0.00392
7	0.08847	0.18636	0.10167	0.00712	0.00984	0.07489	0.07170	0.02708	0.00833	0.30409	0.00936	0.05879	0.00727	0.00412	0.00316	0.00102	0.00372	0.02555	0.00270	0.00478
8	0.03641	0.00665	0.00902	0.12082	0.11894	0.03112	0.02742	0.01198	0.00817	0.31235	0.00872	0.00913	0.00620	0.00337	0.00312	0.00089	0.00332	0.00284	0.00269	0.27683
9	0.28537	0.00759	0.07989	0.00644	0.04757	0.02346	0.00532	0.09503	0.00811	0.10423	0.04339	0.01007	0.07332	0.00394	0.00312	0.00097	0.02663	0.00293	0.00251	0.17011

[dist]
# distance from previous block
# <min> <max>
7	10

[block]
# block no. 8 follows, 82 sequences, length 17
# corresponding to MSA columns:
# 1526-1531,1538-1548
name=unknown_I
#
# <colnr> <probs for GDERKNQSTAVLIFYWHMCP>
#	G	D	E	R	K	N	Q	S	T	A	V	L	I	F	Y	W	H	M	C	P
0	0.02374	0.03161	0.13676	0.08279	0.03009	0.00687	0.13744	0.06886	0.03641	0.15510	0.04943	0.02768	0.04476	0.00494	0.00390	0.00117	0.02672	0.12457	0.00264	0.00452
1	0.06587	0.00680	0.00888	0.07614	0.01046	0.03212	0.09946	0.06096	0.06002	0.15923	0.04458	0.01044	0.04335	0.00368	0.00316	0.00089	0.00325	0.00314	0.00263	0.30493
2	0.05439	0.00787	0.04651	0.06773	0.01062	0.00816	0.06471	0.32165	0.16425	0.01543	0.05985	0.07913	0.03644	0.00499	0.00371	0.00113	0.01992	0.02576	0.00298	0.00479
3	0.00929	0.09606	0.00944	0.00717	0.00911	0.22907	0.03174	0.02831	0.21913	0.03759	0.00945	0.04149	0.03653	0.02471	0.00411	0.00103	0.07124	0.00325	0.00240	0.12888
4	0.08660	0.00715	0.00953	0.05770	0.27258	0.00759	0.00694	0.07273	0.24227	0.12624	0.06767	0.01102	0.00889	0.00402	0.00336	0.00108	0.00325	0.00344	0.00282	0.00511
5	0.01038	0.43714	0.04705	0.03438	0.01036	0.03542	0.04130	0.21705	0.05511	0.07147	0.00691	0.00734	0.00539	0.00344	0.00283	0.00090	0.00382	0.00253	0.00227	0.00490
6	0.00489	0.00367	0.00550	0.00550	0.00611	0.00428	0.00428	0.00611	0.00550	0.00794	0.00916	0.01344	0.00855	0.02566	0.86623	0.00550	0.00916	0.00367	0.00183	0.00305
7	0.00732	0.03435	0.03089	0.03322	0.15518	0.00691	0.03247	0.03490	0.31220	0.01296	0.24120	0.02441	0.03671	0.01750	0.00381	0.00113	0.00289	0.00438	0.00299	0.00458
8	0.00497	0.00412	0.00460	0.00443	0.00536	0.04428	0.00334	0.00624	0.00844	0.01113	0.42027	0.02520	0.29589	0.01020	0.13451	0.00176	0.00301	0.00595	0.00319	0.00313
9	0.01112	0.00560	0.00825	0.28487	0.01304	0.00562	0.00624	0.01279	0.00883	0.47622	0.12050	0.01263	0.01030	0.00433	0.00351	0.00109	0.00327	0.00367	0.00330	0.00483
10	0.00709	0.00608	0.00709	0.00507	0.00811	0.00456	0.00405	0.00861	0.00709	0.01115	0.00608	0.00709	0.00507	0.00253	0.00253	0.00051	0.00253	0.00203	0.00203	0.90069
11	0.00758	0.03443	0.06602	0.16600	0.31468	0.00747	0.13057	0.00984	0.01853	0.03301	0.10879	0.01136	0.01925	0.00384	0.00373	0.00108	0.02572	0.01454	0.00202	0.02156
12	0.00979	0.00725	0.00818	0.00666	0.00855	0.04732	0.02774	0.39509	0.01121	0.03730	0.09398	0.01169	0.00906	0.00607	0.00554	0.18869	0.00339	0.03985	0.00282	0.07981
13	0.00954	0.05229	0.05509	0.08965	0.09844	0.29765	0.00711	0.02899	0.23438	0.01072	0.00911	0.01022	0.03362	0.00410	0.00348	0.00104	0.02342	0.02433	0.00227	0.00454
14	0.03969	0.00492	0.00579	0.00565	0.03319	0.00504	0.00412	0.07925	0.13600	0.04087	0.21785	0.11358	0.10438	0.08249	0.03129	0.00146	0.00265	0.05085	0.02278	0.01814
15	0.08818	0.18292	0.16205	0.04627	0.00986	0.06800	0.00666	0.09270	0.02707	0.03038	0.13248	0.01223	0.04631	0.00451	0.00351	0.00104	0.03980	0.03943	0.00233	0.00427
16	0.08082	0.00620	0.01953	0.03658	0.00866	0.03445	0.07272	0.06525	0.04874	0.07026	0.09755	0.09236	0.06204	0.04840	0.02601	0.00129	0.03945	0.05440	0.00268	0.13262

[dist]
# distance from previous block
# <min> <max>
6	38

[block]
# block no. 9 follows, 82 sequences, length 12
# corresponding to MSA columns:
# 1590-1601
name=unknown_J
#
# <colnr> <probs for GDERKNQSTAVLIFYWHMCP>
#	G	D	E	R	K	N	Q	S	T	A	V	L	I	F	Y	W	H	M	C	P
0	0.28148	0.11646	0.01030	0.00859	0.10667	0.17012	0.06137	0.05256	0.05078	0.05000	0.00623	0.00712	0.00493	0.00346	0.00318	0.00100	0.04172	0.00248	0.00210	0.01945
1	0.00784	0.07673	0.06322	0.00679	0.03708	0.11094	0.00556	0.09673	0.05482	0.03837	0.15558	0.08001	0.09476	0.00601	0.00379	0.00112	0.01705	0.11851	0.00283	0.02227
2	0.00988	0.18842	0.21446	0.00817	0.03081	0.10847	0.00778	0.23903	0.11567	0.01333	0.00759	0.00849	0.00591	0.00377	0.00313	0.00099	0.00419	0.02257	0.00232	0.00501
3	0.00726	0.00579	0.00921	0.46913	0.07310	0.00650	0.04003	0.00944	0.04452	0.09724	0.01055	0.06048	0.06425	0.05317	0.00436	0.00128	0.00387	0.03363	0.00220	0.00398
4	0.00492	0.00368	0.00495	0.09354	0.00684	0.00387	0.00381	0.00576	0.00618	0.00824	0.04787	0.16022	0.09348	0.28905	0.19545	0.00285	0.00427	0.05986	0.00239	0.00277
5	0.00761	0.18880	0.22296	0.26093	0.19852	0.00906	0.04610	0.01004	0.00722	0.00974	0.00594	0.00777	0.00468	0.00317	0.00315	0.00102	0.00444	0.00271	0.00154	0.00462
6	0.00773	0.00746	0.01312	0.26914	0.40538	0.00784	0.13976	0.03822	0.00777	0.01064	0.00716	0.05705	0.00610	0.00359	0.00355	0.00109	0.00435	0.00357	0.00179	0.00468
7	0.00705	0.04488	0.00903	0.03611	0.00915	0.09512	0.08683	0.00883	0.06678	0.00942	0.01258	0.15650	0.08425	0.00665	0.00576	0.00130	0.22179	0.13193	0.00236	0.00368
8	0.00840	0.00783	0.00840	0.05708	0.11276	0.18629	0.03734	0.03320	0.09051	0.06370	0.02776	0.07965	0.07672	0.02231	0.03111	0.00133	0.00400	0.14494	0.00260	0.00408
9	0.07536	0.00787	0.05130	0.24200	0.17869	0.00793	0.09689	0.11612	0.05561	0.12327	0.00782	0.00907	0.00571	0.00353	0.00338	0.00108	0.00406	0.00314	0.00232	0.00486
10	0.03745	0.07355	0.03622	0.23793	0.30964	0.09044	0.02357	0.02287	0.02536	0.03656	0.00731	0.01046	0.00618	0.00374	0.00335	0.00107	0.00424	0.06363	0.00189	0.00455
11	0.04536	0.00442	0.00621	0.08192	0.03078	0.00459	0.05538	0.03449	0.00644	0.02421	0.01184	0.22994	0.01289	0.32259	0.08153	0.00236	0.00373	0.03591	0.00237	0.00303

[dist]
# distance from previous block
# <min> <max>
3	582

# created by:
# /home/simao/soft/augustus-3.0.3/scripts/msa2prfl.pl ./prep/73202.aln
