[name]
unknown

[dist]
# distance from previous block
# <min> <max>
0	0

[block]
# block no. 0 follows, 86 sequences, length 16
# corresponding to MSA columns:
# 0-15
name=unknown_A
#
# <colnr> <probs for GDERKNQSTAVLIFYWHMCP>
#	G	D	E	R	K	N	Q	S	T	A	V	L	I	F	Y	W	H	M	C	P
0	0.00530	0.00379	0.00530	0.00606	0.00682	0.00379	0.00530	0.00682	0.00758	0.00985	0.01743	0.03713	0.01894	0.00909	0.00455	0.00152	0.00303	0.84163	0.00303	0.00303
1	0.10524	0.00589	0.00665	0.00486	0.00767	0.00474	0.00391	0.00882	0.00682	0.05291	0.00606	0.00688	0.00489	0.00258	0.00244	0.00057	0.00247	0.00200	0.00206	0.76253
2	0.00785	0.00716	0.01149	0.21852	0.48963	0.00757	0.02207	0.10106	0.00824	0.01134	0.04859	0.00986	0.03511	0.00349	0.00333	0.00102	0.00383	0.00323	0.00192	0.00469
3	0.01244	0.00903	0.00972	0.00749	0.01009	0.00996	0.00617	0.79713	0.04365	0.04833	0.00826	0.00816	0.00583	0.00397	0.00330	0.00099	0.00356	0.00300	0.00332	0.00558
4	0.00753	0.00711	0.01203	0.09087	0.69921	0.00722	0.00925	0.00936	0.00729	0.01030	0.00746	0.10332	0.00695	0.00377	0.00336	0.00103	0.00373	0.00363	0.00177	0.00481
5	0.00621	0.00555	0.00913	0.78136	0.02062	0.00685	0.00840	0.00833	0.00662	0.00883	0.00638	0.00916	0.00483	0.00335	0.00318	0.00106	0.00408	0.00294	0.09953	0.00359
6	0.01066	0.20896	0.05173	0.00651	0.00882	0.09652	0.02866	0.19035	0.00925	0.21493	0.00829	0.00981	0.00657	0.12906	0.00492	0.00124	0.00369	0.00294	0.00256	0.00452
7	0.00728	0.00682	0.01147	0.17593	0.51645	0.00709	0.05152	0.00929	0.03044	0.01000	0.03783	0.01047	0.00685	0.09909	0.00479	0.00125	0.00388	0.00331	0.00176	0.00446
8	0.00679	0.03755	0.00759	0.00845	0.19949	0.04759	0.00525	0.09943	0.00881	0.02342	0.28111	0.17555	0.07367	0.00600	0.00362	0.00106	0.00269	0.00526	0.00283	0.00386
9	0.00459	0.00343	0.00429	0.00410	0.00493	0.00317	0.00307	0.00616	0.02712	0.01225	0.66504	0.04642	0.16924	0.00744	0.02318	0.00115	0.00177	0.00610	0.00347	0.00308
10	0.01072	0.00875	0.00949	0.00770	0.00958	0.05963	0.00629	0.47473	0.13741	0.03325	0.00786	0.00835	0.00594	0.00440	0.00496	0.00110	0.19902	0.00302	0.00281	0.00499
11	0.00446	0.00435	0.08262	0.00516	0.00586	0.00338	0.00406	0.00570	0.03892	0.00885	0.01682	0.73588	0.01961	0.00939	0.00408	0.00131	0.00225	0.04141	0.00291	0.00298
12	0.00982	0.00728	0.00792	0.00675	0.00885	0.00814	0.00536	0.17231	0.59416	0.12293	0.01233	0.01133	0.00898	0.00432	0.00333	0.00108	0.00282	0.00353	0.00343	0.00533
13	0.00782	0.00797	0.01424	0.11284	0.46909	0.03418	0.25024	0.00998	0.00760	0.01044	0.03892	0.00899	0.00602	0.00309	0.00346	0.00103	0.00440	0.00329	0.00170	0.00470
14	0.00721	0.00577	0.00642	0.00581	0.00732	0.00636	0.00449	0.01363	0.54359	0.04133	0.30004	0.01640	0.01708	0.00522	0.00353	0.00109	0.00226	0.00446	0.00347	0.00451
15	0.02418	0.18102	0.06320	0.01976	0.16895	0.01597	0.05424	0.07990	0.07506	0.22934	0.01681	0.00891	0.01410	0.00349	0.00305	0.00095	0.00349	0.00290	0.00251	0.03218

[dist]
# distance from previous block
# <min> <max>
1	2

[block]
# block no. 1 follows, 86 sequences, length 43
# corresponding to MSA columns:
# 18-60
name=unknown_B
#
# <colnr> <probs for GDERKNQSTAVLIFYWHMCP>
#	G	D	E	R	K	N	Q	S	T	A	V	L	I	F	Y	W	H	M	C	P
0	0.01959	0.01778	0.01255	0.01793	0.72716	0.00776	0.00927	0.06699	0.00794	0.01139	0.00654	0.02891	0.00559	0.00316	0.00322	0.00096	0.00376	0.00302	0.00179	0.04470
1	0.58582	0.00690	0.00603	0.00534	0.00723	0.03214	0.00431	0.03096	0.20204	0.01401	0.00671	0.00715	0.00519	0.00357	0.00294	0.00105	0.05643	0.00234	0.00232	0.01753
2	0.00616	0.00543	0.00860	0.20575	0.28832	0.00579	0.00689	0.02762	0.00691	0.00941	0.01072	0.34035	0.01142	0.02217	0.00409	0.00119	0.02781	0.00540	0.00217	0.00380
3	0.01985	0.08877	0.61357	0.00887	0.03310	0.00775	0.04055	0.02707	0.00736	0.06429	0.04098	0.02084	0.00584	0.00341	0.00312	0.00102	0.00439	0.00274	0.00174	0.00474
4	0.04558	0.06322	0.00872	0.00740	0.03984	0.18074	0.08738	0.03308	0.04789	0.03625	0.04829	0.21962	0.01064	0.05013	0.00501	0.02782	0.07791	0.00456	0.00229	0.00363
5	0.00860	0.00795	0.01256	0.01806	0.72438	0.02588	0.00937	0.05109	0.06865	0.03119	0.00692	0.00845	0.00562	0.00313	0.00326	0.00099	0.00382	0.00298	0.00189	0.00521
6	0.00828	0.04821	0.15337	0.06379	0.04514	0.06624	0.35505	0.04468	0.01697	0.07867	0.00832	0.05705	0.03134	0.00366	0.00350	0.00106	0.00460	0.00365	0.00199	0.00444
7	0.02483	0.02422	0.01099	0.23811	0.20985	0.12431	0.08695	0.06390	0.00817	0.10512	0.02814	0.03385	0.00625	0.00361	0.00341	0.00102	0.01761	0.00317	0.00206	0.00441
8	0.00419	0.00318	0.00383	0.00427	0.00482	0.00291	0.00298	0.01479	0.01945	0.00888	0.04256	0.55408	0.27387	0.02388	0.00429	0.00129	0.00190	0.02299	0.00306	0.00278
9	0.00467	0.00336	0.00400	0.00398	0.00460	0.00315	0.00282	0.00549	0.00700	0.02268	0.23590	0.05480	0.24366	0.28062	0.05410	0.00199	0.00260	0.05906	0.00282	0.00268
10	0.04388	0.20749	0.31935	0.02332	0.02648	0.09915	0.05332	0.03514	0.04222	0.11025	0.00671	0.00731	0.00498	0.00325	0.00292	0.00095	0.00423	0.00249	0.00192	0.00464
11	0.03385	0.15623	0.41362	0.00925	0.07075	0.17371	0.04318	0.01104	0.00749	0.04362	0.00583	0.00677	0.00444	0.00314	0.00295	0.00095	0.00467	0.00237	0.00160	0.00456
12	0.00424	0.00327	0.00388	0.00388	0.00470	0.00290	0.00285	0.00535	0.00810	0.01069	0.39241	0.16386	0.36609	0.00795	0.00394	0.00111	0.00166	0.00690	0.00330	0.00290
13	0.00668	0.00665	0.01210	0.61365	0.06029	0.00767	0.19031	0.00893	0.00681	0.00896	0.00597	0.00870	0.00455	0.00327	0.00374	0.00111	0.04206	0.00313	0.00151	0.00390
14	0.00844	0.06741	0.31820	0.02644	0.17127	0.08299	0.05696	0.06829	0.07886	0.04653	0.00693	0.00802	0.00529	0.01578	0.00353	0.00104	0.02456	0.00277	0.00189	0.00479
15	0.01879	0.00584	0.00604	0.00510	0.00675	0.07092	0.00405	0.15024	0.02532	0.23975	0.01038	0.01073	0.00755	0.00440	0.02414	0.00100	0.00276	0.00305	0.39894	0.00426
16	0.00628	0.00378	0.00494	0.02174	0.00588	0.00350	0.00352	0.02589	0.00859	0.14869	0.43687	0.22044	0.08269	0.00712	0.00384	0.00111	0.00194	0.00626	0.00347	0.00345
17	0.02097	0.50028	0.22986	0.00703	0.01030	0.04547	0.04110	0.02281	0.03498	0.00918	0.00542	0.00622	0.00448	0.00297	0.00255	0.00082	0.00394	0.00212	0.00155	0.04794
18	0.00855	0.01032	0.16941	0.01218	0.26242	0.09309	0.10163	0.07974	0.19862	0.01187	0.00806	0.00889	0.01318	0.00347	0.00330	0.00102	0.00413	0.00308	0.00213	0.00494
19	0.00488	0.00362	0.00525	0.00518	0.00564	0.00420	0.00393	0.00575	0.00516	0.00739	0.00862	0.01351	0.00834	0.12414	0.68177	0.05718	0.04728	0.00361	0.00176	0.00277
20	0.00879	0.13954	0.08327	0.15395	0.19424	0.04400	0.12045	0.05150	0.02092	0.10301	0.00680	0.00806	0.00517	0.00316	0.00313	0.00096	0.00409	0.00282	0.00194	0.04417
21	0.00694	0.00680	0.00747	0.08205	0.00865	0.15279	0.00553	0.03412	0.00636	0.00819	0.00747	0.01089	0.02429	0.07472	0.34260	0.00291	0.20994	0.00323	0.00174	0.00332
22	0.00488	0.00326	0.00387	0.00396	0.00473	0.00298	0.00291	0.00600	0.00766	0.03507	0.25099	0.23243	0.23129	0.00748	0.00368	0.00109	0.00174	0.02993	0.16307	0.00298
23	0.00504	0.00313	0.00397	0.00397	0.00405	0.00319	0.00248	0.00476	0.00473	0.00636	0.00917	0.01740	0.02166	0.52546	0.10781	0.26525	0.00368	0.00412	0.00182	0.00194
24	0.00472	0.00338	0.00421	0.00419	0.00498	0.00309	0.00309	0.00603	0.02067	0.03622	0.46207	0.20295	0.20175	0.00774	0.00394	0.00112	0.00173	0.02170	0.00339	0.00305
25	0.00459	0.00315	0.00365	0.00379	0.00390	0.00309	0.00226	0.00477	0.00523	0.00692	0.01310	0.17942	0.06323	0.65833	0.02869	0.00277	0.00297	0.00573	0.00225	0.00218
26	0.04470	0.05392	0.07354	0.02813	0.02881	0.00931	0.04406	0.45902	0.08982	0.04753	0.00781	0.00827	0.00577	0.00438	0.02472	0.00113	0.05833	0.00295	0.00274	0.00507
27	0.00471	0.00355	0.00454	0.00440	0.00513	0.00344	0.00328	0.00633	0.04154	0.01188	0.59181	0.15154	0.09427	0.00769	0.02395	0.00120	0.02795	0.00631	0.00338	0.00311
28	0.07703	0.28948	0.23764	0.02764	0.01119	0.00922	0.10864	0.01089	0.03096	0.11196	0.00644	0.00724	0.00489	0.00327	0.00325	0.00096	0.05040	0.00252	0.00186	0.00451
29	0.03387	0.12367	0.01015	0.00786	0.00974	0.65206	0.00614	0.03771	0.00900	0.05389	0.00550	0.00620	0.00447	0.00342	0.00304	0.00086	0.02442	0.00217	0.00184	0.00400
30	0.00523	0.00378	0.00516	0.00572	0.00650	0.00376	0.00489	0.00692	0.02901	0.01040	0.14245	0.05394	0.03149	0.00865	0.00440	0.00143	0.00276	0.66729	0.00313	0.00308
31	0.00622	0.00585	0.00987	0.87641	0.02267	0.00731	0.00914	0.00841	0.00658	0.00841	0.00585	0.00878	0.00439	0.00329	0.00329	0.00110	0.00439	0.00293	0.00146	0.00366
32	0.01172	0.01382	0.00911	0.00813	0.00994	0.66413	0.00618	0.09294	0.13362	0.01009	0.00656	0.00705	0.00521	0.00360	0.00305	0.00090	0.00523	0.00243	0.00209	0.00419
33	0.06362	0.02468	0.02779	0.00678	0.00899	0.16882	0.00546	0.15908	0.30799	0.05588	0.02147	0.00913	0.00714	0.00379	0.00306	0.00095	0.00344	0.00290	0.00274	0.11630
34	0.02257	0.00586	0.00917	0.03960	0.32271	0.01529	0.03296	0.00797	0.00678	0.00976	0.11333	0.05724	0.00998	0.03080	0.20581	0.00211	0.09833	0.00382	0.00197	0.00392
35	0.00413	0.00294	0.00385	0.00454	0.00475	0.00277	0.00305	0.00469	0.00624	0.00829	0.01762	0.76271	0.03074	0.08602	0.00530	0.00150	0.00206	0.04319	0.00296	0.00263
36	0.00784	0.00761	0.01330	0.01753	0.64595	0.00752	0.13206	0.02900	0.00765	0.01073	0.00809	0.01004	0.05863	0.02525	0.00373	0.00106	0.00399	0.00337	0.00177	0.00488
37	0.00837	0.50469	0.23214	0.03133	0.01888	0.03209	0.00736	0.02225	0.05397	0.03699	0.00629	0.00693	0.01985	0.00317	0.00259	0.00085	0.00385	0.00225	0.00166	0.00446
38	0.00446	0.00331	0.00399	0.00397	0.00479	0.00295	0.00292	0.00560	0.00819	0.02596	0.42135	0.17101	0.31381	0.00784	0.00393	0.00111	0.00167	0.00682	0.00334	0.00297
39	0.00624	0.00590	0.01003	0.86182	0.02258	0.00733	0.02339	0.00845	0.00660	0.00845	0.00586	0.00878	0.00440	0.00328	0.00330	0.00110	0.00441	0.00294	0.00147	0.00367
40	0.03263	0.07089	0.09236	0.03446	0.04966	0.15212	0.13115	0.09873	0.17268	0.09996	0.02012	0.00883	0.00641	0.00361	0.00328	0.00100	0.01198	0.00301	0.00239	0.00471
41	0.00885	0.14013	0.29109	0.00916	0.09338	0.00772	0.09431	0.05620	0.00792	0.17305	0.00829	0.08099	0.00667	0.00385	0.00320	0.00101	0.00394	0.00330	0.00220	0.00476
42	0.00536	0.00294	0.00422	0.00430	0.00435	0.00296	0.00285	0.00448	0.00462	0.00620	0.00777	0.10217	0.00830	0.11840	0.06578	0.64490	0.00317	0.00381	0.00169	0.00172

[dist]
# distance from previous block
# <min> <max>
2	3

[block]
# block no. 2 follows, 86 sequences, length 20
# corresponding to MSA columns:
# 65-84
name=unknown_C
#
# <colnr> <probs for GDERKNQSTAVLIFYWHMCP>
#	G	D	E	R	K	N	Q	S	T	A	V	L	I	F	Y	W	H	M	C	P
0	0.05871	0.00846	0.00903	0.00700	0.00947	0.00928	0.00577	0.70661	0.01405	0.06395	0.00819	0.00825	0.00582	0.00390	0.00316	0.00098	0.00338	0.00293	0.06575	0.00532
1	0.00667	0.00632	0.01064	0.66355	0.20560	0.00751	0.00929	0.00876	0.00673	0.00891	0.00588	0.00859	0.00457	0.00329	0.00351	0.00108	0.03069	0.00293	0.00150	0.00399
2	0.00448	0.00319	0.00384	0.00413	0.00446	0.00304	0.00278	0.00499	0.00609	0.00795	0.04528	0.27351	0.14193	0.37515	0.00943	0.00209	0.00252	0.10003	0.00263	0.00246
3	0.00460	0.00320	0.00356	0.00359	0.00379	0.00310	0.00213	0.00477	0.00532	0.00690	0.01463	0.06076	0.15750	0.69679	0.01401	0.00276	0.00288	0.00535	0.00222	0.00216
4	0.00482	0.00329	0.00401	0.00420	0.00438	0.00331	0.00279	0.00520	0.00544	0.00723	0.01216	0.08616	0.01378	0.61739	0.05520	0.00285	0.00334	0.15990	0.00225	0.00228
5	0.90757	0.00637	0.00484	0.00433	0.00637	0.00738	0.00356	0.00968	0.00560	0.01477	0.00458	0.00535	0.00356	0.00306	0.00204	0.00102	0.00255	0.00178	0.00204	0.00356
6	0.00795	0.00762	0.01301	0.10738	0.77815	0.00777	0.01000	0.00993	0.00740	0.01052	0.00616	0.00821	0.00513	0.00297	0.00326	0.00099	0.00396	0.00293	0.00161	0.00506
7	0.06790	0.01121	0.00868	0.14401	0.03773	0.46015	0.00639	0.01255	0.16499	0.00970	0.00725	0.04203	0.00601	0.00381	0.00309	0.00097	0.00464	0.00283	0.00204	0.00403
8	0.00884	0.00819	0.01201	0.13666	0.58155	0.08760	0.00915	0.04391	0.00797	0.06310	0.00653	0.00821	0.00520	0.00314	0.00324	0.00099	0.00408	0.00288	0.00183	0.00491
9	0.00486	0.00339	0.00434	0.00416	0.00497	0.00309	0.00310	0.00622	0.00882	0.04153	0.65859	0.11283	0.11737	0.00718	0.00390	0.00107	0.00164	0.00632	0.00352	0.00311
10	0.00521	0.00367	0.00494	0.00554	0.00627	0.00359	0.00459	0.00664	0.02526	0.03022	0.03165	0.21497	0.07746	0.00904	0.00436	0.00142	0.00266	0.55639	0.00308	0.00305
11	0.03112	0.00694	0.06608	0.02583	0.01055	0.00596	0.17620	0.05957	0.01865	0.40427	0.02270	0.01395	0.03785	0.00447	0.00355	0.00110	0.00353	0.09978	0.00310	0.00480
12	0.00574	0.00496	0.00759	0.03882	0.31891	0.00484	0.00578	0.00714	0.00758	0.01041	0.20839	0.20674	0.13237	0.00654	0.01836	0.00116	0.00272	0.00559	0.00259	0.00375
13	0.16592	0.00582	0.00722	0.00564	0.00810	0.00540	0.00466	0.03587	0.00893	0.70077	0.01144	0.01013	0.00731	0.00390	0.00309	0.00102	0.00278	0.00304	0.00371	0.00526
14	0.00406	0.00290	0.00383	0.00453	0.00474	0.00271	0.00302	0.00465	0.00637	0.00852	0.05132	0.81864	0.02180	0.04017	0.00462	0.00139	0.00194	0.00907	0.00304	0.00267
15	0.82869	0.00678	0.00544	0.00529	0.05024	0.03925	0.00400	0.00983	0.00584	0.01432	0.00468	0.00551	0.00367	0.00306	0.00213	0.00101	0.00274	0.00185	0.00200	0.00366
16	0.02175	0.02149	0.15511	0.17874	0.21446	0.01819	0.06506	0.04797	0.11460	0.02198	0.00794	0.04571	0.00662	0.02731	0.00382	0.00113	0.02003	0.02160	0.00198	0.00450
17	0.05261	0.03575	0.01702	0.01906	0.10141	0.08755	0.02841	0.15260	0.36558	0.04503	0.03303	0.01055	0.02872	0.00407	0.00323	0.00103	0.00332	0.00331	0.00282	0.00489
18	0.00796	0.03244	0.09508	0.12049	0.11405	0.00632	0.02127	0.09421	0.00807	0.08041	0.04475	0.04401	0.00694	0.00349	0.00302	0.00085	0.00329	0.00296	0.00220	0.30820
19	0.00843	0.05776	0.48109	0.00895	0.04378	0.00823	0.04403	0.17743	0.04904	0.05179	0.00704	0.00772	0.00508	0.00336	0.00314	0.00100	0.00425	0.00269	0.01867	0.01651

[dist]
# distance from previous block
# <min> <max>
0	6

[block]
# block no. 3 follows, 86 sequences, length 13
# corresponding to MSA columns:
# 91-103
name=unknown_D
#
# <colnr> <probs for GDERKNQSTAVLIFYWHMCP>
#	G	D	E	R	K	N	Q	S	T	A	V	L	I	F	Y	W	H	M	C	P
0	0.02171	0.27709	0.25665	0.00729	0.01044	0.04120	0.01894	0.09813	0.18382	0.01135	0.00722	0.00760	0.00558	0.00337	0.00285	0.00092	0.00379	0.00253	0.00204	0.03747
1	0.00774	0.01472	0.67715	0.01006	0.09976	0.00732	0.01107	0.01107	0.00730	0.11343	0.00679	0.00758	0.00475	0.00322	0.00316	0.00103	0.00452	0.00259	0.00174	0.00499
2	0.00549	0.00415	0.00585	0.02263	0.00650	0.00459	0.02163	0.01772	0.00650	0.04111	0.11564	0.09676	0.08878	0.01457	0.38801	0.00297	0.09670	0.00454	0.03368	0.02214
3	0.03270	0.00779	0.11148	0.08190	0.23855	0.00660	0.10416	0.01142	0.00780	0.26205	0.00889	0.04147	0.00679	0.00380	0.00351	0.00105	0.02214	0.02288	0.02023	0.00481
4	0.00778	0.21716	0.19344	0.03878	0.02225	0.05979	0.09355	0.01050	0.09096	0.02350	0.01716	0.04662	0.00615	0.00349	0.00308	0.00090	0.01945	0.00285	0.00187	0.14072
5	0.25895	0.07637	0.05738	0.00746	0.00963	0.45312	0.05436	0.02969	0.00801	0.01044	0.00511	0.00599	0.00412	0.00322	0.00272	0.00091	0.00469	0.00214	0.00178	0.00391
6	0.00436	0.00330	0.00406	0.00455	0.00507	0.00314	0.00320	0.00566	0.06747	0.00907	0.04439	0.60563	0.17633	0.00938	0.00409	0.00128	0.00195	0.04107	0.00309	0.00290
7	0.04341	0.05293	0.11599	0.03054	0.00944	0.05619	0.00698	0.11561	0.00707	0.02643	0.00574	0.00801	0.00501	0.03931	0.03780	0.02147	0.39940	0.00280	0.01193	0.00395
8	0.04194	0.02315	0.06395	0.06443	0.43603	0.00751	0.12002	0.02022	0.00732	0.05031	0.00755	0.05216	0.02289	0.01640	0.00393	0.00108	0.05120	0.00340	0.00185	0.00464
9	0.00457	0.00313	0.00400	0.00439	0.00491	0.00285	0.00306	0.00536	0.00706	0.04796	0.14174	0.59125	0.14903	0.00922	0.00407	0.00125	0.00186	0.00823	0.00318	0.00288
10	0.03976	0.00772	0.00861	0.07252	0.01011	0.02735	0.00578	0.44395	0.11154	0.15573	0.05873	0.00995	0.00788	0.00410	0.00327	0.00101	0.00328	0.00323	0.02038	0.00511
11	0.03820	0.04120	0.10465	0.04273	0.34085	0.01973	0.05784	0.06212	0.00785	0.06827	0.02449	0.04683	0.00638	0.00348	0.00325	0.00095	0.01487	0.00310	0.00201	0.11120
12	0.00637	0.00578	0.00932	0.14949	0.04856	0.02327	0.14936	0.00786	0.00653	0.03041	0.03231	0.10544	0.04701	0.02958	0.15724	0.00194	0.14706	0.00419	0.03471	0.00355

[dist]
# distance from previous block
# <min> <max>
0	5

[block]
# block no. 4 follows, 86 sequences, length 44
# corresponding to MSA columns:
# 109-152
name=unknown_E
#
# <colnr> <probs for GDERKNQSTAVLIFYWHMCP>
#	G	D	E	R	K	N	Q	S	T	A	V	L	I	F	Y	W	H	M	C	P
0	0.00434	0.00298	0.00378	0.00439	0.00470	0.00281	0.00301	0.00504	0.00641	0.00880	0.01762	0.65810	0.05971	0.05774	0.00470	0.00138	0.00199	0.05237	0.09744	0.00270
1	0.00828	0.02198	0.06440	0.14830	0.26885	0.02421	0.03262	0.09541	0.13120	0.05950	0.04505	0.01994	0.03548	0.00389	0.00352	0.00104	0.02600	0.00336	0.00228	0.00470
2	0.88603	0.00659	0.00495	0.00443	0.00646	0.02816	0.00363	0.00976	0.00569	0.01461	0.00460	0.00536	0.00358	0.00306	0.00206	0.00101	0.00263	0.00179	0.00203	0.00357
3	0.00812	0.05346	0.17693	0.00956	0.01245	0.08312	0.31673	0.03215	0.05509	0.06853	0.10074	0.03507	0.00882	0.00387	0.00351	0.00105	0.00437	0.01986	0.00218	0.00438
4	0.00564	0.00387	0.00453	0.02518	0.00557	0.00390	0.00335	0.01729	0.11175	0.01257	0.39041	0.01972	0.06842	0.00565	0.00335	0.00099	0.00183	0.03801	0.27459	0.00337
5	0.85899	0.00644	0.00506	0.00446	0.00653	0.00741	0.00368	0.03581	0.00600	0.03497	0.00488	0.00556	0.00374	0.00311	0.00211	0.00102	0.00259	0.00185	0.00212	0.00368
6	0.00405	0.00291	0.00381	0.00448	0.00473	0.00271	0.00300	0.00464	0.00640	0.00850	0.04355	0.79218	0.05940	0.03705	0.00456	0.00137	0.00193	0.00901	0.00304	0.00267
7	0.00417	0.00299	0.00391	0.00456	0.00484	0.00281	0.00314	0.00481	0.00642	0.00850	0.03382	0.70214	0.06467	0.06530	0.00500	0.00145	0.00206	0.07375	0.00300	0.00267
8	0.00476	0.00318	0.00362	0.00367	0.00373	0.00316	0.00212	0.00485	0.00499	0.00668	0.01131	0.07044	0.02645	0.79359	0.01543	0.00299	0.00307	0.01870	0.01518	0.00208
9	0.00826	0.00711	0.00748	0.00671	0.00859	0.00822	0.00523	0.03096	0.84426	0.01388	0.01331	0.01221	0.00998	0.00446	0.00335	0.00111	0.00262	0.00371	0.00335	0.00522
10	0.01152	0.18788	0.02800	0.00781	0.00992	0.56911	0.00632	0.12395	0.00957	0.00973	0.00538	0.00609	0.00442	0.00335	0.00284	0.00084	0.00513	0.00217	0.00184	0.00415
11	0.00716	0.02504	0.23249	0.36122	0.11140	0.00773	0.02815	0.07537	0.02822	0.01043	0.00663	0.00904	0.00517	0.00353	0.00349	0.00107	0.03192	0.02724	0.02037	0.00433
12	0.02013	0.17417	0.10589	0.00709	0.04282	0.02112	0.00616	0.16064	0.20841	0.02507	0.00784	0.00810	0.00605	0.00340	0.00287	0.00087	0.00328	0.00262	0.00237	0.19109
13	0.00740	0.00671	0.03926	0.01153	0.35876	0.00597	0.02047	0.00913	0.00756	0.05198	0.13822	0.02156	0.00937	0.00363	0.00340	0.00087	0.03378	0.00321	0.00215	0.26503
14	0.00895	0.20771	0.23986	0.00987	0.13194	0.07408	0.08905	0.09660	0.00829	0.06543	0.02016	0.00750	0.00526	0.00321	0.00301	0.00093	0.00422	0.00263	0.00189	0.01941
15	0.00773	0.08739	0.45587	0.00827	0.02619	0.01880	0.02470	0.09549	0.14666	0.02409	0.05238	0.00922	0.02148	0.00369	0.00316	0.00102	0.00401	0.00294	0.00210	0.00481
16	0.00480	0.00348	0.00440	0.00415	0.00501	0.00322	0.00312	0.00646	0.03141	0.02508	0.71912	0.04247	0.12113	0.00688	0.00387	0.00105	0.00162	0.00603	0.00355	0.00315
17	0.00646	0.01914	0.05339	0.00785	0.12804	0.08750	0.04304	0.04760	0.06753	0.01017	0.05506	0.24251	0.19581	0.00664	0.01314	0.00115	0.00306	0.00560	0.00259	0.00372
18	0.03133	0.14865	0.32723	0.02535	0.11479	0.02323	0.04763	0.06966	0.08292	0.08802	0.00715	0.00782	0.00531	0.00330	0.00304	0.00098	0.00405	0.00267	0.00200	0.00486
19	0.00527	0.00367	0.02993	0.00493	0.00533	0.00371	0.00372	0.00527	0.00485	0.00679	0.00734	0.01182	0.00712	0.06600	0.39546	0.40953	0.02213	0.00325	0.00161	0.00228
20	0.00508	0.00328	0.00377	0.00376	0.00386	0.00325	0.00221	0.00518	0.00504	0.03212	0.01083	0.03942	0.01228	0.81226	0.01571	0.00303	0.00315	0.03151	0.00211	0.00215
21	0.03666	0.16992	0.27646	0.05563	0.10513	0.00864	0.04652	0.08646	0.08173	0.08203	0.01640	0.00800	0.00558	0.00335	0.00302	0.00098	0.00394	0.00271	0.00204	0.00480
22	0.03605	0.09693	0.16534	0.01872	0.12938	0.10106	0.01676	0.21770	0.05202	0.10618	0.00730	0.00781	0.00540	0.00352	0.00323	0.00098	0.02167	0.00270	0.00234	0.00493
23	0.00496	0.00367	0.00478	0.00480	0.00524	0.02012	0.00346	0.00569	0.00548	0.02003	0.01110	0.12363	0.04059	0.24512	0.45075	0.01930	0.02190	0.00465	0.00205	0.00270
24	0.02397	0.00744	0.05203	0.07153	0.10079	0.00756	0.06535	0.21175	0.14628	0.05749	0.12524	0.01129	0.00968	0.00503	0.03433	0.01124	0.04817	0.00354	0.00268	0.00462
25	0.00773	0.01977	0.30551	0.11238	0.17304	0.00703	0.05344	0.03769	0.02213	0.07487	0.01762	0.00879	0.00566	0.00330	0.00316	0.00098	0.00400	0.01782	0.02307	0.10201
26	0.00738	0.04293	0.07246	0.00652	0.01905	0.05363	0.04465	0.05881	0.10830	0.06682	0.12824	0.10009	0.03356	0.00556	0.00354	0.00107	0.00304	0.13784	0.00277	0.10375
27	0.00855	0.78606	0.11526	0.00606	0.00912	0.01240	0.00639	0.00992	0.00672	0.00805	0.00473	0.00547	0.00422	0.00285	0.00223	0.00074	0.00368	0.00184	0.00141	0.00430
28	0.00498	0.00373	0.00453	0.00450	0.00481	0.03035	0.00307	0.00553	0.00515	0.00700	0.00952	0.01722	0.01006	0.47380	0.39743	0.00406	0.00578	0.00414	0.00188	0.00247
29	0.02619	0.00605	0.00774	0.00599	0.00847	0.00561	0.00493	0.12293	0.03618	0.68379	0.01207	0.01070	0.00778	0.00403	0.00325	0.00100	0.00286	0.00323	0.02902	0.01816
30	0.00622	0.00585	0.00987	0.87641	0.02267	0.00731	0.00914	0.00841	0.00658	0.00841	0.00585	0.00878	0.00439	0.00329	0.00329	0.00110	0.00439	0.00293	0.00146	0.00366
31	0.04106	0.00633	0.00773	0.00614	0.01705	0.00607	0.00498	0.21163	0.02051	0.45990	0.03560	0.01112	0.00814	0.00409	0.00321	0.00097	0.00289	0.03117	0.03508	0.08634
32	0.75282	0.00732	0.00595	0.00601	0.07761	0.08497	0.00436	0.01002	0.00609	0.01383	0.00476	0.00563	0.00376	0.00308	0.00222	0.00100	0.00296	0.00191	0.00197	0.00372
33	0.00988	0.03492	0.03245	0.00698	0.00878	0.26378	0.04406	0.13268	0.11810	0.09201	0.02547	0.01097	0.01950	0.13475	0.00529	0.00129	0.01669	0.00322	0.03501	0.00416
34	0.00649	0.00664	0.08023	0.10681	0.26741	0.00592	0.04018	0.00890	0.06337	0.02171	0.24397	0.03603	0.07216	0.00469	0.00351	0.00104	0.00313	0.00423	0.00242	0.02116
35	0.01383	0.00605	0.00780	0.00607	0.00853	0.00563	0.00498	0.10981	0.06766	0.69332	0.03241	0.01122	0.00853	0.00415	0.00332	0.00102	0.00285	0.00336	0.00393	0.00552
36	0.00871	0.02743	0.00820	0.00659	0.02109	0.00698	0.04030	0.11563	0.34897	0.08921	0.01095	0.03160	0.03290	0.00402	0.00315	0.00093	0.00283	0.00925	0.00290	0.22837
37	0.00603	0.01572	0.19908	0.19446	0.06578	0.00592	0.03408	0.03734	0.00693	0.00945	0.01983	0.12119	0.06704	0.10320	0.03256	0.00149	0.01499	0.04903	0.01219	0.00369
38	0.00896	0.14324	0.02984	0.03259	0.00930	0.02493	0.00568	0.10725	0.54351	0.04286	0.01086	0.01034	0.00818	0.00405	0.00314	0.00103	0.00303	0.00324	0.00294	0.00503
39	0.00461	0.00334	0.00399	0.00388	0.00439	0.00317	0.00265	0.00544	0.00723	0.00982	0.38734	0.04033	0.15334	0.33509	0.00879	0.00186	0.01351	0.00570	0.00289	0.00264
40	0.00785	0.00813	0.14495	0.02626	0.03347	0.01355	0.01572	0.14165	0.28894	0.04161	0.12336	0.01414	0.10595	0.00481	0.00352	0.00107	0.01354	0.00398	0.00291	0.00461
41	0.00399	0.00305	0.00367	0.00412	0.00466	0.00273	0.00286	0.00470	0.00685	0.00877	0.05681	0.54410	0.32293	0.00946	0.00408	0.00124	0.00181	0.00836	0.00308	0.00273
42	0.00737	0.18782	0.03858	0.00608	0.03801	0.00661	0.04177	0.02132	0.00700	0.01030	0.00584	0.00685	0.00487	0.00264	0.00249	0.00061	0.00291	0.00210	0.03341	0.57340
43	0.01007	0.00992	0.29088	0.00777	0.04172	0.02632	0.03328	0.04226	0.03135	0.32659	0.01819	0.01910	0.00650	0.00357	0.00316	0.00096	0.00363	0.00292	0.00264	0.11918

[dist]
# distance from previous block
# <min> <max>
4	23

[block]
# block no. 5 follows, 86 sequences, length 11
# corresponding to MSA columns:
# 187-197
name=unknown_F
#
# <colnr> <probs for GDERKNQSTAVLIFYWHMCP>
#	G	D	E	R	K	N	Q	S	T	A	V	L	I	F	Y	W	H	M	C	P
0	0.00766	0.06029	0.04455	0.00764	0.01044	0.00633	0.22781	0.02256	0.06675	0.06480	0.06118	0.03113	0.00749	0.00331	0.00309	0.00083	0.00340	0.00313	0.00220	0.36540
1	0.00529	0.00338	0.00426	0.00446	0.00488	0.00326	0.00312	0.00590	0.00628	0.06205	0.06080	0.24002	0.03441	0.38205	0.00954	0.00212	0.00269	0.16015	0.00269	0.00266
2	0.00923	0.02022	0.02775	0.00569	0.00825	0.00590	0.00472	0.18770	0.04431	0.16542	0.06465	0.01044	0.05065	0.00373	0.00299	0.00080	0.00274	0.00300	0.00281	0.37901
3	0.06370	0.00689	0.00933	0.00804	0.00817	0.00947	0.00664	0.00783	0.00506	0.00825	0.00473	0.00801	0.00477	0.06237	0.01064	0.00153	0.76664	0.00293	0.00151	0.00349
4	0.03060	0.00881	0.00901	0.00716	0.00960	0.07354	0.00581	0.52702	0.14059	0.10633	0.00890	0.00866	0.00636	0.00392	0.00322	0.00098	0.00349	0.00299	0.00319	0.03982
5	0.00464	0.00387	0.03348	0.00499	0.00578	0.00339	0.00401	0.00598	0.03184	0.00949	0.07732	0.34464	0.18401	0.00890	0.00416	0.00131	0.00230	0.26385	0.00304	0.00298
6	0.00668	0.01648	0.81014	0.00968	0.01445	0.00769	0.06873	0.01043	0.00700	0.01043	0.00596	0.00708	0.00423	0.00310	0.00318	0.00105	0.00491	0.00253	0.00141	0.00484
7	0.00722	0.00634	0.02706	0.00526	0.00807	0.00506	0.00431	0.06578	0.06384	0.01168	0.03541	0.00786	0.00613	0.00284	0.00262	0.00059	0.00256	0.00228	0.00218	0.73292
8	0.00796	0.02344	0.10212	0.00980	0.01224	0.03340	0.30763	0.02816	0.25079	0.02697	0.00831	0.00942	0.00639	0.00443	0.03027	0.00126	0.12728	0.00342	0.00216	0.00456
9	0.00414	0.00298	0.00390	0.00452	0.00482	0.00278	0.00309	0.00482	0.00659	0.00878	0.08285	0.70511	0.06318	0.04294	0.00465	0.00138	0.00197	0.04575	0.00306	0.00270
10	0.00622	0.00585	0.00987	0.87641	0.02267	0.00731	0.00914	0.00841	0.00658	0.00841	0.00585	0.00878	0.00439	0.00329	0.00329	0.00110	0.00439	0.00293	0.00146	0.00366

[dist]
# distance from previous block
# <min> <max>
0	1

[block]
# block no. 6 follows, 86 sequences, length 17
# corresponding to MSA columns:
# 199-215
name=unknown_G
#
# <colnr> <probs for GDERKNQSTAVLIFYWHMCP>
#	G	D	E	R	K	N	Q	S	T	A	V	L	I	F	Y	W	H	M	C	P
0	0.02831	0.00771	0.01375	0.13535	0.38549	0.00777	0.24182	0.05234	0.00795	0.07712	0.00685	0.00860	0.00525	0.00308	0.00341	0.00104	0.00430	0.00320	0.00190	0.00480
1	0.00423	0.00295	0.00390	0.00448	0.00466	0.00284	0.00297	0.00468	0.00595	0.00797	0.01599	0.67513	0.01893	0.12986	0.05912	0.04039	0.00255	0.00810	0.00276	0.00254
2	0.66065	0.00792	0.07003	0.00654	0.08442	0.06909	0.00509	0.00993	0.00617	0.01338	0.00512	0.00645	0.00414	0.00325	0.00251	0.00102	0.01926	0.01928	0.00194	0.00382
3	0.00444	0.00327	0.00422	0.00467	0.00527	0.00305	0.00354	0.00547	0.00737	0.00971	0.17089	0.36559	0.16873	0.00902	0.00418	0.00129	0.00209	0.22119	0.00315	0.00286
4	0.00694	0.00595	0.00688	0.00502	0.00786	0.00469	0.00401	0.00903	0.07558	0.01097	0.00646	0.00727	0.00529	0.00260	0.00251	0.00054	0.00245	0.00209	0.00206	0.83179
5	0.00841	0.00702	0.00745	0.00667	0.00855	0.00807	0.00520	0.01744	0.82929	0.04245	0.01338	0.01224	0.00998	0.00445	0.00335	0.00111	0.00261	0.00371	0.00337	0.00522
6	0.00890	0.00727	0.03384	0.25787	0.20740	0.00762	0.02715	0.15740	0.10654	0.10517	0.01882	0.00962	0.01656	0.00364	0.00330	0.00104	0.00370	0.00316	0.01624	0.00476
7	0.00411	0.00306	0.00386	0.00446	0.00490	0.00280	0.00316	0.00483	0.00668	0.00865	0.02132	0.61813	0.20089	0.00977	0.00417	0.00131	0.00197	0.09015	0.00305	0.00273
8	0.00748	0.04036	0.08458	0.03698	0.33793	0.04038	0.16084	0.03300	0.02842	0.01106	0.13979	0.01163	0.04522	0.00382	0.00343	0.00101	0.00387	0.00364	0.00206	0.00449
9	0.02492	0.00753	0.01080	0.24293	0.33372	0.07236	0.02445	0.05527	0.00816	0.17686	0.00741	0.00869	0.00548	0.00334	0.00325	0.00101	0.00397	0.00294	0.00216	0.00475
10	0.86027	0.00634	0.00510	0.05010	0.00722	0.00738	0.00386	0.00961	0.00565	0.01443	0.00465	0.00553	0.00361	0.00307	0.00210	0.00102	0.00264	0.00184	0.00201	0.00357
11	0.00631	0.00574	0.00847	0.06180	0.37081	0.02938	0.00641	0.00792	0.00806	0.01097	0.27680	0.01743	0.16631	0.00511	0.00356	0.00102	0.00286	0.00456	0.00250	0.00399
12	0.00471	0.00375	0.00437	0.00394	0.00520	0.00318	0.00300	0.00596	0.00820	0.01111	0.39817	0.02452	0.35399	0.00667	0.00365	0.00098	0.00174	0.00570	0.00313	0.14804
13	0.00748	0.00664	0.02708	0.00657	0.00826	0.01716	0.03697	0.04163	0.53894	0.01306	0.12862	0.01540	0.02706	0.01969	0.00388	0.00116	0.02198	0.05606	0.01777	0.00458
14	0.00402	0.00293	0.00378	0.00444	0.00474	0.00270	0.00300	0.00464	0.00652	0.00859	0.04325	0.76630	0.11299	0.01000	0.00416	0.00130	0.00187	0.00900	0.00307	0.00270
15	0.07410	0.16333	0.18838	0.00654	0.00879	0.04316	0.03640	0.06602	0.04924	0.01033	0.01860	0.18582	0.05328	0.02630	0.04659	0.00130	0.01153	0.00418	0.00217	0.00392
16	0.02410	0.04860	0.06482	0.01892	0.17280	0.10400	0.09579	0.19483	0.03715	0.13634	0.00834	0.03480	0.00658	0.00385	0.00331	0.00101	0.00398	0.03343	0.00248	0.00486

[dist]
# distance from previous block
# <min> <max>
0	9

[block]
# block no. 7 follows, 86 sequences, length 40
# corresponding to MSA columns:
# 225-235,344-372
name=unknown_H
#
# <colnr> <probs for GDERKNQSTAVLIFYWHMCP>
#	G	D	E	R	K	N	Q	S	T	A	V	L	I	F	Y	W	H	M	C	P
0	0.07678	0.21942	0.21435	0.00657	0.00971	0.04274	0.01897	0.03284	0.00705	0.02080	0.00554	0.00646	0.00447	0.00295	0.00285	0.00079	0.03255	0.00212	0.00173	0.29130
1	0.00516	0.00410	0.00579	0.00553	0.00590	0.00498	0.00423	0.00601	0.00514	0.00743	0.00834	0.01368	0.00830	0.19678	0.54547	0.00418	0.16068	0.00367	0.00175	0.00286
2	0.00702	0.01930	0.17459	0.02538	0.09417	0.00677	0.05698	0.02174	0.28600	0.01189	0.11747	0.06903	0.01097	0.00444	0.00336	0.00104	0.00319	0.00389	0.02369	0.05908
3	0.00455	0.00332	0.00428	0.00412	0.00487	0.00305	0.00306	0.00597	0.00894	0.01251	0.73527	0.09717	0.08629	0.00714	0.00391	0.00107	0.00159	0.00631	0.00354	0.00305
4	0.00638	0.00314	0.00320	0.00315	0.00396	0.00312	0.00237	0.00790	0.00697	0.03612	0.01080	0.01224	0.00843	0.00384	0.00233	0.00077	0.00157	0.00307	0.87749	0.00314
5	0.00776	0.00984	0.19446	0.08515	0.44786	0.04716	0.03738	0.01078	0.08607	0.01070	0.02701	0.00864	0.00593	0.00325	0.00326	0.00101	0.00412	0.00296	0.00178	0.00487
6	0.00764	0.04223	0.52969	0.01106	0.17798	0.00752	0.04158	0.01077	0.02073	0.07895	0.01706	0.00853	0.00548	0.00334	0.00321	0.00103	0.00438	0.02218	0.00176	0.00490
7	0.84944	0.04135	0.00531	0.00439	0.00641	0.00749	0.00363	0.00956	0.00566	0.01433	0.00492	0.02699	0.00404	0.00323	0.00209	0.00101	0.00257	0.00197	0.00204	0.00357
8	0.03641	0.32798	0.20204	0.02650	0.12514	0.00983	0.12650	0.06645	0.01853	0.02338	0.00586	0.00696	0.00466	0.00303	0.00287	0.00092	0.00412	0.00251	0.00168	0.00462
9	0.00650	0.00599	0.05727	0.00796	0.15581	0.00548	0.01570	0.01914	0.19272	0.03280	0.32445	0.02648	0.09306	0.00532	0.00357	0.00104	0.00254	0.01333	0.00296	0.02787
10	0.00407	0.00293	0.00387	0.00461	0.00486	0.00273	0.00314	0.00469	0.00641	0.00849	0.01867	0.81115	0.05258	0.01018	0.00421	0.00134	0.00195	0.04839	0.00305	0.00269
11	0.00899	0.32073	0.01122	0.00653	0.00875	0.09613	0.00552	0.04830	0.43617	0.01134	0.00921	0.00898	0.00722	0.00375	0.00287	0.00094	0.00330	0.00283	0.00249	0.00474
12	0.00904	0.00657	0.00752	0.00576	0.00820	0.00621	0.00465	0.28479	0.02932	0.08589	0.14192	0.01046	0.00962	0.00379	0.00304	0.00080	0.00272	0.00306	0.00286	0.37378
13	0.00700	0.05254	0.43285	0.26449	0.03578	0.05180	0.01011	0.01002	0.03505	0.00956	0.00595	0.00758	0.00447	0.00337	0.00359	0.00106	0.05632	0.00261	0.00150	0.00437
14	0.00771	0.00885	0.03389	0.01397	0.06334	0.00818	0.77188	0.01043	0.00774	0.01054	0.00686	0.00943	0.00530	0.00293	0.00385	0.00111	0.00539	0.02244	0.00169	0.00446
15	0.01230	0.00605	0.00743	0.00602	0.00827	0.00595	0.00487	0.05647	0.25008	0.53501	0.01273	0.01141	0.00858	0.00417	0.00326	0.00103	0.00271	0.00340	0.05492	0.00535
16	0.02726	0.02566	0.00998	0.42185	0.09171	0.00695	0.08675	0.01956	0.08777	0.06036	0.00867	0.12334	0.00755	0.00428	0.00342	0.00110	0.00380	0.00391	0.00207	0.00404
17	0.00402	0.00313	0.00366	0.00398	0.00464	0.00276	0.00281	0.00481	0.00715	0.00911	0.11014	0.41356	0.40036	0.00906	0.00403	0.00121	0.00176	0.00793	0.00311	0.00276
18	0.00406	0.00290	0.00388	0.00464	0.00486	0.00272	0.00315	0.00467	0.00635	0.00846	0.01811	0.84821	0.02166	0.01026	0.00422	0.00134	0.00195	0.04280	0.00305	0.00269
19	0.00810	0.00811	0.04001	0.01987	0.83728	0.00782	0.01017	0.01011	0.00748	0.01074	0.00618	0.00811	0.00518	0.00294	0.00325	0.00098	0.00394	0.00292	0.00162	0.00520
20	0.00505	0.00427	0.00666	0.00631	0.00701	0.00436	0.11476	0.00621	0.02558	0.00887	0.01546	0.52029	0.04638	0.03585	0.00517	0.00138	0.08384	0.09679	0.00269	0.00307
21	0.00465	0.00324	0.00388	0.00421	0.02314	0.00315	0.00254	0.00498	0.00558	0.00747	0.03758	0.22482	0.06888	0.54976	0.01187	0.00244	0.00273	0.01671	0.02003	0.00234
22	0.64616	0.05451	0.02890	0.00508	0.00717	0.08668	0.00428	0.04676	0.00662	0.03929	0.00556	0.03073	0.00451	0.00336	0.00231	0.00099	0.00299	0.00216	0.01815	0.00377
23	0.00527	0.00510	0.05094	0.03689	0.07063	0.01997	0.01408	0.00663	0.00742	0.01002	0.25443	0.04181	0.22678	0.03630	0.10361	0.00166	0.07475	0.02781	0.00261	0.00329
24	0.00949	0.00755	0.09591	0.05335	0.13827	0.00639	0.11837	0.01172	0.04472	0.26616	0.00883	0.00978	0.00645	0.00359	0.00359	0.00099	0.04396	0.01927	0.04047	0.11116
25	0.00678	0.00465	0.01619	0.00591	0.00705	0.00460	0.00495	0.05858	0.09782	0.09582	0.04249	0.13281	0.03315	0.01878	0.00428	0.00136	0.00281	0.45517	0.00317	0.00363
26	0.01346	0.00638	0.00799	0.00618	0.00862	0.00610	0.00508	0.23186	0.01098	0.58622	0.07251	0.01131	0.00913	0.00423	0.00335	0.00101	0.00292	0.00341	0.00384	0.00542
27	0.00722	0.12002	0.44917	0.00872	0.04054	0.00785	0.08108	0.01078	0.09721	0.03489	0.07341	0.00981	0.00751	0.01750	0.00340	0.00105	0.00411	0.01919	0.00192	0.00460
28	0.00479	0.00319	0.00359	0.00359	0.00359	0.00319	0.00199	0.00479	0.00479	0.00638	0.01037	0.02154	0.01197	0.88432	0.01675	0.00319	0.00319	0.00479	0.00199	0.00199
29	0.00744	0.00708	0.01167	0.28431	0.47411	0.00788	0.00927	0.01954	0.01676	0.00990	0.01905	0.00853	0.00531	0.00345	0.00412	0.00107	0.10138	0.00298	0.00163	0.00452
30	0.00438	0.00327	0.00407	0.00405	0.00479	0.00296	0.00297	0.00561	0.00840	0.01143	0.53659	0.17880	0.20516	0.00771	0.00394	0.00111	0.00164	0.00677	0.00340	0.00296
31	0.04279	0.09896	0.07149	0.02841	0.14350	0.03917	0.07098	0.06377	0.16184	0.03632	0.05464	0.04030	0.09045	0.00440	0.00356	0.00104	0.03790	0.00368	0.00237	0.00442
32	0.00450	0.00343	0.00420	0.00442	0.00516	0.00312	0.00321	0.00562	0.03077	0.00952	0.13322	0.40423	0.20933	0.03167	0.00431	0.00125	0.00199	0.07547	0.00304	0.06155
33	0.02879	0.00695	0.06688	0.05880	0.30301	0.02186	0.01725	0.08873	0.01975	0.05436	0.04614	0.20115	0.05295	0.00519	0.00349	0.00108	0.00326	0.00462	0.00239	0.01336
34	0.07125	0.00537	0.00671	0.00543	0.00741	0.00519	0.00442	0.07428	0.00870	0.50919	0.01110	0.01094	0.00767	0.02125	0.06493	0.00133	0.02860	0.00317	0.14833	0.00475
35	0.00568	0.00438	0.00642	0.07176	0.00779	0.00494	0.02993	0.01633	0.00672	0.03602	0.12153	0.04936	0.03659	0.02152	0.29954	0.00264	0.10484	0.14112	0.02964	0.00324
36	0.00544	0.00302	0.00446	0.00446	0.00459	0.00315	0.00307	0.00466	0.00453	0.00617	0.00668	0.01136	0.00665	0.06949	0.19743	0.65422	0.00416	0.00312	0.00154	0.00179
37	0.00990	0.23965	0.03641	0.00742	0.04931	0.09715	0.01379	0.28285	0.12673	0.02230	0.00878	0.00899	0.05164	0.00383	0.00304	0.00093	0.01156	0.00288	0.01812	0.00474
38	0.01955	0.00872	0.01064	0.07133	0.33992	0.13876	0.00765	0.16947	0.02575	0.16455	0.00765	0.00840	0.00568	0.00345	0.00322	0.00098	0.00396	0.00289	0.00241	0.00502
39	0.06400	0.14077	0.24398	0.02431	0.11178	0.03838	0.05919	0.07632	0.03835	0.14780	0.00721	0.00781	0.00528	0.00335	0.00314	0.00098	0.01774	0.00267	0.00213	0.00481

[dist]
# distance from previous block
# <min> <max>
0	1

[block]
# block no. 8 follows, 86 sequences, length 6
# corresponding to MSA columns:
# 374-379
name=unknown_I
#
# <colnr> <probs for GDERKNQSTAVLIFYWHMCP>
#	G	D	E	R	K	N	Q	S	T	A	V	L	I	F	Y	W	H	M	C	P
0	0.50272	0.00747	0.06895	0.02824	0.00869	0.00744	0.04699	0.11764	0.03838	0.10792	0.00688	0.00794	0.00518	0.00352	0.00266	0.00104	0.00309	0.02860	0.00242	0.00423
1	0.00754	0.03097	0.18800	0.07145	0.06401	0.04127	0.07669	0.08396	0.10142	0.04249	0.00847	0.02739	0.00737	0.18682	0.04660	0.00168	0.00418	0.00348	0.00210	0.00411
2	0.00586	0.00569	0.09787	0.00634	0.06342	0.00468	0.03242	0.00782	0.07047	0.03610	0.29209	0.01920	0.05477	0.20868	0.00705	0.02139	0.02204	0.03804	0.00266	0.00341
3	0.00695	0.03305	0.31685	0.04354	0.09230	0.00726	0.13665	0.02497	0.12719	0.01075	0.03185	0.03878	0.04027	0.02559	0.02979	0.00123	0.00420	0.00347	0.00198	0.02334
4	0.03639	0.05619	0.12185	0.00803	0.09753	0.02968	0.07379	0.05106	0.03101	0.07143	0.05559	0.09675	0.08598	0.04697	0.00436	0.00115	0.04889	0.01511	0.03736	0.03088
5	0.02617	0.03241	0.02412	0.00528	0.02875	0.00421	0.02088	0.00745	0.06045	0.06943	0.21175	0.19199	0.14094	0.08872	0.00499	0.00134	0.00236	0.07243	0.00300	0.00333

[dist]
# distance from previous block
# <min> <max>
0	130

# created by:
# /home/simao/soft/augustus-3.0.3/scripts/msa2prfl.pl ./prep/73262.aln
