[name]
unknown

[dist]
# distance from previous block
# <min> <max>
36	188

[block]
# block no. 0 follows, 75 sequences, length 6
# corresponding to MSA columns:
# 441-446
name=unknown_A
#
# <colnr> <probs for GDERKNQSTAVLIFYWHMCP>
#	G	D	E	R	K	N	Q	S	T	A	V	L	I	F	Y	W	H	M	C	P
0	0.00868	0.03228	0.04188	0.12335	0.34198	0.10475	0.02699	0.04229	0.00822	0.01093	0.00753	0.02552	0.00651	0.02222	0.12746	0.00185	0.03735	0.00340	0.02205	0.00477
1	0.00692	0.09210	0.00700	0.00572	0.00689	0.10965	0.00432	0.07051	0.00886	0.01097	0.10750	0.37616	0.16280	0.00837	0.00411	0.00124	0.00292	0.00719	0.00313	0.00363
2	0.00867	0.03572	0.11719	0.00786	0.07114	0.00661	0.00655	0.04170	0.04877	0.08900	0.00973	0.01159	0.04391	0.00408	0.00367	0.00092	0.04209	0.04828	0.00249	0.40001
3	0.00774	0.04685	0.05511	0.09951	0.09697	0.05987	0.06088	0.03707	0.03835	0.02836	0.07013	0.08641	0.14374	0.00585	0.00475	0.02022	0.07754	0.00472	0.00250	0.05342
4	0.03609	0.10195	0.08745	0.00633	0.05387	0.00572	0.00521	0.00853	0.00855	0.07413	0.17626	0.04861	0.27565	0.02510	0.00415	0.00119	0.00280	0.03135	0.00303	0.04404
5	0.09217	0.18027	0.07180	0.05445	0.07628	0.06569	0.00687	0.08359	0.13655	0.06585	0.05452	0.00974	0.00786	0.00396	0.00321	0.00102	0.00379	0.00306	0.00256	0.07678

[dist]
# distance from previous block
# <min> <max>
3	5

[block]
# block no. 1 follows, 75 sequences, length 17
# corresponding to MSA columns:
# 452-468
name=unknown_B
#
# <colnr> <probs for GDERKNQSTAVLIFYWHMCP>
#	G	D	E	R	K	N	Q	S	T	A	V	L	I	F	Y	W	H	M	C	P
0	0.00549	0.02389	0.05176	0.00471	0.00530	0.00418	0.00336	0.00624	0.02245	0.00842	0.06183	0.08763	0.05842	0.57117	0.06753	0.00305	0.00375	0.00560	0.00245	0.00277
1	0.05805	0.14812	0.10968	0.03320	0.18011	0.07728	0.06385	0.04468	0.05470	0.07937	0.01642	0.02951	0.05105	0.00430	0.00358	0.00110	0.01494	0.02269	0.00235	0.00502
2	0.01955	0.03794	0.08181	0.00827	0.05917	0.10169	0.00668	0.22176	0.04627	0.03136	0.06364	0.02951	0.02523	0.01604	0.00394	0.00105	0.03192	0.02001	0.00273	0.19145
3	0.00521	0.00387	0.00571	0.00576	0.00636	0.00445	0.00440	0.00641	0.00594	0.00850	0.01051	0.06243	0.01024	0.07083	0.76512	0.00553	0.00908	0.00437	0.00206	0.00321
4	0.00560	0.00424	0.00603	0.02513	0.00703	0.00405	0.06338	0.02473	0.02937	0.02706	0.16182	0.47491	0.08883	0.02031	0.00459	0.00137	0.00248	0.00819	0.03744	0.00345
5	0.02892	0.02658	0.09305	0.04895	0.18005	0.03461	0.20897	0.12608	0.03437	0.03826	0.03065	0.02516	0.05086	0.00427	0.00428	0.00118	0.05242	0.00387	0.00235	0.00511
6	0.08177	0.02094	0.15179	0.06403	0.21480	0.04361	0.15047	0.12493	0.04905	0.05216	0.00770	0.00900	0.00579	0.00363	0.00361	0.00114	0.00468	0.00327	0.00228	0.00535
7	0.00588	0.00455	0.00505	0.00483	0.00614	0.00435	0.00368	0.00866	0.15500	0.04412	0.19818	0.06788	0.43706	0.00812	0.00425	0.00124	0.00212	0.03147	0.00364	0.00378
8	0.26849	0.00882	0.05639	0.03098	0.16010	0.05255	0.03884	0.10880	0.04961	0.12105	0.01785	0.02141	0.02461	0.00401	0.00328	0.00112	0.00377	0.00317	0.00268	0.02246
9	0.03365	0.11016	0.09176	0.04447	0.12327	0.02705	0.11974	0.11433	0.01860	0.09433	0.05944	0.00988	0.00758	0.00384	0.00366	0.00105	0.02362	0.00329	0.00247	0.10782
10	0.03321	0.07073	0.17875	0.31929	0.04629	0.00795	0.00881	0.05709	0.00787	0.01088	0.00872	0.13770	0.00803	0.00594	0.04338	0.00142	0.02329	0.00411	0.00205	0.02450
11	0.00662	0.00746	0.13413	0.00744	0.03388	0.05048	0.00637	0.02145	0.00660	0.00932	0.00855	0.01257	0.00783	0.06904	0.45302	0.04953	0.08562	0.00361	0.02278	0.00370
12	0.00862	0.11618	0.13468	0.17532	0.29988	0.04830	0.03854	0.01103	0.02336	0.03051	0.02010	0.04588	0.00667	0.00392	0.00370	0.00112	0.02183	0.00341	0.00192	0.00501
13	0.05491	0.03433	0.04895	0.11122	0.11821	0.07266	0.07426	0.03560	0.08578	0.05893	0.09248	0.01586	0.16154	0.00522	0.00388	0.01077	0.00378	0.00439	0.00269	0.00455
14	0.00648	0.00525	0.00698	0.00696	0.05042	0.00623	0.00483	0.01713	0.03145	0.00887	0.01010	0.09665	0.01080	0.33603	0.09860	0.02212	0.23851	0.00482	0.03451	0.00327
15	0.00810	0.06004	0.30282	0.04478	0.09628	0.01985	0.22141	0.04691	0.02248	0.01192	0.02513	0.04886	0.02337	0.00421	0.00380	0.00118	0.00491	0.03190	0.01704	0.00498
16	0.02216	0.00883	0.03597	0.34777	0.13068	0.04594	0.06077	0.20963	0.03140	0.04575	0.00762	0.00939	0.00568	0.00387	0.00381	0.00117	0.01883	0.00331	0.00235	0.00506

[dist]
# distance from previous block
# <min> <max>
8	87

[block]
# block no. 2 follows, 75 sequences, length 8
# corresponding to MSA columns:
# 572-579
name=unknown_C
#
# <colnr> <probs for GDERKNQSTAVLIFYWHMCP>
#	G	D	E	R	K	N	Q	S	T	A	V	L	I	F	Y	W	H	M	C	P
0	0.16998	0.18353	0.05295	0.05469	0.04566	0.07925	0.08028	0.04984	0.05956	0.05218	0.05050	0.02009	0.02778	0.04138	0.00387	0.00117	0.00399	0.00328	0.00236	0.01765
1	0.09732	0.07878	0.07084	0.06801	0.13537	0.09970	0.06553	0.08430	0.00867	0.04320	0.00782	0.02201	0.00675	0.07095	0.03232	0.00142	0.01668	0.02602	0.00221	0.06211
2	0.09657	0.05794	0.05328	0.04324	0.08021	0.09218	0.00647	0.12875	0.04881	0.15526	0.05834	0.07574	0.00981	0.02895	0.00395	0.00119	0.00376	0.02096	0.00295	0.03164
3	0.03745	0.03963	0.04054	0.14196	0.08830	0.02923	0.04781	0.10811	0.05954	0.06596	0.04197	0.09966	0.05948	0.02343	0.00406	0.00120	0.00372	0.03314	0.00272	0.07209
4	0.04231	0.03647	0.12406	0.02391	0.11025	0.00725	0.04234	0.03366	0.15152	0.12262	0.05816	0.03137	0.02641	0.04944	0.04673	0.00147	0.00394	0.00384	0.00278	0.08146
5	0.00925	0.30669	0.13754	0.00730	0.01036	0.04432	0.03230	0.09761	0.00877	0.03262	0.00783	0.06349	0.00692	0.00412	0.00325	0.00095	0.01999	0.02115	0.03658	0.14898
6	0.00551	0.00379	0.00474	0.00507	0.00570	0.00356	0.00354	0.04414	0.00809	0.04649	0.10330	0.57404	0.12489	0.04267	0.00505	0.00147	0.00224	0.00892	0.00349	0.00331
7	0.06427	0.16038	0.18619	0.00897	0.04404	0.06064	0.04774	0.25067	0.04908	0.04801	0.00812	0.04150	0.00642	0.00410	0.00338	0.00108	0.00434	0.00320	0.00255	0.00533

[dist]
# distance from previous block
# <min> <max>
1	9

[block]
# block no. 3 follows, 75 sequences, length 26
# corresponding to MSA columns:
# 589-614
name=unknown_D
#
# <colnr> <probs for GDERKNQSTAVLIFYWHMCP>
#	G	D	E	R	K	N	Q	S	T	A	V	L	I	F	Y	W	H	M	C	P
0	0.00487	0.02877	0.00471	0.00428	0.00534	0.00357	0.00322	0.00612	0.00909	0.01185	0.37376	0.09699	0.41723	0.00855	0.00431	0.00121	0.00189	0.00733	0.00362	0.00329
1	0.03318	0.00643	0.00741	0.00537	0.00848	0.00494	0.00426	0.00914	0.00749	0.01191	0.00668	0.00819	0.00570	0.03587	0.00332	0.00068	0.00276	0.00229	0.00218	0.83372
2	0.00967	0.07130	0.10606	0.02633	0.28903	0.04439	0.09959	0.12228	0.06708	0.03651	0.02775	0.03010	0.00714	0.00397	0.00384	0.00112	0.02603	0.00350	0.00232	0.02200
3	0.00525	0.03697	0.00492	0.00432	0.00535	0.00384	0.00319	0.00648	0.02160	0.02622	0.29614	0.06576	0.37985	0.11683	0.00606	0.00150	0.00216	0.00685	0.00342	0.00327
4	0.00527	0.00364	0.00452	0.00456	0.00475	0.00381	0.00291	0.00565	0.00557	0.00760	0.01152	0.06161	0.01277	0.60657	0.24004	0.00408	0.00516	0.00521	0.00221	0.00254
5	0.00511	0.00367	0.00478	0.00505	0.00538	0.00354	0.02522	0.00568	0.00658	0.00869	0.01685	0.36233	0.05240	0.37303	0.01061	0.00237	0.00297	0.10011	0.00287	0.00277
6	0.00915	0.26049	0.15997	0.03526	0.15560	0.06593	0.09240	0.06540	0.02288	0.01153	0.05364	0.02293	0.02176	0.00387	0.00336	0.00104	0.00450	0.00324	0.00203	0.00500
7	0.00831	0.05882	0.13258	0.02244	0.05966	0.00733	0.10314	0.06191	0.00834	0.01229	0.00668	0.00801	0.00535	0.00315	0.00336	0.00083	0.02578	0.00267	0.00206	0.46729
8	0.03791	0.25843	0.02462	0.04439	0.07398	0.25664	0.04828	0.04053	0.03210	0.02491	0.00613	0.00745	0.00516	0.00393	0.00431	0.00105	0.12096	0.00267	0.00191	0.00465
9	0.00518	0.00349	0.00405	0.00421	0.00425	0.00345	0.00245	0.00530	0.00566	0.00754	0.01318	0.18090	0.01538	0.71129	0.01609	0.00318	0.00330	0.00629	0.00245	0.00237
10	0.01048	0.16912	0.05953	0.09854	0.03044	0.07029	0.11299	0.11361	0.06453	0.11164	0.01880	0.00921	0.00641	0.00406	0.00426	0.00112	0.08544	0.00320	0.00244	0.02389
11	0.00447	0.00320	0.00426	0.00511	0.00533	0.00298	0.00341	0.00511	0.00703	0.00938	0.02024	0.86853	0.02429	0.01151	0.00469	0.00149	0.00213	0.01044	0.00341	0.00298
12	0.07849	0.23275	0.18236	0.00834	0.03428	0.06067	0.00789	0.18222	0.00969	0.06378	0.00733	0.03728	0.00594	0.00416	0.00384	0.00108	0.06954	0.00295	0.00233	0.00510
13	0.01083	0.38268	0.02823	0.03460	0.06230	0.27799	0.09417	0.03321	0.00878	0.00972	0.00579	0.00700	0.00492	0.00347	0.00323	0.00095	0.02314	0.00253	0.00177	0.00468
14	0.00863	0.00773	0.04784	0.04280	0.10260	0.00653	0.05605	0.10959	0.00898	0.04187	0.00824	0.07471	0.00711	0.00382	0.00329	0.00086	0.00345	0.00332	0.00243	0.46016
15	0.00939	0.17905	0.06853	0.26931	0.06558	0.00891	0.00795	0.08964	0.00874	0.12535	0.00891	0.09036	0.00752	0.00502	0.02154	0.00123	0.02207	0.00372	0.00239	0.00478
16	0.00899	0.00799	0.00791	0.00709	0.00902	0.06894	0.00550	0.06873	0.57979	0.01486	0.09108	0.01606	0.08712	0.00547	0.00381	0.00121	0.00305	0.00452	0.00360	0.00527
17	0.00531	0.00355	0.00402	0.00405	0.00406	0.00354	0.00227	0.00533	0.00541	0.00721	0.01192	0.05782	0.01379	0.83654	0.01813	0.00348	0.00350	0.00555	0.00227	0.00226
18	0.01060	0.21464	0.06795	0.03558	0.06111	0.21108	0.01810	0.05845	0.00883	0.08507	0.02152	0.00911	0.00642	0.03950	0.03381	0.00130	0.08247	0.00293	0.02689	0.00466
19	0.01100	0.04312	0.02843	0.02116	0.10677	0.00725	0.11417	0.05365	0.10623	0.29119	0.07208	0.03506	0.03285	0.03459	0.00446	0.00125	0.01750	0.01065	0.00329	0.00531
20	0.00551	0.00391	0.00498	0.00463	0.00566	0.00352	0.00349	0.00713	0.01002	0.03863	0.69415	0.04820	0.11072	0.00753	0.00427	0.00115	0.00183	0.00660	0.00392	0.03415
21	0.00626	0.00461	0.00527	0.00515	0.00587	0.00475	0.00354	0.08872	0.09493	0.01069	0.04112	0.24978	0.09052	0.33621	0.03418	0.00231	0.00313	0.00660	0.00300	0.00335
22	0.04595	0.05716	0.19988	0.00831	0.04441	0.00737	0.06537	0.02789	0.07375	0.03687	0.00804	0.04927	0.00665	0.00376	0.00342	0.00094	0.02198	0.00311	0.00224	0.33362
23	0.12737	0.09596	0.04909	0.09917	0.03230	0.07001	0.04785	0.00907	0.00710	0.02773	0.05419	0.04616	0.00861	0.11428	0.00712	0.13279	0.03121	0.00362	0.00210	0.03429
24	0.00935	0.01849	0.00870	0.00713	0.02409	0.02518	0.04614	0.23891	0.07774	0.06674	0.05520	0.04035	0.17093	0.00646	0.03973	0.00130	0.02745	0.00452	0.01455	0.11703
25	0.07084	0.15761	0.08636	0.02123	0.13312	0.02950	0.07019	0.04257	0.06827	0.04579	0.02115	0.01174	0.05996	0.03918	0.00507	0.00126	0.10849	0.02065	0.00226	0.00476

[dist]
# distance from previous block
# <min> <max>
2	60

[block]
# block no. 4 follows, 75 sequences, length 112
# corresponding to MSA columns:
# 675-748,750-787
name=unknown_E
#
# <colnr> <probs for GDERKNQSTAVLIFYWHMCP>
#	G	D	E	R	K	N	Q	S	T	A	V	L	I	F	Y	W	H	M	C	P
0	0.01116	0.07485	0.02976	0.02510	0.02793	0.07931	0.01752	0.18297	0.20130	0.15089	0.01080	0.04350	0.00841	0.02273	0.03812	0.00135	0.01905	0.00366	0.00315	0.04844
1	0.04921	0.04065	0.00888	0.00767	0.02813	0.26431	0.00582	0.17378	0.02946	0.04191	0.04334	0.01143	0.00825	0.08177	0.18700	0.00228	0.00582	0.00339	0.00252	0.00438
2	0.02813	0.05124	0.07254	0.05429	0.22294	0.08672	0.05612	0.05610	0.03613	0.13860	0.00961	0.03697	0.03531	0.01889	0.01584	0.00123	0.04737	0.00360	0.00248	0.02588
3	0.00703	0.04439	0.13366	0.00760	0.02819	0.02958	0.10062	0.00916	0.04136	0.05584	0.02894	0.20631	0.19406	0.00685	0.00403	0.00122	0.00344	0.03721	0.00281	0.05771
4	0.00465	0.00345	0.00479	0.00541	0.00579	0.00322	0.02674	0.00541	0.00720	0.00953	0.02059	0.77379	0.05929	0.01112	0.00468	0.00148	0.00229	0.04415	0.00336	0.00306
5	0.00829	0.00960	0.05407	0.06587	0.06196	0.02856	0.59484	0.01103	0.00835	0.01128	0.00825	0.08029	0.00701	0.00396	0.00444	0.00125	0.02966	0.00457	0.00195	0.00476
6	0.00835	0.14084	0.60413	0.01046	0.05213	0.07867	0.03343	0.01178	0.00798	0.01101	0.00634	0.00751	0.00474	0.00344	0.00334	0.00109	0.00528	0.00265	0.00160	0.00523
7	0.02643	0.00845	0.04295	0.18368	0.54000	0.00838	0.07129	0.01081	0.00809	0.01163	0.00707	0.00940	0.00572	0.00340	0.00361	0.00112	0.00448	0.00331	0.04493	0.00525
8	0.00455	0.00324	0.00430	0.00511	0.00533	0.00304	0.00343	0.00519	0.00700	0.00932	0.01984	0.80828	0.02373	0.04893	0.00531	0.00159	0.00223	0.03325	0.00336	0.00296
9	0.01266	0.01161	0.09654	0.00859	0.01155	0.10358	0.00748	0.57859	0.07541	0.01961	0.03211	0.00934	0.00707	0.00437	0.00364	0.00110	0.00432	0.00330	0.00328	0.00583
10	0.02382	0.10839	0.00957	0.02535	0.00831	0.04549	0.00600	0.02459	0.00633	0.00876	0.00704	0.01197	0.00705	0.08506	0.07280	0.16035	0.33650	0.04730	0.00184	0.00348
11	0.00533	0.00401	0.00596	0.00598	0.00663	0.00467	0.00468	0.00663	0.00603	0.00864	0.01030	0.01592	0.00982	0.03960	0.78334	0.00557	0.02361	0.04796	0.00204	0.00328
12	0.00610	0.00428	0.00568	0.00596	0.00651	0.00445	0.00443	0.03836	0.00769	0.06072	0.01815	0.57787	0.03816	0.01008	0.00538	0.00149	0.09053	0.10739	0.00330	0.00346
13	0.00982	0.87313	0.01925	0.00628	0.00943	0.01453	0.00628	0.01100	0.00746	0.00864	0.00511	0.00589	0.00471	0.00314	0.00236	0.00079	0.00393	0.00196	0.00157	0.00471
14	0.00707	0.00527	0.00592	0.00558	0.00703	0.00540	0.00428	0.01136	0.29020	0.07191	0.13833	0.11133	0.25456	0.00742	0.00412	0.00126	0.00238	0.04093	0.02136	0.00430
15	0.00529	0.00380	0.00476	0.00449	0.00547	0.00344	0.00338	0.00686	0.01001	0.03279	0.67137	0.02862	0.19046	0.00779	0.00432	0.00117	0.00179	0.00679	0.00393	0.00346
16	0.00762	0.10631	0.76678	0.01004	0.01523	0.00914	0.01283	0.01157	0.00772	0.01133	0.00644	0.00756	0.00466	0.00345	0.00337	0.00112	0.00527	0.00264	0.00155	0.00535
17	0.08868	0.00592	0.00723	0.00638	0.00782	0.06445	0.08595	0.00909	0.05271	0.03518	0.39484	0.06475	0.06741	0.02236	0.00436	0.00126	0.00291	0.07151	0.00336	0.00384
18	0.00839	0.00895	0.02975	0.13247	0.04857	0.15104	0.07406	0.03589	0.00777	0.00995	0.00914	0.16336	0.02632	0.00602	0.00644	0.00133	0.26975	0.00456	0.00211	0.00412
19	0.00443	0.00337	0.00409	0.00466	0.00521	0.00302	0.00321	0.00516	0.00746	0.00955	0.02572	0.59959	0.28970	0.01079	0.00458	0.00141	0.00204	0.00957	0.00341	0.00302
20	0.00942	0.00536	0.00619	0.00535	0.00708	0.04551	0.00418	0.01094	0.02584	0.30733	0.26993	0.03216	0.24216	0.00676	0.00405	0.00117	0.00252	0.00569	0.00393	0.00443
21	0.07027	0.03837	0.08823	0.09982	0.08665	0.11174	0.08004	0.11129	0.09915	0.01284	0.02698	0.01074	0.05431	0.00445	0.00441	0.00118	0.08885	0.00349	0.00236	0.00484
22	0.00923	0.03150	0.31915	0.01261	0.06093	0.02502	0.33564	0.10841	0.00940	0.04163	0.00742	0.00890	0.00542	0.00346	0.00383	0.00117	0.00542	0.00346	0.00204	0.00535
23	0.00450	0.00367	0.00398	0.00402	0.00509	0.00315	0.00297	0.00554	0.00858	0.01069	0.17365	0.11916	0.62378	0.00922	0.00437	0.00125	0.00187	0.00784	0.00352	0.00315
24	0.04770	0.00914	0.01006	0.00779	0.01057	0.00984	0.00641	0.62295	0.01535	0.16075	0.05460	0.01032	0.00816	0.00456	0.00366	0.00111	0.00372	0.00350	0.00379	0.00601
25	0.00877	0.01639	0.02079	0.05249	0.22880	0.00753	0.08585	0.09553	0.11552	0.06791	0.02262	0.16638	0.04705	0.00559	0.00411	0.00122	0.02354	0.00503	0.01991	0.00496
26	0.01117	0.00844	0.01241	0.16615	0.30757	0.00889	0.04050	0.24317	0.01101	0.14151	0.00854	0.00969	0.00626	0.00385	0.00369	0.00113	0.00425	0.00338	0.00272	0.00566
27	0.01370	0.01016	0.01088	0.00840	0.01129	0.01127	0.00692	0.79192	0.06154	0.02273	0.00915	0.00908	0.00651	0.00444	0.00368	0.00111	0.00398	0.00335	0.00368	0.00622
28	0.04558	0.16449	0.14760	0.00920	0.04746	0.08172	0.04255	0.13814	0.10511	0.03867	0.00757	0.00851	0.00594	0.00446	0.01408	0.00119	0.12731	0.00299	0.00232	0.00511
29	0.02986	0.10527	0.01146	0.00968	0.14301	0.00914	0.00693	0.27533	0.06484	0.29189	0.01029	0.01000	0.00722	0.00415	0.00350	0.00109	0.00368	0.00331	0.00341	0.00594
30	0.00534	0.00356	0.00401	0.00401	0.00401	0.00356	0.00223	0.00534	0.00534	0.00712	0.01157	0.02403	0.01335	0.87092	0.01869	0.00356	0.00356	0.00534	0.00223	0.00223
31	0.00540	0.00351	0.00414	0.00419	0.00421	0.00352	0.00244	0.00530	0.00538	0.00719	0.01144	0.06519	0.01310	0.71996	0.03720	0.09445	0.00360	0.00535	0.00221	0.00222
32	0.01032	0.04375	0.03493	0.02300	0.05145	0.06229	0.07017	0.07487	0.09607	0.14593	0.00877	0.01080	0.00706	0.02232	0.00681	0.00135	0.29365	0.02896	0.00257	0.00492
33	0.01498	0.00632	0.00830	0.00655	0.00919	0.00575	0.00534	0.01751	0.11140	0.70424	0.05922	0.01345	0.01072	0.00476	0.00373	0.00115	0.00302	0.00391	0.00442	0.00605
34	0.00500	0.00363	0.00479	0.00542	0.00599	0.00344	0.00410	0.00610	0.00794	0.01050	0.11702	0.43331	0.09557	0.02494	0.00497	0.00153	0.00247	0.25669	0.00345	0.00316
35	0.24050	0.05048	0.09155	0.06118	0.01085	0.00898	0.02960	0.14262	0.22922	0.04292	0.01046	0.01062	0.04748	0.00431	0.00330	0.00116	0.00354	0.00332	0.00285	0.00506
36	0.01231	0.14557	0.09782	0.00831	0.01130	0.13298	0.00742	0.46571	0.03047	0.01726	0.00778	0.00818	0.00582	0.00404	0.00337	0.00103	0.00445	0.00292	0.02771	0.00555
37	0.00610	0.00539	0.00870	0.00754	0.00858	0.00568	0.15500	0.00751	0.00774	0.01087	0.16277	0.28923	0.06226	0.00883	0.05140	0.00160	0.14461	0.00663	0.04593	0.00364
38	0.08795	0.27766	0.07388	0.08607	0.08397	0.08201	0.09188	0.05534	0.00812	0.01105	0.00594	0.00753	0.00494	0.00375	0.00414	0.00108	0.10538	0.00274	0.00183	0.00472
39	0.06828	0.15391	0.23124	0.00883	0.05015	0.07553	0.04543	0.05246	0.05677	0.12204	0.05693	0.02262	0.01640	0.00416	0.00353	0.00109	0.01981	0.00326	0.00247	0.00509
40	0.00445	0.00341	0.00409	0.00459	0.00520	0.00304	0.00319	0.00524	0.00764	0.00977	0.05647	0.53399	0.32462	0.01056	0.00455	0.00139	0.00202	0.00932	0.00343	0.00304
41	0.00837	0.00892	0.04465	0.06285	0.04797	0.04105	0.35718	0.05063	0.03052	0.01164	0.02803	0.03166	0.00865	0.00501	0.00544	0.00133	0.13673	0.11258	0.00222	0.00459
42	0.07038	0.15321	0.24098	0.04270	0.06669	0.01879	0.02405	0.15105	0.08972	0.09607	0.00822	0.00874	0.00605	0.00382	0.00333	0.00109	0.00424	0.00296	0.00249	0.00542
43	0.03132	0.03116	0.33497	0.08641	0.13578	0.00864	0.22243	0.01100	0.00783	0.01133	0.00695	0.00902	0.00536	0.00498	0.05915	0.00148	0.02213	0.00331	0.00172	0.00503
44	0.01027	0.00556	0.00698	0.00623	0.00791	0.00537	0.00486	0.12705	0.04646	0.30182	0.05489	0.30315	0.03491	0.00750	0.00416	0.00130	0.00283	0.06012	0.00388	0.00474
45	0.04576	0.04420	0.15583	0.04554	0.09490	0.02159	0.07117	0.08444	0.12259	0.19417	0.01073	0.03471	0.02945	0.00439	0.00382	0.00117	0.02359	0.00367	0.00287	0.00541
46	0.00976	0.13585	0.16519	0.01022	0.07777	0.12288	0.11847	0.12516	0.01869	0.03446	0.05688	0.04905	0.00807	0.00481	0.02317	0.00121	0.02754	0.00357	0.00230	0.00496
47	0.01168	0.00722	0.00814	0.00677	0.00902	0.00767	0.00542	0.19635	0.29940	0.23439	0.03066	0.01261	0.00979	0.00469	0.00355	0.00112	0.00301	0.00379	0.13912	0.00561
48	0.00659	0.00450	0.00574	0.00540	0.00654	0.00431	0.02456	0.05721	0.02324	0.07552	0.26456	0.20771	0.17148	0.00812	0.00437	0.00127	0.01403	0.05945	0.05169	0.00375
49	0.00972	0.11405	0.09562	0.04213	0.09072	0.03726	0.16709	0.04791	0.12121	0.12014	0.05560	0.04908	0.00905	0.00435	0.00376	0.00114	0.01100	0.00391	0.01111	0.00514
50	0.06244	0.02439	0.10619	0.17167	0.16371	0.05316	0.06649	0.02706	0.00858	0.11459	0.06974	0.05114	0.00888	0.00432	0.00360	0.00114	0.00414	0.00378	0.05017	0.00480
51	0.00499	0.00366	0.00445	0.00451	0.00536	0.00331	0.00328	0.00613	0.00864	0.03043	0.30773	0.23678	0.30196	0.02793	0.03255	0.00147	0.00221	0.00777	0.00358	0.00326
52	0.02737	0.08582	0.03204	0.08433	0.24744	0.02289	0.12740	0.07017	0.00872	0.07918	0.00856	0.04996	0.00739	0.00450	0.00450	0.00120	0.08355	0.04766	0.00228	0.00502
53	0.02933	0.06886	0.06279	0.02849	0.12736	0.02654	0.06986	0.02689	0.07720	0.12358	0.16236	0.03340	0.03872	0.02196	0.00443	0.00123	0.03651	0.05282	0.00293	0.00475
54	0.00457	0.00329	0.00430	0.00497	0.00529	0.00305	0.00335	0.00531	0.00739	0.00988	0.10517	0.72177	0.06171	0.03504	0.00503	0.00150	0.00212	0.00979	0.00344	0.00302
55	0.00778	0.00682	0.01117	0.59088	0.08888	0.00793	0.04654	0.06046	0.00834	0.03796	0.03236	0.02996	0.00728	0.00428	0.00381	0.00123	0.00458	0.04329	0.00207	0.00439
56	0.04585	0.12036	0.14902	0.02741	0.16974	0.05549	0.11148	0.07865	0.06158	0.06749	0.00817	0.02084	0.00637	0.00400	0.01216	0.00113	0.00447	0.00324	0.04734	0.00519
57	0.03042	0.10109	0.10210	0.08546	0.25388	0.17094	0.04500	0.03472	0.02174	0.02826	0.00769	0.07231	0.00676	0.00417	0.00366	0.00110	0.02028	0.00348	0.00203	0.00491
58	0.00495	0.00365	0.00452	0.00498	0.00561	0.00341	0.00353	0.00623	0.04442	0.02278	0.09689	0.54152	0.18995	0.01026	0.00455	0.00140	0.00214	0.04247	0.00350	0.00324
59	0.01640	0.11768	0.10614	0.07235	0.22517	0.04807	0.08993	0.02088	0.01627	0.11994	0.00849	0.01027	0.02586	0.00410	0.00434	0.00115	0.08373	0.02189	0.00220	0.00512
60	0.00877	0.08091	0.07130	0.06832	0.15687	0.00854	0.18121	0.04297	0.08305	0.06832	0.01097	0.06255	0.06609	0.01703	0.00451	0.00123	0.05581	0.00422	0.00240	0.00493
61	0.00507	0.00429	0.03775	0.00482	0.00584	0.00353	0.00373	0.00642	0.02043	0.02798	0.25321	0.28721	0.29545	0.00911	0.00440	0.00130	0.00211	0.02045	0.00354	0.00336
62	0.00990	0.71877	0.07165	0.00721	0.02848	0.07575	0.00696	0.01127	0.00768	0.00894	0.00528	0.00618	0.00474	0.00328	0.00273	0.00085	0.02192	0.00210	0.00160	0.00474
63	0.01963	0.03151	0.28930	0.11451	0.26448	0.05094	0.06168	0.04522	0.03187	0.04574	0.00728	0.00881	0.00551	0.00355	0.00358	0.00113	0.00487	0.00311	0.00195	0.00534
64	0.00817	0.06393	0.20770	0.01012	0.12163	0.12268	0.04899	0.01089	0.06711	0.01116	0.08504	0.05942	0.06213	0.02950	0.01134	0.00127	0.04357	0.02842	0.00232	0.00460
65	0.00710	0.00635	0.02659	0.04257	0.06688	0.03332	0.10294	0.03971	0.05141	0.02861	0.10884	0.16706	0.06462	0.02697	0.00496	0.00141	0.03394	0.17968	0.00298	0.00404
66	0.00900	0.00475	0.00583	0.00510	0.00666	0.00442	0.00399	0.05533	0.00955	0.24594	0.19507	0.06617	0.13531	0.00728	0.04510	0.00134	0.00269	0.00520	0.17626	0.01501
67	0.00804	0.07448	0.09684	0.07882	0.19166	0.02154	0.19729	0.03881	0.01811	0.01134	0.02730	0.09761	0.05119	0.00488	0.00428	0.00121	0.04618	0.02353	0.00217	0.00474
68	0.21283	0.09466	0.03107	0.15846	0.25478	0.03158	0.06852	0.06183	0.03137	0.01292	0.00659	0.00825	0.00523	0.00348	0.00325	0.00111	0.00422	0.00291	0.00203	0.00490
69	0.29884	0.00800	0.02859	0.07209	0.10122	0.00835	0.01646	0.20145	0.03220	0.05653	0.00801	0.00989	0.00632	0.00403	0.00319	0.00111	0.00354	0.04260	0.02287	0.07470
70	0.00502	0.00386	0.00502	0.00599	0.05081	0.00368	0.00393	0.00630	0.04786	0.01001	0.03703	0.58984	0.14647	0.02796	0.00483	0.00146	0.00232	0.04099	0.00333	0.00330
71	0.00912	0.11322	0.16043	0.06864	0.27003	0.05424	0.11083	0.06649	0.02758	0.01178	0.00703	0.02270	0.00574	0.00375	0.00402	0.00113	0.05291	0.00324	0.00192	0.00520
72	0.00560	0.00469	0.00509	0.00516	0.02558	0.04472	0.00378	0.00677	0.00879	0.03191	0.22097	0.10510	0.43928	0.00850	0.00457	0.00125	0.03010	0.04132	0.00342	0.00341
73	0.00513	0.00369	0.00461	0.00484	0.00556	0.00341	0.00348	0.02360	0.00855	0.02716	0.26028	0.40865	0.17904	0.01723	0.00461	0.00136	0.00207	0.02985	0.00361	0.00328
74	0.04023	0.01003	0.09712	0.23142	0.15362	0.07639	0.19952	0.03702	0.02690	0.02716	0.00699	0.00911	0.00539	0.00370	0.00426	0.00119	0.05980	0.00337	0.00191	0.00485
75	0.00689	0.01220	0.00921	0.02205	0.19780	0.03625	0.08698	0.00890	0.05667	0.01982	0.08279	0.28408	0.06408	0.02543	0.02332	0.00144	0.00352	0.05161	0.00283	0.00415
76	0.04837	0.00748	0.09436	0.10920	0.08540	0.00671	0.07698	0.02105	0.03715	0.10391	0.05382	0.05976	0.09004	0.00710	0.06210	0.00157	0.05040	0.06668	0.01346	0.00447
77	0.00711	0.00671	0.03231	0.26597	0.07423	0.02466	0.10304	0.00945	0.05814	0.02656	0.02393	0.11292	0.09154	0.07225	0.00534	0.00142	0.03490	0.00490	0.04052	0.00409
78	0.00848	0.00773	0.05607	0.25875	0.22463	0.00782	0.02658	0.02170	0.11813	0.07753	0.04492	0.01248	0.05725	0.00441	0.00404	0.00119	0.03691	0.00382	0.02262	0.00493
79	0.00670	0.00617	0.01031	0.65001	0.03870	0.00739	0.03803	0.00894	0.00744	0.00969	0.02834	0.02665	0.04365	0.00605	0.06809	0.00158	0.00498	0.02034	0.01296	0.00399
80	0.00958	0.03149	0.19865	0.10766	0.16202	0.08651	0.11248	0.09580	0.00933	0.07115	0.00868	0.02924	0.02828	0.00397	0.00366	0.00113	0.00477	0.00348	0.02700	0.00513
81	0.01255	0.03323	0.01212	0.02977	0.02863	0.66602	0.10983	0.01382	0.00984	0.00939	0.00589	0.00719	0.00486	0.00378	0.00377	0.00101	0.03939	0.00267	0.00186	0.00437
82	0.00624	0.00508	0.00688	0.03494	0.05257	0.02388	0.04483	0.02661	0.03051	0.01204	0.26408	0.13257	0.09596	0.00958	0.11157	0.00180	0.04238	0.00580	0.08894	0.00373
83	0.01994	0.01123	0.30655	0.10902	0.09117	0.04362	0.05724	0.01089	0.04551	0.05447	0.08650	0.04791	0.04700	0.00519	0.01826	0.01930	0.01519	0.00396	0.00228	0.00475
84	0.00819	0.00813	0.04067	0.10060	0.36074	0.02725	0.06345	0.04243	0.06302	0.01171	0.01807	0.08955	0.05928	0.00502	0.00445	0.00122	0.06412	0.02492	0.00228	0.00492
85	0.00504	0.00374	0.00493	0.00556	0.03771	0.00350	0.00373	0.00630	0.02539	0.01755	0.26715	0.48380	0.10257	0.00961	0.00448	0.00134	0.00210	0.00861	0.00355	0.00333
86	0.02456	0.00980	0.24809	0.00871	0.03765	0.02686	0.08219	0.04040	0.01772	0.08273	0.04573	0.15249	0.02964	0.02800	0.10927	0.00187	0.04253	0.00476	0.00249	0.00451
87	0.01025	0.15340	0.11095	0.03329	0.04920	0.16245	0.25235	0.05440	0.02607	0.06303	0.00748	0.02745	0.00593	0.00375	0.00378	0.00110	0.02474	0.00335	0.00210	0.00496
88	0.20704	0.00786	0.01074	0.02339	0.37469	0.00812	0.00783	0.10999	0.00935	0.14041	0.04028	0.01034	0.00740	0.00396	0.00341	0.00113	0.00368	0.02234	0.00267	0.00536
89	0.00499	0.00349	0.00455	0.00504	0.00552	0.00326	0.00349	0.00607	0.02357	0.03028	0.19315	0.62661	0.05558	0.01031	0.00456	0.00140	0.00208	0.00927	0.00357	0.00322
90	0.00793	0.02685	0.01073	0.08891	0.31612	0.02993	0.04850	0.02226	0.04459	0.04151	0.02175	0.22698	0.02699	0.00588	0.00414	0.00123	0.02665	0.01509	0.02934	0.00463
91	0.00758	0.14575	0.01466	0.01029	0.03080	0.00798	0.36307	0.03616	0.00822	0.01084	0.01182	0.28568	0.02227	0.00607	0.00411	0.00125	0.00431	0.02246	0.00242	0.00429
92	0.00572	0.00392	0.00508	0.00540	0.00629	0.00366	0.00428	0.00703	0.00861	0.05500	0.18230	0.21685	0.17993	0.00948	0.00464	0.00143	0.00249	0.29091	0.00358	0.00341
93	0.04971	0.00822	0.03181	0.08641	0.19571	0.02650	0.12409	0.07388	0.00949	0.29108	0.00967	0.02665	0.00701	0.00410	0.00405	0.00117	0.03849	0.00361	0.00289	0.00547
94	0.04462	0.05201	0.07437	0.02329	0.00970	0.00748	0.05953	0.06966	0.23175	0.10824	0.03607	0.08260	0.01044	0.02191	0.04984	0.00146	0.01404	0.00424	0.09389	0.00488
95	0.00492	0.00365	0.00458	0.00454	0.00536	0.00332	0.00333	0.00631	0.00944	0.01292	0.55461	0.17334	0.18308	0.00853	0.00439	0.00123	0.00182	0.00750	0.00382	0.00332
96	0.00634	0.00544	0.00789	0.10233	0.00952	0.00626	0.04468	0.00791	0.03488	0.02054	0.18675	0.18229	0.08431	0.00806	0.02576	0.02115	0.20976	0.02967	0.00279	0.00368
97	0.00927	0.08942	0.19140	0.02992	0.04947	0.06371	0.29634	0.06497	0.01621	0.05378	0.03699	0.02248	0.00694	0.01378	0.00411	0.00117	0.02461	0.00363	0.01680	0.00500
98	0.07161	0.00768	0.02899	0.05428	0.09345	0.02373	0.04588	0.08381	0.28042	0.09959	0.01280	0.07713	0.02784	0.00527	0.00377	0.00123	0.00348	0.05356	0.02035	0.00514
99	0.00781	0.00737	0.01323	0.04277	0.01307	0.00724	0.37624	0.03044	0.12339	0.03474	0.17478	0.04511	0.04880	0.05205	0.00499	0.00135	0.00422	0.00509	0.00279	0.00452
100	0.05831	0.11709	0.10206	0.04351	0.01118	0.02221	0.06158	0.11163	0.04745	0.04325	0.00791	0.04992	0.00656	0.00386	0.00339	0.00095	0.02272	0.00310	0.00238	0.28096
101	0.02732	0.00861	0.12460	0.05321	0.06090	0.05413	0.01588	0.01254	0.28353	0.01250	0.06348	0.12688	0.02342	0.00615	0.00406	0.00129	0.01349	0.10039	0.00296	0.00469
102	0.00751	0.00407	0.00478	0.00441	0.00568	0.00369	0.00337	0.00893	0.00892	0.16422	0.19968	0.06724	0.21478	0.00661	0.00369	0.00110	0.00203	0.00557	0.27988	0.00384
103	0.00849	0.04727	0.16778	0.12522	0.15813	0.03680	0.37986	0.01141	0.00829	0.01125	0.00692	0.00909	0.00530	0.00330	0.00386	0.00117	0.00550	0.00356	0.00176	0.00504
104	0.08523	0.00726	0.07031	0.04561	0.12330	0.03343	0.03203	0.06772	0.04222	0.05460	0.08927	0.21437	0.02301	0.00661	0.00399	0.00128	0.00343	0.08903	0.00293	0.00438
105	0.00559	0.00406	0.00540	0.00597	0.02146	0.00399	0.01406	0.05087	0.02988	0.02028	0.03993	0.62074	0.02173	0.03063	0.01445	0.00156	0.00260	0.10004	0.00337	0.00339
106	0.00513	0.00367	0.00484	0.00512	0.00564	0.00362	0.00363	0.02390	0.00764	0.01821	0.17598	0.43327	0.04920	0.07720	0.16275	0.00237	0.00362	0.00783	0.00319	0.00318
107	0.06033	0.07612	0.16373	0.04652	0.02649	0.09471	0.07733	0.27515	0.06814	0.01519	0.01765	0.03139	0.00656	0.00417	0.00368	0.00112	0.02060	0.00330	0.00257	0.00526
108	0.01085	0.05132	0.09743	0.02549	0.05124	0.11794	0.14341	0.09107	0.20602	0.12477	0.00973	0.01012	0.00717	0.00411	0.00394	0.00115	0.03261	0.00348	0.00277	0.00539
109	0.39605	0.04881	0.06737	0.02425	0.01031	0.11371	0.05938	0.14084	0.00901	0.03414	0.00635	0.00720	0.00484	0.00357	0.00293	0.00106	0.00398	0.00252	0.00237	0.06131
110	0.00947	0.39535	0.22342	0.00986	0.08748	0.07929	0.08072	0.02710	0.00818	0.02020	0.00609	0.00722	0.00497	0.00332	0.00305	0.00096	0.00472	0.00256	0.00173	0.02431
111	0.00553	0.00408	0.00561	0.00546	0.00602	0.00440	0.02181	0.00661	0.03809	0.00871	0.04189	0.07591	0.06487	0.22656	0.37275	0.07721	0.02416	0.00500	0.00232	0.00301

[dist]
# distance from previous block
# <min> <max>
0	3

[block]
# block no. 5 follows, 75 sequences, length 20
# corresponding to MSA columns:
# 791-810
name=unknown_F
#
# <colnr> <probs for GDERKNQSTAVLIFYWHMCP>
#	G	D	E	R	K	N	Q	S	T	A	V	L	I	F	Y	W	H	M	C	P
0	0.07445	0.13503	0.29565	0.00760	0.01088	0.02325	0.02932	0.04339	0.03605	0.04934	0.14987	0.03697	0.01093	0.00445	0.00339	0.00107	0.00385	0.00358	0.02025	0.06068
1	0.09816	0.06651	0.27775	0.02411	0.16490	0.04604	0.02703	0.06101	0.00868	0.09333	0.00821	0.00957	0.02386	0.00381	0.00338	0.00109	0.00436	0.02081	0.00223	0.05517
2	0.04905	0.00586	0.00742	0.00589	0.00829	0.00535	0.00481	0.05143	0.01004	0.60260	0.01334	0.01234	0.00883	0.00444	0.00340	0.00107	0.00285	0.00355	0.19390	0.00556
3	0.00583	0.00371	0.00487	0.00537	0.00597	0.00348	0.00381	0.00691	0.03264	0.08838	0.02009	0.68092	0.05104	0.01049	0.00458	0.00145	0.00232	0.06123	0.00352	0.00340
4	0.05273	0.43140	0.13897	0.00799	0.03819	0.10735	0.00750	0.03458	0.09778	0.02396	0.00675	0.00743	0.00552	0.00361	0.00308	0.00097	0.02279	0.00249	0.00198	0.00494
5	0.05522	0.00677	0.09590	0.04458	0.00952	0.00586	0.08434	0.06481	0.03333	0.01215	0.08055	0.31800	0.01590	0.00736	0.00436	0.00132	0.03161	0.06565	0.05880	0.00397
6	0.00451	0.00364	0.00404	0.00425	0.00522	0.00316	0.00314	0.00548	0.00822	0.01018	0.08570	0.21275	0.57150	0.00970	0.00446	0.00131	0.00200	0.05417	0.00345	0.00312
7	0.04848	0.23485	0.17140	0.00940	0.08614	0.09798	0.03929	0.10640	0.03680	0.07001	0.04395	0.00886	0.00685	0.00407	0.01210	0.00108	0.01201	0.00294	0.00229	0.00512
8	0.01054	0.05824	0.10753	0.03869	0.07409	0.03530	0.00755	0.22070	0.23811	0.07970	0.04694	0.01165	0.00897	0.00457	0.00382	0.00116	0.02224	0.02157	0.00310	0.00555
9	0.00729	0.00521	0.00612	0.00569	0.00704	0.00529	0.00434	0.07363	0.18259	0.07383	0.28461	0.16878	0.12131	0.00752	0.00420	0.00125	0.00239	0.03091	0.00378	0.00424
10	0.03900	0.13024	0.40114	0.07727	0.05540	0.04419	0.14867	0.01124	0.00790	0.01107	0.00693	0.03809	0.00556	0.00367	0.00349	0.00113	0.00510	0.00318	0.00173	0.00498
11	0.00922	0.10443	0.15096	0.15258	0.04509	0.12230	0.04210	0.06559	0.02725	0.05884	0.00848	0.08662	0.00733	0.00532	0.03101	0.00130	0.05257	0.00367	0.02067	0.00466
12	0.00509	0.00358	0.00461	0.00510	0.00561	0.00338	0.00356	0.00627	0.03585	0.03012	0.14667	0.59486	0.07034	0.03337	0.00495	0.00147	0.00218	0.03623	0.00351	0.00323
13	0.00492	0.00363	0.00438	0.00470	0.00537	0.00336	0.00336	0.00585	0.03315	0.00981	0.07725	0.33493	0.30840	0.03932	0.00598	0.09108	0.00226	0.05601	0.00324	0.00300
14	0.04599	0.03489	0.04897	0.06154	0.18128	0.07539	0.06841	0.09558	0.05128	0.13448	0.03401	0.03150	0.00766	0.00436	0.00431	0.00116	0.07706	0.00355	0.03346	0.00513
15	0.54702	0.00805	0.00924	0.05673	0.05350	0.03218	0.12790	0.06732	0.00774	0.02527	0.00605	0.00727	0.00464	0.00344	0.00288	0.00113	0.00372	0.00260	0.00226	0.03106
16	0.00889	0.16857	0.35589	0.00908	0.03485	0.06759	0.04985	0.05103	0.00859	0.04820	0.04118	0.00973	0.04311	0.00396	0.00359	0.00105	0.02810	0.00308	0.00205	0.06162
17	0.04098	0.13752	0.04627	0.03293	0.03828	0.02596	0.04384	0.02942	0.09986	0.06868	0.04333	0.27105	0.04067	0.00684	0.01907	0.00127	0.00336	0.00556	0.00286	0.04224
18	0.05818	0.07884	0.07165	0.02125	0.01078	0.06974	0.09936	0.14068	0.05939	0.08847	0.07329	0.09625	0.01052	0.00514	0.00401	0.00116	0.03787	0.02845	0.00284	0.04213
19	0.21249	0.07872	0.12733	0.02746	0.08165	0.06396	0.03741	0.02942	0.04447	0.04806	0.04694	0.05890	0.01975	0.01728	0.02334	0.00125	0.00395	0.01815	0.00238	0.05707

[dist]
# distance from previous block
# <min> <max>
5	72

[block]
# block no. 6 follows, 75 sequences, length 34
# corresponding to MSA columns:
# 883-916
name=unknown_G
#
# <colnr> <probs for GDERKNQSTAVLIFYWHMCP>
#	G	D	E	R	K	N	Q	S	T	A	V	L	I	F	Y	W	H	M	C	P
0	0.18228	0.06616	0.08573	0.02449	0.01003	0.04549	0.00703	0.08528	0.00783	0.06217	0.01950	0.00820	0.00561	0.00517	0.02452	0.00134	0.30165	0.00286	0.00218	0.05247
1	0.00645	0.00436	0.00548	0.00577	0.02334	0.00428	0.00402	0.00868	0.12633	0.08846	0.10618	0.48813	0.05618	0.04813	0.00502	0.00146	0.00239	0.00803	0.00354	0.00377
2	0.18183	0.07748	0.01017	0.14040	0.05356	0.05092	0.03177	0.14416	0.02756	0.02834	0.00696	0.00864	0.00560	0.03643	0.00406	0.00113	0.03899	0.00284	0.00232	0.14684
3	0.01171	0.13754	0.15772	0.00881	0.03528	0.06782	0.00802	0.34600	0.04277	0.08429	0.00821	0.00881	0.00611	0.00418	0.00387	0.00110	0.04871	0.01068	0.00279	0.00558
4	0.03733	0.15772	0.07493	0.03448	0.01340	0.00914	0.33188	0.03808	0.00790	0.02882	0.00782	0.03576	0.00679	0.06927	0.08146	0.00176	0.05317	0.00381	0.00198	0.00450
5	0.00453	0.00326	0.00428	0.00506	0.00534	0.00303	0.00341	0.00521	0.00715	0.00950	0.03841	0.78656	0.05472	0.02807	0.00495	0.00152	0.00217	0.02644	0.00340	0.00299
6	0.01033	0.06090	0.02490	0.07151	0.06211	0.05560	0.07455	0.13212	0.17289	0.12022	0.01051	0.03960	0.00814	0.00494	0.02153	0.00123	0.02815	0.00372	0.09190	0.00514
7	0.04932	0.03231	0.37539	0.02516	0.01327	0.17123	0.07055	0.04023	0.07881	0.02827	0.06072	0.02301	0.00761	0.00407	0.00355	0.00113	0.00497	0.00326	0.00217	0.00498
8	0.00521	0.00364	0.00484	0.00553	0.00608	0.00346	0.00417	0.00622	0.00767	0.02685	0.03753	0.49039	0.07843	0.03511	0.00516	0.00158	0.00256	0.26899	0.00340	0.00317
9	0.01548	0.01103	0.25997	0.23592	0.14946	0.03016	0.03818	0.05603	0.05458	0.01165	0.00837	0.03521	0.02491	0.00487	0.03298	0.00135	0.01946	0.00349	0.00199	0.00492
10	0.00799	0.00733	0.00973	0.06374	0.21193	0.06361	0.05089	0.08714	0.04480	0.01175	0.04196	0.05205	0.14559	0.08403	0.03063	0.00156	0.04147	0.03686	0.00256	0.00439
11	0.00655	0.00934	0.26014	0.15873	0.04099	0.00657	0.02350	0.00948	0.06675	0.01103	0.09058	0.19469	0.01307	0.05146	0.00489	0.00139	0.02068	0.02344	0.00244	0.00428
12	0.00464	0.00369	0.00396	0.00394	0.00504	0.00318	0.00294	0.00576	0.00868	0.01103	0.19308	0.06809	0.61013	0.00879	0.00426	0.00121	0.00184	0.00743	0.04913	0.00318
13	0.43130	0.18144	0.02771	0.00613	0.00861	0.02508	0.00536	0.11215	0.00842	0.08599	0.03419	0.00771	0.00592	0.00386	0.00314	0.00108	0.04228	0.00252	0.00250	0.00462
14	0.19117	0.00784	0.01079	0.11687	0.35768	0.02650	0.00824	0.02814	0.06577	0.06400	0.00836	0.02879	0.01645	0.00408	0.00371	0.00117	0.03280	0.02031	0.00231	0.00503
15	0.18391	0.00623	0.00784	0.02662	0.13864	0.00656	0.00630	0.07248	0.04896	0.06147	0.01349	0.06728	0.02943	0.00666	0.00398	0.00136	0.00337	0.30807	0.00299	0.00436
16	0.00509	0.00370	0.00498	0.00535	0.00586	0.00378	0.00397	0.00608	0.00694	0.00935	0.05431	0.26498	0.07414	0.13761	0.25840	0.00309	0.00478	0.14172	0.00284	0.00306
17	0.03920	0.01120	0.26087	0.00827	0.01834	0.03706	0.03946	0.22775	0.04819	0.04726	0.06417	0.01309	0.09912	0.00547	0.02885	0.00129	0.01234	0.00386	0.02915	0.00508
18	0.04793	0.05264	0.09455	0.02769	0.07739	0.06737	0.05555	0.12112	0.10757	0.15164	0.02414	0.11012	0.03605	0.00510	0.00370	0.00117	0.00387	0.00429	0.00299	0.00512
19	0.03587	0.16366	0.29920	0.14057	0.02647	0.03402	0.11732	0.01142	0.00791	0.06262	0.00717	0.00925	0.00559	0.00378	0.00376	0.00114	0.03618	0.02728	0.00188	0.00490
20	0.00507	0.00345	0.00408	0.00435	0.00441	0.00338	0.00259	0.00527	0.00586	0.00782	0.01425	0.28494	0.01673	0.60541	0.01437	0.00292	0.00312	0.00692	0.00259	0.00246
21	0.00831	0.04649	0.09627	0.00669	0.00881	0.00664	0.03969	0.14373	0.09410	0.07025	0.21914	0.09579	0.08367	0.00608	0.00387	0.00116	0.00303	0.00519	0.05649	0.00458
22	0.00986	0.20554	0.06561	0.12663	0.03590	0.09379	0.02175	0.12765	0.08297	0.06392	0.01077	0.04043	0.06867	0.00465	0.00347	0.00109	0.00413	0.02578	0.00254	0.00486
23	0.00587	0.04298	0.02140	0.00534	0.00635	0.00480	0.00410	0.05973	0.03946	0.01090	0.08937	0.26394	0.16000	0.05508	0.18105	0.00234	0.00399	0.00660	0.03315	0.00352
24	0.00677	0.00433	0.00541	0.00550	0.00641	0.00415	0.00398	0.07763	0.02652	0.10594	0.04315	0.56679	0.09448	0.00964	0.00443	0.00138	0.00241	0.02377	0.00358	0.00372
25	0.00706	0.00566	0.00791	0.08442	0.04375	0.00597	0.06415	0.05901	0.10638	0.03890	0.07219	0.25740	0.10899	0.00730	0.00455	0.00130	0.04719	0.03048	0.04328	0.00410
26	0.14681	0.04903	0.11711	0.06159	0.09986	0.04620	0.04286	0.12226	0.05549	0.15921	0.00834	0.00901	0.00609	0.00401	0.00390	0.00115	0.05608	0.00307	0.00265	0.00525
27	0.00926	0.72428	0.10831	0.00659	0.00977	0.01317	0.00681	0.01070	0.00736	0.00887	0.00569	0.00727	0.00527	0.05954	0.00354	0.00101	0.00407	0.00226	0.00161	0.00463
28	0.00458	0.00331	0.00428	0.00500	0.00532	0.00308	0.00340	0.00527	0.00715	0.00944	0.03434	0.70997	0.08675	0.05966	0.00546	0.00159	0.00223	0.04282	0.00335	0.00297
29	0.07569	0.08612	0.04190	0.33325	0.05527	0.21089	0.06442	0.04899	0.00861	0.01076	0.00647	0.00875	0.00517	0.00373	0.00350	0.00111	0.01323	0.01580	0.00188	0.00444
30	0.00943	0.03633	0.04346	0.32476	0.02796	0.08266	0.10180	0.13499	0.00961	0.06494	0.03698	0.01058	0.03040	0.00405	0.00379	0.00113	0.01861	0.00347	0.01012	0.04492
31	0.00797	0.00718	0.00925	0.09163	0.03909	0.03180	0.00646	0.03176	0.02998	0.02524	0.00700	0.01538	0.00626	0.05809	0.06216	0.00157	0.28696	0.00314	0.00204	0.27704
32	0.03595	0.00408	0.00496	0.00489	0.00583	0.00394	0.00358	0.01971	0.02545	0.05547	0.19636	0.26912	0.09984	0.05517	0.07991	0.00176	0.00287	0.00667	0.09053	0.03390
33	0.02633	0.06141	0.31231	0.04105	0.10715	0.08582	0.07452	0.03338	0.04871	0.09388	0.03502	0.04847	0.00750	0.00414	0.00359	0.00114	0.00468	0.00349	0.00227	0.00516

[dist]
# distance from previous block
# <min> <max>
7	68

[block]
# block no. 7 follows, 75 sequences, length 16
# corresponding to MSA columns:
# 989-1004
name=unknown_H
#
# <colnr> <probs for GDERKNQSTAVLIFYWHMCP>
#	G	D	E	R	K	N	Q	S	T	A	V	L	I	F	Y	W	H	M	C	P
0	0.11774	0.16284	0.24053	0.00906	0.06834	0.02465	0.03621	0.12490	0.05582	0.06630	0.00753	0.00829	0.00569	0.00422	0.02343	0.00117	0.00437	0.00282	0.00231	0.03378
1	0.02251	0.08366	0.07353	0.26981	0.25301	0.00920	0.04200	0.05560	0.05281	0.02785	0.00741	0.02431	0.00597	0.00389	0.00403	0.00116	0.05293	0.00332	0.00200	0.00499
2	0.00456	0.00338	0.00427	0.00486	0.00535	0.00309	0.00338	0.00539	0.00764	0.01002	0.09832	0.60726	0.18059	0.01068	0.00460	0.00142	0.00209	0.03657	0.00347	0.00306
3	0.00826	0.00769	0.05274	0.17060	0.07429	0.06796	0.02417	0.05758	0.08643	0.06277	0.09901	0.12528	0.04511	0.02597	0.00459	0.00126	0.04358	0.00479	0.00274	0.03518
4	0.02372	0.06100	0.05719	0.01996	0.00969	0.04102	0.00597	0.22045	0.07844	0.07567	0.05282	0.09378	0.00968	0.00487	0.00373	0.00104	0.03008	0.00388	0.03057	0.17644
5	0.00613	0.00575	0.04030	0.00565	0.00682	0.06520	0.02787	0.02617	0.03095	0.02345	0.07434	0.26691	0.27499	0.05633	0.02212	0.00150	0.02334	0.00705	0.03164	0.00350
6	0.00528	0.00398	0.00475	0.00486	0.00569	0.00377	0.00354	0.03975	0.03643	0.01153	0.22767	0.29880	0.23215	0.06050	0.00529	0.00145	0.00221	0.04550	0.00352	0.00333
7	0.00788	0.05799	0.00866	0.04481	0.04773	0.04596	0.04391	0.07757	0.05099	0.05528	0.08213	0.15402	0.06051	0.09545	0.05285	0.00175	0.06117	0.04442	0.00284	0.00408
8	0.60716	0.00882	0.06347	0.03400	0.07264	0.07659	0.03806	0.01112	0.00702	0.01471	0.00576	0.00691	0.00449	0.00346	0.00267	0.00112	0.00359	0.00234	0.03180	0.00426
