[name]
unknown

[dist]
# distance from previous block
# <min> <max>
0	23

[block]
# block no. 0 follows, 79 sequences, length 16
# corresponding to MSA columns:
# 27-42
name=unknown_A
#
# <colnr> <probs for GDERKNQSTAVLIFYWHMCP>
#	G	D	E	R	K	N	Q	S	T	A	V	L	I	F	Y	W	H	M	C	P
0	0.02298	0.11499	0.04931	0.00769	0.02060	0.10189	0.04083	0.23594	0.16292	0.04548	0.06296	0.04781	0.00917	0.00486	0.01725	0.00112	0.00386	0.01401	0.00286	0.03347
1	0.05879	0.18948	0.22582	0.00750	0.02098	0.07924	0.03008	0.04607	0.03333	0.04102	0.03776	0.08426	0.04805	0.00444	0.00328	0.00101	0.01224	0.00350	0.00219	0.07095
2	0.02749	0.13649	0.12199	0.02016	0.03927	0.12792	0.04753	0.13130	0.11080	0.09576	0.00844	0.00903	0.00639	0.00484	0.04401	0.00123	0.00441	0.00296	0.04573	0.01426
3	0.00893	0.07614	0.17100	0.01012	0.08016	0.08389	0.15278	0.08564	0.15385	0.02332	0.03333	0.01049	0.04349	0.00400	0.00368	0.00108	0.02276	0.00345	0.00233	0.02956
4	0.00484	0.00370	0.00437	0.00451	0.00534	0.00340	0.00330	0.04162	0.00840	0.01095	0.20970	0.31467	0.32594	0.00908	0.00427	0.00126	0.00199	0.03609	0.00342	0.00315
5	0.02617	0.07897	0.17700	0.03720	0.03955	0.03775	0.03278	0.10452	0.06861	0.09218	0.05662	0.12468	0.02781	0.00529	0.01744	0.00116	0.00374	0.00413	0.00264	0.06177
6	0.01041	0.02946	0.14394	0.04151	0.02931	0.05616	0.08254	0.14531	0.09706	0.19563	0.01040	0.04812	0.01946	0.05714	0.00443	0.00124	0.00399	0.00371	0.00286	0.01731
7	0.00491	0.00340	0.00419	0.00452	0.00517	0.00306	0.00317	0.00568	0.00747	0.04974	0.09227	0.48879	0.26150	0.02574	0.00476	0.01879	0.00203	0.00844	0.00332	0.00304
8	0.35545	0.00701	0.04578	0.26927	0.04768	0.00755	0.02419	0.05715	0.00725	0.01292	0.00700	0.06041	0.00587	0.00397	0.00313	0.00113	0.01774	0.00308	0.05937	0.00403
9	0.03948	0.13097	0.07569	0.09775	0.22443	0.03525	0.05835	0.05326	0.02406	0.06566	0.00801	0.05098	0.00705	0.09442	0.00498	0.00131	0.01813	0.00349	0.00210	0.00461
10	0.00713	0.00555	0.02332	0.00588	0.00743	0.00541	0.05491	0.08213	0.16090	0.05440	0.25092	0.08081	0.14510	0.02310	0.00411	0.00118	0.00253	0.00547	0.07562	0.00411
11	0.00493	0.00402	0.00478	0.00533	0.00563	0.04417	0.00370	0.00560	0.00691	0.00906	0.03476	0.74690	0.03764	0.01028	0.00485	0.00140	0.05483	0.00911	0.00311	0.00299
12	0.02175	0.00788	0.02474	0.00634	0.00794	0.15942	0.00496	0.12318	0.16745	0.02950	0.17290	0.10868	0.08090	0.00587	0.00366	0.00110	0.00318	0.00484	0.06145	0.00426
13	0.01136	0.31667	0.01272	0.00744	0.00988	0.30507	0.00626	0.21395	0.01048	0.01187	0.00782	0.00829	0.05630	0.00388	0.00300	0.00091	0.00457	0.00267	0.00221	0.00464
14	0.06360	0.00941	0.18232	0.04768	0.12695	0.03016	0.02817	0.03884	0.15364	0.03143	0.02792	0.02626	0.05841	0.00408	0.00333	0.00103	0.00363	0.00340	0.01677	0.14298
15	0.04957	0.07682	0.03098	0.04304	0.10383	0.19553	0.01656	0.20708	0.12894	0.05280	0.00843	0.03757	0.00669	0.00406	0.00332	0.00103	0.00420	0.00315	0.00260	0.02379

[dist]
# distance from previous block
# <min> <max>
0	2

[block]
# block no. 1 follows, 79 sequences, length 18
# corresponding to MSA columns:
# 45-62
name=unknown_B
#
# <colnr> <probs for GDERKNQSTAVLIFYWHMCP>
#	G	D	E	R	K	N	Q	S	T	A	V	L	I	F	Y	W	H	M	C	P
0	0.00935	0.00827	0.07784	0.11807	0.02955	0.04288	0.13239	0.08552	0.16324	0.14175	0.07700	0.02638	0.03722	0.01947	0.00393	0.00117	0.00387	0.00397	0.01325	0.00486
1	0.02361	0.03526	0.02088	0.00802	0.11220	0.00621	0.04530	0.03611	0.06685	0.05132	0.03326	0.00875	0.00665	0.00315	0.00297	0.00075	0.00308	0.00268	0.00232	0.53064
2	0.00435	0.00313	0.00414	0.00492	0.00519	0.00292	0.00335	0.00501	0.00685	0.00908	0.01998	0.81002	0.05281	0.01091	0.00450	0.00143	0.00208	0.04319	0.00327	0.00288
3	0.06478	0.03101	0.00995	0.00923	0.14166	0.00733	0.05105	0.10681	0.06976	0.26653	0.06867	0.01090	0.00870	0.00418	0.00388	0.00107	0.05375	0.00342	0.01591	0.07141
4	0.00899	0.09620	0.15910	0.06910	0.02184	0.16505	0.04998	0.03593	0.04241	0.08342	0.02287	0.09551	0.03549	0.06488	0.00473	0.00125	0.03274	0.00389	0.00229	0.00434
5	0.00666	0.00626	0.01057	0.86767	0.02427	0.00783	0.00979	0.00900	0.00705	0.00900	0.00626	0.00940	0.00470	0.00352	0.00352	0.00117	0.00470	0.00313	0.00157	0.00392
6	0.00567	0.00390	0.00444	0.00427	0.00454	0.00400	0.00263	0.06392	0.00605	0.00808	0.01147	0.02168	0.03509	0.73019	0.07717	0.00335	0.00384	0.00495	0.00225	0.00250
7	0.00666	0.00626	0.01057	0.86767	0.02427	0.00783	0.00979	0.00900	0.00705	0.00900	0.00626	0.00940	0.00470	0.00352	0.00352	0.00117	0.00470	0.00313	0.00157	0.00392
8	0.01538	0.02763	0.00848	0.00634	0.00905	0.00564	0.00525	0.03685	0.03606	0.78966	0.01357	0.01179	0.00862	0.00434	0.00351	0.00108	0.00303	0.00351	0.00425	0.00595
9	0.00429	0.00307	0.00409	0.00491	0.00511	0.00286	0.00327	0.00491	0.00675	0.00900	0.01943	0.87384	0.02331	0.01104	0.00450	0.00143	0.00204	0.01002	0.00327	0.00286
10	0.00520	0.00339	0.00390	0.00390	0.00390	0.00339	0.00220	0.00509	0.00509	0.00678	0.01076	0.02220	0.01234	0.81556	0.01765	0.06611	0.00339	0.00498	0.00209	0.00209
11	0.07311	0.00940	0.00854	0.00734	0.00944	0.15389	0.00579	0.26618	0.31047	0.01547	0.01118	0.01193	0.03868	0.03324	0.00393	0.00118	0.00372	0.02835	0.00310	0.00505
12	0.00429	0.00307	0.00409	0.00491	0.00511	0.00286	0.00327	0.00491	0.00675	0.00900	0.01943	0.87384	0.02331	0.01104	0.00450	0.00143	0.00204	0.01002	0.00327	0.00286
13	0.00834	0.00815	0.01311	0.25230	0.59230	0.04374	0.01037	0.01046	0.00784	0.01071	0.00648	0.00881	0.00530	0.00327	0.00349	0.00108	0.00442	0.00310	0.00170	0.00506
14	0.07981	0.02994	0.00939	0.00793	0.00937	0.28484	0.00634	0.08171	0.04879	0.07887	0.00692	0.00816	0.00560	0.00497	0.02276	0.00123	0.25517	0.00282	0.05104	0.00433
15	0.00560	0.00366	0.00459	0.00470	0.00549	0.00336	0.00340	0.00653	0.00787	0.09114	0.16034	0.38539	0.22307	0.04005	0.00487	0.00136	0.01550	0.02640	0.00341	0.00326
16	0.39438	0.00640	0.00710	0.00622	0.04614	0.00645	0.00481	0.01374	0.00824	0.43999	0.02799	0.00947	0.00702	0.00390	0.00297	0.00109	0.00291	0.00289	0.00330	0.00499
17	0.28396	0.03652	0.19215	0.00713	0.04440	0.04625	0.00657	0.09775	0.05187	0.05059	0.01890	0.00885	0.01923	0.00376	0.00290	0.00104	0.00349	0.00276	0.11732	0.00455

[dist]
# distance from previous block
# <min> <max>
0	9

[block]
# block no. 2 follows, 79 sequences, length 11
# corresponding to MSA columns:
# 72-82
name=unknown_C
#
# <colnr> <probs for GDERKNQSTAVLIFYWHMCP>
#	G	D	E	R	K	N	Q	S	T	A	V	L	I	F	Y	W	H	M	C	P
0	0.01867	0.10691	0.08468	0.00818	0.09727	0.07330	0.02170	0.05402	0.02309	0.07884	0.02563	0.09258	0.03514	0.00432	0.00340	0.00093	0.02301	0.00352	0.00237	0.24246
1	0.04883	0.06213	0.11645	0.09704	0.22063	0.00734	0.00771	0.02525	0.07599	0.06658	0.03558	0.10860	0.02652	0.00458	0.00353	0.00108	0.01368	0.00393	0.00235	0.07220
2	0.01486	0.00626	0.00821	0.00635	0.00897	0.00568	0.00522	0.10459	0.01077	0.71384	0.06676	0.01253	0.01000	0.00453	0.00358	0.00109	0.00301	0.00368	0.00424	0.00583
3	0.00499	0.00388	0.00474	0.00450	0.00559	0.00350	0.02571	0.00651	0.03870	0.02936	0.31668	0.11714	0.40945	0.00814	0.00416	0.00118	0.00194	0.00704	0.00348	0.00329
4	0.00904	0.21865	0.27610	0.02949	0.10283	0.02973	0.09995	0.06738	0.03067	0.06447	0.00719	0.00860	0.00560	0.00383	0.01564	0.00110	0.00458	0.01817	0.00197	0.00503
5	0.02047	0.00528	0.03309	0.00609	0.00754	0.01591	0.07246	0.04055	0.00762	0.14672	0.02450	0.07873	0.10958	0.01105	0.19047	0.11231	0.00441	0.01643	0.09306	0.00371
6	0.00432	0.00355	0.00381	0.00392	0.00497	0.00305	0.00295	0.00527	0.00804	0.00982	0.08520	0.11565	0.67288	0.00907	0.00424	0.00123	0.00188	0.05384	0.00331	0.00300
7	0.11932	0.00781	0.03296	0.02789	0.05072	0.02351	0.03419	0.23335	0.01065	0.31489	0.02146	0.00987	0.00704	0.00442	0.01499	0.00115	0.03854	0.00320	0.03874	0.00530
8	0.00936	0.12512	0.26614	0.09940	0.15106	0.05106	0.05307	0.04555	0.00838	0.12612	0.00799	0.00895	0.02524	0.00359	0.00333	0.00105	0.00446	0.00298	0.00209	0.00505
9	0.17692	0.00535	0.00572	0.00492	0.00663	0.00547	0.00387	0.05937	0.06458	0.23962	0.01090	0.01191	0.00820	0.06865	0.00398	0.00117	0.00255	0.00327	0.31257	0.00434
10	0.00499	0.00338	0.00394	0.00404	0.00413	0.00333	0.00239	0.00521	0.00572	0.00769	0.07462	0.14736	0.01586	0.68564	0.01496	0.00296	0.00309	0.00593	0.00243	0.00233

[dist]
# distance from previous block
# <min> <max>
1	8

[block]
# block no. 3 follows, 79 sequences, length 36
# corresponding to MSA columns:
# 92-127
name=unknown_D
#
# <colnr> <probs for GDERKNQSTAVLIFYWHMCP>
#	G	D	E	R	K	N	Q	S	T	A	V	L	I	F	Y	W	H	M	C	P
0	0.00985	0.61083	0.01606	0.00669	0.00958	0.01244	0.04305	0.17782	0.00916	0.01130	0.00762	0.00813	0.05715	0.00362	0.00272	0.00086	0.00377	0.00259	0.00204	0.00473
1	0.02021	0.22115	0.10945	0.00806	0.07617	0.02829	0.02374	0.13992	0.00905	0.07359	0.00685	0.00755	0.00534	0.00325	0.00293	0.00084	0.00369	0.00250	0.00223	0.25519
2	0.01316	0.01028	0.01099	0.00847	0.01126	0.06331	0.04377	0.75443	0.01580	0.02089	0.00822	0.00838	0.00588	0.00414	0.00353	0.00105	0.00412	0.00316	0.00334	0.00582
3	0.01213	0.06328	0.25542	0.00725	0.01064	0.00658	0.00741	0.02717	0.00912	0.48327	0.03814	0.01058	0.00789	0.00402	0.00339	0.00106	0.00363	0.00321	0.01507	0.03074
4	0.00429	0.00307	0.00409	0.00491	0.00511	0.00286	0.00327	0.00491	0.00675	0.00900	0.01943	0.87384	0.02331	0.01104	0.00450	0.00143	0.00204	0.01002	0.00327	0.00286
5	0.00429	0.00307	0.00409	0.00491	0.00511	0.00286	0.00327	0.00491	0.00675	0.00900	0.01943	0.87384	0.02331	0.01104	0.00450	0.00143	0.00204	0.01002	0.00327	0.00286
6	0.04847	0.00865	0.01416	0.02005	0.73742	0.03630	0.06158	0.01093	0.00802	0.01160	0.00655	0.00856	0.00546	0.00315	0.00346	0.00105	0.00430	0.00312	0.00177	0.00540
7	0.00771	0.00771	0.01079	0.00925	0.00925	0.01079	0.00771	0.00848	0.00540	0.00848	0.00463	0.00771	0.00463	0.00617	0.01157	0.00154	0.86969	0.00308	0.00154	0.00386
8	0.00707	0.01823	0.85788	0.01005	0.01525	0.00818	0.01302	0.01116	0.00744	0.01116	0.00632	0.00744	0.00446	0.00335	0.00335	0.00112	0.00521	0.00260	0.00149	0.00521
9	0.00526	0.00340	0.00450	0.00488	0.00540	0.00316	0.00343	0.00619	0.00768	0.06246	0.19784	0.57953	0.02395	0.02383	0.00455	0.00136	0.00207	0.03253	0.02480	0.00316
10	0.01581	0.00600	0.00818	0.00627	0.00900	0.00518	0.00518	0.01718	0.01009	0.85660	0.01390	0.01200	0.00872	0.00436	0.00354	0.00109	0.00300	0.00354	0.00436	0.00600
11	0.00504	0.00376	0.00559	0.00559	0.00619	0.00436	0.00431	0.00624	0.00564	0.00812	0.00951	0.01423	0.00898	0.06223	0.82661	0.00557	0.00919	0.00383	0.00190	0.00310
12	0.00614	0.00337	0.00367	0.00360	0.00442	0.00330	0.00270	0.00779	0.00809	0.01341	0.23945	0.01671	0.01560	0.00495	0.00292	0.00090	0.00165	0.00412	0.65392	0.00330
13	0.00436	0.00311	0.00416	0.00498	0.00521	0.00292	0.00338	0.00501	0.00681	0.00907	0.01939	0.83635	0.02317	0.01098	0.00452	0.00144	0.00210	0.04689	0.00327	0.00288
14	0.90103	0.00682	0.00518	0.00463	0.00682	0.00791	0.00382	0.01036	0.00600	0.01581	0.00491	0.00573	0.00382	0.00327	0.00218	0.00109	0.00273	0.00191	0.00218	0.00382
15	0.00832	0.00951	0.02080	0.01485	0.01842	0.00891	0.84135	0.01129	0.00832	0.01129	0.00713	0.00951	0.00535	0.00297	0.00416	0.00119	0.00594	0.00416	0.00178	0.00475
16	0.00728	0.00587	0.00696	0.05964	0.00902	0.00644	0.00562	0.06861	0.33127	0.01272	0.01713	0.04854	0.09132	0.00703	0.00413	0.00135	0.00303	0.30641	0.00330	0.00434
17	0.19943	0.00813	0.01303	0.11115	0.25708	0.03598	0.23928	0.01087	0.00768	0.04945	0.00700	0.03288	0.00565	0.00346	0.00342	0.00112	0.00438	0.00334	0.00199	0.00468
18	0.01095	0.39051	0.01420	0.00825	0.03543	0.36124	0.04056	0.04883	0.00876	0.00928	0.00566	0.02064	0.00497	0.00353	0.00306	0.00089	0.02467	0.00239	0.00177	0.00441
19	0.00768	0.07915	0.06816	0.05129	0.05311	0.00653	0.05025	0.04117	0.07694	0.06067	0.01885	0.13632	0.01862	0.03838	0.00416	0.00116	0.01072	0.08636	0.00256	0.18794
20	0.00946	0.07682	0.11210	0.15354	0.08896	0.01719	0.02998	0.05371	0.07451	0.17349	0.00854	0.00974	0.00642	0.00593	0.07761	0.00152	0.09003	0.00319	0.00240	0.00486
21	0.03717	0.00628	0.00809	0.00626	0.00887	0.00576	0.00516	0.10451	0.01053	0.69931	0.01296	0.01153	0.00833	0.00431	0.00345	0.00107	0.00301	0.00345	0.05419	0.00579
22	0.00658	0.00449	0.01647	0.00476	0.00603	0.01654	0.00366	0.02859	0.03299	0.12917	0.21364	0.17269	0.31884	0.00778	0.00404	0.00118	0.00216	0.00668	0.02003	0.00366
23	0.00832	0.02723	0.01959	0.00698	0.05489	0.00582	0.05312	0.05360	0.02089	0.06106	0.00698	0.00790	0.00555	0.00290	0.00287	0.00067	0.00304	0.00244	0.00226	0.65389
24	0.00617	0.00490	0.00614	0.00598	0.04336	0.00490	0.01556	0.02172	0.12948	0.02650	0.14141	0.05551	0.18569	0.05960	0.16258	0.00207	0.01388	0.01245	0.01472	0.08739
25	0.00429	0.00307	0.00409	0.00491	0.00511	0.00286	0.00327	0.00491	0.00675	0.00900	0.01943	0.87384	0.02331	0.01104	0.00450	0.00143	0.00204	0.01002	0.00327	0.00286
26	0.00691	0.00711	0.09771	0.28322	0.03921	0.00660	0.03301	0.07906	0.07336	0.01944	0.08740	0.11363	0.10946	0.00553	0.00377	0.00118	0.00358	0.01284	0.01282	0.00415
27	0.06646	0.13353	0.15031	0.03351	0.08305	0.13173	0.04317	0.11814	0.00925	0.13859	0.01578	0.00819	0.00571	0.00374	0.00359	0.00104	0.04408	0.00281	0.00233	0.00498
28	0.00581	0.00396	0.00498	0.00462	0.00566	0.00372	0.00350	0.00785	0.05861	0.06557	0.64714	0.04538	0.10059	0.00708	0.00407	0.00112	0.00183	0.00619	0.01874	0.00358
29	0.00456	0.00329	0.00435	0.00503	0.00539	0.00312	0.00352	0.00553	0.02272	0.00970	0.09228	0.69581	0.03725	0.01044	0.00448	0.00141	0.00213	0.08268	0.00333	0.00299
30	0.00790	0.01092	0.28988	0.11096	0.16247	0.03256	0.08252	0.02905	0.00778	0.05586	0.00839	0.11606	0.00738	0.00451	0.00412	0.00117	0.05782	0.00390	0.00200	0.00474
31	0.01069	0.58758	0.01562	0.00703	0.00967	0.27682	0.00629	0.03422	0.00829	0.00877	0.00517	0.00595	0.00457	0.00324	0.00258	0.00081	0.00457	0.00204	0.00166	0.00443
32	0.01721	0.08683	0.05036	0.05874	0.12552	0.02675	0.05088	0.02679	0.20199	0.05652	0.05523	0.13860	0.02391	0.00515	0.00376	0.00113	0.02327	0.00445	0.00268	0.04024
33	0.01949	0.09855	0.08956	0.04995	0.15729	0.18774	0.09083	0.13445	0.07369	0.05411	0.00741	0.00834	0.00569	0.00360	0.00336	0.00103	0.00466	0.00296	0.00224	0.00503
34	0.03290	0.01111	0.23513	0.01219	0.01569	0.00837	0.48729	0.01064	0.00787	0.01126	0.04464	0.03777	0.00686	0.00373	0.00436	0.00119	0.05859	0.00392	0.00184	0.00466
35	0.00821	0.21778	0.30905	0.00973	0.01328	0.03452	0.20312	0.03788	0.00799	0.01082	0.05827	0.00868	0.00652	0.00362	0.00382	0.00106	0.05604	0.00307	0.00179	0.00474

[dist]
# distance from previous block
# <min> <max>
0	2

[block]
# block no. 4 follows, 79 sequences, length 16
# corresponding to MSA columns:
# 130-133,135-146
name=unknown_E
#
# <colnr> <probs for GDERKNQSTAVLIFYWHMCP>
#	G	D	E	R	K	N	Q	S	T	A	V	L	I	F	Y	W	H	M	C	P
0	0.02200	0.00633	0.01997	0.00557	0.00810	0.00555	0.00452	0.07209	0.11099	0.11217	0.04825	0.01085	0.03122	0.00376	0.00301	0.00080	0.00264	0.00305	0.09840	0.43072
1	0.00545	0.00395	0.00538	0.00611	0.00692	0.00388	0.00524	0.00694	0.00802	0.01035	0.02033	0.09085	0.09967	0.00974	0.00478	0.00157	0.00303	0.70134	0.00325	0.00320
2	0.00530	0.00350	0.00427	0.00412	0.00495	0.00328	0.00307	0.00687	0.00911	0.01342	0.56679	0.05399	0.07773	0.00669	0.00376	0.00106	0.00168	0.00582	0.22132	0.00328
3	0.00666	0.00626	0.01057	0.86767	0.02427	0.00783	0.00979	0.00900	0.00705	0.00900	0.00626	0.00940	0.00470	0.00352	0.00352	0.00117	0.00470	0.00313	0.00157	0.00392
4	0.00771	0.00771	0.01079	0.00925	0.00925	0.01079	0.00771	0.00848	0.00540	0.00848	0.00463	0.00771	0.00463	0.00617	0.01157	0.00154	0.86969	0.00308	0.00154	0.00386
5	0.00707	0.01823	0.85788	0.01005	0.01525	0.00818	0.01302	0.01116	0.00744	0.01116	0.00632	0.00744	0.00446	0.00335	0.00335	0.00112	0.00521	0.00260	0.00149	0.00521
6	0.01581	0.00600	0.00818	0.00627	0.00900	0.00518	0.00518	0.01718	0.01009	0.85660	0.01390	0.01200	0.00872	0.00436	0.00354	0.00109	0.00300	0.00354	0.00436	0.00600
7	0.25916	0.00638	0.00745	0.00590	0.00848	0.00617	0.00487	0.04967	0.00923	0.59062	0.01120	0.01012	0.00726	0.00406	0.00317	0.00109	0.00296	0.00308	0.00373	0.00540
8	0.00707	0.01823	0.85788	0.01005	0.01525	0.00818	0.01302	0.01116	0.00744	0.01116	0.00632	0.00744	0.00446	0.00335	0.00335	0.00112	0.00521	0.00260	0.00149	0.00521
9	0.05373	0.00603	0.00805	0.00620	0.00890	0.00530	0.00512	0.01688	0.00991	0.82058	0.01352	0.01173	0.00851	0.00432	0.00349	0.00109	0.00299	0.00347	0.00427	0.00590
10	0.00439	0.00319	0.00417	0.00493	0.00526	0.00297	0.00342	0.00511	0.00696	0.00916	0.02067	0.74015	0.08969	0.01077	0.00450	0.00143	0.00212	0.07495	0.00327	0.00290
11	0.80270	0.00672	0.00551	0.00482	0.00706	0.00760	0.00397	0.01112	0.00645	0.10922	0.00591	0.00642	0.00436	0.00339	0.00233	0.00109	0.00276	0.00209	0.00242	0.00406
12	0.01581	0.00600	0.00818	0.00627	0.00900	0.00518	0.00518	0.01718	0.01009	0.85660	0.01390	0.01200	0.00872	0.00436	0.00354	0.00109	0.00300	0.00354	0.00436	0.00600
13	0.00423	0.00330	0.00385	0.00428	0.00495	0.00292	0.00299	0.00498	0.00735	0.00924	0.02706	0.48005	0.41218	0.01005	0.00434	0.00132	0.00192	0.00881	0.00327	0.00292
14	0.65398	0.00721	0.00611	0.00524	0.00745	0.02598	0.00429	0.12943	0.00790	0.06327	0.00631	0.00691	0.00472	0.00353	0.00249	0.00107	0.00292	0.00227	0.05472	0.00422
15	0.06520	0.42001	0.02416	0.01768	0.02718	0.06676	0.00588	0.13352	0.00866	0.06143	0.02093	0.00837	0.00610	0.05236	0.03356	0.02118	0.01778	0.00262	0.00213	0.00450

[dist]
# distance from previous block
# <min> <max>
0	2

[block]
# block no. 5 follows, 79 sequences, length 6
# corresponding to MSA columns:
# 149-154
name=unknown_F
#
# <colnr> <probs for GDERKNQSTAVLIFYWHMCP>
#	G	D	E	R	K	N	Q	S	T	A	V	L	I	F	Y	W	H	M	C	P
0	0.04317	0.02355	0.08111	0.03187	0.11057	0.00660	0.03267	0.10041	0.04469	0.12089	0.02404	0.05791	0.02197	0.00470	0.02140	0.01843	0.00345	0.00343	0.03849	0.21062
1	0.08125	0.21655	0.17572	0.03942	0.02642	0.06212	0.00728	0.15801	0.04586	0.06832	0.05433	0.00949	0.03301	0.00395	0.00312	0.00101	0.00392	0.00296	0.00240	0.00486
2	0.00972	0.04038	0.00830	0.00646	0.00842	0.03006	0.02424	0.37054	0.01225	0.06338	0.22048	0.06156	0.06073	0.00551	0.00366	0.00107	0.00303	0.00455	0.06098	0.00468
3	0.00498	0.00436	0.04290	0.00596	0.05717	0.00374	0.00414	0.00637	0.04108	0.01006	0.07572	0.53803	0.13950	0.00914	0.00420	0.00130	0.00227	0.00816	0.03762	0.00330
4	0.06494	0.20925	0.20967	0.00747	0.01077	0.03005	0.05508	0.04885	0.00817	0.12954	0.00780	0.02671	0.00623	0.00371	0.00307	0.00096	0.00390	0.03255	0.00225	0.13904
5	0.00573	0.05576	0.00550	0.00478	0.00587	0.00426	0.00364	0.00745	0.06990	0.05750	0.20338	0.24242	0.27113	0.00822	0.00409	0.00122	0.00214	0.04016	0.00338	0.00348

[dist]
# distance from previous block
# <min> <max>
0	4

[block]
# block no. 6 follows, 79 sequences, length 9
# corresponding to MSA columns:
# 159-167
name=unknown_G
#
# <colnr> <probs for GDERKNQSTAVLIFYWHMCP>
#	G	D	E	R	K	N	Q	S	T	A	V	L	I	F	Y	W	H	M	C	P
0	0.00429	0.00307	0.00409	0.00491	0.00511	0.00286	0.00327	0.00491	0.00675	0.00900	0.01943	0.87384	0.02331	0.01104	0.00450	0.00143	0.00204	0.01002	0.00327	0.00286
1	0.00789	0.01140	0.27367	0.15519	0.25959	0.05250	0.10748	0.01083	0.02657	0.01101	0.04536	0.00931	0.00639	0.00350	0.00355	0.00110	0.00476	0.00321	0.00178	0.00491
2	0.00856	0.05663	0.24279	0.06363	0.32356	0.02479	0.10428	0.03289	0.02353	0.04945	0.03188	0.00904	0.00619	0.00344	0.00348	0.00108	0.00455	0.00316	0.00192	0.00517
3	0.00594	0.00414	0.00574	0.03727	0.00677	0.00461	0.00433	0.03176	0.00653	0.04489	0.02877	0.10377	0.01115	0.11553	0.46052	0.00382	0.03742	0.02264	0.06111	0.00328
4	0.00787	0.00580	0.00829	0.26428	0.03852	0.00633	0.03572	0.11259	0.04263	0.08663	0.04144	0.14761	0.02401	0.06054	0.03336	0.00146	0.00369	0.01795	0.05714	0.00412
5	0.00960	0.24001	0.09441	0.03917	0.21024	0.11367	0.05678	0.07434	0.04215	0.03050	0.02537	0.00816	0.00592	0.00355	0.00343	0.00100	0.03197	0.00283	0.00197	0.00492
6	0.00938	0.51617	0.13945	0.06607	0.03837	0.08743	0.00762	0.05815	0.00796	0.00969	0.00550	0.00654	0.00465	0.00331	0.00295	0.00090	0.02729	0.00225	0.00166	0.00464
7	0.00873	0.20955	0.11801	0.00816	0.10408	0.03885	0.00670	0.04263	0.03652	0.04369	0.00674	0.00762	0.00542	0.00313	0.00284	0.00079	0.00356	0.00242	0.02159	0.32897
8	0.04897	0.03337	0.04268	0.00646	0.03590	0.13416	0.00508	0.03592	0.04282	0.10008	0.19662	0.01441	0.08266	0.00475	0.00336	0.00095	0.00316	0.00384	0.02323	0.18160

[dist]
# distance from previous block
# <min> <max>
0	2

[block]
# block no. 7 follows, 79 sequences, length 8
# corresponding to MSA columns:
# 170-173,175-178
name=unknown_H
#
# <colnr> <probs for GDERKNQSTAVLIFYWHMCP>
#	G	D	E	R	K	N	Q	S	T	A	V	L	I	F	Y	W	H	M	C	P
0	0.00658	0.08327	0.08440	0.09628	0.00964	0.00588	0.03868	0.02113	0.04754	0.04010	0.15725	0.06402	0.21649	0.00577	0.00363	0.00106	0.00295	0.00491	0.00274	0.10767
1	0.00842	0.01331	0.50407	0.00840	0.01233	0.00742	0.00964	0.11123	0.02832	0.09553	0.10548	0.01099	0.03043	0.00415	0.00348	0.00109	0.00419	0.00334	0.00240	0.03578
2	0.00473	0.00357	0.00437	0.00422	0.00512	0.00321	0.00315	0.00612	0.00927	0.01260	0.58488	0.07302	0.25709	0.00788	0.00418	0.00115	0.00172	0.00686	0.00368	0.00321
3	0.01016	0.00670	0.01042	0.28227	0.18377	0.00696	0.03713	0.04368	0.02999	0.27493	0.05126	0.01153	0.02730	0.00405	0.00359	0.00112	0.00381	0.00358	0.00276	0.00500
4	0.00769	0.05468	0.51944	0.01043	0.01472	0.00869	0.18368	0.01228	0.13186	0.01158	0.00761	0.00863	0.00558	0.00347	0.00350	0.00113	0.00494	0.00310	0.00186	0.00514
5	0.00810	0.00690	0.00740	0.00684	0.00857	0.00789	0.00524	0.01668	0.72344	0.01389	0.01510	0.14040	0.01261	0.00571	0.00372	0.00123	0.00268	0.00488	0.00354	0.00518
6	0.00728	0.00385	0.00406	0.00379	0.00491	0.00374	0.00291	0.04571	0.00812	0.08277	0.01514	0.01591	0.13361	0.00485	0.00285	0.00091	0.00188	0.00392	0.65023	0.00358
7	0.00735	0.09063	0.40519	0.03553	0.01352	0.00812	0.16086	0.01013	0.00740	0.03194	0.00837	0.13595	0.00754	0.00459	0.00408	0.00117	0.05714	0.00399	0.00189	0.00462

[dist]
# distance from previous block
# <min> <max>
0	1

[block]
# block no. 8 follows, 79 sequences, length 12
# corresponding to MSA columns:
# 180-191
name=unknown_I
#
# <colnr> <probs for GDERKNQSTAVLIFYWHMCP>
#	G	D	E	R	K	N	Q	S	T	A	V	L	I	F	Y	W	H	M	C	P
0	0.04375	0.00599	0.00788	0.00621	0.00871	0.00539	0.00506	0.06068	0.01003	0.71447	0.01377	0.08211	0.00961	0.00487	0.00358	0.00112	0.00296	0.00400	0.00416	0.00567
1	0.00482	0.00346	0.00426	0.00443	0.00518	0.00311	0.00318	0.00586	0.00821	0.03641	0.28322	0.35288	0.25389	0.00906	0.00427	0.00125	0.00188	0.00798	0.00349	0.00313
2	0.11118	0.14080	0.18365	0.06953	0.03449	0.06983	0.06013	0.07224	0.02164	0.08963	0.00742	0.00837	0.00558	0.00359	0.00318	0.00102	0.01735	0.00277	0.09292	0.00467
3	0.00703	0.00669	0.01044	0.66357	0.12014	0.04082	0.00917	0.00910	0.00712	0.00911	0.00667	0.01032	0.00546	0.07487	0.00469	0.00133	0.00460	0.00326	0.00164	0.00397
4	0.00464	0.00377	0.00415	0.00428	0.00525	0.00344	0.00312	0.00625	0.07654	0.01014	0.08886	0.25294	0.50593	0.00902	0.00421	0.00125	0.00193	0.00776	0.00334	0.00318
5	0.00807	0.01197	0.31928	0.06879	0.23662	0.05919	0.08039	0.03056	0.02098	0.02342	0.01790	0.05673	0.00667	0.00399	0.00379	0.00113	0.02837	0.01533	0.00188	0.00494
6	0.03648	0.00337	0.00474	0.00469	0.00485	0.00344	0.00319	0.02362	0.00501	0.00696	0.00671	0.03511	0.00676	0.03271	0.03575	0.77662	0.00322	0.00329	0.00167	0.00180
7	0.00681	0.08821	0.14784	0.00699	0.02236	0.03475	0.06099	0.01819	0.02036	0.05855	0.06048	0.36664	0.05459	0.00701	0.00385	0.00119	0.00323	0.00619	0.00271	0.02903
8	0.00855	0.00973	0.09380	0.02196	0.17190	0.13554	0.11610	0.02451	0.03055	0.03120	0.00847	0.12387	0.00799	0.00510	0.00528	0.00122	0.17554	0.02218	0.00207	0.00446
9	0.08915	0.04380	0.04956	0.00924	0.07273	0.10377	0.06654	0.44422	0.02507	0.01690	0.00771	0.02539	0.00598	0.01984	0.00364	0.00110	0.00422	0.00314	0.00277	0.00524
10	0.09110	0.07880	0.15488	0.02466	0.06845	0.06585	0.03360	0.05399	0.04243	0.04429	0.00746	0.03678	0.00636	0.03539	0.07482	0.00153	0.09711	0.00311	0.00208	0.07731
11	0.12501	0.05812	0.15700	0.03748	0.16958	0.02581	0.05429	0.05411	0.02396	0.15306	0.00822	0.02055	0.00649	0.07501	0.00446	0.00126	0.00396	0.00318	0.00236	0.01609

[dist]
# distance from previous block
# <min> <max>
2	18

[block]
# block no. 9 follows, 79 sequences, length 6
# corresponding to MSA columns:
# 215-220
name=unknown_J
#
# <colnr> <probs for GDERKNQSTAVLIFYWHMCP>
#	G	D	E	R	K	N	Q	S	T	A	V	L	I	F	Y	W	H	M	C	P
0	0.10817	0.02375	0.10988	0.03421	0.12887	0.09543	0.07967	0.05953	0.11739	0.08868	0.00914	0.02830	0.02534	0.00398	0.00336	0.00107	0.00401	0.01712	0.00245	0.05965
1	0.09634	0.00978	0.00958	0.00878	0.08267	0.17351	0.00647	0.31309	0.01099	0.01491	0.03708	0.04392	0.00694	0.00441	0.00421	0.00106	0.09979	0.00318	0.00259	0.07071
2	0.00764	0.15696	0.00867	0.02465	0.00809	0.00667	0.00472	0.10078	0.04310	0.03334	0.07196	0.20473	0.03387	0.00560	0.00338	0.00097	0.00282	0.02854	0.00271	0.25079
3	0.00547	0.00409	0.00540	0.00531	0.00592	0.00461	0.00389	0.00734	0.09865	0.00853	0.01045	0.01638	0.01016	0.26500	0.52780	0.00453	0.00700	0.00418	0.00215	0.00313
4	0.06482	0.03481	0.04553	0.02188	0.12044	0.03990	0.01834	0.08115	0.14373	0.08087	0.01057	0.06289	0.02145	0.01793	0.00371	0.00110	0.01506	0.05388	0.04812	0.11384
5	0.01293	0.01025	0.01027	0.00810	0.01075	0.08436	0.00660	0.69040	0.09707	0.02031	0.00877	0.00874	0.00633	0.00423	0.00350	0.00106	0.00399	0.00317	0.00338	0.00579

[dist]
# distance from previous block
# <min> <max>
0	1

[block]
# block no. 10 follows, 79 sequences, length 8
# corresponding to MSA columns:
# 222-229
name=unknown_K
#
# <colnr> <probs for GDERKNQSTAVLIFYWHMCP>
#	G	D	E	R	K	N	Q	S	T	A	V	L	I	F	Y	W	H	M	C	P
0	0.00486	0.00382	0.00441	0.00422	0.00528	0.00349	0.00318	0.00668	0.05806	0.01220	0.45462	0.02880	0.38193	0.00780	0.00413	0.00115	0.00178	0.00669	0.00360	0.00331
1	0.00872	0.75772	0.01649	0.00588	0.00850	0.01242	0.00565	0.00978	0.00710	0.00839	0.00690	0.12523	0.00711	0.00412	0.00257	0.00085	0.00353	0.00300	0.00175	0.00429
2	0.00731	0.00626	0.00731	0.00522	0.00835	0.00470	0.00418	0.00887	0.00731	0.01148	0.00626	0.00731	0.00522	0.00261	0.00261	0.00052	0.00261	0.00209	0.00209	0.89768
3	0.01353	0.00600	0.00790	0.00635	0.00872	0.00565	0.00517	0.04730	0.09381	0.62343	0.01313	0.01223	0.00884	0.00744	0.12180	0.00173	0.00390	0.00361	0.00391	0.00556
4	0.00734	0.00638	0.00759	0.00555	0.00843	0.00519	0.00446	0.00884	0.00715	0.01124	0.00613	0.00734	0.00517	0.00290	0.00333	0.00060	0.07269	0.00217	0.00204	0.82544
5	0.00927	0.12690	0.00943	0.00587	0.00890	0.00698	0.00491	0.13953	0.00897	0.08434	0.00707	0.00766	0.00554	0.00307	0.00278	0.00069	0.00300	0.00235	0.00242	0.56033
6	0.03186	0.00512	0.00609	0.00555	0.00697	0.00514	0.00429	0.07350	0.11618	0.21305	0.03202	0.16381	0.01320	0.08778	0.00500	0.00139	0.00269	0.08287	0.13921	0.00426
7	0.01034	0.03588	0.07774	0.01004	0.17160	0.02817	0.03101	0.17307	0.11719	0.14604	0.02923	0.01051	0.03264	0.00398	0.00341	0.00102	0.00362	0.00333	0.00284	0.10834

[dist]
# distance from previous block
# <min> <max>
2	15

[block]
# block no. 11 follows, 79 sequences, length 8
# corresponding to MSA columns:
# 250-257
name=unknown_L
#
# <colnr> <probs for GDERKNQSTAVLIFYWHMCP>
#	G	D	E	R	K	N	Q	S	T	A	V	L	I	F	Y	W	H	M	C	P
0	0.07086	0.27317	0.08328	0.00827	0.05692	0.12514	0.02779	0.19006	0.09366	0.01305	0.00707	0.00765	0.00557	0.00361	0.00299	0.00097	0.00413	0.00264	0.01825	0.00494
1	0.00497	0.04385	0.00501	0.00435	0.00538	0.00384	0.00330	0.00653	0.03723	0.01184	0.42977	0.10437	0.31101	0.00787	0.00408	0.00115	0.00187	0.00678	0.00350	0.00329
2	0.09780	0.05128	0.18048	0.03523	0.04133	0.00763	0.03310	0.11104	0.09820	0.07093	0.00982	0.01056	0.05956	0.00396	0.00322	0.00101	0.00359	0.01616	0.00249	0.16263
3	0.00871	0.09282	0.26909	0.04924	0.23051	0.00877	0.09249	0.04081	0.03741	0.07070	0.02239	0.00880	0.00595	0.00358	0.00379	0.00109	0.04364	0.00308	0.00198	0.00514
4	0.00441	0.00318	0.00420	0.00492	0.00524	0.00297	0.00340	0.00515	0.00706	0.00938	0.06260	0.74001	0.06109	0.01067	0.00449	0.00142	0.00209	0.06151	0.00330	0.00292
5	0.04805	0.00980	0.16940	0.18218	0.22749	0.00845	0.12714	0.07085	0.02593	0.03066	0.00691	0.00879	0.00531	0.00394	0.01949	0.00122	0.04443	0.00317	0.00191	0.00490
6	0.02338	0.10287	0.11374	0.05684	0.20198	0.05768	0.03114	0.12110	0.05711	0.07601	0.00815	0.02800	0.00666	0.05889	0.00442	0.00120	0.02267	0.00326	0.01997	0.00492
7	0.03585	0.04116	0.03381	0.04638	0.05078	0.02092	0.11248	0.02159	0.12231	0.06867	0.07010	0.12978	0.20245	0.00620	0.00385	0.00118	0.00316	0.02228	0.00290	0.00416

[dist]
# distance from previous block
# <min> <max>
0	1

[block]
# block no. 12 follows, 79 sequences, length 23
# corresponding to MSA columns:
# 259-281
name=unknown_M
#
# <colnr> <probs for GDERKNQSTAVLIFYWHMCP>
#	G	D	E	R	K	N	Q	S	T	A	V	L	I	F	Y	W	H	M	C	P
0	0.00443	0.00318	0.00420	0.00482	0.00514	0.00298	0.00329	0.00519	0.00716	0.00962	0.12355	0.70011	0.04834	0.02853	0.01867	0.00150	0.00215	0.02094	0.00330	0.00292
1	0.00645	0.00585	0.00578	0.00609	0.00692	0.13053	0.00461	0.00841	0.09673	0.01025	0.06841	0.38685	0.03437	0.00870	0.00427	0.00135	0.00302	0.20485	0.00312	0.00345
2	0.01004	0.60856	0.01557	0.00674	0.00941	0.17178	0.00612	0.01223	0.11265	0.00916	0.00618	0.00672	0.00530	0.00335	0.00260	0.00084	0.00413	0.00222	0.00182	0.00457
3	0.00848	0.05815	0.21067	0.02097	0.03628	0.01731	0.16185	0.01212	0.13173	0.08790	0.02042	0.01024	0.01550	0.00370	0.00334	0.00103	0.00394	0.00330	0.11387	0.07918
4	0.02075	0.08778	0.04429	0.01884	0.14500	0.16975	0.04303	0.17601	0.08060	0.05557	0.00921	0.11646	0.00810	0.00463	0.00347	0.00107	0.00416	0.00383	0.00256	0.00488
5	0.00747	0.01931	0.07809	0.06224	0.16257	0.00569	0.07151	0.00940	0.02713	0.09917	0.04090	0.25680	0.02194	0.00591	0.00371	0.00116	0.00324	0.00535	0.11417	0.00424
6	0.00972	0.07122	0.00951	0.00692	0.03609	0.03480	0.00547	0.28150	0.03503	0.01476	0.00710	0.00775	0.00557	0.00328	0.00296	0.00076	0.00328	0.00252	0.00254	0.45922
7	0.00443	0.00319	0.00433	0.00503	0.00532	0.00309	0.00348	0.00516	0.00668	0.00895	0.01844	0.72638	0.03571	0.01289	0.11159	0.00196	0.00300	0.03437	0.00310	0.00291
8	0.00523	0.00350	0.00419	0.00429	0.00442	0.00353	0.00272	0.00543	0.00550	0.00733	0.01177	0.02422	0.01329	0.69366	0.05490	0.03981	0.00366	0.10802	0.00224	0.00230
9	0.00786	0.18926	0.38435	0.00896	0.02559	0.05851	0.08490	0.02085	0.03438	0.01058	0.04099	0.03906	0.02438	0.00464	0.02855	0.00119	0.01457	0.01484	0.00186	0.00469
10	0.00674	0.00626	0.01016	0.75999	0.02229	0.00744	0.00909	0.00899	0.00708	0.00931	0.00626	0.00914	0.00476	0.00341	0.00341	0.00109	0.00444	0.00300	0.00163	0.11551
11	0.00505	0.00373	0.00544	0.00544	0.00599	0.00428	0.00412	0.00615	0.00560	0.00801	0.00965	0.01500	0.00931	0.13252	0.75676	0.00538	0.00869	0.00394	0.00192	0.00302
12	0.11854	0.00662	0.01059	0.66379	0.08197	0.00792	0.04308	0.00940	0.00704	0.01013	0.00616	0.00889	0.00468	0.00344	0.00338	0.00116	0.00447	0.00302	0.00166	0.00406
13	0.01459	0.11501	0.00947	0.00627	0.00898	0.00648	0.00530	0.05394	0.01002	0.68770	0.03707	0.01146	0.00879	0.00427	0.00340	0.00105	0.00310	0.00340	0.00395	0.00574
14	0.00556	0.00397	0.00554	0.00635	0.00711	0.00395	0.00547	0.00709	0.00799	0.01041	0.01873	0.11213	0.02055	0.00985	0.00484	0.00161	0.00314	0.75925	0.00325	0.00321
15	0.00513	0.00342	0.00384	0.00384	0.00384	0.00342	0.00214	0.00513	0.00513	0.00683	0.01110	0.02306	0.01281	0.87614	0.01794	0.00342	0.00342	0.00513	0.00214	0.00214
16	0.05981	0.00699	0.00897	0.17500	0.01228	0.00726	0.00635	0.18716	0.06115	0.42203	0.01083	0.01049	0.00723	0.00414	0.00347	0.00111	0.00349	0.00333	0.00348	0.00545
17	0.00429	0.00307	0.00409	0.00491	0.00511	0.00286	0.00327	0.00491	0.00675	0.00900	0.01943	0.87384	0.02331	0.01104	0.00450	0.00143	0.00204	0.01002	0.00327	0.00286
18	0.00666	0.00626	0.01057	0.86767	0.02427	0.00783	0.00979	0.00900	0.00705	0.00900	0.00626	0.00940	0.00470	0.00352	0.00352	0.00117	0.00470	0.00313	0.00157	0.00392
19	0.01140	0.37827	0.04036	0.00783	0.01026	0.47919	0.00668	0.01250	0.00872	0.00857	0.00525	0.00610	0.00453	0.00336	0.00280	0.00085	0.00523	0.00212	0.00168	0.00430
20	0.00517	0.00377	0.00471	0.03211	0.01946	0.00342	0.01308	0.00610	0.00765	0.05818	0.05299	0.33622	0.38569	0.02922	0.00456	0.00133	0.00220	0.02773	0.00323	0.00320
21	0.51075	0.02181	0.00699	0.10970	0.02506	0.03788	0.00507	0.04067	0.00752	0.13985	0.04788	0.00838	0.00630	0.00371	0.00275	0.00108	0.00315	0.00262	0.01456	0.00425
22	0.19098	0.02252	0.00831	0.02154	0.00940	0.09303	0.00561	0.20891	0.33395	0.02740	0.01004	0.03694	0.00779	0.00438	0.00325	0.00111	0.00341	0.00334	0.00305	0.00505

[dist]
# distance from previous block
# <min> <max>
1	10

[block]
# block no. 13 follows, 79 sequences, length 11
# corresponding to MSA columns:
# 292-302
name=unknown_N
#
# <colnr> <probs for GDERKNQSTAVLIFYWHMCP>
#	G	D	E	R	K	N	Q	S	T	A	V	L	I	F	Y	W	H	M	C	P
0	0.00770	0.07399	0.48824	0.02854	0.09902	0.00803	0.05075	0.01077	0.00755	0.03602	0.00699	0.00817	0.01951	0.00336	0.00338	0.00102	0.01792	0.00275	0.00173	0.12456
1	0.01450	0.00724	0.00888	0.00679	0.00957	0.00697	0.00560	0.27854	0.01197	0.53760	0.01169	0.01057	0.00763	0.00421	0.00348	0.00104	0.00325	0.00333	0.00395	0.06317
2	0.00728	0.00417	0.00513	0.00458	0.00593	0.00375	0.00354	0.00887	0.02796	0.19197	0.38836	0.02395	0.23295	0.00676	0.00389	0.00111	0.00200	0.00577	0.06818	0.00385
3	0.06427	0.05660	0.05505	0.00796	0.08673	0.05076	0.05821	0.01908	0.05879	0.03637	0.01276	0.38305	0.01358	0.02656	0.01597	0.00134	0.02902	0.00607	0.01392	0.00391
4	0.01408	0.00589	0.00777	0.00613	0.00858	0.00526	0.00499	0.07011	0.01021	0.68430	0.04140	0.06841	0.04620	0.00507	0.00365	0.00112	0.00290	0.00419	0.00418	0.00558
5	0.00429	0.00310	0.00406	0.00483	0.00509	0.00287	0.00324	0.00492	0.00683	0.00903	0.02041	0.82323	0.07329	0.01091	0.00448	0.00142	0.00203	0.00986	0.00327	0.00287
6	0.06406	0.00639	0.00809	0.00630	0.00892	0.00596	0.00518	0.09670	0.03943	0.67400	0.01282	0.01138	0.00827	0.00430	0.00344	0.00108	0.00302	0.00342	0.03148	0.00578
7	0.03778	0.08602	0.22904	0.04421	0.20261	0.00876	0.06052	0.12084	0.05320	0.09541	0.02349	0.00895	0.00625	0.00362	0.00338	0.00107	0.00422	0.00307	0.00229	0.00528
8	0.81173	0.00673	0.00548	0.00480	0.00704	0.00763	0.00395	0.01105	0.00641	0.10064	0.00582	0.00636	0.00431	0.00338	0.00232	0.00109	0.00275	0.00207	0.00240	0.00404
9	0.00466	0.00331	0.00430	0.03076	0.00545	0.00322	0.00327	0.00521	0.00638	0.00848	0.01672	0.57481	0.01973	0.24712	0.00816	0.00198	0.00256	0.04827	0.00291	0.00271
10	0.03489	0.09405	0.01283	0.05258	0.32999	0.05738	0.06500	0.13718	0.09284	0.02903	0.00757	0.00887	0.00602	0.00426	0.02784	0.00119	0.02798	0.00312	0.00223	0.00517

[dist]
# distance from previous block
# <min> <max>
2	3

[block]
# block no. 14 follows, 79 sequences, length 51
# corresponding to MSA columns:
# 306-348,351-358
name=unknown_O
#
# <colnr> <probs for GDERKNQSTAVLIFYWHMCP>
#	G	D	E	R	K	N	Q	S	T	A	V	L	I	F	Y	W	H	M	C	P
0	0.09505	0.00959	0.01008	0.00779	0.01055	0.01065	0.00643	0.76587	0.01560	0.02162	0.00813	0.00821	0.00579	0.00414	0.00340	0.00106	0.00377	0.00306	0.00340	0.00579
1	0.01535	0.00613	0.00821	0.00628	0.00903	0.00534	0.00518	0.04252	0.01016	0.79192	0.01339	0.01167	0.00848	0.00428	0.00350	0.00106	0.00301	0.00347	0.00423	0.04679
2	0.00429	0.00307	0.00409	0.00491	0.00511	0.00286	0.00327	0.00491	0.00675	0.00900	0.01943	0.87384	0.02331	0.01104	0.00450	0.00143	0.00204	0.01002	0.00327	0.00286
3	0.00505	0.00340	0.00385	0.00390	0.00394	0.00337	0.00221	0.00511	0.00529	0.00702	0.01215	0.07291	0.03262	0.80589	0.01684	0.00325	0.00330	0.00546	0.00223	0.00220
4	0.00731	0.00693	0.01175	0.60163	0.28523	0.00800	0.01011	0.00957	0.00735	0.00979	0.00638	0.00918	0.00498	0.00340	0.00351	0.00113	0.00454	0.00313	0.00162	0.00444
5	0.00771	0.00771	0.01079	0.00925	0.00925	0.01079	0.00771	0.00848	0.00540	0.00848	0.00463	0.00771	0.00463	0.00617	0.01157	0.00154	0.86969	0.00308	0.00154	0.00386
6	0.00707	0.01823	0.85788	0.01005	0.01525	0.00818	0.01302	0.01116	0.00744	0.01116	0.00632	0.00744	0.00446	0.00335	0.00335	0.00112	0.00521	0.00260	0.00149	0.00521
7	0.00444	0.00358	0.00395	0.00386	0.00493	0.00309	0.00290	0.00559	0.00869	0.01108	0.31090	0.03136	0.57656	0.00835	0.00416	0.00116	0.00174	0.00708	0.00348	0.00309
8	0.14162	0.00611	0.00775	0.00604	0.00869	0.00557	0.00499	0.01621	0.00951	0.73710	0.01263	0.01110	0.00803	0.00421	0.00335	0.00109	0.00296	0.00331	0.00405	0.00569
9	0.00508	0.00361	0.00482	0.00482	0.00516	0.00395	0.00335	0.00575	0.00541	0.00756	0.01021	0.01812	0.01067	0.42010	0.47104	0.00462	0.00665	0.00440	0.00200	0.00268
10	0.00522	0.00366	0.00475	0.00444	0.00534	0.00336	0.00334	0.00685	0.00989	0.03513	0.79544	0.02630	0.06852	0.00721	0.00414	0.00111	0.00170	0.00635	0.00387	0.00338
11	0.00470	0.00324	0.00397	0.00439	0.00450	0.00313	0.00272	0.00501	0.00596	0.00795	0.01540	0.46255	0.01824	0.42925	0.01100	0.00239	0.00271	0.00765	0.00272	0.00251
12	0.90103	0.00682	0.00518	0.00463	0.00682	0.00791	0.00382	0.01036	0.00600	0.01581	0.00491	0.00573	0.00382	0.00327	0.00218	0.00109	0.00273	0.00191	0.00218	0.00382
13	0.00832	0.00951	0.02080	0.01485	0.01842	0.00891	0.84135	0.01129	0.00832	0.01129	0.00713	0.00951	0.00535	0.00297	0.00416	0.00119	0.00594	0.00416	0.00178	0.00475
14	0.00498	0.00348	0.00461	0.00523	0.00578	0.00328	0.00392	0.00596	0.00748	0.03104	0.06143	0.50861	0.09795	0.01014	0.00453	0.00144	0.00235	0.23141	0.00332	0.00308
15	0.11468	0.00828	0.01399	0.01044	0.01324	0.00831	0.42520	0.16507	0.04271	0.03260	0.00885	0.04541	0.02036	0.00386	0.00366	0.00113	0.00444	0.00392	0.06914	0.00472
16	0.00990	0.09315	0.06953	0.00897	0.04240	0.15831	0.00745	0.16432	0.01930	0.02541	0.03952	0.00831	0.00616	0.00475	0.00634	0.00119	0.32535	0.00296	0.00212	0.00455
17	0.00838	0.02482	0.14862	0.00707	0.03918	0.00605	0.02525	0.04485	0.02835	0.08605	0.01883	0.00826	0.00596	0.00310	0.00296	0.00075	0.00327	0.00253	0.00228	0.53345
18	0.01095	0.03692	0.02115	0.01810	0.00804	0.01827	0.00488	0.05653	0.02357	0.39835	0.14586	0.05602	0.05365	0.00566	0.01727	0.00117	0.03863	0.00434	0.07582	0.00480
19	0.02700	0.00750	0.00858	0.00682	0.00927	0.00780	0.00556	0.35506	0.11713	0.29526	0.05144	0.01185	0.02963	0.00458	0.00351	0.00108	0.00317	0.00364	0.04553	0.00558
20	0.00484	0.00373	0.00444	0.00424	0.00523	0.00340	0.00319	0.00654	0.03870	0.01260	0.54850	0.02842	0.30785	0.00770	0.00414	0.00114	0.00174	0.00665	0.00367	0.00329
21	0.00783	0.01905	0.05878	0.00619	0.02304	0.00535	0.03173	0.02265	0.00762	0.04707	0.00664	0.00760	0.00533	0.00278	0.00277	0.00062	0.00295	0.00228	0.00215	0.73759
22	0.06861	0.00861	0.07292	0.01712	0.02286	0.04127	0.14306	0.19729	0.00989	0.18622	0.01929	0.01924	0.00706	0.04731	0.03973	0.00141	0.05395	0.00346	0.02369	0.01702
23	0.00429	0.00307	0.00409	0.00491	0.00511	0.00286	0.00327	0.00491	0.00675	0.00900	0.01943	0.87384	0.02331	0.01104	0.00450	0.00143	0.00204	0.01002	0.00327	0.00286
24	0.00807	0.00649	0.02806	0.03108	0.10822	0.00640	0.05017	0.07004	0.21490	0.09260	0.10619	0.07739	0.15980	0.00576	0.00380	0.00116	0.00296	0.00502	0.01727	0.00463
25	0.02801	0.07537	0.30060	0.00996	0.11307	0.03856	0.03919	0.05057	0.04191	0.23397	0.00859	0.00894	0.00607	0.00373	0.00356	0.00108	0.02601	0.00299	0.00249	0.00534
26	0.03705	0.00659	0.00759	0.07682	0.00934	0.04136	0.00531	0.16125	0.10341	0.18546	0.22130	0.01474	0.01401	0.00505	0.00377	0.00110	0.02279	0.01367	0.06468	0.00470
27	0.00432	0.00309	0.00411	0.00489	0.00512	0.00288	0.00327	0.00498	0.00688	0.00920	0.05240	0.84029	0.02370	0.01089	0.00448	0.00142	0.00203	0.00987	0.00330	0.00288
28	0.10500	0.01014	0.20143	0.08902	0.09572	0.00827	0.08717	0.18489	0.00952	0.10393	0.00831	0.03778	0.01705	0.00398	0.00361	0.00112	0.02223	0.00332	0.00244	0.00505
29	0.00923	0.37163	0.01414	0.20347	0.03302	0.17965	0.05771	0.02154	0.00787	0.00900	0.00624	0.04905	0.00557	0.00370	0.00311	0.00096	0.01528	0.00284	0.00172	0.00427
30	0.02986	0.00728	0.06660	0.05111	0.10192	0.01777	0.04985	0.06649	0.16873	0.08864	0.04340	0.09812	0.02573	0.02132	0.00391	0.00119	0.00334	0.05994	0.04787	0.04692
31	0.04145	0.07473	0.21592	0.01856	0.06214	0.18345	0.01715	0.10608	0.11301	0.08921	0.00805	0.01852	0.00610	0.00390	0.00351	0.00106	0.02684	0.00293	0.00237	0.00503
32	0.00717	0.01753	0.79037	0.01043	0.01551	0.00824	0.07983	0.01117	0.00751	0.01117	0.00639	0.00761	0.00454	0.00332	0.00341	0.00112	0.00527	0.00273	0.00151	0.00517
33	0.01238	0.04832	0.03071	0.00770	0.00974	0.32440	0.00625	0.08801	0.00996	0.25231	0.07443	0.01027	0.00832	0.00446	0.00417	0.00106	0.08607	0.01386	0.00283	0.00476
