[name]
unknown

[dist]
# distance from previous block
# <min> <max>
0	82

[block]
# block no. 0 follows, 77 sequences, length 16
# corresponding to MSA columns:
# 115-130
name=unknown_A
#
# <colnr> <probs for GDERKNQSTAVLIFYWHMCP>
#	G	D	E	R	K	N	Q	S	T	A	V	L	I	F	Y	W	H	M	C	P
0	0.00519	0.00354	0.00425	0.00428	0.00440	0.00365	0.00262	0.00543	0.00537	0.00728	0.01127	0.04532	0.01266	0.70193	0.16478	0.00383	0.00452	0.00513	0.00217	0.00238
1	0.01034	0.32365	0.17780	0.00881	0.05094	0.15610	0.01966	0.14474	0.03648	0.01179	0.00638	0.00720	0.00512	0.00358	0.00323	0.00097	0.02368	0.00253	0.00200	0.00499
2	0.00897	0.14268	0.24516	0.00923	0.04590	0.07366	0.08536	0.02317	0.18187	0.05741	0.01923	0.04900	0.00801	0.00432	0.00349	0.00112	0.00431	0.02970	0.00238	0.00503
3	0.04270	0.00704	0.03707	0.02514	0.01019	0.02586	0.17108	0.02625	0.18122	0.01091	0.00973	0.01315	0.00846	0.12730	0.24168	0.00278	0.04905	0.00395	0.00230	0.00414
4	0.00511	0.00364	0.00489	0.00496	0.00531	0.00395	0.00346	0.00582	0.00565	0.00787	0.01121	0.09253	0.01194	0.36858	0.44425	0.00448	0.00649	0.00497	0.00215	0.00277
5	0.00713	0.00671	0.01085	0.59410	0.17812	0.02430	0.00942	0.00937	0.00769	0.01014	0.08480	0.01109	0.00774	0.00429	0.01886	0.00124	0.00453	0.00350	0.00186	0.00425
6	0.00813	0.00397	0.00442	0.00404	0.00522	0.00385	0.00312	0.03161	0.00844	0.13753	0.08981	0.01436	0.01139	0.00453	0.00287	0.00091	0.00194	0.00368	0.65634	0.00384
7	0.00519	0.00375	0.00533	0.00533	0.00580	0.00422	0.00393	0.00610	0.00562	0.00797	0.00991	0.01616	0.00983	0.21782	0.64234	0.03362	0.00804	0.00414	0.00197	0.00293
8	0.09351	0.00837	0.00900	0.00681	0.00975	0.00842	0.00557	0.44227	0.01227	0.01784	0.00743	0.00792	0.00561	0.00359	0.00311	0.00087	0.00335	0.00269	0.00291	0.34871
9	0.00689	0.00471	0.00565	0.00513	0.00654	0.00445	0.00400	0.04189	0.08897	0.09907	0.36344	0.04488	0.20012	0.00710	0.00408	0.00117	0.00222	0.05805	0.00369	0.04796
10	0.03388	0.03363	0.02221	0.00670	0.00914	0.00747	0.00557	0.32524	0.01249	0.29900	0.17216	0.01380	0.03255	0.00498	0.00367	0.00110	0.00316	0.00402	0.00382	0.00541
11	0.00592	0.00404	0.00540	0.00591	0.00666	0.00398	0.00489	0.00722	0.00783	0.03565	0.04701	0.03578	0.05296	0.17270	0.00739	0.00195	0.00322	0.58514	0.00316	0.00318
12	0.04084	0.00378	0.00496	0.00555	0.00620	0.00369	0.00426	0.00657	0.00750	0.03956	0.03879	0.45275	0.04641	0.01083	0.04293	0.00168	0.00287	0.27435	0.00328	0.00323
13	0.04064	0.00918	0.08031	0.00653	0.00952	0.14211	0.00561	0.04250	0.00856	0.11289	0.00741	0.00807	0.00569	0.00324	0.00295	0.00077	0.00357	0.00246	0.03118	0.47680
14	0.52856	0.17974	0.02905	0.00561	0.00794	0.08801	0.00485	0.02824	0.00712	0.01343	0.00703	0.04153	0.03924	0.00389	0.00257	0.00105	0.00336	0.00258	0.00216	0.00407
15	0.01077	0.00887	0.02654	0.16177	0.08208	0.13962	0.01494	0.10486	0.04306	0.17804	0.00902	0.02397	0.01810	0.00401	0.00365	0.00103	0.02698	0.00320	0.00265	0.13682

[dist]
# distance from previous block
# <min> <max>
1	10

[block]
# block no. 1 follows, 77 sequences, length 37
# corresponding to MSA columns:
# 141-177
name=unknown_B
#
# <colnr> <probs for GDERKNQSTAVLIFYWHMCP>
#	G	D	E	R	K	N	Q	S	T	A	V	L	I	F	Y	W	H	M	C	P
0	0.00956	0.16070	0.17032	0.02737	0.03008	0.04319	0.07993	0.17381	0.01888	0.04553	0.00771	0.05152	0.00632	0.00387	0.00337	0.00098	0.01284	0.00315	0.00231	0.14857
1	0.03000	0.38992	0.21270	0.00777	0.01099	0.20017	0.00785	0.02261	0.00828	0.03928	0.02736	0.00725	0.00555	0.00373	0.01192	0.00098	0.00474	0.00240	0.00181	0.00469
2	0.00736	0.00411	0.00536	0.00497	0.00615	0.00368	0.00375	0.00867	0.00928	0.20304	0.39630	0.21398	0.10359	0.00774	0.00418	0.00121	0.00211	0.00679	0.00387	0.00387
3	0.01091	0.04132	0.24590	0.00925	0.01212	0.45779	0.02018	0.06890	0.00966	0.01066	0.00712	0.00974	0.00603	0.00415	0.00344	0.00105	0.00565	0.06957	0.00199	0.00457
4	0.00690	0.00624	0.00924	0.07893	0.13223	0.03103	0.04760	0.02289	0.00659	0.00925	0.00796	0.01231	0.00746	0.10720	0.33244	0.00323	0.16914	0.00369	0.00186	0.00382
5	0.88063	0.00688	0.00527	0.00473	0.00691	0.00797	0.00388	0.01045	0.00609	0.01594	0.00503	0.00595	0.00394	0.00353	0.00247	0.01951	0.00279	0.00197	0.00221	0.00385
6	0.78924	0.00756	0.00595	0.00520	0.00748	0.03395	0.00426	0.08848	0.00726	0.01653	0.00537	0.00612	0.00413	0.00344	0.00239	0.00110	0.00300	0.00208	0.00234	0.00411
7	0.00890	0.00855	0.01460	0.02208	0.85115	0.00855	0.01104	0.01104	0.00819	0.01175	0.00677	0.00890	0.00570	0.00320	0.00356	0.00107	0.00427	0.00320	0.00178	0.00570
8	0.00437	0.00365	0.00381	0.00377	0.00493	0.00309	0.00283	0.00539	0.00848	0.01038	0.15092	0.03353	0.73480	0.00886	0.00425	0.00120	0.00180	0.00744	0.00343	0.00309
9	0.00453	0.00353	0.00379	0.00390	0.00466	0.00314	0.00266	0.00516	0.00723	0.00891	0.02752	0.14196	0.51657	0.24108	0.00806	0.00186	0.00230	0.00731	0.00303	0.00279
10	0.00506	0.00361	0.00495	0.00578	0.00628	0.00350	0.00451	0.00617	0.00755	0.00994	0.01945	0.47479	0.02232	0.01063	0.00477	0.00155	0.00267	0.40002	0.00333	0.00311
11	0.00739	0.00632	0.00738	0.00532	0.00845	0.00475	0.00424	0.00896	0.00745	0.01166	0.00670	0.02740	0.00575	0.00286	0.00271	0.00055	0.00265	0.00232	0.00216	0.87497
12	0.00824	0.00681	0.00849	0.00616	0.00931	0.00552	0.05315	0.05429	0.03079	0.04576	0.00710	0.00800	0.00567	0.00290	0.00287	0.00064	0.00295	0.00243	0.00232	0.73658
13	0.01344	0.06060	0.01127	0.00815	0.01104	0.01133	0.00680	0.79080	0.01635	0.02184	0.00842	0.00847	0.00603	0.00425	0.00352	0.00106	0.00395	0.00316	0.00348	0.00603
14	0.01553	0.00631	0.00837	0.00650	0.00923	0.00567	0.00534	0.03096	0.07598	0.77427	0.01414	0.01228	0.00902	0.00448	0.00362	0.00112	0.00306	0.00365	0.00438	0.00609
15	0.00438	0.00313	0.00417	0.00501	0.00522	0.00292	0.00334	0.00501	0.00689	0.00918	0.01983	0.87124	0.02379	0.01127	0.00459	0.00146	0.00209	0.01023	0.00334	0.00292
16	0.01054	0.46078	0.08816	0.00716	0.00998	0.16324	0.00675	0.04458	0.00862	0.08658	0.05548	0.00805	0.00678	0.00373	0.00310	0.00091	0.02621	0.00256	0.00208	0.00471
17	0.00818	0.00781	0.01369	0.05095	0.35458	0.00799	0.20636	0.03071	0.02926	0.02630	0.00971	0.09888	0.03433	0.00473	0.00457	0.00122	0.07461	0.02910	0.00216	0.00486
18	0.00445	0.00318	0.00423	0.00496	0.00523	0.00297	0.00334	0.00518	0.00720	0.00967	0.09770	0.79196	0.02474	0.01090	0.00456	0.00143	0.00205	0.00988	0.00340	0.00297
19	0.01049	0.00827	0.00890	0.00751	0.00975	0.00929	0.00601	0.35233	0.42178	0.01782	0.04597	0.03616	0.01060	0.00510	0.00373	0.00118	0.00325	0.03261	0.00363	0.00562
20	0.00751	0.00772	0.05991	0.43985	0.07168	0.06510	0.07112	0.00975	0.00791	0.02943	0.02792	0.02448	0.00863	0.00483	0.00388	0.00125	0.00460	0.14819	0.00208	0.00416
21	0.00453	0.00324	0.00437	0.00517	0.00545	0.00308	0.00359	0.00527	0.00697	0.00929	0.01940	0.77047	0.02301	0.01170	0.03435	0.00163	0.00245	0.07977	0.00329	0.00297
22	0.01122	0.08462	0.06855	0.00913	0.01082	0.50644	0.00756	0.01235	0.00853	0.00891	0.00535	0.00687	0.00465	0.00433	0.00546	0.00110	0.23562	0.00253	0.00173	0.00422
23	0.00463	0.00376	0.00413	0.00410	0.00522	0.00330	0.00312	0.00595	0.02486	0.01099	0.22579	0.03274	0.59359	0.00866	0.00428	0.00122	0.00190	0.05509	0.00349	0.00319
24	0.00832	0.00988	0.18161	0.15491	0.03307	0.02320	0.10857	0.08787	0.19012	0.02280	0.06173	0.01152	0.03070	0.00417	0.00365	0.00113	0.00416	0.00366	0.00250	0.05643
25	0.02837	0.00464	0.00625	0.00595	0.00684	0.00525	0.00464	0.11020	0.00715	0.01018	0.00944	0.01407	0.00875	0.04025	0.60391	0.08841	0.00779	0.03232	0.00216	0.00342
26	0.00746	0.00639	0.00746	0.00533	0.00852	0.00480	0.00426	0.00906	0.00746	0.01172	0.00639	0.00746	0.00533	0.00266	0.00266	0.00053	0.00266	0.00213	0.00213	0.89558
27	0.00562	0.00392	0.00535	0.00601	0.00670	0.00387	0.00500	0.00678	0.00768	0.00997	0.01852	0.08968	0.06886	0.06062	0.00651	0.08302	0.00314	0.60264	0.00309	0.00305
28	0.00489	0.00363	0.00485	0.00541	0.00587	0.00350	0.01804	0.00614	0.04700	0.00969	0.02972	0.64138	0.04207	0.04792	0.00517	0.00155	0.00240	0.11437	0.00328	0.00311
29	0.00524	0.00352	0.00405	0.00413	0.00419	0.00351	0.00245	0.00537	0.00548	0.00728	0.01208	0.04998	0.01389	0.79254	0.01704	0.00331	0.00343	0.05796	0.00229	0.00227
30	0.00808	0.03171	0.37273	0.05112	0.37850	0.00861	0.07583	0.01114	0.00790	0.01140	0.00662	0.00837	0.00513	0.00330	0.00353	0.00111	0.00487	0.00302	0.00166	0.00538
31	0.00443	0.00326	0.00413	0.00473	0.00514	0.00299	0.00322	0.00516	0.00729	0.00959	0.08052	0.65982	0.15625	0.02943	0.00481	0.00144	0.00205	0.00943	0.00336	0.00296
32	0.00817	0.00782	0.05287	0.14606	0.04651	0.01689	0.04010	0.08658	0.35839	0.01325	0.02264	0.03372	0.11922	0.00515	0.00396	0.00120	0.02528	0.00434	0.00294	0.00491
33	0.01339	0.01518	0.01004	0.00886	0.01089	0.66843	0.00676	0.12029	0.03115	0.05939	0.01894	0.00756	0.00565	0.00391	0.00333	0.00097	0.00581	0.00261	0.00230	0.00456
34	0.17278	0.00908	0.07978	0.08246	0.15598	0.07793	0.05710	0.09227	0.04488	0.01314	0.01745	0.04495	0.00730	0.00424	0.00339	0.00111	0.00402	0.05412	0.00230	0.07572
35	0.04900	0.02377	0.20716	0.08339	0.10281	0.09623	0.04030	0.12704	0.02640	0.14701	0.00879	0.02014	0.02238	0.00393	0.00347	0.00109	0.00441	0.00319	0.00250	0.02700
36	0.01044	0.04347	0.02498	0.03860	0.11052	0.08656	0.03150	0.19358	0.13707	0.10347	0.03978	0.05689	0.02935	0.00467	0.00366	0.00109	0.01185	0.01239	0.00297	0.05717

[dist]
# distance from previous block
# <min> <max>
1	4

[block]
# block no. 2 follows, 77 sequences, length 22
# corresponding to MSA columns:
# 183-204
name=unknown_C
#
# <colnr> <probs for GDERKNQSTAVLIFYWHMCP>
#	G	D	E	R	K	N	Q	S	T	A	V	L	I	F	Y	W	H	M	C	P
0	0.00760	0.00689	0.01087	0.50020	0.17223	0.02310	0.02712	0.01032	0.06705	0.03299	0.02001	0.04730	0.00690	0.00444	0.01747	0.00125	0.01866	0.00364	0.01751	0.00443
1	0.00716	0.01842	0.03625	0.08646	0.02667	0.00634	0.02549	0.12013	0.07317	0.01263	0.14666	0.06024	0.10234	0.05926	0.00539	0.00142	0.04988	0.15504	0.00301	0.00404
2	0.00980	0.00768	0.00827	0.00728	0.00942	0.00871	0.00571	0.05465	0.73296	0.09144	0.01434	0.01311	0.01058	0.00482	0.00365	0.00120	0.00291	0.00399	0.00373	0.00575
3	0.00769	0.00759	0.01032	0.00893	0.00900	0.02709	0.00735	0.00846	0.00560	0.00855	0.00538	0.00907	0.00542	0.05746	0.05594	0.00189	0.75555	0.00329	0.00163	0.00380
4	0.17807	0.00538	0.00576	0.00489	0.00672	0.00544	0.00393	0.08030	0.00884	0.25513	0.01091	0.01125	0.00787	0.00412	0.00287	0.00099	0.00247	0.00315	0.39742	0.00448
5	0.89899	0.00696	0.00529	0.00473	0.00696	0.00807	0.00390	0.01057	0.00612	0.01614	0.00501	0.00584	0.00390	0.00334	0.00223	0.00111	0.00278	0.00195	0.00223	0.00390
6	0.00509	0.00368	0.00481	0.00453	0.00537	0.00339	0.00339	0.00679	0.01018	0.01442	0.84925	0.02687	0.03394	0.00735	0.00424	0.00113	0.00170	0.00651	0.00396	0.00339
7	0.00438	0.00313	0.00417	0.00501	0.00522	0.00292	0.00334	0.00501	0.00689	0.00918	0.01983	0.87124	0.02379	0.01127	0.00459	0.00146	0.00209	0.01023	0.00334	0.00292
8	0.00721	0.01861	0.85495	0.01025	0.01557	0.00835	0.01329	0.01139	0.00759	0.01139	0.00646	0.00759	0.00456	0.00342	0.00342	0.00114	0.00532	0.00266	0.00152	0.00532
9	0.00523	0.00349	0.00392	0.00392	0.00392	0.00349	0.00218	0.00523	0.00523	0.00697	0.01133	0.02354	0.01308	0.87359	0.01831	0.00349	0.00349	0.00523	0.00218	0.00218
10	0.00582	0.00459	0.00517	0.00483	0.00607	0.00447	0.00367	0.06594	0.11374	0.01301	0.33305	0.07430	0.33631	0.00772	0.00415	0.00119	0.00207	0.00659	0.00363	0.00371
11	0.01600	0.00635	0.00849	0.00651	0.00930	0.00563	0.00538	0.06503	0.01068	0.80560	0.01387	0.01203	0.00874	0.00444	0.00362	0.00111	0.00311	0.00360	0.00440	0.00612
12	0.03836	0.37440	0.43070	0.00808	0.01225	0.01059	0.00950	0.01097	0.00742	0.01035	0.00580	0.00677	0.00460	0.00323	0.00287	0.00095	0.00447	0.00230	0.00159	0.05480
13	0.00723	0.01808	0.81837	0.01004	0.01526	0.00820	0.01290	0.01129	0.00759	0.01141	0.00645	0.00759	0.00459	0.00338	0.00338	0.00111	0.00520	0.00264	0.00155	0.04374
14	0.89899	0.00696	0.00529	0.00473	0.00696	0.00807	0.00390	0.01057	0.00612	0.01614	0.00501	0.00584	0.00390	0.00334	0.00223	0.00111	0.00278	0.00195	0.00223	0.00390
15	0.00720	0.00685	0.01086	0.34096	0.24481	0.02217	0.05486	0.00953	0.04388	0.01044	0.03326	0.04263	0.12204	0.01533	0.00408	0.00120	0.01916	0.00423	0.00212	0.00438
16	0.00762	0.00421	0.00510	0.00461	0.00591	0.00391	0.00357	0.00946	0.03972	0.17199	0.33127	0.02153	0.12957	0.00621	0.00369	0.00108	0.00204	0.01962	0.22495	0.00393
17	0.00539	0.00428	0.00624	0.00606	0.00667	0.00513	0.00477	0.00660	0.00589	0.00846	0.01059	0.01459	0.05557	0.02370	0.71830	0.00506	0.10346	0.00399	0.00197	0.00328
18	0.00443	0.00320	0.00416	0.00491	0.00519	0.00297	0.00331	0.00508	0.00695	0.00918	0.02069	0.76839	0.08107	0.03945	0.00503	0.00151	0.00214	0.02613	0.00330	0.00291
19	0.00746	0.00639	0.00746	0.00533	0.00852	0.00480	0.00426	0.00906	0.00746	0.01172	0.00639	0.00746	0.00533	0.00266	0.00266	0.00053	0.00266	0.00213	0.00213	0.89558
20	0.02725	0.00691	0.01164	0.00991	0.05928	0.00758	0.23109	0.03701	0.00727	0.05382	0.00821	0.03663	0.00721	0.04382	0.16604	0.03161	0.19804	0.00389	0.04866	0.00413
21	0.00625	0.00312	0.00469	0.00469	0.00469	0.00312	0.00312	0.00469	0.00469	0.00625	0.00625	0.01093	0.00625	0.01250	0.01406	0.89535	0.00312	0.00312	0.00156	0.00156

[dist]
# distance from previous block
# <min> <max>
1	54

[block]
# block no. 3 follows, 77 sequences, length 14
# corresponding to MSA columns:
# 260-264,268-276
name=unknown_D
#
# <colnr> <probs for GDERKNQSTAVLIFYWHMCP>
#	G	D	E	R	K	N	Q	S	T	A	V	L	I	F	Y	W	H	M	C	P
0	0.00574	0.00415	0.00575	0.02651	0.00760	0.00416	0.00562	0.00731	0.00811	0.01052	0.01902	0.03885	0.04981	0.04938	0.00552	0.00171	0.00330	0.74045	0.00322	0.00327
1	0.00821	0.01019	0.16521	0.17188	0.09188	0.03797	0.23180	0.04284	0.04108	0.02390	0.03131	0.01004	0.01823	0.00437	0.02232	0.00129	0.07720	0.00356	0.00197	0.00475
2	0.05100	0.01077	0.00963	0.04944	0.01111	0.29397	0.06359	0.01563	0.39547	0.01222	0.01005	0.01033	0.00777	0.00509	0.03708	0.00129	0.00465	0.00334	0.00269	0.00486
3	0.00444	0.00317	0.00424	0.00508	0.00531	0.00297	0.00344	0.00511	0.00694	0.00925	0.01979	0.83663	0.02366	0.01121	0.00461	0.00147	0.00214	0.04425	0.00334	0.00294
4	0.24570	0.03857	0.06633	0.01970	0.02891	0.06340	0.02878	0.04150	0.00751	0.03393	0.01083	0.27807	0.01117	0.00623	0.00391	0.00123	0.05019	0.02259	0.03753	0.00392
5	0.00494	0.00340	0.00440	0.00489	0.00541	0.00312	0.00342	0.00580	0.00765	0.04102	0.13569	0.60938	0.11391	0.01021	0.00448	0.00138	0.00207	0.03223	0.00346	0.00313
6	0.06143	0.21104	0.23704	0.00988	0.04640	0.09526	0.15142	0.07496	0.05864	0.01185	0.00676	0.00781	0.00524	0.00345	0.00325	0.00104	0.00478	0.00284	0.00195	0.00498
7	0.00760	0.04309	0.40805	0.00799	0.01186	0.00699	0.03028	0.01086	0.04945	0.04482	0.10069	0.01016	0.00854	0.00374	0.00331	0.00097	0.00396	0.00307	0.00218	0.24238
8	0.89899	0.00696	0.00529	0.00473	0.00696	0.00807	0.00390	0.01057	0.00612	0.01614	0.00501	0.00584	0.00390	0.00334	0.00223	0.00111	0.00278	0.00195	0.00223	0.00390
9	0.19584	0.40130	0.08035	0.00674	0.00976	0.01168	0.00643	0.22635	0.00958	0.01399	0.00606	0.00668	0.00485	0.00348	0.00271	0.00095	0.00377	0.00233	0.00222	0.00491
10	0.00535	0.00402	0.00506	0.00535	0.00602	0.00395	0.00388	0.02955	0.03735	0.01026	0.03245	0.54997	0.06701	0.02711	0.00491	0.00141	0.03625	0.07868	0.03275	0.05867
11	0.00463	0.00347	0.00427	0.00454	0.00522	0.00315	0.00326	0.00567	0.00822	0.01087	0.26753	0.35101	0.24660	0.02861	0.00472	0.00135	0.00198	0.03832	0.00349	0.00309
12	0.00843	0.01022	0.10618	0.15575	0.15900	0.08044	0.32752	0.01123	0.03127	0.01084	0.00705	0.00929	0.00550	0.00431	0.03756	0.00134	0.02398	0.00352	0.00180	0.00478
13	0.00457	0.00361	0.00411	0.00408	0.00508	0.00316	0.00303	0.00574	0.00881	0.01139	0.33110	0.10449	0.48075	0.00866	0.00428	0.00121	0.00180	0.00742	0.00357	0.00316

[dist]
# distance from previous block
# <min> <max>
0	2

[block]
# block no. 4 follows, 77 sequences, length 21
# corresponding to MSA columns:
# 279,280,283-301
name=unknown_E
#
# <colnr> <probs for GDERKNQSTAVLIFYWHMCP>
#	G	D	E	R	K	N	Q	S	T	A	V	L	I	F	Y	W	H	M	C	P
0	0.01736	0.02170	0.32768	0.02387	0.20846	0.01785	0.00976	0.05080	0.15325	0.07288	0.00948	0.02125	0.02205	0.00403	0.00353	0.00113	0.00422	0.01329	0.01202	0.00539
1	0.11200	0.01004	0.00966	0.00778	0.01032	0.10885	0.00631	0.53867	0.07324	0.04165	0.00849	0.00872	0.00623	0.00504	0.03571	0.00125	0.00423	0.00308	0.00321	0.00550
2	0.00949	0.00633	0.00705	0.00619	0.00800	0.02935	0.00484	0.01489	0.38345	0.18938	0.20536	0.01607	0.01548	0.00527	0.00367	0.00114	0.00262	0.00442	0.08199	0.00501
3	0.03478	0.32825	0.03850	0.03695	0.02828	0.15863	0.02203	0.17708	0.12004	0.01266	0.00726	0.00779	0.00578	0.00371	0.00304	0.00097	0.00429	0.00267	0.00231	0.00499
4	0.00449	0.00325	0.00425	0.00490	0.00527	0.00301	0.00337	0.00528	0.00738	0.00984	0.11182	0.69607	0.08447	0.01065	0.00454	0.00141	0.00206	0.03155	0.00341	0.00299
5	0.00778	0.00772	0.08158	0.00675	0.00988	0.02550	0.07894	0.00967	0.00782	0.04454	0.03264	0.04210	0.00734	0.00351	0.00310	0.00076	0.00327	0.02402	0.00227	0.60081
6	0.00661	0.02361	0.00824	0.00889	0.16751	0.00512	0.06094	0.02121	0.00867	0.04398	0.28648	0.24782	0.03691	0.00688	0.00405	0.00118	0.00277	0.00627	0.00309	0.04976
7	0.45544	0.00654	0.00682	0.00557	0.00807	0.00667	0.00459	0.01407	0.00822	0.43691	0.00962	0.00906	0.00641	0.00390	0.00293	0.00111	0.00292	0.00279	0.00334	0.00501
8	0.00934	0.00856	0.01161	0.09000	0.15643	0.03523	0.11937	0.10653	0.39422	0.01412	0.01060	0.01105	0.00803	0.00413	0.00370	0.00117	0.00394	0.00372	0.00284	0.00542
9	0.00532	0.00380	0.00497	0.00518	0.02055	0.00403	0.00350	0.00596	0.00591	0.00810	0.03415	0.05907	0.01327	0.46229	0.26237	0.00378	0.01966	0.07307	0.00228	0.00273
10	0.00907	0.00598	0.00695	0.00582	0.00761	0.00601	0.00462	0.24435	0.04332	0.13201	0.34622	0.02030	0.14016	0.00625	0.00395	0.00113	0.00259	0.00525	0.00382	0.00458
11	0.00885	0.00860	0.01415	0.09425	0.75654	0.03229	0.01083	0.01097	0.00816	0.01145	0.00670	0.00889	0.00559	0.00325	0.00356	0.00108	0.00438	0.00318	0.00177	0.00551
12	0.00468	0.00337	0.00401	0.00435	0.00470	0.00316	0.00282	0.00518	0.00666	0.00868	0.04803	0.38506	0.17504	0.31676	0.00938	0.00212	0.00252	0.00783	0.00295	0.00270
13	0.00825	0.01149	0.19657	0.01467	0.08335	0.00890	0.59928	0.01146	0.00828	0.01151	0.00706	0.00920	0.00529	0.00313	0.00402	0.00119	0.00577	0.00383	0.00175	0.00502
14	0.00884	0.00635	0.00760	0.00550	0.00863	0.00487	0.00443	0.01041	0.00791	0.14581	0.00764	0.00822	0.00590	0.00295	0.00282	0.00063	0.00273	0.00237	0.00250	0.75391
15	0.00823	0.00920	0.01974	0.01430	0.01761	0.00871	0.75528	0.01106	0.00833	0.01131	0.00804	0.03055	0.00659	0.01644	0.00465	0.00128	0.02429	0.03779	0.00191	0.00469
16	0.01332	0.03542	0.01080	0.00818	0.01095	0.05697	0.00673	0.70694	0.06340	0.03784	0.00882	0.00878	0.00633	0.00428	0.00355	0.00107	0.00401	0.00321	0.00346	0.00594
17	0.00733	0.00664	0.06422	0.00609	0.00809	0.00595	0.00507	0.04458	0.25750	0.03122	0.31569	0.05152	0.01820	0.00553	0.00372	0.00107	0.00258	0.00473	0.00336	0.15691
18	0.01008	0.53878	0.08164	0.00733	0.02714	0.08242	0.00685	0.08221	0.02614	0.04230	0.00656	0.03607	0.00571	0.00373	0.00305	0.00091	0.02974	0.00258	0.00196	0.00479
19	0.00520	0.00349	0.00392	0.00392	0.00395	0.00347	0.00220	0.00523	0.00532	0.00705	0.01206	0.02386	0.03727	0.84859	0.01790	0.00342	0.00344	0.00530	0.00221	0.00220
20	0.00447	0.00327	0.00433	0.00507	0.00531	0.00314	0.00343	0.00511	0.00690	0.00919	0.02006	0.81701	0.05469	0.01106	0.00477	0.00145	0.02454	0.00994	0.00329	0.00295

[dist]
# distance from previous block
# <min> <max>
0	1

[block]
# block no. 5 follows, 77 sequences, length 15
# corresponding to MSA columns:
# 303-317
name=unknown_F
#
# <colnr> <probs for GDERKNQSTAVLIFYWHMCP>
#	G	D	E	R	K	N	Q	S	T	A	V	L	I	F	Y	W	H	M	C	P
0	0.00978	0.56328	0.14059	0.00780	0.01116	0.06673	0.07931	0.03104	0.00799	0.04452	0.00591	0.00676	0.00489	0.00325	0.00278	0.00089	0.00439	0.00236	0.00175	0.00481
1	0.00433	0.00361	0.00378	0.00381	0.00493	0.00306	0.00283	0.00529	0.00829	0.01009	0.10580	0.08745	0.72619	0.00910	0.00427	0.00122	0.00183	0.00767	0.00339	0.00306
2	0.06810	0.00879	0.00921	0.00761	0.01005	0.00993	0.00612	0.40607	0.39988	0.01872	0.01119	0.01067	0.00823	0.00452	0.00354	0.00115	0.00337	0.00354	0.00354	0.00578
3	0.01153	0.44579	0.01451	0.00771	0.01018	0.43733	0.00655	0.01257	0.00875	0.00863	0.00528	0.00613	0.00462	0.00339	0.00278	0.00085	0.00517	0.00212	0.00170	0.00439
4	0.00750	0.00655	0.00783	0.00576	0.00862	0.00544	0.00464	0.00902	0.00726	0.01140	0.00622	0.00750	0.00526	0.00304	0.00361	0.00064	0.09245	0.00224	0.00207	0.80295
5	0.00863	0.00826	0.01410	0.13285	0.74254	0.00847	0.01090	0.01080	0.00806	0.01141	0.00672	0.00899	0.00558	0.00326	0.00357	0.00109	0.00434	0.00320	0.00176	0.00547
6	0.01593	0.00646	0.00856	0.00656	0.00935	0.00580	0.00542	0.08871	0.01087	0.78164	0.01371	0.01193	0.00866	0.00444	0.00362	0.00111	0.00314	0.00358	0.00438	0.00612
7	0.00510	0.00367	0.00477	0.00450	0.00530	0.00340	0.00334	0.00671	0.00994	0.01406	0.80857	0.02671	0.03293	0.04941	0.00493	0.00125	0.00178	0.00644	0.00387	0.00334
8	0.00438	0.00313	0.00417	0.00501	0.00522	0.00292	0.00334	0.00501	0.00689	0.00918	0.01983	0.87124	0.02379	0.01127	0.00459	0.00146	0.00209	0.01023	0.00334	0.00292
9	0.10064	0.01739	0.76594	0.00967	0.01467	0.00832	0.01231	0.01131	0.00744	0.01189	0.00630	0.00741	0.00449	0.00341	0.00329	0.00114	0.00505	0.00258	0.00159	0.00517
10	0.01063	0.01166	0.00969	0.05285	0.06221	0.41288	0.03267	0.08414	0.07991	0.01161	0.09728	0.01338	0.01017	0.00484	0.00366	0.00109	0.00489	0.08953	0.00251	0.00440
11	0.04789	0.00724	0.09694	0.00648	0.00898	0.01711	0.00578	0.06624	0.00965	0.44562	0.10123	0.01342	0.02739	0.00703	0.09322	0.00160	0.00387	0.00381	0.03133	0.00518
12	0.00478	0.00322	0.00404	0.00463	0.00487	0.00307	0.00304	0.00540	0.00665	0.00922	0.01741	0.62462	0.02028	0.16998	0.00691	0.00177	0.00230	0.00858	0.09638	0.00283
13	0.00709	0.00667	0.01093	0.74068	0.02292	0.00814	0.04308	0.01032	0.09498	0.00990	0.00729	0.01000	0.00547	0.00371	0.00363	0.00120	0.00464	0.00333	0.00182	0.00421
14	0.02842	0.02521	0.00969	0.00992	0.13379	0.45394	0.00663	0.05325	0.02931	0.01065	0.09514	0.02168	0.00905	0.07956	0.00484	0.00122	0.01789	0.00333	0.00224	0.00426

[dist]
# distance from previous block
# <min> <max>
0	1

[block]
# block no. 6 follows, 77 sequences, length 20
# corresponding to MSA columns:
# 319-338
name=unknown_G
#
# <colnr> <probs for GDERKNQSTAVLIFYWHMCP>
#	G	D	E	R	K	N	Q	S	T	A	V	L	I	F	Y	W	H	M	C	P
0	0.00511	0.00348	0.00414	0.00425	0.00434	0.00351	0.00256	0.00532	0.00551	0.00741	0.01230	0.13547	0.01410	0.67441	0.10029	0.00345	0.00391	0.00576	0.00231	0.00238
1	0.01343	0.00746	0.00887	0.00694	0.00948	0.00754	0.00568	0.35112	0.03964	0.37633	0.12313	0.01276	0.01117	0.00480	0.00369	0.00111	0.00324	0.00386	0.00401	0.00574
2	0.00835	0.00545	0.00579	0.00529	0.00679	0.00592	0.00409	0.01370	0.37154	0.07387	0.01317	0.01333	0.00996	0.00451	0.00309	0.00102	0.00228	0.00368	0.44359	0.00457
3	0.00597	0.00354	0.00475	0.00518	0.00575	0.00325	0.00360	0.00672	0.00743	0.12176	0.04150	0.73404	0.02208	0.01026	0.00445	0.00141	0.00221	0.00925	0.00350	0.00336
4	0.00976	0.00813	0.00859	0.00748	0.00966	0.00933	0.00589	0.15969	0.70276	0.01635	0.01361	0.01260	0.01015	0.00478	0.00365	0.00120	0.00304	0.00392	0.00365	0.00577
5	0.00776	0.00655	0.00945	0.02051	0.25788	0.00674	0.03300	0.02108	0.19385	0.03920	0.15573	0.02412	0.03379	0.00772	0.11765	0.00173	0.00407	0.00423	0.00277	0.05216
6	0.51289	0.13664	0.02001	0.00550	0.00759	0.09126	0.00455	0.04423	0.00704	0.01327	0.00607	0.00839	0.00540	0.11925	0.00455	0.00136	0.00348	0.00248	0.00213	0.00391
7	0.00981	0.83178	0.01841	0.00631	0.00933	0.05750	0.00620	0.01095	0.00746	0.00848	0.00503	0.00581	0.00462	0.00311	0.00236	0.00078	0.00398	0.00194	0.00155	0.00459
8	0.00518	0.00390	0.00465	0.06212	0.00647	0.00370	0.00358	0.00679	0.02885	0.01185	0.29367	0.04913	0.34989	0.00749	0.00399	0.00116	0.00204	0.03024	0.12196	0.00333
9	0.00511	0.00379	0.00401	0.00394	0.00486	0.00351	0.00281	0.00649	0.05056	0.01042	0.11299	0.02764	0.43885	0.18332	0.00684	0.00162	0.00218	0.00625	0.12172	0.00308
10	0.01137	0.01126	0.26108	0.00821	0.02219	0.04944	0.00804	0.17471	0.07470	0.24731	0.02995	0.00995	0.00734	0.00405	0.00349	0.00107	0.00401	0.00319	0.00302	0.06560
11	0.00483	0.00382	0.00415	0.00419	0.00508	0.00353	0.00296	0.00621	0.06398	0.00985	0.08812	0.14200	0.47079	0.16634	0.00681	0.00166	0.00222	0.00720	0.00320	0.00307
12	0.01050	0.00988	0.04617	0.01858	0.12844	0.16417	0.02372	0.25870	0.04026	0.03997	0.00856	0.02876	0.00738	0.13302	0.03217	0.00159	0.03721	0.00356	0.00256	0.00479
13	0.00520	0.00385	0.00560	0.00567	0.00624	0.00443	0.00434	0.00640	0.00601	0.00873	0.01095	0.12803	0.01084	0.02309	0.67576	0.00482	0.03441	0.00466	0.04777	0.00320
14	0.01365	0.01546	0.01015	0.00894	0.01099	0.68872	0.00682	0.12440	0.01109	0.06756	0.00655	0.00716	0.00512	0.00384	0.00332	0.00096	0.00592	0.00253	0.00226	0.00456
15	0.08954	0.29782	0.12144	0.00751	0.02708	0.09423	0.03484	0.08126	0.02367	0.01171	0.00665	0.00817	0.00556	0.00353	0.00290	0.00092	0.00404	0.02758	0.02822	0.12333
16	0.00849	0.03059	0.04053	0.06386	0.31291	0.01967	0.25225	0.02880	0.06804	0.02851	0.00914	0.05669	0.02075	0.00434	0.01328	0.00122	0.00462	0.02913	0.00215	0.00502
17	0.00584	0.02079	0.00601	0.00528	0.00672	0.01521	0.04073	0.00900	0.18739	0.01195	0.21287	0.04460	0.40504	0.00741	0.00408	0.00119	0.00230	0.00633	0.00343	0.00381
18	0.00509	0.00372	0.00528	0.00535	0.00583	0.00416	0.00394	0.00607	0.00577	0.00816	0.01087	0.09232	0.01110	0.18978	0.62006	0.00495	0.00777	0.00469	0.00210	0.00299
19	0.11563	0.07682	0.57866	0.06302	0.03352	0.00882	0.02829	0.03537	0.00768	0.01196	0.00626	0.00748	0.00459	0.00341	0.00323	0.00111	0.00482	0.00262	0.00168	0.00503

[dist]
# distance from previous block
# <min> <max>
0	2

[block]
# block no. 7 follows, 77 sequences, length 9
# corresponding to MSA columns:
# 341-349
name=unknown_H
#
# <colnr> <probs for GDERKNQSTAVLIFYWHMCP>
#	G	D	E	R	K	N	Q	S	T	A	V	L	I	F	Y	W	H	M	C	P
0	0.00471	0.00353	0.00419	0.00455	0.00517	0.00324	0.00326	0.00550	0.00737	0.00942	0.06105	0.29032	0.30230	0.16173	0.00692	0.00174	0.00239	0.11654	0.00316	0.00290
1	0.00858	0.00603	0.02869	0.11959	0.17306	0.00590	0.00637	0.07648	0.00864	0.14008	0.01206	0.22151	0.01112	0.00569	0.00364	0.00115	0.00317	0.00500	0.15877	0.00448
2	0.00543	0.00379	0.00468	0.00439	0.00543	0.00340	0.00332	0.00691	0.00967	0.05537	0.59675	0.02814	0.24398	0.00766	0.00421	0.00115	0.00180	0.00664	0.00382	0.00344
3	0.00504	0.00379	0.00543	0.00585	0.00649	0.00360	0.04017	0.00618	0.00768	0.01018	0.08066	0.48283	0.05654	0.01013	0.00465	0.00148	0.00260	0.26024	0.00331	0.00316
4	0.00806	0.15433	0.66167	0.00946	0.01425	0.00949	0.01169	0.07042	0.00821	0.01173	0.00638	0.00738	0.00468	0.00343	0.00325	0.00108	0.00499	0.00258	0.00167	0.00526
5	0.00679	0.00527	0.00607	0.00563	0.00697	0.00554	0.00429	0.01163	0.33226	0.03742	0.39834	0.07274	0.07909	0.00667	0.00402	0.00119	0.00221	0.00578	0.00378	0.00431
6	0.00840	0.00808	0.01383	0.09360	0.57184	0.00822	0.09822	0.01117	0.06501	0.01192	0.06750	0.01064	0.00797	0.00363	0.00369	0.00111	0.00423	0.00361	0.00205	0.00529
7	0.00746	0.00639	0.00746	0.00533	0.00852	0.00480	0.00426	0.00906	0.00746	0.01172	0.00639	0.00746	0.00533	0.00266	0.00266	0.00053	0.00266	0.00213	0.00213	0.89558
8	0.19235	0.20297	0.26215	0.00809	0.02786	0.05265	0.04386	0.04895	0.00807	0.08278	0.02101	0.00767	0.00544	0.00356	0.00314	0.00105	0.01889	0.00259	0.00209	0.00485

[dist]
# distance from previous block
# <min> <max>
2	6

[block]
# block no. 8 follows, 77 sequences, length 9
# corresponding to MSA columns:
# 356-364
name=unknown_I
#
# <colnr> <probs for GDERKNQSTAVLIFYWHMCP>
#	G	D	E	R	K	N	Q	S	T	A	V	L	I	F	Y	W	H	M	C	P
0	0.00474	0.00366	0.00433	0.00416	0.00516	0.00325	0.00312	0.00611	0.00936	0.01247	0.51196	0.03008	0.37245	0.00808	0.00425	0.00117	0.00175	0.00696	0.00370	0.00325
1	0.01076	0.05758	0.00863	0.00650	0.00866	0.00864	0.00531	0.44654	0.09556	0.01816	0.01001	0.01046	0.00750	0.00426	0.00319	0.00100	0.00312	0.00328	0.28573	0.00511
2	0.00504	0.00395	0.00446	0.00439	0.00550	0.00363	0.00338	0.00687	0.06269	0.01170	0.27400	0.03063	0.44722	0.00819	0.00420	0.00121	0.00198	0.07859	0.03903	0.00335
3	0.00460	0.00382	0.00428	0.00426	0.00520	0.00354	0.00316	0.00553	0.00802	0.01005	0.12556	0.13600	0.57900	0.03494	0.00515	0.00132	0.05174	0.00747	0.00327	0.00309
4	0.00740	0.08345	0.79169	0.00994	0.01509	0.00880	0.01275	0.01134	0.00757	0.01117	0.00635	0.00746	0.00456	0.00339	0.00333	0.00111	0.00520	0.00260	0.00152	0.00526
5	0.00800	0.00587	0.00611	0.00564	0.00717	0.00658	0.00435	0.01457	0.48998	0.01435	0.01341	0.01342	0.01023	0.00459	0.00317	0.00106	0.00235	0.00376	0.38069	0.00470
6	0.00962	0.87575	0.01885	0.00615	0.00923	0.01423	0.00615	0.01077	0.00731	0.00846	0.00500	0.00577	0.00462	0.00308	0.00231	0.00077	0.00385	0.00192	0.00154	0.00462
7	0.00500	0.00367	0.00480	0.00539	0.00600	0.00352	0.00410	0.00636	0.03212	0.01044	0.11026	0.43623	0.09245	0.01008	0.00461	0.00146	0.00241	0.25451	0.00341	0.00318
8	0.01012	0.01448	0.28502	0.00895	0.01198	0.31378	0.03267	0.13127	0.01027	0.01252	0.12575	0.01014	0.00899	0.00420	0.00352	0.00106	0.00505	0.00321	0.00229	0.00473

[dist]
# distance from previous block
# <min> <max>
0	3

[block]
# block no. 9 follows, 77 sequences, length 14
# corresponding to MSA columns:
# 368-381
name=unknown_J
#
# <colnr> <probs for GDERKNQSTAVLIFYWHMCP>
#	G	D	E	R	K	N	Q	S	T	A	V	L	I	F	Y	W	H	M	C	P
0	0.00565	0.00428	0.00529	0.00503	0.00601	0.00425	0.00376	0.00862	0.14600	0.01400	0.62921	0.11006	0.02917	0.00735	0.00418	0.00118	0.00192	0.00648	0.00385	0.00372
1	0.00870	0.54726	0.33927	0.00773	0.01166	0.01198	0.00889	0.01101	0.00742	0.00959	0.00556	0.00647	0.00459	0.00321	0.00273	0.00091	0.00441	0.00220	0.00153	0.00488
2	0.00523	0.00349	0.00392	0.00392	0.00392	0.00349	0.00218	0.00523	0.00523	0.00697	0.01133	0.02354	0.01308	0.87359	0.01831	0.00349	0.00349	0.00523	0.00218	0.00218
3	0.01387	0.24285	0.05886	0.00655	0.00956	0.00789	0.00597	0.01535	0.00933	0.57684	0.01126	0.01022	0.00750	0.00402	0.00325	0.00102	0.00340	0.00310	0.00350	0.00567
4	0.01090	0.00633	0.00783	0.00582	0.00881	0.00514	0.00471	0.01273	0.03846	0.34094	0.00974	0.00954	0.00693	0.00344	0.00307	0.00078	0.00283	0.00278	0.00309	0.51612
5	0.00733	0.00626	0.00732	0.00531	0.00838	0.00472	0.00422	0.00889	0.00743	0.01161	0.00696	0.04403	0.00611	0.00303	0.00275	0.00057	0.00264	0.00247	0.00218	0.85778
6	0.00530	0.00521	0.08238	0.00614	0.05773	0.00403	0.00469	0.00696	0.00898	0.01250	0.48118	0.19948	0.09622	0.00770	0.00420	0.00120	0.00227	0.00682	0.00342	0.00358
7	0.84597	0.05875	0.00610	0.00482	0.00709	0.00844	0.00403	0.01059	0.00619	0.01568	0.00501	0.00584	0.00394	0.00332	0.00223	0.00109	0.00285	0.00195	0.00219	0.00394
8	0.00514	0.00384	0.00570	0.00570	0.00632	0.00445	0.00440	0.00637	0.00576	0.00829	0.00971	0.01454	0.00917	0.06351	0.82304	0.00568	0.00937	0.00391	0.00194	0.00317
9	0.00697	0.00789	0.13670	0.01089	0.23148	0.00626	0.05952	0.02716	0.04402	0.01328	0.39423	0.01719	0.01872	0.00523	0.00390	0.00112	0.00329	0.00474	0.00286	0.00454
10	0.00762	0.09208	0.72465	0.00965	0.01462	0.00881	0.01213	0.03595	0.00784	0.01149	0.00639	0.00746	0.00464	0.00339	0.00330	0.00108	0.00505	0.00259	0.00161	0.03967
11	0.00781	0.00718	0.03499	0.00661	0.03286	0.00576	0.03101	0.04383	0.00780	0.01199	0.00643	0.00765	0.00532	0.00299	0.00332	0.00067	0.05161	0.00235	0.00212	0.72771
12	0.00873	0.11016	0.25359	0.00974	0.04985	0.04578	0.14239	0.10570	0.06230	0.01262	0.04889	0.03204	0.00738	0.00384	0.00346	0.00104	0.00444	0.00333	0.00220	0.09251
13	0.00716	0.00705	0.05759	0.38213	0.06121	0.00721	0.05488	0.00999	0.07448	0.02558	0.00815	0.01125	0.00664	0.00740	0.13532	0.00185	0.01934	0.02960	0.00199	0.09116

[dist]
# distance from previous block
# <min> <max>
18	53

[block]
# block no. 10 follows, 77 sequences, length 11
# corresponding to MSA columns:
# 440-450
name=unknown_K
#
# <colnr> <probs for GDERKNQSTAVLIFYWHMCP>
#	G	D	E	R	K	N	Q	S	T	A	V	L	I	F	Y	W	H	M	C	P
0	0.00866	0.02809	0.02856	0.03008	0.05501	0.00707	0.08513	0.19194	0.09595	0.04824	0.06436	0.03489	0.02543	0.21458	0.00792	0.05906	0.00368	0.00431	0.00276	0.00427
1	0.04617	0.00951	0.09147	0.08633	0.07987	0.07314	0.01896	0.29155	0.08154	0.01530	0.06806	0.03034	0.05239	0.01607	0.02238	0.00125	0.00408	0.00378	0.00281	0.00499
2	0.02822	0.00879	0.00853	0.02179	0.05568	0.20307	0.00573	0.09199	0.03127	0.23596	0.03251	0.08398	0.02300	0.05691	0.00459	0.00121	0.02257	0.00390	0.00300	0.07731
3	0.00527	0.00353	0.00404	0.00409	0.00414	0.00353	0.00240	0.00537	0.00542	0.00721	0.01181	0.02459	0.01355	0.82031	0.01749	0.00337	0.00348	0.05592	0.00225	0.00225
4	0.05718	0.00676	0.01921	0.04202	0.17772	0.00682	0.05180	0.08800	0.08247	0.13753	0.07095	0.14350	0.04161	0.00598	0.01919	0.00128	0.02184	0.01837	0.00300	0.00479
5	0.77668	0.00686	0.00551	0.00493	0.00707	0.00788	0.00401	0.03536	0.04295	0.01596	0.02468	0.02554	0.02352	0.00381	0.00247	0.00113	0.00276	0.00247	0.00241	0.00399
6	0.16792	0.03676	0.19760	0.00853	0.05190	0.00869	0.04386	0.17604	0.12074	0.08611	0.02706	0.00987	0.02864	0.00410	0.00346	0.00113	0.01646	0.00321	0.00271	0.00520
7	0.89899	0.00696	0.00529	0.00473	0.00696	0.00807	0.00390	0.01057	0.00612	0.01614	0.00501	0.00584	0.00390	0.00334	0.00223	0.00111	0.00278	0.00195	0.00223	0.00390
8	0.06236	0.00984	0.03479	0.06554	0.01352	0.15727	0.29209	0.04020	0.06750	0.01143	0.05015	0.04064	0.00774	0.02309	0.00503	0.00125	0.10716	0.00383	0.00216	0.00443
9	0.00851	0.00825	0.01244	0.35752	0.30437	0.05873	0.05928	0.04814	0.08573	0.01133	0.00739	0.00949	0.00577	0.00359	0.00361	0.00114	0.00457	0.00329	0.00197	0.00489
10	0.00469	0.00356	0.00479	0.00592	0.05598	0.00332	0.00382	0.00548	0.00719	0.00947	0.02118	0.67824	0.13054	0.01045	0.00450	0.00141	0.00223	0.04086	0.00324	0.00312

[dist]
# distance from previous block
# <min> <max>
13	39

[block]
# block no. 11 follows, 77 sequences, length 27
# corresponding to MSA columns:
# 505-531
name=unknown_L
#
# <colnr> <probs for GDERKNQSTAVLIFYWHMCP>
#	G	D	E	R	K	N	Q	S	T	A	V	L	I	F	Y	W	H	M	C	P
0	0.02321	0.15555	0.06185	0.09700	0.04503	0.04142	0.01737	0.18509	0.10252	0.10872	0.05325	0.04482	0.02127	0.00443	0.00341	0.00107	0.00375	0.00356	0.00281	0.02387
1	0.00599	0.01847	0.04342	0.11734	0.04747	0.05142	0.00530	0.00745	0.01664	0.00971	0.03358	0.17382	0.21354	0.02737	0.14238	0.00196	0.00415	0.00561	0.02135	0.05301
2	0.01737	0.14742	0.08554	0.05351	0.13977	0.06031	0.09985	0.03310	0.08710	0.04897	0.08225	0.01065	0.02168	0.00388	0.00339	0.00101	0.00402	0.00335	0.00232	0.09452
3	0.10067	0.01880	0.04194	0.35289	0.05309	0.10131	0.08294	0.03750	0.02509	0.06050	0.02499	0.00983	0.00615	0.00376	0.00345	0.00111	0.00450	0.02025	0.00210	0.04910
4	0.53258	0.00743	0.07884	0.00583	0.02584	0.02362	0.02221	0.00982	0.00714	0.02527	0.11108	0.05374	0.03860	0.00446	0.00289	0.00112	0.00295	0.00333	0.02520	0.01804
5	0.00588	0.00490	0.00561	0.00458	0.00663	0.00391	0.00356	0.00725	0.00824	0.01154	0.17988	0.02074	0.30704	0.00583	0.00353	0.00089	0.00218	0.00489	0.00291	0.41001
6	0.00897	0.00614	0.00851	0.01671	0.00926	0.00520	0.08515	0.03140	0.00877	0.18694	0.13569	0.05721	0.01155	0.00437	0.00342	0.00089	0.00297	0.01406	0.00297	0.39982
7	0.01046	0.22869	0.01164	0.06123	0.03723	0.25706	0.00618	0.01180	0.00846	0.07861	0.00645	0.00732	0.00522	0.00329	0.00291	0.00081	0.00430	0.00236	0.00205	0.25395
8	0.00525	0.03473	0.04814	0.00570	0.00652	0.00451	0.00448	0.00679	0.04877	0.00919	0.01425	0.40443	0.01555	0.03490	0.33570	0.00313	0.00530	0.00667	0.00263	0.00334
9	0.00897	0.37882	0.09517	0.19872	0.03149	0.10538	0.00764	0.02382	0.01881	0.02702	0.00818	0.00929	0.06538	0.00380	0.00304	0.00097	0.00433	0.00284	0.00184	0.00447
10	0.00502	0.00361	0.00497	0.00527	0.00555	0.00385	0.00372	0.00559	0.00611	0.00840	0.01401	0.40559	0.01587	0.13022	0.25194	0.07226	0.04578	0.00685	0.00256	0.00285
11	0.00828	0.00737	0.01089	0.01173	0.28519	0.00659	0.07514	0.01066	0.05768	0.03758	0.00814	0.00936	0.02896	0.00323	0.00322	0.00084	0.00347	0.00297	0.00219	0.42652
12	0.00645	0.04399	0.12259	0.00636	0.04399	0.00525	0.00529	0.01759	0.01978	0.01984	0.06226	0.13291	0.10756	0.13085	0.03241	0.00150	0.00327	0.00479	0.00248	0.23082
13	0.72972	0.00890	0.00622	0.00560	0.00775	0.17075	0.00448	0.01130	0.00690	0.01474	0.00511	0.00597	0.00404	0.00341	0.00242	0.00108	0.00349	0.00202	0.00215	0.00395
14	0.00857	0.00857	0.01402	0.08816	0.27461	0.04389	0.24391	0.02523	0.15845	0.01188	0.00905	0.06378	0.00757	0.00409	0.00399	0.00118	0.02169	0.00406	0.00224	0.00504
15	0.00456	0.00337	0.00417	0.00472	0.00520	0.00314	0.00324	0.00549	0.02347	0.00956	0.04275	0.60040	0.18889	0.03256	0.02658	0.00154	0.00226	0.00902	0.02605	0.00301
16	0.00733	0.00675	0.05022	0.08352	0.08880	0.03586	0.01829	0.05137	0.16637	0.01040	0.01035	0.01632	0.00990	0.40043	0.01028	0.00220	0.00380	0.00423	0.00239	0.02119
17	0.00521	0.00348	0.00393	0.00396	0.00396	0.00347	0.00221	0.00522	0.00528	0.00704	0.01158	0.04841	0.01339	0.84829	0.01791	0.00343	0.00345	0.00538	0.00221	0.00220
18	0.41271	0.05972	0.00575	0.00492	0.02016	0.00618	0.00385	0.00828	0.00722	0.01295	0.07915	0.09931	0.22126	0.00611	0.00326	0.00117	0.00251	0.03913	0.00274	0.00360
19	0.00606	0.00515	0.00808	0.47283	0.01584	0.00617	0.00696	0.00766	0.00642	0.00849	0.00826	0.01380	0.00764	0.20652	0.20273	0.00277	0.00561	0.00381	0.00181	0.00340
20	0.00980	0.02400	0.11607	0.02084	0.03150	0.28038	0.00669	0.03739	0.02253	0.06325	0.03693	0.00945	0.02129	0.00605	0.08936	0.00139	0.00504	0.00288	0.00222	0.21295
21	0.00685	0.04950	0.04984	0.00618	0.02446	0.02393	0.03369	0.09837	0.00936	0.03764	0.20413	0.07972	0.23370	0.02246	0.05501	0.00149	0.00324	0.05341	0.00314	0.00389
22	0.00705	0.00634	0.02795	0.20522	0.29225	0.00647	0.00774	0.00904	0.01732	0.02772	0.14069	0.01471	0.06156	0.03737	0.10436	0.00175	0.00437	0.00414	0.01962	0.00433
23	0.00771	0.00652	0.00896	0.00876	0.15248	0.00565	0.04850	0.02598	0.03693	0.03325	0.01947	0.12185	0.00856	0.00415	0.00325	0.00084	0.00305	0.00369	0.02033	0.48008
24	0.00709	0.01938	0.02601	0.04994	0.05625	0.01620	0.04666	0.03870	0.03824	0.03778	0.19304	0.10114	0.02683	0.00707	0.07258	0.00140	0.00346	0.01083	0.04776	0.19965
25	0.03004	0.06262	0.03738	0.06326	0.28581	0.07160	0.02693	0.06857	0.06566	0.04843	0.11826	0.01212	0.04044	0.00431	0.00370	0.00107	0.02094	0.00367	0.00248	0.03271
26	0.10752	0.10017	0.04608	0.04287	0.15022	0.09528	0.07248	0.10127	0.07813	0.04523	0.00860	0.00942	0.04031	0.00377	0.00326	0.00102	0.00405	0.00308	0.00235	0.08491

[dist]
# distance from previous block
# <min> <max>
5	15

[block]
# block no. 12 follows, 77 sequences, length 14
# corresponding to MSA columns:
# 547-560
name=unknown_M
#
# <colnr> <probs for GDERKNQSTAVLIFYWHMCP>
#	G	D	E	R	K	N	Q	S	T	A	V	L	I	F	Y	W	H	M	C	P
0	0.09506	0.14046	0.03578	0.01804	0.09824	0.09354	0.10051	0.12485	0.03421	0.13194	0.03350	0.00959	0.02576	0.00385	0.00330	0.00103	0.00407	0.00315	0.00258	0.04053
1	0.05903	0.09701	0.17665	0.05921	0.11607	0.06907	0.04684	0.05367	0.03235	0.02452	0.00682	0.00823	0.00542	0.00336	0.00315	0.00094	0.00415	0.01158	0.00202	0.21994
2	0.00833	0.02472	0.04910	0.02677	0.07332	0.04963	0.08734	0.10616	0.02480	0.07134	0.01031	0.04403	0.02218	0.35179	0.00951	0.00205	0.00400	0.00434	0.00245	0.02784
3	0.00919	0.01874	0.13022	0.01017	0.12477	0.06097	0.11382	0.05993	0.03818	0.10308	0.03600	0.01215	0.04602	0.02041	0.00401	0.00110	0.02153	0.03628	0.00247	0.15095
4	0.02855	0.00741	0.02653	0.04036	0.10741	0.04371	0.01844	0.07125	0.04262	0.24977	0.08120	0.02916	0.00992	0.00513	0.01582	0.00120	0.10205	0.03468	0.00302	0.08177
5	0.00522	0.00350	0.00397	0.00396	0.00401	0.00348	0.00225	0.00532	0.00552	0.00741	0.06033	0.02373	0.01430	0.82293	0.01749	0.00335	0.00338	0.00531	0.00228	0.00225
6	0.05991	0.01916	0.06790	0.03567	0.08075	0.00907	0.14914	0.29533	0.03912	0.09016	0.00941	0.03840	0.03020	0.00437	0.00414	0.00116	0.05436	0.00369	0.00279	0.00528
7	0.79988	0.00723	0.00582	0.00510	0.00737	0.00834	0.00419	0.07744	0.03332	0.01663	0.00560	0.00631	0.00430	0.00347	0.00238	0.00111	0.00288	0.00212	0.00238	0.00413
8	0.07191	0.02836	0.21978	0.00946	0.01287	0.02435	0.17949	0.18718	0.09997	0.07952	0.00972	0.01023	0.04267	0.00401	0.00360	0.00114	0.00441	0.00348	0.00261	0.00526
9	0.82861	0.00746	0.00563	0.00501	0.00723	0.05167	0.00409	0.01096	0.00645	0.03941	0.00530	0.00606	0.00407	0.00339	0.00232	0.00110	0.00298	0.00201	0.00227	0.00397
