[name]
unknown

[dist]
# distance from previous block
# <min> <max>
0	59

[block]
# block no. 0 follows, 68 sequences, length 38
# corresponding to MSA columns:
# 336-340,347-379
name=unknown_A
#
# <colnr> <probs for GDERKNQSTAVLIFYWHMCP>
#	G	D	E	R	K	N	Q	S	T	A	V	L	I	F	Y	W	H	M	C	P
0	0.06876	0.00914	0.01393	0.13813	0.51408	0.00967	0.01060	0.14387	0.01029	0.01481	0.00789	0.01037	0.00642	0.00396	0.00387	0.00122	0.00460	0.02016	0.00233	0.00590
1	0.06567	0.00903	0.01364	0.06156	0.32616	0.00903	0.10546	0.12134	0.05049	0.04666	0.00833	0.00984	0.00649	0.00376	0.00378	0.00112	0.00441	0.00346	0.00253	0.14723
2	0.00738	0.00488	0.00676	0.07646	0.08723	0.00496	0.00473	0.02471	0.00699	0.05515	0.02413	0.01915	0.06278	0.34187	0.02863	0.22991	0.00391	0.00478	0.00241	0.00320
3	0.00534	0.00410	0.00438	0.00431	0.00525	0.00370	0.00300	0.02310	0.00830	0.01030	0.07110	0.03271	0.51949	0.23967	0.00931	0.03964	0.00261	0.00729	0.00329	0.00311
4	0.03929	0.46062	0.09912	0.07757	0.03994	0.11291	0.00818	0.08355	0.02521	0.01167	0.00649	0.00756	0.00539	0.00373	0.00310	0.00101	0.00480	0.00259	0.00202	0.00523
5	0.01011	0.00940	0.01540	0.06312	0.64537	0.00950	0.04313	0.09026	0.00988	0.01396	0.00764	0.00978	0.00625	0.00364	0.00391	0.00116	0.00470	0.00353	0.00217	0.04709
6	0.00991	0.02834	0.03281	0.06063	0.68363	0.05716	0.01150	0.01220	0.00904	0.01255	0.00730	0.00953	0.00610	0.00356	0.00384	0.00115	0.00482	0.00339	0.00196	0.04060
7	0.04668	0.04134	0.03893	0.01286	0.21261	0.30961	0.00855	0.09961	0.16530	0.01378	0.00868	0.00947	0.00685	0.00422	0.00372	0.00115	0.00521	0.00324	0.00259	0.00559
8	0.04538	0.00763	0.00962	0.00740	0.01047	0.00719	0.00611	0.17597	0.01262	0.65325	0.01412	0.01249	0.00904	0.00484	0.00393	0.00122	0.00356	0.00385	0.00464	0.00667
9	0.00823	0.00813	0.04011	0.01054	0.04479	0.00785	0.26165	0.03422	0.18442	0.01462	0.26067	0.01778	0.03223	0.00633	0.03177	0.00147	0.02164	0.00529	0.00322	0.00503
10	0.01022	0.00955	0.01168	0.10421	0.17783	0.07085	0.00860	0.08767	0.30259	0.01421	0.01022	0.01126	0.00803	0.00497	0.00550	0.00134	0.14900	0.00379	0.00283	0.00566
11	0.00574	0.00394	0.00482	0.00482	0.00500	0.00412	0.00303	0.00609	0.00591	0.00806	0.01204	0.02341	0.01331	0.65767	0.22166	0.00446	0.00550	0.00540	0.00233	0.00268
12	0.00984	0.00940	0.05261	0.06512	0.01448	0.04130	0.25675	0.03951	0.07894	0.09576	0.11652	0.01310	0.01075	0.00513	0.00603	0.00137	0.17108	0.00441	0.00276	0.00514
13	0.00506	0.00363	0.00481	0.00536	0.00580	0.00338	0.00370	0.00611	0.00867	0.01184	0.26394	0.61107	0.02956	0.01113	0.00495	0.00150	0.00217	0.01005	0.00388	0.00338
14	0.00570	0.00414	0.00545	0.03686	0.00656	0.00394	0.00387	0.00740	0.01052	0.01482	0.71623	0.02851	0.03378	0.09763	0.00628	0.00152	0.00221	0.00689	0.00406	0.00363
15	0.00862	0.00859	0.01153	0.00991	0.01018	0.03584	0.00820	0.00957	0.00635	0.00968	0.00570	0.00910	0.00557	0.00828	0.07118	0.00199	0.72920	0.00345	0.00180	0.04527
16	0.00749	0.00705	0.01189	0.85113	0.02731	0.00881	0.01101	0.01013	0.00793	0.01013	0.00705	0.01057	0.00529	0.00396	0.00396	0.00132	0.00529	0.00352	0.00176	0.00440
17	0.01329	0.00971	0.01042	0.00793	0.01115	0.04813	0.00647	0.44098	0.01424	0.11798	0.00934	0.00949	0.00677	0.00419	0.00364	0.00100	0.00394	0.00320	0.00350	0.27463
18	0.00921	0.01026	0.02096	0.01535	0.01849	0.01049	0.64541	0.01202	0.00865	0.01202	0.00741	0.01026	0.00584	0.00412	0.00648	0.00142	0.19013	0.00442	0.00195	0.00513
19	0.01048	0.22416	0.01420	0.21782	0.11008	0.22522	0.02139	0.01258	0.04004	0.01068	0.04526	0.00954	0.00707	0.00413	0.00384	0.00112	0.03230	0.00315	0.00205	0.00489
20	0.01060	0.86304	0.02078	0.00678	0.01018	0.01569	0.00678	0.01187	0.00806	0.00933	0.00551	0.00636	0.00509	0.00339	0.00254	0.00085	0.00424	0.00212	0.00170	0.00509
21	0.00822	0.00705	0.00822	0.00587	0.00940	0.00529	0.00470	0.00998	0.00822	0.01292	0.00705	0.00822	0.00587	0.00294	0.00294	0.00059	0.00294	0.00235	0.00235	0.88490
22	0.00664	0.00614	0.02226	0.03617	0.00815	0.08655	0.01965	0.03554	0.00829	0.01065	0.01776	0.62922	0.02062	0.01036	0.00533	0.00152	0.05909	0.00910	0.00327	0.00368
23	0.00731	0.00473	0.00608	0.00550	0.00688	0.00442	0.02929	0.00867	0.02069	0.13676	0.12050	0.02675	0.33251	0.11531	0.15426	0.00250	0.00410	0.00635	0.00347	0.00394
24	0.01083	0.00790	0.00970	0.00834	0.00956	0.07899	0.00677	0.01225	0.02331	0.22703	0.07215	0.01273	0.00981	0.01027	0.15661	0.00232	0.32972	0.00397	0.00290	0.00484
25	0.01060	0.86304	0.02078	0.00678	0.01018	0.01569	0.00678	0.01187	0.00806	0.00933	0.00551	0.00636	0.00509	0.00339	0.00254	0.00085	0.00424	0.00212	0.00170	0.00509
26	0.00950	0.13170	0.42814	0.00915	0.01364	0.04223	0.01030	0.01330	0.07079	0.07339	0.00816	0.00889	0.00607	0.00379	0.00349	0.00108	0.00480	0.00290	0.00223	0.15647
27	0.03410	0.29373	0.09377	0.02016	0.03370	0.10880	0.07201	0.07091	0.19798	0.02502	0.00887	0.00939	0.00697	0.00410	0.00346	0.00111	0.00466	0.00318	0.00253	0.00554
28	0.01684	0.00671	0.00913	0.02927	0.01041	0.00593	0.00589	0.03489	0.01140	0.75840	0.05684	0.01416	0.01103	0.00504	0.00402	0.00123	0.00337	0.00413	0.00478	0.00653
29	0.08286	0.06829	0.02671	0.00733	0.01065	0.00897	0.01918	0.28239	0.04213	0.01723	0.00800	0.00867	0.00620	0.00375	0.00330	0.00091	0.00364	0.00285	0.00290	0.39405
30	0.03120	0.10134	0.15275	0.01348	0.10996	0.01016	0.31230	0.10056	0.01019	0.10709	0.00851	0.00985	0.00625	0.00378	0.00401	0.00122	0.00536	0.00374	0.00246	0.00580
31	0.00796	0.00762	0.01067	0.30052	0.01573	0.04802	0.00878	0.00961	0.00749	0.01012	0.00908	0.04701	0.00884	0.00733	0.03487	0.00172	0.33234	0.12596	0.00214	0.00420
32	0.00552	0.00404	0.00515	0.00487	0.00582	0.00370	0.00363	0.00726	0.01086	0.01516	0.73230	0.03037	0.11663	0.03116	0.00509	0.00133	0.00194	0.00725	0.00424	0.00367
33	0.00499	0.00352	0.00455	0.00532	0.00551	0.00332	0.00347	0.00556	0.00729	0.00971	0.02029	0.71887	0.02425	0.15431	0.00759	0.00198	0.00256	0.01035	0.00347	0.00308
34	0.00769	0.00633	0.00733	0.00739	0.05181	0.07960	0.00526	0.00949	0.04060	0.06346	0.36225	0.18459	0.03506	0.00854	0.02790	0.00148	0.08679	0.00665	0.00359	0.00418
35	0.00902	0.00963	0.13052	0.02177	0.03908	0.00698	0.05949	0.08616	0.00941	0.02597	0.02370	0.00911	0.00652	0.00342	0.00336	0.00084	0.00382	0.00287	0.00243	0.54588
36	0.00820	0.00566	0.00720	0.00723	0.06638	0.00569	0.00504	0.01179	0.17931	0.11232	0.37271	0.03345	0.05976	0.06485	0.04125	0.00166	0.00303	0.00587	0.00392	0.00468
37	0.10419	0.13664	0.11093	0.06901	0.01366	0.05020	0.13465	0.11017	0.07160	0.06274	0.02911	0.01040	0.01848	0.00493	0.02939	0.00133	0.00485	0.00348	0.00261	0.03163

[dist]
# distance from previous block
# <min> <max>
2	60

[block]
# block no. 1 follows, 68 sequences, length 18
# corresponding to MSA columns:
# 447-464
name=unknown_B
#
# <colnr> <probs for GDERKNQSTAVLIFYWHMCP>
#	G	D	E	R	K	N	Q	S	T	A	V	L	I	F	Y	W	H	M	C	P
0	0.07698	0.28899	0.06681	0.02277	0.06185	0.04384	0.05609	0.09643	0.08144	0.04829	0.00823	0.03174	0.00677	0.00421	0.00372	0.00110	0.03703	0.00320	0.00247	0.05803
1	0.03348	0.06714	0.07204	0.08858	0.04936	0.03379	0.02038	0.06969	0.06773	0.04758	0.13331	0.04690	0.09838	0.03707	0.03341	0.00145	0.00391	0.00473	0.00299	0.08807
2	0.00984	0.01324	0.26549	0.25240	0.03309	0.15513	0.03832	0.01282	0.02812	0.08662	0.01001	0.01137	0.05762	0.00439	0.00391	0.00124	0.00540	0.00358	0.00226	0.00514
3	0.02343	0.07648	0.21687	0.03917	0.22095	0.00983	0.12916	0.11246	0.01018	0.09891	0.00836	0.00962	0.00620	0.00385	0.00387	0.00120	0.00503	0.00346	0.00243	0.01853
4	0.01033	0.01151	0.01259	0.35925	0.09342	0.28311	0.04522	0.01222	0.00894	0.01029	0.00660	0.00915	0.00534	0.00431	0.00499	0.00126	0.11167	0.00325	0.00188	0.00467
5	0.00758	0.00948	0.20385	0.12357	0.13703	0.00690	0.03345	0.01015	0.00931	0.04696	0.21933	0.03429	0.11688	0.00587	0.00436	0.00128	0.01693	0.00510	0.00284	0.00483
6	0.44393	0.01206	0.30092	0.00816	0.03725	0.00862	0.00835	0.01250	0.00778	0.08707	0.00720	0.00816	0.00529	0.00471	0.03204	0.00141	0.00439	0.00270	0.00237	0.00510
7	0.00844	0.01948	0.72461	0.01150	0.01695	0.05097	0.06451	0.01297	0.03136	0.01254	0.00737	0.00863	0.00529	0.00380	0.00382	0.00125	0.00590	0.00306	0.00178	0.00578
8	0.01319	0.00821	0.01499	0.01111	0.01437	0.00745	0.35785	0.01544	0.01021	0.42060	0.01281	0.07493	0.00939	0.00479	0.00437	0.00130	0.00472	0.00483	0.00356	0.00588
9	0.01262	0.00747	0.03904	0.19126	0.09941	0.00708	0.02672	0.03305	0.01001	0.40336	0.03577	0.06585	0.01009	0.00519	0.00427	0.00129	0.02010	0.01814	0.00355	0.00573
10	0.00964	0.01074	0.07359	0.01435	0.31817	0.17429	0.02491	0.04295	0.05039	0.01224	0.01176	0.19305	0.03509	0.00590	0.00413	0.00126	0.00463	0.00518	0.00256	0.00517
11	0.00584	0.00443	0.00632	0.00625	0.00677	0.00515	0.00470	0.00695	0.00630	0.00901	0.01108	0.05379	0.01109	0.16903	0.61433	0.00544	0.06316	0.00476	0.00221	0.00338
12	0.88866	0.00767	0.00583	0.00521	0.00767	0.00889	0.00429	0.01166	0.00675	0.01779	0.00552	0.00644	0.00429	0.00368	0.00245	0.00123	0.00307	0.00215	0.00245	0.00429
13	0.00500	0.00403	0.00445	0.00434	0.00555	0.00348	0.00326	0.00630	0.00978	0.01246	0.30828	0.03527	0.56511	0.00939	0.00468	0.00131	0.00196	0.00796	0.00391	0.00348
14	0.09006	0.03089	0.05104	0.00707	0.02674	0.04112	0.00554	0.00874	0.02983	0.01020	0.00963	0.01527	0.00935	0.20764	0.35708	0.00398	0.08576	0.00411	0.00219	0.00378
15	0.00574	0.00394	0.00479	0.00479	0.00495	0.00409	0.00298	0.00606	0.00590	0.00803	0.01207	0.02361	0.01340	0.67324	0.20621	0.00441	0.00537	0.00542	0.00234	0.00266
16	0.01030	0.76833	0.11289	0.00729	0.01096	0.01496	0.00767	0.01195	0.00809	0.00969	0.00569	0.00659	0.00508	0.00343	0.00268	0.00089	0.00442	0.00221	0.00169	0.00517
17	0.01060	0.86304	0.02078	0.00678	0.01018	0.01569	0.00678	0.01187	0.00806	0.00933	0.00551	0.00636	0.00509	0.00339	0.00254	0.00085	0.00424	0.00212	0.00170	0.00509

[dist]
# distance from previous block
# <min> <max>
0	1

[block]
# block no. 2 follows, 68 sequences, length 13
# corresponding to MSA columns:
# 466-478
name=unknown_C
#
# <colnr> <probs for GDERKNQSTAVLIFYWHMCP>
#	G	D	E	R	K	N	Q	S	T	A	V	L	I	F	Y	W	H	M	C	P
0	0.01001	0.38348	0.22350	0.03012	0.15301	0.03906	0.03374	0.04613	0.02585	0.01168	0.00676	0.00800	0.00552	0.00364	0.00330	0.00106	0.00490	0.00279	0.00190	0.00555
1	0.00566	0.00425	0.00637	0.00637	0.00708	0.00496	0.00496	0.00708	0.00637	0.00920	0.01062	0.01558	0.00991	0.02974	0.84494	0.00637	0.01062	0.00425	0.00212	0.00354
2	0.01127	0.72861	0.01926	0.00733	0.01051	0.14772	0.00692	0.01250	0.00856	0.00939	0.00561	0.00649	0.00509	0.00350	0.00271	0.00088	0.00470	0.00219	0.00175	0.00501
3	0.00566	0.00425	0.00637	0.00637	0.00708	0.00496	0.00496	0.00708	0.00637	0.00920	0.01062	0.01558	0.00991	0.02974	0.84494	0.00637	0.01062	0.00425	0.00212	0.00354
4	0.00654	0.00497	0.00627	0.00682	0.00775	0.00517	0.00539	0.00988	0.17714	0.01221	0.02031	0.33263	0.02185	0.01034	0.00503	0.00165	0.00306	0.35522	0.00374	0.00404
5	0.00940	0.01058	0.02275	0.01739	0.09316	0.00997	0.74960	0.01265	0.00933	0.01272	0.00797	0.01062	0.00604	0.00336	0.00461	0.00132	0.00651	0.00458	0.00200	0.00543
6	0.00867	0.00867	0.01214	0.01041	0.01041	0.01214	0.00867	0.00954	0.00607	0.00954	0.00520	0.00867	0.00520	0.00694	0.01301	0.00173	0.85340	0.00347	0.00173	0.00434
7	0.00504	0.00360	0.00484	0.00576	0.00608	0.00340	0.00404	0.00588	0.00779	0.01035	0.02174	0.75022	0.02577	0.01223	0.00512	0.00164	0.00248	0.11708	0.00368	0.00328
8	0.00866	0.00825	0.01402	0.43291	0.43633	0.00912	0.01160	0.01116	0.00848	0.01156	0.00726	0.01019	0.00579	0.00375	0.00394	0.00125	0.00499	0.00353	0.00186	0.00535
9	0.03955	0.28740	0.22765	0.00856	0.03809	0.02720	0.02516	0.02841	0.02919	0.01210	0.00681	0.00787	0.00552	0.00347	0.00314	0.00094	0.00437	0.00259	0.00202	0.23997
10	0.00679	0.00514	0.00630	0.07129	0.00852	0.00486	0.00464	0.04192	0.04945	0.04929	0.14562	0.20586	0.24720	0.00831	0.00443	0.00130	0.00267	0.02591	0.00356	0.10697
11	0.44778	0.01026	0.03512	0.03197	0.06190	0.11687	0.00655	0.14698	0.04409	0.01684	0.00691	0.00788	0.00535	0.00413	0.00356	0.00122	0.04222	0.00274	0.00261	0.00500
12	0.15620	0.08230	0.06372	0.07134	0.01191	0.05222	0.07613	0.06338	0.17479	0.03801	0.03169	0.08875	0.04380	0.00544	0.00381	0.00128	0.00401	0.02325	0.00295	0.00504

[dist]
# distance from previous block
# <min> <max>
25	59

[block]
# block no. 3 follows, 68 sequences, length 9
# corresponding to MSA columns:
# 560-568
name=unknown_D
#
# <colnr> <probs for GDERKNQSTAVLIFYWHMCP>
#	G	D	E	R	K	N	Q	S	T	A	V	L	I	F	Y	W	H	M	C	P
0	0.00847	0.00539	0.00667	0.00593	0.00755	0.00507	0.00463	0.10129	0.01113	0.13288	0.34910	0.11993	0.09963	0.00779	0.00448	0.00128	0.00262	0.05983	0.00408	0.06223
1	0.00654	0.00461	0.00557	0.05922	0.00706	0.00476	0.00384	0.00824	0.09987	0.04158	0.01617	0.20826	0.05795	0.44459	0.01255	0.00268	0.00340	0.00676	0.00299	0.00337
2	0.06927	0.00715	0.00965	0.00778	0.04272	0.00628	0.07219	0.03336	0.00944	0.29094	0.03247	0.01216	0.00867	0.07238	0.00489	0.00122	0.00355	0.00356	0.00327	0.30905
3	0.01374	0.01034	0.01115	0.13292	0.01389	0.08448	0.00763	0.48612	0.03571	0.11417	0.00984	0.01071	0.00718	0.03847	0.00458	0.00131	0.00458	0.00363	0.00352	0.00602
4	0.18353	0.05546	0.18476	0.01123	0.10656	0.03115	0.10938	0.13638	0.05594	0.03595	0.02296	0.00937	0.00652	0.00410	0.00392	0.00123	0.03015	0.00331	0.00252	0.00556
5	0.06453	0.02706	0.00817	0.03309	0.08762	0.11994	0.00577	0.05770	0.00936	0.01264	0.19542	0.02008	0.01621	0.15210	0.09971	0.00225	0.00470	0.07665	0.00289	0.00411
6	0.00914	0.01148	0.34290	0.00866	0.03195	0.00671	0.00886	0.04567	0.00949	0.16730	0.09008	0.20135	0.03639	0.00652	0.00422	0.00133	0.00403	0.00557	0.00313	0.00522
7	0.02680	0.03582	0.16145	0.16788	0.17915	0.06320	0.04527	0.01176	0.06086	0.01239	0.06614	0.05302	0.00967	0.00473	0.00394	0.00122	0.00466	0.02830	0.00234	0.06137
8	0.00949	0.11343	0.04382	0.11709	0.30278	0.02249	0.06430	0.02383	0.06261	0.02438	0.00781	0.00952	0.00629	0.00362	0.00362	0.00106	0.00447	0.00324	0.00218	0.17395

[dist]
# distance from previous block
# <min> <max>
3	6

[block]
# block no. 4 follows, 68 sequences, length 7
# corresponding to MSA columns:
# 577-583
name=unknown_E
#
# <colnr> <probs for GDERKNQSTAVLIFYWHMCP>
#	G	D	E	R	K	N	Q	S	T	A	V	L	I	F	Y	W	H	M	C	P
0	0.00705	0.00765	0.06984	0.01048	0.01271	0.00650	0.32826	0.00927	0.00879	0.01195	0.08081	0.31842	0.01734	0.00774	0.00483	0.00147	0.00438	0.08527	0.00293	0.00433
1	0.01213	0.25930	0.06803	0.01037	0.09154	0.25961	0.00826	0.03410	0.00943	0.08797	0.00700	0.00812	0.00570	0.00428	0.00463	0.00112	0.11818	0.00283	0.00219	0.00521
2	0.00795	0.00643	0.00964	0.13075	0.25939	0.00646	0.00742	0.01022	0.04232	0.06972	0.19834	0.05543	0.16703	0.00635	0.00429	0.00127	0.00341	0.00562	0.00314	0.00481
3	0.09869	0.00812	0.06794	0.00802	0.06591	0.00670	0.00638	0.01475	0.07179	0.32504	0.03987	0.01140	0.00875	0.00422	0.00356	0.00106	0.00342	0.00340	0.00345	0.24753
4	0.03717	0.24818	0.06157	0.00728	0.01011	0.06635	0.02801	0.01340	0.00951	0.26402	0.07734	0.09471	0.01126	0.00518	0.00362	0.00112	0.00386	0.00416	0.00317	0.04998
5	0.01054	0.08145	0.21182	0.00871	0.01259	0.00863	0.06316	0.12012	0.05307	0.11457	0.00917	0.01025	0.00692	0.00399	0.00360	0.00105	0.00427	0.02133	0.00275	0.25200
6	0.00751	0.00670	0.00824	0.00718	0.00868	0.07327	0.09426	0.04604	0.00952	0.04644	0.10938	0.16558	0.31136	0.00830	0.00531	0.00137	0.07641	0.00703	0.00333	0.00407

[dist]
# distance from previous block
# <min> <max>
1	4

[block]
# block no. 5 follows, 68 sequences, length 7
# corresponding to MSA columns:
# 588-594
name=unknown_F
#
# <colnr> <probs for GDERKNQSTAVLIFYWHMCP>
#	G	D	E	R	K	N	Q	S	T	A	V	L	I	F	Y	W	H	M	C	P
0	0.00857	0.00862	0.01623	0.31815	0.12621	0.00926	0.31318	0.01125	0.00849	0.01171	0.00770	0.01065	0.00599	0.00393	0.00481	0.00131	0.06726	0.00396	0.05777	0.00495
1	0.00697	0.00571	0.00688	0.00574	0.00805	0.00452	0.00432	0.00833	0.00799	0.01188	0.01253	0.32311	0.01341	0.00645	0.00372	0.00097	0.00270	0.00566	0.00284	0.55822
2	0.01043	0.66278	0.07945	0.00789	0.01135	0.04073	0.05900	0.04025	0.00862	0.01036	0.00648	0.03483	0.00589	0.00378	0.00293	0.00095	0.00455	0.00271	0.00187	0.00514
3	0.00605	0.00404	0.00552	0.00615	0.00664	0.00399	0.00476	0.00679	0.00767	0.01008	0.01764	0.21102	0.01972	0.12917	0.00910	0.14973	0.00335	0.39234	0.00316	0.00306
4	0.01136	0.71104	0.01906	0.00740	0.01055	0.16497	0.00694	0.01259	0.00863	0.00940	0.00562	0.00650	0.00509	0.00352	0.00273	0.00088	0.00476	0.00220	0.00176	0.00500
5	0.00822	0.00705	0.00822	0.00587	0.00940	0.00529	0.00470	0.00998	0.00822	0.01292	0.00705	0.00822	0.00587	0.00294	0.00294	0.00059	0.00294	0.00235	0.00235	0.88490
6	0.01124	0.43604	0.04531	0.17365	0.01388	0.01202	0.00785	0.04050	0.00889	0.15948	0.00782	0.00878	0.00604	0.00402	0.00373	0.00108	0.04913	0.00288	0.00237	0.00530

[dist]
# distance from previous block
# <min> <max>
0	3

[block]
# block no. 6 follows, 68 sequences, length 9
# corresponding to MSA columns:
# 598-606
name=unknown_G
#
# <colnr> <probs for GDERKNQSTAVLIFYWHMCP>
#	G	D	E	R	K	N	Q	S	T	A	V	L	I	F	Y	W	H	M	C	P
0	0.00622	0.00436	0.00526	0.00491	0.00615	0.00396	0.00373	0.00811	0.03862	0.06546	0.50189	0.03083	0.28881	0.00843	0.00461	0.00128	0.00205	0.00726	0.00417	0.00389
1	0.00521	0.00377	0.00494	0.00529	0.00589	0.00350	0.00377	0.00646	0.00926	0.01268	0.37011	0.44052	0.06501	0.01042	0.00489	0.00145	0.00215	0.03722	0.00397	0.00346
2	0.01282	0.01285	0.38430	0.00888	0.01312	0.00726	0.00972	0.01575	0.01000	0.42996	0.04721	0.01188	0.00885	0.00453	0.00392	0.00124	0.00443	0.00365	0.00342	0.00622
3	0.05834	0.00725	0.01069	0.00809	0.01124	0.00646	0.10050	0.01819	0.01090	0.70358	0.01427	0.01283	0.00911	0.00467	0.00399	0.00124	0.00374	0.00398	0.00445	0.00647
4	0.00496	0.00354	0.00475	0.00567	0.00596	0.00333	0.00391	0.00575	0.00772	0.01027	0.02178	0.78979	0.02594	0.01230	0.00510	0.00163	0.00241	0.07826	0.00368	0.00326
5	0.00938	0.47619	0.39698	0.00886	0.01338	0.01271	0.01040	0.01219	0.00820	0.01081	0.00625	0.00728	0.00506	0.00356	0.00311	0.00104	0.00498	0.00249	0.00169	0.00544
6	0.01031	0.62106	0.11433	0.00785	0.01113	0.01435	0.00796	0.05454	0.00842	0.01056	0.00587	0.00703	0.00518	0.00392	0.00398	0.00102	0.10307	0.00245	0.00182	0.00518
7	0.01088	0.54834	0.19247	0.00802	0.01190	0.01349	0.00849	0.10653	0.00950	0.04825	0.00676	0.00747	0.00547	0.00370	0.00303	0.00099	0.00456	0.00254	0.00210	0.00552
8	0.01086	0.10547	0.04783	0.00598	0.00784	0.00616	0.00485	0.01193	0.00844	0.31276	0.01317	0.06820	0.01169	0.31031	0.00959	0.00212	0.00361	0.00478	0.04981	0.00459

[dist]
# distance from previous block
# <min> <max>
4	41

[block]
# block no. 7 follows, 68 sequences, length 12
# corresponding to MSA columns:
# 651-662
name=unknown_H
#
# <colnr> <probs for GDERKNQSTAVLIFYWHMCP>
#	G	D	E	R	K	N	Q	S	T	A	V	L	I	F	Y	W	H	M	C	P
0	0.02549	0.28333	0.15332	0.00740	0.03057	0.00864	0.00681	0.00951	0.00794	0.03676	0.01281	0.33994	0.01385	0.04091	0.00451	0.00136	0.00371	0.00607	0.00262	0.00445
1	0.06003	0.38665	0.43509	0.00898	0.01357	0.01201	0.01063	0.01221	0.00814	0.01145	0.00633	0.00738	0.00501	0.00360	0.00316	0.00108	0.00499	0.00253	0.00173	0.00543
2	0.08906	0.69131	0.08428	0.00705	0.01051	0.01437	0.00717	0.01221	0.03485	0.01058	0.00599	0.00680	0.00524	0.00351	0.00268	0.00093	0.00423	0.00226	0.00184	0.00512
3	0.00770	0.26610	0.04294	0.00592	0.00784	0.08066	0.00506	0.00885	0.00857	0.01028	0.08308	0.08884	0.25207	0.10899	0.00579	0.00147	0.00352	0.00558	0.00276	0.00399
4	0.00577	0.00384	0.00432	0.00432	0.00432	0.00384	0.00240	0.00577	0.00577	0.00769	0.01249	0.02595	0.01441	0.86066	0.02018	0.00384	0.00384	0.00577	0.00240	0.00240
5	0.18106	0.07260	0.10143	0.00720	0.02586	0.01905	0.04124	0.02424	0.00908	0.12337	0.06117	0.02051	0.20092	0.00631	0.00393	0.00129	0.00353	0.08940	0.00314	0.00467
6	0.00896	0.01277	0.33404	0.03659	0.12008	0.02260	0.09692	0.05862	0.02165	0.06599	0.02863	0.10071	0.04131	0.02791	0.00454	0.00136	0.00486	0.00459	0.00250	0.00540
7	0.00592	0.00489	0.00782	0.03325	0.07682	0.00471	0.08878	0.00717	0.00807	0.01086	0.04468	0.58516	0.02180	0.02786	0.00522	0.00158	0.00313	0.05524	0.00330	0.00375
8	0.01237	0.00606	0.00776	0.00656	0.00871	0.00566	0.00520	0.04775	0.09059	0.42609	0.16420	0.12184	0.05097	0.00677	0.00430	0.00130	0.00294	0.02094	0.00446	0.00553
9	0.08868	0.04684	0.07660	0.01099	0.09212	0.22551	0.11164	0.04340	0.03894	0.13110	0.00958	0.01205	0.00765	0.00455	0.00383	0.00121	0.00512	0.06227	0.02263	0.00530
10	0.25696	0.20329	0.07009	0.00910	0.09008	0.03113	0.03370	0.14151	0.00998	0.08354	0.03175	0.00879	0.00661	0.00401	0.00324	0.00113	0.00410	0.00295	0.00266	0.00539
11	0.47269	0.02259	0.05673	0.00659	0.02999	0.02265	0.00550	0.03852	0.00846	0.11198	0.07014	0.00957	0.00786	0.00410	0.00305	0.00113	0.00334	0.00290	0.00284	0.11936

[dist]
# distance from previous block
# <min> <max>
26	145

[block]
# block no. 8 follows, 68 sequences, length 34
# corresponding to MSA columns:
# 866-899
name=unknown_I
#
# <colnr> <probs for GDERKNQSTAVLIFYWHMCP>
#	G	D	E	R	K	N	Q	S	T	A	V	L	I	F	Y	W	H	M	C	P
0	0.36804	0.09874	0.26737	0.03532	0.07831	0.00996	0.00882	0.06828	0.00843	0.01518	0.00649	0.00764	0.00496	0.00375	0.00314	0.00119	0.00434	0.00264	0.00218	0.00519
1	0.01301	0.00801	0.00881	0.03022	0.01033	0.07474	0.00604	0.01779	0.28790	0.36681	0.03745	0.01644	0.06846	0.00560	0.00408	0.00128	0.00353	0.02940	0.00416	0.00594
2	0.12585	0.00690	0.01013	0.08138	0.31958	0.00720	0.00809	0.01019	0.03067	0.01294	0.04687	0.15625	0.01360	0.00660	0.00423	0.00139	0.00379	0.14682	0.00275	0.00479
3	0.07418	0.01009	0.01059	0.00853	0.01137	0.01132	0.00693	0.52423	0.26252	0.02195	0.01124	0.01090	0.00819	0.00487	0.00388	0.00124	0.00390	0.00375	0.00388	0.00643
4	0.07146	0.24157	0.02619	0.31965	0.01728	0.13983	0.04264	0.04485	0.00902	0.04322	0.00686	0.00866	0.00540	0.00385	0.00344	0.00113	0.00509	0.00296	0.00206	0.00486
5	0.00796	0.00579	0.00649	0.00587	0.02041	0.02523	0.00410	0.07695	0.04174	0.05976	0.08057	0.04997	0.07782	0.35761	0.01065	0.00224	0.00343	0.02059	0.00305	0.13978
6	0.01254	0.00985	0.01047	0.00861	0.01133	0.01111	0.00692	0.43323	0.41223	0.02091	0.01273	0.01208	0.00935	0.00506	0.00400	0.00127	0.00377	0.00401	0.00400	0.00652
7	0.30662	0.02372	0.21168	0.00843	0.01193	0.06884	0.05601	0.07805	0.00945	0.16214	0.00850	0.00941	0.00616	0.00414	0.00344	0.00123	0.00444	0.01765	0.00278	0.00539
8	0.00573	0.00408	0.00583	0.00586	0.00638	0.00456	0.00432	0.00666	0.00633	0.00895	0.02738	0.05283	0.01172	0.17389	0.59017	0.06663	0.00841	0.00481	0.00225	0.00320
9	0.01507	0.01111	0.01190	0.00912	0.01230	0.01230	0.00754	0.82270	0.01864	0.02499	0.00952	0.00952	0.00674	0.00476	0.00397	0.00119	0.00436	0.00357	0.00397	0.00674
10	0.00610	0.00439	0.00604	0.00690	0.00775	0.00433	0.00587	0.00774	0.00892	0.01158	0.02208	0.15011	0.06439	0.01110	0.00538	0.00177	0.00339	0.66493	0.00366	0.00358
11	0.01256	0.00986	0.01049	0.00862	0.01134	0.01112	0.00693	0.43670	0.40873	0.02094	0.01271	0.01206	0.00932	0.00506	0.00400	0.00126	0.00377	0.00401	0.00400	0.00652
12	0.01507	0.01111	0.01190	0.00912	0.01230	0.01230	0.00754	0.82270	0.01864	0.02499	0.00952	0.00952	0.00674	0.00476	0.00397	0.00119	0.00436	0.00357	0.00397	0.00674
13	0.01507	0.01111	0.01190	0.00912	0.01230	0.01230	0.00754	0.82270	0.01864	0.02499	0.00952	0.00952	0.00674	0.00476	0.00397	0.00119	0.00436	0.00357	0.00397	0.00674
14	0.01222	0.00649	0.00809	0.00658	0.00880	0.00622	0.00528	0.17160	0.01267	0.34087	0.32990	0.01958	0.04175	0.00625	0.00427	0.00123	0.00295	0.00525	0.00448	0.00550
15	0.00541	0.00408	0.00513	0.00568	0.00656	0.00379	0.00448	0.00670	0.00884	0.01131	0.07721	0.24470	0.28080	0.01086	0.00507	0.00158	0.00269	0.30793	0.00371	0.00345
16	0.02164	0.00615	0.00894	0.30787	0.02447	0.00669	0.00697	0.01174	0.03253	0.22640	0.07675	0.01595	0.01111	0.16878	0.03344	0.00194	0.02662	0.00439	0.00300	0.00463
17	0.00749	0.00705	0.01189	0.85113	0.02731	0.00881	0.01101	0.01013	0.00793	0.01013	0.00705	0.01057	0.00529	0.00396	0.00396	0.00132	0.00529	0.00352	0.00176	0.00440
18	0.04921	0.01345	0.00996	0.00899	0.01116	0.40634	0.00687	0.03125	0.39279	0.01351	0.01083	0.01073	0.00837	0.00468	0.00375	0.00118	0.00506	0.00345	0.00302	0.00540
19	0.04660	0.04651	0.63369	0.01219	0.08515	0.01983	0.05997	0.01264	0.00850	0.02894	0.00723	0.00856	0.00525	0.00373	0.00374	0.00124	0.00560	0.00304	0.00182	0.00577
20	0.38917	0.00837	0.01196	0.00928	0.01215	0.00872	0.26546	0.01317	0.08796	0.07852	0.07112	0.01091	0.00854	0.00417	0.00360	0.00127	0.00416	0.00370	0.00280	0.00497
21	0.00540	0.00404	0.00549	0.00621	0.00655	0.00413	0.00455	0.00631	0.00776	0.01040	0.02047	0.64580	0.02405	0.01175	0.00572	0.00166	0.06526	0.15756	0.00353	0.00338
22	0.01040	0.00928	0.03292	0.07985	0.04951	0.01013	0.05470	0.14431	0.52789	0.01687	0.01325	0.01299	0.00990	0.00492	0.00404	0.00131	0.00386	0.00419	0.00356	0.00613
23	0.00651	0.08090	0.00701	0.00594	0.00693	0.00561	0.00446	0.03179	0.06995	0.02516	0.11712	0.43431	0.10607	0.02589	0.00525	0.00148	0.03833	0.01984	0.00353	0.00389
24	0.00514	0.00387	0.00521	0.00592	0.00613	0.00394	0.00409	0.00585	0.00747	0.01007	0.02050	0.78917	0.02452	0.01198	0.00571	0.00162	0.07134	0.01064	0.00352	0.00331
25	0.01060	0.86304	0.02078	0.00678	0.01018	0.01569	0.00678	0.01187	0.00806	0.00933	0.00551	0.00636	0.00509	0.00339	0.00254	0.00085	0.00424	0.00212	0.00170	0.00509
26	0.01083	0.53054	0.18790	0.00839	0.01224	0.04616	0.04727	0.02857	0.00878	0.07679	0.00687	0.00764	0.00553	0.00364	0.00308	0.00100	0.00474	0.00260	0.00202	0.00540
27	0.00800	0.00773	0.01346	0.64556	0.13825	0.00908	0.08036	0.01062	0.00816	0.01073	0.00714	0.01043	0.00548	0.00392	0.00423	0.00131	0.02536	0.00362	0.00181	0.00474
28	0.00575	0.00391	0.00465	0.00465	0.00476	0.00402	0.00281	0.00598	0.00586	0.00793	0.01219	0.02429	0.01370	0.72797	0.15188	0.00425	0.00493	0.00552	0.00236	0.00258
29	0.00985	0.40450	0.40805	0.00894	0.01348	0.01193	0.01044	0.01271	0.00843	0.06846	0.00698	0.00781	0.00539	0.00367	0.00322	0.00107	0.00495	0.00263	0.00191	0.00557
30	0.00979	0.03511	0.02823	0.10935	0.44937	0.06693	0.18207	0.01247	0.02840	0.01228	0.00754	0.00987	0.00610	0.00369	0.00420	0.00122	0.02202	0.00368	0.00199	0.00569
31	0.00535	0.00398	0.00474	0.00499	0.00573	0.00369	0.00363	0.00634	0.00842	0.01090	0.14597	0.16792	0.27547	0.19894	0.00831	0.00200	0.00270	0.13422	0.00349	0.00322
32	0.06748	0.00907	0.24578	0.00704	0.00940	0.00591	0.00708	0.00856	0.00767	0.01111	0.01652	0.05580	0.17504	0.10506	0.19624	0.00276	0.00546	0.05739	0.00252	0.00409
33	0.09713	0.03877	0.38313	0.03967	0.05367	0.03260	0.02284	0.05435	0.04788	0.15548	0.00932	0.03248	0.00686	0.00430	0.00372	0.00124	0.00479	0.00341	0.00262	0.00575

[dist]
# distance from previous block
# <min> <max>
72	356

# created by:
# /home/simao/soft/augustus-3.0.3/scripts/msa2prfl.pl ./prep/76164.aln
