[name]
unknown

[dist]
# distance from previous block
# <min> <max>
0	197

[block]
# block no. 0 follows, 74 sequences, length 9
# corresponding to MSA columns:
# 197-203,210,211
name=unknown_A
#
# <colnr> <probs for GDERKNQSTAVLIFYWHMCP>
#	G	D	E	R	K	N	Q	S	T	A	V	L	I	F	Y	W	H	M	C	P
0	0.00691	0.00533	0.00667	0.00704	0.00825	0.00568	0.00595	0.01111	0.24507	0.01237	0.01836	0.03390	0.01851	0.00877	0.00474	0.00158	0.00328	0.58885	0.00352	0.00412
1	0.89577	0.00718	0.00546	0.00488	0.00718	0.00833	0.00402	0.01091	0.00632	0.01665	0.00517	0.00603	0.00402	0.00345	0.00230	0.00115	0.00287	0.00201	0.00230	0.00402
2	0.00870	0.00820	0.01396	0.16487	0.67060	0.00848	0.01086	0.01079	0.00812	0.01143	0.00689	0.00940	0.00574	0.00378	0.00414	0.03907	0.00445	0.00330	0.00180	0.00540
3	0.01003	0.00718	0.00801	0.02356	0.00892	0.02420	0.00534	0.27189	0.16490	0.09010	0.24848	0.01662	0.01615	0.06437	0.00492	0.00132	0.00312	0.00462	0.02127	0.00502
4	0.01301	0.25565	0.01338	0.00788	0.01086	0.04414	0.00680	0.53672	0.01410	0.05112	0.00795	0.00813	0.00593	0.00407	0.00332	0.00102	0.00411	0.00293	0.00307	0.00580
5	0.00784	0.00716	0.01178	0.10513	0.52138	0.00725	0.00903	0.00994	0.00893	0.01264	0.24527	0.01454	0.01408	0.00457	0.00388	0.00113	0.00371	0.00428	0.00246	0.00502
6	0.01105	0.62872	0.01691	0.00727	0.01008	0.25373	0.00658	0.01217	0.00839	0.00883	0.00532	0.00616	0.00477	0.00336	0.00266	0.00084	0.00474	0.00210	0.00168	0.00463
7	0.01044	0.00912	0.01368	0.07580	0.55289	0.00955	0.01008	0.24537	0.01094	0.01515	0.00750	0.00916	0.00594	0.00366	0.00369	0.00111	0.00435	0.00332	0.00236	0.00588
8	0.00713	0.01018	0.24995	0.61872	0.02286	0.00835	0.01128	0.01013	0.00754	0.01013	0.00662	0.00931	0.00488	0.00366	0.00366	0.00122	0.00510	0.00314	0.00163	0.00451

[dist]
# distance from previous block
# <min> <max>
1	24

[block]
# block no. 1 follows, 74 sequences, length 29
# corresponding to MSA columns:
# 236-245,250-253,257-271
name=unknown_B
#
# <colnr> <probs for GDERKNQSTAVLIFYWHMCP>
#	G	D	E	R	K	N	Q	S	T	A	V	L	I	F	Y	W	H	M	C	P
0	0.00638	0.00400	0.00486	0.00478	0.00591	0.00352	0.00356	0.00746	0.00875	0.13192	0.16581	0.26160	0.34238	0.00903	0.00440	0.00130	0.00215	0.02483	0.00372	0.00363
1	0.00551	0.00538	0.08468	0.00631	0.00739	0.00496	0.00538	0.00705	0.00611	0.00885	0.00972	0.01439	0.00904	0.06358	0.73764	0.00541	0.00924	0.00393	0.00196	0.00347
2	0.00567	0.00435	0.00619	0.00611	0.00691	0.00507	0.00476	0.00785	0.08377	0.00926	0.01042	0.01451	0.00947	0.02571	0.77542	0.00553	0.00929	0.00400	0.00216	0.00355
3	0.08995	0.00665	0.01060	0.78077	0.02385	0.00825	0.00972	0.00962	0.00732	0.01015	0.00646	0.00954	0.00486	0.00369	0.00358	0.00123	0.00475	0.00318	0.00171	0.00411
4	0.00600	0.00482	0.00736	0.06955	0.18761	0.00479	0.02131	0.00726	0.00751	0.01050	0.01556	0.52627	0.01739	0.00844	0.00423	0.00134	0.00287	0.00770	0.08570	0.00379
5	0.06091	0.00607	0.00810	0.00635	0.00892	0.00539	0.00517	0.01648	0.00986	0.72754	0.01339	0.01217	0.00867	0.00531	0.00466	0.08429	0.00315	0.00360	0.00420	0.00576
6	0.00882	0.00835	0.01412	0.02109	0.76792	0.00832	0.01066	0.01098	0.00864	0.01238	0.08514	0.01092	0.00860	0.00371	0.00374	0.00111	0.00416	0.00363	0.00205	0.00566
7	0.00779	0.01875	0.80716	0.01047	0.01583	0.00877	0.01337	0.05404	0.00833	0.01235	0.00678	0.00789	0.00478	0.00357	0.00354	0.00117	0.00541	0.00277	0.00168	0.00553
8	0.00845	0.01481	0.41368	0.01271	0.02941	0.07212	0.35575	0.01192	0.00842	0.01158	0.00719	0.02360	0.00546	0.00352	0.00389	0.00120	0.00583	0.00355	0.00176	0.00516
9	0.73324	0.00890	0.00650	0.00606	0.02814	0.14376	0.00470	0.01155	0.00704	0.01533	0.00530	0.00621	0.00419	0.00350	0.00250	0.00112	0.00352	0.00210	0.00222	0.00411
10	0.00621	0.00336	0.00498	0.00498	0.00509	0.00347	0.00341	0.00515	0.00504	0.00683	0.00726	0.01244	0.00724	0.05626	0.15039	0.70648	0.00433	0.00345	0.00170	0.00192
11	0.00701	0.00660	0.01113	0.86063	0.02556	0.00825	0.01031	0.00948	0.00742	0.00948	0.00660	0.00990	0.00495	0.00371	0.00371	0.00124	0.00495	0.00330	0.00165	0.00412
12	0.01665	0.00632	0.00861	0.00660	0.00948	0.00546	0.00546	0.01809	0.01062	0.84897	0.01464	0.01263	0.00919	0.00459	0.00373	0.00115	0.00316	0.00373	0.00459	0.00632
13	0.00701	0.00660	0.01113	0.86063	0.02556	0.00825	0.01031	0.00948	0.00742	0.00948	0.00660	0.00990	0.00495	0.00371	0.00371	0.00124	0.00495	0.00330	0.00165	0.00412
14	0.01411	0.01040	0.01114	0.00854	0.01151	0.01151	0.00706	0.83402	0.01745	0.02339	0.00891	0.00891	0.00631	0.00446	0.00371	0.00111	0.00408	0.00334	0.00371	0.00631
15	0.01665	0.00632	0.00861	0.00660	0.00948	0.00546	0.00546	0.01809	0.01062	0.84897	0.01464	0.01263	0.00919	0.00459	0.00373	0.00115	0.00316	0.00373	0.00459	0.00632
16	0.00539	0.00363	0.00423	0.00423	0.00429	0.00370	0.00247	0.00551	0.00545	0.00733	0.01153	0.02338	0.01310	0.79024	0.09766	0.00382	0.00420	0.00526	0.00222	0.00235
17	0.00919	0.00882	0.01507	0.02278	0.84640	0.00882	0.01139	0.01139	0.00845	0.01213	0.00698	0.00919	0.00588	0.00331	0.00367	0.00110	0.00441	0.00331	0.00184	0.00588
18	0.00452	0.00323	0.00431	0.00517	0.00538	0.00301	0.00345	0.00517	0.00711	0.00948	0.02046	0.86713	0.02455	0.01163	0.00474	0.00151	0.00215	0.01055	0.00345	0.00301
19	0.00457	0.00344	0.00425	0.00486	0.00541	0.00312	0.00342	0.00536	0.00758	0.00973	0.02531	0.58089	0.25897	0.01091	0.00466	0.00145	0.00215	0.05740	0.00344	0.00307
20	0.00863	0.00964	0.01982	0.01448	0.01749	0.00978	0.66960	0.01130	0.00815	0.01130	0.00699	0.00964	0.00548	0.00380	0.00593	0.00133	0.17585	0.00416	0.00183	0.00482
21	0.00480	0.00352	0.00421	0.00465	0.00535	0.00313	0.00325	0.00558	0.00774	0.03252	0.02712	0.51329	0.35034	0.01055	0.00457	0.00140	0.00207	0.00929	0.00348	0.00315
22	0.01102	0.63493	0.01697	0.00724	0.01007	0.24762	0.00658	0.01214	0.00837	0.00883	0.00532	0.00616	0.00477	0.00336	0.00265	0.00084	0.00472	0.00210	0.00168	0.00464
23	0.00844	0.18179	0.57609	0.01009	0.03389	0.03242	0.04148	0.04060	0.02155	0.01158	0.00660	0.00769	0.00494	0.00350	0.00335	0.00110	0.00514	0.00270	0.00171	0.00534
24	0.00781	0.06086	0.51173	0.02263	0.03014	0.02235	0.15669	0.01156	0.03947	0.01162	0.02986	0.05310	0.00697	0.00406	0.00382	0.00119	0.01554	0.00357	0.00188	0.00515
25	0.00550	0.00371	0.00434	0.00431	0.00442	0.00383	0.00260	0.00573	0.00557	0.00766	0.01142	0.02258	0.01275	0.73199	0.10212	0.00368	0.01877	0.00513	0.04145	0.00244
26	0.06988	0.21767	0.01424	0.02063	0.06054	0.20731	0.11482	0.01170	0.02372	0.01015	0.00585	0.00757	0.00505	0.00419	0.00533	0.00115	0.21104	0.00283	0.00181	0.00455
27	0.00464	0.00346	0.00412	0.00455	0.00505	0.00316	0.00306	0.00529	0.00730	0.00938	0.04175	0.46156	0.26660	0.15402	0.00699	0.00177	0.00230	0.00880	0.00326	0.00293
28	0.00514	0.00349	0.00412	0.00438	0.00444	0.00343	0.00260	0.00533	0.00590	0.00787	0.01428	0.27319	0.01676	0.61620	0.01471	0.00298	0.00317	0.00692	0.00260	0.00248

[dist]
# distance from previous block
# <min> <max>
2	7

[block]
# block no. 2 follows, 74 sequences, length 24
# corresponding to MSA columns:
# 308-327,337-340
name=unknown_C
#
# <colnr> <probs for GDERKNQSTAVLIFYWHMCP>
#	G	D	E	R	K	N	Q	S	T	A	V	L	I	F	Y	W	H	M	C	P
0	0.00555	0.00381	0.00496	0.00477	0.00565	0.00349	0.00354	0.00710	0.00995	0.04580	0.66277	0.14280	0.06951	0.00811	0.00440	0.00122	0.00187	0.00718	0.00399	0.00353
1	0.00926	0.05012	0.04487	0.07317	0.24363	0.04126	0.02878	0.07534	0.28782	0.01347	0.02614	0.04304	0.00875	0.00452	0.00399	0.00119	0.03269	0.00385	0.00269	0.00542
2	0.00760	0.00738	0.01163	0.71121	0.13462	0.04559	0.01032	0.00997	0.00770	0.00982	0.00661	0.00966	0.00507	0.00366	0.00369	0.00121	0.00495	0.00326	0.00169	0.00437
3	0.00955	0.00474	0.00634	0.00540	0.00703	0.00424	0.00424	0.01118	0.01055	0.32922	0.53172	0.02204	0.02529	0.00646	0.00413	0.00116	0.00228	0.00559	0.00428	0.00456
4	0.00520	0.00379	0.00489	0.00462	0.00552	0.00348	0.00346	0.00691	0.01039	0.01461	0.79887	0.02818	0.08076	0.00769	0.00438	0.00117	0.00176	0.00678	0.00405	0.00348
5	0.00992	0.87178	0.01945	0.00635	0.00953	0.01469	0.00635	0.01111	0.00754	0.00873	0.00516	0.00595	0.00476	0.00318	0.00238	0.00079	0.00397	0.00198	0.00159	0.00476
6	0.00452	0.00323	0.00431	0.00517	0.00538	0.00301	0.00345	0.00517	0.00711	0.00948	0.02046	0.86713	0.02455	0.01163	0.00474	0.00151	0.00215	0.01055	0.00345	0.00301
7	0.00692	0.00346	0.00346	0.00346	0.00432	0.00346	0.00259	0.00865	0.00778	0.01384	0.01211	0.01384	0.00951	0.00432	0.00259	0.00086	0.00173	0.00346	0.89016	0.00346
8	0.01665	0.00632	0.00861	0.00660	0.00948	0.00546	0.00546	0.01809	0.01062	0.84897	0.01464	0.01263	0.00919	0.00459	0.00373	0.00115	0.00316	0.00373	0.00459	0.00632
9	0.01665	0.00632	0.00861	0.00660	0.00948	0.00546	0.00546	0.01809	0.01062	0.84897	0.01464	0.01263	0.00919	0.00459	0.00373	0.00115	0.00316	0.00373	0.00459	0.00632
10	0.00770	0.00660	0.00770	0.00550	0.00880	0.00495	0.00440	0.00935	0.00770	0.01210	0.00660	0.00770	0.00550	0.00275	0.00275	0.00055	0.00275	0.00220	0.00220	0.89224
11	0.89577	0.00718	0.00546	0.00488	0.00718	0.00833	0.00402	0.01091	0.00632	0.01665	0.00517	0.00603	0.00402	0.00345	0.00230	0.00115	0.00287	0.00201	0.00230	0.00402
12	0.01411	0.01040	0.01114	0.00854	0.01151	0.01151	0.00706	0.83402	0.01745	0.02339	0.00891	0.00891	0.00631	0.00446	0.00371	0.00111	0.00408	0.00334	0.00371	0.00631
13	0.00645	0.00322	0.00484	0.00484	0.00484	0.00322	0.00322	0.00484	0.00484	0.00645	0.00645	0.01128	0.00645	0.01289	0.01451	0.89201	0.00322	0.00322	0.00161	0.00161
14	0.01411	0.01040	0.01114	0.00854	0.01151	0.01151	0.00706	0.83402	0.01745	0.02339	0.00891	0.00891	0.00631	0.00446	0.00371	0.00111	0.00408	0.00334	0.00371	0.00631
15	0.00876	0.01001	0.02190	0.01564	0.01940	0.00939	0.83292	0.01189	0.00876	0.01189	0.00751	0.01001	0.00563	0.00313	0.00438	0.00125	0.00626	0.00438	0.00188	0.00501
16	0.00525	0.00379	0.00496	0.00467	0.00555	0.00350	0.00350	0.00700	0.01051	0.01488	0.84444	0.02773	0.03502	0.00759	0.00438	0.00117	0.00175	0.00671	0.00409	0.00350
17	0.00452	0.00323	0.00431	0.00517	0.00538	0.00301	0.00345	0.00517	0.00711	0.00948	0.02046	0.86713	0.02455	0.01163	0.00474	0.00151	0.00215	0.01055	0.00345	0.00301
18	0.01369	0.00976	0.01060	0.00822	0.01107	0.01071	0.00676	0.70345	0.06627	0.07742	0.03735	0.01008	0.00776	0.00460	0.00374	0.00113	0.00388	0.00353	0.00379	0.00619
19	0.00783	0.00766	0.01364	0.52054	0.24768	0.00855	0.12016	0.01032	0.00788	0.01052	0.00682	0.00972	0.00529	0.00352	0.00379	0.00120	0.00498	0.00345	0.00173	0.00472
20	0.00820	0.00854	0.07667	0.18519	0.44060	0.02582	0.02354	0.01051	0.00858	0.02551	0.12791	0.01230	0.02225	0.00414	0.00379	0.00115	0.00424	0.00382	0.00217	0.00508
21	0.00458	0.00333	0.00433	0.00506	0.00541	0.00308	0.00345	0.00533	0.00743	0.00982	0.06194	0.73247	0.09898	0.01120	0.00470	0.00147	0.00214	0.02876	0.00348	0.00306
22	0.13420	0.00617	0.00679	0.12111	0.03273	0.06862	0.00511	0.03171	0.00726	0.01041	0.01333	0.03318	0.15038	0.16987	0.13913	0.01726	0.04242	0.00445	0.00233	0.00353
23	0.11905	0.07915	0.20855	0.02265	0.18725	0.04765	0.06872	0.04384	0.00834	0.03419	0.01887	0.02160	0.01842	0.03269	0.00388	0.00116	0.00438	0.00316	0.00208	0.07437

[dist]
# distance from previous block
# <min> <max>
0	59

[block]
# block no. 3 follows, 74 sequences, length 39
# corresponding to MSA columns:
# 400-438
name=unknown_D
#
# <colnr> <probs for GDERKNQSTAVLIFYWHMCP>
#	G	D	E	R	K	N	Q	S	T	A	V	L	I	F	Y	W	H	M	C	P
0	0.06153	0.32342	0.11145	0.00924	0.10315	0.09620	0.02219	0.10049	0.00914	0.04608	0.00655	0.00742	0.00526	0.00347	0.00302	0.00095	0.00432	0.00254	0.00210	0.08149
1	0.07130	0.00562	0.00739	0.08960	0.08355	0.00552	0.00534	0.03426	0.03147	0.11241	0.35580	0.01867	0.06870	0.00567	0.00384	0.00111	0.00275	0.00486	0.00334	0.08879
2	0.00882	0.00841	0.01411	0.08562	0.64707	0.00875	0.03507	0.01121	0.03292	0.01182	0.00752	0.01034	0.00639	0.00379	0.00423	0.00117	0.05540	0.02648	0.01538	0.00550
3	0.00445	0.00376	0.00385	0.00383	0.00505	0.00316	0.00287	0.00545	0.00861	0.01037	0.09525	0.03515	0.78703	0.00927	0.00439	0.00125	0.00187	0.00775	0.00349	0.00316
4	0.00514	0.00379	0.00481	0.00455	0.00548	0.00345	0.00341	0.00679	0.01024	0.01425	0.73969	0.02876	0.14016	0.00782	0.00438	0.00118	0.00177	0.00686	0.00400	0.00345
5	0.01623	0.00699	0.00903	0.00693	0.00981	0.00646	0.00572	0.15348	0.01176	0.71198	0.01369	0.01202	0.00871	0.00457	0.00373	0.00114	0.00331	0.00367	0.00445	0.00632
6	0.00506	0.00379	0.00470	0.00447	0.00543	0.00342	0.00335	0.00664	0.01006	0.01382	0.66830	0.02947	0.21183	0.00798	0.00438	0.00119	0.00178	0.00696	0.00395	0.00342
7	0.00992	0.87178	0.01945	0.00635	0.00953	0.01469	0.00635	0.01111	0.00754	0.00873	0.00516	0.00595	0.00476	0.00318	0.00238	0.00079	0.00397	0.00198	0.00159	0.00476
8	0.00452	0.00323	0.00431	0.00517	0.00538	0.00301	0.00345	0.00517	0.00711	0.00948	0.02046	0.86713	0.02455	0.01163	0.00474	0.00151	0.00215	0.01055	0.00345	0.00301
9	0.00876	0.01001	0.02190	0.01564	0.01940	0.00939	0.83292	0.01189	0.00876	0.01189	0.00751	0.01001	0.00563	0.00313	0.00438	0.00125	0.00626	0.00438	0.00188	0.00501
10	0.03836	0.00680	0.02170	0.00604	0.00916	0.00547	0.00499	0.02451	0.02371	0.31585	0.00966	0.00956	0.00689	0.00352	0.00314	0.00082	0.00297	0.00281	0.00311	0.50095
11	0.00588	0.00424	0.00584	0.00664	0.00752	0.00420	0.00578	0.00754	0.00854	0.01104	0.02082	0.04147	0.07472	0.01020	0.00508	0.00168	0.00332	0.76870	0.00342	0.00340
12	0.03068	0.00763	0.00921	0.00720	0.00996	0.00759	0.00591	0.27287	0.06677	0.49198	0.01275	0.01215	0.00863	0.01965	0.00399	0.00120	0.00344	0.01810	0.00416	0.00612
13	0.00812	0.01874	0.00792	0.02040	0.00908	0.00514	0.00457	0.00976	0.00783	0.05446	0.00719	0.02061	0.00595	0.00300	0.00284	0.00061	0.00282	0.00242	0.00232	0.80624
14	0.00447	0.00345	0.00408	0.00458	0.00523	0.00306	0.00318	0.00523	0.00767	0.00971	0.02761	0.52022	0.36684	0.01070	0.00459	0.00140	0.00204	0.00942	0.00345	0.00306
15	0.00877	0.23019	0.21252	0.00767	0.02175	0.01948	0.04140	0.01099	0.00792	0.05119	0.00666	0.00762	0.00530	0.00317	0.00297	0.00083	0.00395	0.00245	0.00199	0.35317
16	0.73116	0.00804	0.00649	0.00577	0.00778	0.06928	0.00471	0.01097	0.00655	0.01523	0.00518	0.00632	0.00417	0.00382	0.00350	0.00119	0.10143	0.00218	0.00219	0.00404
17	0.00505	0.00379	0.00469	0.00446	0.00542	0.00342	0.00335	0.00662	0.01004	0.01377	0.65937	0.02956	0.22079	0.00800	0.00438	0.00119	0.00178	0.00697	0.00394	0.00342
18	0.00684	0.00573	0.00653	0.00672	0.06421	0.00598	0.00470	0.01171	0.33490	0.01301	0.13593	0.05321	0.27259	0.03081	0.00446	0.00130	0.00250	0.00585	0.02857	0.00443
19	0.00897	0.00882	0.01494	0.01141	0.01430	0.00908	0.41798	0.02861	0.37372	0.01376	0.01108	0.01186	0.00832	0.00404	0.00402	0.00123	0.00456	0.00424	0.04370	0.00534
20	0.00449	0.00343	0.00411	0.00464	0.00522	0.00307	0.00320	0.00523	0.00755	0.00963	0.02640	0.55303	0.31711	0.02851	0.00490	0.00146	0.00209	0.00948	0.00342	0.00304
21	0.00848	0.00932	0.01954	0.13609	0.08387	0.00908	0.63769	0.01142	0.00858	0.01162	0.02237	0.01025	0.00608	0.00331	0.00423	0.00124	0.00585	0.00419	0.00188	0.00492
22	0.42748	0.00663	0.00702	0.00576	0.00829	0.00673	0.00473	0.01437	0.00851	0.43597	0.01038	0.03369	0.00720	0.00426	0.00309	0.00116	0.00300	0.00312	0.00349	0.00515
23	0.00992	0.87178	0.01945	0.00635	0.00953	0.01469	0.00635	0.01111	0.00754	0.00873	0.00516	0.00595	0.00476	0.00318	0.00238	0.00079	0.00397	0.00198	0.00159	0.00476
24	0.00439	0.00376	0.00376	0.00376	0.00501	0.00313	0.00282	0.00533	0.00846	0.01003	0.03760	0.03572	0.84489	0.00940	0.00439	0.00125	0.00188	0.00783	0.00345	0.00313
25	0.00938	0.00805	0.00848	0.00758	0.00971	0.00930	0.00591	0.04475	0.81442	0.01577	0.01492	0.01370	0.01118	0.00502	0.00377	0.00125	0.00297	0.00417	0.00377	0.00589
26	0.00905	0.00959	0.04359	0.01365	0.22534	0.06416	0.09287	0.04418	0.00757	0.01076	0.00597	0.00852	0.00525	0.00498	0.00799	0.00137	0.43527	0.00331	0.00181	0.00478
27	0.00722	0.00651	0.05248	0.00627	0.02100	0.00506	0.02538	0.01875	0.04499	0.03727	0.08999	0.15172	0.04360	0.00551	0.01267	0.00098	0.00291	0.01539	0.00275	0.44956
28	0.01227	0.04532	0.03884	0.06587	0.18307	0.04277	0.02122	0.39398	0.02466	0.10904	0.00876	0.00936	0.00639	0.00407	0.00363	0.00111	0.00423	0.00329	0.01629	0.00585
29	0.00923	0.00797	0.00839	0.00755	0.00965	0.00923	0.00588	0.01972	0.83969	0.01553	0.01511	0.01385	0.01133	0.00504	0.00378	0.00126	0.00294	0.00420	0.00378	0.00588
30	0.01049	0.00485	0.00641	0.00564	0.00732	0.00428	0.00434	0.01166	0.00930	0.41733	0.11038	0.25692	0.10337	0.02420	0.00445	0.00131	0.00260	0.00644	0.00405	0.00467
31	0.02233	0.02441	0.16093	0.01151	0.13458	0.12341	0.14734	0.05218	0.03827	0.03511	0.00726	0.00856	0.00564	0.00348	0.00364	0.00101	0.01992	0.00303	0.00212	0.19525
32	0.00831	0.00892	0.16185	0.11742	0.14620	0.00704	0.11229	0.03692	0.02033	0.09979	0.01188	0.19459	0.03391	0.00564	0.00402	0.00126	0.00417	0.01809	0.00256	0.00481
33	0.00446	0.00367	0.00393	0.00411	0.00514	0.00314	0.00301	0.00537	0.00824	0.01004	0.05047	0.19910	0.65251	0.00982	0.00447	0.00131	0.00196	0.02267	0.00346	0.00312
34	0.00475	0.00376	0.00448	0.03009	0.00604	0.00347	0.00354	0.00593	0.03082	0.01009	0.05292	0.38821	0.38384	0.01030	0.01696	0.00144	0.00228	0.03448	0.00340	0.00321
35	0.02348	0.10536	0.23765	0.06892	0.16497	0.02362	0.09211	0.16954	0.01000	0.05872	0.00746	0.00865	0.00557	0.00366	0.00355	0.00112	0.00475	0.00311	0.00225	0.00550
36	0.00883	0.00688	0.04286	0.00780	0.00896	0.02083	0.04666	0.01003	0.00741	0.17584	0.01176	0.16228	0.04151	0.03470	0.06445	0.00178	0.30915	0.00494	0.02907	0.00427
37	0.00520	0.00351	0.00411	0.00431	0.00435	0.00346	0.00252	0.00535	0.00579	0.00772	0.01370	0.21742	0.01603	0.67297	0.01565	0.00312	0.00327	0.00658	0.00252	0.00242
38	0.29502	0.24567	0.24342	0.00849	0.06760	0.02414	0.02917	0.02821	0.00757	0.01274	0.00585	0.00689	0.00464	0.00340	0.00285	0.00106	0.00417	0.00239	0.00188	0.00483

[dist]
# distance from previous block
# <min> <max>
0	23

[block]
# block no. 4 follows, 74 sequences, length 20
# corresponding to MSA columns:
# 462-481
name=unknown_E
#
# <colnr> <probs for GDERKNQSTAVLIFYWHMCP>
#	G	D	E	R	K	N	Q	S	T	A	V	L	I	F	Y	W	H	M	C	P
0	0.53421	0.06216	0.02146	0.00634	0.00879	0.13584	0.02033	0.08764	0.00821	0.01513	0.00599	0.02046	0.00484	0.00367	0.00271	0.00107	0.00371	0.00239	0.00232	0.05272
1	0.00815	0.03122	0.36087	0.03700	0.07897	0.02062	0.09620	0.03314	0.03837	0.02317	0.01794	0.03723	0.00665	0.00434	0.00478	0.00122	0.12164	0.00346	0.07003	0.00499
2	0.00859	0.00772	0.01168	0.03619	0.38157	0.00738	0.03666	0.04225	0.00834	0.02445	0.00777	0.06128	0.00688	0.00387	0.00390	0.00098	0.04807	0.00343	0.00215	0.29683
3	0.01404	0.00609	0.00802	0.00636	0.00882	0.00551	0.00517	0.05914	0.03777	0.61454	0.17731	0.01544	0.01418	0.00519	0.00386	0.00115	0.00292	0.00431	0.00442	0.00575
4	0.00973	0.75314	0.04374	0.00749	0.01079	0.01393	0.09672	0.01122	0.00768	0.00916	0.00546	0.00645	0.00486	0.00318	0.00263	0.00085	0.00426	0.00227	0.00162	0.00481
5	0.00468	0.00336	0.00420	0.00479	0.00508	0.00315	0.00314	0.00523	0.00690	0.00907	0.02050	0.60945	0.10883	0.18443	0.00756	0.00190	0.00242	0.00923	0.00320	0.00287
6	0.00522	0.00379	0.00492	0.00464	0.00553	0.00349	0.00348	0.00695	0.01044	0.01471	0.81613	0.02801	0.06344	0.00765	0.00438	0.00117	0.00176	0.00675	0.00406	0.00349
7	0.00537	0.00367	0.00440	0.00437	0.00524	0.00339	0.00325	0.00685	0.00917	0.01312	0.42235	0.12191	0.17056	0.00777	0.00408	0.00117	0.00185	0.02551	0.18260	0.00337
8	0.01004	0.00652	0.00686	0.00572	0.00748	0.00701	0.00455	0.37238	0.01197	0.01785	0.01069	0.01199	0.00823	0.03102	0.00359	0.00106	0.00283	0.00347	0.47207	0.00468
9	0.00992	0.87178	0.01945	0.00635	0.00953	0.01469	0.00635	0.01111	0.00754	0.00873	0.00516	0.00595	0.00476	0.00318	0.00238	0.00079	0.00397	0.00198	0.00159	0.00476
10	0.89577	0.00718	0.00546	0.00488	0.00718	0.00833	0.00402	0.01091	0.00632	0.01665	0.00517	0.00603	0.00402	0.00345	0.00230	0.00115	0.00287	0.00201	0.00230	0.00402
11	0.01665	0.00632	0.00861	0.00660	0.00948	0.00546	0.00546	0.01809	0.01062	0.84897	0.01464	0.01263	0.00919	0.00459	0.00373	0.00115	0.00316	0.00373	0.00459	0.00632
12	0.00770	0.00660	0.00770	0.00550	0.00880	0.00495	0.00440	0.00935	0.00770	0.01210	0.00660	0.00770	0.00550	0.00275	0.00275	0.00055	0.00275	0.00220	0.00220	0.89224
13	0.00992	0.87178	0.01945	0.00635	0.00953	0.01469	0.00635	0.01111	0.00754	0.00873	0.00516	0.00595	0.00476	0.00318	0.00238	0.00079	0.00397	0.00198	0.00159	0.00476
14	0.00571	0.00413	0.00528	0.00487	0.00585	0.00391	0.00368	0.04938	0.01086	0.01532	0.80163	0.02676	0.03355	0.00743	0.00434	0.00116	0.00187	0.00654	0.00407	0.00365
15	0.00923	0.00797	0.00839	0.00755	0.00965	0.00923	0.00588	0.01972	0.83969	0.01553	0.01511	0.01385	0.01133	0.00504	0.00378	0.00126	0.00294	0.00420	0.00378	0.00588
16	0.89577	0.00718	0.00546	0.00488	0.00718	0.00833	0.00402	0.01091	0.00632	0.01665	0.00517	0.00603	0.00402	0.00345	0.00230	0.00115	0.00287	0.00201	0.00230	0.00402
17	0.00469	0.00343	0.00469	0.00537	0.00572	0.00321	0.01863	0.00543	0.00723	0.00958	0.02068	0.76211	0.05520	0.02694	0.00500	0.00154	0.00231	0.05179	0.00339	0.00306
18	0.00812	0.00812	0.01137	0.00975	0.00975	0.01137	0.00812	0.00893	0.00568	0.00893	0.00487	0.00812	0.00487	0.00650	0.01218	0.00162	0.86276	0.00325	0.00162	0.00406
19	0.01001	0.75180	0.03333	0.00640	0.00948	0.01359	0.00632	0.04260	0.00811	0.03343	0.03289	0.00717	0.00603	0.00344	0.00256	0.00084	0.00386	0.00228	0.02106	0.00481

[dist]
# distance from previous block
# <min> <max>
0	2

[block]
# block no. 5 follows, 74 sequences, length 47
# corresponding to MSA columns:
# 484-517,539-551
name=unknown_F
#
# <colnr> <probs for GDERKNQSTAVLIFYWHMCP>
#	G	D	E	R	K	N	Q	S	T	A	V	L	I	F	Y	W	H	M	C	P
0	0.00718	0.01509	0.60148	0.00889	0.01324	0.00755	0.01078	0.06429	0.00861	0.01212	0.01389	0.01429	0.19707	0.00493	0.00374	0.00119	0.00457	0.00395	0.00214	0.00500
1	0.00531	0.00395	0.00582	0.00582	0.00643	0.00456	0.00445	0.00653	0.00592	0.00851	0.01008	0.01534	0.00961	0.09345	0.78968	0.00578	0.00945	0.00409	0.00201	0.00323
2	0.00506	0.00393	0.00463	0.00459	0.00565	0.00356	0.00354	0.00662	0.02749	0.01222	0.36392	0.03257	0.38365	0.02077	0.00466	0.00131	0.00206	0.10670	0.00369	0.00337
3	0.00876	0.01001	0.02190	0.01564	0.01940	0.00939	0.83292	0.01189	0.00876	0.01189	0.00751	0.01001	0.00563	0.00313	0.00438	0.00125	0.00626	0.00438	0.00188	0.00501
4	0.13656	0.00863	0.01092	0.00837	0.01120	0.00905	0.10571	0.35233	0.01243	0.25996	0.00973	0.00969	0.00669	0.00427	0.00393	0.00116	0.03674	0.00339	0.00347	0.00575
5	0.00860	0.01085	0.10481	0.01485	0.01860	0.00940	0.71099	0.01173	0.00852	0.01173	0.00730	0.00970	0.00550	0.00333	0.00467	0.00126	0.04714	0.00416	0.00183	0.00501
6	0.00452	0.00324	0.00429	0.00513	0.00537	0.00302	0.00343	0.00517	0.00714	0.00949	0.02093	0.84442	0.04696	0.01157	0.00473	0.00150	0.00215	0.01048	0.00345	0.00302
7	0.00451	0.00340	0.00418	0.00476	0.00529	0.00307	0.00327	0.00528	0.00761	0.00983	0.05648	0.60254	0.25464	0.01085	0.00463	0.00142	0.00206	0.00965	0.00347	0.00307
8	0.00481	0.00343	0.00456	0.00522	0.00556	0.00329	0.00365	0.00555	0.00715	0.00953	0.04239	0.61431	0.05489	0.06299	0.06244	0.02169	0.00287	0.07941	0.00325	0.00301
9	0.04540	0.00750	0.00922	0.00709	0.00997	0.00727	0.00586	0.24891	0.01241	0.58728	0.01270	0.01136	0.00820	0.00452	0.00368	0.00114	0.00341	0.00356	0.00427	0.00624
10	0.01658	0.00643	0.00868	0.00666	0.00953	0.00562	0.00550	0.04072	0.01081	0.82607	0.01448	0.01253	0.00911	0.00459	0.00373	0.00115	0.00318	0.00372	0.00457	0.00632
11	0.00461	0.00328	0.00432	0.00507	0.00531	0.00307	0.00337	0.00527	0.00716	0.00959	0.05931	0.77446	0.02436	0.06491	0.00560	0.00162	0.00222	0.01005	0.00340	0.00299
12	0.01239	0.01464	0.01272	0.01091	0.03853	0.53734	0.15866	0.07986	0.05017	0.01114	0.00677	0.00795	0.00541	0.00388	0.00389	0.00106	0.03485	0.00298	0.00213	0.00471
13	0.00446	0.00357	0.00400	0.00433	0.00519	0.00311	0.00310	0.00531	0.00797	0.00984	0.03101	0.34088	0.52990	0.01023	0.00453	0.00135	0.00201	0.02266	0.00345	0.00309
14	0.01158	0.00748	0.00843	0.00717	0.00949	0.00807	0.00569	0.08142	0.50407	0.24982	0.01436	0.01313	0.01026	0.00483	0.00370	0.00120	0.00303	0.00397	0.04639	0.00592
15	0.00893	0.00726	0.00760	0.00693	0.00869	0.04295	0.00535	0.08308	0.47145	0.04445	0.05818	0.12697	0.03473	0.01579	0.00410	0.00129	0.00299	0.03080	0.03337	0.00510
16	0.06697	0.00664	0.00833	0.04792	0.00871	0.03613	0.03784	0.03749	0.00704	0.01123	0.00801	0.01147	0.00713	0.09512	0.02612	0.00161	0.33329	0.00348	0.24163	0.00382
17	0.00496	0.00371	0.00461	0.00453	0.00541	0.00336	0.00334	0.00639	0.00961	0.01310	0.55695	0.13910	0.21424	0.00852	0.00443	0.00123	0.00183	0.00746	0.00386	0.00336
18	0.00452	0.00323	0.00431	0.00517	0.00538	0.00301	0.00345	0.00517	0.00711	0.00948	0.02046	0.86713	0.02455	0.01163	0.00474	0.00151	0.00215	0.01055	0.00345	0.00301
19	0.00883	0.00967	0.11888	0.15682	0.56870	0.00861	0.01123	0.01148	0.02450	0.03537	0.00725	0.00932	0.00578	0.00347	0.00367	0.00114	0.00457	0.00326	0.00189	0.00556
20	0.00791	0.03917	0.17309	0.02594	0.06830	0.02546	0.02586	0.02766	0.00803	0.01187	0.00751	0.06165	0.00653	0.00360	0.00317	0.00083	0.00364	0.00300	0.00212	0.49468
21	0.76238	0.00732	0.00640	0.01391	0.04516	0.00849	0.00470	0.01915	0.02300	0.03118	0.00565	0.00661	0.00441	0.00365	0.00293	0.00117	0.04511	0.00223	0.00232	0.00421
22	0.87269	0.00716	0.00554	0.00493	0.00724	0.00825	0.00406	0.01110	0.00643	0.03851	0.00542	0.00620	0.00416	0.00348	0.00233	0.00115	0.00288	0.00206	0.00236	0.00408
23	0.01013	0.00913	0.00948	0.00990	0.14642	0.12894	0.00667	0.11201	0.35318	0.03139	0.04137	0.01271	0.03852	0.00469	0.00365	0.00114	0.00369	0.00384	0.06780	0.00536
24	0.00542	0.00363	0.00412	0.00416	0.00419	0.00363	0.00240	0.00549	0.00552	0.00735	0.01201	0.02498	0.01381	0.83562	0.01835	0.00352	0.00359	0.03762	0.00230	0.00230
25	0.00516	0.00377	0.00485	0.00463	0.00550	0.00345	0.00345	0.00680	0.01021	0.01430	0.75082	0.06717	0.09019	0.00790	0.00440	0.00119	0.00178	0.00697	0.00401	0.00345
26	0.04529	0.00661	0.00868	0.00667	0.00953	0.00595	0.00551	0.07145	0.01093	0.76747	0.01396	0.01217	0.00883	0.00455	0.00368	0.00115	0.00321	0.00365	0.00446	0.00624
27	0.00919	0.00882	0.01507	0.02278	0.84640	0.00882	0.01139	0.01139	0.00845	0.01213	0.00698	0.00919	0.00588	0.00331	0.00367	0.00110	0.00441	0.00331	0.00184	0.00588
28	0.00445	0.00376	0.00384	0.00382	0.00505	0.00316	0.00287	0.00544	0.00860	0.01036	0.09208	0.03518	0.79021	0.00928	0.00439	0.00125	0.00187	0.00776	0.00349	0.00316
29	0.00539	0.00362	0.00417	0.00417	0.00422	0.00367	0.00241	0.00548	0.00544	0.00729	0.01158	0.02365	0.01322	0.81427	0.07380	0.00375	0.00402	0.00530	0.00223	0.00232
30	0.00701	0.00660	0.01113	0.86063	0.02556	0.00825	0.01031	0.00948	0.00742	0.00948	0.00660	0.00990	0.00495	0.00371	0.00371	0.00124	0.00495	0.00330	0.00165	0.00412
31	0.69164	0.01773	0.00640	0.00536	0.00779	0.00805	0.00443	0.04109	0.02259	0.15530	0.00706	0.00737	0.00510	0.00370	0.00261	0.00114	0.00298	0.00238	0.00275	0.00453
32	0.00792	0.06416	0.01298	0.52696	0.29643	0.00886	0.01041	0.01022	0.00777	0.01031	0.00663	0.00940	0.00524	0.00354	0.00361	0.00116	0.00471	0.00322	0.00171	0.00475
33	0.01007	0.74095	0.01813	0.06274	0.01075	0.08705	0.00668	0.01133	0.00779	0.00881	0.00530	0.00628	0.00478	0.00327	0.00255	0.00084	0.00427	0.00211	0.00162	0.00468
34	0.00657	0.00492	0.00561	0.00509	0.00645	0.00483	0.00391	0.09399	0.09318	0.02859	0.40002	0.02597	0.26216	0.00737	0.00418	0.00119	0.00217	0.00628	0.03354	0.00397
35	0.05352	0.33561	0.01319	0.00723	0.00999	0.02929	0.00628	0.22425	0.22451	0.04780	0.00907	0.00903	0.00699	0.00406	0.00315	0.00103	0.00371	0.00298	0.00285	0.00546
36	0.00507	0.00376	0.00508	0.06154	0.00706	0.00373	0.00422	0.00624	0.02923	0.00994	0.05025	0.59809	0.03190	0.05335	0.00538	0.00160	0.00257	0.11446	0.00330	0.00320
37	0.00455	0.00331	0.00431	0.00508	0.00541	0.00306	0.00345	0.00526	0.00730	0.00963	0.03287	0.76772	0.09381	0.01136	0.00471	0.00149	0.00215	0.02806	0.00345	0.00304
38	0.07153	0.00449	0.00601	0.00590	0.00678	0.00519	0.00458	0.00784	0.06689	0.00971	0.01060	0.01461	0.02680	0.04717	0.68857	0.00510	0.00856	0.00397	0.00218	0.00352
39	0.01400	0.02693	0.01067	0.00806	0.01091	0.00958	0.03412	0.50214	0.06889	0.23991	0.01077	0.01053	0.00750	0.02343	0.00405	0.00119	0.00382	0.00355	0.00381	0.00612
40	0.00878	0.00997	0.02163	0.01593	0.05205	0.00936	0.80048	0.01187	0.00875	0.01190	0.00749	0.00998	0.00564	0.00314	0.00435	0.00125	0.00618	0.00434	0.00188	0.00504
41	0.00465	0.00332	0.00445	0.00530	0.00557	0.00313	0.00365	0.00540	0.00728	0.00970	0.03410	0.78578	0.02446	0.01145	0.00476	0.00152	0.00225	0.07670	0.00345	0.00306
42	0.15226	0.02095	0.06258	0.21114	0.34362	0.00854	0.02513	0.06230	0.00832	0.01274	0.00742	0.05533	0.00631	0.00396	0.00351	0.00117	0.00424	0.00346	0.00205	0.00499
43	0.00584	0.00477	0.00589	0.06192	0.03680	0.02223	0.01192	0.01702	0.06370	0.01096	0.11028	0.14954	0.25794	0.04543	0.10751	0.00193	0.00352	0.03372	0.04549	0.00359
44	0.00515	0.00355	0.00432	0.00456	0.00474	0.00348	0.00288	0.00558	0.00643	0.00867	0.08826	0.25947	0.01855	0.50111	0.04255	0.00283	0.00325	0.02919	0.00277	0.00264
45	0.00540	0.00360	0.00405	0.00405	0.00405	0.00360	0.00225	0.00540	0.00540	0.00720	0.01170	0.02429	0.01349	0.86955	0.01889	0.00360	0.00360	0.00540	0.00225	0.00225
46	0.05644	0.09031	0.25761	0.03533	0.21595	0.02346	0.03128	0.10925	0.02322	0.01322	0.00693	0.00821	0.00539	0.00348	0.00336	0.00104	0.00445	0.00286	0.00205	0.10615

[dist]
# distance from previous block
# <min> <max>
0	1

[block]
# block no. 6 follows, 74 sequences, length 15
# corresponding to MSA columns:
# 553-567
name=unknown_G
#
# <colnr> <probs for GDERKNQSTAVLIFYWHMCP>
#	G	D	E	R	K	N	Q	S	T	A	V	L	I	F	Y	W	H	M	C	P
0	0.03237	0.06488	0.09239	0.12330	0.23879	0.08330	0.02626	0.11484	0.05330	0.01257	0.00801	0.02896	0.00674	0.02582	0.03704	0.00139	0.02547	0.01731	0.00220	0.00506
1	0.00519	0.00379	0.00487	0.00460	0.00551	0.00348	0.00345	0.00688	0.01036	0.01453	0.78604	0.02831	0.09364	0.00772	0.00438	0.00117	0.00176	0.00679	0.00404	0.00348
2	0.00766	0.02525	0.00706	0.01958	0.00795	0.00664	0.00483	0.12844	0.24616	0.01418	0.14814	0.06742	0.15511	0.00899	0.10141	0.00175	0.00350	0.00533	0.03609	0.00450
3	0.00609	0.00377	0.00419	0.00409	0.00500	0.00365	0.00303	0.00797	0.04008	0.01342	0.27012	0.04453	0.11353	0.03761	0.00404	0.00113	0.00188	0.00525	0.42715	0.00347
4	0.01433	0.00642	0.00820	0.00651	0.00899	0.00600	0.00524	0.07944	0.08341	0.60071	0.04538	0.01392	0.01046	0.06909	0.00486	0.00133	0.00316	0.00397	0.02276	0.00581
5	0.00919	0.00882	0.01507	0.02278	0.84640	0.00882	0.01139	0.01139	0.00845	0.01213	0.00698	0.00919	0.00588	0.00331	0.00367	0.00110	0.00441	0.00331	0.00184	0.00588
6	0.00770	0.00660	0.00770	0.00550	0.00880	0.00495	0.00440	0.00935	0.00770	0.01210	0.00660	0.00770	0.00550	0.00275	0.00275	0.00055	0.00275	0.00220	0.00220	0.89224
7	0.00794	0.00697	0.01086	0.61700	0.05166	0.00819	0.02402	0.08103	0.03993	0.02461	0.00779	0.02500	0.00609	0.00401	0.00370	0.00120	0.00455	0.01540	0.01652	0.04351
8	0.01430	0.01010	0.01095	0.00840	0.01136	0.01107	0.00694	0.77429	0.01695	0.08383	0.00933	0.00918	0.00652	0.00447	0.00371	0.00112	0.00402	0.00337	0.00378	0.00631
9	0.01411	0.01040	0.01114	0.00854	0.01151	0.01151	0.00706	0.83402	0.01745	0.02339	0.00891	0.00891	0.00631	0.00446	0.00371	0.00111	0.00408	0.00334	0.00371	0.00631
10	0.00701	0.00660	0.01113	0.86063	0.02556	0.00825	0.01031	0.00948	0.00742	0.00948	0.00660	0.00990	0.00495	0.00371	0.00371	0.00124	0.00495	0.00330	0.00165	0.00412
11	0.21226	0.01262	0.00983	0.00837	0.01069	0.43173	0.05965	0.04933	0.00977	0.15189	0.00735	0.00785	0.00547	0.00385	0.00326	0.00106	0.00510	0.00270	0.00252	0.00471
12	0.01312	0.00990	0.01058	0.00834	0.01113	0.01105	0.00681	0.66815	0.18494	0.02179	0.01017	0.00992	0.00733	0.00457	0.00373	0.00114	0.00385	0.00352	0.00373	0.00622
13	0.01411	0.01040	0.01114	0.00854	0.01151	0.01151	0.00706	0.83402	0.01745	0.02339	0.00891	0.00891	0.00631	0.00446	0.00371	0.00111	0.00408	0.00334	0.00371	0.00631
14	0.00468	0.00356	0.00402	0.00429	0.00511	0.00315	0.00306	0.00560	0.00803	0.01036	0.08521	0.31923	0.43539	0.02789	0.00470	0.00136	0.00199	0.00836	0.06090	0.00312

[dist]
# distance from previous block
# <min> <max>
0	2

[block]
# block no. 7 follows, 74 sequences, length 15
# corresponding to MSA columns:
# 570-584
name=unknown_H
#
# <colnr> <probs for GDERKNQSTAVLIFYWHMCP>
#	G	D	E	R	K	N	Q	S	T	A	V	L	I	F	Y	W	H	M	C	P
0	0.00744	0.01920	0.85032	0.01058	0.01607	0.00862	0.01371	0.01176	0.00784	0.01176	0.00666	0.00784	0.00470	0.00353	0.00353	0.00118	0.00549	0.00274	0.00157	0.00549
1	0.01606	0.00726	0.00920	0.00705	0.00995	0.00686	0.00583	0.20730	0.01221	0.65752	0.01331	0.01177	0.00852	0.00456	0.00373	0.00114	0.00337	0.00364	0.00439	0.00632
2	0.00540	0.00360	0.00405	0.00405	0.00405	0.00360	0.00225	0.00540	0.00540	0.00720	0.01170	0.02429	0.01349	0.86955	0.01889	0.00360	0.00360	0.00540	0.00225	0.00225
3	0.00598	0.00400	0.00495	0.00459	0.00573	0.00357	0.00348	0.00749	0.00997	0.08353	0.56050	0.02859	0.24802	0.00782	0.00433	0.00119	0.00190	0.00676	0.00396	0.00364
4	0.00516	0.00378	0.00485	0.00461	0.00550	0.00346	0.00345	0.00682	0.01025	0.01434	0.75680	0.05274	0.09867	0.00785	0.00439	0.00118	0.00177	0.00691	0.00402	0.00346
5	0.00739	0.00360	0.00371	0.00361	0.00458	0.00356	0.00273	0.00911	0.00792	0.05446	0.01223	0.01378	0.00950	0.00434	0.00265	0.00088	0.00180	0.00347	0.84708	0.00360
6	0.00738	0.00969	0.17620	0.19976	0.08410	0.02754	0.21587	0.01008	0.02215	0.01086	0.01074	0.15038	0.04860	0.00508	0.00403	0.00126	0.00474	0.00486	0.00213	0.00456
7	0.38255	0.17869	0.06369	0.02653	0.05077	0.19583	0.00636	0.02409	0.00791	0.01277	0.00579	0.00712	0.00479	0.00360	0.00279	0.00105	0.00424	0.01496	0.00203	0.00444
8	0.00534	0.00383	0.00521	0.00521	0.00561	0.00423	0.00370	0.00614	0.00574	0.00806	0.01063	0.01840	0.01094	0.35913	0.52582	0.00503	0.00745	0.00454	0.00209	0.00289
9	0.01021	0.05052	0.01079	0.06199	0.13312	0.11911	0.05987	0.19184	0.04720	0.04722	0.01170	0.01354	0.08473	0.00492	0.00387	0.01757	0.00412	0.04257	0.08022	0.00491
10	0.09161	0.00626	0.00735	0.00563	0.00841	0.00510	0.02399	0.00897	0.00751	0.01215	0.00844	0.12869	0.00805	0.00408	0.00303	0.00076	0.00276	0.00341	0.00238	0.66143
11	0.00787	0.00669	0.00801	0.06451	0.00999	0.00544	0.00491	0.04836	0.00813	0.01238	0.00707	0.03019	0.00599	0.00313	0.00291	0.00065	0.00295	0.00255	0.00227	0.76601
12	0.00954	0.11733	0.23614	0.06546	0.10802	0.00854	0.02167	0.08992	0.02565	0.10692	0.04068	0.02502	0.00731	0.00391	0.00343	0.00104	0.00415	0.00320	0.00241	0.11967
13	0.50536	0.08214	0.00787	0.02661	0.04801	0.05641	0.00509	0.06426	0.02269	0.02971	0.00825	0.04965	0.03603	0.00432	0.00286	0.00113	0.00331	0.01983	0.02217	0.00431
14	0.00609	0.02272	0.00690	0.04658	0.00737	0.00518	0.04355	0.00660	0.00581	0.00804	0.00903	0.01556	0.00912	0.25296	0.30749	0.17076	0.06729	0.00412	0.00193	0.00290

[dist]
# distance from previous block
# <min> <max>
7	90

[block]
# block no. 8 follows, 74 sequences, length 13
# corresponding to MSA columns:
# 706-718
name=unknown_I
#
# <colnr> <probs for GDERKNQSTAVLIFYWHMCP>
#	G	D	E	R	K	N	Q	S	T	A	V	L	I	F	Y	W	H	M	C	P
0	0.03723	0.06607	0.16450	0.00758	0.01922	0.04567	0.03840	0.13059	0.04247	0.03928	0.09783	0.06581	0.05786	0.00485	0.00355	0.00105	0.00369	0.00399	0.00272	0.16763
1	0.01972	0.04064	0.12328	0.00858	0.02195	0.31850	0.03084	0.04580	0.05171	0.03924	0.02683	0.02665	0.01714	0.00405	0.00367	0.00098	0.03489	0.00299	0.00226	0.18027
2	0.00729	0.04001	0.01176	0.60572	0.10754	0.00825	0.04434	0.00961	0.00783	0.01031	0.08271	0.01125	0.00780	0.00405	0.00396	0.00121	0.02657	0.00360	0.00190	0.00431
3	0.02420	0.03999	0.02872	0.05055	0.04667	0.02883	0.00516	0.05973	0.05718	0.03561	0.15251	0.04540	0.14886	0.03844	0.05403	0.11137	0.01721	0.03964	0.01209	0.00381
4	0.00497	0.00430	0.00562	0.00511	0.00646	0.00377	0.07845	0.00620	0.00856	0.01070	0.10594	0.09389	0.59382	0.00876	0.00440	0.00127	0.00233	0.03191	0.02018	0.00334
5	0.01004	0.03846	0.00713	0.00565	0.00755	0.00503	0.00449	0.01205	0.05848	0.33184	0.32178	0.06143	0.06757	0.00621	0.00396	0.00114	0.00252	0.00530	0.00401	0.04536
6	0.04259	0.05355	0.04364	0.03250	0.03822	0.03260	0.02454	0.05939	0.02209	0.01264	0.00676	0.00786	0.00549	0.00306	0.00293	0.00072	0.00334	0.00243	0.00222	0.60343
7	0.00540	0.00360	0.00405	0.00405	0.00405	0.00360	0.00225	0.00540	0.00540	0.00720	0.01170	0.02429	0.01349	0.86955	0.01889	0.00360	0.00360	0.00540	0.00225	0.00225
8	0.00513	0.00406	0.00471	0.00481	0.00573	0.02241	0.00365	0.00642	0.00906	0.01185	0.33004	0.16144	0.30089	0.00905	0.00450	0.00131	0.00217	0.10581	0.00364	0.00331
9	0.01366	0.00662	0.00829	0.00664	0.00914	0.00635	0.00539	0.10069	0.13299	0.52300	0.11056	0.01479	0.03440	0.00512	0.00383	0.00117	0.00302	0.00421	0.00429	0.00584
10	0.00700	0.00381	0.00407	0.00399	0.00490	0.00391	0.00302	0.04558	0.00803	0.01361	0.01212	0.04995	0.00999	0.00678	0.08018	0.00137	0.00260	0.00380	0.73174	0.00356
11	0.81521	0.00733	0.00633	0.00651	0.08344	0.00837	0.00469	0.01095	0.00651	0.01624	0.00533	0.00632	0.00419	0.00343	0.00242	0.00114	0.00301	0.00213	0.00226	0.00419
12	0.16765	0.59929	0.01578	0.00645	0.00938	0.05873	0.00604	0.08092	0.00832	0.01140	0.00551	0.00626	0.00476	0.00337	0.00253	0.00089	0.00393	0.00213	0.00191	0.00474

[dist]
# distance from previous block
# <min> <max>
2	6

[block]
# block no. 9 follows, 74 sequences, length 9
# corresponding to MSA columns:
# 726-734
name=unknown_J
#
# <colnr> <probs for GDERKNQSTAVLIFYWHMCP>
#	G	D	E	R	K	N	Q	S	T	A	V	L	I	F	Y	W	H	M	C	P
0	0.00992	0.87178	0.01945	0.00635	0.00953	0.01469	0.00635	0.01111	0.00754	0.00873	0.00516	0.00595	0.00476	0.00318	0.00238	0.00079	0.00397	0.00198	0.00159	0.00476
1	0.01419	0.00942	0.01047	0.00800	0.01097	0.01001	0.00660	0.63502	0.01561	0.17348	0.00982	0.00952	0.00679	0.00438	0.00366	0.00109	0.00383	0.00334	0.00378	0.06001
2	0.00976	0.81631	0.07351	0.00663	0.00995	0.01429	0.00683	0.01116	0.00756	0.00893	0.00526	0.00608	0.00476	0.00320	0.00246	0.00082	0.00407	0.00203	0.00159	0.00481
3	0.01085	0.00636	0.00906	0.13151	0.08546	0.00643	0.02383	0.01388	0.12636	0.32142	0.06375	0.01755	0.01198	0.00544	0.00398	0.00126	0.00349	0.13136	0.02083	0.00519
4	0.01118	0.00931	0.00927	0.00784	0.01018	0.07050	0.00622	0.30732	0.44734	0.01777	0.01209	0.01158	0.00899	0.00471	0.00366	0.00117	0.00355	0.00373	0.04778	0.00580
5	0.00543	0.00416	0.00617	0.00608	0.00673	0.00490	0.00475	0.00675	0.00616	0.00892	0.04759	0.01487	0.01024	0.02591	0.77656	0.00554	0.04971	0.00407	0.00207	0.00336
6	0.00876	0.02980	0.05084	0.02262	0.11855	0.02974	0.03652	0.07270	0.09888	0.01261	0.00806	0.00929	0.02171	0.00395	0.00452	0.00099	0.12386	0.00302	0.00231	0.34129
7	0.00504	0.06370	0.00549	0.00519	0.00579	0.00392	0.00366	0.00582	0.00735	0.00977	0.05457	0.70980	0.05226	0.01046	0.00447	0.00140	0.00227	0.00938	0.00330	0.03635
8	0.03112	0.23036	0.13382	0.00797	0.02428	0.05475	0.07839	0.03241	0.02307	0.07122	0.02321	0.06688	0.00736	0.00400	0.00322	0.00096	0.00401	0.00326	0.00226	0.19743

[dist]
# distance from previous block
# <min> <max>
2	17

[block]
# block no. 10 follows, 74 sequences, length 25
# corresponding to MSA columns:
# 752-776
name=unknown_K
#
# <colnr> <probs for GDERKNQSTAVLIFYWHMCP>
#	G	D	E	R	K	N	Q	S	T	A	V	L	I	F	Y	W	H	M	C	P
0	0.01612	0.00539	0.01390	0.03628	0.03162	0.01975	0.00545	0.02512	0.04118	0.02158	0.00954	0.01331	0.01559	0.03880	0.56595	0.00439	0.07808	0.00378	0.00212	0.05207
1	0.00748	0.00920	0.18895	0.01889	0.13544	0.00699	0.09135	0.02373	0.09965	0.02824	0.22766	0.04460	0.06079	0.00538	0.00420	0.00120	0.02580	0.00477	0.00280	0.01286
2	0.00873	0.04653	0.00845	0.00686	0.00848	0.02703	0.03630	0.16392	0.07012	0.07789	0.03800	0.01350	0.01996	0.04514	0.36811	0.02566	0.00638	0.00390	0.02065	0.00438
3	0.00713	0.00604	0.00853	0.09518	0.14777	0.00677	0.00658	0.04751	0.09699	0.01134	0.01304	0.31146	0.01353	0.00785	0.02822	0.00149	0.11697	0.03278	0.03660	0.00424
4	0.00948	0.37890	0.11888	0.00708	0.01047	0.08975	0.02023	0.01122	0.00802	0.03470	0.00616	0.00706	0.00513	0.00319	0.00280	0.00080	0.00405	0.00227	0.00190	0.27792
5	0.00799	0.00632	0.00749	0.00548	0.00853	0.00484	0.00438	0.00963	0.00813	0.06083	0.08544	0.00986	0.00847	0.00331	0.00296	0.00064	0.00268	0.00271	0.00251	0.75779
6	0.02419	0.00490	0.00597	0.02294	0.02955	0.00488	0.00427	0.00954	0.15764	0.02784	0.50052	0.04536	0.11123	0.00697	0.00415	0.00118	0.00219	0.00606	0.00376	0.02687
7	0.00913	0.00984	0.02128	0.01522	0.01894	0.00920	0.79442	0.01218	0.00885	0.05084	0.00784	0.01013	0.00580	0.00320	0.00435	0.00125	0.00611	0.00435	0.00200	0.00507
