[name]
unknown

[dist]
# distance from previous block
# <min> <max>
3	47

[block]
# block no. 0 follows, 74 sequences, length 29
# corresponding to MSA columns:
# 56-79,87-91
name=unknown_A
#
# <colnr> <probs for GDERKNQSTAVLIFYWHMCP>
#	G	D	E	R	K	N	Q	S	T	A	V	L	I	F	Y	W	H	M	C	P
0	0.00754	0.00693	0.01131	0.06248	0.36239	0.00684	0.08112	0.00982	0.05564	0.01138	0.01136	0.25924	0.01152	0.00579	0.00398	0.00120	0.00372	0.00547	0.00244	0.07981
1	0.00960	0.00786	0.00910	0.06443	0.03551	0.00786	0.00598	0.22293	0.19419	0.01551	0.00943	0.03095	0.00745	0.00399	0.00336	0.00094	0.00331	0.00325	0.00292	0.36142
2	0.00645	0.00472	0.00534	0.00499	0.00637	0.00453	0.00380	0.00941	0.16286	0.07524	0.25844	0.06531	0.36267	0.00782	0.00424	0.00123	0.00215	0.00666	0.00377	0.00398
3	0.00888	0.00917	0.12095	0.00787	0.01970	0.04651	0.03216	0.05030	0.41767	0.04962	0.13816	0.02634	0.03268	0.01821	0.00408	0.00125	0.00342	0.00442	0.00336	0.00525
4	0.00561	0.07715	0.00615	0.00484	0.00587	0.00442	0.00374	0.00725	0.01006	0.01405	0.72622	0.07403	0.03186	0.00745	0.00423	0.00116	0.00196	0.00653	0.00384	0.00358
5	0.00915	0.13496	0.33358	0.00958	0.01319	0.09856	0.08717	0.07407	0.02481	0.01175	0.00690	0.02630	0.00556	0.00395	0.00417	0.00110	0.08015	0.00300	0.00193	0.07011
6	0.08395	0.00848	0.01389	0.09868	0.69960	0.00872	0.01067	0.01117	0.00818	0.01227	0.00679	0.00899	0.00564	0.00336	0.00356	0.00112	0.00433	0.00320	0.00186	0.00556
7	0.01008	0.10814	0.11760	0.00696	0.00989	0.03517	0.00641	0.05190	0.02223	0.18795	0.06311	0.01113	0.04215	0.00427	0.00390	0.00098	0.06105	0.00325	0.00277	0.25107
8	0.00658	0.00481	0.00553	0.00542	0.00663	0.00478	0.00402	0.00986	0.21030	0.07238	0.10343	0.28956	0.24518	0.00852	0.00430	0.00132	0.00230	0.00740	0.00367	0.00403
9	0.00817	0.22278	0.22488	0.00703	0.01075	0.00831	0.00725	0.02176	0.00781	0.01125	0.00675	0.03551	0.00575	0.00337	0.00293	0.00081	0.00374	0.00257	0.00195	0.40662
10	0.00602	0.00461	0.00564	0.00531	0.00646	0.02933	0.00399	0.00740	0.00822	0.02724	0.27321	0.18793	0.03259	0.01196	0.19679	0.00221	0.00402	0.00586	0.03977	0.14146
11	0.00840	0.03096	0.28724	0.02800	0.03723	0.02936	0.08565	0.03563	0.18781	0.04043	0.04438	0.01231	0.04215	0.04018	0.02378	0.00142	0.05374	0.00379	0.00247	0.00507
12	0.00564	0.00423	0.00503	0.00492	0.00560	0.00439	0.00344	0.00749	0.10359	0.00978	0.10610	0.04139	0.14031	0.34442	0.19456	0.00318	0.00441	0.00557	0.00278	0.00319
13	0.00992	0.87178	0.01945	0.00635	0.00953	0.01469	0.00635	0.01111	0.00754	0.00873	0.00516	0.00595	0.00476	0.00318	0.00238	0.00079	0.00397	0.00198	0.00159	0.00476
14	0.00565	0.00453	0.04555	0.00538	0.00638	0.00365	0.00411	0.00679	0.00800	0.05555	0.14738	0.53055	0.07309	0.00947	0.00441	0.00134	0.00234	0.01735	0.00343	0.06503
15	0.80709	0.00709	0.00577	0.00506	0.00741	0.00804	0.00416	0.01164	0.00675	0.10061	0.00612	0.00670	0.00454	0.00356	0.00244	0.00115	0.00290	0.00218	0.00253	0.00425
16	0.01000	0.01142	0.02517	0.00811	0.00948	0.39670	0.00624	0.03693	0.07783	0.01019	0.01096	0.20420	0.03489	0.00700	0.03341	0.00137	0.10474	0.00475	0.00248	0.00413
17	0.00457	0.00326	0.00436	0.00522	0.00545	0.00305	0.00352	0.00525	0.00715	0.00953	0.02043	0.84201	0.02445	0.01159	0.00475	0.00151	0.00219	0.03524	0.00344	0.00303
18	0.00791	0.00461	0.00616	0.00600	0.00712	0.00437	0.02268	0.03776	0.05391	0.19414	0.01844	0.54131	0.03178	0.00921	0.00443	0.00140	0.00262	0.03840	0.00369	0.00407
19	0.01167	0.00573	0.00725	0.00598	0.00803	0.00535	0.00475	0.08269	0.04808	0.41923	0.21397	0.04585	0.06800	0.03354	0.00442	0.00125	0.00276	0.00496	0.02135	0.00513
20	0.00735	0.00629	0.03256	0.00561	0.00688	0.05564	0.00426	0.11661	0.09558	0.01210	0.07055	0.08394	0.16245	0.23473	0.02821	0.00193	0.00333	0.00548	0.06269	0.00379
21	0.01026	0.79957	0.01870	0.00662	0.00969	0.08571	0.00642	0.01143	0.00779	0.00876	0.00521	0.00602	0.00476	0.00323	0.00246	0.00081	0.00420	0.00202	0.00162	0.00472
22	0.00934	0.00764	0.00905	0.11072	0.06109	0.04931	0.00619	0.11713	0.08397	0.06912	0.00905	0.02385	0.01940	0.00511	0.04977	0.00118	0.00390	0.00315	0.00262	0.35839
23	0.01335	0.05178	0.03819	0.00961	0.01180	0.71733	0.03443	0.06146	0.01065	0.01007	0.00598	0.00694	0.00489	0.00380	0.00337	0.00098	0.00638	0.00251	0.00199	0.00450
24	0.00818	0.08416	0.04097	0.04391	0.00964	0.00648	0.00533	0.03519	0.06600	0.04502	0.06811	0.01034	0.00839	0.01805	0.04515	0.00107	0.00342	0.00295	0.00247	0.49517
25	0.00507	0.00383	0.00476	0.00491	0.00565	0.00355	0.00348	0.00617	0.01928	0.01069	0.18382	0.38321	0.15565	0.08063	0.03160	0.00165	0.01247	0.02050	0.00333	0.05975
26	0.00943	0.49236	0.12060	0.00771	0.02912	0.02307	0.03362	0.04930	0.11409	0.02002	0.00870	0.02946	0.04038	0.00400	0.00302	0.00098	0.00402	0.00300	0.00213	0.00500
27	0.08654	0.07787	0.06480	0.03195	0.07097	0.03279	0.00617	0.12160	0.05583	0.05775	0.06648	0.14218	0.05565	0.00554	0.00373	0.00112	0.01645	0.00456	0.00286	0.09519
28	0.00941	0.10900	0.10370	0.07412	0.15597	0.11753	0.03494	0.02639	0.08982	0.05941	0.00911	0.07567	0.00777	0.00480	0.02019	0.00118	0.00439	0.00364	0.03722	0.05574

[dist]
# distance from previous block
# <min> <max>
2	23

[block]
# block no. 1 follows, 74 sequences, length 21
# corresponding to MSA columns:
# 117-134,138-140
name=unknown_B
#
# <colnr> <probs for GDERKNQSTAVLIFYWHMCP>
#	G	D	E	R	K	N	Q	S	T	A	V	L	I	F	Y	W	H	M	C	P
0	0.02002	0.16064	0.27030	0.09535	0.05146	0.05250	0.06717	0.05231	0.00882	0.10502	0.03136	0.00946	0.02035	0.00381	0.00343	0.00108	0.00462	0.00310	0.00221	0.03700
1	0.05396	0.06064	0.06950	0.02331	0.02284	0.06842	0.02722	0.09735	0.00811	0.05481	0.01626	0.01093	0.00715	0.05393	0.23013	0.00260	0.17474	0.00341	0.01035	0.00433
2	0.00455	0.00332	0.00429	0.00499	0.00535	0.00306	0.00338	0.00530	0.00745	0.00986	0.07175	0.72914	0.11159	0.01115	0.00468	0.00146	0.00210	0.01004	0.00348	0.00306
3	0.00959	0.03156	0.05459	0.09341	0.22233	0.02222	0.13166	0.07460	0.05189	0.12298	0.01054	0.13875	0.00920	0.00493	0.00391	0.00121	0.00421	0.00458	0.00266	0.00517
4	0.02858	0.05754	0.09546	0.00936	0.02896	0.09456	0.11973	0.25405	0.01165	0.22255	0.00932	0.00962	0.00657	0.00475	0.02931	0.00126	0.00471	0.00335	0.00306	0.00563
5	0.00550	0.00458	0.03085	0.08425	0.00800	0.00428	0.00460	0.00736	0.07487	0.02586	0.07272	0.50389	0.12427	0.00943	0.00445	0.00140	0.00256	0.02428	0.00331	0.00354
6	0.01295	0.00723	0.00858	0.00708	0.00957	0.00743	0.00568	0.07941	0.35941	0.40822	0.04316	0.01339	0.01077	0.00487	0.00377	0.00119	0.00309	0.00400	0.00417	0.00603
7	0.00676	0.00626	0.01044	0.77436	0.02353	0.00772	0.00962	0.00905	0.00739	0.00948	0.00800	0.09634	0.00692	0.00451	0.00381	0.00126	0.00467	0.00403	0.00183	0.00401
8	0.00988	0.70837	0.04063	0.00720	0.03621	0.03910	0.00669	0.01212	0.09158	0.00962	0.00628	0.00693	0.00546	0.00340	0.00262	0.00087	0.00400	0.00228	0.00183	0.00492
9	0.24695	0.01396	0.00921	0.00817	0.01030	0.52970	0.00629	0.09646	0.01011	0.02867	0.00608	0.00686	0.00482	0.00380	0.00311	0.00103	0.00535	0.00241	0.00225	0.00447
10	0.00926	0.00605	0.00711	0.00628	0.00806	0.00630	0.00491	0.01460	0.35655	0.18269	0.29424	0.01884	0.01903	0.00589	0.00397	0.00121	0.00256	0.02128	0.02612	0.00506
11	0.00870	0.00982	0.02084	0.01505	0.01843	0.00959	0.74974	0.01159	0.00845	0.01159	0.00724	0.00982	0.00556	0.00347	0.00517	0.00129	0.09263	0.00427	0.00185	0.00491
12	0.00786	0.00480	0.00594	0.00573	0.00681	0.00468	0.00419	0.12812	0.00925	0.13774	0.05228	0.48884	0.05262	0.03890	0.00503	0.01632	0.00262	0.00780	0.01649	0.00397
13	0.00459	0.00331	0.00436	0.00516	0.00546	0.00308	0.00352	0.00531	0.00729	0.00967	0.03734	0.78126	0.06047	0.01140	0.00473	0.00150	0.00218	0.04286	0.00346	0.00305
14	0.00473	0.00370	0.00410	0.00415	0.00504	0.00327	0.00297	0.00566	0.00824	0.01043	0.17316	0.11099	0.48900	0.13661	0.00658	0.00162	0.00216	0.02115	0.00338	0.00306
15	0.01399	0.01623	0.01026	0.00920	0.01121	0.74131	0.00696	0.01531	0.03770	0.09399	0.00694	0.00753	0.00544	0.00394	0.00340	0.00099	0.00621	0.00259	0.00224	0.00456
16	0.00995	0.02120	0.09924	0.03562	0.15229	0.03561	0.39246	0.04327	0.03634	0.10874	0.00831	0.00986	0.00613	0.00358	0.00413	0.00119	0.02068	0.00378	0.00227	0.00536
17	0.00452	0.00347	0.00411	0.00457	0.00521	0.00309	0.00317	0.00530	0.00770	0.00980	0.05381	0.49239	0.34438	0.03426	0.00498	0.00145	0.00207	0.00923	0.00343	0.00306
18	0.00553	0.00334	0.00451	0.00484	0.00494	0.00327	0.00317	0.00517	0.00587	0.00781	0.01291	0.31198	0.01478	0.20579	0.01181	0.35468	0.00294	0.03192	0.00245	0.00230
19	0.03185	0.02220	0.13473	0.01904	0.11522	0.03673	0.11746	0.19268	0.12819	0.13502	0.00978	0.01055	0.00717	0.00413	0.00374	0.00117	0.00437	0.01733	0.00292	0.00569
20	0.00601	0.00433	0.00576	0.00592	0.00671	0.00425	0.03490	0.00816	0.12095	0.05773	0.03124	0.63624	0.04337	0.00990	0.00452	0.00143	0.00246	0.00894	0.00351	0.00368

[dist]
# distance from previous block
# <min> <max>
8	19

[block]
# block no. 2 follows, 74 sequences, length 38
# corresponding to MSA columns:
# 161-166,169-200
name=unknown_C
#
# <colnr> <probs for GDERKNQSTAVLIFYWHMCP>
#	G	D	E	R	K	N	Q	S	T	A	V	L	I	F	Y	W	H	M	C	P
0	0.00644	0.00468	0.00550	0.00509	0.00647	0.00440	0.00389	0.02303	0.10449	0.06488	0.29976	0.09155	0.26108	0.00801	0.01922	0.00129	0.00233	0.02484	0.00367	0.05939
1	0.00521	0.00366	0.00471	0.00496	0.00559	0.00344	0.00353	0.00658	0.02832	0.02661	0.32615	0.43306	0.06503	0.00986	0.02364	0.00144	0.00219	0.00834	0.03433	0.00335
2	0.00918	0.00466	0.00604	0.00548	0.00694	0.00420	0.00417	0.01060	0.03093	0.31196	0.16716	0.23918	0.11624	0.04259	0.00483	0.00137	0.00252	0.02367	0.00393	0.00435
3	0.00938	0.02841	0.03815	0.08429	0.23545	0.02194	0.18057	0.09446	0.16009	0.03525	0.00996	0.03085	0.02374	0.00423	0.00395	0.00120	0.01210	0.01809	0.00252	0.00537
4	0.00456	0.00325	0.00431	0.00513	0.00535	0.00304	0.00342	0.00521	0.00713	0.00952	0.03630	0.82865	0.02446	0.03404	0.00510	0.00156	0.00218	0.01034	0.00343	0.00300
5	0.00770	0.00660	0.00770	0.00550	0.00880	0.00495	0.00440	0.00935	0.00770	0.01210	0.00660	0.00770	0.00550	0.00275	0.00275	0.00055	0.00275	0.00220	0.00220	0.89224
6	0.04604	0.04942	0.25315	0.02502	0.10771	0.00777	0.07662	0.02952	0.02782	0.18336	0.01610	0.00935	0.00639	0.00364	0.00345	0.00105	0.00422	0.00309	0.00249	0.14379
7	0.00867	0.00671	0.00833	0.01947	0.00942	0.00547	0.03871	0.04361	0.02438	0.08990	0.00892	0.00993	0.03733	0.02604	0.00347	0.00079	0.00301	0.00283	0.00254	0.65049
8	0.00993	0.00838	0.02727	0.04781	0.09157	0.03479	0.03454	0.13486	0.38992	0.06854	0.04668	0.04268	0.03630	0.00503	0.00383	0.00121	0.00353	0.00427	0.00336	0.00552
9	0.00864	0.00700	0.00770	0.00699	0.00874	0.00795	0.00540	0.05086	0.57623	0.03459	0.01445	0.02524	0.02416	0.07911	0.10553	0.00201	0.00386	0.02292	0.00344	0.00517
10	0.00722	0.02677	0.09012	0.24528	0.07952	0.02567	0.02786	0.00924	0.00826	0.04316	0.12252	0.07881	0.10138	0.00550	0.00410	0.00118	0.02811	0.01889	0.00250	0.07390
11	0.00454	0.00330	0.00428	0.00502	0.00536	0.00305	0.00339	0.00526	0.00738	0.00976	0.05692	0.75477	0.10080	0.01125	0.00469	0.00147	0.00211	0.01014	0.00347	0.00305
12	0.00792	0.00659	0.00772	0.00553	0.00881	0.00496	0.00442	0.00956	0.00777	0.03293	0.00680	0.00782	0.00559	0.00279	0.00277	0.00056	0.00276	0.00224	0.00226	0.87019
13	0.00701	0.00660	0.01113	0.86063	0.02556	0.00825	0.01031	0.00948	0.00742	0.00948	0.00660	0.00990	0.00495	0.00371	0.00371	0.00124	0.00495	0.00330	0.00165	0.00412
14	0.00869	0.01610	0.63316	0.00972	0.01427	0.00839	0.01167	0.06985	0.00859	0.09034	0.00788	0.02341	0.00587	0.03262	0.00447	0.00127	0.04312	0.00312	0.00206	0.00541
15	0.00879	0.00838	0.01426	0.11549	0.72633	0.00856	0.01100	0.01097	0.00829	0.01174	0.00740	0.03850	0.00641	0.00364	0.00371	0.00113	0.00439	0.00355	0.00187	0.00559
16	0.00824	0.00695	0.00902	0.06658	0.07333	0.00588	0.03038	0.04919	0.00836	0.03336	0.02335	0.01741	0.00639	0.00318	0.00306	0.00072	0.00318	0.00269	0.00231	0.64642
17	0.00523	0.00369	0.00459	0.00485	0.00562	0.00332	0.00347	0.00626	0.00814	0.03474	0.16580	0.44917	0.17891	0.00961	0.00442	0.00133	0.00210	0.02981	0.03937	0.03957
18	0.00770	0.00660	0.00770	0.00550	0.00880	0.00495	0.00440	0.00935	0.00770	0.01210	0.00660	0.00770	0.00550	0.00275	0.00275	0.00055	0.00275	0.00220	0.00220	0.89224
19	0.02397	0.00836	0.03494	0.05751	0.48821	0.00819	0.02257	0.04045	0.10679	0.03542	0.06700	0.01097	0.00853	0.00387	0.00366	0.00110	0.00395	0.00357	0.00238	0.06855
20	0.00890	0.02825	0.07400	0.00672	0.04064	0.00573	0.00558	0.01087	0.02025	0.11418	0.00769	0.00841	0.00597	0.00310	0.00297	0.00071	0.00311	0.00249	0.00244	0.64798
21	0.00858	0.00816	0.01385	0.20082	0.64012	0.00850	0.01087	0.01082	0.00831	0.01167	0.03797	0.01003	0.00676	0.00355	0.00371	0.00113	0.00443	0.00343	0.00188	0.00542
22	0.02812	0.00819	0.09663	0.00714	0.01053	0.00607	0.06448	0.02839	0.02613	0.24001	0.00905	0.00934	0.00654	0.00345	0.00324	0.00087	0.00343	0.00289	0.00283	0.44271
23	0.00662	0.00599	0.04936	0.00641	0.00849	0.00464	0.06104	0.00811	0.00766	0.03091	0.01306	0.34939	0.01396	0.00678	0.00384	0.00109	0.00294	0.05126	0.00276	0.36569
24	0.00940	0.00806	0.00849	0.00759	0.00971	0.00931	0.00591	0.04718	0.81197	0.01579	0.01490	0.01368	0.01116	0.00502	0.00377	0.00125	0.00298	0.00417	0.00377	0.00589
25	0.00898	0.00854	0.01420	0.10431	0.70603	0.00879	0.01089	0.01180	0.06739	0.01211	0.00752	0.00959	0.00617	0.00347	0.00369	0.00113	0.00436	0.00337	0.00196	0.00571
26	0.00645	0.00322	0.00484	0.00484	0.00484	0.00322	0.00322	0.00484	0.00484	0.00645	0.00645	0.01128	0.00645	0.01289	0.01451	0.89201	0.00322	0.00322	0.00161	0.00161
27	0.00797	0.01639	0.59622	0.01197	0.01691	0.00890	0.24609	0.03037	0.00832	0.01206	0.00695	0.00848	0.00500	0.00343	0.00377	0.00120	0.00567	0.00322	0.00170	0.00537
28	0.00801	0.00988	0.14062	0.10928	0.26091	0.00825	0.28279	0.01069	0.00819	0.01140	0.00861	0.10782	0.00766	0.00428	0.00401	0.00122	0.00498	0.00441	0.00197	0.00501
29	0.00535	0.00369	0.00450	0.00450	0.00469	0.00384	0.00284	0.00569	0.00560	0.00760	0.01186	0.02221	0.03137	0.64712	0.22006	0.00412	0.00509	0.00511	0.00221	0.00253
30	0.01621	0.00642	0.00877	0.04116	0.01017	0.00571	0.00569	0.03638	0.01065	0.79618	0.01419	0.01244	0.00895	0.00456	0.00373	0.00115	0.00325	0.00371	0.00446	0.00623
31	0.01090	0.00761	0.01257	0.14077	0.38186	0.00753	0.06563	0.01292	0.00895	0.26410	0.01020	0.02587	0.02596	0.00402	0.00378	0.00116	0.00414	0.00374	0.00271	0.00558
32	0.00875	0.01013	0.19655	0.07195	0.35061	0.00778	0.07976	0.01135	0.01811	0.08904	0.00936	0.11273	0.00816	0.00451	0.00384	0.00119	0.00443	0.00420	0.00224	0.00530
33	0.00906	0.00869	0.01484	0.06994	0.80019	0.00879	0.01133	0.01128	0.00839	0.01198	0.00696	0.00923	0.00583	0.00333	0.00368	0.00111	0.00444	0.00331	0.00183	0.00578
34	0.87170	0.00747	0.00559	0.00501	0.00730	0.03143	0.00411	0.01102	0.00643	0.01645	0.00518	0.00605	0.00404	0.00346	0.00233	0.00114	0.00298	0.00202	0.00229	0.00403
35	0.00439	0.00374	0.00378	0.00382	0.00503	0.00313	0.00285	0.00532	0.00841	0.01000	0.03691	0.06932	0.81174	0.00949	0.00440	0.00126	0.00189	0.00794	0.00345	0.00313
36	0.07760	0.00863	0.03620	0.17998	0.31872	0.01794	0.15487	0.04675	0.03357	0.02993	0.02279	0.01046	0.00660	0.00379	0.00387	0.00119	0.01693	0.02295	0.00211	0.00511
37	0.00969	0.00845	0.01120	0.02257	0.33588	0.05548	0.00776	0.07254	0.03990	0.06160	0.00761	0.00886	0.00608	0.00346	0.00357	0.00093	0.02632	0.00293	0.00233	0.31287

[dist]
# distance from previous block
# <min> <max>
1	16

[block]
# block no. 3 follows, 74 sequences, length 22
# corresponding to MSA columns:
# 218-239
name=unknown_D
#
# <colnr> <probs for GDERKNQSTAVLIFYWHMCP>
#	G	D	E	R	K	N	Q	S	T	A	V	L	I	F	Y	W	H	M	C	P
0	0.00906	0.04057	0.01324	0.27120	0.44971	0.00890	0.01013	0.05001	0.05915	0.04111	0.00765	0.00967	0.00603	0.00363	0.00365	0.00114	0.00441	0.00333	0.00207	0.00535
1	0.21579	0.17715	0.07078	0.09128	0.06914	0.01008	0.01580	0.12651	0.13084	0.02933	0.00774	0.00848	0.00596	0.00379	0.00310	0.00109	0.00380	0.00284	0.00246	0.02404
2	0.01001	0.01045	0.01372	0.08683	0.53375	0.17879	0.03906	0.02445	0.04569	0.01161	0.00711	0.00897	0.00582	0.00353	0.00364	0.00110	0.00491	0.00320	0.00195	0.00540
3	0.00673	0.02668	0.00770	0.03395	0.16591	0.00525	0.00601	0.03687	0.00826	0.04137	0.01689	0.37183	0.04559	0.00870	0.00446	0.00142	0.00310	0.20223	0.00309	0.00397
4	0.00688	0.00524	0.00772	0.00739	0.07193	0.00504	0.07826	0.00948	0.08263	0.06601	0.53711	0.03795	0.05597	0.00659	0.00424	0.00119	0.00256	0.00595	0.00369	0.00418
5	0.00587	0.00354	0.00505	0.00505	0.00526	0.00376	0.00349	0.00553	0.00531	0.00730	0.00862	0.01492	0.00876	0.18663	0.28932	0.42803	0.00549	0.00390	0.00186	0.00229
6	0.01024	0.80495	0.01878	0.00656	0.00968	0.04280	0.00641	0.04764	0.00808	0.00939	0.00535	0.00611	0.00483	0.00325	0.00247	0.00081	0.00407	0.00206	0.00169	0.00482
7	0.00779	0.13430	0.71332	0.00986	0.01497	0.00934	0.01245	0.01160	0.00779	0.01136	0.00646	0.00758	0.00473	0.00346	0.00335	0.00111	0.00520	0.00262	0.00159	0.03114
8	0.00967	0.04658	0.22573	0.00911	0.04923	0.02154	0.10417	0.02492	0.07288	0.20021	0.11293	0.03853	0.05820	0.00489	0.00384	0.00117	0.00399	0.00426	0.00297	0.00518
9	0.00911	0.00763	0.04596	0.04279	0.09391	0.00777	0.00660	0.17355	0.23276	0.05692	0.02473	0.21992	0.01266	0.00637	0.00423	0.00128	0.02688	0.01856	0.00329	0.00508
10	0.35855	0.05954	0.05029	0.02451	0.17321	0.00915	0.23944	0.02274	0.00773	0.01375	0.00632	0.00793	0.00495	0.00334	0.00325	0.00115	0.00435	0.00300	0.00203	0.00480
11	0.00836	0.03061	0.44585	0.01486	0.29610	0.00893	0.07457	0.02611	0.03741	0.01217	0.00714	0.00865	0.00543	0.00348	0.00363	0.00115	0.00504	0.00310	0.00180	0.00560
12	0.00637	0.00326	0.00484	0.00484	0.00487	0.00329	0.00324	0.00492	0.00490	0.00655	0.00677	0.01191	0.00682	0.04687	0.04411	0.82628	0.00347	0.00334	0.00165	0.00170
13	0.02482	0.00585	0.03623	0.11995	0.12277	0.00550	0.03246	0.00894	0.03340	0.04758	0.39082	0.02117	0.12333	0.00616	0.00408	0.00118	0.00293	0.00544	0.00320	0.00417
14	0.00820	0.00724	0.00873	0.21442	0.01307	0.05535	0.00604	0.01000	0.00790	0.04011	0.00682	0.00835	0.00545	0.00311	0.00305	0.00076	0.00353	0.00253	0.00213	0.59322
15	0.00826	0.00742	0.01173	0.40722	0.29190	0.00833	0.00965	0.01174	0.13094	0.03560	0.00865	0.03746	0.00694	0.00405	0.00374	0.00120	0.00433	0.00368	0.00217	0.00499
16	0.00610	0.00364	0.00530	0.00525	0.00543	0.00393	0.00369	0.00552	0.00523	0.00720	0.00783	0.01326	0.00781	0.09476	0.24450	0.53760	0.03535	0.00363	0.00177	0.00222
17	0.89577	0.00718	0.00546	0.00488	0.00718	0.00833	0.00402	0.01091	0.00632	0.01665	0.00517	0.00603	0.00402	0.00345	0.00230	0.00115	0.00287	0.00201	0.00230	0.00402
18	0.00550	0.00420	0.00616	0.05204	0.00744	0.00489	0.00477	0.00671	0.00601	0.00854	0.01000	0.01582	0.00965	0.13162	0.66461	0.00521	0.03371	0.01786	0.00202	0.00325
19	0.00918	0.03467	0.03978	0.05890	0.58464	0.05768	0.11574	0.01142	0.00844	0.01156	0.00701	0.00942	0.00586	0.02494	0.00409	0.00117	0.00480	0.00339	0.00183	0.00546
20	0.35908	0.00751	0.00922	0.29564	0.10059	0.00868	0.00737	0.10426	0.00830	0.04106	0.00656	0.00824	0.00497	0.00373	0.00332	0.00118	0.02066	0.00281	0.00225	0.00458
21	0.03179	0.00698	0.00915	0.00939	0.15734	0.05436	0.02183	0.02318	0.02955	0.39260	0.07975	0.05167	0.05864	0.01746	0.02875	0.00134	0.00362	0.01375	0.00354	0.00531

[dist]
# distance from previous block
# <min> <max>
4	5

[block]
# block no. 4 follows, 74 sequences, length 10
# corresponding to MSA columns:
# 246,248-250,262-267
name=unknown_E
#
# <colnr> <probs for GDERKNQSTAVLIFYWHMCP>
#	G	D	E	R	K	N	Q	S	T	A	V	L	I	F	Y	W	H	M	C	P
0	0.02987	0.22080	0.12192	0.01444	0.33637	0.08328	0.08626	0.02621	0.02675	0.01134	0.00661	0.00812	0.00543	0.00339	0.00335	0.00104	0.00474	0.00293	0.00184	0.00531
1	0.00918	0.25343	0.17174	0.00944	0.01272	0.03654	0.22328	0.01134	0.00835	0.07926	0.08301	0.01026	0.00820	0.00440	0.00424	0.05967	0.00462	0.00342	0.00214	0.00475
2	0.00658	0.00359	0.00514	0.00491	0.00526	0.00341	0.00335	0.00532	0.00514	0.00705	0.00646	0.01090	0.00635	0.01181	0.01325	0.79654	0.00317	0.00311	0.00167	0.09699
3	0.00575	0.00373	0.00462	0.00486	0.00569	0.00335	0.00350	0.00670	0.00814	0.08635	0.09559	0.44687	0.24752	0.00980	0.00447	0.00136	0.00215	0.02818	0.02794	0.00341
4	0.00534	0.00433	0.00530	0.00528	0.02665	0.00423	0.00385	0.00702	0.04271	0.01231	0.38401	0.08501	0.32530	0.00824	0.00489	0.00125	0.06019	0.00696	0.00358	0.00353
5	0.00747	0.01806	0.77394	0.01012	0.01541	0.00829	0.01287	0.01154	0.00782	0.01179	0.00666	0.00782	0.00477	0.00346	0.00346	0.00112	0.00524	0.00269	0.00162	0.08586
6	0.00527	0.00378	0.00490	0.00478	0.00562	0.00351	0.00361	0.00692	0.01000	0.01406	0.67873	0.08105	0.06502	0.00800	0.00440	0.00122	0.00190	0.06294	0.03084	0.00345
7	0.00917	0.25291	0.01258	0.00915	0.15604	0.08897	0.00644	0.01072	0.00805	0.01086	0.00618	0.00737	0.00529	0.00307	0.00286	0.00075	0.00376	0.00235	0.00194	0.40153
8	0.08352	0.20508	0.24686	0.00911	0.04636	0.07029	0.07333	0.02783	0.00820	0.03723	0.00802	0.04493	0.00706	0.00433	0.00351	0.00111	0.01762	0.06505	0.00207	0.03851
9	0.06480	0.05472	0.08825	0.03933	0.14786	0.29870	0.00809	0.06711	0.11981	0.05160	0.00785	0.00863	0.00609	0.00393	0.00355	0.00108	0.01820	0.00294	0.00235	0.00510

[dist]
# distance from previous block
# <min> <max>
4	13

[block]
# block no. 5 follows, 74 sequences, length 27
# corresponding to MSA columns:
# 281-288,294-312
name=unknown_F
#
# <colnr> <probs for GDERKNQSTAVLIFYWHMCP>
#	G	D	E	R	K	N	Q	S	T	A	V	L	I	F	Y	W	H	M	C	P
0	0.02920	0.64890	0.06650	0.00692	0.01011	0.03092	0.00679	0.09271	0.05834	0.01094	0.00623	0.00685	0.00529	0.00345	0.00268	0.00089	0.00404	0.00230	0.00195	0.00500
1	0.00689	0.00620	0.00935	0.04517	0.01040	0.00542	0.15542	0.00867	0.00804	0.01135	0.05060	0.04451	0.12117	0.02910	0.03647	0.00126	0.00367	0.08231	0.00252	0.36147
2	0.04547	0.00556	0.00848	0.37981	0.01481	0.00627	0.05500	0.00833	0.00682	0.04179	0.00968	0.01596	0.03033	0.32524	0.02999	0.00222	0.00441	0.00424	0.00208	0.00352
3	0.19616	0.04192	0.07072	0.00948	0.12827	0.05153	0.02573	0.08398	0.13898	0.20308	0.00962	0.00968	0.00694	0.00403	0.00336	0.00114	0.00377	0.00316	0.00299	0.00546
4	0.00787	0.12648	0.11218	0.01074	0.19439	0.00762	0.05173	0.01044	0.07664	0.04694	0.02427	0.22066	0.03485	0.00616	0.00390	0.00123	0.00369	0.05290	0.00261	0.00470
5	0.16081	0.02512	0.01019	0.19287	0.16314	0.07228	0.00756	0.08809	0.02756	0.16785	0.00929	0.01046	0.03061	0.00410	0.00345	0.00115	0.00405	0.01371	0.00267	0.00506
6	0.00776	0.00687	0.01108	0.54745	0.15683	0.01722	0.02548	0.01018	0.02798	0.05172	0.02621	0.03166	0.05537	0.00430	0.00379	0.00121	0.00446	0.00385	0.00208	0.00449
7	0.07042	0.08253	0.08216	0.17061	0.12460	0.03663	0.06493	0.03011	0.08482	0.17739	0.00943	0.01026	0.02171	0.00399	0.00364	0.00115	0.01448	0.00335	0.00258	0.00521
8	0.00980	0.05043	0.44537	0.00994	0.07590	0.00781	0.02104	0.03994	0.00882	0.20419	0.00997	0.05987	0.01897	0.00442	0.00366	0.00117	0.00449	0.01619	0.00252	0.00549
9	0.00774	0.00734	0.01239	0.53446	0.32415	0.00833	0.01052	0.01008	0.00782	0.01046	0.00749	0.01027	0.02577	0.00370	0.00371	0.00119	0.00468	0.00341	0.00176	0.00474
10	0.00858	0.02069	0.05078	0.05414	0.55241	0.02737	0.05315	0.03058	0.00866	0.01202	0.04532	0.06091	0.03373	0.00435	0.00383	0.00116	0.00427	0.02061	0.00213	0.00530
11	0.00855	0.01635	0.62469	0.05251	0.09573	0.03168	0.02457	0.01222	0.00819	0.08067	0.00733	0.00846	0.00521	0.00360	0.00357	0.00116	0.00521	0.00292	0.00186	0.00549
12	0.00722	0.00656	0.01073	0.47076	0.21669	0.00744	0.00913	0.03063	0.00787	0.01047	0.00947	0.17815	0.00906	0.00519	0.00390	0.00125	0.00425	0.00473	0.00210	0.00438
13	0.00567	0.00453	0.00630	0.01649	0.06071	0.00414	0.04925	0.00726	0.00958	0.02983	0.45560	0.02764	0.29375	0.00755	0.00431	0.00120	0.00228	0.00663	0.00359	0.00368
14	0.01242	0.00764	0.01146	0.13851	0.26966	0.02301	0.02618	0.05077	0.00965	0.38021	0.01033	0.01075	0.00717	0.00405	0.00388	0.00115	0.02081	0.00350	0.00310	0.00575
15	0.00853	0.00822	0.01420	0.26970	0.56818	0.00868	0.04684	0.01085	0.00816	0.01134	0.00689	0.00943	0.00559	0.00342	0.00372	0.00115	0.00465	0.00335	0.00178	0.00532
16	0.01359	0.01725	0.01037	0.00945	0.01132	0.82733	0.00709	0.01456	0.01037	0.00907	0.00587	0.00695	0.00493	0.00460	0.03071	0.00112	0.00680	0.00244	0.00191	0.00427
17	0.00754	0.03241	0.74263	0.01044	0.01552	0.00863	0.04646	0.01192	0.04407	0.01181	0.00741	0.03154	0.00557	0.00379	0.00359	0.00118	0.00529	0.00307	0.00173	0.00540
18	0.00621	0.00531	0.00829	0.28042	0.14135	0.00576	0.00698	0.00777	0.00749	0.00996	0.02921	0.28331	0.04651	0.05320	0.03751	0.00164	0.00383	0.05891	0.00252	0.00382
19	0.00925	0.00992	0.01764	0.03323	0.15185	0.09161	0.50347	0.02535	0.00896	0.02740	0.00842	0.04337	0.00707	0.00393	0.00417	0.00122	0.00560	0.04050	0.00208	0.00496
20	0.00744	0.00727	0.01303	0.39945	0.03313	0.00824	0.21226	0.00975	0.00776	0.01033	0.00879	0.01499	0.00783	0.00496	0.00508	0.00136	0.10345	0.13865	0.00200	0.00425
21	0.00670	0.00591	0.02507	0.24594	0.14514	0.00616	0.00729	0.04421	0.03068	0.01087	0.01348	0.33419	0.01429	0.00732	0.00423	0.00136	0.00358	0.08682	0.00267	0.00409
22	0.04417	0.00770	0.01210	0.35124	0.28590	0.02038	0.03189	0.03937	0.00857	0.13556	0.00792	0.00981	0.00590	0.00376	0.00381	0.00118	0.02003	0.00333	0.00225	0.00511
23	0.01387	0.01769	0.01052	0.00956	0.01148	0.85465	0.00717	0.01482	0.01052	0.00908	0.00574	0.00669	0.00478	0.00383	0.00335	0.00096	0.00669	0.00239	0.00191	0.00430
24	0.00560	0.00706	0.17861	0.00642	0.02741	0.00455	0.01891	0.00725	0.00800	0.03081	0.04027	0.29565	0.31611	0.00854	0.00431	0.00132	0.00291	0.02947	0.00304	0.00377
25	0.03297	0.00719	0.02238	0.19750	0.16491	0.00701	0.03116	0.03562	0.00951	0.41752	0.02967	0.01136	0.00789	0.00415	0.00371	0.00116	0.00388	0.00358	0.00324	0.00559
26	0.03092	0.02752	0.02339	0.43085	0.12881	0.11692	0.02214	0.02475	0.00848	0.06793	0.04425	0.01070	0.02620	0.00406	0.00378	0.00117	0.01806	0.00342	0.00211	0.00456

[dist]
# distance from previous block
# <min> <max>
0	181

# created by:
# /home/simao/soft/augustus-3.0.3/scripts/msa2prfl.pl ./prep/76375.aln
