[name]
unknown

[dist]
# distance from previous block
# <min> <max>
6	254

[block]
# block no. 0 follows, 82 sequences, length 8
# corresponding to MSA columns:
# 308-315
name=unknown_A
#
# <colnr> <probs for GDERKNQSTAVLIFYWHMCP>
#	G	D	E	R	K	N	Q	S	T	A	V	L	I	F	Y	W	H	M	C	P
0	0.00544	0.00305	0.00435	0.00449	0.00457	0.00305	0.00298	0.00467	0.00497	0.00666	0.00909	0.17270	0.00994	0.11270	0.06397	0.57589	0.00320	0.00450	0.00189	0.00189
1	0.00496	0.14303	0.00592	0.00396	0.00535	0.00463	0.00320	0.00597	0.00792	0.00967	0.14429	0.02754	0.60681	0.00752	0.00375	0.00108	0.00202	0.00622	0.00299	0.00317
2	0.00974	0.00685	0.00761	0.00734	0.08427	0.10781	0.02568	0.10240	0.04369	0.21139	0.07158	0.09840	0.09253	0.00524	0.00347	0.00105	0.00311	0.00439	0.10900	0.00445
3	0.00714	0.18820	0.38426	0.00912	0.01265	0.00840	0.17898	0.00977	0.00723	0.00996	0.00804	0.14556	0.00742	0.00430	0.00337	0.00108	0.00443	0.00384	0.00178	0.00447
4	0.00490	0.00373	0.00469	0.00491	0.00568	0.00339	0.00344	0.00617	0.05298	0.00961	0.04860	0.65939	0.01954	0.00894	0.00401	0.00122	0.00210	0.00805	0.00303	0.14560
5	0.15017	0.00572	0.00630	0.02405	0.00757	0.00618	0.00463	0.16747	0.12373	0.04745	0.06014	0.22253	0.01343	0.00637	0.00359	0.00120	0.00271	0.09888	0.04379	0.00409
6	0.01060	0.12897	0.03191	0.00809	0.03268	0.27628	0.02302	0.24379	0.04431	0.01236	0.00697	0.00808	0.00565	0.00668	0.12026	0.00157	0.02922	0.00275	0.00224	0.00455
7	0.20521	0.00800	0.08787	0.00609	0.00893	0.00696	0.00538	0.19094	0.03224	0.06076	0.00718	0.02813	0.00561	0.00343	0.00282	0.00086	0.00307	0.00257	0.00248	0.33145

[dist]
# distance from previous block
# <min> <max>
0	3

[block]
# block no. 1 follows, 82 sequences, length 15
# corresponding to MSA columns:
# 320,324-337
name=unknown_B
#
# <colnr> <probs for GDERKNQSTAVLIFYWHMCP>
#	G	D	E	R	K	N	Q	S	T	A	V	L	I	F	Y	W	H	M	C	P
0	0.02032	0.06472	0.36654	0.00772	0.01130	0.09705	0.00823	0.06039	0.03921	0.05656	0.00737	0.02416	0.01712	0.00347	0.00306	0.00092	0.00412	0.00266	0.00201	0.20308
1	0.02108	0.00828	0.00970	0.05818	0.04705	0.09437	0.09000	0.04566	0.44038	0.06543	0.02265	0.01117	0.01837	0.00430	0.00387	0.00113	0.04696	0.00358	0.00287	0.00497
2	0.00685	0.00648	0.01097	0.70429	0.18775	0.00770	0.00970	0.00909	0.00703	0.00922	0.00615	0.00899	0.00473	0.00335	0.00341	0.00112	0.00446	0.00304	0.00155	0.00412
3	0.00700	0.04197	0.78552	0.00993	0.01482	0.00815	0.06423	0.01082	0.00727	0.01076	0.00615	0.00730	0.00439	0.00322	0.00327	0.00108	0.00506	0.00260	0.00146	0.00501
4	0.02184	0.01113	0.06523	0.03743	0.01282	0.27005	0.24670	0.07324	0.07067	0.10524	0.00781	0.02483	0.00596	0.00372	0.00370	0.00106	0.02842	0.00325	0.00227	0.00463
5	0.01524	0.00599	0.00804	0.00616	0.00882	0.00527	0.00509	0.05337	0.01007	0.82373	0.01326	0.01149	0.00835	0.00423	0.00344	0.00106	0.00295	0.00342	0.00420	0.00582
6	0.00423	0.00302	0.00405	0.00484	0.00507	0.00284	0.00329	0.00488	0.00662	0.00881	0.01882	0.83573	0.02248	0.01065	0.00438	0.00140	0.00204	0.05089	0.00317	0.00280
7	0.00504	0.00366	0.00469	0.00512	0.00558	0.00362	0.00362	0.06985	0.00750	0.01006	0.06873	0.68000	0.02125	0.02522	0.00465	0.00139	0.01751	0.05627	0.00318	0.00307
8	0.00695	0.05308	0.82749	0.00959	0.01456	0.00817	0.01236	0.01081	0.00721	0.01072	0.00608	0.00715	0.00434	0.00324	0.00321	0.00107	0.00500	0.00250	0.00145	0.00503
9	0.00417	0.00298	0.00397	0.00476	0.00496	0.00278	0.00318	0.00476	0.00655	0.00873	0.01885	0.87755	0.02262	0.01072	0.00437	0.00139	0.00198	0.00972	0.00318	0.00278
10	0.22853	0.00886	0.00900	0.00705	0.00964	0.00990	0.00583	0.64457	0.01360	0.02006	0.00738	0.00757	0.00531	0.00388	0.00311	0.00103	0.00349	0.00278	0.00311	0.00531
11	0.00845	0.00787	0.01295	0.17489	0.64118	0.00822	0.01001	0.07452	0.00825	0.01153	0.00651	0.00857	0.00529	0.00320	0.00340	0.00104	0.00413	0.00305	0.00179	0.00515
12	0.06395	0.00788	0.01306	0.08540	0.74130	0.00806	0.01000	0.01034	0.00759	0.01125	0.00630	0.00834	0.00525	0.00308	0.00331	0.00103	0.00401	0.00297	0.00171	0.00519
13	0.00646	0.00608	0.01026	0.87156	0.02356	0.00760	0.00950	0.00874	0.00684	0.00874	0.00608	0.00912	0.00456	0.00342	0.00342	0.00114	0.00456	0.00304	0.00152	0.00380
14	0.00709	0.10541	0.77637	0.00935	0.01419	0.00851	0.01195	0.01077	0.00719	0.01055	0.00600	0.00705	0.00434	0.00322	0.00314	0.00105	0.00491	0.00246	0.00145	0.00499

[dist]
# distance from previous block
# <min> <max>
0	2

[block]
# block no. 2 follows, 82 sequences, length 93
# corresponding to MSA columns:
# 340,349-364,367-378,394-439,445-462
name=unknown_C
#
# <colnr> <probs for GDERKNQSTAVLIFYWHMCP>
#	G	D	E	R	K	N	Q	S	T	A	V	L	I	F	Y	W	H	M	C	P
0	0.00779	0.23873	0.12652	0.00660	0.00962	0.00810	0.03432	0.00971	0.02734	0.01902	0.00590	0.00698	0.00491	0.00310	0.00333	0.00077	0.07436	0.00225	0.00180	0.40886
1	0.00897	0.75990	0.11597	0.00638	0.00953	0.03392	0.00666	0.01040	0.00705	0.00838	0.00493	0.00571	0.00438	0.00298	0.00234	0.00078	0.00388	0.00192	0.00147	0.00446
2	0.00417	0.00298	0.00397	0.00476	0.00496	0.00278	0.00318	0.00476	0.00655	0.00873	0.01885	0.87755	0.02262	0.01072	0.00437	0.00139	0.00198	0.00972	0.00318	0.00278
3	0.08739	0.00598	0.00771	0.00594	0.00857	0.00534	0.00490	0.03291	0.00946	0.73129	0.01230	0.01084	0.00785	0.00406	0.00329	0.00103	0.00289	0.00323	0.00393	0.05111
4	0.00550	0.00443	0.00535	0.00476	0.00634	0.00361	0.00352	0.00660	0.00710	0.01017	0.06851	0.36273	0.08777	0.00666	0.00350	0.00096	0.00218	0.00586	0.00270	0.40176
5	0.00502	0.00363	0.00475	0.00500	0.00580	0.00344	0.00404	0.00631	0.00829	0.01103	0.31371	0.05236	0.16203	0.00861	0.00480	0.04699	0.00234	0.34550	0.00329	0.00304
6	0.00415	0.00306	0.00388	0.00454	0.00490	0.00280	0.00308	0.00479	0.00676	0.00882	0.02158	0.73198	0.16644	0.01036	0.00431	0.00135	0.00194	0.00929	0.00318	0.00280
7	0.00594	0.00297	0.00446	0.00446	0.00446	0.00297	0.00297	0.00446	0.00446	0.00594	0.00594	0.01040	0.00594	0.01188	0.01337	0.90048	0.00297	0.00297	0.00149	0.00149
8	0.02333	0.00841	0.00999	0.00851	0.00920	0.08799	0.00699	0.14026	0.02165	0.01054	0.00555	0.00784	0.00498	0.00640	0.05231	0.00156	0.58559	0.00297	0.00188	0.00408
9	0.02716	0.00935	0.00997	0.00774	0.01040	0.01039	0.00637	0.76576	0.08415	0.02087	0.00862	0.00854	0.00616	0.00413	0.00341	0.00104	0.00366	0.00312	0.00341	0.00575
10	0.00530	0.00366	0.00413	0.00407	0.00429	0.00378	0.00247	0.00621	0.07426	0.00759	0.01984	0.02091	0.01218	0.73175	0.05519	0.00314	0.00347	0.00478	0.03054	0.00244
11	0.90395	0.00662	0.00503	0.00450	0.00662	0.00767	0.00370	0.01006	0.00582	0.01535	0.00476	0.00556	0.00370	0.00318	0.00212	0.00106	0.00265	0.00185	0.00212	0.00370
12	0.00673	0.00543	0.00614	0.00558	0.00698	0.00584	0.00429	0.03855	0.39116	0.01404	0.41172	0.01954	0.05807	0.00591	0.00376	0.00112	0.00218	0.00508	0.00360	0.00429
13	0.00528	0.00399	0.00488	0.00519	0.00621	0.00382	0.00430	0.00710	0.06185	0.02343	0.06643	0.03376	0.33008	0.00865	0.00434	0.00136	0.00251	0.42035	0.00323	0.00324
14	0.01198	0.00670	0.00794	0.00648	0.00885	0.00679	0.00521	0.08539	0.33688	0.41038	0.01284	0.01160	0.00886	0.00430	0.00340	0.00107	0.00286	0.00351	0.01757	0.04741
15	0.01357	0.00697	0.00846	0.00657	0.00909	0.00690	0.00540	0.30535	0.02873	0.48346	0.06969	0.01144	0.00923	0.00438	0.00346	0.00105	0.00310	0.00351	0.01405	0.00560
16	0.00417	0.00298	0.00397	0.00476	0.00496	0.00278	0.00318	0.00476	0.00655	0.00873	0.01885	0.87755	0.02262	0.01072	0.00437	0.00139	0.00198	0.00972	0.00318	0.00278
17	0.00420	0.00300	0.00399	0.00474	0.00497	0.00280	0.00318	0.00483	0.00668	0.00893	0.05293	0.84290	0.02302	0.01057	0.00435	0.00138	0.00197	0.00958	0.00320	0.00280
18	0.00821	0.02081	0.08176	0.01243	0.03263	0.10457	0.57759	0.01064	0.00789	0.01024	0.00715	0.02390	0.00591	0.07467	0.00493	0.00129	0.00544	0.00384	0.00176	0.00435
19	0.00689	0.03028	0.84977	0.00969	0.01472	0.00803	0.01254	0.01082	0.00722	0.01079	0.00612	0.00720	0.00433	0.00325	0.00323	0.00108	0.00504	0.00252	0.00144	0.00505
20	0.00410	0.00347	0.00355	0.00353	0.00466	0.00291	0.00265	0.00503	0.00794	0.00958	0.09670	0.03236	0.79480	0.00854	0.00404	0.00115	0.00172	0.00714	0.00322	0.00291
21	0.00460	0.00364	0.00416	0.00403	0.00505	0.00328	0.00305	0.00616	0.04191	0.01143	0.39577	0.02899	0.44352	0.00778	0.00403	0.00113	0.00175	0.02313	0.00345	0.00314
22	0.02780	0.03270	0.00993	0.00789	0.01026	0.26819	0.00633	0.45880	0.04615	0.07799	0.00776	0.00791	0.00568	0.00394	0.00335	0.00099	0.01347	0.00282	0.00289	0.00515
23	0.00482	0.00380	0.00439	0.00418	0.00522	0.00352	0.00315	0.00679	0.07768	0.01197	0.45845	0.02746	0.36104	0.00747	0.00399	0.00111	0.00175	0.00641	0.00351	0.00327
24	0.00489	0.00367	0.00550	0.00550	0.00611	0.00428	0.00428	0.00611	0.00550	0.00794	0.00916	0.01344	0.00855	0.02566	0.86623	0.00550	0.00916	0.00367	0.00183	0.00305
25	0.00735	0.00643	0.00822	0.00597	0.00894	0.00520	0.07287	0.03336	0.04321	0.01163	0.02658	0.00797	0.00597	0.00280	0.00276	0.00062	0.00282	0.00240	0.00215	0.74277
26	0.00823	0.00495	0.00617	0.00573	0.00695	0.00496	0.00440	0.16394	0.00890	0.17275	0.02186	0.29642	0.01458	0.09535	0.06324	0.00175	0.00325	0.10944	0.00322	0.00392
27	0.00425	0.00323	0.00393	0.00433	0.00494	0.00291	0.00307	0.00509	0.00738	0.00955	0.12528	0.46757	0.29921	0.00955	0.00423	0.00128	0.00190	0.03616	0.00325	0.00288
28	0.01136	0.01273	0.01043	0.00887	0.01090	0.49922	0.09782	0.16075	0.04018	0.01133	0.00780	0.00981	0.02603	0.00435	0.01314	0.00105	0.01382	0.05383	0.00223	0.00433
29	0.00709	0.00608	0.00709	0.00507	0.00811	0.00456	0.00405	0.00861	0.00709	0.01115	0.00608	0.00709	0.00507	0.00253	0.00253	0.00051	0.00253	0.00203	0.00203	0.90069
30	0.00902	0.00692	0.00871	0.00637	0.00934	0.02024	0.07319	0.11624	0.00868	0.11548	0.00731	0.00795	0.00557	0.00298	0.00289	0.00070	0.00306	0.00250	0.00244	0.59041
31	0.00899	0.00823	0.00945	0.00801	0.01001	0.11822	0.12554	0.05945	0.40614	0.05243	0.02560	0.05068	0.02496	0.00523	0.01818	0.00122	0.00373	0.05618	0.00298	0.00478
32	0.00430	0.00307	0.00412	0.00491	0.00517	0.00289	0.00340	0.00499	0.00668	0.00888	0.01878	0.79567	0.02234	0.01059	0.00440	0.00141	0.00210	0.09031	0.00317	0.00281
33	0.00992	0.00824	0.00852	0.00728	0.00944	0.03329	0.00576	0.25648	0.58798	0.01623	0.01204	0.01127	0.00894	0.00446	0.00345	0.00111	0.00311	0.00359	0.00342	0.00549
34	0.05506	0.00738	0.00779	0.00640	0.00865	0.13714	0.00511	0.03192	0.04857	0.56492	0.01218	0.08116	0.00882	0.00462	0.00340	0.00106	0.00333	0.00370	0.00362	0.00517
35	0.05508	0.00791	0.01188	0.00922	0.01120	0.04493	0.22780	0.07024	0.00795	0.17267	0.00740	0.00881	0.00565	0.00492	0.03433	0.00132	0.25988	0.00324	0.00230	0.05326
36	0.00855	0.00678	0.01276	0.00968	0.01211	0.00628	0.41200	0.01072	0.03173	0.18867	0.05099	0.16268	0.06051	0.00510	0.00395	0.00117	0.00400	0.00518	0.00273	0.00441
37	0.01234	0.00908	0.00980	0.00758	0.01016	0.01001	0.00623	0.77845	0.01556	0.02092	0.07745	0.00963	0.00798	0.00434	0.00347	0.00103	0.00359	0.00333	0.00345	0.00561
38	0.01243	0.01557	0.00953	0.00866	0.01044	0.79607	0.00651	0.01403	0.07845	0.00886	0.00599	0.00671	0.00490	0.00362	0.00312	0.00090	0.00589	0.00234	0.00190	0.00408
39	0.00646	0.00608	0.01026	0.87156	0.02356	0.00760	0.00950	0.00874	0.00684	0.00874	0.00608	0.00912	0.00456	0.00342	0.00342	0.00114	0.00456	0.00304	0.00152	0.00380
40	0.00479	0.00345	0.00452	0.00434	0.00510	0.00319	0.00322	0.00632	0.00943	0.01331	0.78828	0.09508	0.03149	0.00730	0.00406	0.00110	0.00164	0.00648	0.00372	0.00319
41	0.00638	0.00319	0.00319	0.00319	0.00399	0.00319	0.00239	0.00797	0.00717	0.01275	0.01116	0.01275	0.00877	0.00399	0.00239	0.00080	0.00159	0.00319	0.89877	0.00319
42	0.01272	0.03027	0.00983	0.00876	0.01055	0.85230	0.00660	0.01360	0.00965	0.00837	0.00528	0.00616	0.00441	0.00352	0.00307	0.00088	0.00613	0.00220	0.00176	0.00397
43	0.01535	0.00582	0.00794	0.00609	0.00873	0.00503	0.00503	0.01667	0.00979	0.86081	0.01350	0.01164	0.00847	0.00423	0.00344	0.00106	0.00291	0.00344	0.00423	0.00582
44	0.00417	0.00298	0.00397	0.00476	0.00496	0.00278	0.00318	0.00476	0.00655	0.00873	0.01885	0.87755	0.02262	0.01072	0.00437	0.00139	0.00198	0.00972	0.00318	0.00278
45	0.01352	0.00542	0.00735	0.00578	0.00810	0.00472	0.00472	0.01490	0.00977	0.71379	0.15983	0.01406	0.01260	0.00471	0.00354	0.00106	0.00269	0.00392	0.00415	0.00537
46	0.00417	0.00298	0.00397	0.00476	0.00496	0.00278	0.00318	0.00476	0.00655	0.00873	0.01885	0.87755	0.02262	0.01072	0.00437	0.00139	0.00198	0.00972	0.00318	0.00278
47	0.00427	0.00305	0.00408	0.00488	0.00512	0.00286	0.00335	0.00494	0.00665	0.00884	0.01880	0.81516	0.02241	0.01062	0.00439	0.00140	0.00207	0.07113	0.00317	0.00281
48	0.00807	0.00923	0.02018	0.01442	0.01788	0.00865	0.84602	0.01096	0.00807	0.01096	0.00692	0.00923	0.00519	0.00288	0.00404	0.00115	0.00577	0.00404	0.00173	0.00461
49	0.00638	0.00319	0.00319	0.00319	0.00399	0.00319	0.00239	0.00797	0.00717	0.01275	0.01116	0.01275	0.00877	0.00399	0.00239	0.00080	0.00159	0.00319	0.89877	0.00319
50	0.00479	0.00349	0.00450	0.00425	0.00508	0.00321	0.00319	0.00636	0.00956	0.01344	0.80521	0.02601	0.08388	0.00710	0.00404	0.00108	0.00162	0.00625	0.00373	0.00321
51	0.08786	0.00589	0.00770	0.00596	0.00856	0.00524	0.00492	0.01613	0.00947	0.79182	0.01278	0.01115	0.00808	0.00415	0.00333	0.00106	0.00289	0.00331	0.00406	0.00565
52	0.01324	0.00932	0.01002	0.00771	0.01042	0.02606	0.00635	0.74649	0.01532	0.10717	0.00870	0.00853	0.00606	0.00411	0.00342	0.00103	0.00372	0.00310	0.00347	0.00578
53	0.00775	0.00793	0.01044	0.00897	0.00906	0.05336	0.00744	0.00850	0.00546	0.00824	0.00453	0.00742	0.00449	0.00586	0.01082	0.00147	0.83005	0.00295	0.00151	0.00375
54	0.00882	0.00793	0.00825	0.02296	0.03626	0.11942	0.01732	0.13401	0.02346	0.02941	0.05660	0.00852	0.00685	0.00327	0.00293	0.00073	0.00329	0.00259	0.00235	0.50505
55	0.00749	0.23343	0.60870	0.00901	0.01345	0.00938	0.05271	0.01069	0.00720	0.01014	0.00583	0.00689	0.00439	0.00315	0.00303	0.00100	0.00474	0.00243	0.00146	0.00487
56	0.00842	0.00727	0.00765	0.00689	0.00881	0.00839	0.00536	0.01790	0.83490	0.01421	0.01435	0.01318	0.02785	0.00472	0.00349	0.00116	0.00269	0.00394	0.00347	0.00536
57	0.00677	0.00639	0.01081	0.74143	0.15129	0.00768	0.00965	0.00901	0.00699	0.00911	0.00613	0.00902	0.00469	0.00336	0.00341	0.00112	0.00448	0.00304	0.00155	0.00405
58	0.08974	0.00865	0.00928	0.00752	0.00969	0.05315	0.02944	0.39665	0.16257	0.04703	0.00922	0.00943	0.03001	0.00436	0.00417	0.00109	0.09830	0.00319	0.00297	0.02353
59	0.00858	0.00516	0.00781	0.00659	0.00822	0.00477	0.11230	0.02394	0.01638	0.26789	0.03636	0.35795	0.01403	0.02066	0.00428	0.00121	0.02711	0.00602	0.00319	0.06754
60	0.00497	0.00332	0.00373	0.00373	0.00373	0.00332	0.00207	0.00497	0.00497	0.00663	0.01078	0.02239	0.01244	0.87978	0.01741	0.00332	0.00332	0.00497	0.00207	0.00207
61	0.00419	0.00299	0.00396	0.00473	0.00493	0.00279	0.00314	0.00477	0.00650	0.00867	0.01863	0.85344	0.02234	0.03522	0.00473	0.00144	0.00202	0.00959	0.00314	0.00276
62	0.01032	0.01031	0.03516	0.01165	0.08251	0.20697	0.36371	0.04862	0.00897	0.13370	0.02448	0.01725	0.00620	0.00352	0.00377	0.00107	0.02144	0.00344	0.00221	0.00471
63	0.01521	0.00585	0.00793	0.00610	0.00874	0.00510	0.00504	0.01670	0.02723	0.84329	0.01350	0.01167	0.00851	0.00424	0.00344	0.00106	0.00291	0.00345	0.00422	0.00581
64	0.00794	0.00832	0.01136	0.00950	0.00996	0.07525	0.08878	0.00891	0.00585	0.00851	0.00479	0.00755	0.00455	0.00550	0.00991	0.00142	0.72348	0.00303	0.00154	0.00384
65	0.00413	0.00343	0.00359	0.00363	0.00466	0.00291	0.00268	0.00502	0.00779	0.00949	0.09561	0.09353	0.71640	0.02643	0.00434	0.00121	0.00177	0.00728	0.00320	0.00289
66	0.00713	0.00612	0.00711	0.00512	0.00813	0.00467	0.00409	0.00888	0.03063	0.01123	0.00630	0.00725	0.00522	0.00259	0.00256	0.00052	0.00254	0.00208	0.00207	0.87576
67	0.00420	0.00300	0.00400	0.00479	0.00500	0.00280	0.00322	0.00481	0.00658	0.00876	0.01884	0.86046	0.02256	0.01069	0.00437	0.00139	0.00201	0.02654	0.00317	0.00279
68	0.00494	0.00338	0.00410	0.00412	0.00425	0.00351	0.00255	0.00521	0.00511	0.00694	0.01057	0.03407	0.01179	0.68732	0.19478	0.00374	0.00452	0.00478	0.00204	0.00229
69	0.00428	0.00306	0.00410	0.00489	0.00513	0.00287	0.00337	0.00495	0.00666	0.00886	0.01879	0.80909	0.02238	0.01061	0.00440	0.00140	0.00208	0.07710	0.00317	0.00281
70	0.00490	0.00360	0.00519	0.00519	0.00570	0.00411	0.00389	0.00591	0.00541	0.00771	0.00944	0.01499	0.00923	0.17390	0.71891	0.00512	0.00815	0.00389	0.00187	0.00288
71	0.00709	0.00608	0.00709	0.00507	0.00811	0.00456	0.00405	0.00861	0.00709	0.01115	0.00608	0.00709	0.00507	0.00253	0.00253	0.00051	0.00253	0.00203	0.00203	0.90069
72	0.00497	0.00332	0.00373	0.00373	0.00373	0.00332	0.00207	0.00497	0.00497	0.00663	0.01078	0.02239	0.01244	0.87978	0.01741	0.00332	0.00332	0.00497	0.00207	0.00207
73	0.00417	0.00298	0.00397	0.00476	0.00496	0.00278	0.00318	0.00476	0.00655	0.00873	0.01885	0.87755	0.02262	0.01072	0.00437	0.00139	0.00198	0.00972	0.00318	0.00278
74	0.01022	0.01145	0.00992	0.00868	0.00971	0.39078	0.00689	0.08279	0.00818	0.00945	0.00552	0.02504	0.00499	0.00505	0.01638	0.00123	0.38514	0.00280	0.00182	0.00399
75	0.00886	0.00808	0.00789	0.00711	0.00903	0.07848	0.00551	0.01781	0.78351	0.01382	0.01322	0.01222	0.00995	0.00455	0.00345	0.00114	0.00299	0.00373	0.00334	0.00530
76	0.00830	0.00659	0.00697	0.00624	0.00790	0.04970	0.00483	0.03631	0.47145	0.08297	0.23759	0.03970	0.01600	0.00533	0.00363	0.00112	0.00261	0.00451	0.00352	0.00473
77	0.01242	0.00960	0.01001	0.00840	0.05337	0.07973	0.00650	0.62504	0.06830	0.06140	0.02541	0.00887	0.00664	0.00410	0.00341	0.00103	0.00382	0.00314	0.00325	0.00557
78	0.00808	0.00777	0.01269	0.19275	0.62820	0.02558	0.00992	0.01038	0.03465	0.01077	0.02261	0.00901	0.00589	0.00326	0.00340	0.00104	0.00412	0.00311	0.00176	0.00502
79	0.00943	0.00808	0.01116	0.00876	0.01120	0.00867	0.21578	0.23837	0.34729	0.01529	0.01041	0.01065	0.00775	0.00400	0.00352	0.00109	0.00367	0.00364	0.07608	0.00514
80	0.00652	0.00614	0.01036	0.84788	0.04681	0.00761	0.00953	0.00879	0.00687	0.00881	0.00609	0.00910	0.00458	0.00341	0.00342	0.00114	0.00455	0.00304	0.00152	0.00385
81	0.00858	0.00750	0.00777	0.00601	0.00872	0.07619	0.00477	0.09877	0.15499	0.02847	0.00774	0.00820	0.00609	0.00318	0.00285	0.00072	0.00300	0.00250	0.00245	0.56152
82	0.00497	0.00332	0.00373	0.00373	0.00373	0.00332	0.00207	0.00497	0.00497	0.00663	0.01078	0.02239	0.01244	0.87978	0.01741	0.00332	0.00332	0.00497	0.00207	0.00207
83	0.00686	0.01769	0.86206	0.00975	0.01481	0.00794	0.01264	0.01083	0.00722	0.01083	0.00614	0.00722	0.00433	0.00325	0.00325	0.00108	0.00506	0.00253	0.00144	0.00506
84	0.00510	0.00398	0.00590	0.00578	0.00634	0.00478	0.00454	0.00628	0.00548	0.00796	0.00878	0.01295	0.00822	0.02405	0.79646	0.00517	0.07970	0.00361	0.00181	0.00311
85	0.00417	0.00298	0.00397	0.00476	0.00496	0.00278	0.00318	0.00476	0.00655	0.00873	0.01885	0.87755	0.02262	0.01072	0.00437	0.00139	0.00198	0.00972	0.00318	0.00278
86	0.00651	0.00613	0.01036	0.84901	0.04570	0.00761	0.00953	0.00879	0.00687	0.00880	0.00609	0.00910	0.00458	0.00341	0.00342	0.00114	0.00455	0.00304	0.00152	0.00384
87	0.00417	0.00298	0.00397	0.00476	0.00496	0.00278	0.00318	0.00476	0.00655	0.00873	0.01885	0.87755	0.02262	0.01072	0.00437	0.00139	0.00198	0.00972	0.00318	0.00278
88	0.00851	0.00735	0.00773	0.00696	0.00890	0.00851	0.00541	0.01818	0.85226	0.01431	0.01392	0.01276	0.01044	0.00464	0.00348	0.00116	0.00271	0.00387	0.00348	0.00541
89	0.01300	0.00958	0.01027	0.00787	0.01061	0.01061	0.00650	0.84704	0.01608	0.02156	0.00821	0.00821	0.00582	0.00411	0.00342	0.00103	0.00376	0.00308	0.00342	0.00582
90	0.00417	0.00298	0.00397	0.00476	0.00496	0.00278	0.00318	0.00476	0.00655	0.00873	0.01885	0.87755	0.02262	0.01072	0.00437	0.00139	0.00198	0.00972	0.00318	0.00278
91	0.90395	0.00662	0.00503	0.00450	0.00662	0.00767	0.00370	0.01006	0.00582	0.01535	0.00476	0.00556	0.00370	0.00318	0.00212	0.00106	0.00265	0.00185	0.00212	0.00370
92	0.00484	0.00350	0.00457	0.00430	0.00511	0.00323	0.00323	0.00646	0.00968	0.01372	0.85664	0.02555	0.03228	0.00699	0.00403	0.00108	0.00161	0.00619	0.00377	0.00323

[dist]
# distance from previous block
# <min> <max>
0	32

[block]
# block no. 3 follows, 82 sequences, length 6
# corresponding to MSA columns:
# 495-500
name=unknown_D
#
# <colnr> <probs for GDERKNQSTAVLIFYWHMCP>
#	G	D	E	R	K	N	Q	S	T	A	V	L	I	F	Y	W	H	M	C	P
0	0.00443	0.00376	0.00386	0.00379	0.00498	0.00334	0.00285	0.00602	0.07200	0.00992	0.08710	0.03091	0.73861	0.00825	0.00400	0.00115	0.00180	0.00690	0.00324	0.00310
1	0.90395	0.00662	0.00503	0.00450	0.00662	0.00767	0.00370	0.01006	0.00582	0.01535	0.00476	0.00556	0.00370	0.00318	0.00212	0.00106	0.00265	0.00185	0.00212	0.00370
2	0.01535	0.00582	0.00794	0.00609	0.00873	0.00503	0.00503	0.01667	0.00979	0.86081	0.01350	0.01164	0.00847	0.00423	0.00344	0.00106	0.00291	0.00344	0.00423	0.00582
3	0.00417	0.00298	0.00397	0.00476	0.00496	0.00278	0.00318	0.00476	0.00655	0.00873	0.01885	0.87755	0.02262	0.01072	0.00437	0.00139	0.00198	0.00972	0.00318	0.00278
4	0.00484	0.00350	0.00457	0.00430	0.00511	0.00323	0.00323	0.00646	0.00968	0.01372	0.85664	0.02555	0.03228	0.00699	0.00403	0.00108	0.00161	0.00619	0.00377	0.00323
5	0.00847	0.00813	0.01388	0.02100	0.85844	0.00813	0.01050	0.01050	0.00779	0.01118	0.00643	0.00847	0.00542	0.00305	0.00339	0.00102	0.00406	0.00305	0.00169	0.00542

[dist]
# distance from previous block
# <min> <max>
4	9

[block]
# block no. 4 follows, 82 sequences, length 69
# corresponding to MSA columns:
# 511-529,532-581
name=unknown_E
#
# <colnr> <probs for GDERKNQSTAVLIFYWHMCP>
#	G	D	E	R	K	N	Q	S	T	A	V	L	I	F	Y	W	H	M	C	P
0	0.00484	0.00350	0.00457	0.00430	0.00511	0.00323	0.00323	0.00646	0.00968	0.01372	0.85664	0.02555	0.03228	0.00699	0.00403	0.00108	0.00161	0.00619	0.00377	0.00323
1	0.00419	0.00356	0.00363	0.00359	0.00475	0.00304	0.00270	0.00531	0.02829	0.00960	0.07835	0.03204	0.79226	0.00848	0.00403	0.00115	0.00175	0.00708	0.00322	0.00297
2	0.03555	0.01218	0.00939	0.00817	0.01013	0.43917	0.02423	0.14140	0.21777	0.02916	0.00802	0.00830	0.00619	0.00396	0.00349	0.00101	0.03195	0.00283	0.00249	0.00464
3	0.00497	0.00332	0.00373	0.00373	0.00373	0.00332	0.00207	0.00497	0.00497	0.00663	0.01078	0.02239	0.01244	0.87978	0.01741	0.00332	0.00332	0.00497	0.00207	0.00207
4	0.00417	0.00298	0.00397	0.00476	0.00496	0.00278	0.00318	0.00476	0.00655	0.00873	0.01885	0.87755	0.02262	0.01072	0.00437	0.00139	0.00198	0.00972	0.00318	0.00278
5	0.00417	0.00298	0.00397	0.00476	0.00496	0.00278	0.00318	0.00476	0.00655	0.00873	0.01885	0.87755	0.02262	0.01072	0.00437	0.00139	0.00198	0.00972	0.00318	0.00278
6	0.00914	0.00772	0.00887	0.19257	0.01245	0.02342	0.00655	0.19977	0.47131	0.01462	0.01083	0.01086	0.00805	0.00424	0.00345	0.00112	0.00340	0.00349	0.00302	0.00513
7	0.00851	0.00735	0.00773	0.00696	0.00890	0.00851	0.00541	0.01818	0.85226	0.01431	0.01392	0.01276	0.01044	0.00464	0.00348	0.00116	0.00271	0.00387	0.00348	0.00541
8	0.00735	0.20297	0.68107	0.00891	0.01351	0.00914	0.01118	0.01071	0.00716	0.01024	0.00584	0.00685	0.00435	0.00318	0.00302	0.00101	0.00476	0.00238	0.00145	0.00491
9	0.00404	0.00347	0.00347	0.00347	0.00462	0.00289	0.00260	0.00491	0.00780	0.00924	0.03465	0.03292	0.85706	0.00866	0.00404	0.00116	0.00173	0.00722	0.00318	0.00289
10	0.00419	0.00347	0.00367	0.00362	0.00471	0.00295	0.00271	0.00519	0.00814	0.01007	0.18631	0.03156	0.70488	0.00836	0.00404	0.00114	0.00171	0.00703	0.00329	0.00295
11	0.00709	0.00608	0.00709	0.00507	0.00811	0.00456	0.00405	0.00861	0.00709	0.01115	0.00608	0.00709	0.00507	0.00253	0.00253	0.00051	0.00253	0.00203	0.00203	0.90069
12	0.00417	0.00298	0.00397	0.00476	0.00496	0.00278	0.00318	0.00476	0.00655	0.00873	0.01885	0.87755	0.02262	0.01072	0.00437	0.00139	0.00198	0.00972	0.00318	0.00278
13	0.00638	0.00319	0.00319	0.00319	0.00399	0.00319	0.00239	0.00797	0.00717	0.01275	0.01116	0.01275	0.00877	0.00399	0.00239	0.00080	0.00159	0.00319	0.89877	0.00319
14	0.00417	0.00298	0.00397	0.00476	0.00496	0.00278	0.00318	0.00476	0.00655	0.00873	0.01885	0.87755	0.02262	0.01072	0.00437	0.00139	0.00198	0.00972	0.00318	0.00278
15	0.00704	0.00677	0.01038	0.77023	0.05677	0.05026	0.00932	0.03208	0.00727	0.00917	0.00611	0.00892	0.00462	0.00343	0.00340	0.00112	0.00460	0.00300	0.00159	0.00393
16	0.00404	0.00347	0.00347	0.00347	0.00462	0.00289	0.00260	0.00491	0.00780	0.00924	0.03465	0.03292	0.85706	0.00866	0.00404	0.00116	0.00173	0.00722	0.00318	0.00289
17	0.00551	0.00394	0.00551	0.00630	0.00709	0.00394	0.00551	0.00709	0.00787	0.01024	0.01811	0.03859	0.01969	0.00945	0.00472	0.00157	0.00315	0.83542	0.00315	0.00315
18	0.00695	0.04126	0.82412	0.00984	0.02932	0.00810	0.01241	0.01081	0.00722	0.01076	0.00611	0.00720	0.00435	0.00324	0.00322	0.00107	0.00500	0.00252	0.00145	0.00504
19	0.02057	0.00917	0.00917	0.00749	0.00981	0.09798	0.02292	0.45050	0.22893	0.02693	0.01132	0.01102	0.06960	0.00449	0.00345	0.00106	0.00361	0.00351	0.00321	0.00526
20	0.64063	0.00749	0.00658	0.00550	0.00780	0.00854	0.00453	0.25743	0.00885	0.01718	0.00578	0.00634	0.00433	0.00345	0.00250	0.00105	0.00298	0.00222	0.00250	0.00433
21	0.01240	0.00919	0.00985	0.00765	0.01023	0.01019	0.00626	0.76154	0.06810	0.02051	0.00867	0.00906	0.00637	0.03898	0.00398	0.00113	0.00368	0.00320	0.00337	0.00564
22	0.00686	0.01769	0.86206	0.00975	0.01481	0.00794	0.01264	0.01083	0.00722	0.01083	0.00614	0.00722	0.00433	0.00325	0.00325	0.00108	0.00506	0.00253	0.00144	0.00506
23	0.00417	0.00298	0.00397	0.00476	0.00496	0.00278	0.00318	0.00476	0.00655	0.00873	0.01885	0.87755	0.02262	0.01072	0.00437	0.00139	0.00198	0.00972	0.00318	0.00278
24	0.01282	0.00949	0.01017	0.00783	0.01054	0.01052	0.00646	0.81407	0.04935	0.02127	0.00844	0.00839	0.00600	0.00413	0.00342	0.00103	0.00372	0.00311	0.00342	0.00580
25	0.00847	0.00810	0.01365	0.02047	0.82650	0.00814	0.01031	0.01079	0.03954	0.01129	0.00672	0.00863	0.00561	0.00311	0.00339	0.00102	0.00401	0.00308	0.00176	0.00542
26	0.00832	0.00719	0.00756	0.00682	0.00872	0.00827	0.00530	0.01762	0.81701	0.01410	0.01479	0.01360	0.04578	0.00481	0.00350	0.00116	0.00267	0.00401	0.00347	0.00531
27	0.00481	0.00348	0.00455	0.00432	0.00510	0.00321	0.00323	0.00639	0.00956	0.01352	0.82331	0.05945	0.03189	0.00714	0.00405	0.00109	0.00163	0.00633	0.00374	0.00321
28	0.01525	0.00597	0.00803	0.00616	0.00881	0.00525	0.00509	0.04970	0.01004	0.82743	0.01329	0.01151	0.00836	0.00423	0.00344	0.00106	0.00294	0.00343	0.00420	0.00582
29	0.00598	0.00515	0.00532	0.00499	0.00648	0.00533	0.00382	0.01068	0.37491	0.01144	0.02564	0.02416	0.48901	0.00691	0.00380	0.00116	0.00216	0.00576	0.00331	0.00399
30	0.00497	0.00332	0.00373	0.00373	0.00373	0.00332	0.00207	0.00497	0.00497	0.00663	0.01078	0.02239	0.01244	0.87978	0.01741	0.00332	0.00332	0.00497	0.00207	0.00207
31	0.00406	0.00347	0.00349	0.00348	0.00463	0.00289	0.00261	0.00494	0.00783	0.00933	0.05067	0.03278	0.84098	0.00863	0.00404	0.00115	0.00173	0.00720	0.00319	0.00289
32	0.00437	0.00315	0.00414	0.00459	0.00500	0.00292	0.00318	0.00528	0.00753	0.01025	0.27171	0.59765	0.04845	0.00954	0.00426	0.00129	0.00187	0.00859	0.00335	0.00292
33	0.00807	0.00923	0.02018	0.01442	0.01788	0.00865	0.84602	0.01096	0.00807	0.01096	0.00692	0.00923	0.00519	0.00288	0.00404	0.00115	0.00577	0.00404	0.00173	0.00461
34	0.00847	0.00813	0.01388	0.02100	0.85844	0.00813	0.01050	0.01050	0.00779	0.01118	0.00643	0.00847	0.00542	0.00305	0.00339	0.00102	0.00406	0.00305	0.00169	0.00542
35	0.00406	0.00346	0.00347	0.00347	0.00460	0.00290	0.00259	0.00491	0.00774	0.00919	0.03415	0.03270	0.83928	0.02699	0.00432	0.00120	0.00177	0.00717	0.00315	0.00287
36	0.00417	0.00298	0.00397	0.00476	0.00496	0.00278	0.00318	0.00476	0.00655	0.00873	0.01885	0.87755	0.02262	0.01072	0.00437	0.00139	0.00198	0.00972	0.00318	0.00278
37	0.00448	0.00311	0.00410	0.00477	0.00508	0.00292	0.00328	0.00517	0.00673	0.01991	0.03882	0.73525	0.03613	0.03774	0.00473	0.00143	0.00209	0.05941	0.02201	0.00284
38	0.00915	0.88184	0.01793	0.00585	0.00878	0.01354	0.00585	0.01024	0.00695	0.00805	0.00476	0.00549	0.00439	0.00293	0.00219	0.00073	0.00366	0.00183	0.00146	0.00439
39	0.00880	0.74783	0.12791	0.00634	0.00955	0.01259	0.00670	0.01028	0.00699	0.00849	0.00497	0.00575	0.00440	0.00296	0.00234	0.00077	0.00381	0.00193	0.00147	0.02612
40	0.00879	0.00789	0.00801	0.00697	0.00876	0.13221	0.04687	0.16417	0.23146	0.03030	0.08747	0.02809	0.12865	0.00558	0.00377	0.00113	0.01206	0.08031	0.00308	0.00445
41	0.90395	0.00662	0.00503	0.00450	0.00662	0.00767	0.00370	0.01006	0.00582	0.01535	0.00476	0.00556	0.00370	0.00318	0.00212	0.00106	0.00265	0.00185	0.00212	0.00370
42	0.00417	0.00298	0.00397	0.00476	0.00496	0.00278	0.00318	0.00476	0.00655	0.00873	0.01885	0.87755	0.02262	0.01072	0.00437	0.00139	0.00198	0.00972	0.00318	0.00278
43	0.02094	0.00816	0.01151	0.00875	0.01143	0.06455	0.22167	0.19873	0.03691	0.32155	0.01001	0.02748	0.00707	0.00436	0.02037	0.00116	0.00413	0.00356	0.01246	0.00521
44	0.00489	0.00365	0.00542	0.00542	0.00601	0.00424	0.00418	0.00606	0.00548	0.00789	0.00923	0.01381	0.00871	0.06131	0.83079	0.00541	0.00892	0.00372	0.00184	0.00301
45	0.00415	0.00347	0.00361	0.00357	0.00468	0.00293	0.00268	0.00511	0.00804	0.00981	0.13996	0.03198	0.75139	0.00845	0.00404	0.00114	0.00172	0.00709	0.00325	0.00293
46	0.00638	0.00319	0.00319	0.00319	0.00399	0.00319	0.00239	0.00797	0.00717	0.01275	0.01116	0.01275	0.00877	0.00399	0.00239	0.00080	0.00159	0.00319	0.89877	0.00319
47	0.01025	0.00783	0.01472	0.01087	0.01367	0.00755	0.46307	0.01278	0.05021	0.27616	0.00934	0.02485	0.00672	0.00376	0.00438	0.00115	0.07128	0.00386	0.00261	0.00493
48	0.00851	0.00735	0.00773	0.00696	0.00890	0.00851	0.00541	0.01818	0.85226	0.01431	0.01392	0.01276	0.01044	0.00464	0.00348	0.00116	0.00271	0.00387	0.00348	0.00541
49	0.00518	0.00404	0.00605	0.00593	0.02427	0.00433	0.03578	0.00635	0.00581	0.00830	0.00987	0.08292	0.00976	0.09524	0.60799	0.00436	0.00735	0.01597	0.00198	0.05852
50	0.00726	0.16918	0.71408	0.00907	0.01375	0.00892	0.01145	0.01073	0.00717	0.01034	0.00590	0.00692	0.00434	0.00319	0.00306	0.00102	0.00481	0.00241	0.00145	0.00494
51	0.00646	0.00608	0.01026	0.87156	0.02356	0.00760	0.00950	0.00874	0.00684	0.00874	0.00608	0.00912	0.00456	0.00342	0.00342	0.00114	0.00456	0.00304	0.00152	0.00380
52	0.00497	0.00332	0.00373	0.00373	0.00373	0.00332	0.00207	0.00497	0.00497	0.00663	0.01078	0.02239	0.01244	0.87978	0.01741	0.00332	0.00332	0.00497	0.00207	0.00207
53	0.00892	0.00676	0.00809	0.00687	0.00845	0.00773	0.00555	0.39862	0.02822	0.01446	0.00868	0.02787	0.00731	0.01345	0.36715	0.00295	0.06839	0.00347	0.00261	0.00444
54	0.01154	0.00670	0.00908	0.00743	0.00889	0.00769	0.00615	0.03151	0.04971	0.42958	0.00948	0.00981	0.00678	0.00501	0.00683	0.00125	0.38140	0.00326	0.00299	0.00490
55	0.00482	0.00350	0.00455	0.00429	0.00510	0.00322	0.00321	0.00642	0.00964	0.01362	0.83940	0.02571	0.04957	0.00703	0.00403	0.00108	0.00162	0.00621	0.00375	0.00322
56	0.19905	0.00672	0.00763	0.00610	0.00855	0.00682	0.00500	0.15330	0.09486	0.44282	0.02794	0.01020	0.00772	0.00409	0.00318	0.00106	0.00295	0.00315	0.00357	0.00529
57	0.00794	0.00734	0.00853	0.00763	0.00929	0.11433	0.10659	0.08756	0.20104	0.01191	0.01430	0.07238	0.06154	0.00636	0.00397	0.00126	0.00365	0.26734	0.00291	0.00415
58	0.00462	0.00359	0.00421	0.00404	0.00501	0.00323	0.00303	0.00615	0.03206	0.01191	0.49873	0.02820	0.36758	0.00761	0.00402	0.00111	0.00169	0.00654	0.00352	0.00315
59	0.00417	0.00298	0.00397	0.00476	0.00496	0.00278	0.00318	0.00476	0.00655	0.00873	0.01885	0.87755	0.02262	0.01072	0.00437	0.00139	0.00198	0.00972	0.00318	0.00278
60	0.37791	0.00780	0.00825	0.02307	0.11846	0.02649	0.00577	0.23631	0.05801	0.07992	0.00712	0.00764	0.00529	0.00364	0.00303	0.00106	0.02023	0.00262	0.00262	0.00476
61	0.01000	0.08040	0.01224	0.01431	0.42087	0.29026	0.00834	0.03813	0.04378	0.01036	0.00632	0.00773	0.00528	0.00379	0.02060	0.00105	0.01719	0.00272	0.00183	0.00480
62	0.00551	0.00394	0.00551	0.00630	0.00709	0.00394	0.00551	0.00709	0.00787	0.01024	0.01811	0.03859	0.01969	0.00945	0.00472	0.00157	0.00315	0.83542	0.00315	0.00315
63	0.00480	0.00349	0.00447	0.00423	0.00502	0.00321	0.00314	0.00629	0.00937	0.01314	0.76883	0.02589	0.08412	0.04354	0.00459	0.00117	0.00169	0.00620	0.00366	0.00316
64	0.00738	0.13214	0.11465	0.00708	0.04385	0.08094	0.02347	0.04829	0.06704	0.04039	0.01347	0.28396	0.07665	0.00640	0.00361	0.00114	0.00333	0.03964	0.00257	0.00400
65	0.00931	0.00858	0.01597	0.01198	0.03163	0.00872	0.50613	0.11280	0.00881	0.09922	0.01654	0.00925	0.00580	0.00368	0.00496	0.00118	0.13480	0.00371	0.00218	0.00476
66	0.00422	0.00303	0.00402	0.00480	0.00504	0.00283	0.00326	0.00486	0.00663	0.00881	0.01918	0.82343	0.04137	0.01062	0.00437	0.00139	0.00203	0.04414	0.00317	0.00280
67	0.03135	0.00690	0.04138	0.00628	0.00835	0.00680	0.00521	0.23272	0.17372	0.16634	0.24846	0.01498	0.03236	0.00508	0.00358	0.00108	0.00279	0.00420	0.00356	0.00487
68	0.00742	0.04297	0.18958	0.06441	0.32887	0.00711	0.04371	0.02711	0.00787	0.03644	0.06371	0.06896	0.06980	0.00446	0.00353	0.00108	0.00383	0.02236	0.00210	0.00465

[dist]
# distance from previous block
# <min> <max>
0	34

[block]
# block no. 5 follows, 82 sequences, length 22
# corresponding to MSA columns:
# 617-632,667,668,674-677
name=unknown_F
#
# <colnr> <probs for GDERKNQSTAVLIFYWHMCP>
#	G	D	E	R	K	N	Q	S	T	A	V	L	I	F	Y	W	H	M	C	P
0	0.00869	0.09156	0.32694	0.00969	0.01330	0.04948	0.19727	0.08077	0.13331	0.04432	0.00775	0.00853	0.00572	0.00346	0.00338	0.00106	0.00461	0.00307	0.00210	0.00499
1	0.00760	0.00704	0.01072	0.00777	0.01077	0.00604	0.23403	0.04919	0.03529	0.01163	0.02030	0.00856	0.00591	0.02290	0.00338	0.00080	0.00348	0.00282	0.00209	0.54968
2	0.01156	0.00785	0.00878	0.00683	0.00945	0.00811	0.00557	0.41829	0.13325	0.16211	0.00962	0.00935	0.00687	0.00392	0.00325	0.00095	0.00320	0.00307	0.02281	0.16514
3	0.21209	0.00576	0.00679	0.00563	0.00765	0.00573	0.02618	0.03548	0.08122	0.31376	0.18154	0.01371	0.01244	0.02463	0.00360	0.00112	0.00267	0.02210	0.00336	0.03455
4	0.00646	0.00608	0.01026	0.87156	0.02356	0.00760	0.00950	0.00874	0.00684	0.00874	0.00608	0.00912	0.00456	0.00342	0.00342	0.00114	0.00456	0.00304	0.00152	0.00380
5	0.00417	0.00298	0.00397	0.00476	0.00496	0.00278	0.00318	0.00476	0.00655	0.00873	0.01885	0.87755	0.02262	0.01072	0.00437	0.00139	0.00198	0.00972	0.00318	0.00278
6	0.00417	0.00298	0.00397	0.00476	0.00496	0.00278	0.00318	0.00476	0.00655	0.00873	0.01885	0.87755	0.02262	0.01072	0.00437	0.00139	0.00198	0.00972	0.00318	0.00278
7	0.00832	0.00798	0.01362	0.08326	0.79733	0.00809	0.01043	0.01037	0.00772	0.01100	0.00641	0.00851	0.00536	0.00308	0.00339	0.00103	0.00410	0.00305	0.00168	0.00530
8	0.00748	0.00748	0.01048	0.00898	0.00898	0.01048	0.00748	0.00823	0.00524	0.00823	0.00449	0.00748	0.00449	0.00599	0.01123	0.00150	0.87352	0.00299	0.00150	0.00374
9	0.00473	0.00349	0.00441	0.00418	0.00504	0.00318	0.00314	0.00623	0.00941	0.01308	0.73949	0.02660	0.14983	0.00723	0.00404	0.00109	0.00163	0.00633	0.00368	0.00318
10	0.00470	0.00349	0.00438	0.00416	0.00502	0.00317	0.00312	0.00619	0.00935	0.01294	0.71301	0.02684	0.17640	0.00729	0.00404	0.00109	0.00163	0.00637	0.00366	0.00317
11	0.07215	0.00612	0.00988	0.80809	0.02232	0.00761	0.00908	0.00884	0.00677	0.00922	0.00598	0.00886	0.00450	0.00340	0.00332	0.00113	0.00442	0.00295	0.00156	0.00379
12	0.00638	0.00319	0.00319	0.00319	0.00399	0.00319	0.00239	0.00797	0.00717	0.01275	0.01116	0.01275	0.00877	0.00399	0.00239	0.00080	0.00159	0.00319	0.89877	0.00319
13	0.00490	0.00361	0.00524	0.00524	0.00577	0.00414	0.00396	0.00595	0.00542	0.00775	0.00939	0.01472	0.00911	0.14827	0.74438	0.00518	0.00832	0.00385	0.00187	0.00291
14	0.00470	0.00338	0.00439	0.00495	0.00534	0.00324	0.00345	0.04532	0.00730	0.00978	0.07963	0.73380	0.02239	0.01007	0.00431	0.00136	0.00210	0.04829	0.00323	0.00297
15	0.00646	0.00597	0.01000	0.83930	0.02283	0.00744	0.00924	0.00871	0.00685	0.00889	0.00627	0.00925	0.00472	0.00344	0.00338	0.00113	0.00445	0.00305	0.03485	0.00378
16	0.00421	0.00301	0.00402	0.00481	0.00503	0.00281	0.00325	0.00484	0.00659	0.00878	0.01883	0.85129	0.02253	0.01068	0.00438	0.00140	0.00202	0.03557	0.00317	0.00279
17	0.01287	0.00952	0.01019	0.00784	0.01056	0.01055	0.00647	0.82267	0.04066	0.02135	0.00838	0.00835	0.00595	0.00412	0.00342	0.00103	0.00373	0.00310	0.00342	0.00581
18	0.00884	0.76734	0.12977	0.00637	0.00958	0.01279	0.00675	0.01032	0.00699	0.00842	0.00494	0.00572	0.00438	0.00297	0.00233	0.00078	0.00384	0.00192	0.00146	0.00448
19	0.01240	0.10619	0.01055	0.00851	0.01039	0.77752	0.00653	0.01330	0.00941	0.00834	0.00523	0.00610	0.00440	0.00346	0.00299	0.00087	0.00591	0.00216	0.00173	0.00401
20	0.00821	0.00600	0.00699	0.00577	0.00780	0.02516	0.01488	0.15293	0.02738	0.09758	0.05808	0.23911	0.01180	0.00546	0.00340	0.00095	0.00271	0.00469	0.00291	0.31820
21	0.00669	0.03803	0.20260	0.62925	0.02077	0.00790	0.01000	0.00947	0.02546	0.00931	0.00622	0.00865	0.00463	0.00339	0.00334	0.00111	0.00460	0.00290	0.00154	0.00414

[dist]
# distance from previous block
# <min> <max>
0	20

[block]
# block no. 6 follows, 82 sequences, length 15
# corresponding to MSA columns:
# 698-712
name=unknown_G
#
# <colnr> <probs for GDERKNQSTAVLIFYWHMCP>
#	G	D	E	R	K	N	Q	S	T	A	V	L	I	F	Y	W	H	M	C	P
0	0.01535	0.00582	0.00794	0.00609	0.00873	0.00503	0.00503	0.01667	0.00979	0.86081	0.01350	0.01164	0.00847	0.00423	0.00344	0.00106	0.00291	0.00344	0.00423	0.00582
1	0.00655	0.00599	0.00986	0.72451	0.06691	0.00726	0.00888	0.02802	0.00709	0.00925	0.00718	0.07248	0.00604	0.00396	0.00347	0.00114	0.00427	0.00353	0.01976	0.00385
2	0.02321	0.01226	0.45065	0.20918	0.13331	0.00756	0.03479	0.00989	0.00717	0.01034	0.00702	0.06655	0.00578	0.00375	0.00339	0.00111	0.00457	0.00323	0.00163	0.00463
3	0.01248	0.00511	0.00694	0.00572	0.00776	0.00446	0.00455	0.01366	0.00909	0.64044	0.05067	0.19941	0.01254	0.00575	0.00367	0.00113	0.00266	0.00492	0.00399	0.00505
4	0.00417	0.00298	0.00397	0.00476	0.00496	0.00278	0.00318	0.00476	0.00655	0.00873	0.01885	0.87755	0.02262	0.01072	0.00437	0.00139	0.00198	0.00972	0.00318	0.00278
5	0.02504	0.00699	0.01126	0.53839	0.22957	0.03246	0.03903	0.00988	0.00735	0.05810	0.00657	0.00895	0.00500	0.00335	0.00340	0.00110	0.00439	0.00305	0.00174	0.00435
6	0.00839	0.00839	0.04333	0.01094	0.01366	0.05609	0.49533	0.01068	0.00842	0.10115	0.12383	0.03060	0.03986	0.00409	0.00410	0.00113	0.02894	0.00431	0.00234	0.00441
7	0.00628	0.00348	0.00380	0.00364	0.00455	0.00338	0.00275	0.02475	0.00804	0.03703	0.20738	0.01673	0.06246	0.00495	0.00291	0.00089	0.00169	0.00411	0.59785	0.00331
8	0.00417	0.00298	0.00397	0.00476	0.00496	0.00278	0.00318	0.00476	0.00655	0.00873	0.01885	0.87755	0.02262	0.01072	0.00437	0.00139	0.00198	0.00972	0.00318	0.00278
9	0.00709	0.00608	0.00709	0.00507	0.00811	0.00456	0.00405	0.00861	0.00709	0.01115	0.00608	0.00709	0.00507	0.00253	0.00253	0.00051	0.00253	0.00203	0.00203	0.90069
10	0.03060	0.37078	0.28902	0.04896	0.05310	0.04666	0.02465	0.01106	0.00742	0.07985	0.00613	0.00698	0.00477	0.00320	0.00283	0.00093	0.00423	0.00236	0.00173	0.00472
11	0.00842	0.00796	0.01417	0.01179	0.13522	0.00732	0.38107	0.05069	0.00816	0.05300	0.00694	0.00853	0.00536	0.00298	0.00357	0.00094	0.01982	0.00321	0.00201	0.26883
12	0.00417	0.00298	0.00397	0.00476	0.00496	0.00278	0.00318	0.00476	0.00655	0.00873	0.01885	0.87755	0.02262	0.01072	0.00437	0.00139	0.00198	0.00972	0.00318	0.00278
13	0.00713	0.00684	0.01182	0.57782	0.27053	0.00781	0.05063	0.00937	0.00718	0.00957	0.00623	0.00893	0.00484	0.00328	0.00344	0.00110	0.00447	0.00309	0.00158	0.00432
14	0.00915	0.88184	0.01793	0.00585	0.00878	0.01354	0.00585	0.01024	0.00695	0.00805	0.00476	0.00549	0.00439	0.00293	0.00219	0.00073	0.00366	0.00183	0.00146	0.00439

[dist]
# distance from previous block
# <min> <max>
0	1

[block]
# block no. 7 follows, 82 sequences, length 18
# corresponding to MSA columns:
# 714-720,722-732
name=unknown_H
#
# <colnr> <probs for GDERKNQSTAVLIFYWHMCP>
#	G	D	E	R	K	N	Q	S	T	A	V	L	I	F	Y	W	H	M	C	P
0	0.13603	0.02371	0.03597	0.00744	0.00973	0.23923	0.04272	0.17550	0.08207	0.16003	0.00867	0.04918	0.00669	0.00410	0.00320	0.00103	0.00406	0.00312	0.00276	0.00475
1	0.00868	0.00743	0.00783	0.00700	0.00896	0.00859	0.00545	0.04903	0.82114	0.01458	0.01371	0.01259	0.01027	0.00462	0.00348	0.00116	0.00275	0.00384	0.00348	0.00543
2	0.00497	0.00332	0.00373	0.00373	0.00373	0.00332	0.00207	0.00497	0.00497	0.00663	0.01078	0.02239	0.01244	0.87978	0.01741	0.00332	0.00332	0.00497	0.00207	0.00207
3	0.03422	0.00797	0.00918	0.00781	0.04954	0.04540	0.02110	0.30534	0.13761	0.28983	0.01068	0.02243	0.00762	0.00431	0.00357	0.00107	0.01863	0.01478	0.00344	0.00547
