[name]
unknown

[dist]
# distance from previous block
# <min> <max>
0	81

[block]
# block no. 0 follows, 69 sequences, length 9
# corresponding to MSA columns:
# 88-96
name=unknown_A
#
# <colnr> <probs for GDERKNQSTAVLIFYWHMCP>
#	G	D	E	R	K	N	Q	S	T	A	V	L	I	F	Y	W	H	M	C	P
0	0.03866	0.05949	0.00789	0.05309	0.08242	0.00607	0.00539	0.06977	0.03059	0.02574	0.23260	0.22668	0.11170	0.00790	0.00434	0.00131	0.00287	0.02581	0.00344	0.00422
1	0.02760	0.06925	0.13618	0.01023	0.07826	0.05298	0.10677	0.10813	0.02957	0.16822	0.04178	0.08670	0.00957	0.00489	0.00390	0.00119	0.00439	0.00424	0.00298	0.05317
2	0.00849	0.00773	0.01268	0.46547	0.20444	0.00843	0.05400	0.01122	0.03533	0.03633	0.00766	0.01023	0.00591	0.00374	0.00383	0.00118	0.00476	0.00345	0.00204	0.11308
3	0.00835	0.00634	0.00741	0.00662	0.00818	0.00687	0.00517	0.04192	0.28588	0.07840	0.26624	0.04112	0.13068	0.00700	0.00508	0.00133	0.07891	0.00576	0.00389	0.00486
4	0.00548	0.00577	0.10071	0.06200	0.00835	0.00439	0.00531	0.00683	0.00787	0.01048	0.05431	0.44585	0.12637	0.08631	0.00608	0.00169	0.00303	0.05243	0.00320	0.00355
5	0.08276	0.05915	0.13041	0.05458	0.05120	0.09285	0.09693	0.07217	0.03673	0.15675	0.02214	0.09622	0.00887	0.00498	0.00398	0.00124	0.01673	0.00418	0.00285	0.00530
6	0.01033	0.00794	0.01228	0.39037	0.23479	0.00875	0.00986	0.07895	0.05326	0.14138	0.00907	0.01084	0.00666	0.00409	0.00392	0.00125	0.00460	0.00361	0.00257	0.00549
7	0.00624	0.00543	0.00568	0.00585	0.00645	0.09531	0.02814	0.00694	0.00770	0.00966	0.01892	0.45839	0.09572	0.20114	0.00810	0.00197	0.00323	0.00835	0.02356	0.00324
8	0.00904	0.04342	0.13555	0.14759	0.04934	0.08225	0.14107	0.07357	0.03641	0.01239	0.00929	0.11717	0.00833	0.00494	0.00427	0.00123	0.03356	0.00435	0.00233	0.08390

[dist]
# distance from previous block
# <min> <max>
3	35

[block]
# block no. 1 follows, 69 sequences, length 15
# corresponding to MSA columns:
# 137-151
name=unknown_B
#
# <colnr> <probs for GDERKNQSTAVLIFYWHMCP>
#	G	D	E	R	K	N	Q	S	T	A	V	L	I	F	Y	W	H	M	C	P
0	0.00560	0.00420	0.00630	0.00630	0.00700	0.00490	0.00490	0.00700	0.00630	0.00910	0.01050	0.01540	0.00980	0.02940	0.84669	0.00630	0.01050	0.00420	0.00210	0.00350
1	0.00874	0.10239	0.65059	0.01030	0.01539	0.00959	0.01268	0.05596	0.00892	0.03945	0.00791	0.00996	0.00603	0.00410	0.00370	0.00122	0.00538	0.04004	0.00197	0.00569
2	0.06268	0.00672	0.00893	0.00688	0.00988	0.00592	0.00568	0.01871	0.01099	0.79795	0.01495	0.01298	0.00942	0.00479	0.00386	0.00121	0.00332	0.00385	0.00473	0.00655
3	0.04838	0.00837	0.01250	0.01044	0.01105	0.01092	0.10715	0.00960	0.00655	0.01023	0.00679	0.07520	0.00683	0.00671	0.01078	0.00164	0.64653	0.00412	0.00193	0.00432
4	0.00914	0.01033	0.02246	0.01615	0.01999	0.00970	0.79077	0.01238	0.00924	0.01252	0.00845	0.01192	0.00661	0.00361	0.00466	0.00134	0.00649	0.03696	0.00205	0.00522
5	0.02656	0.00729	0.04811	0.01051	0.11537	0.00682	0.13244	0.01123	0.12355	0.04162	0.01551	0.08803	0.04961	0.07386	0.00578	0.00164	0.00405	0.23034	0.00304	0.00464
6	0.00710	0.00486	0.00640	0.00629	0.00735	0.00520	0.00477	0.00977	0.13072	0.08910	0.01598	0.22611	0.05446	0.01827	0.39036	0.00366	0.00625	0.00614	0.00310	0.00412
7	0.00759	0.00725	0.01154	0.74311	0.06266	0.03441	0.01045	0.01004	0.00797	0.01013	0.00774	0.05589	0.00638	0.00435	0.00396	0.00131	0.00510	0.00387	0.00186	0.00438
8	0.00952	0.00765	0.00833	0.00745	0.00947	0.00858	0.00579	0.07079	0.59051	0.04571	0.13635	0.05476	0.01585	0.00597	0.00412	0.00131	0.00297	0.00505	0.00405	0.00575
9	0.00632	0.00474	0.00608	0.00676	0.07117	0.00455	0.00446	0.03413	0.05328	0.03652	0.21410	0.31768	0.17127	0.04408	0.00525	0.00148	0.00251	0.00804	0.00368	0.00391
10	0.01059	0.00555	0.00724	0.00627	0.00801	0.00544	0.00490	0.03326	0.07499	0.31996	0.14393	0.01836	0.04380	0.09175	0.20500	0.00267	0.00480	0.00485	0.00375	0.00489
11	0.01223	0.01023	0.00932	0.02261	0.01017	0.24092	0.02668	0.14586	0.07486	0.15918	0.01065	0.01363	0.00888	0.18602	0.04985	0.00197	0.00509	0.00391	0.00306	0.00490
12	0.00740	0.00697	0.01176	0.85280	0.02700	0.00871	0.01089	0.01002	0.00784	0.01002	0.00697	0.01045	0.00523	0.00392	0.00392	0.00131	0.00523	0.00348	0.00174	0.00436
13	0.00649	0.00506	0.00750	0.00700	0.00798	0.00568	0.04732	0.07102	0.00752	0.01058	0.01141	0.10724	0.01110	0.03838	0.61175	0.00498	0.02784	0.00494	0.00240	0.00380
14	0.00690	0.00550	0.00623	0.00591	0.00714	0.02757	0.01477	0.07075	0.11516	0.01356	0.23322	0.14276	0.17906	0.07510	0.00575	0.00154	0.00277	0.06750	0.01479	0.00403

[dist]
# distance from previous block
# <min> <max>
1	4

[block]
# block no. 2 follows, 69 sequences, length 6
# corresponding to MSA columns:
# 156-161
name=unknown_C
#
# <colnr> <probs for GDERKNQSTAVLIFYWHMCP>
#	G	D	E	R	K	N	Q	S	T	A	V	L	I	F	Y	W	H	M	C	P
0	0.04719	0.00915	0.04873	0.04587	0.04353	0.00859	0.26955	0.15214	0.03626	0.14707	0.01083	0.05956	0.00871	0.00480	0.00417	0.00127	0.00470	0.04687	0.00302	0.04798
1	0.07979	0.00993	0.04754	0.03978	0.30534	0.05418	0.05035	0.13896	0.01030	0.10706	0.00819	0.00951	0.00626	0.00411	0.00443	0.00120	0.06890	0.00336	0.00260	0.04822
2	0.01164	0.09068	0.04931	0.04458	0.27224	0.17005	0.11286	0.14611	0.01087	0.04365	0.00762	0.00905	0.00596	0.00383	0.00379	0.00114	0.00529	0.00332	0.00235	0.00568
3	0.00718	0.00506	0.00744	0.00749	0.05096	0.00582	0.00544	0.00780	0.00648	0.05513	0.01004	0.01398	0.03943	0.01880	0.40023	0.21581	0.13326	0.00400	0.00215	0.00350
4	0.10681	0.17581	0.08473	0.02372	0.04125	0.08589	0.08166	0.04355	0.04768	0.10953	0.00860	0.00932	0.02100	0.00392	0.00351	0.00106	0.01784	0.00306	0.00252	0.12855
5	0.01036	0.13251	0.31657	0.00897	0.01265	0.04190	0.03256	0.04041	0.04397	0.15841	0.00987	0.08034	0.00799	0.00480	0.00413	0.00120	0.04453	0.00378	0.00262	0.04243

[dist]
# distance from previous block
# <min> <max>
0	1

[block]
# block no. 3 follows, 69 sequences, length 29
# corresponding to MSA columns:
# 163-178,183-195
name=unknown_D
#
# <colnr> <probs for GDERKNQSTAVLIFYWHMCP>
#	G	D	E	R	K	N	Q	S	T	A	V	L	I	F	Y	W	H	M	C	P
0	0.01400	0.00597	0.00794	0.00661	0.00890	0.00536	0.00523	0.03255	0.03625	0.58055	0.01674	0.21366	0.01356	0.00662	0.00417	0.00130	0.00306	0.00565	0.02613	0.00576
1	0.00625	0.00535	0.00721	0.10880	0.06390	0.00529	0.03814	0.04508	0.04350	0.01180	0.06956	0.18496	0.37830	0.00843	0.00451	0.00135	0.00294	0.00734	0.00330	0.00398
2	0.00965	0.31561	0.35110	0.02438	0.02557	0.03645	0.02091	0.03368	0.01801	0.05174	0.00761	0.00950	0.00616	0.00397	0.00337	0.00109	0.00487	0.03698	0.00203	0.03732
3	0.00520	0.00387	0.00488	0.00549	0.00606	0.00367	0.00392	0.00654	0.04292	0.01081	0.06935	0.55048	0.13861	0.03335	0.00532	0.00160	0.00243	0.09843	0.00366	0.00338
4	0.00518	0.00368	0.00475	0.00539	0.00592	0.00339	0.00381	0.00610	0.00816	0.02658	0.08791	0.60896	0.13041	0.01139	0.00494	0.00154	0.00233	0.07250	0.00371	0.00334
5	0.00771	0.00591	0.00820	0.00810	0.06701	0.01416	0.04009	0.07608	0.07186	0.03512	0.01069	0.01524	0.00967	0.13316	0.41032	0.03306	0.02253	0.00426	0.02269	0.00415
6	0.02814	0.12792	0.07235	0.01992	0.08455	0.10989	0.10728	0.17944	0.01932	0.03894	0.00729	0.00877	0.00580	0.00450	0.00544	0.00124	0.16814	0.00328	0.00238	0.00540
7	0.62734	0.00738	0.00655	0.00564	0.00801	0.00822	0.00461	0.08474	0.00867	0.09373	0.10413	0.00997	0.00881	0.00436	0.00296	0.00121	0.00304	0.00300	0.00301	0.00462
8	0.01383	0.00712	0.00868	0.00695	0.00950	0.00687	0.00562	0.22799	0.01259	0.42631	0.06220	0.07614	0.10621	0.00610	0.00413	0.00124	0.00328	0.00501	0.00435	0.00587
9	0.02563	0.00788	0.10683	0.05506	0.05621	0.00681	0.09734	0.05058	0.05578	0.01207	0.01698	0.28038	0.12826	0.00768	0.00498	0.00141	0.05782	0.02097	0.00291	0.00442
10	0.00865	0.00733	0.07023	0.04231	0.06413	0.00671	0.02639	0.13717	0.05298	0.08072	0.05050	0.22485	0.07884	0.06884	0.03330	0.00169	0.02187	0.01554	0.00327	0.00468
11	0.00510	0.00355	0.00445	0.00505	0.00520	0.00340	0.00320	0.00554	0.00688	0.00918	0.01841	0.57147	0.02189	0.30599	0.01017	0.00236	0.00280	0.00926	0.00320	0.00290
12	0.00562	0.00402	0.00499	0.00541	0.00586	0.00394	0.00368	0.05229	0.00782	0.01038	0.01950	0.52901	0.06811	0.19224	0.04377	0.00223	0.00308	0.03147	0.00332	0.00324
13	0.04265	0.04734	0.15929	0.12244	0.20405	0.01981	0.12053	0.09577	0.07016	0.06756	0.00853	0.00994	0.00639	0.00392	0.00386	0.00122	0.00491	0.00352	0.00242	0.00571
14	0.01140	0.00990	0.10217	0.03485	0.03121	0.12677	0.00740	0.04133	0.02469	0.23550	0.05003	0.06801	0.02129	0.03435	0.02647	0.00151	0.14887	0.00425	0.01490	0.00510
15	0.31148	0.05653	0.09948	0.07358	0.19418	0.05619	0.07413	0.03310	0.00823	0.01398	0.00648	0.00815	0.00515	0.00378	0.00372	0.00121	0.04057	0.00292	0.00210	0.00506
16	0.00915	0.01155	0.12440	0.05400	0.02016	0.00968	0.67060	0.01254	0.00910	0.02748	0.00791	0.01033	0.00586	0.00341	0.00447	0.00131	0.00638	0.00435	0.00198	0.00533
17	0.19882	0.00771	0.03032	0.00820	0.01029	0.03494	0.14355	0.03387	0.04601	0.07209	0.11010	0.02322	0.01139	0.05521	0.10647	0.00202	0.05695	0.02512	0.00279	0.02090
18	0.37773	0.04777	0.00907	0.00708	0.00958	0.07374	0.06335	0.09029	0.06490	0.10748	0.03056	0.01029	0.01843	0.00432	0.00323	0.00118	0.00370	0.01148	0.06091	0.00494
19	0.01323	0.00980	0.04823	0.00809	0.01097	0.00998	0.00686	0.57896	0.01564	0.09048	0.01265	0.03429	0.06999	0.00525	0.00391	0.00119	0.00389	0.00410	0.06643	0.00607
20	0.46958	0.00727	0.00731	0.00604	0.00864	0.00763	0.00496	0.06744	0.00933	0.30945	0.05974	0.01043	0.00833	0.00441	0.00320	0.00121	0.00315	0.00316	0.00350	0.00523
21	0.10291	0.00739	0.00836	0.00685	0.00936	0.00756	0.00553	0.17549	0.14498	0.30657	0.06553	0.01576	0.10267	0.00553	0.00389	0.00123	0.00320	0.00442	0.01701	0.00575
22	0.01004	0.76409	0.04432	0.00680	0.01000	0.01447	0.00679	0.01143	0.00814	0.00975	0.06010	0.00791	0.00713	0.00375	0.00291	0.00090	0.02220	0.00248	0.00185	0.00495
23	0.00494	0.00369	0.00497	0.06107	0.00706	0.00356	0.00406	0.00577	0.00765	0.01006	0.02217	0.73469	0.09270	0.01153	0.00490	0.00155	0.00244	0.01040	0.00351	0.00327
24	0.08818	0.00662	0.00744	0.00633	0.00850	0.00674	0.00503	0.10194	0.16482	0.26183	0.04255	0.05479	0.10597	0.00581	0.00381	0.00122	0.00293	0.00472	0.11541	0.00535
25	0.03653	0.00734	0.04105	0.03071	0.02117	0.08640	0.04003	0.05499	0.07410	0.02774	0.04234	0.13475	0.13437	0.09414	0.00585	0.00159	0.00362	0.09803	0.06108	0.00415
26	0.00558	0.00435	0.00668	0.03226	0.00781	0.00446	0.06257	0.00673	0.00724	0.00984	0.01620	0.41455	0.01810	0.08239	0.24983	0.00311	0.00525	0.05669	0.00292	0.00342
27	0.00602	0.00393	0.00519	0.00554	0.00614	0.00379	0.00396	0.00695	0.00784	0.06482	0.08267	0.42659	0.05855	0.12385	0.10803	0.00240	0.00359	0.07331	0.00342	0.00343
28	0.00712	0.00453	0.00570	0.00561	0.00668	0.00426	0.00415	0.06148	0.00977	0.10676	0.22398	0.37184	0.12664	0.00954	0.00469	0.00141	0.00243	0.03549	0.00396	0.00397

[dist]
# distance from previous block
# <min> <max>
0	1

[block]
# block no. 4 follows, 69 sequences, length 10
# corresponding to MSA columns:
# 197-206
name=unknown_E
#
# <colnr> <probs for GDERKNQSTAVLIFYWHMCP>
#	G	D	E	R	K	N	Q	S	T	A	V	L	I	F	Y	W	H	M	C	P
0	0.03000	0.29853	0.35271	0.00978	0.03934	0.07440	0.04996	0.01229	0.02715	0.01118	0.00686	0.00820	0.00551	0.00512	0.05220	0.00139	0.00551	0.00280	0.00181	0.00527
1	0.00752	0.00528	0.00633	0.00555	0.00706	0.00510	0.00429	0.10350	0.04803	0.05262	0.52216	0.02434	0.08701	0.00706	0.00430	0.00118	0.00233	0.00607	0.04485	0.05542
2	0.00523	0.00381	0.00536	0.00585	0.00630	0.00399	0.00425	0.00624	0.00700	0.00961	0.01653	0.43678	0.01852	0.04939	0.36297	0.00368	0.00588	0.04237	0.00294	0.00331
3	0.04738	0.12974	0.26086	0.01052	0.09912	0.08936	0.04038	0.07539	0.04771	0.01325	0.05861	0.04317	0.00841	0.00436	0.00362	0.00113	0.00470	0.00352	0.00233	0.05642
4	0.00908	0.00987	0.10858	0.01491	0.30556	0.03700	0.13111	0.03091	0.09080	0.03817	0.06236	0.10866	0.01113	0.00517	0.00418	0.00127	0.00450	0.01869	0.00262	0.00544
5	0.07921	0.00995	0.05192	0.03459	0.06248	0.07639	0.06507	0.19419	0.08069	0.27667	0.01082	0.01074	0.00753	0.00446	0.00396	0.00121	0.01704	0.00359	0.00349	0.00601
6	0.19501	0.04641	0.26263	0.01050	0.09662	0.06893	0.03375	0.06875	0.03030	0.03486	0.03553	0.00905	0.00651	0.00424	0.00431	0.00124	0.08073	0.00309	0.00228	0.00526
7	0.01901	0.04029	0.05700	0.00636	0.00827	0.00623	0.00534	0.05763	0.10824	0.08874	0.15982	0.11711	0.17986	0.00770	0.01850	0.00136	0.03225	0.02922	0.00355	0.05354
8	0.03567	0.09702	0.14535	0.05463	0.20539	0.02384	0.04263	0.02242	0.04680	0.05255	0.05196	0.10123	0.00984	0.00483	0.00377	0.00116	0.00419	0.00420	0.00248	0.09003
9	0.00762	0.02129	0.00683	0.00559	0.00746	0.00461	0.02438	0.00929	0.00958	0.09603	0.31551	0.08477	0.07154	0.00644	0.00398	0.00108	0.00250	0.02192	0.07631	0.22326

[dist]
# distance from previous block
# <min> <max>
2	10

[block]
# block no. 5 follows, 69 sequences, length 11
# corresponding to MSA columns:
# 220-230
name=unknown_F
#
# <colnr> <probs for GDERKNQSTAVLIFYWHMCP>
#	G	D	E	R	K	N	Q	S	T	A	V	L	I	F	Y	W	H	M	C	P
0	0.13218	0.09223	0.20093	0.03090	0.03345	0.09763	0.06039	0.09709	0.00975	0.10822	0.00829	0.03532	0.00642	0.00412	0.00351	0.00113	0.00466	0.00322	0.00254	0.06801
1	0.00847	0.00831	0.01172	0.39140	0.25191	0.08876	0.00965	0.01055	0.00843	0.01085	0.00975	0.03983	0.05699	0.03030	0.00458	0.00132	0.02199	0.00401	0.02649	0.00472
2	0.00515	0.00368	0.00458	0.00515	0.00572	0.00335	0.00357	0.00596	0.00798	0.02986	0.04501	0.57298	0.21091	0.04554	0.00550	0.00161	0.00232	0.03421	0.00363	0.00329
3	0.12656	0.04025	0.00712	0.03120	0.00818	0.00619	0.00472	0.03895	0.09228	0.18105	0.11775	0.11921	0.14204	0.02512	0.00430	0.00132	0.00283	0.00559	0.04070	0.00465
4	0.05690	0.18386	0.09402	0.06828	0.16460	0.02615	0.14023	0.07258	0.11293	0.03149	0.00830	0.00952	0.00646	0.00385	0.00365	0.00116	0.00473	0.00338	0.00235	0.00557
5	0.00559	0.00405	0.00499	0.00546	0.00612	0.00386	0.00389	0.05541	0.00863	0.01149	0.05346	0.57480	0.14397	0.01091	0.00480	0.00150	0.00240	0.05443	0.04079	0.00348
6	0.03973	0.00412	0.00498	0.00523	0.00571	0.00416	0.00363	0.00627	0.00736	0.01010	0.06904	0.32487	0.13436	0.24397	0.03762	0.00230	0.04324	0.04704	0.00314	0.00314
7	0.06221	0.00895	0.03157	0.15276	0.06455	0.05203	0.02039	0.21912	0.04735	0.16613	0.06654	0.01228	0.03027	0.00482	0.00417	0.00123	0.03210	0.00385	0.00326	0.01644
8	0.04508	0.02809	0.05127	0.00853	0.10204	0.03345	0.02016	0.04867	0.00866	0.05913	0.01678	0.42618	0.05370	0.00952	0.03717	0.00160	0.00356	0.03898	0.00318	0.00424
9	0.00592	0.00422	0.00522	0.00554	0.00620	0.00416	0.00405	0.00741	0.05671	0.02525	0.05413	0.24507	0.11517	0.23065	0.03659	0.00229	0.00325	0.18150	0.00333	0.00336
10	0.14398	0.22405	0.04804	0.00729	0.03137	0.06515	0.00621	0.08137	0.00920	0.08157	0.00779	0.04100	0.00648	0.00393	0.00309	0.00096	0.00383	0.00288	0.00251	0.22928

[dist]
# distance from previous block
# <min> <max>
2	19

[block]
# block no. 6 follows, 69 sequences, length 16
# corresponding to MSA columns:
# 250-265
name=unknown_G
#
# <colnr> <probs for GDERKNQSTAVLIFYWHMCP>
#	G	D	E	R	K	N	Q	S	T	A	V	L	I	F	Y	W	H	M	C	P
0	0.04180	0.05247	0.00917	0.00642	0.00960	0.00710	0.00523	0.13187	0.05031	0.04835	0.04791	0.00971	0.00780	0.00367	0.00320	0.00080	0.00316	0.00288	0.00281	0.55574
1	0.03909	0.03439	0.27161	0.05336	0.01327	0.17534	0.00913	0.07896	0.12381	0.08353	0.00888	0.00972	0.00662	0.00492	0.00456	0.06676	0.00501	0.00320	0.00254	0.00530
2	0.00663	0.00595	0.00945	0.52801	0.05427	0.00690	0.00843	0.00865	0.00803	0.01034	0.03041	0.17479	0.10603	0.00637	0.00424	0.00136	0.00418	0.01945	0.00241	0.00407
3	0.02003	0.06701	0.11133	0.03401	0.32583	0.02009	0.02366	0.02259	0.00885	0.02080	0.07689	0.05618	0.01000	0.00504	0.02163	0.00122	0.00421	0.01647	0.04568	0.10848
4	0.01023	0.15592	0.01337	0.03732	0.18882	0.02760	0.06860	0.01512	0.27336	0.08343	0.03384	0.01251	0.02577	0.00451	0.00377	0.00118	0.00400	0.01341	0.00293	0.02432
5	0.00548	0.00381	0.00462	0.00482	0.00523	0.00371	0.00323	0.00620	0.00731	0.00995	0.11044	0.21119	0.09398	0.36089	0.07387	0.00276	0.00347	0.03969	0.04637	0.00299
6	0.09731	0.00497	0.01948	0.00513	0.00653	0.00456	0.00398	0.03490	0.00953	0.08034	0.25358	0.16751	0.24519	0.00824	0.00430	0.00130	0.00235	0.00701	0.03987	0.00393
7	0.06281	0.10468	0.10905	0.01029	0.09156	0.09474	0.05291	0.12738	0.20554	0.04989	0.03113	0.01116	0.00836	0.00447	0.00371	0.00119	0.00443	0.01814	0.00289	0.00567
8	0.13072	0.04567	0.11015	0.11949	0.14209	0.07713	0.02101	0.09522	0.04280	0.07657	0.00946	0.09563	0.00807	0.00483	0.00372	0.00123	0.00441	0.00397	0.00262	0.00523
9	0.05756	0.00595	0.00744	0.00661	0.00861	0.00568	0.00538	0.07625	0.03153	0.34480	0.04359	0.12727	0.08357	0.00746	0.00437	0.00139	0.00316	0.17017	0.00411	0.00510
10	0.00691	0.00699	0.03328	0.00600	0.00733	0.12702	0.00461	0.00906	0.09337	0.01143	0.10798	0.20690	0.30668	0.03495	0.00494	0.00141	0.00310	0.02077	0.00340	0.00386
11	0.03367	0.03755	0.04338	0.08283	0.18454	0.15586	0.09449	0.15539	0.05178	0.07870	0.00841	0.00959	0.00638	0.00408	0.00401	0.00118	0.02311	0.00341	0.00261	0.01905
12	0.00670	0.00345	0.00502	0.00502	0.00502	0.00345	0.00330	0.00517	0.00517	0.00689	0.00738	0.01333	0.00757	0.10070	0.01580	0.79541	0.00345	0.00364	0.00177	0.00177
13	0.01419	0.01005	0.01094	0.00861	0.01156	0.01104	0.00704	0.58833	0.17299	0.10683	0.01128	0.01081	0.00799	0.00484	0.00394	0.00121	0.00398	0.00374	0.00403	0.00658
14	0.03933	0.00860	0.01024	0.03609	0.12864	0.09368	0.05542	0.14900	0.05903	0.09621	0.07958	0.01800	0.11551	0.00579	0.00412	0.00125	0.00401	0.07032	0.02003	0.00516
15	0.07796	0.06107	0.04776	0.04652	0.44416	0.03653	0.04987	0.05587	0.03724	0.08053	0.00812	0.00959	0.00635	0.00376	0.00370	0.00116	0.00454	0.00336	0.00236	0.01956

[dist]
# distance from previous block
# <min> <max>
2	8

[block]
# block no. 7 follows, 69 sequences, length 9
# corresponding to MSA columns:
# 274-282
name=unknown_H
#
# <colnr> <probs for GDERKNQSTAVLIFYWHMCP>
#	G	D	E	R	K	N	Q	S	T	A	V	L	I	F	Y	W	H	M	C	P
0	0.00927	0.00834	0.01232	0.08835	0.35764	0.00818	0.03274	0.06741	0.07829	0.01348	0.00828	0.01032	0.00680	0.03396	0.00422	0.00113	0.00409	0.00336	0.00235	0.24946
1	0.00880	0.02191	0.03777	0.05381	0.04723	0.00621	0.04266	0.06058	0.05886	0.14044	0.01370	0.15452	0.02429	0.19505	0.09835	0.00241	0.00448	0.02143	0.00306	0.00442
2	0.88991	0.00758	0.00576	0.00516	0.00758	0.00879	0.00425	0.01152	0.00667	0.01759	0.00546	0.00637	0.00425	0.00364	0.00243	0.00121	0.00303	0.00212	0.00243	0.00425
3	0.01027	0.44104	0.04346	0.00836	0.01062	0.01370	0.00769	0.10833	0.00856	0.01125	0.00587	0.00751	0.00526	0.00473	0.00627	0.00119	0.29616	0.00275	0.00196	0.00500
4	0.00968	0.00751	0.00968	0.00837	0.09363	0.00645	0.03056	0.06801	0.00920	0.09218	0.00815	0.00916	0.00640	0.00345	0.00349	0.00081	0.02646	0.00282	0.03006	0.57394
5	0.05450	0.19343	0.15243	0.04800	0.09100	0.00906	0.03680	0.02112	0.01833	0.08548	0.03414	0.03830	0.02666	0.04052	0.07116	0.01580	0.02434	0.03163	0.00240	0.00491
6	0.00493	0.00353	0.00460	0.00534	0.00565	0.00331	0.00361	0.00566	0.00763	0.01016	0.05847	0.69408	0.05748	0.08039	0.00619	0.00175	0.00241	0.03808	0.00357	0.00316
7	0.00898	0.00933	0.01271	0.05778	0.01207	0.07004	0.06592	0.01012	0.00669	0.00970	0.00551	0.00872	0.00520	0.00625	0.01113	0.00162	0.68863	0.00345	0.00176	0.00438
8	0.00903	0.03801	0.01263	0.04767	0.13296	0.08650	0.14073	0.04130	0.06085	0.01137	0.00935	0.08026	0.00888	0.11927	0.00786	0.00167	0.16675	0.00450	0.01577	0.00464

[dist]
# distance from previous block
# <min> <max>
0	46

[block]
# block no. 8 follows, 69 sequences, length 9
# corresponding to MSA columns:
# 329-337
name=unknown_I
#
# <colnr> <probs for GDERKNQSTAVLIFYWHMCP>
#	G	D	E	R	K	N	Q	S	T	A	V	L	I	F	Y	W	H	M	C	P
0	0.00767	0.00555	0.02492	0.05333	0.09717	0.00522	0.00556	0.02589	0.02853	0.10672	0.24702	0.13860	0.09657	0.04213	0.05674	0.00170	0.00338	0.02348	0.02550	0.00433
1	0.00593	0.00416	0.00487	0.00482	0.00583	0.00378	0.00350	0.00726	0.03078	0.06051	0.20368	0.16340	0.34457	0.11177	0.00649	0.00165	0.00237	0.02738	0.00372	0.00355
2	0.48706	0.00716	0.00730	0.00600	0.00870	0.00739	0.00495	0.01503	0.00877	0.39762	0.01008	0.00959	0.00677	0.00420	0.00313	0.00121	0.00317	0.00296	0.00355	0.00537
3	0.03187	0.03081	0.10895	0.01131	0.11419	0.05612	0.12753	0.13737	0.10713	0.02822	0.02296	0.08834	0.04433	0.00595	0.02406	0.00140	0.02487	0.02644	0.00282	0.00533
4	0.00746	0.00646	0.00885	0.04568	0.22354	0.02900	0.00680	0.02720	0.10200	0.01289	0.15083	0.20510	0.07168	0.00750	0.00444	0.00136	0.00331	0.07808	0.00323	0.00460
5	0.00596	0.00405	0.00537	0.00566	0.00617	0.00413	0.00399	0.02859	0.00733	0.03970	0.01639	0.39938	0.01831	0.18068	0.22330	0.00321	0.00482	0.03658	0.00305	0.00334
6	0.00806	0.00419	0.00590	0.02378	0.00672	0.00405	0.00412	0.00807	0.00726	0.15381	0.06609	0.16822	0.03063	0.04770	0.08280	0.36334	0.00373	0.00541	0.00288	0.00324
7	0.00959	0.03367	0.26315	0.10374	0.22880	0.03918	0.06200	0.05305	0.02867	0.06802	0.00830	0.01033	0.00644	0.03548	0.03162	0.00147	0.00527	0.00347	0.00220	0.00557
8	0.08456	0.06038	0.49073	0.00987	0.04343	0.02520	0.01089	0.07357	0.00911	0.06827	0.03570	0.00975	0.00679	0.02881	0.00436	0.02280	0.00493	0.00315	0.00223	0.00547

[dist]
# distance from previous block
# <min> <max>
1	26

[block]
# block no. 9 follows, 69 sequences, length 17
# corresponding to MSA columns:
# 364-380
name=unknown_J
#
# <colnr> <probs for GDERKNQSTAVLIFYWHMCP>
#	G	D	E	R	K	N	Q	S	T	A	V	L	I	F	Y	W	H	M	C	P
0	0.01067	0.05584	0.11955	0.00995	0.04260	0.29935	0.06043	0.04119	0.00958	0.04127	0.05395	0.06358	0.00922	0.01764	0.04986	0.00152	0.08314	0.02357	0.00237	0.00473
1	0.02975	0.00455	0.00575	0.00549	0.00640	0.00470	0.00401	0.00807	0.05565	0.03451	0.18536	0.04992	0.04407	0.21798	0.28544	0.00351	0.00537	0.00541	0.00294	0.04111
2	0.00874	0.03104	0.12293	0.02844	0.01051	0.00718	0.05528	0.08754	0.05826	0.09101	0.05266	0.01447	0.03914	0.04500	0.24725	0.00277	0.02746	0.00416	0.03975	0.02641
3	0.00963	0.08725	0.31499	0.00937	0.01294	0.06837	0.06499	0.11719	0.01002	0.06378	0.02167	0.08849	0.03578	0.00579	0.01758	0.00134	0.00490	0.05805	0.00261	0.00525
4	0.01712	0.00743	0.00957	0.00733	0.01038	0.00688	0.00606	0.16022	0.01248	0.69758	0.01441	0.01265	0.00917	0.00483	0.00394	0.00121	0.00351	0.00387	0.00469	0.00667
5	0.00777	0.01377	0.42692	0.28503	0.06753	0.00886	0.03390	0.01125	0.00825	0.01171	0.04828	0.01019	0.00675	0.00410	0.00424	0.00128	0.03977	0.00340	0.00184	0.00517
6	0.00811	0.00801	0.02791	0.24967	0.11269	0.05368	0.08416	0.03884	0.00835	0.01116	0.02527	0.03963	0.04888	0.00887	0.14162	0.00210	0.08672	0.00415	0.00216	0.03802
7	0.00815	0.00795	0.01075	0.00940	0.00957	0.03272	0.00771	0.00906	0.00617	0.00931	0.00632	0.01034	0.00627	0.04651	0.14493	0.00251	0.66281	0.00362	0.00181	0.00409
8	0.00535	0.00372	0.00468	0.00505	0.00525	0.00372	0.00327	0.00583	0.00655	0.00881	0.01587	0.34393	0.01837	0.41290	0.11650	0.00322	0.00404	0.02724	0.00285	0.00285
9	0.00528	0.00400	0.00536	0.00574	0.00641	0.00377	0.02580	0.00666	0.03585	0.01127	0.13340	0.53925	0.11587	0.01085	0.00490	0.00151	0.00244	0.07448	0.00370	0.00346
10	0.00716	0.00529	0.00727	0.06566	0.00877	0.00598	0.00551	0.04849	0.00799	0.06987	0.02840	0.43900	0.01705	0.01164	0.09905	0.00206	0.15626	0.00751	0.00310	0.00393
11	0.35827	0.00904	0.00883	0.00716	0.00989	0.01009	0.00588	0.38991	0.06197	0.06173	0.00867	0.00890	0.00630	0.00433	0.00330	0.00119	0.00361	0.00306	0.03230	0.00559
12	0.07321	0.14505	0.01153	0.05290	0.06100	0.05251	0.03351	0.06829	0.34780	0.04283	0.01114	0.01130	0.00852	0.00447	0.00355	0.00118	0.00380	0.00358	0.05829	0.00555
13	0.01012	0.37135	0.08642	0.03999	0.13394	0.08350	0.04504	0.04997	0.00871	0.01094	0.00680	0.02587	0.00606	0.03159	0.00457	0.00117	0.07387	0.00305	0.00193	0.00511
14	0.31826	0.19492	0.13732	0.11012	0.04568	0.01010	0.00763	0.02687	0.00773	0.01335	0.00660	0.00876	0.00550	0.02022	0.00354	0.00120	0.02090	0.02307	0.00208	0.03615
15	0.01183	0.12315	0.12719	0.01061	0.09119	0.01102	0.06168	0.38265	0.03746	0.03652	0.00898	0.03218	0.00704	0.02545	0.00417	0.00122	0.00454	0.00360	0.00296	0.01656
16	0.18210	0.00734	0.02479	0.00708	0.02923	0.02809	0.00560	0.10083	0.04498	0.26518	0.08357	0.11177	0.01277	0.00587	0.00384	0.00126	0.00329	0.04025	0.00370	0.03845

[dist]
# distance from previous block
# <min> <max>
0	3

[block]
# block no. 10 follows, 69 sequences, length 7
# corresponding to MSA columns:
# 392-398
name=unknown_K
#
# <colnr> <probs for GDERKNQSTAVLIFYWHMCP>
#	G	D	E	R	K	N	Q	S	T	A	V	L	I	F	Y	W	H	M	C	P
0	0.00559	0.00377	0.00493	0.00525	0.00569	0.00392	0.00369	0.00656	0.00691	0.01000	0.01507	0.31340	0.01628	0.16542	0.27781	0.00339	0.00512	0.00682	0.13719	0.00322
1	0.13222	0.00644	0.00761	0.00631	0.00862	0.00627	0.00507	0.07006	0.06978	0.37961	0.15967	0.04564	0.07427	0.00589	0.00394	0.00124	0.00295	0.00481	0.00417	0.00542
2	0.01047	0.16188	0.14071	0.06507	0.09420	0.15989	0.07032	0.05852	0.05541	0.04483	0.03134	0.02302	0.02982	0.00444	0.00387	0.00116	0.02087	0.01658	0.00235	0.00523
3	0.00588	0.00420	0.00556	0.00615	0.00676	0.00421	0.00474	0.00744	0.04689	0.01086	0.05802	0.28899	0.02181	0.11451	0.04232	0.02725	0.00339	0.33421	0.00340	0.00340
4	0.00609	0.00655	0.13650	0.00656	0.00792	0.00472	0.00574	0.00779	0.02527	0.03312	0.01884	0.47251	0.06325	0.03852	0.00538	0.00158	0.02373	0.09280	0.03932	0.00382
5	0.00620	0.00448	0.00617	0.00641	0.04141	0.00471	0.00448	0.00749	0.05204	0.01075	0.19595	0.07001	0.06854	0.05822	0.24374	0.17995	0.02788	0.00540	0.00280	0.00338
6	0.03633	0.14651	0.39661	0.01054	0.01487	0.03407	0.14517	0.03804	0.03248	0.05636	0.00781	0.00908	0.00585	0.00496	0.04353	0.00142	0.00560	0.00321	0.00208	0.00549

[dist]
# distance from previous block
# <min> <max>
5	19

[block]
# block no. 11 follows, 69 sequences, length 12
# corresponding to MSA columns:
# 424-435
name=unknown_L
#
# <colnr> <probs for GDERKNQSTAVLIFYWHMCP>
#	G	D	E	R	K	N	Q	S	T	A	V	L	I	F	Y	W	H	M	C	P
0	0.01008	0.11525	0.28039	0.03631	0.01306	0.07546	0.02746	0.08901	0.13836	0.07029	0.02787	0.05991	0.00894	0.00489	0.00380	0.00122	0.00463	0.02484	0.00271	0.00550
1	0.00952	0.00586	0.00741	0.00662	0.04084	0.00531	0.00492	0.07536	0.01036	0.20193	0.21792	0.06808	0.10272	0.03218	0.02559	0.00135	0.00302	0.01918	0.00373	0.15809
2	0.26829	0.26952	0.04509	0.00668	0.00958	0.01044	0.00607	0.06454	0.00861	0.12255	0.00735	0.00798	0.00569	0.00392	0.00345	0.00106	0.05260	0.00260	0.01990	0.08407
3	0.00709	0.11347	0.09165	0.04502	0.00913	0.00661	0.00594	0.03416	0.05533	0.02942	0.10628	0.29022	0.08298	0.02210	0.00469	0.00139	0.01756	0.05287	0.00316	0.02093
4	0.00557	0.00394	0.00489	0.00489	0.00523	0.00410	0.00323	0.00611	0.00618	0.00834	0.01422	0.02349	0.08653	0.52225	0.28021	0.00437	0.00576	0.00546	0.00240	0.00282
5	0.00865	0.00460	0.00574	0.00532	0.00667	0.00411	0.00396	0.00972	0.00907	0.24407	0.10310	0.19793	0.21142	0.11574	0.00640	0.00165	0.00267	0.02572	0.02926	0.00417
6	0.10899	0.00819	0.05650	0.00726	0.00989	0.00771	0.00615	0.22350	0.05819	0.28547	0.08785	0.09939	0.01233	0.00569	0.00393	0.00125	0.00344	0.00463	0.00394	0.00570
7	0.00777	0.00864	0.07555	0.56230	0.02382	0.00878	0.19503	0.01065	0.00834	0.01103	0.04490	0.01118	0.00682	0.00395	0.00410	0.00130	0.00543	0.00386	0.00191	0.00464
8	0.17847	0.00589	0.00691	0.00612	0.00810	0.00573	0.00480	0.01298	0.05821	0.32795	0.04879	0.22375	0.04008	0.00691	0.00399	0.00132	0.00290	0.02944	0.00389	0.02379
9	0.00551	0.00424	0.00506	0.00481	0.00593	0.00392	0.00362	0.00761	0.05571	0.01421	0.55072	0.03102	0.27628	0.00844	0.00459	0.00127	0.00196	0.00730	0.00409	0.00372
10	0.00514	0.00368	0.00447	0.00492	0.00529	0.00347	0.00325	0.00573	0.00731	0.00957	0.04497	0.41597	0.14149	0.28186	0.00971	0.00225	0.00276	0.04193	0.00326	0.00298
11	0.08160	0.01127	0.01357	0.01037	0.01352	0.22262	0.26350	0.03781	0.00954	0.03856	0.00726	0.00869	0.00568	0.00350	0.00363	0.00101	0.00521	0.00317	0.00228	0.25723

[dist]
# distance from previous block
# <min> <max>
7	18

[block]
# block no. 12 follows, 69 sequences, length 12
# corresponding to MSA columns:
# 456-467
name=unknown_M
#
# <colnr> <probs for GDERKNQSTAVLIFYWHMCP>
#	G	D	E	R	K	N	Q	S	T	A	V	L	I	F	Y	W	H	M	C	P
0	0.09464	0.07501	0.00851	0.00655	0.00845	0.03198	0.00515	0.11610	0.11180	0.14674	0.01236	0.05803	0.02316	0.16190	0.06244	0.01960	0.00406	0.02979	0.00320	0.02053
1	0.01527	0.00614	0.00828	0.00653	0.00910	0.00537	0.00527	0.01672	0.01083	0.68021	0.11760	0.01618	0.01342	0.06430	0.00513	0.00139	0.00318	0.00446	0.00461	0.00600
2	0.00922	0.00982	0.06260	0.10390	0.08333	0.14399	0.06395	0.06796	0.07568	0.01191	0.03631	0.08765	0.00973	0.06127	0.06049	0.02018	0.08047	0.00443	0.00246	0.00464
3	0.00886	0.08778	0.19701	0.09192	0.11084	0.02637	0.04090	0.05990	0.08259	0.03628	0.09000	0.06330	0.03395	0.00517	0.00438	0.00125	0.04743	0.00430	0.00259	0.00520
4	0.03687	0.00628	0.00734	0.00632	0.00817	0.00635	0.00491	0.12816	0.11548	0.23795	0.09017	0.09015	0.01412	0.09879	0.00567	0.00151	0.00307	0.02045	0.11315	0.00506
5	0.00695	0.00518	0.00696	0.00732	0.08082	0.00518	0.03305	0.07515	0.00824	0.02788	0.07582	0.16812	0.06488	0.34002	0.07486	0.00267	0.00400	0.00634	0.00292	0.00365
6	0.10798	0.08792	0.11133	0.07095	0.08115	0.07644	0.12357	0.05421	0.13641	0.01328	0.00891	0.04468	0.00732	0.00499	0.01934	0.01644	0.02378	0.00370	0.00242	0.00517
7	0.00922	0.03228	0.10323	0.09127	0.06731	0.03502	0.02021	0.10369	0.15796	0.05051	0.02549	0.09488	0.07323	0.00609	0.00483	0.02105	0.05464	0.02077	0.02324	0.00508
8	0.00643	0.00410	0.00527	0.00517	0.00562	0.00425	0.00349	0.00702	0.00638	0.06558	0.01251	0.06971	0.01320	0.48909	0.28104	0.00429	0.00581	0.00542	0.00253	0.00308
9	0.02434	0.00586	0.00671	0.00641	0.00783	0.00621	0.00480	0.01323	0.32853	0.09370	0.06585	0.26241	0.04187	0.05105	0.00510	0.00151	0.00277	0.02565	0.04144	0.00474
10	0.01067	0.05683	0.13014	0.04958	0.15289	0.04793	0.06655	0.16392	0.11289	0.07438	0.01051	0.08762	0.00871	0.00490	0.00395	0.00123	0.00450	0.00422	0.00287	0.00570
11	0.02450	0.00930	0.09784	0.13528	0.18923	0.04241	0.06192	0.04763	0.03854	0.08827	0.01094	0.06007	0.04307	0.02417	0.01781	0.00139	0.03749	0.02009	0.01642	0.03364

[dist]
# distance from previous block
# <min> <max>
6	38

[block]
# block no. 13 follows, 69 sequences, length 11
# corresponding to MSA columns:
# 513-523
name=unknown_N
#
# <colnr> <probs for GDERKNQSTAVLIFYWHMCP>
#	G	D	E	R	K	N	Q	S	T	A	V	L	I	F	Y	W	H	M	C	P
0	0.00738	0.08276	0.04219	0.00986	0.09372	0.00730	0.13685	0.03276	0.00796	0.01086	0.02334	0.16452	0.03821	0.04944	0.20096	0.02347	0.04160	0.02012	0.00243	0.00426
1	0.00916	0.11507	0.03120	0.05372	0.03032	0.00783	0.07235	0.07855	0.00915	0.02637	0.00768	0.00969	0.00639	0.00353	0.00328	0.00084	0.00375	0.03053	0.00238	0.49819
2	0.00710	0.07128	0.07233	0.00873	0.11180	0.00633	0.03313	0.07278	0.00889	0.01187	0.04788	0.35815	0.11101	0.03304	0.00510	0.02279	0.00331	0.00723	0.00304	0.00422
3	0.00490	0.00356	0.00460	0.00529	0.00571	0.00330	0.00363	0.00572	0.00795	0.01053	0.08814	0.65997	0.11253	0.03117	0.00529	0.00159	0.00229	0.03693	0.00366	0.00323
4	0.01468	0.01772	0.01119	0.00996	0.01212	0.74219	0.00756	0.11678	0.01203	0.01148	0.00648	0.00736	0.00525	0.00412	0.00358	0.00103	0.00673	0.00265	0.00226	0.00481
5	0.00682	0.00471	0.00533	0.00501	0.00545	0.00489	0.00318	0.10814	0.00737	0.00988	0.01213	0.04507	0.01337	0.68732	0.06251	0.00355	0.00419	0.00549	0.00259	0.00299
6	0.00603	0.00438	0.00593	0.00608	0.00688	0.00420	0.04228	0.03721	0.03907	0.03557	0.02128	0.61984	0.08987	0.01060	0.00477	0.00150	0.00259	0.02147	0.03679	0.00366
7	0.07454	0.00795	0.01418	0.01091	0.01304	0.01772	0.36803	0.02503	0.01901	0.02092	0.00774	0.01118	0.00658	0.04081	0.02861	0.20023	0.10145	0.00398	0.02394	0.00414
8	0.00667	0.00401	0.00518	0.00543	0.00607	0.00376	0.00377	0.00743	0.00778	0.11352	0.03627	0.46590	0.05910	0.18707	0.02885	0.00211	0.00297	0.04712	0.00350	0.00350
9	0.00664	0.00601	0.10980	0.00634	0.00765	0.00436	0.00526	0.00817	0.02682	0.09736	0.04743	0.59834	0.04023	0.01008	0.00469	0.00148	0.00282	0.00900	0.00355	0.00396
10	0.00651	0.00484	0.00566	0.00559	0.00660	0.00472	0.00403	0.13178	0.00968	0.01279	0.09614	0.41271	0.18395	0.07035	0.00574	0.00158	0.00261	0.00846	0.00363	0.02262

[dist]
# distance from previous block
# <min> <max>
0	1

[block]
# block no. 14 follows, 69 sequences, length 6
# corresponding to MSA columns:
# 525-527,530-532
name=unknown_O
#
# <colnr> <probs for GDERKNQSTAVLIFYWHMCP>
#	G	D	E	R	K	N	Q	S	T	A	V	L	I	F	Y	W	H	M	C	P
0	0.01163	0.00678	0.00796	0.00686	0.00903	0.00695	0.00539	0.05125	0.31594	0.29658	0.05405	0.09130	0.04573	0.00601	0.00403	0.00127	0.00297	0.00505	0.06551	0.00571
1	0.00672	0.00411	0.00469	0.00451	0.00571	0.00369	0.00339	0.00810	0.00927	0.09175	0.18571	0.10443	0.32284	0.00798	0.00414	0.00122	0.00208	0.00676	0.21914	0.00378
2	0.00956	0.11662	0.14543	0.03273	0.07321	0.00990	0.36500	0.01264	0.03354	0.06958	0.00847	0.01081	0.00661	0.00475	0.03259	0.00142	0.03705	0.02255	0.00218	0.00536
3	0.09134	0.00933	0.04351	0.18734	0.10541	0.06744	0.02705	0.12429	0.15917	0.04358	0.02985	0.01154	0.00804	0.04559	0.00481	0.00137	0.02863	0.00369	0.00276	0.00526
4	0.34863	0.03211	0.09463	0.07704	0.20883	0.04284	0.03792	0.01259	0.02748	0.07366	0.00727	0.00855	0.00555	0.00376	0.00329	0.00120	0.00422	0.00293	0.00234	0.00517
5	0.02691	0.09823	0.08626	0.05518	0.23801	0.15433	0.03549	0.03131	0.02800	0.05377	0.00726	0.00886	0.00586	0.00411	0.00466	0.00116	0.10303	0.00312	0.00214	0.05231

[dist]
# distance from previous block
# <min> <max>
2	21

[block]
# block no. 15 follows, 69 sequences, length 13
# corresponding to MSA columns:
# 554-566
name=unknown_P
#
# <colnr> <probs for GDERKNQSTAVLIFYWHMCP>
#	G	D	E	R	K	N	Q	S	T	A	V	L	I	F	Y	W	H	M	C	P
0	0.02908	0.03881	0.03410	0.02904	0.04910	0.03475	0.04827	0.08390	0.06313	0.04909	0.14471	0.23407	0.01760	0.04036	0.05865	0.00174	0.00389	0.03200	0.00327	0.00444
1	0.00576	0.00383	0.00479	0.00483	0.00498	0.00397	0.00305	0.00590	0.00583	0.00792	0.01175	0.05291	0.01301	0.57185	0.19195	0.09232	0.00511	0.00536	0.00230	0.00257
2	0.00885	0.02468	0.01132	0.17379	0.14974	0.00817	0.07616	0.07597	0.16193	0.04157	0.07708	0.09952	0.03337	0.00570	0.00420	0.00131	0.00400	0.03452	0.00300	0.00513
3	0.01020	0.03560	0.05307	0.07143	0.06755	0.12864	0.08954	0.09144	0.03969	0.10358	0.13877	0.05105	0.07395	0.02269	0.00441	0.00127	0.00431	0.00475	0.00307	0.00497
4	0.00487	0.00348	0.00466	0.00557	0.00584	0.00327	0.00381	0.00563	0.00760	0.01012	0.02155	0.80753	0.02571	0.01219	0.00503	0.00161	0.00236	0.06230	0.00364	0.00321
5	0.00789	0.00642	0.00907	0.05222	0.24860	0.02187	0.02591	0.01040	0.06602	0.01297	0.07486	0.01653	0.07452	0.03515	0.04509	0.00149	0.01980	0.02065	0.24593	0.00460
6	0.14442	0.09617	0.20739	0.02848	0.08682	0.05275	0.05984	0.12307	0.05487	0.06484	0.00888	0.01010	0.02220	0.00419	0.00358	0.00119	0.00461	0.01855	0.00255	0.00550
7	0.00878	0.00895	0.04168	0.13765	0.17232	0.01898	0.21965	0.03870	0.05327	0.01202	0.00855	0.04807	0.00732	0.02370	0.01975	0.01775	0.12945	0.00420	0.02421	0.00499
8	0.00560	0.00420	0.00630	0.00630	0.00700	0.00490	0.00490	0.00700	0.00630	0.00910	0.01050	0.01540	0.00980	0.02940	0.84669	0.00630	0.01050	0.00420	0.00210	0.00350
9	0.04173	0.02942	0.04562	0.03114	0.09618	0.00863	0.17379	0.17311	0.02311	0.21210	0.01053	0.05129	0.00803	0.01637	0.00419	0.00123	0.00441	0.00407	0.00317	0.06188
10	0.10893	0.04928	0.08689	0.07994	0.05974	0.03716	0.05284	0.12439	0.09700	0.03998	0.03068	0.02731	0.04117	0.00442	0.00361	0.00112	0.00404	0.00361	0.00275	0.14514
11	0.01061	0.05124	0.07646	0.01006	0.06343	0.03905	0.11745	0.25830	0.04352	0.04071	0.01002	0.05185	0.00859	0.08530	0.03183	0.00161	0.02990	0.01885	0.02510	0.02612
12	0.05635	0.06041	0.00754	0.00619	0.00783	0.00600	0.02651	0.09820	0.02621	0.11620	0.02105	0.28645	0.20401	0.00880	0.01871	0.00144	0.00305	0.03715	0.00357	0.00434

[dist]
# distance from previous block
# <min> <max>
0	6

[block]
# block no. 16 follows, 69 sequences, length 16
# corresponding to MSA columns:
# 574-589
name=unknown_Q
#
# <colnr> <probs for GDERKNQSTAVLIFYWHMCP>
#	G	D	E	R	K	N	Q	S	T	A	V	L	I	F	Y	W	H	M	C	P
0	0.04283	0.08647	0.16197	0.02284	0.08410	0.09434	0.00833	0.14218	0.02966	0.11066	0.01017	0.06528	0.00854	0.00509	0.00406	0.00122	0.03184	0.04680	0.03822	0.00539
1	0.00610	0.00419	0.00571	0.00559	0.00614	0.00449	0.00408	0.02654	0.00692	0.00950	0.08574	0.03735	0.08372	0.12750	0.33686	0.21146	0.02773	0.00493	0.00244	0.00303
2	0.02372	0.07644	0.08884	0.08260	0.08738	0.13667	0.06380	0.07811	0.07048	0.05796	0.02867	0.10998	0.04851	0.00538	0.00404	0.00122	0.01513	0.00451	0.00270	0.01387
3	0.06947	0.05637	0.27444	0.01103	0.08567	0.02677	0.11906	0.07326	0.02535	0.12736	0.02813	0.01145	0.03202	0.00430	0.00382	0.00121	0.00476	0.02035	0.00261	0.02256
4	0.02835	0.00750	0.07931	0.00835	0.05821	0.00644	0.04046	0.06468	0.02140	0.21429	0.01156	0.07369	0.00963	0.03729	0.23505	0.00265	0.00567	0.00429	0.00301	0.08816
5	0.00491	0.00355	0.00462	0.00534	0.00572	0.00330	0.00366	0.00573	0.00790	0.01050	0.08739	0.68045	0.08623	0.03548	0.00538	0.00161	0.00231	0.03905	0.00366	0.00323
6	0.01121	0.28099	0.21663	0.00883	0.01244	0.10359	0.05090	0.06170	0.04049	0.12569	0.02958	0.02597	0.00729	0.00417	0.00347	0.00110	0.00478	0.00320	0.00249	0.00547
7	0.02586	0.03995	0.11062	0.11363	0.19250	0.03336	0.10328	0.04144	0.04983	0.01209	0.02512	0.03127	0.00884	0.07544	0.08045	0.00191	0.00532	0.04189	0.00228	0.00494
8	0.00475	0.00379	0.00425	0.00453	0.00546	0.00330	0.00325	0.00570	0.00862	0.01077	0.09069	0.30551	0.51449	0.01056	0.00475	0.00140	0.00207	0.00913	0.00369	0.00330
9	0.71769	0.00780	0.03095	0.00564	0.00826	0.00830	0.00480	0.01282	0.00748	0.15539	0.00718	0.00759	0.00518	0.00385	0.00272	0.00121	0.00316	0.00245	0.00281	0.00470
10	0.00846	0.01195	0.22684	0.07815	0.08814	0.02458	0.32799	0.01201	0.04928	0.01236	0.03665	0.04194	0.03797	0.00437	0.00440	0.00130	0.02181	0.00438	0.00217	0.00524
11	0.00637	0.00703	0.15647	0.00647	0.00831	0.00470	0.00602	0.00815	0.00873	0.05989	0.07766	0.24782	0.23011	0.00916	0.00466	0.00145	0.00310	0.14652	0.00339	0.00400
12	0.00568	0.00407	0.00578	0.00575	0.00631	0.00452	0.00426	0.00670	0.00655	0.00929	0.08288	0.01828	0.01283	0.17641	0.58106	0.05123	0.00817	0.00468	0.00232	0.00322
13	0.00569	0.00381	0.00436	0.00442	0.00446	0.00381	0.00256	0.00578	0.00588	0.00783	0.01296	0.05319	0.01493	0.80386	0.01894	0.00366	0.00374	0.03520	0.00246	0.00245
14	0.53032	0.05642	0.02553	0.00666	0.00906	0.18979	0.00547	0.01281	0.00809	0.07655	0.00683	0.03185	0.00553	0.00410	0.00305	0.00117	0.01711	0.00264	0.00249	0.00454
15	0.00529	0.00450	0.03193	0.00472	0.00598	0.00364	0.00369	0.00658	0.00930	0.03145	0.23075	0.14946	0.47970	0.00947	0.00464	0.00133	0.00215	0.00811	0.00377	0.00355

[dist]
# distance from previous block
# <min> <max>
7	15

[block]
# block no. 17 follows, 69 sequences, length 10
# corresponding to MSA columns:
# 605-610,620-623
name=unknown_R
#
# <colnr> <probs for GDERKNQSTAVLIFYWHMCP>
#	G	D	E	R	K	N	Q	S	T	A	V	L	I	F	Y	W	H	M	C	P
0	0.00526	0.00370	0.00454	0.00502	0.00530	0.00355	0.00331	0.00579	0.00702	0.00924	0.01923	0.39916	0.08214	0.34939	0.01094	0.00247	0.00297	0.07493	0.00314	0.00291
1	0.43030	0.04542	0.04073	0.00760	0.01017	0.00856	0.13095	0.07083	0.00833	0.05766	0.00850	0.03778	0.00741	0.07782	0.00472	0.00147	0.00391	0.04064	0.00262	0.00458
2	0.08691	0.36023	0.03998	0.00822	0.01100	0.34555	0.00711	0.05793	0.03083	0.01121	0.00623	0.00705	0.00524	0.00379	0.00307	0.00098	0.00527	0.00243	0.00206	0.00491
3	0.00535	0.00386	0.00503	0.00576	0.00628	0.00369	0.00430	0.00635	0.00794	0.01036	0.02205	0.43407	0.09932	0.10093	0.00667	0.00187	0.00284	0.26657	0.00350	0.00325
4	0.00554	0.00401	0.00523	0.00587	0.00652	0.00385	0.00455	0.00671	0.00828	0.01081	0.06170	0.29594	0.11450	0.10349	0.00674	0.00187	0.00295	0.34461	0.00352	0.00331
5	0.15429	0.04203	0.04942	0.01098	0.07674	0.11468	0.16754	0.21942	0.03028	0.08543	0.00832	0.00917	0.00614	0.00402	0.00371	0.00119	0.00488	0.00337	0.00281	0.00560
6	0.21543	0.03101	0.01069	0.04136	0.01169	0.08165	0.04616	0.41769	0.03782	0.01935	0.00868	0.04573	0.00684	0.00462	0.00359	0.00120	0.00427	0.00350	0.00317	0.00557
7	0.00525	0.00374	0.00459	0.00508	0.00545	0.00356	0.00345	0.00587	0.00726	0.00948	0.02074	0.38223	0.12522	0.29467	0.00998	0.00232	0.00290	0.10201	0.00322	0.00298
8	0.00591	0.00450	0.00500	0.00534	0.00574	0.04046	0.00368	0.00652	0.00720	0.00923	0.01766	0.22800	0.07253	0.40737	0.01196	0.00262	0.00342	0.15694	0.00297	0.00295
