[name]
unknown

[dist]
# distance from previous block
# <min> <max>
15	155

[block]
# block no. 0 follows, 83 sequences, length 13
# corresponding to MSA columns:
# 217-229
name=unknown_A
#
# <colnr> <probs for GDERKNQSTAVLIFYWHMCP>
#	G	D	E	R	K	N	Q	S	T	A	V	L	I	F	Y	W	H	M	C	P
0	0.04722	0.04107	0.00954	0.05193	0.13022	0.05115	0.05603	0.12810	0.08435	0.03786	0.10691	0.02450	0.01899	0.00394	0.00330	0.00094	0.01188	0.00334	0.00250	0.18624
1	0.06838	0.06719	0.03849	0.20122	0.15545	0.06170	0.02590	0.06088	0.03258	0.05340	0.02357	0.00982	0.04352	0.02138	0.01299	0.00117	0.10478	0.00312	0.00202	0.01244
2	0.00417	0.00324	0.00372	0.00399	0.00469	0.00287	0.00281	0.00493	0.00724	0.00916	0.09163	0.34831	0.43173	0.05957	0.00489	0.00135	0.00189	0.00787	0.00313	0.00280
3	0.00593	0.00385	0.00501	0.00470	0.00563	0.00374	0.00355	0.00759	0.04454	0.09395	0.46359	0.05251	0.05893	0.07532	0.13860	0.00194	0.00310	0.02084	0.00328	0.00339
4	0.00761	0.00607	0.00661	0.00593	0.00756	0.00668	0.00460	0.05745	0.50767	0.03414	0.19785	0.01661	0.07781	0.00533	0.00356	0.00111	0.00239	0.00449	0.04190	0.00464
5	0.00747	0.00607	0.00710	0.00516	0.00810	0.00474	0.00413	0.00938	0.05097	0.04958	0.00675	0.00752	0.00544	0.00269	0.00260	0.00056	0.00253	0.00216	0.00218	0.81487
6	0.90488	0.00655	0.00498	0.00445	0.00655	0.00760	0.00367	0.00996	0.00576	0.01520	0.00472	0.00550	0.00367	0.00314	0.00210	0.00105	0.00262	0.00183	0.00210	0.00367
7	0.05483	0.15520	0.44861	0.00859	0.02516	0.00869	0.04827	0.02922	0.03727	0.10031	0.00683	0.00759	0.00501	0.00344	0.00345	0.00104	0.04714	0.00261	0.00189	0.00486
8	0.00713	0.00637	0.06149	0.01712	0.05349	0.00601	0.00527	0.16736	0.13099	0.01342	0.22024	0.15572	0.07591	0.00622	0.00387	0.00113	0.01773	0.02472	0.00312	0.02269
9	0.00419	0.00340	0.00372	0.00373	0.00471	0.00292	0.00276	0.00518	0.00802	0.01008	0.21363	0.10552	0.60352	0.00840	0.00403	0.00115	0.00171	0.00714	0.00327	0.00292
10	0.00926	0.00690	0.00763	0.02706	0.00895	0.00773	0.00536	0.08456	0.59110	0.10901	0.01315	0.01322	0.00994	0.00466	0.00344	0.00113	0.00280	0.04135	0.04757	0.00519
11	0.03917	0.23694	0.07353	0.00758	0.04933	0.02919	0.00646	0.28884	0.14009	0.02672	0.00764	0.00791	0.00586	0.00359	0.00296	0.00093	0.00357	0.00268	0.00251	0.06450
12	0.00988	0.41397	0.07136	0.00771	0.01056	0.06854	0.10938	0.15026	0.00889	0.06321	0.00662	0.00798	0.00542	0.00350	0.00307	0.00092	0.02240	0.02962	0.00205	0.00466

[dist]
# distance from previous block
# <min> <max>
1	16

[block]
# block no. 1 follows, 83 sequences, length 7
# corresponding to MSA columns:
# 248-254
name=unknown_B
#
# <colnr> <probs for GDERKNQSTAVLIFYWHMCP>
#	G	D	E	R	K	N	Q	S	T	A	V	L	I	F	Y	W	H	M	C	P
0	0.82568	0.00681	0.00544	0.00475	0.00690	0.00786	0.00391	0.08441	0.00667	0.01574	0.00502	0.00574	0.00385	0.00323	0.00221	0.00105	0.00272	0.00194	0.00221	0.00385
1	0.00741	0.00741	0.01038	0.00889	0.00889	0.01038	0.00741	0.00815	0.00519	0.00815	0.00445	0.00741	0.00445	0.00593	0.01112	0.00148	0.87475	0.00296	0.00148	0.00371
2	0.90488	0.00655	0.00498	0.00445	0.00655	0.00760	0.00367	0.00996	0.00576	0.01520	0.00472	0.00550	0.00367	0.00314	0.00210	0.00105	0.00262	0.00183	0.00210	0.00367
3	0.00843	0.00728	0.00766	0.00689	0.00881	0.00843	0.00536	0.01800	0.85370	0.01417	0.01379	0.01264	0.01034	0.00460	0.00345	0.00115	0.00268	0.00383	0.00345	0.00536
4	0.00485	0.00358	0.00518	0.00518	0.00569	0.00409	0.00391	0.00588	0.00537	0.00767	0.00931	0.01464	0.00905	0.15423	0.73949	0.00512	0.00820	0.00382	0.00185	0.00288
5	0.00588	0.02254	0.02209	0.00508	0.00609	0.00444	0.00399	0.03229	0.10722	0.03487	0.16948	0.12643	0.11799	0.12737	0.02933	0.00161	0.00268	0.14805	0.02917	0.00339
6	0.08678	0.16142	0.15071	0.07600	0.01024	0.07219	0.02142	0.06455	0.03238	0.03250	0.03334	0.12832	0.02355	0.02074	0.00337	0.00104	0.00361	0.00364	0.00217	0.07202

[dist]
# distance from previous block
# <min> <max>
2	20

[block]
# block no. 2 follows, 83 sequences, length 43
# corresponding to MSA columns:
# 275-291,296-303,307-324
name=unknown_C
#
# <colnr> <probs for GDERKNQSTAVLIFYWHMCP>
#	G	D	E	R	K	N	Q	S	T	A	V	L	I	F	Y	W	H	M	C	P
0	0.05278	0.04246	0.13373	0.01906	0.24921	0.04108	0.00761	0.10082	0.09544	0.03858	0.03997	0.02930	0.00800	0.01997	0.03993	0.00127	0.00391	0.03912	0.03304	0.00471
1	0.00489	0.00393	0.00445	0.00464	0.00551	0.00385	0.00335	0.00726	0.16302	0.00998	0.04584	0.39192	0.32133	0.00867	0.00404	0.00124	0.00200	0.00758	0.00322	0.00328
2	0.00562	0.00477	0.00671	0.08081	0.14649	0.00499	0.00519	0.00757	0.07371	0.00980	0.08676	0.08687	0.21587	0.03541	0.18846	0.00212	0.01688	0.01588	0.00250	0.00359
3	0.03366	0.00770	0.00899	0.00690	0.00956	0.00789	0.00570	0.44587	0.01283	0.40940	0.01047	0.00964	0.00693	0.00410	0.00337	0.00103	0.00331	0.00319	0.00373	0.00572
4	0.01216	0.00897	0.00965	0.00758	0.01014	0.00995	0.00620	0.67385	0.16420	0.04785	0.00931	0.00904	0.00666	0.00416	0.00340	0.00104	0.00351	0.00320	0.00343	0.00569
5	0.00498	0.00356	0.00463	0.00448	0.00526	0.00334	0.00335	0.00669	0.03329	0.02418	0.70201	0.11983	0.02956	0.00731	0.00403	0.00112	0.00174	0.03375	0.00364	0.00324
6	0.01421	0.00578	0.00766	0.00595	0.00842	0.00517	0.00489	0.05670	0.02366	0.74026	0.05166	0.01205	0.00938	0.00431	0.00340	0.00104	0.00282	0.00351	0.03358	0.00555
7	0.90488	0.00655	0.00498	0.00445	0.00655	0.00760	0.00367	0.00996	0.00576	0.01520	0.00472	0.00550	0.00367	0.00314	0.00210	0.00105	0.00262	0.00183	0.00210	0.00367
8	0.00758	0.00639	0.03201	0.01759	0.00796	0.01706	0.01296	0.10868	0.33388	0.03120	0.31722	0.02434	0.03295	0.00543	0.00378	0.00110	0.01852	0.00458	0.01233	0.00446
9	0.00496	0.00421	0.03695	0.00542	0.05117	0.00360	0.00399	0.00651	0.00884	0.01228	0.57827	0.09778	0.11073	0.00720	0.00400	0.00113	0.00199	0.05428	0.00339	0.00330
10	0.00817	0.01214	0.36406	0.01049	0.05171	0.00831	0.21123	0.15210	0.06101	0.01276	0.03144	0.03086	0.00641	0.00369	0.00365	0.00110	0.02053	0.00335	0.00207	0.00493
11	0.00744	0.00746	0.01269	0.42197	0.26049	0.03988	0.14827	0.00963	0.00730	0.00967	0.00628	0.00883	0.00495	0.00374	0.02358	0.00119	0.01753	0.00316	0.00160	0.00434
12	0.00549	0.00425	0.00509	0.00479	0.00582	0.00427	0.00361	0.00869	0.19038	0.01316	0.57806	0.06506	0.08465	0.00672	0.00389	0.00110	0.00186	0.00588	0.00360	0.00362
13	0.03010	0.05769	0.00992	0.00848	0.01031	0.78928	0.00645	0.03261	0.00954	0.00871	0.00527	0.00611	0.00438	0.00347	0.00300	0.00087	0.00586	0.00218	0.00178	0.00398
14	0.00805	0.00781	0.01314	0.19039	0.65443	0.02268	0.03395	0.01012	0.00757	0.01053	0.00630	0.00850	0.00517	0.00310	0.00337	0.00103	0.00421	0.00303	0.00164	0.00500
15	0.00413	0.00295	0.00393	0.00472	0.00491	0.00275	0.00314	0.00472	0.00649	0.00865	0.01867	0.87874	0.02240	0.01061	0.00432	0.00138	0.00197	0.00963	0.00314	0.00275
16	0.00416	0.00323	0.00379	0.00408	0.00478	0.00286	0.00290	0.00501	0.00746	0.00955	0.14029	0.38636	0.39501	0.00921	0.00414	0.00123	0.00180	0.00805	0.00322	0.00286
17	0.01041	0.00753	0.00809	0.00662	0.00870	0.00830	0.00538	0.50450	0.13416	0.01778	0.01003	0.01125	0.00773	0.00478	0.01966	0.00110	0.00322	0.04420	0.18154	0.00500
18	0.00473	0.00346	0.00444	0.00420	0.00502	0.00317	0.00315	0.00628	0.00945	0.01324	0.79495	0.02586	0.09526	0.00705	0.00400	0.00107	0.00161	0.00620	0.00368	0.00317
19	0.00689	0.00645	0.01011	0.32362	0.21886	0.02664	0.06417	0.03996	0.01625	0.01045	0.09668	0.03551	0.10419	0.00468	0.01259	0.00114	0.01154	0.00403	0.00211	0.00410
20	0.00834	0.00604	0.00718	0.00526	0.00816	0.00478	0.00423	0.01021	0.04906	0.14074	0.00752	0.00799	0.00579	0.00287	0.00269	0.00062	0.00257	0.00231	0.00241	0.72122
21	0.00455	0.00310	0.00407	0.00468	0.00504	0.00287	0.00320	0.00516	0.00664	0.03671	0.01928	0.73908	0.08769	0.01045	0.01593	0.02376	0.00211	0.01973	0.00312	0.00284
22	0.00764	0.00722	0.01215	0.38116	0.48777	0.00788	0.00989	0.02740	0.00749	0.01026	0.00626	0.00865	0.00501	0.00320	0.00337	0.00106	0.00423	0.00302	0.00164	0.00470
23	0.19334	0.00735	0.00814	0.00662	0.00892	0.02401	0.04645	0.20272	0.20547	0.20192	0.00993	0.00963	0.00706	0.00395	0.00311	0.00105	0.00311	0.00310	0.04912	0.00502
24	0.00646	0.00609	0.01027	0.84580	0.04984	0.00754	0.00944	0.00871	0.00680	0.00873	0.00603	0.00901	0.00454	0.00338	0.00339	0.00113	0.00450	0.00301	0.00151	0.00381
25	0.00484	0.00362	0.00539	0.00539	0.00598	0.00421	0.00417	0.00602	0.00543	0.00783	0.00912	0.01357	0.00858	0.05051	0.84257	0.00538	0.00890	0.00367	0.00182	0.00300
26	0.01031	0.00996	0.00961	0.02637	0.01035	0.30126	0.10574	0.05655	0.18414	0.11112	0.07933	0.01150	0.03572	0.00431	0.00356	0.00104	0.01688	0.01507	0.00268	0.00450
27	0.45596	0.00627	0.00604	0.00478	0.00732	0.00608	0.00389	0.00960	0.00652	0.05157	0.00570	0.00647	0.00450	0.00290	0.00234	0.00080	0.00258	0.00198	0.00215	0.41255
28	0.00683	0.01728	0.83931	0.00979	0.01475	0.00789	0.03636	0.01073	0.00718	0.01073	0.00610	0.00721	0.00432	0.00321	0.00324	0.00107	0.00503	0.00255	0.00144	0.00499
29	0.00499	0.00404	0.00450	0.00428	0.00541	0.00385	0.00324	0.00747	0.14003	0.01158	0.33683	0.02679	0.41976	0.00735	0.00391	0.00112	0.00182	0.00625	0.00341	0.00337
30	0.90488	0.00655	0.00498	0.00445	0.00655	0.00760	0.00367	0.00996	0.00576	0.01520	0.00472	0.00550	0.00367	0.00314	0.00210	0.00105	0.00262	0.00183	0.00210	0.00367
31	0.00906	0.88299	0.01775	0.00580	0.00869	0.01340	0.00580	0.01014	0.00688	0.00797	0.00471	0.00543	0.00435	0.00290	0.00217	0.00072	0.00362	0.00181	0.00145	0.00435
32	0.00501	0.00408	0.00540	0.02230	0.00602	0.00443	0.00400	0.00606	0.00754	0.01044	0.32720	0.28491	0.12256	0.00800	0.00540	0.00125	0.16257	0.00668	0.00302	0.00312
33	0.00462	0.00346	0.00429	0.00408	0.00496	0.00312	0.00306	0.00606	0.00919	0.01263	0.68121	0.02687	0.20937	0.00728	0.00400	0.00108	0.00162	0.00635	0.00360	0.00312
34	0.00457	0.00345	0.00421	0.00402	0.00492	0.00310	0.00302	0.00595	0.00905	0.01231	0.62139	0.02740	0.26940	0.00740	0.00400	0.00109	0.00163	0.00642	0.00356	0.00310
35	0.79325	0.00645	0.00534	0.00465	0.00681	0.00727	0.00383	0.01078	0.00626	0.12147	0.00580	0.00626	0.00426	0.00328	0.00226	0.00105	0.00265	0.00203	0.00236	0.00393
36	0.00646	0.00609	0.01027	0.84580	0.04984	0.00754	0.00944	0.00871	0.00680	0.00873	0.00603	0.00901	0.00454	0.00338	0.00339	0.00113	0.00450	0.00301	0.00151	0.00381
37	0.00421	0.00344	0.00372	0.00365	0.00470	0.00295	0.00273	0.00526	0.00820	0.01030	0.24748	0.03071	0.64456	0.00815	0.00400	0.00112	0.00169	0.00688	0.00330	0.00295
38	0.00770	0.00582	0.00671	0.00608	0.01728	0.00626	0.01229	0.03054	0.43952	0.08437	0.25641	0.02685	0.06131	0.00578	0.01665	0.00118	0.00249	0.00467	0.00351	0.00458
39	0.00716	0.09738	0.74291	0.00931	0.01401	0.00845	0.02656	0.02612	0.01857	0.01071	0.00611	0.00712	0.00442	0.00322	0.00314	0.00104	0.00484	0.00249	0.00150	0.00496
40	0.00476	0.00344	0.00449	0.00426	0.00505	0.00317	0.00318	0.00630	0.00944	0.01332	0.81243	0.05726	0.04595	0.00709	0.00401	0.00108	0.00161	0.00627	0.00370	0.00317
41	0.23216	0.00808	0.01467	0.01093	0.02430	0.00802	0.53547	0.04190	0.00776	0.01250	0.03824	0.00890	0.00591	0.00316	0.00344	0.00110	0.00456	0.00346	0.03114	0.00430
42	0.00965	0.00915	0.02567	0.00994	0.01266	0.11793	0.34555	0.11987	0.03593	0.09547	0.03193	0.02001	0.00653	0.00357	0.00381	0.00102	0.03700	0.00342	0.00233	0.10856

[dist]
# distance from previous block
# <min> <max>
0	1

[block]
# block no. 3 follows, 83 sequences, length 6
# corresponding to MSA columns:
# 326-331
name=unknown_D
#
# <colnr> <probs for GDERKNQSTAVLIFYWHMCP>
#	G	D	E	R	K	N	Q	S	T	A	V	L	I	F	Y	W	H	M	C	P
0	0.00903	0.00816	0.01296	0.11011	0.56322	0.00850	0.04973	0.17372	0.00923	0.01280	0.00670	0.00844	0.00534	0.00325	0.00339	0.00103	0.00410	0.00307	0.00199	0.00523
1	0.00706	0.17719	0.01179	0.55879	0.12246	0.00852	0.00854	0.00898	0.00690	0.00882	0.00639	0.04847	0.00541	0.00358	0.00319	0.00105	0.00416	0.00308	0.00159	0.00403
2	0.00588	0.00294	0.00441	0.00441	0.00441	0.00294	0.00294	0.00441	0.00441	0.00588	0.00588	0.01030	0.00588	0.01177	0.01324	0.90144	0.00294	0.00294	0.00147	0.00147
3	0.00785	0.00729	0.01084	0.14790	0.47635	0.05124	0.00822	0.05221	0.00754	0.01020	0.00719	0.01104	0.00656	0.17441	0.00605	0.00146	0.00405	0.00335	0.00181	0.00442
4	0.00469	0.00333	0.00427	0.00427	0.00495	0.00308	0.00311	0.00603	0.00869	0.01223	0.59040	0.21317	0.06833	0.00767	0.00399	0.00112	0.00168	0.00680	0.04911	0.00308
5	0.00843	0.55042	0.17659	0.00817	0.01157	0.01142	0.17124	0.01039	0.00715	0.00905	0.00538	0.00648	0.00449	0.00295	0.00273	0.00087	0.00429	0.00237	0.00150	0.00451

[dist]
# distance from previous block
# <min> <max>
0	1

[block]
# block no. 4 follows, 83 sequences, length 8
# corresponding to MSA columns:
# 333-340
name=unknown_E
#
# <colnr> <probs for GDERKNQSTAVLIFYWHMCP>
#	G	D	E	R	K	N	Q	S	T	A	V	L	I	F	Y	W	H	M	C	P
0	0.34634	0.00973	0.00812	0.00802	0.10014	0.27606	0.00568	0.04224	0.00807	0.13164	0.00639	0.00700	0.00483	0.00350	0.00302	0.00100	0.02928	0.00237	0.00226	0.00430
1	0.15186	0.00739	0.00835	0.00650	0.00907	0.00762	0.00537	0.35199	0.01161	0.39111	0.00991	0.00922	0.00659	0.00398	0.00320	0.00104	0.00318	0.00302	0.00354	0.00544
2	0.00761	0.00693	0.01068	0.26958	0.34649	0.00714	0.00825	0.04844	0.03141	0.01098	0.03262	0.00892	0.00602	0.00324	0.00321	0.00095	0.00373	0.00293	0.00189	0.18898
3	0.00591	0.00560	0.00954	0.00808	0.00949	0.03209	0.27610	0.00767	0.03923	0.00982	0.04546	0.45850	0.01600	0.00745	0.00415	0.00127	0.00338	0.05407	0.00267	0.00351
4	0.00768	0.29386	0.01028	0.00625	0.00761	0.13799	0.00512	0.02892	0.00709	0.00854	0.00958	0.28368	0.01048	0.03029	0.03301	0.00128	0.10794	0.00466	0.00211	0.00363
5	0.01452	0.00685	0.00853	0.00654	0.00919	0.00659	0.00541	0.25958	0.01152	0.61652	0.01184	0.01054	0.00762	0.00416	0.00340	0.00104	0.00313	0.00330	0.00396	0.00576
6	0.03192	0.00602	0.00693	0.00590	0.00745	0.08785	0.06877	0.06068	0.04435	0.11810	0.32947	0.01965	0.14753	0.03020	0.00410	0.00113	0.00280	0.02003	0.00322	0.00387
7	0.00418	0.00299	0.00398	0.00468	0.00493	0.00279	0.00315	0.00485	0.00673	0.00904	0.08566	0.81062	0.02317	0.01032	0.00430	0.00135	0.00194	0.00935	0.00319	0.00279

[dist]
# distance from previous block
# <min> <max>
0	1

[block]
# block no. 5 follows, 83 sequences, length 34
# corresponding to MSA columns:
# 342-375
name=unknown_F
#
# <colnr> <probs for GDERKNQSTAVLIFYWHMCP>
#	G	D	E	R	K	N	Q	S	T	A	V	L	I	F	Y	W	H	M	C	P
0	0.00583	0.00502	0.00762	0.00662	0.00814	0.00458	0.12720	0.00718	0.00706	0.00986	0.01316	0.32100	0.02618	0.00691	0.00413	0.00115	0.03764	0.15972	0.00257	0.23846
1	0.00443	0.00347	0.00518	0.00541	0.00591	0.00322	0.07027	0.00521	0.00667	0.00885	0.01859	0.76286	0.06719	0.00988	0.00428	0.00134	0.00225	0.00905	0.00303	0.00290
2	0.19149	0.00876	0.00920	0.00723	0.00970	0.00984	0.01656	0.61650	0.03318	0.01929	0.00742	0.00770	0.00539	0.00395	0.00345	0.00105	0.03822	0.00283	0.00303	0.00523
3	0.01263	0.00816	0.00907	0.00703	0.00950	0.00873	0.00575	0.60655	0.01378	0.18251	0.00941	0.00963	0.00670	0.04115	0.00392	0.00111	0.00343	0.00320	0.05228	0.00546
4	0.00501	0.00406	0.00459	0.00453	0.00547	0.03974	0.00352	0.00637	0.00879	0.01159	0.46110	0.02856	0.25713	0.00762	0.00407	0.00116	0.00206	0.13812	0.00339	0.00312
5	0.01116	0.01370	0.00904	0.00824	0.00984	0.68284	0.02597	0.01245	0.04470	0.00859	0.00686	0.06682	0.00620	0.00575	0.07193	0.00129	0.00591	0.00292	0.00192	0.00385
6	0.00418	0.00299	0.00398	0.00468	0.00493	0.00279	0.00315	0.00485	0.00673	0.00904	0.08543	0.81086	0.02316	0.01032	0.00430	0.00135	0.00194	0.00935	0.00319	0.00279
7	0.00710	0.00627	0.00806	0.00575	0.00880	0.00484	0.07110	0.00871	0.00710	0.01102	0.00609	0.00719	0.00503	0.00254	0.00263	0.00055	0.00276	0.00217	0.00198	0.83031
8	0.78499	0.00647	0.00555	0.07360	0.00800	0.00745	0.00420	0.01021	0.00606	0.06078	0.00529	0.00611	0.00399	0.00322	0.00227	0.00105	0.00279	0.00201	0.00216	0.00379
9	0.90488	0.00655	0.00498	0.00445	0.00655	0.00760	0.00367	0.00996	0.00576	0.01520	0.00472	0.00550	0.00367	0.00314	0.00210	0.00105	0.00262	0.00183	0.00210	0.00367
10	0.00669	0.07043	0.38220	0.00685	0.00993	0.00649	0.00761	0.07542	0.00837	0.03475	0.12741	0.01608	0.22380	0.00514	0.00347	0.00106	0.00347	0.00418	0.00240	0.00426
11	0.00502	0.00403	0.00611	0.00587	0.00661	0.00383	0.10617	0.04116	0.00703	0.00934	0.01709	0.63111	0.06441	0.06892	0.00511	0.00145	0.00257	0.00821	0.00291	0.00306
12	0.00636	0.00578	0.00970	0.80374	0.02183	0.00716	0.00889	0.00832	0.00659	0.00843	0.00601	0.00913	0.00462	0.00405	0.00417	0.07273	0.00439	0.00301	0.00150	0.00358
13	0.00666	0.00629	0.01064	0.75906	0.13500	0.00760	0.00954	0.00889	0.00690	0.00898	0.00607	0.00894	0.00463	0.00334	0.00338	0.00111	0.00445	0.00301	0.00153	0.00398
14	0.00719	0.00683	0.01159	0.53400	0.35596	0.00773	0.00980	0.00935	0.00715	0.00961	0.00616	0.00877	0.00485	0.00324	0.00337	0.00108	0.00432	0.00301	0.00157	0.00440
15	0.08341	0.06810	0.00929	0.00693	0.00928	0.00935	0.01421	0.47054	0.18360	0.01735	0.02653	0.03586	0.04179	0.00444	0.00328	0.00104	0.00326	0.00345	0.00313	0.00514
16	0.00938	0.02206	0.31127	0.00717	0.01022	0.00627	0.00751	0.06991	0.04200	0.26531	0.11171	0.01393	0.04417	0.00468	0.00350	0.00109	0.00351	0.05849	0.00292	0.00486
17	0.00871	0.01333	0.48227	0.00874	0.02464	0.02766	0.01836	0.16920	0.09565	0.06635	0.04656	0.00901	0.00673	0.00375	0.00333	0.00106	0.00426	0.00298	0.00230	0.00513
18	0.00906	0.88299	0.01775	0.00580	0.00869	0.01340	0.00580	0.01014	0.00688	0.00797	0.00471	0.00543	0.00435	0.00290	0.00217	0.00072	0.00362	0.00181	0.00145	0.00435
19	0.00700	0.01724	0.84267	0.00957	0.01452	0.00780	0.01233	0.01087	0.00721	0.03135	0.00626	0.00726	0.00439	0.00324	0.00322	0.00107	0.00495	0.00253	0.00150	0.00502
20	0.00513	0.00509	0.06539	0.02295	0.08283	0.00429	0.08423	0.00632	0.00677	0.00921	0.01522	0.63480	0.01751	0.00852	0.00419	0.00130	0.01238	0.00783	0.00271	0.00334
21	0.00925	0.00739	0.01229	0.01061	0.09954	0.05231	0.30810	0.03104	0.03828	0.18148	0.01017	0.05576	0.00860	0.00492	0.00433	0.05016	0.00419	0.10459	0.00254	0.00448
22	0.00519	0.00381	0.00508	0.00569	0.00654	0.00370	0.00489	0.00662	0.00783	0.01006	0.04388	0.03687	0.16697	0.00915	0.00454	0.00147	0.00283	0.66866	0.00314	0.00308
23	0.00710	0.00640	0.01016	0.77906	0.02194	0.00785	0.00909	0.09967	0.00777	0.01003	0.00625	0.00893	0.00465	0.00346	0.00339	0.00112	0.00443	0.00301	0.00171	0.00398
24	0.13308	0.06156	0.16243	0.04346	0.05884	0.04330	0.10535	0.19382	0.10715	0.01363	0.00722	0.00817	0.00549	0.01301	0.00354	0.00108	0.02891	0.00289	0.00225	0.00480
25	0.00499	0.00345	0.00432	0.00430	0.00452	0.00368	0.00283	0.00545	0.00519	0.00726	0.01010	0.01876	0.01084	0.56173	0.28473	0.00383	0.01727	0.00441	0.03992	0.00243
26	0.00441	0.00309	0.00395	0.00453	0.00471	0.00295	0.00299	0.00490	0.00615	0.00819	0.01655	0.61031	0.01962	0.23681	0.00770	0.00188	0.00237	0.05344	0.00286	0.00259
27	0.00921	0.01694	0.02383	0.02193	0.29017	0.03861	0.32064	0.10108	0.01801	0.07858	0.00842	0.00978	0.03954	0.00342	0.00361	0.00106	0.00451	0.00354	0.00215	0.00496
28	0.00729	0.05192	0.77119	0.00944	0.01414	0.06698	0.01184	0.01090	0.00731	0.01045	0.00597	0.00701	0.00430	0.00322	0.00317	0.00105	0.00503	0.00245	0.00145	0.00491
29	0.87331	0.00689	0.00514	0.00461	0.00669	0.03802	0.00377	0.01008	0.00590	0.01495	0.00474	0.00552	0.00369	0.00316	0.00213	0.00104	0.00274	0.00185	0.00208	0.00368
30	0.00884	0.79992	0.09892	0.00617	0.00927	0.01287	0.00644	0.01020	0.00691	0.00823	0.00484	0.00560	0.00434	0.00293	0.00227	0.00076	0.00376	0.00188	0.00145	0.00441
31	0.00417	0.00298	0.00397	0.00469	0.00492	0.00278	0.00315	0.00483	0.00670	0.00898	0.07563	0.82083	0.02305	0.01036	0.00430	0.00135	0.00194	0.00939	0.00318	0.00278
32	0.00414	0.00327	0.00374	0.00397	0.00475	0.00286	0.00285	0.00500	0.00752	0.00951	0.12778	0.32376	0.47070	0.00908	0.00411	0.00121	0.00179	0.00788	0.00322	0.00286
33	0.00959	0.00779	0.00760	0.00636	0.00816	0.11154	0.00503	0.37273	0.05801	0.01618	0.24433	0.01370	0.02620	0.00487	0.00343	0.00100	0.00313	0.00391	0.09194	0.00450

[dist]
# distance from previous block
# <min> <max>
0	3

[block]
# block no. 6 follows, 83 sequences, length 35
# corresponding to MSA columns:
# 379-413
name=unknown_G
#
# <colnr> <probs for GDERKNQSTAVLIFYWHMCP>
#	G	D	E	R	K	N	Q	S	T	A	V	L	I	F	Y	W	H	M	C	P
0	0.01469	0.00568	0.00766	0.00592	0.00845	0.00497	0.00488	0.01617	0.02604	0.80955	0.01327	0.01160	0.00844	0.00419	0.00336	0.00104	0.00282	0.00340	0.04221	0.00565
1	0.00679	0.01752	0.86340	0.00966	0.01466	0.00787	0.01252	0.01073	0.00715	0.01073	0.00608	0.00715	0.00429	0.00322	0.00322	0.00107	0.00501	0.00250	0.00143	0.00501
2	0.00477	0.00346	0.00449	0.00423	0.00504	0.00318	0.00317	0.00634	0.00952	0.01343	0.82936	0.02556	0.06073	0.00698	0.00400	0.00107	0.00160	0.00616	0.00371	0.00318
3	0.00783	0.00875	0.01840	0.04627	0.01689	0.00851	0.72198	0.01046	0.00771	0.01055	0.00679	0.00940	0.00528	0.00320	0.00450	0.00116	0.07172	0.01634	0.00171	0.02254
4	0.03049	0.00910	0.01128	0.00970	0.08524	0.10168	0.14821	0.32955	0.06925	0.11349	0.00887	0.01028	0.00674	0.00401	0.00350	0.00106	0.00412	0.04548	0.00283	0.00512
5	0.00465	0.00344	0.00434	0.00443	0.00511	0.00323	0.00324	0.00601	0.02864	0.01113	0.41578	0.24088	0.13413	0.05014	0.02589	0.00139	0.00207	0.04911	0.00334	0.00303
6	0.01766	0.00502	0.00648	0.00581	0.00616	0.03346	0.05060	0.00645	0.00542	0.00751	0.00880	0.01683	0.00954	0.49974	0.10074	0.00286	0.19492	0.01738	0.00189	0.00275
7	0.08098	0.01779	0.03049	0.00919	0.01169	0.09443	0.24742	0.23953	0.01018	0.09451	0.05636	0.00954	0.00705	0.00392	0.00398	0.00108	0.06239	0.01220	0.00255	0.00473
8	0.00916	0.80594	0.04791	0.00609	0.00900	0.05826	0.00608	0.01034	0.00704	0.00809	0.00479	0.00553	0.00435	0.00294	0.00226	0.00074	0.00380	0.00186	0.00146	0.00435
9	0.84504	0.00719	0.00529	0.00474	0.00681	0.06526	0.00386	0.01020	0.00602	0.01474	0.00475	0.00554	0.00372	0.00317	0.00216	0.00104	0.00285	0.00186	0.00207	0.00369
10	0.05933	0.00714	0.00834	0.00663	0.00891	0.00744	0.03388	0.34793	0.09089	0.21888	0.09557	0.01259	0.06376	0.00462	0.00343	0.00105	0.00306	0.00374	0.01769	0.00509
11	0.00869	0.00444	0.00583	0.00538	0.00668	0.00411	0.00411	0.06044	0.00861	0.31002	0.11390	0.38170	0.01744	0.00747	0.00392	0.00121	0.00241	0.04597	0.00359	0.00406
12	0.01237	0.00867	0.00952	0.00746	0.00998	0.00944	0.00616	0.70662	0.01470	0.08785	0.02089	0.02778	0.00743	0.00454	0.00349	0.00106	0.00356	0.04955	0.00344	0.00552
13	0.00412	0.00296	0.00392	0.00469	0.00491	0.00275	0.00313	0.00472	0.00652	0.00866	0.01905	0.85800	0.04289	0.01056	0.00432	0.00137	0.00196	0.00957	0.00314	0.00275
14	0.00737	0.00745	0.00987	0.00852	0.00866	0.04250	0.00705	0.00814	0.00550	0.00820	0.00617	0.00883	0.04994	0.00640	0.02898	0.00153	0.77649	0.00317	0.00159	0.00365
15	0.00816	0.00700	0.00744	0.00674	0.00857	0.00804	0.00525	0.01713	0.78939	0.01405	0.05877	0.01390	0.01170	0.00483	0.00350	0.00115	0.00263	0.02308	0.00345	0.00520
16	0.00658	0.00621	0.01049	0.79504	0.09968	0.00757	0.00950	0.00881	0.00686	0.00888	0.00605	0.00897	0.00459	0.00335	0.00338	0.00112	0.00447	0.00301	0.00152	0.00391
17	0.01228	0.05660	0.01024	0.00766	0.01016	0.13096	0.00627	0.64861	0.01427	0.01845	0.04567	0.00847	0.00666	0.00405	0.00330	0.00098	0.00396	0.00300	0.00307	0.00531
18	0.00467	0.00376	0.00440	0.02371	0.00565	0.05087	0.00350	0.00533	0.00669	0.00865	0.01764	0.79835	0.02097	0.01004	0.00424	0.00135	0.00227	0.02204	0.00303	0.00284
19	0.00803	0.00769	0.01311	0.17165	0.71171	0.00796	0.01022	0.01009	0.00755	0.01064	0.00631	0.00850	0.00522	0.00308	0.00336	0.00103	0.00411	0.00302	0.00165	0.00508
20	0.00536	0.00409	0.00588	0.00570	0.00639	0.00480	0.00447	0.05093	0.00599	0.00859	0.00885	0.01281	0.00817	0.02353	0.78895	0.00506	0.04177	0.00357	0.00189	0.00320
21	0.90488	0.00655	0.00498	0.00445	0.00655	0.00760	0.00367	0.00996	0.00576	0.01520	0.00472	0.00550	0.00367	0.00314	0.00210	0.00105	0.00262	0.00183	0.00210	0.00367
22	0.00838	0.00805	0.01375	0.02079	0.85982	0.00805	0.01040	0.01040	0.00771	0.01107	0.00637	0.00838	0.00537	0.00302	0.00335	0.00101	0.00402	0.00302	0.00168	0.00537
23	0.00413	0.00295	0.00393	0.00472	0.00491	0.00275	0.00314	0.00472	0.00649	0.00865	0.01867	0.87874	0.02240	0.01061	0.00432	0.00138	0.00197	0.00963	0.00314	0.00275
24	0.20955	0.00713	0.00962	0.39941	0.04256	0.00822	0.05395	0.19267	0.00870	0.02817	0.00638	0.00807	0.00473	0.00345	0.00313	0.00108	0.00394	0.00282	0.00211	0.00431
25	0.01013	0.04067	0.01522	0.01149	0.01414	0.39672	0.44025	0.01204	0.00868	0.00960	0.00605	0.00765	0.00476	0.00314	0.00351	0.00101	0.00582	0.00311	0.00172	0.00427
26	0.90488	0.00655	0.00498	0.00445	0.00655	0.00760	0.00367	0.00996	0.00576	0.01520	0.00472	0.00550	0.00367	0.00314	0.00210	0.00105	0.00262	0.00183	0.00210	0.00367
27	0.00558	0.00438	0.00543	0.00501	0.00612	0.01234	0.03717	0.06262	0.05654	0.01206	0.33917	0.10867	0.21712	0.01925	0.01678	0.00123	0.00228	0.04943	0.03543	0.00340
28	0.00448	0.00312	0.00393	0.00443	0.00459	0.00300	0.00288	0.00491	0.00600	0.00798	0.01578	0.52859	0.01865	0.32120	0.00895	0.00207	0.00250	0.05167	0.00275	0.00252
29	0.00495	0.00348	0.00431	0.00437	0.00513	0.00324	0.00322	0.00640	0.03258	0.02819	0.38279	0.24778	0.14639	0.00789	0.00397	0.00116	0.00183	0.04132	0.06786	0.00314
30	0.02165	0.00779	0.01233	0.08046	0.30674	0.01588	0.15572	0.10893	0.08813	0.12956	0.00885	0.00984	0.02339	0.00376	0.01093	0.00110	0.00404	0.00339	0.00242	0.00509
31	0.00503	0.00351	0.00451	0.00426	0.00513	0.00321	0.00320	0.00651	0.00931	0.03975	0.72588	0.05919	0.10349	0.00713	0.00399	0.00108	0.00166	0.00627	0.00367	0.00323
32	0.02656	0.00754	0.00857	0.00656	0.00912	0.00755	0.02447	0.39883	0.04774	0.07583	0.00821	0.00928	0.00637	0.07094	0.00418	0.00105	0.00324	0.00294	0.00286	0.27816
33	0.17639	0.00679	0.00723	0.00545	0.00820	0.00630	0.00442	0.18081	0.00861	0.01395	0.00628	0.00704	0.00497	0.00297	0.00261	0.00071	0.00277	0.00220	0.01481	0.53746
34	0.01114	0.00845	0.00925	0.00748	0.00969	0.07947	0.03541	0.38391	0.10609	0.12509	0.00994	0.01101	0.02585	0.00517	0.03332	0.00121	0.05218	0.04296	0.00307	0.03929

[dist]
# distance from previous block
# <min> <max>
1	35

[block]
# block no. 7 follows, 83 sequences, length 12
# corresponding to MSA columns:
# 449-460
name=unknown_H
#
# <colnr> <probs for GDERKNQSTAVLIFYWHMCP>
#	G	D	E	R	K	N	Q	S	T	A	V	L	I	F	Y	W	H	M	C	P
0	0.00438	0.00345	0.00395	0.00383	0.00481	0.00302	0.00287	0.00559	0.00861	0.01127	0.42732	0.02912	0.46412	0.00779	0.00400	0.00111	0.00166	0.00666	0.00342	0.00302
1	0.00659	0.00554	0.00895	0.06796	0.26596	0.00541	0.07084	0.00836	0.00847	0.04545	0.35323	0.04946	0.06447	0.00536	0.00376	0.00108	0.00294	0.01936	0.00276	0.00406
2	0.00663	0.00627	0.01050	0.75329	0.09881	0.00771	0.00940	0.00879	0.00678	0.00885	0.00598	0.00889	0.00459	0.00348	0.00376	0.00113	0.04671	0.00301	0.00152	0.00391
3	0.00990	0.00729	0.01025	0.15421	0.04610	0.00775	0.11452	0.30455	0.04240	0.12361	0.00974	0.11040	0.00799	0.00455	0.00355	0.00110	0.00371	0.00401	0.02958	0.00481
4	0.00790	0.00756	0.01288	0.22680	0.65756	0.00792	0.01016	0.00998	0.00749	0.01048	0.00629	0.00854	0.00516	0.00311	0.00336	0.00104	0.00414	0.00302	0.00164	0.00498
5	0.00968	0.00905	0.00937	0.27811	0.03764	0.20092	0.00715	0.15207	0.16537	0.05323	0.00843	0.02696	0.00656	0.00401	0.00336	0.00106	0.00424	0.01582	0.00242	0.00454
6	0.00759	0.00795	0.01338	0.01057	0.01164	0.00981	0.26971	0.00899	0.00606	0.00899	0.00520	0.00795	0.00466	0.00497	0.00889	0.00138	0.60341	0.00329	0.00155	0.00398
7	0.00600	0.00401	0.00477	0.00448	0.00517	0.00399	0.00311	0.03895	0.06541	0.06108	0.24617	0.04921	0.04613	0.39927	0.02720	0.00218	0.00279	0.02416	0.00288	0.00305
8	0.00643	0.00543	0.00752	0.00672	0.00681	0.00701	0.00527	0.00665	0.00528	0.00773	0.04876	0.01174	0.02880	0.12218	0.04861	0.19945	0.46748	0.00351	0.00172	0.00292
9	0.01000	0.13175	0.03792	0.00777	0.00990	0.22600	0.04876	0.08081	0.27092	0.04920	0.00907	0.00928	0.02446	0.00407	0.00373	0.00103	0.06516	0.00303	0.00247	0.00469
10	0.00469	0.00321	0.00412	0.00460	0.00506	0.00295	0.00320	0.00542	0.00695	0.04285	0.07385	0.61353	0.12275	0.04895	0.00482	0.00141	0.00206	0.04352	0.00317	0.00290
11	0.00778	0.09115	0.09597	0.02798	0.03044	0.04123	0.02441	0.03787	0.05087	0.03888	0.00821	0.02270	0.04700	0.00373	0.01593	0.00084	0.01514	0.00272	0.00211	0.43505

[dist]
# distance from previous block
# <min> <max>
0	23

[block]
# block no. 8 follows, 83 sequences, length 20
# corresponding to MSA columns:
# 484-503
name=unknown_I
#
# <colnr> <probs for GDERKNQSTAVLIFYWHMCP>
#	G	D	E	R	K	N	Q	S	T	A	V	L	I	F	Y	W	H	M	C	P
0	0.34703	0.03565	0.00543	0.00468	0.00617	0.08831	0.00368	0.00925	0.02568	0.02392	0.02681	0.02435	0.02896	0.02785	0.07509	0.00138	0.00321	0.00288	0.24490	0.01477
1	0.54215	0.05958	0.07804	0.00670	0.04645	0.11866	0.03382	0.03894	0.00697	0.01330	0.00519	0.00609	0.00408	0.00318	0.00249	0.00100	0.00353	0.00210	0.00197	0.02576
2	0.00753	0.00411	0.00529	0.00472	0.00608	0.00367	0.00371	0.00890	0.00915	0.24380	0.41841	0.02376	0.17959	0.00665	0.00388	0.00111	0.00207	0.06003	0.00371	0.00383
3	0.05268	0.26351	0.04043	0.00694	0.00946	0.05676	0.01582	0.27761	0.10756	0.06953	0.00767	0.00793	0.00585	0.00374	0.00322	0.00096	0.03561	0.00269	0.02709	0.00492
4	0.00463	0.00353	0.00428	0.00425	0.00507	0.00326	0.00312	0.00620	0.04457	0.01162	0.46555	0.17977	0.23583	0.00790	0.00403	0.00114	0.00174	0.00691	0.00347	0.00312
5	0.00435	0.00355	0.00386	0.00380	0.00485	0.00312	0.00284	0.00567	0.03672	0.01037	0.23089	0.06204	0.59977	0.00812	0.00399	0.00113	0.00173	0.00688	0.00330	0.00302
6	0.00419	0.00309	0.00389	0.00445	0.00486	0.00283	0.00305	0.00487	0.00682	0.00891	0.05711	0.63761	0.17891	0.03985	0.00470	0.00139	0.00197	0.02559	0.00313	0.00277
7	0.84025	0.00659	0.00525	0.00461	0.00675	0.00755	0.00380	0.03168	0.00621	0.05520	0.00521	0.00585	0.00394	0.00322	0.00219	0.00105	0.00266	0.00194	0.00223	0.00382
8	0.00769	0.00784	0.00641	0.03557	0.00756	0.28805	0.00455	0.02434	0.02622	0.01126	0.37433	0.10411	0.01852	0.00576	0.00357	0.00102	0.00328	0.00478	0.06165	0.00350
9	0.01265	0.01614	0.00960	0.00873	0.01047	0.86735	0.00655	0.01353	0.00960	0.00829	0.00524	0.00611	0.00436	0.00349	0.00305	0.00087	0.00611	0.00218	0.00175	0.00393
10	0.90488	0.00655	0.00498	0.00445	0.00655	0.00760	0.00367	0.00996	0.00576	0.01520	0.00472	0.00550	0.00367	0.00314	0.00210	0.00105	0.00262	0.00183	0.00210	0.00367
11	0.00543	0.00407	0.00513	0.00505	0.00554	0.03270	0.00365	0.03306	0.00574	0.00785	0.00948	0.04564	0.00962	0.25912	0.48684	0.06576	0.00653	0.00409	0.00195	0.00276
12	0.00451	0.00349	0.00385	0.00376	0.00482	0.00300	0.00282	0.00556	0.00820	0.03358	0.24034	0.06128	0.59661	0.00812	0.00400	0.00113	0.00173	0.00688	0.00332	0.00302
13	0.00584	0.00296	0.00438	0.00438	0.00438	0.00296	0.00290	0.00444	0.00444	0.00592	0.00612	0.01087	0.00620	0.05396	0.01343	0.85784	0.00296	0.00304	0.00150	0.00150
14	0.00416	0.00335	0.00370	0.00380	0.00472	0.00290	0.00278	0.00509	0.00781	0.00980	0.16921	0.18337	0.57010	0.00867	0.00406	0.00117	0.00174	0.00742	0.00324	0.00290
15	0.06256	0.00693	0.03033	0.07871	0.00962	0.00738	0.00561	0.29089	0.11304	0.09791	0.00936	0.01027	0.00708	0.00776	0.15568	0.00181	0.00428	0.00320	0.09293	0.00466
16	0.00838	0.00711	0.01028	0.02282	0.35468	0.02579	0.02881	0.02588	0.02593	0.07246	0.00748	0.00959	0.00620	0.00341	0.00342	0.00089	0.03542	0.03832	0.02482	0.28829
17	0.02882	0.02427	0.04015	0.00771	0.03052	0.06687	0.02777	0.06397	0.29513	0.07645	0.03936	0.06717	0.01724	0.00510	0.00503	0.00118	0.18163	0.01430	0.00273	0.00459
18	0.05672	0.00573	0.00667	0.03785	0.02810	0.03896	0.02255	0.10537	0.04895	0.06029	0.16914	0.11360	0.08263	0.03237	0.00433	0.03950	0.00276	0.01510	0.00286	0.12654
19	0.04948	0.06198	0.19690	0.03951	0.13557	0.04602	0.07253	0.07290	0.03319	0.12502	0.00763	0.02590	0.00585	0.00402	0.02182	0.00110	0.02287	0.00297	0.00220	0.07255

[dist]
# distance from previous block
# <min> <max>
12	58

[block]
# block no. 9 follows, 83 sequences, length 37
# corresponding to MSA columns:
# 569-605
name=unknown_J
#
# <colnr> <probs for GDERKNQSTAVLIFYWHMCP>
#	G	D	E	R	K	N	Q	S	T	A	V	L	I	F	Y	W	H	M	C	P
0	0.00430	0.00341	0.00384	0.00384	0.00478	0.00299	0.00285	0.00535	0.00811	0.01037	0.27281	0.08985	0.51478	0.03179	0.00440	0.00121	0.00178	0.02732	0.00329	0.00294
1	0.04863	0.16204	0.07137	0.00687	0.02867	0.00877	0.00597	0.30198	0.04716	0.03538	0.00742	0.00784	0.01810	0.00343	0.00289	0.00085	0.00335	0.00258	0.00248	0.23420
2	0.03630	0.03606	0.02353	0.04839	0.06319	0.03442	0.04110	0.02356	0.04460	0.04380	0.10921	0.11604	0.06160	0.00550	0.02086	0.00107	0.02871	0.03419	0.00251	0.22537
3	0.02279	0.07991	0.18441	0.00861	0.04557	0.04838	0.09166	0.18429	0.02561	0.17377	0.04005	0.00914	0.00676	0.00419	0.02154	0.00111	0.02152	0.00306	0.00257	0.02505
4	0.03081	0.24654	0.03568	0.00587	0.00779	0.03486	0.00501	0.01152	0.29509	0.01111	0.09513	0.09305	0.09441	0.00524	0.00325	0.00104	0.00286	0.01376	0.00272	0.00426
5	0.00641	0.00593	0.00984	0.73182	0.05351	0.00727	0.00900	0.00855	0.00687	0.00888	0.00716	0.01182	0.00601	0.00403	0.00372	0.00118	0.02784	0.08473	0.00167	0.00376
6	0.00763	0.02676	0.29727	0.24435	0.07390	0.08493	0.06634	0.03193	0.03205	0.02696	0.02587	0.05336	0.00633	0.00379	0.00338	0.00108	0.00455	0.00325	0.00182	0.00444
7	0.00804	0.00938	0.18959	0.02466	0.01002	0.11202	0.06565	0.02802	0.14462	0.08516	0.21627	0.03736	0.04490	0.00485	0.00356	0.00107	0.00357	0.00413	0.00276	0.00437
8	0.00434	0.00347	0.00364	0.00365	0.00475	0.00296	0.00278	0.00530	0.00780	0.01954	0.07273	0.04251	0.72127	0.00833	0.00397	0.00115	0.00179	0.04938	0.03769	0.00293
9	0.02460	0.00703	0.00894	0.00697	0.00941	0.00708	0.06449	0.26994	0.08831	0.36648	0.05810	0.01116	0.00879	0.00422	0.00341	0.00104	0.00318	0.00349	0.04800	0.00534
10	0.00641	0.00599	0.01006	0.78275	0.06834	0.00733	0.00915	0.00859	0.00688	0.00890	0.02666	0.03203	0.00568	0.00364	0.00342	0.00113	0.00435	0.00326	0.00161	0.00381
11	0.00456	0.00339	0.00442	0.00458	0.00520	0.00332	0.00333	0.00578	0.02429	0.01014	0.27543	0.30750	0.12844	0.02640	0.17495	0.00208	0.00326	0.00686	0.00305	0.00300
12	0.00937	0.00596	0.00877	0.37382	0.04709	0.00650	0.00697	0.06949	0.03983	0.25897	0.06073	0.01112	0.00797	0.00523	0.05473	0.00134	0.00393	0.00339	0.02026	0.00452
13	0.12902	0.01269	0.02320	0.00836	0.03820	0.53194	0.03389	0.05646	0.02814	0.04695	0.00705	0.00845	0.02315	0.00381	0.00309	0.00096	0.00501	0.03339	0.00209	0.00414
14	0.00598	0.00353	0.00395	0.00378	0.00469	0.00342	0.00285	0.03623	0.00823	0.02942	0.26359	0.05017	0.09117	0.00549	0.00312	0.00094	0.00171	0.00463	0.47383	0.00327
15	0.00419	0.00343	0.00368	0.00364	0.00468	0.00293	0.00271	0.00519	0.00806	0.01006	0.21030	0.05049	0.65098	0.01948	0.00418	0.00116	0.00172	0.00696	0.00326	0.00292
16	0.00707	0.00645	0.00913	0.10951	0.26047	0.05541	0.02735	0.02788	0.03420	0.02132	0.05459	0.20969	0.04042	0.00589	0.00450	0.02141	0.07109	0.02730	0.00230	0.00402
17	0.07404	0.00538	0.00647	0.00544	0.00730	0.00515	0.00432	0.12771	0.00952	0.36166	0.09738	0.14246	0.11040	0.00582	0.00355	0.00110	0.00256	0.00486	0.02035	0.00454
18	0.00414	0.00297	0.00394	0.00471	0.00494	0.00277	0.00316	0.00475	0.00653	0.00868	0.01897	0.85046	0.03909	0.01056	0.00432	0.00137	0.00198	0.02076	0.00314	0.00276
19	0.02435	0.03822	0.00744	0.04286	0.00829	0.03413	0.00479	0.09601	0.00995	0.38080	0.27898	0.01545	0.02685	0.00503	0.00353	0.00104	0.00275	0.01127	0.00361	0.00466
20	0.00918	0.05834	0.19844	0.02582	0.04887	0.02982	0.08050	0.08229	0.10260	0.15719	0.00891	0.01056	0.00691	0.05490	0.04697	0.00142	0.04940	0.02068	0.00243	0.00476
21	0.06634	0.00743	0.05150	0.03596	0.04657	0.09081	0.08041	0.07240	0.01339	0.05680	0.00793	0.00972	0.00636	0.00708	0.13125	0.00168	0.10753	0.00306	0.19978	0.00400
22	0.20740	0.04902	0.16313	0.09345	0.14969	0.06663	0.00786	0.08994	0.00763	0.01193	0.00580	0.00742	0.00466	0.01969	0.00411	0.00111	0.10168	0.00258	0.00185	0.00442
23	0.00513	0.00403	0.00544	0.00530	0.00619	0.00394	0.04102	0.00630	0.00773	0.02924	0.17466	0.18493	0.27003	0.00827	0.00468	0.00128	0.06364	0.17196	0.00309	0.00315
24	0.13514	0.01515	0.00800	0.13661	0.12200	0.00606	0.02451	0.05135	0.00755	0.01141	0.02002	0.07670	0.02108	0.00511	0.00341	0.00109	0.00324	0.18711	0.00232	0.16213
25	0.00423	0.00325	0.00387	0.00413	0.00482	0.00289	0.00294	0.00514	0.00764	0.00992	0.20899	0.36940	0.34254	0.00903	0.00413	0.00122	0.00179	0.00792	0.00327	0.00289
26	0.00791	0.20490	0.02975	0.00624	0.00802	0.04607	0.00524	0.09992	0.21134	0.01084	0.00900	0.01099	0.00770	0.07307	0.25184	0.00241	0.00509	0.00321	0.00230	0.00420
27	0.00812	0.42827	0.30609	0.00789	0.01132	0.04829	0.07018	0.01027	0.00712	0.00917	0.00595	0.04383	0.00516	0.00342	0.00298	0.00092	0.02237	0.00259	0.00155	0.00449
28	0.00890	0.18170	0.14085	0.00729	0.00993	0.06905	0.02739	0.04718	0.36969	0.04762	0.04100	0.01003	0.00818	0.00396	0.00315	0.00102	0.00354	0.00314	0.00261	0.01377
29	0.00936	0.00740	0.00854	0.13986	0.01120	0.01974	0.00622	0.36891	0.18293	0.01557	0.04854	0.03638	0.03915	0.00503	0.00359	0.00113	0.00340	0.08518	0.00306	0.00480
30	0.00428	0.00338	0.00386	0.00387	0.00478	0.00296	0.00285	0.00535	0.00818	0.01055	0.30424	0.13547	0.48164	0.00829	0.00404	0.00115	0.00171	0.00712	0.00334	0.00296
31	0.02916	0.00499	0.01694	0.02637	0.00722	0.01773	0.03933	0.01948	0.14350	0.01112	0.16892	0.20853	0.14049	0.00738	0.00423	0.00124	0.03481	0.11193	0.00307	0.00356
32	0.01755	0.03610	0.08400	0.07812	0.11914	0.02446	0.00653	0.07051	0.05521	0.10829	0.03211	0.02979	0.01675	0.02262	0.26086	0.00240	0.01275	0.01622	0.00232	0.00427
33	0.12524	0.00535	0.00643	0.00533	0.00732	0.00513	0.00431	0.04256	0.03627	0.45917	0.04344	0.04146	0.00964	0.02289	0.00347	0.00109	0.00261	0.03438	0.13917	0.00472
34	0.00484	0.00362	0.00519	0.00517	0.00572	0.00410	0.00392	0.00590	0.00563	0.00799	0.04161	0.02745	0.03823	0.12075	0.68669	0.00478	0.01945	0.00406	0.00197	0.00292
35	0.03048	0.10166	0.56707	0.06020	0.01378	0.02648	0.03805	0.02964	0.00742	0.05649	0.00630	0.00736	0.00458	0.00335	0.00339	0.00105	0.03366	0.00257	0.00166	0.00481
36	0.04379	0.00749	0.15984	0.00639	0.00894	0.00544	0.01759	0.04966	0.00864	0.40059	0.04096	0.01414	0.09653	0.00599	0.04201	0.04126	0.00345	0.03941	0.00316	0.00472

[dist]
# distance from previous block
# <min> <max>
0	52

# created by:
# /home/simao/soft/augustus-3.0.3/scripts/msa2prfl.pl ./prep/77568.aln
