[name]
unknown

[dist]
# distance from previous block
# <min> <max>
0	384

[block]
# block no. 0 follows, 81 sequences, length 18
# corresponding to MSA columns:
# 464-481
name=unknown_A
#
# <colnr> <probs for GDERKNQSTAVLIFYWHMCP>
#	G	D	E	R	K	N	Q	S	T	A	V	L	I	F	Y	W	H	M	C	P
0	0.03640	0.10347	0.05005	0.02452	0.01037	0.08521	0.04629	0.34345	0.03741	0.09454	0.00938	0.02737	0.02376	0.00437	0.00336	0.00104	0.00386	0.05456	0.01549	0.02510
1	0.09576	0.03898	0.00860	0.00820	0.12853	0.02718	0.02954	0.07504	0.05113	0.11206	0.02171	0.13440	0.01869	0.00484	0.00340	0.00102	0.01138	0.04172	0.00267	0.18517
2	0.00564	0.00392	0.00466	0.00460	0.00558	0.00367	0.00338	0.00745	0.08527	0.07764	0.22077	0.25908	0.27054	0.02627	0.00435	0.00125	0.00201	0.00708	0.00344	0.00342
3	0.00741	0.11582	0.73393	0.00936	0.01410	0.03994	0.01176	0.01098	0.00735	0.01053	0.00601	0.00706	0.00439	0.00326	0.00315	0.00105	0.00499	0.00246	0.00147	0.00499
4	0.00983	0.06840	0.19141	0.00893	0.05291	0.04228	0.11151	0.13203	0.05783	0.16502	0.03319	0.04899	0.02842	0.00424	0.00348	0.00107	0.00400	0.01395	0.00265	0.01985
5	0.06147	0.00646	0.00820	0.00632	0.00898	0.00601	0.00522	0.13370	0.01058	0.69692	0.01241	0.01095	0.00792	0.00420	0.00340	0.00106	0.00305	0.00334	0.00405	0.00577
6	0.00855	0.00821	0.01402	0.02120	0.85704	0.00821	0.01060	0.01060	0.00787	0.01129	0.00650	0.00855	0.00547	0.00308	0.00342	0.00103	0.00410	0.00308	0.00171	0.00547
7	0.00728	0.00689	0.01170	0.43948	0.32175	0.00764	0.05112	0.00959	0.02745	0.00994	0.00718	0.02446	0.00603	0.02762	0.00391	0.00118	0.00432	0.02630	0.00174	0.00442
8	0.00814	0.00491	0.00631	0.05496	0.03431	0.03070	0.01587	0.01924	0.03699	0.23402	0.06558	0.34624	0.08106	0.00718	0.00387	0.00120	0.00264	0.00631	0.03647	0.00400
9	0.01550	0.00588	0.00802	0.00615	0.00882	0.00508	0.00508	0.01684	0.00989	0.85944	0.01363	0.01176	0.00855	0.00428	0.00347	0.00107	0.00294	0.00347	0.00428	0.00588
10	0.15114	0.00605	0.00745	0.00585	0.00835	0.00566	0.00482	0.05356	0.00944	0.65185	0.01192	0.01071	0.00770	0.00409	0.00322	0.00106	0.00288	0.00320	0.04563	0.00543
11	0.01714	0.00524	0.00745	0.07204	0.05513	0.02920	0.04660	0.00756	0.02708	0.01922	0.00871	0.01307	0.02138	0.13536	0.32473	0.06714	0.10494	0.00368	0.03102	0.00331
12	0.01008	0.00706	0.03341	0.21094	0.12601	0.00700	0.09140	0.04569	0.09018	0.27246	0.02239	0.03588	0.00784	0.00412	0.00358	0.00112	0.00380	0.01924	0.00280	0.00499
13	0.01472	0.00586	0.00781	0.00608	0.00863	0.00521	0.00499	0.01657	0.05965	0.77465	0.01356	0.01187	0.00868	0.00429	0.00343	0.00106	0.00287	0.00349	0.04082	0.00575
14	0.06894	0.00377	0.00461	0.00433	0.00526	0.00357	0.00326	0.00673	0.00900	0.03184	0.64550	0.02388	0.10894	0.00718	0.00448	0.05437	0.00183	0.00578	0.00350	0.00321
15	0.00950	0.42925	0.16418	0.05920	0.06180	0.09345	0.00766	0.04505	0.03107	0.06059	0.00621	0.00700	0.00497	0.00328	0.00280	0.00090	0.00420	0.00236	0.00182	0.00471
16	0.00915	0.20917	0.24648	0.02139	0.11510	0.17645	0.07685	0.01180	0.05789	0.02366	0.00638	0.00744	0.00505	0.00335	0.00322	0.00098	0.01653	0.00263	0.00175	0.00475
17	0.00776	0.00773	0.00854	0.00761	0.00809	0.14137	0.00601	0.00895	0.05612	0.00843	0.00666	0.01028	0.00639	0.10526	0.11353	0.04479	0.43208	0.00326	0.01360	0.00353

[dist]
# distance from previous block
# <min> <max>
1	28

[block]
# block no. 1 follows, 81 sequences, length 26
# corresponding to MSA columns:
# 510-535
name=unknown_B
#
# <colnr> <probs for GDERKNQSTAVLIFYWHMCP>
#	G	D	E	R	K	N	Q	S	T	A	V	L	I	F	Y	W	H	M	C	P
0	0.00835	0.05607	0.09097	0.06403	0.31739	0.01674	0.11198	0.02817	0.03354	0.04181	0.00687	0.00842	0.00546	0.00346	0.01464	0.00102	0.01742	0.00294	0.00191	0.16882
1	0.03577	0.22241	0.07806	0.02809	0.02363	0.23847	0.02673	0.19388	0.05456	0.02432	0.00660	0.00732	0.00521	0.00391	0.01454	0.00102	0.02604	0.00256	0.00217	0.00472
2	0.13235	0.01898	0.00861	0.00750	0.02017	0.26772	0.00587	0.02346	0.01830	0.12165	0.00683	0.00831	0.00558	0.02438	0.07766	0.00151	0.19771	0.00273	0.00217	0.04853
3	0.00766	0.01902	0.02858	0.15496	0.26231	0.01573	0.15769	0.03400	0.06805	0.01108	0.00898	0.01149	0.03729	0.01627	0.04263	0.00132	0.01583	0.02606	0.07654	0.00452
4	0.00550	0.00420	0.00561	0.11808	0.00778	0.00439	0.00423	0.00686	0.01897	0.03421	0.35754	0.02202	0.16970	0.10421	0.05021	0.02073	0.05421	0.00538	0.00293	0.00323
5	0.00443	0.00340	0.00403	0.00410	0.00491	0.00303	0.00298	0.00550	0.00825	0.01084	0.33381	0.21496	0.35374	0.02477	0.00440	0.00123	0.00179	0.00742	0.00341	0.00300
6	0.90299	0.00668	0.00508	0.00454	0.00668	0.00775	0.00374	0.01015	0.00588	0.01550	0.00481	0.00561	0.00374	0.00321	0.00214	0.00107	0.00267	0.00187	0.00214	0.00374
7	0.00434	0.00350	0.00387	0.00380	0.00483	0.00302	0.00284	0.00545	0.00845	0.01075	0.29404	0.05154	0.57491	0.00827	0.00409	0.00115	0.00172	0.00702	0.00340	0.00302
8	0.90299	0.00668	0.00508	0.00454	0.00668	0.00775	0.00374	0.01015	0.00588	0.01550	0.00481	0.00561	0.00374	0.00321	0.00214	0.00107	0.00267	0.00187	0.00214	0.00374
9	0.01313	0.00968	0.01037	0.00795	0.01071	0.01071	0.00657	0.84552	0.01624	0.02177	0.00829	0.00829	0.00587	0.00415	0.00346	0.00104	0.00380	0.00311	0.00346	0.00587
10	0.90299	0.00668	0.00508	0.00454	0.00668	0.00775	0.00374	0.01015	0.00588	0.01550	0.00481	0.00561	0.00374	0.00321	0.00214	0.00107	0.00267	0.00187	0.00214	0.00374
11	0.01242	0.00932	0.00997	0.00780	0.01044	0.01038	0.00639	0.71541	0.14752	0.02062	0.00920	0.00902	0.00661	0.00423	0.00347	0.00106	0.00363	0.00324	0.00347	0.00581
12	0.00859	0.00742	0.00781	0.00703	0.00898	0.00859	0.00547	0.01836	0.85080	0.01445	0.01406	0.01289	0.01055	0.00469	0.00352	0.00117	0.00273	0.00391	0.00352	0.00547
13	0.00517	0.00365	0.00438	0.00412	0.00518	0.00323	0.00312	0.00650	0.00905	0.05964	0.49155	0.02789	0.34869	0.00756	0.00404	0.00112	0.00175	0.00649	0.00360	0.00327
14	0.00585	0.00458	0.01864	0.00650	0.10733	0.00406	0.00436	0.00749	0.00916	0.04355	0.57990	0.02214	0.09225	0.00622	0.00385	0.00104	0.00210	0.00548	0.00335	0.07216
15	0.00524	0.00412	0.00599	0.00583	0.00631	0.00496	0.00452	0.00630	0.00552	0.00799	0.00915	0.04470	0.00892	0.08228	0.67060	0.00476	0.11392	0.00393	0.00188	0.00309
16	0.04014	0.00461	0.00593	0.00510	0.00662	0.00423	0.00397	0.03126	0.00947	0.32089	0.40768	0.07452	0.03218	0.03250	0.00420	0.00117	0.00227	0.00522	0.00381	0.00422
17	0.00688	0.00398	0.00523	0.00467	0.00584	0.00360	0.00359	0.00843	0.00975	0.17393	0.67522	0.02333	0.04868	0.00658	0.00396	0.00109	0.00188	0.00575	0.00388	0.00375
18	0.00759	0.13070	0.53818	0.02202	0.04505	0.02143	0.14666	0.01082	0.00740	0.01047	0.00610	0.00745	0.00457	0.00324	0.00346	0.00106	0.02463	0.00274	0.00152	0.00489
19	0.00816	0.00566	0.00894	0.52633	0.02989	0.00645	0.00757	0.01003	0.00751	0.18741	0.05389	0.01166	0.00765	0.05443	0.05870	0.00153	0.00431	0.00348	0.00229	0.00411
20	0.00413	0.00330	0.00371	0.00403	0.00481	0.00287	0.00286	0.00490	0.00736	0.00912	0.02852	0.37548	0.51759	0.00959	0.00422	0.00126	0.00185	0.00832	0.00321	0.00287
21	0.15484	0.00623	0.00808	0.00796	0.13024	0.00603	0.00551	0.04759	0.02697	0.44976	0.07631	0.04677	0.00972	0.00442	0.00334	0.00108	0.00296	0.00363	0.00343	0.00514
22	0.00869	0.01336	0.44566	0.01081	0.04225	0.02628	0.21703	0.05008	0.02245	0.10609	0.00742	0.00846	0.00527	0.00341	0.00363	0.00111	0.01784	0.00310	0.00199	0.00509
23	0.04131	0.00610	0.01002	0.27354	0.19774	0.00668	0.07836	0.02668	0.00714	0.00999	0.00910	0.17606	0.00883	0.00747	0.10600	0.00170	0.02279	0.00448	0.00201	0.00402
24	0.23565	0.01493	0.02365	0.00538	0.01902	0.00532	0.02575	0.03983	0.01966	0.01310	0.30709	0.10305	0.05881	0.02319	0.02049	0.00124	0.01352	0.02732	0.00292	0.04006
25	0.02321	0.02055	0.08004	0.07699	0.23987	0.08546	0.05859	0.01044	0.05832	0.04112	0.07101	0.01141	0.04710	0.01765	0.00444	0.01241	0.07628	0.01146	0.00213	0.05152

[dist]
# distance from previous block
# <min> <max>
2	9

[block]
# block no. 2 follows, 81 sequences, length 29
# corresponding to MSA columns:
# 545-557,559-574
name=unknown_C
#
# <colnr> <probs for GDERKNQSTAVLIFYWHMCP>
#	G	D	E	R	K	N	Q	S	T	A	V	L	I	F	Y	W	H	M	C	P
0	0.04380	0.17776	0.05479	0.02285	0.15022	0.16683	0.11241	0.09105	0.00873	0.04154	0.00685	0.04434	0.00578	0.00364	0.00329	0.00097	0.01722	0.00300	0.00202	0.04290
1	0.00571	0.00479	0.00539	0.07415	0.00736	0.04090	0.00422	0.00789	0.12120	0.00995	0.07699	0.12097	0.22802	0.14070	0.00612	0.00157	0.00279	0.13503	0.00292	0.00331
2	0.04214	0.00490	0.00624	0.00655	0.08996	0.00489	0.02558	0.02160	0.13716	0.01212	0.29720	0.04173	0.21051	0.00675	0.00444	0.05990	0.00235	0.00536	0.01690	0.00371
3	0.00576	0.00331	0.00361	0.00361	0.00408	0.00335	0.00242	0.00669	0.00623	0.01004	0.01097	0.01685	0.01033	0.35828	0.07058	0.00217	0.00286	0.00398	0.47212	0.00276
4	0.00453	0.00351	0.00416	0.00405	0.00498	0.00317	0.00302	0.00574	0.00849	0.01121	0.40215	0.04420	0.39352	0.02896	0.06160	0.00148	0.00224	0.00658	0.00336	0.00306
5	0.00756	0.00621	0.00726	0.00521	0.00826	0.00475	0.00418	0.02722	0.00745	0.03821	0.00642	0.00733	0.00524	0.00265	0.00261	0.00054	0.00260	0.00211	0.00215	0.85205
6	0.00903	0.00764	0.00806	0.00712	0.00915	0.00880	0.00557	0.09873	0.76971	0.01516	0.01350	0.01244	0.01009	0.00463	0.00351	0.00116	0.00284	0.00383	0.00351	0.00551
7	0.55883	0.00784	0.00712	0.00586	0.00824	0.00890	0.00483	0.33325	0.00989	0.01793	0.00616	0.00665	0.00457	0.00357	0.00265	0.00106	0.00311	0.00235	0.00265	0.00457
8	0.00587	0.08673	0.00587	0.00458	0.00510	0.00493	0.00317	0.04520	0.00581	0.00776	0.00961	0.01802	0.01040	0.55700	0.16263	0.04140	0.01696	0.00429	0.00202	0.00266
9	0.00846	0.00935	0.01861	0.01349	0.01672	0.04492	0.72242	0.05840	0.00861	0.01146	0.00755	0.04912	0.00606	0.00337	0.00402	0.00116	0.00555	0.00421	0.00191	0.00462
10	0.01333	0.00850	0.00953	0.00740	0.01007	0.00907	0.00608	0.55829	0.08946	0.23647	0.01018	0.00960	0.00698	0.00423	0.00347	0.00106	0.00348	0.00328	0.00367	0.00584
11	0.00778	0.00768	0.01218	0.39196	0.38958	0.05579	0.04299	0.00987	0.00753	0.00998	0.00661	0.03063	0.00546	0.00346	0.00347	0.00109	0.00446	0.00324	0.00168	0.00457
12	0.07137	0.05516	0.11403	0.01255	0.06956	0.02806	0.51251	0.01077	0.00781	0.02013	0.00737	0.01800	0.01806	0.00337	0.00381	0.00113	0.01812	0.02178	0.00182	0.00459
13	0.00465	0.00310	0.00416	0.00477	0.00505	0.00290	0.00322	0.00513	0.00665	0.02801	0.05347	0.73135	0.03296	0.01059	0.00518	0.08193	0.00210	0.00888	0.00310	0.00278
14	0.00415	0.00344	0.00363	0.00371	0.00474	0.00293	0.00273	0.00504	0.00785	0.00957	0.08610	0.12980	0.70667	0.00888	0.00412	0.00119	0.00177	0.00751	0.00325	0.00293
15	0.00524	0.00479	0.04236	0.06816	0.02804	0.00414	0.06569	0.00663	0.00789	0.02732	0.17460	0.22950	0.28089	0.00770	0.00407	0.00121	0.00256	0.03283	0.00300	0.00337
16	0.01058	0.18511	0.14433	0.00978	0.10556	0.16590	0.08731	0.08063	0.00897	0.14306	0.00743	0.02340	0.00571	0.00357	0.00319	0.00098	0.00449	0.00287	0.00221	0.00491
17	0.05669	0.00878	0.00857	0.02667	0.00942	0.21407	0.00581	0.09270	0.00926	0.33159	0.00909	0.00950	0.00657	0.00658	0.09902	0.00156	0.09347	0.00303	0.00288	0.00475
18	0.72553	0.00747	0.00635	0.00636	0.07557	0.06449	0.00464	0.01049	0.00635	0.02954	0.00513	0.00607	0.00404	0.00334	0.00264	0.00107	0.03283	0.00206	0.00210	0.00394
19	0.00424	0.00302	0.00400	0.00477	0.00496	0.00283	0.00316	0.00482	0.00655	0.00873	0.01869	0.83988	0.02241	0.04788	0.00497	0.00149	0.00206	0.00962	0.00316	0.00278
20	0.01744	0.00771	0.00991	0.18348	0.03715	0.07843	0.11262	0.02149	0.28866	0.01859	0.04522	0.01176	0.02976	0.00410	0.00348	0.00107	0.00376	0.01842	0.00252	0.10445
21	0.00593	0.00377	0.00493	0.00501	0.00583	0.00345	0.00358	0.02368	0.00753	0.10162	0.11319	0.57485	0.02030	0.00940	0.03122	0.00139	0.00237	0.00781	0.00327	0.07088
22	0.39077	0.00624	0.00601	0.02406	0.00740	0.00679	0.00423	0.14428	0.05131	0.06173	0.09756	0.01345	0.14364	0.00479	0.00304	0.00108	0.00264	0.00363	0.02325	0.00410
23	0.01003	0.35592	0.07328	0.00689	0.00959	0.08818	0.02514	0.15619	0.03955	0.07782	0.01611	0.00865	0.03262	0.00462	0.03971	0.00110	0.00408	0.00273	0.02181	0.02597
24	0.00444	0.00327	0.00403	0.00440	0.00488	0.00302	0.00301	0.00516	0.00699	0.00921	0.11400	0.46319	0.17909	0.13306	0.02159	0.00167	0.00226	0.02040	0.00308	0.01323
25	0.00869	0.54803	0.29592	0.00732	0.01098	0.01164	0.00821	0.05630	0.00762	0.00980	0.00546	0.00627	0.00449	0.00313	0.00264	0.00087	0.00417	0.00215	0.00158	0.00473
26	0.00954	0.08686	0.10065	0.12146	0.03793	0.04150	0.18133	0.14248	0.04432	0.11413	0.00905	0.02323	0.02796	0.00392	0.00349	0.00108	0.00427	0.02216	0.01984	0.00481
27	0.00621	0.00557	0.00671	0.06727	0.00794	0.06624	0.00507	0.00764	0.05133	0.00894	0.01176	0.22807	0.04855	0.04798	0.18722	0.00228	0.18808	0.00514	0.04464	0.00336
28	0.00782	0.00667	0.02903	0.00560	0.00848	0.00537	0.00459	0.09624	0.03617	0.02826	0.00750	0.05704	0.00643	0.00332	0.00282	0.00066	0.00273	0.00270	0.00234	0.68623

[dist]
# distance from previous block
# <min> <max>
1	32

[block]
# block no. 3 follows, 81 sequences, length 13
# corresponding to MSA columns:
# 607-619
name=unknown_D
#
# <colnr> <probs for GDERKNQSTAVLIFYWHMCP>
#	G	D	E	R	K	N	Q	S	T	A	V	L	I	F	Y	W	H	M	C	P
0	0.00422	0.00324	0.00387	0.00426	0.00489	0.00289	0.00299	0.00502	0.00738	0.00946	0.09889	0.47476	0.34636	0.00969	0.00425	0.00128	0.00187	0.00853	0.00326	0.00289
1	0.00931	0.81666	0.01752	0.00614	0.00894	0.04563	0.00600	0.01040	0.00706	0.00815	0.00481	0.00564	0.00444	0.00309	0.00258	0.00077	0.03507	0.00190	0.00149	0.00439
2	0.00508	0.00347	0.00418	0.00411	0.00496	0.00316	0.00304	0.00641	0.00862	0.03171	0.43585	0.13122	0.20984	0.00743	0.00388	0.00111	0.00173	0.00645	0.12457	0.00318
3	0.01294	0.00597	0.00757	0.00611	0.00842	0.00570	0.00495	0.03624	0.17092	0.57491	0.03456	0.01237	0.00950	0.00512	0.03190	0.00122	0.00301	0.00361	0.05949	0.00548
4	0.00450	0.00341	0.00364	0.00367	0.00429	0.00310	0.00242	0.00498	0.00657	0.00816	0.02377	0.06428	0.45139	0.38954	0.01001	0.00213	0.00246	0.00641	0.00272	0.00255
5	0.00924	0.88067	0.01810	0.00591	0.00887	0.01367	0.00591	0.01034	0.00702	0.00813	0.00480	0.00554	0.00443	0.00296	0.00222	0.00074	0.00369	0.00185	0.00148	0.00443
6	0.90299	0.00668	0.00508	0.00454	0.00668	0.00775	0.00374	0.01015	0.00588	0.01550	0.00481	0.00561	0.00374	0.00321	0.00214	0.00107	0.00267	0.00187	0.00214	0.00374
7	0.01550	0.00588	0.00802	0.00615	0.00882	0.00508	0.00508	0.01684	0.00989	0.85944	0.01363	0.01176	0.00855	0.00428	0.00347	0.00107	0.00294	0.00347	0.00428	0.00588
8	0.00924	0.88067	0.01810	0.00591	0.00887	0.01367	0.00591	0.01034	0.00702	0.00813	0.00480	0.00554	0.00443	0.00296	0.00222	0.00074	0.00369	0.00185	0.00148	0.00443
9	0.00693	0.01787	0.86069	0.00985	0.01495	0.00802	0.01276	0.01094	0.00729	0.01094	0.00620	0.00729	0.00438	0.00328	0.00328	0.00109	0.00511	0.00255	0.00146	0.00511
10	0.00524	0.00367	0.00462	0.00435	0.00528	0.00338	0.00327	0.00691	0.02710	0.04113	0.67515	0.04329	0.13084	0.00714	0.00402	0.00110	0.00172	0.00624	0.02221	0.00334
11	0.00912	0.83559	0.06212	0.00612	0.00918	0.01337	0.00627	0.01038	0.00703	0.00827	0.00488	0.00563	0.00443	0.00297	0.00227	0.00076	0.00377	0.00188	0.00148	0.00447
12	0.03241	0.09356	0.11480	0.01868	0.07080	0.04087	0.00663	0.11862	0.03595	0.22482	0.02053	0.01075	0.02037	0.00454	0.02130	0.00111	0.02537	0.03431	0.03612	0.06846

[dist]
# distance from previous block
# <min> <max>
0	1

[block]
# block no. 4 follows, 81 sequences, length 35
# corresponding to MSA columns:
# 621-655
name=unknown_E
#
# <colnr> <probs for GDERKNQSTAVLIFYWHMCP>
#	G	D	E	R	K	N	Q	S	T	A	V	L	I	F	Y	W	H	M	C	P
0	0.01849	0.26216	0.14442	0.00893	0.03977	0.14566	0.12407	0.02304	0.02945	0.05597	0.01703	0.00786	0.00552	0.00452	0.04258	0.00119	0.06020	0.00274	0.00186	0.00454
1	0.00439	0.00312	0.00414	0.00490	0.00514	0.00295	0.00337	0.00505	0.00665	0.00884	0.01850	0.74737	0.02197	0.06086	0.00521	0.00153	0.00219	0.08789	0.00314	0.00280
2	0.01092	0.02873	0.01048	0.00888	0.01079	0.52082	0.09658	0.01377	0.17120	0.01014	0.04879	0.00884	0.00709	0.00395	0.00361	0.00100	0.03493	0.00297	0.00219	0.00432
3	0.00581	0.00340	0.00407	0.00436	0.00497	0.00328	0.00309	0.02875	0.00726	0.05065	0.01559	0.48891	0.01648	0.00779	0.00359	0.00115	0.00195	0.00687	0.33886	0.00319
4	0.00411	0.00350	0.00353	0.00353	0.00468	0.00293	0.00264	0.00500	0.00793	0.00947	0.05977	0.03302	0.83078	0.00870	0.00408	0.00116	0.00175	0.00726	0.00323	0.00293
5	0.00855	0.00821	0.01402	0.02120	0.85704	0.00821	0.01060	0.01060	0.00787	0.01129	0.00650	0.00855	0.00547	0.00308	0.00342	0.00103	0.00410	0.00308	0.00171	0.00547
6	0.90299	0.00668	0.00508	0.00454	0.00668	0.00775	0.00374	0.01015	0.00588	0.01550	0.00481	0.00561	0.00374	0.00321	0.00214	0.00107	0.00267	0.00187	0.00214	0.00374
7	0.90299	0.00668	0.00508	0.00454	0.00668	0.00775	0.00374	0.01015	0.00588	0.01550	0.00481	0.00561	0.00374	0.00321	0.00214	0.00107	0.00267	0.00187	0.00214	0.00374
8	0.90299	0.00668	0.00508	0.00454	0.00668	0.00775	0.00374	0.01015	0.00588	0.01550	0.00481	0.00561	0.00374	0.00321	0.00214	0.00107	0.00267	0.00187	0.00214	0.00374
9	0.46023	0.00628	0.00654	0.00534	0.00775	0.00642	0.00441	0.01349	0.00788	0.43653	0.00921	0.00868	0.00614	0.00374	0.00280	0.00107	0.00281	0.00267	0.00320	0.00481
10	0.00644	0.00322	0.00322	0.00322	0.00402	0.00322	0.00241	0.00805	0.00724	0.01288	0.01127	0.01288	0.00885	0.00402	0.00241	0.00080	0.00161	0.00322	0.89777	0.00322
11	0.00497	0.00412	0.00623	0.00618	0.00663	0.00430	0.07433	0.00579	0.00657	0.00894	0.01616	0.69190	0.01902	0.00955	0.00527	0.00140	0.11424	0.00846	0.00287	0.00309
12	0.00644	0.00456	0.00529	0.00521	0.00599	0.00479	0.00365	0.00945	0.24468	0.05792	0.01430	0.25569	0.01468	0.29596	0.00869	0.02267	0.00277	0.03085	0.00295	0.00348
13	0.00783	0.00872	0.01856	0.14203	0.01865	0.00846	0.70320	0.01061	0.00794	0.01069	0.00710	0.02655	0.00550	0.00315	0.00399	0.00117	0.00557	0.00404	0.00174	0.00450
14	0.00693	0.01787	0.86069	0.00985	0.01495	0.00802	0.01276	0.01094	0.00729	0.01094	0.00620	0.00729	0.00438	0.00328	0.00328	0.00109	0.00511	0.00255	0.00146	0.00511
15	0.00855	0.00821	0.01402	0.02120	0.85704	0.00821	0.01060	0.01060	0.00787	0.01129	0.00650	0.00855	0.00547	0.00308	0.00342	0.00103	0.00410	0.00308	0.00171	0.00547
16	0.00426	0.00334	0.00385	0.00408	0.00486	0.00294	0.00292	0.00516	0.00776	0.00990	0.16381	0.31458	0.44192	0.00917	0.00419	0.00123	0.00182	0.00797	0.00330	0.00294
17	0.00471	0.00346	0.00442	0.00432	0.00509	0.00316	0.00319	0.00613	0.00915	0.01270	0.65670	0.14145	0.11716	0.00775	0.00412	0.00114	0.00169	0.00684	0.00366	0.00316
18	0.01451	0.02327	0.00918	0.00684	0.00955	0.00612	0.05507	0.11705	0.01050	0.67953	0.02370	0.01126	0.00827	0.00419	0.00349	0.00106	0.00321	0.00347	0.00397	0.00574
19	0.11748	0.00896	0.15973	0.01707	0.00969	0.00779	0.00648	0.22592	0.17984	0.05870	0.03014	0.06517	0.03837	0.01977	0.03850	0.00133	0.00362	0.00374	0.00287	0.00484
20	0.01050	0.00627	0.00772	0.03208	0.00861	0.03955	0.05742	0.17642	0.00977	0.25049	0.01065	0.02519	0.00786	0.00587	0.07180	0.00135	0.00357	0.00343	0.26685	0.00461
21	0.01476	0.00661	0.00841	0.00650	0.00915	0.00622	0.00535	0.15932	0.05169	0.67458	0.01273	0.01122	0.00819	0.00427	0.00347	0.00107	0.00308	0.00343	0.00410	0.00586
22	0.00894	0.07633	0.05142	0.10388	0.51741	0.05299	0.03013	0.07234	0.00838	0.02153	0.00645	0.00823	0.00525	0.00328	0.00346	0.00103	0.01904	0.00295	0.00182	0.00512
23	0.00814	0.05436	0.12725	0.09791	0.29777	0.03394	0.07624	0.03220	0.12281	0.01120	0.00843	0.00978	0.03783	0.00378	0.00387	0.00109	0.05417	0.00327	0.01107	0.00489
24	0.00497	0.00332	0.00386	0.00396	0.00401	0.00329	0.00232	0.00505	0.00533	0.00712	0.02979	0.11463	0.01405	0.72907	0.01555	0.02669	0.00316	0.01940	0.00225	0.00220
25	0.00446	0.00352	0.00405	0.00394	0.00491	0.00314	0.00295	0.00561	0.00836	0.01086	0.33808	0.02899	0.47361	0.03533	0.05557	0.00146	0.00220	0.00662	0.00332	0.00303
26	0.00549	0.00356	0.00428	0.00411	0.00505	0.00324	0.00308	0.00686	0.00871	0.05749	0.42953	0.09360	0.20022	0.00707	0.00380	0.00108	0.00175	0.00611	0.15169	0.00328
27	0.00454	0.00352	0.00413	0.00398	0.00495	0.00311	0.00298	0.00584	0.00895	0.01189	0.49871	0.02904	0.39033	0.00780	0.00408	0.00112	0.00168	0.00670	0.00354	0.00311
28	0.03537	0.00576	0.00769	0.00595	0.00852	0.00502	0.00490	0.01608	0.00967	0.79227	0.01411	0.01238	0.03748	0.00440	0.00344	0.00107	0.00286	0.00356	0.02379	0.00567
29	0.00924	0.88067	0.01810	0.00591	0.00887	0.01367	0.00591	0.01034	0.00702	0.00813	0.00480	0.00554	0.00443	0.00296	0.00222	0.00074	0.00369	0.00185	0.00148	0.00443
30	0.02981	0.00544	0.03591	0.00613	0.00727	0.00569	0.02319	0.11702	0.02253	0.04582	0.00912	0.01324	0.00830	0.13700	0.46646	0.01391	0.04366	0.00369	0.00220	0.00361
31	0.02703	0.00643	0.00966	0.63618	0.01970	0.00776	0.00842	0.06542	0.11190	0.03233	0.00786	0.03887	0.00612	0.00392	0.00347	0.00115	0.00415	0.00339	0.00205	0.00419
32	0.00855	0.00821	0.01402	0.02120	0.85704	0.00821	0.01060	0.01060	0.00787	0.01129	0.00650	0.00855	0.00547	0.00308	0.00342	0.00103	0.00410	0.00308	0.00171	0.00547
33	0.00858	0.28105	0.03462	0.08857	0.13005	0.16261	0.05866	0.01000	0.00759	0.00907	0.00781	0.13181	0.01707	0.00443	0.00345	0.00101	0.03397	0.00360	0.00185	0.00421
34	0.04278	0.00909	0.01109	0.00844	0.01114	0.00982	0.11604	0.64729	0.01436	0.01959	0.06844	0.00958	0.00762	0.00416	0.00354	0.00106	0.00387	0.00342	0.00321	0.00545

[dist]
# distance from previous block
# <min> <max>
8	11

[block]
# block no. 5 follows, 81 sequences, length 18
# corresponding to MSA columns:
# 668-685
name=unknown_F
#
# <colnr> <probs for GDERKNQSTAVLIFYWHMCP>
#	G	D	E	R	K	N	Q	S	T	A	V	L	I	F	Y	W	H	M	C	P
0	0.61185	0.00699	0.00608	0.00526	0.00743	0.03131	0.00427	0.05637	0.07990	0.08846	0.00678	0.00726	0.00510	0.00423	0.03176	0.00120	0.00308	0.00233	0.00249	0.03785
1	0.00441	0.00350	0.00397	0.00388	0.00488	0.00305	0.00290	0.00559	0.00861	0.01115	0.36780	0.05681	0.49493	0.00813	0.00409	0.00114	0.00171	0.00695	0.00345	0.00305
2	0.00716	0.00614	0.00716	0.00512	0.00819	0.00461	0.00409	0.00870	0.00716	0.01126	0.00614	0.00716	0.00512	0.00256	0.00256	0.00051	0.00256	0.00205	0.00205	0.89971
3	0.00413	0.00350	0.00356	0.00355	0.00469	0.00294	0.00266	0.00504	0.00798	0.00958	0.08045	0.03283	0.81003	0.00866	0.00408	0.00116	0.00174	0.00723	0.00324	0.00294
4	0.00693	0.01787	0.86069	0.00985	0.01495	0.00802	0.01276	0.01094	0.00729	0.01094	0.00620	0.00729	0.00438	0.00328	0.00328	0.00109	0.00511	0.00255	0.00146	0.00511
5	0.00476	0.00353	0.00444	0.00421	0.00508	0.00321	0.00316	0.00628	0.00948	0.01315	0.72719	0.02697	0.16107	0.00733	0.00408	0.00110	0.00165	0.00641	0.00371	0.00321
6	0.00708	0.00399	0.00508	0.00468	0.00589	0.00356	0.00356	0.00830	0.00880	0.20708	0.33210	0.15127	0.19627	0.02505	0.00428	0.00120	0.00208	0.02238	0.00365	0.00370
7	0.00716	0.00614	0.00716	0.00512	0.00819	0.00461	0.00409	0.00870	0.00716	0.01126	0.00614	0.00716	0.00512	0.00256	0.00256	0.00051	0.00256	0.00205	0.00205	0.89971
8	0.00649	0.01538	0.00583	0.00587	0.02223	0.02806	0.00454	0.07293	0.00806	0.03873	0.03173	0.16398	0.06644	0.12878	0.00604	0.00160	0.00299	0.32466	0.02227	0.04339
9	0.04831	0.00657	0.00829	0.00640	0.00905	0.00618	0.00528	0.15228	0.02986	0.67142	0.01243	0.01099	0.00798	0.00422	0.00342	0.00107	0.00307	0.00336	0.00404	0.00579
10	0.00778	0.00463	0.00675	0.02651	0.00753	0.00487	0.03182	0.03228	0.00714	0.19922	0.05067	0.01371	0.02344	0.04363	0.45566	0.03510	0.02665	0.00381	0.01500	0.00379
11	0.02207	0.02217	0.00828	0.04364	0.08532	0.03826	0.05194	0.05300	0.02314	0.15371	0.28686	0.04235	0.01542	0.00519	0.01539	0.00107	0.00303	0.00427	0.00304	0.12187
12	0.00801	0.04072	0.01012	0.17491	0.14846	0.00709	0.03759	0.06373	0.05553	0.03168	0.02461	0.00871	0.00604	0.00332	0.00339	0.00088	0.03393	0.00281	0.00211	0.33636
13	0.00464	0.00349	0.00429	0.00415	0.00502	0.00314	0.00309	0.00601	0.00910	0.01237	0.59091	0.07523	0.25046	0.00772	0.00410	0.00113	0.00168	0.00672	0.00361	0.00314
14	0.00691	0.00594	0.02872	0.02453	0.12297	0.00569	0.09958	0.10433	0.04484	0.03138	0.02931	0.33974	0.08524	0.00698	0.00396	0.00122	0.00310	0.03208	0.01946	0.00402
15	0.04561	0.02814	0.01076	0.24042	0.08883	0.13629	0.09182	0.06352	0.06070	0.08539	0.02070	0.02015	0.01490	0.00386	0.00361	0.00107	0.02850	0.01188	0.01147	0.03239
16	0.00948	0.13472	0.12216	0.07524	0.16448	0.06092	0.04206	0.05777	0.02504	0.14421	0.01910	0.01037	0.04102	0.00423	0.00387	0.03481	0.02305	0.02045	0.00228	0.00475
17	0.00424	0.00325	0.00390	0.00433	0.00494	0.00290	0.00305	0.00504	0.00734	0.00942	0.08819	0.48730	0.32698	0.00976	0.00427	0.00130	0.00191	0.02575	0.00325	0.00289

[dist]
# distance from previous block
# <min> <max>
2	11

[block]
# block no. 6 follows, 81 sequences, length 8
# corresponding to MSA columns:
# 697-704
name=unknown_G
#
# <colnr> <probs for GDERKNQSTAVLIFYWHMCP>
#	G	D	E	R	K	N	Q	S	T	A	V	L	I	F	Y	W	H	M	C	P
0	0.39252	0.00722	0.04159	0.00579	0.00757	0.03377	0.00477	0.14244	0.03104	0.03072	0.00742	0.03799	0.00657	0.11910	0.06415	0.00170	0.05629	0.00306	0.00236	0.00395
1	0.25365	0.00634	0.00712	0.03272	0.00837	0.00670	0.02924	0.18729	0.00921	0.18983	0.01002	0.11974	0.00831	0.00534	0.02851	0.00122	0.00313	0.00376	0.08502	0.00448
2	0.24249	0.01851	0.03727	0.02383	0.20841	0.03006	0.02099	0.02364	0.05835	0.02585	0.05738	0.03674	0.04340	0.00397	0.00322	0.00100	0.02295	0.00320	0.00226	0.13647
3	0.06128	0.04857	0.09124	0.04084	0.13300	0.08282	0.02522	0.19767	0.03113	0.02731	0.06038	0.02415	0.02542	0.00393	0.00337	0.00098	0.01803	0.00315	0.00241	0.11908
4	0.00881	0.00499	0.00612	0.00501	0.00704	0.00425	0.00395	0.01038	0.03503	0.27863	0.11299	0.06775	0.16432	0.00537	0.00343	0.00096	0.00235	0.00451	0.04624	0.22787
5	0.00810	0.06233	0.10799	0.03204	0.23162	0.04115	0.07608	0.04166	0.06904	0.05216	0.09151	0.03006	0.07222	0.00450	0.00363	0.00107	0.01435	0.02935	0.00238	0.02875
6	0.00577	0.00356	0.00457	0.00468	0.00548	0.00321	0.00337	0.00672	0.00788	0.11854	0.19431	0.46062	0.15030	0.00889	0.00417	0.00126	0.00201	0.00788	0.00347	0.00331
7	0.00679	0.00630	0.01004	0.76008	0.02190	0.00779	0.00907	0.01004	0.11465	0.00954	0.00715	0.00968	0.00536	0.00361	0.00346	0.00115	0.00437	0.00318	0.00179	0.00405

[dist]
# distance from previous block
# <min> <max>
4	10

[block]
# block no. 7 follows, 81 sequences, length 20
# corresponding to MSA columns:
# 716-735
name=unknown_H
#
# <colnr> <probs for GDERKNQSTAVLIFYWHMCP>
#	G	D	E	R	K	N	Q	S	T	A	V	L	I	F	Y	W	H	M	C	P
0	0.00864	0.00827	0.01400	0.02023	0.77989	0.00837	0.03552	0.03562	0.00805	0.01150	0.00651	0.00853	0.00545	0.00320	0.00369	0.00105	0.03122	0.00311	0.00176	0.00541
1	0.01304	0.00615	0.02304	0.00663	0.03409	0.00548	0.00527	0.04117	0.08112	0.59784	0.01325	0.06136	0.00948	0.00470	0.00350	0.00108	0.00293	0.02725	0.02247	0.04013
2	0.77530	0.04419	0.00668	0.00531	0.00756	0.00810	0.05546	0.01054	0.03879	0.01487	0.00530	0.00612	0.00413	0.00324	0.00231	0.00106	0.00291	0.00208	0.00214	0.00389
3	0.00764	0.00673	0.04390	0.00543	0.00857	0.00493	0.00457	0.03121	0.00752	0.04494	0.00649	0.00738	0.00524	0.00270	0.00265	0.00057	0.00272	0.00215	0.00215	0.80252
4	0.00487	0.00342	0.00431	0.00426	0.00496	0.00317	0.00310	0.00623	0.00878	0.01245	0.57813	0.15582	0.07308	0.04470	0.00457	0.00121	0.00177	0.00656	0.07549	0.00312
5	0.00563	0.00463	0.00681	0.00797	0.18145	0.00437	0.02468	0.00729	0.00912	0.01273	0.56480	0.02271	0.12155	0.00634	0.00394	0.00109	0.00225	0.00566	0.00325	0.00371
6	0.00878	0.00752	0.00792	0.00707	0.00906	0.00868	0.00551	0.05297	0.81588	0.01476	0.01382	0.01270	0.01035	0.00466	0.00351	0.00117	0.00278	0.00387	0.00351	0.00549
7	0.00924	0.88067	0.01810	0.00591	0.00887	0.01367	0.00591	0.01034	0.00702	0.00813	0.00480	0.00554	0.00443	0.00296	0.00222	0.00074	0.00369	0.00185	0.00148	0.00443
8	0.01182	0.01455	0.01225	0.01017	0.01238	0.63328	0.19970	0.04650	0.00967	0.00959	0.00584	0.00702	0.00469	0.00343	0.00335	0.00096	0.00604	0.00269	0.00184	0.00423
9	0.49403	0.14345	0.00834	0.00576	0.00801	0.13502	0.00481	0.07657	0.00770	0.05867	0.00588	0.00674	0.00464	0.00344	0.00251	0.00099	0.00345	0.01265	0.01319	0.00416
10	0.00964	0.01102	0.00760	0.00721	0.00835	0.49799	0.00534	0.01040	0.00823	0.00832	0.00894	0.04885	0.00918	0.20632	0.00687	0.00158	0.02016	0.11849	0.00210	0.00340
11	0.00551	0.00408	0.00472	0.03856	0.00536	0.03713	0.00310	0.00570	0.00540	0.00710	0.01016	0.05061	0.01127	0.58517	0.09940	0.07804	0.02695	0.01734	0.00203	0.00237
12	0.00420	0.00337	0.00366	0.00384	0.00475	0.00291	0.00278	0.00506	0.00762	0.00946	0.05944	0.23905	0.60079	0.00908	0.00412	0.00121	0.00180	0.00777	0.02618	0.00291
13	0.00430	0.00334	0.00392	0.00418	0.00493	0.00296	0.00300	0.00522	0.00775	0.00994	0.16959	0.33705	0.39663	0.00923	0.00421	0.00125	0.00185	0.02444	0.00331	0.00294
14	0.00924	0.88067	0.01810	0.00591	0.00887	0.01367	0.00591	0.01034	0.00702	0.00813	0.00480	0.00554	0.00443	0.00296	0.00222	0.00074	0.00369	0.00185	0.00148	0.00443
15	0.01197	0.00492	0.00675	0.00555	0.00731	0.00443	0.00435	0.01265	0.02434	0.54209	0.04508	0.01199	0.00881	0.00666	0.00643	0.26546	0.00288	0.00345	0.02044	0.00443
16	0.00780	0.10005	0.00996	0.00824	0.12132	0.04349	0.04130	0.01750	0.04126	0.01088	0.04730	0.01923	0.00704	0.00380	0.01466	0.00087	0.06680	0.01204	0.01564	0.41083
17	0.00502	0.00335	0.00377	0.00377	0.00377	0.00335	0.00209	0.00502	0.00502	0.00670	0.01088	0.02261	0.01256	0.87859	0.01758	0.00335	0.00335	0.00502	0.00209	0.00209
18	0.16263	0.12659	0.05422	0.00762	0.11017	0.04176	0.00574	0.03611	0.03984	0.04369	0.02306	0.01777	0.01608	0.00331	0.00277	0.00084	0.00322	0.00254	0.00215	0.29990
19	0.02231	0.05802	0.15545	0.07140	0.15174	0.03972	0.05440	0.09319	0.04762	0.05506	0.00731	0.02432	0.00576	0.00348	0.00333	0.00096	0.01846	0.00291	0.00213	0.18245

[dist]
# distance from previous block
# <min> <max>
2	63

[block]
# block no. 8 follows, 81 sequences, length 23
# corresponding to MSA columns:
# 799-821
name=unknown_I
#
# <colnr> <probs for GDERKNQSTAVLIFYWHMCP>
#	G	D	E	R	K	N	Q	S	T	A	V	L	I	F	Y	W	H	M	C	P
0	0.02729	0.31435	0.20708	0.00904	0.10452	0.12553	0.01961	0.03393	0.03278	0.04164	0.00633	0.00727	0.00509	0.00382	0.02351	0.00103	0.00445	0.00245	0.01649	0.01377
1	0.00620	0.00415	0.00537	0.00474	0.00586	0.00373	0.00350	0.01850	0.02736	0.02948	0.30457	0.03491	0.01568	0.00767	0.00693	0.30850	0.00240	0.00411	0.00261	0.20373
2	0.01903	0.13160	0.12068	0.04934	0.15548	0.08082	0.01874	0.16166	0.02301	0.04889	0.00755	0.04381	0.00636	0.03669	0.03170	0.00125	0.03191	0.00314	0.00219	0.02618
3	0.05396	0.06950	0.18274	0.03315	0.14034	0.03737	0.05461	0.04555	0.04565	0.25032	0.03722	0.00958	0.00703	0.00375	0.00341	0.00106	0.01390	0.00311	0.00260	0.00514
4	0.00455	0.00339	0.00426	0.00460	0.00516	0.00317	0.00323	0.00582	0.04059	0.01048	0.24938	0.50216	0.13177	0.00929	0.00424	0.00128	0.00190	0.00829	0.00338	0.00305
5	0.05124	0.02745	0.00934	0.00778	0.00939	0.24239	0.04182	0.06467	0.00859	0.19754	0.00867	0.06269	0.00731	0.01543	0.02499	0.00127	0.18048	0.03205	0.00253	0.00437
6	0.00845	0.03406	0.09158	0.16228	0.07295	0.03961	0.09776	0.04966	0.18431	0.08246	0.03069	0.02447	0.04846	0.02461	0.01338	0.00122	0.01608	0.01081	0.00249	0.00466
7	0.00953	0.06702	0.13090	0.19555	0.12072	0.03794	0.09735	0.03938	0.01722	0.19421	0.00815	0.00959	0.00602	0.03259	0.01799	0.00121	0.00437	0.00317	0.00228	0.00481
8	0.00413	0.00332	0.00368	0.00397	0.00479	0.00288	0.00283	0.00491	0.00742	0.00915	0.02930	0.33434	0.55823	0.00949	0.00420	0.00125	0.00184	0.00819	0.00321	0.00288
9	0.00855	0.00768	0.01186	0.01665	0.60088	0.03245	0.00885	0.04160	0.02844	0.04787	0.05951	0.03142	0.04397	0.00409	0.00370	0.00107	0.02184	0.02232	0.00218	0.00507
10	0.04749	0.00637	0.05018	0.08038	0.02682	0.04233	0.05747	0.08353	0.02773	0.05015	0.01354	0.22747	0.01396	0.00711	0.00403	0.00131	0.00344	0.25003	0.00282	0.00386
11	0.00454	0.00368	0.00408	0.00431	0.00519	0.00340	0.00310	0.00613	0.08477	0.00961	0.02719	0.34221	0.47105	0.00914	0.00415	0.00125	0.00193	0.00791	0.00324	0.00311
12	0.00684	0.00571	0.01987	0.00525	0.00751	0.00482	0.00419	0.00959	0.12841	0.03124	0.22959	0.02798	0.03082	0.00435	0.00318	0.00081	0.00236	0.00368	0.00280	0.47098
13	0.90299	0.00668	0.00508	0.00454	0.00668	0.00775	0.00374	0.01015	0.00588	0.01550	0.00481	0.00561	0.00374	0.00321	0.00214	0.00107	0.00267	0.00187	0.00214	0.00374
14	0.00480	0.00353	0.00450	0.00426	0.00511	0.00322	0.00319	0.00635	0.00958	0.01337	0.76799	0.02660	0.12012	0.00724	0.00408	0.00110	0.00164	0.00636	0.00374	0.00322
15	0.00506	0.00347	0.00452	0.00448	0.00521	0.00321	0.00328	0.00641	0.00884	0.03739	0.57406	0.22847	0.04893	0.00813	0.01744	0.00123	0.00188	0.00692	0.02784	0.00322
16	0.00734	0.17121	0.71094	0.00915	0.01387	0.00903	0.01155	0.01083	0.00724	0.01044	0.00595	0.00698	0.00439	0.00322	0.00309	0.00103	0.00485	0.00243	0.00146	0.00499
17	0.00704	0.00591	0.00663	0.00603	0.00746	0.00659	0.00467	0.01315	0.48182	0.01362	0.28677	0.01816	0.07378	0.00579	0.00411	0.00116	0.04447	0.00485	0.00349	0.00450
18	0.90299	0.00668	0.00508	0.00454	0.00668	0.00775	0.00374	0.01015	0.00588	0.01550	0.00481	0.00561	0.00374	0.00321	0.00214	0.00107	0.00267	0.00187	0.00214	0.00374
19	0.00419	0.00308	0.00393	0.00460	0.00496	0.00282	0.00312	0.00483	0.00681	0.00890	0.02154	0.74404	0.15353	0.01050	0.00436	0.00137	0.00196	0.00942	0.00321	0.00282
20	0.00502	0.00335	0.00377	0.00377	0.00377	0.00335	0.00209	0.00502	0.00502	0.00670	0.01088	0.02261	0.01256	0.87859	0.01758	0.00335	0.00335	0.00502	0.00209	0.00209
21	0.00630	0.00448	0.00532	0.00486	0.00588	0.00466	0.00377	0.04835	0.03812	0.05825	0.15801	0.02100	0.28350	0.03610	0.06533	0.01854	0.09621	0.00513	0.13274	0.00347
22	0.43172	0.13420	0.00923	0.04053	0.02928	0.24146	0.03212	0.01112	0.00725	0.01189	0.00511	0.00614	0.00417	0.00332	0.00274	0.00099	0.02072	0.00213	0.00189	0.00399

[dist]
# distance from previous block
# <min> <max>
1	25

[block]
# block no. 9 follows, 81 sequences, length 17
# corresponding to MSA columns:
# 847-863
name=unknown_J
#
# <colnr> <probs for GDERKNQSTAVLIFYWHMCP>
#	G	D	E	R	K	N	Q	S	T	A	V	L	I	F	Y	W	H	M	C	P
0	0.00837	0.19043	0.14959	0.00818	0.08204	0.02703	0.03575	0.07966	0.06654	0.06045	0.12885	0.01182	0.04155	0.00517	0.03811	0.00120	0.03034	0.00347	0.02687	0.00457
1	0.00968	0.00742	0.07359	0.15545	0.28933	0.00670	0.00806	0.03699	0.00855	0.24653	0.03965	0.01238	0.05878	0.00418	0.00353	0.00109	0.00368	0.02676	0.00263	0.00500
2	0.01070	0.00489	0.00637	0.00527	0.00712	0.00441	0.00421	0.01247	0.04333	0.45695	0.27784	0.01711	0.04816	0.00531	0.00360	0.00106	0.00236	0.00448	0.07965	0.00471
3	0.00484	0.00362	0.00519	0.00524	0.00582	0.00406	0.00397	0.00592	0.00572	0.00805	0.01156	0.07112	0.06100	0.08929	0.69243	0.00485	0.00788	0.00441	0.00204	0.00298
4	0.00491	0.00339	0.00395	0.00396	0.00415	0.00337	0.00242	0.00520	0.00563	0.00753	0.06728	0.04799	0.07697	0.66310	0.08349	0.00316	0.00355	0.00531	0.00230	0.00233
5	0.84218	0.00663	0.00528	0.00465	0.00683	0.00757	0.00383	0.01061	0.00615	0.07333	0.00541	0.00603	0.00407	0.00328	0.00223	0.00107	0.00269	0.00198	0.00228	0.00389
6	0.00850	0.07298	0.06428	0.02270	0.02673	0.18222	0.04942	0.05906	0.10765	0.02615	0.01117	0.06300	0.01064	0.00694	0.05632	0.00145	0.00443	0.21967	0.00252	0.00415
7	0.01019	0.03693	0.24890	0.00839	0.03081	0.00746	0.07743	0.15940	0.02496	0.21080	0.00895	0.04155	0.00661	0.00385	0.00336	0.00102	0.00391	0.00322	0.00267	0.10959
8	0.00980	0.59163	0.06746	0.00729	0.01021	0.15637	0.06059	0.04456	0.00795	0.00909	0.00526	0.00612	0.00454	0.00312	0.00260	0.00083	0.00435	0.00215	0.00162	0.00447
9	0.90299	0.00668	0.00508	0.00454	0.00668	0.00775	0.00374	0.01015	0.00588	0.01550	0.00481	0.00561	0.00374	0.00321	0.00214	0.00107	0.00267	0.00187	0.00214	0.00374
10	0.02195	0.03623	0.07986	0.02720	0.03502	0.12166	0.05759	0.38029	0.17673	0.01602	0.00855	0.00882	0.00634	0.00394	0.00339	0.00105	0.00415	0.00311	0.00282	0.00529
11	0.00546	0.00404	0.00500	0.00460	0.00560	0.00387	0.00349	0.05748	0.03935	0.01404	0.71811	0.02481	0.08706	0.00692	0.00402	0.00109	0.00181	0.00605	0.00373	0.00347
12	0.00867	0.07824	0.10347	0.06633	0.19703	0.04061	0.05867	0.07460	0.15458	0.05744	0.03451	0.04558	0.02354	0.00479	0.02756	0.00120	0.00401	0.01190	0.00241	0.00488
13	0.00635	0.00707	0.13564	0.00695	0.04038	0.00561	0.05970	0.04453	0.12112	0.01226	0.22700	0.04294	0.17857	0.00603	0.00392	0.00114	0.01655	0.04130	0.03890	0.00404
14	0.00663	0.00573	0.00924	0.29966	0.14562	0.00620	0.06423	0.02358	0.04331	0.02321	0.03029	0.16460	0.06281	0.00609	0.01322	0.05945	0.00369	0.02634	0.00223	0.00386
15	0.02873	0.06431	0.12416	0.03803	0.12456	0.08747	0.00724	0.16485	0.11007	0.07955	0.05266	0.07476	0.00873	0.00453	0.00352	0.01192	0.00379	0.00363	0.00263	0.00487
16	0.04370	0.02512	0.01068	0.10739	0.33005	0.10405	0.01661	0.05388	0.00862	0.15900	0.02445	0.04393	0.00705	0.00385	0.00334	0.00103	0.00390	0.00331	0.03205	0.01797

[dist]
# distance from previous block
# <min> <max>
0	558

# created by:
# /home/simao/soft/augustus-3.0.3/scripts/msa2prfl.pl ./prep/78028.aln
