[name]
unknown

[dist]
# distance from previous block
# <min> <max>
0	166

[block]
# block no. 0 follows, 70 sequences, length 22
# corresponding to MSA columns:
# 176-197
name=unknown_A
#
# <colnr> <probs for GDERKNQSTAVLIFYWHMCP>
#	G	D	E	R	K	N	Q	S	T	A	V	L	I	F	Y	W	H	M	C	P
0	0.03306	0.06735	0.07342	0.17201	0.09826	0.12847	0.02612	0.07502	0.10656	0.04190	0.01164	0.01340	0.08110	0.00532	0.02121	0.00131	0.00470	0.03155	0.00257	0.00503
1	0.00917	0.16097	0.33265	0.03703	0.03439	0.04574	0.02523	0.09312	0.04231	0.03697	0.02335	0.10230	0.03062	0.00497	0.00371	0.00119	0.00461	0.00403	0.00239	0.00525
2	0.00500	0.00384	0.00447	0.00451	0.00539	0.00346	0.00324	0.00610	0.00888	0.01156	0.27107	0.15324	0.37613	0.09857	0.02570	0.00169	0.00235	0.00789	0.00363	0.00328
3	0.00716	0.00667	0.01062	0.32243	0.12269	0.02836	0.08355	0.00924	0.02503	0.01069	0.01245	0.27875	0.03002	0.00650	0.00425	0.00134	0.00418	0.00600	0.00247	0.02759
4	0.00837	0.06258	0.16876	0.41820	0.11083	0.00951	0.08459	0.04812	0.00851	0.01147	0.00700	0.00952	0.00534	0.00382	0.00405	0.00124	0.02787	0.00336	0.00184	0.00500
5	0.00778	0.08801	0.13097	0.12744	0.12307	0.00755	0.04785	0.03512	0.01956	0.03907	0.01229	0.27594	0.01250	0.00721	0.02657	0.00145	0.00421	0.02620	0.00258	0.00463
6	0.00606	0.00457	0.00538	0.00525	0.00639	0.00441	0.00392	0.00878	0.12974	0.03541	0.32984	0.17486	0.23963	0.00873	0.00454	0.00133	0.00219	0.02114	0.00393	0.00391
7	0.00673	0.00337	0.00505	0.00505	0.00505	0.00337	0.00337	0.00505	0.00505	0.00673	0.00673	0.01178	0.00673	0.01347	0.01515	0.88721	0.00337	0.00337	0.00168	0.00168
8	0.04070	0.12273	0.25773	0.00922	0.01246	0.20672	0.05251	0.08373	0.00946	0.03414	0.00777	0.03135	0.00663	0.08400	0.00523	0.00137	0.02382	0.00330	0.00217	0.00495
9	0.84417	0.00768	0.00602	0.00530	0.00774	0.00888	0.00437	0.05508	0.00722	0.01777	0.00561	0.00646	0.00433	0.00366	0.00248	0.00120	0.00307	0.00217	0.00248	0.00433
10	0.02935	0.00895	0.03769	0.17536	0.18457	0.00929	0.04071	0.21778	0.10858	0.09747	0.00987	0.01131	0.00740	0.00436	0.00387	0.00122	0.00431	0.01987	0.02228	0.00575
11	0.00477	0.00374	0.00432	0.00458	0.00546	0.00329	0.00328	0.00578	0.00868	0.01106	0.15699	0.32167	0.43194	0.01033	0.00471	0.00139	0.00204	0.00898	0.00370	0.00329
12	0.03306	0.01071	0.00902	0.00728	0.01014	0.27817	0.00566	0.01272	0.05330	0.05618	0.00749	0.00828	0.00599	0.00348	0.00317	0.00080	0.00424	0.00255	0.00242	0.48532
13	0.00633	0.00437	0.00534	0.00522	0.00630	0.00411	0.00386	0.00845	0.07981	0.07275	0.34346	0.23634	0.19103	0.00891	0.00457	0.00133	0.00217	0.00780	0.00398	0.00388
14	0.00869	0.00954	0.18423	0.06988	0.07570	0.00742	0.12212	0.07651	0.03747	0.03576	0.01005	0.03764	0.00790	0.00435	0.00371	0.00115	0.01504	0.00382	0.28410	0.00492
15	0.00519	0.00384	0.00428	0.00426	0.00491	0.00354	0.00283	0.00588	0.00777	0.01003	0.15947	0.05911	0.32429	0.37533	0.01108	0.00235	0.00272	0.00700	0.00317	0.00294
16	0.02353	0.00835	0.01084	0.13894	0.04192	0.05256	0.09688	0.13940	0.19693	0.01455	0.07831	0.08160	0.03303	0.00565	0.00450	0.00130	0.04125	0.02235	0.00306	0.00506
17	0.00564	0.00371	0.00490	0.00541	0.00597	0.00342	0.00380	0.00658	0.00825	0.06112	0.13245	0.62769	0.06590	0.01096	0.00483	0.00150	0.00229	0.03837	0.00376	0.00345
18	0.04340	0.23695	0.02863	0.00870	0.06258	0.06187	0.00703	0.10884	0.01895	0.21110	0.00883	0.00952	0.00673	0.00607	0.06141	0.00148	0.10659	0.00313	0.00279	0.00541
19	0.00999	0.11751	0.04686	0.04564	0.09595	0.00881	0.12127	0.13239	0.01762	0.06078	0.00869	0.02379	0.02093	0.01934	0.00382	0.00104	0.00416	0.00337	0.00252	0.25551
20	0.08729	0.21169	0.11943	0.00948	0.08286	0.05175	0.02962	0.20129	0.01061	0.06515	0.00874	0.02682	0.02888	0.00495	0.02592	0.00125	0.02302	0.00326	0.00258	0.00542
21	0.00797	0.13362	0.51091	0.00905	0.01318	0.03841	0.01057	0.01104	0.00816	0.02846	0.01040	0.11741	0.04756	0.03168	0.00421	0.00129	0.00483	0.00413	0.00208	0.00505

[dist]
# distance from previous block
# <min> <max>
7	43

[block]
# block no. 1 follows, 70 sequences, length 26
# corresponding to MSA columns:
# 244-254,261-275
name=unknown_B
#
# <colnr> <probs for GDERKNQSTAVLIFYWHMCP>
#	G	D	E	R	K	N	Q	S	T	A	V	L	I	F	Y	W	H	M	C	P
0	0.00739	0.00615	0.00920	0.21295	0.03750	0.00668	0.06680	0.07270	0.05121	0.01242	0.06824	0.14501	0.03358	0.02992	0.00503	0.00149	0.02029	0.18244	0.02676	0.00423
1	0.00625	0.00406	0.00511	0.00498	0.00593	0.00373	0.00364	0.00752	0.00924	0.08391	0.35156	0.18655	0.17296	0.07417	0.04725	0.00173	0.00263	0.00742	0.01773	0.00364
2	0.00807	0.00682	0.00810	0.03240	0.00963	0.00546	0.00487	0.04266	0.00836	0.01280	0.00768	0.04262	0.00669	0.00421	0.03096	0.00085	0.00322	0.00279	0.00239	0.75941
3	0.04188	0.00691	0.01140	0.82122	0.02595	0.00862	0.01051	0.00996	0.00771	0.01020	0.00683	0.01018	0.00513	0.00387	0.00382	0.00129	0.00508	0.00339	0.00175	0.00430
4	0.00743	0.10043	0.12233	0.00706	0.00903	0.10044	0.02426	0.03008	0.00904	0.01147	0.12671	0.20423	0.12344	0.00825	0.02896	0.00144	0.00386	0.07446	0.00296	0.00411
5	0.01346	0.01018	0.01069	0.00843	0.01125	0.02800	0.00688	0.65656	0.10773	0.02225	0.01144	0.01128	0.04536	0.00494	0.00387	0.00118	0.00400	0.00379	0.03245	0.00625
6	0.00555	0.00412	0.00607	0.00607	0.00671	0.00476	0.00465	0.00682	0.00618	0.00888	0.01053	0.01603	0.01004	0.09458	0.78336	0.00604	0.00986	0.00427	0.00210	0.00337
7	0.00495	0.00355	0.00436	0.00490	0.00520	0.00333	0.00318	0.00548	0.00711	0.00932	0.02108	0.53463	0.12165	0.24217	0.00890	0.00213	0.00262	0.00922	0.00326	0.00295
8	0.02745	0.00658	0.00766	0.00602	0.00871	0.00575	0.00479	0.05138	0.09405	0.07877	0.15521	0.01435	0.03616	0.00461	0.00350	0.00090	0.00280	0.02010	0.00315	0.46806
9	0.00593	0.00520	0.03140	0.00583	0.00654	0.05015	0.00423	0.03780	0.02292	0.01047	0.01991	0.58360	0.07973	0.09161	0.00616	0.00170	0.00286	0.02719	0.00335	0.00343
10	0.00544	0.00394	0.00517	0.00524	0.00592	0.00399	0.00385	0.00671	0.00818	0.01150	0.25325	0.20041	0.09916	0.06154	0.22819	0.00275	0.02142	0.00684	0.06310	0.00340
11	0.00684	0.00509	0.00596	0.00597	0.00699	0.00528	0.00436	0.01828	0.23224	0.03695	0.09492	0.30984	0.07288	0.09912	0.00628	0.01417	0.00271	0.05471	0.01334	0.00408
12	0.00908	0.21558	0.08349	0.00758	0.05475	0.00848	0.00649	0.03190	0.00836	0.03319	0.00680	0.00787	0.00562	0.00325	0.00314	0.00078	0.01941	0.00245	0.00216	0.48966
13	0.00886	0.03039	0.06516	0.15906	0.33938	0.00819	0.07390	0.03786	0.00886	0.05773	0.03664	0.07376	0.02830	0.02262	0.03128	0.00144	0.00467	0.00434	0.00234	0.00521
14	0.00511	0.00388	0.00473	0.00484	0.00575	0.00350	0.00361	0.00645	0.00947	0.01258	0.37061	0.19047	0.28716	0.00953	0.00470	0.00136	0.00208	0.06686	0.00388	0.00343
15	0.00675	0.00638	0.03427	0.19294	0.14579	0.00649	0.04674	0.00842	0.00808	0.01092	0.08106	0.23227	0.09654	0.00755	0.01450	0.02464	0.06368	0.00619	0.00264	0.00415
16	0.02913	0.05690	0.08561	0.18590	0.25957	0.07428	0.04164	0.08002	0.03680	0.08499	0.00836	0.02520	0.00651	0.00403	0.00376	0.00118	0.00478	0.00348	0.00237	0.00549
17	0.00803	0.00778	0.01053	0.08869	0.09758	0.07412	0.05444	0.00925	0.00697	0.00951	0.00786	0.01307	0.00767	0.18089	0.12372	0.00255	0.28740	0.00396	0.00194	0.00404
18	0.00538	0.00369	0.00430	0.00449	0.00464	0.00360	0.00270	0.00564	0.00637	0.00845	0.04206	0.20844	0.06244	0.60392	0.01519	0.00307	0.00327	0.00700	0.00275	0.00262
19	0.04515	0.00747	0.02978	0.09109	0.08736	0.00721	0.14225	0.08785	0.02585	0.15730	0.06667	0.08795	0.07678	0.00590	0.00423	0.00131	0.00399	0.06366	0.00319	0.00503
20	0.04916	0.07640	0.03675	0.18035	0.14526	0.14071	0.03015	0.09598	0.02138	0.06723	0.00751	0.00901	0.00583	0.00394	0.00392	0.00112	0.03884	0.00309	0.00233	0.08103
21	0.00813	0.00647	0.03368	0.00643	0.00769	0.03974	0.00503	0.13843	0.00964	0.05489	0.17639	0.09533	0.03134	0.16601	0.14488	0.00253	0.05058	0.00542	0.01333	0.00408
22	0.00626	0.00470	0.00545	0.00559	0.00654	0.03191	0.00421	0.02929	0.03383	0.03668	0.22585	0.29004	0.15655	0.00946	0.00466	0.00141	0.00253	0.11686	0.02449	0.00369
23	0.00850	0.06346	0.08140	0.12071	0.09331	0.06114	0.04393	0.06502	0.05424	0.04244	0.05047	0.08266	0.15935	0.03462	0.00472	0.00133	0.02024	0.00504	0.00275	0.00467
24	0.05076	0.15798	0.07967	0.00857	0.03801	0.04857	0.10290	0.05403	0.06239	0.03068	0.04416	0.04047	0.06944	0.04400	0.03831	0.00145	0.03768	0.00405	0.02590	0.06098
25	0.00932	0.21126	0.22837	0.00805	0.01148	0.11342	0.02880	0.02491	0.04174	0.03323	0.01055	0.01162	0.08959	0.03787	0.00403	0.00113	0.00450	0.00334	0.00222	0.12456

[dist]
# distance from previous block
# <min> <max>
2	37

[block]
# block no. 2 follows, 70 sequences, length 8
# corresponding to MSA columns:
# 320-324,326-328
name=unknown_C
#
# <colnr> <probs for GDERKNQSTAVLIFYWHMCP>
#	G	D	E	R	K	N	Q	S	T	A	V	L	I	F	Y	W	H	M	C	P
0	0.18657	0.06701	0.10527	0.02426	0.07818	0.07604	0.00764	0.07862	0.02055	0.05924	0.02168	0.01055	0.02111	0.00546	0.02831	0.00140	0.14973	0.02840	0.02509	0.00489
1	0.07399	0.12219	0.36453	0.00947	0.01337	0.07478	0.06615	0.04518	0.03123	0.02887	0.00727	0.00878	0.00569	0.02646	0.02299	0.00132	0.03831	0.00297	0.00203	0.05441
2	0.06423	0.00427	0.00531	0.00541	0.00628	0.00419	0.00416	0.00748	0.00796	0.05059	0.11615	0.07248	0.13162	0.08140	0.03088	0.15911	0.00311	0.20463	0.03748	0.00326
3	0.00673	0.00337	0.00505	0.00505	0.00505	0.00337	0.00337	0.00505	0.00505	0.00673	0.00673	0.01178	0.00673	0.01347	0.01515	0.88721	0.00337	0.00337	0.00168	0.00168
4	0.00535	0.00367	0.00446	0.00480	0.00496	0.00358	0.00302	0.00575	0.00663	0.00887	0.05084	0.30816	0.01936	0.49678	0.01337	0.00281	0.00316	0.04876	0.00291	0.00274
5	0.04040	0.14595	0.52080	0.04394	0.01498	0.01035	0.01149	0.11755	0.03602	0.01358	0.00725	0.00825	0.00535	0.00381	0.00350	0.00116	0.00509	0.00287	0.00203	0.00563
6	0.00701	0.00557	0.02417	0.00605	0.00687	0.02050	0.00457	0.07361	0.04690	0.01070	0.02901	0.01956	0.01198	0.33289	0.24146	0.00358	0.05478	0.04677	0.05048	0.00356
7	0.01062	0.08598	0.41796	0.01083	0.04448	0.25266	0.04125	0.04026	0.00947	0.04175	0.00698	0.00804	0.00525	0.00379	0.00359	0.00113	0.00582	0.00284	0.00195	0.00537

[dist]
# distance from previous block
# <min> <max>
1	12

[block]
# block no. 3 follows, 70 sequences, length 17
# corresponding to MSA columns:
# 341-351,354-359
name=unknown_D
#
# <colnr> <probs for GDERKNQSTAVLIFYWHMCP>
#	G	D	E	R	K	N	Q	S	T	A	V	L	I	F	Y	W	H	M	C	P
0	0.10827	0.00713	0.00944	0.00839	0.04547	0.02206	0.12691	0.01258	0.24659	0.01465	0.23640	0.01897	0.09213	0.00591	0.00421	0.00127	0.01406	0.01742	0.00337	0.00476
1	0.00941	0.00659	0.00792	0.00599	0.00897	0.00531	0.00476	0.04547	0.00907	0.14359	0.05433	0.07439	0.00955	0.00422	0.00332	0.00081	0.00289	0.00351	0.00296	0.59694
2	0.00509	0.00354	0.00443	0.00501	0.00551	0.00329	0.00347	0.00606	0.00803	0.01105	0.10041	0.57625	0.11836	0.01058	0.00462	0.00144	0.00215	0.02349	0.10395	0.00327
3	0.00865	0.00799	0.01272	0.21533	0.42014	0.00834	0.00981	0.03286	0.00842	0.01192	0.00737	0.01010	0.00617	0.02124	0.04843	0.00144	0.03443	0.00337	0.00199	0.12927
4	0.00665	0.00337	0.00503	0.00506	0.00507	0.00336	0.00338	0.00506	0.00515	0.00686	0.00732	0.04583	0.00749	0.01342	0.01474	0.85170	0.00332	0.00367	0.00176	0.00174
5	0.00969	0.01089	0.03579	0.01003	0.01077	0.20059	0.03322	0.01070	0.00723	0.00945	0.00582	0.00911	0.00557	0.05230	0.01050	0.00162	0.56732	0.00333	0.00181	0.00427
6	0.00627	0.00478	0.00710	0.00669	0.00730	0.01814	0.04897	0.00693	0.00627	0.00875	0.01014	0.09191	0.01017	0.06731	0.43169	0.18775	0.06990	0.00465	0.00211	0.00317
7	0.00808	0.00703	0.00861	0.00615	0.00961	0.00535	0.03599	0.00986	0.00808	0.01262	0.00693	0.00813	0.00575	0.00289	0.00294	0.00060	0.00301	0.00238	0.00228	0.85371
8	0.00531	0.00399	0.00442	0.00439	0.00558	0.00347	0.00332	0.00653	0.00921	0.03433	0.19130	0.07650	0.54415	0.00922	0.00453	0.00130	0.00205	0.04201	0.04493	0.00346
9	0.79095	0.10516	0.00736	0.00527	0.00778	0.00945	0.00448	0.01142	0.00674	0.01645	0.00540	0.00629	0.00429	0.00357	0.00241	0.00116	0.00313	0.00210	0.00231	0.00429
10	0.00588	0.00408	0.00526	0.00528	0.00612	0.00380	0.00381	0.00753	0.03801	0.04545	0.41791	0.35235	0.02904	0.02334	0.00487	0.00138	0.00216	0.00819	0.00392	0.03163
11	0.00538	0.00440	0.00574	0.00593	0.00661	0.03199	0.04812	0.00639	0.00824	0.01082	0.12956	0.59596	0.10493	0.01061	0.00479	0.00147	0.00256	0.00958	0.00354	0.00339
12	0.00610	0.10203	0.00705	0.00555	0.00628	0.00557	0.00414	0.00695	0.00631	0.00857	0.01111	0.05414	0.01162	0.32143	0.40722	0.00446	0.00686	0.01918	0.00222	0.00323
13	0.00971	0.76802	0.01845	0.00633	0.00941	0.01397	0.00621	0.01092	0.00799	0.00927	0.00924	0.00976	0.09973	0.00406	0.00273	0.00088	0.00390	0.00277	0.00188	0.00478
14	0.00705	0.00576	0.00668	0.00652	0.00735	0.03991	0.00489	0.09965	0.03801	0.01194	0.05222	0.37865	0.08022	0.04595	0.05554	0.00184	0.10042	0.03724	0.01631	0.00386
15	0.00712	0.00570	0.00723	0.00688	0.00767	0.02191	0.01420	0.10053	0.01790	0.01206	0.09359	0.28067	0.01723	0.05547	0.12430	0.00226	0.13670	0.06558	0.01912	0.00388
16	0.03506	0.00695	0.04320	0.07946	0.01936	0.02245	0.00584	0.05285	0.14110	0.14523	0.06302	0.04511	0.04377	0.12507	0.02386	0.01812	0.04426	0.02167	0.05898	0.00465

[dist]
# distance from previous block
# <min> <max>
3	46

[block]
# block no. 4 follows, 70 sequences, length 10
# corresponding to MSA columns:
# 406-415
name=unknown_E
#
# <colnr> <probs for GDERKNQSTAVLIFYWHMCP>
#	G	D	E	R	K	N	Q	S	T	A	V	L	I	F	Y	W	H	M	C	P
0	0.03166	0.05644	0.02747	0.03685	0.00909	0.02430	0.03675	0.08185	0.04139	0.06701	0.05706	0.30495	0.08359	0.00740	0.00411	0.00124	0.00315	0.00643	0.00323	0.11603
1	0.07568	0.00779	0.04090	0.05445	0.00975	0.10697	0.04173	0.03767	0.14789	0.01233	0.03429	0.35240	0.04715	0.00773	0.00422	0.00136	0.00355	0.00671	0.00314	0.00428
2	0.00739	0.00636	0.04011	0.00576	0.00821	0.00500	0.00477	0.03591	0.00877	0.01306	0.12333	0.01712	0.04493	0.05427	0.00444	0.00106	0.00289	0.08424	0.07066	0.46173
3	0.00636	0.00344	0.00497	0.00510	0.00523	0.00338	0.00347	0.00522	0.00567	0.00748	0.01073	0.11256	0.05583	0.01301	0.01304	0.70421	0.00317	0.03304	0.00208	0.00201
4	0.01034	0.01068	0.03723	0.17690	0.18665	0.16834	0.05101	0.08608	0.14839	0.01313	0.00870	0.01013	0.00676	0.00413	0.00396	0.00118	0.02168	0.00345	0.02823	0.02301
5	0.00475	0.00367	0.00434	0.00473	0.00548	0.00326	0.00333	0.00568	0.00840	0.01076	0.11869	0.42638	0.36523	0.01071	0.00475	0.00142	0.00208	0.00940	0.00367	0.00326
6	0.00859	0.00836	0.06812	0.02832	0.06224	0.00839	0.03072	0.07658	0.35516	0.01449	0.07104	0.06355	0.11013	0.00612	0.00477	0.00132	0.06846	0.00505	0.00333	0.00526
7	0.00506	0.00368	0.00480	0.00526	0.00583	0.00341	0.00377	0.00619	0.00872	0.01178	0.26980	0.48400	0.09017	0.01058	0.00484	0.00146	0.00220	0.07129	0.00380	0.00334
8	0.00922	0.00900	0.01130	0.09163	0.09438	0.10534	0.00831	0.01051	0.00752	0.03663	0.05404	0.01019	0.00736	0.00576	0.00875	0.00145	0.47961	0.00354	0.04098	0.00448
9	0.00591	0.00434	0.00559	0.00563	0.00601	0.00477	0.00400	0.00699	0.03620	0.00924	0.01344	0.16585	0.01457	0.33637	0.21667	0.00352	0.06833	0.05230	0.03711	0.00315

[dist]
# distance from previous block
# <min> <max>
0	1

[block]
# block no. 5 follows, 70 sequences, length 8
# corresponding to MSA columns:
# 419-426
name=unknown_F
#
# <colnr> <probs for GDERKNQSTAVLIFYWHMCP>
#	G	D	E	R	K	N	Q	S	T	A	V	L	I	F	Y	W	H	M	C	P
0	0.05538	0.14149	0.11736	0.01108	0.13955	0.08165	0.06986	0.15213	0.03848	0.03755	0.02418	0.00902	0.00653	0.00384	0.00349	0.00106	0.00456	0.00311	0.00245	0.09722
1	0.01128	0.23448	0.01398	0.02984	0.14401	0.20123	0.03353	0.10095	0.04927	0.03482	0.05716	0.00954	0.00776	0.00403	0.00343	0.00102	0.00470	0.00312	0.00241	0.05345
2	0.00736	0.00466	0.00581	0.00536	0.00637	0.00453	0.00384	0.04675	0.00773	0.09054	0.05855	0.10130	0.05308	0.26993	0.15795	0.05730	0.00440	0.00534	0.03091	0.07829
3	0.00797	0.00689	0.00839	0.08763	0.01088	0.00550	0.00519	0.00978	0.00801	0.01237	0.00689	0.00826	0.00569	0.00297	0.00297	0.00064	0.00309	0.00241	0.00224	0.80224
4	0.03950	0.20748	0.18594	0.00884	0.05078	0.05303	0.02929	0.01323	0.10852	0.10322	0.04685	0.01229	0.03546	0.00462	0.00378	0.00114	0.02547	0.03485	0.00261	0.03311
5	0.18910	0.18646	0.19231	0.03435	0.07235	0.10979	0.03768	0.01280	0.05810	0.03490	0.01997	0.00835	0.00596	0.00385	0.00340	0.00113	0.01947	0.00282	0.00214	0.00508
6	0.00808	0.09533	0.15313	0.03208	0.10352	0.00804	0.06297	0.08852	0.02072	0.01301	0.13427	0.06435	0.07703	0.03530	0.03217	0.00149	0.02774	0.03478	0.00271	0.00477
7	0.05359	0.00409	0.00483	0.00513	0.00595	0.00387	0.00372	0.02812	0.00872	0.01195	0.17558	0.41092	0.21079	0.01010	0.00465	0.00143	0.00226	0.04718	0.00366	0.00344

[dist]
# distance from previous block
# <min> <max>
3	19

[block]
# block no. 6 follows, 70 sequences, length 21
# corresponding to MSA columns:
# 478-498
name=unknown_G
#
# <colnr> <probs for GDERKNQSTAVLIFYWHMCP>
#	G	D	E	R	K	N	Q	S	T	A	V	L	I	F	Y	W	H	M	C	P
0	0.10483	0.05581	0.04420	0.08379	0.23828	0.07071	0.00770	0.02388	0.00871	0.02671	0.03946	0.08170	0.10082	0.00560	0.00384	0.00122	0.00395	0.05989	0.00254	0.03635
1	0.00977	0.14279	0.23421	0.06903	0.12658	0.09158	0.08565	0.05428	0.05291	0.03669	0.00837	0.03650	0.00687	0.00420	0.00371	0.00117	0.00505	0.02309	0.00219	0.00537
2	0.00981	0.02992	0.02991	0.00868	0.01103	0.00723	0.18819	0.07804	0.08268	0.16446	0.20614	0.02923	0.04369	0.05580	0.00538	0.00140	0.02587	0.01411	0.00344	0.00500
3	0.00632	0.00409	0.00499	0.00495	0.00598	0.00376	0.00376	0.00769	0.00924	0.07136	0.26852	0.11667	0.21834	0.05864	0.00535	0.00146	0.00233	0.10520	0.09770	0.00363
4	0.00864	0.01531	0.44970	0.05636	0.15349	0.06158	0.05162	0.01187	0.00816	0.01162	0.00672	0.00861	0.00521	0.00411	0.00508	0.00128	0.13038	0.00313	0.00174	0.00541
5	0.01203	0.17997	0.07226	0.06596	0.06300	0.00973	0.04862	0.17520	0.04305	0.21286	0.05819	0.01128	0.00878	0.01744	0.00391	0.00117	0.00411	0.00358	0.00314	0.00571
6	0.00897	0.00675	0.00893	0.00773	0.00879	0.02172	0.02994	0.07783	0.02058	0.11412	0.06306	0.03119	0.04298	0.11093	0.14546	0.00249	0.26603	0.02541	0.00277	0.00433
7	0.00588	0.00367	0.00466	0.00470	0.00481	0.00369	0.00295	0.00562	0.00583	0.00786	0.04278	0.07007	0.01325	0.48047	0.08072	0.24914	0.00400	0.00526	0.00229	0.00235
8	0.00584	0.00440	0.00598	0.04974	0.02568	0.00434	0.00544	0.00732	0.00858	0.01110	0.05366	0.15672	0.15054	0.04512	0.00563	0.00170	0.00317	0.44813	0.00343	0.00351
9	0.05708	0.01186	0.01142	0.00944	0.01144	0.22736	0.02893	0.31157	0.01207	0.04835	0.00736	0.00853	0.00577	0.00495	0.00601	0.00127	0.22536	0.00318	0.00274	0.00529
10	0.02004	0.00877	0.03957	0.02670	0.01337	0.00857	0.30127	0.21479	0.04882	0.01600	0.03936	0.03020	0.00915	0.00460	0.00399	0.00121	0.00446	0.03568	0.16830	0.00513
11	0.00549	0.00376	0.00489	0.00509	0.00574	0.00350	0.00373	0.00618	0.00837	0.01113	0.25135	0.20843	0.17806	0.01063	0.00691	0.18282	0.00245	0.09501	0.00339	0.00306
12	0.00960	0.00921	0.01574	0.02380	0.83957	0.00921	0.01190	0.01190	0.00883	0.01267	0.00729	0.00960	0.00614	0.00345	0.00384	0.00115	0.00461	0.00345	0.00192	0.00614
13	0.00818	0.01725	0.60380	0.01260	0.01780	0.00924	0.25138	0.01232	0.00847	0.01232	0.00722	0.00885	0.00519	0.00356	0.00394	0.00125	0.00597	0.00336	0.00173	0.00558
14	0.01647	0.00718	0.00927	0.00714	0.01007	0.00664	0.00589	0.14979	0.01225	0.67537	0.04802	0.01321	0.01021	0.00490	0.00392	0.00119	0.00340	0.00396	0.00463	0.00648
15	0.00939	0.53854	0.01418	0.00567	0.00810	0.03583	0.00528	0.01082	0.00806	0.01100	0.00795	0.00913	0.00672	0.00376	0.00260	0.00086	0.00341	0.00263	0.31160	0.00448
16	0.01941	0.00494	0.00668	0.00589	0.00694	0.00490	0.04377	0.02793	0.00780	0.15575	0.09443	0.02096	0.02611	0.38865	0.14375	0.00314	0.01363	0.01861	0.00297	0.00371
17	0.00499	0.00364	0.00445	0.00484	0.00550	0.00331	0.00340	0.00604	0.00852	0.01144	0.19019	0.44755	0.21999	0.01029	0.00465	0.00140	0.00207	0.00910	0.05532	0.00331
18	0.00739	0.00672	0.01082	0.21119	0.35728	0.00700	0.00873	0.00925	0.00830	0.01117	0.01419	0.18682	0.10725	0.00629	0.00421	0.00131	0.00392	0.03101	0.00246	0.00469
19	0.01082	0.01209	0.01063	0.00945	0.01042	0.35721	0.00743	0.01213	0.05664	0.00958	0.00636	0.00866	0.00570	0.00665	0.03006	0.07305	0.36384	0.00310	0.00196	0.00423
20	0.51134	0.00769	0.00906	0.20641	0.17634	0.00878	0.00725	0.01115	0.00731	0.01472	0.00612	0.00789	0.00481	0.00363	0.00303	0.00121	0.00382	0.00268	0.00215	0.00461

[dist]
# distance from previous block
# <min> <max>
0	1

[block]
# block no. 7 follows, 70 sequences, length 36
# corresponding to MSA columns:
# 500,502-519,526-528,532-545
name=unknown_H
#
# <colnr> <probs for GDERKNQSTAVLIFYWHMCP>
#	G	D	E	R	K	N	Q	S	T	A	V	L	I	F	Y	W	H	M	C	P
0	0.17871	0.00860	0.00928	0.00817	0.05483	0.02786	0.00625	0.27561	0.12663	0.18976	0.01089	0.01108	0.00788	0.00459	0.00357	0.00119	0.00360	0.01744	0.04825	0.00580
1	0.00951	0.00984	0.01641	0.07565	0.46905	0.07009	0.21063	0.01189	0.00882	0.01197	0.00746	0.01995	0.00619	0.00419	0.02060	0.00131	0.03521	0.00376	0.00194	0.00552
2	0.06141	0.00669	0.01006	0.14216	0.05698	0.00677	0.12191	0.05816	0.03738	0.05853	0.25368	0.02456	0.08379	0.00557	0.00410	0.00121	0.00358	0.00501	0.00312	0.05533
3	0.00539	0.00407	0.00483	0.00485	0.00595	0.00365	0.00378	0.00678	0.00954	0.02548	0.30306	0.03496	0.39945	0.02743	0.00502	0.00141	0.00225	0.14479	0.00381	0.00349
4	0.00976	0.00897	0.00835	0.00807	0.00966	0.20214	0.00661	0.10127	0.10876	0.03181	0.03133	0.02650	0.01510	0.00760	0.00464	0.00145	0.01501	0.39517	0.00330	0.00450
5	0.10637	0.04348	0.05369	0.00867	0.01144	0.12119	0.05587	0.32389	0.13171	0.04200	0.00958	0.02915	0.00746	0.03328	0.00421	0.00126	0.00443	0.00357	0.00314	0.00559
6	0.00532	0.00379	0.00514	0.00597	0.00645	0.00366	0.00451	0.00641	0.00799	0.01057	0.04144	0.51665	0.02433	0.04036	0.00559	0.00172	0.00277	0.30048	0.00356	0.00329
7	0.01159	0.00994	0.01474	0.14756	0.03088	0.01067	0.24006	0.40622	0.05791	0.01803	0.00882	0.01008	0.00644	0.00415	0.00408	0.00123	0.00500	0.00384	0.00296	0.00580
8	0.00848	0.00925	0.10306	0.08317	0.41994	0.00805	0.09338	0.01096	0.00885	0.02824	0.04660	0.01535	0.07703	0.00478	0.00411	0.00125	0.00453	0.06533	0.00230	0.00533
9	0.05742	0.05659	0.11313	0.06647	0.25810	0.04947	0.03864	0.01254	0.06300	0.07532	0.05276	0.01046	0.00791	0.00400	0.00382	0.00112	0.02245	0.00339	0.00240	0.10103
10	0.00999	0.63308	0.17252	0.00806	0.01180	0.04769	0.04824	0.01193	0.00812	0.00988	0.00582	0.00682	0.00501	0.00341	0.00285	0.00093	0.00467	0.00236	0.00168	0.00511
11	0.01078	0.00870	0.01152	0.05509	0.01190	0.01022	0.07066	0.29272	0.04928	0.05434	0.00877	0.03963	0.00733	0.03358	0.02223	0.03154	0.26981	0.00394	0.00282	0.00514
12	0.01053	0.14058	0.08735	0.11076	0.18425	0.17937	0.07100	0.07229	0.06230	0.01218	0.00774	0.00977	0.00631	0.00399	0.00366	0.00113	0.00518	0.02417	0.00217	0.00528
13	0.10772	0.00933	0.02976	0.01359	0.13802	0.03237	0.37821	0.03035	0.05199	0.08434	0.01007	0.05887	0.02854	0.00429	0.00409	0.00127	0.00499	0.00441	0.00252	0.00527
14	0.03555	0.00371	0.00453	0.00508	0.00542	0.00358	0.00339	0.00582	0.00707	0.00964	0.01932	0.51375	0.06832	0.24230	0.00887	0.00215	0.00274	0.05255	0.00322	0.00300
15	0.00689	0.00364	0.00525	0.00520	0.00532	0.00371	0.00352	0.00589	0.04987	0.00725	0.00722	0.01193	0.00701	0.01302	0.01454	0.83922	0.00335	0.00342	0.00181	0.00192
16	0.08008	0.18338	0.08905	0.00918	0.07168	0.07591	0.05474	0.03401	0.05736	0.05683	0.01066	0.14246	0.01018	0.00572	0.00415	0.00124	0.04346	0.06248	0.00258	0.00483
17	0.40277	0.00847	0.00834	0.00674	0.00945	0.00929	0.00556	0.31352	0.01164	0.14862	0.00862	0.00875	0.00611	0.00421	0.00319	0.00118	0.00348	0.00294	0.03169	0.00544
18	0.00497	0.00369	0.00463	0.00492	0.00561	0.00336	0.00349	0.00612	0.00898	0.01204	0.31848	0.40130	0.18783	0.01017	0.00474	0.00139	0.00204	0.00903	0.00384	0.00336
19	0.00691	0.00652	0.01120	0.05852	0.11002	0.01283	0.20439	0.00872	0.00857	0.01158	0.11637	0.25520	0.09702	0.00737	0.00500	0.00138	0.04999	0.02132	0.00286	0.00423
20	0.01150	0.05122	0.10513	0.03206	0.05432	0.28723	0.03449	0.17090	0.05529	0.01340	0.00930	0.03212	0.03614	0.00486	0.00438	0.00119	0.06289	0.02593	0.00252	0.00513
21	0.02895	0.24813	0.02302	0.21955	0.01370	0.03956	0.00780	0.00999	0.00747	0.00992	0.04565	0.05579	0.00789	0.02213	0.02078	0.00140	0.22835	0.00361	0.00196	0.00435
22	0.01093	0.25307	0.02816	0.13983	0.20326	0.20412	0.00882	0.02939	0.00907	0.04225	0.00667	0.00823	0.00549	0.00379	0.00367	0.00107	0.03224	0.00285	0.00197	0.00511
23	0.00632	0.00528	0.03332	0.05220	0.00776	0.00509	0.05153	0.02662	0.06667	0.00962	0.01338	0.18169	0.01454	0.46138	0.04563	0.00284	0.00399	0.00620	0.00265	0.00330
24	0.04608	0.41995	0.10043	0.03558	0.04096	0.05302	0.04536	0.05301	0.04394	0.03937	0.00692	0.00781	0.00563	0.00358	0.00306	0.00097	0.00438	0.00263	0.00210	0.08524
25	0.00992	0.16023	0.08458	0.01067	0.03126	0.12776	0.23944	0.08512	0.05825	0.01265	0.05217	0.09186	0.00943	0.00475	0.00391	0.00118	0.00501	0.00432	0.00245	0.00504
26	0.00562	0.00381	0.00451	0.00451	0.00461	0.00391	0.00270	0.00582	0.00572	0.00773	0.01196	0.02395	0.01348	0.74655	0.13609	0.00411	0.00469	0.00543	0.00231	0.00251
27	0.02293	0.02962	0.04876	0.04990	0.00926	0.11072	0.05396	0.00886	0.03036	0.03759	0.00956	0.01332	0.05475	0.00922	0.00964	0.42825	0.03353	0.03444	0.00210	0.00325
28	0.05086	0.03735	0.03227	0.17425	0.04036	0.02395	0.04940	0.17054	0.03978	0.20158	0.04355	0.02964	0.00853	0.00517	0.02363	0.00132	0.02590	0.00379	0.00313	0.03498
29	0.00551	0.00449	0.02265	0.00487	0.00612	0.00386	0.00382	0.00723	0.04031	0.03102	0.27979	0.09441	0.41935	0.00905	0.00459	0.00132	0.00218	0.05198	0.00380	0.00363
30	0.01416	0.01350	0.01085	0.03645	0.03345	0.45540	0.03023	0.11352	0.01164	0.18561	0.03731	0.01023	0.00759	0.00445	0.00375	0.00110	0.00552	0.01713	0.00290	0.00520
31	0.02643	0.01077	0.06059	0.26249	0.12581	0.15481	0.06781	0.13132	0.01022	0.04797	0.00795	0.01052	0.00626	0.00425	0.00412	0.00122	0.02925	0.03076	0.00233	0.00513
32	0.00888	0.00850	0.01432	0.14520	0.61809	0.00871	0.03353	0.01133	0.02573	0.01216	0.00976	0.01185	0.06677	0.00401	0.00392	0.00119	0.00452	0.00385	0.00206	0.00563
33	0.00493	0.00378	0.00469	0.00512	0.00567	0.00358	0.00359	0.00577	0.00801	0.01047	0.09970	0.51619	0.23586	0.03458	0.00553	0.00154	0.03473	0.00948	0.00355	0.00325
34	0.00620	0.00471	0.00601	0.03486	0.00780	0.00474	0.00511	0.02924	0.08300	0.01246	0.15199	0.18873	0.12266	0.00955	0.00485	0.00152	0.00288	0.31623	0.00367	0.00380
35	0.00887	0.02610	0.24584	0.00846	0.04511	0.03545	0.00800	0.05473	0.03495	0.03940	0.00779	0.00947	0.00628	0.05014	0.00447	0.00108	0.02813	0.00290	0.00228	0.38055

[dist]
# distance from previous block
# <min> <max>
0	88

[block]
# block no. 8 follows, 70 sequences, length 11
# corresponding to MSA columns:
# 636-646
name=unknown_I
#
# <colnr> <probs for GDERKNQSTAVLIFYWHMCP>
#	G	D	E	R	K	N	Q	S	T	A	V	L	I	F	Y	W	H	M	C	P
0	0.17683	0.00892	0.00976	0.05556	0.12602	0.10067	0.01944	0.07517	0.10517	0.05162	0.00848	0.00998	0.00679	0.02696	0.06054	0.00153	0.03765	0.00320	0.00259	0.11314
1	0.00614	0.00454	0.00528	0.00497	0.00586	0.00428	0.00340	0.00747	0.06188	0.01022	0.09980	0.07659	0.08474	0.40890	0.01173	0.02477	0.00313	0.04592	0.00287	0.12754
2	0.00817	0.05287	0.01354	0.49542	0.27572	0.00902	0.04071	0.01056	0.00813	0.01081	0.00743	0.03712	0.00614	0.00396	0.00385	0.00123	0.00490	0.00366	0.00185	0.00490
3	0.00868	0.00768	0.00895	0.03266	0.05985	0.10836	0.00651	0.04457	0.00790	0.05271	0.01006	0.01460	0.03395	0.08969	0.22616	0.00285	0.21282	0.03985	0.02800	0.00416
4	0.00481	0.00388	0.00428	0.00430	0.00541	0.00335	0.00318	0.00596	0.00919	0.01161	0.22503	0.12070	0.56548	0.00961	0.00462	0.00132	0.00196	0.00820	0.00376	0.00335
5	0.00804	0.00689	0.00804	0.00574	0.00919	0.00517	0.00459	0.00976	0.00804	0.01263	0.00689	0.00804	0.00574	0.00287	0.00287	0.00057	0.00287	0.00230	0.00230	0.88745
6	0.00561	0.00387	0.00472	0.00480	0.00548	0.00361	0.00336	0.00660	0.00838	0.03536	0.24511	0.21033	0.16788	0.20601	0.02266	0.00199	0.00263	0.03302	0.02534	0.00326
7	0.00752	0.00717	0.01201	0.57812	0.14592	0.00837	0.04627	0.00988	0.00801	0.01046	0.01005	0.01276	0.08564	0.00447	0.00431	0.00129	0.03735	0.00395	0.00194	0.00452
8	0.00508	0.00378	0.00417	0.00430	0.00524	0.00336	0.00309	0.00614	0.00855	0.01125	0.12590	0.19136	0.44420	0.05877	0.00531	0.00144	0.00209	0.00792	0.10476	0.00328
9	0.00630	0.00515	0.00763	0.00707	0.00762	0.00622	0.03336	0.00736	0.00616	0.00892	0.00936	0.01490	0.00911	0.12890	0.52082	0.03440	0.17706	0.00418	0.00202	0.00348
10	0.00723	0.04442	0.01021	0.06104	0.01088	0.01873	0.17805	0.02065	0.09496	0.02923	0.03811	0.28296	0.12002	0.02419	0.01814	0.00147	0.00373	0.00686	0.02490	0.00422

[dist]
# distance from previous block
# <min> <max>
4	29

[block]
# block no. 9 follows, 70 sequences, length 9
# corresponding to MSA columns:
# 682-690
name=unknown_J
#
# <colnr> <probs for GDERKNQSTAVLIFYWHMCP>
#	G	D	E	R	K	N	Q	S	T	A	V	L	I	F	Y	W	H	M	C	P
0	0.00661	0.00583	0.00742	0.02834	0.07110	0.03650	0.04160	0.03610	0.03887	0.01224	0.17860	0.14296	0.27763	0.00819	0.00494	0.00134	0.04868	0.04572	0.00334	0.00399
1	0.00878	0.01048	0.06679	0.01510	0.01870	0.00948	0.69120	0.01184	0.00883	0.01211	0.00844	0.05988	0.00694	0.00399	0.00496	0.00134	0.04924	0.00480	0.00203	0.00509
2	0.01004	0.02379	0.06487	0.06656	0.15991	0.00740	0.00742	0.10664	0.02534	0.11345	0.00903	0.04321	0.00725	0.00455	0.01825	0.01293	0.00387	0.00338	0.00269	0.30941
3	0.00740	0.00650	0.00839	0.05266	0.00979	0.04806	0.08755	0.05716	0.08290	0.01185	0.01478	0.36337	0.03031	0.05754	0.00516	0.00142	0.00345	0.00677	0.00302	0.14190
4	0.00764	0.00474	0.00555	0.00500	0.00640	0.00433	0.00375	0.05525	0.00976	0.14951	0.21406	0.04950	0.33313	0.12628	0.00653	0.00161	0.00254	0.00666	0.00380	0.00397
5	0.04791	0.00863	0.05583	0.09912	0.24253	0.00815	0.02371	0.09389	0.08230	0.03653	0.00890	0.01121	0.00723	0.00528	0.04638	0.00136	0.00439	0.03324	0.00251	0.18091
6	0.00780	0.00672	0.04043	0.00651	0.04215	0.00528	0.00509	0.01003	0.05051	0.04262	0.07496	0.03180	0.09353	0.00474	0.00345	0.00089	0.00286	0.03149	0.05013	0.48900
7	0.02494	0.07585	0.07106	0.02266	0.02292	0.04834	0.05157	0.06977	0.10010	0.01324	0.15207	0.07236	0.06663	0.02208	0.04746	0.00154	0.05254	0.03015	0.05020	0.00453
8	0.04919	0.05868	0.04134	0.03368	0.10431	0.11391	0.04042	0.14841	0.04208	0.06241	0.02831	0.06368	0.07803	0.01587	0.00504	0.00127	0.10131	0.00424	0.00277	0.00505

[dist]
# distance from previous block
# <min> <max>
2	38

[block]
# block no. 10 follows, 70 sequences, length 6
# corresponding to MSA columns:
# 729-734
name=unknown_K
#
# <colnr> <probs for GDERKNQSTAVLIFYWHMCP>
#	G	D	E	R	K	N	Q	S	T	A	V	L	I	F	Y	W	H	M	C	P
0	0.29005	0.00790	0.03613	0.06279	0.09031	0.03314	0.10258	0.03449	0.00801	0.06580	0.00951	0.12675	0.00888	0.07579	0.00519	0.00148	0.02978	0.00435	0.00256	0.00450
1	0.01068	0.43245	0.09680	0.00833	0.01137	0.03856	0.04824	0.07132	0.07303	0.06569	0.00739	0.00822	0.00598	0.00411	0.00422	0.00108	0.10219	0.00284	0.00223	0.00527
2	0.00782	0.00453	0.00572	0.00551	0.00666	0.00420	0.00406	0.03883	0.00904	0.17660	0.11699	0.32368	0.14677	0.07839	0.03118	0.00172	0.00284	0.02767	0.00378	0.00400
3	0.00545	0.00439	0.04319	0.00563	0.00632	0.00364	0.00421	0.00641	0.00779	0.03783	0.05183	0.61363	0.07498	0.06036	0.00570	0.00165	0.00258	0.05753	0.00350	0.00339
4	0.05174	0.02739	0.06341	0.04448	0.14938	0.16296	0.09334	0.13946	0.05546	0.07291	0.05620	0.01048	0.00802	0.00436	0.00421	0.00119	0.04336	0.00356	0.00267	0.00541
5	0.01003	0.10600	0.20011	0.03544	0.02840	0.05737	0.03014	0.13891	0.08346	0.08434	0.03585	0.05776	0.08802	0.00521	0.00380	0.00119	0.00421	0.00422	0.02024	0.00530

[dist]
# distance from previous block
# <min> <max>
6	30

[block]
# block no. 11 follows, 70 sequences, length 11
# corresponding to MSA columns:
# 765-775
name=unknown_L
#
# <colnr> <probs for GDERKNQSTAVLIFYWHMCP>
#	G	D	E	R	K	N	Q	S	T	A	V	L	I	F	Y	W	H	M	C	P
0	0.04266	0.02739	0.00785	0.00676	0.02425	0.06826	0.00520	0.05318	0.05851	0.23661	0.20765	0.03503	0.03541	0.03756	0.07145	0.02260	0.00382	0.03036	0.00364	0.02179
1	0.03481	0.02264	0.04871	0.10870	0.15606	0.00792	0.15200	0.04079	0.06319	0.04395	0.04856	0.03175	0.05228	0.05509	0.06649	0.00175	0.02409	0.01623	0.00251	0.02250
2	0.00861	0.00503	0.00624	0.00530	0.00712	0.00432	0.00408	0.01009	0.00959	0.20060	0.26874	0.06961	0.11764	0.04486	0.00470	0.00122	0.00248	0.00554	0.05807	0.16615
3	0.00581	0.00462	0.00632	0.11202	0.04649	0.00470	0.00506	0.00747	0.02866	0.01147	0.20595	0.14999	0.17435	0.07538	0.06992	0.00192	0.00345	0.07955	0.00323	0.00364
4	0.00704	0.00540	0.00587	0.00557	0.00703	0.00550	0.00425	0.05264	0.22217	0.03049	0.08260	0.12368	0.31525	0.00795	0.00426	0.00130	0.00245	0.02768	0.08458	0.00430
5	0.00908	0.00976	0.01540	0.01217	0.01357	0.06426	0.27413	0.01072	0.00730	0.01034	0.00604	0.00903	0.00534	0.00546	0.00949	0.00153	0.52628	0.00372	0.00180	0.00458
6	0.89114	0.00750	0.00570	0.00510	0.00750	0.00870	0.00420	0.01140	0.00660	0.01739	0.00540	0.00630	0.00420	0.00360	0.00240	0.00120	0.00300	0.00210	0.00240	0.00420
7	0.00594	0.00419	0.00472	0.00452	0.00588	0.00361	0.00348	0.00718	0.00947	0.08294	0.19924	0.03383	0.56626	0.00904	0.00456	0.00130	0.00212	0.04423	0.00384	0.00365
8	0.00822	0.07741	0.24951	0.03476	0.04566	0.03834	0.06154	0.02250	0.07528	0.04777	0.07415	0.08826	0.09935	0.00565	0.00395	0.00122	0.00414	0.01881	0.01967	0.02380
9	0.00675	0.00513	0.00610	0.00532	0.00712	0.00443	0.00409	0.02653	0.03567	0.04345	0.25227	0.11501	0.18408	0.00714	0.00410	0.00111	0.00240	0.03066	0.00348	0.25517
10	0.00819	0.04782	0.03904	0.00638	0.00937	0.00627	0.00539	0.04053	0.04105	0.01279	0.00893	0.04061	0.00804	0.00419	0.00353	0.00083	0.02858	0.06873	0.01918	0.60055

[dist]
# distance from previous block
# <min> <max>
0	2

[block]
# block no. 12 follows, 70 sequences, length 9
# corresponding to MSA columns:
# 778,783-790
name=unknown_M
#
# <colnr> <probs for GDERKNQSTAVLIFYWHMCP>
#	G	D	E	R	K	N	Q	S	T	A	V	L	I	F	Y	W	H	M	C	P
0	0.00700	0.00546	0.02554	0.01913	0.02672	0.00514	0.03508	0.07319	0.00875	0.04397	0.01797	0.39161	0.07443	0.00942	0.00533	0.03984	0.02872	0.12373	0.00328	0.05570
1	0.07087	0.16065	0.29078	0.00976	0.02834	0.12889	0.04553	0.07727	0.06249	0.01269	0.00710	0.00820	0.00555	0.00406	0.00415	0.00116	0.07222	0.00290	0.00209	0.00528
2	0.01046	0.00787	0.05980	0.00839	0.03911	0.00740	0.05345	0.07686	0.25604	0.19040	0.05945	0.08301	0.03702	0.00609	0.00417	0.00131	0.00348	0.07167	0.01852	0.00549
3	0.00965	0.11199	0.12720	0.00821	0.01165	0.03835	0.07595	0.16717	0.01015	0.01410	0.00828	0.06979	0.00712	0.00412	0.00345	0.00096	0.00410	0.00341	0.00249	0.32187
4	0.00507	0.00380	0.00473	0.00514	0.00582	0.00352	0.00369	0.00637	0.02911	0.01150	0.20360	0.44367	0.19457	0.01049	0.00479	0.00145	0.00219	0.05335	0.00375	0.00338
5	0.02337	0.00924	0.14306	0.05868	0.01393	0.00732	0.27760	0.01115	0.04076	0.09197	0.01345	0.02786	0.12024	0.06145	0.04229	0.04072	0.00499	0.00471	0.00252	0.00469
6	0.04481	0.11962	0.21555	0.03310	0.01000	0.03248	0.00714	0.02901	0.00713	0.04234	0.00710	0.00991	0.00609	0.00888	0.04548	0.36810	0.00453	0.00306	0.00190	0.00377
7	0.00497	0.00363	0.00472	0.00536	0.00586	0.00337	0.00382	0.00596	0.00821	0.01091	0.13378	0.57337	0.11368	0.01117	0.00490	0.00152	0.00230	0.09551	0.00369	0.00328
8	0.08080	0.00647	0.00769	0.00673	0.00839	0.00706	0.00537	0.25242	0.01055	0.05924	0.07653	0.01519	0.03357	0.01401	0.28060	0.08466	0.00574	0.03748	0.00303	0.00447

[dist]
# distance from previous block
# <min> <max>
0	1

[block]
# block no. 13 follows, 70 sequences, length 15
# corresponding to MSA columns:
# 792-806
name=unknown_N
#
# <colnr> <probs for GDERKNQSTAVLIFYWHMCP>
#	G	D	E	R	K	N	Q	S	T	A	V	L	I	F	Y	W	H	M	C	P
0	0.01018	0.03421	0.29272	0.14464	0.04276	0.06282	0.07702	0.11905	0.00996	0.09586	0.02149	0.00973	0.00637	0.00442	0.01716	0.00128	0.01999	0.00334	0.00238	0.02461
1	0.05167	0.00761	0.02235	0.04894	0.02978	0.05889	0.00652	0.06114	0.00839	0.06668	0.06558	0.08513	0.01021	0.00693	0.03867	0.00152	0.28428	0.00425	0.11792	0.02354
2	0.03416	0.00433	0.00542	0.00566	0.00638	0.00423	0.00407	0.02640	0.02617	0.08681	0.03589	0.40474	0.02008	0.19061	0.00790	0.00200	0.00293	0.12524	0.00343	0.00355
3	0.07277	0.00800	0.00946	0.02888	0.06508	0.00829	0.00637	0.33035	0.01277	0.21275	0.03263	0.03955	0.00924	0.00496	0.00374	0.00117	0.00357	0.02958	0.08406	0.03678
4	0.12900	0.00640	0.00734	0.00668	0.00791	0.03408	0.00525	0.13385	0.00827	0.01261	0.00919	0.01309	0.00831	0.08516	0.41742	0.00388	0.07398	0.00376	0.02978	0.00405
5	0.08775	0.00593	0.00689	0.00564	0.00784	0.00526	0.00432	0.04115	0.00859	0.16299	0.04770	0.11243	0.04628	0.12856	0.00586	0.00140	0.00299	0.00456	0.00312	0.31075
6	0.01036	0.86609	0.02032	0.00663	0.00995	0.01534	0.00663	0.01161	0.00788	0.00912	0.00539	0.00622	0.00498	0.00332	0.00249	0.00083	0.00415	0.00207	0.00166	0.00498
7	0.52444	0.01209	0.00791	0.00714	0.00937	0.35985	0.00558	0.01310	0.00843	0.01409	0.00565	0.00659	0.00453	0.00376	0.00286	0.00112	0.00467	0.00227	0.00223	0.00432
8	0.00603	0.00362	0.00452	0.00452	0.00452	0.00362	0.00271	0.00543	0.00543	0.00724	0.01025	0.02051	0.01146	0.55935	0.01809	0.32004	0.00362	0.00482	0.00211	0.00211
9	0.00486	0.00352	0.00460	0.00522	0.00563	0.00325	0.00357	0.00578	0.00818	0.01101	0.17903	0.65644	0.07212	0.01121	0.00486	0.00149	0.00215	0.01010	0.00373	0.00325
10	0.00930	0.00839	0.01057	0.04529	0.01047	0.08350	0.00762	0.01039	0.00699	0.08755	0.00709	0.01001	0.00628	0.00997	0.15109	0.00233	0.52323	0.00349	0.00208	0.00436
11	0.00491	0.00383	0.00446	0.00460	0.00554	0.00338	0.00337	0.00608	0.00914	0.01182	0.26288	0.21712	0.41096	0.00981	0.00468	0.00135	0.00203	0.02688	0.00379	0.00336
12	0.07405	0.00602	0.00663	0.00574	0.00744	0.00624	0.00452	0.17872	0.06514	0.06657	0.29028	0.01875	0.06007	0.00596	0.00380	0.00115	0.00259	0.00492	0.18682	0.00461
13	0.00532	0.00392	0.00469	0.00466	0.00566	0.00350	0.00346	0.00668	0.00961	0.02865	0.38598	0.14517	0.32921	0.00913	0.00459	0.00131	0.00200	0.02299	0.01998	0.00350
14	0.09041	0.01470	0.00697	0.10555	0.02976	0.00601	0.01390	0.04569	0.03533	0.02228	0.18849	0.07023	0.15914	0.00674	0.00465	0.01839	0.05274	0.00540	0.11962	0.00401

[dist]
# distance from previous block
# <min> <max>
0	23

# created by:
# /home/simao/soft/augustus-3.0.3/scripts/msa2prfl.pl ./prep/79596.aln
