[name]
unknown

[dist]
# distance from previous block
# <min> <max>
0	40

[block]
# block no. 0 follows, 67 sequences, length 17
# corresponding to MSA columns:
# 41-57
name=unknown_A
#
# <colnr> <probs for GDERKNQSTAVLIFYWHMCP>
#	G	D	E	R	K	N	Q	S	T	A	V	L	I	F	Y	W	H	M	C	P
0	0.07531	0.20186	0.37584	0.04145	0.01380	0.06409	0.01014	0.04201	0.03542	0.02598	0.02615	0.02506	0.02477	0.00424	0.00351	0.00116	0.00495	0.00318	0.00215	0.01894
1	0.00909	0.28609	0.23115	0.03178	0.04086	0.02382	0.03488	0.05825	0.00922	0.01223	0.04221	0.02178	0.09231	0.00458	0.00353	0.00108	0.00443	0.00360	0.00227	0.08686
2	0.01008	0.15975	0.23399	0.00879	0.02866	0.02545	0.00859	0.11629	0.17259	0.04942	0.05253	0.03631	0.03388	0.00491	0.00376	0.00119	0.00423	0.00389	0.02202	0.02368
3	0.05268	0.00734	0.00837	0.03721	0.01005	0.00681	0.00538	0.09437	0.12581	0.05897	0.02248	0.06334	0.05436	0.00474	0.00356	0.00097	0.00316	0.00388	0.00309	0.43342
4	0.01451	0.03081	0.03988	0.00941	0.01260	0.11836	0.02696	0.61010	0.01657	0.03441	0.00898	0.00925	0.00651	0.00456	0.00390	0.00116	0.00481	0.00341	0.00354	0.04025
5	0.00497	0.00352	0.00460	0.00546	0.00576	0.00328	0.00366	0.00572	0.00777	0.01042	0.02263	0.79224	0.06175	0.01220	0.00503	0.00159	0.00230	0.01102	0.03283	0.00328
6	0.00520	0.00374	0.00492	0.00567	0.00606	0.00355	0.00391	0.02139	0.00817	0.01092	0.06708	0.72618	0.04772	0.01237	0.02032	0.00169	0.00254	0.04144	0.00374	0.00338
7	0.00912	0.00634	0.00741	0.00656	0.00835	0.00660	0.00510	0.04985	0.29851	0.11872	0.38194	0.02203	0.04913	0.00674	0.00438	0.00129	0.00265	0.00577	0.00433	0.00519
8	0.00504	0.00405	0.00450	0.00444	0.00562	0.00351	0.00331	0.00632	0.00977	0.01246	0.28965	0.07296	0.54497	0.00965	0.00475	0.00134	0.00200	0.00821	0.00394	0.00351
9	0.00528	0.00408	0.00481	0.00463	0.00575	0.00362	0.00347	0.00680	0.01042	0.01387	0.49815	0.03360	0.37300	0.00902	0.00473	0.00130	0.00195	0.00776	0.00412	0.00362
10	0.00508	0.00379	0.00468	0.00510	0.00575	0.00345	0.00358	0.00609	0.00873	0.01148	0.18540	0.44035	0.22873	0.04327	0.00554	0.00158	0.00226	0.02796	0.00381	0.00337
11	0.01060	0.82460	0.05685	0.00706	0.01060	0.01558	0.00721	0.01204	0.00816	0.00958	0.00565	0.00652	0.00514	0.00345	0.00263	0.00088	0.00436	0.00218	0.00171	0.00518
12	0.00914	0.00668	0.00752	0.00680	0.00864	0.00713	0.00525	0.04131	0.39853	0.09765	0.17533	0.09589	0.09085	0.00695	0.00432	0.00134	0.00279	0.00593	0.02263	0.00532
13	0.01426	0.01553	0.01119	0.00980	0.01196	0.53553	0.00756	0.13286	0.09032	0.05955	0.00815	0.00880	0.00636	0.00461	0.00443	0.00115	0.06696	0.00307	0.00268	0.00523
14	0.00807	0.00682	0.00796	0.00597	0.00913	0.00536	0.00474	0.01015	0.03989	0.01305	0.03642	0.01194	0.02338	0.03235	0.00379	0.00082	0.00298	0.03533	0.00259	0.73926
15	0.03760	0.00792	0.01041	0.12104	0.13630	0.04893	0.02014	0.08398	0.00968	0.05438	0.10190	0.03247	0.09974	0.00651	0.02269	0.00144	0.14148	0.02633	0.00282	0.03422
16	0.04644	0.00759	0.02776	0.00977	0.04326	0.00715	0.19600	0.10250	0.00981	0.20543	0.01161	0.12514	0.00990	0.00716	0.00646	0.16679	0.00426	0.00492	0.00312	0.00492

[dist]
# distance from previous block
# <min> <max>
6	21

[block]
# block no. 1 follows, 67 sequences, length 31
# corresponding to MSA columns:
# 86-116
name=unknown_B
#
# <colnr> <probs for GDERKNQSTAVLIFYWHMCP>
#	G	D	E	R	K	N	Q	S	T	A	V	L	I	F	Y	W	H	M	C	P
0	0.00502	0.00374	0.00466	0.00523	0.00579	0.00344	0.00364	0.00590	0.00817	0.01066	0.07748	0.53031	0.20755	0.05100	0.03075	0.00180	0.00260	0.03527	0.00366	0.00331
1	0.03548	0.00973	0.02671	0.03417	0.03044	0.03641	0.05716	0.38155	0.16181	0.01904	0.03793	0.02785	0.08745	0.00554	0.00413	0.00127	0.00409	0.01914	0.00360	0.01651
2	0.02556	0.05456	0.08860	0.07658	0.32208	0.01787	0.18804	0.03764	0.03528	0.05240	0.00806	0.01004	0.00631	0.00395	0.00458	0.00127	0.05546	0.00372	0.00221	0.00578
3	0.00969	0.00473	0.00576	0.00515	0.00672	0.00432	0.00402	0.01131	0.00987	0.24920	0.16039	0.06254	0.11429	0.00656	0.00390	0.00118	0.00240	0.02358	0.30984	0.00456
4	0.00558	0.00399	0.00496	0.00540	0.00607	0.00375	0.00381	0.00697	0.04257	0.02802	0.12073	0.50441	0.15178	0.03787	0.00540	0.00159	0.00237	0.03763	0.02356	0.00354
5	0.01210	0.36984	0.06170	0.03575	0.15302	0.02275	0.02049	0.03786	0.00958	0.20544	0.02992	0.00975	0.00739	0.00403	0.00341	0.00107	0.00431	0.00314	0.00267	0.00578
6	0.03188	0.03165	0.01105	0.00864	0.01151	0.19035	0.00699	0.38352	0.01457	0.22960	0.01040	0.01016	0.00727	0.00465	0.00383	0.00116	0.00467	0.00344	0.02847	0.00618
7	0.00549	0.00425	0.00505	0.00522	0.00615	0.00400	0.00379	0.00747	0.07405	0.01256	0.24785	0.30739	0.26789	0.01007	0.00483	0.00143	0.00221	0.02267	0.00394	0.00369
8	0.00537	0.00405	0.00504	0.00556	0.00635	0.00378	0.00417	0.00675	0.02813	0.01149	0.10694	0.37320	0.23952	0.01102	0.00504	0.00156	0.00250	0.17222	0.00379	0.00351
9	0.03494	0.00462	0.00575	0.00525	0.00655	0.00430	0.00401	0.00912	0.03505	0.09781	0.62010	0.02801	0.11338	0.00785	0.00457	0.00127	0.00213	0.00681	0.00433	0.00414
10	0.00572	0.00388	0.00457	0.00474	0.00484	0.00387	0.00287	0.00595	0.00626	0.00836	0.01431	0.14404	0.01652	0.67655	0.04210	0.00355	0.00386	0.04272	0.00266	0.00264
11	0.14391	0.00522	0.00590	0.00557	0.00704	0.00511	0.00421	0.04558	0.00935	0.15310	0.11403	0.28421	0.11916	0.00817	0.00421	0.00136	0.00260	0.00696	0.07003	0.00430
12	0.01498	0.01911	0.01137	0.01033	0.01240	0.84295	0.00775	0.01601	0.01137	0.00982	0.00620	0.00723	0.00517	0.00413	0.00362	0.00103	0.00723	0.00258	0.00207	0.00465
13	0.05278	0.00766	0.00952	0.00746	0.01040	0.00735	0.00615	0.19666	0.01278	0.56620	0.02990	0.02990	0.01024	0.00527	0.00404	0.00126	0.00358	0.02775	0.00458	0.00650
14	0.00887	0.00896	0.01209	0.01041	0.01049	0.03683	0.00864	0.00977	0.00631	0.00965	0.00545	0.00892	0.00540	0.00758	0.03626	0.00187	0.80286	0.00350	0.00178	0.00437
15	0.00498	0.00358	0.00475	0.00566	0.00597	0.00335	0.00388	0.00576	0.00782	0.01037	0.02253	0.78342	0.04707	0.01241	0.00514	0.00164	0.00241	0.06228	0.00372	0.00329
16	0.01239	0.00632	0.00819	0.00721	0.00930	0.00607	0.00597	0.10925	0.02370	0.36709	0.05666	0.04273	0.01573	0.04909	0.00537	0.00157	0.00354	0.26019	0.00426	0.00538
17	0.00677	0.00560	0.00820	0.00766	0.02426	0.02786	0.12622	0.01741	0.02233	0.01099	0.03043	0.26305	0.03860	0.21816	0.00864	0.00209	0.00374	0.11943	0.05489	0.00367
18	0.05128	0.04585	0.01221	0.03508	0.11882	0.36642	0.00818	0.18967	0.04123	0.03587	0.00766	0.00867	0.00603	0.00439	0.00422	0.00116	0.05212	0.00309	0.00261	0.00545
19	0.01212	0.01127	0.01130	0.13174	0.01389	0.21937	0.02917	0.21178	0.04599	0.06096	0.00850	0.00994	0.00659	0.00617	0.05441	0.00153	0.09910	0.00341	0.01437	0.04841
20	0.06015	0.07906	0.01225	0.03397	0.05863	0.04653	0.05476	0.23409	0.10622	0.21844	0.01082	0.01087	0.00775	0.00496	0.01569	0.00130	0.03124	0.00365	0.00351	0.00610
21	0.01483	0.01886	0.01139	0.01034	0.01235	0.82244	0.00777	0.01586	0.01124	0.00981	0.00618	0.00727	0.00517	0.00420	0.00385	0.00105	0.02809	0.00261	0.00206	0.00464
22	0.00976	0.01059	0.07651	0.10303	0.32192	0.00996	0.27437	0.07157	0.03195	0.01359	0.00799	0.01027	0.00623	0.00382	0.00449	0.00129	0.03078	0.00393	0.00216	0.00580
23	0.00533	0.00383	0.00505	0.00528	0.00591	0.00355	0.00376	0.00669	0.00973	0.01350	0.47409	0.39516	0.03284	0.01013	0.00490	0.00142	0.00208	0.00909	0.00411	0.00355
24	0.01739	0.00724	0.00924	0.00717	0.01016	0.03222	0.00589	0.04630	0.01160	0.75050	0.01520	0.01336	0.00969	0.00492	0.00397	0.00122	0.00350	0.00396	0.03982	0.00663
25	0.00547	0.00402	0.00504	0.00492	0.00579	0.00368	0.00359	0.00700	0.01033	0.01423	0.58647	0.11304	0.15018	0.06149	0.00574	0.00147	0.00208	0.00775	0.00412	0.00359
26	0.00498	0.00401	0.00444	0.00457	0.00569	0.00348	0.00340	0.00612	0.00928	0.01160	0.15674	0.14947	0.56664	0.01023	0.00483	0.00140	0.00212	0.04375	0.00383	0.00344
27	0.05928	0.00688	0.00890	0.00698	0.00988	0.00625	0.00572	0.04104	0.04522	0.68379	0.04983	0.01458	0.03249	0.00519	0.00401	0.00125	0.00332	0.00420	0.00472	0.00647
28	0.01343	0.00809	0.00906	0.00723	0.00973	0.00851	0.00589	0.41078	0.01413	0.19056	0.01188	0.01209	0.00850	0.00560	0.02995	0.00130	0.00372	0.00375	0.23992	0.00589
29	0.00962	0.00947	0.01145	0.00988	0.01043	0.08835	0.00808	0.07540	0.02424	0.01113	0.00673	0.02557	0.00635	0.01900	0.04792	0.00185	0.60813	0.00367	0.01817	0.00455
30	0.02513	0.00899	0.00950	0.00777	0.01019	0.04230	0.00624	0.36200	0.14151	0.06873	0.02970	0.01355	0.05898	0.02082	0.02046	0.00135	0.03722	0.00409	0.08411	0.04733

[dist]
# distance from previous block
# <min> <max>
0	2

[block]
# block no. 2 follows, 67 sequences, length 11
# corresponding to MSA columns:
# 119-129
name=unknown_C
#
# <colnr> <probs for GDERKNQSTAVLIFYWHMCP>
#	G	D	E	R	K	N	Q	S	T	A	V	L	I	F	Y	W	H	M	C	P
0	0.07944	0.05327	0.04339	0.04270	0.05751	0.04908	0.22079	0.05859	0.03072	0.06179	0.00796	0.01057	0.00649	0.00491	0.00647	0.00140	0.23159	0.02581	0.00234	0.00518
1	0.25164	0.03084	0.08616	0.13908	0.13164	0.02453	0.04982	0.11030	0.04380	0.06107	0.00788	0.00924	0.00594	0.00410	0.00382	0.00126	0.02774	0.00321	0.00255	0.00539
2	0.01357	0.00865	0.00950	0.00765	0.01034	0.04219	0.00621	0.32448	0.07619	0.25681	0.04245	0.01645	0.12089	0.00581	0.00414	0.00124	0.00370	0.02264	0.00415	0.02294
3	0.00950	0.07632	0.14803	0.12548	0.24833	0.02780	0.06927	0.01230	0.02972	0.06771	0.08329	0.01177	0.00916	0.00440	0.00436	0.00124	0.04332	0.00382	0.01869	0.00549
4	0.00599	0.00394	0.00511	0.00517	0.00542	0.00409	0.00345	0.00614	0.00613	0.00830	0.01240	0.03987	0.03251	0.43502	0.21544	0.16181	0.00537	0.03881	0.00235	0.00268
5	0.00485	0.00362	0.00452	0.00525	0.00573	0.00329	0.00357	0.00562	0.00800	0.01037	0.02619	0.67595	0.20438	0.01203	0.00504	0.00157	0.00226	0.01075	0.00372	0.00329
6	0.00574	0.00425	0.00622	0.00622	0.00685	0.00489	0.00473	0.00701	0.00638	0.00914	0.01095	0.01691	0.01053	0.12150	0.75242	0.00616	0.00999	0.00447	0.00218	0.00345
7	0.00881	0.00725	0.00834	0.00607	0.00945	0.00581	0.00486	0.07392	0.00915	0.01414	0.00768	0.00881	0.00627	0.00322	0.00304	0.00066	0.00302	0.00255	0.05478	0.76217
8	0.07181	0.16635	0.02303	0.04150	0.08476	0.02753	0.03337	0.12807	0.13211	0.05090	0.05614	0.04615	0.02135	0.00488	0.00377	0.00116	0.01504	0.00393	0.04228	0.04585
9	0.01067	0.01021	0.07802	0.01257	0.22928	0.06615	0.03002	0.11567	0.06445	0.07134	0.01019	0.03407	0.03367	0.00438	0.00395	0.00110	0.01734	0.00369	0.00276	0.20047
10	0.04110	0.17569	0.04501	0.03773	0.12052	0.13383	0.02630	0.14664	0.09089	0.05222	0.00843	0.00920	0.00657	0.00405	0.00354	0.00108	0.00465	0.00312	0.00266	0.08680

[dist]
# distance from previous block
# <min> <max>
4	45

[block]
# block no. 3 follows, 67 sequences, length 29
# corresponding to MSA columns:
# 185-213
name=unknown_D
#
# <colnr> <probs for GDERKNQSTAVLIFYWHMCP>
#	G	D	E	R	K	N	Q	S	T	A	V	L	I	F	Y	W	H	M	C	P
0	0.09476	0.03590	0.04892	0.14526	0.08111	0.00769	0.04656	0.03124	0.04944	0.06552	0.02767	0.05481	0.10881	0.01986	0.00457	0.00130	0.03890	0.02879	0.01533	0.09356
1	0.04313	0.03226	0.07129	0.02457	0.05308	0.06947	0.18008	0.13226	0.05215	0.03082	0.03793	0.04266	0.10830	0.00523	0.00442	0.00124	0.03393	0.00456	0.00282	0.06982
2	0.06966	0.08718	0.02961	0.04113	0.07650	0.14492	0.03741	0.18173	0.01106	0.01465	0.04959	0.01286	0.05369	0.04853	0.00476	0.00127	0.02139	0.02069	0.00273	0.09062
3	0.01168	0.39522	0.01482	0.02634	0.02836	0.02206	0.00660	0.09868	0.01863	0.14940	0.04374	0.02042	0.01885	0.00433	0.00354	0.00101	0.02673	0.00318	0.00278	0.10363
4	0.40923	0.12645	0.01003	0.00748	0.02222	0.25106	0.00598	0.03499	0.00887	0.04274	0.00645	0.00736	0.00516	0.00396	0.00315	0.00113	0.02086	0.00248	0.02571	0.00471
5	0.00873	0.00837	0.01498	0.05281	0.36645	0.00830	0.20230	0.01138	0.02715	0.01267	0.01219	0.01954	0.03843	0.00557	0.00455	0.00140	0.00488	0.19248	0.00249	0.00532
6	0.00585	0.00443	0.00651	0.00649	0.00715	0.00516	0.00503	0.00719	0.00652	0.00935	0.01121	0.03158	0.01084	0.07158	0.72848	0.00591	0.03864	0.03230	0.00223	0.00355
7	0.00808	0.03551	0.37625	0.37655	0.02096	0.00912	0.01211	0.02472	0.02259	0.01184	0.00732	0.00951	0.00540	0.00388	0.00382	0.00125	0.00537	0.00320	0.00185	0.06067
8	0.04338	0.00735	0.02522	0.06703	0.07930	0.00691	0.16779	0.03802	0.00907	0.04092	0.06662	0.19091	0.04156	0.00628	0.00451	0.00128	0.02648	0.02658	0.00285	0.14797
9	0.00567	0.00382	0.00442	0.00458	0.00462	0.00378	0.00265	0.00579	0.00615	0.00820	0.01425	0.16786	0.01662	0.71466	0.01780	0.00350	0.00362	0.00678	0.00265	0.00257
10	0.01232	0.00804	0.01081	0.23586	0.09385	0.02675	0.00813	0.06866	0.17932	0.28256	0.01227	0.02498	0.00877	0.00476	0.00404	0.00129	0.00415	0.00402	0.00350	0.00594
11	0.00908	0.02693	0.04393	0.00934	0.05356	0.13670	0.08017	0.03504	0.03886	0.05053	0.06174	0.16551	0.07944	0.03626	0.00588	0.00148	0.09010	0.06796	0.00297	0.00453
12	0.00745	0.00458	0.00576	0.00529	0.00661	0.00416	0.00401	0.00926	0.03198	0.13969	0.47389	0.08060	0.17824	0.02435	0.00493	0.00135	0.00225	0.00715	0.00428	0.00418
13	0.01027	0.29065	0.37854	0.00958	0.01379	0.16292	0.01050	0.01356	0.05447	0.01135	0.00700	0.00795	0.00552	0.00384	0.00339	0.00110	0.00548	0.00272	0.00190	0.00547
14	0.00991	0.12416	0.29282	0.08136	0.07173	0.05367	0.11953	0.06642	0.04383	0.04026	0.00800	0.01928	0.00618	0.00414	0.00424	0.00124	0.04202	0.00343	0.00218	0.00561
15	0.01063	0.04001	0.01084	0.00896	0.03882	0.02414	0.09566	0.11267	0.25432	0.12520	0.12437	0.06815	0.03620	0.00599	0.00427	0.00131	0.00368	0.02540	0.00377	0.00561
16	0.00522	0.00394	0.00479	0.00488	0.00574	0.00355	0.00352	0.00653	0.00970	0.01297	0.39067	0.22988	0.26170	0.03208	0.00524	0.00144	0.00209	0.00855	0.00400	0.00351
17	0.00862	0.00643	0.00948	0.14445	0.12145	0.00662	0.04234	0.02744	0.09870	0.11045	0.12002	0.20295	0.06002	0.00706	0.00444	0.00137	0.00354	0.01638	0.00339	0.00487
18	0.00987	0.08878	0.26910	0.12117	0.01692	0.03941	0.15936	0.07635	0.06885	0.05048	0.00862	0.01050	0.00654	0.00425	0.00432	0.00128	0.03704	0.01928	0.00233	0.00556
19	0.09814	0.01529	0.30090	0.02844	0.06924	0.16042	0.13602	0.10480	0.01025	0.02901	0.00745	0.00878	0.00555	0.00392	0.00383	0.00123	0.00571	0.00323	0.00223	0.00557
20	0.00515	0.00387	0.00466	0.00516	0.00579	0.00357	0.00359	0.00617	0.02875	0.01049	0.03872	0.47554	0.26289	0.07407	0.00631	0.01731	0.00244	0.03861	0.00361	0.00331
21	0.02858	0.00836	0.01248	0.20226	0.21031	0.06053	0.08244	0.03220	0.00871	0.04731	0.03355	0.01160	0.00765	0.00817	0.12172	0.02575	0.06893	0.00381	0.02070	0.00493
22	0.02176	0.12027	0.19272	0.09493	0.16555	0.14363	0.03539	0.05199	0.04110	0.03277	0.00867	0.01002	0.03405	0.00421	0.00398	0.00119	0.02679	0.00334	0.00219	0.00548
23	0.00514	0.00370	0.00484	0.00550	0.00591	0.00350	0.00381	0.00602	0.00806	0.01077	0.10341	0.59861	0.07222	0.06565	0.03507	0.00190	0.00273	0.05621	0.00365	0.00330
24	0.00557	0.00419	0.00510	0.00545	0.00629	0.00396	0.00413	0.00695	0.02931	0.01125	0.10370	0.19458	0.26528	0.11564	0.02309	0.00193	0.00291	0.20364	0.00360	0.00344
25	0.04223	0.12280	0.09592	0.04639	0.07119	0.08060	0.07092	0.09687	0.12814	0.04485	0.01152	0.12283	0.02009	0.00552	0.00396	0.00126	0.00445	0.02226	0.00285	0.00534
26	0.01087	0.07717	0.16782	0.07259	0.14905	0.10374	0.09352	0.14417	0.05560	0.03053	0.00836	0.01876	0.00656	0.01590	0.00438	0.00126	0.02806	0.00354	0.00243	0.00570
27	0.04508	0.06660	0.17411	0.00844	0.02440	0.00895	0.02358	0.06387	0.30143	0.07591	0.01521	0.01535	0.10479	0.00571	0.00437	0.03187	0.00387	0.01761	0.00325	0.00560
28	0.01822	0.09182	0.09758	0.04692	0.09751	0.05867	0.03604	0.12361	0.15825	0.01469	0.02569	0.03671	0.03247	0.00476	0.00379	0.00116	0.00423	0.01687	0.02616	0.10484

[dist]
# distance from previous block
# <min> <max>
1	19

[block]
# block no. 4 follows, 67 sequences, length 13
# corresponding to MSA columns:
# 239-244,247-253
name=unknown_E
#
# <colnr> <probs for GDERKNQSTAVLIFYWHMCP>
#	G	D	E	R	K	N	Q	S	T	A	V	L	I	F	Y	W	H	M	C	P
0	0.13892	0.00862	0.02041	0.03814	0.03217	0.02656	0.12559	0.11238	0.21160	0.02684	0.01313	0.03955	0.06380	0.02255	0.00456	0.00137	0.02611	0.03815	0.01364	0.03594
1	0.00982	0.15601	0.25054	0.04223	0.18698	0.04155	0.01015	0.06160	0.10204	0.02819	0.00867	0.01058	0.00703	0.06225	0.00481	0.00136	0.00484	0.00339	0.00230	0.00566
2	0.03870	0.01037	0.01038	0.00854	0.01126	0.06754	0.00684	0.39763	0.31633	0.02018	0.01175	0.01143	0.00869	0.00490	0.00390	0.00122	0.00399	0.00380	0.02500	0.03755
3	0.00748	0.00566	0.00753	0.00723	0.00849	0.00581	0.06125	0.05399	0.16553	0.03459	0.01846	0.39721	0.01929	0.00920	0.00471	0.00151	0.00310	0.12109	0.06350	0.00438
4	0.00511	0.00381	0.00480	0.00547	0.00609	0.00350	0.00396	0.00609	0.00838	0.01085	0.05756	0.52130	0.21121	0.01163	0.00508	0.00158	0.00244	0.12402	0.00375	0.00337
5	0.04577	0.00831	0.00987	0.00773	0.01075	0.00830	0.00633	0.23902	0.11749	0.45165	0.01352	0.01228	0.00904	0.00487	0.00394	0.00122	0.00363	0.00386	0.00441	0.03801
6	0.84518	0.00758	0.00587	0.00526	0.00767	0.00875	0.00432	0.01159	0.00704	0.01790	0.04514	0.00764	0.00595	0.00394	0.00259	0.00124	0.00304	0.00241	0.00257	0.00432
7	0.06531	0.00782	0.00970	0.00748	0.01057	0.00747	0.00618	0.19092	0.01280	0.61765	0.01393	0.01239	0.00895	0.00486	0.00394	0.00123	0.00361	0.00384	0.00462	0.00669
8	0.00559	0.00400	0.00533	0.00617	0.00678	0.00383	0.00477	0.00681	0.00843	0.01113	0.02277	0.44673	0.07958	0.01158	0.00520	0.00168	0.00285	0.33621	0.02709	0.00346
9	0.03612	0.00903	0.01016	0.00812	0.01096	0.00960	0.00660	0.38941	0.16247	0.24615	0.01296	0.04200	0.00937	0.00522	0.00401	0.00125	0.00375	0.00414	0.02220	0.00648
10	0.00871	0.00555	0.00801	0.07534	0.09629	0.00547	0.00650	0.02972	0.00931	0.16017	0.01809	0.26806	0.03526	0.00889	0.00481	0.00154	0.00347	0.24667	0.00361	0.00454
11	0.14482	0.00696	0.00881	0.00686	0.00988	0.00635	0.00567	0.01841	0.01080	0.71737	0.01433	0.01261	0.00911	0.00478	0.00381	0.00124	0.00337	0.00376	0.00460	0.00646
12	0.00501	0.00357	0.00475	0.00564	0.00591	0.00336	0.00383	0.00575	0.00770	0.01025	0.02170	0.77792	0.02587	0.04436	0.00572	0.00173	0.00247	0.05754	0.00367	0.00325

[dist]
# distance from previous block
# <min> <max>
0	1

[block]
# block no. 5 follows, 67 sequences, length 6
# corresponding to MSA columns:
# 255-260
name=unknown_F
#
# <colnr> <probs for GDERKNQSTAVLIFYWHMCP>
#	G	D	E	R	K	N	Q	S	T	A	V	L	I	F	Y	W	H	M	C	P
0	0.07787	0.00655	0.00699	0.00608	0.00797	0.00696	0.00479	0.16937	0.13100	0.11130	0.01323	0.06891	0.01048	0.00530	0.00350	0.00115	0.00286	0.00425	0.35635	0.00509
1	0.00683	0.06175	0.00783	0.00660	0.00736	0.00667	0.00524	0.00811	0.00675	0.01008	0.00997	0.01465	0.00929	0.08303	0.46635	0.00431	0.14786	0.00406	0.12952	0.00375
2	0.00574	0.00477	0.00495	0.00471	0.00619	0.00437	0.00359	0.04917	0.06938	0.01245	0.10293	0.03466	0.66405	0.00937	0.00465	0.00134	0.00223	0.00783	0.00382	0.00381
3	0.01305	0.01393	0.01047	0.00938	0.01106	0.48524	0.00720	0.05233	0.01046	0.09295	0.00921	0.11685	0.00847	0.00577	0.00533	0.00125	0.13564	0.00405	0.00261	0.00475
4	0.00866	0.00801	0.01329	0.46682	0.25874	0.00901	0.04553	0.06253	0.00908	0.01215	0.00841	0.06446	0.00712	0.00445	0.00410	0.00131	0.00499	0.00412	0.00212	0.00512
5	0.00719	0.00584	0.03702	0.05122	0.00933	0.00540	0.05475	0.00915	0.04215	0.08218	0.11343	0.20763	0.19990	0.00882	0.00519	0.00147	0.04638	0.10524	0.00354	0.00417

[dist]
# distance from previous block
# <min> <max>
3	52

[block]
# block no. 6 follows, 67 sequences, length 12
# corresponding to MSA columns:
# 314-325
name=unknown_G
#
# <colnr> <probs for GDERKNQSTAVLIFYWHMCP>
#	G	D	E	R	K	N	Q	S	T	A	V	L	I	F	Y	W	H	M	C	P
0	0.03689	0.01022	0.10286	0.03929	0.04031	0.08172	0.12567	0.07319	0.12861	0.03977	0.05030	0.05086	0.06896	0.00633	0.03825	0.00147	0.02321	0.01451	0.00289	0.06469
1	0.13890	0.01044	0.09396	0.07118	0.13557	0.03996	0.02608	0.17361	0.15053	0.04617	0.03763	0.01083	0.00809	0.00449	0.00394	0.00125	0.01901	0.00359	0.00297	0.02180
2	0.00534	0.00390	0.00506	0.00575	0.00630	0.00370	0.00419	0.00656	0.02458	0.01112	0.08257	0.53639	0.10213	0.03037	0.00545	0.00166	0.00257	0.15518	0.00375	0.00343
3	0.00987	0.00967	0.01371	0.17477	0.27990	0.09278	0.08416	0.08014	0.03632	0.01294	0.03242	0.04039	0.00790	0.00539	0.02983	0.00145	0.07671	0.00401	0.00232	0.00534
4	0.05935	0.00991	0.01081	0.00833	0.01143	0.01058	0.00686	0.58570	0.01616	0.14035	0.01028	0.01015	0.00721	0.00466	0.00383	0.00116	0.00402	0.00353	0.03476	0.06092
5	0.00776	0.00733	0.01229	0.77005	0.07446	0.00907	0.01112	0.01035	0.00802	0.01039	0.00708	0.01058	0.00540	0.00409	0.00434	0.00134	0.03641	0.00356	0.00179	0.00456
6	0.00495	0.00402	0.00442	0.00465	0.00576	0.00349	0.00349	0.00602	0.00899	0.01103	0.06536	0.17512	0.59714	0.01057	0.00487	0.00144	0.00222	0.07931	0.00375	0.00341
7	0.00505	0.00361	0.00484	0.00572	0.00604	0.00339	0.00396	0.00590	0.00796	0.01062	0.05479	0.75389	0.02669	0.01226	0.00514	0.00163	0.00243	0.07903	0.00375	0.00332
8	0.00561	0.00423	0.00521	0.00497	0.00602	0.00390	0.00372	0.00761	0.03878	0.01486	0.61855	0.05918	0.19515	0.00864	0.00472	0.00130	0.00198	0.00754	0.00424	0.00377
9	0.00515	0.00401	0.00465	0.00471	0.00572	0.00355	0.00347	0.00641	0.00957	0.01240	0.29312	0.14613	0.41486	0.03472	0.00527	0.00145	0.00214	0.03528	0.00391	0.00348
10	0.01235	0.00993	0.01145	0.01101	0.13000	0.01102	0.00778	0.38106	0.34407	0.02009	0.01203	0.01183	0.00894	0.00489	0.00403	0.00127	0.00396	0.00398	0.00375	0.00656
11	0.13027	0.00538	0.00613	0.00540	0.00713	0.00521	0.00422	0.03754	0.01004	0.18877	0.25435	0.06444	0.06652	0.00635	0.00387	0.00120	0.00251	0.00527	0.17097	0.02443

[dist]
# distance from previous block
# <min> <max>
2	10

[block]
# block no. 7 follows, 67 sequences, length 19
# corresponding to MSA columns:
# 336-354
name=unknown_H
#
# <colnr> <probs for GDERKNQSTAVLIFYWHMCP>
#	G	D	E	R	K	N	Q	S	T	A	V	L	I	F	Y	W	H	M	C	P
0	0.07551	0.54219	0.10078	0.00778	0.01117	0.03998	0.00769	0.11362	0.00944	0.01241	0.00625	0.00718	0.00530	0.00385	0.00338	0.00102	0.04258	0.00249	0.00207	0.00533
1	0.05801	0.06543	0.15989	0.00837	0.01146	0.04373	0.00780	0.33431	0.02407	0.06141	0.03164	0.08956	0.00935	0.00576	0.01957	0.00132	0.00436	0.00416	0.05412	0.00567
2	0.01420	0.06338	0.00961	0.00712	0.02511	0.00679	0.00574	0.06233	0.04545	0.49649	0.05826	0.01546	0.08228	0.00529	0.00394	0.00117	0.00330	0.00430	0.00423	0.08554
3	0.01038	0.04927	0.02868	0.00820	0.01009	0.02212	0.05237	0.22328	0.05147	0.08395	0.01344	0.14457	0.05659	0.09805	0.00726	0.00165	0.12503	0.00535	0.00324	0.00502
4	0.00938	0.01055	0.02250	0.04863	0.04347	0.01017	0.72958	0.01259	0.00925	0.01261	0.00793	0.01070	0.00603	0.00357	0.00506	0.00137	0.04465	0.00460	0.00201	0.00535
5	0.00589	0.00453	0.00675	0.00666	0.00734	0.00540	0.00521	0.00729	0.00643	0.00933	0.01045	0.01539	0.00977	0.02886	0.79925	0.00620	0.05523	0.00426	0.00213	0.00362
6	0.00544	0.00426	0.00505	0.00541	0.00656	0.00387	0.00440	0.00680	0.00923	0.01147	0.06380	0.05922	0.47305	0.01049	0.00505	0.00155	0.00267	0.31442	0.00374	0.00352
7	0.01122	0.01100	0.00948	0.00758	0.01059	0.26111	0.00592	0.04548	0.04840	0.05632	0.00784	0.00863	0.00625	0.00362	0.00332	0.00082	0.00436	0.00268	0.00256	0.49282
8	0.00612	0.00479	0.00549	0.00536	0.00634	0.00491	0.00385	0.00870	0.14420	0.01103	0.06514	0.06595	0.26532	0.22817	0.15413	0.00289	0.00421	0.00649	0.00322	0.00369
9	0.00646	0.00462	0.00646	0.00739	0.00831	0.00462	0.00646	0.00831	0.00923	0.01200	0.02123	0.04524	0.02308	0.01108	0.00554	0.00185	0.00369	0.80704	0.00369	0.00369
10	0.01500	0.01866	0.01140	0.01027	0.01240	0.79524	0.00774	0.06224	0.01180	0.01070	0.00640	0.00737	0.00526	0.00417	0.00364	0.00104	0.00707	0.00264	0.00218	0.00477
11	0.02760	0.00577	0.00668	0.00586	0.00754	0.00577	0.00457	0.12229	0.06884	0.13906	0.26021	0.06786	0.05977	0.00655	0.00404	0.00121	0.00261	0.00552	0.19348	0.00479
12	0.00560	0.00438	0.00481	0.00475	0.00577	0.00410	0.00343	0.00727	0.06630	0.01132	0.14070	0.03318	0.42345	0.21163	0.00847	0.00197	0.00263	0.05327	0.00354	0.00344
13	0.00583	0.00389	0.00437	0.00437	0.00437	0.00389	0.00243	0.00583	0.00583	0.00778	0.01264	0.02624	0.01458	0.85906	0.02041	0.00389	0.00389	0.00583	0.00243	0.00243
14	0.01500	0.00787	0.00947	0.00763	0.01045	0.00793	0.00618	0.12906	0.25135	0.46457	0.01505	0.01352	0.01019	0.00508	0.00401	0.00126	0.00344	0.00411	0.02722	0.00660
15	0.01662	0.00642	0.00858	0.00669	0.00951	0.00561	0.00549	0.01821	0.01108	0.72947	0.01546	0.01382	0.00997	0.00493	0.00387	0.00120	0.00321	0.00399	0.11943	0.00642
16	0.03312	0.01037	0.01995	0.01456	0.01820	0.02523	0.60441	0.04244	0.08312	0.07621	0.00933	0.01115	0.00688	0.00383	0.00468	0.00134	0.02260	0.00449	0.00251	0.00559
17	0.00941	0.00891	0.01469	0.23250	0.52568	0.00972	0.01153	0.03992	0.00892	0.01249	0.00731	0.01001	0.00601	0.00404	0.00481	0.00128	0.08152	0.00357	0.00198	0.00571
18	0.00819	0.00726	0.04911	0.02218	0.09070	0.00653	0.17665	0.01069	0.04667	0.07772	0.01646	0.20562	0.04045	0.00787	0.00482	0.00151	0.00417	0.21552	0.00319	0.00469

[dist]
# distance from previous block
# <min> <max>
0	16

[block]
# block no. 8 follows, 67 sequences, length 11
# corresponding to MSA columns:
# 371-381
name=unknown_I
#
# <colnr> <probs for GDERKNQSTAVLIFYWHMCP>
#	G	D	E	R	K	N	Q	S	T	A	V	L	I	F	Y	W	H	M	C	P
0	0.10722	0.01245	0.01271	0.08791	0.21025	0.30085	0.05707	0.05365	0.01003	0.05539	0.00727	0.00885	0.00577	0.00413	0.00423	0.00120	0.05029	0.00317	0.00229	0.00526
1	0.00563	0.00418	0.00462	0.00448	0.00567	0.00380	0.00337	0.00741	0.03780	0.01338	0.29981	0.03150	0.42098	0.00855	0.00444	0.00126	0.00200	0.00725	0.13019	0.00367
2	0.00834	0.00615	0.00731	0.00602	0.00833	0.00537	0.00470	0.07893	0.03030	0.06946	0.18507	0.11291	0.08023	0.00625	0.00397	0.00105	0.00277	0.02385	0.00345	0.35554
3	0.00489	0.00398	0.00433	0.00443	0.00556	0.00342	0.00325	0.00598	0.00923	0.01148	0.14866	0.16197	0.59833	0.01025	0.00480	0.00138	0.00206	0.00874	0.00382	0.00342
4	0.01102	0.80304	0.02035	0.00710	0.01044	0.07324	0.00692	0.01229	0.00837	0.00946	0.00562	0.00649	0.00515	0.00348	0.00265	0.00087	0.00449	0.00217	0.00174	0.00511
5	0.00886	0.00538	0.00660	0.00580	0.00743	0.00516	0.00451	0.05317	0.08617	0.17113	0.45104	0.02480	0.10853	0.00723	0.00444	0.00126	0.00244	0.00621	0.03512	0.00471
6	0.00723	0.00390	0.00440	0.00443	0.00535	0.00375	0.00326	0.00884	0.00879	0.05620	0.11190	0.17921	0.03827	0.00676	0.00359	0.00113	0.00204	0.00577	0.54136	0.00380
7	0.01089	0.00880	0.01138	0.01355	0.30715	0.06600	0.00817	0.17331	0.01179	0.09290	0.13647	0.01695	0.07546	0.00556	0.00421	0.00124	0.00404	0.04324	0.00326	0.00563
8	0.00501	0.00374	0.00468	0.00533	0.00593	0.00342	0.00378	0.00592	0.00830	0.01075	0.05715	0.55922	0.22465	0.01169	0.00504	0.00156	0.00235	0.07438	0.00375	0.00334
9	0.22385	0.32961	0.09428	0.04100	0.01172	0.01162	0.04930	0.05878	0.04599	0.08927	0.00759	0.00828	0.00586	0.00387	0.00312	0.00111	0.00421	0.00279	0.00245	0.00532
10	0.40272	0.00990	0.02715	0.00929	0.07526	0.09399	0.06776	0.10798	0.00917	0.01600	0.00688	0.00862	0.00556	0.00469	0.01923	0.00134	0.07344	0.01543	0.00248	0.04310

[dist]
# distance from previous block
# <min> <max>
0	22

[block]
# block no. 9 follows, 67 sequences, length 19
# corresponding to MSA columns:
# 404,405,407-412,417-423,425-428
name=unknown_J
#
# <colnr> <probs for GDERKNQSTAVLIFYWHMCP>
#	G	D	E	R	K	N	Q	S	T	A	V	L	I	F	Y	W	H	M	C	P
0	0.03594	0.42664	0.21739	0.02136	0.02490	0.03930	0.02337	0.06543	0.02650	0.05242	0.00710	0.00795	0.00565	0.00381	0.00332	0.00106	0.01536	0.00271	0.00212	0.01766
1	0.01278	0.00873	0.01015	0.00818	0.01083	0.00917	0.03042	0.39655	0.11511	0.14268	0.01308	0.13432	0.01082	0.00589	0.00412	0.00125	0.00374	0.00489	0.02075	0.05652
2	0.19731	0.00840	0.00821	0.00709	0.00934	0.05377	0.00560	0.15761	0.23768	0.04471	0.14477	0.03857	0.02753	0.00552	0.00381	0.00125	0.00335	0.00437	0.00362	0.03749
3	0.00543	0.00374	0.00459	0.00497	0.00510	0.00368	0.00309	0.00579	0.00663	0.00887	0.01650	0.37198	0.01935	0.46817	0.05163	0.00306	0.00355	0.00808	0.00296	0.00283
4	0.00492	0.00351	0.00468	0.00556	0.00582	0.00328	0.00373	0.00566	0.00782	0.01047	0.05431	0.82357	0.02698	0.01239	0.00510	0.00161	0.00231	0.01124	0.00375	0.00328
5	0.00941	0.01131	0.06911	0.01701	0.06486	0.01006	0.73040	0.01281	0.00939	0.01285	0.00803	0.01064	0.00604	0.00342	0.00464	0.00134	0.00661	0.00457	0.00201	0.00549
6	0.00947	0.01082	0.02366	0.01690	0.02096	0.01014	0.81947	0.01285	0.00947	0.01285	0.00811	0.01082	0.00609	0.00338	0.00473	0.00135	0.00676	0.00473	0.00203	0.00541
7	0.29197	0.00729	0.00821	0.00664	0.00947	0.00725	0.00545	0.01726	0.08580	0.50184	0.01263	0.01152	0.00838	0.00462	0.00355	0.00125	0.00329	0.00349	0.00410	0.00600
8	0.01111	0.00691	0.00744	0.00629	0.00828	0.00736	0.00501	0.24749	0.12790	0.09809	0.01281	0.01328	0.00952	0.00485	0.00346	0.00110	0.00294	0.00384	0.41702	0.00530
9	0.01011	0.73461	0.01901	0.00688	0.00986	0.01450	0.00664	0.01134	0.00786	0.00937	0.00620	0.00793	0.00585	0.03682	0.06458	0.00141	0.03786	0.00249	0.00177	0.00490
10	0.01056	0.00613	0.00682	0.00593	0.00796	0.04387	0.00466	0.03601	0.04197	0.30925	0.04283	0.06846	0.36992	0.00777	0.00442	0.00131	0.00293	0.02016	0.00413	0.00491
11	0.00983	0.00840	0.00891	0.00805	0.01023	0.00967	0.00624	0.04100	0.76160	0.01664	0.01646	0.06047	0.01288	0.00581	0.00414	0.00137	0.00316	0.00488	0.00406	0.00619
12	0.36995	0.05661	0.01051	0.10040	0.08863	0.16493	0.02178	0.06223	0.00883	0.01449	0.00632	0.00784	0.00508	0.00409	0.00388	0.00122	0.06336	0.00276	0.00228	0.00482
13	0.88738	0.00776	0.00589	0.00527	0.00776	0.00900	0.00434	0.01179	0.00683	0.01799	0.00558	0.00651	0.00434	0.00372	0.00248	0.00124	0.00310	0.00217	0.00248	0.00434
14	0.00744	0.00675	0.00739	0.00689	0.01879	0.08853	0.05112	0.01046	0.14119	0.02650	0.21427	0.12279	0.24443	0.00809	0.00456	0.00134	0.00311	0.02839	0.00368	0.00428
15	0.00574	0.00426	0.00624	0.00624	0.00688	0.00490	0.00475	0.00703	0.00638	0.00916	0.01093	0.01681	0.01049	0.11362	0.76025	0.00619	0.01005	0.00445	0.00218	0.00346
16	0.00515	0.00377	0.00491	0.00571	0.00622	0.00352	0.00413	0.00610	0.00815	0.01064	0.02437	0.60180	0.13115	0.01198	0.00515	0.00163	0.00254	0.15601	0.00372	0.00335
17	0.01034	0.03442	0.04603	0.07153	0.34573	0.00969	0.03172	0.04748	0.00895	0.10029	0.00827	0.02701	0.00680	0.00507	0.01755	0.00139	0.18700	0.00370	0.00236	0.03466
18	0.00742	0.00455	0.00569	0.00534	0.00670	0.00399	0.00400	0.00875	0.00980	0.14729	0.27303	0.23214	0.21149	0.00892	0.00462	0.00133	0.00234	0.00777	0.00407	0.05077

[dist]
# distance from previous block
# <min> <max>
2	8

[block]
# block no. 10 follows, 67 sequences, length 13
# corresponding to MSA columns:
# 462-470,473-476
name=unknown_K
#
# <colnr> <probs for GDERKNQSTAVLIFYWHMCP>
#	G	D	E	R	K	N	Q	S	T	A	V	L	I	F	Y	W	H	M	C	P
0	0.00790	0.00669	0.00853	0.02593	0.07310	0.00614	0.02218	0.02449	0.12790	0.01322	0.04300	0.13864	0.04382	0.00633	0.01782	0.00118	0.00330	0.06174	0.00301	0.36507
1	0.01022	0.06399	0.11507	0.09238	0.11802	0.05292	0.11273	0.07305	0.02285	0.09112	0.05459	0.05626	0.00913	0.00474	0.00440	0.00122	0.04281	0.00410	0.00263	0.06776
2	0.72033	0.00799	0.00681	0.00583	0.00844	0.00902	0.00480	0.08877	0.00841	0.09861	0.00696	0.00750	0.00512	0.00395	0.00278	0.00124	0.00326	0.00249	0.00287	0.00482
3	0.00502	0.00361	0.00455	0.00523	0.00555	0.00337	0.00345	0.00564	0.00754	0.00991	0.02251	0.63940	0.10805	0.14729	0.00752	0.00196	0.00255	0.01021	0.00352	0.00314
4	0.00565	0.00404	0.00498	0.00544	0.00619	0.00374	0.00388	0.00699	0.04097	0.04200	0.06011	0.52026	0.22081	0.01116	0.00495	0.00153	0.00238	0.04752	0.00381	0.00359
5	0.01019	0.01181	0.08491	0.01551	0.01954	0.05725	0.66159	0.01342	0.00962	0.06290	0.00840	0.01061	0.00619	0.00355	0.00456	0.00132	0.00652	0.00443	0.00218	0.00549
6	0.00611	0.00460	0.00662	0.00650	0.00734	0.00530	0.00506	0.03041	0.02949	0.01029	0.05032	0.01624	0.01133	0.02764	0.75635	0.00591	0.00993	0.00443	0.00236	0.00376
7	0.00489	0.00349	0.00465	0.00558	0.00582	0.00326	0.00372	0.00558	0.00768	0.01024	0.02210	0.85644	0.02653	0.01256	0.00512	0.00163	0.00233	0.01140	0.00372	0.00326
8	0.00797	0.00560	0.00691	0.00696	0.00815	0.00575	0.00545	0.14436	0.06472	0.04771	0.01912	0.38321	0.02057	0.01004	0.00494	0.00159	0.00318	0.24558	0.00384	0.00434
9	0.00777	0.00544	0.00646	0.00625	0.00720	0.00586	0.00459	0.03179	0.25819	0.01166	0.01374	0.07067	0.02530	0.12085	0.01006	0.28235	0.00331	0.08027	0.04447	0.00377
10	0.19938	0.00601	0.00698	0.00595	0.00805	0.00584	0.00473	0.03051	0.01022	0.32420	0.23796	0.07320	0.03801	0.00621	0.00395	0.00127	0.00281	0.00510	0.02455	0.00507
11	0.00580	0.00400	0.00497	0.00524	0.00550	0.00404	0.00353	0.00634	0.00669	0.00895	0.01509	0.13759	0.01707	0.52324	0.10132	0.00352	0.00436	0.13712	0.00278	0.00286
12	0.02338	0.00417	0.00511	0.00541	0.00599	0.00400	0.00369	0.02929	0.00790	0.06068	0.02001	0.46903	0.08096	0.22518	0.00882	0.00214	0.00288	0.03451	0.00346	0.00341

[dist]
# distance from previous block
# <min> <max>
3	55

[block]
# block no. 11 follows, 67 sequences, length 8
# corresponding to MSA columns:
# 532-539
name=unknown_L
#
# <colnr> <probs for GDERKNQSTAVLIFYWHMCP>
#	G	D	E	R	K	N	Q	S	T	A	V	L	I	F	Y	W	H	M	C	P
0	0.07881	0.04707	0.10653	0.07125	0.01327	0.07958	0.03492	0.30752	0.07124	0.03982	0.00994	0.02709	0.03133	0.00479	0.00416	0.00123	0.03541	0.00365	0.00303	0.02937
1	0.00912	0.00650	0.02575	0.00750	0.00931	0.00618	0.07689	0.11927	0.06579	0.12860	0.11373	0.28923	0.05571	0.00817	0.00461	0.00141	0.00327	0.04533	0.01884	0.00478
2	0.00837	0.00739	0.01275	0.73295	0.02602	0.00881	0.07254	0.01103	0.00835	0.06234	0.00775	0.01089	0.00569	0.00402	0.00407	0.00133	0.00533	0.00368	0.00200	0.00468
3	0.07770	0.06334	0.05138	0.07511	0.16488	0.04432	0.07797	0.15195	0.03905	0.04033	0.00843	0.02149	0.00666	0.00418	0.00403	0.00116	0.03458	0.00345	0.03588	0.09410
4	0.00859	0.03317	0.06481	0.01159	0.16537	0.02087	0.08703	0.03517	0.02035	0.05432	0.02881	0.14011	0.08608	0.00822	0.05369	0.04159	0.12745	0.00535	0.00264	0.00477
5	0.00539	0.00398	0.00496	0.00553	0.00612	0.00374	0.00387	0.04139	0.00857	0.01124	0.05228	0.63556	0.15531	0.01165	0.00501	0.00156	0.00240	0.03422	0.00376	0.00346
6	0.00632	0.00481	0.00550	0.00531	0.00642	0.03047	0.00395	0.00829	0.05127	0.04381	0.45026	0.14541	0.20537	0.00885	0.00469	0.00133	0.00227	0.00770	0.00410	0.00389
7	0.00811	0.00620	0.00790	0.02373	0.10948	0.02449	0.00579	0.08372	0.08668	0.05651	0.06865	0.40341	0.01892	0.02376	0.00485	0.00146	0.00317	0.02568	0.00354	0.03394

[dist]
# distance from previous block
# <min> <max>
2	6

[block]
# block no. 12 follows, 67 sequences, length 34
# corresponding to MSA columns:
# 547-562,565-568,573,576-582,584-589
name=unknown_M
#
# <colnr> <probs for GDERKNQSTAVLIFYWHMCP>
#	G	D	E	R	K	N	Q	S	T	A	V	L	I	F	Y	W	H	M	C	P
0	0.01016	0.00980	0.01360	0.13820	0.03262	0.10229	0.19405	0.06730	0.00953	0.04605	0.00760	0.00951	0.00596	0.00397	0.00473	0.00112	0.08763	0.00341	0.00232	0.25014
1	0.16719	0.05470	0.07357	0.01954	0.03754	0.00794	0.00618	0.14629	0.03149	0.07158	0.21514	0.01723	0.09973	0.00583	0.00402	0.00123	0.01598	0.00466	0.00341	0.01676
2	0.03578	0.09957	0.02495	0.03775	0.13589	0.12492	0.02494	0.19734	0.04548	0.03150	0.04619	0.01004	0.00769	0.00466	0.00490	0.00120	0.11082	0.00343	0.00269	0.05027
3	0.00562	0.00408	0.00529	0.00503	0.00597	0.00375	0.00376	0.00744	0.01115	0.01570	0.77741	0.05832	0.06458	0.00841	0.00474	0.00128	0.00191	0.00744	0.00437	0.00375
4	0.05570	0.75203	0.01949	0.00705	0.01033	0.08029	0.00680	0.01231	0.00833	0.00990	0.00562	0.00650	0.00511	0.00350	0.00265	0.00089	0.00446	0.00218	0.00178	0.00507
5	0.00594	0.00431	0.00563	0.00554	0.00584	0.00478	0.00382	0.00657	0.00610	0.00850	0.01148	0.02104	0.01223	0.47432	0.35882	0.00483	0.04988	0.00508	0.00228	0.00300
6	0.00769	0.00725	0.01225	0.80742	0.06869	0.00894	0.01120	0.01035	0.00808	0.01039	0.00715	0.01065	0.00540	0.00399	0.00401	0.00133	0.00532	0.00356	0.00179	0.00455
7	0.01614	0.00724	0.00925	0.00737	0.01028	0.00684	0.00600	0.01995	0.20023	0.64697	0.01594	0.01395	0.01046	0.00507	0.00404	0.00127	0.00336	0.00415	0.00476	0.00671
8	0.01682	0.00839	0.01023	0.00788	0.01100	0.00825	0.00650	0.29382	0.03740	0.53549	0.01372	0.01231	0.00893	0.00493	0.00403	0.00123	0.00375	0.00390	0.00461	0.00681
9	0.00748	0.00374	0.00374	0.00374	0.00467	0.00374	0.00280	0.00934	0.00841	0.01495	0.01308	0.01495	0.01028	0.00467	0.00280	0.00093	0.00187	0.00374	0.88132	0.00374
10	0.00581	0.00396	0.00475	0.00475	0.00488	0.00409	0.00290	0.00608	0.00594	0.00806	0.01229	0.02432	0.01375	0.70721	0.17111	0.00436	0.00514	0.00555	0.00238	0.00264
11	0.00659	0.00374	0.00401	0.00419	0.00503	0.00360	0.00305	0.00813	0.00845	0.01358	0.04580	0.18723	0.10692	0.00699	0.00355	0.00113	0.00198	0.00593	0.57650	0.00360
12	0.00919	0.00872	0.01117	0.00971	0.01049	0.01148	0.00793	0.01370	0.29121	0.01213	0.00911	0.01092	0.00769	0.00647	0.01001	0.00162	0.55696	0.00387	0.00256	0.00507
13	0.30448	0.00812	0.01078	0.42483	0.06707	0.03744	0.04959	0.01120	0.00782	0.01313	0.00660	0.00908	0.00510	0.00394	0.00375	0.00130	0.02603	0.00312	0.00205	0.00458
14	0.01059	0.02236	0.10576	0.14665	0.34365	0.16049	0.02574	0.07396	0.03548	0.01297	0.00812	0.00994	0.01855	0.00402	0.00391	0.00120	0.00534	0.00344	0.00218	0.00566
15	0.00635	0.00447	0.00568	0.00563	0.00651	0.00429	0.00410	0.07069	0.01049	0.03032	0.43084	0.35561	0.03039	0.00960	0.00481	0.00140	0.00229	0.00855	0.00412	0.00387
16	0.00528	0.00405	0.00482	0.00469	0.00576	0.00360	0.00350	0.00677	0.01031	0.01376	0.48581	0.07451	0.34427	0.00917	0.00475	0.00132	0.00197	0.00793	0.00411	0.00360
17	0.01204	0.51833	0.12989	0.00768	0.01131	0.03700	0.00776	0.01405	0.02634	0.18929	0.00826	0.00848	0.00632	0.00388	0.00312	0.00101	0.00439	0.00273	0.00248	0.00563
18	0.00546	0.00441	0.00490	0.00481	0.00604	0.00405	0.00359	0.00757	0.07885	0.01278	0.26114	0.09819	0.47495	0.00939	0.00471	0.00135	0.00211	0.00802	0.00395	0.00374
19	0.88738	0.00776	0.00589	0.00527	0.00776	0.00900	0.00434	0.01179	0.00683	0.01799	0.00558	0.00651	0.00434	0.00372	0.00248	0.00124	0.00310	0.00217	0.00248	0.00434
20	0.00581	0.00410	0.00550	0.00550	0.00588	0.00448	0.00383	0.00652	0.00614	0.00857	0.01149	0.02031	0.01197	0.39673	0.45799	0.02742	0.00752	0.00496	0.00226	0.00302
21	0.00549	0.00409	0.00510	0.00485	0.00588	0.00371	0.00364	0.00721	0.01091	0.01504	0.67510	0.03167	0.19531	0.00859	0.00473	0.00128	0.00192	0.00749	0.00428	0.00371
22	0.00748	0.00374	0.00374	0.00374	0.00467	0.00374	0.00280	0.00934	0.00841	0.01495	0.01308	0.01495	0.01028	0.00467	0.00280	0.00093	0.00187	0.00374	0.88132	0.00374
23	0.01525	0.01123	0.01204	0.00923	0.01244	0.01244	0.00762	0.82067	0.01886	0.02528	0.00963	0.00963	0.00682	0.00481	0.00401	0.00120	0.00441	0.00361	0.00401	0.00682
24	0.00543	0.00409	0.00502	0.00478	0.00584	0.00368	0.00359	0.00709	0.01077	0.01469	0.62209	0.03225	0.24855	0.00872	0.00473	0.00129	0.00193	0.00757	0.00423	0.00368
25	0.00748	0.00374	0.00374	0.00374	0.00467	0.00374	0.00280	0.00934	0.00841	0.01495	0.01308	0.01495	0.01028	0.00467	0.00280	0.00093	0.00187	0.00374	0.88132	0.00374
26	0.00489	0.00349	0.00465	0.00558	0.00582	0.00326	0.00372	0.00558	0.00768	0.01024	0.02210	0.85644	0.02653	0.01256	0.00512	0.00163	0.00233	0.01140	0.00372	0.00326
27	0.01255	0.00863	0.00915	0.00732	0.00974	0.00942	0.00595	0.53884	0.01523	0.02169	0.01083	0.01148	0.00802	0.00477	0.00359	0.00111	0.00353	0.00365	0.30876	0.00575
28	0.00499	0.00407	0.00440	0.00432	0.00557	0.00349	0.00324	0.00623	0.00972	0.01221	0.24815	0.03633	0.62403	0.00964	0.00474	0.00133	0.00199	0.00815	0.00391	0.00349
29	0.00574	0.00391	0.00470	0.00499	0.00515	0.00387	0.00319	0.00611	0.00661	0.00878	0.01549	0.18024	0.01787	0.59356	0.01567	0.00321	0.00358	0.11173	0.00283	0.00275
30	0.01017	0.00634	0.00662	0.00564	0.00737	0.00676	0.00448	0.29117	0.01204	0.01854	0.01188	0.01310	0.00908	0.00472	0.00322	0.00103	0.00275	0.00369	0.57658	0.00481
31	0.00924	0.01124	0.15422	0.01136	0.14172	0.12013	0.08677	0.04974	0.07355	0.03025	0.07482	0.01732	0.18042	0.00562	0.00418	0.00125	0.00451	0.00482	0.01368	0.00516
32	0.00625	0.00481	0.00556	0.00512	0.00633	0.00441	0.00361	0.02488	0.02997	0.01081	0.05724	0.10814	0.19855	0.27932	0.07601	0.00244	0.00359	0.00622	0.00299	0.16377
33	0.01074	0.06274	0.01031	0.03134	0.01092	0.02559	0.00603	0.26145	0.01167	0.02861	0.00861	0.03653	0.00711	0.00408	0.00343	0.00089	0.00365	0.01520	0.00292	0.45817

[dist]
# distance from previous block
# <min> <max>
0	6

[block]
# block no. 13 follows, 67 sequences, length 11
# corresponding to MSA columns:
# 596-606
name=unknown_N
#
# <colnr> <probs for GDERKNQSTAVLIFYWHMCP>
#	G	D	E	R	K	N	Q	S	T	A	V	L	I	F	Y	W	H	M	C	P
