[name]
unknown

[dist]
# distance from previous block
# <min> <max>
4	99

[block]
# block no. 0 follows, 65 sequences, length 6
# corresponding to MSA columns:
# 99-104
name=unknown_A
#
# <colnr> <probs for GDERKNQSTAVLIFYWHMCP>
#	G	D	E	R	K	N	Q	S	T	A	V	L	I	F	Y	W	H	M	C	P
0	0.00882	0.12964	0.08342	0.00876	0.06232	0.04453	0.05515	0.03323	0.09534	0.04465	0.31234	0.04569	0.04700	0.00622	0.00424	0.00125	0.00366	0.00535	0.00340	0.00501
1	0.03726	0.00655	0.02793	0.00785	0.03519	0.00641	0.06259	0.09377	0.07348	0.04020	0.10993	0.30035	0.09712	0.04592	0.00571	0.00157	0.03260	0.00748	0.00359	0.00452
2	0.00737	0.00507	0.02996	0.00626	0.02921	0.00461	0.00434	0.00862	0.04219	0.09257	0.01665	0.27850	0.01800	0.34954	0.01126	0.00251	0.00342	0.05713	0.02909	0.00370
3	0.00984	0.08291	0.17462	0.20200	0.20838	0.06042	0.05713	0.05866	0.03122	0.01274	0.00756	0.00968	0.00595	0.00416	0.00453	0.00128	0.05779	0.00344	0.00207	0.00562
4	0.18049	0.00546	0.00616	0.00591	0.00687	0.00596	0.00434	0.00906	0.03717	0.05259	0.08481	0.12689	0.01546	0.26181	0.09009	0.00270	0.06058	0.03686	0.00301	0.00377
5	0.00587	0.00445	0.00646	0.00692	0.03956	0.00489	0.00494	0.00714	0.00698	0.00978	0.01427	0.13073	0.05807	0.08849	0.58578	0.00523	0.00857	0.00570	0.00252	0.00363

[dist]
# distance from previous block
# <min> <max>
0	1

[block]
# block no. 1 follows, 65 sequences, length 8
# corresponding to MSA columns:
# 106-113
name=unknown_B
#
# <colnr> <probs for GDERKNQSTAVLIFYWHMCP>
#	G	D	E	R	K	N	Q	S	T	A	V	L	I	F	Y	W	H	M	C	P
0	0.00611	0.00505	0.00597	0.00588	0.00690	0.02342	0.00426	0.00712	0.00838	0.01127	0.07382	0.41517	0.16754	0.04113	0.00594	0.00151	0.06306	0.00847	0.00342	0.13559
1	0.02709	0.07931	0.21483	0.03474	0.12984	0.06487	0.03500	0.08895	0.04906	0.03712	0.03701	0.04119	0.00817	0.00442	0.00382	0.00115	0.00474	0.00364	0.00254	0.13252
2	0.01203	0.04442	0.03283	0.04960	0.12102	0.06049	0.07498	0.29065	0.20261	0.01809	0.02729	0.01219	0.00886	0.00483	0.00414	0.00128	0.00465	0.02051	0.00331	0.00622
3	0.00623	0.00487	0.03004	0.00547	0.00678	0.00395	0.00415	0.00742	0.00897	0.06183	0.09201	0.37199	0.28702	0.01012	0.00479	0.00142	0.00248	0.00884	0.00377	0.07786
4	0.33062	0.04929	0.07444	0.00785	0.02942	0.20969	0.00642	0.01234	0.03090	0.01336	0.00766	0.01032	0.00669	0.08375	0.10960	0.00212	0.00558	0.00310	0.00232	0.00452
5	0.00780	0.00664	0.00770	0.00581	0.00893	0.00507	0.00457	0.00945	0.00857	0.01288	0.01268	0.07266	0.11055	0.00466	0.00342	0.00078	0.00287	0.00387	0.00270	0.70836
6	0.00857	0.02704	0.15402	0.02601	0.04745	0.03074	0.00758	0.05866	0.14863	0.04909	0.05323	0.25844	0.03615	0.00774	0.00469	0.00144	0.02068	0.05144	0.00336	0.00505
7	0.00999	0.18701	0.25329	0.01146	0.11006	0.03345	0.06501	0.05238	0.07819	0.04407	0.06994	0.01169	0.02724	0.00456	0.00407	0.00122	0.02440	0.00372	0.00251	0.00574

[dist]
# distance from previous block
# <min> <max>
0	5

[block]
# block no. 2 follows, 65 sequences, length 6
# corresponding to MSA columns:
# 119-124
name=unknown_C
#
# <colnr> <probs for GDERKNQSTAVLIFYWHMCP>
#	G	D	E	R	K	N	Q	S	T	A	V	L	I	F	Y	W	H	M	C	P
0	0.00688	0.00357	0.00528	0.00539	0.00542	0.00354	0.00359	0.00539	0.00564	0.00752	0.00894	0.11043	0.00946	0.01410	0.01478	0.77815	0.00343	0.00451	0.00202	0.00196
1	0.00857	0.00894	0.12313	0.00854	0.04054	0.00737	0.04090	0.05748	0.11908	0.04271	0.19334	0.05508	0.07434	0.00616	0.00489	0.00126	0.06348	0.00514	0.00330	0.13574
2	0.01180	0.25930	0.14065	0.04489	0.03344	0.12696	0.05555	0.05086	0.08971	0.10240	0.00872	0.00946	0.00669	0.00428	0.00401	0.00117	0.03867	0.00321	0.00254	0.00569
3	0.00945	0.15383	0.30123	0.01033	0.01438	0.06776	0.13231	0.03359	0.06729	0.01314	0.07581	0.01180	0.03295	0.00445	0.00390	0.00119	0.00515	0.00376	0.00238	0.05530
4	0.01058	0.08852	0.18567	0.00957	0.05923	0.00960	0.00857	0.22214	0.09563	0.05411	0.01356	0.08298	0.05682	0.02328	0.00452	0.00138	0.00430	0.06059	0.00322	0.00574
5	0.01037	0.12591	0.08826	0.03365	0.01313	0.09640	0.11336	0.08814	0.17510	0.01388	0.01111	0.03452	0.04217	0.00547	0.02284	0.00135	0.04567	0.00400	0.00275	0.07192

[dist]
# distance from previous block
# <min> <max>
16	63

[block]
# block no. 3 follows, 65 sequences, length 6
# corresponding to MSA columns:
# 192-197
name=unknown_D
#
# <colnr> <probs for GDERKNQSTAVLIFYWHMCP>
#	G	D	E	R	K	N	Q	S	T	A	V	L	I	F	Y	W	H	M	C	P
0	0.01189	0.68275	0.01944	0.00777	0.01099	0.18843	0.00721	0.01315	0.00903	0.00974	0.00584	0.00676	0.00527	0.00366	0.00286	0.00092	0.00502	0.00229	0.00183	0.00516
1	0.00966	0.00704	0.00834	0.00609	0.00951	0.00544	0.00488	0.01146	0.00891	0.11251	0.00875	0.00959	0.00685	0.00339	0.00316	0.00071	0.00302	0.00272	0.05722	0.72074
2	0.00500	0.00357	0.00476	0.00572	0.00595	0.00333	0.00381	0.00572	0.00786	0.01048	0.02262	0.85306	0.02715	0.01286	0.00524	0.00167	0.00238	0.01167	0.00381	0.00333
3	0.61039	0.04381	0.00862	0.05964	0.01058	0.11312	0.03738	0.01302	0.04608	0.01625	0.00651	0.00760	0.00510	0.00394	0.00295	0.00124	0.00405	0.00258	0.00247	0.00466
4	0.11368	0.00689	0.00682	0.00645	0.00802	0.06675	0.00493	0.05320	0.09373	0.01348	0.04141	0.23088	0.19163	0.00833	0.00470	0.00139	0.03397	0.04444	0.00343	0.06587
5	0.04019	0.04701	0.23236	0.05049	0.03617	0.03781	0.06865	0.18734	0.11193	0.05496	0.03577	0.02679	0.00842	0.00514	0.01949	0.00137	0.00497	0.00385	0.00294	0.02437

[dist]
# distance from previous block
# <min> <max>
21	30

[block]
# block no. 4 follows, 65 sequences, length 33
# corresponding to MSA columns:
# 244,247-252,255-277,279-281
name=unknown_E
#
# <colnr> <probs for GDERKNQSTAVLIFYWHMCP>
#	G	D	E	R	K	N	Q	S	T	A	V	L	I	F	Y	W	H	M	C	P
0	0.04017	0.01430	0.02859	0.01217	0.12954	0.38023	0.04603	0.11732	0.10972	0.03943	0.00867	0.00948	0.00674	0.00433	0.00387	0.00116	0.00572	0.00330	0.00271	0.03653
1	0.00603	0.00397	0.00445	0.00445	0.00449	0.00397	0.00250	0.00610	0.00606	0.00822	0.01295	0.02645	0.01477	0.82572	0.02026	0.00387	0.00391	0.00589	0.03339	0.00253
2	0.01367	0.15313	0.04587	0.00992	0.02746	0.21827	0.03088	0.33538	0.01358	0.03080	0.01975	0.00901	0.00658	0.00462	0.00443	0.00118	0.06348	0.00325	0.00290	0.00584
3	0.01131	0.03707	0.00904	0.00658	0.00964	0.00635	0.00533	0.05138	0.04858	0.23584	0.12465	0.01339	0.01205	0.00456	0.00367	0.00096	0.00314	0.00374	0.00358	0.40913
4	0.07688	0.00856	0.01219	0.03670	0.24560	0.00863	0.05666	0.09390	0.10022	0.24423	0.02453	0.01337	0.05036	0.00481	0.00409	0.00128	0.00411	0.00417	0.00348	0.00623
5	0.00826	0.02644	0.02411	0.03197	0.04381	0.00554	0.02887	0.04912	0.00819	0.07791	0.05179	0.22435	0.01419	0.01057	0.00906	0.32086	0.02738	0.03102	0.00289	0.00367
6	0.00594	0.00411	0.00512	0.00512	0.00535	0.00433	0.00330	0.00639	0.00616	0.00844	0.01234	0.02358	0.01350	0.60361	0.27108	0.00478	0.00612	0.00549	0.00240	0.00285
7	0.00500	0.00357	0.00476	0.00572	0.00595	0.00333	0.00381	0.00572	0.00786	0.01048	0.02262	0.85306	0.02715	0.01286	0.00524	0.00167	0.00238	0.01167	0.00381	0.00333
8	0.02785	0.00725	0.00920	0.16000	0.07526	0.00782	0.00695	0.23179	0.03523	0.01542	0.01747	0.23889	0.13481	0.00760	0.00448	0.00140	0.00372	0.00654	0.00338	0.00494
9	0.03530	0.15273	0.30875	0.01182	0.03079	0.03419	0.21872	0.01390	0.08101	0.04292	0.02632	0.01014	0.00704	0.00401	0.00395	0.00125	0.00551	0.00362	0.00226	0.00575
10	0.00938	0.00943	0.00811	0.04497	0.00980	0.25326	0.00604	0.01118	0.03865	0.04053	0.18715	0.03941	0.16541	0.00754	0.00493	0.00136	0.04215	0.11308	0.00333	0.00430
11	0.00893	0.00893	0.01273	0.01084	0.01096	0.01235	0.02874	0.00990	0.00638	0.00995	0.00559	0.00919	0.00552	0.00762	0.03166	0.00189	0.80887	0.00364	0.00181	0.00450
12	0.01276	0.02914	0.03244	0.04696	0.08002	0.13212	0.06142	0.15324	0.02237	0.16278	0.00966	0.02000	0.00729	0.00466	0.00475	0.00120	0.08000	0.00361	0.03961	0.09597
13	0.06105	0.15496	0.05519	0.05035	0.07315	0.15776	0.06593	0.11717	0.12696	0.06525	0.00945	0.02884	0.00744	0.00449	0.00377	0.00120	0.00496	0.00356	0.00281	0.00570
14	0.01351	0.24089	0.01291	0.00771	0.01071	0.01064	0.00657	0.07131	0.27645	0.28736	0.01307	0.01212	0.00939	0.00480	0.00373	0.00120	0.00373	0.00374	0.00381	0.00636
15	0.01373	0.07047	0.01243	0.00961	0.04767	0.01206	0.00759	0.54254	0.16567	0.02203	0.01062	0.01058	0.00782	0.00481	0.00397	0.00121	0.00422	0.00371	0.00379	0.04548
16	0.00661	0.00486	0.00545	0.00530	0.00593	0.00504	0.00349	0.03018	0.11701	0.01030	0.01713	0.07233	0.10987	0.51815	0.06839	0.00329	0.00404	0.00626	0.00297	0.00339
17	0.01083	0.20364	0.22275	0.05244	0.07612	0.08286	0.09047	0.10054	0.02779	0.03887	0.02795	0.00953	0.00679	0.00406	0.00375	0.00116	0.00528	0.00330	0.00233	0.02951
18	0.02353	0.39630	0.13056	0.01030	0.03623	0.03343	0.14305	0.11447	0.01019	0.04493	0.00736	0.00847	0.00585	0.00387	0.00362	0.00111	0.01569	0.00308	0.00226	0.00570
19	0.00500	0.00357	0.00476	0.00572	0.00595	0.00333	0.00381	0.00572	0.00786	0.01048	0.02262	0.85306	0.02715	0.01286	0.00524	0.00167	0.00238	0.01167	0.00381	0.00333
20	0.00991	0.00834	0.01157	0.13940	0.21079	0.03775	0.03936	0.12787	0.08753	0.05193	0.05940	0.15087	0.02255	0.00615	0.00438	0.00135	0.00424	0.01804	0.00313	0.00545
21	0.02439	0.04303	0.07517	0.06807	0.07940	0.08462	0.16184	0.01370	0.08367	0.11978	0.03996	0.03815	0.03166	0.00555	0.00464	0.00137	0.03100	0.08567	0.00295	0.00539
22	0.50651	0.00859	0.02658	0.00670	0.00953	0.00910	0.00564	0.16037	0.01022	0.18323	0.00877	0.00904	0.00624	0.00506	0.02754	0.00142	0.00378	0.00296	0.00331	0.00543
23	0.02120	0.00459	0.02872	0.00594	0.00670	0.00408	0.00439	0.00709	0.00852	0.05071	0.09815	0.58788	0.09526	0.01126	0.00527	0.00158	0.02582	0.02531	0.00380	0.00371
24	0.03548	0.31933	0.07911	0.00901	0.03690	0.14990	0.03271	0.03923	0.05106	0.11969	0.02261	0.01198	0.00828	0.00469	0.00360	0.00115	0.00483	0.06229	0.00268	0.00548
25	0.00959	0.00947	0.00907	0.08485	0.02606	0.21699	0.00657	0.05176	0.03963	0.02119	0.09271	0.03146	0.02928	0.10881	0.15121	0.00252	0.08469	0.00448	0.01531	0.00434
26	0.00510	0.00364	0.00487	0.00582	0.00610	0.00342	0.00397	0.00588	0.00795	0.01058	0.02257	0.80590	0.02694	0.01277	0.00526	0.00168	0.00246	0.05790	0.00381	0.00336
27	0.01127	0.20063	0.06540	0.10746	0.22938	0.04499	0.05059	0.17937	0.04656	0.01482	0.00801	0.00946	0.00633	0.00405	0.00378	0.00118	0.00497	0.00336	0.00246	0.00596
28	0.00940	0.00972	0.02955	0.28761	0.17506	0.06736	0.20268	0.04045	0.03155	0.01253	0.03173	0.03746	0.00786	0.02023	0.00476	0.00138	0.01889	0.00428	0.00224	0.00524
29	0.03748	0.05924	0.03853	0.01278	0.14695	0.05333	0.12895	0.34357	0.02863	0.05936	0.00966	0.04557	0.00760	0.00468	0.00411	0.00125	0.00492	0.00404	0.00315	0.00622
30	0.00806	0.00501	0.00615	0.00606	0.03242	0.00452	0.00443	0.00982	0.04538	0.16923	0.14913	0.14694	0.35637	0.00904	0.00474	0.00140	0.00256	0.03023	0.00412	0.00442
31	0.03090	0.26774	0.07764	0.01160	0.06739	0.14845	0.18111	0.04419	0.06298	0.03462	0.00777	0.00903	0.00621	0.00400	0.00398	0.00116	0.03014	0.00330	0.00226	0.00553
32	0.03573	0.04210	0.12577	0.05273	0.14635	0.08346	0.24909	0.08228	0.03405	0.05873	0.02708	0.01092	0.00730	0.02082	0.00451	0.00133	0.00559	0.00393	0.00248	0.00574

[dist]
# distance from previous block
# <min> <max>
0	1

[block]
# block no. 5 follows, 65 sequences, length 10
# corresponding to MSA columns:
# 283-287,289-293
name=unknown_F
#
# <colnr> <probs for GDERKNQSTAVLIFYWHMCP>
#	G	D	E	R	K	N	Q	S	T	A	V	L	I	F	Y	W	H	M	C	P
0	0.04756	0.06848	0.04426	0.10564	0.20467	0.01030	0.31593	0.04734	0.03962	0.01344	0.00860	0.04199	0.00707	0.00418	0.00444	0.00131	0.02305	0.00426	0.00225	0.00560
1	0.04222	0.01226	0.08347	0.01123	0.09865	0.11733	0.03888	0.34380	0.05897	0.13740	0.01007	0.01031	0.00722	0.00458	0.00402	0.00124	0.00489	0.00361	0.00345	0.00640
2	0.07388	0.03217	0.31017	0.01265	0.16186	0.10416	0.04771	0.01366	0.00944	0.11932	0.01022	0.01118	0.04951	0.00489	0.02067	0.00136	0.00535	0.00357	0.00246	0.00577
3	0.28688	0.11677	0.11164	0.06543	0.01212	0.01037	0.00755	0.15500	0.01017	0.11645	0.00818	0.00902	0.00607	0.00509	0.02837	0.00140	0.03813	0.00303	0.00284	0.00549
4	0.00883	0.00754	0.02740	0.00802	0.01000	0.03132	0.08115	0.20325	0.01107	0.01489	0.01599	0.38613	0.03673	0.00833	0.00459	0.00138	0.00365	0.02583	0.00346	0.11042
5	0.00893	0.00875	0.06865	0.06837	0.33570	0.00809	0.03592	0.11017	0.01019	0.01402	0.03723	0.21325	0.05009	0.00650	0.00443	0.00136	0.00421	0.00591	0.00284	0.00540
6	0.01222	0.10224	0.08300	0.02557	0.01246	0.10591	0.07838	0.18815	0.01205	0.14199	0.07692	0.02750	0.04923	0.00544	0.00443	0.00126	0.03263	0.03173	0.00327	0.00562
7	0.00555	0.00407	0.00536	0.00584	0.00623	0.00411	0.00412	0.00641	0.00775	0.01044	0.06455	0.46005	0.05978	0.14332	0.10433	0.00258	0.03503	0.06372	0.00338	0.00335
8	0.00610	0.00485	0.00636	0.00601	0.00677	0.00511	0.00458	0.00762	0.01006	0.01410	0.51334	0.14046	0.10917	0.00901	0.00624	0.00143	0.13347	0.00753	0.00393	0.00386
9	0.05556	0.05865	0.16048	0.08996	0.35996	0.01017	0.16159	0.01248	0.00894	0.01301	0.00746	0.00973	0.00593	0.00379	0.00425	0.00127	0.02532	0.00361	0.00198	0.00585

[dist]
# distance from previous block
# <min> <max>
0	26

[block]
# block no. 6 follows, 65 sequences, length 20
# corresponding to MSA columns:
# 320-329,332-341
name=unknown_G
#
# <colnr> <probs for GDERKNQSTAVLIFYWHMCP>
#	G	D	E	R	K	N	Q	S	T	A	V	L	I	F	Y	W	H	M	C	P
0	0.14882	0.11253	0.05513	0.02757	0.04476	0.01027	0.02294	0.22063	0.07986	0.20762	0.01067	0.02454	0.00776	0.00465	0.00372	0.00123	0.00408	0.00358	0.00351	0.00613
1	0.13036	0.01771	0.04210	0.00988	0.01225	0.65970	0.00774	0.05252	0.01126	0.01200	0.00646	0.00747	0.00525	0.00419	0.00357	0.00110	0.00666	0.00265	0.00225	0.00487
2	0.00562	0.00392	0.00476	0.00495	0.00529	0.00376	0.00318	0.00628	0.00787	0.01064	0.19397	0.25521	0.06035	0.40178	0.01238	0.00264	0.00301	0.00797	0.00335	0.00307
3	0.19448	0.11494	0.09797	0.00764	0.01057	0.05325	0.00689	0.14449	0.10727	0.03351	0.05039	0.01192	0.04407	0.00645	0.05791	0.00154	0.00448	0.00358	0.00297	0.04567
4	0.01128	0.00905	0.01226	0.22665	0.18460	0.01002	0.00923	0.23502	0.14510	0.05975	0.04788	0.01226	0.00903	0.00473	0.00414	0.00130	0.00446	0.00402	0.00317	0.00604
5	0.00576	0.00409	0.00508	0.00508	0.00555	0.00409	0.00342	0.00658	0.00768	0.01047	0.18695	0.08042	0.08766	0.39602	0.17023	0.00354	0.00462	0.00657	0.00306	0.00314
6	0.00591	0.00424	0.00544	0.00551	0.00631	0.00402	0.00417	0.00740	0.00991	0.01356	0.43685	0.06928	0.08245	0.15052	0.00771	0.00189	0.00269	0.17461	0.00395	0.00357
7	0.01023	0.11775	0.28297	0.15669	0.12608	0.06366	0.01097	0.02860	0.00939	0.09743	0.00989	0.01111	0.04909	0.00436	0.00387	0.00123	0.00518	0.00352	0.00232	0.00566
8	0.01074	0.00662	0.01032	0.00809	0.01046	0.00616	0.17493	0.04777	0.01073	0.23364	0.15602	0.01860	0.08605	0.00571	0.00419	0.00124	0.00352	0.00516	0.19490	0.00514
9	0.00827	0.00777	0.01327	0.01643	0.38963	0.00773	0.11574	0.01028	0.00906	0.01262	0.06626	0.20501	0.05084	0.00666	0.00499	0.00140	0.04307	0.02307	0.00271	0.00520
10	0.02645	0.39198	0.08891	0.00884	0.04699	0.13168	0.00786	0.06594	0.01023	0.14062	0.03910	0.00933	0.00745	0.00418	0.00337	0.00106	0.00475	0.00300	0.00261	0.00563
11	0.01197	0.00911	0.01000	0.08609	0.03420	0.06747	0.00708	0.09764	0.39745	0.15579	0.05691	0.01457	0.02254	0.00535	0.00416	0.00132	0.00387	0.00440	0.00392	0.00615
12	0.00564	0.00459	0.00512	0.00565	0.00635	0.03540	0.00394	0.00701	0.04936	0.01107	0.04339	0.56930	0.21503	0.01149	0.00503	0.00156	0.00253	0.01017	0.00378	0.00359
13	0.01187	0.35684	0.07732	0.00787	0.01096	0.01194	0.00733	0.13761	0.06917	0.12981	0.04697	0.01140	0.02548	0.02920	0.00452	0.00122	0.04833	0.00349	0.00295	0.00570
14	0.08928	0.04725	0.05550	0.02859	0.02616	0.11688	0.12881	0.03920	0.07999	0.24540	0.01114	0.04278	0.00845	0.02242	0.00473	0.00135	0.03909	0.00405	0.00324	0.00570
15	0.00515	0.00398	0.00471	0.00500	0.00590	0.00354	0.00362	0.00629	0.00931	0.01202	0.19586	0.31458	0.36898	0.01085	0.00501	0.00148	0.00221	0.03404	0.00396	0.00351
16	0.00794	0.00685	0.01088	0.01122	0.13549	0.00793	0.06765	0.00954	0.00741	0.03892	0.00966	0.04941	0.00897	0.01738	0.38995	0.00386	0.20574	0.00443	0.00224	0.00453
17	0.00926	0.07228	0.23416	0.04168	0.14755	0.03732	0.15760	0.02643	0.08106	0.01316	0.04578	0.01256	0.05453	0.00465	0.00457	0.00130	0.04403	0.00410	0.00236	0.00563
18	0.04900	0.01282	0.19490	0.06564	0.22718	0.08358	0.17139	0.01395	0.00961	0.11992	0.00863	0.01016	0.00638	0.00394	0.00410	0.00127	0.00555	0.00367	0.00239	0.00592
19	0.00615	0.00441	0.00578	0.00658	0.03481	0.00437	0.00468	0.00714	0.00784	0.01033	0.01876	0.16092	0.05651	0.32045	0.03506	0.00271	0.00381	0.30316	0.00321	0.00332

[dist]
# distance from previous block
# <min> <max>
9	64

[block]
# block no. 7 follows, 65 sequences, length 14
# corresponding to MSA columns:
# 413-426
name=unknown_H
#
# <colnr> <probs for GDERKNQSTAVLIFYWHMCP>
#	G	D	E	R	K	N	Q	S	T	A	V	L	I	F	Y	W	H	M	C	P
0	0.00796	0.00632	0.00722	0.00677	0.00835	0.00671	0.00525	0.07099	0.29412	0.01592	0.25809	0.10433	0.09993	0.00805	0.00467	0.00142	0.00281	0.08200	0.00417	0.00491
1	0.06498	0.13628	0.10584	0.01185	0.13883	0.06687	0.12592	0.04900	0.01972	0.05649	0.02453	0.05898	0.04223	0.03142	0.02535	0.00147	0.00499	0.02737	0.00257	0.00531
2	0.17319	0.04964	0.05229	0.10129	0.17896	0.09544	0.04270	0.08921	0.00982	0.02883	0.03036	0.01046	0.03173	0.00443	0.00421	0.00124	0.04914	0.00345	0.00246	0.04114
3	0.00504	0.00383	0.00471	0.00525	0.00591	0.00350	0.00367	0.00595	0.00845	0.01091	0.06772	0.51540	0.27649	0.01280	0.04853	0.00182	0.00271	0.01014	0.00376	0.00342
4	0.05404	0.05817	0.25525	0.10821	0.13874	0.08626	0.04359	0.08344	0.00998	0.05632	0.02678	0.00989	0.00667	0.00439	0.00433	0.01617	0.02639	0.00339	0.00233	0.00566
5	0.09925	0.06257	0.28301	0.01087	0.09415	0.09152	0.03434	0.02691	0.06645	0.05816	0.07800	0.02541	0.01001	0.00488	0.00392	0.00128	0.00486	0.03625	0.00264	0.00553
6	0.01098	0.00842	0.02695	0.01015	0.13697	0.04577	0.00703	0.11700	0.03700	0.14842	0.08078	0.07552	0.05338	0.00615	0.01993	0.00130	0.05120	0.00467	0.00335	0.15504
7	0.00513	0.00377	0.00480	0.00539	0.00593	0.00345	0.00372	0.00611	0.00876	0.01165	0.17113	0.58419	0.14752	0.01169	0.00511	0.00156	0.00226	0.01046	0.00394	0.00345
8	0.01069	0.13815	0.07167	0.06180	0.14695	0.19100	0.04163	0.01290	0.03780	0.06088	0.03396	0.11239	0.01059	0.00558	0.00405	0.00125	0.00498	0.04593	0.00261	0.00518
9	0.01008	0.14605	0.28103	0.09220	0.03599	0.09883	0.15479	0.01348	0.04515	0.04548	0.00841	0.03544	0.00666	0.00421	0.00394	0.00124	0.00567	0.00364	0.00216	0.00555
10	0.01391	0.00771	0.00936	0.03003	0.01062	0.00774	0.00627	0.23454	0.06732	0.34309	0.11336	0.01742	0.03939	0.00593	0.00428	0.00130	0.00354	0.04662	0.03142	0.00613
11	0.02690	0.00900	0.02225	0.02912	0.10462	0.06860	0.00715	0.25520	0.05427	0.04836	0.08626	0.04377	0.10607	0.00701	0.02422	0.00145	0.01909	0.06348	0.01776	0.00543
12	0.02505	0.02381	0.05214	0.17755	0.08874	0.13877	0.04149	0.10035	0.05741	0.11386	0.05725	0.04537	0.02476	0.00524	0.00417	0.00129	0.00485	0.02947	0.00301	0.00543
13	0.03506	0.01144	0.17734	0.04809	0.26289	0.04500	0.03390	0.03443	0.09658	0.12241	0.01059	0.01181	0.02029	0.02177	0.00431	0.00131	0.00468	0.00378	0.04833	0.00598

[dist]
# distance from previous block
# <min> <max>
0	1

[block]
# block no. 8 follows, 65 sequences, length 40
# corresponding to MSA columns:
# 428-439,445-472
name=unknown_I
#
# <colnr> <probs for GDERKNQSTAVLIFYWHMCP>
#	G	D	E	R	K	N	Q	S	T	A	V	L	I	F	Y	W	H	M	C	P
0	0.04018	0.00742	0.00914	0.00749	0.01004	0.00748	0.00607	0.04407	0.19357	0.45489	0.03857	0.01603	0.07531	0.00580	0.00482	0.00134	0.06251	0.00458	0.00442	0.00627
1	0.01033	0.12703	0.25013	0.04113	0.02637	0.15594	0.00933	0.03646	0.20258	0.01298	0.02085	0.01146	0.00818	0.06409	0.00498	0.00141	0.00512	0.00355	0.00255	0.00553
2	0.01731	0.08404	0.16794	0.02908	0.06272	0.02469	0.12767	0.02608	0.06225	0.04208	0.01358	0.19196	0.04176	0.04033	0.00515	0.00149	0.01581	0.03827	0.00278	0.00502
3	0.00674	0.00558	0.00839	0.04720	0.22114	0.00545	0.00639	0.00839	0.00952	0.01318	0.28333	0.27674	0.05614	0.02681	0.00508	0.00145	0.00304	0.00760	0.00347	0.00437
4	0.00598	0.00381	0.00489	0.00510	0.00529	0.00373	0.00328	0.00589	0.00674	0.00902	0.06232	0.22599	0.04376	0.32970	0.04132	0.22733	0.00353	0.00687	0.00278	0.00267
5	0.24847	0.06678	0.03691	0.03945	0.18265	0.03254	0.10140	0.08775	0.02011	0.03010	0.00917	0.04340	0.02539	0.00498	0.01412	0.00135	0.02466	0.02285	0.00257	0.00534
6	0.03450	0.08692	0.10023	0.00686	0.01045	0.00708	0.00621	0.02678	0.01954	0.02792	0.00852	0.06770	0.00751	0.00400	0.00329	0.00084	0.00349	0.00320	0.00250	0.57246
7	0.00900	0.00481	0.00630	0.00581	0.00724	0.00430	0.00439	0.01046	0.01050	0.24011	0.33018	0.23488	0.09793	0.00878	0.00475	0.00139	0.00249	0.00770	0.00443	0.00456
8	0.00533	0.00385	0.00504	0.00574	0.00619	0.00366	0.00406	0.00626	0.00819	0.01088	0.07160	0.55919	0.08122	0.07209	0.04277	0.00203	0.00298	0.10187	0.00369	0.00338
9	0.33766	0.14629	0.17611	0.02576	0.03962	0.05310	0.00798	0.05951	0.04613	0.06280	0.00753	0.00830	0.00571	0.00402	0.00323	0.00121	0.00437	0.00279	0.00251	0.00538
10	0.26588	0.00970	0.01021	0.20242	0.07172	0.13883	0.04052	0.04779	0.06314	0.01433	0.00905	0.01067	0.03592	0.00510	0.02649	0.00141	0.00483	0.00340	0.03372	0.00488
11	0.01132	0.00965	0.03598	0.28429	0.17802	0.07175	0.07791	0.09088	0.01039	0.14117	0.00918	0.01105	0.00678	0.00526	0.03735	0.00149	0.00546	0.00377	0.00265	0.00566
12	0.02851	0.20660	0.22372	0.03302	0.12249	0.04761	0.10828	0.09144	0.05462	0.01365	0.00819	0.02935	0.00661	0.00415	0.00378	0.00120	0.00522	0.00349	0.00227	0.00580
13	0.00923	0.02415	0.01468	0.23364	0.49503	0.00936	0.02716	0.01201	0.03795	0.01288	0.06536	0.01192	0.00867	0.00421	0.00425	0.00127	0.01631	0.00395	0.00222	0.00575
14	0.01069	0.01092	0.26337	0.03855	0.01225	0.00710	0.00851	0.06943	0.02993	0.23781	0.05133	0.07429	0.13580	0.00631	0.00431	0.00134	0.00408	0.02486	0.00350	0.00561
15	0.00982	0.22931	0.22762	0.04154	0.07546	0.05216	0.10949	0.01238	0.00892	0.04749	0.02901	0.04369	0.02711	0.00466	0.00448	0.00124	0.06426	0.00377	0.00218	0.00541
16	0.06817	0.01214	0.01161	0.03558	0.12441	0.24133	0.00809	0.22478	0.04524	0.08843	0.03146	0.01127	0.00805	0.00489	0.00437	0.00124	0.04211	0.02796	0.00309	0.00576
17	0.00729	0.00545	0.00657	0.00656	0.00761	0.00586	0.00478	0.01136	0.24972	0.04199	0.03399	0.32393	0.02903	0.09419	0.14939	0.00263	0.00430	0.00739	0.00358	0.00439
18	0.00970	0.01002	0.05149	0.31418	0.30378	0.03694	0.13212	0.06840	0.00973	0.01308	0.00775	0.01040	0.00603	0.00391	0.00418	0.00130	0.00550	0.00377	0.00210	0.00562
19	0.01211	0.01047	0.00987	0.00916	0.04634	0.18869	0.00685	0.20085	0.15742	0.08074	0.03565	0.10368	0.02792	0.00659	0.00461	0.02489	0.00443	0.06069	0.00356	0.00549
20	0.03124	0.00664	0.00817	0.00700	0.00926	0.00653	0.00555	0.01659	0.21999	0.36935	0.14948	0.08081	0.03654	0.00659	0.00436	0.00135	0.00306	0.02709	0.00454	0.00586
21	0.02632	0.00557	0.00768	0.02793	0.15318	0.00540	0.00584	0.04269	0.00953	0.05383	0.11075	0.32424	0.15955	0.00913	0.00475	0.00145	0.00301	0.04116	0.00358	0.00439
22	0.10537	0.05836	0.07612	0.08515	0.04621	0.17213	0.04623	0.14096	0.05875	0.08023	0.00880	0.02837	0.00688	0.00471	0.00448	0.00127	0.06419	0.00351	0.00277	0.00552
23	0.00787	0.00539	0.00666	0.00599	0.00716	0.00542	0.01993	0.05916	0.06615	0.08029	0.24933	0.02556	0.10325	0.25904	0.04378	0.00234	0.02297	0.02199	0.00362	0.00409
24	0.00543	0.00401	0.00505	0.00547	0.00613	0.00379	0.00396	0.00649	0.00859	0.01133	0.13775	0.34094	0.18643	0.09782	0.06520	0.00216	0.00318	0.09920	0.00366	0.00342
25	0.02973	0.09489	0.33881	0.01224	0.04284	0.03249	0.21276	0.01429	0.11426	0.03937	0.02381	0.01047	0.00721	0.00409	0.00405	0.00128	0.00553	0.00372	0.00233	0.00584
26	0.00871	0.06023	0.16627	0.31720	0.13922	0.00951	0.09401	0.03796	0.02689	0.01267	0.06546	0.02674	0.00856	0.00442	0.00412	0.00130	0.00520	0.00401	0.00221	0.00532
27	0.00986	0.01007	0.00909	0.02253	0.00947	0.25668	0.02530	0.05640	0.00868	0.01024	0.00927	0.01555	0.00929	0.29559	0.11274	0.00285	0.12587	0.00425	0.00231	0.00396
28	0.02974	0.00952	0.01449	0.28005	0.48525	0.06756	0.01158	0.01210	0.00910	0.01235	0.00775	0.01092	0.00642	0.00401	0.00405	0.00127	0.00518	0.02097	0.00202	0.00567
29	0.00748	0.11278	0.15694	0.02535	0.00973	0.00730	0.05366	0.00898	0.00752	0.02703	0.01302	0.07356	0.06850	0.34255	0.03345	0.00251	0.03795	0.00525	0.00242	0.00402
30	0.00564	0.00402	0.00509	0.00536	0.00583	0.00402	0.00370	0.00646	0.00746	0.01007	0.06545	0.24180	0.10058	0.28079	0.17945	0.00334	0.00463	0.04305	0.02006	0.00321
31	0.00577	0.00403	0.00487	0.00493	0.00524	0.00404	0.00315	0.00629	0.00696	0.00937	0.08655	0.10159	0.07526	0.52819	0.13318	0.00372	0.00452	0.00658	0.00284	0.00292
32	0.02000	0.13108	0.20343	0.01021	0.03448	0.34842	0.01998	0.01372	0.02254	0.01110	0.00723	0.00912	0.00607	0.03931	0.01327	0.00133	0.06511	0.00302	0.03554	0.00505
33	0.00616	0.00431	0.00542	0.00589	0.00662	0.00411	0.00420	0.04224	0.02755	0.04145	0.04580	0.60110	0.12269	0.01156	0.00509	0.00160	0.00256	0.05401	0.00390	0.00375
34	0.09728	0.00844	0.00901	0.00676	0.01016	0.02982	0.00544	0.14771	0.03043	0.01600	0.00778	0.00869	0.00621	0.00353	0.00322	0.00081	0.00343	0.00269	0.00276	0.59983
35	0.16497	0.00762	0.00973	0.06972	0.18096	0.00813	0.00717	0.10074	0.04883	0.08979	0.03666	0.08037	0.09118	0.00651	0.02753	0.00147	0.03148	0.00476	0.02715	0.00525
36	0.01254	0.01184	0.02869	0.01038	0.07615	0.25341	0.02959	0.13774	0.10067	0.10254	0.02296	0.09341	0.02640	0.02286	0.00500	0.00134	0.05130	0.00452	0.00317	0.00548
37	0.00505	0.00386	0.00464	0.00515	0.00588	0.00346	0.00363	0.00600	0.00872	0.01117	0.08602	0.47453	0.32286	0.01160	0.00508	0.00154	0.00228	0.03125	0.00386	0.00343
38	0.01033	0.06635	0.17018	0.04823	0.17665	0.00892	0.00917	0.14138	0.03257	0.08437	0.01242	0.04552	0.08004	0.00650	0.02707	0.06303	0.00461	0.00428	0.00281	0.00557
39	0.00919	0.12536	0.18771	0.20391	0.17931	0.03243	0.02901	0.03412	0.04445	0.01223	0.00867	0.06873	0.00747	0.00469	0.00428	0.00128	0.03562	0.00393	0.00215	0.00545

[dist]
# distance from previous block
# <min> <max>
0	2

[block]
# block no. 9 follows, 65 sequences, length 26
# corresponding to MSA columns:
# 475-500
name=unknown_J
#
# <colnr> <probs for GDERKNQSTAVLIFYWHMCP>
#	G	D	E	R	K	N	Q	S	T	A	V	L	I	F	Y	W	H	M	C	P
0	0.01331	0.01119	0.01034	0.00888	0.02892	0.19495	0.00688	0.35734	0.01383	0.06145	0.01018	0.03902	0.00808	0.01592	0.02621	0.00137	0.04602	0.00381	0.13669	0.00561
1	0.00503	0.00397	0.00455	0.00490	0.00584	0.00349	0.00354	0.00604	0.00897	0.01125	0.08250	0.32744	0.46571	0.01118	0.00502	0.00150	0.00224	0.03953	0.00385	0.00346
2	0.01004	0.03133	0.14031	0.03974	0.26218	0.05152	0.12305	0.07565	0.03584	0.04794	0.01232	0.04145	0.08974	0.00504	0.00437	0.01177	0.00496	0.00447	0.00258	0.00571
3	0.01064	0.03658	0.05803	0.15032	0.29119	0.10200	0.11521	0.01351	0.04819	0.07059	0.00900	0.01176	0.00722	0.00433	0.00436	0.00129	0.02401	0.03369	0.00237	0.00570
4	0.28155	0.01112	0.04877	0.09166	0.27383	0.14518	0.04735	0.01311	0.02747	0.01419	0.00705	0.00880	0.00564	0.00389	0.00357	0.00124	0.00493	0.00310	0.00222	0.00533
5	0.01100	0.57503	0.08441	0.07580	0.05496	0.11736	0.00843	0.01273	0.00882	0.01023	0.00615	0.00739	0.00534	0.00369	0.00306	0.00099	0.00501	0.00251	0.00182	0.00528
6	0.00645	0.00517	0.00664	0.00654	0.00724	0.04480	0.00496	0.00772	0.00688	0.00963	0.02398	0.01705	0.01093	0.12822	0.64529	0.00567	0.03057	0.00452	0.02413	0.00360
7	0.03901	0.34273	0.19181	0.03078	0.01324	0.09604	0.04231	0.08293	0.05929	0.03854	0.00830	0.00907	0.02132	0.00411	0.00345	0.00112	0.00502	0.00303	0.00232	0.00560
8	0.01182	0.01002	0.03675	0.00925	0.03458	0.11982	0.06979	0.21451	0.08250	0.10941	0.17822	0.04010	0.03461	0.00593	0.00435	0.00128	0.00427	0.02349	0.00372	0.00559
9	0.00686	0.00435	0.00545	0.00540	0.00630	0.00403	0.00383	0.00819	0.02640	0.09663	0.26459	0.28356	0.11812	0.13850	0.00732	0.00183	0.00259	0.00826	0.00396	0.00382
10	0.00542	0.00417	0.00491	0.00512	0.00610	0.00377	0.00387	0.00665	0.00936	0.01199	0.18409	0.14380	0.38352	0.07376	0.00623	0.00168	0.00251	0.13572	0.00384	0.00350
11	0.00990	0.12796	0.15045	0.09441	0.01289	0.19716	0.00811	0.06284	0.03326	0.01235	0.08111	0.05831	0.09437	0.03419	0.00454	0.00131	0.00488	0.00448	0.00263	0.00486
12	0.00999	0.38924	0.31765	0.01012	0.01460	0.01253	0.11520	0.01321	0.03655	0.03512	0.00733	0.00844	0.00576	0.00376	0.00348	0.00113	0.00527	0.00298	0.00197	0.00569
13	0.00587	0.00438	0.00651	0.00651	0.00721	0.00508	0.00502	0.00727	0.00657	0.00946	0.01108	0.01659	0.01046	0.06617	0.80436	0.00648	0.01069	0.00447	0.00221	0.00361
14	0.02695	0.01185	0.12144	0.02844	0.18970	0.11991	0.02277	0.12151	0.14206	0.08117	0.01145	0.07411	0.02008	0.00515	0.00411	0.00128	0.00474	0.00430	0.00303	0.00595
15	0.00990	0.01001	0.01499	0.28992	0.45758	0.09535	0.03914	0.01232	0.00922	0.01210	0.00746	0.01016	0.00603	0.00385	0.00407	0.00126	0.00540	0.00359	0.00197	0.00566
16	0.30633	0.00699	0.00787	0.00640	0.00907	0.00686	0.00520	0.01592	0.00988	0.47097	0.06300	0.01318	0.01026	0.04532	0.00444	0.00140	0.00331	0.00378	0.00407	0.00573
17	0.00848	0.00793	0.01275	0.18848	0.38757	0.02393	0.03684	0.01058	0.00887	0.01218	0.03373	0.14843	0.04370	0.00578	0.00460	0.00135	0.03088	0.00528	0.02343	0.00520
18	0.01139	0.01108	0.07143	0.10777	0.14484	0.12658	0.02319	0.18014	0.09282	0.05541	0.01007	0.03981	0.00809	0.00743	0.08993	0.00181	0.00566	0.00397	0.00287	0.00571
19	0.00654	0.00570	0.04564	0.00667	0.00763	0.02638	0.02792	0.00797	0.03369	0.03843	0.02727	0.45411	0.08009	0.09763	0.02776	0.00196	0.03223	0.06516	0.00343	0.00379
20	0.00901	0.00530	0.00732	0.03363	0.04707	0.00542	0.00516	0.01031	0.02333	0.19284	0.01382	0.12260	0.01312	0.22447	0.23585	0.00345	0.02558	0.00556	0.01185	0.00431
21	0.12155	0.18287	0.09178	0.03837	0.14232	0.10651	0.10568	0.05222	0.03173	0.05690	0.00857	0.00973	0.02657	0.00408	0.00365	0.00118	0.00503	0.00333	0.00239	0.00555
22	0.05182	0.12693	0.22937	0.05033	0.16640	0.05751	0.09697	0.10837	0.02925	0.01433	0.02645	0.00966	0.00669	0.00404	0.00385	0.00122	0.00528	0.00341	0.00229	0.00583
23	0.01023	0.00653	0.00812	0.09786	0.01069	0.00689	0.00580	0.04535	0.22884	0.19301	0.03786	0.17251	0.01482	0.13440	0.00688	0.00179	0.00351	0.00597	0.00380	0.00515
24	0.00943	0.06971	0.15044	0.12203	0.24421	0.06058	0.03532	0.05398	0.00966	0.01301	0.03349	0.02771	0.06579	0.00457	0.00396	0.00119	0.00483	0.00393	0.00232	0.08384
25	0.10751	0.00816	0.01169	0.06483	0.09861	0.06219	0.16528	0.04145	0.01037	0.05906	0.26706	0.05743	0.01744	0.00577	0.00433	0.00130	0.00416	0.00526	0.00320	0.00490

[dist]
# distance from previous block
# <min> <max>
6	39

[block]
# block no. 10 follows, 65 sequences, length 19
# corresponding to MSA columns:
# 567-585
name=unknown_K
#
# <colnr> <probs for GDERKNQSTAVLIFYWHMCP>
#	G	D	E	R	K	N	Q	S	T	A	V	L	I	F	Y	W	H	M	C	P
0	0.00661	0.00397	0.00570	0.00583	0.00603	0.00416	0.00412	0.00608	0.00620	0.00840	0.01104	0.12560	0.01180	0.07971	0.13136	0.48901	0.03218	0.05739	0.00229	0.00253
1	0.01255	0.07024	0.07005	0.02220	0.02299	0.13372	0.04091	0.10856	0.06051	0.20015	0.05486	0.04774	0.02101	0.00589	0.01406	0.00136	0.07423	0.03003	0.00334	0.00562
2	0.01057	0.19920	0.43403	0.01095	0.04632	0.03247	0.05964	0.05162	0.00958	0.09703	0.00807	0.00899	0.00592	0.00396	0.00372	0.00120	0.00541	0.00312	0.00224	0.00598
3	0.00655	0.00475	0.00558	0.00527	0.00637	0.03124	0.00395	0.00829	0.01105	0.04649	0.60417	0.06716	0.12252	0.00837	0.00470	0.00129	0.00221	0.00729	0.04879	0.00395
4	0.00904	0.21158	0.53414	0.01091	0.03603	0.01098	0.05326	0.01304	0.03653	0.01246	0.00753	0.00877	0.00570	0.00386	0.00364	0.00120	0.00548	0.00303	0.02700	0.00582
5	0.01072	0.02063	0.04975	0.01314	0.16283	0.13681	0.15799	0.06487	0.12357	0.05055	0.06717	0.06510	0.02465	0.00560	0.01742	0.00138	0.01465	0.00469	0.00291	0.00558
6	0.01829	0.00716	0.01161	0.21110	0.13145	0.00739	0.12629	0.01093	0.06624	0.05111	0.05515	0.12044	0.15259	0.00645	0.00450	0.00138	0.00419	0.00593	0.00293	0.00486
7	0.00564	0.00445	0.00518	0.00534	0.00654	0.00408	0.00421	0.00742	0.04078	0.01255	0.17834	0.07134	0.43814	0.01016	0.00503	0.00150	0.00250	0.18916	0.00395	0.00372
8	0.04108	0.06043	0.31301	0.05184	0.08010	0.04608	0.09441	0.06538	0.04511	0.05445	0.04049	0.03158	0.02422	0.00460	0.00410	0.00128	0.01372	0.00388	0.01858	0.00568
9	0.02201	0.15397	0.09167	0.04540	0.03937	0.02927	0.05766	0.06810	0.06908	0.14957	0.03115	0.03584	0.11040	0.00584	0.00426	0.00129	0.01969	0.05679	0.00318	0.00544
10	0.00575	0.00411	0.00538	0.00567	0.00611	0.00425	0.00401	0.00658	0.00706	0.00954	0.01661	0.19542	0.05698	0.30393	0.26714	0.00398	0.00570	0.08572	0.00286	0.00320
11	0.00888	0.00850	0.01481	0.42226	0.35323	0.00933	0.07638	0.01154	0.00880	0.01202	0.00772	0.01075	0.00609	0.00389	0.00411	0.00130	0.00525	0.00375	0.02597	0.00541
12	0.03396	0.07463	0.19379	0.17923	0.09407	0.12946	0.02360	0.07885	0.02599	0.02678	0.02294	0.01084	0.02663	0.01593	0.00422	0.00127	0.01797	0.00350	0.03099	0.00536
13	0.00896	0.12354	0.05227	0.05268	0.03970	0.10967	0.08399	0.01094	0.02915	0.02953	0.12142	0.17110	0.01493	0.00731	0.02356	0.00147	0.08496	0.02738	0.00280	0.00464
14	0.00608	0.00480	0.00557	0.00600	0.00682	0.02175	0.00432	0.02569	0.08916	0.01195	0.06015	0.51149	0.15637	0.01108	0.00502	0.00157	0.00264	0.06186	0.00385	0.00383
15	0.00763	0.00568	0.00805	0.03977	0.14238	0.02582	0.00593	0.00828	0.04940	0.00997	0.03005	0.14122	0.02742	0.02852	0.02734	0.37443	0.03981	0.02238	0.00243	0.00350
16	0.02834	0.09797	0.09598	0.17136	0.14358	0.09095	0.07365	0.08249	0.05281	0.09809	0.00877	0.01015	0.00659	0.00420	0.00406	0.00124	0.01795	0.00351	0.00256	0.00574
17	0.00949	0.04896	0.05916	0.20992	0.28363	0.00968	0.10125	0.07671	0.05447	0.01349	0.00959	0.06492	0.00827	0.00476	0.00422	0.00132	0.00498	0.02717	0.00241	0.00562
18	0.00502	0.00362	0.00476	0.00562	0.00594	0.00336	0.00378	0.00579	0.00806	0.01071	0.05056	0.78416	0.06828	0.01259	0.00521	0.00164	0.00235	0.01137	0.00383	0.00336

[dist]
# distance from previous block
# <min> <max>
7	27

[block]
# block no. 11 follows, 65 sequences, length 15
# corresponding to MSA columns:
# 614,615,624-636
name=unknown_L
#
# <colnr> <probs for GDERKNQSTAVLIFYWHMCP>
#	G	D	E	R	K	N	Q	S	T	A	V	L	I	F	Y	W	H	M	C	P
0	0.00984	0.12720	0.48290	0.01101	0.04167	0.02759	0.01212	0.04708	0.00901	0.06256	0.00750	0.00884	0.00566	0.00443	0.00512	0.00130	0.12517	0.00311	0.00207	0.00582
1	0.00905	0.15165	0.28870	0.07640	0.01556	0.04095	0.13697	0.01241	0.04269	0.03094	0.04099	0.05093	0.00902	0.00591	0.04011	0.00151	0.00555	0.03304	0.00229	0.00532
2	0.00804	0.00803	0.01445	0.04190	0.01370	0.00849	0.33476	0.00987	0.00799	0.01090	0.01219	0.01731	0.09190	0.20355	0.02635	0.00217	0.17662	0.00519	0.00228	0.00433
3	0.00791	0.00905	0.14956	0.01273	0.24516	0.00703	0.00892	0.05639	0.00949	0.01301	0.01647	0.20890	0.08339	0.00777	0.00465	0.00147	0.00407	0.14608	0.00296	0.00501
4	0.00977	0.05009	0.13963	0.15777	0.29630	0.00953	0.02693	0.09421	0.00989	0.01394	0.00766	0.00962	0.00604	0.00379	0.00383	0.00115	0.00484	0.00332	0.00222	0.14949
5	0.00635	0.00520	0.00594	0.00629	0.00713	0.03516	0.00451	0.00905	0.14615	0.01154	0.02151	0.49600	0.10232	0.01326	0.10714	0.00217	0.00374	0.00896	0.00361	0.00398
6	0.00501	0.00410	0.00432	0.00437	0.00553	0.00352	0.00317	0.00600	0.00910	0.01111	0.08560	0.10571	0.64834	0.07833	0.00617	0.00161	0.00225	0.00862	0.00375	0.00340
7	0.09413	0.06273	0.12489	0.24995	0.06447	0.03752	0.00964	0.22031	0.02776	0.05828	0.00836	0.00976	0.00615	0.00428	0.00383	0.00126	0.00490	0.00337	0.00270	0.00571
8	0.00849	0.00744	0.00947	0.04172	0.21417	0.08387	0.00707	0.01020	0.02118	0.05774	0.03741	0.06879	0.15609	0.03988	0.19976	0.00263	0.02132	0.00532	0.00278	0.00467
9	0.00499	0.00360	0.00473	0.00564	0.00593	0.00334	0.00378	0.00572	0.00793	0.01051	0.02353	0.81421	0.06542	0.01274	0.00522	0.00165	0.00237	0.01153	0.00381	0.00334
10	0.00675	0.00506	0.00654	0.00720	0.05460	0.00504	0.00490	0.09915	0.00971	0.01308	0.11404	0.44993	0.07303	0.03926	0.05630	0.00192	0.00334	0.04248	0.00368	0.00402
11	0.02609	0.29482	0.27074	0.00986	0.01384	0.09638	0.09133	0.03212	0.00932	0.03879	0.02589	0.00986	0.03632	0.00423	0.00382	0.00116	0.02459	0.00325	0.00213	0.00546
12	0.00500	0.00357	0.00476	0.00572	0.00595	0.00333	0.00381	0.00572	0.00786	0.01048	0.02262	0.85306	0.02715	0.01286	0.00524	0.00167	0.00238	0.01167	0.00381	0.00333
13	0.20045	0.15798	0.17145	0.01082	0.08577	0.13760	0.06047	0.01281	0.00855	0.01284	0.00643	0.00801	0.00526	0.00419	0.00453	0.00124	0.10146	0.00289	0.00203	0.00520
14	0.04194	0.03586	0.04170	0.00676	0.00895	0.10418	0.00552	0.01211	0.05830	0.13475	0.21594	0.05657	0.06527	0.00733	0.04431	0.00143	0.00379	0.00503	0.03066	0.11960

[dist]
# distance from previous block
# <min> <max>
1	21

[block]
# block no. 12 follows, 65 sequences, length 32
# corresponding to MSA columns:
# 658-678,680-690
name=unknown_M
#
# <colnr> <probs for GDERKNQSTAVLIFYWHMCP>
#	G	D	E	R	K	N	Q	S	T	A	V	L	I	F	Y	W	H	M	C	P
0	0.36026	0.18586	0.21139	0.00826	0.03152	0.01119	0.00821	0.11540	0.00931	0.01614	0.00669	0.00763	0.00517	0.00391	0.00313	0.00119	0.00434	0.00264	0.00237	0.00538
1	0.01299	0.43191	0.04061	0.00880	0.01178	0.36638	0.00769	0.05645	0.01033	0.01078	0.00625	0.00717	0.00536	0.00390	0.00320	0.00099	0.00573	0.00249	0.00203	0.00516
2	0.00851	0.00730	0.00851	0.00608	0.00973	0.00547	0.00486	0.01034	0.00851	0.01338	0.00730	0.00851	0.00608	0.00304	0.00304	0.00061	0.00304	0.00243	0.00243	0.88083
3	0.07272	0.00563	0.00662	0.00570	0.00779	0.00509	0.00451	0.02066	0.02608	0.31656	0.11048	0.04982	0.33661	0.00767	0.00441	0.00133	0.00272	0.00636	0.00427	0.00497
4	0.00733	0.00471	0.00583	0.00579	0.00622	0.03836	0.00405	0.03070	0.02748	0.00893	0.01224	0.09182	0.07584	0.03148	0.04765	0.56851	0.00384	0.02427	0.00235	0.00260
5	0.00895	0.15648	0.13128	0.06162	0.08108	0.00888	0.11810	0.01166	0.04273	0.06512	0.10265	0.06964	0.07369	0.02929	0.00463	0.00135	0.00438	0.02054	0.00279	0.00512
6	0.00906	0.00434	0.00570	0.00530	0.00616	0.00422	0.00382	0.00921	0.00745	0.15616	0.01120	0.01526	0.00957	0.10281	0.06607	0.35059	0.00368	0.00405	0.22195	0.00342
7	0.00519	0.00401	0.00456	0.00486	0.00579	0.00356	0.00352	0.00621	0.00887	0.01125	0.07737	0.26758	0.44473	0.05472	0.00578	0.00161	0.00235	0.05613	0.02846	0.00343
8	0.09814	0.10700	0.14453	0.03453	0.01158	0.09444	0.02654	0.08881	0.10376	0.02296	0.06618	0.09717	0.03793	0.02772	0.02018	0.00144	0.00449	0.00459	0.00290	0.00512
9	0.02984	0.00927	0.00999	0.00853	0.02809	0.07461	0.00672	0.27384	0.08885	0.16714	0.07114	0.01528	0.06035	0.00647	0.02601	0.00144	0.06763	0.02460	0.02436	0.00584
10	0.00896	0.00930	0.01651	0.25396	0.08853	0.03594	0.29699	0.01149	0.00857	0.01156	0.00789	0.01162	0.00650	0.00588	0.04837	0.00170	0.14552	0.02368	0.00200	0.00500
11	0.00772	0.00633	0.00856	0.00819	0.02858	0.00757	0.00626	0.06859	0.00834	0.02788	0.05485	0.20489	0.04272	0.04367	0.16120	0.00262	0.26812	0.03682	0.00288	0.00420
12	0.02799	0.16990	0.06333	0.04729	0.24242	0.15747	0.07861	0.03369	0.02591	0.04115	0.02395	0.02771	0.00733	0.00419	0.00377	0.00116	0.00518	0.00353	0.02986	0.00556
13	0.05087	0.00711	0.00829	0.02534	0.02653	0.08595	0.02391	0.04917	0.02836	0.02628	0.00960	0.01393	0.02824	0.08888	0.19326	0.22491	0.09933	0.00401	0.00231	0.00374
14	0.00525	0.00392	0.00459	0.00502	0.00558	0.00362	0.00335	0.00607	0.02048	0.01021	0.02612	0.41407	0.26570	0.19657	0.00853	0.00208	0.00265	0.00941	0.00353	0.00324
15	0.00861	0.01052	0.16073	0.08679	0.14869	0.06630	0.08724	0.01139	0.04025	0.03294	0.02060	0.14448	0.06943	0.00649	0.00466	0.00141	0.02249	0.06923	0.00268	0.00506
16	0.07568	0.13609	0.03063	0.03270	0.14356	0.10248	0.12615	0.06962	0.14042	0.07963	0.01851	0.01053	0.00759	0.00426	0.00385	0.00122	0.00487	0.00362	0.00279	0.00582
17	0.00966	0.06903	0.05090	0.04924	0.19050	0.04439	0.17409	0.09070	0.02933	0.02896	0.05617	0.16523	0.01201	0.00580	0.00437	0.00132	0.00473	0.00543	0.00278	0.00537
18	0.00547	0.00410	0.00511	0.00570	0.00648	0.00380	0.00432	0.00661	0.00876	0.01122	0.05266	0.33244	0.25619	0.05101	0.00597	0.00174	0.00274	0.22844	0.00376	0.00347
19	0.03173	0.03553	0.05666	0.06702	0.12492	0.12707	0.12782	0.04580	0.08362	0.03981	0.03400	0.01298	0.06693	0.00548	0.00555	0.04597	0.07716	0.00414	0.00257	0.00520
20	0.05032	0.05396	0.18926	0.05042	0.06581	0.06827	0.07161	0.13356	0.10795	0.04919	0.03411	0.04368	0.00870	0.00561	0.02869	0.00145	0.02487	0.00399	0.00281	0.00572
21	0.00829	0.00604	0.00692	0.04570	0.00856	0.02422	0.02841	0.03192	0.20852	0.03275	0.03612	0.12565	0.05570	0.06054	0.01584	0.00150	0.00309	0.00552	0.29013	0.00457
