[name]
unknown

[dist]
# distance from previous block
# <min> <max>
0	302

[block]
# block no. 0 follows, 86 sequences, length 6
# corresponding to MSA columns:
# 414-419
name=unknown_A
#
# <colnr> <probs for GDERKNQSTAVLIFYWHMCP>
#	G	D	E	R	K	N	Q	S	T	A	V	L	I	F	Y	W	H	M	C	P
0	0.06532	0.02406	0.06846	0.08527	0.04856	0.04608	0.05798	0.05787	0.04251	0.03698	0.02819	0.05370	0.07064	0.03698	0.02606	0.00127	0.10869	0.06844	0.00221	0.07073
1	0.07005	0.16007	0.09942	0.02733	0.04874	0.06367	0.00559	0.00923	0.05286	0.05440	0.04607	0.10590	0.00881	0.06387	0.08791	0.00152	0.02231	0.00356	0.00212	0.06657
2	0.00792	0.00738	0.07919	0.06631	0.02626	0.06239	0.04399	0.13551	0.07122	0.07232	0.07818	0.03926	0.09116	0.05721	0.04292	0.00137	0.04300	0.03400	0.00257	0.03784
3	0.03298	0.24627	0.07745	0.00842	0.10853	0.04917	0.08464	0.05254	0.06208	0.06771	0.02375	0.06140	0.03944	0.00397	0.00316	0.00095	0.02232	0.00327	0.04759	0.00436
4	0.17511	0.02460	0.02436	0.03009	0.05122	0.00610	0.00480	0.10295	0.02336	0.03791	0.03879	0.05119	0.05006	0.00396	0.00305	0.00087	0.02530	0.02439	0.00234	0.31956
5	0.03167	0.03800	0.03111	0.03612	0.08440	0.02660	0.00502	0.06885	0.08155	0.05310	0.03527	0.18567	0.06567	0.04975	0.04015	0.00135	0.00310	0.06819	0.02489	0.06953

[dist]
# distance from previous block
# <min> <max>
3	6

[block]
# block no. 1 follows, 86 sequences, length 18
# corresponding to MSA columns:
# 426-432,435-445
name=unknown_B
#
# <colnr> <probs for GDERKNQSTAVLIFYWHMCP>
#	G	D	E	R	K	N	Q	S	T	A	V	L	I	F	Y	W	H	M	C	P
0	0.23720	0.05325	0.06418	0.00669	0.03909	0.02816	0.05543	0.14707	0.03443	0.06689	0.00959	0.13293	0.03908	0.00462	0.00305	0.00104	0.00311	0.01912	0.02123	0.03383
1	0.21919	0.09161	0.03319	0.06608	0.18443	0.06597	0.04476	0.04683	0.07588	0.01151	0.00664	0.01485	0.01651	0.01458	0.00334	0.00100	0.04046	0.00266	0.00195	0.05856
2	0.00467	0.00374	0.02500	0.02060	0.00570	0.00353	0.00369	0.00590	0.04216	0.00952	0.18565	0.46264	0.04147	0.03510	0.03787	0.03259	0.02620	0.04809	0.00293	0.00293
3	0.00627	0.00547	0.00769	0.31219	0.09268	0.00604	0.00621	0.00941	0.17419	0.01025	0.08193	0.06850	0.08732	0.04462	0.00400	0.00116	0.00313	0.00414	0.02364	0.05118
4	0.00876	0.26635	0.39303	0.00806	0.01149	0.24076	0.00873	0.01099	0.00751	0.00902	0.00531	0.00620	0.00420	0.00311	0.00279	0.00089	0.00477	0.00216	0.00148	0.00440
5	0.00425	0.00329	0.00387	0.00384	0.00470	0.00292	0.00284	0.00538	0.00819	0.01079	0.40751	0.12636	0.38855	0.00783	0.00392	0.00110	0.00164	0.00677	0.00331	0.00292
6	0.33241	0.00736	0.00672	0.00572	0.00758	0.05972	0.00450	0.25430	0.12502	0.01476	0.00768	0.00942	0.00632	0.12520	0.00467	0.00131	0.00314	0.00285	0.01716	0.00417
7	0.03616	0.08508	0.00932	0.02243	0.04242	0.22298	0.00573	0.22861	0.02073	0.02248	0.00671	0.00899	0.00584	0.12531	0.00572	0.00126	0.10025	0.00282	0.00217	0.04499
8	0.00596	0.00518	0.00848	0.00733	0.00857	0.00522	0.20623	0.00830	0.12422	0.03421	0.01377	0.47076	0.01468	0.00759	0.02121	0.00133	0.04402	0.00668	0.00269	0.00358
9	0.06663	0.00731	0.12619	0.00629	0.00913	0.00550	0.00581	0.03407	0.00899	0.67799	0.01139	0.01019	0.00727	0.00388	0.00321	0.00102	0.00309	0.00309	0.00356	0.00538
10	0.00601	0.00483	0.00663	0.02610	0.05228	0.00511	0.04462	0.08627	0.04628	0.01769	0.14337	0.18088	0.11757	0.03698	0.12581	0.01281	0.06447	0.00533	0.01349	0.00348
11	0.00598	0.00357	0.00549	0.00643	0.12289	0.00357	0.00379	0.00513	0.00477	0.00646	0.00614	0.01065	0.00613	0.07809	0.01184	0.70953	0.00303	0.00302	0.00150	0.00200
12	0.03059	0.00817	0.00992	0.04878	0.18990	0.00897	0.00688	0.41959	0.19923	0.03109	0.00868	0.00896	0.00644	0.00380	0.00327	0.00102	0.00345	0.00310	0.00286	0.00530
13	0.00559	0.00370	0.00475	0.00448	0.00549	0.00327	0.00331	0.00680	0.00799	0.07995	0.39308	0.29005	0.02225	0.00700	0.00370	0.00105	0.00188	0.00621	0.02970	0.11973
14	0.01145	0.00839	0.00901	0.00702	0.00929	0.00924	0.00567	0.73574	0.01400	0.01876	0.00824	0.00979	0.00648	0.12548	0.00515	0.00129	0.00356	0.00322	0.00311	0.00510
15	0.01108	0.00821	0.00880	0.00695	0.00915	0.00907	0.00558	0.66492	0.08542	0.01817	0.00871	0.01016	0.00685	0.12553	0.00516	0.00130	0.00348	0.00328	0.00312	0.00507
16	0.00660	0.00482	0.03090	0.00515	0.00591	0.00510	0.01930	0.05136	0.02162	0.04048	0.00914	0.01359	0.00835	0.21449	0.05666	0.04276	0.15000	0.02092	0.28970	0.00316
17	0.00758	0.00714	0.01204	0.01805	0.74520	0.00711	0.00913	0.00934	0.00733	0.01043	0.00784	0.12880	0.00750	0.00395	0.00339	0.00103	0.00363	0.00382	0.00183	0.00486

[dist]
# distance from previous block
# <min> <max>
0	1

[block]
# block no. 2 follows, 86 sequences, length 22
# corresponding to MSA columns:
# 447-468
name=unknown_C
#
# <colnr> <probs for GDERKNQSTAVLIFYWHMCP>
#	G	D	E	R	K	N	Q	S	T	A	V	L	I	F	Y	W	H	M	C	P
0	0.00770	0.03325	0.00767	0.00575	0.00798	0.02536	0.04550	0.05680	0.04166	0.08451	0.05549	0.04135	0.00824	0.05858	0.02504	0.00103	0.02983	0.02130	0.00237	0.44059
1	0.82611	0.00690	0.00519	0.00463	0.00666	0.05908	0.00377	0.01008	0.00594	0.04086	0.00488	0.00556	0.00375	0.00311	0.00213	0.00101	0.00276	0.00185	0.00208	0.00364
2	0.00731	0.00700	0.00554	0.00523	0.00591	0.25338	0.00361	0.02683	0.00662	0.00799	0.00863	0.01482	0.00880	0.43317	0.07204	0.00231	0.01746	0.00366	0.10686	0.00282
3	0.67014	0.00637	0.00549	0.00459	0.00685	0.00684	0.00375	0.04474	0.00629	0.01412	0.00500	0.00578	0.00394	0.00296	0.00218	0.00090	0.00257	0.00187	0.00207	0.20357
4	0.00479	0.00351	0.00421	0.00404	0.00497	0.00318	0.00302	0.00628	0.03475	0.03786	0.48624	0.07825	0.30209	0.00732	0.00387	0.00108	0.00168	0.00634	0.00341	0.00311
5	0.01748	0.27090	0.29168	0.02675	0.06285	0.04620	0.02378	0.04631	0.05475	0.08544	0.00684	0.02326	0.00534	0.00334	0.00288	0.00093	0.00397	0.00257	0.00190	0.02283
6	0.00933	0.01060	0.13328	0.01960	0.01252	0.21384	0.31032	0.02696	0.00818	0.11183	0.00754	0.02739	0.00584	0.02798	0.00374	0.00107	0.00478	0.00325	0.05765	0.00431
7	0.00594	0.00339	0.00455	0.00481	0.00546	0.00310	0.00342	0.00672	0.00709	0.15630	0.07773	0.65050	0.02003	0.00895	0.00403	0.00126	0.00206	0.02815	0.00327	0.00322
8	0.00560	0.00501	0.00807	0.57813	0.04051	0.00590	0.00727	0.00731	0.00662	0.00854	0.01060	0.21459	0.05874	0.00535	0.00357	0.00116	0.00361	0.02405	0.00197	0.00341
9	0.00925	0.62659	0.04132	0.00637	0.00895	0.05688	0.00606	0.11573	0.02147	0.00958	0.00518	0.00595	0.00450	0.00324	0.00298	0.00082	0.06699	0.00206	0.00169	0.00437
10	0.09228	0.55673	0.07030	0.00605	0.00875	0.08984	0.00583	0.01007	0.01623	0.00893	0.00491	0.00572	0.00428	0.00298	0.00255	0.00078	0.02923	0.00191	0.00156	0.08106
11	0.01052	0.28260	0.01133	0.01743	0.00920	0.28163	0.00575	0.22524	0.00983	0.02128	0.00727	0.01650	0.03941	0.00365	0.00281	0.00086	0.00413	0.00256	0.04369	0.00433
12	0.00601	0.03693	0.00618	0.00515	0.00670	0.00484	0.00399	0.00836	0.13623	0.01026	0.06893	0.18562	0.05141	0.04465	0.03829	0.00122	0.02729	0.05797	0.00257	0.29741
13	0.02229	0.32980	0.26974	0.00786	0.03447	0.08507	0.02115	0.09221	0.04781	0.02326	0.00595	0.00671	0.00471	0.00327	0.00303	0.00091	0.03308	0.00233	0.00176	0.00458
14	0.00793	0.00734	0.02943	0.00808	0.05928	0.02859	0.08834	0.06405	0.52588	0.01279	0.01221	0.12128	0.01021	0.00486	0.00349	0.00112	0.00308	0.00429	0.00296	0.00479
15	0.00471	0.00338	0.00461	0.00464	0.00499	0.00373	0.00330	0.00543	0.00514	0.00720	0.00970	0.04490	0.01006	0.34228	0.52639	0.00438	0.00651	0.00419	0.00189	0.00258
16	0.00572	0.00286	0.00429	0.00429	0.00429	0.00286	0.00286	0.00429	0.00429	0.00572	0.00572	0.01001	0.00572	0.01144	0.01286	0.90423	0.00286	0.00286	0.00143	0.00143
17	0.00773	0.00878	0.01885	0.01355	0.01667	0.00843	0.79965	0.01038	0.00760	0.01038	0.00651	0.00878	0.00495	0.00296	0.00431	0.00113	0.05947	0.00382	0.00165	0.00439
18	0.01251	0.00922	0.00988	0.00757	0.01021	0.01021	0.00626	0.85281	0.01548	0.02074	0.00790	0.00790	0.00560	0.00395	0.00329	0.00099	0.00362	0.00296	0.00329	0.00560
19	0.00861	0.81480	0.06563	0.00578	0.00867	0.01247	0.00592	0.00984	0.00671	0.00801	0.00480	0.00555	0.00432	0.00286	0.00217	0.00072	0.00355	0.00183	0.02351	0.00423
20	0.90757	0.00637	0.00484	0.00433	0.00637	0.00738	0.00356	0.00968	0.00560	0.01477	0.00458	0.00535	0.00356	0.00306	0.00204	0.00102	0.00255	0.00178	0.00204	0.00356
21	0.06125	0.00707	0.00942	0.00753	0.04455	0.03284	0.14852	0.14641	0.02435	0.03314	0.02664	0.04907	0.03365	0.00355	0.00305	0.00083	0.00328	0.00313	0.00230	0.35943

[dist]
# distance from previous block
# <min> <max>
0	28

[block]
# block no. 3 follows, 86 sequences, length 42
# corresponding to MSA columns:
# 497-509,511-519,521,522,524-541
name=unknown_D
#
# <colnr> <probs for GDERKNQSTAVLIFYWHMCP>
#	G	D	E	R	K	N	Q	S	T	A	V	L	I	F	Y	W	H	M	C	P
0	0.00739	0.00814	0.01649	0.01214	0.01491	0.03342	0.67822	0.02330	0.00771	0.01029	0.00845	0.14716	0.00764	0.00401	0.00390	0.00114	0.00495	0.00468	0.00191	0.00416
1	0.00683	0.00585	0.00683	0.00488	0.00780	0.00439	0.00390	0.00829	0.00683	0.01073	0.00585	0.00683	0.00488	0.00244	0.00244	0.00049	0.00244	0.00195	0.00195	0.90444
2	0.00720	0.00720	0.01008	0.00864	0.00864	0.01008	0.00720	0.00792	0.00504	0.00792	0.00432	0.00720	0.00432	0.00576	0.01080	0.00144	0.87829	0.00288	0.00144	0.00360
3	0.00646	0.00555	0.02153	0.05920	0.05975	0.00585	0.04905	0.06561	0.21311	0.01088	0.03203	0.28084	0.01290	0.04384	0.05203	0.00149	0.02939	0.03014	0.01648	0.00386
4	0.00441	0.00326	0.00400	0.00412	0.00485	0.00293	0.00301	0.00546	0.00787	0.02175	0.33710	0.26982	0.27315	0.00827	0.00399	0.00116	0.00176	0.03690	0.00328	0.00292
5	0.00986	0.21683	0.04229	0.03017	0.02725	0.34355	0.00628	0.04187	0.18745	0.00978	0.00708	0.02187	0.00582	0.00367	0.00316	0.00092	0.03322	0.00260	0.00203	0.00430
6	0.00435	0.00335	0.00374	0.00381	0.00476	0.00290	0.00284	0.00528	0.00761	0.03163	0.13769	0.15791	0.57019	0.00835	0.00395	0.00115	0.00178	0.04268	0.00316	0.00289
7	0.00737	0.00834	0.10403	0.00997	0.02774	0.02868	0.31833	0.02634	0.03482	0.03538	0.00730	0.02569	0.00623	0.03815	0.11362	0.00176	0.18204	0.01834	0.00182	0.00407
8	0.00479	0.00319	0.00359	0.00359	0.00359	0.00319	0.00199	0.00479	0.00479	0.00638	0.01037	0.02154	0.01197	0.88432	0.01675	0.00319	0.00319	0.00479	0.00199	0.00199
9	0.00867	0.00695	0.00917	0.18864	0.05775	0.01727	0.05025	0.26638	0.04101	0.04703	0.03621	0.03694	0.00728	0.07536	0.00466	0.00118	0.03740	0.00337	0.00243	0.10205
10	0.00734	0.00703	0.01201	0.36806	0.49151	0.00766	0.02647	0.00939	0.00709	0.00975	0.00603	0.00840	0.00486	0.00312	0.00340	0.00104	0.01778	0.00295	0.00156	0.00454
11	0.00696	0.00652	0.01097	0.28356	0.45470	0.00693	0.02799	0.00877	0.00698	0.00958	0.00775	0.08211	0.02094	0.04748	0.00404	0.00116	0.00386	0.00365	0.00174	0.00430
12	0.00639	0.00492	0.00578	0.00545	0.00670	0.00521	0.00429	0.01090	0.33575	0.03728	0.36921	0.02149	0.03391	0.00617	0.00376	0.00114	0.00222	0.13202	0.00343	0.00397
13	0.04560	0.19388	0.03610	0.01773	0.03310	0.06503	0.00553	0.09091	0.21856	0.12584	0.02066	0.02516	0.05250	0.01419	0.00324	0.00102	0.00322	0.04048	0.00269	0.00458
14	0.00421	0.00331	0.00381	0.00377	0.00467	0.00290	0.00279	0.00532	0.00814	0.01061	0.37000	0.09899	0.45405	0.00784	0.00391	0.00110	0.00164	0.00674	0.00329	0.00290
15	0.00771	0.02070	0.07312	0.14626	0.12484	0.00672	0.05517	0.14259	0.03094	0.05825	0.14836	0.02218	0.06675	0.00471	0.01510	0.00110	0.02732	0.00382	0.04010	0.00427
16	0.01964	0.14306	0.01098	0.10125	0.10147	0.02236	0.11617	0.06473	0.06473	0.09158	0.03940	0.06780	0.00855	0.01825	0.05621	0.00133	0.01657	0.04937	0.00229	0.00424
17	0.00411	0.00325	0.00370	0.00392	0.00472	0.00286	0.00288	0.00498	0.00733	0.00921	0.11070	0.24503	0.49471	0.02625	0.00427	0.00123	0.00184	0.06315	0.00309	0.00279
18	0.06339	0.00551	0.00714	0.18218	0.01030	0.00585	0.01481	0.13989	0.00857	0.22223	0.00962	0.02930	0.00736	0.01379	0.05200	0.01424	0.00335	0.02915	0.17711	0.00419
19	0.00426	0.00329	0.00374	0.00389	0.00463	0.00296	0.00282	0.00508	0.00714	0.00904	0.12439	0.14801	0.44139	0.14216	0.00595	0.00149	0.00204	0.08204	0.00296	0.00271
20	0.00480	0.00354	0.00492	0.00488	0.00527	0.00402	0.00357	0.00561	0.00513	0.00727	0.00915	0.01536	0.00924	0.28353	0.58758	0.00454	0.03322	0.00389	0.00182	0.00267
21	0.00682	0.00443	0.00532	0.00509	0.00610	0.00448	0.00374	0.02351	0.19523	0.13109	0.10670	0.28265	0.03827	0.13911	0.00573	0.00148	0.00240	0.03102	0.00317	0.00365
22	0.00992	0.53441	0.01419	0.00648	0.00908	0.08993	0.02151	0.21411	0.03113	0.01123	0.00584	0.00639	0.00483	0.00321	0.00255	0.00081	0.00373	0.00221	0.02393	0.00452
23	0.00482	0.00363	0.00517	0.00513	0.00560	0.00398	0.02145	0.00568	0.00564	0.00784	0.03334	0.13250	0.03378	0.18480	0.43382	0.01769	0.04161	0.04865	0.00211	0.00276
24	0.00742	0.01822	0.12093	0.03113	0.31001	0.04117	0.03712	0.05703	0.06769	0.01088	0.04724	0.04599	0.06636	0.05409	0.00418	0.00113	0.01615	0.00362	0.00209	0.05755
25	0.00838	0.00605	0.02971	0.03262	0.00860	0.04182	0.08424	0.10308	0.06666	0.19092	0.05844	0.29102	0.03918	0.00623	0.00370	0.00114	0.00299	0.01805	0.00307	0.00412
26	0.00880	0.88630	0.01725	0.00563	0.00845	0.01302	0.00563	0.00986	0.00669	0.00774	0.00458	0.00528	0.00422	0.00282	0.00211	0.00070	0.00352	0.00176	0.00141	0.00422
27	0.00679	0.09090	0.79503	0.00906	0.01375	0.00810	0.01161	0.01038	0.00693	0.01020	0.00579	0.00681	0.00417	0.00310	0.00304	0.00101	0.00475	0.00238	0.00139	0.00481
28	0.01251	0.00922	0.00988	0.00757	0.01021	0.01021	0.00626	0.85281	0.01548	0.02074	0.00790	0.00790	0.00560	0.00395	0.00329	0.00099	0.00362	0.00296	0.00329	0.00560
29	0.00470	0.00353	0.00529	0.00529	0.00588	0.00411	0.00411	0.00588	0.00529	0.00764	0.00882	0.01293	0.00823	0.02469	0.87127	0.00529	0.00882	0.00353	0.00176	0.00294
30	0.00849	0.00701	0.00745	0.00664	0.00853	0.00805	0.00518	0.03443	0.79969	0.04442	0.01324	0.01215	0.00987	0.00443	0.00333	0.00111	0.00262	0.00368	0.01448	0.00521
31	0.00713	0.00603	0.00699	0.00502	0.00793	0.00470	0.00402	0.05290	0.00728	0.01126	0.00596	0.00688	0.00491	0.00252	0.00248	0.00051	0.00250	0.00200	0.00202	0.85697
32	0.02062	0.00921	0.06118	0.07519	0.03069	0.07705	0.04079	0.39495	0.20476	0.01565	0.00860	0.00888	0.00634	0.00384	0.00325	0.00102	0.00373	0.00306	0.02617	0.00503
33	0.00679	0.00669	0.04007	0.30659	0.29829	0.01893	0.00808	0.00930	0.07815	0.01004	0.06771	0.07724	0.03488	0.00424	0.00353	0.00107	0.01839	0.00379	0.00200	0.00421
34	0.00413	0.00331	0.00368	0.00381	0.00471	0.00289	0.00285	0.00505	0.00750	0.00934	0.12501	0.13864	0.57247	0.02983	0.00429	0.00121	0.00183	0.07354	0.00309	0.00280
35	0.03642	0.00748	0.01008	0.05747	0.20272	0.00798	0.05707	0.32691	0.05062	0.05253	0.07921	0.03775	0.02775	0.00420	0.00357	0.00104	0.02612	0.00356	0.00269	0.00484
36	0.00432	0.00328	0.00379	0.00375	0.00452	0.00293	0.00269	0.00521	0.00760	0.00990	0.30657	0.08597	0.39593	0.11448	0.00575	0.02925	0.00187	0.00639	0.00307	0.00274
37	0.00613	0.00509	0.00779	0.33963	0.07368	0.00588	0.00653	0.06183	0.00686	0.01945	0.00901	0.11968	0.00859	0.03285	0.22831	0.00227	0.01815	0.04273	0.00199	0.00354
38	0.03648	0.00497	0.00642	0.00531	0.00715	0.00460	0.00426	0.05700	0.01734	0.47351	0.20184	0.06785	0.01403	0.00552	0.02164	0.00113	0.00257	0.01806	0.04573	0.00459
39	0.90757	0.00637	0.00484	0.00433	0.00637	0.00738	0.00356	0.00968	0.00560	0.01477	0.00458	0.00535	0.00356	0.00306	0.00204	0.00102	0.00255	0.00178	0.00204	0.00356
40	0.00953	0.02914	0.00859	0.00733	0.00902	0.19254	0.00584	0.16336	0.32782	0.02090	0.00962	0.01114	0.00781	0.00505	0.02529	0.00119	0.09814	0.06041	0.00268	0.00459
41	0.28772	0.02658	0.00819	0.00668	0.00863	0.15778	0.00540	0.31396	0.02280	0.01472	0.00613	0.00708	0.00482	0.02661	0.00391	0.00107	0.08871	0.00248	0.00238	0.00434

[dist]
# distance from previous block
# <min> <max>
0	1

[block]
# block no. 4 follows, 86 sequences, length 25
# corresponding to MSA columns:
# 543-567
name=unknown_E
#
# <colnr> <probs for GDERKNQSTAVLIFYWHMCP>
#	G	D	E	R	K	N	Q	S	T	A	V	L	I	F	Y	W	H	M	C	P
0	0.09572	0.00546	0.04832	0.00542	0.02376	0.00507	0.00422	0.02167	0.00624	0.03228	0.05090	0.03156	0.03020	0.25168	0.06812	0.00188	0.08875	0.03030	0.00212	0.19633
1	0.00980	0.01019	0.00998	0.00840	0.00984	0.29659	0.07920	0.17439	0.03783	0.01084	0.00658	0.05466	0.00579	0.00475	0.00559	0.03074	0.23560	0.00311	0.00206	0.00407
2	0.00934	0.75170	0.01602	0.00607	0.00872	0.14569	0.00574	0.01036	0.00710	0.00779	0.00466	0.00538	0.00423	0.00291	0.00224	0.00073	0.00389	0.00182	0.00145	0.00416
3	0.00584	0.00336	0.00436	0.00457	0.00526	0.00307	0.00325	0.00666	0.00709	0.14051	0.07164	0.58351	0.06996	0.00857	0.00390	0.00122	0.00198	0.00764	0.06445	0.00318
4	0.00672	0.03676	0.02739	0.04985	0.01118	0.03584	0.31998	0.03192	0.08388	0.01051	0.09442	0.03832	0.16548	0.04637	0.00432	0.00119	0.00375	0.02590	0.00236	0.00385
5	0.00609	0.05457	0.46675	0.00762	0.02622	0.00633	0.02974	0.00853	0.00658	0.00946	0.02560	0.09580	0.02400	0.11772	0.05695	0.00156	0.00429	0.00362	0.00177	0.04680
6	0.03544	0.00354	0.00452	0.04535	0.00563	0.00361	0.00329	0.00575	0.00677	0.00947	0.27373	0.04846	0.12470	0.20028	0.18421	0.03122	0.00363	0.00506	0.00257	0.00276
7	0.05976	0.02523	0.15247	0.15086	0.18877	0.02946	0.04366	0.03938	0.05861	0.10437	0.03700	0.05197	0.00718	0.00381	0.00322	0.00103	0.00372	0.00329	0.03172	0.00451
8	0.00714	0.01751	0.10292	0.00748	0.03753	0.00664	0.08955	0.04919	0.28166	0.03440	0.16755	0.05748	0.04717	0.00540	0.01715	0.00117	0.03284	0.03004	0.00283	0.00435
9	0.00496	0.00365	0.00531	0.00514	0.00592	0.00341	0.06492	0.00597	0.00735	0.02660	0.22516	0.30330	0.11675	0.02366	0.00485	0.06138	0.00229	0.10690	0.01956	0.00293
10	0.03066	0.09665	0.41742	0.00860	0.04874	0.04325	0.04700	0.09197	0.06795	0.02234	0.03726	0.00949	0.05093	0.00371	0.00315	0.00101	0.00411	0.00916	0.00198	0.00464
11	0.05286	0.01475	0.00417	0.00429	0.00478	0.00331	0.00299	0.00542	0.00673	0.00945	0.19613	0.38589	0.06587	0.18270	0.00649	0.00161	0.00218	0.04477	0.00289	0.00272
12	0.01595	0.07685	0.17336	0.08932	0.02572	0.14821	0.04817	0.05601	0.06678	0.01086	0.15923	0.03240	0.04831	0.00436	0.00337	0.00100	0.01515	0.00357	0.01732	0.00407
13	0.03318	0.03582	0.38066	0.00989	0.07643	0.18457	0.08369	0.06667	0.03545	0.02432	0.00619	0.00723	0.00467	0.00333	0.00340	0.00101	0.03454	0.00261	0.00175	0.00462
14	0.00630	0.00525	0.00625	0.00480	0.00718	0.00409	0.00379	0.00773	0.00719	0.01093	0.13175	0.05794	0.01015	0.00375	0.00283	0.00065	0.00230	0.03532	0.00230	0.68952
15	0.00938	0.06947	0.02692	0.08659	0.03966	0.19222	0.05822	0.19980	0.05351	0.03700	0.08882	0.01020	0.02378	0.00468	0.03410	0.00111	0.00409	0.00317	0.05298	0.00430
16	0.86244	0.00650	0.00490	0.00439	0.00639	0.02773	0.00360	0.00970	0.00572	0.01454	0.00476	0.00554	0.00371	0.00308	0.00207	0.00101	0.00260	0.00182	0.02593	0.00356
17	0.00572	0.00286	0.00429	0.00429	0.00429	0.00286	0.00286	0.00429	0.00429	0.00572	0.00572	0.01001	0.00572	0.01144	0.01286	0.90423	0.00286	0.00286	0.00143	0.00143
18	0.00574	0.00479	0.01908	0.00544	0.00674	0.00454	0.09013	0.06296	0.03883	0.02727	0.30314	0.03900	0.25872	0.05884	0.00479	0.00121	0.03352	0.00546	0.02639	0.00340
19	0.00817	0.08752	0.03859	0.04213	0.03073	0.02331	0.03857	0.02320	0.04914	0.15655	0.09542	0.05516	0.02942	0.02402	0.00571	0.03862	0.19859	0.03364	0.01754	0.00397
20	0.00448	0.00332	0.00380	0.00382	0.00468	0.00292	0.00277	0.00539	0.00757	0.03693	0.20713	0.17822	0.45253	0.06566	0.00477	0.00127	0.00182	0.00690	0.00314	0.00287
21	0.00781	0.15511	0.00928	0.05877	0.05913	0.03624	0.00522	0.05838	0.12636	0.02231	0.02092	0.00950	0.05003	0.00345	0.00281	0.00078	0.00299	0.01269	0.00220	0.35603
22	0.00449	0.00332	0.00390	0.00413	0.00458	0.00318	0.00276	0.00550	0.05239	0.00859	0.08589	0.35114	0.18526	0.26069	0.00768	0.00179	0.00224	0.00699	0.00281	0.00267
23	0.02526	0.08931	0.19165	0.09815	0.16298	0.07309	0.02131	0.07083	0.05951	0.05519	0.02556	0.03252	0.04184	0.00380	0.00316	0.00099	0.00388	0.01046	0.00206	0.02846
24	0.21154	0.46171	0.02654	0.00573	0.00816	0.06590	0.00525	0.03368	0.03578	0.03743	0.00535	0.00605	0.00449	0.00325	0.00274	0.01441	0.03206	0.00201	0.00179	0.03614

[dist]
# distance from previous block
# <min> <max>
3	125

[block]
# block no. 5 follows, 86 sequences, length 36
# corresponding to MSA columns:
# 710-745
name=unknown_F
#
# <colnr> <probs for GDERKNQSTAVLIFYWHMCP>
#	G	D	E	R	K	N	Q	S	T	A	V	L	I	F	Y	W	H	M	C	P
0	0.00672	0.00561	0.03647	0.02305	0.01567	0.00483	0.01114	0.07731	0.06978	0.04287	0.13657	0.17596	0.03497	0.00544	0.01671	0.00097	0.00257	0.00442	0.00269	0.32625
1	0.00495	0.00376	0.00454	0.00475	0.00545	0.01836	0.01641	0.02763	0.04877	0.03226	0.06431	0.52848	0.19613	0.00884	0.00401	0.00124	0.00209	0.02188	0.00309	0.00305
2	0.00755	0.02173	0.01083	0.34875	0.34132	0.06015	0.01654	0.01921	0.00728	0.02192	0.02483	0.00881	0.00558	0.00365	0.01782	0.00108	0.01962	0.00293	0.03743	0.02297
3	0.03257	0.00522	0.00581	0.00515	0.00672	0.00551	0.00403	0.01305	0.33633	0.18350	0.06092	0.02916	0.01042	0.00439	0.00303	0.00099	0.00224	0.00362	0.28294	0.00441
4	0.02360	0.00441	0.00656	0.07201	0.00742	0.00477	0.08954	0.00625	0.00551	0.00763	0.00920	0.01742	0.00971	0.43353	0.12509	0.03887	0.06940	0.06451	0.00190	0.00270
5	0.00471	0.00333	0.00434	0.00468	0.00515	0.00324	0.00349	0.00557	0.00678	0.00905	0.14731	0.21465	0.07167	0.18407	0.05263	0.03149	0.00280	0.23954	0.00280	0.00268
6	0.00420	0.00321	0.00367	0.00386	0.00462	0.00282	0.00275	0.00499	0.00720	0.02187	0.10488	0.30522	0.46518	0.04458	0.00451	0.00126	0.00181	0.00749	0.00308	0.00279
7	0.00745	0.00812	0.01684	0.20722	0.08112	0.00806	0.60105	0.01003	0.00748	0.01008	0.00644	0.00880	0.00488	0.00290	0.00371	0.00110	0.00517	0.00360	0.00162	0.00432
8	0.00447	0.00335	0.00390	0.00401	0.00483	0.00300	0.00299	0.00540	0.00747	0.02518	0.17156	0.14639	0.42288	0.08280	0.00509	0.00135	0.00198	0.09743	0.00308	0.00283
9	0.00972	0.00686	0.07442	0.05435	0.08509	0.00598	0.10393	0.06290	0.02172	0.31870	0.02239	0.07110	0.09383	0.00464	0.00369	0.00107	0.02986	0.00403	0.02108	0.00464
10	0.00455	0.00336	0.00394	0.00379	0.00458	0.00303	0.00274	0.00559	0.00794	0.02200	0.42253	0.02636	0.31544	0.15277	0.00601	0.00142	0.00188	0.00607	0.00316	0.00284
11	0.00516	0.00435	0.02759	0.00524	0.03188	0.00378	0.00383	0.02470	0.02263	0.00984	0.08966	0.39431	0.11219	0.02562	0.00411	0.00114	0.01990	0.03310	0.01992	0.16105
12	0.01014	0.00853	0.16827	0.00784	0.04807	0.00675	0.06854	0.19269	0.03928	0.26003	0.10253	0.01140	0.00925	0.04672	0.00403	0.00113	0.00349	0.00347	0.00295	0.00490
13	0.01230	0.01569	0.00933	0.00848	0.01018	0.87110	0.00636	0.01314	0.00933	0.00806	0.00509	0.00594	0.00424	0.00339	0.00297	0.00085	0.00594	0.00212	0.00170	0.00382
14	0.00712	0.00706	0.00985	0.00846	0.00846	0.00984	0.00702	0.00781	0.00503	0.00787	0.00453	0.00770	0.00459	0.03653	0.01101	0.00150	0.84765	0.00295	0.00146	0.00354
15	0.00728	0.01003	0.18572	0.01228	0.01567	0.00777	0.61653	0.01011	0.00753	0.01039	0.00743	0.05089	0.00611	0.00342	0.00377	0.00112	0.00515	0.03269	0.00172	0.00439
16	0.01178	0.01471	0.05049	0.00845	0.01029	0.70478	0.00667	0.09059	0.00956	0.00934	0.00535	0.00623	0.00437	0.00356	0.00342	0.00090	0.05144	0.00225	0.00182	0.00402
17	0.90757	0.00637	0.00484	0.00433	0.00637	0.00738	0.00356	0.00968	0.00560	0.01477	0.00458	0.00535	0.00356	0.00306	0.00204	0.00102	0.00255	0.00178	0.00204	0.00356
18	0.00763	0.00746	0.01192	0.32960	0.52125	0.04615	0.00959	0.00963	0.00725	0.00979	0.00602	0.00828	0.00487	0.00308	0.00326	0.00102	0.00417	0.00289	0.00157	0.00459
19	0.00896	0.84746	0.01690	0.00576	0.00853	0.05130	0.00566	0.01000	0.00681	0.00776	0.00460	0.00531	0.00422	0.00284	0.00215	0.00071	0.00363	0.00178	0.00142	0.00421
20	0.00843	0.00706	0.00743	0.00660	0.00848	0.00811	0.00516	0.08110	0.75529	0.01424	0.01286	0.01194	0.00963	0.00440	0.00330	0.00109	0.00264	0.00363	0.04346	0.00514
21	0.00720	0.00720	0.01008	0.00864	0.00864	0.01008	0.00720	0.00792	0.00504	0.00792	0.00432	0.00720	0.00432	0.00576	0.01080	0.00144	0.87829	0.00288	0.00144	0.00360
22	0.00440	0.00332	0.00413	0.00444	0.00516	0.00305	0.00340	0.00547	0.00760	0.00990	0.20412	0.25382	0.27634	0.00868	0.00412	0.00124	0.00201	0.19276	0.00317	0.00288
23	0.00622	0.00585	0.00987	0.87641	0.02267	0.00731	0.00914	0.00841	0.00658	0.00841	0.00585	0.00878	0.00439	0.00329	0.00329	0.00110	0.00439	0.00293	0.00146	0.00366
24	0.42084	0.00695	0.00949	0.02083	0.00987	0.02061	0.23911	0.03207	0.00688	0.07790	0.00690	0.06086	0.00567	0.00367	0.00323	0.00107	0.04086	0.00308	0.02617	0.00396
25	0.00434	0.00333	0.00375	0.00389	0.00474	0.00293	0.00287	0.00519	0.00728	0.02463	0.08973	0.17172	0.51538	0.07175	0.00491	0.00132	0.00194	0.07444	0.00304	0.00280
26	0.00744	0.00729	0.01263	0.33842	0.45271	0.01845	0.09624	0.00955	0.00721	0.00983	0.00610	0.00843	0.00487	0.00306	0.00333	0.00103	0.00428	0.00302	0.00157	0.00454
27	0.00435	0.00333	0.00383	0.00377	0.00469	0.00295	0.00284	0.00552	0.00816	0.01081	0.36707	0.06260	0.42717	0.00757	0.00384	0.00108	0.00166	0.02949	0.04635	0.00293
28	0.00512	0.00402	0.00545	0.01863	0.00577	0.00473	0.00393	0.00583	0.00536	0.00761	0.01028	0.12671	0.03213	0.25587	0.31112	0.00322	0.16133	0.00458	0.02555	0.00277
29	0.21713	0.00703	0.00760	0.00610	0.00843	0.00746	0.00499	0.28385	0.10212	0.28211	0.03452	0.00931	0.00716	0.00392	0.00303	0.00102	0.00295	0.00297	0.00327	0.00502
30	0.00712	0.02383	0.00804	0.09702	0.08031	0.01586	0.02209	0.02118	0.00703	0.03470	0.00710	0.03457	0.02136	0.02222	0.00321	0.00075	0.01953	0.00263	0.01284	0.55861
31	0.03283	0.15251	0.04081	0.06798	0.06318	0.02450	0.02021	0.12357	0.09738	0.05708	0.13710	0.02870	0.08397	0.00460	0.00321	0.00099	0.00305	0.02040	0.01500	0.02293
32	0.04118	0.09437	0.26793	0.06553	0.04952	0.10503	0.05853	0.13643	0.05948	0.01159	0.00731	0.02391	0.02615	0.00359	0.00322	0.00099	0.01769	0.00284	0.00197	0.02275
33	0.04432	0.14645	0.14827	0.04150	0.09559	0.08488	0.05977	0.12925	0.07101	0.05749	0.00817	0.00882	0.04551	0.00362	0.00318	0.00097	0.01915	0.00287	0.01217	0.01700
34	0.02227	0.00699	0.02635	0.12119	0.10578	0.00737	0.05319	0.19024	0.15236	0.03652	0.04479	0.03535	0.03391	0.02922	0.02054	0.00119	0.03560	0.01818	0.01151	0.04744
35	0.04630	0.07144	0.03368	0.10284	0.00980	0.04146	0.01349	0.21337	0.03969	0.06529	0.09043	0.07358	0.00943	0.02266	0.02028	0.00112	0.03516	0.01653	0.01545	0.07799

[dist]
# distance from previous block
# <min> <max>
10	189

# created by:
# /home/simao/soft/augustus-3.0.3/scripts/msa2prfl.pl ./prep/80665.aln
