[name]
unknown

[dist]
# distance from previous block
# <min> <max>
2	383

[block]
# block no. 0 follows, 81 sequences, length 20
# corresponding to MSA columns:
# 413-432
name=unknown_A
#
# <colnr> <probs for GDERKNQSTAVLIFYWHMCP>
#	G	D	E	R	K	N	Q	S	T	A	V	L	I	F	Y	W	H	M	C	P
0	0.00820	0.25261	0.04720	0.09190	0.13811	0.02085	0.04179	0.05979	0.00838	0.05243	0.16217	0.04936	0.02282	0.00443	0.00348	0.00101	0.02507	0.00369	0.00231	0.00440
1	0.00901	0.13062	0.22336	0.03273	0.25058	0.06735	0.00894	0.08420	0.02556	0.05787	0.00812	0.00980	0.03094	0.00376	0.00327	0.00103	0.00421	0.03307	0.01060	0.00497
2	0.07805	0.28447	0.06291	0.00726	0.00982	0.12187	0.06990	0.08147	0.11004	0.03375	0.02941	0.02138	0.04640	0.00392	0.00309	0.00097	0.01262	0.00300	0.00224	0.01744
3	0.06938	0.02022	0.14976	0.02265	0.08695	0.00725	0.05997	0.06500	0.21381	0.10391	0.01117	0.15522	0.00964	0.00500	0.00353	0.00115	0.00345	0.00433	0.00277	0.00482
4	0.00705	0.00675	0.01185	0.20480	0.28013	0.00683	0.16278	0.00902	0.00753	0.01039	0.04375	0.15513	0.00925	0.00456	0.00368	0.00111	0.00397	0.00445	0.00204	0.06492
5	0.00652	0.00613	0.01025	0.78823	0.06620	0.00749	0.00934	0.00875	0.00700	0.00898	0.00742	0.01023	0.04195	0.00367	0.00348	0.00115	0.00445	0.00326	0.00162	0.00388
6	0.00617	0.00354	0.00475	0.00508	0.00573	0.00324	0.00361	0.00695	0.00728	0.15176	0.03476	0.68320	0.02053	0.00960	0.00426	0.00135	0.00220	0.03925	0.00340	0.00334
7	0.00425	0.00351	0.00382	0.00383	0.00486	0.00310	0.00286	0.00518	0.00762	0.00937	0.07843	0.05631	0.66899	0.02891	0.10177	0.00171	0.00263	0.00685	0.00307	0.00293
8	0.00545	0.00418	0.00507	0.00473	0.00576	0.00413	0.00358	0.00838	0.15081	0.01360	0.64934	0.02422	0.09380	0.00680	0.00398	0.00111	0.00182	0.00594	0.00371	0.00360
9	0.00481	0.00358	0.00453	0.00454	0.00539	0.00329	0.00352	0.00625	0.00896	0.01216	0.51699	0.06473	0.19372	0.00797	0.00421	0.00120	0.00193	0.14552	0.00356	0.00316
10	0.00494	0.00377	0.00462	0.00512	0.00566	0.00378	0.00356	0.00709	0.14838	0.00979	0.01895	0.69190	0.05980	0.00970	0.00424	0.00135	0.00211	0.00871	0.00326	0.00326
11	0.00864	0.06549	0.38989	0.00793	0.01128	0.00784	0.00855	0.20728	0.00945	0.06988	0.00936	0.15372	0.00820	0.00481	0.00344	0.00110	0.00397	0.00394	0.02035	0.00487
12	0.20591	0.00859	0.01168	0.18607	0.08076	0.12863	0.22475	0.01041	0.00752	0.01112	0.00679	0.01000	0.00569	0.00373	0.00357	0.00113	0.02686	0.06078	0.00189	0.00414
13	0.01419	0.00750	0.00793	0.00638	0.00874	0.14934	0.00514	0.03376	0.00977	0.62139	0.01191	0.01086	0.00783	0.00413	0.00332	0.00101	0.00339	0.00323	0.08486	0.00532
14	0.00998	0.00768	0.00880	0.00704	0.00911	0.04390	0.07066	0.42185	0.04981	0.01717	0.15101	0.01223	0.01098	0.00452	0.00342	0.00101	0.00327	0.00373	0.15906	0.00478
15	0.00458	0.00304	0.00388	0.00454	0.00485	0.00288	0.00307	0.00535	0.00672	0.00950	0.01774	0.73139	0.02050	0.00968	0.00407	0.00130	0.00194	0.00871	0.15337	0.00288
16	0.00793	0.01763	0.71786	0.00969	0.01423	0.15183	0.01174	0.01142	0.00771	0.01052	0.00606	0.00711	0.00439	0.00333	0.00325	0.00106	0.00529	0.00250	0.00151	0.00492
17	0.00997	0.00814	0.00927	0.00948	0.15156	0.05285	0.00645	0.15786	0.42582	0.08041	0.02632	0.01157	0.02585	0.00436	0.00349	0.00110	0.00331	0.00362	0.00317	0.00540
18	0.00628	0.00428	0.00584	0.00536	0.00610	0.00460	0.01269	0.00737	0.00720	0.09458	0.25663	0.03093	0.04035	0.16638	0.23634	0.00273	0.10150	0.00477	0.00272	0.00332
19	0.00841	0.00757	0.01280	0.23118	0.60619	0.00791	0.01007	0.01048	0.00773	0.05470	0.00678	0.00888	0.00542	0.00323	0.00343	0.00106	0.00417	0.00310	0.00180	0.00509

[dist]
# distance from previous block
# <min> <max>
1	22

[block]
# block no. 1 follows, 81 sequences, length 23
# corresponding to MSA columns:
# 455-477
name=unknown_B
#
# <colnr> <probs for GDERKNQSTAVLIFYWHMCP>
#	G	D	E	R	K	N	Q	S	T	A	V	L	I	F	Y	W	H	M	C	P
0	0.59980	0.07636	0.15089	0.00601	0.00869	0.04595	0.02003	0.01054	0.00646	0.02563	0.00522	0.00610	0.00404	0.00328	0.00260	0.00105	0.01923	0.00208	0.00197	0.00408
1	0.08546	0.19707	0.10162	0.02687	0.34589	0.05611	0.02956	0.02189	0.00777	0.04085	0.03825	0.00817	0.00604	0.00337	0.00319	0.00098	0.01746	0.00277	0.00186	0.00484
2	0.00887	0.05213	0.14371	0.04216	0.31448	0.02329	0.00876	0.10448	0.17141	0.03031	0.02959	0.00947	0.00695	0.00379	0.00366	0.00107	0.03520	0.00317	0.00230	0.00522
3	0.00497	0.00357	0.00487	0.00487	0.00525	0.00395	0.00347	0.00573	0.00535	0.00752	0.00987	0.01701	0.01013	0.35067	0.54218	0.00471	0.00700	0.00420	0.00194	0.00271
4	0.00908	0.01145	0.33922	0.00885	0.01229	0.02485	0.12633	0.11593	0.04980	0.13867	0.11922	0.01104	0.00930	0.00405	0.00356	0.00109	0.00418	0.00352	0.00258	0.00501
5	0.00419	0.00306	0.00395	0.00466	0.00497	0.00282	0.00314	0.00483	0.00676	0.00888	0.02087	0.77956	0.11844	0.01058	0.00437	0.00138	0.00198	0.00953	0.00321	0.00282
6	0.00421	0.00301	0.00401	0.00481	0.00501	0.00281	0.00321	0.00481	0.00661	0.00882	0.01904	0.87634	0.02285	0.01082	0.00441	0.00140	0.00200	0.00982	0.00321	0.00281
7	0.01293	0.01569	0.00986	0.00879	0.01068	0.76670	0.00666	0.10927	0.01053	0.00998	0.00568	0.00647	0.00461	0.00363	0.00315	0.00091	0.00595	0.00233	0.00197	0.00422
8	0.00842	0.00536	0.00568	0.00480	0.00636	0.00554	0.00380	0.25543	0.00999	0.01542	0.04042	0.01156	0.00855	0.00406	0.00279	0.00086	0.00233	0.00321	0.53326	0.07218
9	0.00924	0.88067	0.01810	0.00591	0.00887	0.01367	0.00591	0.01034	0.00702	0.00813	0.00480	0.00554	0.00443	0.00296	0.00222	0.00074	0.00369	0.00185	0.00148	0.00443
10	0.00826	0.42292	0.14046	0.15477	0.12566	0.01072	0.07320	0.01027	0.00724	0.00931	0.00563	0.00711	0.00465	0.00310	0.00289	0.00093	0.00428	0.00249	0.00154	0.00459
11	0.00756	0.00756	0.01058	0.00907	0.00907	0.01058	0.00756	0.00831	0.00529	0.00831	0.00453	0.00756	0.00453	0.00605	0.01134	0.00151	0.87227	0.00302	0.00151	0.00378
12	0.00826	0.00661	0.01119	0.01168	0.25394	0.00624	0.19240	0.02850	0.00836	0.14154	0.02827	0.08159	0.19570	0.00516	0.00381	0.00112	0.00358	0.00486	0.00263	0.00456
13	0.35339	0.05642	0.00879	0.02223	0.02507	0.20352	0.02304	0.11416	0.02272	0.04473	0.00592	0.00682	0.00466	0.00374	0.00361	0.00106	0.09126	0.00240	0.00220	0.00427
14	0.00485	0.00395	0.00538	0.05141	0.00675	0.00371	0.05685	0.00594	0.00756	0.00975	0.14877	0.16376	0.32407	0.12236	0.00592	0.00151	0.00250	0.06897	0.00297	0.00302
15	0.00487	0.00349	0.00445	0.00498	0.00558	0.00328	0.00369	0.02339	0.00738	0.02599	0.02142	0.51980	0.17107	0.00992	0.00439	0.00138	0.00225	0.17641	0.00323	0.00303
16	0.00741	0.00621	0.01014	0.36830	0.28528	0.00673	0.00834	0.00928	0.00752	0.07317	0.03641	0.12455	0.03281	0.00463	0.00361	0.00114	0.00380	0.00421	0.00214	0.00433
17	0.00867	0.00858	0.01346	0.08764	0.73586	0.06402	0.01027	0.01067	0.00792	0.01091	0.00639	0.00845	0.00534	0.00314	0.00340	0.00103	0.00428	0.00302	0.00170	0.00525
18	0.00888	0.00834	0.00873	0.00784	0.00928	0.21161	0.08137	0.07616	0.04239	0.05624	0.01146	0.05361	0.01124	0.05976	0.00538	0.00139	0.07235	0.26744	0.00261	0.00393
19	0.39587	0.03189	0.00917	0.00963	0.18406	0.24947	0.03118	0.03233	0.00775	0.01248	0.00546	0.00657	0.00441	0.00329	0.00277	0.00100	0.00412	0.00232	0.00195	0.00427
20	0.00676	0.00633	0.01064	0.68756	0.15641	0.00752	0.00941	0.00899	0.00722	0.00949	0.05186	0.01000	0.00625	0.00359	0.00348	0.00113	0.00436	0.00324	0.00169	0.00407
21	0.00921	0.73787	0.10773	0.00648	0.00962	0.04219	0.00669	0.03056	0.00736	0.00877	0.00505	0.00582	0.00446	0.00304	0.00239	0.00079	0.00393	0.00197	0.00153	0.00453
22	0.00587	0.00484	0.00541	0.00443	0.00647	0.00392	0.00345	0.00740	0.03809	0.02847	0.06534	0.02031	0.39284	0.00572	0.00339	0.00088	0.00216	0.00475	0.00277	0.39351

[dist]
# distance from previous block
# <min> <max>
0	2

[block]
# block no. 2 follows, 81 sequences, length 24
# corresponding to MSA columns:
# 480-503
name=unknown_C
#
# <colnr> <probs for GDERKNQSTAVLIFYWHMCP>
#	G	D	E	R	K	N	Q	S	T	A	V	L	I	F	Y	W	H	M	C	P
0	0.01088	0.00481	0.00623	0.00517	0.00696	0.00436	0.00410	0.01237	0.02348	0.46692	0.14903	0.01558	0.04303	0.04778	0.03912	0.00133	0.00275	0.00411	0.14737	0.00462
1	0.00652	0.00614	0.01036	0.87029	0.02379	0.00768	0.00959	0.00883	0.00691	0.00883	0.00614	0.00921	0.00461	0.00345	0.00345	0.00115	0.00461	0.00307	0.00154	0.00384
2	0.00716	0.00614	0.00716	0.00512	0.00819	0.00461	0.00409	0.00870	0.00716	0.01126	0.00614	0.00716	0.00512	0.00256	0.00256	0.00051	0.00256	0.00205	0.00205	0.89971
3	0.00924	0.88067	0.01810	0.00591	0.00887	0.01367	0.00591	0.01034	0.00702	0.00813	0.00480	0.00554	0.00443	0.00296	0.00222	0.00074	0.00369	0.00185	0.00148	0.00443
4	0.00408	0.00350	0.00350	0.00350	0.00467	0.00292	0.00262	0.00496	0.00787	0.00933	0.03500	0.03325	0.85564	0.00875	0.00408	0.00117	0.00175	0.00729	0.00321	0.00292
5	0.00874	0.00678	0.00741	0.00667	0.00850	0.00760	0.00517	0.03404	0.65213	0.08662	0.03854	0.09961	0.01214	0.00532	0.00362	0.00118	0.00267	0.00451	0.00356	0.00518
6	0.00756	0.00756	0.01058	0.00907	0.00907	0.01058	0.00756	0.00831	0.00529	0.00831	0.00453	0.00756	0.00453	0.00605	0.01134	0.00151	0.87227	0.00302	0.00151	0.00378
7	0.00815	0.00932	0.02038	0.01456	0.01805	0.00874	0.84450	0.01107	0.00815	0.01107	0.00699	0.00932	0.00524	0.00291	0.00408	0.00116	0.00582	0.00408	0.00175	0.00466
8	0.00749	0.00423	0.00434	0.00396	0.00507	0.00439	0.00307	0.13933	0.00866	0.01427	0.01080	0.01216	0.00839	0.00404	0.00258	0.00084	0.00195	0.00320	0.75758	0.00364
9	0.00425	0.00304	0.00406	0.00486	0.00508	0.00284	0.00328	0.00488	0.00665	0.00886	0.01902	0.85092	0.02276	0.01078	0.00442	0.00141	0.00204	0.03483	0.00321	0.00282
10	0.00421	0.00301	0.00401	0.00481	0.00501	0.00281	0.00321	0.00481	0.00661	0.00882	0.01904	0.87634	0.02285	0.01082	0.00441	0.00140	0.00200	0.00982	0.00321	0.00281
11	0.00738	0.00621	0.00687	0.00680	0.00822	0.04129	0.00556	0.01305	0.43112	0.01233	0.01564	0.02455	0.01457	0.00686	0.00407	0.00135	0.00308	0.38340	0.00329	0.00436
12	0.00421	0.00301	0.00401	0.00481	0.00501	0.00281	0.00321	0.00481	0.00661	0.00882	0.01904	0.87634	0.02285	0.01082	0.00441	0.00140	0.00200	0.00982	0.00321	0.00281
13	0.00464	0.00330	0.00443	0.00518	0.00553	0.00316	0.00380	0.00548	0.00689	0.00911	0.01834	0.59239	0.02141	0.06227	0.00530	0.00157	0.00241	0.23879	0.00313	0.00287
14	0.00924	0.88067	0.01810	0.00591	0.00887	0.01367	0.00591	0.01034	0.00702	0.00813	0.00480	0.00554	0.00443	0.00296	0.00222	0.00074	0.00369	0.00185	0.00148	0.00443
15	0.01320	0.00956	0.01030	0.00789	0.01066	0.01054	0.00652	0.82077	0.01605	0.04679	0.00845	0.00840	0.00595	0.00415	0.00346	0.00104	0.00378	0.00312	0.00348	0.00588
16	0.00716	0.00614	0.00716	0.00512	0.00819	0.00461	0.00409	0.00870	0.00716	0.01126	0.00614	0.00716	0.00512	0.00256	0.00256	0.00051	0.00256	0.00205	0.00205	0.89971
17	0.00426	0.00322	0.00394	0.00436	0.00493	0.00290	0.00304	0.00508	0.00740	0.00963	0.13306	0.51442	0.27183	0.00971	0.00427	0.00129	0.00188	0.00860	0.00329	0.00290
18	0.01291	0.01626	0.00981	0.00887	0.01068	0.83922	0.00667	0.03864	0.00998	0.00885	0.00543	0.00629	0.00449	0.00358	0.00313	0.00089	0.00616	0.00225	0.00183	0.00406
19	0.00752	0.00716	0.01217	0.45092	0.43534	0.00794	0.01009	0.00970	0.00738	0.01004	0.00632	0.00888	0.00503	0.00327	0.00344	0.00109	0.00436	0.00307	0.00162	0.00464
20	0.01518	0.00581	0.00791	0.00609	0.00871	0.00502	0.00502	0.01652	0.00988	0.83376	0.03919	0.01218	0.00928	0.00436	0.00349	0.00107	0.00290	0.00356	0.00426	0.00580
21	0.83456	0.02802	0.00566	0.00478	0.00695	0.02859	0.00395	0.03422	0.00630	0.01533	0.00492	0.00570	0.00384	0.00324	0.00220	0.00106	0.00281	0.00191	0.00215	0.00383
22	0.00627	0.00551	0.00886	0.09205	0.36953	0.00556	0.00695	0.00765	0.00717	0.00987	0.01250	0.42644	0.01376	0.00684	0.00390	0.00122	0.00314	0.00632	0.00241	0.00404
23	0.00421	0.00301	0.00401	0.00481	0.00501	0.00281	0.00321	0.00481	0.00661	0.00882	0.01904	0.87634	0.02285	0.01082	0.00441	0.00140	0.00200	0.00982	0.00321	0.00281

[dist]
# distance from previous block
# <min> <max>
0	1

[block]
# block no. 3 follows, 81 sequences, length 44
# corresponding to MSA columns:
# 505-548
name=unknown_D
#
# <colnr> <probs for GDERKNQSTAVLIFYWHMCP>
#	G	D	E	R	K	N	Q	S	T	A	V	L	I	F	Y	W	H	M	C	P
0	0.00807	0.00915	0.01985	0.05993	0.01836	0.00868	0.80023	0.01095	0.00809	0.01095	0.00694	0.00931	0.00521	0.00294	0.00404	0.00116	0.00576	0.00402	0.00174	0.00462
1	0.00470	0.00352	0.00435	0.00414	0.00504	0.00318	0.00311	0.00614	0.00932	0.01277	0.65857	0.02759	0.22992	0.00747	0.00408	0.00111	0.00166	0.00650	0.00366	0.00318
2	0.00495	0.00365	0.00528	0.00528	0.00581	0.00417	0.00398	0.00600	0.00547	0.00782	0.00950	0.01494	0.00923	0.15468	0.73694	0.00522	0.00836	0.00390	0.00189	0.00293
3	0.00427	0.00350	0.00370	0.00365	0.00470	0.00300	0.00270	0.00522	0.00804	0.00994	0.16957	0.03145	0.67462	0.05459	0.00480	0.00127	0.00181	0.00700	0.00325	0.00293
4	0.00784	0.00794	0.02332	0.13076	0.04229	0.00952	0.20857	0.02527	0.00661	0.02582	0.00568	0.00834	0.00485	0.00473	0.00783	0.00134	0.47018	0.00329	0.00167	0.00415
5	0.00878	0.00751	0.00792	0.00707	0.00905	0.00868	0.00551	0.05260	0.81625	0.01475	0.01382	0.01270	0.01035	0.00466	0.00351	0.00117	0.00278	0.00387	0.00351	0.00548
6	0.02228	0.01004	0.22136	0.03394	0.01185	0.00760	0.07300	0.21951	0.02460	0.29919	0.03542	0.00990	0.00719	0.00395	0.00347	0.00108	0.00392	0.00326	0.00304	0.00542
7	0.00854	0.00813	0.01296	0.15876	0.63827	0.04335	0.01002	0.01066	0.02076	0.02996	0.00663	0.00868	0.00542	0.00327	0.00356	0.00105	0.02004	0.00306	0.00177	0.00512
8	0.35784	0.01239	0.00811	0.00763	0.03816	0.50309	0.00567	0.01227	0.00821	0.01128	0.00517	0.00607	0.00421	0.00341	0.00275	0.00096	0.00478	0.00212	0.00192	0.00395
9	0.00546	0.00373	0.00479	0.00443	0.00538	0.00343	0.00335	0.01945	0.00975	0.05402	0.74553	0.02539	0.08809	0.00700	0.00404	0.00109	0.00173	0.00614	0.00378	0.00340
10	0.00421	0.00302	0.00399	0.00477	0.00500	0.00281	0.00319	0.00481	0.00665	0.00883	0.01952	0.85114	0.04774	0.01076	0.00440	0.00140	0.00200	0.00975	0.00321	0.00281
11	0.00416	0.00350	0.00360	0.00358	0.00471	0.00295	0.00268	0.00510	0.00805	0.00976	0.11190	0.03255	0.77847	0.00859	0.00408	0.00116	0.00174	0.00719	0.00326	0.00295
12	0.00712	0.06292	0.75725	0.02536	0.04395	0.00833	0.02656	0.01086	0.00731	0.01077	0.00615	0.00731	0.00444	0.00325	0.00325	0.00108	0.00500	0.00257	0.00147	0.00505
13	0.00480	0.00355	0.00435	0.00415	0.00507	0.00318	0.00311	0.00621	0.00922	0.02381	0.61021	0.03896	0.25559	0.00753	0.00407	0.00111	0.00168	0.00654	0.00364	0.00320
14	0.01266	0.03126	0.01012	0.00863	0.01058	0.61617	0.00667	0.20377	0.01102	0.01149	0.00597	0.00675	0.00478	0.00379	0.00353	0.00095	0.04284	0.00245	0.00215	0.00443
15	0.00716	0.00614	0.00716	0.00512	0.00819	0.00461	0.00409	0.00870	0.00716	0.01126	0.00614	0.00716	0.00512	0.00256	0.00256	0.00051	0.00256	0.00205	0.00205	0.89971
16	0.03972	0.00843	0.01412	0.01103	0.03857	0.00880	0.39788	0.09232	0.23954	0.02438	0.00897	0.01003	0.00678	0.00378	0.00422	0.00116	0.06212	0.00374	0.01950	0.00492
17	0.00651	0.00516	0.00585	0.00539	0.00670	0.00551	0.00413	0.01156	0.36643	0.01387	0.42046	0.01994	0.05519	0.00596	0.00375	0.00111	0.00210	0.00514	0.05105	0.00418
18	0.00652	0.00614	0.01036	0.87029	0.02379	0.00768	0.00959	0.00883	0.00691	0.00883	0.00614	0.00921	0.00461	0.00345	0.00345	0.00115	0.00461	0.00307	0.00154	0.00384
19	0.00409	0.00348	0.00352	0.00354	0.00468	0.00291	0.00264	0.00495	0.00783	0.00931	0.03444	0.06239	0.82685	0.00882	0.00409	0.00117	0.00176	0.00738	0.00321	0.00291
20	0.00716	0.00614	0.00716	0.00512	0.00819	0.00461	0.00409	0.00870	0.00716	0.01126	0.00614	0.00716	0.00512	0.00256	0.00256	0.00051	0.00256	0.00205	0.00205	0.89971
21	0.00652	0.00614	0.01036	0.87029	0.02379	0.00768	0.00959	0.00883	0.00691	0.00883	0.00614	0.00921	0.00461	0.00345	0.00345	0.00115	0.00461	0.00307	0.00154	0.00384
22	0.00859	0.00742	0.00781	0.00703	0.00898	0.00859	0.00547	0.01836	0.85080	0.01445	0.01406	0.01289	0.01055	0.00469	0.00352	0.00117	0.00273	0.00391	0.00352	0.00547
23	0.00502	0.00336	0.00383	0.00383	0.00385	0.00338	0.00217	0.00507	0.00504	0.00675	0.01083	0.02228	0.01242	0.84766	0.04832	0.00343	0.00356	0.00498	0.00208	0.00213
24	0.00881	0.20452	0.03583	0.02901	0.57368	0.00945	0.00925	0.02787	0.03988	0.02063	0.00651	0.00805	0.00543	0.00316	0.00315	0.00097	0.00397	0.00282	0.00178	0.00522
25	0.00652	0.00614	0.01036	0.87029	0.02379	0.00768	0.00959	0.00883	0.00691	0.00883	0.00614	0.00921	0.00461	0.00345	0.00345	0.00115	0.00461	0.00307	0.00154	0.00384
26	0.00502	0.00335	0.00377	0.00377	0.00377	0.00335	0.00209	0.00502	0.00502	0.00670	0.01088	0.02261	0.01256	0.87859	0.01758	0.00335	0.00335	0.00502	0.00209	0.00209
27	0.01210	0.00619	0.00727	0.00580	0.00794	0.00617	0.00471	0.25601	0.01095	0.36146	0.01137	0.01108	0.00786	0.00416	0.00315	0.00098	0.00279	0.00329	0.27164	0.00508
28	0.88237	0.00675	0.00520	0.00462	0.00677	0.00782	0.00381	0.02952	0.00612	0.01564	0.00489	0.00567	0.00379	0.00323	0.00217	0.00107	0.00270	0.00190	0.00217	0.00379
29	0.00421	0.00301	0.00401	0.00481	0.00501	0.00281	0.00321	0.00481	0.00661	0.00882	0.01904	0.87634	0.02285	0.01082	0.00441	0.00140	0.00200	0.00982	0.00321	0.00281
30	0.00557	0.00398	0.00557	0.00636	0.00716	0.00398	0.00557	0.00716	0.00795	0.01034	0.01829	0.03897	0.01988	0.00954	0.00477	0.00159	0.00318	0.83379	0.00318	0.00318
31	0.00489	0.00353	0.00462	0.00435	0.00516	0.00326	0.00326	0.00652	0.00978	0.01385	0.85522	0.02581	0.03260	0.00706	0.00407	0.00109	0.00163	0.00625	0.00380	0.00326
32	0.00815	0.00932	0.02038	0.01456	0.01805	0.00874	0.84450	0.01107	0.00815	0.01107	0.00699	0.00932	0.00524	0.00291	0.00408	0.00116	0.00582	0.00408	0.00175	0.00466
33	0.00421	0.00301	0.00401	0.00481	0.00501	0.00281	0.00321	0.00481	0.00661	0.00882	0.01904	0.87634	0.02285	0.01082	0.00441	0.00140	0.00200	0.00982	0.00321	0.00281
34	0.00421	0.00301	0.00401	0.00481	0.00501	0.00281	0.00321	0.00481	0.00661	0.00882	0.01904	0.87634	0.02285	0.01082	0.00441	0.00140	0.00200	0.00982	0.00321	0.00281
35	0.00774	0.02557	0.01092	0.00912	0.00929	0.03168	0.02513	0.00855	0.00550	0.00837	0.00461	0.00752	0.00455	0.00586	0.01080	0.00147	0.81499	0.00300	0.00152	0.00382
36	0.00807	0.00797	0.02951	0.20390	0.64236	0.00810	0.02930	0.01024	0.00766	0.01074	0.00643	0.00869	0.00526	0.00316	0.00344	0.00106	0.00427	0.00309	0.00167	0.00509
37	0.00460	0.00335	0.00438	0.00491	0.00509	0.00337	0.00333	0.00514	0.00631	0.00846	0.01671	0.63268	0.01982	0.17370	0.00727	0.00178	0.04782	0.04565	0.00291	0.00274
38	0.03063	0.00961	0.01073	0.00824	0.01093	0.03856	0.06545	0.71554	0.01493	0.02006	0.00812	0.00855	0.00590	0.01868	0.00368	0.00108	0.00396	0.00316	0.01661	0.00558
39	0.00427	0.00351	0.00377	0.00370	0.00478	0.00300	0.00278	0.00533	0.00833	0.01041	0.22972	0.03148	0.66024	0.00835	0.00408	0.00115	0.00172	0.00704	0.00335	0.00300
40	0.00679	0.00644	0.01071	0.72712	0.09803	0.00795	0.00953	0.00895	0.00687	0.00901	0.00605	0.00902	0.00468	0.00362	0.00406	0.00117	0.07143	0.00307	0.00155	0.00398
41	0.06821	0.00764	0.00890	0.00686	0.00954	0.00778	0.00567	0.39024	0.01251	0.43044	0.01069	0.00982	0.00705	0.00415	0.00338	0.00105	0.00331	0.00321	0.00378	0.00575
42	0.02347	0.00667	0.04720	0.00626	0.00832	0.02173	0.00520	0.06959	0.23146	0.28274	0.20743	0.03341	0.01463	0.00519	0.00363	0.00111	0.00278	0.02057	0.00366	0.00495
43	0.05487	0.33516	0.08163	0.00774	0.01036	0.33884	0.03566	0.05325	0.03559	0.00982	0.00567	0.00645	0.00470	0.00334	0.00281	0.00089	0.00478	0.00226	0.00180	0.00440

[dist]
# distance from previous block
# <min> <max>
1	2

[block]
# block no. 4 follows, 81 sequences, length 33
# corresponding to MSA columns:
# 551-556,558-584
name=unknown_E
#
# <colnr> <probs for GDERKNQSTAVLIFYWHMCP>
#	G	D	E	R	K	N	Q	S	T	A	V	L	I	F	Y	W	H	M	C	P
0	0.01959	0.02570	0.09102	0.04322	0.04548	0.06086	0.12559	0.16838	0.05901	0.01310	0.00706	0.00806	0.00545	0.00324	0.00316	0.00088	0.00390	0.00278	0.00224	0.31127
1	0.00698	0.01180	0.39956	0.04195	0.02980	0.00723	0.21149	0.01000	0.00786	0.02343	0.11311	0.01295	0.02296	0.00427	0.00386	0.00116	0.02149	0.06355	0.00202	0.00454
2	0.00833	0.00796	0.01355	0.07605	0.78134	0.00805	0.01035	0.01038	0.00785	0.01119	0.02786	0.00903	0.00610	0.00320	0.00344	0.00104	0.00407	0.00316	0.00175	0.00531
3	0.00421	0.00301	0.00401	0.00481	0.00501	0.00281	0.00321	0.00481	0.00661	0.00882	0.01904	0.87634	0.02285	0.01082	0.00441	0.00140	0.00200	0.00982	0.00321	0.00281
4	0.00439	0.00316	0.00421	0.00498	0.00530	0.00297	0.00352	0.00514	0.00684	0.00905	0.01946	0.73175	0.05002	0.01058	0.00445	0.00142	0.00216	0.12454	0.00320	0.00286
5	0.00843	0.00820	0.04098	0.20191	0.58149	0.00829	0.01013	0.07820	0.00832	0.01160	0.00656	0.00863	0.00528	0.00325	0.00343	0.00106	0.00422	0.00306	0.00181	0.00514
6	0.00485	0.00352	0.00458	0.00440	0.00520	0.00325	0.00331	0.00641	0.00953	0.01338	0.76698	0.06262	0.05942	0.00735	0.00411	0.00112	0.00170	0.03131	0.00374	0.00323
7	0.00416	0.00350	0.00361	0.00358	0.00472	0.00295	0.00269	0.00511	0.00806	0.00978	0.11636	0.03251	0.77400	0.00858	0.00408	0.00116	0.00174	0.00719	0.00327	0.00295
8	0.00854	0.00839	0.03293	0.03754	0.76781	0.00818	0.04363	0.01076	0.01841	0.02091	0.00668	0.00866	0.00552	0.00312	0.00345	0.00104	0.00417	0.00312	0.00175	0.00540
9	0.04049	0.01616	0.00964	0.00876	0.01056	0.83817	0.00658	0.01368	0.00967	0.00867	0.00532	0.00621	0.00443	0.00355	0.00308	0.00090	0.00612	0.00221	0.00179	0.00400
10	0.00716	0.00614	0.00716	0.00512	0.00819	0.00461	0.00409	0.00870	0.00716	0.01126	0.00614	0.00716	0.00512	0.00256	0.00256	0.00051	0.00256	0.00205	0.00205	0.89971
11	0.00449	0.00352	0.00406	0.00392	0.00491	0.00309	0.00294	0.00574	0.00883	0.01160	0.44583	0.02952	0.44340	0.00790	0.00408	0.00113	0.00169	0.00677	0.00351	0.00309
12	0.01027	0.00887	0.04447	0.00774	0.01016	0.02241	0.03249	0.33571	0.44671	0.01686	0.01122	0.01987	0.00837	0.00441	0.00350	0.00111	0.00339	0.00359	0.00332	0.00553
13	0.00939	0.64297	0.02541	0.04152	0.02873	0.11647	0.02311	0.02646	0.00761	0.00866	0.00625	0.00706	0.03741	0.00330	0.00255	0.00082	0.00403	0.00226	0.00163	0.00436
14	0.00737	0.00722	0.01014	0.00875	0.00879	0.01003	0.00726	0.00809	0.00528	0.00823	0.00483	0.00796	0.00480	0.00728	0.05726	0.02676	0.80167	0.00306	0.00153	0.00368
15	0.00437	0.00308	0.00399	0.00461	0.00480	0.00292	0.00302	0.00491	0.00646	0.00864	0.04860	0.69849	0.02145	0.15945	0.00666	0.00172	0.00222	0.00887	0.00304	0.00270
16	0.00716	0.00614	0.00716	0.00512	0.00819	0.00461	0.00409	0.00870	0.00716	0.01126	0.00614	0.00716	0.00512	0.00256	0.00256	0.00051	0.00256	0.00205	0.00205	0.89971
17	0.00736	0.00550	0.00640	0.00535	0.00724	0.01518	0.00418	0.02083	0.16999	0.08561	0.29923	0.02893	0.05027	0.00508	0.00352	0.00094	0.00969	0.00431	0.00319	0.26721
18	0.53216	0.00969	0.00753	0.00776	0.10463	0.25529	0.00542	0.01123	0.00723	0.01289	0.00515	0.00615	0.00415	0.00333	0.00269	0.00102	0.01556	0.00213	0.00198	0.00401
19	0.00747	0.00409	0.00425	0.00394	0.00504	0.00421	0.00303	0.07722	0.05582	0.04772	0.01128	0.01246	0.00870	0.00408	0.00260	0.00086	0.00191	0.00326	0.73838	0.00367
20	0.00670	0.00616	0.00986	0.46364	0.10912	0.00694	0.03405	0.00866	0.00711	0.00958	0.00846	0.03849	0.02632	0.00445	0.00402	0.00114	0.05564	0.09282	0.00188	0.10495
21	0.00819	0.00781	0.01326	0.10847	0.73650	0.00795	0.01020	0.01025	0.00784	0.01113	0.04058	0.00931	0.00647	0.00328	0.00345	0.00104	0.00406	0.00320	0.00178	0.00521
22	0.00467	0.00353	0.00421	0.00419	0.00510	0.00320	0.00314	0.00580	0.00819	0.02263	0.29855	0.09850	0.38900	0.03390	0.06166	0.00153	0.00235	0.04349	0.00329	0.00306
23	0.17419	0.00676	0.00721	0.00630	0.00831	0.00741	0.00500	0.09347	0.37429	0.16407	0.01227	0.08334	0.00978	0.00494	0.00336	0.00115	0.00281	0.02700	0.00336	0.00498
24	0.00623	0.00480	0.00572	0.00591	0.00689	0.00511	0.00450	0.01022	0.29966	0.02671	0.01693	0.37264	0.01754	0.02223	0.00437	0.00139	0.00254	0.17946	0.00331	0.00385
25	0.01299	0.00961	0.01029	0.00792	0.01066	0.01065	0.00653	0.81960	0.04240	0.02154	0.00847	0.00844	0.00602	0.00416	0.00346	0.00104	0.00377	0.00314	0.00346	0.00586
26	0.03593	0.00351	0.00409	0.00407	0.00426	0.00360	0.00250	0.00548	0.00522	0.01781	0.01056	0.04405	0.01174	0.67184	0.10932	0.04143	0.00390	0.00478	0.01360	0.00231
27	0.01063	0.29772	0.07121	0.00825	0.03440	0.06473	0.05213	0.31901	0.01061	0.02510	0.00648	0.00724	0.00510	0.00371	0.00364	0.00098	0.06913	0.00265	0.00229	0.00500
28	0.04616	0.00636	0.00785	0.00618	0.00857	0.00611	0.00505	0.18680	0.02232	0.51600	0.11777	0.01313	0.03242	0.00468	0.00351	0.00107	0.00291	0.00379	0.00393	0.00539
29	0.07313	0.02508	0.15201	0.00831	0.10202	0.03170	0.02844	0.08916	0.03457	0.01247	0.00652	0.00751	0.00514	0.00305	0.00291	0.00081	0.00350	0.00244	0.00207	0.40915
30	0.00659	0.08029	0.17578	0.04165	0.12699	0.01796	0.00684	0.00931	0.08405	0.01147	0.24502	0.11565	0.04031	0.00545	0.00360	0.00109	0.00317	0.00472	0.00260	0.01746
31	0.00610	0.00449	0.00658	0.01372	0.02841	0.00425	0.07740	0.00796	0.04615	0.07342	0.39660	0.15283	0.09042	0.00769	0.03730	0.00132	0.00264	0.02278	0.00332	0.01661
32	0.00690	0.00605	0.00846	0.26643	0.10078	0.02355	0.02473	0.06422	0.07686	0.01176	0.19823	0.03215	0.08736	0.00503	0.00365	0.00109	0.00330	0.02112	0.00260	0.05574

[dist]
# distance from previous block
# <min> <max>
0	1

[block]
# block no. 5 follows, 81 sequences, length 7
# corresponding to MSA columns:
# 586-592
name=unknown_F
#
# <colnr> <probs for GDERKNQSTAVLIFYWHMCP>
#	G	D	E	R	K	N	Q	S	T	A	V	L	I	F	Y	W	H	M	C	P
0	0.00632	0.00438	0.00536	0.00470	0.00614	0.00385	0.00355	0.00799	0.03885	0.07011	0.33495	0.13157	0.03741	0.03996	0.00409	0.00106	0.00211	0.00516	0.06648	0.22598
1	0.00881	0.00793	0.01107	0.38597	0.06908	0.06718	0.09426	0.16031	0.08054	0.03818	0.00793	0.03939	0.00620	0.00389	0.00353	0.00111	0.00437	0.00344	0.00224	0.00456
2	0.00886	0.30819	0.20659	0.03252	0.09800	0.06049	0.10735	0.06312	0.06407	0.01074	0.00645	0.00749	0.00512	0.00327	0.00305	0.00097	0.00442	0.00266	0.00181	0.00483
3	0.00470	0.00345	0.00477	0.00501	0.00548	0.00363	0.00366	0.00565	0.00627	0.00863	0.06860	0.27133	0.05614	0.10099	0.40897	0.00351	0.00553	0.02828	0.00250	0.00291
4	0.00610	0.00380	0.00480	0.00460	0.00566	0.00341	0.00351	0.00736	0.00877	0.12757	0.37429	0.15486	0.21221	0.00779	0.00409	0.00118	0.00199	0.06094	0.00360	0.00347
5	0.02987	0.03648	0.23605	0.00788	0.05903	0.02695	0.02368	0.04353	0.07076	0.05534	0.00762	0.03885	0.00611	0.00344	0.00304	0.00087	0.00358	0.00281	0.00216	0.34194
6	0.04695	0.05944	0.07119	0.00944	0.13375	0.00903	0.02339	0.26005	0.20767	0.04360	0.00879	0.00910	0.00662	0.00386	0.00348	0.00103	0.02629	0.00308	0.00274	0.07051

[dist]
# distance from previous block
# <min> <max>
0	9

[block]
# block no. 6 follows, 81 sequences, length 17
# corresponding to MSA columns:
# 602-618
name=unknown_G
#
# <colnr> <probs for GDERKNQSTAVLIFYWHMCP>
#	G	D	E	R	K	N	Q	S	T	A	V	L	I	F	Y	W	H	M	C	P
0	0.05166	0.11278	0.43912	0.01055	0.12843	0.00857	0.05602	0.01092	0.00743	0.06456	0.02576	0.00801	0.00547	0.00350	0.00365	0.00107	0.05306	0.00276	0.00178	0.00492
1	0.00968	0.00803	0.00857	0.00646	0.00927	0.05375	0.00523	0.31629	0.01060	0.01489	0.00685	0.00754	0.00534	0.00328	0.00313	0.00075	0.02427	0.00247	0.00254	0.50107
2	0.00514	0.00368	0.00415	0.00404	0.00515	0.00323	0.00302	0.00635	0.02494	0.06660	0.18664	0.11957	0.52234	0.00819	0.00403	0.00116	0.00185	0.00697	0.01973	0.00322
3	0.00830	0.00425	0.00527	0.00463	0.00599	0.00399	0.00361	0.01025	0.05141	0.23523	0.35184	0.01779	0.01842	0.00535	0.00342	0.00101	0.00202	0.00454	0.25863	0.00405
4	0.00467	0.00342	0.00417	0.00414	0.00479	0.00315	0.00292	0.00573	0.00814	0.01103	0.43720	0.13453	0.18415	0.16887	0.00661	0.00156	0.00202	0.00667	0.00330	0.00292
5	0.00551	0.00367	0.00451	0.00426	0.00491	0.00348	0.00296	0.00670	0.02641	0.05265	0.46658	0.02396	0.05305	0.31642	0.00883	0.00189	0.00233	0.00566	0.00319	0.00301
6	0.00458	0.00352	0.00419	0.00402	0.00497	0.00313	0.00302	0.00592	0.00905	0.01212	0.54024	0.02866	0.34866	0.00771	0.00408	0.00112	0.00168	0.00665	0.00357	0.00313
7	0.90299	0.00668	0.00508	0.00454	0.00668	0.00775	0.00374	0.01015	0.00588	0.01550	0.00481	0.00561	0.00374	0.00321	0.00214	0.00107	0.00267	0.00187	0.00214	0.00374
8	0.10998	0.00615	0.00782	0.00606	0.00868	0.00563	0.00501	0.05579	0.00976	0.72939	0.01243	0.01094	0.00791	0.00416	0.00333	0.00107	0.00295	0.00329	0.00401	0.00565
9	0.00522	0.00373	0.00483	0.00534	0.00594	0.00366	0.00428	0.00629	0.00714	0.00924	0.01819	0.06381	0.10690	0.23304	0.00798	0.00199	0.00303	0.50362	0.00291	0.00286
10	0.01539	0.00606	0.00813	0.00623	0.00891	0.00534	0.00515	0.05548	0.01018	0.82037	0.01338	0.01160	0.00843	0.00427	0.00347	0.00107	0.00298	0.00346	0.00424	0.00588
11	0.00748	0.00731	0.01123	0.24487	0.18703	0.00931	0.00873	0.00892	0.00626	0.00906	0.00537	0.00821	0.00475	0.00474	0.00758	0.00131	0.45909	0.00305	0.00156	0.00414
12	0.90299	0.00668	0.00508	0.00454	0.00668	0.00775	0.00374	0.01015	0.00588	0.01550	0.00481	0.00561	0.00374	0.00321	0.00214	0.00107	0.00267	0.00187	0.00214	0.00374
13	0.01022	0.00848	0.02669	0.04907	0.27701	0.05536	0.08776	0.16725	0.04722	0.12865	0.03014	0.00998	0.00697	0.00382	0.00370	0.00106	0.02705	0.01781	0.00255	0.03922
14	0.00707	0.36367	0.01017	0.00504	0.00686	0.00766	0.00438	0.00850	0.02904	0.04848	0.26850	0.07302	0.14382	0.00569	0.00329	0.00098	0.00261	0.00465	0.00273	0.00383
15	0.01020	0.26862	0.01183	0.02242	0.07991	0.27985	0.00626	0.06981	0.05714	0.04089	0.11326	0.00945	0.00867	0.00391	0.00306	0.00092	0.00421	0.00291	0.00224	0.00444
16	0.00587	0.03517	0.02126	0.00449	0.00538	0.00405	0.00325	0.00701	0.02908	0.05067	0.30905	0.05454	0.01884	0.36416	0.00940	0.00198	0.00264	0.00518	0.00284	0.06514

[dist]
# distance from previous block
# <min> <max>
0	3

[block]
# block no. 7 follows, 81 sequences, length 34
# corresponding to MSA columns:
# 622-655
name=unknown_H
#
# <colnr> <probs for GDERKNQSTAVLIFYWHMCP>
#	G	D	E	R	K	N	Q	S	T	A	V	L	I	F	Y	W	H	M	C	P
0	0.09824	0.31602	0.29176	0.00774	0.01110	0.01018	0.03883	0.05729	0.01982	0.05204	0.00608	0.00696	0.00475	0.00345	0.00339	0.00099	0.06242	0.00242	0.00182	0.00471
1	0.00494	0.00350	0.00482	0.00487	0.00528	0.00380	0.00349	0.00565	0.00563	0.00785	0.04052	0.08318	0.03018	0.24847	0.47544	0.05659	0.00633	0.00465	0.00210	0.00271
2	0.00686	0.00548	0.00665	0.00693	0.09445	0.02280	0.00473	0.02158	0.23418	0.04605	0.40231	0.02012	0.10183	0.00596	0.00381	0.00111	0.00236	0.00517	0.00342	0.00420
3	0.00823	0.48286	0.36410	0.00796	0.01182	0.01110	0.05071	0.01063	0.00719	0.00943	0.00549	0.00645	0.00445	0.00309	0.00275	0.00091	0.00438	0.00225	0.00148	0.00472
4	0.04737	0.14032	0.44605	0.05428	0.16917	0.00897	0.03471	0.04115	0.00763	0.01109	0.00609	0.00739	0.00465	0.00322	0.00314	0.00103	0.00456	0.00261	0.00162	0.00497
5	0.00851	0.02079	0.09446	0.01286	0.34824	0.01986	0.00824	0.06322	0.22620	0.03182	0.00992	0.02573	0.00834	0.00454	0.00380	0.02289	0.00368	0.07935	0.00247	0.00509
6	0.00464	0.00370	0.00411	0.00398	0.00500	0.00334	0.00295	0.00616	0.05036	0.01098	0.31242	0.02908	0.48393	0.05831	0.00483	0.00127	0.00185	0.00664	0.00336	0.00311
7	0.19382	0.00858	0.00933	0.00807	0.07335	0.00936	0.00615	0.53051	0.01287	0.10311	0.00798	0.00811	0.00568	0.00389	0.00319	0.00105	0.00351	0.00289	0.00314	0.00541
8	0.00415	0.00341	0.00366	0.00380	0.00476	0.00291	0.00277	0.00502	0.00774	0.00949	0.07777	0.19305	0.65141	0.00905	0.00414	0.00121	0.00179	0.00771	0.00324	0.00291
9	0.01313	0.00968	0.01037	0.00795	0.01071	0.01071	0.00657	0.84552	0.01624	0.02177	0.00829	0.00829	0.00587	0.00415	0.00346	0.00104	0.00380	0.00311	0.00346	0.00587
10	0.03313	0.10564	0.08325	0.00898	0.01135	0.55466	0.07670	0.05731	0.00935	0.00973	0.00563	0.00662	0.00457	0.00347	0.00322	0.00093	0.01695	0.00242	0.00181	0.00429
11	0.00495	0.00364	0.00525	0.00525	0.00576	0.00415	0.00394	0.00597	0.00546	0.00780	0.00953	0.01511	0.00930	0.17070	0.72103	0.00518	0.00825	0.00393	0.00189	0.00292
12	0.00887	0.00741	0.00806	0.00597	0.00891	0.03847	0.00481	0.21775	0.00953	0.01378	0.00665	0.00741	0.00528	0.00299	0.00280	0.00066	0.00301	0.00232	0.00239	0.64294
13	0.00421	0.00301	0.00401	0.00481	0.00501	0.00281	0.00321	0.00481	0.00661	0.00882	0.01904	0.87634	0.02285	0.01082	0.00441	0.00140	0.00200	0.00982	0.00321	0.00281
14	0.01313	0.00968	0.01037	0.00795	0.01071	0.01071	0.00657	0.84552	0.01624	0.02177	0.00829	0.00829	0.00587	0.00415	0.00346	0.00104	0.00380	0.00311	0.00346	0.00587
15	0.06325	0.00592	0.00786	0.00606	0.00870	0.00522	0.00501	0.01648	0.00967	0.81403	0.01315	0.01143	0.00829	0.00422	0.00340	0.00107	0.00293	0.00339	0.00416	0.00576
16	0.01431	0.00779	0.00920	0.00705	0.00977	0.00791	0.00583	0.43357	0.01308	0.43819	0.01095	0.01002	0.00721	0.00421	0.00346	0.00105	0.00337	0.00329	0.00386	0.00588
17	0.00471	0.00359	0.00508	0.00501	0.00571	0.00332	0.04532	0.00592	0.00823	0.01129	0.40689	0.39251	0.07210	0.00857	0.00422	0.00123	0.00201	0.00774	0.00341	0.00312
18	0.01232	0.00641	0.00782	0.00647	0.00878	0.00642	0.00521	0.01704	0.34611	0.48684	0.02928	0.01308	0.01004	0.00461	0.00353	0.00112	0.00284	0.02253	0.00394	0.00561
19	0.00644	0.00322	0.00322	0.00322	0.00402	0.00322	0.00241	0.00805	0.00724	0.01288	0.01127	0.01288	0.00885	0.00402	0.00241	0.00080	0.00161	0.00322	0.89777	0.00322
20	0.10513	0.00806	0.00893	0.00699	0.00960	0.00856	0.00575	0.44919	0.07657	0.27083	0.00997	0.00940	0.00681	0.00413	0.00333	0.00106	0.00335	0.00315	0.00357	0.00563
21	0.00845	0.00810	0.01384	0.06372	0.81532	0.00818	0.01055	0.01051	0.00782	0.01116	0.00648	0.00858	0.00543	0.00310	0.00342	0.00103	0.00413	0.00308	0.00170	0.00539
22	0.00467	0.00334	0.00386	0.00403	0.00439	0.00316	0.00260	0.00511	0.00631	0.00820	0.06566	0.19755	0.19568	0.44378	0.01091	0.00231	0.00264	0.03063	0.00268	0.00251
23	0.00685	0.00407	0.00419	0.00405	0.00507	0.00429	0.00306	0.02256	0.16063	0.01314	0.01204	0.04681	0.00967	0.00441	0.00271	0.00090	0.00186	0.00360	0.68642	0.00365
24	0.03375	0.00776	0.00921	0.00769	0.00901	0.00951	0.00630	0.28444	0.12904	0.01427	0.00782	0.00905	0.00625	0.00495	0.00647	0.00122	0.35070	0.00317	0.09474	0.00465
25	0.20642	0.00638	0.00756	0.00596	0.00851	0.00616	0.00491	0.08009	0.02465	0.59703	0.01132	0.01018	0.00734	0.00404	0.00319	0.00107	0.00295	0.00311	0.00374	0.00541
26	0.00819	0.00410	0.00515	0.00471	0.00564	0.00383	0.00333	0.00887	0.00703	0.26332	0.02818	0.11108	0.01299	0.40798	0.01009	0.00217	0.00294	0.04964	0.05731	0.00345
27	0.00693	0.01787	0.86069	0.00985	0.01495	0.00802	0.01276	0.01094	0.00729	0.01094	0.00620	0.00729	0.00438	0.00328	0.00328	0.00109	0.00511	0.00255	0.00146	0.00511
28	0.00790	0.38408	0.47964	0.03155	0.01261	0.01041	0.00977	0.01063	0.00717	0.00969	0.00560	0.00660	0.00441	0.00315	0.00283	0.00094	0.00449	0.00227	0.00147	0.00479
29	0.00755	0.00465	0.01603	0.02900	0.03342	0.00433	0.00425	0.03041	0.01894	0.18989	0.39105	0.06110	0.08468	0.06122	0.00487	0.00126	0.01798	0.02029	0.01520	0.00390
30	0.00593	0.00300	0.00448	0.00451	0.00452	0.00299	0.00301	0.00451	0.00458	0.00611	0.00651	0.04459	0.00666	0.01195	0.01314	0.86413	0.00296	0.00327	0.00157	0.00155
31	0.48185	0.16798	0.01959	0.00667	0.06607	0.11515	0.01472	0.02875	0.00705	0.01288	0.00543	0.00636	0.00440	0.00325	0.00244	0.00097	0.00344	0.00212	0.04680	0.00407
32	0.00439	0.00351	0.00393	0.00382	0.00486	0.00305	0.00287	0.00556	0.00861	0.01107	0.34978	0.03039	0.53977	0.00810	0.00408	0.00114	0.00170	0.00689	0.00344	0.00305
33	0.00511	0.00491	0.08064	0.00523	0.00629	0.00390	0.01269	0.00635	0.00757	0.03069	0.19069	0.30504	0.18605	0.04945	0.02182	0.00144	0.03629	0.03957	0.00304	0.00324

[dist]
# distance from previous block
# <min> <max>
0	12

# created by:
# /home/simao/soft/augustus-3.0.3/scripts/msa2prfl.pl ./prep/81405.aln
