[name]
unknown

[dist]
# distance from previous block
# <min> <max>
4	55

[block]
# block no. 0 follows, 90 sequences, length 41
# corresponding to MSA columns:
# 577-617
name=unknown_A
#
# <colnr> <probs for GDERKNQSTAVLIFYWHMCP>
#	G	D	E	R	K	N	Q	S	T	A	V	L	I	F	Y	W	H	M	C	P
0	0.00656	0.00605	0.01021	0.67573	0.20661	0.00711	0.00893	0.00860	0.00659	0.02532	0.00584	0.00837	0.00447	0.00311	0.00316	0.00103	0.00410	0.00283	0.00149	0.00389
1	0.32197	0.00678	0.00696	0.00571	0.00785	0.00742	0.00466	0.24528	0.12750	0.19123	0.02669	0.00834	0.00633	0.00369	0.00288	0.00099	0.01553	0.00269	0.00290	0.00459
2	0.00846	0.00737	0.01217	0.05052	0.73016	0.00741	0.00914	0.05154	0.00770	0.07524	0.00653	0.00808	0.00522	0.00297	0.00315	0.00095	0.00369	0.00285	0.00182	0.00501
3	0.00626	0.00588	0.00992	0.71428	0.15823	0.00702	0.00884	0.00832	0.00651	0.00851	0.00604	0.00921	0.00480	0.00329	0.00320	0.00105	0.00411	0.02927	0.00148	0.00375
4	0.00897	0.00448	0.02251	0.00473	0.00625	0.00387	0.00374	0.01001	0.00777	0.40867	0.13136	0.01764	0.13599	0.16351	0.03899	0.00154	0.00271	0.02017	0.00321	0.00390
5	0.00397	0.00290	0.00390	0.00447	0.00478	0.00269	0.01276	0.00463	0.00634	0.00844	0.06558	0.76272	0.06467	0.00953	0.00402	0.00126	0.00188	0.02987	0.00296	0.00263
6	0.02477	0.10404	0.33456	0.00875	0.12713	0.00669	0.03625	0.00932	0.02358	0.08263	0.03372	0.17758	0.00864	0.00448	0.00317	0.00102	0.00355	0.00386	0.00202	0.00424
7	0.01004	0.05159	0.03591	0.01261	0.40187	0.08984	0.01879	0.08320	0.01892	0.21272	0.00750	0.00819	0.00559	0.00329	0.00326	0.00094	0.02577	0.00279	0.00226	0.00491
8	0.00655	0.00616	0.01041	0.60271	0.27852	0.00712	0.00896	0.00859	0.00662	0.00886	0.00583	0.00834	0.00454	0.00308	0.00314	0.00102	0.00404	0.00282	0.01873	0.00397
9	0.02456	0.04353	0.67241	0.00863	0.01281	0.00721	0.05776	0.01052	0.00696	0.10306	0.00658	0.02072	0.00473	0.00319	0.00304	0.00100	0.00438	0.00258	0.00167	0.00466
10	0.00770	0.00580	0.00680	0.00495	0.00768	0.00465	0.00398	0.07020	0.00742	0.09348	0.00652	0.00715	0.00511	0.00263	0.00249	0.00056	0.00245	0.00209	0.01757	0.74077
11	0.00760	0.00755	0.01371	0.04380	0.64110	0.00748	0.18512	0.00962	0.00722	0.01019	0.00639	0.03390	0.00543	0.00301	0.00329	0.00098	0.00405	0.00320	0.00161	0.00475
12	0.00506	0.00452	0.06387	0.00493	0.00606	0.00366	0.02535	0.00669	0.06554	0.04608	0.12190	0.41721	0.14981	0.00748	0.00370	0.00112	0.00216	0.00663	0.00287	0.05537
13	0.00531	0.00485	0.01524	0.00468	0.01369	0.07752	0.00357	0.02675	0.03433	0.01056	0.36742	0.03293	0.31000	0.00706	0.03031	0.00115	0.04320	0.00538	0.00293	0.00311
14	0.00636	0.01641	0.87209	0.00904	0.01373	0.00737	0.01172	0.01005	0.00670	0.01005	0.00569	0.00670	0.00402	0.00301	0.00301	0.00100	0.00469	0.00234	0.00134	0.00469
15	0.08853	0.09053	0.02091	0.00722	0.00911	0.59826	0.00566	0.02980	0.00835	0.03484	0.00540	0.02244	0.00452	0.00329	0.00272	0.00082	0.00480	0.00216	0.00178	0.05886
16	0.01621	0.07839	0.00711	0.00506	0.00712	0.00521	0.01851	0.01010	0.12035	0.17123	0.17089	0.02382	0.05988	0.00415	0.00298	0.00082	0.00235	0.00347	0.01513	0.27721
17	0.00770	0.00739	0.01261	0.08707	0.80228	0.00750	0.00966	0.00961	0.00715	0.01019	0.00594	0.00790	0.00496	0.00285	0.00314	0.00095	0.00380	0.00283	0.00156	0.00491
18	0.00835	0.00852	0.03230	0.08244	0.18460	0.10899	0.17425	0.08739	0.22144	0.01141	0.02569	0.00905	0.00648	0.00347	0.00341	0.00101	0.02136	0.00315	0.00216	0.00455
19	0.01105	0.00574	0.00697	0.00576	0.00780	0.00573	0.00464	0.06247	0.26783	0.45563	0.03645	0.02758	0.00936	0.00430	0.00320	0.00101	0.00257	0.02152	0.05541	0.00497
20	0.00438	0.00326	0.00427	0.00466	0.00520	0.00309	0.01632	0.03010	0.00683	0.00896	0.05791	0.53707	0.14072	0.02069	0.00418	0.00128	0.00208	0.14329	0.00294	0.00277
21	0.00464	0.00309	0.00358	0.00370	0.00393	0.00299	0.00231	0.00494	0.00536	0.02254	0.01371	0.17284	0.09556	0.57213	0.01169	0.00239	0.00265	0.03290	0.03680	0.00224
22	0.00415	0.00308	0.00379	0.00403	0.00462	0.00281	0.00291	0.00507	0.00718	0.00955	0.25456	0.33515	0.23074	0.04489	0.00438	0.00123	0.00180	0.05969	0.01765	0.00272
23	0.00727	0.02620	0.03817	0.22181	0.31162	0.03445	0.04801	0.02360	0.02409	0.00964	0.00579	0.00767	0.00472	0.00313	0.00365	0.00094	0.07975	0.00267	0.00162	0.14523
24	0.81317	0.00605	0.00491	0.00434	0.00629	0.00693	0.00357	0.02717	0.00577	0.05620	0.00504	0.00576	0.00387	0.00381	0.03575	0.00114	0.00272	0.00188	0.00207	0.00355
25	0.17932	0.00704	0.02008	0.15146	0.05774	0.02887	0.09916	0.11601	0.15144	0.07593	0.00798	0.02008	0.01755	0.00349	0.00298	0.00099	0.00338	0.00293	0.00232	0.05124
26	0.00927	0.00932	0.01014	0.07269	0.25013	0.22700	0.02492	0.11849	0.14152	0.02258	0.00691	0.00793	0.00547	0.00355	0.00370	0.00098	0.07610	0.00277	0.00205	0.00449
27	0.02915	0.00575	0.00625	0.00533	0.00705	0.00613	0.00422	0.16184	0.28933	0.11991	0.03816	0.01156	0.03390	0.00410	0.00293	0.00093	0.00238	0.00331	0.23415	0.03363
28	0.07673	0.00999	0.00870	0.00705	0.00931	0.23849	0.00564	0.47301	0.03815	0.01529	0.00666	0.00698	0.00498	0.00349	0.00293	0.00088	0.00388	0.00250	0.00257	0.08278
29	0.05963	0.07185	0.19756	0.01004	0.11428	0.03731	0.23215	0.04920	0.04349	0.06439	0.02348	0.03301	0.01901	0.00335	0.00315	0.00098	0.00405	0.00311	0.00193	0.02802
30	0.00638	0.03367	0.04341	0.06960	0.06266	0.05398	0.02170	0.00910	0.16271	0.03071	0.10817	0.12091	0.11923	0.03156	0.01500	0.00111	0.00285	0.01510	0.00252	0.08963
31	0.00504	0.00371	0.00454	0.00453	0.00533	0.00364	0.00334	0.03424	0.10283	0.02787	0.33536	0.31043	0.10561	0.00748	0.00378	0.00112	0.00187	0.03290	0.00321	0.00317
32	0.00807	0.01917	0.00987	0.13712	0.07569	0.11019	0.09646	0.06835	0.17426	0.03572	0.03151	0.03750	0.01774	0.00418	0.00452	0.00108	0.15900	0.00330	0.00214	0.00415
33	0.01991	0.24808	0.04302	0.03767	0.04121	0.11777	0.16729	0.04155	0.07250	0.03447	0.00826	0.06621	0.05004	0.00385	0.00326	0.00094	0.03475	0.00324	0.00193	0.00406
34	0.00805	0.00398	0.00507	0.00440	0.00572	0.00360	0.00340	0.01778	0.00827	0.31060	0.30071	0.05912	0.08690	0.05194	0.00402	0.00109	0.00204	0.00465	0.11489	0.00375
35	0.00450	0.00316	0.00421	0.00480	0.00526	0.00303	0.00360	0.00553	0.01976	0.02173	0.07164	0.52529	0.04376	0.00907	0.00407	0.00130	0.00214	0.24966	0.01469	0.00279
36	0.01981	0.00658	0.00989	0.06343	0.46309	0.01887	0.01348	0.04285	0.09843	0.05176	0.09065	0.03843	0.02699	0.00390	0.00324	0.00099	0.00323	0.01711	0.02275	0.00452
37	0.00824	0.61888	0.15325	0.00623	0.00910	0.06466	0.00642	0.01025	0.06719	0.00839	0.01887	0.00616	0.00487	0.00297	0.00236	0.00077	0.00365	0.00202	0.00154	0.00420
38	0.00407	0.00294	0.00373	0.00424	0.00458	0.00274	0.00292	0.00469	0.00630	0.00831	0.07155	0.57442	0.12375	0.09737	0.00534	0.01340	0.00200	0.06227	0.00285	0.00256
39	0.03087	0.00545	0.00681	0.03347	0.00738	0.05199	0.02307	0.08816	0.00677	0.02595	0.05788	0.03354	0.00872	0.04556	0.32039	0.00264	0.16786	0.04413	0.03605	0.00333
40	0.02243	0.07909	0.00923	0.00717	0.04531	0.04607	0.07432	0.18059	0.07809	0.27892	0.01083	0.07656	0.03449	0.00441	0.00324	0.00100	0.00320	0.03744	0.00295	0.00465

[dist]
# distance from previous block
# <min> <max>
0	1

[block]
# block no. 1 follows, 90 sequences, length 13
# corresponding to MSA columns:
# 619-631
name=unknown_B
#
# <colnr> <probs for GDERKNQSTAVLIFYWHMCP>
#	G	D	E	R	K	N	Q	S	T	A	V	L	I	F	Y	W	H	M	C	P
0	0.00439	0.00325	0.00429	0.05865	0.00588	0.00320	0.00346	0.02976	0.00650	0.00857	0.03605	0.60502	0.07898	0.06492	0.00474	0.00137	0.00217	0.07330	0.00280	0.00272
1	0.00793	0.00743	0.01208	0.08638	0.63967	0.00773	0.03374	0.06253	0.06860	0.01091	0.00650	0.00817	0.00529	0.00308	0.00335	0.00098	0.02608	0.00291	0.00177	0.00487
2	0.00761	0.00737	0.02677	0.15577	0.54912	0.02147	0.04822	0.06182	0.01948	0.01052	0.01861	0.03664	0.01580	0.00331	0.00321	0.00098	0.00381	0.00314	0.00175	0.00461
3	0.00695	0.00548	0.00649	0.00489	0.00745	0.00433	0.00393	0.00864	0.04195	0.06356	0.00734	0.03053	0.00633	0.00311	0.00260	0.00061	0.00240	0.05403	0.00215	0.73723
4	0.00703	0.12799	0.04318	0.00692	0.00813	0.15158	0.07906	0.00815	0.01909	0.00797	0.00811	0.17814	0.00844	0.08337	0.07087	0.00155	0.18121	0.00400	0.00184	0.00337
5	0.07532	0.00616	0.00702	0.00567	0.00773	0.01859	0.00462	0.25752	0.03320	0.33394	0.08246	0.01303	0.08508	0.00454	0.00320	0.00099	0.00273	0.02983	0.02370	0.00465
6	0.00618	0.00568	0.03278	0.04492	0.24931	0.00540	0.05390	0.00865	0.10990	0.02952	0.18700	0.05379	0.17668	0.00517	0.00348	0.00103	0.00276	0.01739	0.00254	0.00392
7	0.00632	0.00527	0.00803	0.19009	0.14411	0.01962	0.05856	0.05315	0.00711	0.04238	0.02202	0.18730	0.04889	0.03494	0.07659	0.00151	0.00372	0.08459	0.00223	0.00358
8	0.00457	0.00316	0.00397	0.00421	0.00443	0.00320	0.00287	0.00504	0.00537	0.00718	0.01220	0.15999	0.01380	0.49731	0.10976	0.00274	0.00347	0.15218	0.00223	0.00230
9	0.06458	0.04778	0.02829	0.06128	0.15382	0.11252	0.05083	0.14133	0.15520	0.07257	0.00744	0.00814	0.00568	0.00359	0.00361	0.00099	0.07273	0.00281	0.00226	0.00455
10	0.00731	0.00714	0.01253	0.23837	0.54075	0.00752	0.09650	0.00930	0.00696	0.00969	0.00588	0.00805	0.00478	0.00298	0.00342	0.00100	0.02887	0.00292	0.00153	0.00452
11	0.00769	0.00757	0.01224	0.14583	0.65208	0.04289	0.03088	0.00954	0.00708	0.00981	0.00581	0.00783	0.00483	0.00300	0.00344	0.00098	0.03948	0.00281	0.00154	0.00467
12	0.01140	0.01436	0.00906	0.00819	0.00967	0.79598	0.00620	0.01220	0.00861	0.00775	0.00483	0.00583	0.00409	0.00348	0.00356	0.00087	0.08654	0.00211	0.00161	0.00366

[dist]
# distance from previous block
# <min> <max>
0	1

[block]
# block no. 2 follows, 90 sequences, length 8
# corresponding to MSA columns:
# 633-640
name=unknown_C
#
# <colnr> <probs for GDERKNQSTAVLIFYWHMCP>
#	G	D	E	R	K	N	Q	S	T	A	V	L	I	F	Y	W	H	M	C	P
0	0.00817	0.28931	0.11588	0.00683	0.04181	0.15575	0.02688	0.03402	0.01915	0.03599	0.02040	0.02143	0.08718	0.00371	0.00277	0.00083	0.00364	0.02517	0.00187	0.09922
1	0.00482	0.00369	0.00419	0.00407	0.00506	0.00350	0.00306	0.02435	0.08241	0.03380	0.16775	0.09908	0.43407	0.03851	0.06115	0.00141	0.00228	0.02077	0.00298	0.00305
2	0.00639	0.00610	0.00840	0.23016	0.02898	0.03194	0.00655	0.00821	0.07883	0.00853	0.03698	0.09971	0.02862	0.00573	0.02893	0.00132	0.37557	0.00369	0.00184	0.00351
3	0.00630	0.00528	0.00616	0.00461	0.00712	0.00404	0.00367	0.00766	0.00661	0.01022	0.00754	0.04298	0.03498	0.00310	0.00252	0.00056	0.00229	0.03002	0.03668	0.77765
4	0.00461	0.00310	0.00358	0.00358	0.00363	0.00314	0.00208	0.00469	0.00465	0.00624	0.00988	0.02013	0.01126	0.82317	0.08113	0.00323	0.00348	0.00452	0.00191	0.00199
5	0.00668	0.14696	0.74431	0.00850	0.01289	0.00814	0.01078	0.00996	0.00666	0.00966	0.00550	0.00646	0.00403	0.00297	0.00287	0.00096	0.00449	0.00225	0.00134	0.00460
6	0.00946	0.59474	0.03621	0.00653	0.02986	0.19048	0.00585	0.05362	0.00750	0.03331	0.00498	0.00562	0.00427	0.00293	0.00235	0.00074	0.00390	0.00191	0.00159	0.00413
7	0.00962	0.04090	0.06415	0.00693	0.00938	0.00660	0.11246	0.16500	0.10298	0.24132	0.06767	0.01131	0.03949	0.00427	0.01641	0.00102	0.00325	0.01890	0.00288	0.07544

[dist]
# distance from previous block
# <min> <max>
0	4

[block]
# block no. 3 follows, 90 sequences, length 47
# corresponding to MSA columns:
# 645-691
name=unknown_D
#
# <colnr> <probs for GDERKNQSTAVLIFYWHMCP>
#	G	D	E	R	K	N	Q	S	T	A	V	L	I	F	Y	W	H	M	C	P
0	0.00938	0.02862	0.12340	0.00716	0.02546	0.02762	0.00625	0.32787	0.28007	0.05446	0.04544	0.02278	0.01897	0.00407	0.00318	0.00100	0.00323	0.00325	0.00288	0.00493
1	0.04203	0.00765	0.03343	0.00694	0.02192	0.01887	0.06554	0.38170	0.03565	0.02003	0.02246	0.03256	0.00612	0.01882	0.00339	0.00089	0.02665	0.00286	0.00251	0.24999
2	0.00390	0.00290	0.00360	0.00410	0.00450	0.00264	0.00279	0.00454	0.00644	0.00839	0.06840	0.62021	0.20571	0.04068	0.00440	0.00129	0.00181	0.00817	0.00294	0.00260
3	0.00640	0.03209	0.79971	0.00892	0.01339	0.00738	0.03307	0.01003	0.01878	0.01011	0.02787	0.00722	0.00478	0.00311	0.00304	0.00100	0.00457	0.00247	0.00143	0.00463
4	0.00575	0.00475	0.02235	0.02882	0.10294	0.02295	0.05522	0.03048	0.00563	0.01904	0.00886	0.01673	0.00947	0.60495	0.03272	0.00251	0.01813	0.00409	0.00188	0.00274
5	0.00482	0.00312	0.00385	0.00403	0.00422	0.00306	0.00257	0.01959	0.00543	0.02926	0.01233	0.31011	0.01415	0.45750	0.02140	0.07187	0.00270	0.02541	0.00232	0.00228
6	0.09998	0.00686	0.00764	0.00609	0.00828	0.00723	0.00499	0.41022	0.03923	0.24814	0.02212	0.03254	0.00728	0.00410	0.00307	0.00098	0.00293	0.02557	0.05788	0.00487
7	0.05132	0.03380	0.27652	0.04809	0.18314	0.03584	0.08420	0.09191	0.02186	0.03398	0.02766	0.01792	0.00614	0.00418	0.03294	0.00114	0.00418	0.03886	0.00188	0.00445
8	0.00788	0.00749	0.01262	0.01887	0.82908	0.00752	0.00953	0.02291	0.02154	0.01055	0.00626	0.00831	0.00529	0.00295	0.00316	0.00095	0.00373	0.01472	0.00164	0.00500
9	0.01011	0.01155	0.00878	0.02336	0.06157	0.53597	0.02794	0.09307	0.02021	0.00924	0.00623	0.02613	0.00537	0.02821	0.09015	0.00135	0.01694	0.00262	0.01741	0.00379
10	0.00840	0.70946	0.12255	0.00622	0.00913	0.06357	0.02541	0.00977	0.00665	0.00786	0.00464	0.00540	0.00408	0.00278	0.00224	0.00074	0.00374	0.00184	0.00138	0.00413
11	0.01032	0.00558	0.00643	0.00531	0.00712	0.01702	0.00427	0.13656	0.14444	0.33243	0.01097	0.01066	0.00774	0.00392	0.00304	0.00093	0.01895	0.00311	0.26664	0.00457
12	0.08935	0.00840	0.00889	0.00691	0.00931	0.02410	0.00570	0.67162	0.01311	0.06767	0.00741	0.00750	0.00529	0.00375	0.00327	0.00095	0.03152	0.00273	0.00299	0.02951
13	0.00396	0.00289	0.00380	0.00446	0.00471	0.00274	0.00306	0.00456	0.00615	0.00815	0.01793	0.78506	0.06365	0.01852	0.00426	0.00130	0.01459	0.04468	0.00291	0.00260
14	0.00476	0.00317	0.00384	0.00393	0.00423	0.00308	0.00260	0.00523	0.00584	0.03004	0.11966	0.14131	0.05001	0.51450	0.01097	0.00228	0.00263	0.08713	0.00245	0.00236
15	0.03609	0.00353	0.00446	0.00449	0.00533	0.00335	0.00348	0.00661	0.01987	0.06694	0.36760	0.16594	0.09580	0.01893	0.00396	0.00117	0.00199	0.17250	0.01492	0.00307
16	0.00453	0.00315	0.00376	0.00387	0.00411	0.00311	0.00250	0.00504	0.01763	0.00750	0.09145	0.13945	0.06072	0.54608	0.03697	0.00246	0.00282	0.06024	0.00234	0.00228
17	0.58167	0.00637	0.00579	0.00489	0.00693	0.00710	0.00403	0.17337	0.00771	0.09907	0.00687	0.00759	0.02308	0.00346	0.00241	0.00098	0.00264	0.02039	0.03167	0.00396
18	0.01068	0.00829	0.00911	0.00721	0.00945	0.03550	0.04217	0.62979	0.10068	0.01735	0.00878	0.07045	0.00701	0.02413	0.00355	0.00104	0.00341	0.00342	0.00302	0.00498
19	0.00937	0.04320	0.00959	0.00776	0.00900	0.16955	0.00633	0.24099	0.07685	0.01147	0.00595	0.00722	0.00492	0.00445	0.00615	0.00111	0.37717	0.00269	0.00207	0.00418
20	0.01153	0.01090	0.00951	0.00777	0.00997	0.31072	0.03743	0.47559	0.07033	0.01492	0.00699	0.00728	0.00521	0.00361	0.00309	0.00092	0.00427	0.00266	0.00258	0.00473
21	0.00781	0.00749	0.01280	0.03880	0.84974	0.00753	0.00971	0.00970	0.00720	0.01031	0.00596	0.00786	0.00501	0.00283	0.00314	0.00094	0.00378	0.00283	0.00157	0.00499
22	0.00782	0.00750	0.01282	0.03438	0.85408	0.00753	0.00972	0.00971	0.00721	0.01032	0.00596	0.00786	0.00501	0.00283	0.00314	0.00094	0.00378	0.00283	0.00157	0.00500
23	0.00609	0.00575	0.00965	0.82242	0.05446	0.00714	0.00879	0.00815	0.00633	0.00818	0.00561	0.00839	0.00426	0.00323	0.00338	0.00106	0.02929	0.00282	0.00142	0.00358
24	0.00661	0.00574	0.00712	0.06168	0.05642	0.00459	0.00442	0.00809	0.00660	0.01019	0.00566	0.00677	0.00469	0.00243	0.00245	0.00053	0.00255	0.00199	0.00183	0.79965
25	0.00998	0.09353	0.01029	0.00853	0.04570	0.48666	0.02909	0.01088	0.00753	0.02403	0.00489	0.00625	0.00423	0.00381	0.00485	0.00097	0.24114	0.00231	0.00158	0.00376
26	0.04918	0.01836	0.00783	0.00698	0.00860	0.54481	0.00532	0.05171	0.12316	0.02698	0.00693	0.00749	0.00547	0.00348	0.00280	0.00086	0.00442	0.00241	0.11932	0.00387
27	0.00394	0.00290	0.00367	0.00420	0.00458	0.00266	0.00289	0.00461	0.00649	0.00853	0.08732	0.64131	0.15950	0.02819	0.00424	0.00127	0.00182	0.02629	0.00297	0.00262
28	0.00605	0.00505	0.00549	0.00506	0.00642	0.00541	0.00389	0.01118	0.44291	0.01204	0.24007	0.01924	0.21283	0.00573	0.00348	0.00105	0.00204	0.00486	0.00323	0.00395
29	0.00436	0.00305	0.00375	0.00405	0.00437	0.00291	0.00275	0.00480	0.00590	0.00773	0.05638	0.28961	0.13161	0.31266	0.00864	0.04931	0.00239	0.10083	0.00253	0.00236
30	0.44496	0.00502	0.00480	0.00424	0.00589	0.00529	0.00340	0.02084	0.00699	0.14075	0.16022	0.02730	0.12128	0.00452	0.00275	0.00099	0.00219	0.00346	0.03156	0.00355
31	0.00599	0.00564	0.00951	0.88090	0.02185	0.00705	0.00881	0.00810	0.00634	0.00810	0.00564	0.00846	0.00423	0.00317	0.00317	0.00106	0.00423	0.00282	0.00141	0.00352
32	0.00582	0.00462	0.00536	0.00539	0.00644	0.00492	0.00426	0.01867	0.30735	0.01045	0.02862	0.11670	0.11549	0.07658	0.00477	0.00138	0.00250	0.27417	0.00297	0.00354
33	0.00459	0.00317	0.00393	0.00393	0.00410	0.00333	0.00251	0.00492	0.00475	0.00650	0.00956	0.01836	0.01049	0.63889	0.26436	0.00366	0.00464	0.00426	0.00186	0.00218
34	0.12957	0.44843	0.11070	0.00628	0.00890	0.17469	0.00602	0.04714	0.00724	0.02868	0.00497	0.00564	0.00413	0.00296	0.00237	0.00080	0.00385	0.00192	0.00163	0.00407
35	0.10977	0.00591	0.03445	0.02935	0.00746	0.04344	0.02728	0.07481	0.01622	0.02159	0.00713	0.01038	0.00647	0.10129	0.30710	0.00268	0.16061	0.00307	0.02766	0.00334
36	0.02230	0.00809	0.06515	0.06998	0.35974	0.03461	0.13316	0.02112	0.05820	0.00996	0.00635	0.00863	0.00531	0.00359	0.00450	0.00107	0.15672	0.02543	0.00168	0.00441
37	0.00426	0.00320	0.00397	0.00405	0.00474	0.00295	0.00296	0.00554	0.02730	0.01056	0.42660	0.25409	0.20000	0.00773	0.00383	0.00110	0.00167	0.02937	0.00321	0.00286
38	0.00424	0.00306	0.00410	0.00461	0.00492	0.00304	0.00321	0.02743	0.00613	0.00826	0.01547	0.67202	0.01803	0.03955	0.14991	0.00197	0.00306	0.02559	0.00271	0.00268
39	0.00848	0.89043	0.01662	0.00543	0.00814	0.01255	0.00543	0.00950	0.00645	0.00746	0.00441	0.00509	0.00407	0.00271	0.00204	0.00068	0.00339	0.00170	0.00136	0.00407
40	0.00515	0.00382	0.00560	0.00607	0.00689	0.00379	0.03972	0.00663	0.00727	0.00947	0.01659	0.05931	0.02863	0.00854	0.00434	0.00143	0.00297	0.77796	0.00287	0.00296
41	0.00457	0.00321	0.00366	0.00366	0.00446	0.00287	0.00266	0.00549	0.00721	0.04022	0.19587	0.14066	0.39052	0.08811	0.00478	0.00124	0.00180	0.01763	0.07860	0.00278
42	0.02429	0.01620	0.85489	0.00894	0.01358	0.00736	0.01156	0.01003	0.00667	0.01013	0.00567	0.00667	0.00401	0.00301	0.00299	0.00100	0.00464	0.00233	0.00135	0.00466
43	0.00412	0.00291	0.00378	0.00432	0.00454	0.00277	0.00291	0.00470	0.00610	0.00816	0.07364	0.61715	0.01973	0.16481	0.00619	0.00160	0.00211	0.06516	0.00280	0.00251
44	0.49903	0.00620	0.00661	0.02812	0.00775	0.02836	0.07388	0.07234	0.00657	0.01255	0.00705	0.07615	0.00652	0.00509	0.04319	0.00125	0.04199	0.07171	0.00212	0.00353
45	0.00430	0.00323	0.00383	0.00387	0.00467	0.00290	0.00284	0.00544	0.02161	0.02532	0.31430	0.20661	0.36186	0.00778	0.00380	0.00110	0.00167	0.01887	0.00315	0.00285
46	0.00742	0.19768	0.30891	0.00724	0.02204	0.03797	0.05434	0.02278	0.03589	0.07966	0.07048	0.11459	0.00860	0.00416	0.00303	0.00096	0.00360	0.00346	0.01300	0.00418

[dist]
# distance from previous block
# <min> <max>
12	23

[block]
# block no. 4 follows, 90 sequences, length 14
# corresponding to MSA columns:
# 715-728
name=unknown_E
#
# <colnr> <probs for GDERKNQSTAVLIFYWHMCP>
#	G	D	E	R	K	N	Q	S	T	A	V	L	I	F	Y	W	H	M	C	P
0	0.00587	0.00399	0.00450	0.00409	0.00517	0.00384	0.00309	0.08163	0.03589	0.04021	0.20429	0.01963	0.18924	0.12524	0.00499	0.00123	0.00208	0.03410	0.17743	0.05348
1	0.14250	0.02264	0.00777	0.00617	0.00836	0.02887	0.03360	0.23592	0.16031	0.13008	0.02074	0.02938	0.00729	0.00393	0.00298	0.00095	0.00295	0.04047	0.00282	0.11225
2	0.00629	0.02462	0.08295	0.00545	0.00716	0.00450	0.06063	0.05432	0.00788	0.08791	0.23067	0.12622	0.12908	0.04656	0.00403	0.00108	0.00253	0.01612	0.00276	0.09923
3	0.79179	0.00614	0.00476	0.00430	0.00613	0.03264	0.00348	0.00923	0.00560	0.02904	0.00520	0.00673	0.00429	0.04152	0.00268	0.00107	0.00257	0.01987	0.01955	0.00339
4	0.00601	0.00490	0.00574	0.00551	0.00647	0.02388	0.01820	0.04958	0.23774	0.01087	0.10956	0.29395	0.04474	0.00677	0.00403	0.00115	0.05456	0.06789	0.04486	0.00357
5	0.00766	0.00744	0.01198	0.10611	0.70872	0.03666	0.00919	0.00963	0.02347	0.01004	0.00689	0.00866	0.03326	0.00308	0.00316	0.00096	0.00379	0.00294	0.00163	0.00475
6	0.00658	0.00564	0.00658	0.00470	0.00752	0.00423	0.00376	0.00799	0.00658	0.01034	0.00564	0.00658	0.00470	0.00235	0.00235	0.00047	0.00235	0.00188	0.00188	0.90792
7	0.00499	0.00323	0.00408	0.00450	0.00513	0.00315	0.00359	0.00625	0.00700	0.01010	0.08502	0.19994	0.04709	0.00736	0.00363	0.00117	0.00213	0.34105	0.25775	0.00286
8	0.00423	0.00305	0.00381	0.00418	0.00457	0.00287	0.00293	0.00490	0.00637	0.00840	0.10707	0.39619	0.13003	0.19638	0.00659	0.00163	0.00217	0.10931	0.00278	0.00254
9	0.00574	0.00449	0.00544	0.00501	0.00591	0.00477	0.00388	0.10813	0.03545	0.02619	0.25107	0.16877	0.21497	0.00691	0.00462	0.00112	0.12118	0.02011	0.00294	0.00331
10	0.00452	0.00306	0.00346	0.00352	0.00358	0.00302	0.00202	0.00460	0.00483	0.00640	0.01151	0.08356	0.04976	0.78659	0.01473	0.00286	0.00292	0.00502	0.00204	0.00200
11	0.01046	0.00874	0.04015	0.00790	0.01014	0.16963	0.15515	0.17167	0.04034	0.22013	0.05077	0.02450	0.02687	0.00394	0.00361	0.00099	0.04457	0.00328	0.00265	0.00452
12	0.84021	0.00635	0.00504	0.00442	0.00643	0.00733	0.00364	0.07611	0.00615	0.01468	0.00467	0.00535	0.00359	0.00301	0.00206	0.00098	0.00254	0.00181	0.00206	0.00359
13	0.00861	0.14677	0.16791	0.00673	0.00951	0.00758	0.04352	0.08951	0.18012	0.12990	0.00821	0.00844	0.00612	0.00422	0.04074	0.00106	0.00353	0.00270	0.00235	0.13247

[dist]
# distance from previous block
# <min> <max>
4	24

[block]
# block no. 5 follows, 90 sequences, length 17
# corresponding to MSA columns:
# 753-769
name=unknown_F
#
# <colnr> <probs for GDERKNQSTAVLIFYWHMCP>
#	G	D	E	R	K	N	Q	S	T	A	V	L	I	F	Y	W	H	M	C	P
0	0.07076	0.03703	0.22675	0.02494	0.02844	0.09493	0.05023	0.02170	0.07573	0.02520	0.00626	0.00725	0.00490	0.00373	0.03093	0.00099	0.04217	0.00239	0.00181	0.24385
1	0.00752	0.12580	0.31563	0.07666	0.02726	0.02185	0.02354	0.06199	0.04577	0.08764	0.15012	0.01057	0.02463	0.00384	0.00308	0.00096	0.00356	0.00313	0.00218	0.00430
2	0.00475	0.00365	0.00506	0.00513	0.00555	0.00416	0.00387	0.00587	0.03453	0.00774	0.01094	0.20819	0.01159	0.11316	0.43183	0.00336	0.07995	0.05574	0.00210	0.00281
3	0.04811	0.00696	0.02858	0.16938	0.21642	0.02022	0.12332	0.05097	0.16044	0.02081	0.04172	0.01121	0.07031	0.00380	0.00327	0.00102	0.00355	0.01345	0.00215	0.00430
4	0.00628	0.00589	0.01008	0.40115	0.05130	0.00672	0.14722	0.00829	0.02945	0.02051	0.00852	0.07498	0.02548	0.00455	0.00422	0.00115	0.09517	0.09359	0.00183	0.00362
5	0.00504	0.00319	0.00398	0.00418	0.00484	0.00287	0.00295	0.00577	0.00677	0.10037	0.06784	0.49492	0.21469	0.04757	0.00438	0.00126	0.00191	0.00738	0.01719	0.00290
6	0.08304	0.00727	0.01193	0.08526	0.73084	0.00746	0.00914	0.00957	0.00700	0.01051	0.00581	0.00767	0.00483	0.00286	0.00304	0.00095	0.00369	0.00273	0.00159	0.00477
7	0.01172	0.01043	0.00918	0.00744	0.00962	0.25372	0.00597	0.57796	0.01280	0.01606	0.00686	0.00719	0.00508	0.00369	0.00320	0.00092	0.02191	0.00263	0.02882	0.00480
8	0.00451	0.00323	0.00453	0.00496	0.00545	0.00307	0.02782	0.00537	0.00651	0.02676	0.03431	0.55831	0.05466	0.02812	0.02293	0.00142	0.00236	0.20002	0.00288	0.00277
9	0.00431	0.00298	0.00371	0.00410	0.00427	0.00288	0.00268	0.00468	0.00554	0.00735	0.01430	0.41668	0.03188	0.38235	0.00935	0.01876	0.00247	0.07693	0.00248	0.00231
10	0.00451	0.00351	0.00412	0.00428	0.00507	0.00334	0.00317	0.02069	0.08047	0.00974	0.15705	0.31023	0.30134	0.00808	0.00384	0.00116	0.00188	0.07149	0.00306	0.00296
11	0.00861	0.85777	0.01636	0.00550	0.00820	0.01245	0.00545	0.04095	0.00676	0.00793	0.00453	0.00518	0.00412	0.00275	0.00208	0.00069	0.00340	0.00174	0.00142	0.00412
12	0.00499	0.00339	0.00413	0.00428	0.00457	0.00341	0.00295	0.02990	0.02176	0.00756	0.01205	0.09841	0.02566	0.49395	0.01144	0.07791	0.00289	0.18619	0.00226	0.00232
13	0.00461	0.00310	0.00359	0.00359	0.00364	0.00315	0.00209	0.00470	0.00465	0.00625	0.00987	0.02008	0.01124	0.81763	0.08663	0.00324	0.00352	0.00451	0.00190	0.00200
14	0.00711	0.00715	0.01055	0.39590	0.19740	0.09225	0.07910	0.00890	0.00673	0.00881	0.00598	0.02278	0.00491	0.00374	0.01701	0.00109	0.08835	0.00294	0.03545	0.00387
15	0.70618	0.00594	0.00551	0.15419	0.00881	0.00691	0.00435	0.00911	0.00570	0.03306	0.00570	0.00666	0.03122	0.00317	0.00226	0.00100	0.00274	0.00210	0.00195	0.00347
16	0.00714	0.06851	0.49349	0.00795	0.01172	0.00702	0.06541	0.00998	0.02155	0.06283	0.00615	0.00704	0.00455	0.00299	0.00309	0.00089	0.02906	0.00239	0.00166	0.18659

[dist]
# distance from previous block
# <min> <max>
3	8

[block]
# block no. 6 follows, 90 sequences, length 14
# corresponding to MSA columns:
# 778-791
name=unknown_G
#
# <colnr> <probs for GDERKNQSTAVLIFYWHMCP>
#	G	D	E	R	K	N	Q	S	T	A	V	L	I	F	Y	W	H	M	C	P
0	0.01819	0.00726	0.02551	0.01004	0.21258	0.08096	0.10674	0.10095	0.05240	0.15422	0.01013	0.14266	0.03408	0.00494	0.02371	0.00112	0.00361	0.00402	0.00248	0.00441
1	0.00474	0.03066	0.00595	0.00492	0.00617	0.00384	0.09520	0.00597	0.00751	0.00988	0.25214	0.10369	0.35630	0.00689	0.01450	0.00108	0.01349	0.01818	0.00280	0.05610
2	0.02846	0.36225	0.01141	0.32721	0.01272	0.03598	0.00629	0.02059	0.00664	0.03749	0.00658	0.08507	0.00592	0.00364	0.00272	0.00090	0.00352	0.00288	0.03600	0.00373
3	0.00471	0.00332	0.00428	0.00439	0.00501	0.00311	0.00314	0.03910	0.00765	0.02750	0.35474	0.46740	0.02323	0.00800	0.00383	0.00113	0.00180	0.00716	0.00316	0.02732
4	0.04796	0.00952	0.22703	0.00809	0.02699	0.03723	0.11683	0.10840	0.05868	0.27524	0.00840	0.00853	0.00580	0.00348	0.00336	0.00100	0.03022	0.00289	0.00254	0.01782
5	0.85795	0.00617	0.00481	0.00431	0.00626	0.00716	0.00353	0.00977	0.05572	0.01417	0.00491	0.00554	0.00380	0.00302	0.00204	0.00099	0.00246	0.00183	0.00204	0.00353
6	0.00392	0.00286	0.00368	0.00431	0.00462	0.00265	0.00295	0.00453	0.00623	0.00817	0.01901	0.72643	0.12133	0.03126	0.00432	0.00131	0.00189	0.04501	0.00292	0.00259
7	0.00702	0.01263	0.47040	0.03983	0.01498	0.00771	0.34704	0.04355	0.00732	0.01042	0.00605	0.00753	0.00439	0.00292	0.00331	0.00103	0.00489	0.00294	0.00152	0.00451
8	0.00589	0.00530	0.00746	0.00674	0.00703	0.00700	0.00547	0.00694	0.02292	0.00779	0.00668	0.04150	0.00646	0.01263	0.34201	0.00278	0.46987	0.00327	0.02902	0.00321
9	0.00517	0.00342	0.00435	0.00410	0.00499	0.00313	0.00310	0.00661	0.02091	0.07503	0.60543	0.08176	0.12254	0.00667	0.00370	0.00103	0.00166	0.02222	0.02105	0.00313
10	0.00395	0.00311	0.00355	0.00379	0.00453	0.00275	0.00277	0.00475	0.00695	0.00870	0.08135	0.26907	0.49407	0.03339	0.00423	0.00121	0.00180	0.06442	0.00295	0.00267
11	0.00987	0.00745	0.00856	0.00696	0.00877	0.02316	0.01904	0.49615	0.02580	0.05055	0.08988	0.01185	0.00890	0.00474	0.00432	0.00106	0.12317	0.08006	0.01511	0.00459
12	0.00433	0.00313	0.00364	0.00367	0.00413	0.00294	0.00245	0.00494	0.00640	0.00845	0.20728	0.10183	0.21613	0.38321	0.00908	0.00194	0.00227	0.02914	0.00263	0.00242
13	0.03777	0.00719	0.00768	0.00649	0.00850	0.00807	0.00517	0.26517	0.50594	0.05909	0.04638	0.01081	0.00896	0.00418	0.00319	0.00103	0.00277	0.00338	0.00322	0.00502

[dist]
# distance from previous block
# <min> <max>
4	59

[block]
# block no. 7 follows, 90 sequences, length 14
# corresponding to MSA columns:
# 852-864,881
name=unknown_H
#
# <colnr> <probs for GDERKNQSTAVLIFYWHMCP>
#	G	D	E	R	K	N	Q	S	T	A	V	L	I	F	Y	W	H	M	C	P
0	0.00808	0.00749	0.03907	0.01141	0.33771	0.10068	0.03637	0.02350	0.06635	0.08750	0.03911	0.11602	0.01888	0.00422	0.00340	0.00098	0.02545	0.00370	0.02209	0.04800
1	0.00403	0.00319	0.00364	0.00367	0.00454	0.00280	0.00274	0.00503	0.00762	0.00977	0.27471	0.12370	0.49606	0.00782	0.00380	0.00109	0.00165	0.03828	0.00310	0.00277
2	0.00599	0.00529	0.00744	0.03984	0.03707	0.02215	0.03184	0.00704	0.02446	0.02958	0.00896	0.21779	0.00943	0.05536	0.15201	0.00200	0.33404	0.00451	0.00196	0.00324
3	0.00439	0.00311	0.00391	0.00427	0.00462	0.00299	0.00302	0.00506	0.00624	0.00826	0.09899	0.30456	0.08345	0.27897	0.00777	0.00183	0.00238	0.17101	0.00268	0.00249
4	0.00609	0.00574	0.00969	0.83487	0.06710	0.00707	0.00886	0.00819	0.00639	0.00822	0.00566	0.00842	0.00427	0.00315	0.00317	0.00105	0.00420	0.00282	0.00142	0.00360
5	0.00773	0.00565	0.00628	0.00533	0.00674	0.02748	0.00417	0.29292	0.06348	0.02958	0.37525	0.01536	0.01643	0.02320	0.00417	0.05479	0.00246	0.00415	0.05097	0.00386
6	0.00463	0.00355	0.00530	0.00524	0.00578	0.00421	0.00409	0.00575	0.00509	0.00737	0.00831	0.01222	0.00777	0.02300	0.83870	0.00494	0.04612	0.00337	0.00169	0.00286
7	0.03173	0.00602	0.00901	0.26068	0.27497	0.00666	0.00722	0.02521	0.15322	0.01008	0.00904	0.14869	0.00830	0.00447	0.00340	0.00107	0.01567	0.01834	0.00209	0.00411
8	0.00452	0.00359	0.00403	0.00400	0.00495	0.00334	0.00295	0.01854	0.08521	0.00992	0.17766	0.21153	0.40374	0.00754	0.00369	0.00108	0.00176	0.00649	0.01980	0.02567
9	0.00640	0.00562	0.00890	0.20168	0.22842	0.02135	0.06774	0.01644	0.02848	0.03326	0.05488	0.19559	0.01941	0.00520	0.00357	0.00110	0.01264	0.06856	0.01698	0.00378
10	0.00588	0.00465	0.00538	0.00541	0.00636	0.00501	0.00401	0.05577	0.32479	0.01075	0.01521	0.46392	0.01577	0.00744	0.00372	0.00120	0.00224	0.05577	0.00306	0.00366
11	0.00662	0.00603	0.00977	0.05682	0.52683	0.00615	0.00746	0.00841	0.03805	0.00952	0.00906	0.12619	0.03782	0.03987	0.09600	0.00152	0.00389	0.00394	0.00188	0.00419
12	0.00769	0.00687	0.01138	0.22947	0.56131	0.00716	0.00890	0.00977	0.03068	0.05559	0.00641	0.00822	0.00510	0.00299	0.00313	0.00096	0.00374	0.00283	0.00171	0.03608
13	0.01162	0.00861	0.00926	0.00721	0.00965	0.00954	0.00595	0.78814	0.05793	0.01931	0.00818	0.00873	0.00602	0.00399	0.00321	0.00097	0.00342	0.02979	0.00317	0.00530

[dist]
# distance from previous block
# <min> <max>
1	4

[block]
# block no. 8 follows, 90 sequences, length 38
# corresponding to MSA columns:
# 886-923
name=unknown_I
#
# <colnr> <probs for GDERKNQSTAVLIFYWHMCP>
#	G	D	E	R	K	N	Q	S	T	A	V	L	I	F	Y	W	H	M	C	P
0	0.03173	0.00697	0.03053	0.04523	0.05166	0.00715	0.24124	0.08212	0.20278	0.02613	0.00861	0.02732	0.00672	0.00367	0.00362	0.00101	0.05899	0.00334	0.13315	0.02802
1	0.00753	0.00699	0.01094	0.34726	0.42951	0.03515	0.00880	0.02888	0.05247	0.03266	0.00639	0.00830	0.00502	0.00310	0.00315	0.00099	0.00391	0.00285	0.00170	0.00443
2	0.00580	0.00504	0.03353	0.00531	0.00645	0.00507	0.00408	0.03241	0.34448	0.01091	0.08501	0.34535	0.08026	0.01640	0.00375	0.00117	0.00221	0.00600	0.00304	0.00372
3	0.00658	0.00564	0.00658	0.00470	0.00752	0.00423	0.00376	0.00799	0.00658	0.01034	0.00564	0.00658	0.00470	0.00235	0.00235	0.00047	0.00235	0.00188	0.00188	0.90792
4	0.00609	0.00574	0.00966	0.82862	0.05785	0.00712	0.00882	0.00817	0.00635	0.00819	0.00563	0.00840	0.00426	0.00320	0.00330	0.00106	0.01973	0.00282	0.00142	0.00359
5	0.00432	0.00325	0.00388	0.00373	0.00461	0.00288	0.00279	0.00552	0.00824	0.02206	0.51752	0.04733	0.34808	0.00713	0.00374	0.00103	0.00156	0.00615	0.00328	0.00289
6	0.00639	0.01624	0.85439	0.00913	0.01379	0.00738	0.02925	0.01005	0.00671	0.01005	0.00571	0.00674	0.00403	0.00301	0.00303	0.00101	0.00470	0.00237	0.00134	0.00468
7	0.00394	0.00284	0.00373	0.00431	0.00461	0.00263	0.00293	0.00463	0.00650	0.00871	0.12801	0.74048	0.05608	0.00941	0.00400	0.00124	0.00179	0.00850	0.00302	0.00263
8	0.00708	0.13450	0.44654	0.00787	0.01122	0.01816	0.06828	0.04409	0.05952	0.03319	0.06881	0.03744	0.02461	0.00371	0.00320	0.00098	0.02154	0.00303	0.00186	0.00437
9	0.00650	0.04446	0.75388	0.00854	0.01288	0.02596	0.01072	0.00983	0.00672	0.00988	0.00592	0.02824	0.00448	0.00314	0.00296	0.00097	0.00446	0.00245	0.00142	0.05660
10	0.00466	0.00363	0.00440	0.00457	0.00544	0.00353	0.00373	0.00604	0.03280	0.00954	0.10919	0.02958	0.37736	0.00778	0.00420	0.00121	0.03941	0.31657	0.03343	0.00291
11	0.91093	0.00613	0.00466	0.00417	0.00613	0.00712	0.00344	0.00932	0.00540	0.01423	0.00442	0.00515	0.00344	0.00294	0.00196	0.00098	0.00245	0.00172	0.00196	0.00344
12	0.00653	0.00558	0.00652	0.00469	0.00746	0.00420	0.00374	0.00792	0.00657	0.01029	0.00586	0.02325	0.00501	0.00249	0.00238	0.00049	0.00234	0.00201	0.00190	0.89076
13	0.00930	0.00736	0.00954	0.35267	0.07518	0.02687	0.00727	0.38131	0.01031	0.05618	0.00691	0.00828	0.00509	0.01738	0.00344	0.00103	0.01216	0.00286	0.00233	0.00452
14	0.00493	0.00323	0.00401	0.00426	0.00480	0.00303	0.00305	0.00561	0.00637	0.06441	0.03493	0.32040	0.15796	0.21947	0.00686	0.00167	0.00231	0.13527	0.01476	0.00269
15	0.00865	0.80884	0.03063	0.00557	0.00828	0.01209	0.00552	0.03239	0.02924	0.02748	0.00492	0.00549	0.00434	0.00282	0.00214	0.00071	0.00338	0.00182	0.00151	0.00417
16	0.00439	0.00298	0.00357	0.00382	0.00390	0.00292	0.00232	0.00458	0.00513	0.00684	0.01251	0.30525	0.01467	0.57249	0.01192	0.01518	0.00266	0.02047	0.00227	0.00215
17	0.00695	0.00661	0.04617	0.15052	0.24985	0.02012	0.03553	0.08606	0.08878	0.01165	0.23079	0.01289	0.03209	0.00419	0.00334	0.00100	0.00318	0.00374	0.00237	0.00417
18	0.00413	0.00309	0.00377	0.00397	0.00463	0.00280	0.00290	0.00512	0.00736	0.00978	0.27300	0.30390	0.27849	0.00812	0.00384	0.00113	0.00172	0.05428	0.02520	0.00276
19	0.32607	0.00583	0.00774	0.50993	0.02966	0.00706	0.00678	0.00851	0.00601	0.01033	0.00547	0.00796	0.00433	0.00330	0.00297	0.00105	0.02698	0.02487	0.00165	0.00350
20	0.00599	0.00564	0.00951	0.88090	0.02185	0.00705	0.00881	0.00810	0.00634	0.00810	0.00564	0.00846	0.00423	0.00317	0.00317	0.00106	0.00423	0.00282	0.00141	0.00352
21	0.00706	0.02420	0.02340	0.08990	0.03153	0.04455	0.00516	0.06383	0.28526	0.03925	0.10354	0.05767	0.12100	0.00565	0.02662	0.00117	0.04402	0.01945	0.00273	0.00402
22	0.00704	0.00708	0.01234	0.13901	0.28680	0.00785	0.19667	0.00878	0.00653	0.00919	0.00668	0.00907	0.03633	0.00408	0.01760	0.00117	0.22567	0.01243	0.00158	0.00411
23	0.03569	0.01571	0.13812	0.00582	0.00754	0.00505	0.04091	0.04334	0.11322	0.06064	0.01326	0.25859	0.08503	0.08055	0.01906	0.00132	0.00290	0.02228	0.00254	0.04843
24	0.02664	0.00548	0.00707	0.00533	0.00788	0.00457	0.00436	0.01304	0.00824	0.58943	0.01024	0.00939	0.00680	0.00342	0.00291	0.00082	0.00259	0.00276	0.00326	0.28576
25	0.02315	0.23273	0.05373	0.00667	0.00933	0.00989	0.00594	0.49653	0.04183	0.03681	0.00688	0.00707	0.00514	0.00343	0.00282	0.00087	0.00340	0.00251	0.00256	0.04871
26	0.00784	0.24141	0.23274	0.02241	0.00999	0.00762	0.04750	0.03498	0.00712	0.09017	0.00696	0.00758	0.03380	0.00303	0.00267	0.00078	0.00345	0.00237	0.00185	0.23573
27	0.02507	0.56329	0.20110	0.00636	0.00946	0.01067	0.00677	0.08047	0.00733	0.05596	0.00539	0.00596	0.00436	0.00294	0.00240	0.00079	0.00363	0.00201	0.00165	0.00437
28	0.00463	0.00329	0.00434	0.00481	0.00534	0.00317	0.00363	0.02475	0.01653	0.01962	0.13457	0.47700	0.04313	0.00882	0.00405	0.00128	0.00213	0.23301	0.00303	0.00285
29	0.00479	0.00490	0.11223	0.00527	0.00621	0.00384	0.01604	0.00591	0.00596	0.00821	0.05726	0.20346	0.01354	0.17821	0.19730	0.03317	0.00411	0.13454	0.00223	0.00283
30	0.00773	0.00777	0.03799	0.09003	0.72910	0.02490	0.00950	0.00989	0.03364	0.01020	0.00612	0.00795	0.00505	0.00291	0.00314	0.00096	0.00383	0.00282	0.00160	0.00486
31	0.00666	0.01807	0.35586	0.04732	0.02987	0.00636	0.11755	0.02873	0.08373	0.05665	0.00975	0.19357	0.02249	0.00469	0.00337	0.00108	0.00374	0.00420	0.00210	0.00419
32	0.01391	0.00591	0.00768	0.00589	0.00835	0.00542	0.00486	0.13865	0.00993	0.74654	0.01180	0.01033	0.00749	0.00391	0.00319	0.00098	0.00281	0.00314	0.00382	0.00540
33	0.00532	0.00386	0.00511	0.05302	0.01794	0.00416	0.00432	0.01563	0.04130	0.00954	0.01348	0.24827	0.01419	0.01828	0.02867	0.00134	0.06778	0.26830	0.17647	0.00304
34	0.00747	0.00700	0.01189	0.22533	0.58725	0.00733	0.03683	0.00960	0.02956	0.02589	0.01793	0.00839	0.00534	0.00301	0.00318	0.00098	0.00385	0.00292	0.00165	0.00462
35	0.00673	0.00666	0.01224	0.26596	0.19682	0.00692	0.27071	0.00914	0.04276	0.00983	0.06701	0.02373	0.01460	0.00366	0.00347	0.00106	0.00409	0.04874	0.00184	0.00405
36	0.07134	0.00569	0.00662	0.00487	0.00750	0.00465	0.00393	0.00878	0.00668	0.09253	0.00616	0.00689	0.00489	0.00265	0.00266	0.00058	0.03109	0.00202	0.00206	0.72839
37	0.00792	0.00738	0.02156	0.11904	0.62915	0.02504	0.01831	0.03876	0.00741	0.04171	0.00655	0.03660	0.00552	0.00323	0.00329	0.00098	0.01805	0.00303	0.00173	0.00473

[dist]
# distance from previous block
# <min> <max>
4	12

[block]
# block no. 9 follows, 90 sequences, length 16
# corresponding to MSA columns:
# 936-951
name=unknown_J
#
# <colnr> <probs for GDERKNQSTAVLIFYWHMCP>
#	G	D	E	R	K	N	Q	S	T	A	V	L	I	F	Y	W	H	M	C	P
0	0.02916	0.00687	0.00994	0.03630	0.41476	0.01833	0.02821	0.04756	0.16814	0.03195	0.06605	0.01031	0.02357	0.00356	0.00314	0.00095	0.00322	0.01329	0.00221	0.08249
1	0.00726	0.00698	0.02607	0.12022	0.51489	0.02734	0.05833	0.00909	0.00732	0.03276	0.07576	0.01086	0.06981	0.00361	0.00336	0.00098	0.01571	0.00337	0.00186	0.00442
2	0.00785	0.00754	0.01287	0.01947	0.86874	0.00754	0.00973	0.00973	0.00722	0.01036	0.00597	0.00785	0.00502	0.00283	0.00314	0.00094	0.00377	0.00283	0.00157	0.00502
3	0.01186	0.01482	0.00901	0.00813	0.00981	0.83398	0.00612	0.05349	0.00927	0.00835	0.00503	0.00581	0.00415	0.00329	0.00288	0.00082	0.00561	0.00208	0.00171	0.00376
4	0.00430	0.00343	0.00411	0.00434	0.03594	0.00309	0.00308	0.00554	0.02397	0.01017	0.32091	0.10117	0.42208	0.00742	0.00376	0.00107	0.00173	0.03788	0.00309	0.00292
5	0.05095	0.07343	0.17945	0.05029	0.05216	0.00867	0.05440	0.35244	0.09008	0.02921	0.02395	0.00801	0.00575	0.00349	0.00305	0.00097	0.00368	0.00280	0.00240	0.00482
6	0.00666	0.00626	0.03191	0.11677	0.09672	0.00683	0.04598	0.03192	0.24174	0.01059	0.06996	0.04855	0.06882	0.00504	0.00447	0.00113	0.13186	0.06837	0.00240	0.00401
7	0.00871	0.77415	0.01551	0.00570	0.00828	0.07879	0.00546	0.01015	0.05401	0.00781	0.00492	0.00551	0.00438	0.00284	0.00216	0.00071	0.00352	0.00183	0.00148	0.00409
8	0.02450	0.03580	0.09131	0.00615	0.03169	0.09145	0.00510	0.09860	0.10723	0.10865	0.14807	0.04803	0.09371	0.04706	0.00384	0.00106	0.00297	0.00390	0.00271	0.04818
9	0.00454	0.00322	0.00402	0.00437	0.00476	0.00312	0.00319	0.00523	0.00613	0.00801	0.04456	0.18427	0.10183	0.33625	0.00861	0.00198	0.00260	0.26829	0.00258	0.00246
10	0.87215	0.00619	0.00501	0.00483	0.04318	0.00713	0.00371	0.00934	0.00548	0.01407	0.00448	0.00527	0.00350	0.00294	0.00201	0.00098	0.00251	0.00177	0.00195	0.00350
11	0.00915	0.43545	0.01215	0.00616	0.00849	0.08363	0.00540	0.09906	0.26008	0.03998	0.00756	0.00758	0.00599	0.00338	0.00261	0.00085	0.00332	0.00245	0.00221	0.00450
12	0.00747	0.00727	0.03779	0.03625	0.50330	0.00720	0.06212	0.02472	0.16628	0.01092	0.02944	0.04179	0.00759	0.00372	0.00329	0.00102	0.00351	0.03957	0.00205	0.00471
13	0.00478	0.00402	0.01657	0.03668	0.02873	0.00416	0.00399	0.00600	0.03263	0.00914	0.17801	0.27061	0.14315	0.05395	0.06022	0.00152	0.10433	0.03590	0.00263	0.00297
14	0.81582	0.00606	0.00495	0.00433	0.00634	0.00686	0.00357	0.00997	0.00579	0.10510	0.00528	0.00575	0.00390	0.00305	0.00209	0.00098	0.00248	0.00187	0.00217	0.00364
15	0.00632	0.00612	0.01073	0.70947	0.06668	0.00721	0.10970	0.00865	0.02773	0.00860	0.00593	0.00852	0.00448	0.00312	0.00324	0.00105	0.00429	0.00295	0.00149	0.00373

[dist]
# distance from previous block
# <min> <max>
0	3

[block]
# block no. 10 follows, 90 sequences, length 23
# corresponding to MSA columns:
# 955-960,962-965,971-983
name=unknown_K
#
# <colnr> <probs for GDERKNQSTAVLIFYWHMCP>
#	G	D	E	R	K	N	Q	S	T	A	V	L	I	F	Y	W	H	M	C	P
0	0.55482	0.02083	0.05082	0.00648	0.03600	0.01547	0.12972	0.00991	0.03957	0.03804	0.00549	0.00635	0.00420	0.00294	0.00244	0.00095	0.00308	0.00221	0.00196	0.06873
1	0.02680	0.00738	0.02379	0.13158	0.59018	0.00753	0.03835	0.05504	0.01875	0.04425	0.00630	0.00802	0.00504	0.00304	0.00328	0.00098	0.02032	0.00285	0.00175	0.00477
2	0.00739	0.00840	0.01832	0.01313	0.01626	0.00788	0.83462	0.01001	0.00745	0.01011	0.00671	0.03178	0.00524	0.00287	0.00375	0.00108	0.00525	0.00388	0.00164	0.00423
3	0.00867	0.62475	0.04859	0.03527	0.06146	0.12338	0.02855	0.00989	0.00683	0.00787	0.00471	0.00563	0.00415	0.00286	0.00245	0.00076	0.01675	0.00194	0.00141	0.00408
4	0.00415	0.00314	0.00388	0.00426	0.00477	0.00301	0.00299	0.00521	0.04513	0.00847	0.04829	0.50150	0.20787	0.05138	0.07329	0.00161	0.00241	0.02309	0.00283	0.00272
5	0.21040	0.11897	0.00918	0.05936	0.03825	0.14952	0.00565	0.23309	0.02732	0.04863	0.00610	0.00700	0.00476	0.00349	0.00316	0.00094	0.05602	0.01173	0.00219	0.00424
