[name]
unknown

[dist]
# distance from previous block
# <min> <max>
9	138

[block]
# block no. 0 follows, 82 sequences, length 8
# corresponding to MSA columns:
# 142-149
name=unknown_A
#
# <colnr> <probs for GDERKNQSTAVLIFYWHMCP>
#	G	D	E	R	K	N	Q	S	T	A	V	L	I	F	Y	W	H	M	C	P
0	0.00855	0.02240	0.04730	0.00740	0.02873	0.01845	0.02191	0.26837	0.03776	0.02682	0.03844	0.03066	0.02765	0.10484	0.13601	0.00205	0.16220	0.00370	0.00248	0.00426
1	0.01175	0.00932	0.01006	0.00903	0.10018	0.05917	0.00665	0.58561	0.10679	0.01855	0.00860	0.00880	0.00632	0.00401	0.00336	0.00102	0.00373	0.00312	0.03839	0.00552
2	0.05054	0.08871	0.08237	0.00747	0.04915	0.07822	0.02572	0.10465	0.13677	0.08704	0.00795	0.00831	0.00604	0.00342	0.00299	0.00088	0.00350	0.00267	0.00245	0.25115
3	0.00594	0.05690	0.02443	0.02391	0.00609	0.00448	0.00370	0.00760	0.08174	0.04588	0.24896	0.05607	0.19395	0.08761	0.00599	0.09679	0.00237	0.00524	0.03911	0.00327
4	0.00760	0.00698	0.00815	0.05896	0.09405	0.06047	0.00523	0.00946	0.03596	0.01093	0.00633	0.00748	0.00521	0.00277	0.00274	0.00064	0.00305	0.00226	0.00200	0.66972
5	0.00911	0.19577	0.08774	0.02386	0.10523	0.06372	0.10228	0.04298	0.10361	0.08216	0.00788	0.03822	0.00637	0.00366	0.00333	0.00097	0.02525	0.00306	0.00219	0.09259
6	0.06145	0.08840	0.04710	0.01732	0.00772	0.03229	0.02476	0.09030	0.02088	0.17018	0.07353	0.06659	0.10744	0.14883	0.01662	0.00149	0.00320	0.01502	0.00284	0.00402
7	0.15324	0.00519	0.03644	0.00447	0.00591	0.03405	0.00360	0.00814	0.03543	0.04032	0.06819	0.10925	0.20657	0.00575	0.00318	0.00102	0.00226	0.00470	0.22036	0.05194

[dist]
# distance from previous block
# <min> <max>
0	37

[block]
# block no. 1 follows, 82 sequences, length 10
# corresponding to MSA columns:
# 187-196
name=unknown_B
#
# <colnr> <probs for GDERKNQSTAVLIFYWHMCP>
#	G	D	E	R	K	N	Q	S	T	A	V	L	I	F	Y	W	H	M	C	P
0	0.05576	0.11087	0.25889	0.20622	0.04462	0.00802	0.04067	0.04259	0.04300	0.02144	0.02587	0.00977	0.02871	0.01408	0.00335	0.00106	0.00408	0.01949	0.01462	0.04688
1	0.02650	0.04793	0.05414	0.20487	0.03552	0.03562	0.02011	0.00949	0.00719	0.06121	0.00656	0.00808	0.00520	0.00413	0.04440	0.00103	0.01811	0.00252	0.00195	0.40544
2	0.00549	0.00333	0.00391	0.00384	0.00458	0.00322	0.00284	0.00678	0.00775	0.01191	0.29538	0.03987	0.08214	0.02775	0.05417	0.05088	0.00218	0.00472	0.38625	0.00304
3	0.00525	0.00368	0.00478	0.02283	0.00583	0.00340	0.03263	0.00642	0.00786	0.04263	0.20647	0.22001	0.24848	0.00776	0.00405	0.01706	0.00206	0.03646	0.11920	0.00315
4	0.00525	0.00387	0.00494	0.00497	0.00595	0.00338	0.00362	0.00620	0.00696	0.02812	0.04706	0.52748	0.01815	0.02756	0.00423	0.00123	0.00226	0.08711	0.00293	0.20875
5	0.90395	0.00662	0.00503	0.00450	0.00662	0.00767	0.00370	0.01006	0.00582	0.01535	0.00476	0.00556	0.00370	0.00318	0.00212	0.00106	0.00265	0.00185	0.00212	0.00370
6	0.00529	0.00480	0.00775	0.00631	0.00786	0.00435	0.19623	0.00692	0.00862	0.01144	0.36024	0.02451	0.32867	0.00666	0.00404	0.00112	0.00261	0.00607	0.00308	0.00342
7	0.01003	0.68185	0.01617	0.00632	0.00920	0.01286	0.00600	0.20210	0.00904	0.01115	0.00555	0.00611	0.00472	0.00320	0.00248	0.00080	0.00368	0.00212	0.00191	0.00472
8	0.00655	0.01454	0.66567	0.00896	0.01304	0.00703	0.01100	0.00997	0.00737	0.01070	0.00888	0.01441	0.00785	0.00467	0.00359	0.00120	0.00462	0.19349	0.00184	0.00462
9	0.01481	0.00668	0.00847	0.00650	0.00916	0.00631	0.00537	0.20706	0.01123	0.66839	0.01228	0.01086	0.00786	0.00420	0.00344	0.00105	0.00311	0.00336	0.00405	0.00582

[dist]
# distance from previous block
# <min> <max>
0	2

[block]
# block no. 2 follows, 82 sequences, length 19
# corresponding to MSA columns:
# 199-217
name=unknown_C
#
# <colnr> <probs for GDERKNQSTAVLIFYWHMCP>
#	G	D	E	R	K	N	Q	S	T	A	V	L	I	F	Y	W	H	M	C	P
0	0.76077	0.00653	0.00586	0.14282	0.00932	0.00766	0.00463	0.00985	0.00598	0.01429	0.00497	0.00613	0.00384	0.00321	0.00232	0.00107	0.00295	0.00204	0.00202	0.00372
1	0.00709	0.00608	0.00709	0.00507	0.00811	0.00456	0.00405	0.00861	0.00709	0.01115	0.00608	0.00709	0.00507	0.00253	0.00253	0.00051	0.00253	0.00203	0.00203	0.90069
2	0.14828	0.00399	0.00465	0.00433	0.00535	0.00394	0.00330	0.00703	0.00907	0.01398	0.72074	0.02236	0.02772	0.00638	0.00373	0.00107	0.00178	0.00549	0.00350	0.00330
3	0.00440	0.00310	0.00404	0.00465	0.00488	0.00294	0.00312	0.00499	0.00651	0.00871	0.05648	0.65902	0.02130	0.14912	0.00645	0.00169	0.00224	0.05062	0.00303	0.00271
4	0.76087	0.00653	0.00536	0.00459	0.00685	0.00718	0.00376	0.00983	0.00602	0.01468	0.00497	0.00580	0.00392	0.00307	0.00218	0.00097	0.00263	0.00188	0.00210	0.14680
5	0.00738	0.00569	0.00657	0.00486	0.00752	0.00449	0.00387	0.02678	0.00739	0.04028	0.00719	0.00817	0.00579	0.00286	0.00256	0.00058	0.00242	0.00228	0.14519	0.70813
6	0.00552	0.00374	0.00528	0.00594	0.00658	0.00373	0.00501	0.00657	0.00727	0.00949	0.01620	0.06963	0.01762	0.00989	0.00609	0.14497	0.00307	0.66764	0.00289	0.00287
7	0.00497	0.00363	0.00468	0.00440	0.00524	0.00341	0.00330	0.00687	0.03915	0.01374	0.82717	0.02510	0.03151	0.00691	0.00402	0.00108	0.00165	0.00611	0.00376	0.00330
8	0.00520	0.00590	0.14215	0.00618	0.00750	0.00486	0.00561	0.00686	0.00577	0.00840	0.00868	0.01245	0.00788	0.02208	0.72856	0.00479	0.00851	0.00348	0.00177	0.00337
9	0.62510	0.00662	0.00610	0.00512	0.00740	0.00722	0.00422	0.06773	0.00749	0.22431	0.00715	0.00724	0.00502	0.00350	0.00253	0.00106	0.00279	0.00233	0.00273	0.00437
10	0.00774	0.14442	0.00729	0.00492	0.00659	0.00564	0.00401	0.02617	0.07351	0.17177	0.15502	0.07941	0.25742	0.00622	0.00354	0.00106	0.00237	0.00517	0.03373	0.00399
11	0.01000	0.00507	0.00596	0.00500	0.00656	0.00500	0.00387	0.13436	0.02139	0.28546	0.01141	0.01339	0.00888	0.15428	0.02170	0.00144	0.00279	0.00358	0.29558	0.00426
12	0.00488	0.00356	0.00491	0.00491	0.00537	0.00393	0.00358	0.00577	0.00557	0.00782	0.03927	0.01693	0.03700	0.26053	0.57529	0.00461	0.00706	0.00422	0.00201	0.00278
13	0.00702	0.00411	0.00452	0.00433	0.00532	0.00422	0.00325	0.09219	0.05363	0.04302	0.01245	0.17640	0.01114	0.00585	0.01996	0.01319	0.00216	0.00447	0.52922	0.00356
14	0.00714	0.00605	0.00708	0.00569	0.02637	0.00512	0.00434	0.02545	0.12350	0.01154	0.00849	0.09526	0.00759	0.00369	0.00288	0.00071	0.00256	0.00309	0.00236	0.65110
15	0.00556	0.00532	0.07182	0.04371	0.06691	0.00447	0.05158	0.01796	0.00758	0.02988	0.13585	0.38941	0.08565	0.00780	0.00416	0.00125	0.01489	0.04981	0.00288	0.00350
16	0.01105	0.08098	0.09306	0.02028	0.03055	0.04745	0.02526	0.43677	0.05597	0.06356	0.00799	0.01746	0.00595	0.00385	0.00335	0.00098	0.01519	0.00295	0.00281	0.07454
17	0.00632	0.01625	0.02984	0.22056	0.06464	0.05128	0.06613	0.01597	0.02010	0.00899	0.01006	0.15998	0.02543	0.09425	0.15710	0.01229	0.01275	0.00458	0.01994	0.00352
18	0.02346	0.01987	0.10780	0.01140	0.11939	0.06341	0.24587	0.15035	0.00908	0.06689	0.00769	0.05802	0.00628	0.00404	0.00434	0.00112	0.09042	0.00359	0.00220	0.00479

[dist]
# distance from previous block
# <min> <max>
1	5

[block]
# block no. 3 follows, 82 sequences, length 25
# corresponding to MSA columns:
# 234-258
name=unknown_D
#
# <colnr> <probs for GDERKNQSTAVLIFYWHMCP>
#	G	D	E	R	K	N	Q	S	T	A	V	L	I	F	Y	W	H	M	C	P
0	0.04128	0.05793	0.24300	0.05836	0.25518	0.02403	0.02598	0.02425	0.04032	0.02369	0.05844	0.04432	0.00752	0.00375	0.00326	0.00101	0.00392	0.00323	0.01463	0.06592
1	0.03623	0.16173	0.20416	0.02460	0.11653	0.09367	0.04158	0.06296	0.10409	0.11096	0.00771	0.00824	0.00577	0.00351	0.00313	0.00100	0.00415	0.00278	0.00222	0.00497
2	0.00520	0.00423	0.00571	0.00578	0.00620	0.00484	0.00440	0.00636	0.03527	0.00878	0.01497	0.35095	0.08072	0.03187	0.18776	0.00231	0.16552	0.07343	0.00256	0.00313
3	0.50526	0.00775	0.05328	0.01999	0.14801	0.00822	0.01901	0.05833	0.01901	0.02859	0.00561	0.00680	0.00444	0.00356	0.00355	0.00110	0.09878	0.00239	0.00206	0.00426
4	0.00513	0.00331	0.00381	0.00380	0.00409	0.00325	0.00239	0.00570	0.00626	0.00899	0.16641	0.06479	0.01602	0.53984	0.01197	0.00242	0.00267	0.00516	0.14150	0.00249
5	0.01263	0.38181	0.01226	0.00605	0.00880	0.02920	0.00542	0.01384	0.00857	0.47473	0.00955	0.00887	0.00662	0.00366	0.00290	0.00091	0.00331	0.00272	0.00299	0.00516
6	0.00915	0.88184	0.01793	0.00585	0.00878	0.01354	0.00585	0.01024	0.00695	0.00805	0.00476	0.00549	0.00439	0.00293	0.00219	0.00073	0.00366	0.00183	0.00146	0.00439
7	0.01300	0.00958	0.01027	0.00787	0.01061	0.01061	0.00650	0.84704	0.01608	0.02156	0.00821	0.00821	0.00582	0.00411	0.00342	0.00103	0.00376	0.00308	0.00342	0.00582
8	0.00847	0.00813	0.01388	0.02100	0.85844	0.00813	0.01050	0.01050	0.00779	0.01118	0.00643	0.00847	0.00542	0.00305	0.00339	0.00102	0.00406	0.00305	0.00169	0.00542
9	0.00830	0.00644	0.00848	0.00874	0.14587	0.00675	0.03887	0.06316	0.31486	0.08863	0.25453	0.01523	0.01525	0.00492	0.00364	0.00110	0.00282	0.00432	0.00327	0.00481
10	0.00417	0.00298	0.00397	0.00476	0.00496	0.00278	0.00318	0.00476	0.00655	0.00873	0.01885	0.87755	0.02262	0.01072	0.00437	0.00139	0.00198	0.00972	0.00318	0.00278
11	0.00962	0.00818	0.00842	0.00769	0.04195	0.06683	0.00579	0.15223	0.57526	0.04181	0.01224	0.03593	0.00937	0.00458	0.00346	0.00112	0.00315	0.00375	0.00330	0.00532
12	0.00871	0.15202	0.40233	0.00779	0.01151	0.00814	0.00869	0.03952	0.00772	0.13150	0.00694	0.00760	0.00510	0.00340	0.00343	0.00096	0.05034	0.00251	0.00200	0.13977
13	0.07584	0.04638	0.26427	0.03371	0.03577	0.01579	0.03957	0.09035	0.03786	0.17823	0.03189	0.03284	0.00687	0.00378	0.00320	0.00101	0.00376	0.00306	0.00249	0.09332
14	0.00711	0.02809	0.13167	0.05095	0.21832	0.00649	0.08565	0.02299	0.05196	0.03773	0.20637	0.03485	0.04909	0.03944	0.00418	0.00117	0.00351	0.01362	0.00246	0.00437
15	0.00646	0.00608	0.01026	0.87156	0.02356	0.00760	0.00950	0.00874	0.00684	0.00874	0.00608	0.00912	0.00456	0.00342	0.00342	0.00114	0.00456	0.00304	0.00152	0.00380
16	0.00889	0.21150	0.25822	0.11894	0.01302	0.00932	0.04928	0.16069	0.02859	0.05982	0.00739	0.04645	0.00587	0.00375	0.00316	0.00102	0.00416	0.00301	0.00211	0.00481
17	0.00908	0.06404	0.17048	0.12093	0.10248	0.10352	0.04655	0.11970	0.06440	0.06114	0.03221	0.02137	0.01896	0.00401	0.00356	0.00107	0.02456	0.02498	0.00224	0.00472
18	0.00418	0.00309	0.00392	0.00457	0.00496	0.00283	0.00314	0.00485	0.00681	0.00887	0.02169	0.70201	0.17326	0.01031	0.00432	0.00135	0.00197	0.03190	0.00317	0.00281
19	0.00500	0.00339	0.00420	0.00450	0.00471	0.00336	0.00306	0.00540	0.00586	0.00776	0.01354	0.16004	0.01546	0.51539	0.01234	0.03380	0.00306	0.19424	0.00247	0.00241
20	0.04816	0.10332	0.23872	0.12140	0.07310	0.06849	0.06316	0.08994	0.00844	0.08723	0.03514	0.00847	0.00593	0.00359	0.00346	0.00104	0.03076	0.00287	0.00206	0.00472
21	0.02236	0.04553	0.05681	0.05629	0.33854	0.01676	0.04336	0.08341	0.08371	0.03410	0.01043	0.08841	0.04884	0.00465	0.00354	0.00111	0.00367	0.05139	0.00233	0.00476
22	0.00452	0.00345	0.00421	0.00464	0.00532	0.00321	0.00347	0.00558	0.02194	0.00930	0.03826	0.34294	0.30582	0.04015	0.02480	0.00150	0.00235	0.17252	0.00312	0.00293
23	0.05062	0.06849	0.09639	0.00632	0.03861	0.11644	0.01718	0.04403	0.04087	0.01153	0.04148	0.01100	0.02217	0.00650	0.10582	0.00146	0.00393	0.00310	0.31019	0.00387
24	0.04991	0.07886	0.15074	0.02992	0.08720	0.07013	0.03482	0.10473	0.20537	0.06952	0.03808	0.00959	0.00736	0.00392	0.00348	0.00105	0.02978	0.00311	0.01748	0.00494

[dist]
# distance from previous block
# <min> <max>
3	19

[block]
# block no. 4 follows, 82 sequences, length 20
# corresponding to MSA columns:
# 278-297
name=unknown_E
#
# <colnr> <probs for GDERKNQSTAVLIFYWHMCP>
#	G	D	E	R	K	N	Q	S	T	A	V	L	I	F	Y	W	H	M	C	P
0	0.03064	0.00373	0.00434	0.00431	0.00518	0.00356	0.00323	0.04191	0.00835	0.01183	0.30080	0.17070	0.18720	0.03134	0.00419	0.00119	0.00195	0.05335	0.12902	0.00317
1	0.80868	0.00692	0.03923	0.00472	0.00693	0.00745	0.00407	0.01025	0.00606	0.04461	0.00533	0.00606	0.00406	0.00324	0.00222	0.00105	0.00272	0.00198	0.03062	0.00382
2	0.00565	0.00316	0.00470	0.00470	0.00485	0.00331	0.00328	0.00489	0.00474	0.00647	0.00690	0.01152	0.00679	0.04069	0.22978	0.64733	0.00455	0.00321	0.00159	0.00190
3	0.04508	0.00684	0.01877	0.00660	0.02042	0.04034	0.00536	0.13677	0.01016	0.55646	0.01229	0.04142	0.02609	0.00456	0.00366	0.00108	0.02940	0.01415	0.01521	0.00536
4	0.00620	0.00497	0.00577	0.00542	0.00656	0.00529	0.00410	0.03662	0.28405	0.01288	0.33657	0.15338	0.08687	0.00682	0.00408	0.00117	0.02597	0.00588	0.00346	0.00394
5	0.00810	0.11104	0.13918	0.13695	0.08619	0.02028	0.02751	0.06457	0.17006	0.02987	0.03425	0.01093	0.01615	0.00420	0.00389	0.00110	0.06726	0.03706	0.02679	0.00463
6	0.03380	0.00529	0.00595	0.00518	0.00668	0.00537	0.00405	0.19228	0.06623	0.07351	0.28825	0.05530	0.15678	0.00608	0.00364	0.00107	0.00231	0.00510	0.07906	0.00406
7	0.00427	0.00330	0.00392	0.00434	0.00503	0.00295	0.00316	0.00510	0.00731	0.00923	0.04709	0.40386	0.38599	0.00960	0.00425	0.00130	0.00198	0.09126	0.00319	0.00287
8	0.01203	0.00887	0.00955	0.00751	0.01007	0.00979	0.00614	0.63878	0.16564	0.04740	0.00942	0.00920	0.00677	0.00417	0.00340	0.00104	0.00348	0.00321	0.01895	0.02459
9	0.00978	0.00600	0.00737	0.00540	0.00831	0.00471	0.00437	0.01124	0.00797	0.28767	0.00849	0.00857	0.00617	0.00309	0.00283	0.00069	0.00266	0.00249	0.00274	0.60946
10	0.00930	0.00949	0.04046	0.17260	0.02592	0.23109	0.15912	0.02914	0.06426	0.08621	0.04124	0.05077	0.00761	0.01346	0.01434	0.00114	0.00463	0.00355	0.03140	0.00427
11	0.00852	0.39682	0.04637	0.00598	0.00820	0.00911	0.00543	0.05353	0.08607	0.08825	0.03328	0.08987	0.03190	0.02517	0.06615	0.00135	0.00368	0.03365	0.00237	0.00431
12	0.00405	0.00345	0.00349	0.00352	0.00463	0.00288	0.00262	0.00490	0.00775	0.00922	0.03401	0.06734	0.82305	0.00875	0.00406	0.00116	0.00174	0.00732	0.00318	0.00288
13	0.05863	0.00869	0.00937	0.00726	0.00985	0.00947	0.00598	0.67116	0.01441	0.11018	0.00875	0.00868	0.00615	0.00407	0.00330	0.00102	0.00350	0.00306	0.05089	0.00557
14	0.01186	0.00944	0.00959	0.03043	0.03599	0.17483	0.03964	0.28957	0.14128	0.16713	0.00963	0.01008	0.00708	0.00414	0.00340	0.00104	0.00396	0.02451	0.02125	0.00516
15	0.36789	0.00829	0.00749	0.00645	0.02619	0.10170	0.00509	0.25961	0.00969	0.07314	0.00696	0.00750	0.00518	0.00370	0.00301	0.00102	0.02800	0.00252	0.07207	0.00450
16	0.00578	0.00414	0.00568	0.00635	0.00721	0.00417	0.00555	0.03655	0.00816	0.01063	0.01776	0.03752	0.01920	0.00926	0.00468	0.00156	0.00317	0.80622	0.00316	0.00324
17	0.00529	0.00419	0.00526	0.00551	0.00607	0.03800	0.03068	0.04622	0.00713	0.00935	0.01612	0.57857	0.01858	0.06602	0.06887	0.00179	0.00308	0.08333	0.00291	0.00304
18	0.08220	0.00679	0.01079	0.48400	0.15910	0.00769	0.06427	0.05827	0.00769	0.05435	0.00672	0.00889	0.00505	0.00340	0.00332	0.00109	0.00419	0.00304	0.02481	0.00432
19	0.00684	0.00591	0.00884	0.44134	0.06812	0.00653	0.00722	0.04111	0.02958	0.02141	0.01725	0.01031	0.00621	0.06008	0.09751	0.00162	0.00446	0.00312	0.00188	0.16068

[dist]
# distance from previous block
# <min> <max>
1	5

[block]
# block no. 5 follows, 82 sequences, length 20
# corresponding to MSA columns:
# 303-322
name=unknown_F
#
# <colnr> <probs for GDERKNQSTAVLIFYWHMCP>
#	G	D	E	R	K	N	Q	S	T	A	V	L	I	F	Y	W	H	M	C	P
0	0.00871	0.00801	0.01070	0.03725	0.40072	0.09981	0.02467	0.02362	0.04462	0.05869	0.07511	0.01062	0.02085	0.00368	0.00333	0.00095	0.00373	0.01712	0.00221	0.14562
1	0.00533	0.00448	0.02944	0.01806	0.00665	0.00478	0.00450	0.00727	0.07168	0.00905	0.03226	0.01529	0.10156	0.01893	0.57139	0.00400	0.04236	0.00404	0.04561	0.00332
2	0.01285	0.01420	0.00987	0.00852	0.01059	0.59864	0.00658	0.27417	0.01169	0.01249	0.00620	0.00681	0.00485	0.00371	0.00319	0.00093	0.00542	0.00248	0.00228	0.00454
3	0.00417	0.00298	0.00397	0.00476	0.00496	0.00278	0.00318	0.00476	0.00655	0.00873	0.01885	0.87755	0.02262	0.01072	0.00437	0.00139	0.00198	0.00972	0.00318	0.00278
4	0.01278	0.01630	0.00969	0.00881	0.01058	0.86605	0.00661	0.01366	0.00969	0.00837	0.00529	0.00617	0.00441	0.00353	0.00308	0.00088	0.00617	0.00220	0.00176	0.00397
5	0.01031	0.02145	0.34581	0.05050	0.03298	0.00704	0.04088	0.08885	0.00901	0.30191	0.03965	0.02094	0.00719	0.00388	0.00340	0.00107	0.00400	0.00320	0.00270	0.00521
6	0.00647	0.00650	0.01268	0.00974	0.01186	0.00611	0.44506	0.00873	0.03130	0.01110	0.18542	0.19108	0.04696	0.00560	0.00409	0.00119	0.00390	0.00576	0.00255	0.00391
7	0.01400	0.00798	0.00927	0.00711	0.00981	0.00822	0.00587	0.49231	0.01340	0.38008	0.01047	0.00968	0.00695	0.00416	0.00343	0.00104	0.00340	0.00323	0.00377	0.00582
8	0.00674	0.00621	0.02282	0.03892	0.00891	0.00755	0.03343	0.03201	0.00660	0.00933	0.00989	0.04244	0.01039	0.05881	0.00845	0.00158	0.42043	0.26978	0.00217	0.00354
9	0.00922	0.66411	0.05821	0.00661	0.00941	0.11556	0.03052	0.01049	0.00737	0.00840	0.00603	0.00733	0.02512	0.00333	0.00252	0.00081	0.00403	0.02502	0.00159	0.00431
10	0.01200	0.00657	0.00784	0.00634	0.00859	0.00664	0.00512	0.18702	0.18442	0.39145	0.10341	0.01271	0.01091	0.00458	0.00347	0.00107	0.00286	0.00374	0.03590	0.00536
11	0.01176	0.00662	0.00783	0.00654	0.00882	0.00685	0.00523	0.01746	0.45143	0.41706	0.01372	0.01223	0.00950	0.00445	0.00346	0.00111	0.00280	0.00366	0.00384	0.00561
12	0.00529	0.00409	0.00455	0.00449	0.00564	0.00390	0.00349	0.00752	0.12034	0.02870	0.12281	0.02875	0.45316	0.03918	0.00448	0.00127	0.00213	0.12604	0.03081	0.00334
13	0.22495	0.11966	0.16854	0.00685	0.00950	0.06109	0.01940	0.06402	0.04444	0.13956	0.00796	0.06680	0.00644	0.00409	0.00333	0.00106	0.04238	0.00302	0.00238	0.00454
14	0.00416	0.00302	0.00393	0.00466	0.00493	0.00279	0.00313	0.00478	0.00665	0.00877	0.02016	0.80751	0.09182	0.01055	0.00434	0.00137	0.00196	0.00952	0.00318	0.00279
15	0.00449	0.00352	0.00373	0.00369	0.00482	0.00298	0.00276	0.00542	0.00794	0.03837	0.09609	0.07935	0.71795	0.00850	0.00404	0.00116	0.00178	0.00715	0.00326	0.00301
16	0.00809	0.04398	0.03124	0.25415	0.21657	0.02266	0.30289	0.02092	0.02129	0.03501	0.00676	0.00889	0.00519	0.00317	0.00357	0.00109	0.00478	0.00334	0.00177	0.00463
17	0.27407	0.04060	0.07872	0.05149	0.06981	0.00711	0.06440	0.03276	0.02114	0.05545	0.03153	0.07971	0.00769	0.02065	0.07317	0.00150	0.05022	0.01426	0.02167	0.00404
18	0.00949	0.00479	0.00616	0.00520	0.00687	0.00441	0.00411	0.02564	0.06350	0.35872	0.38617	0.01889	0.06193	0.00569	0.00371	0.00107	0.00225	0.00486	0.02211	0.00445
19	0.00431	0.00323	0.00405	0.00448	0.00502	0.00300	0.00317	0.00513	0.00709	0.00926	0.09678	0.48392	0.23307	0.02513	0.06661	0.00164	0.00247	0.03566	0.00311	0.00287

[dist]
# distance from previous block
# <min> <max>
0	1

[block]
# block no. 6 follows, 82 sequences, length 29
# corresponding to MSA columns:
# 324-352
name=unknown_G
#
# <colnr> <probs for GDERKNQSTAVLIFYWHMCP>
#	G	D	E	R	K	N	Q	S	T	A	V	L	I	F	Y	W	H	M	C	P
0	0.00991	0.33800	0.17681	0.01764	0.06129	0.06053	0.06340	0.04284	0.02470	0.15380	0.00715	0.00770	0.00540	0.00358	0.01254	0.00098	0.00417	0.00260	0.00209	0.00486
1	0.01917	0.02296	0.01059	0.23021	0.14552	0.03076	0.09880	0.10227	0.00851	0.10770	0.00916	0.11183	0.00793	0.00452	0.00369	0.00112	0.02097	0.02084	0.03900	0.00445
2	0.73014	0.01869	0.02497	0.00592	0.03445	0.07337	0.03807	0.02099	0.00644	0.01440	0.00502	0.00591	0.00392	0.00320	0.00235	0.00104	0.00316	0.00203	0.00205	0.00388
3	0.00515	0.00359	0.00457	0.00430	0.00522	0.00328	0.00325	0.00660	0.00916	0.04853	0.64056	0.04292	0.16009	0.00796	0.03848	0.00127	0.00200	0.00620	0.00360	0.00327
4	0.01062	0.06838	0.02650	0.05098	0.11072	0.47687	0.12389	0.02164	0.00884	0.01834	0.01628	0.03056	0.00559	0.01210	0.00341	0.00098	0.00536	0.00287	0.00182	0.00425
5	0.00453	0.00334	0.00423	0.00431	0.00499	0.00305	0.00312	0.00573	0.00850	0.01160	0.49067	0.27070	0.15596	0.00832	0.00413	0.00118	0.00174	0.00736	0.00351	0.00305
6	0.01806	0.03881	0.03417	0.09315	0.12726	0.00802	0.05427	0.09414	0.29930	0.09224	0.05979	0.01158	0.00907	0.00422	0.00360	0.00110	0.01926	0.01470	0.01224	0.00501
7	0.00731	0.03369	0.57197	0.01022	0.03729	0.00865	0.08600	0.02837	0.00714	0.01055	0.00593	0.00747	0.00450	0.00372	0.00475	0.00115	0.16221	0.00276	0.00153	0.00479
8	0.00490	0.00353	0.00420	0.00400	0.00498	0.00315	0.00301	0.00623	0.00889	0.03451	0.49699	0.02731	0.33191	0.00740	0.00395	0.00109	0.00169	0.00636	0.04274	0.00317
9	0.00502	0.00372	0.00535	0.00557	0.03214	0.00417	0.00396	0.00598	0.00545	0.00774	0.00945	0.01536	0.00935	0.22289	0.64261	0.00485	0.00765	0.00395	0.00188	0.00290
10	0.00468	0.00348	0.00436	0.00416	0.00502	0.00316	0.00311	0.00614	0.00928	0.01280	0.68935	0.04289	0.18419	0.00737	0.00404	0.00110	0.00164	0.00644	0.00365	0.00316
11	0.00915	0.88184	0.01793	0.00585	0.00878	0.01354	0.00585	0.01024	0.00695	0.00805	0.00476	0.00549	0.00439	0.00293	0.00219	0.00073	0.00366	0.00183	0.00146	0.00439
12	0.00933	0.00716	0.00776	0.00686	0.00888	0.00809	0.00537	0.01800	0.75066	0.11640	0.01387	0.01263	0.01020	0.00459	0.00348	0.00115	0.00273	0.00382	0.00357	0.00546
13	0.00459	0.00341	0.00428	0.00423	0.00500	0.00309	0.00311	0.00590	0.00884	0.01211	0.57393	0.16369	0.17942	0.00789	0.00409	0.00114	0.00169	0.00694	0.00356	0.00309
14	0.90395	0.00662	0.00503	0.00450	0.00662	0.00767	0.00370	0.01006	0.00582	0.01535	0.00476	0.00556	0.00370	0.00318	0.00212	0.00106	0.00265	0.00185	0.00212	0.00370
15	0.00785	0.06217	0.00918	0.02384	0.07390	0.09768	0.05208	0.00978	0.04929	0.01072	0.02897	0.03379	0.00697	0.00344	0.00295	0.00076	0.00332	0.03295	0.00210	0.48826
16	0.00885	0.00626	0.00769	0.00636	0.05813	0.00523	0.00472	0.02386	0.07267	0.16626	0.00816	0.00868	0.00624	0.01602	0.00305	0.00074	0.00274	0.00255	0.00254	0.58924
17	0.04437	0.03538	0.30801	0.00870	0.07410	0.02977	0.04455	0.02492	0.05300	0.20003	0.05380	0.01908	0.03101	0.00399	0.00333	0.00105	0.00385	0.01440	0.00250	0.04417
18	0.00979	0.00797	0.01021	0.01066	0.21327	0.02096	0.04353	0.18574	0.31998	0.07285	0.01060	0.01065	0.02484	0.00403	0.00344	0.00106	0.00342	0.00346	0.00293	0.04061
19	0.00509	0.00386	0.00575	0.00566	0.00621	0.00459	0.00441	0.00616	0.00544	0.00787	0.00874	0.01295	0.00820	0.02388	0.77791	0.04444	0.06043	0.00359	0.00180	0.00303
20	0.00821	0.00999	0.10514	0.01344	0.01699	0.00856	0.70405	0.03156	0.03061	0.02583	0.00717	0.00913	0.00531	0.00302	0.00392	0.00114	0.00552	0.00385	0.00183	0.00473
21	0.01083	0.05528	0.11633	0.07745	0.19957	0.03105	0.03190	0.02569	0.00861	0.34291	0.02556	0.01092	0.00740	0.00391	0.00341	0.00106	0.00377	0.03641	0.00276	0.00516
22	0.00777	0.02411	0.01246	0.17119	0.60992	0.00772	0.00963	0.00975	0.00747	0.01045	0.00709	0.03071	0.00620	0.00451	0.04278	0.00126	0.00430	0.02608	0.00174	0.00488
23	0.00417	0.00298	0.00397	0.00476	0.00496	0.00278	0.00318	0.00476	0.00655	0.00873	0.01885	0.87755	0.02262	0.01072	0.00437	0.00139	0.00198	0.00972	0.00318	0.00278
24	0.00850	0.01178	0.31625	0.01165	0.14005	0.00852	0.17178	0.17036	0.04607	0.01296	0.00751	0.04120	0.00591	0.00373	0.00373	0.00110	0.02843	0.00335	0.00207	0.00506
25	0.05114	0.03980	0.07723	0.19124	0.15879	0.00822	0.20487	0.10808	0.00864	0.09027	0.00741	0.00932	0.00560	0.00347	0.00347	0.00109	0.00440	0.02006	0.00212	0.00479
26	0.00562	0.00472	0.00654	0.16569	0.04064	0.00488	0.03399	0.06236	0.00796	0.01035	0.11059	0.17112	0.27658	0.04025	0.02552	0.00136	0.01968	0.00598	0.00274	0.00341
27	0.00501	0.00330	0.00376	0.00376	0.00376	0.00330	0.00211	0.00495	0.00495	0.00661	0.01059	0.02191	0.01218	0.84563	0.01725	0.03862	0.00330	0.00490	0.00205	0.00205
28	0.00709	0.00608	0.00709	0.00507	0.00811	0.00456	0.00405	0.00861	0.00709	0.01115	0.00608	0.00709	0.00507	0.00253	0.00253	0.00051	0.00253	0.00203	0.00203	0.90069

[dist]
# distance from previous block
# <min> <max>
0	3

[block]
# block no. 7 follows, 82 sequences, length 35
# corresponding to MSA columns:
# 356,357,359-390,401
name=unknown_H
#
# <colnr> <probs for GDERKNQSTAVLIFYWHMCP>
#	G	D	E	R	K	N	Q	S	T	A	V	L	I	F	Y	W	H	M	C	P
0	0.27608	0.09713	0.09049	0.00730	0.02713	0.04499	0.05214	0.11423	0.12386	0.05830	0.02074	0.00806	0.00592	0.00375	0.00340	0.00106	0.05570	0.00272	0.00239	0.00460
1	0.00540	0.00372	0.00438	0.00427	0.00532	0.00330	0.01494	0.00649	0.02087	0.08314	0.09277	0.18268	0.45080	0.04557	0.00456	0.00127	0.00204	0.02578	0.03950	0.00319
2	0.02024	0.09188	0.13303	0.05211	0.39900	0.03892	0.05099	0.05942	0.03885	0.04491	0.00722	0.03542	0.00593	0.00350	0.00330	0.00103	0.00415	0.00312	0.00195	0.00504
3	0.00451	0.00343	0.00382	0.00376	0.00452	0.00308	0.00263	0.00530	0.00749	0.00963	0.23025	0.02804	0.42762	0.22406	0.00754	0.02013	0.00212	0.00632	0.00301	0.00274
4	0.00813	0.00693	0.00743	0.00689	0.02530	0.00791	0.00523	0.01675	0.74381	0.01400	0.05116	0.01391	0.03965	0.00483	0.00349	0.00114	0.00262	0.00404	0.03160	0.00516
5	0.00484	0.00350	0.00457	0.00430	0.00511	0.00323	0.00323	0.00646	0.00968	0.01372	0.85664	0.02555	0.03228	0.00699	0.00403	0.00108	0.00161	0.00619	0.00377	0.00323
6	0.01168	0.00688	0.02502	0.06281	0.09529	0.00680	0.00609	0.10989	0.18375	0.38097	0.01151	0.01099	0.00796	0.00410	0.00337	0.00106	0.00315	0.00339	0.05993	0.00539
7	0.00903	0.00823	0.05796	0.01552	0.53475	0.00754	0.00880	0.06231	0.04720	0.08132	0.00740	0.00865	0.00582	0.00322	0.00327	0.00096	0.00373	0.00295	0.00212	0.12923
8	0.00847	0.00813	0.01388	0.02100	0.85844	0.00813	0.01050	0.01050	0.00779	0.01118	0.00643	0.00847	0.00542	0.00305	0.00339	0.00102	0.00406	0.00305	0.00169	0.00542
9	0.01535	0.00582	0.00794	0.00609	0.00873	0.00503	0.00503	0.01667	0.00979	0.86081	0.01350	0.01164	0.00847	0.00423	0.00344	0.00106	0.00291	0.00344	0.00423	0.00582
10	0.00915	0.88184	0.01793	0.00585	0.00878	0.01354	0.00585	0.01024	0.00695	0.00805	0.00476	0.00549	0.00439	0.00293	0.00219	0.00073	0.00366	0.00183	0.00146	0.00439
11	0.01351	0.00877	0.00977	0.00749	0.01021	0.00941	0.00619	0.66868	0.01473	0.20183	0.00935	0.00895	0.00639	0.00413	0.00343	0.00103	0.00358	0.00316	0.00360	0.00582
12	0.00528	0.00429	0.00561	0.00682	0.10789	0.00424	0.00428	0.00736	0.12602	0.00989	0.01916	0.51836	0.15032	0.00862	0.00407	0.00128	0.00230	0.00770	0.00304	0.00348
13	0.00492	0.00353	0.00481	0.00481	0.00518	0.00390	0.00342	0.00567	0.00529	0.00743	0.00979	0.01692	0.01006	0.35807	0.53588	0.00465	0.00689	0.00417	0.00193	0.00267
14	0.00725	0.00595	0.00722	0.00604	0.06841	0.00469	0.00437	0.00881	0.00719	0.02402	0.00670	0.00780	0.00549	0.00273	0.00259	0.00058	0.00256	0.00223	0.08735	0.73802
15	0.00500	0.00357	0.00396	0.00385	0.00485	0.00326	0.00292	0.02526	0.00844	0.01162	0.28086	0.02625	0.39272	0.00714	0.00372	0.00107	0.00175	0.02920	0.18143	0.00313
16	0.00484	0.00350	0.00457	0.00430	0.00511	0.00323	0.00323	0.00646	0.00968	0.01372	0.85664	0.02555	0.03228	0.00699	0.00403	0.00108	0.00161	0.00619	0.00377	0.00323
17	0.12085	0.00922	0.00963	0.00746	0.01012	0.01025	0.00616	0.74572	0.01484	0.02081	0.00780	0.00789	0.00556	0.00399	0.00326	0.00103	0.00363	0.00293	0.00326	0.00556
18	0.02929	0.00565	0.00741	0.00588	0.00819	0.00511	0.00479	0.04098	0.04523	0.65185	0.12764	0.03073	0.01189	0.00473	0.00352	0.00107	0.00273	0.00392	0.00405	0.00535
19	0.01535	0.00582	0.00794	0.00609	0.00873	0.00503	0.00503	0.01667	0.00979	0.86081	0.01350	0.01164	0.00847	0.00423	0.00344	0.00106	0.00291	0.00344	0.00423	0.00582
20	0.01300	0.00958	0.01027	0.00787	0.01061	0.01061	0.00650	0.84704	0.01608	0.02156	0.00821	0.00821	0.00582	0.00411	0.00342	0.00103	0.00376	0.00308	0.00342	0.00582
21	0.00440	0.00348	0.00396	0.00384	0.00484	0.00304	0.00288	0.00560	0.00864	0.01125	0.40398	0.02961	0.48647	0.00791	0.00404	0.00112	0.00168	0.00676	0.00344	0.00304
22	0.00704	0.00361	0.00415	0.00385	0.00489	0.00342	0.00294	0.00856	0.00811	0.12095	0.21933	0.01661	0.04488	0.01781	0.00321	0.00095	0.00180	0.00412	0.52027	0.00351
23	0.01535	0.00582	0.00794	0.00609	0.00873	0.00503	0.00503	0.01667	0.00979	0.86081	0.01350	0.01164	0.00847	0.00423	0.00344	0.00106	0.00291	0.00344	0.00423	0.00582
24	0.00847	0.00813	0.01388	0.02100	0.85844	0.00813	0.01050	0.01050	0.00779	0.01118	0.00643	0.00847	0.00542	0.00305	0.00339	0.00102	0.00406	0.00305	0.00169	0.00542
25	0.00484	0.00350	0.00457	0.00430	0.00511	0.00323	0.00323	0.00646	0.00968	0.01372	0.85664	0.02555	0.03228	0.00699	0.00403	0.00108	0.00161	0.00619	0.00377	0.00323
26	0.01019	0.00700	0.00792	0.00703	0.02816	0.00765	0.00541	0.06124	0.57138	0.20559	0.01336	0.02333	0.00976	0.00455	0.00346	0.00112	0.00281	0.00377	0.02080	0.00545
27	0.00646	0.00608	0.01026	0.87156	0.02356	0.00760	0.00950	0.00874	0.00684	0.00874	0.00608	0.00912	0.00456	0.00342	0.00342	0.00114	0.00456	0.00304	0.00152	0.00380
28	0.00915	0.88184	0.01793	0.00585	0.00878	0.01354	0.00585	0.01024	0.00695	0.00805	0.00476	0.00549	0.00439	0.00293	0.00219	0.00073	0.00366	0.00183	0.00146	0.00439
29	0.00807	0.00575	0.00865	0.13805	0.07347	0.00603	0.07156	0.02365	0.04391	0.17491	0.12348	0.04575	0.11779	0.01657	0.03114	0.00132	0.08486	0.01806	0.00279	0.00419
30	0.01090	0.01978	0.00705	0.03287	0.00800	0.04088	0.02136	0.02709	0.00883	0.43864	0.08154	0.09558	0.04468	0.00567	0.01721	0.02653	0.00290	0.00429	0.10164	0.00456
31	0.00446	0.00331	0.00417	0.00447	0.00504	0.00306	0.00316	0.00562	0.02492	0.01057	0.29904	0.45586	0.14553	0.00906	0.00419	0.00125	0.00184	0.00807	0.00338	0.00300
32	0.01959	0.05298	0.27923	0.13120	0.29505	0.01842	0.02144	0.06754	0.02503	0.01125	0.00637	0.00800	0.00496	0.00339	0.00362	0.00107	0.04135	0.00283	0.00173	0.00494
33	0.09658	0.01802	0.02446	0.01696	0.04267	0.14794	0.03749	0.11619	0.06049	0.09397	0.15662	0.03013	0.03051	0.04144	0.00425	0.00115	0.03762	0.00376	0.03551	0.00425
34	0.00599	0.00340	0.00482	0.00480	0.00514	0.00339	0.01702	0.03165	0.00577	0.02498	0.00972	0.19523	0.01013	0.01097	0.04555	0.51946	0.00298	0.02079	0.07592	0.00227

[dist]
# distance from previous block
# <min> <max>
3	70

[block]
# block no. 8 follows, 82 sequences, length 18
# corresponding to MSA columns:
# 472-489
name=unknown_I
#
# <colnr> <probs for GDERKNQSTAVLIFYWHMCP>
#	G	D	E	R	K	N	Q	S	T	A	V	L	I	F	Y	W	H	M	C	P
0	0.09017	0.18368	0.11487	0.00778	0.07413	0.08073	0.02169	0.09627	0.04352	0.11629	0.05580	0.01052	0.06909	0.00403	0.00309	0.00098	0.00363	0.00313	0.00245	0.01817
1	0.00522	0.00339	0.00474	0.02510	0.00550	0.00357	0.00350	0.00548	0.01779	0.00758	0.01118	0.14590	0.05314	0.09985	0.26611	0.29847	0.00465	0.01571	0.02066	0.00245
2	0.90395	0.00662	0.00503	0.00450	0.00662	0.00767	0.00370	0.01006	0.00582	0.01535	0.00476	0.00556	0.00370	0.00318	0.00212	0.00106	0.00265	0.00185	0.00212	0.00370
3	0.01275	0.00933	0.00999	0.00769	0.01035	0.01032	0.00634	0.81468	0.01574	0.02122	0.00833	0.00839	0.00593	0.00410	0.00338	0.00102	0.00368	0.00308	0.03795	0.00572
4	0.90395	0.00662	0.00503	0.00450	0.00662	0.00767	0.00370	0.01006	0.00582	0.01535	0.00476	0.00556	0.00370	0.00318	0.00212	0.00106	0.00265	0.00185	0.00212	0.00370
5	0.00489	0.00367	0.00550	0.00550	0.00611	0.00428	0.00428	0.00611	0.00550	0.00794	0.00916	0.01344	0.00855	0.02566	0.86623	0.00550	0.00916	0.00367	0.00183	0.00305
6	0.00734	0.00623	0.00722	0.00518	0.00821	0.00481	0.00415	0.04338	0.00747	0.01158	0.00617	0.00714	0.00510	0.00260	0.00257	0.00053	0.00258	0.00207	0.00208	0.86359
7	0.18106	0.01002	0.00895	0.00728	0.00968	0.17273	0.00588	0.45544	0.04180	0.06396	0.00750	0.00767	0.00546	0.00385	0.00311	0.00101	0.00393	0.00273	0.00291	0.00505
8	0.00915	0.88184	0.01793	0.00585	0.00878	0.01354	0.00585	0.01024	0.00695	0.00805	0.00476	0.00549	0.00439	0.00293	0.00219	0.00073	0.00366	0.00183	0.00146	0.00439
9	0.05280	0.00664	0.02331	0.00573	0.00867	0.00546	0.02115	0.08245	0.00829	0.15848	0.00749	0.00794	0.00564	0.00301	0.00279	0.00070	0.00282	0.00240	0.00251	0.59173
10	0.00903	0.02115	0.03351	0.14912	0.34220	0.18148	0.00820	0.01101	0.03136	0.06650	0.10523	0.01033	0.00848	0.00379	0.00339	0.00102	0.00419	0.00326	0.00213	0.00462
11	0.00840	0.00660	0.00699	0.00630	0.00808	0.00750	0.00490	0.01643	0.68172	0.04476	0.01345	0.01272	0.01009	0.00452	0.00330	0.00110	0.00253	0.00374	0.15180	0.00506
12	0.00787	0.00718	0.01103	0.03391	0.37457	0.02120	0.08582	0.06346	0.11939	0.01273	0.21336	0.01320	0.01254	0.00428	0.00361	0.00106	0.00348	0.00400	0.00254	0.00477
13	0.07955	0.01884	0.09758	0.03233	0.28022	0.04707	0.03341	0.07298	0.04985	0.19818	0.03918	0.00984	0.01828	0.00373	0.00332	0.00104	0.00375	0.00317	0.00256	0.00511
14	0.00572	0.00306	0.00436	0.00436	0.00439	0.00309	0.00286	0.00462	0.00460	0.00615	0.00698	0.01276	0.00726	0.17428	0.04931	0.69626	0.00329	0.00337	0.00161	0.00166
15	0.00426	0.00305	0.00408	0.00487	0.00512	0.00286	0.00334	0.00493	0.00664	0.00884	0.01880	0.81691	0.02241	0.01063	0.00439	0.00140	0.00207	0.06941	0.00317	0.00281
16	0.03522	0.00806	0.01127	0.17333	0.32136	0.07099	0.04482	0.11143	0.03712	0.06342	0.00778	0.04427	0.00642	0.00391	0.00369	0.00108	0.03200	0.01685	0.00218	0.00480
17	0.09470	0.04221	0.12985	0.13209	0.11110	0.10836	0.08076	0.11219	0.05108	0.03700	0.04238	0.02932	0.00671	0.00377	0.00329	0.00105	0.00423	0.00315	0.00217	0.00460

[dist]
# distance from previous block
# <min> <max>
0	1

[block]
# block no. 9 follows, 82 sequences, length 9
# corresponding to MSA columns:
# 491-494,499-503
name=unknown_J
#
# <colnr> <probs for GDERKNQSTAVLIFYWHMCP>
#	G	D	E	R	K	N	Q	S	T	A	V	L	I	F	Y	W	H	M	C	P
0	0.00546	0.00461	0.00736	0.04436	0.00833	0.00441	0.14652	0.00701	0.00795	0.01065	0.20413	0.09947	0.16467	0.04295	0.02223	0.00141	0.00305	0.18151	0.03060	0.00332
1	0.00860	0.42586	0.09509	0.05467	0.10235	0.05802	0.00732	0.01095	0.09019	0.00941	0.00647	0.00812	0.00559	0.00365	0.00348	0.00096	0.07440	0.02860	0.00176	0.00452
2	0.02136	0.03395	0.00857	0.04812	0.05050	0.00597	0.03937	0.05568	0.05122	0.03532	0.00744	0.05400	0.00636	0.00340	0.00309	0.00075	0.02377	0.00282	0.00222	0.54609
3	0.00463	0.00346	0.00432	0.00447	0.00514	0.00323	0.00321	0.00609	0.04261	0.01127	0.39763	0.34149	0.14269	0.00851	0.00414	0.00121	0.00181	0.00755	0.00345	0.00310
4	0.00499	0.00336	0.00394	0.00407	0.00416	0.00335	0.00251	0.00519	0.00538	0.00714	0.01202	0.07149	0.01379	0.73742	0.01531	0.00302	0.00322	0.09516	0.00225	0.00223
5	0.90395	0.00662	0.00503	0.00450	0.00662	0.00767	0.00370	0.01006	0.00582	0.01535	0.00476	0.00556	0.00370	0.00318	0.00212	0.00106	0.00265	0.00185	0.00212	0.00370
6	0.00551	0.00316	0.00432	0.00432	0.00438	0.00322	0.00280	0.00480	0.00473	0.00637	0.00789	0.01473	0.00839	0.30482	0.10027	0.50932	0.00371	0.00371	0.00172	0.00184
7	0.17554	0.03460	0.02915	0.00587	0.03654	0.02590	0.00467	0.07534	0.00767	0.01265	0.00648	0.00783	0.00533	0.00307	0.00261	0.00074	0.00285	0.01944	0.04995	0.49377
8	0.04549	0.00784	0.01078	0.05958	0.04868	0.08950	0.20226	0.09653	0.02018	0.05847	0.03085	0.04536	0.05413	0.01951	0.04094	0.00125	0.03053	0.00367	0.00231	0.13218

[dist]
# distance from previous block
# <min> <max>
1	2

[block]
# block no. 10 follows, 82 sequences, length 13
# corresponding to MSA columns:
# 506-512,543-548
name=unknown_K
#
# <colnr> <probs for GDERKNQSTAVLIFYWHMCP>
#	G	D	E	R	K	N	Q	S	T	A	V	L	I	F	Y	W	H	M	C	P
0	0.00541	0.00363	0.00451	0.00424	0.00514	0.00341	0.00320	0.00722	0.03410	0.03577	0.65649	0.02328	0.06055	0.00649	0.00377	0.00104	0.00168	0.00566	0.13107	0.00334
1	0.00646	0.00608	0.01026	0.87156	0.02356	0.00760	0.00950	0.00874	0.00684	0.00874	0.00608	0.00912	0.00456	0.00342	0.00342	0.00114	0.00456	0.00304	0.00152	0.00380
2	0.00560	0.00363	0.00419	0.00408	0.00431	0.00365	0.00250	0.03149	0.00561	0.03638	0.01105	0.02203	0.01230	0.76771	0.03594	0.00315	0.00345	0.03835	0.00223	0.00238
3	0.05451	0.00944	0.01002	0.00771	0.01042	0.01047	0.00637	0.80805	0.01561	0.02127	0.00805	0.00809	0.00572	0.00406	0.00336	0.00103	0.00371	0.00302	0.00336	0.00572
4	0.00594	0.00297	0.00446	0.00446	0.00446	0.00297	0.00297	0.00446	0.00446	0.00594	0.00594	0.01040	0.00594	0.01188	0.01337	0.90048	0.00297	0.00297	0.00149	0.00149
5	0.15872	0.00842	0.01147	0.05702	0.10299	0.00898	0.16567	0.34552	0.04038	0.05666	0.00754	0.00837	0.00553	0.00359	0.00332	0.00107	0.00396	0.00310	0.00264	0.00507
6	0.00851	0.00735	0.00773	0.00696	0.00890	0.00851	0.00541	0.01818	0.85226	0.01431	0.01392	0.01276	0.01044	0.00464	0.00348	0.00116	0.00271	0.00387	0.00348	0.00541
7	0.01305	0.00575	0.00737	0.00585	0.00813	0.00533	0.00476	0.07711	0.05946	0.59809	0.08316	0.01272	0.01040	0.00445	0.00339	0.00104	0.00273	0.00364	0.08822	0.00533
8	0.03419	0.04483	0.12624	0.06699	0.29656	0.00862	0.18393	0.13609	0.00896	0.05054	0.00694	0.00840	0.00528	0.00327	0.00343	0.00105	0.00443	0.00312	0.00203	0.00509
9	0.00883	0.20833	0.08910	0.00867	0.09900	0.04048	0.05520	0.07886	0.21367	0.04874	0.07091	0.03294	0.02252	0.00415	0.00324	0.00101	0.00356	0.00344	0.00252	0.00483
10	0.00541	0.00381	0.00452	0.00465	0.00559	0.00353	0.00353	0.04908	0.00799	0.05449	0.04776	0.29477	0.34790	0.00880	0.00414	0.00127	0.00217	0.12383	0.02355	0.00321
11	0.00426	0.00306	0.00405	0.00474	0.00503	0.00285	0.00323	0.00497	0.00687	0.00918	0.08410	0.75936	0.04898	0.01033	0.00434	0.00136	0.00198	0.03525	0.00322	0.00283
12	0.02423	0.19856	0.47278	0.00915	0.06136	0.00880	0.04351	0.01077	0.00745	0.06221	0.04903	0.00817	0.00609	0.00345	0.00325	0.00101	0.02088	0.00271	0.00177	0.00482

[dist]
# distance from previous block
# <min> <max>
2	11

[block]
# block no. 11 follows, 82 sequences, length 6
# corresponding to MSA columns:
# 560-565
name=unknown_L
#
# <colnr> <probs for GDERKNQSTAVLIFYWHMCP>
#	G	D	E	R	K	N	Q	S	T	A	V	L	I	F	Y	W	H	M	C	P
0	0.00648	0.00562	0.07387	0.00637	0.05912	0.00482	0.00497	0.00816	0.02337	0.08599	0.30667	0.06479	0.10032	0.02452	0.06833	0.00146	0.06949	0.00494	0.01919	0.06151
1	0.08637	0.09302	0.10601	0.06325	0.10478	0.03452	0.03183	0.03616	0.04436	0.09304	0.00729	0.02968	0.00580	0.00345	0.00315	0.00091	0.02293	0.00276	0.00216	0.22852
2	0.04389	0.00391	0.00472	0.00444	0.00543	0.00372	0.00338	0.03081	0.00895	0.05286	0.51449	0.02448	0.12488	0.06304	0.00474	0.00125	0.00200	0.05715	0.04254	0.00332
3	0.00779	0.13780	0.14245	0.06523	0.13389	0.00832	0.05641	0.08770	0.08621	0.01168	0.10410	0.02854	0.04103	0.00487	0.02661	0.00118	0.04580	0.00358	0.00225	0.00456
4	0.00641	0.00380	0.03905	0.00475	0.00515	0.00339	0.00346	0.00559	0.00500	0.05880	0.00704	0.01164	0.00678	0.09468	0.05521	0.67888	0.00339	0.00321	0.00173	0.00203
5	0.04950	0.13028	0.31623	0.00760	0.01081	0.06361	0.00798	0.07684	0.03484	0.04217	0.00662	0.00752	0.00509	0.00352	0.00354	0.00096	0.06968	0.00250	0.04438	0.11633

[dist]
# distance from previous block
# <min> <max>
1	173

# created by:
# /home/simao/soft/augustus-3.0.3/scripts/msa2prfl.pl ./prep/82322.aln
