[name]
unknown

[dist]
# distance from previous block
# <min> <max>
1	638

[block]
# block no. 0 follows, 88 sequences, length 27
# corresponding to MSA columns:
# 651-677
name=unknown_A
#
# <colnr> <probs for GDERKNQSTAVLIFYWHMCP>
#	G	D	E	R	K	N	Q	S	T	A	V	L	I	F	Y	W	H	M	C	P
0	0.01402	0.00626	0.00797	0.00611	0.00863	0.00588	0.00505	0.19613	0.01052	0.68636	0.01167	0.01030	0.00746	0.00397	0.00325	0.00099	0.00292	0.00318	0.00383	0.00550
1	0.00575	0.00453	0.00599	0.00661	0.11045	0.00460	0.00437	0.03957	0.12900	0.02002	0.36636	0.13800	0.06272	0.00764	0.06977	0.00139	0.00265	0.01396	0.00302	0.00362
2	0.00633	0.00598	0.01011	0.77417	0.12497	0.00724	0.00909	0.00846	0.00657	0.00853	0.00578	0.00854	0.00441	0.00319	0.00323	0.00106	0.00425	0.00287	0.00146	0.00377
3	0.00929	0.00642	0.11124	0.00567	0.00782	0.00510	0.00506	0.01223	0.15900	0.34900	0.13178	0.02770	0.10663	0.00486	0.00334	0.00103	0.00260	0.00405	0.04265	0.00454
4	0.00792	0.10670	0.02648	0.01061	0.01333	0.00821	0.51802	0.11233	0.00822	0.02196	0.00786	0.11475	0.00691	0.00383	0.00367	0.00106	0.01779	0.00408	0.00199	0.00427
5	0.00559	0.00464	0.00427	0.00417	0.00439	0.10909	0.00255	0.00574	0.00526	0.00651	0.00949	0.01897	0.01069	0.74782	0.04578	0.00293	0.00366	0.00433	0.00191	0.00221
6	0.00617	0.01502	0.76433	0.00863	0.01285	0.00691	0.01085	0.00953	0.00674	0.00999	0.00726	0.11362	0.00619	0.00393	0.00320	0.00106	0.00442	0.00321	0.00156	0.00451
7	0.14166	0.01348	0.11342	0.00835	0.05408	0.56249	0.00669	0.02413	0.00834	0.03183	0.00532	0.00614	0.00422	0.00325	0.00283	0.00089	0.00500	0.00215	0.00176	0.00398
8	0.01170	0.11810	0.01046	0.00770	0.02435	0.29005	0.00616	0.46524	0.01205	0.01461	0.00644	0.00682	0.00489	0.00355	0.00299	0.00089	0.00428	0.00250	0.00247	0.00476
9	0.12058	0.06462	0.00868	0.00712	0.00895	0.52226	0.00554	0.12599	0.02225	0.01077	0.00581	0.00653	0.00465	0.00338	0.00275	0.00086	0.00460	0.00222	0.06848	0.00394
10	0.00667	0.18407	0.59920	0.00801	0.01188	0.00810	0.00973	0.00958	0.00657	0.00939	0.00589	0.00722	0.00459	0.00559	0.10883	0.00147	0.00499	0.00239	0.00141	0.00442
11	0.00421	0.00328	0.00383	0.00372	0.00461	0.00289	0.00278	0.00539	0.00826	0.01091	0.46451	0.04929	0.40990	0.00741	0.00382	0.00106	0.00158	0.00637	0.00329	0.00289
12	0.90928	0.00625	0.00475	0.00425	0.00625	0.00725	0.00350	0.00950	0.00550	0.01449	0.00450	0.00525	0.00350	0.00300	0.00200	0.00100	0.00250	0.00175	0.00200	0.00350
13	0.00563	0.00346	0.00443	0.00408	0.00499	0.00319	0.00310	0.00713	0.00885	0.08795	0.68080	0.02144	0.02568	0.00601	0.00356	0.00098	0.00163	0.00525	0.11859	0.00326
14	0.00469	0.00316	0.00365	0.00365	0.00369	0.00320	0.00212	0.00478	0.00474	0.00636	0.01006	0.02050	0.01147	0.82096	0.08157	0.00329	0.00355	0.00460	0.00194	0.00203
15	0.01214	0.00664	0.00787	0.00625	0.00851	0.00673	0.00517	0.35645	0.02439	0.37922	0.01088	0.01171	0.00783	0.00431	0.00326	0.00101	0.00300	0.06701	0.07250	0.00511
16	0.00875	0.00858	0.01098	0.07538	0.47038	0.13322	0.00816	0.07558	0.14193	0.01124	0.00720	0.00840	0.00574	0.00329	0.00316	0.00097	0.00390	0.00289	0.01544	0.00481
17	0.00394	0.00281	0.00375	0.00450	0.00469	0.00262	0.00300	0.00450	0.00619	0.00825	0.01781	0.88435	0.02137	0.01012	0.00412	0.00131	0.00187	0.00918	0.00300	0.00262
18	0.00804	0.00694	0.00731	0.00657	0.00840	0.00804	0.00511	0.01717	0.86047	0.01351	0.01315	0.01205	0.00986	0.00438	0.00329	0.00110	0.00256	0.00365	0.00329	0.00511
19	0.01207	0.01540	0.00916	0.00832	0.00999	0.87349	0.00624	0.01290	0.00916	0.00791	0.00499	0.00583	0.00416	0.00333	0.00291	0.00083	0.00583	0.00208	0.00166	0.00375
20	0.01131	0.00785	0.00879	0.02997	0.02147	0.00858	0.00579	0.47544	0.23171	0.14964	0.00984	0.00939	0.00697	0.00400	0.00325	0.00101	0.00320	0.00315	0.00330	0.00534
21	0.00462	0.00346	0.00519	0.00519	0.00577	0.00404	0.00404	0.00577	0.00519	0.00750	0.00865	0.01269	0.00808	0.02423	0.87366	0.00519	0.00865	0.00346	0.00173	0.00288
22	0.00745	0.00350	0.00383	0.00351	0.00457	0.00341	0.00271	0.02407	0.00731	0.14469	0.01083	0.01181	0.00819	0.00380	0.00243	0.00079	0.00173	0.00305	0.74888	0.00344
23	0.00399	0.00288	0.00377	0.00440	0.00468	0.00267	0.00298	0.00465	0.00651	0.00869	0.09380	0.76391	0.06570	0.00971	0.00408	0.00127	0.00183	0.00877	0.00305	0.00267
24	0.00613	0.00376	0.00479	0.00433	0.00541	0.00347	0.00332	0.00785	0.04236	0.13885	0.61908	0.02214	0.09911	0.00623	0.00368	0.00102	0.00175	0.00541	0.01784	0.00346
25	0.16155	0.00609	0.00731	0.00573	0.00814	0.00589	0.00472	0.11696	0.03319	0.60058	0.01079	0.00968	0.00700	0.00383	0.00304	0.00100	0.00280	0.00297	0.00356	0.00516
26	0.00421	0.00343	0.00410	0.07021	0.00593	0.00318	0.00320	0.00533	0.01902	0.00946	0.18372	0.19180	0.46917	0.00783	0.00382	0.00112	0.00188	0.00675	0.00299	0.00287

[dist]
# distance from previous block
# <min> <max>
0	1

[block]
# block no. 1 follows, 88 sequences, length 14
# corresponding to MSA columns:
# 679-692
name=unknown_B
#
# <colnr> <probs for GDERKNQSTAVLIFYWHMCP>
#	G	D	E	R	K	N	Q	S	T	A	V	L	I	F	Y	W	H	M	C	P
0	0.51997	0.00705	0.00694	0.00565	0.00790	0.00782	0.03290	0.24653	0.02838	0.09984	0.00649	0.00679	0.00469	0.00337	0.00256	0.00100	0.00292	0.00233	0.00256	0.00432
1	0.47308	0.00688	0.00937	0.00722	0.00968	0.00714	0.24141	0.03442	0.00703	0.16571	0.00663	0.00731	0.00475	0.00312	0.00276	0.00102	0.00340	0.00262	0.00229	0.00415
2	0.01212	0.00881	0.00949	0.00733	0.00987	0.00973	0.00603	0.77943	0.06276	0.04898	0.00823	0.00811	0.00583	0.00391	0.00324	0.00098	0.00347	0.00296	0.00326	0.00547
3	0.02186	0.01412	0.43319	0.00869	0.01201	0.24925	0.05677	0.01187	0.10647	0.03310	0.00679	0.00777	0.00513	0.00338	0.00310	0.00099	0.00474	0.01450	0.00179	0.00448
4	0.02886	0.01452	0.00901	0.00811	0.00984	0.77965	0.00612	0.04806	0.02979	0.02939	0.00548	0.00617	0.00443	0.00339	0.00293	0.00085	0.00552	0.00217	0.00183	0.00389
5	0.00466	0.00318	0.00375	0.00367	0.00389	0.00311	0.00226	0.00509	0.00594	0.00813	0.24873	0.02198	0.01698	0.64081	0.01292	0.00254	0.00268	0.00502	0.00240	0.00226
6	0.00467	0.00346	0.00493	0.00507	0.00560	0.00383	0.00381	0.03211	0.00578	0.00811	0.01118	0.25590	0.01171	0.01965	0.60354	0.00398	0.00660	0.00504	0.00213	0.00289
7	0.01108	0.00867	0.01065	0.01089	0.24909	0.00936	0.00719	0.61944	0.01300	0.01762	0.00729	0.00782	0.00539	0.00360	0.00322	0.00097	0.00363	0.00290	0.00278	0.00539
8	0.00609	0.00386	0.00464	0.00426	0.00516	0.00369	0.00307	0.01950	0.06851	0.11673	0.33219	0.03403	0.12377	0.25199	0.00723	0.00162	0.00225	0.00517	0.00306	0.00318
9	0.00441	0.00304	0.00363	0.00387	0.00399	0.00295	0.00237	0.00469	0.00546	0.00728	0.04893	0.31135	0.04028	0.53041	0.01142	0.00237	0.00260	0.00631	0.00240	0.00225
10	0.00680	0.01448	0.63222	0.01044	0.01479	0.00769	0.24720	0.01026	0.00705	0.01026	0.00600	0.00735	0.00432	0.00297	0.00328	0.00104	0.00496	0.00279	0.00144	0.00466
11	0.18676	0.00936	0.24805	0.00670	0.00975	0.00687	0.00674	0.15047	0.00881	0.32314	0.00838	0.00818	0.00562	0.00352	0.00295	0.00100	0.00340	0.00266	0.00275	0.00490
12	0.00804	0.01634	0.62945	0.00896	0.01287	0.24929	0.01035	0.01098	0.00747	0.00958	0.00557	0.00654	0.00411	0.00314	0.00303	0.00097	0.00507	0.00230	0.00145	0.00449
13	0.00411	0.00295	0.00391	0.00438	0.00473	0.00274	0.00301	0.00494	0.00701	0.00956	0.25423	0.64418	0.02391	0.00914	0.00404	0.00123	0.00178	0.00825	0.00315	0.00274

[dist]
# distance from previous block
# <min> <max>
0	2

[block]
# block no. 2 follows, 88 sequences, length 22
# corresponding to MSA columns:
# 695,696,700-719
name=unknown_C
#
# <colnr> <probs for GDERKNQSTAVLIFYWHMCP>
#	G	D	E	R	K	N	Q	S	T	A	V	L	I	F	Y	W	H	M	C	P
0	0.00783	0.00518	0.00610	0.00538	0.00688	0.00536	0.00419	0.03489	0.30501	0.17413	0.28900	0.04789	0.07026	0.00548	0.00362	0.00106	0.01538	0.00465	0.00345	0.00427
1	0.00389	0.00328	0.00337	0.00337	0.00444	0.00277	0.00255	0.00476	0.00746	0.00898	0.07723	0.03083	0.80188	0.00811	0.00383	0.00110	0.00166	0.02472	0.00303	0.00275
2	0.00670	0.00574	0.00670	0.00479	0.00766	0.00431	0.00383	0.00813	0.00670	0.01053	0.00574	0.00670	0.00479	0.00239	0.00239	0.00048	0.00239	0.00191	0.00191	0.90621
3	0.00438	0.00342	0.00399	0.00382	0.00476	0.00309	0.00287	0.00588	0.03867	0.01121	0.48728	0.02661	0.37790	0.00718	0.00380	0.00105	0.00161	0.00617	0.00331	0.00299
4	0.00514	0.00336	0.00404	0.00380	0.00473	0.00306	0.00287	0.00649	0.00837	0.05597	0.49492	0.02314	0.21715	0.00638	0.00354	0.00099	0.00161	0.00548	0.14587	0.00310
5	0.00694	0.00763	0.06898	0.09837	0.01024	0.02226	0.00751	0.00802	0.00530	0.00799	0.00463	0.00733	0.00433	0.00566	0.03110	0.00144	0.69442	0.00281	0.00142	0.00361
6	0.01020	0.00625	0.00713	0.00603	0.00804	0.00663	0.00480	0.07444	0.44395	0.29160	0.01284	0.01179	0.02605	0.00425	0.00321	0.00103	0.00259	0.00349	0.07061	0.00506
7	0.01032	0.00825	0.00890	0.00724	0.00950	0.02593	0.02798	0.45416	0.38063	0.01689	0.01000	0.00960	0.00734	0.00406	0.00326	0.00102	0.00322	0.00324	0.00318	0.00527
8	0.00390	0.00325	0.00340	0.00341	0.00442	0.00275	0.00254	0.00477	0.00748	0.00911	0.11168	0.07210	0.74385	0.00813	0.00383	0.00109	0.00164	0.00684	0.00305	0.00275
9	0.10311	0.00698	0.00748	0.00599	0.00832	0.12056	0.00485	0.03058	0.02213	0.63999	0.01081	0.00969	0.00702	0.00381	0.00308	0.00098	0.00315	0.00294	0.00346	0.00506
10	0.81547	0.00654	0.00527	0.00458	0.00664	0.00754	0.00378	0.09798	0.00651	0.01511	0.00484	0.00551	0.00371	0.00309	0.00213	0.00100	0.00261	0.00187	0.00213	0.00371
11	0.00689	0.00500	0.00521	0.00484	0.00616	0.00549	0.00374	0.02604	0.41073	0.01257	0.01361	0.01391	0.07752	0.00450	0.00292	0.00096	0.00207	0.01788	0.37591	0.00402
12	0.00610	0.00574	0.00969	0.87870	0.02225	0.00718	0.00897	0.00825	0.00646	0.00825	0.00574	0.00861	0.00431	0.00323	0.00323	0.00108	0.00431	0.00287	0.00144	0.00359
13	0.00441	0.00365	0.00374	0.00362	0.00477	0.00322	0.00274	0.06325	0.00784	0.00951	0.03026	0.07194	0.76380	0.00798	0.00379	0.00109	0.00178	0.00667	0.00302	0.00291
14	0.00411	0.00326	0.00369	0.00363	0.00455	0.00284	0.00270	0.00518	0.00799	0.01031	0.34684	0.06656	0.51155	0.00767	0.00383	0.00107	0.00160	0.00655	0.00321	0.00284
15	0.90928	0.00625	0.00475	0.00425	0.00625	0.00725	0.00350	0.00950	0.00550	0.01449	0.00450	0.00525	0.00350	0.00300	0.00200	0.00100	0.00250	0.00175	0.00200	0.00350
16	0.00685	0.00615	0.00963	0.75688	0.02050	0.00752	0.00855	0.10470	0.02986	0.00977	0.00617	0.00861	0.00459	0.00333	0.00323	0.00106	0.00418	0.00290	0.00169	0.00385
17	0.00463	0.00354	0.00530	0.00559	0.00621	0.00339	0.06241	0.00568	0.00678	0.00896	0.03112	0.50569	0.03465	0.00911	0.00421	0.00135	0.00249	0.29311	0.00291	0.00287
18	0.00782	0.00574	0.00607	0.00547	0.00702	0.00640	0.00425	0.04578	0.52489	0.05144	0.01246	0.01214	0.02247	0.00422	0.00299	0.00099	0.00228	0.00347	0.26962	0.00449
19	0.00867	0.00449	0.00602	0.06505	0.00746	0.00423	0.00418	0.02683	0.03140	0.33199	0.42032	0.01713	0.01853	0.00519	0.00348	0.00101	0.00224	0.00446	0.03322	0.00410
20	0.85494	0.00620	0.00492	0.00434	0.00637	0.00710	0.00357	0.00988	0.00573	0.06636	0.00500	0.00560	0.00377	0.00306	0.00208	0.00100	0.00251	0.00184	0.00212	0.00362
21	0.01207	0.01540	0.00916	0.00832	0.00999	0.87349	0.00624	0.01290	0.00916	0.00791	0.00499	0.00583	0.00416	0.00333	0.00291	0.00083	0.00583	0.00208	0.00166	0.00375

[dist]
# distance from previous block
# <min> <max>
0	4

[block]
# block no. 3 follows, 88 sequences, length 58
# corresponding to MSA columns:
# 724-781
name=unknown_D
#
# <colnr> <probs for GDERKNQSTAVLIFYWHMCP>
#	G	D	E	R	K	N	Q	S	T	A	V	L	I	F	Y	W	H	M	C	P
0	0.00646	0.00611	0.01034	0.71517	0.18296	0.00727	0.00915	0.00857	0.00663	0.00869	0.00581	0.00850	0.00446	0.00316	0.00322	0.00105	0.00422	0.00287	0.00147	0.00388
1	0.00829	0.00890	0.01051	0.14517	0.22758	0.20444	0.00789	0.00955	0.00674	0.00858	0.00511	0.00726	0.00445	0.00405	0.00586	0.00112	0.32630	0.00268	0.00152	0.00399
2	0.90928	0.00625	0.00475	0.00425	0.00625	0.00725	0.00350	0.00950	0.00550	0.01449	0.00450	0.00525	0.00350	0.00300	0.00200	0.00100	0.00250	0.00175	0.00200	0.00350
3	0.00394	0.00281	0.00375	0.00450	0.00469	0.00262	0.00300	0.00450	0.00619	0.00825	0.01781	0.88435	0.02137	0.01012	0.00412	0.00131	0.00187	0.00918	0.00300	0.00262
4	0.00396	0.00285	0.00376	0.00446	0.00470	0.00265	0.00300	0.00455	0.00629	0.00835	0.03021	0.82961	0.05379	0.00998	0.00411	0.00130	0.00187	0.01892	0.00301	0.00264
5	0.00452	0.00328	0.00426	0.00406	0.00481	0.00302	0.00303	0.00599	0.00898	0.01265	0.80676	0.05689	0.05603	0.00679	0.00382	0.00103	0.00154	0.00600	0.00352	0.00302
6	0.00670	0.00574	0.00670	0.00479	0.00766	0.00431	0.00383	0.00813	0.00670	0.01053	0.00574	0.00670	0.00479	0.00239	0.00239	0.00048	0.00239	0.00191	0.00191	0.90621
7	0.02059	0.01020	0.00834	0.00728	0.00907	0.32149	0.00566	0.16265	0.30192	0.03152	0.00893	0.00907	0.01860	0.01374	0.00361	0.00101	0.04507	0.00293	0.01383	0.00451
8	0.00991	0.03976	0.01017	0.00797	0.01022	0.13847	0.12415	0.22496	0.34077	0.04545	0.00934	0.00930	0.00695	0.00380	0.00325	0.00101	0.00374	0.00317	0.00276	0.00488
9	0.00814	0.00670	0.00713	0.00638	0.00820	0.00763	0.00497	0.01651	0.78064	0.05330	0.01405	0.01290	0.04987	0.00454	0.00331	0.00109	0.00252	0.00378	0.00331	0.00502
10	0.00817	0.00701	0.00738	0.00660	0.00845	0.00810	0.00515	0.04310	0.83432	0.01373	0.01298	0.01192	0.00973	0.00437	0.00329	0.00109	0.00259	0.00363	0.00329	0.00513
11	0.00864	0.88841	0.01693	0.00553	0.00829	0.01278	0.00553	0.00967	0.00656	0.00760	0.00449	0.00518	0.00415	0.00276	0.00207	0.00069	0.00345	0.00173	0.00138	0.00415
12	0.00761	0.01864	0.02846	0.01218	0.01516	0.02745	0.68894	0.01085	0.09083	0.01070	0.04998	0.00968	0.00663	0.00310	0.00371	0.00108	0.00495	0.00382	0.00189	0.00436
13	0.00648	0.01671	0.86972	0.00921	0.01398	0.00750	0.01194	0.01023	0.00682	0.01023	0.00580	0.00682	0.00409	0.00307	0.00307	0.00102	0.00477	0.00239	0.00136	0.00477
14	0.00393	0.00283	0.00373	0.00444	0.00467	0.00263	0.00297	0.00450	0.00624	0.00827	0.01851	0.84435	0.06092	0.01003	0.00411	0.00130	0.00186	0.00907	0.00300	0.00263
15	0.00740	0.00824	0.01768	0.01285	0.01585	0.00778	0.76610	0.00998	0.00757	0.01025	0.00747	0.01123	0.00615	0.00333	0.00396	0.00113	0.01635	0.08071	0.00175	0.00422
16	0.00718	0.00726	0.01005	0.00857	0.00867	0.02687	0.02267	0.00792	0.00508	0.00782	0.00430	0.00707	0.00425	0.00555	0.01033	0.00140	0.84720	0.00283	0.00142	0.00355
17	0.00390	0.00297	0.00359	0.00409	0.00458	0.00266	0.00282	0.00454	0.00658	0.00841	0.02283	0.59703	0.30545	0.00947	0.00402	0.00124	0.00179	0.00839	0.00300	0.00266
18	0.00610	0.00574	0.00969	0.87870	0.02225	0.00718	0.00897	0.00825	0.00646	0.00825	0.00574	0.00861	0.00431	0.00323	0.00323	0.00108	0.00431	0.00287	0.00144	0.00359
19	0.01207	0.01540	0.00916	0.00832	0.00999	0.87349	0.00624	0.01290	0.00916	0.00791	0.00499	0.00583	0.00416	0.00333	0.00291	0.00083	0.00583	0.00208	0.00166	0.00375
20	0.01135	0.00820	0.00878	0.00687	0.00920	0.00905	0.00563	0.69818	0.06701	0.03035	0.00847	0.00854	0.00611	0.00390	0.00313	0.00095	0.00326	0.00297	0.10285	0.00520
21	0.00393	0.00284	0.00372	0.00442	0.00466	0.00263	0.00296	0.00451	0.00626	0.00828	0.01881	0.82699	0.07808	0.00999	0.00410	0.00130	0.00186	0.00903	0.00300	0.00263
22	0.00670	0.00574	0.00670	0.00479	0.00766	0.00431	0.00383	0.00813	0.00670	0.01053	0.00574	0.00670	0.00479	0.00239	0.00239	0.00048	0.00239	0.00191	0.00191	0.90621
23	0.00844	0.76418	0.11660	0.00595	0.00895	0.01196	0.00625	0.00980	0.00663	0.01944	0.00477	0.00547	0.00420	0.00281	0.00221	0.00073	0.00359	0.00183	0.00142	0.01476
24	0.01081	0.08470	0.11274	0.00754	0.02747	0.12790	0.00658	0.36766	0.08932	0.09454	0.00773	0.00783	0.00563	0.00360	0.00305	0.00093	0.00381	0.00270	0.00264	0.03283
25	0.00454	0.00330	0.00427	0.00403	0.00481	0.00303	0.00302	0.00603	0.00907	0.01277	0.82879	0.02443	0.06641	0.00667	0.00381	0.00102	0.00153	0.00588	0.00353	0.00303
26	0.00854	0.00736	0.01203	0.10700	0.52887	0.03737	0.08149	0.01042	0.00766	0.11523	0.04711	0.00917	0.00652	0.00323	0.00328	0.00099	0.00385	0.00311	0.00197	0.00479
27	0.00402	0.00328	0.00356	0.00353	0.00451	0.00282	0.00265	0.00502	0.00777	0.00976	0.23544	0.04853	0.63191	0.00785	0.00383	0.00108	0.00163	0.01687	0.00314	0.00281
28	0.00724	0.00795	0.01660	0.18110	0.01740	0.00790	0.64355	0.00976	0.00729	0.00983	0.00651	0.00913	0.00502	0.00329	0.01568	0.00116	0.02838	0.01647	0.00161	0.00415
29	0.00610	0.00574	0.00969	0.87870	0.02225	0.00718	0.00897	0.00825	0.00646	0.00825	0.00574	0.00861	0.00431	0.00323	0.00323	0.00108	0.00431	0.00287	0.00144	0.00359
30	0.00441	0.00335	0.00407	0.00388	0.00475	0.00303	0.00291	0.00585	0.02095	0.01177	0.61822	0.02592	0.26500	0.00702	0.00381	0.00104	0.00157	0.00609	0.00340	0.00299
31	0.00668	0.09918	0.78904	0.00886	0.01344	0.00800	0.01133	0.01018	0.00680	0.00998	0.00567	0.00667	0.00410	0.00304	0.00298	0.00099	0.00465	0.00232	0.00137	0.00472
32	0.00648	0.01671	0.86972	0.00921	0.01398	0.00750	0.01194	0.01023	0.00682	0.01023	0.00580	0.00682	0.00409	0.00307	0.00307	0.00102	0.00477	0.00239	0.00136	0.00477
33	0.00622	0.00586	0.00990	0.82618	0.07386	0.00721	0.00903	0.00836	0.00651	0.00840	0.00576	0.00858	0.00436	0.00321	0.00323	0.00107	0.00428	0.00287	0.00145	0.00368
34	0.00395	0.00282	0.00374	0.00448	0.00467	0.00263	0.00298	0.00450	0.00616	0.00821	0.01767	0.86914	0.02120	0.02556	0.00434	0.00134	0.00190	0.00911	0.00298	0.00261
35	0.01227	0.00935	0.00967	0.00747	0.01002	0.05050	0.00615	0.81603	0.01491	0.01978	0.00763	0.00767	0.00543	0.00385	0.00322	0.00096	0.00366	0.00287	0.00316	0.00541
36	0.01449	0.00550	0.00750	0.00575	0.00825	0.00475	0.00475	0.01574	0.00925	0.86855	0.01275	0.01100	0.00800	0.00400	0.00325	0.00100	0.00275	0.00325	0.00400	0.00550
37	0.00394	0.00281	0.00375	0.00450	0.00469	0.00262	0.00300	0.00450	0.00619	0.00825	0.01781	0.88435	0.02137	0.01012	0.00412	0.00131	0.00187	0.00918	0.00300	0.00262
38	0.90928	0.00625	0.00475	0.00425	0.00625	0.00725	0.00350	0.00950	0.00550	0.01449	0.00450	0.00525	0.00350	0.00300	0.00200	0.00100	0.00250	0.00175	0.00200	0.00350
39	0.01207	0.01540	0.00916	0.00832	0.00999	0.87349	0.00624	0.01290	0.00916	0.00791	0.00499	0.00583	0.00416	0.00333	0.00291	0.00083	0.00583	0.00208	0.00166	0.00375
40	0.00456	0.00330	0.00429	0.00405	0.00482	0.00304	0.00303	0.00606	0.00910	0.01286	0.84586	0.02429	0.04929	0.00664	0.00381	0.00102	0.00153	0.00586	0.00354	0.00304
41	0.00430	0.00364	0.00375	0.00368	0.00482	0.00328	0.00279	0.00598	0.09179	0.00943	0.07279	0.02894	0.72476	0.00774	0.00378	0.00109	0.00174	0.01964	0.00306	0.00298
42	0.01001	0.00473	0.00586	0.00493	0.00662	0.00448	0.00392	0.02998	0.09992	0.40664	0.10681	0.05371	0.01134	0.00455	0.00310	0.00096	0.00225	0.00379	0.23197	0.00442
43	0.00666	0.00360	0.00372	0.00353	0.00449	0.00370	0.00270	0.03355	0.07914	0.04110	0.01075	0.01188	0.00832	0.00383	0.00241	0.00080	0.00170	0.00307	0.77170	0.00334
44	0.01207	0.01540	0.00916	0.00832	0.00999	0.87349	0.00624	0.01290	0.00916	0.00791	0.00499	0.00583	0.00416	0.00333	0.00291	0.00083	0.00583	0.00208	0.00166	0.00375
45	0.00864	0.88841	0.01693	0.00553	0.00829	0.01278	0.00553	0.00967	0.00656	0.00760	0.00449	0.00518	0.00415	0.00276	0.00207	0.00069	0.00345	0.00173	0.00138	0.00415
46	0.00535	0.00455	0.00661	0.00618	0.00659	0.00580	0.00495	0.00637	0.00512	0.00758	0.00732	0.01100	0.00692	0.01863	0.61351	0.00405	0.27146	0.00327	0.00164	0.00308
47	0.00485	0.00341	0.00434	0.00409	0.00494	0.00316	0.00310	0.00644	0.02315	0.03294	0.72072	0.02414	0.09965	0.00661	0.00376	0.00103	0.00161	0.02227	0.02669	0.00311
48	0.01449	0.00550	0.00750	0.00575	0.00825	0.00475	0.00475	0.01574	0.00925	0.86855	0.01275	0.01100	0.00800	0.00400	0.00325	0.00100	0.00275	0.00325	0.00400	0.00550
49	0.00395	0.00289	0.00372	0.00436	0.00468	0.00266	0.00296	0.00457	0.00639	0.00839	0.03143	0.75841	0.12288	0.00982	0.00409	0.00128	0.00186	0.02002	0.00301	0.00265
50	0.00448	0.00330	0.00419	0.00397	0.00477	0.00301	0.00298	0.00592	0.00893	0.01246	0.76623	0.02496	0.12917	0.00679	0.00381	0.00102	0.00154	0.00596	0.00349	0.00301
51	0.00707	0.00707	0.00990	0.00848	0.00848	0.00990	0.00707	0.00777	0.00495	0.00777	0.00424	0.00707	0.00424	0.00565	0.01060	0.00141	0.88055	0.00283	0.00141	0.00353
52	0.04932	0.00577	0.00664	0.00482	0.00762	0.00451	0.00386	0.00859	0.01696	0.04258	0.00603	0.00685	0.00490	0.00250	0.00242	0.00053	0.00241	0.00198	0.00201	0.81969
53	0.00848	0.82559	0.07839	0.00579	0.00870	0.01240	0.00599	0.00971	0.00658	0.00779	0.00459	0.00530	0.00414	0.00279	0.00214	0.00071	0.00355	0.00178	0.00138	0.00419
54	0.00392	0.00300	0.00360	0.00403	0.00457	0.00268	0.00280	0.00461	0.00673	0.00860	0.05562	0.53797	0.33171	0.00927	0.00400	0.00122	0.00177	0.00819	0.00302	0.00268
55	0.00826	0.56735	0.26851	0.00675	0.01010	0.01102	0.00747	0.07080	0.00726	0.00930	0.00511	0.00585	0.00423	0.00293	0.00245	0.00081	0.00385	0.00201	0.00151	0.00443
56	0.00690	0.00628	0.01026	0.63101	0.20421	0.02238	0.00888	0.00894	0.00685	0.04073	0.01960	0.00876	0.00503	0.00324	0.00323	0.00104	0.00413	0.00292	0.00160	0.00399
57	0.00674	0.07718	0.79832	0.00890	0.01351	0.00783	0.01139	0.01027	0.00684	0.02209	0.00580	0.00677	0.00415	0.00306	0.00300	0.00100	0.00465	0.00235	0.00140	0.00474

[dist]
# distance from previous block
# <min> <max>
0	1

[block]
# block no. 4 follows, 88 sequences, length 101
# corresponding to MSA columns:
# 783-883
name=unknown_E
#
# <colnr> <probs for GDERKNQSTAVLIFYWHMCP>
#	G	D	E	R	K	N	Q	S	T	A	V	L	I	F	Y	W	H	M	C	P
0	0.00653	0.01636	0.83320	0.00947	0.02363	0.00753	0.03858	0.01023	0.00685	0.01024	0.00582	0.00689	0.00413	0.00306	0.00309	0.00102	0.00479	0.00244	0.00138	0.00477
1	0.00680	0.08655	0.70941	0.00970	0.05739	0.00798	0.05804	0.01018	0.00687	0.01004	0.00575	0.00685	0.00419	0.00302	0.00304	0.00100	0.00466	0.00244	0.00139	0.00472
2	0.00501	0.00340	0.00387	0.00385	0.00487	0.00293	0.00285	0.00584	0.00734	0.10052	0.05309	0.22830	0.55014	0.00814	0.00383	0.00113	0.00181	0.00696	0.00312	0.00301
3	0.00389	0.00308	0.00350	0.00382	0.00451	0.00269	0.00270	0.00461	0.00691	0.00863	0.04754	0.39510	0.48368	0.00897	0.00395	0.00118	0.00174	0.00780	0.00301	0.00269
4	0.06530	0.00631	0.05165	0.07673	0.00945	0.00566	0.00538	0.07869	0.04533	0.53971	0.07317	0.01100	0.00876	0.00403	0.00321	0.00101	0.00293	0.00327	0.00342	0.00499
5	0.00841	0.79537	0.10795	0.00592	0.00890	0.01222	0.00621	0.00973	0.00659	0.00788	0.00463	0.00536	0.00414	0.00280	0.00218	0.00073	0.00360	0.00180	0.00138	0.00421
6	0.00557	0.00427	0.00513	0.00474	0.00579	0.00437	0.00360	0.00908	0.23131	0.02143	0.63411	0.02085	0.02488	0.00600	0.00367	0.00104	0.00181	0.00525	0.00349	0.00361
7	0.00394	0.00281	0.00375	0.00450	0.00469	0.00262	0.00300	0.00450	0.00619	0.00825	0.01781	0.88435	0.02137	0.01012	0.00412	0.00131	0.00187	0.00918	0.00300	0.00262
8	0.31521	0.02469	0.01067	0.03445	0.29239	0.11929	0.13898	0.01018	0.00696	0.01141	0.00543	0.00686	0.00437	0.00296	0.00283	0.00098	0.00389	0.00252	0.00174	0.00421
9	0.00457	0.00330	0.00432	0.00406	0.00483	0.00305	0.00305	0.00610	0.00914	0.01296	0.86460	0.02413	0.03048	0.00660	0.00381	0.00102	0.00152	0.00584	0.00356	0.00305
10	0.00653	0.01593	0.79994	0.00915	0.01354	0.00770	0.01154	0.01003	0.00667	0.01003	0.00567	0.00684	0.00410	0.00328	0.00368	0.00105	0.07586	0.00242	0.00137	0.00467
11	0.00475	0.00334	0.00438	0.00409	0.00489	0.00308	0.00308	0.00627	0.00915	0.02820	0.84942	0.02390	0.03008	0.00656	0.00380	0.00102	0.00155	0.00580	0.00356	0.00309
12	0.00469	0.00317	0.00372	0.00372	0.00379	0.00324	0.00220	0.00482	0.00476	0.00641	0.01000	0.02016	0.01132	0.78583	0.11649	0.00337	0.00378	0.00455	0.00193	0.00207
13	0.00620	0.00582	0.00974	0.81579	0.05643	0.00711	0.00885	0.00832	0.00650	0.00842	0.00576	0.00853	0.00436	0.00319	0.00320	0.00105	0.00423	0.00284	0.00146	0.03222
14	0.00732	0.00811	0.01729	0.01255	0.01547	0.00770	0.74084	0.00986	0.00763	0.01039	0.05460	0.01095	0.00700	0.00334	0.00403	0.00111	0.02881	0.04701	0.00180	0.00419
15	0.00868	0.00774	0.00758	0.00670	0.00857	0.07832	0.00523	0.10591	0.67416	0.01364	0.01253	0.01169	0.03600	0.00436	0.00327	0.00106	0.00290	0.00355	0.00314	0.00497
16	0.00413	0.00323	0.00374	0.00373	0.00458	0.00284	0.00275	0.00519	0.00791	0.01032	0.35640	0.13426	0.43374	0.00781	0.00385	0.00109	0.00162	0.00673	0.00322	0.00284
17	0.15608	0.00598	0.00727	0.00568	0.00810	0.00570	0.00469	0.09523	0.02242	0.63859	0.01097	0.00979	0.00707	0.00383	0.00305	0.00100	0.00278	0.00298	0.00360	0.00517
18	0.20809	0.25363	0.07024	0.00729	0.00991	0.12400	0.12171	0.14992	0.00826	0.01182	0.00547	0.00630	0.00433	0.00309	0.00266	0.00090	0.00394	0.00230	0.00189	0.00424
19	0.01080	0.01415	0.08030	0.00906	0.01111	0.63775	0.11403	0.02355	0.00864	0.00857	0.00525	0.00636	0.00427	0.00336	0.00344	0.00091	0.05051	0.00237	0.00164	0.00392
20	0.00616	0.00414	0.00511	0.00447	0.00571	0.00385	0.00345	0.06751	0.02370	0.08353	0.57597	0.02037	0.07463	0.00584	0.00356	0.00097	0.00186	0.00505	0.02739	0.07674
21	0.00393	0.00282	0.00374	0.00447	0.00468	0.00263	0.00298	0.00450	0.00622	0.00826	0.01820	0.86186	0.04361	0.01007	0.00412	0.00131	0.00187	0.00912	0.00300	0.00263
22	0.00486	0.00361	0.00457	0.00428	0.00513	0.00347	0.00322	0.00703	0.08083	0.01300	0.79291	0.02312	0.02875	0.00642	0.00377	0.00102	0.00161	0.00566	0.00353	0.00322
23	0.90928	0.00625	0.00475	0.00425	0.00625	0.00725	0.00350	0.00950	0.00550	0.01449	0.00450	0.00525	0.00350	0.00300	0.00200	0.00100	0.00250	0.00175	0.00200	0.00350
24	0.01173	0.00878	0.00925	0.00727	0.00972	0.03230	0.00594	0.68022	0.13960	0.04866	0.00865	0.00845	0.00619	0.00394	0.00323	0.00099	0.00344	0.00301	0.00323	0.00539
25	0.00462	0.00343	0.00506	0.00506	0.00559	0.00396	0.00387	0.00568	0.00515	0.00740	0.00878	0.01338	0.00837	0.09421	0.80408	0.00502	0.00821	0.00356	0.00175	0.00281
26	0.08090	0.00468	0.00498	0.00452	0.00583	0.00491	0.00363	0.14472	0.04829	0.07060	0.01064	0.01360	0.00871	0.00437	0.00277	0.00093	0.00222	0.10192	0.47805	0.00371
27	0.01052	0.00505	0.00644	0.00524	0.00713	0.00466	0.00422	0.07863	0.04171	0.46520	0.24351	0.01574	0.07368	0.00499	0.00342	0.00101	0.00238	0.00418	0.01769	0.00459
28	0.00405	0.00291	0.00367	0.00422	0.00447	0.00272	0.00278	0.00454	0.00605	0.00797	0.01798	0.66272	0.09989	0.15270	0.00610	0.00159	0.00206	0.00823	0.00283	0.00253
29	0.01214	0.00979	0.00956	0.00752	0.00997	0.11804	0.00613	0.72708	0.03761	0.01861	0.00756	0.00763	0.00545	0.00382	0.00319	0.00096	0.00381	0.00283	0.00304	0.00526
30	0.01203	0.03012	0.00935	0.00818	0.00996	0.76615	0.00622	0.10278	0.00975	0.00923	0.00528	0.00602	0.00430	0.00338	0.00293	0.00084	0.00554	0.00216	0.00183	0.00394
31	0.00799	0.00884	0.01767	0.05430	0.02970	0.05601	0.73186	0.01053	0.00769	0.03274	0.00657	0.00860	0.00492	0.00282	0.00371	0.00107	0.00532	0.00364	0.00169	0.00433
32	0.90928	0.00625	0.00475	0.00425	0.00625	0.00725	0.00350	0.00950	0.00550	0.01449	0.00450	0.00525	0.00350	0.00300	0.00200	0.00100	0.00250	0.00175	0.00200	0.00350
33	0.69179	0.00578	0.00498	0.00448	0.00636	0.00646	0.00370	0.00982	0.00612	0.10370	0.00672	0.00876	0.00546	0.00363	0.00234	0.00103	0.00251	0.07038	0.05233	0.00364
34	0.00394	0.00290	0.00370	0.00432	0.00467	0.00266	0.00295	0.00455	0.00639	0.00835	0.02019	0.73436	0.15659	0.00979	0.00408	0.00128	0.00185	0.02179	0.00300	0.00265
35	0.00465	0.00339	0.00438	0.00414	0.00492	0.00317	0.00310	0.00635	0.03133	0.01286	0.82268	0.04379	0.02973	0.00663	0.00380	0.00103	0.00156	0.00586	0.00354	0.00309
36	0.00745	0.00748	0.05385	0.00837	0.00875	0.00949	0.00719	0.00834	0.00528	0.05564	0.00479	0.00727	0.00444	0.00543	0.00981	0.00137	0.78696	0.00283	0.00155	0.00371
37	0.00759	0.00571	0.00679	0.00489	0.00772	0.00436	0.00393	0.00900	0.00699	0.10834	0.00654	0.00719	0.00515	0.00258	0.00249	0.00054	0.00243	0.00207	0.00215	0.80353
38	0.00751	0.00741	0.01252	0.14013	0.51075	0.03452	0.13084	0.00937	0.00706	0.00971	0.00636	0.00917	0.00546	0.07468	0.00449	0.00118	0.01961	0.00313	0.00161	0.00446
39	0.00808	0.00691	0.00731	0.00658	0.00840	0.00796	0.00515	0.04337	0.80695	0.01361	0.01310	0.01268	0.01000	0.00451	0.00332	0.00110	0.00260	0.03002	0.00328	0.00506
40	0.01078	0.00857	0.00908	0.00754	0.04463	0.04981	0.00587	0.55069	0.14420	0.01714	0.00815	0.00821	0.00601	0.00371	0.00312	0.00092	0.00338	0.00287	0.00294	0.11237
41	0.00494	0.00412	0.00449	0.01308	0.00560	0.00378	0.00319	0.02177	0.11416	0.01025	0.13113	0.04697	0.50357	0.00682	0.00360	0.00103	0.00190	0.01704	0.00298	0.09956
42	0.00798	0.01776	0.30361	0.03543	0.01496	0.03055	0.43033	0.03409	0.00769	0.07599	0.00672	0.00812	0.00484	0.00300	0.00345	0.00105	0.00493	0.00318	0.00176	0.00458
43	0.00813	0.57609	0.14330	0.00599	0.00879	0.01055	0.00617	0.01049	0.09781	0.02346	0.00624	0.00682	0.00515	0.00308	0.00239	0.00079	0.00339	0.00216	0.07492	0.00427
44	0.00729	0.00818	0.01769	0.01280	0.01579	0.00767	0.77814	0.00982	0.00750	0.01016	0.00755	0.08730	0.00638	0.00339	0.00384	0.00111	0.00513	0.00429	0.00176	0.00420
45	0.00812	0.56182	0.12637	0.11532	0.08046	0.04301	0.00717	0.00971	0.00675	0.00828	0.00496	0.00607	0.00424	0.00289	0.00247	0.00081	0.00385	0.00206	0.00141	0.00422
46	0.00648	0.01671	0.86972	0.00921	0.01398	0.00750	0.01194	0.01023	0.00682	0.01023	0.00580	0.00682	0.00409	0.00307	0.00307	0.00102	0.00477	0.00239	0.00136	0.00477
47	0.00393	0.00283	0.00373	0.00446	0.00468	0.00263	0.00298	0.00450	0.00622	0.00826	0.01828	0.85705	0.04836	0.01006	0.00411	0.00130	0.00187	0.00911	0.00300	0.00263
48	0.01259	0.00855	0.00938	0.00719	0.00977	0.00927	0.00594	0.73656	0.01435	0.14052	0.00846	0.00822	0.00585	0.00390	0.00323	0.00097	0.00344	0.00296	0.00334	0.00549
49	0.02838	0.00921	0.07915	0.00732	0.01007	0.00915	0.00640	0.67418	0.01365	0.11777	0.00812	0.00801	0.00563	0.00381	0.00320	0.00098	0.00354	0.00288	0.00315	0.00540
50	0.00397	0.00285	0.00378	0.00452	0.00474	0.00266	0.00306	0.00457	0.00625	0.00830	0.01813	0.83770	0.04087	0.01004	0.00413	0.00131	0.00190	0.03557	0.00300	0.00264
51	0.00393	0.00285	0.00371	0.00439	0.00466	0.00263	0.00295	0.00451	0.00629	0.00829	0.01907	0.81186	0.09305	0.00996	0.00410	0.00129	0.00185	0.00898	0.00300	0.00263
52	0.00753	0.00936	0.08811	0.01326	0.01665	0.00812	0.78618	0.01034	0.00756	0.01034	0.00648	0.00856	0.00484	0.00275	0.00375	0.00108	0.00539	0.00370	0.00161	0.00439
53	0.00445	0.00330	0.00415	0.00394	0.00475	0.00300	0.00295	0.00586	0.00886	0.01228	0.73226	0.02524	0.16325	0.00686	0.00381	0.00103	0.00154	0.00600	0.00347	0.00300
54	0.00713	0.00653	0.00690	0.00507	0.00785	0.07485	0.00402	0.00852	0.00690	0.01031	0.00568	0.00663	0.00473	0.00247	0.00243	0.00051	0.00267	0.00193	0.00189	0.83296
55	0.00405	0.00292	0.00384	0.00438	0.00470	0.00271	0.00299	0.00480	0.00678	0.00915	0.17739	0.69572	0.04978	0.00940	0.00406	0.00125	0.00180	0.00848	0.00310	0.00271
56	0.00530	0.00347	0.00452	0.00416	0.00507	0.00316	0.00315	0.00677	0.00907	0.07835	0.76207	0.02344	0.06612	0.00648	0.00377	0.00102	0.00162	0.00569	0.00357	0.00322
57	0.01429	0.00554	0.00749	0.00577	0.00825	0.00485	0.00476	0.01579	0.03596	0.84171	0.01276	0.01103	0.00806	0.00401	0.00325	0.00100	0.00274	0.00326	0.00398	0.00549
58	0.90928	0.00625	0.00475	0.00425	0.00625	0.00725	0.00350	0.00950	0.00550	0.01449	0.00450	0.00525	0.00350	0.00300	0.00200	0.00100	0.00250	0.00175	0.00200	0.00350
59	0.00866	0.00725	0.00766	0.00670	0.00864	0.00833	0.00526	0.14062	0.73601	0.01452	0.01236	0.01142	0.00922	0.00431	0.00328	0.00108	0.00270	0.00354	0.00328	0.00517
60	0.00450	0.00329	0.00411	0.00390	0.00472	0.00299	0.00293	0.00590	0.00878	0.01223	0.70096	0.02489	0.16652	0.00677	0.00376	0.00102	0.00154	0.00591	0.03229	0.00299
61	0.01207	0.01540	0.00916	0.00832	0.00999	0.87349	0.00624	0.01290	0.00916	0.00791	0.00499	0.00583	0.00416	0.00333	0.00291	0.00083	0.00583	0.00208	0.00166	0.00375
62	0.07942	0.00580	0.00929	0.79897	0.02081	0.00721	0.00851	0.00835	0.00637	0.00876	0.00563	0.00832	0.00424	0.00324	0.00320	0.00107	0.01298	0.00278	0.00148	0.00358
63	0.90928	0.00625	0.00475	0.00425	0.00625	0.00725	0.00350	0.00950	0.00550	0.01449	0.00450	0.00525	0.00350	0.00300	0.00200	0.00100	0.00250	0.00175	0.00200	0.00350
64	0.01217	0.00894	0.00958	0.00736	0.00991	0.00990	0.00607	0.84064	0.01504	0.02021	0.00781	0.00783	0.00554	0.00388	0.00321	0.00097	0.00352	0.00291	0.01906	0.00545
65	0.00895	0.29669	0.24886	0.00762	0.01086	0.07224	0.08219	0.09136	0.00798	0.08401	0.00616	0.00682	0.00470	0.00308	0.00279	0.00087	0.00405	0.00237	0.00185	0.05654
66	0.00487	0.00327	0.00422	0.00408	0.00481	0.00303	0.00302	0.00625	0.00856	0.03481	0.66031	0.13711	0.02688	0.00677	0.00371	0.00103	0.00160	0.00599	0.07661	0.00305
67	0.00417	0.00322	0.00381	0.00380	0.00462	0.00286	0.00280	0.00527	0.00799	0.01054	0.40130	0.15109	0.37139	0.00776	0.00386	0.00109	0.00162	0.00672	0.00325	0.00286
68	0.61447	0.00600	0.00565	0.00474	0.00691	0.00642	0.00391	0.01156	0.00673	0.29589	0.00722	0.00714	0.00498	0.00333	0.00241	0.00100	0.00258	0.00224	0.00266	0.00416
69	0.20944	0.00566	0.00690	0.00542	0.00781	0.00529	0.00448	0.01438	0.00843	0.68248	0.01095	0.00974	0.00702	0.00378	0.00298	0.00100	0.00269	0.00292	0.00356	0.00506
70	0.90928	0.00625	0.00475	0.00425	0.00625	0.00725	0.00350	0.00950	0.00550	0.01449	0.00450	0.00525	0.00350	0.00300	0.00200	0.00100	0.00250	0.00175	0.00200	0.00350
71	0.00478	0.00338	0.00460	0.00521	0.00580	0.00330	0.00422	0.00599	0.00721	0.00963	0.10078	0.28634	0.02898	0.00889	0.00422	0.00136	0.00245	0.47922	0.03076	0.00288
72	0.00476	0.00340	0.00435	0.00409	0.00489	0.00320	0.00307	0.00652	0.03597	0.01293	0.79386	0.02313	0.02869	0.00639	0.00371	0.00101	0.00156	0.00563	0.04974	0.00311
73	0.00538	0.00348	0.00458	0.00420	0.00510	0.00319	0.00319	0.00688	0.00915	0.08240	0.79546	0.02307	0.02866	0.00639	0.00376	0.00101	0.00162	0.00563	0.00359	0.00325
74	0.01207	0.01540	0.00916	0.00832	0.00999	0.87349	0.00624	0.01290	0.00916	0.00791	0.00499	0.00583	0.00416	0.00333	0.00291	0.00083	0.00583	0.00208	0.00166	0.00375
75	0.00864	0.88841	0.01693	0.00553	0.00829	0.01278	0.00553	0.00967	0.00656	0.00760	0.00449	0.00518	0.00415	0.00276	0.00207	0.00069	0.00345	0.00173	0.00138	0.00415
76	0.00547	0.00288	0.00425	0.00425	0.00430	0.00293	0.00286	0.00438	0.00432	0.00582	0.00616	0.01076	0.00620	0.06558	0.08838	0.77210	0.00334	0.00298	0.00147	0.00157
77	0.00616	0.00351	0.00422	0.00425	0.00513	0.00336	0.00329	0.02596	0.00742	0.09464	0.07848	0.18734	0.08338	0.00644	0.00334	0.00106	0.00200	0.14318	0.33364	0.00321
78	0.01371	0.00546	0.00723	0.00560	0.00796	0.00485	0.00461	0.05327	0.00932	0.76045	0.01234	0.01093	0.00791	0.00397	0.00317	0.00098	0.00268	0.00321	0.07704	0.00530
79	0.00457	0.00319	0.00371	0.00364	0.00396	0.00307	0.00230	0.00506	0.00615	0.00829	0.23757	0.02298	0.10712	0.56167	0.01178	0.00236	0.00255	0.00522	0.00249	0.00233
80	0.00822	0.00457	0.00508	0.00452	0.00592	0.00470	0.00353	0.02367	0.21983	0.18122	0.02523	0.01229	0.02332	0.00408	0.00277	0.00090	0.00204	0.00332	0.46072	0.00406
81	0.90928	0.00625	0.00475	0.00425	0.00625	0.00725	0.00350	0.00950	0.00550	0.01449	0.00450	0.00525	0.00350	0.00300	0.00200	0.00100	0.00250	0.00175	0.00200	0.00350
82	0.00466	0.00346	0.00445	0.00492	0.00542	0.00345	0.00363	0.01250	0.05941	0.01618	0.01786	0.54095	0.08757	0.02140	0.02315	0.00142	0.02269	0.16102	0.00294	0.00291
83	0.00893	0.69619	0.04475	0.00699	0.07827	0.02521	0.00614	0.06622	0.00731	0.02733	0.00507	0.00577	0.00440	0.00289	0.00231	0.00075	0.00356	0.00196	0.00158	0.00436
84	0.00851	0.00706	0.00748	0.00662	0.00851	0.00809	0.00518	0.07789	0.77696	0.03636	0.01275	0.01171	0.00950	0.00434	0.00328	0.00108	0.00263	0.00359	0.00330	0.00515
85	0.00811	0.00698	0.00735	0.00659	0.00843	0.00807	0.00513	0.03125	0.84627	0.01363	0.01306	0.01198	0.00979	0.00437	0.00329	0.00109	0.00257	0.00364	0.00329	0.00512
86	0.01313	0.00805	0.00870	0.00679	0.00925	0.07787	0.00555	0.42489	0.02404	0.37329	0.00969	0.00901	0.00649	0.00389	0.00321	0.00097	0.00339	0.00299	0.00343	0.00535
87	0.00760	0.00639	0.00691	0.00606	0.00791	0.00700	0.00471	0.01481	0.65074	0.02488	0.08123	0.01252	0.01089	0.02331	0.00350	0.00105	0.00247	0.00362	0.00311	0.12129
88	0.00648	0.01671	0.86972	0.00921	0.01398	0.00750	0.01194	0.01023	0.00682	0.01023	0.00580	0.00682	0.00409	0.00307	0.00307	0.00102	0.00477	0.00239	0.00136	0.00477
89	0.00411	0.00304	0.00385	0.00436	0.00482	0.00280	0.00311	0.00488	0.00674	0.00880	0.08175	0.54514	0.19094	0.02497	0.00430	0.00130	0.00194	0.09743	0.00302	0.00270
90	0.01245	0.00845	0.00946	0.00726	0.00983	0.00913	0.02034	0.69288	0.03235	0.15155	0.00863	0.00837	0.00597	0.00389	0.00325	0.00098	0.00344	0.00299	0.00332	0.00547
91	0.00462	0.00338	0.00449	0.03152	0.00537	0.00318	0.00323	0.00616	0.00906	0.01281	0.83765	0.02365	0.02966	0.00650	0.00379	0.00102	0.00161	0.00575	0.00349	0.00307
92	0.00410	0.00330	0.00363	0.00359	0.00458	0.00286	0.00272	0.00515	0.00785	0.00995	0.25878	0.02920	0.59455	0.00773	0.00382	0.00108	0.00166	0.03969	0.01293	0.00283
93	0.00669	0.05264	0.81589	0.00902	0.01366	0.00778	0.01155	0.02842	0.00699	0.01034	0.00579	0.00677	0.00412	0.00307	0.00303	0.00101	0.00469	0.00237	0.00141	0.00476
94	0.09299	0.00900	0.00920	0.00750	0.03612	0.06893	0.00595	0.64933	0.01333	0.06489	0.00749	0.00758	0.00535	0.00374	0.00310	0.00096	0.00358	0.00276	0.00300	0.00518
95	0.00465	0.00343	0.00412	0.00395	0.00486	0.00311	0.00296	0.00612	0.03287	0.03344	0.50965	0.06977	0.29481	0.00716	0.00380	0.00106	0.00164	0.00620	0.00335	0.00305
96	0.00470	0.00313	0.00352	0.00352	0.00352	0.00313	0.00196	0.00470	0.00470	0.00626	0.01018	0.02114	0.01175	0.88646	0.01644	0.00313	0.00313	0.00470	0.00196	0.00196
97	0.00745	0.07861	0.01214	0.30938	0.48219	0.02139	0.00913	0.00934	0.00697	0.00945	0.00579	0.00793	0.00473	0.00304	0.00324	0.00098	0.01946	0.00277	0.00152	0.00447
98	0.00393	0.00284	0.00372	0.00443	0.00467	0.00263	0.00297	0.00451	0.00625	0.00827	0.01865	0.83582	0.06935	0.01001	0.00411	0.00130	0.00186	0.00905	0.00300	0.00263
99	0.29276	0.02584	0.00963	0.00776	0.00991	0.27544	0.16390	0.06794	0.08844	0.01179	0.00606	0.00690	0.00472	0.00326	0.00291	0.00097	0.01321	0.00251	0.00201	0.00403
100	0.17705	0.22493	0.43329	0.00729	0.01087	0.02735	0.02147	0.01014	0.02639	0.01043	0.00540	0.00626	0.00415	0.00300	0.00263	0.00093	0.00397	0.00214	0.00155	0.02075

[dist]
# distance from previous block
# <min> <max>
7	10

[block]
# block no. 5 follows, 88 sequences, length 8
# corresponding to MSA columns:
# 901-908
name=unknown_F
#
# <colnr> <probs for GDERKNQSTAVLIFYWHMCP>
#	G	D	E	R	K	N	Q	S	T	A	V	L	I	F	Y	W	H	M	C	P
0	0.03294	0.06645	0.10790	0.02026	0.06537	0.08685	0.02694	0.14426	0.22212	0.14454	0.03082	0.00927	0.00712	0.00378	0.00323	0.00099	0.01664	0.00300	0.00267	0.00485
1	0.00608	0.00554	0.00646	0.00773	0.13270	0.10197	0.00525	0.00749	0.03494	0.00923	0.01525	0.24070	0.09261	0.00740	0.00409	0.00124	0.02729	0.28806	0.00260	0.00335
2	0.00641	0.00562	0.00934	0.43179	0.25218	0.00630	0.00778	0.00792	0.00662	0.00894	0.08456	0.01004	0.00712	0.00462	0.00465	0.13395	0.00370	0.00314	0.00167	0.00364
3	0.03931	0.48706	0.08628	0.00623	0.00902	0.03204	0.00601	0.14610	0.03064	0.12028	0.00642	0.00667	0.00498	0.00319	0.00254	0.00083	0.00350	0.00223	0.00209	0.00458
4	0.01042	0.00747	0.00976	0.00756	0.01006	0.00771	0.13001	0.27642	0.23246	0.17936	0.00976	0.00955	0.00696	0.00373	0.00326	0.00098	0.00331	0.00321	0.00304	0.08494
5	0.00412	0.00305	0.00383	0.00438	0.00482	0.00282	0.00312	0.00483	0.00652	0.00842	0.02043	0.54505	0.19829	0.05846	0.00479	0.00139	0.00204	0.11808	0.00294	0.00265
6	0.00422	0.00330	0.00397	0.00390	0.00476	0.00304	0.00293	0.00535	0.00768	0.01013	0.34355	0.05606	0.39328	0.01001	0.13158	0.00167	0.00263	0.00604	0.00302	0.00287
7	0.00721	0.25520	0.43049	0.08855	0.01360	0.00903	0.13365	0.00991	0.00684	0.00934	0.00554	0.00681	0.00425	0.00295	0.00292	0.00095	0.00447	0.00246	0.00142	0.00443

[dist]
# distance from previous block
# <min> <max>
0	5

# created by:
# /home/simao/soft/augustus-3.0.3/scripts/msa2prfl.pl ./prep/82369.aln
