[name]
unknown

[dist]
# distance from previous block
# <min> <max>
0	14

[block]
# block no. 0 follows, 82 sequences, length 27
# corresponding to MSA columns:
# 327-353
name=unknown_A
#
# <colnr> <probs for GDERKNQSTAVLIFYWHMCP>
#	G	D	E	R	K	N	Q	S	T	A	V	L	I	F	Y	W	H	M	C	P
0	0.04717	0.00615	0.00788	0.00747	0.05768	0.00633	0.01631	0.15479	0.04721	0.18696	0.01285	0.01990	0.02496	0.00599	0.00421	0.00123	0.04866	0.29235	0.00315	0.04876
1	0.00663	0.00514	0.00627	0.00564	0.03281	0.00474	0.00416	0.12236	0.00888	0.01267	0.23893	0.17431	0.02801	0.00673	0.04555	0.00117	0.00269	0.00493	0.02140	0.26698
2	0.08330	0.00794	0.04684	0.13218	0.19753	0.03283	0.07138	0.09738	0.07376	0.03352	0.02006	0.00882	0.00602	0.00339	0.00318	0.00097	0.00373	0.00295	0.03066	0.14356
3	0.01079	0.00543	0.00659	0.00525	0.00744	0.00489	0.00423	0.05217	0.05741	0.38323	0.01198	0.01162	0.03383	0.00401	0.00304	0.00090	0.00251	0.00324	0.22050	0.17094
4	0.00597	0.00540	0.00799	0.05423	0.33923	0.00522	0.00615	0.00735	0.00758	0.00989	0.02002	0.06823	0.38505	0.02367	0.02039	0.00125	0.00300	0.02302	0.00247	0.00391
5	0.00410	0.00347	0.00355	0.00353	0.00466	0.00291	0.00265	0.00503	0.00794	0.00958	0.09747	0.03236	0.79402	0.00854	0.00404	0.00115	0.00172	0.00714	0.00322	0.00291
6	0.37955	0.00618	0.00654	0.00533	0.00763	0.00631	0.00438	0.06135	0.00834	0.40478	0.00944	0.00902	0.00638	0.00377	0.00282	0.00104	0.00276	0.00275	0.06686	0.00476
7	0.00709	0.00608	0.00709	0.00507	0.00811	0.00456	0.00405	0.00861	0.00709	0.01115	0.00608	0.00709	0.00507	0.00253	0.00253	0.00051	0.00253	0.00203	0.00203	0.90069
8	0.01300	0.00958	0.01027	0.00787	0.01061	0.01061	0.00650	0.84704	0.01608	0.02156	0.00821	0.00821	0.00582	0.00411	0.00342	0.00103	0.00376	0.00308	0.00342	0.00582
9	0.00416	0.00347	0.00364	0.00367	0.00475	0.00295	0.00276	0.00510	0.00791	0.00962	0.09946	0.06046	0.73615	0.00862	0.00408	0.00117	0.00178	0.03413	0.00322	0.00292
10	0.00417	0.00298	0.00397	0.00476	0.00496	0.00278	0.00318	0.00476	0.00655	0.00873	0.01885	0.87755	0.02262	0.01072	0.00437	0.00139	0.00198	0.00972	0.00318	0.00278
11	0.01342	0.01136	0.00923	0.00770	0.00994	0.38459	0.00606	0.23456	0.01136	0.24728	0.00845	0.00836	0.00599	0.00388	0.00326	0.00097	0.00454	0.00280	0.02133	0.00495
12	0.06185	0.00759	0.00880	0.00679	0.00942	0.00776	0.00561	0.40541	0.01249	0.40881	0.01051	0.00973	0.00697	0.00411	0.00334	0.00104	0.00328	0.00318	0.01764	0.00566
13	0.00930	0.84462	0.01757	0.00598	0.00886	0.05020	0.00589	0.01039	0.00707	0.00806	0.00478	0.00552	0.00439	0.00295	0.00223	0.00074	0.00377	0.00185	0.00148	0.00437
14	0.00454	0.00313	0.00386	0.00428	0.00439	0.00303	0.00266	0.00486	0.00582	0.00776	0.01511	0.48066	0.01790	0.41406	0.01042	0.00228	0.00260	0.00752	0.00266	0.00245
15	0.10814	0.00733	0.00849	0.00660	0.00921	0.00744	0.00544	0.32360	0.02812	0.44419	0.01063	0.00975	0.00702	0.00408	0.00329	0.00105	0.00319	0.00315	0.00369	0.00559
16	0.01051	0.06061	0.03110	0.02084	0.10877	0.31124	0.10192	0.08597	0.01984	0.08094	0.03471	0.00916	0.00663	0.03210	0.00369	0.00104	0.00458	0.00300	0.06889	0.00445
17	0.00416	0.00299	0.00396	0.00473	0.00495	0.00278	0.00316	0.00477	0.00658	0.00875	0.01929	0.85436	0.04553	0.01066	0.00436	0.00138	0.00198	0.00966	0.00318	0.00278
18	0.41774	0.00741	0.06378	0.00589	0.00811	0.02841	0.00511	0.04665	0.04766	0.21681	0.00784	0.00837	0.00574	0.01806	0.04804	0.00135	0.05333	0.00264	0.00264	0.00442
19	0.00987	0.11603	0.12885	0.01852	0.07758	0.05926	0.00654	0.11048	0.00886	0.17494	0.02724	0.00954	0.00690	0.00388	0.00346	0.00098	0.05087	0.00295	0.17857	0.00468
20	0.02475	0.08424	0.62826	0.00906	0.02308	0.03540	0.02459	0.02365	0.00766	0.07156	0.03253	0.00796	0.00553	0.00342	0.00319	0.00105	0.00466	0.00267	0.00178	0.00495
21	0.00793	0.00442	0.00469	0.00417	0.00540	0.00454	0.00326	0.15021	0.00890	0.05986	0.03876	0.01235	0.00903	0.00412	0.00268	0.00086	0.00203	0.00328	0.66973	0.00378
22	0.03821	0.03472	0.03217	0.09555	0.14471	0.02623	0.14832	0.14293	0.03089	0.02928	0.03997	0.05439	0.00725	0.01194	0.00491	0.00117	0.14701	0.00362	0.00219	0.00454
23	0.01873	0.05644	0.01179	0.44839	0.25178	0.02495	0.03632	0.02346	0.03530	0.00993	0.00654	0.00918	0.00526	0.00350	0.00360	0.00109	0.03087	0.01678	0.00171	0.00438
24	0.00540	0.00410	0.00548	0.00625	0.05012	0.00410	0.00457	0.00746	0.09125	0.01071	0.15433	0.30590	0.02093	0.02286	0.00451	0.00139	0.00252	0.29155	0.00320	0.00336
25	0.00457	0.00350	0.00447	0.00516	0.03298	0.00325	0.00367	0.00552	0.00733	0.00947	0.06916	0.38292	0.26421	0.02055	0.01666	0.00141	0.00229	0.15677	0.00312	0.00298
26	0.05116	0.25062	0.11769	0.00945	0.13215	0.15036	0.03839	0.04866	0.00818	0.09912	0.00674	0.02860	0.00547	0.00358	0.00328	0.00096	0.03621	0.00270	0.00200	0.00468

[dist]
# distance from previous block
# <min> <max>
2	3

[block]
# block no. 1 follows, 82 sequences, length 9
# corresponding to MSA columns:
# 357-365
name=unknown_B
#
# <colnr> <probs for GDERKNQSTAVLIFYWHMCP>
#	G	D	E	R	K	N	Q	S	T	A	V	L	I	F	Y	W	H	M	C	P
0	0.05746	0.00622	0.00784	0.00610	0.00859	0.00582	0.00501	0.13418	0.01041	0.63748	0.04692	0.01147	0.00885	0.00427	0.00336	0.00105	0.00292	0.00342	0.03313	0.00553
1	0.00900	0.71528	0.11498	0.00669	0.00988	0.01260	0.03717	0.04419	0.00739	0.00902	0.00513	0.00593	0.00447	0.00301	0.00243	0.00080	0.00390	0.00204	0.00155	0.00453
2	0.00554	0.00322	0.00477	0.00477	0.00498	0.00343	0.00337	0.00504	0.00483	0.00665	0.00726	0.01199	0.00713	0.05734	0.30139	0.55624	0.00508	0.00330	0.00163	0.00204
3	0.00419	0.00304	0.00396	0.00464	0.00494	0.00281	0.00313	0.00485	0.00679	0.00899	0.05734	0.77263	0.08929	0.01039	0.00433	0.00136	0.00195	0.00937	0.00320	0.00281
4	0.00748	0.00748	0.01048	0.00898	0.00898	0.01048	0.00748	0.00823	0.00524	0.00823	0.00449	0.00748	0.00449	0.00599	0.01123	0.00150	0.87352	0.00299	0.00150	0.00374
5	0.00442	0.00330	0.00414	0.00452	0.00512	0.00302	0.00328	0.00540	0.00766	0.01011	0.21038	0.41387	0.21312	0.00929	0.00425	0.00128	0.00196	0.08862	0.00331	0.00294
6	0.00915	0.88184	0.01793	0.00585	0.00878	0.01354	0.00585	0.01024	0.00695	0.00805	0.00476	0.00549	0.00439	0.00293	0.00219	0.00073	0.00366	0.00183	0.00146	0.00439
7	0.00567	0.00373	0.00457	0.00422	0.00533	0.00330	0.00321	0.00702	0.00909	0.10010	0.50470	0.02648	0.29523	0.00724	0.00398	0.00110	0.00179	0.00623	0.00362	0.00339
8	0.00568	0.00416	0.00568	0.00617	0.00719	0.00400	0.00536	0.00725	0.00779	0.01033	0.01686	0.03532	0.01817	0.00873	0.00450	0.00146	0.00309	0.74901	0.00303	0.09621

[dist]
# distance from previous block
# <min> <max>
0	7

[block]
# block no. 2 follows, 82 sequences, length 20
# corresponding to MSA columns:
# 373-392
name=unknown_C
#
# <colnr> <probs for GDERKNQSTAVLIFYWHMCP>
#	G	D	E	R	K	N	Q	S	T	A	V	L	I	F	Y	W	H	M	C	P
0	0.00889	0.82735	0.01704	0.00572	0.00847	0.01290	0.00562	0.00992	0.00683	0.00796	0.00513	0.00654	0.00489	0.05732	0.00314	0.00089	0.00364	0.00202	0.00150	0.00425
1	0.79452	0.00634	0.00515	0.00460	0.00662	0.00722	0.00375	0.01012	0.00604	0.06592	0.00576	0.03312	0.00465	0.00374	0.00262	0.02896	0.00265	0.00223	0.00226	0.00373
2	0.00757	0.00762	0.01114	0.00933	0.00969	0.01025	0.07415	0.00885	0.03934	0.00869	0.00506	0.00783	0.00478	0.00569	0.01034	0.00146	0.76962	0.00311	0.00159	0.00388
3	0.00497	0.00332	0.00373	0.00373	0.00373	0.00332	0.00207	0.00497	0.00497	0.00663	0.01078	0.02239	0.01244	0.87978	0.01741	0.00332	0.00332	0.00497	0.00207	0.00207
4	0.00484	0.00350	0.00457	0.00430	0.00511	0.00323	0.00323	0.00646	0.00968	0.01372	0.85664	0.02555	0.03228	0.00699	0.00403	0.00108	0.00161	0.00619	0.00377	0.00323
5	0.00709	0.00608	0.00709	0.00507	0.00811	0.00456	0.00405	0.00861	0.00709	0.01115	0.00608	0.00709	0.00507	0.00253	0.00253	0.00051	0.00253	0.00203	0.00203	0.90069
6	0.01278	0.01630	0.00969	0.00881	0.01058	0.86605	0.00661	0.01366	0.00969	0.00837	0.00529	0.00617	0.00441	0.00353	0.00308	0.00088	0.00617	0.00220	0.00176	0.00397
7	0.00422	0.00335	0.00381	0.00413	0.00495	0.00295	0.00305	0.00506	0.00741	0.00917	0.02817	0.29889	0.51823	0.00938	0.00421	0.00127	0.00194	0.08375	0.00317	0.00288
8	0.00875	0.00737	0.00782	0.00692	0.00887	0.00845	0.00541	0.09290	0.73697	0.01494	0.05278	0.01295	0.01104	0.00470	0.00350	0.00114	0.00275	0.00390	0.00349	0.00535
9	0.00484	0.00337	0.00399	0.00421	0.00450	0.00326	0.00279	0.00521	0.00597	0.00776	0.01612	0.13940	0.13539	0.49278	0.01190	0.03106	0.00288	0.11966	0.00251	0.00241
10	0.90395	0.00662	0.00503	0.00450	0.00662	0.00767	0.00370	0.01006	0.00582	0.01535	0.00476	0.00556	0.00370	0.00318	0.00212	0.00106	0.00265	0.00185	0.00212	0.00370
11	0.00943	0.00675	0.00966	0.00760	0.00936	0.00725	0.08173	0.01073	0.00717	0.22840	0.00761	0.00877	0.00584	0.00435	0.00619	0.00109	0.33288	0.00297	0.02820	0.22401
12	0.00695	0.00596	0.00689	0.00502	0.00792	0.00457	0.00400	0.00865	0.03029	0.01112	0.00802	0.00881	0.05667	0.00296	0.00265	0.00056	0.00249	0.00239	0.00214	0.82194
13	0.00465	0.00349	0.00432	0.00421	0.00509	0.00316	0.00319	0.00603	0.00899	0.01220	0.56937	0.05790	0.24385	0.00769	0.00409	0.00113	0.00174	0.05222	0.00356	0.00312
14	0.00467	0.00345	0.00436	0.00422	0.00503	0.00314	0.00313	0.00608	0.00914	0.01264	0.66470	0.10057	0.15107	0.00756	0.00406	0.00111	0.00166	0.00664	0.00363	0.00314
15	0.00972	0.04906	0.19720	0.01149	0.25442	0.00814	0.00852	0.11531	0.13992	0.14506	0.02193	0.00945	0.00685	0.00371	0.00334	0.00105	0.00380	0.00312	0.00255	0.00537
16	0.01016	0.00695	0.00861	0.00826	0.12320	0.00735	0.02987	0.34308	0.01102	0.09097	0.00937	0.01049	0.00709	0.00405	0.00337	0.00099	0.02814	0.01837	0.27385	0.00483
17	0.00434	0.00321	0.00407	0.00454	0.00505	0.00294	0.00322	0.00521	0.00738	0.00975	0.16187	0.52806	0.17848	0.00964	0.00427	0.00130	0.00195	0.05854	0.00327	0.00290
18	0.00700	0.00627	0.01016	0.73630	0.04111	0.00770	0.00906	0.04803	0.00726	0.02808	0.00638	0.00918	0.00484	0.00419	0.02852	0.00127	0.03594	0.00307	0.00168	0.00395
19	0.08061	0.02103	0.02736	0.07707	0.36125	0.13241	0.00802	0.11341	0.01990	0.05480	0.00673	0.00798	0.00528	0.00333	0.00317	0.00098	0.00409	0.00277	0.00210	0.06772

[dist]
# distance from previous block
# <min> <max>
3	19

[block]
# block no. 3 follows, 82 sequences, length 10
# corresponding to MSA columns:
# 412-421
name=unknown_D
#
# <colnr> <probs for GDERKNQSTAVLIFYWHMCP>
#	G	D	E	R	K	N	Q	S	T	A	V	L	I	F	Y	W	H	M	C	P
0	0.17169	0.00573	0.00662	0.00533	0.00756	0.00540	0.00432	0.03479	0.03274	0.33737	0.09761	0.01302	0.08808	0.00449	0.00331	0.00099	0.01881	0.00354	0.00324	0.15537
1	0.00562	0.00405	0.00455	0.00442	0.00485	0.00427	0.00285	0.00754	0.15806	0.00855	0.03840	0.04384	0.01271	0.60578	0.05091	0.00282	0.00332	0.00483	0.02982	0.00281
2	0.00498	0.00335	0.00391	0.00403	0.00411	0.00334	0.00246	0.00516	0.00534	0.00709	0.01193	0.07426	0.01371	0.74790	0.01547	0.00304	0.00322	0.08225	0.00224	0.00221
3	0.00876	0.73632	0.16008	0.00651	0.00979	0.01259	0.00700	0.01034	0.00700	0.00852	0.00499	0.00578	0.00438	0.00298	0.00237	0.00079	0.00389	0.00195	0.00146	0.00450
4	0.00616	0.00395	0.00453	0.00460	0.00551	0.00406	0.00362	0.00881	0.12408	0.01233	0.12148	0.07075	0.01511	0.00600	0.00336	0.00108	0.00210	0.17882	0.42019	0.00347
5	0.00748	0.00748	0.01048	0.00898	0.00898	0.01048	0.00748	0.00823	0.00524	0.00823	0.00449	0.00748	0.00449	0.00599	0.01123	0.00150	0.87352	0.00299	0.00150	0.00374
6	0.00540	0.00386	0.00538	0.00617	0.00691	0.00384	0.00532	0.00689	0.00776	0.01011	0.01817	0.10844	0.01993	0.00956	0.00469	0.00156	0.00305	0.76667	0.00315	0.00312
7	0.00551	0.00394	0.00551	0.00630	0.00709	0.00394	0.00551	0.00709	0.00787	0.01024	0.01811	0.03859	0.01969	0.00945	0.00472	0.00157	0.00315	0.83542	0.00315	0.00315
8	0.00470	0.00349	0.00438	0.00416	0.00503	0.00317	0.00312	0.00619	0.00936	0.01294	0.71455	0.02683	0.17485	0.00728	0.00404	0.00109	0.00163	0.00636	0.00366	0.00317
9	0.01158	0.00826	0.06568	0.03255	0.01078	0.00783	0.07809	0.36708	0.02547	0.23954	0.02729	0.03411	0.03530	0.00454	0.00357	0.00109	0.00362	0.03505	0.00329	0.00528

[dist]
# distance from previous block
# <min> <max>
3	31

[block]
# block no. 4 follows, 82 sequences, length 20
# corresponding to MSA columns:
# 459-472,475-480
name=unknown_E
#
# <colnr> <probs for GDERKNQSTAVLIFYWHMCP>
#	G	D	E	R	K	N	Q	S	T	A	V	L	I	F	Y	W	H	M	C	P
0	0.00799	0.00840	0.04475	0.15277	0.33498	0.00809	0.32113	0.01058	0.02589	0.02581	0.00705	0.02410	0.00562	0.00324	0.00365	0.00110	0.00473	0.00354	0.00178	0.00481
1	0.00589	0.00301	0.00451	0.00451	0.00454	0.00304	0.00304	0.00454	0.00451	0.00604	0.00611	0.01055	0.00608	0.01259	0.05697	0.85472	0.00329	0.00301	0.00150	0.00157
2	0.00462	0.00349	0.00427	0.00407	0.00498	0.00313	0.00305	0.00603	0.00916	0.01249	0.63057	0.02758	0.25911	0.00745	0.00404	0.00110	0.00165	0.00647	0.00360	0.00313
3	0.00835	0.20188	0.27662	0.02924	0.25638	0.00884	0.00918	0.02034	0.02850	0.05431	0.01745	0.00785	0.00545	0.00322	0.00305	0.00095	0.00407	0.00264	0.00180	0.05988
4	0.00786	0.24898	0.16772	0.00677	0.01006	0.02270	0.04927	0.02662	0.02619	0.01052	0.02487	0.00733	0.00548	0.00298	0.00273	0.00075	0.00354	0.00232	0.00184	0.37146
5	0.00504	0.00360	0.00454	0.00490	0.00545	0.00350	0.00376	0.00597	0.00698	0.00910	0.07377	0.07466	0.12346	0.29065	0.00868	0.00204	0.00286	0.36544	0.00285	0.00275
6	0.01306	0.00644	0.00926	0.00901	0.16326	0.00596	0.02611	0.07484	0.00983	0.56951	0.06726	0.01168	0.00921	0.00416	0.00348	0.00105	0.00316	0.00354	0.00362	0.00555
7	0.03195	0.25834	0.08397	0.03154	0.32592	0.04180	0.00792	0.02896	0.00795	0.05582	0.07881	0.00925	0.01677	0.00354	0.00306	0.00095	0.00378	0.00293	0.00198	0.00477
8	0.01432	0.00613	0.00764	0.00599	0.00844	0.04323	0.00490	0.03312	0.00970	0.72863	0.01334	0.01189	0.02760	0.00428	0.00337	0.00103	0.00296	0.00345	0.06448	0.00549
9	0.83854	0.00701	0.03050	0.00537	0.04410	0.00770	0.00426	0.01010	0.00595	0.01503	0.00488	0.00573	0.00380	0.00317	0.00221	0.00106	0.00278	0.00192	0.00208	0.00382
10	0.18285	0.00512	0.00598	0.00497	0.00688	0.00491	0.00401	0.01218	0.00854	0.40870	0.14637	0.01290	0.01142	0.00443	0.00309	0.00101	0.00241	0.00353	0.16617	0.00452
11	0.01088	0.42291	0.03779	0.00752	0.02474	0.24124	0.02758	0.12155	0.00910	0.05908	0.00598	0.00658	0.00485	0.00333	0.00276	0.00085	0.00440	0.00228	0.00197	0.00459
12	0.00735	0.00735	0.01429	0.01087	0.01326	0.00704	0.50795	0.08515	0.00837	0.01127	0.01072	0.25529	0.01058	0.00539	0.00409	0.00122	0.00444	0.02887	0.00233	0.00416
13	0.00491	0.00357	0.00504	0.00504	0.00549	0.00403	0.00370	0.00581	0.00536	0.00760	0.00958	0.01577	0.00957	0.24872	0.64455	0.00493	0.00764	0.00401	0.00190	0.00280
14	0.00802	0.00635	0.00667	0.00605	0.00771	0.00720	0.00469	0.03366	0.61868	0.01410	0.03832	0.01304	0.01062	0.00455	0.00325	0.00107	0.00245	0.00377	0.20494	0.00486
15	0.00497	0.00332	0.00373	0.00373	0.00373	0.00332	0.00207	0.00497	0.00497	0.00663	0.01078	0.02239	0.01244	0.87978	0.01741	0.00332	0.00332	0.00497	0.00207	0.00207
16	0.00748	0.00748	0.01048	0.00898	0.00898	0.01048	0.00748	0.00823	0.00524	0.00823	0.00449	0.00748	0.00449	0.00599	0.01123	0.00150	0.87352	0.00299	0.00150	0.00374
17	0.00463	0.00346	0.00470	0.00483	0.00542	0.00360	0.00357	0.00565	0.00650	0.00892	0.12121	0.19642	0.12207	0.06893	0.41998	0.00341	0.00544	0.00576	0.00254	0.00294
18	0.00686	0.01769	0.86206	0.00975	0.01481	0.00794	0.01264	0.01083	0.00722	0.01083	0.00614	0.00722	0.00433	0.00325	0.00325	0.00108	0.00506	0.00253	0.00144	0.00506
19	0.01429	0.00613	0.00802	0.00611	0.00880	0.00539	0.00503	0.07697	0.00997	0.70818	0.01231	0.01090	0.00791	0.00404	0.00334	0.00100	0.00293	0.00326	0.00394	0.10147

[dist]
# distance from previous block
# <min> <max>
3	20

[block]
# block no. 5 follows, 82 sequences, length 14
# corresponding to MSA columns:
# 501-514
name=unknown_F
#
# <colnr> <probs for GDERKNQSTAVLIFYWHMCP>
#	G	D	E	R	K	N	Q	S	T	A	V	L	I	F	Y	W	H	M	C	P
0	0.00665	0.00532	0.00643	0.00503	0.00714	0.00454	0.00398	0.00813	0.00769	0.03215	0.21655	0.01270	0.03251	0.00414	0.00355	0.00076	0.06217	0.00334	0.05086	0.52637
1	0.10326	0.02008	0.09391	0.02136	0.12570	0.00593	0.06109	0.02937	0.02590	0.04713	0.10085	0.13325	0.04199	0.00527	0.00349	0.00108	0.00316	0.06513	0.00252	0.10953
2	0.06778	0.07370	0.23708	0.05565	0.03895	0.05642	0.02282	0.06869	0.03008	0.14640	0.00887	0.05848	0.00734	0.00441	0.00363	0.00110	0.03815	0.05840	0.00238	0.01968
3	0.00451	0.00323	0.00406	0.00450	0.00498	0.00303	0.00313	0.00558	0.02689	0.01004	0.16831	0.56690	0.10956	0.00930	0.00413	0.00127	0.00189	0.00831	0.05742	0.00296
4	0.00485	0.00363	0.00385	0.00372	0.00481	0.00325	0.00281	0.03379	0.00831	0.01100	0.17642	0.02760	0.54805	0.00748	0.00376	0.00108	0.00176	0.00626	0.14447	0.00309
5	0.00796	0.07871	0.05616	0.37033	0.28247	0.04136	0.02872	0.05095	0.00771	0.01021	0.00614	0.00832	0.00487	0.00335	0.00352	0.00106	0.02902	0.00291	0.00167	0.00454
6	0.00699	0.05832	0.04422	0.13903	0.23260	0.00684	0.06499	0.02119	0.03942	0.02652	0.00929	0.15126	0.00890	0.03846	0.12429	0.00181	0.01536	0.00430	0.00206	0.00416
7	0.00475	0.00359	0.00389	0.00375	0.00491	0.00306	0.00284	0.00578	0.00825	0.05193	0.18712	0.03050	0.66132	0.00813	0.00401	0.00114	0.00177	0.00684	0.00334	0.00310
8	0.00760	0.00746	0.01234	0.24504	0.31292	0.00874	0.07165	0.00937	0.00678	0.00961	0.00578	0.00840	0.00489	0.00403	0.00583	0.00121	0.26924	0.00310	0.00159	0.00441
9	0.00883	0.08270	0.46275	0.03104	0.07363	0.00856	0.04262	0.11999	0.00861	0.09351	0.00701	0.00786	0.00505	0.00349	0.00348	0.00106	0.02995	0.00275	0.00200	0.00511
10	0.01046	0.00858	0.04589	0.05942	0.08605	0.09453	0.07840	0.14875	0.04965	0.19013	0.00897	0.01939	0.01836	0.03012	0.01640	0.00123	0.11091	0.00334	0.01461	0.00481
11	0.75545	0.04513	0.00638	0.02341	0.05008	0.05251	0.00441	0.01025	0.00619	0.01432	0.00490	0.00581	0.00387	0.00318	0.00226	0.00103	0.00298	0.00195	0.00204	0.00384
12	0.00525	0.00381	0.00517	0.00588	0.00666	0.00373	0.00502	0.00667	0.00776	0.01001	0.01989	0.10560	0.10713	0.00947	0.00462	0.00152	0.00291	0.68264	0.00315	0.00309
13	0.00744	0.00711	0.01237	0.17782	0.50101	0.00731	0.08727	0.00939	0.00746	0.01035	0.00819	0.13304	0.00770	0.00420	0.00359	0.00111	0.00402	0.00409	0.00188	0.00466

[dist]
# distance from previous block
# <min> <max>
0	62

[block]
# block no. 6 follows, 82 sequences, length 15
# corresponding to MSA columns:
# 577-591
name=unknown_G
#
# <colnr> <probs for GDERKNQSTAVLIFYWHMCP>
#	G	D	E	R	K	N	Q	S	T	A	V	L	I	F	Y	W	H	M	C	P
0	0.01004	0.00465	0.00624	0.00519	0.00690	0.00412	0.00412	0.01151	0.00974	0.43307	0.43924	0.01867	0.02049	0.00563	0.00374	0.00107	0.00226	0.00483	0.00400	0.00451
1	0.71523	0.00645	0.00565	0.00484	0.00706	0.00711	0.00399	0.01146	0.00666	0.19490	0.00662	0.00685	0.00472	0.00340	0.00240	0.00106	0.00270	0.00219	0.00257	0.00415
2	0.00464	0.00329	0.00391	0.00413	0.00483	0.00301	0.00300	0.00572	0.00774	0.01063	0.21491	0.30558	0.24814	0.00832	0.00394	0.00118	0.00181	0.03330	0.12895	0.00298
3	0.11402	0.00612	0.00774	0.00601	0.00860	0.00563	0.00496	0.06168	0.00970	0.72057	0.01223	0.01078	0.00779	0.00411	0.00329	0.00106	0.00293	0.00324	0.00395	0.00559
4	0.00418	0.00340	0.00371	0.00384	0.00479	0.00293	0.00284	0.00509	0.00777	0.00961	0.11012	0.17420	0.61499	0.00887	0.00412	0.00120	0.00180	0.03040	0.00323	0.00291
5	0.00921	0.00892	0.01323	0.01887	0.71615	0.07778	0.00984	0.08345	0.00866	0.01185	0.00650	0.00826	0.00537	0.00318	0.00337	0.00101	0.00421	0.00298	0.00185	0.00534
6	0.00709	0.00608	0.00709	0.00507	0.00811	0.00456	0.00405	0.00861	0.00709	0.01115	0.00608	0.00709	0.00507	0.00253	0.00253	0.00051	0.00253	0.00203	0.00203	0.90069
7	0.47746	0.13544	0.04480	0.00758	0.12362	0.02736	0.02275	0.02622	0.00686	0.04637	0.00568	0.00659	0.00448	0.00318	0.00250	0.00098	0.00324	0.00221	0.02079	0.03188
8	0.00851	0.00735	0.00773	0.00696	0.00890	0.00851	0.00541	0.01818	0.85226	0.01431	0.01392	0.01276	0.01044	0.00464	0.00348	0.00116	0.00271	0.00387	0.00348	0.00541
9	0.03943	0.06364	0.03166	0.00616	0.02639	0.00663	0.00503	0.13516	0.07155	0.04606	0.00715	0.00774	0.00561	0.00307	0.00277	0.00071	0.00292	0.00239	0.00237	0.53356
10	0.00619	0.00408	0.00513	0.00461	0.00573	0.00382	0.00354	0.06105	0.00994	0.08567	0.66078	0.02389	0.09880	0.00672	0.00395	0.00108	0.00187	0.00584	0.00373	0.00358
11	0.00854	0.32247	0.34096	0.00796	0.01150	0.05412	0.03129	0.07224	0.07991	0.01075	0.00673	0.02720	0.00543	0.00349	0.00295	0.00096	0.00427	0.00262	0.00183	0.00478
12	0.00704	0.04297	0.11228	0.00678	0.05567	0.00542	0.02164	0.00913	0.03817	0.11200	0.39543	0.03157	0.01854	0.00699	0.06723	0.00141	0.04359	0.00462	0.01546	0.00404
13	0.00432	0.00324	0.00400	0.00430	0.00491	0.00293	0.00304	0.00526	0.00772	0.01021	0.24989	0.42942	0.23992	0.00918	0.00419	0.00124	0.00182	0.00812	0.00334	0.00293
14	0.00755	0.00614	0.08645	0.02582	0.03723	0.00534	0.03023	0.06521	0.09650	0.11535	0.01164	0.17065	0.02681	0.10264	0.07751	0.12013	0.00368	0.00471	0.00261	0.00380

[dist]
# distance from previous block
# <min> <max>
3	10

[block]
# block no. 7 follows, 82 sequences, length 27
# corresponding to MSA columns:
# 602-628
name=unknown_H
#
# <colnr> <probs for GDERKNQSTAVLIFYWHMCP>
#	G	D	E	R	K	N	Q	S	T	A	V	L	I	F	Y	W	H	M	C	P
0	0.01990	0.03898	0.04823	0.11428	0.07733	0.00736	0.16201	0.03297	0.02735	0.10744	0.04221	0.07450	0.02163	0.01385	0.02592	0.00131	0.12744	0.03580	0.01720	0.00429
1	0.00778	0.00447	0.00560	0.00488	0.00650	0.00382	0.00375	0.00895	0.00815	0.23129	0.13767	0.18043	0.14920	0.02604	0.00396	0.00110	0.00229	0.02657	0.01887	0.16870
2	0.00938	0.80029	0.01717	0.00613	0.00892	0.07689	0.00594	0.01046	0.00712	0.00808	0.00479	0.00558	0.00439	0.00303	0.00244	0.00076	0.02093	0.00188	0.00149	0.00435
3	0.00554	0.00416	0.00541	0.00611	0.00686	0.02868	0.00518	0.00697	0.00784	0.01013	0.04955	0.13787	0.02007	0.00934	0.00461	0.00151	0.00304	0.68086	0.00314	0.00313
4	0.00792	0.00416	0.00538	0.00478	0.00615	0.00368	0.00368	0.00921	0.00906	0.27698	0.36726	0.11941	0.15484	0.00682	0.00389	0.00112	0.00208	0.00590	0.00375	0.00393
5	0.00417	0.00298	0.00397	0.00476	0.00496	0.00278	0.00318	0.00476	0.00655	0.00873	0.01885	0.87755	0.02262	0.01072	0.00437	0.00139	0.00198	0.00972	0.00318	0.00278
6	0.00463	0.00349	0.00428	0.00408	0.00498	0.00314	0.00306	0.00604	0.00918	0.01252	0.63685	0.02752	0.25281	0.00744	0.00404	0.00110	0.00165	0.00646	0.00361	0.00314
7	0.00551	0.00394	0.00551	0.00630	0.00709	0.00394	0.00551	0.00709	0.00787	0.01024	0.01811	0.03859	0.01969	0.00945	0.00472	0.00157	0.00315	0.83542	0.00315	0.00315
8	0.00851	0.00735	0.00773	0.00696	0.00890	0.00851	0.00541	0.01818	0.85226	0.01431	0.01392	0.01276	0.01044	0.00464	0.00348	0.00116	0.00271	0.00387	0.00348	0.00541
9	0.00484	0.00350	0.00457	0.00430	0.00511	0.00323	0.00323	0.00646	0.00968	0.01372	0.85664	0.02555	0.03228	0.00699	0.00403	0.00108	0.00161	0.00619	0.00377	0.00323
10	0.00684	0.01445	0.61874	0.04883	0.01343	0.03131	0.01078	0.00993	0.00685	0.01001	0.00625	0.00800	0.00481	0.00590	0.08530	0.03310	0.07671	0.00270	0.00150	0.00455
11	0.00709	0.00608	0.00709	0.00507	0.00811	0.00456	0.00405	0.00861	0.00709	0.01115	0.00608	0.00709	0.00507	0.00253	0.00253	0.00051	0.00253	0.00203	0.00203	0.90069
12	0.90395	0.00662	0.00503	0.00450	0.00662	0.00767	0.00370	0.01006	0.00582	0.01535	0.00476	0.00556	0.00370	0.00318	0.00212	0.00106	0.00265	0.00185	0.00212	0.00370
13	0.00549	0.00371	0.00461	0.07580	0.02115	0.00379	0.00299	0.00579	0.00542	0.03697	0.01076	0.05781	0.01196	0.72300	0.01494	0.00293	0.00336	0.00493	0.00214	0.00244
14	0.90395	0.00662	0.00503	0.00450	0.00662	0.00767	0.00370	0.01006	0.00582	0.01535	0.00476	0.00556	0.00370	0.00318	0.00212	0.00106	0.00265	0.00185	0.00212	0.00370
15	0.87437	0.00698	0.03328	0.00467	0.00689	0.00768	0.00400	0.01008	0.00587	0.01520	0.00481	0.00561	0.00373	0.00318	0.00215	0.00106	0.00273	0.00187	0.00209	0.00375
16	0.00807	0.00923	0.02018	0.01442	0.01788	0.00865	0.84602	0.01096	0.00807	0.01096	0.00692	0.00923	0.00519	0.00288	0.00404	0.00115	0.00577	0.00404	0.00173	0.00461
17	0.00888	0.00817	0.01323	0.07272	0.70548	0.00839	0.00996	0.10972	0.00871	0.01226	0.00662	0.00848	0.00541	0.00320	0.00339	0.00102	0.00406	0.00305	0.00189	0.00536
18	0.00497	0.00332	0.00373	0.00373	0.00373	0.00332	0.00207	0.00497	0.00497	0.00663	0.01078	0.02239	0.01244	0.87978	0.01741	0.00332	0.00332	0.00497	0.00207	0.00207
19	0.00544	0.00399	0.00565	0.00625	0.00710	0.00394	0.02265	0.00696	0.00783	0.01015	0.01889	0.06394	0.06952	0.00931	0.00466	0.00154	0.00308	0.74284	0.00312	0.00315
20	0.05622	0.08445	0.24524	0.01758	0.04046	0.01719	0.02472	0.05274	0.02343	0.25851	0.00868	0.00885	0.01485	0.00382	0.01435	0.00103	0.00377	0.00280	0.00254	0.11878
21	0.00977	0.42054	0.15745	0.05577	0.01108	0.06157	0.00732	0.17581	0.00906	0.04102	0.00610	0.00680	0.00482	0.00332	0.00278	0.00089	0.00407	0.00234	0.00197	0.01749
22	0.00595	0.00599	0.13515	0.00639	0.00789	0.00450	0.02559	0.00792	0.00764	0.01085	0.01464	0.02796	0.01483	0.00726	0.00402	0.00133	0.00319	0.52271	0.18271	0.00348
23	0.00513	0.00367	0.00506	0.00575	0.00640	0.00360	0.00475	0.00648	0.00773	0.01020	0.09469	0.23621	0.02153	0.00953	0.00458	0.00149	0.00273	0.56421	0.00321	0.00307
24	0.00745	0.02341	0.11594	0.00623	0.02819	0.00567	0.00548	0.06006	0.03366	0.01187	0.03609	0.00800	0.00613	0.00296	0.00277	0.00067	0.00296	0.00237	0.00213	0.63796
25	0.00847	0.00813	0.01388	0.02100	0.85844	0.00813	0.01050	0.01050	0.00779	0.01118	0.00643	0.00847	0.00542	0.00305	0.00339	0.00102	0.00406	0.00305	0.00169	0.00542
26	0.00482	0.00350	0.00454	0.00428	0.00510	0.00322	0.00321	0.00641	0.00962	0.01358	0.83117	0.02578	0.05783	0.00704	0.00403	0.00108	0.00162	0.00622	0.00375	0.00322

[dist]
# distance from previous block
# <min> <max>
0	1

[block]
# block no. 8 follows, 82 sequences, length 61
# corresponding to MSA columns:
# 630-690
name=unknown_I
#
# <colnr> <probs for GDERKNQSTAVLIFYWHMCP>
#	G	D	E	R	K	N	Q	S	T	A	V	L	I	F	Y	W	H	M	C	P
0	0.00941	0.00982	0.20930	0.10693	0.13692	0.00788	0.11260	0.06871	0.02934	0.18004	0.00791	0.00897	0.00571	0.00374	0.00420	0.00112	0.08698	0.00314	0.00227	0.00500
1	0.00882	0.01708	0.10824	0.00702	0.05818	0.00546	0.02196	0.02194	0.10656	0.22065	0.01037	0.02237	0.03549	0.04987	0.05922	0.23304	0.00365	0.00351	0.00257	0.00402
2	0.00416	0.00302	0.00392	0.00464	0.00493	0.00279	0.00312	0.00478	0.00667	0.00878	0.02038	0.79612	0.10307	0.01052	0.00433	0.00137	0.00196	0.00948	0.00318	0.00279
3	0.00646	0.00608	0.01026	0.87156	0.02356	0.00760	0.00950	0.00874	0.00684	0.00874	0.00608	0.00912	0.00456	0.00342	0.00342	0.00114	0.00456	0.00304	0.00152	0.00380
4	0.02039	0.01080	0.25494	0.03739	0.09495	0.02904	0.05866	0.15913	0.11392	0.16119	0.00876	0.00911	0.00623	0.00375	0.00350	0.00108	0.01619	0.00310	0.00259	0.00527
5	0.00836	0.00832	0.01194	0.24609	0.28442	0.11921	0.10813	0.02176	0.03565	0.03096	0.00762	0.05045	0.00652	0.00389	0.00363	0.00110	0.01559	0.02996	0.00192	0.00449
6	0.00544	0.00380	0.00509	0.00494	0.00533	0.00424	0.00353	0.00612	0.00542	0.03606	0.00975	0.01683	0.00997	0.38655	0.41904	0.00415	0.05594	0.00417	0.01085	0.00277
7	0.03915	0.00622	0.00748	0.02034	0.05935	0.00494	0.00452	0.00878	0.00709	0.01126	0.00605	0.00715	0.00503	0.00260	0.00258	0.00057	0.00266	0.00210	0.00200	0.80013
8	0.04454	0.17957	0.12817	0.00851	0.03595	0.18130	0.07259	0.14809	0.05944	0.03300	0.00679	0.00792	0.00542	0.03238	0.00389	0.00106	0.04189	0.00273	0.00210	0.00464
9	0.00454	0.00340	0.00475	0.00598	0.06627	0.00322	0.00380	0.00529	0.00672	0.00899	0.01817	0.76184	0.03411	0.01007	0.00431	0.00137	0.00219	0.04894	0.00307	0.00299
10	0.01033	0.52305	0.01444	0.00699	0.00941	0.30760	0.00613	0.01176	0.04798	0.00846	0.00537	0.00611	0.00468	0.00328	0.00275	0.00082	0.02281	0.00208	0.00166	0.00428
11	0.00412	0.00347	0.00357	0.00354	0.00467	0.00292	0.00266	0.00505	0.00797	0.00965	0.11029	0.03224	0.78117	0.00851	0.00404	0.00115	0.00172	0.00712	0.00323	0.00292
12	0.02493	0.01457	0.55578	0.01125	0.01570	0.00818	0.29896	0.01086	0.00749	0.01096	0.00638	0.00788	0.00462	0.00312	0.00350	0.00111	0.00525	0.00303	0.00156	0.00488
13	0.03068	0.00359	0.00459	0.00431	0.00515	0.00336	0.00324	0.00656	0.00957	0.01376	0.83215	0.02498	0.03146	0.00688	0.00398	0.00108	0.00164	0.00606	0.00372	0.00324
14	0.00915	0.88184	0.01793	0.00585	0.00878	0.01354	0.00585	0.01024	0.00695	0.00805	0.00476	0.00549	0.00439	0.00293	0.00219	0.00073	0.00366	0.00183	0.00146	0.00439
15	0.90395	0.00662	0.00503	0.00450	0.00662	0.00767	0.00370	0.01006	0.00582	0.01535	0.00476	0.00556	0.00370	0.00318	0.00212	0.00106	0.00265	0.00185	0.00212	0.00370
16	0.90395	0.00662	0.00503	0.00450	0.00662	0.00767	0.00370	0.01006	0.00582	0.01535	0.00476	0.00556	0.00370	0.00318	0.00212	0.00106	0.00265	0.00185	0.00212	0.00370
17	0.00458	0.00330	0.00433	0.00447	0.00505	0.00305	0.00320	0.00579	0.00847	0.01177	0.52838	0.34805	0.03990	0.00843	0.00416	0.00120	0.00176	0.00754	0.00353	0.00305
18	0.69733	0.00699	0.00574	0.00505	0.00715	0.02300	0.00411	0.07916	0.09001	0.01554	0.00617	0.00673	0.00472	0.00343	0.00238	0.00105	0.00277	0.00220	0.03244	0.00403
19	0.00692	0.00641	0.04771	0.00793	0.14128	0.00531	0.00545	0.05301	0.02153	0.01112	0.00965	0.21392	0.01718	0.00481	0.00333	0.00088	0.01459	0.00418	0.00232	0.42248
20	0.12127	0.25069	0.16862	0.00966	0.15386	0.06726	0.03913	0.08275	0.00817	0.06009	0.00621	0.00709	0.00485	0.00325	0.00289	0.00095	0.00407	0.00247	0.00194	0.00478
21	0.00959	0.00929	0.00825	0.00738	0.00932	0.18517	0.00571	0.05395	0.64175	0.01341	0.01189	0.01120	0.00899	0.00439	0.00340	0.00110	0.00347	0.00349	0.00312	0.00513
22	0.00452	0.00353	0.00385	0.00373	0.00484	0.00302	0.00281	0.00558	0.00831	0.03135	0.23514	0.03059	0.63443	0.00815	0.00403	0.00113	0.00173	0.00687	0.00335	0.00304
23	0.04829	0.32208	0.14867	0.03869	0.04012	0.01955	0.06086	0.00996	0.01862	0.00972	0.00562	0.00699	0.00473	0.00345	0.00390	0.00094	0.12577	0.00242	0.02376	0.10585
24	0.00829	0.07216	0.04007	0.04941	0.11643	0.00679	0.20985	0.01023	0.01679	0.14075	0.07027	0.06547	0.07837	0.00455	0.00374	0.00107	0.02181	0.01535	0.01199	0.05660
25	0.01041	0.00476	0.00567	0.00474	0.00643	0.00453	0.00379	0.08169	0.00900	0.34588	0.03033	0.01222	0.00892	0.00416	0.00292	0.00092	0.00229	0.00334	0.45353	0.00444
26	0.03752	0.00585	0.00780	0.00603	0.00860	0.00517	0.00497	0.03694	0.00984	0.78807	0.04321	0.01190	0.00913	0.00430	0.00343	0.00106	0.00288	0.00349	0.00414	0.00568
27	0.00839	0.23207	0.29205	0.01222	0.25255	0.02091	0.08282	0.01085	0.00752	0.04120	0.00620	0.00746	0.00488	0.00312	0.00310	0.00098	0.00442	0.00266	0.00165	0.00496
28	0.01527	0.00595	0.00802	0.00615	0.00880	0.00521	0.00508	0.04453	0.01000	0.83266	0.01332	0.01153	0.00838	0.00423	0.00344	0.00106	0.00294	0.00343	0.00421	0.00582
29	0.90395	0.00662	0.00503	0.00450	0.00662	0.00767	0.00370	0.01006	0.00582	0.01535	0.00476	0.00556	0.00370	0.00318	0.00212	0.00106	0.00265	0.00185	0.00212	0.00370
30	0.01507	0.00599	0.00799	0.00614	0.00876	0.00531	0.00507	0.06235	0.01009	0.80048	0.01317	0.01147	0.00833	0.00422	0.00342	0.00105	0.00294	0.00342	0.01898	0.00578
31	0.01278	0.01630	0.00969	0.00881	0.01058	0.86605	0.00661	0.01366	0.00969	0.00837	0.00529	0.00617	0.00441	0.00353	0.00308	0.00088	0.00617	0.00220	0.00176	0.00397
32	0.00557	0.00377	0.00506	0.00512	0.00602	0.00357	0.00416	0.00714	0.00895	0.05248	0.47653	0.03003	0.04896	0.00784	0.00427	0.00127	0.00226	0.32015	0.00354	0.00331
33	0.00414	0.00352	0.00357	0.00357	0.00471	0.00299	0.00267	0.00516	0.02224	0.00940	0.04980	0.05328	0.80605	0.00861	0.00404	0.00116	0.00175	0.00720	0.00319	0.00293
34	0.00484	0.00350	0.00457	0.00430	0.00511	0.00323	0.00323	0.00646	0.00968	0.01372	0.85664	0.02555	0.03228	0.00699	0.00403	0.00108	0.00161	0.00619	0.00377	0.00323
35	0.01421	0.00765	0.00907	0.00695	0.00965	0.00774	0.00575	0.42081	0.01285	0.45235	0.01092	0.00997	0.00718	0.00417	0.00343	0.00104	0.00333	0.00326	0.00384	0.00582
36	0.90395	0.00662	0.00503	0.00450	0.00662	0.00767	0.00370	0.01006	0.00582	0.01535	0.00476	0.00556	0.00370	0.00318	0.00212	0.00106	0.00265	0.00185	0.00212	0.00370
37	0.01030	0.00824	0.00875	0.00732	0.00958	0.00935	0.00585	0.34943	0.51808	0.01721	0.01164	0.01094	0.00859	0.00443	0.00346	0.00111	0.00313	0.00355	0.00346	0.00558
38	0.10084	0.00701	0.03854	0.00639	0.00909	0.00641	0.00544	0.16729	0.01046	0.59538	0.01142	0.01027	0.00737	0.00407	0.00330	0.00105	0.00312	0.00319	0.00378	0.00559
39	0.00445	0.00346	0.00404	0.00393	0.00488	0.00306	0.00294	0.00568	0.00871	0.01148	0.44866	0.05754	0.41311	0.00789	0.00405	0.00112	0.00168	0.00678	0.00347	0.00306
40	0.00515	0.00381	0.00437	0.00440	0.00499	0.00380	0.00307	0.00657	0.08631	0.00883	0.06423	0.05365	0.18721	0.41450	0.03224	0.00233	0.00292	0.10614	0.00269	0.00280
41	0.28815	0.00806	0.00941	0.10732	0.23898	0.08207	0.01638	0.05066	0.07944	0.03290	0.00657	0.00782	0.00517	0.00354	0.00340	0.00107	0.04977	0.00269	0.00210	0.00451
42	0.01381	0.00733	0.00886	0.00687	0.00937	0.02113	0.00566	0.28696	0.01148	0.49541	0.01086	0.01004	0.00719	0.00424	0.00389	0.00106	0.05812	0.00323	0.00369	0.03077
43	0.00934	0.14876	0.17402	0.01004	0.12566	0.03248	0.10455	0.12176	0.04044	0.08420	0.00734	0.01976	0.00567	0.00351	0.00341	0.00098	0.02794	0.00292	0.00217	0.07504
44	0.00998	0.61042	0.01584	0.00712	0.02373	0.16807	0.03532	0.06479	0.00807	0.00913	0.00517	0.00600	0.00453	0.00316	0.00265	0.00081	0.01704	0.00209	0.00166	0.00442
45	0.00724	0.00654	0.00900	0.00643	0.00953	0.00515	0.12642	0.00895	0.00724	0.01112	0.00620	0.00740	0.00508	0.00258	0.00275	0.00060	0.00300	0.00232	0.00198	0.77046
46	0.09967	0.02206	0.05476	0.18294	0.14439	0.00736	0.04227	0.09081	0.02230	0.22317	0.01981	0.00973	0.00644	0.00376	0.00343	0.00107	0.01897	0.01681	0.00257	0.02767
47	0.02665	0.14210	0.24843	0.03098	0.04674	0.03950	0.10381	0.13839	0.03667	0.05888	0.04291	0.00857	0.00634	0.00360	0.00343	0.00102	0.02687	0.00294	0.00215	0.03001
48	0.00620	0.00396	0.00509	0.00464	0.00572	0.00369	0.00355	0.00816	0.05183	0.11001	0.67775	0.02377	0.05771	0.00665	0.00395	0.00109	0.00184	0.01700	0.00378	0.00362
49	0.00413	0.00348	0.00358	0.00360	0.00473	0.00294	0.00273	0.00505	0.00788	0.00947	0.07048	0.03279	0.79226	0.00862	0.00407	0.00117	0.00178	0.03516	0.00320	0.00291
50	0.03163	0.02236	0.02976	0.05882	0.16825	0.08761	0.12507	0.18966	0.04375	0.18318	0.00837	0.00900	0.00605	0.00366	0.00354	0.00105	0.01726	0.00317	0.00264	0.00516
51	0.01780	0.03787	0.10441	0.02244	0.10261	0.05230	0.04455	0.03112	0.12182	0.01904	0.01780	0.21306	0.01126	0.12755	0.05950	0.00172	0.00385	0.00493	0.00240	0.00395
52	0.00476	0.00343	0.00453	0.00521	0.00568	0.00330	0.00390	0.02246	0.00717	0.00943	0.01903	0.55375	0.06083	0.02462	0.00466	0.00146	0.00238	0.25730	0.00315	0.00294
53	0.00713	0.00677	0.01145	0.58120	0.29628	0.00781	0.00980	0.00931	0.00713	0.00953	0.00617	0.00888	0.00484	0.00333	0.00352	0.00110	0.01680	0.00304	0.00158	0.00433
54	0.04496	0.10670	0.22569	0.03995	0.01197	0.17916	0.07315	0.09840	0.13050	0.01171	0.00717	0.00796	0.00549	0.00362	0.00340	0.00103	0.02945	0.00277	0.01222	0.00470
55	0.01054	0.00745	0.05479	0.04617	0.10198	0.04617	0.01496	0.09451	0.11552	0.28974	0.13773	0.01284	0.02550	0.00453	0.00367	0.00107	0.02081	0.00377	0.00323	0.00502
56	0.02367	0.00363	0.00454	0.00425	0.00517	0.00338	0.00321	0.00715	0.00916	0.05757	0.64350	0.04482	0.05670	0.00657	0.00378	0.00105	0.00171	0.00572	0.11108	0.00334
57	0.04141	0.14607	0.22978	0.04551	0.02871	0.13243	0.04361	0.13739	0.02178	0.05802	0.02075	0.00913	0.02746	0.00381	0.00325	0.00101	0.01356	0.02253	0.00910	0.00469
58	0.04988	0.09059	0.15873	0.01136	0.23566	0.06705	0.05453	0.07330	0.05570	0.11384	0.00782	0.02594	0.00605	0.00362	0.00332	0.00102	0.01456	0.00302	0.01901	0.00500
59	0.02054	0.01813	0.10794	0.12398	0.01101	0.04530	0.01929	0.02394	0.00839	0.38938	0.03879	0.04186	0.00836	0.01348	0.07322	0.01633	0.01081	0.00352	0.02103	0.00472
60	0.00638	0.00487	0.00721	0.10679	0.00921	0.01173	0.10844	0.03095	0.00773	0.09510	0.01927	0.25559	0.26059	0.03837	0.00446	0.00129	0.00293	0.02271	0.00287	0.00354

[dist]
# distance from previous block
# <min> <max>
0	91

# created by:
# /home/simao/soft/augustus-3.0.3/scripts/msa2prfl.pl ./prep/82570.aln
