[name]
unknown

[dist]
# distance from previous block
# <min> <max>
7	332

[block]
# block no. 0 follows, 79 sequences, length 8
# corresponding to MSA columns:
# 391-395,423-425
name=unknown_A
#
# <colnr> <probs for GDERKNQSTAVLIFYWHMCP>
#	G	D	E	R	K	N	Q	S	T	A	V	L	I	F	Y	W	H	M	C	P
0	0.05979	0.27286	0.19586	0.00735	0.01018	0.15079	0.00722	0.06286	0.00834	0.05284	0.00808	0.11018	0.00744	0.00449	0.00313	0.00102	0.00420	0.02676	0.00212	0.00449
1	0.12792	0.03653	0.03452	0.00508	0.00602	0.00453	0.00394	0.02292	0.00717	0.01063	0.09040	0.37748	0.05719	0.10966	0.00560	0.00155	0.00258	0.09015	0.00292	0.00320
2	0.07026	0.59514	0.13342	0.00770	0.06633	0.05755	0.00721	0.01083	0.00733	0.00944	0.00524	0.00615	0.00454	0.00312	0.00254	0.00085	0.00406	0.00209	0.00158	0.00462
3	0.00487	0.00355	0.00423	0.00436	0.00488	0.00325	0.00286	0.00542	0.00650	0.00870	0.05415	0.35048	0.11807	0.32731	0.00922	0.00204	0.00255	0.00709	0.00278	0.07769
4	0.05788	0.08524	0.06793	0.00838	0.07001	0.07176	0.00675	0.24412	0.16068	0.06614	0.02846	0.01261	0.00863	0.00464	0.00347	0.00111	0.00374	0.09043	0.00292	0.00510
5	0.00714	0.05632	0.11082	0.00782	0.10448	0.00563	0.00592	0.03535	0.03903	0.08667	0.01378	0.30195	0.02826	0.10371	0.00548	0.00149	0.00320	0.07619	0.00277	0.00399
6	0.14594	0.00670	0.00805	0.00930	0.19560	0.04223	0.00590	0.08029	0.05977	0.02823	0.01160	0.19765	0.03673	0.00572	0.00354	0.00114	0.00316	0.06688	0.00265	0.08889
7	0.00874	0.00850	0.01255	0.01645	0.51936	0.07674	0.06598	0.03568	0.08331	0.01168	0.00890	0.04794	0.00798	0.00425	0.00368	0.00113	0.00418	0.07569	0.00216	0.00510

[dist]
# distance from previous block
# <min> <max>
10	22

[block]
# block no. 1 follows, 79 sequences, length 7
# corresponding to MSA columns:
# 448-454
name=unknown_B
#
# <colnr> <probs for GDERKNQSTAVLIFYWHMCP>
#	G	D	E	R	K	N	Q	S	T	A	V	L	I	F	Y	W	H	M	C	P
0	0.01009	0.04426	0.24832	0.02604	0.12459	0.00707	0.04978	0.03570	0.03107	0.27059	0.07137	0.01152	0.02547	0.02377	0.00384	0.00114	0.00390	0.00350	0.00276	0.00521
1	0.03220	0.05693	0.17466	0.02658	0.09069	0.02013	0.02426	0.08307	0.00927	0.32031	0.03696	0.07580	0.00889	0.00457	0.00352	0.00111	0.00369	0.01915	0.00301	0.00520
2	0.28657	0.18616	0.24630	0.00788	0.04701	0.04376	0.03466	0.03998	0.00756	0.06221	0.00612	0.00693	0.00466	0.00334	0.00281	0.00102	0.00400	0.00238	0.00198	0.00467
3	0.06422	0.12519	0.16535	0.00782	0.09511	0.00689	0.00655	0.00976	0.07204	0.05558	0.11282	0.14897	0.08160	0.00574	0.00356	0.00113	0.00320	0.02753	0.00263	0.00431
4	0.10160	0.10445	0.14839	0.02647	0.06271	0.07640	0.03085	0.05449	0.03439	0.19597	0.06625	0.06558	0.00888	0.00437	0.00332	0.00107	0.00377	0.00353	0.00269	0.00483
5	0.03495	0.20496	0.13163	0.05226	0.12058	0.04832	0.03076	0.04636	0.02871	0.03372	0.06320	0.06810	0.04863	0.04107	0.00389	0.00112	0.00379	0.00368	0.00219	0.03207
6	0.08991	0.15382	0.28075	0.03875	0.09172	0.04387	0.00836	0.04210	0.02816	0.05990	0.04700	0.00970	0.04642	0.00390	0.00334	0.00104	0.02345	0.00299	0.00209	0.02274

[dist]
# distance from previous block
# <min> <max>
11	53

[block]
# block no. 2 follows, 79 sequences, length 25
# corresponding to MSA columns:
# 517-541
name=unknown_C
#
# <colnr> <probs for GDERKNQSTAVLIFYWHMCP>
#	G	D	E	R	K	N	Q	S	T	A	V	L	I	F	Y	W	H	M	C	P
0	0.01150	0.04549	0.13098	0.02226	0.02208	0.02313	0.07029	0.30804	0.10771	0.17722	0.00944	0.00944	0.00666	0.00396	0.00347	0.00107	0.00394	0.00322	0.00306	0.03704
1	0.00906	0.38473	0.14853	0.00709	0.01003	0.04723	0.00693	0.02707	0.24693	0.03268	0.02723	0.00925	0.02161	0.00385	0.00298	0.00097	0.00373	0.00287	0.00230	0.00492
2	0.02655	0.00678	0.03374	0.32761	0.14227	0.01615	0.11106	0.00923	0.02333	0.02410	0.12314	0.06110	0.05951	0.00469	0.00384	0.00116	0.01505	0.00430	0.00222	0.00417
3	0.22622	0.34712	0.02237	0.00593	0.02298	0.00950	0.00519	0.03342	0.03960	0.05724	0.01883	0.01955	0.00570	0.00336	0.00256	0.00086	0.00319	0.00235	0.00213	0.17190
4	0.00475	0.00369	0.00477	0.00482	0.00566	0.00362	0.00360	0.00579	0.00687	0.00919	0.05603	0.20758	0.25670	0.01584	0.34147	0.00296	0.00489	0.00622	0.00269	0.05287
5	0.06278	0.00785	0.00854	0.00756	0.05623	0.05485	0.02379	0.10938	0.31185	0.01391	0.00970	0.03027	0.00768	0.00419	0.01290	0.00101	0.00326	0.00321	0.00279	0.26826
6	0.00503	0.00378	0.00566	0.00566	0.00629	0.00441	0.00441	0.00629	0.00566	0.00818	0.00944	0.01385	0.00881	0.02643	0.86217	0.00566	0.00944	0.00378	0.00189	0.00315
7	0.00946	0.25448	0.18452	0.00811	0.03399	0.07329	0.04230	0.11598	0.06931	0.03774	0.00702	0.00775	0.00550	0.00378	0.01684	0.00099	0.00422	0.00261	0.00212	0.12000
8	0.01846	0.15471	0.37909	0.00832	0.02134	0.00780	0.05762	0.02959	0.00760	0.02467	0.00987	0.18811	0.00964	0.00534	0.00356	0.00116	0.00411	0.06243	0.00211	0.00447
9	0.00437	0.00312	0.00418	0.00500	0.00523	0.00293	0.00341	0.00504	0.00682	0.00908	0.01938	0.82738	0.02314	0.01097	0.00452	0.00144	0.00211	0.05572	0.00327	0.00288
10	0.00438	0.00313	0.00417	0.00485	0.00513	0.00292	0.00328	0.00512	0.00715	0.00963	0.12261	0.76884	0.02454	0.01057	0.00446	0.00139	0.00200	0.00957	0.00335	0.00292
11	0.09296	0.02805	0.03978	0.00864	0.04882	0.14387	0.04058	0.36023	0.11689	0.03178	0.02019	0.00886	0.00650	0.01202	0.00368	0.00109	0.02494	0.00308	0.00284	0.00519
12	0.00666	0.00626	0.01057	0.86767	0.02427	0.00783	0.00979	0.00900	0.00705	0.00900	0.00626	0.00940	0.00470	0.00352	0.00352	0.00117	0.00470	0.00313	0.00157	0.00392
13	0.00530	0.00352	0.00417	0.00406	0.00435	0.00343	0.00253	0.00579	0.00658	0.02594	0.24655	0.02375	0.01845	0.61548	0.01379	0.00272	0.00292	0.00544	0.00267	0.00255
14	0.00512	0.00346	0.00404	0.00404	0.00411	0.00352	0.00238	0.00525	0.00518	0.00698	0.01092	0.02206	0.01238	0.78335	0.11013	0.00366	0.00407	0.00498	0.00211	0.00225
15	0.01057	0.10550	0.07958	0.01033	0.14342	0.15463	0.04822	0.13019	0.13299	0.08637	0.00869	0.00921	0.02086	0.00395	0.00369	0.00105	0.04006	0.00310	0.00248	0.00512
16	0.00552	0.00454	0.02417	0.00511	0.00632	0.00402	0.03819	0.04560	0.04392	0.04040	0.07134	0.29050	0.38994	0.00856	0.00417	0.00125	0.00229	0.00746	0.00327	0.00344
17	0.00460	0.00338	0.00438	0.00507	0.00557	0.00316	0.00374	0.00550	0.00727	0.00945	0.02184	0.54358	0.15468	0.01040	0.00453	0.00144	0.00229	0.20290	0.00327	0.00297
18	0.00804	0.00757	0.04879	0.34641	0.10941	0.01911	0.05702	0.04105	0.04378	0.06397	0.00757	0.03993	0.00618	0.00509	0.03520	0.00138	0.14961	0.00348	0.00200	0.00442
19	0.00984	0.09264	0.21975	0.00965	0.05240	0.00875	0.14468	0.13951	0.11553	0.12732	0.00916	0.03970	0.00694	0.00397	0.00351	0.00110	0.00423	0.00347	0.00258	0.00528
20	0.01017	0.01046	0.01240	0.05130	0.34796	0.22616	0.05453	0.08074	0.02441	0.03053	0.00655	0.00820	0.00535	0.00380	0.00445	0.00109	0.11200	0.00299	0.00197	0.00491
21	0.01192	0.01473	0.01017	0.00912	0.01052	0.66815	0.00701	0.01280	0.00894	0.00859	0.00526	0.00666	0.00456	0.00421	0.00509	0.00105	0.20296	0.00246	0.00175	0.00403
22	0.00731	0.00626	0.00731	0.00522	0.00835	0.00470	0.00418	0.00887	0.00731	0.01148	0.00626	0.00731	0.00522	0.00261	0.00261	0.00052	0.00261	0.00209	0.00209	0.89768
23	0.00938	0.50978	0.26418	0.00739	0.01102	0.01155	0.00810	0.07847	0.00816	0.05420	0.00607	0.00674	0.00484	0.00328	0.00275	0.00090	0.00416	0.00229	0.00181	0.00492
24	0.00528	0.00417	0.00568	0.00606	0.00644	0.00457	0.00471	0.00622	0.00696	0.00938	0.01731	0.45001	0.05194	0.00974	0.00580	0.00150	0.15081	0.24731	0.00297	0.00315

[dist]
# distance from previous block
# <min> <max>
4	6

[block]
# block no. 3 follows, 79 sequences, length 12
# corresponding to MSA columns:
# 548-557,560,561
name=unknown_D
#
# <colnr> <probs for GDERKNQSTAVLIFYWHMCP>
#	G	D	E	R	K	N	Q	S	T	A	V	L	I	F	Y	W	H	M	C	P
0	0.00806	0.00750	0.01253	0.21624	0.35905	0.00744	0.10571	0.01018	0.00772	0.03133	0.00670	0.00875	0.00534	0.00313	0.00339	0.00098	0.00414	0.00304	0.00184	0.19692
1	0.00932	0.00828	0.01278	0.18423	0.51142	0.00881	0.00973	0.18838	0.00966	0.01331	0.00695	0.00880	0.00550	0.00345	0.00350	0.00107	0.00422	0.00315	0.00209	0.00534
2	0.00509	0.00357	0.00461	0.00461	0.00487	0.00383	0.00309	0.00562	0.00535	0.00740	0.01041	0.01919	0.01113	0.51900	0.37277	0.00436	0.00595	0.00456	0.00203	0.00256
3	0.00701	0.00610	0.00863	0.15507	0.20155	0.00655	0.00664	0.01089	0.21408	0.01266	0.28444	0.01651	0.04487	0.00513	0.00376	0.00113	0.00303	0.00455	0.00291	0.00448
4	0.00478	0.00373	0.00444	0.00481	0.00579	0.00340	0.00391	0.00594	0.00799	0.00990	0.02796	0.08577	0.47246	0.00937	0.00446	0.00138	0.00238	0.33519	0.00326	0.00308
5	0.00880	0.00639	0.00908	0.17786	0.14901	0.00591	0.00649	0.01058	0.00805	0.16412	0.06172	0.01001	0.00760	0.00349	0.00320	0.00088	0.00329	0.00300	0.00246	0.35808
6	0.00731	0.00626	0.00731	0.00522	0.00835	0.00470	0.00418	0.00887	0.00731	0.01148	0.00626	0.00731	0.00522	0.00261	0.00261	0.00052	0.00261	0.00209	0.00209	0.89768
7	0.00731	0.00626	0.00731	0.00522	0.00835	0.00470	0.00418	0.00887	0.00731	0.01148	0.00626	0.00731	0.00522	0.00261	0.00261	0.00052	0.00261	0.00209	0.00209	0.89768
8	0.00851	0.00845	0.01580	0.01161	0.01449	0.00827	0.52522	0.15209	0.00984	0.01332	0.11158	0.01279	0.05990	0.00414	0.00424	0.00117	0.02706	0.00443	0.00242	0.00466
9	0.00543	0.00349	0.00409	0.00394	0.00481	0.00327	0.00295	0.00699	0.00886	0.01323	0.46663	0.02277	0.12500	0.00636	0.00358	0.00102	0.00167	0.00545	0.30719	0.00327
10	0.00618	0.00488	0.00741	0.00665	0.00752	0.00515	0.08872	0.00748	0.00794	0.05545	0.27928	0.28312	0.02054	0.00776	0.00553	0.00132	0.15047	0.04797	0.00308	0.00355
11	0.00683	0.00645	0.01089	0.79467	0.09588	0.00788	0.00988	0.00916	0.00713	0.00922	0.00630	0.00934	0.00477	0.00349	0.00352	0.00116	0.00465	0.00313	0.00158	0.00406

[dist]
# distance from previous block
# <min> <max>
2	3

[block]
# block no. 4 follows, 79 sequences, length 17
# corresponding to MSA columns:
# 565-581
name=unknown_E
#
# <colnr> <probs for GDERKNQSTAVLIFYWHMCP>
#	G	D	E	R	K	N	Q	S	T	A	V	L	I	F	Y	W	H	M	C	P
0	0.00841	0.00806	0.01375	0.14824	0.72996	0.00829	0.01066	0.01055	0.00788	0.01114	0.00657	0.00882	0.00545	0.00320	0.00349	0.00107	0.00426	0.00314	0.00172	0.00533
1	0.00834	0.00798	0.01361	0.17834	0.70044	0.00827	0.01063	0.01048	0.00784	0.01105	0.00656	0.00885	0.00542	0.00321	0.00350	0.00107	0.00428	0.00314	0.00171	0.00527
2	0.00925	0.00781	0.00824	0.00727	0.00935	0.00899	0.00570	0.10566	0.76006	0.01553	0.01372	0.01265	0.01026	0.00472	0.00358	0.00118	0.00290	0.00390	0.00358	0.00562
3	0.00765	0.00586	0.00629	0.00543	0.00711	0.00593	0.00427	0.31480	0.01121	0.01450	0.08274	0.10114	0.40459	0.00726	0.00396	0.00116	0.00257	0.00602	0.00341	0.00411
4	0.00517	0.00340	0.00388	0.00388	0.00388	0.00340	0.00218	0.00510	0.00510	0.00680	0.01087	0.02247	0.01249	0.83467	0.01774	0.04633	0.00340	0.00503	0.00211	0.00211
5	0.01347	0.00590	0.00766	0.00603	0.00840	0.00539	0.00492	0.09870	0.01058	0.60561	0.12882	0.01416	0.03145	0.00484	0.00360	0.00108	0.00283	0.00398	0.03714	0.00546
6	0.01317	0.01680	0.00999	0.00908	0.01090	0.86199	0.00681	0.01407	0.00999	0.00863	0.00545	0.00636	0.00454	0.00363	0.00318	0.00091	0.00636	0.00227	0.00182	0.00409
7	0.00469	0.00349	0.00393	0.00393	0.00454	0.00320	0.00264	0.00538	0.00725	0.00939	0.18389	0.08492	0.32742	0.32942	0.00928	0.00201	0.00238	0.00655	0.00297	0.00273
8	0.01037	0.00799	0.03650	0.00867	0.01129	0.02950	0.19333	0.03492	0.31234	0.22455	0.03610	0.01242	0.00928	0.00430	0.00370	0.00114	0.00371	0.02348	0.00322	0.03319
9	0.00830	0.46870	0.41821	0.00794	0.01200	0.01120	0.00936	0.01084	0.00729	0.00966	0.00558	0.00650	0.00450	0.00317	0.00278	0.00093	0.00445	0.00223	0.00150	0.00485
10	0.00420	0.00357	0.00362	0.00361	0.00478	0.00299	0.00271	0.00513	0.00812	0.00972	0.07117	0.03359	0.81713	0.00885	0.00416	0.00119	0.00178	0.00739	0.00330	0.00299
11	0.00899	0.00476	0.00518	0.00450	0.00592	0.00482	0.00354	0.14797	0.00929	0.13179	0.01133	0.01220	0.00849	0.00416	0.00279	0.00090	0.00220	0.00330	0.62377	0.00411
12	0.00837	0.00981	0.15094	0.05580	0.60323	0.00836	0.01065	0.01152	0.08505	0.01164	0.00727	0.00895	0.00584	0.00334	0.00348	0.00108	0.00425	0.00313	0.00186	0.00545
13	0.00694	0.00637	0.00915	0.27441	0.20770	0.04360	0.00745	0.00944	0.08421	0.01067	0.09755	0.16922	0.02424	0.00555	0.00380	0.00119	0.00360	0.02832	0.00242	0.00417
14	0.00480	0.00343	0.00467	0.00548	0.00591	0.00330	0.00415	0.00578	0.00725	0.00956	0.01915	0.56979	0.02221	0.01057	0.00463	0.00150	0.00248	0.30908	0.00326	0.00300
15	0.00824	0.00849	0.01374	0.01363	0.23179	0.03175	0.17936	0.00981	0.00680	0.00985	0.00568	0.00831	0.00502	0.00466	0.00772	0.00132	0.44438	0.00330	0.00165	0.00450
16	0.00666	0.00626	0.01057	0.86767	0.02427	0.00783	0.00979	0.00900	0.00705	0.00900	0.00626	0.00940	0.00470	0.00352	0.00352	0.00117	0.00470	0.00313	0.00157	0.00392

[dist]
# distance from previous block
# <min> <max>
0	5

[block]
# block no. 5 follows, 79 sequences, length 62
# corresponding to MSA columns:
# 587-643,645-649
name=unknown_F
#
# <colnr> <probs for GDERKNQSTAVLIFYWHMCP>
#	G	D	E	R	K	N	Q	S	T	A	V	L	I	F	Y	W	H	M	C	P
0	0.01016	0.00916	0.01387	0.01048	0.01327	0.04190	0.34480	0.29487	0.11697	0.03029	0.01950	0.04474	0.00749	0.02080	0.00410	0.00118	0.00455	0.00400	0.00274	0.00513
1	0.00777	0.15132	0.10460	0.00611	0.00937	0.00685	0.01538	0.00998	0.05021	0.02024	0.00671	0.01784	0.00556	0.00299	0.00274	0.00069	0.00314	0.00234	0.00204	0.57412
2	0.00794	0.10078	0.45010	0.01409	0.33635	0.00884	0.01147	0.01097	0.00764	0.01101	0.00630	0.00775	0.00490	0.00324	0.00329	0.00105	0.00467	0.00274	0.00159	0.00528
3	0.00771	0.00771	0.01079	0.00925	0.00925	0.01079	0.00771	0.00848	0.00540	0.00848	0.00463	0.00771	0.00463	0.00617	0.01157	0.00154	0.86969	0.00308	0.00154	0.00386
4	0.00463	0.00329	0.00433	0.00468	0.00515	0.00306	0.00328	0.00570	0.00809	0.01120	0.36116	0.50605	0.02706	0.00931	0.00431	0.00128	0.00188	0.00837	0.02411	0.00306
5	0.00557	0.00440	0.00532	0.00530	0.00637	0.00431	0.02762	0.00817	0.16400	0.03132	0.02347	0.32734	0.30168	0.00868	0.00421	0.00130	0.00231	0.06176	0.00331	0.00356
6	0.01059	0.14539	0.01683	0.01102	0.01426	0.00883	0.46490	0.04485	0.00891	0.22621	0.00855	0.00949	0.00610	0.00338	0.00368	0.00109	0.00477	0.00361	0.00246	0.00508
7	0.00509	0.00355	0.00451	0.00451	0.00473	0.00378	0.00296	0.00555	0.00532	0.00732	0.01050	0.01971	0.01136	0.56724	0.32484	0.00423	0.00561	0.00463	0.00205	0.00250
8	0.00429	0.00307	0.00409	0.00491	0.00511	0.00286	0.00327	0.00491	0.00675	0.00900	0.01943	0.87384	0.02331	0.01104	0.00450	0.00143	0.00204	0.01002	0.00327	0.00286
9	0.00507	0.00348	0.00412	0.00434	0.00450	0.00343	0.00267	0.02894	0.00603	0.00804	0.01398	0.32464	0.01634	0.54417	0.01276	0.00264	0.00294	0.00681	0.00258	0.00250
10	0.01560	0.00618	0.00827	0.00636	0.00908	0.00546	0.00525	0.04977	0.02373	0.81022	0.01370	0.01187	0.00865	0.00436	0.00354	0.00109	0.00303	0.00354	0.00432	0.00599
11	0.00707	0.01823	0.85788	0.01005	0.01525	0.00818	0.01302	0.01116	0.00744	0.01116	0.00632	0.00744	0.00446	0.00335	0.00335	0.00112	0.00521	0.00260	0.00149	0.00521
12	0.00435	0.00311	0.00416	0.00497	0.00520	0.00291	0.00337	0.00501	0.00681	0.00906	0.01939	0.83842	0.02318	0.01099	0.00451	0.00144	0.00210	0.04486	0.00327	0.00288
13	0.87685	0.00673	0.00517	0.00463	0.00677	0.00778	0.00380	0.01026	0.00611	0.01577	0.02778	0.00628	0.00461	0.00338	0.00223	0.00109	0.00270	0.00203	0.00223	0.00380
14	0.00877	0.00757	0.00797	0.00717	0.00916	0.00877	0.00558	0.01873	0.84779	0.01474	0.01434	0.01315	0.01076	0.00478	0.00359	0.00120	0.00279	0.00398	0.00359	0.00558
15	0.01263	0.00974	0.01004	0.00788	0.01052	0.05034	0.00644	0.70434	0.07811	0.02045	0.00998	0.00985	0.04424	0.00445	0.00354	0.00107	0.00382	0.00338	0.00344	0.00574
16	0.90103	0.00682	0.00518	0.00463	0.00682	0.00791	0.00382	0.01036	0.00600	0.01581	0.00491	0.00573	0.00382	0.00327	0.00218	0.00109	0.00273	0.00191	0.00218	0.00382
17	0.01340	0.00987	0.01058	0.00811	0.01093	0.01093	0.00670	0.84240	0.01657	0.02221	0.00846	0.00846	0.00599	0.00423	0.00353	0.00106	0.00388	0.00317	0.00353	0.00599
18	0.00483	0.00364	0.00445	0.00429	0.00518	0.00331	0.00320	0.00635	0.02079	0.01266	0.58834	0.05226	0.22966	0.02916	0.00451	0.00120	0.00178	0.01749	0.00366	0.00323
19	0.00971	0.83929	0.01801	0.00604	0.00904	0.01355	0.00599	0.01085	0.00729	0.04619	0.00530	0.00594	0.00471	0.00308	0.00232	0.00077	0.00373	0.00196	0.00164	0.00459
20	0.85378	0.02829	0.00559	0.00472	0.00693	0.00798	0.00391	0.01056	0.00614	0.03962	0.00516	0.00590	0.00397	0.00330	0.00222	0.00108	0.00276	0.00195	0.00223	0.00390
21	0.01182	0.03009	0.05367	0.01003	0.01275	0.33330	0.19859	0.25808	0.01137	0.03635	0.00699	0.00789	0.00526	0.00365	0.00351	0.00103	0.00533	0.00301	0.00236	0.00492
22	0.06190	0.00992	0.01160	0.24023	0.21323	0.20037	0.05671	0.14228	0.00945	0.01212	0.00648	0.00820	0.00506	0.00352	0.00340	0.00106	0.00478	0.00293	0.00202	0.00472
23	0.00744	0.00772	0.01456	0.51009	0.03842	0.02178	0.32867	0.01000	0.00760	0.00993	0.00659	0.00938	0.00496	0.00331	0.00376	0.00117	0.00519	0.00351	0.00166	0.00427
24	0.00429	0.00307	0.00409	0.00491	0.00511	0.00286	0.00327	0.00491	0.00675	0.00900	0.01943	0.87384	0.02331	0.01104	0.00450	0.00143	0.00204	0.01002	0.00327	0.00286
25	0.00474	0.00359	0.00437	0.00417	0.00511	0.00322	0.00313	0.00617	0.00939	0.01274	0.60648	0.02861	0.27994	0.00772	0.00416	0.00113	0.00170	0.00669	0.00370	0.00322
26	0.00421	0.00356	0.00364	0.00370	0.00483	0.00299	0.00277	0.00510	0.00797	0.00952	0.03453	0.07457	0.79388	0.00905	0.00420	0.00121	0.00183	0.02618	0.00327	0.00298
27	0.00849	0.00813	0.01388	0.11793	0.75970	0.00831	0.01070	0.01061	0.00791	0.01123	0.00659	0.00880	0.00548	0.00318	0.00349	0.00106	0.00425	0.00314	0.00172	0.00539
28	0.90103	0.00682	0.00518	0.00463	0.00682	0.00791	0.00382	0.01036	0.00600	0.01581	0.00491	0.00573	0.00382	0.00327	0.00218	0.00109	0.00273	0.00191	0.00218	0.00382
29	0.00716	0.00678	0.01148	0.66120	0.22680	0.00796	0.01004	0.00945	0.00729	0.00962	0.00635	0.00923	0.00491	0.00343	0.00352	0.00114	0.00457	0.00313	0.00161	0.00432
30	0.00512	0.00342	0.00389	0.00389	0.00390	0.00344	0.00219	0.00515	0.00514	0.00686	0.01107	0.02285	0.01272	0.85683	0.03712	0.00347	0.00355	0.00509	0.00213	0.00216
31	0.00819	0.00926	0.01947	0.01409	0.01740	0.02792	0.76619	0.01098	0.00828	0.01111	0.00790	0.04859	0.00647	0.00350	0.00417	0.00120	0.00572	0.02307	0.00188	0.00462
32	0.00859	0.00878	0.01662	0.01192	0.01531	0.00813	0.56186	0.09384	0.00891	0.01243	0.00706	0.00889	0.00538	0.00301	0.00373	0.00102	0.00496	0.00358	0.00203	0.21396
33	0.00872	0.00837	0.01431	0.02163	0.85415	0.00837	0.01082	0.01082	0.00802	0.01151	0.00663	0.00872	0.00558	0.00314	0.00349	0.00105	0.00419	0.00314	0.00174	0.00558
34	0.02891	0.00944	0.02044	0.01462	0.01815	0.00889	0.82204	0.01127	0.00826	0.01139	0.00708	0.00942	0.00531	0.00298	0.00411	0.00119	0.00587	0.00411	0.00179	0.00473
35	0.00450	0.00364	0.00406	0.00427	0.00531	0.00320	0.00334	0.00554	0.00801	0.00982	0.05328	0.09196	0.60589	0.00919	0.00433	0.00129	0.00209	0.17395	0.00328	0.00303
36	0.00707	0.01823	0.85788	0.01005	0.01525	0.00818	0.01302	0.01116	0.00744	0.01116	0.00632	0.00744	0.00446	0.00335	0.00335	0.00112	0.00521	0.00260	0.00149	0.00521
37	0.01320	0.01587	0.01007	0.00895	0.01090	0.74824	0.00679	0.12478	0.01087	0.01044	0.00585	0.00664	0.00473	0.00371	0.00322	0.00093	0.00602	0.00239	0.00204	0.00434
38	0.00497	0.00359	0.00470	0.00444	0.00526	0.00332	0.00332	0.00661	0.00991	0.01402	0.83456	0.04437	0.03304	0.00729	0.00416	0.00112	0.00167	0.00645	0.00387	0.00332
39	0.00431	0.00308	0.00411	0.00489	0.00512	0.00288	0.00327	0.00496	0.00684	0.00914	0.04293	0.84992	0.02359	0.01093	0.00449	0.00142	0.00203	0.00992	0.00329	0.00288
40	0.00666	0.00626	0.01057	0.86767	0.02427	0.00783	0.00979	0.00900	0.00705	0.00900	0.00626	0.00940	0.00470	0.00352	0.00352	0.00117	0.00470	0.00313	0.00157	0.00392
41	0.00685	0.00645	0.01081	0.78765	0.08742	0.00789	0.00979	0.00932	0.02213	0.00930	0.00644	0.00941	0.00487	0.00352	0.00352	0.00117	0.00462	0.00315	0.00162	0.00407
42	0.00503	0.00378	0.00566	0.00566	0.00629	0.00441	0.00441	0.00629	0.00566	0.00818	0.00944	0.01385	0.00881	0.02643	0.86217	0.00566	0.00944	0.00378	0.00189	0.00315
43	0.00417	0.00357	0.00357	0.00357	0.00476	0.00298	0.00268	0.00506	0.00803	0.00952	0.03570	0.03392	0.85272	0.00893	0.00417	0.00119	0.00179	0.00744	0.00327	0.00298
44	0.00643	0.00557	0.00836	0.01125	0.33106	0.00545	0.00638	0.00837	0.04591	0.01151	0.19375	0.13937	0.13590	0.00651	0.00398	0.00118	0.00287	0.06913	0.00283	0.00417
45	0.00713	0.03914	0.83747	0.00995	0.01510	0.00833	0.01285	0.01115	0.00743	0.01109	0.00629	0.00740	0.00447	0.00334	0.00332	0.00111	0.00517	0.00259	0.00149	0.00519
46	0.00503	0.00378	0.00566	0.00566	0.00629	0.00441	0.00441	0.00629	0.00566	0.00818	0.00944	0.01385	0.00881	0.02643	0.86217	0.00566	0.00944	0.00378	0.00189	0.00315
47	0.00499	0.00360	0.00471	0.00443	0.00527	0.00333	0.00333	0.00665	0.00998	0.01413	0.85230	0.02633	0.03325	0.00721	0.00416	0.00111	0.00166	0.00637	0.00388	0.00333
48	0.00848	0.00731	0.00772	0.00699	0.00892	0.00839	0.00545	0.01784	0.78973	0.01441	0.01541	0.01473	0.04873	0.00509	0.00364	0.00121	0.00276	0.02423	0.00356	0.00541
49	0.00657	0.00328	0.00328	0.00328	0.00411	0.00328	0.00246	0.00821	0.00739	0.01314	0.01150	0.01314	0.00903	0.00411	0.00246	0.00082	0.00164	0.00328	0.89571	0.00328
50	0.00832	0.00810	0.01297	0.03341	0.53476	0.00923	0.00968	0.00994	0.00706	0.01038	0.00590	0.00837	0.00522	0.00424	0.00639	0.00123	0.31508	0.00312	0.00167	0.00493
51	0.00877	0.00757	0.00797	0.00717	0.00916	0.00877	0.00558	0.01873	0.84779	0.01474	0.01434	0.01315	0.01076	0.00478	0.00359	0.00120	0.00279	0.00398	0.00359	0.00558
52	0.00657	0.00328	0.00328	0.00328	0.00411	0.00328	0.00246	0.00821	0.00739	0.01314	0.01150	0.01314	0.00903	0.00411	0.00246	0.00082	0.00164	0.00328	0.89571	0.00328
53	0.00757	0.00720	0.01222	0.49301	0.39178	0.00807	0.01024	0.00981	0.00748	0.01012	0.00643	0.00910	0.00509	0.00335	0.00351	0.00112	0.00447	0.00314	0.00165	0.00465
54	0.01310	0.00971	0.01058	0.04664	0.01153	0.01079	0.00684	0.80505	0.01614	0.02162	0.00836	0.00850	0.00594	0.00420	0.00353	0.00106	0.00391	0.00317	0.00344	0.00590
55	0.00663	0.00561	0.00653	0.00505	0.00764	0.00434	0.00403	0.00807	0.00746	0.01105	0.01203	0.03718	0.13721	0.00431	0.00306	0.00073	0.00251	0.06168	0.00238	0.67252
56	0.01006	0.50822	0.13886	0.00748	0.01045	0.24037	0.00729	0.01155	0.00793	0.00880	0.00525	0.00613	0.00452	0.00328	0.00281	0.00086	0.01794	0.00211	0.00159	0.00450
57	0.00877	0.00757	0.00797	0.00717	0.00916	0.00877	0.00558	0.01873	0.84779	0.01474	0.01434	0.01315	0.01076	0.00478	0.00359	0.00120	0.00279	0.00398	0.00359	0.00558
58	0.00616	0.10367	0.32379	0.00732	0.04738	0.00646	0.00745	0.00848	0.02108	0.01026	0.03538	0.08761	0.28569	0.00604	0.00366	0.00114	0.00346	0.02847	0.00237	0.00414
59	0.00429	0.00307	0.00409	0.00491	0.00511	0.00286	0.00327	0.00491	0.00675	0.00900	0.01943	0.87384	0.02331	0.01104	0.00450	0.00143	0.00204	0.01002	0.00327	0.00286
60	0.00976	0.01056	0.02843	0.03327	0.20051	0.16704	0.32781	0.09085	0.07390	0.01209	0.00736	0.00890	0.00570	0.00341	0.00370	0.00109	0.00515	0.00343	0.00207	0.00498
61	0.00853	0.00818	0.01396	0.10051	0.77678	0.00832	0.01072	0.01065	0.00793	0.01128	0.00660	0.00879	0.00550	0.00318	0.00349	0.00106	0.00423	0.00314	0.00173	0.00543

[dist]
# distance from previous block
# <min> <max>
0	2

[block]
# block no. 6 follows, 79 sequences, length 31
# corresponding to MSA columns:
# 652-682
name=unknown_G
#
# <colnr> <probs for GDERKNQSTAVLIFYWHMCP>
#	G	D	E	R	K	N	Q	S	T	A	V	L	I	F	Y	W	H	M	C	P
0	0.00957	0.31079	0.37125	0.00805	0.01194	0.01029	0.00901	0.13257	0.00891	0.08681	0.00682	0.00738	0.00509	0.00345	0.00302	0.00098	0.00433	0.00252	0.00205	0.00516
1	0.01164	0.01360	0.00929	0.00842	0.01030	0.56614	0.00638	0.01569	0.30049	0.01075	0.00853	0.00871	0.00670	0.00403	0.00332	0.00101	0.00512	0.00286	0.00243	0.00460
2	0.00666	0.00626	0.01057	0.86767	0.02427	0.00783	0.00979	0.00900	0.00705	0.00900	0.00626	0.00940	0.00470	0.00352	0.00352	0.00117	0.00470	0.00313	0.00157	0.00392
3	0.00428	0.00312	0.00403	0.00476	0.00507	0.00288	0.00320	0.00492	0.00689	0.00906	0.02127	0.77853	0.11743	0.01080	0.00446	0.00140	0.00202	0.00973	0.00327	0.00288
4	0.00557	0.00438	0.00545	0.00529	0.00562	0.03166	0.00377	0.00622	0.00554	0.00763	0.00962	0.01713	0.01007	0.39826	0.38759	0.00416	0.08303	0.00426	0.00196	0.00279
5	0.00513	0.00342	0.00384	0.00384	0.00384	0.00342	0.00214	0.00513	0.00513	0.00683	0.01110	0.02306	0.01281	0.87614	0.01794	0.00342	0.00342	0.00513	0.00214	0.00214
6	0.00464	0.00341	0.00439	0.00482	0.00541	0.00316	0.00354	0.00569	0.00791	0.01054	0.22326	0.42912	0.14522	0.00962	0.00442	0.00135	0.00208	0.12497	0.00342	0.00305
7	0.00848	0.00791	0.01203	0.00942	0.01180	0.03683	0.29505	0.06479	0.30030	0.03144	0.16988	0.01384	0.01259	0.00453	0.00387	0.00116	0.00386	0.00438	0.00297	0.00485
8	0.00657	0.00328	0.00328	0.00328	0.00411	0.00328	0.00246	0.00821	0.00739	0.01314	0.01150	0.01314	0.00903	0.00411	0.00246	0.00082	0.00164	0.00328	0.89571	0.00328
9	0.00929	0.01564	0.41532	0.01229	0.19747	0.26802	0.01065	0.01197	0.00834	0.01047	0.00612	0.00739	0.00473	0.00339	0.00333	0.00104	0.00533	0.00262	0.00164	0.00495
10	0.01213	0.00912	0.00960	0.00817	0.04180	0.06874	0.00634	0.40417	0.26212	0.12423	0.01062	0.01017	0.00764	0.00433	0.00352	0.00109	0.00363	0.00340	0.00346	0.00572
11	0.00657	0.00328	0.00328	0.00328	0.00411	0.00328	0.00246	0.00821	0.00739	0.01314	0.01150	0.01314	0.00903	0.00411	0.00246	0.00082	0.00164	0.00328	0.89571	0.00328
12	0.72769	0.00695	0.00621	0.00546	0.00728	0.00834	0.00451	0.01020	0.00599	0.03400	0.00507	0.00621	0.00407	0.00379	0.00382	0.00117	0.15109	0.00215	0.00212	0.00387
13	0.01340	0.00987	0.01058	0.00811	0.01093	0.01093	0.00670	0.84240	0.01657	0.02221	0.00846	0.00846	0.00599	0.00423	0.00353	0.00106	0.00388	0.00317	0.00353	0.00599
14	0.00718	0.00663	0.01019	0.58718	0.03367	0.00793	0.03978	0.01131	0.20430	0.01067	0.04017	0.01091	0.00724	0.00393	0.00359	0.00118	0.00417	0.00349	0.00214	0.00434
15	0.00672	0.00532	0.00821	0.53094	0.05358	0.00628	0.00729	0.00881	0.00721	0.01055	0.00809	0.01066	0.00624	0.00371	0.00315	0.00105	0.00362	0.00319	0.31161	0.00377
16	0.01324	0.00979	0.01049	0.00808	0.01087	0.01086	0.00666	0.81442	0.04481	0.02196	0.00866	0.00862	0.00616	0.00425	0.00353	0.00106	0.00384	0.00320	0.00353	0.00598
17	0.00499	0.00360	0.00471	0.00443	0.00527	0.00333	0.00333	0.00665	0.00998	0.01413	0.85230	0.02633	0.03325	0.00721	0.00416	0.00111	0.00166	0.00637	0.00388	0.00333
18	0.01317	0.00812	0.00995	0.00778	0.01044	0.04050	0.07356	0.26210	0.15690	0.36198	0.01149	0.01073	0.00783	0.00426	0.00358	0.00110	0.00359	0.00351	0.00367	0.00575
19	0.01441	0.00825	0.00957	0.00734	0.01012	0.00852	0.00606	0.49676	0.01386	0.37169	0.01074	0.00994	0.00714	0.00429	0.00353	0.00107	0.00351	0.00333	0.00388	0.00600
20	0.00417	0.00357	0.00357	0.00357	0.00476	0.00298	0.00268	0.00506	0.00803	0.00952	0.03570	0.03392	0.85272	0.00893	0.00417	0.00119	0.00179	0.00744	0.00327	0.00298
21	0.00872	0.00837	0.01431	0.02163	0.85415	0.00837	0.01082	0.01082	0.00802	0.01151	0.00663	0.00872	0.00558	0.00314	0.00349	0.00105	0.00419	0.00314	0.00174	0.00558
22	0.01004	0.00810	0.00861	0.00738	0.00959	0.00921	0.00584	0.21865	0.62809	0.03455	0.01291	0.01199	0.00956	0.00464	0.00357	0.00116	0.00306	0.00378	0.00359	0.00569
23	0.90103	0.00682	0.00518	0.00463	0.00682	0.00791	0.00382	0.01036	0.00600	0.01581	0.00491	0.00573	0.00382	0.00327	0.00218	0.00109	0.00273	0.00191	0.00218	0.00382
24	0.00512	0.00343	0.00391	0.00391	0.00394	0.00345	0.00222	0.00517	0.00515	0.00688	0.01104	0.02272	0.01266	0.84402	0.04985	0.00350	0.00364	0.00507	0.00213	0.00217
25	0.00908	0.00915	0.01751	0.10044	0.01735	0.00910	0.58104	0.17178	0.00981	0.01322	0.02136	0.00957	0.00587	0.00334	0.00397	0.00116	0.00534	0.00390	0.00213	0.00488
26	0.08595	0.00615	0.00800	0.00618	0.00887	0.00553	0.00511	0.03544	0.00991	0.77091	0.01307	0.01142	0.00827	0.00427	0.00344	0.00109	0.00300	0.00341	0.00417	0.00582
27	0.00712	0.00703	0.01276	0.00977	0.01196	0.00698	0.38435	0.01038	0.11707	0.01248	0.29169	0.01611	0.03628	0.00495	0.00451	0.00118	0.05346	0.00490	0.00274	0.00429
28	0.00626	0.00512	0.00572	0.00530	0.00666	0.00534	0.00405	0.01095	0.33151	0.01339	0.35668	0.02288	0.19884	0.00664	0.00394	0.00116	0.00212	0.00568	0.00364	0.00412
29	0.81455	0.00706	0.00583	0.00542	0.03515	0.00812	0.00423	0.06374	0.00674	0.01608	0.00519	0.00600	0.00401	0.00333	0.00231	0.00109	0.00285	0.00203	0.00225	0.00401
30	0.00832	0.00796	0.01357	0.18713	0.69182	0.00827	0.01062	0.01046	0.00783	0.01102	0.00656	0.00885	0.00541	0.00322	0.00350	0.00107	0.00429	0.00314	0.00171	0.00526

[dist]
# distance from previous block
# <min> <max>
3	267

# created by:
# /home/simao/soft/augustus-3.0.3/scripts/msa2prfl.pl ./prep/82580.aln
