[name]
unknown

[dist]
# distance from previous block
# <min> <max>
0	92

[block]
# block no. 0 follows, 71 sequences, length 20
# corresponding to MSA columns:
# 100-119
name=unknown_A
#
# <colnr> <probs for GDERKNQSTAVLIFYWHMCP>
#	G	D	E	R	K	N	Q	S	T	A	V	L	I	F	Y	W	H	M	C	P
0	0.00734	0.03819	0.09363	0.02719	0.02618	0.01961	0.00619	0.04776	0.00854	0.05734	0.06071	0.31272	0.01701	0.02457	0.02191	0.00154	0.05631	0.12867	0.00307	0.04150
1	0.01046	0.40149	0.12447	0.00770	0.01074	0.11433	0.02351	0.06656	0.02582	0.05162	0.00843	0.00944	0.03920	0.02691	0.00376	0.00107	0.02483	0.00292	0.04178	0.00496
2	0.10845	0.05222	0.14867	0.00844	0.01173	0.04712	0.02725	0.34699	0.03047	0.11401	0.00884	0.00922	0.00638	0.00509	0.03494	0.00132	0.00454	0.00318	0.00308	0.02806
3	0.01109	0.05794	0.09356	0.00752	0.01017	0.00834	0.00666	0.13997	0.22939	0.18878	0.10147	0.01411	0.01188	0.00512	0.00404	0.00120	0.02635	0.02307	0.03573	0.02361
4	0.13937	0.08632	0.06142	0.00868	0.01059	0.17271	0.05413	0.05296	0.02066	0.02902	0.00682	0.00886	0.00580	0.01919	0.08615	0.00175	0.21402	0.00305	0.01396	0.00453
5	0.00996	0.00521	0.00649	0.00551	0.00698	0.00488	0.00402	0.04279	0.00815	0.28179	0.01236	0.01789	0.01099	0.37985	0.08474	0.00266	0.00404	0.00446	0.02686	0.08038
6	0.00558	0.00372	0.00418	0.00418	0.00418	0.00372	0.00232	0.00558	0.00558	0.00743	0.01208	0.02509	0.01394	0.86525	0.01952	0.00372	0.00372	0.00558	0.00232	0.00232
7	0.00769	0.01983	0.84538	0.01093	0.01659	0.00890	0.01417	0.01214	0.00810	0.01214	0.00688	0.00810	0.00486	0.00364	0.00364	0.00121	0.00567	0.00283	0.00162	0.00567
8	0.89233	0.00741	0.00564	0.00504	0.00741	0.00860	0.00415	0.01127	0.00653	0.01720	0.00534	0.00623	0.00415	0.00356	0.00237	0.00119	0.00297	0.00208	0.00237	0.00415
9	0.00891	0.00669	0.00780	0.00616	0.00887	0.00595	0.00487	0.01268	0.19641	0.10029	0.13064	0.01293	0.01188	0.00430	0.00343	0.00089	0.00278	0.00358	0.00318	0.46776
10	0.00769	0.01983	0.84538	0.01093	0.01659	0.00890	0.01417	0.01214	0.00810	0.01214	0.00688	0.00810	0.00486	0.00364	0.00364	0.00121	0.00567	0.00283	0.00162	0.00567
11	0.00949	0.00911	0.01556	0.02353	0.84133	0.00911	0.01177	0.01177	0.00873	0.01253	0.00721	0.00949	0.00607	0.00342	0.00380	0.00114	0.00456	0.00342	0.00190	0.00607
12	0.00467	0.00334	0.00445	0.00534	0.00556	0.00311	0.00356	0.00534	0.00734	0.00979	0.02113	0.86275	0.02536	0.01201	0.00489	0.00156	0.00222	0.01090	0.00356	0.00311
13	0.00467	0.00334	0.00445	0.00534	0.00556	0.00311	0.00356	0.00534	0.00734	0.00979	0.02113	0.86275	0.02536	0.01201	0.00489	0.00156	0.00222	0.01090	0.00356	0.00311
14	0.00769	0.01983	0.84538	0.01093	0.01659	0.00890	0.01417	0.01214	0.00810	0.01214	0.00688	0.00810	0.00486	0.00364	0.00364	0.00121	0.00567	0.00283	0.00162	0.00567
15	0.00496	0.00385	0.00451	0.00446	0.00547	0.00340	0.00330	0.00629	0.00959	0.01263	0.40755	0.11079	0.39131	0.00906	0.00456	0.00128	0.00191	0.00782	0.00387	0.00340
16	0.00666	0.00333	0.00500	0.00500	0.00500	0.00333	0.00333	0.00500	0.00500	0.00666	0.00666	0.01166	0.00666	0.01332	0.01499	0.88844	0.00333	0.00333	0.00167	0.00167
17	0.00562	0.00370	0.00422	0.00422	0.00422	0.00370	0.00237	0.00555	0.00555	0.00740	0.01184	0.02449	0.01361	0.82708	0.01931	0.04336	0.00370	0.00548	0.00229	0.00229
18	0.04452	0.04222	0.04257	0.04556	0.03050	0.00811	0.00633	0.20637	0.10865	0.23519	0.01143	0.01236	0.00852	0.06226	0.06825	0.00170	0.00417	0.00372	0.05206	0.00550
19	0.02863	0.00784	0.04479	0.18660	0.08769	0.00706	0.03676	0.05998	0.02611	0.06083	0.00776	0.00929	0.00602	0.00362	0.00354	0.01456	0.00382	0.00296	0.01772	0.38442

[dist]
# distance from previous block
# <min> <max>
2	34

[block]
# block no. 1 follows, 71 sequences, length 9
# corresponding to MSA columns:
# 154-162
name=unknown_B
#
# <colnr> <probs for GDERKNQSTAVLIFYWHMCP>
#	G	D	E	R	K	N	Q	S	T	A	V	L	I	F	Y	W	H	M	C	P
0	0.10103	0.06022	0.11440	0.06465	0.03922	0.08260	0.02026	0.09525	0.07354	0.06969	0.02293	0.01014	0.00704	0.00437	0.00401	0.02100	0.03417	0.02324	0.00257	0.14967
1	0.16678	0.07589	0.05451	0.12489	0.14730	0.07439	0.02585	0.02704	0.07983	0.05452	0.00979	0.04913	0.03733	0.02318	0.00382	0.00123	0.00408	0.00365	0.03193	0.00485
2	0.38115	0.21763	0.01068	0.00652	0.00920	0.01093	0.00560	0.15689	0.14163	0.01625	0.00767	0.00803	0.00597	0.00394	0.00290	0.00111	0.00347	0.00267	0.00270	0.00506
3	0.00467	0.00334	0.00445	0.00534	0.00556	0.00311	0.00356	0.00534	0.00734	0.00979	0.02113	0.86275	0.02536	0.01201	0.00489	0.00156	0.00222	0.01090	0.00356	0.00311
4	0.00773	0.00727	0.01225	0.56903	0.25753	0.00837	0.01055	0.01010	0.00795	0.01057	0.00776	0.05978	0.00657	0.00419	0.00388	0.00125	0.00478	0.00385	0.00187	0.00471
5	0.01206	0.13554	0.02700	0.02922	0.09797	0.10445	0.03974	0.18037	0.09809	0.15168	0.02587	0.01107	0.02342	0.02132	0.00393	0.00116	0.00424	0.00352	0.02380	0.00557
6	0.00490	0.00390	0.00440	0.00427	0.00541	0.00339	0.00320	0.00622	0.00961	0.01244	0.37027	0.03348	0.50705	0.00894	0.00453	0.00126	0.00189	0.00761	0.00383	0.00339
7	0.03551	0.07674	0.07472	0.00710	0.01047	0.05470	0.00623	0.18631	0.01037	0.05309	0.00751	0.00822	0.00583	0.00348	0.00315	0.00083	0.00370	0.00263	0.00261	0.44680
8	0.02502	0.00654	0.03268	0.30352	0.05245	0.00680	0.02351	0.03263	0.02488	0.10317	0.11100	0.06743	0.01292	0.02504	0.02962	0.00151	0.02259	0.09225	0.00281	0.02364

[dist]
# distance from previous block
# <min> <max>
1	4

[block]
# block no. 2 follows, 71 sequences, length 13
# corresponding to MSA columns:
# 167-179
name=unknown_C
#
# <colnr> <probs for GDERKNQSTAVLIFYWHMCP>
#	G	D	E	R	K	N	Q	S	T	A	V	L	I	F	Y	W	H	M	C	P
0	0.00831	0.08811	0.22596	0.03937	0.15600	0.01893	0.03074	0.03933	0.08398	0.01298	0.07240	0.03917	0.02808	0.00469	0.00365	0.00115	0.00403	0.01821	0.11987	0.00506
1	0.00608	0.00340	0.00487	0.00505	0.00521	0.00335	0.00342	0.00518	0.00575	0.00762	0.01173	0.18203	0.06317	0.01356	0.05173	0.61502	0.00335	0.00517	0.00218	0.00213
2	0.00926	0.23018	0.20873	0.00866	0.08396	0.00876	0.00788	0.01181	0.03675	0.12258	0.16194	0.01382	0.05024	0.00480	0.00357	0.00110	0.00379	0.00388	0.02319	0.00510
3	0.04635	0.13909	0.09055	0.03953	0.19001	0.05268	0.03755	0.13321	0.02013	0.08392	0.02740	0.02094	0.05167	0.00433	0.00370	0.00111	0.01583	0.00352	0.00257	0.03592
4	0.00527	0.00391	0.00504	0.00566	0.00642	0.00368	0.00445	0.00650	0.00842	0.01087	0.06725	0.31192	0.20776	0.01072	0.00495	0.00156	0.00265	0.32605	0.00358	0.00333
5	0.00467	0.00334	0.00445	0.00534	0.00556	0.00311	0.00356	0.00534	0.00734	0.00979	0.02113	0.86275	0.02536	0.01201	0.00489	0.00156	0.00222	0.01090	0.00356	0.00311
6	0.00957	0.28027	0.11862	0.01219	0.24272	0.03445	0.03664	0.03548	0.00864	0.05749	0.00891	0.12177	0.00828	0.00466	0.00352	0.00111	0.00429	0.00394	0.00222	0.00523
7	0.00715	0.07058	0.00717	0.00616	0.00736	0.09884	0.02451	0.00862	0.04881	0.04976	0.04803	0.39652	0.16799	0.00897	0.00438	0.00135	0.00306	0.03364	0.00329	0.00381
8	0.00775	0.00500	0.00708	0.00761	0.11736	0.00465	0.00501	0.00957	0.01059	0.14027	0.60415	0.02374	0.02814	0.00678	0.00432	0.00119	0.00239	0.00600	0.00399	0.00438
9	0.00961	0.01012	0.01236	0.10095	0.16478	0.20497	0.12175	0.03926	0.00891	0.01118	0.00884	0.12252	0.00830	0.00521	0.00502	0.00125	0.11209	0.00434	0.04390	0.00465
10	0.00694	0.00359	0.00365	0.00365	0.00443	0.00359	0.00263	0.00849	0.00771	0.01338	0.01245	0.01573	0.01037	0.11883	0.00492	0.00127	0.00204	0.00384	0.76906	0.00341
11	0.00870	0.01335	0.36015	0.01418	0.24107	0.00899	0.08729	0.07300	0.03474	0.01300	0.00842	0.06860	0.00706	0.00437	0.00424	0.00124	0.04009	0.00383	0.00210	0.00557
12	0.00558	0.00459	0.00598	0.00690	0.11651	0.00418	0.00440	0.00709	0.00966	0.01283	0.38376	0.02966	0.37853	0.00806	0.00443	0.00124	0.00223	0.00697	0.00363	0.00378

[dist]
# distance from previous block
# <min> <max>
0	3

[block]
# block no. 3 follows, 71 sequences, length 11
# corresponding to MSA columns:
# 183-188,192-196
name=unknown_D
#
# <colnr> <probs for GDERKNQSTAVLIFYWHMCP>
#	G	D	E	R	K	N	Q	S	T	A	V	L	I	F	Y	W	H	M	C	P
0	0.00744	0.00619	0.00848	0.04035	0.19732	0.00637	0.00661	0.04145	0.13760	0.01296	0.10792	0.05525	0.12617	0.04040	0.00494	0.00144	0.00330	0.17299	0.01827	0.00455
1	0.00955	0.03584	0.11848	0.08549	0.22499	0.03039	0.02531	0.18409	0.00983	0.01343	0.00813	0.01168	0.00709	0.14767	0.00703	0.00162	0.06831	0.00366	0.00231	0.00510
2	0.08753	0.00988	0.00893	0.00770	0.00987	0.15935	0.00604	0.22218	0.27026	0.01691	0.14868	0.01338	0.01260	0.00512	0.00378	0.00118	0.00382	0.00401	0.00346	0.00532
3	0.00871	0.25692	0.20306	0.02175	0.07693	0.00961	0.03224	0.07344	0.02571	0.02496	0.01273	0.03863	0.14520	0.00486	0.00351	0.00109	0.00407	0.00390	0.00234	0.05035
4	0.00947	0.10102	0.10416	0.01168	0.17469	0.06626	0.06639	0.05897	0.18752	0.01311	0.03946	0.01210	0.02341	0.01626	0.00448	0.00123	0.05587	0.02200	0.02660	0.00533
5	0.00661	0.00573	0.00873	0.00784	0.00898	0.00611	0.11227	0.00849	0.03293	0.01175	0.17478	0.07746	0.09853	0.03550	0.00658	0.00157	0.14583	0.24334	0.00312	0.00385
6	0.01077	0.54899	0.12460	0.00718	0.01052	0.01212	0.00730	0.01244	0.00829	0.14866	0.00811	0.00860	0.02629	0.00448	0.02540	0.00111	0.02504	0.00269	0.00221	0.00519
7	0.01431	0.00655	0.00836	0.00677	0.00921	0.00613	0.00544	0.14444	0.01137	0.54274	0.01509	0.15415	0.01168	0.00592	0.00398	0.00123	0.00318	0.00496	0.03867	0.00584
8	0.00578	0.00394	0.00531	0.00531	0.00588	0.00436	0.00391	0.00692	0.00635	0.00949	0.01103	0.01708	0.01056	0.20377	0.53100	0.00476	0.00745	0.00433	0.14957	0.00321
9	0.00485	0.00351	0.00459	0.00514	0.00558	0.00324	0.00354	0.00582	0.00828	0.01120	0.22411	0.61393	0.07026	0.01086	0.00478	0.00146	0.00211	0.00977	0.00372	0.00324
10	0.00482	0.00340	0.00440	0.00515	0.00533	0.00321	0.00335	0.00538	0.00705	0.00940	0.01962	0.72310	0.02346	0.15426	0.00733	0.00192	0.00247	0.01001	0.00335	0.00298

[dist]
# distance from previous block
# <min> <max>
0	2

[block]
# block no. 4 follows, 71 sequences, length 34
# corresponding to MSA columns:
# 199-232
name=unknown_E
#
# <colnr> <probs for GDERKNQSTAVLIFYWHMCP>
#	G	D	E	R	K	N	Q	S	T	A	V	L	I	F	Y	W	H	M	C	P
0	0.01458	0.01074	0.01151	0.00882	0.01189	0.01189	0.00729	0.82855	0.01803	0.02416	0.00921	0.00921	0.00652	0.00460	0.00384	0.00115	0.00422	0.00345	0.00384	0.00652
1	0.00769	0.01983	0.84538	0.01093	0.01659	0.00890	0.01417	0.01214	0.00810	0.01214	0.00688	0.00810	0.00486	0.00364	0.00364	0.00121	0.00567	0.00283	0.00162	0.00567
2	0.01458	0.01074	0.01151	0.00882	0.01189	0.01189	0.00729	0.82855	0.01803	0.02416	0.00921	0.00921	0.00652	0.00460	0.00384	0.00115	0.00422	0.00345	0.00384	0.00652
3	0.01458	0.01074	0.01151	0.00882	0.01189	0.01189	0.00729	0.82855	0.01803	0.02416	0.00921	0.00921	0.00652	0.00460	0.00384	0.00115	0.00422	0.00345	0.00384	0.00652
4	0.00577	0.00411	0.00568	0.00654	0.00723	0.00406	0.00540	0.00720	0.00836	0.01093	0.02032	0.25800	0.02273	0.03158	0.00553	0.00176	0.00319	0.58470	0.00351	0.00339
5	0.00558	0.00372	0.00418	0.00418	0.00418	0.00372	0.00232	0.00558	0.00558	0.00743	0.01208	0.02509	0.01394	0.86525	0.01952	0.00372	0.00372	0.00558	0.00232	0.00232
6	0.00530	0.00391	0.00495	0.00469	0.00565	0.00356	0.00352	0.00699	0.01056	0.01468	0.72800	0.02979	0.14792	0.00810	0.00452	0.00122	0.00183	0.00710	0.00413	0.00356
7	0.00971	0.00679	0.00766	0.00650	0.00798	0.00735	0.00487	0.33259	0.04180	0.04164	0.01079	0.01621	0.00996	0.32321	0.11271	0.03005	0.00463	0.00435	0.01681	0.00439
8	0.00938	0.21019	0.04051	0.01219	0.29148	0.00908	0.00785	0.02531	0.00844	0.03550	0.00688	0.00822	0.00573	0.00325	0.00315	0.00087	0.00384	0.00269	0.00207	0.31335
9	0.00823	0.04013	0.03089	0.24462	0.01469	0.04693	0.02108	0.00967	0.00675	0.00942	0.00602	0.00952	0.00547	0.03794	0.02499	0.00165	0.47266	0.00339	0.00173	0.00421
10	0.00824	0.00771	0.01298	0.41074	0.40935	0.00849	0.01071	0.01062	0.00828	0.01140	0.03403	0.01059	0.00671	0.00378	0.00380	0.00120	0.00464	0.00353	0.02811	0.00507
11	0.00501	0.00363	0.00435	0.00470	0.00517	0.00337	0.00315	0.00563	0.00744	0.00968	0.08170	0.35313	0.21245	0.23025	0.00881	0.02545	0.00257	0.02731	0.00324	0.00295
12	0.00545	0.00462	0.00480	0.00466	0.00606	0.00433	0.00354	0.00813	0.14622	0.01164	0.08567	0.03273	0.63531	0.00886	0.00444	0.00130	0.00215	0.02267	0.00366	0.00374
13	0.00471	0.00336	0.00449	0.00538	0.00562	0.00315	0.00363	0.00541	0.00738	0.00983	0.02111	0.84154	0.02527	0.01198	0.00490	0.00156	0.00226	0.03173	0.00356	0.00313
14	0.00949	0.00911	0.01556	0.02353	0.84133	0.00911	0.01177	0.01177	0.00873	0.01253	0.00721	0.00949	0.00607	0.00342	0.00380	0.00114	0.00456	0.00342	0.00190	0.00607
15	0.00954	0.00824	0.00867	0.00780	0.00997	0.00954	0.00607	0.02037	0.83441	0.01604	0.01561	0.01431	0.01170	0.00520	0.00390	0.00130	0.00303	0.00433	0.00390	0.00607
16	0.00715	0.00357	0.00357	0.00357	0.00447	0.00357	0.00268	0.00893	0.00804	0.01429	0.01251	0.01429	0.00983	0.00447	0.00268	0.00089	0.00179	0.00357	0.88654	0.00357
17	0.89233	0.00741	0.00564	0.00504	0.00741	0.00860	0.00415	0.01127	0.00653	0.01720	0.00534	0.00623	0.00415	0.00356	0.00237	0.00119	0.00297	0.00208	0.00237	0.00415
18	0.00969	0.00833	0.00892	0.00821	0.02990	0.00960	0.00624	0.04413	0.79047	0.01620	0.01522	0.01404	0.01142	0.00514	0.00390	0.00129	0.00311	0.00429	0.00385	0.00608
19	0.00954	0.00824	0.00867	0.00780	0.00997	0.00954	0.00607	0.02037	0.83441	0.01604	0.01561	0.01431	0.01170	0.00520	0.00390	0.00130	0.00303	0.00433	0.00390	0.00607
20	0.00829	0.00706	0.00798	0.07579	0.01034	0.00806	0.00589	0.01625	0.58780	0.01418	0.01610	0.19845	0.01414	0.00657	0.00411	0.00135	0.00303	0.00569	0.00365	0.00528
21	0.00696	0.00603	0.00637	0.00631	0.00753	0.06462	0.00457	0.01027	0.21082	0.01163	0.01692	0.48737	0.01811	0.00863	0.00429	0.00133	0.00283	0.00762	0.00337	0.11442
22	0.00467	0.00336	0.00443	0.00528	0.00555	0.00312	0.00354	0.00534	0.00739	0.00981	0.02180	0.83183	0.05585	0.01193	0.00488	0.00155	0.00221	0.01079	0.00356	0.00312
23	0.00851	0.00811	0.07152	0.00935	0.08840	0.08320	0.09077	0.05114	0.00850	0.07142	0.02462	0.23275	0.01264	0.11259	0.02629	0.03233	0.04402	0.00570	0.01387	0.00426
24	0.27079	0.00587	0.00597	0.00516	0.00712	0.00609	0.00414	0.04302	0.03947	0.21914	0.01103	0.01142	0.00802	0.00430	0.00297	0.00108	0.00263	0.00323	0.34388	0.00467
25	0.00477	0.00345	0.00447	0.00513	0.00550	0.00320	0.00347	0.00557	0.00777	0.01036	0.11144	0.68008	0.08769	0.04117	0.00534	0.00157	0.00221	0.01007	0.00359	0.00315
26	0.02085	0.06589	0.15797	0.05724	0.12870	0.02011	0.03185	0.02647	0.02289	0.02204	0.12060	0.01147	0.00992	0.00480	0.03082	0.00115	0.00409	0.00342	0.00236	0.25736
27	0.00796	0.00783	0.05497	0.27740	0.12768	0.00729	0.03977	0.03290	0.00836	0.01197	0.04350	0.02045	0.00722	0.00408	0.01388	0.00108	0.01894	0.00331	0.01929	0.29213
28	0.00485	0.00359	0.00458	0.00529	0.00582	0.00332	0.00379	0.00573	0.00782	0.01013	0.02451	0.58622	0.18554	0.01136	0.00488	0.00153	0.00235	0.12192	0.00356	0.00320
29	0.00492	0.00348	0.00445	0.00512	0.00536	0.00330	0.00339	0.00551	0.00708	0.00938	0.01974	0.62226	0.04907	0.19337	0.00801	0.00202	0.00259	0.04469	0.00330	0.00297
30	0.02946	0.07864	0.29279	0.09165	0.13130	0.02826	0.08224	0.01115	0.01639	0.02667	0.00813	0.06403	0.00701	0.03023	0.01595	0.00137	0.06177	0.00373	0.01423	0.00503
31	0.00520	0.00433	0.00467	0.00501	0.00584	0.03513	0.00358	0.00642	0.03591	0.01050	0.06587	0.41503	0.35304	0.01033	0.00465	0.00141	0.00232	0.02387	0.00354	0.00334
32	0.01271	0.00554	0.00742	0.00610	0.00830	0.00487	0.00492	0.01424	0.01064	0.53086	0.22739	0.03958	0.06979	0.00623	0.00414	0.00123	0.00279	0.03341	0.00447	0.00539
33	0.04898	0.00983	0.12916	0.18994	0.14796	0.03674	0.06500	0.04397	0.02512	0.18520	0.02305	0.01036	0.00685	0.00418	0.00432	0.00123	0.05664	0.00349	0.00258	0.00539

[dist]
# distance from previous block
# <min> <max>
7	56

[block]
# block no. 5 follows, 71 sequences, length 35
# corresponding to MSA columns:
# 289-314,348-356
name=unknown_F
#
# <colnr> <probs for GDERKNQSTAVLIFYWHMCP>
#	G	D	E	R	K	N	Q	S	T	A	V	L	I	F	Y	W	H	M	C	P
0	0.00702	0.00764	0.11081	0.00942	0.04460	0.00644	0.18709	0.00901	0.00756	0.03081	0.05732	0.05921	0.02917	0.07737	0.29508	0.02152	0.02880	0.00469	0.00227	0.00415
1	0.01010	0.19628	0.02807	0.28084	0.16542	0.06980	0.00916	0.15269	0.00987	0.01260	0.00687	0.00872	0.00547	0.00384	0.00371	0.00112	0.02512	0.00304	0.00211	0.00516
2	0.00562	0.00385	0.00479	0.00469	0.00547	0.00357	0.00336	0.00693	0.00929	0.03271	0.47185	0.13861	0.11095	0.12984	0.00659	0.00160	0.00218	0.00715	0.04755	0.00340
3	0.00557	0.00373	0.00426	0.00426	0.00429	0.00376	0.00242	0.00563	0.00560	0.00749	0.01201	0.02470	0.01377	0.83268	0.05185	0.00381	0.00397	0.00552	0.00231	0.00237
4	0.00548	0.00411	0.00616	0.00616	0.00685	0.00479	0.00479	0.00685	0.00616	0.00890	0.01027	0.01506	0.00959	0.02876	0.85006	0.00616	0.01027	0.00411	0.00205	0.00342
5	0.01458	0.01074	0.01151	0.00882	0.01189	0.01189	0.00729	0.82855	0.01803	0.02416	0.00921	0.00921	0.00652	0.00460	0.00384	0.00115	0.00422	0.00345	0.00384	0.00652
6	0.00732	0.00692	0.01152	0.79729	0.02527	0.00874	0.01049	0.00976	0.00754	0.00976	0.00669	0.01009	0.00511	0.00403	0.00444	0.00131	0.06435	0.00340	0.00170	0.00425
7	0.00893	0.00850	0.01445	0.19693	0.64733	0.00885	0.01137	0.01125	0.00851	0.01193	0.00750	0.01061	0.00633	0.00371	0.00385	0.00119	0.00464	0.02661	0.00190	0.00562
8	0.01345	0.01453	0.01000	0.00880	0.01088	0.54757	0.00674	0.16199	0.03966	0.03620	0.00787	0.00861	0.00615	0.00419	0.00346	0.00102	0.00560	0.00288	0.10557	0.00483
9	0.00556	0.00377	0.00443	0.00443	0.00451	0.00385	0.00263	0.00573	0.00565	0.00762	0.01186	0.02385	0.01340	0.76162	0.12241	0.00402	0.00453	0.00539	0.00229	0.00246
10	0.00636	0.00550	0.03037	0.00824	0.09097	0.03323	0.00598	0.00803	0.02840	0.01097	0.01850	0.30906	0.03716	0.02748	0.00515	0.00161	0.00333	0.36264	0.00325	0.00377
11	0.00687	0.00568	0.00851	0.23435	0.16906	0.00623	0.00656	0.00811	0.00684	0.00935	0.00955	0.01708	0.00961	0.39435	0.04169	0.00253	0.02362	0.00442	0.03193	0.00367
12	0.00795	0.00681	0.00795	0.00568	0.00909	0.00511	0.00454	0.00965	0.00795	0.01249	0.00681	0.00795	0.00568	0.00284	0.00284	0.00057	0.00284	0.00227	0.00227	0.88869
13	0.00984	0.24574	0.34919	0.00906	0.03036	0.01054	0.02027	0.13019	0.03585	0.05528	0.00821	0.04162	0.00653	0.00413	0.00341	0.00110	0.00458	0.00318	0.02543	0.00549
14	0.00788	0.00725	0.01114	0.18817	0.22627	0.03488	0.05182	0.00960	0.00794	0.03092	0.01126	0.20148	0.02685	0.00635	0.00540	0.00137	0.12517	0.03936	0.00237	0.00452
15	0.00905	0.01034	0.02262	0.01616	0.02004	0.00970	0.82741	0.01228	0.00905	0.01228	0.00776	0.01034	0.00582	0.00323	0.00452	0.00129	0.00646	0.00452	0.00194	0.00517
16	0.06770	0.02306	0.07382	0.17573	0.17123	0.00764	0.09356	0.01070	0.00830	0.06180	0.03490	0.05837	0.04435	0.00456	0.00398	0.00117	0.02489	0.01461	0.00234	0.11727
17	0.22588	0.05743	0.05839	0.00732	0.02371	0.03939	0.00612	0.16722	0.04337	0.07122	0.00839	0.01025	0.00683	0.06189	0.10762	0.00192	0.05184	0.00318	0.00268	0.04535
18	0.00716	0.00606	0.00698	0.00547	0.00812	0.00489	0.00427	0.00927	0.06098	0.01236	0.05753	0.07166	0.13892	0.00495	0.00340	0.00083	0.00262	0.00414	0.00277	0.58763
19	0.00820	0.00812	0.01139	0.00982	0.00986	0.01130	0.00816	0.00908	0.00589	0.00921	0.00537	0.00881	0.00532	0.00812	0.06608	0.00196	0.80406	0.00340	0.00170	0.00415
20	0.00844	0.00814	0.01350	0.50632	0.18290	0.02536	0.10844	0.04651	0.04120	0.01149	0.00744	0.01015	0.00570	0.00377	0.00390	0.00124	0.00508	0.00356	0.00195	0.00490
21	0.04669	0.06458	0.02244	0.02222	0.01170	0.28733	0.00731	0.37975	0.04869	0.01661	0.00773	0.00833	0.00591	0.00438	0.00403	0.00112	0.04983	0.00302	0.00286	0.00546
22	0.00614	0.00351	0.00461	0.00461	0.00461	0.00351	0.00285	0.00527	0.00527	0.00703	0.00925	0.01807	0.01014	0.42033	0.01715	0.46576	0.00351	0.00440	0.00198	0.00198
23	0.03163	0.10634	0.17649	0.12247	0.15436	0.04032	0.14937	0.06777	0.02928	0.05385	0.00793	0.00999	0.00617	0.00385	0.00374	0.00118	0.00502	0.02269	0.00217	0.00536
24	0.00957	0.32935	0.23255	0.00973	0.04411	0.02558	0.11048	0.04548	0.04445	0.04385	0.00792	0.05272	0.00666	0.00409	0.00355	0.00110	0.01813	0.00333	0.00210	0.00525
25	0.00769	0.01983	0.84538	0.01093	0.01659	0.00890	0.01417	0.01214	0.00810	0.01214	0.00688	0.00810	0.00486	0.00364	0.00364	0.00121	0.00567	0.00283	0.00162	0.00567
26	0.00568	0.00407	0.00514	0.00482	0.00585	0.00374	0.00363	0.00757	0.02810	0.03427	0.70379	0.02899	0.13404	0.00794	0.00449	0.00122	0.00189	0.00695	0.00414	0.00369
27	0.01048	0.15858	0.25427	0.08072	0.10597	0.04033	0.05003	0.05676	0.05947	0.13482	0.00853	0.00933	0.00626	0.00387	0.00357	0.00114	0.00472	0.00316	0.00241	0.00560
28	0.00627	0.00432	0.00571	0.00563	0.00629	0.00463	0.00412	0.04045	0.02659	0.02864	0.04660	0.08943	0.02937	0.21195	0.37370	0.05488	0.00624	0.03405	0.01781	0.00332
29	0.00476	0.00340	0.00455	0.00544	0.00570	0.00319	0.00371	0.00549	0.00743	0.00989	0.02108	0.81463	0.02517	0.01193	0.00492	0.00157	0.00230	0.05814	0.00356	0.00314
30	0.01151	0.52303	0.05283	0.00804	0.01105	0.26244	0.02543	0.04753	0.00918	0.00998	0.00579	0.00669	0.00501	0.00355	0.00291	0.00091	0.00506	0.00232	0.00184	0.00489
31	0.02480	0.06654	0.09453	0.07398	0.16500	0.03674	0.10902	0.17160	0.05394	0.10799	0.00994	0.02951	0.03044	0.00430	0.00382	0.00118	0.00454	0.00376	0.00274	0.00562
32	0.00557	0.00430	0.00569	0.01744	0.00649	0.00433	0.03169	0.00641	0.00731	0.00956	0.03687	0.18973	0.18604	0.25418	0.04520	0.01395	0.04831	0.12086	0.00295	0.00312
33	0.00558	0.00372	0.00418	0.00418	0.00418	0.00372	0.00232	0.00558	0.00558	0.00743	0.01208	0.02509	0.01394	0.86525	0.01952	0.00372	0.00372	0.00558	0.00232	0.00232
34	0.05232	0.11615	0.09113	0.00747	0.04146	0.00753	0.02857	0.03525	0.05808	0.05573	0.03687	0.09376	0.03122	0.00508	0.00391	0.01002	0.03693	0.01976	0.06183	0.20692

[dist]
# distance from previous block
# <min> <max>
2	4

[block]
# block no. 6 follows, 71 sequences, length 8
# corresponding to MSA columns:
# 362-369
name=unknown_G
#
# <colnr> <probs for GDERKNQSTAVLIFYWHMCP>
#	G	D	E	R	K	N	Q	S	T	A	V	L	I	F	Y	W	H	M	C	P
0	0.01060	0.00803	0.06017	0.06536	0.13262	0.00734	0.00718	0.15281	0.01081	0.17464	0.15062	0.01324	0.01181	0.00473	0.00406	0.00111	0.03116	0.00392	0.02789	0.12189
1	0.05487	0.00720	0.00876	0.00691	0.00950	0.00705	0.00564	0.22783	0.01259	0.44403	0.15995	0.01451	0.01322	0.00520	0.00390	0.00118	0.00324	0.00422	0.00430	0.00590
2	0.00719	0.00469	0.00703	0.08777	0.00911	0.00526	0.00547	0.00869	0.00694	0.11907	0.01058	0.01433	0.00914	0.02320	0.65734	0.00504	0.00885	0.00401	0.00238	0.00391
3	0.00697	0.00429	0.00476	0.00470	0.00574	0.00431	0.00362	0.05316	0.04431	0.01415	0.12111	0.08844	0.06934	0.00648	0.00358	0.00113	0.00219	0.08363	0.47431	0.00378
4	0.00649	0.00581	0.00576	0.00587	0.00685	0.11520	0.00450	0.00780	0.00935	0.01177	0.26213	0.16541	0.16457	0.03155	0.00501	0.00144	0.00299	0.18047	0.00351	0.00353
5	0.69106	0.00758	0.00751	0.08911	0.11917	0.00866	0.00578	0.01119	0.00693	0.01588	0.00573	0.00704	0.00450	0.00357	0.00270	0.00119	0.00338	0.00238	0.00225	0.00442
6	0.01002	0.14248	0.04814	0.22499	0.23742	0.00987	0.00922	0.14186	0.00982	0.05165	0.00746	0.00910	0.00580	0.00372	0.00353	0.00109	0.00442	0.00311	0.00227	0.07404
7	0.00765	0.04232	0.02328	0.02238	0.00854	0.05614	0.02058	0.10625	0.05400	0.01274	0.06920	0.13978	0.17094	0.03495	0.00479	0.00139	0.00331	0.15684	0.00325	0.06169

[dist]
# distance from previous block
# <min> <max>
6	10

[block]
# block no. 7 follows, 71 sequences, length 6
# corresponding to MSA columns:
# 384-389
name=unknown_H
#
# <colnr> <probs for GDERKNQSTAVLIFYWHMCP>
#	G	D	E	R	K	N	Q	S	T	A	V	L	I	F	Y	W	H	M	C	P
0	0.00488	0.00340	0.00435	0.00509	0.00538	0.00319	0.00339	0.00558	0.00733	0.00992	0.02082	0.71598	0.06153	0.07015	0.00575	0.00165	0.00229	0.00997	0.05627	0.00309
1	0.00560	0.00397	0.00574	0.00574	0.00626	0.00449	0.00427	0.00648	0.00596	0.00846	0.01022	0.01631	0.00999	0.15795	0.64244	0.08809	0.00860	0.00426	0.00206	0.00309
2	0.00819	0.00636	0.00723	0.00675	0.00837	0.00686	0.00529	0.07434	0.36409	0.03940	0.16072	0.11399	0.06375	0.00729	0.00433	0.00136	0.00283	0.11011	0.00387	0.00489
3	0.11069	0.07030	0.00724	0.00625	0.00760	0.03418	0.00475	0.01123	0.23955	0.01252	0.04552	0.33202	0.01664	0.04238	0.00469	0.00145	0.00293	0.04252	0.00329	0.00425
4	0.12541	0.17612	0.08819	0.06577	0.02838	0.04176	0.02937	0.06543	0.03029	0.01289	0.04598	0.07395	0.02270	0.00489	0.00389	0.00114	0.05842	0.00375	0.11712	0.00455
5	0.03350	0.00826	0.08758	0.12100	0.01264	0.00745	0.06336	0.05095	0.11687	0.09546	0.01078	0.05896	0.02234	0.05026	0.00511	0.00131	0.05495	0.02564	0.00274	0.17084

[dist]
# distance from previous block
# <min> <max>
2	89

[block]
# block no. 8 follows, 71 sequences, length 27
# corresponding to MSA columns:
# 481-507
name=unknown_I
#
# <colnr> <probs for GDERKNQSTAVLIFYWHMCP>
#	G	D	E	R	K	N	Q	S	T	A	V	L	I	F	Y	W	H	M	C	P
0	0.02504	0.10200	0.06040	0.00720	0.02652	0.05200	0.04952	0.06104	0.02399	0.04614	0.04791	0.14178	0.14094	0.08873	0.02535	0.00156	0.03886	0.00539	0.01054	0.04506
1	0.02152	0.07773	0.10222	0.03575	0.08768	0.05950	0.06514	0.11962	0.10903	0.02906	0.08705	0.01182	0.00965	0.02526	0.00433	0.00118	0.03358	0.00367	0.04532	0.07086
2	0.06689	0.09401	0.15933	0.01939	0.02193	0.04422	0.13725	0.02703	0.00837	0.03781	0.05252	0.01214	0.04780	0.05498	0.05527	0.00154	0.02485	0.00365	0.00227	0.12873
3	0.01809	0.11523	0.09557	0.03319	0.04236	0.04436	0.04971	0.03390	0.00837	0.05676	0.00868	0.08962	0.00787	0.01613	0.00424	0.00105	0.06042	0.01633	0.00235	0.29577
4	0.01004	0.73797	0.06633	0.00693	0.01024	0.01428	0.00695	0.01236	0.08571	0.00986	0.00639	0.00703	0.00556	0.00348	0.00266	0.00089	0.00409	0.00231	0.00185	0.00507
5	0.00806	0.01323	0.36062	0.01143	0.01537	0.00868	0.25653	0.01149	0.03127	0.01180	0.00754	0.00973	0.00590	0.02353	0.05460	0.00156	0.07484	0.00351	0.00189	0.08843
6	0.00939	0.00810	0.00860	0.00760	0.00989	0.00912	0.00593	0.01936	0.75652	0.01571	0.01478	0.01371	0.01114	0.00498	0.00380	0.00123	0.00302	0.00414	0.00375	0.08925
7	0.00515	0.00382	0.00476	0.00514	0.00578	0.00345	0.00354	0.00591	0.00739	0.00988	0.02049	0.54652	0.11029	0.12161	0.00658	0.00173	0.00250	0.04568	0.00328	0.08650
8	0.00776	0.01875	0.76682	0.01085	0.01598	0.00917	0.01362	0.01187	0.00789	0.01187	0.00671	0.00812	0.00487	0.00393	0.00449	0.00126	0.08602	0.00288	0.00162	0.00553
9	0.00486	0.00388	0.00427	0.00425	0.00539	0.00337	0.00319	0.00607	0.00921	0.01172	0.24056	0.06573	0.56717	0.00924	0.00452	0.00129	0.00196	0.02834	0.02164	0.00334
10	0.00475	0.00345	0.00450	0.00530	0.00566	0.00320	0.00365	0.00551	0.00756	0.00994	0.02275	0.73723	0.10192	0.01171	0.00488	0.00154	0.00227	0.05746	0.00356	0.00315
11	0.00618	0.00441	0.00618	0.00706	0.00794	0.00441	0.00618	0.00794	0.00883	0.01147	0.02030	0.04325	0.02207	0.01059	0.00530	0.00177	0.00353	0.81553	0.00353	0.00353
12	0.01067	0.00944	0.01098	0.00912	0.01162	0.05803	0.10619	0.18743	0.48360	0.01672	0.01295	0.01348	0.00993	0.00498	0.00399	0.00127	0.00394	0.03627	0.00352	0.00586
13	0.19974	0.35425	0.15244	0.00799	0.03002	0.12141	0.00764	0.02853	0.00811	0.01174	0.00578	0.00683	0.00481	0.00368	0.00329	0.00104	0.04360	0.00236	0.00189	0.00484
14	0.00475	0.00339	0.00453	0.00537	0.00564	0.00317	0.00364	0.00549	0.00753	0.01006	0.05358	0.80493	0.02569	0.01180	0.00489	0.00155	0.00225	0.03500	0.00358	0.00315
15	0.01101	0.54413	0.03763	0.02878	0.01074	0.07827	0.00682	0.12370	0.00955	0.04025	0.00672	0.02430	0.00576	0.00374	0.00291	0.00091	0.00426	0.00258	0.00215	0.05580
16	0.00859	0.04676	0.11161	0.02700	0.04105	0.00736	0.14468	0.04499	0.00862	0.02059	0.01680	0.00874	0.00599	0.00327	0.00348	0.00087	0.01744	0.00291	0.00219	0.47705
17	0.05236	0.21732	0.26994	0.00912	0.05340	0.08215	0.00891	0.09725	0.02025	0.08729	0.04958	0.00942	0.00729	0.01565	0.00359	0.00112	0.00460	0.00303	0.00238	0.00535
18	0.00858	0.00720	0.00816	0.06248	0.12226	0.10867	0.00592	0.03521	0.02293	0.07581	0.26241	0.01904	0.12007	0.00592	0.00415	0.00115	0.02148	0.00496	0.06866	0.03495
19	0.01007	0.00569	0.00761	0.08056	0.01005	0.00570	0.00609	0.07367	0.03765	0.24807	0.01630	0.09304	0.01509	0.00749	0.00443	0.00143	0.00343	0.31618	0.05272	0.00472
20	0.01015	0.12236	0.09493	0.14418	0.19387	0.10916	0.10359	0.05990	0.00923	0.05883	0.00772	0.03471	0.00627	0.00401	0.00390	0.00115	0.02521	0.00345	0.00214	0.00522
21	0.00837	0.00785	0.01358	0.07608	0.06709	0.03423	0.32976	0.01082	0.02912	0.06938	0.07180	0.01834	0.17860	0.00538	0.00431	0.00126	0.00449	0.03727	0.00272	0.02954
22	0.00558	0.00372	0.00418	0.00418	0.00418	0.00372	0.00232	0.00558	0.00558	0.00743	0.01208	0.02509	0.01394	0.86525	0.01952	0.00372	0.00372	0.00558	0.00232	0.00232
23	0.00733	0.00600	0.00709	0.00663	0.00784	0.03104	0.00515	0.05175	0.21717	0.01263	0.15123	0.01830	0.02857	0.05590	0.31234	0.00318	0.03518	0.03535	0.00305	0.00428
24	0.00838	0.00679	0.01030	0.01913	0.13367	0.00690	0.11616	0.03677	0.10428	0.06186	0.02198	0.13116	0.01218	0.07203	0.01905	0.00156	0.04767	0.08241	0.05239	0.05534
25	0.07023	0.21654	0.18611	0.02990	0.11082	0.07296	0.02399	0.14833	0.00993	0.04508	0.00706	0.00805	0.00548	0.00378	0.00348	0.00107	0.02005	0.00282	0.00225	0.03207
26	0.00937	0.10033	0.11008	0.14118	0.02613	0.06208	0.03335	0.05919	0.05687	0.09026	0.07498	0.01273	0.04047	0.03194	0.04863	0.00152	0.07067	0.00380	0.00257	0.02385

[dist]
# distance from previous block
# <min> <max>
2	88

[block]
# block no. 9 follows, 71 sequences, length 16
# corresponding to MSA columns:
# 610-625
name=unknown_J
#
# <colnr> <probs for GDERKNQSTAVLIFYWHMCP>
#	G	D	E	R	K	N	Q	S	T	A	V	L	I	F	Y	W	H	M	C	P
0	0.03232	0.08458	0.00799	0.00667	0.00810	0.09158	0.00515	0.07773	0.15604	0.01231	0.01657	0.33114	0.06627	0.00849	0.02273	0.00144	0.00344	0.05994	0.00324	0.00429
1	0.61272	0.00720	0.00666	0.00562	0.00813	0.00782	0.00463	0.04133	0.00819	0.22964	0.03111	0.00870	0.00649	0.00402	0.00286	0.00119	0.00305	0.00272	0.00308	0.00483
2	0.00962	0.01920	0.02826	0.02902	0.08611	0.10918	0.03515	0.14586	0.14130	0.03634	0.01203	0.11908	0.01099	0.00901	0.11789	0.00192	0.00499	0.06539	0.00296	0.01570
3	0.02254	0.16474	0.18428	0.03313	0.08456	0.03823	0.07884	0.02348	0.06114	0.07398	0.10849	0.01216	0.02429	0.00570	0.04731	0.00140	0.02444	0.00372	0.00248	0.00509
4	0.00771	0.00484	0.00612	0.02609	0.00744	0.00473	0.00459	0.01036	0.10153	0.13012	0.33569	0.08289	0.06842	0.00754	0.00434	0.00130	0.00250	0.11925	0.07032	0.00424
5	0.01075	0.03218	0.00945	0.04127	0.01068	0.03983	0.00634	0.21476	0.42147	0.05417	0.01331	0.05203	0.01066	0.03603	0.00447	0.00135	0.00359	0.02836	0.00362	0.00570
6	0.00890	0.05568	0.16084	0.10675	0.22974	0.05043	0.05156	0.04101	0.02261	0.03505	0.05083	0.03334	0.00908	0.00474	0.00419	0.00123	0.03571	0.06466	0.02854	0.00511
7	0.03099	0.03201	0.16839	0.04987	0.23089	0.02820	0.04499	0.09821	0.01900	0.14754	0.02778	0.04114	0.00839	0.00460	0.00396	0.00122	0.01379	0.04073	0.00271	0.00559
8	0.01103	0.00826	0.00864	0.00730	0.00950	0.03146	0.00579	0.32534	0.26959	0.04764	0.01362	0.06573	0.04018	0.00540	0.00377	0.00119	0.00333	0.00437	0.13230	0.00556
9	0.66661	0.00758	0.00775	0.07181	0.08308	0.00852	0.03522	0.01165	0.00714	0.06193	0.00625	0.00735	0.00475	0.00362	0.00277	0.00119	0.00341	0.00248	0.00240	0.00450
10	0.00465	0.00366	0.00420	0.00454	0.00537	0.00321	0.00323	0.00556	0.00832	0.01048	0.08858	0.37293	0.45064	0.01052	0.00468	0.00140	0.00205	0.00915	0.00361	0.00321
11	0.02630	0.39564	0.01463	0.11911	0.01232	0.10905	0.00707	0.10822	0.06151	0.06320	0.00765	0.02196	0.00623	0.00401	0.00327	0.00102	0.01594	0.00288	0.01492	0.00507
12	0.02537	0.30597	0.08650	0.03514	0.18777	0.05505	0.05710	0.08493	0.05440	0.04317	0.00750	0.00858	0.00600	0.00369	0.00331	0.00105	0.00450	0.00296	0.02158	0.00542
13	0.00485	0.00368	0.00438	0.00463	0.00536	0.00331	0.00325	0.00583	0.00847	0.01104	0.20505	0.32786	0.31476	0.07260	0.00575	0.00155	0.00214	0.00865	0.00361	0.00321
14	0.00522	0.00386	0.00499	0.00514	0.00578	0.00398	0.00373	0.00619	0.00688	0.00931	0.01853	0.15787	0.19131	0.15299	0.37174	0.00381	0.00586	0.00627	0.03341	0.00317
15	0.00927	0.12676	0.04446	0.00655	0.00980	0.04260	0.00563	0.09998	0.02106	0.02377	0.02689	0.02339	0.00680	0.00351	0.00306	0.00076	0.00342	0.00271	0.00244	0.53714

[dist]
# distance from previous block
# <min> <max>
1	40

[block]
# block no. 10 follows, 71 sequences, length 19
# corresponding to MSA columns:
# 666-684
name=unknown_K
#
# <colnr> <probs for GDERKNQSTAVLIFYWHMCP>
#	G	D	E	R	K	N	Q	S	T	A	V	L	I	F	Y	W	H	M	C	P
0	0.01138	0.00647	0.00773	0.00656	0.00852	0.00648	0.00521	0.17873	0.07561	0.27266	0.04644	0.01998	0.06265	0.14764	0.00664	0.00167	0.00337	0.10031	0.02691	0.00506
1	0.00783	0.06225	0.03369	0.15090	0.07576	0.00732	0.02307	0.03656	0.06747	0.05480	0.21260	0.01879	0.12428	0.01834	0.00499	0.00129	0.07482	0.01779	0.00298	0.00448
2	0.00569	0.00528	0.02845	0.00609	0.00718	0.00515	0.04519	0.00701	0.00860	0.01145	0.22172	0.13794	0.34002	0.00860	0.00585	0.00137	0.14036	0.00711	0.00328	0.00363
3	0.01005	0.77286	0.01917	0.00695	0.00987	0.01479	0.00676	0.01123	0.00758	0.00904	0.00530	0.00640	0.00493	0.00366	0.00358	0.00091	0.09824	0.00219	0.00164	0.00484
4	0.01453	0.19828	0.06233	0.00717	0.01040	0.00855	0.00649	0.09680	0.01070	0.50049	0.01160	0.01068	0.00778	0.00428	0.00350	0.00108	0.00368	0.00330	0.00370	0.03467
5	0.00637	0.00624	0.09810	0.00600	0.00712	0.00541	0.00486	0.00876	0.12511	0.00957	0.01141	0.01866	0.01128	0.40134	0.24097	0.02263	0.00561	0.00465	0.00239	0.00351
6	0.05148	0.00492	0.00694	0.00650	0.00787	0.00459	0.05394	0.00996	0.00854	0.23325	0.01766	0.43854	0.01820	0.00880	0.00446	0.00143	0.00291	0.09016	0.02558	0.00425
7	0.00558	0.00372	0.00418	0.00418	0.00418	0.00372	0.00232	0.00558	0.00558	0.00743	0.01208	0.02509	0.01394	0.86525	0.01952	0.00372	0.00372	0.00558	0.00232	0.00232
8	0.01113	0.12163	0.14639	0.00941	0.03865	0.14879	0.03240	0.15474	0.21384	0.04120	0.00961	0.01032	0.00740	0.00439	0.00377	0.00115	0.01797	0.01886	0.00278	0.00558
9	0.00795	0.00681	0.00795	0.00568	0.00909	0.00511	0.00454	0.00965	0.00795	0.01249	0.00681	0.00795	0.00568	0.00284	0.00284	0.00057	0.00284	0.00227	0.00227	0.88869
10	0.00703	0.00359	0.00359	0.00359	0.00450	0.00356	0.00269	0.00877	0.00807	0.01411	0.01374	0.01535	0.04854	0.00471	0.00277	0.00091	0.00179	0.00378	0.84535	0.00356
11	0.89233	0.00741	0.00564	0.00504	0.00741	0.00860	0.00415	0.01127	0.00653	0.01720	0.00534	0.00623	0.00415	0.00356	0.00237	0.00119	0.00297	0.00208	0.00237	0.00415
12	0.00550	0.00401	0.00568	0.00568	0.00620	0.00453	0.00420	0.00654	0.00602	0.00855	0.01071	0.01748	0.01064	0.23046	0.64978	0.00557	0.00869	0.00446	0.00212	0.00316
13	0.01458	0.01074	0.01151	0.00882	0.01189	0.01189	0.00729	0.82855	0.01803	0.02416	0.00921	0.00921	0.00652	0.00460	0.00384	0.00115	0.00422	0.00345	0.00384	0.00652
14	0.01122	0.00660	0.00811	0.00719	0.00916	0.00668	0.00599	0.24065	0.01186	0.22262	0.03276	0.07428	0.01452	0.00721	0.00437	0.00139	0.00346	0.28346	0.04338	0.00509
15	0.01432	0.01827	0.01087	0.00988	0.01185	0.84986	0.00741	0.01531	0.01087	0.00938	0.00593	0.00691	0.00494	0.00395	0.00346	0.00099	0.00691	0.00247	0.00198	0.00444
16	0.47512	0.00664	0.00653	0.00582	0.00800	0.00711	0.00483	0.04902	0.00853	0.17332	0.04983	0.01557	0.03783	0.00535	0.00335	0.00128	0.00308	0.13103	0.00320	0.00456
17	0.00514	0.00389	0.00484	0.00502	0.00591	0.00359	0.00382	0.00648	0.00910	0.01204	0.30098	0.17407	0.27265	0.01054	0.04661	0.00162	0.00259	0.12402	0.00370	0.00340
18	0.00682	0.00551	0.00701	0.00808	0.12656	0.02509	0.00528	0.06033	0.02106	0.02553	0.16501	0.14074	0.21726	0.03765	0.04440	0.00163	0.00325	0.09143	0.00333	0.00403

[dist]
# distance from previous block
# <min> <max>
3	21

[block]
# block no. 11 follows, 71 sequences, length 24
# corresponding to MSA columns:
# 710-733
name=unknown_L
#
# <colnr> <probs for GDERKNQSTAVLIFYWHMCP>
#	G	D	E	R	K	N	Q	S	T	A	V	L	I	F	Y	W	H	M	C	P
0	0.00548	0.00411	0.00616	0.00616	0.00685	0.00479	0.00479	0.00685	0.00616	0.00890	0.01027	0.01506	0.00959	0.02876	0.85006	0.00616	0.01027	0.00411	0.00205	0.00342
1	0.00647	0.00402	0.00543	0.00544	0.00599	0.00412	0.00398	0.00691	0.00656	0.05680	0.01324	0.02221	0.05418	0.25188	0.24393	0.17701	0.00531	0.12108	0.00250	0.00296
2	0.00956	0.00818	0.00866	0.00780	0.00995	0.00943	0.00610	0.04045	0.78717	0.01610	0.01559	0.01511	0.01191	0.00536	0.00394	0.00131	0.00308	0.03040	0.00389	0.00600
3	0.00475	0.00380	0.00425	0.00433	0.00536	0.00330	0.00317	0.00586	0.00897	0.01136	0.21134	0.17021	0.53045	0.00968	0.00459	0.00132	0.00196	0.00830	0.00370	0.00330
4	0.00839	0.00839	0.01174	0.01007	0.01007	0.01174	0.00839	0.00923	0.00587	0.00923	0.00503	0.00839	0.00503	0.00671	0.01258	0.00168	0.85823	0.00336	0.00168	0.00419
5	0.00506	0.00391	0.00462	0.00444	0.00551	0.00346	0.00333	0.00653	0.00999	0.01334	0.51421	0.03200	0.36255	0.00860	0.00453	0.00124	0.00186	0.00740	0.00395	0.00346
6	0.00954	0.00824	0.00867	0.00780	0.00997	0.00954	0.00607	0.02037	0.83441	0.01604	0.01561	0.01431	0.01170	0.00520	0.00390	0.00130	0.00303	0.00433	0.00390	0.00607
7	0.00795	0.00681	0.00795	0.00568	0.00909	0.00511	0.00454	0.00965	0.00795	0.01249	0.00681	0.00795	0.00568	0.00284	0.00284	0.00057	0.00284	0.00227	0.00227	0.88869
8	0.00778	0.01924	0.79411	0.01125	0.01681	0.00895	0.06485	0.01215	0.00815	0.01215	0.00694	0.00824	0.00492	0.00362	0.00370	0.00122	0.00572	0.00294	0.00164	0.00564
9	0.00878	0.04492	0.10974	0.00991	0.14206	0.03598	0.04844	0.02673	0.00849	0.02939	0.00735	0.02574	0.00609	0.00336	0.00326	0.00084	0.00384	0.00286	0.00219	0.48003
10	0.19293	0.10989	0.23512	0.00997	0.02997	0.04722	0.14504	0.01198	0.00788	0.05345	0.00666	0.00812	0.00516	0.00398	0.00457	0.00122	0.11683	0.00298	0.00202	0.00499
11	0.00657	0.00376	0.00435	0.00428	0.00465	0.00379	0.00279	0.02729	0.00658	0.00996	0.01093	0.01807	0.01074	0.36549	0.01251	0.20261	0.00300	0.00435	0.29559	0.00270
12	0.01458	0.01074	0.01151	0.00882	0.01189	0.01189	0.00729	0.82855	0.01803	0.02416	0.00921	0.00921	0.00652	0.00460	0.00384	0.00115	0.00422	0.00345	0.00384	0.00652
13	0.00549	0.00405	0.00589	0.00589	0.00648	0.00465	0.00446	0.00667	0.00608	0.00870	0.01052	0.01642	0.01018	0.14231	0.73731	0.00583	0.00938	0.00431	0.00209	0.00327
14	0.01240	0.00546	0.00736	0.00601	0.00813	0.00481	0.00481	0.01402	0.01092	0.50634	0.35097	0.01940	0.02037	0.00601	0.00413	0.00119	0.00267	0.00511	0.00453	0.00534
15	0.01458	0.01074	0.01151	0.00882	0.01189	0.01189	0.00729	0.82855	0.01803	0.02416	0.00921	0.00921	0.00652	0.00460	0.00384	0.00115	0.00422	0.00345	0.00384	0.00652
16	0.00558	0.00372	0.00418	0.00418	0.00418	0.00372	0.00232	0.00558	0.00558	0.00743	0.01208	0.02509	0.01394	0.86525	0.01952	0.00372	0.00372	0.00558	0.00232	0.00232
17	0.00769	0.01983	0.84538	0.01093	0.01659	0.00890	0.01417	0.01214	0.00810	0.01214	0.00688	0.00810	0.00486	0.00364	0.00364	0.00121	0.00567	0.00283	0.00162	0.00567
18	0.01044	0.00846	0.00894	0.00774	0.01002	0.00965	0.00611	0.18919	0.60979	0.01763	0.01406	0.01323	0.01050	0.00503	0.00381	0.00124	0.00320	0.00410	0.06085	0.00600
19	0.01411	0.01783	0.01077	0.00979	0.01177	0.81261	0.00735	0.01553	0.04737	0.00968	0.00636	0.00724	0.00524	0.00401	0.00348	0.00100	0.00674	0.00255	0.00206	0.00452
20	0.00575	0.00448	0.00656	0.00590	0.00707	0.00415	0.07700	0.00740	0.00970	0.02730	0.48227	0.12693	0.14622	0.00922	0.04600	0.00152	0.00276	0.02237	0.00373	0.00368
21	0.01013	0.04109	0.00964	0.02596	0.01040	0.04992	0.02219	0.17339	0.01027	0.05990	0.00792	0.02396	0.00634	0.00356	0.00320	0.00080	0.00351	0.00282	0.00268	0.53231
22	0.10291	0.00714	0.02814	0.02176	0.03575	0.00692	0.23631	0.02315	0.04486	0.06850	0.13310	0.14195	0.03323	0.02271	0.00473	0.00135	0.03156	0.02069	0.03073	0.00449
23	0.06592	0.03552	0.03791	0.05661	0.07889	0.05082	0.02705	0.15054	0.17414	0.02814	0.05218	0.08924	0.01076	0.04373	0.00444	0.00130	0.00371	0.00436	0.04436	0.04038

[dist]
# distance from previous block
# <min> <max>
2	19

[block]
# block no. 12 follows, 71 sequences, length 27
# corresponding to MSA columns:
# 755-781
name=unknown_M
#
# <colnr> <probs for GDERKNQSTAVLIFYWHMCP>
#	G	D	E	R	K	N	Q	S	T	A	V	L	I	F	Y	W	H	M	C	P
0	0.02122	0.09372	0.02682	0.05210	0.06649	0.05442	0.02059	0.08840	0.08671	0.11310	0.05690	0.05986	0.06486	0.02563	0.06361	0.00159	0.04258	0.01707	0.02181	0.02254
1	0.03000	0.30935	0.23542	0.00994	0.04670	0.02761	0.11199	0.08084	0.06581	0.03019	0.00737	0.00832	0.00574	0.00370	0.00343	0.00108	0.01202	0.00296	0.00211	0.00541
2	0.00544	0.00434	0.00608	0.00583	0.00679	0.00406	0.06211	0.00718	0.04697	0.01220	0.29533	0.36182	0.14845	0.00934	0.00464	0.00137	0.00238	0.00840	0.00368	0.00358
