[name]
unknown

[dist]
# distance from previous block
# <min> <max>
1	248

[block]
# block no. 0 follows, 80 sequences, length 29
# corresponding to MSA columns:
# 354-382
name=unknown_A
#
# <colnr> <probs for GDERKNQSTAVLIFYWHMCP>
#	G	D	E	R	K	N	Q	S	T	A	V	L	I	F	Y	W	H	M	C	P
0	0.02694	0.03570	0.06967	0.00791	0.02333	0.00764	0.10691	0.17527	0.18045	0.08537	0.07538	0.02149	0.04698	0.00474	0.00361	0.00110	0.00347	0.05548	0.00300	0.06557
1	0.00533	0.08313	0.00586	0.00448	0.00565	0.00426	0.00348	0.00673	0.00893	0.01226	0.54483	0.07183	0.14736	0.01751	0.00403	0.00109	0.00196	0.00597	0.00337	0.06194
2	0.00820	0.00642	0.00749	0.00549	0.00848	0.00520	0.00440	0.04958	0.05473	0.07219	0.00729	0.00794	0.00576	0.00290	0.00275	0.00062	0.00268	0.00233	0.00238	0.74318
3	0.13913	0.24909	0.37010	0.04570	0.02271	0.00955	0.04790	0.02300	0.00736	0.04736	0.00606	0.00704	0.00461	0.00326	0.00291	0.00101	0.00430	0.00243	0.00175	0.00474
4	0.00566	0.04265	0.05822	0.00590	0.04339	0.02142	0.00455	0.01530	0.03838	0.01199	0.43980	0.15647	0.07112	0.00811	0.05192	0.00139	0.01095	0.00602	0.00319	0.00358
5	0.00545	0.00386	0.00546	0.00539	0.00571	0.00440	0.00399	0.00586	0.00543	0.00761	0.00940	0.05622	0.00967	0.17067	0.38540	0.18675	0.08453	0.03960	0.00193	0.00267
6	0.00722	0.00672	0.04438	0.00538	0.00857	0.00480	0.00452	0.00888	0.00724	0.01136	0.00620	0.00724	0.00514	0.00262	0.00262	0.00054	0.00270	0.00209	0.00204	0.85976
7	0.00802	0.01019	0.13981	0.02783	0.03601	0.11247	0.26256	0.01011	0.00757	0.01016	0.00768	0.02603	0.03559	0.04540	0.00520	0.00118	0.11372	0.00344	0.00183	0.13519
8	0.00478	0.00345	0.00444	0.00457	0.00519	0.00322	0.00333	0.00596	0.00834	0.01143	0.43680	0.24059	0.08522	0.08735	0.00550	0.00144	0.00204	0.07987	0.00344	0.00304
9	0.00585	0.00468	0.00576	0.00519	0.00687	0.00386	0.00398	0.00705	0.00717	0.01030	0.01341	0.32453	0.03655	0.00675	0.00361	0.00101	0.00245	0.12291	0.00268	0.42536
10	0.01006	0.00462	0.00613	0.00531	0.00695	0.00410	0.00416	0.01135	0.00914	0.42201	0.20970	0.16255	0.05790	0.00642	0.00382	0.00115	0.00239	0.02477	0.04299	0.00448
11	0.00426	0.00337	0.00383	0.00408	0.00489	0.00294	0.00292	0.00513	0.00773	0.00974	0.11807	0.32033	0.48165	0.00937	0.00424	0.00125	0.00184	0.00812	0.00330	0.00294
12	0.01122	0.00620	0.00769	0.00582	0.00863	0.00524	0.00472	0.01344	0.08540	0.39919	0.01039	0.00989	0.00726	0.00357	0.00310	0.00084	0.00278	0.00290	0.00323	0.40850
13	0.00470	0.00372	0.00429	0.00443	0.00544	0.00337	0.00347	0.00608	0.03034	0.01055	0.17541	0.07643	0.47614	0.00870	0.00426	0.00126	0.00208	0.17287	0.00335	0.00312
14	0.01179	0.00918	0.01028	0.03145	0.17363	0.11657	0.00707	0.29399	0.10820	0.15799	0.00936	0.02758	0.00699	0.00414	0.00358	0.00106	0.01538	0.00332	0.00300	0.00543
15	0.03262	0.15922	0.01233	0.49197	0.14954	0.04629	0.01685	0.02553	0.00742	0.00961	0.00598	0.00829	0.00476	0.00337	0.00330	0.00106	0.01310	0.00283	0.00163	0.00429
16	0.00863	0.00906	0.01006	0.46349	0.04721	0.22666	0.00822	0.04679	0.01959	0.00962	0.00629	0.00856	0.00498	0.00457	0.04051	0.00126	0.03325	0.00287	0.00177	0.04663
17	0.00715	0.00613	0.00714	0.00513	0.00818	0.00461	0.00410	0.00869	0.00725	0.01132	0.00696	0.00792	0.02716	0.00275	0.00262	0.00053	0.00256	0.00220	0.00210	0.87551
18	0.00471	0.00341	0.00440	0.00463	0.00517	0.00313	0.00320	0.00565	0.00759	0.01048	0.28582	0.47680	0.02430	0.08782	0.00545	0.00144	0.00206	0.00788	0.00327	0.05277
19	0.00492	0.00335	0.00401	0.00415	0.00425	0.00338	0.00252	0.00514	0.00540	0.00726	0.01228	0.17045	0.01413	0.64872	0.09268	0.00324	0.00369	0.00580	0.00229	0.00233
20	0.00724	0.00620	0.00724	0.00517	0.00827	0.00465	0.00413	0.00879	0.00724	0.01137	0.00620	0.00724	0.00517	0.00258	0.00258	0.00052	0.00258	0.00207	0.00207	0.89871
21	0.54977	0.00650	0.00713	0.26566	0.05310	0.00761	0.00587	0.00964	0.00638	0.01312	0.00597	0.04495	0.00497	0.00364	0.00272	0.00112	0.00333	0.00266	0.00200	0.00385
22	0.00607	0.00377	0.00467	0.05231	0.00558	0.00381	0.00298	0.00642	0.00573	0.08425	0.01128	0.06115	0.01216	0.66365	0.05946	0.00307	0.00366	0.00498	0.00232	0.00265
23	0.00534	0.00431	0.00537	0.00512	0.00613	0.00449	0.00396	0.00724	0.08330	0.00979	0.08884	0.02115	0.25340	0.05534	0.30943	0.00284	0.04244	0.03577	0.00264	0.05312
24	0.00810	0.00764	0.01275	0.16072	0.64021	0.00794	0.00988	0.01037	0.03731	0.01084	0.00702	0.00969	0.00596	0.05188	0.00426	0.00119	0.00414	0.00325	0.00178	0.00506
25	0.00971	0.00541	0.00721	0.03694	0.04443	0.00532	0.00511	0.04709	0.00878	0.33469	0.05362	0.10608	0.16690	0.00634	0.00453	0.00120	0.08147	0.05680	0.00339	0.01499
26	0.00451	0.00346	0.00413	0.00415	0.00500	0.00308	0.00304	0.00568	0.00859	0.01137	0.39722	0.17630	0.34399	0.00844	0.00418	0.00118	0.00176	0.00734	0.00351	0.00308
27	0.00739	0.04875	0.34293	0.00790	0.01075	0.05528	0.00825	0.01151	0.18197	0.01168	0.14246	0.01287	0.03935	0.00477	0.00423	0.00114	0.08248	0.01926	0.00239	0.00461
28	0.00457	0.00358	0.00414	0.00404	0.00502	0.00318	0.00301	0.00591	0.02062	0.01157	0.40988	0.06669	0.42909	0.00809	0.00413	0.00115	0.00174	0.00694	0.00352	0.00314

[dist]
# distance from previous block
# <min> <max>
0	1

[block]
# block no. 1 follows, 80 sequences, length 14
# corresponding to MSA columns:
# 384-397
name=unknown_B
#
# <colnr> <probs for GDERKNQSTAVLIFYWHMCP>
#	G	D	E	R	K	N	Q	S	T	A	V	L	I	F	Y	W	H	M	C	P
0	0.00928	0.00809	0.01054	0.17589	0.23457	0.03962	0.00789	0.21234	0.18537	0.01386	0.00894	0.03479	0.00710	0.00475	0.03055	0.00124	0.00406	0.00348	0.00255	0.00510
1	0.01030	0.51848	0.04310	0.00714	0.00969	0.26695	0.00645	0.03607	0.00812	0.00881	0.00529	0.00624	0.00465	0.00397	0.02778	0.00097	0.02784	0.00213	0.00165	0.00436
2	0.00759	0.04948	0.06237	0.05310	0.19685	0.00641	0.02691	0.00962	0.02287	0.01120	0.02682	0.00819	0.00591	0.00297	0.00294	0.00075	0.00331	0.00256	0.00196	0.49818
3	0.01859	0.02864	0.14583	0.11535	0.06076	0.16898	0.02649	0.06515	0.03973	0.15018	0.01774	0.03625	0.05406	0.00430	0.00353	0.00107	0.01444	0.01522	0.00246	0.03123
4	0.00464	0.00336	0.00439	0.00455	0.00514	0.00310	0.00325	0.00586	0.00857	0.01186	0.50256	0.35923	0.05310	0.00867	0.00425	0.00123	0.00180	0.00776	0.00359	0.00310
5	0.03978	0.00438	0.00537	0.00561	0.04098	0.00414	0.00429	0.02015	0.02500	0.09077	0.12511	0.02884	0.31760	0.00770	0.00409	0.00126	0.00245	0.24052	0.02836	0.00359
6	0.00952	0.16200	0.20865	0.05278	0.20458	0.03421	0.06383	0.02705	0.02346	0.14792	0.01834	0.00902	0.00613	0.00353	0.00328	0.00103	0.00425	0.01316	0.00215	0.00510
7	0.01021	0.00501	0.00630	0.00557	0.00716	0.02186	0.00428	0.05130	0.00893	0.39725	0.05191	0.31941	0.03716	0.00687	0.00382	0.00118	0.00259	0.00595	0.04876	0.00447
8	0.00424	0.00342	0.00378	0.00394	0.00485	0.00296	0.00286	0.00515	0.00787	0.00981	0.12257	0.23128	0.56676	0.00914	0.00420	0.00123	0.00181	0.00785	0.00331	0.00296
9	0.00762	0.02529	0.01139	0.39527	0.17878	0.05065	0.09109	0.01003	0.04525	0.02769	0.00772	0.04913	0.00640	0.00488	0.04500	0.00133	0.00463	0.00353	0.03000	0.00431
10	0.03529	0.11128	0.29352	0.32642	0.01652	0.00860	0.02266	0.01017	0.04764	0.01004	0.00681	0.03962	0.00549	0.00382	0.00369	0.00112	0.04813	0.00305	0.00170	0.00442
11	0.00705	0.00600	0.00931	0.03712	0.31376	0.00604	0.03360	0.06157	0.00832	0.01125	0.01373	0.13685	0.05365	0.00668	0.00410	0.00129	0.00349	0.27935	0.00261	0.00422
12	0.00512	0.00391	0.00529	0.00531	0.02036	0.00366	0.03854	0.01919	0.00839	0.01136	0.30636	0.20586	0.17428	0.03366	0.00460	0.00130	0.00225	0.11160	0.03574	0.00322
13	0.00892	0.11011	0.06140	0.25906	0.30841	0.06929	0.00912	0.05548	0.02571	0.05026	0.00675	0.00846	0.00529	0.00340	0.00330	0.00104	0.00435	0.00291	0.00189	0.00485

[dist]
# distance from previous block
# <min> <max>
0	2

[block]
# block no. 2 follows, 80 sequences, length 14
# corresponding to MSA columns:
# 400-413
name=unknown_C
#
# <colnr> <probs for GDERKNQSTAVLIFYWHMCP>
#	G	D	E	R	K	N	Q	S	T	A	V	L	I	F	Y	W	H	M	C	P
0	0.00556	0.00479	0.00734	0.32121	0.08264	0.00527	0.00631	0.00698	0.00705	0.00921	0.01478	0.35905	0.09854	0.00723	0.00412	0.00128	0.01812	0.03459	0.00247	0.00348
1	0.27912	0.00968	0.01002	0.08001	0.11308	0.22089	0.09681	0.04653	0.00833	0.09514	0.00656	0.00760	0.00497	0.00345	0.00307	0.00105	0.00435	0.00268	0.00219	0.00446
2	0.00821	0.00973	0.10212	0.01259	0.01592	0.00843	0.59317	0.08181	0.02819	0.01194	0.00839	0.03713	0.02626	0.00433	0.03414	0.00132	0.00547	0.00412	0.00201	0.00472
3	0.00736	0.00624	0.00726	0.00526	0.00826	0.00482	0.00420	0.03854	0.00755	0.01168	0.00667	0.03308	0.00573	0.00289	0.00267	0.00056	0.00261	0.00234	0.00215	0.84014
4	0.00499	0.00372	0.00550	0.00550	0.00609	0.00430	0.00423	0.00616	0.00558	0.00802	0.00944	0.01424	0.00895	0.07573	0.81431	0.00548	0.00900	0.00382	0.00188	0.00306
5	0.00699	0.00397	0.00490	0.00452	0.00566	0.00355	0.00335	0.00805	0.00837	0.19122	0.24288	0.12888	0.22879	0.11427	0.00566	0.00143	0.00222	0.00619	0.02554	0.00357
6	0.73623	0.00631	0.00526	0.00467	0.00669	0.00710	0.00380	0.01023	0.00668	0.06827	0.10971	0.00856	0.00766	0.00378	0.00248	0.00108	0.00259	0.00253	0.00250	0.00385
7	0.00848	0.00422	0.00544	0.00490	0.00626	0.00378	0.00375	0.00973	0.00881	0.29696	0.23174	0.19421	0.10664	0.00684	0.00382	0.00114	0.00218	0.00591	0.09114	0.00405
8	0.00507	0.00338	0.00381	0.00381	0.00381	0.00338	0.00211	0.00507	0.00507	0.00677	0.01099	0.02283	0.01268	0.87738	0.01776	0.00338	0.00338	0.00507	0.00211	0.00211
9	0.00505	0.00386	0.00522	0.00564	0.00597	0.00412	0.00423	0.00591	0.00687	0.00930	0.05804	0.48975	0.01998	0.06420	0.00621	0.00158	0.10911	0.18895	0.00298	0.00302
10	0.00625	0.00534	0.00834	0.08130	0.31987	0.00537	0.00638	0.00758	0.00735	0.01017	0.11496	0.27013	0.01497	0.11954	0.00569	0.00147	0.00315	0.00578	0.00247	0.00387
11	0.00822	0.00778	0.01320	0.16619	0.68706	0.00804	0.01028	0.01032	0.00776	0.01102	0.00665	0.00888	0.00548	0.00320	0.00343	0.00105	0.00416	0.00311	0.02899	0.00517
12	0.00977	0.57483	0.08916	0.00728	0.02961	0.16644	0.00678	0.03072	0.02561	0.00906	0.00563	0.02066	0.00497	0.00332	0.00262	0.00084	0.00428	0.00223	0.00167	0.00451
13	0.00860	0.23641	0.22749	0.02821	0.02440	0.00940	0.03740	0.15269	0.08052	0.01209	0.00895	0.01019	0.05530	0.05859	0.00405	0.00114	0.00396	0.00310	0.00218	0.03532

[dist]
# distance from previous block
# <min> <max>
2	6

[block]
# block no. 3 follows, 80 sequences, length 7
# corresponding to MSA columns:
# 420-426
name=unknown_D
#
# <colnr> <probs for GDERKNQSTAVLIFYWHMCP>
#	G	D	E	R	K	N	Q	S	T	A	V	L	I	F	Y	W	H	M	C	P
0	0.05219	0.05878	0.07979	0.02997	0.10433	0.08491	0.02291	0.24591	0.10999	0.09986	0.02355	0.04028	0.02363	0.00425	0.00339	0.00106	0.00384	0.00341	0.00281	0.00514
1	0.00874	0.53690	0.22720	0.00766	0.01096	0.04642	0.04288	0.01064	0.00721	0.00907	0.00530	0.00636	0.00450	0.00329	0.00322	0.00091	0.06042	0.00223	0.00151	0.00460
2	0.00541	0.00412	0.00495	0.00465	0.00568	0.00397	0.00351	0.03699	0.08639	0.01336	0.57608	0.06474	0.16234	0.00726	0.00406	0.00113	0.00186	0.00632	0.00368	0.00351
3	0.00492	0.00365	0.00419	0.00410	0.00512	0.00323	0.00310	0.00605	0.00843	0.03916	0.28292	0.03024	0.46313	0.06443	0.00503	0.00132	0.00197	0.06251	0.00339	0.00312
4	0.00845	0.12581	0.27800	0.04391	0.06623	0.06325	0.07755	0.05182	0.15357	0.01151	0.02882	0.00891	0.00646	0.00381	0.00381	0.00108	0.05703	0.00303	0.00206	0.00490
5	0.01151	0.19285	0.01218	0.00943	0.11119	0.27603	0.00694	0.25689	0.06773	0.01317	0.00689	0.00749	0.00545	0.00366	0.00312	0.00095	0.00454	0.00265	0.00234	0.00497
6	0.00583	0.00455	0.00588	0.06656	0.05456	0.00444	0.00449	0.00789	0.10032	0.03817	0.05525	0.35983	0.15799	0.00781	0.00399	0.00122	0.00247	0.03765	0.00303	0.07807

[dist]
# distance from previous block
# <min> <max>
0	1

[block]
# block no. 4 follows, 80 sequences, length 18
# corresponding to MSA columns:
# 428-445
name=unknown_E
#
# <colnr> <probs for GDERKNQSTAVLIFYWHMCP>
#	G	D	E	R	K	N	Q	S	T	A	V	L	I	F	Y	W	H	M	C	P
0	0.02128	0.37048	0.06135	0.11598	0.03242	0.15462	0.00716	0.16640	0.02049	0.01134	0.00601	0.00697	0.00487	0.00342	0.00289	0.00092	0.00436	0.00242	0.00196	0.00467
1	0.00837	0.21805	0.38493	0.01040	0.12422	0.00941	0.06754	0.05796	0.00793	0.03425	0.00654	0.00806	0.00517	0.03836	0.00373	0.00110	0.00453	0.00274	0.00175	0.00496
2	0.00463	0.00352	0.00426	0.00415	0.00504	0.00315	0.00308	0.00597	0.00906	0.01221	0.53932	0.08293	0.29411	0.00792	0.00414	0.00114	0.00171	0.00688	0.00361	0.00315
3	0.00593	0.00515	0.00769	0.00702	0.00754	0.00650	0.03222	0.00707	0.00561	0.00829	0.00777	0.01165	0.00730	0.01909	0.56692	0.00418	0.28138	0.00353	0.00176	0.00339
4	0.00962	0.19485	0.12050	0.02610	0.07197	0.05277	0.04556	0.21430	0.03650	0.01295	0.00662	0.00759	0.00524	0.00359	0.00365	0.00096	0.06442	0.00268	0.00216	0.11797
5	0.00546	0.00437	0.00554	0.10183	0.00777	0.00444	0.00422	0.00810	0.11891	0.01251	0.46932	0.04380	0.17341	0.00684	0.00399	0.00115	0.00219	0.01918	0.00341	0.00358
6	0.80110	0.00633	0.00501	0.00462	0.00656	0.00727	0.00372	0.00965	0.00602	0.01490	0.00647	0.10340	0.00595	0.00410	0.00242	0.00112	0.00262	0.00279	0.00228	0.00367
7	0.00712	0.00552	0.00631	0.00575	0.00713	0.00587	0.00440	0.09162	0.30392	0.02690	0.35579	0.11517	0.03720	0.00643	0.00389	0.00116	0.00231	0.00556	0.00363	0.00431
8	0.00498	0.00351	0.00417	0.00420	0.00439	0.00352	0.00264	0.00532	0.00601	0.00809	0.10802	0.14989	0.06078	0.57425	0.01330	0.00265	0.03332	0.00598	0.00251	0.00246
9	0.06820	0.00549	0.00789	0.00626	0.00835	0.00506	0.09845	0.01243	0.00913	0.40880	0.19362	0.01442	0.01324	0.00467	0.00347	0.00106	0.00281	0.00404	0.12788	0.00472
10	0.00806	0.00945	0.06293	0.04257	0.06800	0.00897	0.60763	0.01069	0.00774	0.01073	0.00662	0.00901	0.00514	0.00342	0.00501	0.00121	0.12268	0.00380	0.00171	0.00463
11	0.00424	0.00348	0.00373	0.00379	0.00481	0.00298	0.00280	0.00519	0.00805	0.00994	0.13594	0.12724	0.65800	0.00886	0.00416	0.00119	0.00178	0.00752	0.00332	0.00298
12	0.04351	0.00831	0.02834	0.00965	0.10500	0.07189	0.09854	0.01296	0.32183	0.01181	0.01178	0.01230	0.08988	0.00482	0.00492	0.00120	0.15221	0.00381	0.00254	0.00470
13	0.03608	0.06510	0.26289	0.13545	0.04713	0.02031	0.00860	0.25074	0.01012	0.03597	0.04320	0.01009	0.05119	0.00404	0.00337	0.00107	0.00413	0.00320	0.00237	0.00493
14	0.00764	0.00499	0.00674	0.00628	0.00753	0.02683	0.04902	0.00940	0.04713	0.16616	0.12142	0.17712	0.03429	0.00818	0.03829	0.00147	0.03354	0.21822	0.03188	0.00387
15	0.04410	0.00638	0.00962	0.05572	0.00992	0.00712	0.16015	0.05330	0.07041	0.04376	0.04852	0.01369	0.00902	0.22904	0.05765	0.00204	0.16950	0.00400	0.00224	0.00381
16	0.04443	0.39149	0.04107	0.00638	0.00915	0.00962	0.04978	0.02274	0.08035	0.03601	0.00780	0.00868	0.03904	0.02605	0.00328	0.00090	0.02080	0.00263	0.00204	0.19777
17	0.02608	0.05261	0.00800	0.00674	0.01755	0.05823	0.04168	0.16141	0.05257	0.04977	0.07114	0.18140	0.02495	0.03604	0.02393	0.00137	0.00339	0.14467	0.00299	0.03546

[dist]
# distance from previous block
# <min> <max>
0	28

[block]
# block no. 5 follows, 80 sequences, length 13
# corresponding to MSA columns:
# 474-486
name=unknown_F
#
# <colnr> <probs for GDERKNQSTAVLIFYWHMCP>
#	G	D	E	R	K	N	Q	S	T	A	V	L	I	F	Y	W	H	M	C	P
0	0.00772	0.00804	0.08538	0.33658	0.01498	0.05779	0.01747	0.02493	0.24296	0.01139	0.02166	0.01055	0.00720	0.00406	0.00370	0.00112	0.03969	0.00331	0.09702	0.00443
1	0.00831	0.09708	0.00718	0.00577	0.00721	0.00511	0.00480	0.00974	0.02382	0.22690	0.06525	0.18322	0.04400	0.00745	0.00401	0.00128	0.00281	0.27318	0.01888	0.00401
2	0.00502	0.09622	0.00563	0.00442	0.00540	0.00420	0.00336	0.00612	0.00819	0.01076	0.32360	0.22776	0.25023	0.02812	0.00431	0.00121	0.00203	0.00696	0.00325	0.00319
3	0.05744	0.00361	0.00433	0.00439	0.00505	0.00344	0.00309	0.00611	0.00777	0.02746	0.33294	0.26762	0.10386	0.14968	0.00631	0.00157	0.00214	0.00693	0.00324	0.00302
4	0.00616	0.00515	0.00805	0.00704	0.00836	0.00529	0.14312	0.05832	0.03616	0.01032	0.04205	0.03484	0.10091	0.08066	0.29416	0.00290	0.00553	0.14494	0.00249	0.00355
5	0.18575	0.00694	0.06622	0.00557	0.00819	0.00591	0.00481	0.02333	0.09679	0.13298	0.01056	0.01068	0.07743	0.00385	0.00292	0.00090	0.00277	0.00298	0.03960	0.31184
6	0.00666	0.00733	0.09102	0.00796	0.00857	0.00824	0.00689	0.00775	0.00575	0.00862	0.00768	0.13268	0.00805	0.04499	0.11477	0.00205	0.52135	0.00415	0.00183	0.00365
7	0.00721	0.00870	0.11917	0.50309	0.06687	0.09798	0.02321	0.00945	0.00745	0.00935	0.00871	0.01088	0.07619	0.00465	0.03190	0.00127	0.00479	0.00334	0.00173	0.00406
8	0.00663	0.09833	0.01048	0.64449	0.01962	0.00780	0.00840	0.00869	0.00708	0.00913	0.06565	0.01045	0.00695	0.00560	0.07567	0.00149	0.00474	0.00325	0.00173	0.00383
9	0.00504	0.00487	0.06418	0.03085	0.00636	0.00372	0.00377	0.00630	0.00767	0.01016	0.10950	0.06099	0.43867	0.08024	0.00494	0.00127	0.00231	0.00590	0.05524	0.09801
10	0.00763	0.00720	0.02137	0.21391	0.35115	0.00793	0.04261	0.00936	0.00707	0.02619	0.01909	0.03017	0.00660	0.07744	0.00611	0.00137	0.15506	0.00351	0.00180	0.00443
11	0.00517	0.00414	0.00494	0.00574	0.06477	0.02983	0.00378	0.00604	0.00739	0.02454	0.04841	0.34613	0.29005	0.08196	0.00535	0.00146	0.00242	0.06171	0.00303	0.00313
12	0.03522	0.09317	0.07418	0.09895	0.02211	0.05671	0.09836	0.07451	0.11508	0.01829	0.07466	0.13992	0.03832	0.00530	0.00368	0.00114	0.01187	0.02363	0.01063	0.00428

[dist]
# distance from previous block
# <min> <max>
7	116

[block]
# block no. 6 follows, 80 sequences, length 6
# corresponding to MSA columns:
# 644-649
name=unknown_G
#
# <colnr> <probs for GDERKNQSTAVLIFYWHMCP>
#	G	D	E	R	K	N	Q	S	T	A	V	L	I	F	Y	W	H	M	C	P
0	0.00825	0.00797	0.08909	0.00733	0.04427	0.04692	0.02787	0.07603	0.21317	0.05796	0.04443	0.08894	0.06200	0.00524	0.02013	0.00111	0.00331	0.00406	0.00281	0.18913
1	0.05524	0.05523	0.11726	0.00953	0.12589	0.00831	0.05418	0.18514	0.08262	0.10522	0.03012	0.03486	0.00747	0.03165	0.00420	0.00115	0.04465	0.00339	0.00263	0.04124
2	0.00769	0.04507	0.08367	0.04636	0.04280	0.03767	0.05087	0.05247	0.08160	0.06683	0.03448	0.09726	0.03433	0.16976	0.02476	0.00158	0.00363	0.00427	0.00248	0.11243
3	0.06037	0.03977	0.05833	0.00694	0.04595	0.00589	0.05358	0.08257	0.05742	0.07330	0.05226	0.27828	0.03252	0.04595	0.00430	0.00123	0.00300	0.00544	0.00283	0.09008
4	0.00863	0.07531	0.06521	0.05044	0.16004	0.03588	0.04961	0.11462	0.05797	0.04893	0.04019	0.06457	0.03195	0.03002	0.00400	0.00108	0.02608	0.00365	0.00240	0.12942
5	0.04220	0.05582	0.05236	0.04159	0.09891	0.06474	0.07537	0.11161	0.12941	0.07071	0.00989	0.04941	0.04293	0.00412	0.00334	0.00100	0.00368	0.00348	0.00255	0.13687

[dist]
# distance from previous block
# <min> <max>
0	2

[block]
# block no. 7 follows, 80 sequences, length 18
# corresponding to MSA columns:
# 652-669
name=unknown_H
#
# <colnr> <probs for GDERKNQSTAVLIFYWHMCP>
#	G	D	E	R	K	N	Q	S	T	A	V	L	I	F	Y	W	H	M	C	P
0	0.03177	0.03951	0.09973	0.03369	0.07490	0.02096	0.08696	0.05456	0.04975	0.02134	0.00816	0.03928	0.00724	0.05693	0.21671	0.01045	0.08216	0.00352	0.00203	0.06034
1	0.15677	0.05672	0.08957	0.00834	0.06903	0.12809	0.08926	0.02099	0.00789	0.08762	0.00660	0.00751	0.00509	0.00320	0.00303	0.00090	0.01210	0.00253	0.00212	0.24264
2	0.00473	0.00351	0.00438	0.00426	0.00507	0.00319	0.00314	0.00610	0.00911	0.01251	0.60676	0.10195	0.18412	0.03015	0.00450	0.00120	0.00175	0.00679	0.00363	0.00316
3	0.00881	0.00659	0.00737	0.00648	0.00809	0.00709	0.00500	0.38305	0.10572	0.01560	0.04149	0.34060	0.03508	0.00703	0.00390	0.00121	0.00290	0.00603	0.00341	0.00454
4	0.00507	0.00377	0.00493	0.00545	0.00614	0.00372	0.00429	0.00665	0.04724	0.01011	0.07513	0.30130	0.11316	0.01070	0.06329	0.00172	0.00297	0.32801	0.00319	0.00317
5	0.07613	0.00454	0.00565	0.00492	0.00639	0.00425	0.00385	0.00988	0.02976	0.24103	0.50536	0.02072	0.06132	0.00610	0.00379	0.00110	0.00211	0.00521	0.00381	0.00408
6	0.02424	0.03287	0.27235	0.08773	0.06534	0.30059	0.02772	0.01223	0.05810	0.03711	0.04444	0.00854	0.00632	0.00368	0.00331	0.00103	0.00501	0.00283	0.00194	0.00460
7	0.00571	0.00434	0.00519	0.00481	0.00585	0.00431	0.00362	0.03755	0.13043	0.01361	0.59160	0.02404	0.09709	0.05080	0.00470	0.00123	0.00198	0.00588	0.00365	0.00362
8	0.00875	0.06180	0.47663	0.00958	0.04754	0.00877	0.04727	0.19300	0.02918	0.03249	0.03505	0.02053	0.00627	0.00375	0.00339	0.00108	0.00452	0.00303	0.00215	0.00522
9	0.01217	0.07129	0.01067	0.00881	0.01076	0.70340	0.04381	0.03194	0.00962	0.00902	0.00596	0.03388	0.00516	0.00375	0.00317	0.00091	0.00583	0.00256	0.00187	0.02544
10	0.00478	0.00356	0.00459	0.00473	0.00528	0.00347	0.00343	0.00574	0.00785	0.01067	0.32248	0.33464	0.13328	0.03548	0.00538	0.03289	0.04587	0.02959	0.00328	0.00301
11	0.00852	0.00785	0.10665	0.00908	0.13048	0.03698	0.05464	0.04527	0.09041	0.13268	0.15283	0.07446	0.03738	0.00516	0.00378	0.00111	0.01300	0.03677	0.00290	0.05007
12	0.00891	0.27108	0.12006	0.00787	0.00994	0.04047	0.02278	0.03999	0.03670	0.06812	0.00705	0.02285	0.02588	0.00458	0.00582	0.00114	0.29747	0.00291	0.00193	0.00445
13	0.00775	0.07157	0.46300	0.00984	0.07403	0.04516	0.07210	0.01061	0.00761	0.04940	0.00792	0.09897	0.00677	0.00407	0.00339	0.00107	0.00451	0.00345	0.00188	0.05690
14	0.00803	0.05822	0.09491	0.00802	0.10229	0.00643	0.03802	0.05428	0.02324	0.03951	0.01590	0.02067	0.02162	0.00321	0.00296	0.00076	0.00326	0.00269	0.00216	0.49383
15	0.00517	0.00385	0.00496	0.00482	0.00516	0.00421	0.00338	0.00583	0.00590	0.00816	0.09256	0.01980	0.06408	0.40915	0.27836	0.00358	0.07134	0.00476	0.00223	0.00272
16	0.00869	0.39775	0.10203	0.04626	0.12445	0.02984	0.07670	0.04112	0.03203	0.01024	0.01973	0.00789	0.01931	0.00329	0.00291	0.00090	0.00404	0.00263	0.00179	0.06841
17	0.00748	0.00758	0.04897	0.15320	0.27960	0.02307	0.08366	0.01953	0.05366	0.01127	0.11985	0.01257	0.04250	0.00428	0.00406	0.00110	0.05392	0.01679	0.00218	0.05472

[dist]
# distance from previous block
# <min> <max>
2	4

[block]
# block no. 8 follows, 80 sequences, length 7
# corresponding to MSA columns:
# 674-680
name=unknown_I
#
# <colnr> <probs for GDERKNQSTAVLIFYWHMCP>
#	G	D	E	R	K	N	Q	S	T	A	V	L	I	F	Y	W	H	M	C	P
0	0.00657	0.02954	0.40612	0.00767	0.01070	0.00679	0.00843	0.01033	0.11843	0.01167	0.16949	0.01515	0.05580	0.00605	0.04499	0.00137	0.03161	0.05242	0.00241	0.00447
1	0.00469	0.00378	0.00422	0.00425	0.00531	0.00344	0.00324	0.00630	0.05958	0.01063	0.18179	0.09594	0.51835	0.00850	0.00417	0.00122	0.00195	0.07610	0.00337	0.00318
2	0.00882	0.00919	0.01269	0.23357	0.40402	0.15048	0.06985	0.01118	0.04686	0.01042	0.00666	0.00867	0.00535	0.00335	0.00346	0.00106	0.00469	0.00308	0.00178	0.00480
3	0.01274	0.00602	0.00791	0.06321	0.00954	0.00576	0.00531	0.06641	0.09460	0.54962	0.12806	0.01355	0.01174	0.00468	0.00359	0.00110	0.00293	0.00389	0.00394	0.00540
4	0.00532	0.00415	0.00572	0.00560	0.00637	0.00408	0.05769	0.00731	0.11005	0.01051	0.17253	0.42492	0.05217	0.05244	0.00534	0.04221	0.00242	0.02472	0.00316	0.00328
5	0.00792	0.00662	0.00687	0.00638	0.00797	0.06174	0.00504	0.04031	0.40622	0.04447	0.13015	0.02034	0.10239	0.00613	0.00385	0.00121	0.00285	0.13158	0.00342	0.00453
6	0.01123	0.00995	0.03884	0.04824	0.05757	0.17698	0.08704	0.22870	0.06635	0.12767	0.00885	0.01029	0.00677	0.00405	0.00349	0.00104	0.00432	0.04310	0.00275	0.06277

[dist]
# distance from previous block
# <min> <max>
11	50

[block]
# block no. 9 follows, 80 sequences, length 6
# corresponding to MSA columns:
# 739-744
name=unknown_J
#
# <colnr> <probs for GDERKNQSTAVLIFYWHMCP>
#	G	D	E	R	K	N	Q	S	T	A	V	L	I	F	Y	W	H	M	C	P
0	0.01034	0.08461	0.06278	0.13275	0.15045	0.37184	0.03168	0.01196	0.00857	0.04150	0.00612	0.00746	0.00490	0.00338	0.00319	0.00095	0.00507	0.00259	0.00182	0.05805
1	0.00470	0.00351	0.00438	0.00438	0.00519	0.00319	0.00327	0.00604	0.00892	0.01211	0.51552	0.14190	0.21237	0.00815	0.00420	0.00119	0.00181	0.05240	0.00359	0.00315
2	0.02797	0.00485	0.00572	0.00533	0.00638	0.00501	0.00405	0.14460	0.04060	0.03096	0.19611	0.08458	0.06160	0.19873	0.05852	0.00196	0.00318	0.11321	0.00309	0.00355
3	0.00948	0.39991	0.20217	0.00820	0.01161	0.04574	0.09765	0.11156	0.03832	0.03573	0.00643	0.00720	0.00507	0.00332	0.00295	0.00094	0.00434	0.00256	0.00193	0.00489
4	0.00908	0.22318	0.31496	0.07841	0.01257	0.20408	0.00874	0.03937	0.00814	0.01010	0.00609	0.00722	0.00479	0.00339	0.00299	0.00096	0.00478	0.00243	0.05416	0.00455
5	0.00806	0.00618	0.00732	0.00527	0.00833	0.00470	0.00423	0.00959	0.00750	0.09383	0.00694	0.00769	0.00551	0.00275	0.00267	0.00057	0.00262	0.00221	0.00229	0.81176

[dist]
# distance from previous block
# <min> <max>
2	46

[block]
# block no. 10 follows, 80 sequences, length 9
# corresponding to MSA columns:
# 792-800
name=unknown_K
#
# <colnr> <probs for GDERKNQSTAVLIFYWHMCP>
#	G	D	E	R	K	N	Q	S	T	A	V	L	I	F	Y	W	H	M	C	P
0	0.00532	0.00391	0.00470	0.00496	0.00560	0.00380	0.00350	0.09592	0.00786	0.01029	0.01996	0.54759	0.15454	0.08006	0.00539	0.00150	0.00233	0.03647	0.00317	0.00314
1	0.01273	0.00613	0.00748	0.00594	0.00811	0.00592	0.00476	0.19525	0.01049	0.46667	0.01196	0.01245	0.00853	0.09887	0.00490	0.00129	0.00302	0.00356	0.12679	0.00515
2	0.00974	0.64435	0.01582	0.00622	0.00918	0.01233	0.00588	0.14492	0.00861	0.01078	0.00557	0.00622	0.00479	0.00314	0.00248	0.00077	0.00362	0.00209	0.00188	0.10162
3	0.00655	0.00378	0.00479	0.00475	0.00543	0.00354	0.00333	0.00727	0.00716	0.14603	0.10643	0.25825	0.04510	0.30578	0.00884	0.00201	0.00269	0.07200	0.00309	0.00317
4	0.26862	0.00638	0.00682	0.00562	0.00774	0.00662	0.00456	0.18435	0.01001	0.23230	0.16880	0.01330	0.06129	0.00477	0.00327	0.00108	0.00275	0.00372	0.00337	0.00464
5	0.13637	0.00630	0.00766	0.00613	0.00864	0.00607	0.00501	0.01632	0.14502	0.60598	0.01261	0.01121	0.00829	0.00424	0.00333	0.00110	0.00290	0.00336	0.00390	0.00557
6	0.01262	0.00638	0.00790	0.00641	0.00864	0.00622	0.00515	0.20874	0.05289	0.46032	0.03567	0.15094	0.01108	0.00545	0.00368	0.00113	0.00298	0.00455	0.00390	0.00534
7	0.00499	0.00384	0.00504	0.00585	0.05575	0.00372	0.00384	0.00665	0.07574	0.01051	0.17653	0.54108	0.07490	0.00912	0.00424	0.00130	0.00212	0.00819	0.00329	0.00330
8	0.00867	0.00665	0.00790	0.14568	0.01077	0.00735	0.00576	0.19425	0.26478	0.05742	0.15229	0.01517	0.08058	0.00511	0.00364	0.00112	0.00303	0.00427	0.02081	0.00474

[dist]
# distance from previous block
# <min> <max>
3	16

[block]
# block no. 11 follows, 80 sequences, length 64
# corresponding to MSA columns:
# 818-881
name=unknown_L
#
# <colnr> <probs for GDERKNQSTAVLIFYWHMCP>
#	G	D	E	R	K	N	Q	S	T	A	V	L	I	F	Y	W	H	M	C	P
0	0.00836	0.00942	0.02035	0.01455	0.01806	0.00887	0.82289	0.03114	0.00843	0.01144	0.00709	0.00939	0.00531	0.00297	0.00410	0.00117	0.00583	0.00409	0.00181	0.00474
1	0.00913	0.23039	0.37064	0.02962	0.02952	0.04228	0.08546	0.03167	0.00801	0.11379	0.00703	0.01539	0.00526	0.00342	0.00316	0.00101	0.00455	0.00274	0.00194	0.00497
2	0.00487	0.00368	0.00434	0.00422	0.00523	0.00332	0.00319	0.00635	0.02902	0.02641	0.41912	0.06187	0.37119	0.00797	0.00413	0.00116	0.00181	0.03534	0.00355	0.00323
3	0.00436	0.00313	0.00416	0.00495	0.00523	0.00293	0.00342	0.00505	0.00682	0.00904	0.01956	0.78782	0.04305	0.01078	0.00447	0.00143	0.00211	0.07559	0.00324	0.00287
4	0.02223	0.08582	0.61270	0.00901	0.01335	0.04047	0.01078	0.05237	0.03908	0.05085	0.00715	0.02843	0.00537	0.00362	0.00326	0.00107	0.00471	0.00279	0.00185	0.00507
5	0.00949	0.01185	0.33809	0.02885	0.01196	0.00851	0.00858	0.24716	0.17134	0.06184	0.00942	0.00964	0.01779	0.00400	0.00339	0.00109	0.00398	0.00316	0.04449	0.00534
6	0.00696	0.00598	0.03988	0.04383	0.00868	0.00591	0.03753	0.13059	0.16283	0.01236	0.02640	0.30514	0.05240	0.00754	0.00409	0.00130	0.00298	0.13839	0.00314	0.00406
7	0.02010	0.28899	0.03248	0.00762	0.00984	0.47108	0.00634	0.03578	0.00906	0.00937	0.06669	0.00759	0.00658	0.00366	0.00293	0.00087	0.00498	0.00245	0.00190	0.01169
8	0.00441	0.00352	0.00395	0.00389	0.00490	0.00306	0.00290	0.00555	0.00856	0.01098	0.31756	0.06646	0.53528	0.00834	0.00413	0.00116	0.00174	0.00711	0.00345	0.00306
9	0.02252	0.02945	0.53096	0.04284	0.01324	0.01406	0.01640	0.04686	0.01392	0.01148	0.00658	0.02410	0.00506	0.00337	0.00323	0.00098	0.01151	0.00265	0.00176	0.19901
10	0.00851	0.05656	0.16622	0.01329	0.30175	0.03554	0.09597	0.01258	0.19298	0.02844	0.00875	0.00973	0.02260	0.00371	0.00368	0.00109	0.02797	0.00330	0.00215	0.00518
11	0.00682	0.00644	0.01088	0.77341	0.11781	0.00781	0.00980	0.00912	0.00709	0.00919	0.00624	0.00923	0.00475	0.00345	0.00348	0.00115	0.00459	0.00310	0.00157	0.00406
12	0.00432	0.00309	0.00413	0.00494	0.00517	0.00289	0.00336	0.00498	0.00675	0.00898	0.01919	0.83277	0.02293	0.01087	0.00447	0.00143	0.00208	0.05156	0.00324	0.00285
13	0.00782	0.01014	0.23973	0.05962	0.08691	0.03010	0.11475	0.12777	0.00861	0.01190	0.01894	0.06476	0.00774	0.02432	0.09812	0.00167	0.01568	0.04068	0.00212	0.02864
14	0.00673	0.00606	0.00985	0.11977	0.42664	0.00617	0.00776	0.00831	0.00742	0.01019	0.01192	0.28984	0.04081	0.00605	0.00384	0.00119	0.00342	0.02745	0.00228	0.00430
15	0.03383	0.00738	0.00889	0.00685	0.00956	0.00732	0.00565	0.31680	0.02827	0.52048	0.01163	0.01049	0.00759	0.00426	0.00347	0.00107	0.00327	0.00335	0.00396	0.00588
16	0.00428	0.00305	0.00404	0.00482	0.00501	0.00285	0.00320	0.00487	0.00662	0.00883	0.01892	0.84319	0.02269	0.04337	0.00495	0.00149	0.00208	0.00974	0.00320	0.00281
17	0.03100	0.00815	0.15559	0.00744	0.00977	0.00649	0.10041	0.14671	0.06419	0.06350	0.14286	0.14778	0.06069	0.01973	0.01857	0.00127	0.00349	0.00502	0.00292	0.00441
18	0.00454	0.00324	0.00417	0.00457	0.00501	0.00301	0.00316	0.00547	0.00762	0.01044	0.26430	0.52786	0.06362	0.04698	0.00486	0.00138	0.00195	0.00836	0.02651	0.00295
19	0.00426	0.00312	0.00401	0.00467	0.00502	0.00287	0.00317	0.00495	0.00697	0.00918	0.05546	0.73232	0.13017	0.01051	0.00440	0.00137	0.00198	0.00944	0.00326	0.00287
20	0.00851	0.00883	0.04776	0.01998	0.69976	0.00836	0.13342	0.01079	0.00797	0.01135	0.00662	0.00870	0.00545	0.00309	0.00355	0.00106	0.00444	0.00324	0.00172	0.00539
21	0.00786	0.00734	0.01233	0.04047	0.65588	0.00732	0.02228	0.00987	0.00830	0.01183	0.17053	0.01204	0.01080	0.00390	0.00359	0.00105	0.00370	0.00374	0.00213	0.00504
22	0.00693	0.01766	0.83715	0.00981	0.01484	0.00797	0.01264	0.01089	0.00735	0.01099	0.00660	0.02984	0.00490	0.00351	0.00334	0.00111	0.00508	0.00277	0.00152	0.00510
23	0.00621	0.00409	0.00574	0.00643	0.06803	0.00410	0.00428	0.00713	0.00705	0.10495	0.05150	0.49405	0.01748	0.04459	0.09389	0.00184	0.04720	0.00723	0.02074	0.00346
24	0.00745	0.10705	0.22797	0.00849	0.09122	0.00688	0.00765	0.01011	0.06250	0.07285	0.02260	0.05300	0.04882	0.00683	0.05180	0.00145	0.00402	0.20242	0.00247	0.00440
25	0.00996	0.00862	0.00721	0.00662	0.00806	0.29577	0.00497	0.04541	0.01996	0.17442	0.12607	0.25131	0.01444	0.00629	0.00373	0.00111	0.00369	0.00523	0.00305	0.00407
26	0.02471	0.10572	0.01009	0.00726	0.04110	0.00806	0.00584	0.27669	0.02029	0.43127	0.01064	0.00990	0.00717	0.00407	0.00332	0.00103	0.00334	0.00317	0.02067	0.00567
27	0.00748	0.01150	0.32378	0.03147	0.29449	0.00776	0.16133	0.01030	0.00764	0.01093	0.00780	0.09487	0.00681	0.00394	0.00362	0.00113	0.00463	0.00378	0.00179	0.00494
28	0.00439	0.00320	0.00417	0.00489	0.00527	0.00298	0.00344	0.00514	0.00697	0.00914	0.02086	0.69109	0.11139	0.01056	0.00446	0.00141	0.00213	0.10237	0.00324	0.00289
29	0.00817	0.00888	0.01834	0.11200	0.14773	0.00864	0.61084	0.02081	0.00815	0.01108	0.00690	0.00927	0.00527	0.00304	0.00394	0.00115	0.00545	0.00384	0.00176	0.00475
30	0.00923	0.00991	0.08278	0.04369	0.05907	0.07047	0.33950	0.15173	0.02625	0.03290	0.00793	0.00961	0.02751	0.01287	0.02024	0.00125	0.08457	0.00357	0.00214	0.00478
31	0.00885	0.07193	0.01334	0.10121	0.51501	0.00891	0.04178	0.07871	0.10336	0.01213	0.00743	0.00898	0.00596	0.00340	0.00341	0.00105	0.00405	0.00315	0.00204	0.00529
32	0.00584	0.00405	0.00452	0.00436	0.00561	0.00365	0.00328	0.00750	0.07603	0.10565	0.06267	0.15440	0.53304	0.00824	0.00406	0.00120	0.00202	0.00699	0.00341	0.00349
33	0.25151	0.00868	0.07591	0.00648	0.00874	0.08471	0.00554	0.23517	0.04527	0.05978	0.01092	0.10753	0.07589	0.00497	0.00325	0.00111	0.00339	0.00384	0.00281	0.00451
34	0.00806	0.04375	0.01311	0.23497	0.54110	0.00858	0.01001	0.01006	0.00745	0.01039	0.00624	0.00860	0.00518	0.00344	0.00406	0.00110	0.07427	0.00305	0.00166	0.00493
35	0.00918	0.39168	0.32986	0.00803	0.01160	0.17610	0.00870	0.01135	0.00773	0.00933	0.00548	0.00639	0.00446	0.00323	0.00282	0.00091	0.00476	0.00220	0.00154	0.00465
36	0.00517	0.00375	0.00465	0.00445	0.00537	0.00347	0.00332	0.00695	0.04557	0.03315	0.59310	0.09499	0.16785	0.00755	0.00410	0.00114	0.00178	0.00661	0.00369	0.00336
37	0.00796	0.11054	0.56756	0.10619	0.01491	0.04429	0.01101	0.07813	0.00813	0.01128	0.00623	0.00743	0.00458	0.00338	0.00322	0.00106	0.00488	0.00259	0.00166	0.00495
38	0.00957	0.02875	0.37409	0.00985	0.08684	0.06319	0.03375	0.07546	0.13869	0.13258	0.00868	0.00903	0.00622	0.00372	0.00340	0.00109	0.00436	0.00302	0.00240	0.00532
39	0.00832	0.00782	0.01330	0.19685	0.67054	0.00813	0.01041	0.01043	0.00777	0.02361	0.00660	0.00882	0.00539	0.00321	0.00346	0.00106	0.00423	0.00311	0.00173	0.00519
40	0.00608	0.00445	0.00500	0.00470	0.00594	0.02101	0.00360	0.00830	0.10366	0.08012	0.31072	0.04889	0.33853	0.00741	0.00402	0.00116	0.00209	0.03715	0.00354	0.00363
41	0.00921	0.08005	0.10988	0.01303	0.23026	0.03151	0.21986	0.07503	0.06828	0.06598	0.02437	0.00919	0.00633	0.00356	0.00384	0.00109	0.03796	0.00333	0.00215	0.00510
42	0.00887	0.08636	0.08378	0.01643	0.45355	0.02589	0.19368	0.04085	0.01875	0.02864	0.00678	0.00850	0.00541	0.00317	0.00348	0.00105	0.00456	0.00318	0.00183	0.00522
43	0.00820	0.00693	0.01184	0.32738	0.07368	0.00758	0.18353	0.01111	0.09085	0.10582	0.00848	0.01082	0.00652	0.00562	0.07344	0.00153	0.04005	0.01995	0.00218	0.00448
44	0.00759	0.00794	0.01375	0.01077	0.01229	0.02949	0.33367	0.00928	0.00662	0.00944	0.00631	0.00924	0.00550	0.00794	0.14129	0.00201	0.37758	0.00356	0.00168	0.00406
45	0.00801	0.00651	0.01040	0.60714	0.11428	0.00759	0.00895	0.01081	0.07546	0.10540	0.00774	0.00982	0.00568	0.00364	0.00349	0.00114	0.00425	0.00322	0.00204	0.00443
46	0.00782	0.04957	0.33493	0.09191	0.33134	0.00847	0.10509	0.01072	0.00763	0.01088	0.00640	0.00817	0.00496	0.00320	0.00343	0.00108	0.00475	0.00297	0.00161	0.00510
47	0.00601	0.00457	0.00647	0.00600	0.00689	0.00504	0.04049	0.10067	0.00696	0.00971	0.01013	0.08356	0.00988	0.12118	0.56096	0.00430	0.00729	0.00434	0.00219	0.00336
48	0.00489	0.00349	0.00465	0.00495	0.00534	0.00354	0.00356	0.00544	0.00646	0.00864	0.05268	0.34889	0.10561	0.09357	0.12903	0.10664	0.03589	0.07127	0.00270	0.00275
49	0.00423	0.00313	0.00395	0.00460	0.00499	0.00286	0.00313	0.00489	0.00693	0.00901	0.02235	0.71224	0.18393	0.01053	0.00439	0.00137	0.00197	0.00942	0.00324	0.00286
50	0.00797	0.00792	0.01155	0.01176	0.18456	0.10171	0.19231	0.01055	0.08103	0.01088	0.01957	0.02940	0.01078	0.00556	0.00436	0.00127	0.04113	0.26098	0.00239	0.00433
51	0.00700	0.01805	0.85930	0.00994	0.01510	0.00810	0.01289	0.01105	0.00737	0.01105	0.00626	0.00737	0.00442	0.00331	0.00331	0.00110	0.00516	0.00258	0.00147	0.00516
52	0.00761	0.00829	0.01754	0.01280	0.01572	0.00788	0.68047	0.01013	0.00768	0.01047	0.00763	0.01098	0.00628	0.07619	0.10214	0.00185	0.00607	0.00415	0.00180	0.00432
53	0.00506	0.00381	0.00481	0.00537	0.00600	0.00378	0.00401	0.00697	0.10212	0.00995	0.01979	0.51278	0.08810	0.00976	0.00441	0.00142	0.00237	0.20299	0.00327	0.00324
54	0.00855	0.00820	0.01400	0.05804	0.81968	0.00827	0.01066	0.01063	0.00790	0.01129	0.00655	0.00866	0.00549	0.00313	0.00346	0.00104	0.00417	0.00311	0.00172	0.00546
55	0.30378	0.00782	0.17095	0.00596	0.00834	0.00603	0.03975	0.00931	0.00752	0.07558	0.15110	0.01454	0.14240	0.00517	0.00362	0.03471	0.00302	0.00387	0.00259	0.00395
56	0.00415	0.00344	0.00363	0.00379	0.00478	0.00292	0.00276	0.00498	0.00771	0.00933	0.03223	0.19644	0.69335	0.00924	0.00419	0.00122	0.00182	0.00786	0.00324	0.00292
57	0.00790	0.00757	0.01316	0.10693	0.60580	0.00766	0.07698	0.00990	0.00773	0.01084	0.00799	0.10648	0.00740	0.00402	0.00362	0.00110	0.00410	0.00396	0.00188	0.00499
58	0.00804	0.00768	0.01308	0.26865	0.61304	0.00813	0.01041	0.01018	0.00766	0.01067	0.00646	0.00883	0.00527	0.00322	0.00346	0.00107	0.00429	0.00311	0.00168	0.00505
59	0.00794	0.01573	0.69475	0.07891	0.01512	0.00774	0.01176	0.01155	0.00763	0.10639	0.00710	0.00803	0.00491	0.00344	0.00335	0.00111	0.00487	0.00273	0.00180	0.00514
60	0.00652	0.00364	0.00490	0.00519	0.00590	0.00333	0.00371	0.00731	0.00738	0.17331	0.01814	0.67193	0.02015	0.00960	0.00429	0.00136	0.00226	0.04420	0.00345	0.00345
61	0.90202	0.00675	0.00513	0.00459	0.00675	0.00783	0.00378	0.01026	0.00594	0.01565	0.00486	0.00567	0.00378	0.00324	0.00216	0.00108	0.00270	0.00189	0.00216	0.00378
62	0.00435	0.00349	0.00415	0.00432	0.00518	0.00307	0.01722	0.00525	0.00768	0.00964	0.08605	0.30709	0.48157	0.00933	0.00426	0.00127	0.00196	0.03790	0.00326	0.00297
63	0.10880	0.15057	0.56315	0.00857	0.01285	0.00918	0.01028	0.07814	0.00789	0.01201	0.00605	0.00698	0.00448	0.00333	0.00303	0.00104	0.00455	0.00243	0.00172	0.00496

[dist]
# distance from previous block
# <min> <max>
1	4

[block]
# block no. 12 follows, 80 sequences, length 36
# corresponding to MSA columns:
# 886-921
name=unknown_M
#
# <colnr> <probs for GDERKNQSTAVLIFYWHMCP>
#	G	D	E	R	K	N	Q	S	T	A	V	L	I	F	Y	W	H	M	C	P
0	0.00935	0.63033	0.14768	0.00685	0.01004	0.07292	0.00706	0.01125	0.04031	0.02831	0.00568	0.00635	0.00481	0.00318	0.00255	0.00084	0.00408	0.00212	0.00166	0.00463
1	0.01170	0.00746	0.01122	0.02492	0.41343	0.00731	0.00800	0.08681	0.04234	0.33622	0.00977	0.01003	0.00694	0.00374	0.00348	0.00106	0.00362	0.00330	0.00294	0.00570
2	0.00515	0.00403	0.00543	0.00671	0.11838	0.00372	0.00419	0.00617	0.00758	0.02924	0.07347	0.38809	0.28335	0.00879	0.00419	0.00127	0.00227	0.04150	0.00310	0.00334
3	0.08012	0.02373	0.15362	0.00545	0.00740	0.00508	0.00513	0.00844	0.07399	0.02746	0.29602	0.02178	0.25084	0.00635	0.00374	0.00113	0.00256	0.02034	0.00305	0.00380
4	0.00816	0.07381	0.60492	0.00919	0.01342	0.00877	0.01093	0.07651	0.03894	0.05114	0.00685	0.00776	0.00498	0.00366	0.00385	0.00111	0.06633	0.00270	0.00185	0.00513
5	0.02629	0.00846	0.03618	0.02586	0.66155	0.01812	0.00971	0.02835	0.11366	0.01200	0.00796	0.00947	0.01981	0.00344	0.00345	0.00106	0.00396	0.00323	0.00202	0.00542
6	0.00508	0.00347	0.00414	0.00417	0.00437	0.00355	0.00263	0.00541	0.00543	0.00737	0.01194	0.02205	0.04507	0.65079	0.15629	0.00354	0.00426	0.03305	0.02502	0.00238
7	0.00820	0.15806	0.01342	0.34511	0.28126	0.05965	0.05248	0.01031	0.02098	0.00976	0.00621	0.00834	0.00502	0.00328	0.00328	0.00104	0.00446	0.00291	0.00165	0.00458
8	0.00824	0.09355	0.59207	0.01038	0.08462	0.02264	0.03910	0.02705	0.00782	0.07307	0.00676	0.00771	0.00489	0.00335	0.00327	0.00106	0.00480	0.00268	0.00176	0.00516
9	0.00704	0.00665	0.01125	0.65303	0.22284	0.00781	0.00984	0.00928	0.00720	0.00951	0.00648	0.02220	0.00514	0.00351	0.00349	0.00114	0.00449	0.00321	0.00162	0.00426
10	0.01559	0.00423	0.00528	0.00499	0.00624	0.00386	0.00379	0.02220	0.03167	0.21440	0.13456	0.27075	0.21491	0.00792	0.00406	0.00123	0.00225	0.04464	0.00358	0.00382
11	0.01765	0.04522	0.21004	0.04691	0.47355	0.02312	0.01031	0.05547	0.00828	0.05599	0.00682	0.00832	0.00533	0.00333	0.00346	0.00105	0.01501	0.00293	0.00189	0.00532
12	0.04244	0.18330	0.11633	0.01796	0.24355	0.08747	0.02355	0.05632	0.04082	0.01957	0.00638	0.00803	0.00533	0.00378	0.00422	0.00106	0.11968	0.01354	0.00186	0.00481
13	0.00504	0.00400	0.00592	0.04400	0.14061	0.00391	0.00469	0.00596	0.00689	0.00930	0.01667	0.70125	0.01952	0.00938	0.00425	0.00135	0.00247	0.00855	0.00293	0.00330
14	0.01047	0.03041	0.01060	0.01029	0.17133	0.11756	0.08533	0.05400	0.14064	0.19783	0.09845	0.01197	0.02497	0.00429	0.00366	0.00107	0.01547	0.00369	0.00292	0.00504
15	0.00506	0.00362	0.00489	0.00527	0.00594	0.00348	0.00416	0.00643	0.00836	0.01135	0.32882	0.21346	0.02533	0.02888	0.00478	0.00142	0.00238	0.32982	0.00343	0.00314
16	0.00732	0.00628	0.00728	0.00529	0.00832	0.00490	0.00422	0.00939	0.05948	0.01157	0.00670	0.00759	0.00551	0.00272	0.00264	0.00056	0.00259	0.00218	0.00216	0.84329
17	0.00803	0.08665	0.53911	0.01091	0.11105	0.00839	0.07682	0.01140	0.02403	0.06607	0.00738	0.00838	0.01947	0.00342	0.00334	0.00107	0.00473	0.00287	0.00178	0.00513
18	0.04061	0.04569	0.13235	0.00790	0.02433	0.07696	0.02826	0.06102	0.04491	0.19844	0.03125	0.00962	0.00695	0.00615	0.07821	0.00150	0.15513	0.00311	0.00251	0.04511
19	0.00726	0.00410	0.00532	0.00471	0.00599	0.00367	0.00364	0.00876	0.00970	0.20316	0.57856	0.02367	0.11423	0.00668	0.00398	0.00110	0.00196	0.00579	0.00388	0.00385
