[name]
unknown

[dist]
# distance from previous block
# <min> <max>
3	795

[block]
# block no. 0 follows, 59 sequences, length 9
# corresponding to MSA columns:
# 1254-1262
name=unknown_A
#
# <colnr> <probs for GDERKNQSTAVLIFYWHMCP>
#	G	D	E	R	K	N	Q	S	T	A	V	L	I	F	Y	W	H	M	C	P
0	0.03067	0.04460	0.04134	0.02827	0.10191	0.02889	0.10237	0.07574	0.03698	0.01428	0.11719	0.09820	0.03085	0.15886	0.00823	0.00193	0.03502	0.00584	0.00311	0.03571
1	0.07885	0.29144	0.10244	0.00924	0.05592	0.04071	0.02864	0.08944	0.01065	0.03524	0.04727	0.01541	0.10033	0.01861	0.00417	0.00128	0.00455	0.03389	0.00283	0.02907
2	0.03499	0.02691	0.23216	0.04027	0.05904	0.00931	0.06783	0.09814	0.06659	0.21035	0.01311	0.04107	0.03814	0.00524	0.00438	0.00138	0.00493	0.00442	0.00344	0.03832
3	0.00740	0.00679	0.04297	0.07659	0.06150	0.02821	0.03967	0.00947	0.04371	0.03172	0.09718	0.42250	0.07238	0.01002	0.00542	0.00161	0.02573	0.00894	0.00365	0.00451
4	0.03988	0.00540	0.00658	0.00662	0.00777	0.00533	0.00487	0.03792	0.07561	0.08180	0.10241	0.38586	0.04702	0.07880	0.00661	0.00185	0.00308	0.07787	0.00414	0.02056
5	0.01148	0.23939	0.06970	0.03413	0.13935	0.04648	0.15858	0.09340	0.08034	0.01448	0.00923	0.03675	0.00769	0.00468	0.00451	0.00130	0.03576	0.00403	0.00257	0.00614
6	0.08394	0.01044	0.01448	0.05725	0.33543	0.04039	0.05329	0.11788	0.05115	0.01637	0.00869	0.01052	0.00696	0.00434	0.00458	0.00127	0.04272	0.00370	0.00269	0.13391
7	0.09007	0.01161	0.06802	0.01156	0.11967	0.04211	0.00871	0.36003	0.05357	0.12696	0.01105	0.01135	0.00795	0.00496	0.00417	0.00132	0.00465	0.00386	0.05156	0.00683
8	0.03609	0.00707	0.02540	0.08083	0.12190	0.00664	0.05699	0.03022	0.01070	0.05871	0.24826	0.07126	0.12810	0.04230	0.00550	0.00151	0.00368	0.00642	0.00361	0.05481

[dist]
# distance from previous block
# <min> <max>
6	19

[block]
# block no. 1 follows, 59 sequences, length 6
# corresponding to MSA columns:
# 1292-1297
name=unknown_B
#
# <colnr> <probs for GDERKNQSTAVLIFYWHMCP>
#	G	D	E	R	K	N	Q	S	T	A	V	L	I	F	Y	W	H	M	C	P
0	0.10269	0.09602	0.01044	0.05976	0.05287	0.02951	0.00642	0.06305	0.04244	0.01506	0.10463	0.04676	0.12836	0.00616	0.00450	0.00124	0.03886	0.00489	0.00317	0.18319
1	0.00800	0.00695	0.01008	0.10159	0.06082	0.02954	0.07479	0.04015	0.04794	0.01321	0.10951	0.12475	0.06145	0.03728	0.21611	0.00300	0.02586	0.00623	0.01805	0.00468
2	0.07660	0.03699	0.07766	0.06552	0.05959	0.03386	0.04348	0.11645	0.05877	0.03806	0.03485	0.09570	0.09366	0.00650	0.00489	0.00140	0.04627	0.01986	0.01870	0.07121
3	0.07784	0.00919	0.13910	0.00995	0.08452	0.00725	0.04987	0.01057	0.04031	0.01416	0.11599	0.17470	0.12121	0.00807	0.00529	0.00152	0.04787	0.04525	0.00330	0.03404
4	0.10186	0.08940	0.11177	0.01052	0.08104	0.03326	0.00863	0.23310	0.07996	0.01820	0.02759	0.04492	0.00892	0.02426	0.00483	0.00137	0.03620	0.00400	0.00317	0.07702
5	0.03036	0.17807	0.06487	0.07258	0.18131	0.01056	0.07675	0.07335	0.01041	0.05034	0.06089	0.03958	0.01035	0.03050	0.00528	0.03816	0.00484	0.02310	0.00272	0.03596

[dist]
# distance from previous block
# <min> <max>
2	12

[block]
# block no. 2 follows, 59 sequences, length 15
# corresponding to MSA columns:
# 1315-1329
name=unknown_C
#
# <colnr> <probs for GDERKNQSTAVLIFYWHMCP>
#	G	D	E	R	K	N	Q	S	T	A	V	L	I	F	Y	W	H	M	C	P
0	0.01190	0.02900	0.19343	0.01671	0.24710	0.05783	0.14631	0.10016	0.04314	0.06929	0.00943	0.01091	0.00710	0.00430	0.00440	0.00134	0.00577	0.00395	0.00269	0.03524
1	0.01096	0.04061	0.04594	0.09042	0.30246	0.03582	0.03228	0.04700	0.05720	0.07920	0.01207	0.06046	0.03771	0.00525	0.00436	0.00131	0.00474	0.02465	0.00291	0.10467
2	0.05899	0.05741	0.01159	0.01007	0.06266	0.02874	0.00755	0.13680	0.51471	0.04122	0.01472	0.01401	0.01104	0.00549	0.00427	0.00141	0.00397	0.00443	0.00407	0.00685
3	0.01429	0.01015	0.03918	0.01337	0.21208	0.03950	0.00890	0.09947	0.20617	0.26515	0.03615	0.01396	0.01071	0.00522	0.00443	0.00137	0.00438	0.00440	0.00405	0.00704
4	0.64483	0.07310	0.00905	0.02520	0.03838	0.01087	0.00588	0.07836	0.05067	0.01931	0.00725	0.00817	0.00563	0.00427	0.00307	0.00134	0.00376	0.00274	0.00286	0.00527
5	0.01306	0.20377	0.11068	0.02361	0.09886	0.08441	0.00907	0.14677	0.03246	0.11103	0.00967	0.02938	0.00758	0.00462	0.00390	0.00118	0.00497	0.00355	0.00300	0.09842
6	0.22893	0.22566	0.03687	0.04446	0.14729	0.05896	0.05672	0.06859	0.01016	0.07337	0.00795	0.00916	0.00625	0.00419	0.00360	0.00125	0.00487	0.00318	0.00263	0.00591
7	0.00767	0.00384	0.00575	0.00575	0.00575	0.00384	0.00384	0.00575	0.00575	0.00767	0.00767	0.01343	0.00767	0.01534	0.01726	0.87150	0.00384	0.00384	0.00192	0.00192
8	0.00641	0.00435	0.00517	0.00517	0.00529	0.00447	0.00312	0.00665	0.00653	0.00883	0.01359	0.02711	0.01528	0.71883	0.14737	0.00472	0.00545	0.00616	0.00263	0.00287
9	0.17035	0.12443	0.01232	0.00938	0.01193	0.38632	0.00743	0.01726	0.17541	0.01396	0.00889	0.00950	0.00713	0.00474	0.00395	0.00125	0.02431	0.00317	0.00276	0.00551
10	0.00626	0.00447	0.00613	0.00715	0.00779	0.00434	0.00563	0.00767	0.00932	0.01226	0.02386	0.44138	0.02729	0.01301	0.00587	0.00191	0.00332	0.40441	0.00408	0.00383
11	0.00979	0.00847	0.01147	0.07609	0.19062	0.00735	0.00770	0.01222	0.02840	0.03404	0.00843	0.01007	0.00686	0.00363	0.00366	0.00090	0.00393	0.00311	0.00258	0.57067
12	0.01485	0.00987	0.06164	0.05226	0.30123	0.00873	0.05824	0.03488	0.01140	0.38264	0.01252	0.01280	0.00866	0.00469	0.00445	0.00136	0.00480	0.00421	0.00371	0.00706
13	0.00971	0.00822	0.00949	0.00743	0.01066	0.00751	0.02321	0.03349	0.23767	0.01558	0.01134	0.01267	0.00922	0.05339	0.00481	0.00115	0.00350	0.00364	0.02408	0.51323
14	0.06081	0.16592	0.47080	0.01147	0.04329	0.05085	0.03493	0.04750	0.01001	0.01433	0.04551	0.01003	0.00742	0.00439	0.00395	0.00130	0.00580	0.00336	0.00221	0.00614

[dist]
# distance from previous block
# <min> <max>
1	31

[block]
# block no. 3 follows, 59 sequences, length 26
# corresponding to MSA columns:
# 1399-1413,1415-1425
name=unknown_D
#
# <colnr> <probs for GDERKNQSTAVLIFYWHMCP>
#	G	D	E	R	K	N	Q	S	T	A	V	L	I	F	Y	W	H	M	C	P
0	0.01167	0.00930	0.01047	0.06497	0.02762	0.01055	0.00744	0.09797	0.57732	0.06835	0.01664	0.05277	0.01282	0.00610	0.00453	0.00148	0.00380	0.00511	0.00432	0.00678
1	0.01043	0.12266	0.25241	0.08990	0.02616	0.03901	0.05424	0.04428	0.02817	0.04424	0.00838	0.00977	0.00643	0.00402	0.00386	0.00113	0.00518	0.00325	0.00242	0.24406
2	0.02208	0.06555	0.64011	0.04971	0.01903	0.03201	0.06389	0.03305	0.00969	0.01402	0.00790	0.00944	0.00572	0.00419	0.00417	0.00137	0.00641	0.00336	0.00198	0.00633
3	0.00614	0.00478	0.00638	0.06030	0.00851	0.00491	0.00513	0.00753	0.02451	0.01219	0.10548	0.49257	0.10593	0.02553	0.00628	0.00176	0.05188	0.06241	0.00389	0.00390
4	0.01025	0.01074	0.05400	0.16671	0.49547	0.01060	0.12337	0.01312	0.00971	0.01364	0.00818	0.01109	0.00664	0.00417	0.00495	0.00140	0.04338	0.00408	0.00213	0.00636
5	0.03303	0.01240	0.01285	0.43059	0.04618	0.28108	0.01055	0.01340	0.00993	0.01143	0.00770	0.01113	0.00630	0.00489	0.00507	0.00140	0.07230	0.02263	0.00214	0.00501
6	0.01122	0.68421	0.18126	0.00855	0.01288	0.01605	0.00929	0.01338	0.00904	0.01110	0.00649	0.00753	0.00565	0.00386	0.00310	0.00103	0.00508	0.00254	0.00188	0.00584
7	0.00551	0.00396	0.00524	0.00609	0.00648	0.00369	0.00416	0.00646	0.00898	0.01203	0.10985	0.71252	0.05323	0.01320	0.00559	0.00175	0.00254	0.03086	0.00418	0.00367
8	0.00975	0.03590	0.27073	0.02937	0.11838	0.02537	0.23159	0.03296	0.06852	0.01437	0.02363	0.07939	0.00969	0.00525	0.00467	0.00145	0.00588	0.02449	0.00256	0.00607
9	0.00899	0.00497	0.00645	0.00619	0.00752	0.00448	0.00457	0.01030	0.01039	0.20315	0.18591	0.32411	0.13481	0.03679	0.02859	0.00179	0.00301	0.00886	0.00448	0.00463
10	0.00546	0.00411	0.00509	0.00584	0.00649	0.00374	0.00412	0.00642	0.00902	0.01159	0.02981	0.56696	0.24240	0.01300	0.00556	0.00173	0.00258	0.06832	0.00410	0.00366
11	0.01006	0.00997	0.01803	0.26642	0.43570	0.01042	0.15866	0.01299	0.00976	0.01344	0.00829	0.01136	0.00661	0.00404	0.00454	0.00139	0.00584	0.00417	0.00213	0.00618
12	0.00728	0.00567	0.00826	0.00863	0.00956	0.00603	0.03719	0.00907	0.00956	0.01269	0.02103	0.15719	0.02309	0.01162	0.00692	0.00197	0.09568	0.56064	0.00377	0.00415
13	0.00834	0.00785	0.01325	0.83417	0.03042	0.00981	0.01227	0.01128	0.00883	0.01128	0.00785	0.01178	0.00589	0.00442	0.00442	0.00147	0.00589	0.00393	0.00196	0.00491
14	0.07738	0.02362	0.01220	0.02116	0.05231	0.17551	0.00795	0.33205	0.01519	0.20039	0.01078	0.01077	0.00762	0.00495	0.00416	0.00128	0.00512	0.00368	0.00388	0.03000
15	0.02819	0.00771	0.00984	0.00800	0.01053	0.00766	0.04200	0.15654	0.09174	0.25897	0.30398	0.02059	0.02138	0.00667	0.00472	0.00139	0.00349	0.00569	0.00477	0.00613
16	0.00556	0.00401	0.00531	0.00629	0.00669	0.00376	0.00440	0.00649	0.00872	0.01152	0.02519	0.71791	0.06550	0.01353	0.00567	0.00181	0.00271	0.09720	0.00410	0.00365
17	0.01195	0.82221	0.02282	0.00767	0.01141	0.04219	0.00759	0.01336	0.00908	0.01040	0.00616	0.00711	0.00567	0.00380	0.00287	0.00095	0.00482	0.00238	0.00190	0.00565
18	0.00967	0.00818	0.00942	0.00687	0.01070	0.00659	0.00550	0.05407	0.05488	0.01534	0.00857	0.00965	0.00698	0.00353	0.00340	0.00074	0.00337	0.00282	0.00282	0.77689
19	0.01053	0.01006	0.01693	0.02501	0.72466	0.01026	0.01278	0.01296	0.00978	0.01403	0.00911	0.05971	0.00824	0.00473	0.00501	0.00137	0.05143	0.00444	0.00228	0.00667
20	0.01006	0.00845	0.01395	0.53925	0.02461	0.01008	0.07880	0.01296	0.03343	0.10241	0.00906	0.01202	0.00674	0.00495	0.00580	0.00152	0.11400	0.00412	0.00245	0.00534
21	0.00838	0.00687	0.00866	0.00772	0.00798	0.00840	0.00568	0.06617	0.00760	0.01074	0.01066	0.02043	0.01163	0.47308	0.01820	0.00319	0.31294	0.00530	0.00253	0.00383
22	0.00632	0.00470	0.00693	0.00693	0.00766	0.00543	0.00531	0.00778	0.00705	0.01013	0.01198	0.01820	0.01141	0.09245	0.76845	0.00689	0.01128	0.00486	0.00239	0.00385
23	0.01043	0.00999	0.01703	0.18190	0.66632	0.01036	0.01331	0.01312	0.00982	0.01383	0.00822	0.01109	0.00678	0.00403	0.00438	0.00134	0.00537	0.00393	0.00214	0.00660
24	0.01127	0.00997	0.01662	0.14591	0.62639	0.01024	0.01277	0.03656	0.01034	0.06444	0.00887	0.01130	0.00709	0.00414	0.00438	0.00134	0.00524	0.00397	0.00242	0.00673
25	0.01399	0.19642	0.07817	0.01028	0.01324	0.42840	0.02395	0.09708	0.01202	0.01284	0.00848	0.06919	0.00761	0.00510	0.00394	0.00119	0.00643	0.00365	0.00252	0.00550

[dist]
# distance from previous block
# <min> <max>
1	7

[block]
# block no. 4 follows, 59 sequences, length 19
# corresponding to MSA columns:
# 1433-1451
name=unknown_E
#
# <colnr> <probs for GDERKNQSTAVLIFYWHMCP>
#	G	D	E	R	K	N	Q	S	T	A	V	L	I	F	Y	W	H	M	C	P
0	0.03581	0.11072	0.07252	0.03539	0.19280	0.04469	0.08715	0.07188	0.03427	0.11645	0.00947	0.01131	0.00740	0.00614	0.00627	0.14030	0.00508	0.00382	0.00275	0.00580
1	0.17826	0.06687	0.07948	0.01108	0.13171	0.02313	0.04972	0.03009	0.05504	0.18107	0.13733	0.01443	0.01297	0.00523	0.00413	0.00134	0.00422	0.00433	0.00351	0.00602
2	0.00639	0.02428	0.00645	0.00619	0.00713	0.00459	0.02537	0.00758	0.00936	0.02542	0.15340	0.31068	0.15790	0.12103	0.03252	0.00213	0.00327	0.07443	0.00388	0.01798
3	0.00916	0.00785	0.00916	0.00654	0.01047	0.00589	0.00523	0.01112	0.00916	0.01439	0.00785	0.00916	0.00654	0.00327	0.00327	0.00065	0.00327	0.00262	0.00262	0.87178
4	0.01102	0.07344	0.15309	0.02243	0.59015	0.01079	0.01328	0.01394	0.00996	0.04827	0.00847	0.01055	0.00683	0.00403	0.00423	0.00130	0.00536	0.00373	0.00225	0.00684
5	0.00676	0.00528	0.00771	0.11231	0.01027	0.00620	0.00597	0.00814	0.00715	0.01003	0.01147	0.01879	0.01122	0.20678	0.50391	0.00550	0.05135	0.00496	0.00236	0.00383
6	0.00933	0.00595	0.00675	0.00601	0.00693	0.00609	0.00402	0.14480	0.00956	0.08011	0.03323	0.02469	0.01478	0.60950	0.01744	0.00346	0.00428	0.00587	0.00326	0.00395
7	0.01176	0.01201	0.07404	0.01598	0.02011	0.01092	0.55511	0.06860	0.01107	0.10488	0.00972	0.01186	0.00710	0.00432	0.00562	0.00149	0.06169	0.00483	0.00270	0.00620
8	0.00594	0.00450	0.00544	0.00535	0.00646	0.00406	0.00401	0.00758	0.01118	0.01498	0.46061	0.07065	0.28398	0.04510	0.00600	0.00160	0.00235	0.05182	0.00445	0.00394
9	0.87598	0.00854	0.00649	0.00581	0.00854	0.00991	0.00478	0.01298	0.00752	0.01982	0.00615	0.00717	0.00478	0.00410	0.00273	0.00137	0.00342	0.00239	0.00273	0.00478
10	0.01071	0.00955	0.01214	0.09666	0.19825	0.01075	0.00903	0.01996	0.54489	0.01682	0.01473	0.01473	0.01123	0.00536	0.00446	0.00145	0.00414	0.00464	0.00371	0.00678
11	0.00567	0.00449	0.00510	0.00495	0.00624	0.00392	0.00371	0.00721	0.01113	0.01446	0.38223	0.03834	0.47638	0.01024	0.00522	0.00145	0.00217	0.00874	0.00443	0.00392
12	0.00582	0.00449	0.00534	0.00533	0.00650	0.00401	0.00403	0.00741	0.01104	0.01456	0.38642	0.09760	0.35709	0.01049	0.00531	0.00151	0.00232	0.06236	0.00444	0.00394
13	0.01120	0.40119	0.32060	0.00972	0.01452	0.01307	0.03242	0.01412	0.00946	0.07990	0.00792	0.00883	0.00616	0.00405	0.00357	0.00115	0.00532	0.00297	0.00223	0.05162
14	0.22403	0.07665	0.01191	0.00891	0.01201	0.15037	0.00729	0.33816	0.05446	0.04767	0.00909	0.00948	0.00680	0.00477	0.00380	0.00127	0.00489	0.00332	0.00346	0.02166
15	0.01123	0.00945	0.01101	0.01012	0.12065	0.06856	0.00699	0.05431	0.01036	0.08024	0.00871	0.00988	0.00693	0.00385	0.00391	0.00090	0.02476	0.00306	0.00284	0.55223
16	0.01089	0.00757	0.03570	0.00773	0.00985	0.00739	0.00615	0.03419	0.29496	0.18350	0.06276	0.19825	0.05656	0.03354	0.00539	0.00162	0.00339	0.03027	0.00445	0.00583
17	0.01034	0.43221	0.38194	0.00977	0.01479	0.01362	0.01138	0.01346	0.00914	0.01222	0.00703	0.00820	0.00568	0.00394	0.00347	0.00113	0.00546	0.00278	0.00192	0.05152
18	0.00690	0.00497	0.00598	0.00564	0.00609	0.00515	0.00368	0.00737	0.00684	0.00962	0.01266	0.02432	0.01388	0.60275	0.11090	0.00405	0.05885	0.00568	0.02887	0.07581

[dist]
# distance from previous block
# <min> <max>
1	5

[block]
# block no. 5 follows, 59 sequences, length 41
# corresponding to MSA columns:
# 1457,1467-1470,1478-1513
name=unknown_F
#
# <colnr> <probs for GDERKNQSTAVLIFYWHMCP>
#	G	D	E	R	K	N	Q	S	T	A	V	L	I	F	Y	W	H	M	C	P
0	0.08258	0.06290	0.08372	0.00931	0.01301	0.02206	0.00828	0.41340	0.01583	0.22826	0.01146	0.01112	0.00788	0.00505	0.00417	0.00132	0.00464	0.00380	0.00415	0.00707
1	0.00861	0.00830	0.01305	0.74102	0.02832	0.04380	0.02572	0.01144	0.00921	0.01166	0.05081	0.01275	0.00780	0.00465	0.00445	0.00145	0.00580	0.00412	0.00213	0.00489
2	0.06482	0.00456	0.00536	0.00583	0.00678	0.00430	0.00431	0.00727	0.00950	0.01299	0.11635	0.37427	0.25057	0.01170	0.00533	0.00166	0.00266	0.10383	0.00409	0.00383
3	0.01108	0.00960	0.01038	0.02591	0.06258	0.07408	0.00700	0.05833	0.28252	0.04867	0.02835	0.03309	0.01097	0.00524	0.00414	0.00119	0.00399	0.03264	0.00353	0.28671
4	0.01179	0.01259	0.01545	0.17379	0.44781	0.21913	0.01190	0.01408	0.01046	0.01289	0.00815	0.01113	0.00683	0.00435	0.00432	0.00131	0.00604	0.01972	0.00221	0.00606
5	0.01120	0.01031	0.01770	0.07319	0.68368	0.01037	0.05506	0.02467	0.01026	0.04820	0.00873	0.01120	0.00709	0.00404	0.00442	0.00133	0.00533	0.00402	0.00234	0.00685
6	0.00995	0.09138	0.38460	0.01327	0.01812	0.06825	0.24118	0.01401	0.03500	0.01345	0.00937	0.06411	0.00771	0.00473	0.00446	0.00139	0.00638	0.00438	0.00223	0.00601
7	0.00852	0.00803	0.01357	0.77931	0.08390	0.00986	0.01235	0.01144	0.00891	0.01150	0.00788	0.01172	0.00596	0.00438	0.00441	0.00146	0.00584	0.00393	0.00198	0.00505
8	0.08916	0.01029	0.01649	0.02397	0.68986	0.01043	0.01236	0.04251	0.01030	0.04081	0.00848	0.01071	0.00694	0.00405	0.00423	0.00132	0.00502	0.00381	0.00242	0.00683
9	0.01048	0.01040	0.01663	0.36834	0.19788	0.06253	0.16524	0.07214	0.01055	0.01380	0.00830	0.01123	0.00641	0.00423	0.00451	0.00139	0.00605	0.00409	0.00228	0.02352
10	0.01138	0.00998	0.01019	0.00911	0.01164	0.03862	0.00709	0.05166	0.75363	0.01856	0.01733	0.01598	0.01300	0.00592	0.00447	0.00148	0.00370	0.00488	0.00442	0.00695
11	0.00594	0.00443	0.00538	0.00583	0.00665	0.00411	0.00433	0.00708	0.00932	0.01195	0.08430	0.23374	0.27307	0.13904	0.00815	0.00210	0.00303	0.18397	0.00393	0.00364
12	0.00697	0.00459	0.00604	0.00581	0.00686	0.00421	0.00430	0.00879	0.01179	0.06804	0.62283	0.17603	0.03748	0.00966	0.00524	0.00146	0.00228	0.00857	0.00476	0.00428
13	0.02747	0.27013	0.54647	0.01108	0.01665	0.01244	0.03192	0.01374	0.00921	0.01303	0.00738	0.00867	0.00563	0.00406	0.00378	0.00126	0.00594	0.00302	0.00190	0.00622
14	0.00916	0.04478	0.71020	0.01227	0.01832	0.01055	0.03312	0.01480	0.07926	0.01428	0.00878	0.00995	0.00631	0.00433	0.00421	0.00140	0.00623	0.00343	0.00210	0.00653
15	0.00637	0.00422	0.00554	0.00609	0.00674	0.00388	0.00426	0.00744	0.00946	0.05874	0.14841	0.60195	0.07947	0.01241	0.00549	0.00169	0.00257	0.02703	0.00430	0.00392
16	0.00574	0.00419	0.00548	0.00633	0.00691	0.00392	0.00462	0.00686	0.00914	0.01200	0.05957	0.56244	0.11657	0.01302	0.00566	0.00179	0.00280	0.16511	0.00413	0.00372
17	0.07106	0.06104	0.03672	0.05217	0.01235	0.04072	0.00727	0.01856	0.02356	0.53747	0.03709	0.01364	0.01020	0.00538	0.00480	0.00137	0.05134	0.00413	0.00441	0.00671
18	0.03645	0.63481	0.02044	0.00824	0.01175	0.05002	0.04304	0.04364	0.03857	0.02851	0.00823	0.03255	0.01914	0.00439	0.00326	0.00107	0.00479	0.00311	0.00231	0.00570
19	0.01497	0.12153	0.24726	0.00958	0.01391	0.02822	0.00977	0.11593	0.02876	0.34840	0.01214	0.01167	0.00822	0.00485	0.00415	0.00131	0.00491	0.00375	0.00374	0.00693
20	0.01064	0.17106	0.34948	0.03717	0.11867	0.02844	0.07675	0.03026	0.05275	0.04307	0.00857	0.01000	0.00655	0.00435	0.00443	0.00133	0.03436	0.00352	0.00228	0.00633
21	0.01047	0.06968	0.04947	0.02620	0.03251	0.00807	0.01991	0.10874	0.09492	0.10855	0.01350	0.05048	0.01270	0.36209	0.01203	0.00260	0.00440	0.00537	0.00333	0.00497
22	0.01247	0.01150	0.01523	0.17483	0.13543	0.12773	0.14398	0.14675	0.06829	0.06822	0.01045	0.04660	0.00828	0.00497	0.00454	0.00139	0.00574	0.00447	0.00299	0.00612
23	0.10770	0.01003	0.01519	0.18105	0.34353	0.01091	0.06678	0.11934	0.04088	0.01618	0.00859	0.01086	0.00677	0.00445	0.00468	0.00140	0.03894	0.00389	0.00258	0.00624
24	0.00783	0.00654	0.00987	0.16595	0.12287	0.00740	0.00785	0.03542	0.04466	0.01197	0.01241	0.01672	0.04645	0.04883	0.43030	0.00445	0.00851	0.00473	0.00252	0.00474
25	0.01239	0.01146	0.00992	0.00928	0.04695	0.29604	0.03596	0.01387	0.04711	0.12191	0.01164	0.01756	0.01081	0.32355	0.01115	0.00240	0.00564	0.00466	0.00296	0.00473
26	0.01057	0.01070	0.04036	0.15711	0.63063	0.02961	0.03019	0.01331	0.00990	0.01381	0.00820	0.01097	0.00674	0.00403	0.00438	0.00134	0.00550	0.00392	0.00214	0.00658
27	0.00995	0.00947	0.01462	0.50928	0.26530	0.04520	0.01227	0.05742	0.01004	0.01315	0.00810	0.01129	0.00630	0.00433	0.00438	0.00140	0.00573	0.00388	0.00218	0.00569
28	0.01053	0.01001	0.01698	0.08610	0.72159	0.01016	0.01296	0.01306	0.00980	0.01393	0.00853	0.01182	0.00733	0.04240	0.00520	0.00146	0.00525	0.00405	0.00219	0.00664
29	0.00654	0.00494	0.00729	0.00771	0.04447	0.00559	0.00551	0.00795	0.00714	0.01022	0.01194	0.01857	0.01151	0.13823	0.68413	0.00646	0.01054	0.00492	0.00240	0.00392
30	0.01285	0.01221	0.14208	0.06091	0.12626	0.04165	0.12767	0.09716	0.10222	0.17812	0.01183	0.01954	0.00874	0.00498	0.00468	0.00142	0.01730	0.02043	0.00334	0.00661
31	0.00952	0.10039	0.62605	0.01270	0.01853	0.03237	0.09918	0.01397	0.00945	0.01352	0.00780	0.00936	0.00573	0.00417	0.00434	0.00137	0.01993	0.00338	0.00192	0.00632
32	0.00763	0.00541	0.00607	0.00561	0.00725	0.00501	0.00433	0.05061	0.01077	0.09766	0.07464	0.08597	0.56412	0.01018	0.00555	0.00150	0.04069	0.00841	0.00420	0.00439
33	0.02912	0.00881	0.01597	0.04777	0.04609	0.02566	0.36424	0.01136	0.01003	0.01354	0.04154	0.11428	0.09755	0.00696	0.00514	0.00154	0.00532	0.10744	0.00298	0.04467
34	0.01368	0.08509	0.17150	0.02755	0.06806	0.02362	0.07230	0.06236	0.03024	0.30213	0.03186	0.03752	0.01788	0.00539	0.00441	0.00138	0.00487	0.02995	0.00365	0.00656
35	0.01192	0.01287	0.21500	0.10834	0.20006	0.00998	0.05834	0.11495	0.04190	0.13182	0.04399	0.01237	0.00884	0.00473	0.00444	0.00138	0.00531	0.00413	0.00304	0.00660
36	0.01059	0.01145	0.08126	0.08952	0.49972	0.03184	0.07041	0.02635	0.04643	0.01409	0.00871	0.01142	0.00716	0.02166	0.00533	0.00144	0.04981	0.00404	0.00229	0.00646
37	0.04877	0.00966	0.03260	0.09929	0.09567	0.02610	0.13092	0.03547	0.17128	0.19388	0.01275	0.01419	0.00949	0.00501	0.00445	0.00139	0.00479	0.03222	0.00353	0.06854
38	0.01450	0.00999	0.01272	0.02721	0.17758	0.01050	0.00869	0.36884	0.03356	0.16458	0.04471	0.01362	0.02650	0.00713	0.05785	0.00172	0.00501	0.00440	0.00398	0.00690
39	0.33922	0.01018	0.01067	0.04578	0.14414	0.10817	0.04362	0.01444	0.11898	0.01625	0.02455	0.03680	0.02536	0.01233	0.01082	0.00146	0.00459	0.02429	0.00291	0.00544
40	0.07527	0.00917	0.04212	0.11038	0.25515	0.00912	0.01909	0.04329	0.01013	0.20382	0.01058	0.01270	0.00813	0.04466	0.04963	0.00183	0.06377	0.00406	0.00307	0.02403

[dist]
# distance from previous block
# <min> <max>
5	34

# created by:
# /home/simao/soft/augustus-3.0.3/scripts/msa2prfl.pl ./prep/84276.aln
