[name]
unknown

[dist]
# distance from previous block
# <min> <max>
7	30

[block]
# block no. 0 follows, 82 sequences, length 34
# corresponding to MSA columns:
# 97-130
name=unknown_A
#
# <colnr> <probs for GDERKNQSTAVLIFYWHMCP>
#	G	D	E	R	K	N	Q	S	T	A	V	L	I	F	Y	W	H	M	C	P
0	0.16266	0.05884	0.07195	0.00720	0.03775	0.07033	0.04038	0.16992	0.10245	0.08840	0.04946	0.01123	0.07072	0.00426	0.00318	0.00104	0.00342	0.01044	0.02281	0.01355
1	0.04442	0.01903	0.05178	0.23054	0.12478	0.14736	0.01934	0.12395	0.00927	0.18517	0.00775	0.00868	0.00558	0.00362	0.00330	0.00104	0.00427	0.00292	0.00241	0.00480
2	0.00831	0.02298	0.01103	0.33243	0.28354	0.07943	0.00857	0.08709	0.01963	0.01096	0.00692	0.00883	0.01907	0.00340	0.00329	0.00101	0.00419	0.00296	0.01067	0.07569
3	0.04501	0.00585	0.00782	0.00601	0.00865	0.00511	0.00496	0.01629	0.00960	0.81539	0.01305	0.01135	0.00824	0.00416	0.00338	0.00105	0.00289	0.00336	0.00412	0.02369
4	0.00656	0.00486	0.00642	0.00661	0.08229	0.01761	0.03099	0.06953	0.01681	0.06774	0.28646	0.14279	0.14300	0.02453	0.03312	0.00133	0.00270	0.03508	0.01787	0.00371
5	0.00429	0.00330	0.00393	0.00426	0.00495	0.00296	0.00307	0.00516	0.00746	0.00956	0.12189	0.37084	0.35871	0.02683	0.00448	0.00131	0.00194	0.05896	0.00322	0.00288
6	0.00717	0.00661	0.01079	0.19156	0.47513	0.00685	0.00848	0.02058	0.00783	0.01078	0.09319	0.06114	0.07655	0.00441	0.00357	0.00108	0.00362	0.00406	0.00209	0.00453
7	0.00661	0.00623	0.01053	0.80897	0.08500	0.00764	0.00957	0.00887	0.00691	0.00892	0.00611	0.00907	0.00462	0.00339	0.00342	0.00113	0.00452	0.00304	0.00153	0.00392
8	0.00822	0.00637	0.00743	0.00539	0.00837	0.00512	0.00434	0.08249	0.00808	0.07458	0.00681	0.00753	0.00538	0.00280	0.00268	0.00059	0.00267	0.00222	0.00231	0.75662
9	0.00832	0.00797	0.01361	0.08440	0.79621	0.00809	0.01042	0.01037	0.00772	0.01099	0.00641	0.00851	0.00535	0.00308	0.00339	0.00103	0.00410	0.00305	0.00168	0.00530
10	0.04285	0.10988	0.00956	0.00741	0.00944	0.30291	0.00585	0.04497	0.40685	0.01186	0.00938	0.00925	0.00728	0.00399	0.00315	0.00101	0.00404	0.00296	0.00261	0.00475
11	0.44144	0.01815	0.00708	0.08554	0.03969	0.00760	0.00523	0.05408	0.00670	0.03919	0.00729	0.11768	0.00680	0.00472	0.00410	0.00117	0.13560	0.01186	0.00222	0.00385
12	0.04357	0.18782	0.04240	0.01016	0.08567	0.04053	0.23137	0.04259	0.00789	0.12098	0.00706	0.00860	0.00555	0.00371	0.00435	0.00107	0.12366	0.01561	0.01278	0.00464
13	0.00955	0.00733	0.01187	0.05994	0.34257	0.00723	0.12162	0.04459	0.06926	0.18119	0.00950	0.01043	0.03498	0.00421	0.02665	0.00116	0.00397	0.00343	0.00246	0.04806
14	0.00489	0.00335	0.00424	0.00457	0.00521	0.00304	0.00327	0.00578	0.00752	0.05378	0.15057	0.48905	0.19350	0.00933	0.00422	0.00129	0.00198	0.04805	0.00332	0.00305
15	0.00638	0.00319	0.00319	0.00319	0.00399	0.00319	0.00239	0.00797	0.00717	0.01275	0.01116	0.01275	0.00877	0.00399	0.00239	0.00080	0.00159	0.00319	0.89877	0.00319
16	0.07397	0.00728	0.01185	0.16668	0.55556	0.00757	0.01913	0.01006	0.00762	0.03807	0.05068	0.02286	0.00689	0.00348	0.00336	0.00105	0.00387	0.00325	0.00191	0.00486
17	0.02151	0.08424	0.36503	0.00788	0.01944	0.02798	0.03246	0.05684	0.07381	0.05082	0.05854	0.05031	0.00776	0.00390	0.00320	0.00099	0.00389	0.00317	0.00217	0.12605
18	0.00638	0.00319	0.00319	0.00319	0.00399	0.00319	0.00239	0.00797	0.00717	0.01275	0.01116	0.01275	0.00877	0.00399	0.00239	0.00080	0.00159	0.00319	0.89877	0.00319
19	0.00497	0.00332	0.00373	0.00373	0.00373	0.00332	0.00207	0.00497	0.00497	0.00663	0.01078	0.02239	0.01244	0.87978	0.01741	0.00332	0.00332	0.00497	0.00207	0.00207
20	0.00603	0.00436	0.00505	0.00482	0.00560	0.00459	0.00344	0.09672	0.07762	0.01011	0.01401	0.11384	0.10428	0.29347	0.16939	0.00265	0.00395	0.00507	0.07180	0.00319
21	0.02245	0.11772	0.10274	0.05035	0.04519	0.05386	0.04086	0.09373	0.04783	0.07596	0.01824	0.05035	0.00727	0.02897	0.07501	0.09392	0.05113	0.01080	0.00947	0.00414
22	0.04177	0.00549	0.00669	0.00583	0.02433	0.04026	0.03421	0.03780	0.04595	0.27471	0.25711	0.03905	0.11834	0.00559	0.00362	0.00107	0.00258	0.00474	0.04659	0.00429
23	0.00497	0.00332	0.00373	0.00373	0.00373	0.00332	0.00207	0.00497	0.00497	0.00663	0.01078	0.02239	0.01244	0.87978	0.01741	0.00332	0.00332	0.00497	0.00207	0.00207
24	0.00686	0.01769	0.86206	0.00975	0.01481	0.00794	0.01264	0.01083	0.00722	0.01083	0.00614	0.00722	0.00433	0.00325	0.00325	0.00108	0.00506	0.00253	0.00144	0.00506
25	0.01001	0.15380	0.10032	0.00742	0.02678	0.04916	0.02014	0.05415	0.35011	0.16433	0.01063	0.02209	0.00792	0.00408	0.00323	0.00104	0.00343	0.00326	0.00291	0.00518
26	0.00711	0.11279	0.76916	0.00932	0.01414	0.00856	0.01189	0.01077	0.00719	0.01053	0.00599	0.00703	0.00434	0.00321	0.00313	0.00104	0.00490	0.00245	0.00145	0.00498
27	0.00458	0.00365	0.00413	0.00398	0.00502	0.00328	0.00299	0.00616	0.04602	0.01138	0.38480	0.02888	0.46728	0.00777	0.00401	0.00112	0.00173	0.00663	0.00344	0.00314
28	0.00753	0.00716	0.01000	0.00863	0.00873	0.00984	0.00715	0.00829	0.00546	0.03527	0.00564	0.06003	0.00571	0.00622	0.01057	0.00148	0.79344	0.00341	0.00168	0.00375
29	0.00915	0.03002	0.20820	0.02238	0.01145	0.22513	0.08421	0.05410	0.00789	0.04048	0.01842	0.00813	0.00535	0.02226	0.00580	0.04610	0.19203	0.00286	0.00182	0.00423
30	0.00837	0.00685	0.00738	0.00666	0.00848	0.00778	0.00516	0.01679	0.72684	0.04900	0.07460	0.04446	0.01236	0.00501	0.00355	0.00116	0.00261	0.00423	0.00352	0.00518
31	0.00409	0.00345	0.00355	0.00356	0.00466	0.00290	0.00266	0.00499	0.00786	0.00948	0.08156	0.06466	0.77761	0.00864	0.00405	0.00116	0.00174	0.00726	0.00321	0.00290
32	0.00655	0.00559	0.01614	0.00677	0.05157	0.00556	0.07282	0.05302	0.21003	0.02079	0.30540	0.04560	0.16522	0.00611	0.00384	0.00112	0.00255	0.01397	0.00326	0.00408
33	0.04794	0.05575	0.08841	0.01846	0.04059	0.15081	0.04621	0.23781	0.15643	0.08198	0.00836	0.00864	0.00620	0.00390	0.00353	0.00104	0.03329	0.00297	0.00266	0.00505

[dist]
# distance from previous block
# <min> <max>
0	31

[block]
# block no. 1 follows, 82 sequences, length 61
# corresponding to MSA columns:
# 162-222
name=unknown_B
#
# <colnr> <probs for GDERKNQSTAVLIFYWHMCP>
#	G	D	E	R	K	N	Q	S	T	A	V	L	I	F	Y	W	H	M	C	P
0	0.15836	0.00979	0.02873	0.01960	0.00937	0.25366	0.00568	0.12874	0.09381	0.19483	0.00851	0.00880	0.00626	0.01718	0.04094	0.00124	0.00425	0.00282	0.00275	0.00468
1	0.13479	0.02572	0.03824	0.05221	0.27044	0.22981	0.03403	0.06234	0.00854	0.07368	0.00662	0.00807	0.00526	0.00351	0.00330	0.00102	0.02087	0.01484	0.00206	0.00466
2	0.00430	0.00309	0.00410	0.00486	0.00516	0.00290	0.00338	0.00500	0.00673	0.00890	0.01944	0.75862	0.05744	0.01050	0.00439	0.00140	0.00209	0.09170	0.00317	0.00282
3	0.00489	0.00329	0.00374	0.00381	0.00385	0.00326	0.00218	0.00496	0.00517	0.00686	0.01196	0.09355	0.03153	0.78887	0.01604	0.00311	0.00317	0.00542	0.00219	0.00215
4	0.04718	0.00813	0.06541	0.05251	0.21524	0.03985	0.10644	0.06881	0.07010	0.02708	0.03237	0.00992	0.00685	0.03896	0.07342	0.00148	0.05198	0.00324	0.00210	0.07892
5	0.00760	0.00725	0.05524	0.30113	0.20587	0.00685	0.01587	0.02895	0.00744	0.04118	0.00650	0.00838	0.00511	0.00338	0.01248	0.00097	0.01638	0.00275	0.00185	0.26481
6	0.85674	0.01967	0.00539	0.00468	0.00680	0.04073	0.00385	0.01020	0.00599	0.01497	0.00478	0.00558	0.00374	0.00319	0.00216	0.00105	0.00280	0.00187	0.00209	0.00372
7	0.00840	0.24696	0.43668	0.00919	0.04956	0.00949	0.06803	0.06416	0.00793	0.05060	0.00644	0.00756	0.00491	0.00330	0.00306	0.00099	0.00448	0.01157	0.00176	0.00493
8	0.00719	0.00657	0.01041	0.37218	0.28645	0.00735	0.00851	0.03384	0.06643	0.01070	0.08304	0.03529	0.01918	0.00436	0.01588	0.00117	0.02139	0.00363	0.00204	0.00439
9	0.00468	0.00349	0.00435	0.00413	0.00501	0.00316	0.00310	0.00614	0.00930	0.01282	0.69117	0.02704	0.19831	0.00733	0.00404	0.00109	0.00164	0.00639	0.00365	0.00316
10	0.12457	0.00592	0.00758	0.00589	0.00847	0.00535	0.00487	0.01586	0.00930	0.75689	0.01242	0.01089	0.00788	0.00410	0.00328	0.00106	0.00288	0.00324	0.00397	0.00556
11	0.00424	0.00347	0.00374	0.00367	0.00474	0.00297	0.00276	0.00530	0.00827	0.01036	0.24002	0.03108	0.65099	0.00825	0.00404	0.00114	0.00170	0.00696	0.00332	0.00297
12	0.75706	0.00648	0.00551	0.00476	0.00697	0.00724	0.00392	0.01115	0.00648	0.15510	0.00621	0.00656	0.00449	0.00335	0.00234	0.00106	0.00269	0.00211	0.00247	0.00405
13	0.01457	0.00565	0.00766	0.00593	0.00846	0.00489	0.00488	0.01588	0.00971	0.80028	0.04199	0.01292	0.04185	0.00449	0.00348	0.00106	0.00282	0.00368	0.00418	0.00562
14	0.01300	0.00958	0.01027	0.00787	0.01061	0.01061	0.00650	0.84704	0.01608	0.02156	0.00821	0.00821	0.00582	0.00411	0.00342	0.00103	0.00376	0.00308	0.00342	0.00582
15	0.90395	0.00662	0.00503	0.00450	0.00662	0.00767	0.00370	0.01006	0.00582	0.01535	0.00476	0.00556	0.00370	0.00318	0.00212	0.00106	0.00265	0.00185	0.00212	0.00370
16	0.90395	0.00662	0.00503	0.00450	0.00662	0.00767	0.00370	0.01006	0.00582	0.01535	0.00476	0.00556	0.00370	0.00318	0.00212	0.00106	0.00265	0.00185	0.00212	0.00370
17	0.00847	0.00813	0.01388	0.02100	0.85844	0.00813	0.01050	0.01050	0.00779	0.01118	0.00643	0.00847	0.00542	0.00305	0.00339	0.00102	0.00406	0.00305	0.00169	0.00542
18	0.00915	0.88184	0.01793	0.00585	0.00878	0.01354	0.00585	0.01024	0.00695	0.00805	0.00476	0.00549	0.00439	0.00293	0.00219	0.00073	0.00366	0.00183	0.00146	0.00439
19	0.01300	0.00958	0.01027	0.00787	0.01061	0.01061	0.00650	0.84704	0.01608	0.02156	0.00821	0.00821	0.00582	0.00411	0.00342	0.00103	0.00376	0.00308	0.00342	0.00582
20	0.00851	0.00735	0.00773	0.00696	0.00890	0.00851	0.00541	0.01818	0.85226	0.01431	0.01392	0.01276	0.01044	0.00464	0.00348	0.00116	0.00271	0.00387	0.00348	0.00541
21	0.00484	0.00350	0.00457	0.00430	0.00511	0.00323	0.00323	0.00646	0.00968	0.01372	0.85664	0.02555	0.03228	0.00699	0.00403	0.00108	0.00161	0.00619	0.00377	0.00323
22	0.00417	0.00298	0.00397	0.00476	0.00496	0.00278	0.00318	0.00476	0.00655	0.00873	0.01885	0.87755	0.02262	0.01072	0.00437	0.00139	0.00198	0.00972	0.00318	0.00278
23	0.01485	0.00572	0.00774	0.00597	0.00855	0.00493	0.00492	0.01616	0.00970	0.82368	0.01442	0.01257	0.04547	0.00443	0.00347	0.00106	0.00286	0.00360	0.00419	0.00569
24	0.00761	0.00639	0.00857	0.00742	0.00824	0.00800	0.01742	0.16311	0.00745	0.01929	0.00716	0.01009	0.00641	0.02333	0.32027	0.00287	0.35665	0.00330	0.01254	0.00388
25	0.00487	0.00355	0.00453	0.00435	0.00519	0.00329	0.00330	0.00650	0.02008	0.01306	0.70230	0.03856	0.10494	0.00724	0.00404	0.00111	0.00172	0.04857	0.01958	0.00321
26	0.00446	0.00319	0.00430	0.00508	0.00542	0.00303	0.00368	0.00527	0.00686	0.00907	0.01891	0.68277	0.03361	0.01041	0.00444	0.00143	0.00224	0.18981	0.00317	0.00286
27	0.00905	0.03796	0.01377	0.03503	0.60782	0.12279	0.07899	0.02164	0.02045	0.01081	0.00639	0.00820	0.00529	0.00314	0.00336	0.00100	0.00446	0.00299	0.00174	0.00510
28	0.00648	0.00544	0.00679	0.03848	0.09283	0.00586	0.00505	0.01088	0.32799	0.01173	0.12390	0.24190	0.05540	0.01777	0.01317	0.00127	0.01442	0.01337	0.00311	0.00415
29	0.00417	0.00298	0.00397	0.00476	0.00496	0.00278	0.00318	0.00476	0.00655	0.00873	0.01885	0.87755	0.02262	0.01072	0.00437	0.00139	0.00198	0.00972	0.00318	0.00278
30	0.01261	0.05684	0.01008	0.00867	0.01049	0.82612	0.00657	0.01350	0.00957	0.00836	0.00526	0.00614	0.00441	0.00350	0.00304	0.00087	0.00605	0.00219	0.00175	0.00399
31	0.00775	0.12315	0.48112	0.03779	0.05198	0.01790	0.07746	0.02019	0.03811	0.05046	0.02485	0.00905	0.03822	0.00357	0.00326	0.00104	0.00449	0.00295	0.00183	0.00484
32	0.00699	0.00670	0.01159	0.63846	0.20626	0.00777	0.05525	0.00925	0.00712	0.00939	0.00620	0.00898	0.00478	0.00331	0.00345	0.00111	0.00452	0.00310	0.00157	0.00420
33	0.00561	0.00473	0.00689	0.00647	0.00691	0.00601	0.00517	0.00670	0.00543	0.00802	0.00786	0.01177	0.00742	0.02015	0.62705	0.00438	0.25096	0.00348	0.00174	0.00325
34	0.07217	0.40293	0.02247	0.00791	0.04723	0.27663	0.04646	0.05829	0.00837	0.02166	0.00543	0.00627	0.00457	0.00322	0.00270	0.00086	0.00450	0.00221	0.00177	0.00437
35	0.00484	0.00360	0.00536	0.00542	0.00599	0.00413	0.00416	0.00597	0.00557	0.00798	0.00992	0.08507	0.00968	0.02421	0.78191	0.01862	0.00847	0.00416	0.00194	0.00301
36	0.85297	0.00698	0.03259	0.01456	0.01878	0.00769	0.00415	0.01007	0.00590	0.01507	0.00484	0.00569	0.00376	0.00318	0.00219	0.00106	0.00276	0.00190	0.00208	0.00377
37	0.00445	0.00315	0.00403	0.00457	0.00501	0.00288	0.00314	0.00518	0.00705	0.02762	0.09013	0.67129	0.13888	0.00998	0.00427	0.00132	0.00194	0.00895	0.00325	0.00290
38	0.00842	0.40416	0.27279	0.00972	0.12498	0.04284	0.06031	0.01074	0.01949	0.00959	0.00568	0.00677	0.00465	0.00309	0.00284	0.00091	0.00435	0.00238	0.00155	0.00474
39	0.00417	0.00305	0.00390	0.00457	0.00489	0.00281	0.00307	0.00479	0.00668	0.00875	0.02076	0.74642	0.13259	0.03034	0.00462	0.00140	0.00198	0.00928	0.00315	0.00278
40	0.00519	0.00404	0.00574	0.05667	0.00699	0.00396	0.05269	0.00680	0.02515	0.01142	0.41872	0.07073	0.09935	0.08053	0.05755	0.00158	0.00277	0.05169	0.03519	0.00322
41	0.00417	0.00298	0.00397	0.00476	0.00496	0.00278	0.00318	0.00476	0.00655	0.00873	0.01885	0.87755	0.02262	0.01072	0.00437	0.00139	0.00198	0.00972	0.00318	0.00278
42	0.00421	0.00302	0.00399	0.00470	0.00496	0.00281	0.00316	0.00487	0.00677	0.00905	0.07022	0.80430	0.04437	0.01044	0.00434	0.00136	0.00196	0.00945	0.00321	0.00281
43	0.01294	0.00902	0.00980	0.00754	0.01020	0.00986	0.00622	0.74592	0.01522	0.09084	0.00876	0.00867	0.00615	0.00411	0.00338	0.00102	0.00361	0.00311	0.03788	0.00572
44	0.00432	0.00348	0.00386	0.00376	0.00479	0.00301	0.00282	0.00545	0.00846	0.01082	0.32475	0.03032	0.56598	0.00807	0.00404	0.00113	0.00169	0.00685	0.00338	0.00301
45	0.00915	0.88184	0.01793	0.00585	0.00878	0.01354	0.00585	0.01024	0.00695	0.00805	0.00476	0.00549	0.00439	0.00293	0.00219	0.00073	0.00366	0.00183	0.00146	0.00439
46	0.00686	0.01769	0.86206	0.00975	0.01481	0.00794	0.01264	0.01083	0.00722	0.01083	0.00614	0.00722	0.00433	0.00325	0.00325	0.00108	0.00506	0.00253	0.00144	0.00506
47	0.90395	0.00662	0.00503	0.00450	0.00662	0.00767	0.00370	0.01006	0.00582	0.01535	0.00476	0.00556	0.00370	0.00318	0.00212	0.00106	0.00265	0.00185	0.00212	0.00370
48	0.00404	0.00347	0.00347	0.00347	0.00462	0.00289	0.00260	0.00491	0.00780	0.00924	0.03465	0.03292	0.85706	0.00866	0.00404	0.00116	0.00173	0.00722	0.00318	0.00289
49	0.05059	0.00701	0.00850	0.04472	0.14929	0.02319	0.00610	0.08189	0.34568	0.06684	0.13338	0.01313	0.02764	0.00461	0.00363	0.00110	0.02087	0.00386	0.00305	0.00490
50	0.90395	0.00662	0.00503	0.00450	0.00662	0.00767	0.00370	0.01006	0.00582	0.01535	0.00476	0.00556	0.00370	0.00318	0.00212	0.00106	0.00265	0.00185	0.00212	0.00370
51	0.00489	0.00367	0.00550	0.00550	0.00611	0.00428	0.00428	0.00611	0.00550	0.00794	0.00916	0.01344	0.00855	0.02566	0.86623	0.00550	0.00916	0.00367	0.00183	0.00305
52	0.00646	0.00608	0.01026	0.87156	0.02356	0.00760	0.00950	0.00874	0.00684	0.00874	0.00608	0.00912	0.00456	0.00342	0.00342	0.00114	0.00456	0.00304	0.00152	0.00380
53	0.03291	0.85860	0.01758	0.00582	0.00872	0.01338	0.00580	0.01024	0.00692	0.00824	0.00476	0.00549	0.00437	0.00293	0.00219	0.00074	0.00363	0.00183	0.00148	0.00437
54	0.00955	0.72355	0.01682	0.00682	0.04172	0.01238	0.03359	0.01076	0.00721	0.07901	0.00561	0.00629	0.00480	0.00312	0.00265	0.00080	0.02697	0.00211	0.00171	0.00454
55	0.01320	0.00927	0.01007	0.00772	0.01045	0.01015	0.00638	0.77816	0.01556	0.09118	0.00865	0.00850	0.00604	0.00412	0.00342	0.00103	0.00369	0.00311	0.00349	0.00582
56	0.00416	0.00301	0.00393	0.00467	0.00494	0.00279	0.00313	0.00477	0.00664	0.00877	0.01998	0.81737	0.08208	0.01057	0.00434	0.00137	0.00197	0.00955	0.00318	0.00279
57	0.00904	0.03663	0.51075	0.00963	0.08803	0.00721	0.01887	0.01199	0.00789	0.21626	0.00845	0.02827	0.00618	0.00376	0.00334	0.00108	0.00431	0.02094	0.00222	0.00516
58	0.00969	0.00705	0.00777	0.00680	0.00883	0.00783	0.00536	0.05589	0.64160	0.15300	0.01377	0.03030	0.01034	0.00477	0.00351	0.00115	0.00278	0.02057	0.00359	0.00540
59	0.00505	0.00354	0.00464	0.00434	0.00518	0.00326	0.00326	0.00666	0.00969	0.03077	0.83966	0.02527	0.03180	0.00694	0.00402	0.00108	0.00164	0.00613	0.00377	0.00328
60	0.00810	0.00822	0.06856	0.05748	0.59618	0.00763	0.05632	0.01049	0.03818	0.02869	0.00764	0.05406	0.00654	0.00358	0.00344	0.00105	0.00399	0.00346	0.03132	0.00507

[dist]
# distance from previous block
# <min> <max>
0	4

[block]
# block no. 2 follows, 82 sequences, length 15
# corresponding to MSA columns:
# 227-241
name=unknown_C
#
# <colnr> <probs for GDERKNQSTAVLIFYWHMCP>
#	G	D	E	R	K	N	Q	S	T	A	V	L	I	F	Y	W	H	M	C	P
0	0.00808	0.17425	0.10883	0.08658	0.01467	0.08168	0.38535	0.01037	0.00778	0.00985	0.00840	0.00990	0.07181	0.00349	0.00347	0.00104	0.00490	0.00346	0.00175	0.00436
1	0.00488	0.00351	0.00519	0.00530	0.00580	0.00395	0.00400	0.00577	0.00556	0.00788	0.01026	0.13670	0.01033	0.02230	0.66777	0.08387	0.00759	0.00447	0.00199	0.00288
2	0.32805	0.14030	0.09120	0.06137	0.01136	0.12721	0.15056	0.03444	0.00740	0.01188	0.00551	0.00671	0.00433	0.00318	0.00282	0.00101	0.00420	0.00244	0.00184	0.00419
3	0.00467	0.00339	0.00451	0.00522	0.00574	0.00323	0.00401	0.00566	0.00718	0.00936	0.02018	0.47168	0.10662	0.01002	0.00447	0.00144	0.00240	0.32414	0.00317	0.00293
4	0.00745	0.02670	0.03265	0.00752	0.12968	0.01859	0.00526	0.00910	0.00753	0.03467	0.07844	0.00893	0.00747	0.00308	0.00283	0.00067	0.00284	0.00258	0.00215	0.61185
5	0.00494	0.00414	0.00450	0.00515	0.00550	0.07604	0.00354	0.00559	0.00686	0.00875	0.01768	0.77870	0.02099	0.01007	0.00427	0.00135	0.00237	0.03363	0.00305	0.00289
6	0.00752	0.02500	0.31291	0.07802	0.28410	0.00787	0.00978	0.01151	0.15224	0.01141	0.04089	0.00998	0.02634	0.00370	0.00338	0.00107	0.00407	0.00320	0.00201	0.00501
7	0.00456	0.00374	0.00406	0.00401	0.00508	0.00339	0.00299	0.00624	0.07446	0.01047	0.19139	0.10155	0.55945	0.00820	0.00402	0.00116	0.00181	0.00697	0.00331	0.00314
8	0.00461	0.00332	0.00433	0.00452	0.00508	0.00309	0.00325	0.00575	0.00818	0.01126	0.44542	0.33842	0.05132	0.04815	0.00480	0.00132	0.00191	0.04884	0.00342	0.00300
9	0.13875	0.00843	0.00897	0.00708	0.00954	0.00931	0.00582	0.60556	0.01334	0.07157	0.00813	0.00849	0.00591	0.00581	0.07643	0.00141	0.00401	0.00298	0.00315	0.00528
10	0.00491	0.00359	0.00512	0.00512	0.00560	0.00407	0.00381	0.00587	0.00539	0.00766	0.00951	0.01534	0.00938	0.20692	0.68609	0.00503	0.00792	0.00394	0.00188	0.00285
11	0.04556	0.10290	0.15602	0.07062	0.26824	0.03505	0.11892	0.04553	0.00807	0.04288	0.05919	0.00905	0.00672	0.00346	0.00339	0.00103	0.01357	0.00309	0.00193	0.00479
12	0.00765	0.26555	0.53325	0.00892	0.01316	0.00962	0.07482	0.01085	0.02782	0.01013	0.00599	0.00701	0.00456	0.00316	0.00301	0.00099	0.00465	0.00248	0.00152	0.00484
13	0.00432	0.00309	0.00413	0.00485	0.00514	0.00290	0.00336	0.00505	0.00685	0.00917	0.07269	0.75677	0.02301	0.01038	0.00437	0.00138	0.00205	0.07443	0.00321	0.00284
14	0.00491	0.00359	0.00511	0.00511	0.00559	0.00407	0.00379	0.00586	0.00538	0.00765	0.00952	0.01540	0.00940	0.21256	0.68048	0.00502	0.00788	0.00395	0.00189	0.00284

[dist]
# distance from previous block
# <min> <max>
0	1

[block]
# block no. 3 follows, 82 sequences, length 11
# corresponding to MSA columns:
# 243-253
name=unknown_D
#
# <colnr> <probs for GDERKNQSTAVLIFYWHMCP>
#	G	D	E	R	K	N	Q	S	T	A	V	L	I	F	Y	W	H	M	C	P
0	0.72209	0.06491	0.00654	0.00514	0.00731	0.09096	0.00424	0.04554	0.00670	0.01446	0.00496	0.00572	0.00391	0.00323	0.00227	0.00102	0.00310	0.00194	0.00209	0.00386
1	0.00587	0.00304	0.00452	0.00454	0.00462	0.00303	0.00311	0.00468	0.00485	0.00649	0.04300	0.01249	0.00777	0.01155	0.01253	0.81599	0.00292	0.04567	0.00167	0.00165
2	0.00930	0.00774	0.00818	0.00712	0.00920	0.00888	0.00561	0.16470	0.70445	0.01559	0.01291	0.01196	0.00962	0.00455	0.00347	0.00114	0.00289	0.00373	0.00347	0.00549
3	0.00538	0.00385	0.00537	0.00615	0.00688	0.00383	0.00529	0.00687	0.00775	0.01009	0.01818	0.11852	0.01997	0.00957	0.00469	0.00156	0.00304	0.75675	0.00315	0.00311
4	0.00915	0.88184	0.01793	0.00585	0.00878	0.01354	0.00585	0.01024	0.00695	0.00805	0.00476	0.00549	0.00439	0.00293	0.00219	0.00073	0.00366	0.00183	0.00146	0.00439
5	0.00936	0.06745	0.33381	0.07022	0.06193	0.02652	0.15004	0.04668	0.00829	0.18138	0.00774	0.00856	0.00545	0.00341	0.00338	0.00106	0.00454	0.00300	0.00216	0.00503
6	0.00431	0.00348	0.00384	0.00375	0.00479	0.00300	0.00281	0.00543	0.00844	0.01076	0.31295	0.03043	0.57781	0.00810	0.00404	0.00113	0.00169	0.00687	0.00338	0.00300
7	0.00625	0.00381	0.00502	0.00454	0.00560	0.00347	0.00347	0.00783	0.00970	0.12730	0.74359	0.02369	0.02908	0.00662	0.00395	0.00107	0.00179	0.00582	0.00383	0.00358
8	0.03318	0.00844	0.13679	0.05599	0.12339	0.00687	0.10235	0.10111	0.00905	0.28841	0.01005	0.09214	0.00782	0.00431	0.00352	0.00110	0.00379	0.00382	0.00281	0.00507
9	0.00794	0.00840	0.10182	0.06311	0.12919	0.02184	0.26312	0.04089	0.08251	0.03635	0.04619	0.01082	0.02287	0.00372	0.00362	0.00107	0.01983	0.00360	0.12855	0.00455
10	0.00774	0.00463	0.00549	0.00484	0.00640	0.00433	0.00378	0.01019	0.13239	0.22535	0.22697	0.02282	0.31822	0.00655	0.00381	0.00111	0.00214	0.00553	0.00363	0.00408

[dist]
# distance from previous block
# <min> <max>
0	5

[block]
# block no. 4 follows, 82 sequences, length 63
# corresponding to MSA columns:
# 259-321
name=unknown_E
#
# <colnr> <probs for GDERKNQSTAVLIFYWHMCP>
#	G	D	E	R	K	N	Q	S	T	A	V	L	I	F	Y	W	H	M	C	P
0	0.86336	0.00659	0.00526	0.04371	0.00738	0.00767	0.00397	0.01000	0.00587	0.01505	0.00482	0.00572	0.00374	0.00319	0.00218	0.00106	0.00273	0.00191	0.00209	0.00371
1	0.00727	0.00632	0.00939	0.25640	0.28222	0.03562	0.00753	0.00912	0.02233	0.06209	0.04406	0.07768	0.13896	0.00497	0.00361	0.00111	0.00356	0.02125	0.00228	0.00422
2	0.00804	0.00762	0.01249	0.30051	0.53913	0.02014	0.00996	0.04188	0.00782	0.01073	0.00637	0.00864	0.00514	0.00322	0.00339	0.00106	0.00425	0.00303	0.00170	0.00488
3	0.21012	0.01238	0.00869	0.02609	0.00990	0.48080	0.00594	0.14717	0.00981	0.05060	0.00603	0.00667	0.00467	0.00357	0.00295	0.00096	0.00482	0.00234	0.00221	0.00429
4	0.01253	0.01447	0.00951	0.00838	0.01028	0.66860	0.00640	0.16774	0.01076	0.01101	0.00609	0.00685	0.00486	0.00365	0.00312	0.00090	0.00552	0.00241	0.04263	0.00427
5	0.00638	0.00319	0.00319	0.00319	0.00399	0.00319	0.00239	0.00797	0.00717	0.01275	0.01116	0.01275	0.00877	0.00399	0.00239	0.00080	0.00159	0.00319	0.89877	0.00319
6	0.00851	0.00735	0.00773	0.00696	0.00890	0.00851	0.00541	0.01818	0.85226	0.01431	0.01392	0.01276	0.01044	0.00464	0.00348	0.00116	0.00271	0.00387	0.00348	0.00541
7	0.00493	0.00350	0.00464	0.00464	0.00496	0.00381	0.00321	0.00556	0.00524	0.00731	0.00994	0.01776	0.01043	0.43851	0.45594	0.00444	0.00634	0.00430	0.00195	0.00258
8	0.00638	0.00319	0.00319	0.00319	0.00399	0.00319	0.00239	0.00797	0.00717	0.01275	0.01116	0.01275	0.00877	0.00399	0.00239	0.00080	0.00159	0.00319	0.89877	0.00319
9	0.90395	0.00662	0.00503	0.00450	0.00662	0.00767	0.00370	0.01006	0.00582	0.01535	0.00476	0.00556	0.00370	0.00318	0.00212	0.00106	0.00265	0.00185	0.00212	0.00370
10	0.00481	0.00350	0.00453	0.00427	0.00509	0.00322	0.00321	0.00640	0.00962	0.01356	0.82764	0.02581	0.06138	0.00705	0.00403	0.00108	0.00162	0.00622	0.00374	0.00322
11	0.00486	0.00327	0.00376	0.00388	0.00391	0.00324	0.00223	0.00494	0.00520	0.00693	0.01193	0.14467	0.01389	0.75551	0.01555	0.00304	0.00313	0.00565	0.00223	0.00217
12	0.00646	0.00608	0.01026	0.87156	0.02356	0.00760	0.00950	0.00874	0.00684	0.00874	0.00608	0.00912	0.00456	0.00342	0.00342	0.00114	0.00456	0.00304	0.00152	0.00380
13	0.00646	0.00608	0.01026	0.87156	0.02356	0.00760	0.00950	0.00874	0.00684	0.00874	0.00608	0.00912	0.00456	0.00342	0.00342	0.00114	0.00456	0.00304	0.00152	0.00380
14	0.02681	0.00893	0.01910	0.08041	0.01808	0.00855	0.76367	0.01077	0.00793	0.01088	0.00681	0.00914	0.00511	0.00293	0.00395	0.00115	0.00561	0.00391	0.00172	0.00453
15	0.01526	0.00596	0.00802	0.00615	0.00880	0.00523	0.00508	0.04673	0.01002	0.83044	0.01330	0.01152	0.00837	0.00423	0.00344	0.00106	0.00294	0.00343	0.00420	0.00582
16	0.00417	0.00298	0.00397	0.00476	0.00496	0.00278	0.00318	0.00476	0.00655	0.00873	0.01885	0.87755	0.02262	0.01072	0.00437	0.00139	0.00198	0.00972	0.00318	0.00278
17	0.00883	0.76133	0.13564	0.00640	0.00962	0.01276	0.00680	0.01033	0.00699	0.00844	0.00495	0.00573	0.00438	0.00297	0.00234	0.00078	0.00385	0.00193	0.00146	0.00448
18	0.00660	0.00704	0.07220	0.76163	0.06952	0.00765	0.00978	0.00899	0.00692	0.00903	0.00610	0.00895	0.00459	0.00339	0.00341	0.00113	0.00457	0.00300	0.00152	0.00398
19	0.84380	0.00656	0.00522	0.00461	0.00676	0.00749	0.00379	0.01050	0.00609	0.07257	0.00535	0.00597	0.00403	0.00325	0.00221	0.00106	0.00266	0.00196	0.00226	0.00385
20	0.01523	0.00601	0.00806	0.00618	0.00883	0.00531	0.00510	0.05870	0.01011	0.81834	0.01323	0.01147	0.00833	0.00423	0.00344	0.00106	0.00295	0.00342	0.00419	0.00582
21	0.01898	0.01657	0.06294	0.09370	0.10604	0.01409	0.05553	0.03057	0.01795	0.31023	0.03811	0.06668	0.04022	0.02950	0.00403	0.00120	0.00346	0.08255	0.00297	0.00467
22	0.00646	0.00607	0.05556	0.15269	0.19944	0.00572	0.03403	0.02269	0.01677	0.02511	0.02400	0.23957	0.01309	0.00653	0.00395	0.00126	0.00345	0.17719	0.00246	0.00394
23	0.00435	0.00308	0.00405	0.00472	0.00503	0.00288	0.00325	0.00510	0.00688	0.00928	0.07541	0.72807	0.04606	0.01013	0.00429	0.00135	0.00200	0.04935	0.03189	0.00284
24	0.56013	0.08191	0.03774	0.01884	0.11280	0.09025	0.00543	0.01070	0.00672	0.04128	0.00537	0.00628	0.00423	0.00321	0.00247	0.00101	0.00336	0.00212	0.00201	0.00412
25	0.00672	0.00395	0.00479	0.00431	0.00563	0.00346	0.00333	0.00798	0.00889	0.18540	0.33684	0.02524	0.35098	0.00700	0.00387	0.00110	0.00193	0.00594	0.02903	0.00362
26	0.03902	0.31772	0.01335	0.04449	0.14183	0.16013	0.03622	0.04074	0.06978	0.04239	0.00635	0.00734	0.00522	0.00348	0.00340	0.00095	0.05858	0.00254	0.00191	0.00458
27	0.00741	0.00658	0.00939	0.03959	0.14514	0.00821	0.00689	0.01911	0.00650	0.02940	0.03687	0.01072	0.04637	0.00552	0.01677	0.00132	0.47187	0.01343	0.11498	0.00395
28	0.00439	0.00344	0.00397	0.00392	0.00485	0.00302	0.00291	0.00554	0.00848	0.01107	0.37711	0.09817	0.44465	0.00813	0.00407	0.00114	0.00170	0.00699	0.00342	0.00302
29	0.00730	0.00400	0.00519	0.00459	0.00583	0.00362	0.00355	0.00881	0.00945	0.20538	0.57252	0.02181	0.05925	0.00623	0.00379	0.00106	0.00191	0.00540	0.06651	0.00380
30	0.00851	0.00735	0.00773	0.00696	0.00890	0.00851	0.00541	0.01818	0.85226	0.01431	0.01392	0.01276	0.01044	0.00464	0.00348	0.00116	0.00271	0.00387	0.00348	0.00541
31	0.90395	0.00662	0.00503	0.00450	0.00662	0.00767	0.00370	0.01006	0.00582	0.01535	0.00476	0.00556	0.00370	0.00318	0.00212	0.00106	0.00265	0.00185	0.00212	0.00370
32	0.00748	0.00748	0.01048	0.00898	0.00898	0.01048	0.00748	0.00823	0.00524	0.00823	0.00449	0.00748	0.00449	0.00599	0.01123	0.00150	0.87352	0.00299	0.00150	0.00374
33	0.01278	0.01630	0.00969	0.00881	0.01058	0.86605	0.00661	0.01366	0.00969	0.00837	0.00529	0.00617	0.00441	0.00353	0.00308	0.00088	0.00617	0.00220	0.00176	0.00397
34	0.01535	0.00582	0.00794	0.00609	0.00873	0.00503	0.00503	0.01667	0.00979	0.86081	0.01350	0.01164	0.00847	0.00423	0.00344	0.00106	0.00291	0.00344	0.00423	0.00582
35	0.00915	0.88184	0.01793	0.00585	0.00878	0.01354	0.00585	0.01024	0.00695	0.00805	0.00476	0.00549	0.00439	0.00293	0.00219	0.00073	0.00366	0.00183	0.00146	0.00439
36	0.00915	0.88184	0.01793	0.00585	0.00878	0.01354	0.00585	0.01024	0.00695	0.00805	0.00476	0.00549	0.00439	0.00293	0.00219	0.00073	0.00366	0.00183	0.00146	0.00439
37	0.00482	0.00364	0.00455	0.00478	0.00568	0.00337	0.00387	0.00615	0.00833	0.01085	0.25801	0.05212	0.29567	0.00854	0.00430	0.00129	0.00223	0.31538	0.00333	0.00308
38	0.01535	0.00582	0.00794	0.00609	0.00873	0.00503	0.00503	0.01667	0.00979	0.86081	0.01350	0.01164	0.00847	0.00423	0.00344	0.00106	0.00291	0.00344	0.00423	0.00582
39	0.00686	0.01769	0.86206	0.00975	0.01481	0.00794	0.01264	0.01083	0.00722	0.01083	0.00614	0.00722	0.00433	0.00325	0.00325	0.00108	0.00506	0.00253	0.00144	0.00506
40	0.00851	0.00735	0.00773	0.00696	0.00890	0.00851	0.00541	0.01818	0.85226	0.01431	0.01392	0.01276	0.01044	0.00464	0.00348	0.00116	0.00271	0.00387	0.00348	0.00541
41	0.00473	0.00348	0.00442	0.00420	0.00505	0.00318	0.00315	0.00623	0.00939	0.01307	0.73837	0.04064	0.13682	0.00727	0.00404	0.00109	0.00164	0.00638	0.00368	0.00318
42	0.00423	0.00308	0.00401	0.00472	0.00505	0.00286	0.00325	0.00491	0.00676	0.00887	0.02044	0.74081	0.10876	0.01043	0.00435	0.00138	0.00203	0.05806	0.00317	0.00281
43	0.00540	0.00386	0.00539	0.00617	0.00691	0.00384	0.00532	0.00690	0.00777	0.01011	0.01817	0.10768	0.01993	0.00955	0.00470	0.00156	0.00305	0.76742	0.00315	0.00312
44	0.01278	0.01630	0.00969	0.00881	0.01058	0.86605	0.00661	0.01366	0.00969	0.00837	0.00529	0.00617	0.00441	0.00353	0.00308	0.00088	0.00617	0.00220	0.00176	0.00397
45	0.00439	0.00331	0.00394	0.00410	0.00476	0.00299	0.00288	0.00528	0.00762	0.00999	0.24332	0.28380	0.30082	0.10036	0.00554	0.00143	0.00194	0.00747	0.00321	0.00286
46	0.00428	0.00306	0.00410	0.00486	0.00511	0.00290	0.00333	0.00495	0.00658	0.00877	0.01843	0.78985	0.02191	0.02356	0.02807	0.00154	0.00227	0.06051	0.00312	0.00280
47	0.00646	0.00608	0.01026	0.87156	0.02356	0.00760	0.00950	0.00874	0.00684	0.00874	0.00608	0.00912	0.00456	0.00342	0.00342	0.00114	0.00456	0.00304	0.00152	0.00380
48	0.90395	0.00662	0.00503	0.00450	0.00662	0.00767	0.00370	0.01006	0.00582	0.01535	0.00476	0.00556	0.00370	0.00318	0.00212	0.00106	0.00265	0.00185	0.00212	0.00370
49	0.00915	0.88184	0.01793	0.00585	0.00878	0.01354	0.00585	0.01024	0.00695	0.00805	0.00476	0.00549	0.00439	0.00293	0.00219	0.00073	0.00366	0.00183	0.00146	0.00439
50	0.00547	0.00389	0.00466	0.00469	0.01567	0.00361	0.00344	0.00719	0.07245	0.06860	0.22334	0.21143	0.32015	0.00806	0.00404	0.00119	0.00199	0.03335	0.00339	0.00338
51	0.10242	0.00644	0.00770	0.00595	0.00858	0.02744	0.00487	0.06597	0.00935	0.56818	0.01091	0.00996	0.00719	0.00383	0.00315	0.00096	0.00296	0.00300	0.00356	0.14757
52	0.00646	0.00608	0.01026	0.87156	0.02356	0.00760	0.00950	0.00874	0.00684	0.00874	0.00608	0.00912	0.00456	0.00342	0.00342	0.00114	0.00456	0.00304	0.00152	0.00380
53	0.00417	0.00298	0.00397	0.00476	0.00496	0.00278	0.00318	0.00476	0.00655	0.00873	0.01885	0.87755	0.02262	0.01072	0.00437	0.00139	0.00198	0.00972	0.00318	0.00278
54	0.05970	0.02980	0.20852	0.17688	0.07048	0.00801	0.09772	0.11818	0.00864	0.13642	0.00741	0.00853	0.00532	0.00354	0.00357	0.00108	0.03061	0.00298	0.00222	0.02040
55	0.00697	0.00649	0.01072	0.72062	0.12832	0.00782	0.00949	0.03962	0.00728	0.00951	0.00618	0.00898	0.00471	0.00343	0.00352	0.00113	0.01648	0.00304	0.00161	0.00408
56	0.10417	0.00566	0.00575	0.00490	0.00650	0.00609	0.00391	0.26621	0.02659	0.03460	0.00968	0.01057	0.00735	0.00395	0.00272	0.00091	0.00242	0.00303	0.49082	0.00415
57	0.06951	0.00690	0.00723	0.00650	0.00838	0.00788	0.00508	0.01668	0.69084	0.04729	0.02371	0.01274	0.01021	0.00458	0.00335	0.00113	0.00264	0.01502	0.05520	0.00513
58	0.03202	0.09425	0.07821	0.00714	0.00965	0.11663	0.00621	0.23865	0.06642	0.22437	0.00959	0.05299	0.00737	0.01725	0.00359	0.00107	0.01428	0.01229	0.00298	0.00505
59	0.00477	0.00380	0.00409	0.00401	0.00514	0.00341	0.00303	0.02858	0.02581	0.02953	0.07165	0.09891	0.65764	0.00841	0.00415	0.00118	0.01476	0.02480	0.00322	0.00311
60	0.06690	0.00473	0.00574	0.01712	0.08281	0.00472	0.00438	0.04761	0.06666	0.01202	0.21662	0.06101	0.25122	0.00687	0.00382	0.00116	0.00236	0.10958	0.03104	0.00361
61	0.00881	0.00750	0.00791	0.00702	0.00901	0.00865	0.00549	0.07459	0.79536	0.01480	0.01353	0.01245	0.01013	0.00460	0.00348	0.00115	0.00278	0.00381	0.00348	0.00544
62	0.33073	0.05460	0.05342	0.00889	0.10218	0.00812	0.15700	0.08223	0.04375	0.05484	0.01895	0.00814	0.01606	0.00339	0.00297	0.00103	0.00362	0.00281	0.00224	0.04506

[dist]
# distance from previous block
# <min> <max>
3	27

[block]
# block no. 5 follows, 82 sequences, length 61
# corresponding to MSA columns:
# 349-409
name=unknown_F
#
# <colnr> <probs for GDERKNQSTAVLIFYWHMCP>
#	G	D	E	R	K	N	Q	S	T	A	V	L	I	F	Y	W	H	M	C	P
0	0.05068	0.14303	0.04705	0.00603	0.00851	0.04164	0.00521	0.12890	0.09712	0.12330	0.03019	0.02502	0.02646	0.00387	0.00295	0.00089	0.00308	0.00299	0.07665	0.17643
1	0.00428	0.00337	0.00387	0.00410	0.00488	0.00300	0.00294	0.00531	0.02261	0.00977	0.14253	0.32558	0.43742	0.00908	0.00414	0.00123	0.00182	0.00789	0.00326	0.00294
2	0.00811	0.00683	0.00971	0.08922	0.28368	0.00625	0.00680	0.04398	0.00782	0.05467	0.00688	0.00859	0.00561	0.00306	0.00301	0.00080	0.00329	0.01814	0.00206	0.43150
3	0.00646	0.00608	0.01026	0.87156	0.02356	0.00760	0.00950	0.00874	0.00684	0.00874	0.00608	0.00912	0.00456	0.00342	0.00342	0.00114	0.00456	0.00304	0.00152	0.00380
4	0.00966	0.00648	0.00712	0.00591	0.00771	0.00693	0.00472	0.38114	0.06522	0.06570	0.10864	0.04811	0.01105	0.02454	0.00361	0.00106	0.00278	0.01302	0.22200	0.00461
5	0.00833	0.00799	0.01364	0.07753	0.80295	0.00809	0.01043	0.01038	0.00773	0.01101	0.00641	0.00851	0.00536	0.00307	0.00339	0.00102	0.00410	0.00305	0.00168	0.00531
6	0.00709	0.00608	0.00709	0.00507	0.00811	0.00456	0.00405	0.00861	0.00709	0.01115	0.00608	0.00709	0.00507	0.00253	0.00253	0.00051	0.00253	0.00203	0.00203	0.90069
7	0.00452	0.00313	0.00386	0.00431	0.00442	0.00302	0.00269	0.00486	0.00586	0.00781	0.01530	0.50122	0.01814	0.39317	0.01011	0.00224	0.00257	0.00763	0.00269	0.00247
8	0.00831	0.00803	0.01398	0.03666	0.76031	0.00802	0.06586	0.01039	0.00779	0.01108	0.00682	0.00945	0.00582	0.00324	0.00347	0.00104	0.00416	0.02855	0.00174	0.00526
9	0.00522	0.00416	0.00555	0.00552	0.00613	0.03953	0.00423	0.00634	0.00563	0.00787	0.00911	0.01374	0.00864	0.08152	0.77443	0.00516	0.00865	0.00369	0.00185	0.00303
10	0.01158	0.00616	0.00736	0.00601	0.00816	0.00615	0.00484	0.12758	0.18951	0.39650	0.06710	0.01328	0.04485	0.00464	0.00341	0.00106	0.00273	0.00379	0.09011	0.00520
11	0.00523	0.00386	0.00548	0.00538	0.00600	0.00442	0.00410	0.04032	0.00587	0.00834	0.00932	0.01431	0.00891	0.12857	0.72783	0.00505	0.00823	0.00380	0.00193	0.00305
12	0.00716	0.01559	0.65267	0.01091	0.01557	0.00812	0.21991	0.01086	0.00743	0.01086	0.00633	0.00772	0.00455	0.00316	0.00345	0.00110	0.00523	0.00290	0.00152	0.00495
13	0.00827	0.00793	0.01353	0.10321	0.77775	0.00808	0.01040	0.01033	0.00770	0.01094	0.00640	0.00853	0.00534	0.00308	0.00339	0.00103	0.00411	0.00305	0.00168	0.00526
14	0.00714	0.12271	0.75948	0.00928	0.01407	0.00862	0.01181	0.01076	0.00719	0.01049	0.00597	0.00701	0.00434	0.00321	0.00312	0.00104	0.00489	0.00244	0.00145	0.00497
15	0.00404	0.00347	0.00347	0.00347	0.00462	0.00289	0.00260	0.00491	0.00780	0.00924	0.03465	0.03292	0.85706	0.00866	0.00404	0.00116	0.00173	0.00722	0.00318	0.00289
16	0.00484	0.00350	0.00457	0.00430	0.00511	0.00323	0.00323	0.00646	0.00968	0.01372	0.85664	0.02555	0.03228	0.00699	0.00403	0.00108	0.00161	0.00619	0.00377	0.00323
17	0.00493	0.00344	0.00468	0.00541	0.00589	0.00333	0.00417	0.00594	0.00711	0.02015	0.01815	0.46804	0.02077	0.04371	0.00502	0.00154	0.00256	0.36909	0.00314	0.00295
18	0.00489	0.00367	0.00550	0.00550	0.00611	0.00428	0.00428	0.00611	0.00550	0.00794	0.00916	0.01344	0.00855	0.02566	0.86623	0.00550	0.00916	0.00367	0.00183	0.00305
19	0.01535	0.00582	0.00794	0.00609	0.00873	0.00503	0.00503	0.01667	0.00979	0.86081	0.01350	0.01164	0.00847	0.00423	0.00344	0.00106	0.00291	0.00344	0.00423	0.00582
20	0.00635	0.00581	0.00832	0.05747	0.00853	0.00770	0.00618	0.00732	0.00543	0.00810	0.00669	0.02102	0.00650	0.04876	0.31728	0.00298	0.46708	0.00340	0.00166	0.00342
21	0.00585	0.00461	0.00594	0.00554	0.00583	0.00547	0.00404	0.03077	0.03009	0.00801	0.00923	0.01683	0.00976	0.42961	0.20312	0.00324	0.19428	0.02290	0.00200	0.00288
22	0.00885	0.00888	0.01313	0.09104	0.57642	0.11229	0.06521	0.01077	0.00794	0.02706	0.00661	0.00890	0.00551	0.00334	0.00360	0.00104	0.02405	0.01862	0.00176	0.00498
23	0.05881	0.00870	0.06619	0.07755	0.59911	0.01663	0.09384	0.01874	0.00771	0.01127	0.00635	0.00832	0.00517	0.00309	0.00337	0.00104	0.00427	0.00304	0.00171	0.00510
24	0.00417	0.00298	0.00397	0.00476	0.00496	0.00278	0.00318	0.00476	0.00655	0.00873	0.01885	0.87755	0.02262	0.01072	0.00437	0.00139	0.00198	0.00972	0.00318	0.00278
25	0.00826	0.60634	0.10671	0.00607	0.00894	0.02126	0.00615	0.00984	0.01626	0.00927	0.10481	0.00848	0.01646	0.00350	0.00259	0.00081	0.00351	0.00251	0.00181	0.05644
26	0.00489	0.00367	0.00550	0.00550	0.00611	0.00428	0.00428	0.00611	0.00550	0.00794	0.00916	0.01344	0.00855	0.02566	0.86623	0.00550	0.00916	0.00367	0.00183	0.00305
27	0.00497	0.00332	0.00373	0.00373	0.00373	0.00332	0.00207	0.00497	0.00497	0.00663	0.01078	0.02239	0.01244	0.87978	0.01741	0.00332	0.00332	0.00497	0.00207	0.00207
28	0.01227	0.00903	0.00978	0.00764	0.01020	0.01001	0.00628	0.72901	0.07094	0.03463	0.00874	0.00888	0.00633	0.00539	0.05344	0.00130	0.00399	0.00317	0.00335	0.00563
29	0.00844	0.00777	0.04263	0.00708	0.00914	0.00849	0.00571	0.01788	0.81774	0.01417	0.01360	0.01254	0.01019	0.00458	0.00347	0.00116	0.00280	0.00381	0.00340	0.00540
30	0.00686	0.01769	0.86206	0.00975	0.01481	0.00794	0.01264	0.01083	0.00722	0.01083	0.00614	0.00722	0.00433	0.00325	0.00325	0.00108	0.00506	0.00253	0.00144	0.00506
31	0.00638	0.00319	0.00319	0.00319	0.00399	0.00319	0.00239	0.00797	0.00717	0.01275	0.01116	0.01275	0.00877	0.00399	0.00239	0.00080	0.00159	0.00319	0.89877	0.00319
32	0.00618	0.00511	0.00586	0.06038	0.02665	0.00527	0.00430	0.07720	0.20142	0.01212	0.15769	0.05554	0.35549	0.00672	0.00382	0.00114	0.00234	0.00569	0.00322	0.00387
33	0.00490	0.00363	0.00530	0.00530	0.00585	0.00417	0.00403	0.00598	0.00544	0.00780	0.00934	0.01442	0.00898	0.11955	0.77291	0.00526	0.00852	0.00381	0.00186	0.00295
34	0.01425	0.00759	0.00903	0.00693	0.00961	0.00765	0.00572	0.40715	0.01275	0.46615	0.01101	0.01003	0.00722	0.00417	0.00343	0.00104	0.00331	0.00327	0.00385	0.00582
35	0.00732	0.00622	0.00722	0.00518	0.00820	0.00479	0.00415	0.04105	0.00744	0.01155	0.00616	0.00714	0.00510	0.00259	0.00257	0.00053	0.00258	0.00207	0.00208	0.86607
36	0.08054	0.14883	0.35779	0.00844	0.01176	0.28095	0.02759	0.01146	0.00786	0.00995	0.00581	0.02347	0.00469	0.00342	0.00298	0.00097	0.00496	0.00244	0.00164	0.00445
37	0.01520	0.00606	0.00809	0.00620	0.00885	0.00538	0.00512	0.06945	0.01019	0.80747	0.01316	0.01142	0.00830	0.00423	0.00344	0.00106	0.00296	0.00342	0.00418	0.00582
38	0.00557	0.00397	0.00505	0.00486	0.00536	0.00433	0.00342	0.07258	0.00610	0.00841	0.00984	0.01720	0.01015	0.42307	0.40083	0.00412	0.00600	0.00423	0.00207	0.00282
39	0.00646	0.00608	0.01026	0.87156	0.02356	0.00760	0.00950	0.00874	0.00684	0.00874	0.00608	0.00912	0.00456	0.00342	0.00342	0.00114	0.00456	0.00304	0.00152	0.00380
40	0.84730	0.00723	0.00532	0.00477	0.00687	0.06223	0.00389	0.01028	0.00607	0.01490	0.00480	0.00560	0.00375	0.00320	0.00218	0.00105	0.00287	0.00187	0.00209	0.00372
41	0.00803	0.07663	0.00937	0.02949	0.00891	0.01769	0.00613	0.12134	0.18022	0.01117	0.00801	0.00991	0.00679	0.01793	0.18420	0.00213	0.29232	0.00324	0.00223	0.00426
42	0.01301	0.00534	0.00718	0.00573	0.00793	0.00471	0.00462	0.01446	0.02719	0.66747	0.12068	0.04934	0.01227	0.03873	0.00409	0.00116	0.00272	0.00411	0.00403	0.00521
43	0.00646	0.00608	0.01026	0.87156	0.02356	0.00760	0.00950	0.00874	0.00684	0.00874	0.00608	0.00912	0.00456	0.00342	0.00342	0.00114	0.00456	0.00304	0.00152	0.00380
44	0.02565	0.04420	0.16878	0.00783	0.05888	0.00702	0.00691	0.04245	0.21787	0.23917	0.04649	0.01382	0.00982	0.00466	0.00350	0.00113	0.00336	0.09034	0.00306	0.00507
45	0.00457	0.00326	0.00435	0.00474	0.00502	0.00333	0.00325	0.00521	0.00592	0.00805	0.01435	0.43019	0.01641	0.21891	0.23837	0.00295	0.00424	0.02164	0.00256	0.00269
46	0.00439	0.00332	0.00409	0.00446	0.00511	0.00301	0.00326	0.00536	0.00763	0.00996	0.17868	0.38523	0.26882	0.00929	0.00425	0.00128	0.00196	0.09368	0.00328	0.00293
47	0.00828	0.00794	0.01356	0.09815	0.78271	0.00808	0.01041	0.01034	0.00770	0.01095	0.00640	0.00853	0.00534	0.00308	0.00339	0.00103	0.00411	0.00305	0.00168	0.00527
48	0.01039	0.45886	0.01502	0.00835	0.06407	0.20924	0.07989	0.04681	0.00830	0.06180	0.00586	0.00666	0.00484	0.00320	0.00277	0.00085	0.00441	0.00234	0.00182	0.00453
49	0.00417	0.00299	0.00396	0.00474	0.00495	0.00278	0.00316	0.00477	0.00658	0.00874	0.01919	0.85977	0.04019	0.01067	0.00436	0.00138	0.00198	0.00967	0.00318	0.00278
50	0.00686	0.01769	0.86206	0.00975	0.01481	0.00794	0.01264	0.01083	0.00722	0.01083	0.00614	0.00722	0.00433	0.00325	0.00325	0.00108	0.00506	0.00253	0.00144	0.00506
51	0.00994	0.00705	0.01051	0.27512	0.25996	0.02250	0.00811	0.09747	0.00888	0.21979	0.01755	0.02527	0.00666	0.00381	0.00345	0.00108	0.00387	0.01155	0.00251	0.00495
