[name]
unknown

[dist]
# distance from previous block
# <min> <max>
0	34

[block]
# block no. 0 follows, 79 sequences, length 13
# corresponding to MSA columns:
# 35-47
name=unknown_A
#
# <colnr> <probs for GDERKNQSTAVLIFYWHMCP>
#	G	D	E	R	K	N	Q	S	T	A	V	L	I	F	Y	W	H	M	C	P
0	0.00650	0.00591	0.00924	0.61002	0.01921	0.02601	0.00850	0.00856	0.00724	0.00926	0.00916	0.04229	0.00846	0.00575	0.03098	0.00141	0.01990	0.16587	0.00196	0.00373
1	0.07566	0.00696	0.01115	0.50017	0.27737	0.00785	0.00938	0.00966	0.00728	0.01042	0.00627	0.00881	0.00493	0.00334	0.00337	0.00110	0.00429	0.00299	0.00169	0.04733
2	0.37667	0.00739	0.00877	0.17627	0.10892	0.04866	0.05357	0.01108	0.05548	0.06034	0.03525	0.00855	0.00602	0.00357	0.00299	0.00109	0.00362	0.00280	0.00223	0.02673
3	0.06010	0.00450	0.00552	0.00479	0.00618	0.00412	0.00362	0.00884	0.00853	0.17887	0.36065	0.01991	0.05763	0.14295	0.03097	0.00155	0.00259	0.00491	0.00334	0.09045
4	0.90103	0.00682	0.00518	0.00463	0.00682	0.00791	0.00382	0.01036	0.00600	0.01581	0.00491	0.00573	0.00382	0.00327	0.00218	0.00109	0.00273	0.00191	0.00218	0.00382
5	0.00567	0.00360	0.00465	0.00477	0.00555	0.00327	0.00345	0.00672	0.00823	0.09562	0.26745	0.41307	0.12955	0.00894	0.00427	0.00128	0.00202	0.02500	0.00356	0.00334
6	0.41184	0.00714	0.00731	0.00590	0.00841	0.00755	0.00487	0.17876	0.00955	0.31352	0.00879	0.00848	0.00598	0.00385	0.00293	0.00108	0.00305	0.00274	0.00322	0.00502
7	0.04200	0.00645	0.00840	0.00677	0.02928	0.00595	0.00540	0.11296	0.01058	0.68935	0.01297	0.03555	0.00859	0.00447	0.00353	0.00110	0.00310	0.00362	0.00410	0.00583
8	0.00457	0.00341	0.00384	0.00401	0.00455	0.00312	0.00266	0.00513	0.00685	0.00872	0.06715	0.21457	0.33640	0.30888	0.00900	0.00201	0.00240	0.00715	0.00291	0.00268
9	0.02874	0.23957	0.06394	0.00914	0.05200	0.09659	0.15466	0.05664	0.03926	0.15638	0.03070	0.00882	0.00652	0.00370	0.00357	0.00102	0.03844	0.00303	0.00235	0.00491
10	0.02541	0.06005	0.06682	0.18698	0.29887	0.09476	0.04929	0.06885	0.02731	0.01125	0.00650	0.00833	0.00521	0.00351	0.00376	0.00107	0.04606	0.00296	0.00186	0.03117
11	0.00894	0.03009	0.01306	0.10457	0.20646	0.02288	0.18941	0.15007	0.03276	0.03394	0.02464	0.08384	0.00768	0.00440	0.00433	0.00116	0.07064	0.00401	0.00230	0.00484
12	0.06023	0.03446	0.05919	0.13498	0.29071	0.08054	0.06434	0.06787	0.09014	0.03337	0.00867	0.00993	0.04267	0.00376	0.00344	0.00108	0.00423	0.00328	0.00216	0.00493

[dist]
# distance from previous block
# <min> <max>
1	3

[block]
# block no. 1 follows, 79 sequences, length 6
# corresponding to MSA columns:
# 51-56
name=unknown_B
#
# <colnr> <probs for GDERKNQSTAVLIFYWHMCP>
#	G	D	E	R	K	N	Q	S	T	A	V	L	I	F	Y	W	H	M	C	P
0	0.04312	0.02667	0.15184	0.03733	0.05350	0.03549	0.08863	0.03657	0.04486	0.19530	0.09354	0.01154	0.00923	0.00679	0.10188	0.00164	0.05110	0.00357	0.00264	0.00475
1	0.00954	0.00991	0.09334	0.07214	0.31869	0.08317	0.09844	0.12641	0.00924	0.04902	0.00751	0.00993	0.00608	0.00387	0.00402	0.00112	0.05109	0.03925	0.00213	0.00509
2	0.00581	0.00446	0.00572	0.00556	0.00633	0.00506	0.00414	0.00854	0.17519	0.00920	0.01080	0.01576	0.01009	0.21135	0.50115	0.00426	0.00676	0.00412	0.00229	0.00341
3	0.01052	0.00936	0.14164	0.10707	0.14013	0.07271	0.03733	0.05498	0.06996	0.24967	0.00998	0.06449	0.00763	0.00427	0.00356	0.00111	0.00404	0.00364	0.00275	0.00516
4	0.16678	0.15324	0.14685	0.00725	0.00996	0.06109	0.04293	0.06341	0.15083	0.07425	0.00901	0.08398	0.00753	0.00433	0.00315	0.00108	0.00370	0.00340	0.00249	0.00472
5	0.00719	0.00722	0.08342	0.06759	0.22244	0.00696	0.00747	0.00879	0.00744	0.05315	0.08369	0.12136	0.10524	0.00590	0.00552	0.00124	0.19405	0.00472	0.00234	0.00425

[dist]
# distance from previous block
# <min> <max>
1	5

[block]
# block no. 2 follows, 79 sequences, length 29
# corresponding to MSA columns:
# 62-90
name=unknown_C
#
# <colnr> <probs for GDERKNQSTAVLIFYWHMCP>
#	G	D	E	R	K	N	Q	S	T	A	V	L	I	F	Y	W	H	M	C	P
0	0.01024	0.00688	0.01045	0.14817	0.02340	0.00700	0.14886	0.14049	0.05503	0.24235	0.02765	0.09858	0.02935	0.03005	0.00418	0.00123	0.00378	0.00439	0.00305	0.00487
1	0.08671	0.07337	0.26050	0.00875	0.06783	0.01691	0.03644	0.11614	0.07364	0.10580	0.00942	0.09560	0.00787	0.00453	0.00341	0.00112	0.00390	0.02054	0.00253	0.00498
2	0.00962	0.08225	0.06910	0.12341	0.03413	0.16278	0.03870	0.15598	0.07464	0.04887	0.02522	0.02470	0.03820	0.00640	0.08921	0.00151	0.00489	0.00337	0.00240	0.00460
3	0.00800	0.00913	0.03952	0.01233	0.02488	0.06546	0.52975	0.01026	0.00785	0.01051	0.02084	0.11216	0.00774	0.00448	0.00509	0.00124	0.11988	0.00457	0.00195	0.00437
4	0.02026	0.00518	0.00581	0.00540	0.00650	0.04169	0.01985	0.11264	0.02446	0.08788	0.05647	0.28992	0.08361	0.12812	0.00580	0.00150	0.00276	0.00615	0.09234	0.00367
5	0.00930	0.11458	0.15176	0.00778	0.01040	0.04910	0.09140	0.11447	0.08233	0.11323	0.06874	0.03935	0.02024	0.09148	0.00506	0.00131	0.01835	0.00379	0.00263	0.00468
6	0.00923	0.09821	0.21598	0.01065	0.01406	0.03377	0.29880	0.11513	0.04283	0.05524	0.00742	0.01596	0.00561	0.00365	0.00407	0.00112	0.05783	0.00333	0.00211	0.00500
7	0.00482	0.00346	0.00468	0.00535	0.00579	0.00340	0.00401	0.00576	0.00697	0.00925	0.01810	0.47400	0.04016	0.06322	0.09108	0.00202	0.00321	0.24869	0.00306	0.00296
8	0.02461	0.03535	0.06259	0.04276	0.07625	0.00874	0.11289	0.19893	0.21378	0.08508	0.02770	0.04514	0.00826	0.00441	0.00390	0.00114	0.03656	0.00377	0.00289	0.00523
9	0.02700	0.04421	0.07814	0.07749	0.19969	0.05021	0.12024	0.09595	0.13037	0.02113	0.00857	0.02774	0.00717	0.09093	0.00496	0.00133	0.00424	0.00358	0.00226	0.00481
10	0.00801	0.00906	0.04103	0.01339	0.01655	0.00840	0.68971	0.03435	0.00830	0.01130	0.00831	0.09573	0.00712	0.00391	0.00435	0.00122	0.02807	0.00465	0.00197	0.00459
11	0.00451	0.00321	0.00429	0.00507	0.00535	0.00304	0.00354	0.00523	0.00686	0.00911	0.01899	0.72972	0.02249	0.04576	0.00509	0.00154	0.00226	0.11782	0.00322	0.00288
12	0.02658	0.14710	0.23992	0.00819	0.02872	0.03690	0.03165	0.20310	0.04914	0.06678	0.00912	0.10971	0.00784	0.00461	0.00340	0.00108	0.00402	0.01464	0.00251	0.00498
13	0.00668	0.00549	0.01705	0.00673	0.02079	0.00527	0.11267	0.06042	0.09960	0.03909	0.38556	0.05827	0.10896	0.00651	0.00407	0.00117	0.00271	0.05157	0.00339	0.00399
14	0.00520	0.00339	0.00384	0.00389	0.00402	0.00336	0.00230	0.00548	0.00566	0.00791	0.04567	0.08380	0.01402	0.69134	0.01486	0.00292	0.00307	0.00535	0.09157	0.00235
15	0.00811	0.00828	0.03097	0.30596	0.22426	0.00855	0.27422	0.05826	0.00821	0.01114	0.00672	0.00914	0.00519	0.00335	0.00388	0.00115	0.02263	0.00345	0.00179	0.00473
16	0.02730	0.02185	0.17653	0.00807	0.02252	0.02207	0.05457	0.17526	0.22510	0.07405	0.05364	0.09720	0.01627	0.00494	0.00363	0.00115	0.00363	0.00417	0.00298	0.00509
17	0.03848	0.00869	0.00894	0.13646	0.07921	0.19217	0.00660	0.09237	0.09283	0.09902	0.01000	0.14927	0.00894	0.00550	0.01810	0.00122	0.04095	0.00416	0.00262	0.00448
18	0.00429	0.00307	0.00409	0.00491	0.00511	0.00286	0.00327	0.00491	0.00675	0.00900	0.01943	0.87384	0.02331	0.01104	0.00450	0.00143	0.00204	0.01002	0.00327	0.00286
19	0.00770	0.01269	0.44038	0.03160	0.04754	0.00788	0.08045	0.05061	0.02575	0.04822	0.07162	0.01094	0.05253	0.00430	0.00438	0.00117	0.09187	0.00346	0.00207	0.00484
20	0.02149	0.07231	0.27179	0.00979	0.05339	0.14502	0.10385	0.03533	0.08981	0.01985	0.02569	0.04445	0.00721	0.00425	0.00394	0.00112	0.05401	0.02992	0.00207	0.00472
21	0.00512	0.00345	0.00403	0.00403	0.00409	0.00352	0.00236	0.00524	0.00518	0.00697	0.01094	0.02214	0.01241	0.79124	0.10229	0.00364	0.00402	0.00499	0.00211	0.00224
22	0.01452	0.00596	0.00785	0.00610	0.00868	0.00527	0.00501	0.05983	0.01023	0.72761	0.01579	0.01400	0.09290	0.00481	0.00361	0.00110	0.00292	0.00391	0.00421	0.00570
23	0.01062	0.02643	0.01067	0.05266	0.10270	0.02760	0.07099	0.33435	0.08039	0.09618	0.01038	0.10227	0.01782	0.00488	0.00388	0.00114	0.02700	0.01185	0.00302	0.00519
24	0.00892	0.04683	0.09027	0.05159	0.40056	0.03224	0.03041	0.02197	0.13198	0.05182	0.00780	0.00916	0.00619	0.00380	0.00426	0.00112	0.09060	0.00318	0.00210	0.00522
25	0.00775	0.00781	0.01055	0.00909	0.00917	0.03516	0.00754	0.00855	0.00554	0.00847	0.00486	0.00793	0.00480	0.00696	0.04776	0.00170	0.80785	0.00309	0.00156	0.00383
26	0.08312	0.00839	0.01034	0.19993	0.23244	0.11824	0.00775	0.05962	0.00863	0.13875	0.00742	0.00865	0.00557	0.00349	0.00327	0.00102	0.00411	0.00288	0.00228	0.09410
27	0.01026	0.10584	0.04314	0.03020	0.18356	0.15266	0.07831	0.16484	0.02982	0.03676	0.01682	0.00821	0.00576	0.00356	0.00349	0.00098	0.02643	0.00289	0.00222	0.09424
28	0.00799	0.19065	0.44760	0.09553	0.07849	0.00948	0.01036	0.04277	0.06490	0.01105	0.00668	0.00780	0.00507	0.00341	0.00318	0.00105	0.00457	0.00267	0.00174	0.00502

[dist]
# distance from previous block
# <min> <max>
0	1

[block]
# block no. 3 follows, 79 sequences, length 25
# corresponding to MSA columns:
# 92-107,109-117
name=unknown_D
#
# <colnr> <probs for GDERKNQSTAVLIFYWHMCP>
#	G	D	E	R	K	N	Q	S	T	A	V	L	I	F	Y	W	H	M	C	P
0	0.00873	0.00794	0.01276	0.32094	0.36654	0.00863	0.06186	0.14728	0.00910	0.01237	0.00683	0.00897	0.00532	0.00345	0.00355	0.00110	0.00443	0.00321	0.00198	0.00500
1	0.00971	0.00828	0.06120	0.05091	0.27912	0.03483	0.06872	0.13670	0.00965	0.14445	0.01280	0.01328	0.14563	0.00448	0.00365	0.00109	0.00384	0.00393	0.00266	0.00507
2	0.01168	0.13685	0.01077	0.00797	0.01022	0.56563	0.00626	0.04665	0.00942	0.00961	0.00563	0.00650	0.00471	0.00340	0.00297	0.00083	0.00527	0.00222	0.00189	0.15153
3	0.01031	0.00677	0.00803	0.00595	0.00890	0.00585	0.00483	0.15190	0.00957	0.21248	0.02062	0.00888	0.00658	0.00336	0.00301	0.00076	0.00290	0.00268	0.00289	0.52375
4	0.00842	0.03280	0.21535	0.02867	0.04114	0.00765	0.22491	0.04076	0.07933	0.09709	0.14742	0.01211	0.01050	0.00422	0.00399	0.00114	0.03327	0.00389	0.00251	0.00484
5	0.00493	0.00334	0.00390	0.00409	0.00414	0.00329	0.00240	0.00507	0.00550	0.00734	0.01304	0.22055	0.01525	0.67533	0.01482	0.00296	0.00310	0.00626	0.00240	0.00230
6	0.00700	0.00661	0.01119	0.72820	0.16108	0.00792	0.00996	0.00930	0.00721	0.00942	0.00632	0.00929	0.00484	0.00346	0.00352	0.00115	0.00461	0.00313	0.00160	0.00419
7	0.03945	0.00702	0.02035	0.16600	0.03332	0.07757	0.00603	0.11146	0.00941	0.17690	0.09732	0.02647	0.14869	0.00569	0.01990	0.00121	0.03535	0.01051	0.00295	0.00440
8	0.00834	0.00958	0.14655	0.17115	0.12874	0.00830	0.27823	0.01153	0.06929	0.06814	0.00767	0.00946	0.00575	0.00383	0.01493	0.00122	0.04695	0.00348	0.00199	0.00486
9	0.00510	0.00345	0.00402	0.00396	0.00413	0.00340	0.00237	0.00543	0.00609	0.00828	0.17807	0.02371	0.01687	0.70367	0.01520	0.00296	0.00307	0.00537	0.00248	0.00237
10	0.01715	0.00703	0.01269	0.15137	0.01447	0.00696	0.32367	0.03113	0.03820	0.15869	0.08485	0.05999	0.01050	0.00468	0.00396	0.00120	0.00426	0.06198	0.00267	0.00455
11	0.00847	0.24305	0.18400	0.19648	0.14178	0.00967	0.04910	0.01078	0.01603	0.05865	0.00645	0.00801	0.00506	0.00345	0.00356	0.00104	0.04512	0.00277	0.00175	0.00476
12	0.00609	0.00456	0.00594	0.00649	0.00745	0.00475	0.00549	0.00901	0.14643	0.01113	0.01800	0.09642	0.01893	0.00901	0.00463	0.00154	0.00308	0.63415	0.00330	0.00360
13	0.00877	0.00393	0.00445	0.00400	0.00527	0.00374	0.00311	0.01035	0.00803	0.21392	0.01207	0.01287	0.00896	0.00417	0.00272	0.00089	0.00197	0.00335	0.68353	0.00393
14	0.01170	0.00704	0.00819	0.00679	0.00881	0.04995	0.00545	0.23939	0.03123	0.31645	0.01144	0.08741	0.00901	0.00883	0.15509	0.00192	0.02888	0.00399	0.00337	0.00505
15	0.01102	0.00766	0.02940	0.02548	0.09970	0.02013	0.00627	0.26731	0.11876	0.20061	0.16316	0.01307	0.01202	0.00471	0.00364	0.00109	0.00326	0.00391	0.00348	0.00533
16	0.00441	0.00348	0.00382	0.00398	0.00493	0.00300	0.00289	0.00527	0.00783	0.02276	0.06512	0.24178	0.59978	0.00931	0.00424	0.00125	0.00186	0.00797	0.00331	0.00301
17	0.71670	0.00775	0.00628	0.00540	0.00767	0.04497	0.00442	0.14768	0.00791	0.01656	0.00552	0.00620	0.00421	0.00345	0.00245	0.00108	0.00307	0.00213	0.00239	0.00419
18	0.00463	0.00355	0.00424	0.00414	0.00506	0.00316	0.00308	0.00592	0.00901	0.01202	0.48437	0.09121	0.34058	0.00813	0.00419	0.00116	0.00174	0.00704	0.00361	0.00316
19	0.00924	0.73505	0.01885	0.00749	0.01059	0.01312	0.14373	0.01067	0.00735	0.00879	0.00527	0.00629	0.00466	0.00301	0.00257	0.00083	0.00413	0.00226	0.00155	0.00456
20	0.00818	0.00788	0.00760	0.00580	0.00858	0.14597	0.00452	0.00957	0.00766	0.01081	0.00634	0.00783	0.00543	0.04018	0.00336	0.00071	0.00326	0.00225	0.00205	0.71204
21	0.00449	0.00317	0.00401	0.00461	0.00480	0.00300	0.00298	0.00496	0.00640	0.00850	0.01799	0.64307	0.04871	0.21690	0.00769	0.00190	0.00236	0.00877	0.00300	0.00269
22	0.01271	0.00673	0.02504	0.00656	0.00896	0.00641	0.00539	0.11980	0.17004	0.47715	0.07475	0.04915	0.01109	0.00490	0.00363	0.00112	0.00298	0.00404	0.00397	0.00557
23	0.06888	0.00770	0.00851	0.00684	0.00917	0.01957	0.00555	0.43317	0.02128	0.20329	0.02175	0.08461	0.05383	0.00581	0.03245	0.00126	0.00353	0.00404	0.00352	0.00527
24	0.41577	0.00747	0.00705	0.01546	0.00812	0.01777	0.00469	0.29375	0.00963	0.02492	0.00714	0.00923	0.00592	0.12485	0.00488	0.00138	0.00328	0.00283	0.00264	0.03323

[dist]
# distance from previous block
# <min> <max>
8	33

[block]
# block no. 4 follows, 79 sequences, length 29
# corresponding to MSA columns:
# 151-179
name=unknown_E
#
# <colnr> <probs for GDERKNQSTAVLIFYWHMCP>
#	G	D	E	R	K	N	Q	S	T	A	V	L	I	F	Y	W	H	M	C	P
0	0.00522	0.00365	0.00468	0.00470	0.00549	0.00339	0.00355	0.00654	0.00878	0.03574	0.46123	0.13781	0.11753	0.06461	0.00518	0.00138	0.00210	0.12166	0.00355	0.00321
1	0.51815	0.04655	0.03171	0.00654	0.00875	0.27481	0.02499	0.01178	0.02847	0.01299	0.00540	0.00624	0.00430	0.00341	0.00261	0.00103	0.00405	0.00215	0.00205	0.00404
2	0.00920	0.79594	0.09881	0.00641	0.00964	0.01339	0.00670	0.01061	0.00719	0.00857	0.00504	0.00582	0.00452	0.00305	0.00237	0.00079	0.00391	0.00195	0.00151	0.00459
3	0.00525	0.00338	0.00399	0.00399	0.00400	0.00340	0.00231	0.00509	0.00507	0.00678	0.01044	0.02127	0.01187	0.74475	0.04066	0.11525	0.00354	0.00483	0.00205	0.00209
4	0.00543	0.00465	0.02888	0.00639	0.00736	0.00492	0.06005	0.00713	0.03345	0.00864	0.00941	0.01361	0.00864	0.04566	0.73292	0.00504	0.00872	0.00381	0.00193	0.00336
5	0.00514	0.00378	0.00526	0.00521	0.00564	0.00428	0.00381	0.00600	0.00549	0.00778	0.00981	0.01646	0.00990	0.28269	0.58327	0.00487	0.03162	0.00416	0.00195	0.00286
6	0.02137	0.01703	0.73681	0.00991	0.01466	0.03889	0.03487	0.01137	0.00756	0.03875	0.00649	0.00759	0.00463	0.00347	0.00361	0.00112	0.03249	0.00267	0.00161	0.00512
7	0.00436	0.00318	0.00411	0.00471	0.00509	0.00293	0.00321	0.00512	0.00726	0.00965	0.11718	0.68624	0.11323	0.01037	0.00442	0.00137	0.00197	0.00932	0.00334	0.00293
8	0.36575	0.00627	0.00654	0.00538	0.00765	0.00647	0.00441	0.07812	0.00862	0.34795	0.00959	0.00938	0.00660	0.00389	0.00286	0.00105	0.00278	0.00283	0.11907	0.00478
9	0.00493	0.00358	0.00464	0.00441	0.00524	0.00329	0.00329	0.00651	0.00977	0.01374	0.78471	0.05711	0.07070	0.00742	0.00417	0.00112	0.00168	0.00655	0.00383	0.00329
10	0.00788	0.00830	0.01652	0.20968	0.19397	0.00834	0.44867	0.01044	0.00791	0.01073	0.00727	0.04040	0.00590	0.00342	0.00389	0.00116	0.00515	0.00392	0.00178	0.00467
11	0.00453	0.00356	0.00409	0.00400	0.00499	0.00312	0.00298	0.00574	0.00882	0.01149	0.38751	0.06721	0.46286	0.00828	0.00418	0.00117	0.00174	0.00709	0.00353	0.00312
12	0.00466	0.00359	0.00425	0.00409	0.00506	0.00318	0.00306	0.00601	0.00919	0.01227	0.52245	0.02939	0.36426	0.00790	0.00416	0.00114	0.00171	0.00680	0.00363	0.00318
13	0.00736	0.12575	0.75294	0.00954	0.01448	0.00891	0.01215	0.01109	0.00741	0.01080	0.00615	0.00722	0.00447	0.00331	0.00321	0.00107	0.00503	0.00251	0.00149	0.00512
14	0.00481	0.00408	0.03507	0.00447	0.00549	0.00338	0.00352	0.00629	0.00916	0.01251	0.56005	0.09791	0.22465	0.00779	0.00416	0.00115	0.00185	0.00679	0.00360	0.00327
15	0.00657	0.00328	0.00328	0.00328	0.00411	0.00328	0.00246	0.00821	0.00739	0.01314	0.01150	0.01314	0.00903	0.00411	0.00246	0.00082	0.00164	0.00328	0.89571	0.00328
16	0.06574	0.00465	0.00659	0.28125	0.01172	0.00514	0.00572	0.02033	0.00742	0.01031	0.09131	0.29533	0.05414	0.00783	0.02745	0.00142	0.00325	0.09433	0.00267	0.00341
17	0.01269	0.01953	0.09684	0.04285	0.05051	0.00725	0.08614	0.15884	0.02914	0.43021	0.01087	0.02270	0.00739	0.00410	0.00357	0.00110	0.00377	0.00349	0.00338	0.00562
18	0.00864	0.00735	0.00773	0.00703	0.00880	0.03506	0.00544	0.03417	0.66053	0.03559	0.01427	0.10457	0.01170	0.00548	0.00389	0.00122	0.02539	0.01448	0.00346	0.00519
19	0.00871	0.00877	0.01203	0.40297	0.20471	0.12907	0.07432	0.06977	0.03554	0.01081	0.00671	0.00888	0.00521	0.00350	0.00352	0.00110	0.00480	0.00312	0.00186	0.00458
20	0.06481	0.16802	0.10734	0.01877	0.03644	0.02726	0.01730	0.03948	0.00721	0.06717	0.00673	0.00891	0.00574	0.00620	0.07925	0.00150	0.22527	0.02535	0.00197	0.08529
21	0.00702	0.03033	0.25516	0.20907	0.12477	0.00740	0.02782	0.03841	0.00777	0.01063	0.01064	0.04950	0.07972	0.00493	0.00400	0.00120	0.03816	0.08705	0.00202	0.00442
22	0.01271	0.01583	0.00978	0.00888	0.01071	0.77274	0.00668	0.01456	0.09762	0.00927	0.00638	0.00707	0.00519	0.00375	0.00322	0.00094	0.00598	0.00245	0.00200	0.00424
23	0.90103	0.00682	0.00518	0.00463	0.00682	0.00791	0.00382	0.01036	0.00600	0.01581	0.00491	0.00573	0.00382	0.00327	0.00218	0.00109	0.00273	0.00191	0.00218	0.00382
24	0.90103	0.00682	0.00518	0.00463	0.00682	0.00791	0.00382	0.01036	0.00600	0.01581	0.00491	0.00573	0.00382	0.00327	0.00218	0.00109	0.00273	0.00191	0.00218	0.00382
25	0.00451	0.00361	0.02176	0.00478	0.00540	0.00313	0.00351	0.00546	0.00755	0.00997	0.14158	0.52278	0.18451	0.00985	0.00438	0.00134	0.00208	0.05745	0.00332	0.00302
26	0.00468	0.00386	0.00433	0.00442	0.00546	0.00356	0.00344	0.00595	0.03163	0.00995	0.06660	0.09059	0.58434	0.00891	0.00452	0.00128	0.03046	0.12965	0.00325	0.00313
27	0.12903	0.03255	0.15630	0.01838	0.03880	0.02935	0.00708	0.23008	0.15927	0.10373	0.00886	0.00896	0.00643	0.00388	0.00324	0.00106	0.00368	0.00297	0.00284	0.05351
28	0.00512	0.00360	0.00460	0.00487	0.00546	0.00342	0.00354	0.02317	0.00794	0.02405	0.23844	0.35197	0.07943	0.10945	0.00595	0.00157	0.00230	0.11871	0.00332	0.00307

[dist]
# distance from previous block
# <min> <max>
0	1

[block]
# block no. 5 follows, 79 sequences, length 7
# corresponding to MSA columns:
# 181-187
name=unknown_F
#
# <colnr> <probs for GDERKNQSTAVLIFYWHMCP>
#	G	D	E	R	K	N	Q	S	T	A	V	L	I	F	Y	W	H	M	C	P
0	0.05666	0.15986	0.22806	0.05552	0.05934	0.04157	0.05007	0.10759	0.04699	0.12626	0.00761	0.00828	0.00560	0.00366	0.00344	0.00105	0.02821	0.00284	0.00229	0.00508
1	0.00820	0.13048	0.54378	0.01004	0.05932	0.00898	0.05540	0.06983	0.00823	0.03650	0.00696	0.00860	0.00531	0.00357	0.00332	0.00108	0.00478	0.02871	0.00180	0.00513
2	0.00507	0.00334	0.00428	0.00463	0.00517	0.00310	0.00325	0.00608	0.00775	0.03971	0.22050	0.52612	0.05307	0.00914	0.00417	0.00127	0.00194	0.00817	0.09011	0.00313
3	0.00679	0.00681	0.06807	0.38979	0.04482	0.00728	0.02675	0.00871	0.00706	0.02678	0.04470	0.05978	0.03959	0.00554	0.02908	0.00136	0.15220	0.02118	0.04978	0.00392
4	0.05308	0.08831	0.10593	0.11844	0.21998	0.09396	0.09094	0.06219	0.03726	0.04256	0.01851	0.00866	0.00578	0.00396	0.01992	0.00115	0.01950	0.00302	0.00200	0.00485
5	0.08883	0.00604	0.00955	0.36088	0.06942	0.00669	0.08829	0.00901	0.00747	0.04886	0.08568	0.05829	0.02942	0.05140	0.00457	0.00131	0.01928	0.04883	0.00224	0.00393
6	0.04885	0.00381	0.00468	0.00472	0.00547	0.00379	0.00349	0.00606	0.00787	0.01100	0.28779	0.25529	0.20612	0.01015	0.08308	0.00165	0.04282	0.00699	0.00321	0.00315

[dist]
# distance from previous block
# <min> <max>
2	34

[block]
# block no. 6 follows, 79 sequences, length 20
# corresponding to MSA columns:
# 222-237,239-242
name=unknown_G
#
# <colnr> <probs for GDERKNQSTAVLIFYWHMCP>
#	G	D	E	R	K	N	Q	S	T	A	V	L	I	F	Y	W	H	M	C	P
0	0.11416	0.03081	0.03662	0.08422	0.06831	0.06245	0.02870	0.08166	0.03034	0.17151	0.06577	0.01075	0.00804	0.00460	0.00489	0.00118	0.16321	0.02555	0.00261	0.00465
1	0.08070	0.05886	0.05412	0.00918	0.01165	0.02638	0.29704	0.05113	0.06743	0.05168	0.01107	0.17342	0.03110	0.00519	0.00378	0.00118	0.00405	0.03467	0.00250	0.02488
2	0.02079	0.23628	0.26606	0.00927	0.08425	0.07483	0.05442	0.02578	0.03724	0.06583	0.01909	0.00796	0.00565	0.00361	0.00334	0.02262	0.00435	0.00267	0.00193	0.05403
3	0.00467	0.00367	0.00435	0.00425	0.00517	0.00335	0.00319	0.00591	0.00879	0.01161	0.41179	0.08162	0.38621	0.00820	0.00439	0.00118	0.02428	0.02069	0.00351	0.00316
4	0.03975	0.04625	0.03199	0.02844	0.01044	0.00924	0.04877	0.26201	0.39160	0.04067	0.02381	0.03324	0.00885	0.00452	0.00352	0.00113	0.00339	0.00371	0.00325	0.00541
5	0.00845	0.11621	0.16095	0.04945	0.02191	0.08596	0.09135	0.09166	0.06953	0.02910	0.07358	0.03436	0.05964	0.00479	0.00355	0.00110	0.00404	0.06206	0.02780	0.00451
6	0.02842	0.55630	0.14095	0.00727	0.01053	0.03484	0.05311	0.03508	0.04655	0.03208	0.00605	0.00678	0.00500	0.00323	0.00269	0.00088	0.00406	0.00231	0.00178	0.02211
7	0.00942	0.87826	0.01847	0.00603	0.00905	0.01395	0.00603	0.01055	0.00716	0.00829	0.00490	0.00565	0.00452	0.00302	0.00226	0.00075	0.00377	0.00188	0.00151	0.00452
8	0.00434	0.00334	0.00397	0.00431	0.00499	0.00297	0.00304	0.00521	0.00770	0.00991	0.13982	0.42182	0.35661	0.00967	0.00432	0.00129	0.00189	0.00849	0.00336	0.00297
9	0.00563	0.00678	0.17448	0.04859	0.04821	0.00468	0.00596	0.01920	0.00766	0.02681	0.10072	0.36869	0.11615	0.01966	0.00426	0.00130	0.00293	0.03177	0.00283	0.00367
10	0.00780	0.00663	0.01066	0.49634	0.16664	0.00755	0.03246	0.03403	0.05164	0.05431	0.00806	0.01112	0.00635	0.00387	0.00354	0.00115	0.00421	0.03966	0.04957	0.00442
11	0.01496	0.00682	0.00862	0.00667	0.00937	0.00647	0.00549	0.17408	0.05758	0.65154	0.01289	0.01139	0.00832	0.00436	0.00354	0.00109	0.00315	0.00350	0.00416	0.00597
12	0.00624	0.00404	0.00476	0.00444	0.00569	0.00359	0.00337	0.02102	0.02270	0.12723	0.26739	0.10110	0.39946	0.00784	0.00409	0.00117	0.00199	0.00669	0.00361	0.00357
13	0.03264	0.15984	0.11990	0.06371	0.41733	0.03357	0.03931	0.04716	0.02242	0.01129	0.00658	0.01902	0.00546	0.00335	0.00326	0.00102	0.00429	0.00294	0.00180	0.00512
14	0.00878	0.00725	0.01049	0.01345	0.38556	0.00752	0.00793	0.11498	0.13369	0.04622	0.01124	0.06304	0.01025	0.00523	0.00382	0.00120	0.00360	0.15798	0.00271	0.00506
15	0.00435	0.00314	0.00413	0.00491	0.00519	0.00292	0.00335	0.00502	0.00687	0.00909	0.02022	0.79468	0.06531	0.01088	0.00450	0.00143	0.00208	0.04578	0.00327	0.00289
16	0.08777	0.02024	0.06946	0.14482	0.37179	0.00821	0.06711	0.07363	0.00836	0.06198	0.01572	0.00898	0.00577	0.00410	0.02786	0.00122	0.01278	0.00312	0.00205	0.00502
17	0.00820	0.00582	0.00693	0.00586	0.03169	0.00522	0.00449	0.11567	0.03062	0.10780	0.14070	0.03277	0.13071	0.00507	0.00343	0.00092	0.00259	0.02757	0.02122	0.31271
18	0.00445	0.00315	0.00412	0.00483	0.00503	0.00298	0.00322	0.00502	0.00659	0.00878	0.01835	0.73562	0.02187	0.12009	0.00621	0.00169	0.00226	0.03982	0.00313	0.00279
19	0.67496	0.10928	0.05846	0.00545	0.00790	0.05586	0.00486	0.02910	0.00667	0.01440	0.00510	0.00592	0.00403	0.00329	0.00235	0.00104	0.00322	0.00200	0.00207	0.00405

[dist]
# distance from previous block
# <min> <max>
0	1

[block]
# block no. 7 follows, 79 sequences, length 7
# corresponding to MSA columns:
# 244-250
name=unknown_H
#
# <colnr> <probs for GDERKNQSTAVLIFYWHMCP>
#	G	D	E	R	K	N	Q	S	T	A	V	L	I	F	Y	W	H	M	C	P
0	0.67294	0.00665	0.00570	0.00502	0.00713	0.00750	0.00414	0.07815	0.00730	0.06630	0.00685	0.00849	0.00544	0.00379	0.00252	0.00110	0.00279	0.04300	0.06116	0.00406
1	0.00503	0.00349	0.00424	0.00427	0.00447	0.00359	0.00270	0.00537	0.00544	0.00733	0.01219	0.05556	0.05025	0.61808	0.19996	0.00372	0.00460	0.00513	0.00218	0.00242
2	0.12650	0.00972	0.16343	0.03751	0.07782	0.00842	0.06574	0.20359	0.13525	0.05931	0.04344	0.01025	0.00757	0.00405	0.00340	0.00111	0.00382	0.01686	0.01712	0.00512
3	0.00544	0.00426	0.00495	0.00486	0.00589	0.00417	0.00364	0.03232	0.12826	0.01206	0.29026	0.18747	0.25690	0.00808	0.00415	0.00122	0.00205	0.03699	0.00352	0.00354
4	0.00520	0.00448	0.02668	0.00481	0.00577	0.00418	0.00371	0.00667	0.04897	0.01028	0.18624	0.08149	0.30901	0.14398	0.02340	0.00164	0.06192	0.03807	0.00300	0.03050
5	0.03327	0.02751	0.03178	0.08582	0.18851	0.02733	0.09125	0.08226	0.08155	0.04671	0.03923	0.02375	0.01982	0.00373	0.00335	0.00098	0.00371	0.00332	0.02001	0.18611
6	0.00531	0.00388	0.00468	0.00456	0.00559	0.00354	0.00342	0.00694	0.04735	0.04253	0.34325	0.16893	0.26764	0.00808	0.00415	0.00119	0.00196	0.04043	0.00352	0.03306

[dist]
# distance from previous block
# <min> <max>
3	8

[block]
# block no. 8 follows, 79 sequences, length 23
# corresponding to MSA columns:
# 259-265,271-286
name=unknown_I
#
# <colnr> <probs for GDERKNQSTAVLIFYWHMCP>
#	G	D	E	R	K	N	Q	S	T	A	V	L	I	F	Y	W	H	M	C	P
0	0.00727	0.00699	0.04044	0.04951	0.22466	0.00701	0.12588	0.03081	0.07503	0.01044	0.00873	0.02468	0.01944	0.04761	0.21607	0.03898	0.04504	0.00373	0.00201	0.01567
1	0.00485	0.00350	0.00467	0.00507	0.00550	0.00356	0.00369	0.00569	0.00646	0.00866	0.01613	0.31472	0.06530	0.17648	0.22691	0.00290	0.00437	0.13599	0.00270	0.00287
2	0.00460	0.00353	0.00422	0.00416	0.00506	0.00314	0.00308	0.00586	0.00890	0.01185	0.45567	0.12075	0.33990	0.00827	0.00420	0.00117	0.00175	0.00717	0.00359	0.00314
3	0.00749	0.00781	0.01532	0.44767	0.05935	0.00834	0.38190	0.01011	0.00766	0.01014	0.00667	0.00942	0.00503	0.00326	0.00381	0.00117	0.00523	0.00359	0.00167	0.00437
4	0.01312	0.00973	0.01042	0.00805	0.01082	0.01080	0.00663	0.79291	0.06652	0.02176	0.00882	0.00874	0.00628	0.00426	0.00353	0.00107	0.00381	0.00322	0.00353	0.00597
5	0.00473	0.00358	0.00437	0.00421	0.00512	0.00321	0.00314	0.00615	0.00932	0.01267	0.59519	0.05695	0.26284	0.00782	0.00417	0.00114	0.00171	0.00679	0.00369	0.00321
6	0.00757	0.00614	0.00726	0.00533	0.00832	0.00468	0.00430	0.00913	0.00747	0.04628	0.00724	0.00922	0.00616	0.00306	0.00277	0.00060	0.00266	0.04609	0.00224	0.81347
7	0.29208	0.00777	0.00865	0.13944	0.16142	0.09955	0.00653	0.01168	0.02748	0.15080	0.02835	0.03778	0.00669	0.00390	0.00311	0.00109	0.00368	0.00305	0.00244	0.00453
8	0.00749	0.01744	0.77918	0.01009	0.01510	0.00837	0.04014	0.06112	0.00802	0.01183	0.00648	0.00757	0.00459	0.00339	0.00339	0.00112	0.00515	0.00269	0.00162	0.00524
9	0.00437	0.00314	0.00417	0.00496	0.00523	0.00293	0.00340	0.00505	0.00686	0.00910	0.01979	0.80441	0.04414	0.01091	0.00451	0.00144	0.00211	0.05732	0.00327	0.00289
10	0.01208	0.17182	0.01152	0.00799	0.01038	0.33311	0.00650	0.28729	0.10216	0.01371	0.00730	0.00766	0.00569	0.00384	0.00317	0.00096	0.00468	0.00268	0.00251	0.00496
11	0.06094	0.03728	0.05239	0.00677	0.00849	0.04273	0.01823	0.05104	0.20335	0.02443	0.03241	0.08357	0.03034	0.00673	0.00395	0.00130	0.00326	0.29850	0.00303	0.03125
12	0.00931	0.81806	0.04480	0.00649	0.00960	0.01357	0.03828	0.01060	0.00721	0.00850	0.00503	0.00586	0.00455	0.00302	0.00237	0.00078	0.00390	0.00199	0.00152	0.00455
13	0.00842	0.02607	0.07509	0.01210	0.01463	0.03040	0.44971	0.04607	0.03140	0.01092	0.00653	0.00876	0.00522	0.00404	0.00612	0.00126	0.25325	0.00361	0.00181	0.00458
14	0.00987	0.00763	0.00809	0.00703	0.00906	0.03679	0.00557	0.19146	0.44671	0.08370	0.04314	0.05071	0.03661	0.00529	0.00369	0.00117	0.00308	0.04158	0.00355	0.00527
15	0.00927	0.03288	0.03923	0.04836	0.09860	0.03355	0.01821	0.06831	0.20146	0.16152	0.20490	0.04410	0.01418	0.00505	0.00367	0.00111	0.00312	0.00432	0.00327	0.00489
16	0.00495	0.00360	0.00446	0.00431	0.00521	0.00324	0.00321	0.00634	0.00926	0.02935	0.57555	0.09862	0.22313	0.00787	0.00418	0.00115	0.00175	0.00687	0.00370	0.00326
17	0.00434	0.00314	0.00406	0.00475	0.00504	0.00291	0.00318	0.00499	0.00688	0.00912	0.04934	0.74966	0.08085	0.04753	0.00503	0.00149	0.00207	0.00950	0.00324	0.00286
18	0.06534	0.04917	0.30499	0.04418	0.08241	0.04528	0.19645	0.08754	0.01813	0.06305	0.00708	0.00828	0.00519	0.00340	0.00345	0.00110	0.00482	0.00305	0.00202	0.00504
19	0.00865	0.00587	0.03904	0.00675	0.02459	0.00522	0.07673	0.06580	0.04266	0.22568	0.10036	0.18613	0.15251	0.00670	0.00405	0.00121	0.01130	0.02899	0.00340	0.00436
20	0.01203	0.00511	0.00660	0.00539	0.00747	0.00451	0.00434	0.01347	0.02060	0.55037	0.05539	0.04854	0.11688	0.00529	0.00354	0.00108	0.00256	0.00438	0.12744	0.00499
21	0.00963	0.02343	0.18993	0.00988	0.01300	0.00860	0.22813	0.22703	0.03447	0.08184	0.00906	0.07075	0.00735	0.00443	0.00412	0.00117	0.04552	0.02402	0.00256	0.00508
22	0.06204	0.06262	0.05125	0.00807	0.11125	0.07776	0.02294	0.10605	0.05974	0.03248	0.14616	0.05841	0.15966	0.00561	0.00362	0.00110	0.00325	0.02082	0.00284	0.00432

[dist]
# distance from previous block
# <min> <max>
10	21

[block]
# block no. 9 follows, 79 sequences, length 17
# corresponding to MSA columns:
# 308-324
name=unknown_J
#
# <colnr> <probs for GDERKNQSTAVLIFYWHMCP>
#	G	D	E	R	K	N	Q	S	T	A	V	L	I	F	Y	W	H	M	C	P
0	0.02535	0.20508	0.04223	0.04919	0.06555	0.06863	0.02210	0.14564	0.02981	0.13861	0.06841	0.07744	0.02002	0.00461	0.00349	0.00104	0.02163	0.00368	0.00269	0.00479
1	0.02596	0.08475	0.08467	0.08906	0.11109	0.30682	0.05099	0.11793	0.03113	0.03506	0.02599	0.00815	0.00582	0.00366	0.00331	0.00101	0.00494	0.00283	0.00212	0.00473
2	0.00484	0.00369	0.00522	0.03448	0.02386	0.00365	0.02925	0.00587	0.03055	0.00903	0.01677	0.64114	0.01949	0.08940	0.06353	0.00187	0.00294	0.00843	0.00295	0.00304
3	0.26612	0.04859	0.05287	0.09929	0.20482	0.14218	0.05825	0.02921	0.00777	0.03102	0.00600	0.00745	0.00476	0.00341	0.00324	0.00106	0.02485	0.00264	0.00193	0.00453
4	0.00612	0.00306	0.00459	0.00459	0.00459	0.00306	0.00306	0.00459	0.00459	0.00612	0.00612	0.01071	0.00612	0.01224	0.01377	0.89746	0.00306	0.00306	0.00153	0.00153
5	0.00840	0.14668	0.35524	0.02449	0.06364	0.02257	0.02814	0.04505	0.17208	0.02681	0.00791	0.00853	0.00599	0.00356	0.00321	0.00103	0.00420	0.00284	0.00210	0.06751
6	0.02437	0.05666	0.21387	0.18485	0.12521	0.02307	0.02192	0.03613	0.08045	0.04493	0.01943	0.03093	0.00640	0.00369	0.00332	0.00104	0.00409	0.00310	0.00207	0.11448
7	0.00867	0.12331	0.24778	0.03243	0.01040	0.02753	0.00722	0.02989	0.05733	0.14608	0.12000	0.03621	0.02137	0.03017	0.02156	0.00119	0.00376	0.00359	0.00259	0.06890
8	0.00666	0.00626	0.01057	0.86767	0.02427	0.00783	0.00979	0.00900	0.00705	0.00900	0.00626	0.00940	0.00470	0.00352	0.00352	0.00117	0.00470	0.00313	0.00157	0.00392
9	0.03085	0.00621	0.00769	0.00615	0.00847	0.00597	0.00499	0.12121	0.08850	0.50342	0.10426	0.01317	0.01116	0.00465	0.00351	0.00108	0.00285	0.00379	0.06665	0.00543
10	0.00766	0.05094	0.09314	0.21526	0.21339	0.00782	0.15715	0.01914	0.01765	0.02675	0.04236	0.03296	0.04472	0.00397	0.00370	0.00111	0.01631	0.00373	0.03766	0.00457
11	0.00991	0.05452	0.01188	0.08015	0.09226	0.05287	0.15726	0.08086	0.17263	0.14125	0.02254	0.02632	0.02053	0.00431	0.00393	0.00114	0.03653	0.02335	0.00274	0.00502
12	0.03311	0.00513	0.00657	0.00546	0.00731	0.00473	0.00435	0.04324	0.03779	0.39444	0.36075	0.01853	0.05203	0.00570	0.00379	0.00110	0.00242	0.00483	0.00401	0.00470
13	0.00442	0.00324	0.00412	0.00472	0.00515	0.00299	0.00328	0.00516	0.00713	0.00934	0.06040	0.61910	0.15865	0.04027	0.00491	0.00146	0.00210	0.05740	0.00326	0.00290
14	0.02293	0.26055	0.39842	0.03844	0.03144	0.15158	0.00956	0.03074	0.00797	0.01019	0.00581	0.00685	0.00455	0.00332	0.00301	0.00098	0.00488	0.00238	0.00161	0.00479
15	0.02252	0.22816	0.11152	0.00955	0.09123	0.05645	0.05564	0.01000	0.02293	0.00937	0.00593	0.00821	0.00531	0.03657	0.04845	0.00145	0.26782	0.00286	0.00166	0.00435
16	0.00527	0.00355	0.00476	0.00539	0.00596	0.00340	0.00413	0.00636	0.00753	0.03583	0.05777	0.45960	0.03687	0.00985	0.00449	0.00144	0.00246	0.29861	0.04361	0.00314

[dist]
# distance from previous block
# <min> <max>
0	1

[block]
# block no. 10 follows, 79 sequences, length 12
# corresponding to MSA columns:
# 326-337
name=unknown_K
#
# <colnr> <probs for GDERKNQSTAVLIFYWHMCP>
#	G	D	E	R	K	N	Q	S	T	A	V	L	I	F	Y	W	H	M	C	P
0	0.00526	0.00377	0.00480	0.00490	0.00567	0.00359	0.00364	0.00704	0.05958	0.03264	0.39655	0.29367	0.08233	0.00852	0.00427	0.00126	0.00202	0.07354	0.00359	0.00335
1	0.06109	0.02191	0.01102	0.11469	0.23596	0.00748	0.06492	0.07227	0.02573	0.26076	0.00989	0.02275	0.02697	0.00409	0.00379	0.00112	0.03294	0.01469	0.00275	0.00517
2	0.03712	0.24023	0.44684	0.00914	0.03610	0.09635	0.04325	0.01143	0.00770	0.03291	0.00606	0.00705	0.00465	0.00329	0.00305	0.00100	0.00481	0.00246	0.00164	0.00489
3	0.67479	0.00841	0.03506	0.00566	0.00801	0.07401	0.00477	0.13053	0.00788	0.01603	0.00551	0.00623	0.00421	0.00344	0.00249	0.00107	0.00325	0.00214	0.00232	0.00420
4	0.00458	0.00332	0.00439	0.00511	0.00553	0.00313	0.00371	0.00545	0.00722	0.00950	0.04384	0.61340	0.09002	0.01050	0.00454	0.00144	0.00226	0.17583	0.00328	0.00296
5	0.02914	0.00455	0.00591	0.00525	0.00679	0.00408	0.00404	0.01080	0.00878	0.38000	0.13737	0.25134	0.08103	0.00691	0.00386	0.00118	0.00238	0.00597	0.04627	0.00435
6	0.00612	0.00306	0.00459	0.00459	0.00459	0.00306	0.00306	0.00459	0.00459	0.00612	0.00612	0.01071	0.00612	0.01224	0.01377	0.89746	0.00306	0.00306	0.00153	0.00153
7	0.00480	0.00362	0.00446	0.00443	0.00525	0.00333	0.00325	0.00636	0.03518	0.01220	0.49485	0.19137	0.20140	0.00823	0.00421	0.00119	0.00180	0.00723	0.00363	0.00323
8	0.00942	0.87826	0.01847	0.00603	0.00905	0.01395	0.00603	0.01055	0.00716	0.00829	0.00490	0.00565	0.00452	0.00302	0.00226	0.00075	0.00377	0.00188	0.00151	0.00452
9	0.04274	0.11618	0.15602	0.00877	0.10219	0.07899	0.00718	0.12172	0.08482	0.04508	0.02450	0.14464	0.00915	0.00540	0.02290	0.00119	0.00392	0.00403	0.01587	0.00471
10	0.00869	0.00891	0.01897	0.01368	0.01701	0.00832	0.73411	0.01141	0.00837	0.07616	0.00828	0.05401	0.00653	0.00349	0.00413	0.00119	0.00552	0.00441	0.00206	0.00475
11	0.16672	0.10540	0.02222	0.00637	0.00897	0.06433	0.00537	0.13964	0.04815	0.29389	0.00920	0.00894	0.00648	0.00382	0.00304	0.00099	0.00335	0.00282	0.02654	0.07378

[dist]
# distance from previous block
# <min> <max>
4	7

[block]
# block no. 11 follows, 79 sequences, length 10
# corresponding to MSA columns:
# 345-354
name=unknown_L
#
# <colnr> <probs for GDERKNQSTAVLIFYWHMCP>
#	G	D	E	R	K	N	Q	S	T	A	V	L	I	F	Y	W	H	M	C	P
0	0.00501	0.00372	0.00543	0.00544	0.00604	0.00421	0.00416	0.00621	0.00601	0.00861	0.07633	0.04595	0.01147	0.07065	0.71801	0.00503	0.00824	0.00428	0.00211	0.00310
1	0.00605	0.00314	0.00460	0.00460	0.00472	0.00320	0.00314	0.00502	0.00490	0.00683	0.00683	0.01119	0.00659	0.01298	0.09289	0.74752	0.00356	0.00314	0.06729	0.00181
2	0.05193	0.09422	0.00730	0.00541	0.00685	0.00650	0.00415	0.20957	0.00911	0.05933	0.03526	0.14148	0.10375	0.24110	0.00745	0.00174	0.00308	0.00507	0.00287	0.00384
3	0.00714	0.00568	0.00670	0.00511	0.00774	0.00438	0.00401	0.00854	0.00744	0.05255	0.01044	0.10678	0.07423	0.00414	0.00299	0.00070	0.00250	0.00347	0.00243	0.68304
4	0.12624	0.00790	0.00914	0.00717	0.00967	0.02483	0.05982	0.35706	0.03886	0.20847	0.04338	0.01015	0.00773	0.00417	0.00334	0.00106	0.00343	0.00330	0.06899	0.00528
5	0.00756	0.00567	0.00677	0.00623	0.00726	0.09088	0.06552	0.02409	0.03983	0.11063	0.01361	0.30755	0.03217	0.11721	0.02941	0.10114	0.00344	0.02479	0.00279	0.00344
6	0.00521	0.00382	0.00448	0.00468	0.00528	0.00376	0.00334	0.00662	0.07305	0.00926	0.03565	0.17184	0.17793	0.30861	0.00902	0.00206	0.00272	0.14670	0.02304	0.00293
7	0.12548	0.05050	0.00840	0.03762	0.03363	0.11214	0.04747	0.03303	0.12146	0.06996	0.03797	0.13972	0.05176	0.00545	0.00363	0.00113	0.01905	0.04156	0.00272	0.05731
8	0.05505	0.15473	0.12882	0.03513	0.03763	0.05429	0.05871	0.11183	0.01991	0.11233	0.02396	0.01033	0.00695	0.10783	0.00550	0.03809	0.01686	0.00315	0.00233	0.01656
9	0.06910	0.13044	0.06326	0.03179	0.02751	0.00707	0.04195	0.09864	0.03652	0.09339	0.04178	0.17056	0.05948	0.00542	0.00340	0.00107	0.00311	0.00456	0.06624	0.04472

[dist]
# distance from previous block
# <min> <max>
0	131

# created by:
# /home/simao/soft/augustus-3.0.3/scripts/msa2prfl.pl ./prep/84872.aln
