[name]
unknown

[dist]
# distance from previous block
# <min> <max>
0	112

[block]
# block no. 0 follows, 65 sequences, length 11
# corresponding to MSA columns:
# 705-708,710-716
name=unknown_A
#
# <colnr> <probs for GDERKNQSTAVLIFYWHMCP>
#	G	D	E	R	K	N	Q	S	T	A	V	L	I	F	Y	W	H	M	C	P
0	0.01238	0.00771	0.00920	0.00808	0.01042	0.00806	0.00669	0.18560	0.20568	0.22542	0.01661	0.02298	0.01403	0.00701	0.00459	0.00147	0.00374	0.24013	0.00427	0.00592
1	0.00538	0.00361	0.00463	0.00545	0.00579	0.00340	0.00368	0.00626	0.00797	0.01116	0.02131	0.73391	0.02478	0.01171	0.00490	0.00157	0.00231	0.01055	0.12821	0.00340
2	0.13842	0.00767	0.00838	0.00691	0.00927	0.06442	0.00544	0.07279	0.01035	0.41754	0.01271	0.01440	0.00956	0.14388	0.05849	0.00202	0.00434	0.00404	0.00385	0.00554
3	0.00775	0.00730	0.01231	0.84587	0.02827	0.00912	0.01140	0.01049	0.00821	0.01049	0.00730	0.01094	0.00547	0.00410	0.00410	0.00137	0.00547	0.00365	0.00182	0.00456
4	0.00643	0.00387	0.00514	0.00514	0.00524	0.00397	0.00331	0.00591	0.00580	0.00784	0.01027	0.01943	0.01106	0.39273	0.13532	0.36446	0.00481	0.00476	0.00216	0.00237
5	0.00808	0.00761	0.01317	0.59015	0.13976	0.00887	0.06673	0.01062	0.00828	0.01093	0.00769	0.01125	0.00606	0.00617	0.06447	0.02388	0.00584	0.00378	0.00190	0.00477
6	0.01280	0.07315	0.26880	0.06211	0.03612	0.00866	0.10685	0.01567	0.01002	0.34864	0.01098	0.01116	0.00741	0.00431	0.00403	0.00127	0.00493	0.00369	0.00316	0.00624
7	0.01285	0.00665	0.00945	0.00756	0.01022	0.00585	0.06497	0.03065	0.01080	0.41413	0.11169	0.07596	0.01498	0.00615	0.00432	0.00127	0.00346	0.07457	0.00420	0.13025
8	0.00958	0.01040	0.02137	0.01825	0.19312	0.01008	0.57733	0.01264	0.00935	0.01292	0.00820	0.01104	0.00645	0.00492	0.04427	0.00161	0.03625	0.00453	0.00206	0.00562
9	0.01004	0.00850	0.10573	0.06748	0.01076	0.08248	0.02501	0.02588	0.00978	0.17753	0.07203	0.18897	0.03073	0.00666	0.00415	0.00129	0.00375	0.00568	0.15869	0.00485
10	0.17485	0.05187	0.18844	0.01117	0.13805	0.07991	0.03622	0.01450	0.02460	0.19517	0.02502	0.01072	0.02350	0.00435	0.00372	0.00124	0.00463	0.00343	0.00285	0.00578

[dist]
# distance from previous block
# <min> <max>
4	9

[block]
# block no. 1 follows, 65 sequences, length 37
# corresponding to MSA columns:
# 726-729,739-749,757,758,760-779
name=unknown_B
#
# <colnr> <probs for GDERKNQSTAVLIFYWHMCP>
#	G	D	E	R	K	N	Q	S	T	A	V	L	I	F	Y	W	H	M	C	P
0	0.03472	0.02125	0.02240	0.24663	0.20506	0.01885	0.07815	0.02326	0.07732	0.02521	0.07980	0.01433	0.06496	0.00479	0.00413	0.00126	0.00448	0.00433	0.00260	0.06649
1	0.01133	0.09658	0.26829	0.02355	0.06714	0.05840	0.01992	0.03215	0.22147	0.14374	0.01106	0.01115	0.00804	0.00450	0.00390	0.00126	0.00473	0.00361	0.00300	0.00619
2	0.00801	0.00747	0.01251	0.67295	0.14778	0.00891	0.01106	0.01054	0.00825	0.01078	0.00769	0.01176	0.00618	0.05382	0.00508	0.00150	0.00529	0.00379	0.00189	0.00473
3	0.00775	0.00730	0.01231	0.84587	0.02827	0.00912	0.01140	0.01049	0.00821	0.01049	0.00730	0.01094	0.00547	0.00410	0.00410	0.00137	0.00547	0.00365	0.00182	0.00456
4	0.00851	0.00730	0.00851	0.00608	0.00973	0.00547	0.00486	0.01034	0.00851	0.01338	0.00730	0.00851	0.00608	0.00304	0.00304	0.00061	0.00304	0.00243	0.00243	0.88083
5	0.00844	0.00754	0.01088	0.07911	0.28432	0.03866	0.00811	0.03947	0.00815	0.01124	0.00932	0.01474	0.00886	0.18223	0.19828	0.00305	0.07647	0.00425	0.00221	0.00468
6	0.00782	0.12546	0.00810	0.00629	0.00759	0.00591	0.00494	0.02175	0.00883	0.10711	0.03330	0.41298	0.07418	0.01113	0.05350	0.00179	0.00346	0.09807	0.00359	0.00418
7	0.01210	0.00564	0.00722	0.00600	0.00823	0.00488	0.00479	0.01360	0.01105	0.43952	0.18581	0.02446	0.24487	0.00723	0.00447	0.00131	0.00279	0.00606	0.00461	0.00538
8	0.01319	0.01112	0.01231	0.01071	0.06792	0.07282	0.05493	0.40865	0.26741	0.02041	0.01149	0.01146	0.00851	0.00490	0.00414	0.00128	0.00450	0.00398	0.00372	0.00655
9	0.01083	0.09458	0.48926	0.01075	0.01567	0.02318	0.04525	0.18718	0.01120	0.06215	0.00828	0.00912	0.00592	0.00414	0.00388	0.00124	0.00549	0.00323	0.00246	0.00620
10	0.00726	0.00466	0.02161	0.00509	0.00632	0.00431	0.04767	0.00932	0.00951	0.01547	0.24186	0.01926	0.01811	0.00571	0.00355	0.00108	0.00227	0.00488	0.56808	0.00398
11	0.01082	0.19285	0.01351	0.11826	0.08712	0.09996	0.00811	0.06817	0.28065	0.01373	0.01033	0.02302	0.00826	0.00476	0.00421	0.00124	0.04284	0.00368	0.00282	0.00569
12	0.05942	0.18240	0.10835	0.00904	0.01237	0.09500	0.02040	0.28738	0.08490	0.06892	0.00905	0.00939	0.00677	0.00449	0.00390	0.00119	0.02466	0.00326	0.00306	0.00605
13	0.00502	0.00376	0.00466	0.00530	0.00587	0.00340	0.00364	0.00590	0.00848	0.01103	0.08149	0.59795	0.22468	0.01195	0.00512	0.00157	0.00228	0.01065	0.00386	0.00340
14	0.02064	0.00885	0.01071	0.11976	0.10149	0.06897	0.02122	0.07476	0.00963	0.02553	0.00763	0.00926	0.00615	0.00402	0.01668	0.00100	0.01587	0.00295	0.00244	0.47244
15	0.01111	0.17546	0.10046	0.03571	0.23109	0.01009	0.09081	0.03398	0.04575	0.14262	0.06364	0.01211	0.00930	0.00441	0.00394	0.00121	0.00462	0.01499	0.00276	0.00594
16	0.01334	0.00587	0.00714	0.00588	0.00806	0.00551	0.00473	0.07168	0.01086	0.40557	0.01448	0.01428	0.01010	0.00493	0.00356	0.00113	0.00285	0.00396	0.40051	0.00555
17	0.00806	0.02029	0.79040	0.01138	0.01714	0.00920	0.01456	0.01261	0.00862	0.01287	0.00818	0.05352	0.00637	0.00438	0.00397	0.00132	0.00587	0.00349	0.00184	0.00592
18	0.00926	0.00878	0.01491	0.25385	0.56205	0.00933	0.01187	0.01173	0.00888	0.01239	0.00778	0.01070	0.00641	0.00522	0.04845	0.00155	0.00537	0.00369	0.00198	0.00581
19	0.00687	0.00371	0.00543	0.00543	0.00553	0.00380	0.00368	0.00565	0.00556	0.00750	0.00810	0.01413	0.00817	0.08600	0.12117	0.69688	0.00454	0.00387	0.00189	0.00208
20	0.00775	0.00730	0.01231	0.84587	0.02827	0.00912	0.01140	0.01049	0.00821	0.01049	0.00730	0.01094	0.00547	0.00410	0.00410	0.00137	0.00547	0.00365	0.00182	0.00456
21	0.31924	0.00738	0.00913	0.25736	0.07509	0.00849	0.00756	0.05771	0.00868	0.01477	0.03368	0.06715	0.00953	0.00551	0.00397	0.00139	0.01878	0.08732	0.00264	0.00462
22	0.00951	0.04082	0.16231	0.01548	0.01983	0.01042	0.60381	0.01360	0.05699	0.01324	0.00855	0.01076	0.00639	0.00366	0.00457	0.00135	0.00648	0.00443	0.00213	0.00567
23	0.00525	0.00417	0.00471	0.00457	0.00579	0.00363	0.00343	0.00666	0.01029	0.01330	0.36591	0.03586	0.50276	0.00957	0.00485	0.00135	0.00202	0.00815	0.00410	0.00363
24	0.00545	0.00432	0.00495	0.00513	0.00615	0.00399	0.00371	0.00732	0.06949	0.01224	0.16428	0.29478	0.38227	0.01049	0.00492	0.00146	0.00224	0.00911	0.00396	0.00372
25	0.15925	0.00821	0.01204	0.32177	0.24597	0.00936	0.00987	0.05341	0.00889	0.01357	0.00825	0.01245	0.00700	0.00467	0.00444	0.00136	0.04950	0.06257	0.00227	0.00515
26	0.00872	0.17136	0.68865	0.01086	0.01647	0.01074	0.01371	0.01287	0.00861	0.01240	0.00707	0.00829	0.00521	0.00383	0.00367	0.00122	0.00577	0.00288	0.00174	0.00592
27	0.00582	0.00435	0.00459	0.00442	0.00591	0.00366	0.00335	0.00694	0.00963	0.06698	0.07898	0.03734	0.73381	0.00994	0.00480	0.00137	0.00217	0.00829	0.00393	0.00372
28	0.01629	0.01040	0.01164	0.00892	0.01218	0.01110	0.00737	0.62304	0.01747	0.22187	0.01139	0.01085	0.00775	0.00496	0.00411	0.00124	0.00427	0.00380	0.00434	0.00698
29	0.00880	0.00830	0.01401	0.40136	0.41329	0.00912	0.01154	0.01134	0.00896	0.01225	0.05547	0.01172	0.00791	0.00414	0.00413	0.00129	0.00498	0.00387	0.00208	0.00546
30	0.01016	0.00975	0.01666	0.02520	0.83013	0.00975	0.01260	0.01260	0.00935	0.01341	0.00772	0.01016	0.00650	0.00366	0.00406	0.00122	0.00488	0.00366	0.00203	0.00650
31	0.00560	0.00417	0.00522	0.00507	0.00608	0.00379	0.00380	0.00729	0.01090	0.01494	0.60414	0.08092	0.19150	0.00913	0.00489	0.00135	0.00204	0.03110	0.00432	0.00376
32	0.01578	0.00882	0.01037	0.00821	0.01124	0.00907	0.00670	0.27601	0.18570	0.40137	0.01427	0.01293	0.00964	0.00513	0.00413	0.00128	0.00377	0.00410	0.00458	0.00688
33	0.00972	0.00928	0.01792	0.15909	0.21693	0.00920	0.36845	0.01247	0.00936	0.06804	0.00959	0.07338	0.00798	0.00442	0.00451	0.00135	0.00561	0.00481	0.00235	0.00554
34	0.00485	0.00416	0.00416	0.00416	0.00554	0.00347	0.00312	0.00589	0.00936	0.01109	0.04158	0.03950	0.82847	0.01040	0.00485	0.00139	0.00208	0.00866	0.00381	0.00347
35	0.00965	0.01097	0.02365	0.01698	0.02093	0.01049	0.77578	0.01299	0.00952	0.01299	0.00816	0.01097	0.00619	0.00364	0.00527	0.00140	0.04808	0.00478	0.00206	0.00549
36	0.01311	0.25770	0.09704	0.00952	0.01240	0.49809	0.00829	0.01464	0.01040	0.01042	0.02961	0.00796	0.00622	0.00411	0.00345	0.00104	0.00626	0.00269	0.00204	0.00501

[dist]
# distance from previous block
# <min> <max>
0	13

[block]
# block no. 2 follows, 65 sequences, length 40
# corresponding to MSA columns:
# 795-825,827-835
name=unknown_C
#
# <colnr> <probs for GDERKNQSTAVLIFYWHMCP>
#	G	D	E	R	K	N	Q	S	T	A	V	L	I	F	Y	W	H	M	C	P
0	0.01356	0.00763	0.03761	0.00738	0.01065	0.00616	0.03986	0.02674	0.02182	0.43345	0.03581	0.02420	0.00969	0.02536	0.00425	0.00114	0.00354	0.00383	0.00388	0.28344
1	0.53417	0.00840	0.00787	0.00652	0.00929	0.00923	0.00537	0.17807	0.01039	0.15954	0.00933	0.00946	0.02824	0.00444	0.00320	0.00127	0.00348	0.00303	0.00333	0.00537
2	0.00505	0.00360	0.00481	0.00577	0.00603	0.00337	0.00389	0.00579	0.00790	0.01053	0.02260	0.83046	0.02705	0.01282	0.00525	0.00167	0.00242	0.03382	0.00381	0.00335
3	0.46005	0.00984	0.00871	0.00731	0.01003	0.05968	0.00594	0.26464	0.10597	0.02010	0.00832	0.00871	0.00623	0.00439	0.00329	0.00126	0.00385	0.00299	0.00319	0.00549
4	0.00941	0.37992	0.48607	0.00970	0.01467	0.01241	0.01168	0.01270	0.00853	0.01157	0.00666	0.00777	0.00523	0.00373	0.00336	0.00112	0.00535	0.00267	0.00174	0.00572
5	0.00601	0.00430	0.00561	0.00557	0.00588	0.00471	0.00381	0.00666	0.00625	0.00869	0.01189	0.02173	0.01265	0.47606	0.37441	0.00505	0.03010	0.00523	0.00234	0.00305
6	0.00882	0.01012	0.08905	0.29705	0.16417	0.00946	0.28963	0.01189	0.00903	0.01224	0.00851	0.01257	0.00688	0.00418	0.00442	0.00137	0.00583	0.04741	0.00205	0.00533
7	0.00502	0.00407	0.00446	0.00458	0.00570	0.00351	0.00335	0.00615	0.00945	0.01181	0.15929	0.17515	0.57211	0.01050	0.00492	0.00142	0.00211	0.00898	0.00392	0.00351
8	0.00775	0.00730	0.01231	0.84587	0.02827	0.00912	0.01140	0.01049	0.00821	0.01049	0.00730	0.01094	0.00547	0.00410	0.00410	0.00137	0.00547	0.00365	0.00182	0.00456
9	0.01097	0.85821	0.02151	0.00702	0.01054	0.01624	0.00702	0.01229	0.00834	0.00966	0.00571	0.00658	0.00527	0.00351	0.00263	0.00088	0.00439	0.00219	0.00176	0.00527
10	0.00499	0.00362	0.00471	0.00559	0.00592	0.00334	0.00375	0.00573	0.00798	0.01053	0.02419	0.78573	0.09346	0.01266	0.00521	0.00164	0.00236	0.01142	0.00381	0.00334
11	0.01533	0.01956	0.01163	0.01058	0.01269	0.83926	0.00793	0.01639	0.01163	0.01005	0.00635	0.00740	0.00529	0.00423	0.00370	0.00106	0.00740	0.00264	0.00212	0.00476
12	0.01097	0.85821	0.02151	0.00702	0.01054	0.01624	0.00702	0.01229	0.00834	0.00966	0.00571	0.00658	0.00527	0.00351	0.00263	0.00088	0.00439	0.00219	0.00176	0.00527
13	0.00881	0.06364	0.74393	0.01133	0.01710	0.01007	0.01431	0.06064	0.00928	0.01359	0.00743	0.00863	0.00531	0.00394	0.00385	0.00127	0.00589	0.00303	0.00188	0.00608
14	0.00490	0.00411	0.00426	0.00432	0.00560	0.00347	0.00320	0.00595	0.00932	0.01124	0.06913	0.10651	0.73291	0.01053	0.00488	0.00141	0.00210	0.00887	0.00384	0.00347
15	0.01533	0.01956	0.01163	0.01058	0.01269	0.83926	0.00793	0.01639	0.01163	0.01005	0.00635	0.00740	0.00529	0.00423	0.00370	0.00106	0.00740	0.00264	0.00212	0.00476
16	0.00999	0.00963	0.01659	0.07902	0.75427	0.00973	0.03540	0.01247	0.00928	0.01321	0.00771	0.01024	0.00643	0.00368	0.00409	0.00123	0.00497	0.00369	0.00202	0.00635
17	0.00578	0.00377	0.00504	0.00581	0.00622	0.00349	0.00394	0.00655	0.00809	0.05839	0.02225	0.80418	0.02616	0.01241	0.00517	0.00164	0.00245	0.01123	0.00388	0.00355
18	0.00558	0.00404	0.00522	0.00594	0.00651	0.00385	0.00443	0.00661	0.00832	0.01082	0.02366	0.41320	0.12566	0.10587	0.00706	0.00196	0.00295	0.25126	0.00365	0.00339
19	0.00836	0.00819	0.01256	0.74226	0.08016	0.05842	0.01127	0.01098	0.00849	0.01065	0.00727	0.01068	0.00553	0.00408	0.00408	0.00134	0.00555	0.00359	0.00185	0.00470
20	0.00793	0.01945	0.74972	0.01107	0.01657	0.00892	0.01401	0.01233	0.00872	0.01296	0.03817	0.06507	0.00786	0.00465	0.00402	0.00132	0.00567	0.00376	0.00197	0.00581
21	0.01016	0.00975	0.01666	0.02520	0.83013	0.00975	0.01260	0.01260	0.00935	0.01341	0.00772	0.01016	0.00650	0.00366	0.00406	0.00122	0.00488	0.00366	0.00203	0.00650
22	0.20620	0.00734	0.00960	0.23528	0.03033	0.00898	0.00756	0.05819	0.00787	0.01284	0.02713	0.01062	0.00676	0.00831	0.08283	0.09573	0.17443	0.00347	0.00222	0.00431
23	0.01059	0.00787	0.01072	0.00934	0.01032	0.00973	0.00782	0.05927	0.00872	0.16248	0.01134	0.01759	0.02267	0.00751	0.00957	0.00168	0.46774	0.15714	0.00295	0.00494
24	0.00713	0.00357	0.00535	0.00535	0.00535	0.00357	0.00357	0.00535	0.00535	0.00713	0.00713	0.01248	0.00713	0.01426	0.01604	0.88057	0.00357	0.00357	0.00178	0.00178
25	0.00827	0.02094	0.81152	0.01186	0.01787	0.00956	0.03783	0.01300	0.00870	0.01300	0.00739	0.00873	0.00523	0.00389	0.00393	0.00130	0.00609	0.00308	0.00174	0.00605
26	0.00933	0.11269	0.01041	0.00774	0.00963	0.14792	0.05900	0.03856	0.04002	0.04575	0.26874	0.02031	0.04808	0.00921	0.09842	0.00185	0.00484	0.05965	0.00327	0.00458
27	0.00899	0.00965	0.01926	0.28776	0.02271	0.01017	0.47880	0.01198	0.00889	0.01198	0.00771	0.01084	0.00590	0.00401	0.00539	0.00142	0.08311	0.00434	0.00197	0.00512
28	0.00485	0.00415	0.00417	0.00419	0.00555	0.00346	0.00313	0.00589	0.00932	0.01108	0.04115	0.05804	0.81021	0.01045	0.00486	0.00139	0.00209	0.00873	0.00381	0.00346
29	0.00884	0.00808	0.01302	0.31325	0.37210	0.00873	0.01049	0.05339	0.00953	0.01295	0.06196	0.03423	0.05553	0.01536	0.00441	0.00133	0.00465	0.00440	0.00238	0.00537
30	0.01228	0.05787	0.37809	0.01057	0.01463	0.33527	0.01092	0.02792	0.01029	0.09378	0.00781	0.00862	0.00576	0.00415	0.00379	0.00118	0.00623	0.00296	0.00226	0.00562
31	0.00514	0.00376	0.00522	0.00601	0.00635	0.00352	0.02101	0.00595	0.00794	0.01058	0.02230	0.81323	0.02661	0.01262	0.00524	0.00167	0.00252	0.03315	0.00377	0.00339
32	0.86518	0.00820	0.00616	0.00551	0.00805	0.02787	0.00452	0.01216	0.00709	0.01823	0.00573	0.00668	0.00446	0.00382	0.00257	0.00127	0.00327	0.00223	0.00253	0.00445
33	0.88473	0.00794	0.00603	0.00540	0.00794	0.00921	0.00445	0.01207	0.00699	0.01842	0.00572	0.00667	0.00445	0.00381	0.00254	0.00127	0.00318	0.00222	0.00254	0.00445
34	0.01041	0.00748	0.00931	0.00685	0.01035	0.00606	0.03460	0.01289	0.06274	0.15756	0.00952	0.01001	0.00723	0.00358	0.00337	0.00080	0.00327	0.00296	0.00300	0.63799
35	0.01283	0.43627	0.01660	0.00882	0.01152	0.38608	0.00754	0.01401	0.00971	0.00984	0.00598	0.00708	0.00528	0.00403	0.00369	0.00101	0.05034	0.00247	0.00192	0.00500
36	0.00593	0.00445	0.00657	0.00654	0.00721	0.00519	0.00503	0.00729	0.00655	0.00944	0.01102	0.01668	0.01047	0.08310	0.77214	0.00634	0.02575	0.00448	0.00221	0.00360
37	0.09183	0.00682	0.00968	0.27513	0.06143	0.00757	0.01828	0.05451	0.04096	0.06453	0.01309	0.03875	0.01228	0.00694	0.00482	0.02641	0.00433	0.25498	0.00298	0.00468
38	0.02099	0.00804	0.01329	0.54235	0.23706	0.00939	0.01130	0.01133	0.00849	0.03748	0.00756	0.01066	0.00587	0.00420	0.00463	0.00135	0.05523	0.00364	0.00199	0.00514
39	0.20191	0.00735	0.03301	0.00628	0.00807	0.05917	0.00503	0.06582	0.03693	0.05739	0.12257	0.01985	0.13467	0.10204	0.10496	0.00222	0.00435	0.02083	0.00321	0.00435

[dist]
# distance from previous block
# <min> <max>
5	11

[block]
# block no. 3 follows, 65 sequences, length 8
# corresponding to MSA columns:
# 848-852,855-857
name=unknown_D
#
# <colnr> <probs for GDERKNQSTAVLIFYWHMCP>
#	G	D	E	R	K	N	Q	S	T	A	V	L	I	F	Y	W	H	M	C	P
0	0.14469	0.13061	0.11629	0.04369	0.02919	0.01062	0.19435	0.02766	0.00887	0.12453	0.00807	0.00952	0.00610	0.00437	0.00512	0.00132	0.12359	0.00348	0.00245	0.00545
1	0.00852	0.19098	0.30237	0.00843	0.01189	0.00870	0.03534	0.01098	0.00875	0.07120	0.01481	0.19739	0.10114	0.00657	0.00408	0.00130	0.00431	0.00551	0.00268	0.00506
2	0.55912	0.19501	0.01221	0.00758	0.01058	0.01093	0.12905	0.01228	0.00770	0.01569	0.00611	0.00732	0.00490	0.00369	0.00291	0.00120	0.00401	0.00262	0.00230	0.00479
3	0.14407	0.00876	0.01213	0.38702	0.16511	0.01004	0.00976	0.18797	0.01066	0.01560	0.00769	0.00991	0.00583	0.00416	0.00386	0.00130	0.00480	0.00344	0.00247	0.00542
4	0.01127	0.01594	0.48010	0.01016	0.01488	0.00937	0.01150	0.19008	0.01164	0.14147	0.05653	0.01101	0.00828	0.00456	0.00403	0.00128	0.00509	0.00360	0.00293	0.00628
5	0.20046	0.00664	0.00678	0.00600	0.00791	0.00701	0.00473	0.13356	0.10066	0.01724	0.26246	0.02244	0.19471	0.00698	0.00415	0.00131	0.00278	0.00567	0.00383	0.00467
6	0.12434	0.00917	0.05729	0.00764	0.01113	0.00804	0.03208	0.18947	0.01132	0.16723	0.00932	0.00966	0.00677	0.00399	0.00352	0.00102	0.00376	0.00311	0.00325	0.33789
7	0.59676	0.00945	0.00809	0.00715	0.00908	0.10141	0.00582	0.01206	0.00734	0.01562	0.00571	0.00726	0.00475	0.00460	0.00507	0.00136	0.18908	0.00257	0.00233	0.00449

[dist]
# distance from previous block
# <min> <max>
0	1

[block]
# block no. 4 follows, 65 sequences, length 23
# corresponding to MSA columns:
# 859-881
name=unknown_E
#
# <colnr> <probs for GDERKNQSTAVLIFYWHMCP>
#	G	D	E	R	K	N	Q	S	T	A	V	L	I	F	Y	W	H	M	C	P
0	0.25782	0.01334	0.00943	0.04377	0.01136	0.39427	0.00664	0.06889	0.06966	0.01408	0.00975	0.01041	0.06521	0.00470	0.00354	0.00119	0.00525	0.00322	0.00263	0.00485
1	0.04572	0.00819	0.01359	0.51982	0.31124	0.00935	0.01153	0.01130	0.00856	0.01186	0.00738	0.01049	0.00579	0.00393	0.00402	0.00131	0.00516	0.00359	0.00193	0.00524
2	0.85565	0.00806	0.00624	0.00553	0.00810	0.00933	0.00456	0.03899	0.00740	0.01867	0.00585	0.00677	0.00453	0.00385	0.00259	0.00127	0.00322	0.00227	0.00259	0.00453
3	0.00586	0.00440	0.00660	0.00660	0.00733	0.00513	0.00513	0.00733	0.00660	0.00953	0.01100	0.01613	0.01026	0.03079	0.83947	0.00660	0.01100	0.00440	0.00220	0.00367
4	0.00943	0.00901	0.01535	0.27282	0.58818	0.00956	0.01224	0.01196	0.00900	0.01253	0.00759	0.01040	0.00619	0.00379	0.00408	0.00126	0.00506	0.00365	0.00197	0.00592
5	0.00586	0.00440	0.00660	0.00660	0.00733	0.00513	0.00513	0.00733	0.00660	0.00953	0.01100	0.01613	0.01026	0.03079	0.83947	0.00660	0.01100	0.00440	0.00220	0.00367
6	0.00596	0.00401	0.00461	0.00461	0.00466	0.00405	0.00266	0.00606	0.00601	0.00806	0.01281	0.02617	0.01462	0.80265	0.07357	0.00415	0.00443	0.00587	0.00247	0.00256
7	0.88473	0.00794	0.00603	0.00540	0.00794	0.00921	0.00445	0.01207	0.00699	0.01842	0.00572	0.00667	0.00445	0.00381	0.00254	0.00127	0.00318	0.00222	0.00254	0.00445
8	0.01331	0.00713	0.01086	0.40899	0.01900	0.00751	0.00860	0.01545	0.01005	0.43900	0.01193	0.01252	0.00791	0.00461	0.00412	0.00132	0.00444	0.00390	0.00352	0.00582
9	0.01842	0.00699	0.00953	0.00730	0.01048	0.00603	0.00603	0.02000	0.01175	0.83298	0.01619	0.01397	0.01016	0.00508	0.00413	0.00127	0.00349	0.00413	0.00508	0.00699
10	0.00946	0.00904	0.01540	0.26363	0.59716	0.00957	0.01225	0.01198	0.00902	0.01256	0.00760	0.01039	0.00620	0.00379	0.00408	0.00126	0.00505	0.00365	0.00197	0.00594
11	0.00972	0.46460	0.38328	0.00936	0.01403	0.01311	0.03089	0.01263	0.00852	0.01123	0.00651	0.00762	0.00526	0.00368	0.00325	0.00108	0.00520	0.00263	0.00175	0.00563
12	0.00500	0.00357	0.00476	0.00572	0.00595	0.00333	0.00381	0.00572	0.00786	0.01048	0.02262	0.85306	0.02715	0.01286	0.00524	0.00167	0.00238	0.01167	0.00381	0.00333
13	0.00851	0.00730	0.00851	0.00608	0.00973	0.00547	0.00486	0.01034	0.00851	0.01338	0.00730	0.00851	0.00608	0.00304	0.00304	0.00061	0.00304	0.00243	0.00243	0.88083
14	0.82157	0.06940	0.00715	0.00552	0.00813	0.00972	0.00463	0.01208	0.00708	0.01778	0.00572	0.00666	0.00450	0.00379	0.00255	0.00124	0.00326	0.00222	0.00248	0.00450
15	0.00581	0.00420	0.00549	0.00516	0.00613	0.00387	0.00387	0.00775	0.01162	0.01646	0.82797	0.03066	0.03873	0.00839	0.00484	0.00129	0.00194	0.00742	0.00452	0.00387
16	0.00883	0.00839	0.01425	0.47944	0.38630	0.00940	0.01193	0.01143	0.00872	0.01179	0.00749	0.01059	0.00593	0.00390	0.00409	0.00130	0.00521	0.00365	0.00192	0.00543
17	0.00833	0.05057	0.80597	0.01154	0.01751	0.00977	0.01488	0.01297	0.00866	0.01288	0.00731	0.00859	0.00520	0.00389	0.00386	0.00129	0.00601	0.00300	0.00173	0.00604
18	0.00530	0.00379	0.00509	0.00595	0.00635	0.00358	0.00423	0.00628	0.00837	0.01118	0.08071	0.67303	0.02746	0.01231	0.00527	0.00167	0.00256	0.12957	0.00386	0.00344
19	0.00583	0.00395	0.00449	0.00458	0.00466	0.00390	0.00264	0.00594	0.00628	0.00832	0.01495	0.10533	0.04744	0.74360	0.01880	0.00366	0.00376	0.00661	0.00266	0.00260
20	0.00868	0.04973	0.63374	0.01145	0.01671	0.00965	0.07001	0.04686	0.02787	0.01347	0.00873	0.01168	0.00685	0.00447	0.00406	0.00133	0.00577	0.06099	0.00206	0.00588
21	0.06405	0.00906	0.05449	0.06590	0.20465	0.00839	0.16347	0.04849	0.00997	0.20953	0.01133	0.10012	0.00926	0.00509	0.00439	0.00134	0.01687	0.00473	0.00305	0.00582
22	0.02544	0.07424	0.31469	0.08740	0.01587	0.00901	0.10264	0.04364	0.00991	0.21853	0.03211	0.03097	0.00807	0.00451	0.00404	0.00128	0.00504	0.00385	0.00285	0.00592

[dist]
# distance from previous block
# <min> <max>
9	31

[block]
# block no. 5 follows, 65 sequences, length 13
# corresponding to MSA columns:
# 916-928
name=unknown_F
#
# <colnr> <probs for GDERKNQSTAVLIFYWHMCP>
#	G	D	E	R	K	N	Q	S	T	A	V	L	I	F	Y	W	H	M	C	P
0	0.11353	0.10472	0.01045	0.00756	0.00981	0.04941	0.04457	0.04054	0.00946	0.26071	0.03170	0.05466	0.01027	0.03863	0.14171	0.00224	0.03715	0.02440	0.00329	0.00518
1	0.00885	0.15381	0.40642	0.05213	0.11235	0.01006	0.07568	0.01216	0.00887	0.02605	0.01065	0.01186	0.08488	0.00443	0.00389	0.00124	0.00526	0.00370	0.00206	0.00564
2	0.00755	0.00557	0.00835	0.04704	0.10625	0.00536	0.04620	0.02586	0.00883	0.07343	0.02843	0.44357	0.01941	0.03713	0.00536	0.00159	0.00337	0.07700	0.00342	0.04627
3	0.00708	0.04802	0.00827	0.20175	0.01231	0.00648	0.00662	0.00941	0.06948	0.01109	0.01650	0.04867	0.06385	0.17635	0.02071	0.00213	0.00418	0.28016	0.00298	0.00395
4	0.00895	0.00834	0.01416	0.20158	0.40877	0.00869	0.07808	0.03752	0.00944	0.01300	0.04898	0.08343	0.01040	0.00516	0.00436	0.00134	0.00476	0.04513	0.00241	0.00548
5	0.01156	0.21486	0.02736	0.06823	0.12676	0.21901	0.04931	0.02259	0.00949	0.06987	0.00819	0.03709	0.00708	0.02726	0.04458	0.00149	0.04430	0.00349	0.00228	0.00519
6	0.00594	0.00507	0.00721	0.00636	0.00770	0.00478	0.08659	0.00755	0.00999	0.01329	0.34336	0.10233	0.32321	0.00895	0.00532	0.00139	0.04547	0.00779	0.00381	0.00388
7	0.14434	0.63023	0.01811	0.00771	0.05106	0.03123	0.00683	0.01227	0.00826	0.01136	0.00589	0.00688	0.00524	0.00356	0.00273	0.00095	0.00423	0.00229	0.00193	0.04491
8	0.01519	0.00678	0.00888	0.00681	0.00982	0.00572	0.00551	0.01675	0.01072	0.58572	0.04060	0.01413	0.01052	0.05503	0.00491	0.00129	0.00338	0.00399	0.00435	0.18987
9	0.05615	0.26135	0.13810	0.00836	0.01175	0.07337	0.00802	0.10906	0.01069	0.20292	0.04033	0.01008	0.00783	0.00451	0.00396	0.00116	0.04032	0.00324	0.00297	0.00582
10	0.00586	0.00440	0.00660	0.00660	0.00733	0.00513	0.00513	0.00733	0.00660	0.00953	0.01100	0.01613	0.01026	0.03079	0.83947	0.00660	0.01100	0.00440	0.00220	0.00367
11	0.00589	0.00431	0.00613	0.00613	0.00670	0.00488	0.00454	0.00703	0.00646	0.00918	0.01143	0.01851	0.01130	0.21419	0.65749	0.00602	0.00944	0.00475	0.00226	0.00340
12	0.84693	0.00809	0.00631	0.00557	0.00815	0.00936	0.00459	0.04706	0.00752	0.01874	0.00590	0.00681	0.00456	0.00386	0.00261	0.00127	0.00323	0.00229	0.00261	0.00456

[dist]
# distance from previous block
# <min> <max>
3	4

[block]
# block no. 6 follows, 65 sequences, length 24
# corresponding to MSA columns:
# 944-967
name=unknown_G
#
# <colnr> <probs for GDERKNQSTAVLIFYWHMCP>
#	G	D	E	R	K	N	Q	S	T	A	V	L	I	F	Y	W	H	M	C	P
0	0.00896	0.24389	0.61820	0.01046	0.01584	0.01132	0.01300	0.01281	0.00858	0.01211	0.00692	0.00811	0.00522	0.00380	0.00356	0.00119	0.00562	0.00281	0.00174	0.00585
1	0.03639	0.37560	0.27793	0.00837	0.01218	0.06826	0.00906	0.01180	0.00869	0.01121	0.01064	0.06169	0.08296	0.00490	0.00347	0.00113	0.00476	0.00367	0.00211	0.00518
2	0.01138	0.78036	0.02059	0.00735	0.01074	0.09264	0.00711	0.01267	0.00865	0.00969	0.00577	0.00666	0.00527	0.00358	0.00273	0.00089	0.00467	0.00224	0.00179	0.00522
3	0.64492	0.11853	0.04810	0.00755	0.05910	0.01021	0.03636	0.01221	0.00748	0.01653	0.00601	0.00713	0.00478	0.00375	0.00280	0.00122	0.00371	0.00244	0.00235	0.00479
4	0.08912	0.00865	0.11469	0.04958	0.07217	0.03827	0.00688	0.04071	0.10435	0.01434	0.17158	0.09666	0.16291	0.00697	0.00430	0.00134	0.00350	0.00587	0.00332	0.00477
5	0.00600	0.00516	0.00540	0.00602	0.00659	0.08098	0.00418	0.00684	0.00851	0.01072	0.04781	0.64979	0.10810	0.01164	0.00505	0.00157	0.00283	0.02562	0.00367	0.00351
6	0.00592	0.08379	0.03270	0.00571	0.00682	0.00499	0.00441	0.02051	0.00895	0.01172	0.14003	0.46088	0.17760	0.01046	0.00481	0.00147	0.00260	0.00920	0.00366	0.00376
7	0.01127	0.17094	0.04296	0.00785	0.02481	0.00842	0.05072	0.01312	0.00919	0.19332	0.00895	0.00954	0.00678	0.00380	0.00374	0.00093	0.03564	0.00298	0.00281	0.39222
8	0.00599	0.00505	0.02529	0.01907	0.00770	0.00506	0.01946	0.00781	0.05708	0.01076	0.01936	0.33153	0.11402	0.04247	0.24512	0.00310	0.03709	0.03711	0.00314	0.00379
9	0.00792	0.01965	0.75740	0.01100	0.01663	0.00897	0.01405	0.01234	0.00873	0.01282	0.01054	0.01153	0.08162	0.00450	0.00399	0.00131	0.00570	0.00356	0.00193	0.00583
10	0.01163	0.06057	0.06999	0.13354	0.07971	0.00861	0.18160	0.02921	0.03187	0.24527	0.02014	0.02743	0.02729	0.00494	0.00429	0.00133	0.00482	0.04888	0.00312	0.00576
11	0.01003	0.04111	0.24217	0.04202	0.11193	0.00915	0.17232	0.08735	0.02531	0.08269	0.07414	0.04116	0.01878	0.01805	0.00451	0.00134	0.00508	0.00439	0.00271	0.00575
12	0.01199	0.02129	0.07397	0.03197	0.22432	0.08481	0.03139	0.01400	0.00980	0.25430	0.02656	0.03381	0.03205	0.00791	0.10190	0.00189	0.02506	0.00416	0.00306	0.00577
13	0.00885	0.02037	0.78445	0.01143	0.01732	0.00932	0.01461	0.01342	0.00885	0.06272	0.00790	0.00899	0.00550	0.00397	0.00391	0.00130	0.00591	0.00310	0.00194	0.00612
14	0.00942	0.01024	0.12737	0.22973	0.34241	0.00896	0.07324	0.01219	0.00911	0.06319	0.00982	0.02670	0.03494	0.00442	0.00419	0.00131	0.00510	0.01971	0.00226	0.00569
15	0.03605	0.13006	0.33687	0.02364	0.17235	0.00984	0.07989	0.01237	0.01962	0.02954	0.04942	0.03419	0.01820	0.00455	0.00395	0.00126	0.00508	0.02522	0.00222	0.00568
16	0.07852	0.07776	0.05367	0.00709	0.00980	0.03555	0.00613	0.05057	0.01066	0.39001	0.06594	0.04950	0.08753	0.02147	0.00448	0.00133	0.01425	0.02610	0.00397	0.00567
17	0.00623	0.00463	0.00621	0.13958	0.00939	0.00474	0.00484	0.00724	0.02779	0.01061	0.11904	0.06224	0.24460	0.09274	0.04261	0.18416	0.00354	0.02351	0.00297	0.00333
18	0.01138	0.05952	0.30427	0.02693	0.04195	0.11313	0.05018	0.03764	0.06010	0.16201	0.01871	0.03836	0.00864	0.00493	0.00407	0.00129	0.00518	0.04307	0.00283	0.00582
19	0.02611	0.07498	0.18022	0.04933	0.16663	0.12030	0.15482	0.01277	0.00918	0.03416	0.02037	0.03553	0.00706	0.00491	0.01976	0.00138	0.07107	0.00380	0.00213	0.00547
20	0.00948	0.00587	0.02229	0.02668	0.03624	0.00530	0.05434	0.01135	0.03559	0.22555	0.13369	0.24643	0.07679	0.03579	0.00520	0.00151	0.00320	0.03701	0.02293	0.00478
21	0.03177	0.00698	0.03649	0.03745	0.00864	0.09556	0.01962	0.00989	0.00997	0.08437	0.26277	0.10969	0.10790	0.05908	0.00547	0.00149	0.00335	0.04781	0.05750	0.00420
22	0.02813	0.04355	0.24861	0.10325	0.14840	0.02916	0.07924	0.03677	0.03459	0.11256	0.01061	0.04121	0.03278	0.00474	0.00421	0.00131	0.01516	0.01741	0.00257	0.00575
23	0.02925	0.04801	0.21589	0.02895	0.20822	0.07594	0.05085	0.01312	0.07161	0.04699	0.09318	0.03280	0.01039	0.00520	0.01620	0.00136	0.03979	0.00407	0.00254	0.00562

[dist]
# distance from previous block
# <min> <max>
20	188

# created by:
# /home/simao/soft/augustus-3.0.3/scripts/msa2prfl.pl ./prep/86467.aln
