[name]
unknown

[dist]
# distance from previous block
# <min> <max>
0	671

[block]
# block no. 0 follows, 84 sequences, length 25
# corresponding to MSA columns:
# 951-975
name=unknown_A
#
# <colnr> <probs for GDERKNQSTAVLIFYWHMCP>
#	G	D	E	R	K	N	Q	S	T	A	V	L	I	F	Y	W	H	M	C	P
0	0.00893	0.21266	0.10019	0.00860	0.02638	0.03221	0.18399	0.09067	0.19260	0.05563	0.04914	0.00946	0.00743	0.00364	0.00322	0.00100	0.00391	0.00319	0.00236	0.00479
1	0.00527	0.00381	0.00472	0.00497	0.00562	0.00377	0.00354	0.05580	0.07910	0.02771	0.13183	0.58512	0.04954	0.00892	0.00409	0.00127	0.00208	0.01635	0.00325	0.00324
2	0.00634	0.00599	0.00992	0.80118	0.02180	0.00752	0.00904	0.00845	0.00664	0.00855	0.00653	0.00940	0.02461	0.00363	0.00383	0.00114	0.05713	0.00308	0.00153	0.00370
3	0.09443	0.00774	0.01189	0.20433	0.24997	0.02105	0.14904	0.13548	0.04731	0.01235	0.00748	0.00906	0.02807	0.00344	0.00334	0.00106	0.00411	0.00318	0.00204	0.00464
4	0.00787	0.00911	0.05266	0.06119	0.12993	0.02809	0.59929	0.01046	0.00771	0.01048	0.00668	0.01980	0.00523	0.00310	0.00402	0.00112	0.03332	0.00371	0.00168	0.00454
5	0.01299	0.00534	0.00703	0.00557	0.00784	0.00473	0.00454	0.01461	0.04312	0.67811	0.05331	0.01364	0.07029	0.00459	0.00338	0.00103	0.00263	0.00376	0.05827	0.00522
6	0.00577	0.00529	0.00847	0.66079	0.01858	0.00631	0.00771	0.00764	0.00684	0.00865	0.01152	0.08617	0.14341	0.00478	0.00353	0.00114	0.00381	0.00419	0.00189	0.00350
7	0.00987	0.00846	0.01089	0.09684	0.01217	0.06511	0.15366	0.31955	0.11406	0.04896	0.00968	0.01033	0.05688	0.00440	0.01432	0.00113	0.05270	0.00348	0.00267	0.00481
8	0.00440	0.00330	0.00454	0.02910	0.00579	0.00320	0.02070	0.00544	0.04076	0.00883	0.01771	0.80282	0.02086	0.00991	0.00421	0.00134	0.00212	0.00901	0.00305	0.00289
9	0.00673	0.01735	0.86471	0.00956	0.01452	0.00779	0.01240	0.01062	0.00708	0.01062	0.00602	0.00708	0.00425	0.00319	0.00319	0.00106	0.00496	0.00248	0.00142	0.00496
10	0.01130	0.01153	0.00989	0.00926	0.09106	0.36458	0.02474	0.25988	0.14442	0.01335	0.02276	0.00828	0.00626	0.00380	0.00325	0.00097	0.00454	0.00286	0.00250	0.00478
11	0.00799	0.07603	0.21122	0.01114	0.08309	0.00817	0.32494	0.04472	0.05741	0.04772	0.00785	0.06125	0.00640	0.00401	0.01778	0.00115	0.01888	0.00362	0.00197	0.00467
12	0.00609	0.00476	0.00519	0.00498	0.00620	0.00491	0.00371	0.00999	0.31243	0.04356	0.03297	0.17425	0.29617	0.06003	0.00457	0.00129	0.00222	0.00598	0.01692	0.00378
13	0.00848	0.54748	0.30686	0.00706	0.01063	0.01102	0.00798	0.01053	0.00704	0.04797	0.00552	0.00624	0.00447	0.00304	0.00256	0.00085	0.00402	0.00210	0.00155	0.00459
14	0.00971	0.00729	0.04700	0.00672	0.00870	0.04637	0.03137	0.25985	0.09861	0.16064	0.08163	0.18216	0.01220	0.00564	0.00363	0.00111	0.00314	0.02634	0.00326	0.00465
15	0.00636	0.00597	0.03315	0.04643	0.36595	0.02336	0.00681	0.02140	0.00720	0.00985	0.01206	0.40722	0.01319	0.00658	0.00377	0.00118	0.00312	0.02003	0.00236	0.00400
16	0.00422	0.00299	0.00384	0.00446	0.00465	0.00282	0.00291	0.00471	0.00620	0.00823	0.01759	0.70998	0.04451	0.15839	0.00644	0.00168	0.00216	0.00868	0.00293	0.00261
17	0.03318	0.00645	0.00755	0.00639	0.00781	0.00732	0.00514	0.23955	0.12739	0.03726	0.26964	0.01484	0.05216	0.00548	0.00494	0.00113	0.16216	0.00420	0.00310	0.00432
18	0.01017	0.00807	0.04882	0.08861	0.11780	0.00823	0.03034	0.27402	0.21255	0.12265	0.03734	0.01020	0.00772	0.00400	0.00340	0.00106	0.00349	0.00334	0.00296	0.00523
19	0.00476	0.00342	0.00469	0.00476	0.00513	0.00375	0.00339	0.00551	0.00532	0.00744	0.01036	0.09401	0.01087	0.30375	0.51283	0.00433	0.00648	0.00455	0.00199	0.00266
20	0.03683	0.00930	0.00940	0.00737	0.00990	0.09265	0.00602	0.60913	0.01383	0.14055	0.00849	0.00837	0.00595	0.00396	0.00327	0.00099	0.00373	0.00296	0.02188	0.00542
21	0.00886	0.00824	0.01396	0.04676	0.36413	0.00837	0.24755	0.11653	0.10591	0.03431	0.00767	0.00907	0.00591	0.00330	0.00352	0.00106	0.00426	0.00337	0.00214	0.00509
22	0.00447	0.00318	0.00401	0.00431	0.00460	0.00311	0.00286	0.00503	0.00613	0.00823	0.08252	0.37644	0.07399	0.29368	0.10976	0.00241	0.00315	0.00689	0.00266	0.00257
23	0.21999	0.00591	0.00722	0.00577	0.00800	0.00582	0.05203	0.04567	0.04267	0.42597	0.02240	0.01015	0.00739	0.00385	0.00298	0.00101	0.00279	0.00305	0.12256	0.00476
24	0.01003	0.00786	0.01068	0.00839	0.01079	0.04109	0.19666	0.18773	0.25598	0.14490	0.04043	0.03805	0.02290	0.00428	0.00356	0.00109	0.00364	0.00385	0.00306	0.00502

[dist]
# distance from previous block
# <min> <max>
7	43

[block]
# block no. 1 follows, 84 sequences, length 28
# corresponding to MSA columns:
# 1020-1034,1060-1072
name=unknown_B
#
# <colnr> <probs for GDERKNQSTAVLIFYWHMCP>
#	G	D	E	R	K	N	Q	S	T	A	V	L	I	F	Y	W	H	M	C	P
0	0.10966	0.06514	0.26465	0.08144	0.01191	0.03738	0.04065	0.09126	0.09197	0.01165	0.00656	0.00783	0.00510	0.01355	0.00432	0.00111	0.12763	0.00271	0.00193	0.02355
1	0.02706	0.10693	0.25982	0.04474	0.03439	0.04156	0.10853	0.02059	0.02654	0.02833	0.09377	0.02810	0.03881	0.00470	0.00348	0.00110	0.00397	0.12121	0.00216	0.00420
2	0.00623	0.01014	0.39413	0.00698	0.00947	0.00594	0.02145	0.04562	0.00668	0.00953	0.04872	0.02679	0.01827	0.26664	0.02741	0.05305	0.03378	0.00364	0.00186	0.00368
3	0.00741	0.10340	0.18660	0.11100	0.19308	0.05538	0.01723	0.04189	0.04113	0.01060	0.08704	0.06708	0.04803	0.00431	0.00338	0.00103	0.01132	0.00365	0.00205	0.00438
4	0.02409	0.05884	0.12564	0.11100	0.08069	0.06205	0.03661	0.11598	0.18508	0.07162	0.02814	0.02911	0.02527	0.00406	0.00350	0.00106	0.02675	0.00331	0.00246	0.00475
5	0.00539	0.00382	0.00485	0.00516	0.00595	0.00375	0.00397	0.00729	0.09219	0.04525	0.12295	0.34338	0.10339	0.00867	0.00418	0.00131	0.00229	0.22967	0.00325	0.00327
6	0.04757	0.12680	0.30279	0.03937	0.01143	0.00844	0.02318	0.14842	0.08455	0.14364	0.00803	0.00832	0.00575	0.00356	0.00308	0.00101	0.00386	0.00276	0.02245	0.00499
7	0.01856	0.03140	0.16645	0.05133	0.04898	0.05341	0.03766	0.11933	0.12418	0.08556	0.06389	0.09745	0.04910	0.00496	0.00349	0.00109	0.00353	0.03243	0.00267	0.00452
8	0.00759	0.06401	0.42489	0.09529	0.09634	0.00824	0.19138	0.03217	0.00755	0.03202	0.00636	0.00784	0.00470	0.00313	0.00333	0.00105	0.00480	0.00289	0.00163	0.00478
9	0.00404	0.00323	0.00362	0.00387	0.00467	0.00281	0.00277	0.00483	0.00730	0.00908	0.06445	0.32496	0.53434	0.00912	0.00407	0.00121	0.00178	0.00789	0.00314	0.00281
10	0.00730	0.10375	0.57270	0.03175	0.05766	0.04626	0.06561	0.01038	0.00713	0.01003	0.00604	0.00758	0.00464	0.02614	0.01570	0.00114	0.01740	0.00262	0.00149	0.00468
11	0.05284	0.14817	0.24197	0.02519	0.05304	0.03169	0.22014	0.06687	0.05397	0.02807	0.00655	0.00775	0.00501	0.00331	0.00353	0.00103	0.04147	0.00288	0.00184	0.00468
12	0.00492	0.00417	0.00492	0.00540	0.03249	0.05353	0.02242	0.00578	0.00718	0.00918	0.08794	0.48639	0.17538	0.03252	0.00445	0.00131	0.00236	0.05372	0.00297	0.00297
13	0.00437	0.00319	0.00400	0.00454	0.00492	0.00300	0.00308	0.02988	0.00678	0.00889	0.01975	0.69916	0.12884	0.05660	0.00490	0.00142	0.00204	0.00878	0.00306	0.00279
14	0.07753	0.05727	0.23106	0.00870	0.05304	0.08248	0.09652	0.10130	0.03351	0.14673	0.00812	0.04687	0.00631	0.01687	0.01815	0.00114	0.00420	0.00315	0.00233	0.00474
15	0.00792	0.00871	0.06758	0.14216	0.45870	0.04494	0.17791	0.01015	0.00757	0.01037	0.00659	0.03001	0.00546	0.00323	0.00346	0.00105	0.00449	0.00328	0.00167	0.00478
16	0.00527	0.00442	0.00663	0.35858	0.01253	0.00500	0.00578	0.00708	0.05935	0.00891	0.01309	0.47150	0.01424	0.00723	0.00385	0.00125	0.00302	0.00651	0.00247	0.00329
17	0.01922	0.07210	0.13168	0.03276	0.03929	0.04729	0.19729	0.11955	0.20441	0.04851	0.00847	0.00939	0.00643	0.02673	0.00388	0.00112	0.02142	0.00326	0.00236	0.00483
18	0.15075	0.15833	0.11241	0.00760	0.02068	0.09390	0.10159	0.08033	0.06895	0.11044	0.03061	0.03641	0.00662	0.00372	0.00302	0.00099	0.00383	0.00297	0.00232	0.00454
19	0.00559	0.00413	0.00521	0.00480	0.00590	0.00391	0.03076	0.05635	0.04702	0.04578	0.36591	0.16094	0.23607	0.00735	0.00393	0.00113	0.00203	0.00642	0.00338	0.00340
20	0.00789	0.03252	0.00661	0.00592	0.00723	0.36944	0.00446	0.00888	0.00871	0.00953	0.18631	0.06863	0.25898	0.00600	0.00354	0.00101	0.00358	0.00480	0.00260	0.00338
21	0.05595	0.42708	0.22038	0.00702	0.01025	0.06874	0.00732	0.10241	0.00813	0.05636	0.00586	0.00646	0.00463	0.00319	0.00266	0.00088	0.00401	0.00220	0.00184	0.00463
22	0.00914	0.05006	0.04970	0.11048	0.17732	0.02636	0.27710	0.15017	0.03088	0.06257	0.00717	0.00862	0.00539	0.00331	0.00358	0.00105	0.01688	0.00325	0.00210	0.00485
23	0.00459	0.00329	0.00441	0.00513	0.00555	0.00316	0.00387	0.00550	0.00686	0.00902	0.01840	0.51410	0.04787	0.04698	0.00494	0.00150	0.00240	0.30654	0.00306	0.00283
24	0.08070	0.02323	0.04501	0.00707	0.00942	0.09524	0.04996	0.16744	0.18018	0.22161	0.02877	0.01047	0.02869	0.00477	0.03131	0.00118	0.00367	0.00327	0.00305	0.00495
25	0.03674	0.05931	0.21769	0.32861	0.05580	0.03517	0.06537	0.02932	0.05899	0.07128	0.00694	0.00844	0.00511	0.00337	0.00324	0.00106	0.00434	0.00287	0.00187	0.00447
26	0.01528	0.00392	0.01386	0.00520	0.03460	0.00370	0.01226	0.02682	0.02077	0.02341	0.07295	0.29922	0.25521	0.03562	0.13645	0.01297	0.00321	0.01863	0.00283	0.00310
27	0.00785	0.02697	0.00669	0.00564	0.00717	0.00529	0.03600	0.10785	0.11614	0.13371	0.07170	0.25672	0.06758	0.00624	0.00357	0.00109	0.00251	0.00542	0.08033	0.05153

[dist]
# distance from previous block
# <min> <max>
5	29

[block]
# block no. 2 follows, 84 sequences, length 40
# corresponding to MSA columns:
# 1102-1141
name=unknown_C
#
# <colnr> <probs for GDERKNQSTAVLIFYWHMCP>
#	G	D	E	R	K	N	Q	S	T	A	V	L	I	F	Y	W	H	M	C	P
0	0.00687	0.00603	0.00961	0.02498	0.35346	0.01665	0.07077	0.00871	0.03407	0.03591	0.04596	0.18030	0.07400	0.00586	0.00379	0.00116	0.00331	0.11192	0.00244	0.00418
1	0.00603	0.00545	0.00948	0.00800	0.00951	0.00525	0.26626	0.03740	0.04578	0.01047	0.06289	0.32281	0.04289	0.00715	0.00414	0.00127	0.00335	0.14554	0.00273	0.00359
2	0.02688	0.00901	0.01082	0.08001	0.01116	0.14971	0.08285	0.10801	0.01997	0.01014	0.00544	0.00754	0.00468	0.00471	0.00726	0.00124	0.45183	0.00291	0.00179	0.00405
3	0.00981	0.00929	0.01047	0.00858	0.01078	0.19850	0.17726	0.04167	0.34933	0.09239	0.03484	0.01093	0.00833	0.00405	0.00347	0.00107	0.00405	0.01765	0.00276	0.00479
4	0.00474	0.00316	0.00409	0.00459	0.00505	0.00291	0.00319	0.00548	0.00690	0.05094	0.06434	0.67031	0.09953	0.00962	0.00415	0.00130	0.00197	0.02935	0.02546	0.00292
5	0.00908	0.00852	0.01554	0.05501	0.06893	0.02959	0.49462	0.10034	0.04299	0.08695	0.00778	0.00963	0.00585	0.00340	0.00395	0.00111	0.03126	0.01855	0.00217	0.00473
6	0.00615	0.00567	0.00930	0.75025	0.02063	0.00696	0.00850	0.00844	0.03413	0.00875	0.00759	0.10496	0.00661	0.00418	0.00346	0.00115	0.00414	0.00373	0.00173	0.00367
7	0.00710	0.00697	0.00971	0.00840	0.00841	0.00965	0.00692	0.00779	0.00517	0.00802	0.00524	0.04097	0.00546	0.04878	0.01105	0.00155	0.80042	0.00328	0.00156	0.00355
8	0.00676	0.00647	0.01119	0.68124	0.16796	0.00760	0.05341	0.00898	0.00693	0.00910	0.00607	0.00884	0.00465	0.00326	0.00338	0.00110	0.00445	0.00303	0.00153	0.00404
9	0.00760	0.28467	0.54084	0.02636	0.03690	0.00955	0.01007	0.03022	0.00721	0.01000	0.00566	0.00665	0.00434	0.00311	0.00288	0.00095	0.00447	0.00230	0.00148	0.00476
10	0.00519	0.00457	0.00529	0.00605	0.10578	0.03187	0.00393	0.00684	0.06336	0.01027	0.15958	0.07507	0.48656	0.00729	0.00385	0.00111	0.00218	0.01482	0.00301	0.00337
11	0.00427	0.00319	0.00460	0.00509	0.00543	0.00301	0.03803	0.00497	0.00645	0.00863	0.01769	0.81537	0.02103	0.01068	0.03281	0.00149	0.00233	0.00911	0.00301	0.00281
12	0.00876	0.03636	0.01346	0.10661	0.06234	0.06316	0.34411	0.04314	0.05786	0.10174	0.00835	0.03582	0.00677	0.03157	0.00434	0.00118	0.03805	0.02974	0.00218	0.00444
13	0.07542	0.60818	0.14072	0.00674	0.00986	0.02522	0.04983	0.03414	0.00713	0.00936	0.00508	0.00591	0.00433	0.00298	0.00244	0.00082	0.00386	0.00205	0.00155	0.00440
14	0.00613	0.04650	0.00812	0.00688	0.00740	0.01869	0.02256	0.00713	0.00547	0.00794	0.00711	0.02373	0.00687	0.04281	0.42811	0.00338	0.34280	0.00337	0.00168	0.00333
15	0.03637	0.00685	0.03039	0.28703	0.07271	0.03378	0.06093	0.07842	0.15140	0.03377	0.00831	0.04543	0.00672	0.00475	0.00437	0.09540	0.00374	0.00339	0.03214	0.00410
16	0.00759	0.00716	0.01193	0.29454	0.10571	0.00813	0.17899	0.06654	0.05808	0.02305	0.00732	0.05757	0.00615	0.00415	0.00479	0.00117	0.14736	0.00360	0.00192	0.00425
17	0.00791	0.18336	0.54689	0.00864	0.01269	0.05361	0.02695	0.05921	0.04325	0.01070	0.00615	0.00703	0.00462	0.00326	0.00309	0.00099	0.01275	0.00245	0.00164	0.00481
18	0.00469	0.00323	0.00399	0.00419	0.00433	0.00327	0.00265	0.00502	0.00537	0.00724	0.01235	0.22381	0.01415	0.53919	0.13434	0.00308	0.00375	0.02072	0.00227	0.00235
19	0.02883	0.02215	0.00998	0.21320	0.06776	0.09712	0.07846	0.06594	0.05575	0.06462	0.05574	0.03551	0.03167	0.00471	0.02038	0.00118	0.11893	0.00347	0.00219	0.02239
20	0.03069	0.01963	0.02727	0.40919	0.33512	0.06597	0.02329	0.03135	0.00748	0.01000	0.00606	0.00832	0.00479	0.00322	0.00328	0.00104	0.00435	0.00289	0.00163	0.00443
21	0.00657	0.00519	0.00567	0.00535	0.00670	0.00545	0.00405	0.06498	0.32847	0.03882	0.02037	0.21831	0.26246	0.00704	0.00377	0.00118	0.00228	0.00602	0.00328	0.00402
22	0.00764	0.00736	0.01163	0.33073	0.29881	0.04036	0.08507	0.04573	0.03578	0.01033	0.00755	0.02314	0.03191	0.00362	0.00366	0.00108	0.03328	0.00330	0.01460	0.00442
23	0.05397	0.09231	0.02915	0.00692	0.00946	0.09721	0.00582	0.31026	0.07634	0.27122	0.00922	0.00881	0.00643	0.00387	0.00315	0.00099	0.00357	0.00291	0.00315	0.00524
24	0.02943	0.01219	0.00978	0.05313	0.02517	0.46862	0.04656	0.15117	0.09833	0.04208	0.01759	0.00782	0.00570	0.00371	0.00328	0.00096	0.01507	0.00271	0.00227	0.00443
25	0.00478	0.00364	0.00435	0.00426	0.00499	0.00352	0.00312	0.00564	0.00735	0.02986	0.20022	0.14861	0.36477	0.11062	0.01971	0.00987	0.06231	0.00649	0.00299	0.00291
26	0.00789	0.04384	0.12782	0.13276	0.05893	0.02755	0.23423	0.06001	0.09230	0.04077	0.01837	0.03177	0.02129	0.00417	0.01097	0.00114	0.01808	0.04656	0.01709	0.00447
27	0.00999	0.06001	0.13622	0.00885	0.01171	0.03639	0.21293	0.06958	0.08934	0.23184	0.00941	0.01009	0.01938	0.00427	0.02156	0.00117	0.04458	0.01520	0.00259	0.00490
28	0.00877	0.00813	0.18254	0.16520	0.02208	0.00632	0.04362	0.05415	0.06967	0.21618	0.05282	0.01968	0.07942	0.00446	0.00990	0.00110	0.00356	0.00364	0.04419	0.00458
29	0.00593	0.00568	0.02994	0.59435	0.06298	0.00637	0.00794	0.00784	0.00684	0.00884	0.01040	0.12237	0.08310	0.00487	0.00356	0.00115	0.00385	0.02848	0.00189	0.00362
30	0.00913	0.22852	0.25745	0.03683	0.01245	0.21192	0.11815	0.05490	0.02276	0.00994	0.00583	0.00688	0.00458	0.00320	0.00301	0.00094	0.00485	0.00250	0.00167	0.00449
31	0.00657	0.00629	0.01091	0.76150	0.08110	0.00755	0.06126	0.00883	0.00685	0.00887	0.00604	0.00891	0.00457	0.00330	0.00339	0.00111	0.00451	0.00304	0.00152	0.00389
32	0.00930	0.03242	0.34993	0.03482	0.01098	0.04384	0.00791	0.03880	0.02817	0.26071	0.02003	0.11521	0.02393	0.00457	0.00338	0.00108	0.00378	0.00376	0.00261	0.00478
33	0.01068	0.15864	0.12899	0.00807	0.01039	0.50157	0.00705	0.06062	0.00886	0.00926	0.00592	0.04284	0.00514	0.00371	0.00316	0.00091	0.02572	0.00252	0.00178	0.00416
34	0.00409	0.00292	0.00389	0.00467	0.00487	0.00273	0.00311	0.00467	0.00642	0.00856	0.01849	0.87991	0.02219	0.01051	0.00428	0.00136	0.00195	0.00954	0.00311	0.00273
35	0.00416	0.00297	0.00398	0.00476	0.00499	0.00279	0.00325	0.00481	0.00650	0.00865	0.01845	0.83044	0.02202	0.01044	0.00430	0.00137	0.00201	0.05824	0.00311	0.00275
36	0.29102	0.00678	0.00709	0.10404	0.00924	0.00770	0.00499	0.26355	0.07137	0.01454	0.00759	0.01003	0.00636	0.14859	0.00530	0.00141	0.01421	0.00300	0.01908	0.00412
37	0.20032	0.02304	0.00896	0.00722	0.00955	0.21683	0.00582	0.45949	0.01202	0.01655	0.00660	0.00699	0.00492	0.00368	0.00299	0.00097	0.00403	0.00254	0.00267	0.00481
38	0.04990	0.00435	0.00523	0.00470	0.00579	0.00432	0.00361	0.11723	0.01008	0.01446	0.69151	0.03639	0.02672	0.00637	0.00379	0.00105	0.00192	0.00552	0.00356	0.00351
39	0.05560	0.00679	0.01019	0.49761	0.11688	0.03507	0.04076	0.04737	0.03481	0.01001	0.00667	0.00963	0.00538	0.00440	0.03288	0.00126	0.04989	0.02899	0.00176	0.00404

[dist]
# distance from previous block
# <min> <max>
4	42

[block]
# block no. 3 follows, 84 sequences, length 38
# corresponding to MSA columns:
# 1187-1224
name=unknown_D
#
# <colnr> <probs for GDERKNQSTAVLIFYWHMCP>
#	G	D	E	R	K	N	Q	S	T	A	V	L	I	F	Y	W	H	M	C	P
0	0.03915	0.00424	0.00596	0.03677	0.00719	0.00453	0.02757	0.05392	0.00691	0.04806	0.01245	0.21857	0.01283	0.01481	0.35163	0.00295	0.00532	0.14131	0.00251	0.00331
1	0.00509	0.00382	0.00488	0.00505	0.00565	0.01659	0.00385	0.00601	0.00642	0.02467	0.01626	0.15012	0.15160	0.13921	0.24924	0.00276	0.03562	0.16773	0.00252	0.00290
2	0.01869	0.00394	0.00618	0.03642	0.00721	0.00376	0.10221	0.00615	0.00680	0.04416	0.02912	0.66925	0.01881	0.00891	0.00414	0.00131	0.00253	0.02437	0.00293	0.00312
3	0.03647	0.15543	0.08425	0.01307	0.36309	0.12660	0.05148	0.01131	0.00784	0.09809	0.00652	0.00767	0.00516	0.00321	0.00318	0.00096	0.01626	0.00269	0.00188	0.00485
4	0.00685	0.06302	0.82008	0.00936	0.01421	0.00808	0.01204	0.01059	0.00707	0.01048	0.00595	0.00699	0.00425	0.00317	0.00313	0.00104	0.00489	0.00244	0.00142	0.00492
5	0.00934	0.00878	0.01015	0.29541	0.01444	0.17501	0.04674	0.11800	0.05488	0.07180	0.00679	0.00837	0.00521	0.00400	0.00465	0.00111	0.15603	0.00294	0.00208	0.00427
6	0.15230	0.10635	0.24480	0.15272	0.01294	0.07243	0.04879	0.07850	0.02509	0.04583	0.02667	0.00776	0.00530	0.00339	0.00299	0.00101	0.00415	0.00262	0.00194	0.00442
7	0.00708	0.00676	0.01032	0.43768	0.05577	0.00878	0.00842	0.03853	0.00641	0.00892	0.00540	0.00820	0.00453	0.00442	0.00659	0.00126	0.37257	0.00296	0.00156	0.00385
8	0.00442	0.00333	0.00389	0.00404	0.00486	0.00296	0.00293	0.00532	0.00750	0.02994	0.14473	0.27525	0.43986	0.00952	0.04445	0.00139	0.00212	0.00740	0.00316	0.00292
9	0.00842	0.36182	0.07564	0.20114	0.01265	0.10855	0.02157	0.03200	0.00717	0.00872	0.00563	0.00715	0.01682	0.00357	0.00382	0.00097	0.11624	0.00244	0.00156	0.00411
10	0.01148	0.01268	0.05997	0.06257	0.01209	0.42545	0.09341	0.23169	0.01067	0.03904	0.00645	0.00729	0.00489	0.00354	0.00325	0.00096	0.00513	0.00268	0.00220	0.00454
11	0.01196	0.00845	0.00917	0.00713	0.00958	0.00924	0.00586	0.69634	0.02644	0.06304	0.05276	0.00947	0.00744	0.00418	0.00332	0.00100	0.00338	0.00321	0.06262	0.00540
12	0.00890	0.23323	0.08173	0.00801	0.00958	0.16920	0.00714	0.04654	0.00700	0.00883	0.00491	0.00661	0.00441	0.00436	0.00631	0.00111	0.38401	0.00247	0.00159	0.00407
13	0.02173	0.02240	0.01005	0.40609	0.01614	0.21330	0.03508	0.14615	0.02057	0.02279	0.00704	0.00870	0.02817	0.00369	0.00345	0.00104	0.02457	0.00292	0.00197	0.00414
14	0.00460	0.00332	0.00437	0.00488	0.00539	0.00315	0.00367	0.00560	0.00730	0.00972	0.15738	0.40162	0.08182	0.05176	0.00493	0.00144	0.00225	0.24078	0.00315	0.00287
15	0.00701	0.00425	0.00527	0.00493	0.00617	0.00402	0.00380	0.00913	0.10476	0.18137	0.24916	0.16638	0.16959	0.00712	0.00388	0.00116	0.00214	0.06258	0.00351	0.00378
16	0.02422	0.68262	0.09120	0.00641	0.00926	0.07581	0.00642	0.02312	0.00710	0.00849	0.00486	0.00570	0.00432	0.00307	0.00265	0.00080	0.03619	0.00194	0.00150	0.00432
17	0.03696	0.26485	0.23275	0.19433	0.01348	0.02650	0.00825	0.12582	0.04751	0.01109	0.00619	0.00730	0.00477	0.00331	0.00292	0.00097	0.00412	0.00250	0.00182	0.00456
18	0.00643	0.00572	0.00956	0.00785	0.00943	0.00571	0.24838	0.00916	0.12593	0.03730	0.17554	0.22803	0.04340	0.00625	0.00429	0.00120	0.04393	0.02524	0.00281	0.00384
19	0.00403	0.00319	0.00364	0.00398	0.00469	0.00279	0.00281	0.00478	0.00714	0.00893	0.04328	0.40898	0.47118	0.00936	0.00411	0.00123	0.00181	0.00815	0.00313	0.00279
20	0.05364	0.02246	0.08919	0.00809	0.01080	0.13280	0.06943	0.44363	0.01212	0.08056	0.02029	0.00851	0.00598	0.00405	0.01228	0.00105	0.00419	0.01306	0.00278	0.00507
21	0.03115	0.00650	0.01213	0.00917	0.01153	0.00600	0.43582	0.00864	0.00785	0.05011	0.02921	0.01882	0.31300	0.00526	0.00391	0.00114	0.00386	0.03962	0.00242	0.00387
22	0.01472	0.00564	0.00768	0.00591	0.00845	0.00487	0.00487	0.01602	0.00960	0.83575	0.04085	0.01186	0.00907	0.00424	0.00339	0.00104	0.00281	0.00346	0.00414	0.00563
23	0.00539	0.00382	0.00516	0.00529	0.00596	0.00402	0.00417	0.04538	0.00679	0.00914	0.05184	0.03261	0.06800	0.10025	0.29737	0.08561	0.00493	0.25890	0.00244	0.00291
24	0.01056	0.03553	0.34860	0.05449	0.01190	0.04013	0.00832	0.06178	0.04823	0.33343	0.00915	0.00905	0.00616	0.00368	0.00325	0.00104	0.00396	0.00291	0.00267	0.00518
25	0.00790	0.00636	0.00686	0.00617	0.00791	0.00708	0.00479	0.01526	0.63785	0.05914	0.10254	0.01573	0.09749	0.00516	0.00352	0.00112	0.00246	0.00433	0.00345	0.00486
26	0.00762	0.00773	0.01151	0.49915	0.25714	0.09742	0.05295	0.00967	0.00732	0.00932	0.00602	0.00847	0.00473	0.00323	0.00334	0.00106	0.00456	0.00295	0.00157	0.00423
27	0.00853	0.27712	0.43840	0.00779	0.01159	0.00923	0.00897	0.06928	0.00778	0.09013	0.00653	0.00726	0.00489	0.00403	0.03386	0.00111	0.00440	0.00243	0.00183	0.00481
28	0.01924	0.04954	0.20334	0.02581	0.01213	0.27188	0.12983	0.04851	0.00810	0.04970	0.00597	0.00728	0.00467	0.00372	0.00448	0.00106	0.14588	0.00271	0.00178	0.00436
29	0.00460	0.00320	0.00394	0.00429	0.00450	0.00310	0.00282	0.00506	0.00600	0.00798	0.05125	0.34081	0.04245	0.41349	0.01021	0.00223	0.00264	0.08632	0.00264	0.00246
30	0.06800	0.00695	0.00819	0.06208	0.00957	0.04405	0.03546	0.18997	0.13729	0.11532	0.05705	0.04907	0.00999	0.00580	0.03367	0.00130	0.06437	0.09448	0.00292	0.00448
31	0.03601	0.04317	0.02554	0.07619	0.01047	0.13190	0.04764	0.29624	0.05179	0.08584	0.03362	0.08175	0.03952	0.02077	0.00362	0.00108	0.00377	0.00372	0.00277	0.00459
32	0.00786	0.00894	0.01944	0.04599	0.01774	0.00845	0.81788	0.01067	0.00787	0.01067	0.00676	0.00905	0.00507	0.00285	0.00394	0.00113	0.00561	0.00392	0.00169	0.00450
33	0.03564	0.00651	0.00977	0.67192	0.04051	0.02041	0.00852	0.11438	0.00798	0.01059	0.03779	0.00926	0.00563	0.00355	0.00333	0.00109	0.00422	0.00305	0.00183	0.00399
34	0.15037	0.00836	0.13300	0.03875	0.02741	0.03424	0.12397	0.07981	0.06573	0.04424	0.08706	0.02808	0.04225	0.06199	0.00469	0.00124	0.05872	0.00360	0.00233	0.00417
35	0.00844	0.00691	0.03897	0.01978	0.00839	0.04858	0.00542	0.12189	0.24717	0.09348	0.05941	0.06707	0.03733	0.04220	0.03429	0.00140	0.05527	0.09660	0.00302	0.00439
36	0.00423	0.00300	0.00388	0.00453	0.00473	0.00283	0.00300	0.00476	0.00626	0.00832	0.01774	0.71719	0.04183	0.13471	0.00611	0.00163	0.00215	0.02751	0.00296	0.00264
37	0.03742	0.00781	0.02261	0.10186	0.24385	0.09207	0.08031	0.03111	0.02788	0.15351	0.07401	0.01045	0.00791	0.03524	0.00434	0.00114	0.05826	0.00333	0.00232	0.00457

[dist]
# distance from previous block
# <min> <max>
0	3

[block]
# block no. 4 follows, 84 sequences, length 45
# corresponding to MSA columns:
# 1228-1272
name=unknown_E
#
# <colnr> <probs for GDERKNQSTAVLIFYWHMCP>
#	G	D	E	R	K	N	Q	S	T	A	V	L	I	F	Y	W	H	M	C	P
0	0.04579	0.06860	0.00977	0.16844	0.04682	0.15197	0.00668	0.18243	0.22669	0.02295	0.00815	0.00877	0.00621	0.00384	0.00340	0.00103	0.02839	0.00294	0.00246	0.00468
1	0.04531	0.00637	0.01055	0.65218	0.15474	0.00751	0.03112	0.01801	0.00700	0.00952	0.02286	0.00900	0.00514	0.00335	0.00332	0.00109	0.00428	0.00302	0.00161	0.00401
2	0.00474	0.00346	0.00432	0.00461	0.00535	0.00321	0.00356	0.00581	0.00759	0.02175	0.16683	0.19460	0.25179	0.06860	0.00510	0.00142	0.00224	0.23895	0.00315	0.00293
3	0.03639	0.00869	0.00787	0.00707	0.00838	0.25123	0.02292	0.10911	0.09009	0.02299	0.08063	0.13602	0.01074	0.01810	0.05170	0.00137	0.10197	0.02830	0.00251	0.00392
4	0.12616	0.17280	0.03932	0.00789	0.01027	0.05218	0.14479	0.15204	0.09549	0.04733	0.00730	0.02695	0.00584	0.00425	0.02243	0.00113	0.07407	0.00297	0.00226	0.00454
5	0.00759	0.02237	0.00610	0.00541	0.00683	0.00524	0.00417	0.06519	0.21427	0.14500	0.12023	0.21864	0.13510	0.00674	0.00375	0.00116	0.00235	0.02235	0.00340	0.00412
6	0.01058	0.02306	0.00721	0.00591	0.00780	0.00575	0.00471	0.17794	0.06539	0.35019	0.04959	0.19158	0.05183	0.00589	0.00362	0.00112	0.00273	0.02678	0.00358	0.00473
7	0.02534	0.02800	0.01184	0.01003	0.08182	0.27010	0.16232	0.22623	0.01039	0.09776	0.00706	0.00787	0.00529	0.00359	0.00361	0.00100	0.03770	0.00292	0.00236	0.00477
8	0.00744	0.00740	0.01225	0.47623	0.09611	0.04393	0.18939	0.04256	0.04723	0.00998	0.00674	0.02172	0.00525	0.00343	0.00359	0.00110	0.01642	0.00329	0.00175	0.00419
9	0.00468	0.00341	0.00413	0.00416	0.00472	0.00327	0.00295	0.00550	0.00691	0.00920	0.21823	0.04598	0.19571	0.30857	0.08816	0.00228	0.00301	0.08370	0.00276	0.00267
10	0.00696	0.00596	0.00696	0.00497	0.00795	0.00447	0.00398	0.00845	0.00696	0.01093	0.00596	0.00696	0.00497	0.00248	0.00248	0.00050	0.00248	0.00199	0.00199	0.90260
11	0.48285	0.00568	0.00594	0.00522	0.00707	0.00603	0.04013	0.01004	0.01309	0.16295	0.04608	0.11496	0.02931	0.00483	0.00294	0.00111	0.00266	0.05254	0.00271	0.00387
12	0.00427	0.00331	0.00390	0.00406	0.00485	0.00294	0.00299	0.00527	0.00782	0.01011	0.24114	0.24520	0.39562	0.00862	0.00407	0.00119	0.00180	0.04668	0.00326	0.00290
13	0.01226	0.01517	0.00981	0.00941	0.06788	0.77418	0.00674	0.04855	0.00965	0.00894	0.00538	0.00629	0.00445	0.00345	0.00306	0.00088	0.00581	0.00225	0.00179	0.00406
14	0.02138	0.00929	0.00981	0.00838	0.04642	0.14652	0.05722	0.38271	0.08793	0.03178	0.07372	0.02176	0.00806	0.00462	0.01742	0.00111	0.06088	0.00333	0.00280	0.00485
15	0.00418	0.00304	0.00394	0.00450	0.00486	0.00280	0.00308	0.00494	0.00699	0.00935	0.14768	0.68275	0.08991	0.00980	0.00421	0.00130	0.00187	0.00882	0.00320	0.00280
16	0.00426	0.00341	0.00384	0.00399	0.00493	0.00299	0.00305	0.00526	0.00775	0.00968	0.13337	0.12455	0.55893	0.00861	0.00408	0.00120	0.00189	0.11213	0.00318	0.00289
17	0.11513	0.00860	0.01243	0.00948	0.01203	0.07198	0.31893	0.17748	0.07088	0.08553	0.01708	0.00936	0.00620	0.01359	0.01224	0.00115	0.03573	0.01506	0.00244	0.00466
18	0.00721	0.00687	0.01125	0.36660	0.37566	0.02851	0.03416	0.00921	0.00731	0.00981	0.02114	0.04218	0.00684	0.00387	0.00347	0.00109	0.00412	0.05461	0.00177	0.00434
19	0.00405	0.00342	0.00351	0.00354	0.00465	0.00288	0.00268	0.00495	0.00771	0.00924	0.05835	0.03230	0.80027	0.00848	0.00399	0.00115	0.00175	0.04111	0.00313	0.00285
20	0.14674	0.04958	0.00997	0.02164	0.08562	0.45016	0.04087	0.10317	0.03442	0.01116	0.00582	0.00672	0.00467	0.00343	0.00304	0.00094	0.01342	0.00240	0.00198	0.00426
21	0.00810	0.00564	0.00646	0.03716	0.00775	0.01928	0.00453	0.08201	0.28028	0.13307	0.03181	0.16165	0.08817	0.06299	0.00492	0.03994	0.00272	0.01614	0.00317	0.00421
22	0.00677	0.00641	0.01085	0.68570	0.20805	0.00757	0.00953	0.00895	0.00691	0.00910	0.00604	0.00880	0.00466	0.00327	0.00335	0.00109	0.00436	0.00298	0.00153	0.00408
23	0.00747	0.00714	0.01205	0.36160	0.48925	0.00786	0.00978	0.00951	0.00716	0.00988	0.00609	0.00852	0.00494	0.00326	0.00366	0.00107	0.04158	0.00298	0.00158	0.00461
24	0.00690	0.00658	0.01123	0.62254	0.21520	0.00764	0.04459	0.00927	0.02588	0.00933	0.00625	0.00888	0.00482	0.00327	0.00337	0.00109	0.00437	0.00304	0.00158	0.00416
25	0.00683	0.00653	0.01125	0.65220	0.20448	0.00761	0.04555	0.00904	0.00696	0.00918	0.00607	0.00881	0.00468	0.00325	0.00337	0.00109	0.00442	0.00303	0.00154	0.00411
26	0.00969	0.67520	0.03614	0.00646	0.00913	0.19851	0.00606	0.01079	0.00741	0.00803	0.00481	0.00557	0.00431	0.00301	0.00237	0.00076	0.00415	0.00189	0.00150	0.00423
27	0.10676	0.00782	0.00856	0.00680	0.00924	0.00841	0.00558	0.45491	0.10410	0.20617	0.02351	0.00991	0.00726	0.00417	0.00327	0.00104	0.00323	0.02051	0.00340	0.00535
28	0.00426	0.00325	0.00384	0.00416	0.00480	0.00293	0.00298	0.00505	0.00714	0.00913	0.09733	0.34214	0.35180	0.07888	0.00518	0.00141	0.00200	0.06787	0.00308	0.00278
29	0.00404	0.00340	0.00351	0.00348	0.00458	0.00286	0.00261	0.00496	0.00783	0.00949	0.11510	0.03158	0.77843	0.00834	0.00396	0.00113	0.00169	0.00698	0.00317	0.00286
30	0.00430	0.00310	0.00411	0.00479	0.00514	0.00291	0.00340	0.00509	0.00685	0.00910	0.07444	0.67779	0.05708	0.01002	0.00429	0.00136	0.00206	0.11823	0.00315	0.00281
31	0.55404	0.00627	0.00611	0.00507	0.00735	0.00664	0.00418	0.03301	0.00740	0.32924	0.00792	0.00772	0.00541	0.00352	0.00259	0.00104	0.00272	0.00242	0.00288	0.00445
32	0.17904	0.00584	0.00615	0.00545	0.00704	0.00630	0.00424	0.17840	0.14201	0.07323	0.08830	0.15935	0.01181	0.02622	0.00356	0.00113	0.00255	0.00438	0.09081	0.00417
33	0.00472	0.00345	0.00428	0.00424	0.00488	0.00325	0.00303	0.00607	0.03333	0.01115	0.47873	0.15106	0.10168	0.14879	0.00612	0.00148	0.00198	0.02553	0.00327	0.00295
34	0.00458	0.00372	0.00395	0.00386	0.00502	0.00333	0.00294	0.00616	0.06812	0.02374	0.12235	0.02992	0.66963	0.00799	0.00394	0.00114	0.00181	0.03149	0.00322	0.00310
35	0.38895	0.00662	0.00661	0.00557	0.00771	0.00722	0.00450	0.11002	0.16952	0.20030	0.03414	0.00937	0.00719	0.02477	0.00318	0.00111	0.00278	0.00287	0.00298	0.00459
36	0.04057	0.00411	0.00473	0.00447	0.00553	0.00396	0.00332	0.02476	0.07163	0.10116	0.18785	0.11432	0.21975	0.12706	0.00556	0.00142	0.00222	0.03251	0.04168	0.00338
37	0.04136	0.00336	0.00337	0.00333	0.00418	0.00341	0.00251	0.02184	0.00716	0.01263	0.02860	0.04383	0.00933	0.00418	0.00246	0.00082	0.00165	0.00337	0.79945	0.00318
38	0.00566	0.00450	0.00488	0.00470	0.00574	0.00465	0.00343	0.00913	0.27078	0.01069	0.09652	0.10687	0.26135	0.15052	0.00591	0.00148	0.00226	0.00568	0.04176	0.00350
39	0.00426	0.00323	0.00381	0.00402	0.00465	0.00291	0.00281	0.00508	0.00732	0.00952	0.19379	0.31369	0.32193	0.10083	0.00545	0.00142	0.00192	0.00747	0.00312	0.00278
40	0.00471	0.00323	0.00407	0.00448	0.00484	0.00306	0.00307	0.00533	0.00649	0.02914	0.06251	0.45222	0.07842	0.23202	0.00752	0.00182	0.00238	0.08914	0.00289	0.00269
41	0.00444	0.00326	0.00412	0.00467	0.00507	0.00312	0.00325	0.00549	0.04214	0.00896	0.04705	0.60214	0.10077	0.07627	0.00521	0.00148	0.00213	0.07452	0.00306	0.00283
42	0.00442	0.00308	0.00393	0.00436	0.00460	0.00298	0.00287	0.00481	0.00595	0.00789	0.01630	0.49871	0.07834	0.22645	0.06911	0.05079	0.00280	0.00743	0.00266	0.00251
43	0.01820	0.00363	0.00453	0.01887	0.02418	0.00363	0.00323	0.03134	0.02644	0.00847	0.02544	0.30329	0.09419	0.27685	0.03958	0.08302	0.00285	0.02706	0.00253	0.00267
44	0.00607	0.00458	0.00551	0.00528	0.00604	0.03045	0.00389	0.03497	0.12917	0.02932	0.03260	0.05304	0.01043	0.21552	0.37673	0.04114	0.00559	0.00415	0.00228	0.00322

[dist]
# distance from previous block
# <min> <max>
0	5

# created by:
# /home/simao/soft/augustus-3.0.3/scripts/msa2prfl.pl ./prep/87189.aln
