[name]
unknown

[dist]
# distance from previous block
# <min> <max>
0	379

[block]
# block no. 0 follows, 73 sequences, length 64
# corresponding to MSA columns:
# 428-434,440-444,446,451-477,484-506,528
name=unknown_A
#
# <colnr> <probs for GDERKNQSTAVLIFYWHMCP>
#	G	D	E	R	K	N	Q	S	T	A	V	L	I	F	Y	W	H	M	C	P
0	0.00612	0.00442	0.00612	0.00685	0.00782	0.00435	0.00598	0.00784	0.00860	0.01127	0.01930	0.04085	0.02091	0.01004	0.00508	0.00168	0.00343	0.78479	0.00340	0.04114
1	0.01613	0.00632	0.00849	0.00658	0.00939	0.00551	0.00541	0.01778	0.03045	0.79188	0.01580	0.01379	0.04475	0.00486	0.00380	0.00117	0.00313	0.00396	0.00457	0.00624
2	0.06023	0.01091	0.01235	0.01599	0.44672	0.25054	0.02370	0.01195	0.00891	0.01144	0.00832	0.02993	0.04158	0.00406	0.00379	0.00110	0.02535	0.00339	0.02467	0.00507
3	0.01393	0.01066	0.01105	0.00861	0.01151	0.04721	0.00706	0.74485	0.07055	0.02251	0.00928	0.00924	0.00664	0.00451	0.00374	0.00113	0.00417	0.00339	0.00368	0.00627
4	0.00882	0.00869	0.03760	0.24994	0.54518	0.00887	0.03073	0.04371	0.00861	0.01197	0.00703	0.00945	0.00566	0.00350	0.00374	0.00116	0.00467	0.00335	0.00187	0.00544
5	0.00542	0.00377	0.00476	0.00476	0.00499	0.00400	0.00311	0.00589	0.00565	0.00777	0.01121	0.02116	0.01217	0.57804	0.30720	0.00446	0.00585	0.00496	0.00218	0.00265
6	0.05556	0.06100	0.64556	0.00953	0.01434	0.00849	0.01173	0.01220	0.00821	0.09124	0.04284	0.00904	0.00645	0.00382	0.00349	0.00116	0.00494	0.00296	0.00202	0.00542
7	0.00536	0.00402	0.00603	0.00603	0.00670	0.00469	0.00469	0.00670	0.00603	0.00871	0.01005	0.01474	0.00938	0.02814	0.85328	0.00603	0.01005	0.00402	0.00201	0.00335
8	0.00546	0.00399	0.00514	0.00483	0.00576	0.00375	0.00363	0.00755	0.04082	0.01507	0.81256	0.02751	0.03453	0.00758	0.00440	0.00118	0.00181	0.00669	0.00412	0.00363
9	0.00806	0.00767	0.01302	0.48742	0.38991	0.00859	0.01091	0.01044	0.00796	0.01077	0.00684	0.00968	0.00542	0.00357	0.00373	0.00119	0.00476	0.00334	0.00175	0.00496
10	0.02333	0.14659	0.03516	0.01008	0.06055	0.14697	0.14578	0.14542	0.07950	0.10052	0.00900	0.04758	0.00719	0.00429	0.00379	0.00112	0.02158	0.00358	0.00266	0.00527
11	0.00582	0.00426	0.00444	0.00439	0.00450	0.03974	0.00257	0.00590	0.00570	0.00740	0.01151	0.02346	0.01312	0.80295	0.04673	0.00361	0.00399	0.00528	0.00225	0.00240
12	0.00752	0.01941	0.84871	0.01069	0.01624	0.00871	0.01386	0.01188	0.00792	0.01188	0.00673	0.00792	0.00475	0.00356	0.00356	0.00119	0.00554	0.00277	0.00158	0.00554
13	0.00885	0.03879	0.01193	0.05090	0.05893	0.00773	0.20587	0.05932	0.14163	0.08983	0.05921	0.15050	0.04000	0.01902	0.00468	0.00131	0.03840	0.00530	0.00297	0.00484
14	0.00852	0.23152	0.18443	0.01777	0.01133	0.02558	0.04763	0.02962	0.00785	0.01096	0.00698	0.02347	0.01740	0.01790	0.00430	0.00100	0.09441	0.00283	0.00192	0.25458
15	0.01012	0.66501	0.07063	0.03811	0.01077	0.07532	0.00706	0.04625	0.00836	0.00985	0.02563	0.00699	0.00562	0.00346	0.00271	0.00088	0.00430	0.00231	0.00178	0.00484
16	0.00945	0.00756	0.00917	0.10092	0.08633	0.03927	0.00658	0.09291	0.24650	0.08209	0.07311	0.03659	0.01068	0.02120	0.05211	0.00147	0.02402	0.00403	0.00307	0.09294
17	0.00542	0.00342	0.00408	0.00452	0.00507	0.00324	0.00316	0.00654	0.00776	0.01148	0.07991	0.46561	0.07532	0.00885	0.00402	0.00127	0.00199	0.00782	0.29729	0.00324
18	0.00466	0.00341	0.00442	0.00513	0.00552	0.00312	0.00347	0.00539	0.00735	0.00978	0.03553	0.77238	0.07854	0.01128	0.00470	0.00147	0.00217	0.01018	0.00346	0.02804
19	0.00813	0.00660	0.00833	0.06655	0.01028	0.00531	0.02816	0.00984	0.00793	0.05900	0.00778	0.04640	0.00659	0.00336	0.00304	0.00070	0.00303	0.00283	0.00237	0.71378
20	0.07614	0.08901	0.10057	0.00947	0.01197	0.45478	0.06272	0.05248	0.00963	0.02740	0.00619	0.00733	0.00499	0.00395	0.00400	0.00107	0.06896	0.00266	0.00201	0.00466
21	0.00878	0.00655	0.00663	0.00600	0.00764	0.03070	0.00465	0.07955	0.38686	0.01543	0.03926	0.01383	0.01087	0.00480	0.00333	0.00109	0.00264	0.00390	0.36261	0.00486
22	0.00612	0.00374	0.00551	0.00544	0.00567	0.00411	0.00390	0.00572	0.00535	0.00742	0.00798	0.01319	0.00786	0.06757	0.30522	0.49692	0.04047	0.00365	0.00180	0.00236
23	0.00476	0.00389	0.00425	0.00429	0.00544	0.00337	0.00321	0.00595	0.01978	0.01080	0.12547	0.12787	0.59382	0.00936	0.00446	0.00129	0.00202	0.04193	0.00353	0.02451
24	0.00522	0.00382	0.00490	0.00465	0.00556	0.00350	0.00348	0.00690	0.01038	0.01452	0.75738	0.04419	0.10568	0.00791	0.00443	0.00119	0.00179	0.00696	0.00406	0.00350
25	0.00517	0.00379	0.00474	0.00456	0.00545	0.00345	0.00338	0.00671	0.00994	0.01378	0.63555	0.07460	0.16357	0.02556	0.00471	0.00126	0.00185	0.00709	0.02142	0.00343
26	0.00709	0.00667	0.01125	0.85913	0.02584	0.00834	0.01042	0.00959	0.00750	0.00959	0.00667	0.01000	0.00500	0.00375	0.00375	0.00125	0.00500	0.00333	0.00167	0.00417
27	0.00468	0.00364	0.00425	0.00446	0.00531	0.00321	0.00321	0.00572	0.00859	0.01108	0.21649	0.29455	0.40183	0.00979	0.00454	0.00133	0.00196	0.00852	0.00363	0.00321
28	0.01003	0.87041	0.01966	0.00642	0.00963	0.01485	0.00642	0.01123	0.00762	0.00883	0.00522	0.00602	0.00481	0.00321	0.00241	0.00080	0.00401	0.00201	0.00160	0.00481
29	0.89465	0.00726	0.00551	0.00493	0.00726	0.00842	0.00406	0.01103	0.00638	0.01683	0.00522	0.00609	0.00406	0.00348	0.00232	0.00116	0.00290	0.00203	0.00232	0.00406
30	0.00823	0.00786	0.01323	0.39790	0.42844	0.00880	0.01083	0.01050	0.00791	0.01087	0.00676	0.00955	0.00546	0.00371	0.00423	0.00121	0.05437	0.00334	0.00176	0.00504
31	0.35223	0.01091	0.00907	0.00913	0.11294	0.26011	0.00638	0.11251	0.00944	0.03780	0.00654	0.00748	0.00512	0.00381	0.00319	0.00109	0.01824	0.00258	0.02670	0.00471
32	0.00546	0.00364	0.00409	0.00409	0.00409	0.00364	0.00227	0.00546	0.00546	0.00727	0.01182	0.02455	0.01364	0.86815	0.01910	0.00364	0.00364	0.00546	0.00227	0.00227
33	0.00882	0.00841	0.01132	0.00963	0.01001	0.01140	0.00800	0.08494	0.04735	0.01069	0.00580	0.00856	0.00538	0.00631	0.01111	0.00158	0.74101	0.00334	0.00194	0.00440
34	0.00838	0.02117	0.10807	0.28955	0.43110	0.00881	0.02584	0.01125	0.03841	0.01143	0.00718	0.00950	0.00569	0.00356	0.00371	0.00117	0.00473	0.00331	0.00183	0.00530
35	0.00537	0.00360	0.00412	0.00420	0.00422	0.00358	0.00239	0.00543	0.00562	0.00750	0.01268	0.10649	0.01473	0.78473	0.01770	0.00343	0.00349	0.00596	0.00239	0.00235
36	0.01377	0.00883	0.00980	0.00765	0.01037	0.00945	0.00628	0.54493	0.05397	0.18582	0.01080	0.01052	0.00754	0.00455	0.00364	0.00111	0.00364	0.00351	0.09779	0.00605
37	0.00989	0.25215	0.20289	0.01205	0.20219	0.04899	0.06088	0.02543	0.07121	0.06901	0.00763	0.00860	0.00595	0.00361	0.00336	0.00106	0.00460	0.00297	0.00210	0.00545
38	0.00909	0.03163	0.05977	0.02131	0.20651	0.00783	0.07597	0.04496	0.12913	0.09724	0.07431	0.01358	0.02016	0.07619	0.07014	0.00176	0.04859	0.00408	0.00271	0.00505
39	0.00725	0.00683	0.01000	0.00875	0.00912	0.00907	0.03703	0.00833	0.00596	0.00903	0.00679	0.01053	0.00649	0.01388	0.30211	0.00314	0.53645	0.00358	0.00178	0.00388
40	0.06163	0.08529	0.09205	0.01981	0.07275	0.28882	0.06487	0.08622	0.02619	0.11592	0.00758	0.00838	0.00575	0.00398	0.00387	0.00110	0.04534	0.00294	0.00240	0.00510
41	0.00544	0.00364	0.00414	0.00416	0.00418	0.00365	0.00235	0.00548	0.00550	0.00735	0.01192	0.03809	0.01372	0.83322	0.03961	0.00366	0.00377	0.00551	0.00229	0.00231
42	0.01024	0.02636	0.30150	0.01057	0.13557	0.00801	0.00930	0.04789	0.14188	0.19415	0.05140	0.01172	0.02580	0.00436	0.00372	0.00118	0.00412	0.00362	0.00290	0.00572
43	0.00929	0.00891	0.01523	0.02303	0.84475	0.00891	0.01151	0.01151	0.00854	0.01226	0.00706	0.00929	0.00594	0.00334	0.00371	0.00111	0.00446	0.00334	0.00186	0.00594
44	0.00778	0.00667	0.00778	0.00556	0.00889	0.00500	0.00445	0.00945	0.00778	0.01223	0.00667	0.00778	0.00556	0.00278	0.00278	0.00056	0.00278	0.00222	0.00222	0.89108
45	0.01401	0.01788	0.01063	0.00967	0.01160	0.85309	0.00725	0.01498	0.01063	0.00918	0.00580	0.00677	0.00483	0.00387	0.00338	0.00097	0.00677	0.00242	0.00193	0.00435
46	0.01003	0.87041	0.01966	0.00642	0.00963	0.01485	0.00642	0.01123	0.00762	0.00883	0.00522	0.00602	0.00481	0.00321	0.00241	0.00080	0.00401	0.00201	0.00160	0.00481
47	0.01986	0.09009	0.13981	0.05983	0.06905	0.03472	0.00728	0.09185	0.02020	0.04290	0.05922	0.17319	0.05320	0.00612	0.00421	0.00121	0.04013	0.03786	0.00269	0.04658
48	0.00785	0.02788	0.01136	0.67548	0.04954	0.06098	0.02307	0.02477	0.00807	0.02169	0.03229	0.02703	0.00642	0.00402	0.00375	0.00122	0.00490	0.00352	0.00188	0.00430
49	0.05956	0.00645	0.00850	0.00657	0.00941	0.00573	0.00542	0.03279	0.01060	0.77669	0.01418	0.01240	0.00898	0.00458	0.00368	0.00116	0.00317	0.00368	0.02023	0.00622
50	0.00457	0.00328	0.00434	0.00519	0.00543	0.00305	0.00347	0.00523	0.00722	0.00959	0.02108	0.84623	0.04402	0.01170	0.00478	0.00152	0.00217	0.01060	0.00348	0.00305
51	0.10355	0.11712	0.12050	0.02575	0.19411	0.06838	0.17187	0.03193	0.00837	0.04055	0.00674	0.00839	0.00535	0.00372	0.00424	0.00116	0.07805	0.00313	0.00197	0.00511
52	0.00462	0.00330	0.00440	0.00519	0.00545	0.00308	0.00349	0.00534	0.00740	0.00992	0.07275	0.81264	0.02548	0.01150	0.00477	0.00150	0.00215	0.01042	0.00352	0.00308
53	0.00605	0.00432	0.00605	0.00691	0.00777	0.00432	0.00605	0.00777	0.00864	0.01123	0.01986	0.04232	0.02159	0.01036	0.00518	0.00173	0.00345	0.81949	0.00345	0.00345
54	0.01300	0.06496	0.01077	0.01802	0.01125	0.59941	0.00695	0.06274	0.13169	0.02467	0.00757	0.00813	0.00602	0.00406	0.00341	0.00102	0.00576	0.00276	0.01306	0.00475
55	0.01125	0.00806	0.05207	0.14725	0.19467	0.02232	0.04318	0.04914	0.02347	0.28578	0.01027	0.04123	0.00768	0.00508	0.02752	0.00133	0.04684	0.00378	0.01364	0.00544
56	0.01354	0.00633	0.00769	0.00613	0.00847	0.00608	0.00499	0.16709	0.01120	0.45554	0.01299	0.01242	0.00884	0.00454	0.00344	0.00107	0.00295	0.00362	0.25751	0.00556
57	0.03764	0.00641	0.00863	0.00663	0.00952	0.00558	0.00548	0.01811	0.01064	0.82766	0.01457	0.01261	0.00916	0.00462	0.00374	0.00116	0.00319	0.00373	0.00459	0.00633
58	0.00855	0.00902	0.10782	0.11345	0.18570	0.00797	0.18173	0.02660	0.09705	0.05578	0.07296	0.01360	0.03044	0.00509	0.02729	0.00135	0.00463	0.03466	0.01121	0.00509
59	0.01151	0.04286	0.02804	0.06184	0.03847	0.16975	0.02996	0.17273	0.15437	0.12711	0.06390	0.03146	0.00956	0.00555	0.03493	0.00132	0.00448	0.00377	0.00312	0.00528
60	0.00543	0.00402	0.00510	0.00490	0.00580	0.00381	0.00364	0.00756	0.05718	0.01436	0.68463	0.10819	0.06516	0.00799	0.00443	0.00122	0.00188	0.00706	0.00402	0.00361
61	0.00571	0.00408	0.00562	0.00628	0.00705	0.00401	0.00523	0.00728	0.00872	0.01157	0.15503	0.15387	0.02420	0.02118	0.00518	0.00163	0.00300	0.56339	0.00355	0.00340
62	0.00913	0.11480	0.15544	0.06288	0.10747	0.04618	0.10883	0.09359	0.07067	0.03662	0.01813	0.08622	0.00877	0.00527	0.02044	0.00129	0.00461	0.04217	0.00244	0.00506
63	0.01871	0.08292	0.46457	0.01153	0.10922	0.00921	0.08016	0.06522	0.04715	0.02620	0.02465	0.02947	0.00655	0.00390	0.00362	0.00116	0.00493	0.00330	0.00204	0.00546

[dist]
# distance from previous block
# <min> <max>
2	3

[block]
# block no. 1 follows, 73 sequences, length 52
# corresponding to MSA columns:
# 532-558,561-585
name=unknown_B
#
# <colnr> <probs for GDERKNQSTAVLIFYWHMCP>
#	G	D	E	R	K	N	Q	S	T	A	V	L	I	F	Y	W	H	M	C	P
0	0.00952	0.68499	0.17335	0.00741	0.01101	0.01357	0.02052	0.01133	0.00767	0.00945	0.00553	0.00647	0.00482	0.00333	0.00282	0.00090	0.01856	0.00221	0.00161	0.00494
1	0.00511	0.00395	0.00435	0.00431	0.00551	0.00344	0.00327	0.00638	0.02290	0.03643	0.15705	0.08112	0.59805	0.00917	0.00446	0.00129	0.00202	0.04422	0.00362	0.00337
2	0.00698	0.00481	0.00590	0.05224	0.01989	0.01731	0.00443	0.02265	0.04765	0.09415	0.30988	0.07448	0.19966	0.00749	0.00423	0.00124	0.00247	0.06381	0.05680	0.00394
3	0.00470	0.00357	0.00429	0.00481	0.00549	0.00322	0.00346	0.00560	0.00788	0.01009	0.03910	0.46074	0.32542	0.01061	0.00465	0.00143	0.00217	0.08080	0.01882	0.00314
4	0.09009	0.00660	0.00845	0.00656	0.00937	0.00601	0.00541	0.05735	0.01065	0.71944	0.01366	0.01205	0.00871	0.00453	0.00363	0.00115	0.00318	0.00360	0.02341	0.00613
5	0.00538	0.00395	0.00567	0.00567	0.00622	0.00450	0.00425	0.00647	0.00592	0.00845	0.01037	0.01654	0.01016	0.18210	0.70039	0.00559	0.00887	0.00428	0.00206	0.00315
6	0.89465	0.00726	0.00551	0.00493	0.00726	0.00842	0.00406	0.01103	0.00638	0.01683	0.00522	0.00609	0.00406	0.00348	0.00232	0.00116	0.00290	0.00203	0.00232	0.00406
7	0.00813	0.11698	0.23818	0.01176	0.01556	0.00911	0.40085	0.01115	0.00863	0.01183	0.09273	0.01177	0.03796	0.00396	0.00395	0.00118	0.00522	0.00406	0.00206	0.00494
8	0.01426	0.01051	0.01126	0.00863	0.01163	0.01163	0.00713	0.83224	0.01764	0.02364	0.00901	0.00901	0.00638	0.00450	0.00375	0.00113	0.00413	0.00338	0.00375	0.00638
9	0.01003	0.87041	0.01966	0.00642	0.00963	0.01485	0.00642	0.01123	0.00762	0.00883	0.00522	0.00602	0.00481	0.00321	0.00241	0.00080	0.00401	0.00201	0.00160	0.00481
10	0.00752	0.01941	0.84871	0.01069	0.01624	0.00871	0.01386	0.01188	0.00792	0.01188	0.00673	0.00792	0.00475	0.00356	0.00356	0.00119	0.00554	0.00277	0.00158	0.00554
11	0.00538	0.00395	0.00567	0.00567	0.00622	0.00449	0.00424	0.00647	0.00592	0.00844	0.01038	0.01656	0.01017	0.18416	0.69834	0.00559	0.00886	0.00429	0.00206	0.00315
12	0.01426	0.01051	0.01126	0.00863	0.01163	0.01163	0.00713	0.83224	0.01764	0.02364	0.00901	0.00901	0.00638	0.00450	0.00375	0.00113	0.00413	0.00338	0.00375	0.00638
13	0.00546	0.00364	0.00409	0.00409	0.00409	0.00364	0.00227	0.00546	0.00546	0.00727	0.01182	0.02455	0.01364	0.86815	0.01910	0.00364	0.00364	0.00546	0.00227	0.00227
14	0.00502	0.00371	0.00469	0.00469	0.00549	0.00338	0.00342	0.00644	0.00959	0.01316	0.54911	0.20585	0.15394	0.00880	0.00450	0.00127	0.00188	0.00777	0.00390	0.00338
15	0.00510	0.00350	0.00424	0.00460	0.00474	0.00339	0.00286	0.00539	0.00629	0.00834	0.01626	0.36272	0.04527	0.46475	0.01255	0.02068	0.00298	0.02092	0.00280	0.00262
16	0.00826	0.00790	0.01291	0.35736	0.30283	0.00913	0.03513	0.02690	0.00779	0.01082	0.00656	0.00937	0.00537	0.00410	0.00528	0.00126	0.15944	0.00334	0.00179	0.02446
17	0.00892	0.00859	0.03453	0.25658	0.49768	0.00887	0.01070	0.07010	0.00883	0.01227	0.00704	0.00938	0.00565	0.00358	0.00382	0.00115	0.01697	0.00330	0.00194	0.03010
18	0.01121	0.26879	0.09030	0.01066	0.14890	0.13620	0.00823	0.20621	0.04919	0.01355	0.00710	0.00795	0.00568	0.00380	0.00340	0.00102	0.01728	0.00280	0.00230	0.00541
19	0.00996	0.00716	0.00762	0.00662	0.00860	0.00794	0.00522	0.16451	0.41718	0.05851	0.01327	0.01303	0.00991	0.00476	0.00347	0.00113	0.00285	0.00385	0.24905	0.00536
20	0.01079	0.05389	0.10035	0.01760	0.04376	0.15760	0.08683	0.13256	0.21661	0.06147	0.03912	0.02080	0.00867	0.00447	0.00372	0.00115	0.00448	0.01506	0.01570	0.00536
21	0.00559	0.00377	0.00535	0.00554	0.00613	0.00352	0.03492	0.00622	0.00755	0.04228	0.10169	0.50911	0.08072	0.01072	0.00608	0.12690	0.00251	0.03500	0.00327	0.00312
22	0.00541	0.00380	0.00493	0.00493	0.00522	0.00409	0.00332	0.00599	0.00570	0.00790	0.01105	0.02031	0.01180	0.50477	0.37996	0.00467	0.00641	0.00483	0.00216	0.00274
23	0.02504	0.04608	0.23147	0.03432	0.23397	0.24876	0.03479	0.08004	0.00964	0.01210	0.00668	0.00806	0.00525	0.00365	0.00354	0.00109	0.00540	0.00290	0.00196	0.00528
24	0.00709	0.00667	0.01125	0.85913	0.02584	0.00834	0.01042	0.00959	0.00750	0.00959	0.00667	0.01000	0.00500	0.00375	0.00375	0.00125	0.00500	0.00333	0.00167	0.00417
25	0.00709	0.00667	0.01125	0.85913	0.02584	0.00834	0.01042	0.00959	0.00750	0.00959	0.00667	0.01000	0.00500	0.00375	0.00375	0.00125	0.00500	0.00333	0.00167	0.00417
26	0.02429	0.01013	0.13185	0.09762	0.08562	0.05819	0.03361	0.18155	0.01093	0.26047	0.02787	0.01068	0.01781	0.00432	0.00396	0.00117	0.02771	0.00348	0.00308	0.00564
27	0.03816	0.16306	0.02661	0.00746	0.01029	0.01004	0.00645	0.40126	0.01304	0.16596	0.02315	0.01220	0.03525	0.00479	0.00358	0.00111	0.00376	0.05257	0.00340	0.01784
28	0.00929	0.00891	0.01523	0.02303	0.84475	0.00891	0.01151	0.01151	0.00854	0.01226	0.00706	0.00929	0.00594	0.00334	0.00371	0.00111	0.00446	0.00334	0.00186	0.00594
29	0.00464	0.00344	0.00419	0.00475	0.00520	0.00314	0.00319	0.00529	0.00732	0.00945	0.02390	0.56786	0.22326	0.10833	0.00632	0.00170	0.00227	0.00940	0.00335	0.00299
30	0.02311	0.00555	0.00663	0.00628	0.00768	0.01677	0.00502	0.10526	0.08887	0.09520	0.22445	0.13183	0.03851	0.00782	0.00438	0.00135	0.00285	0.20754	0.01659	0.00430
31	0.01113	0.00895	0.00949	0.00800	0.01044	0.01017	0.00637	0.31549	0.53949	0.01859	0.01299	0.01218	0.00961	0.00488	0.00379	0.00122	0.00339	0.00393	0.00379	0.00610
32	0.00868	0.00803	0.00830	0.00763	0.00886	0.12059	0.00592	0.05312	0.25096	0.02603	0.02301	0.17073	0.02273	0.00891	0.09250	0.00183	0.15961	0.01511	0.00293	0.00452
33	0.00522	0.00379	0.00450	0.00439	0.00517	0.00346	0.00310	0.00631	0.00874	0.02297	0.38578	0.07534	0.24854	0.19735	0.00766	0.00176	0.00226	0.00697	0.00352	0.00317
34	0.03607	0.00692	0.00732	0.00626	0.00811	0.08855	0.00491	0.08429	0.08565	0.23144	0.33168	0.01770	0.01871	0.00571	0.00389	0.00114	0.00297	0.00474	0.04908	0.00484
35	0.01422	0.01031	0.01111	0.00854	0.01152	0.01138	0.00705	0.78516	0.03805	0.05041	0.00935	0.00926	0.00660	0.00452	0.00376	0.00113	0.00407	0.00341	0.00378	0.00637
36	0.00644	0.00550	0.00849	0.00789	0.03178	0.00549	0.15047	0.00924	0.14330	0.01114	0.01645	0.41637	0.03108	0.06996	0.00550	0.00156	0.00324	0.04007	0.03211	0.00393
37	0.00544	0.00367	0.00418	0.00421	0.00429	0.00367	0.00246	0.00555	0.00566	0.00751	0.01278	0.02527	0.03689	0.80116	0.03335	0.00355	0.00370	0.03197	0.00234	0.00236
38	0.01202	0.00824	0.00914	0.00765	0.01013	0.00902	0.00611	0.19794	0.48035	0.19588	0.01379	0.01264	0.00987	0.00487	0.00379	0.00122	0.00327	0.00395	0.00398	0.00613
39	0.03402	0.00893	0.01008	0.00782	0.01068	0.00944	0.00643	0.51550	0.05212	0.26479	0.03409	0.01080	0.00822	0.00464	0.00375	0.00115	0.00371	0.00360	0.00400	0.00623
40	0.01221	0.00969	0.03105	0.03605	0.01099	0.13473	0.02625	0.30245	0.02964	0.15551	0.00938	0.01030	0.00702	0.00784	0.11877	0.02149	0.05161	0.00341	0.01633	0.00526
41	0.00537	0.00398	0.00584	0.00584	0.00645	0.00459	0.00446	0.00658	0.00597	0.00857	0.01022	0.01569	0.00979	0.10946	0.77253	0.00580	0.00943	0.00416	0.00204	0.00325
42	0.00574	0.00453	0.00570	0.00530	0.00634	0.02963	0.03082	0.00758	0.02312	0.01403	0.63117	0.05083	0.09410	0.00767	0.00439	0.00121	0.00219	0.04589	0.02614	0.00360
43	0.00701	0.00449	0.00575	0.00548	0.00608	0.00476	0.00394	0.02194	0.01710	0.09512	0.01218	0.03075	0.01248	0.44020	0.19263	0.00351	0.05310	0.07763	0.00259	0.00326
44	0.00692	0.00663	0.03138	0.00779	0.03297	0.06648	0.03865	0.03024	0.00709	0.00963	0.01116	0.22164	0.01185	0.08677	0.23811	0.00287	0.17833	0.00545	0.00234	0.00370
45	0.00650	0.00327	0.00487	0.00487	0.00487	0.00327	0.00324	0.00490	0.00490	0.00653	0.00662	0.01166	0.00665	0.02959	0.01475	0.87367	0.00327	0.00330	0.00164	0.00164
46	0.09192	0.00927	0.01059	0.07664	0.13154	0.10964	0.03910	0.18338	0.02212	0.10290	0.00849	0.00930	0.01914	0.00384	0.00343	0.00103	0.00414	0.00309	0.00271	0.16774
47	0.00900	0.12705	0.14787	0.09632	0.24285	0.02152	0.07200	0.07683	0.08094	0.01242	0.00846	0.04833	0.00712	0.00447	0.01556	0.00122	0.00460	0.01594	0.00219	0.00529
48	0.00564	0.00451	0.02883	0.00543	0.00589	0.00466	0.00398	0.00633	0.00587	0.00818	0.01131	0.03131	0.03586	0.39964	0.34430	0.02748	0.06095	0.00477	0.00215	0.00292
49	0.00547	0.00366	0.00414	0.00417	0.00419	0.00366	0.00237	0.00552	0.00554	0.00738	0.01203	0.02502	0.01385	0.84572	0.01873	0.00359	0.00363	0.02674	0.00230	0.00230
50	0.05730	0.04000	0.10469	0.00804	0.08588	0.03847	0.00644	0.04550	0.02630	0.02526	0.03810	0.00875	0.00669	0.00335	0.00308	0.00081	0.00348	0.00266	0.00230	0.49290
51	0.10720	0.39272	0.17054	0.02157	0.01091	0.09833	0.00753	0.03328	0.01903	0.02302	0.00706	0.02997	0.02247	0.00385	0.00307	0.00099	0.01673	0.00268	0.00195	0.02709

[dist]
# distance from previous block
# <min> <max>
2	55

[block]
# block no. 2 follows, 73 sequences, length 45
# corresponding to MSA columns:
# 641-651,659-677,693-696,703-713
name=unknown_C
#
# <colnr> <probs for GDERKNQSTAVLIFYWHMCP>
#	G	D	E	R	K	N	Q	S	T	A	V	L	I	F	Y	W	H	M	C	P
0	0.02096	0.04070	0.04003	0.10553	0.18685	0.02191	0.13521	0.02281	0.01649	0.03925	0.01087	0.21909	0.01077	0.01543	0.01607	0.00133	0.02705	0.01744	0.00242	0.04979
1	0.00690	0.00552	0.00787	0.04764	0.00874	0.00645	0.01648	0.02111	0.00667	0.03822	0.00885	0.01285	0.00805	0.03215	0.45316	0.00382	0.18430	0.01666	0.02384	0.09072
2	0.00677	0.00528	0.00643	0.00545	0.00750	0.00423	0.00408	0.00797	0.00757	0.03433	0.01228	0.33769	0.01308	0.00650	0.00383	0.01983	0.00257	0.00553	0.00276	0.50632
3	0.00778	0.00667	0.00778	0.00556	0.00889	0.00500	0.00445	0.00945	0.00778	0.01223	0.00667	0.00778	0.00556	0.00278	0.00278	0.00056	0.00278	0.00222	0.00222	0.89108
4	0.13150	0.00800	0.00835	0.00702	0.00903	0.04094	0.00559	0.27339	0.12867	0.08982	0.02981	0.01236	0.00876	0.08378	0.04893	0.00165	0.04822	0.01494	0.04419	0.00504
5	0.00546	0.00364	0.00409	0.00409	0.00409	0.00364	0.00227	0.00546	0.00546	0.00727	0.01182	0.02455	0.01364	0.86815	0.01910	0.00364	0.00364	0.00546	0.00227	0.00227
6	0.01003	0.87041	0.01966	0.00642	0.00963	0.01485	0.00642	0.01123	0.00762	0.00883	0.00522	0.00602	0.00481	0.00321	0.00241	0.00080	0.00401	0.00201	0.00160	0.00481
7	0.48037	0.00755	0.00734	0.00603	0.00857	0.00818	0.00496	0.17298	0.00968	0.21878	0.00852	0.00855	0.00597	0.00399	0.00296	0.00114	0.00317	0.00277	0.03344	0.00506
8	0.00714	0.00675	0.01127	0.81522	0.02501	0.00850	0.01030	0.00956	0.00741	0.00956	0.00658	0.00991	0.00500	0.00390	0.00419	0.00127	0.04927	0.00333	0.00167	0.00416
9	0.00812	0.00437	0.00533	0.00484	0.00623	0.00397	0.00375	0.00971	0.01962	0.20038	0.26245	0.06135	0.17629	0.00686	0.00393	0.00116	0.00218	0.02543	0.18993	0.00410
10	0.00585	0.00396	0.00512	0.00476	0.00577	0.00362	0.00359	0.00754	0.01048	0.05774	0.74463	0.02779	0.08959	0.00764	0.00439	0.00118	0.00185	0.00671	0.00411	0.00366
11	0.00624	0.00501	0.04949	0.00599	0.00713	0.00424	0.05544	0.03183	0.00844	0.05001	0.13998	0.44517	0.04910	0.00866	0.00429	0.00132	0.00259	0.00778	0.11360	0.00369
12	0.00536	0.00401	0.00598	0.00598	0.00663	0.00466	0.00463	0.00667	0.00601	0.00867	0.01010	0.01499	0.00949	0.04998	0.83159	0.00597	0.00988	0.00406	0.00202	0.00332
13	0.00778	0.00667	0.00778	0.00556	0.00889	0.00500	0.00445	0.00945	0.00778	0.01223	0.00667	0.00778	0.00556	0.00278	0.00278	0.00056	0.00278	0.00222	0.00222	0.89108
14	0.02588	0.04532	0.01078	0.00887	0.02871	0.28025	0.00691	0.35759	0.15389	0.01659	0.00886	0.00907	0.00670	0.00431	0.00355	0.00108	0.00472	0.00315	0.01827	0.00550
15	0.00891	0.24458	0.05958	0.02527	0.00966	0.16973	0.03694	0.02024	0.04422	0.02393	0.11297	0.13436	0.03713	0.03882	0.00420	0.00120	0.00405	0.01740	0.00254	0.00428
16	0.03892	0.00975	0.08902	0.07495	0.29868	0.00885	0.29543	0.02400	0.04521	0.01254	0.05070	0.01056	0.00738	0.00368	0.00404	0.00120	0.01389	0.00384	0.00208	0.00528
17	0.01093	0.01272	0.04988	0.00838	0.01027	0.42831	0.00671	0.02690	0.15677	0.02321	0.06817	0.01348	0.05968	0.00517	0.00415	0.00114	0.04833	0.04573	0.01554	0.00455
18	0.00469	0.00348	0.00438	0.00486	0.00540	0.00317	0.00338	0.00562	0.00811	0.01075	0.18437	0.54657	0.18043	0.01053	0.00465	0.00141	0.00205	0.00939	0.00361	0.00317
19	0.00769	0.00727	0.01222	0.54633	0.29205	0.00829	0.01043	0.01004	0.00792	0.01055	0.01922	0.01088	0.03353	0.00386	0.00377	0.00121	0.00468	0.00354	0.00182	0.00471
20	0.01018	0.83762	0.01931	0.00654	0.00971	0.04709	0.00645	0.01138	0.00774	0.00884	0.00524	0.00605	0.00482	0.00324	0.00244	0.00081	0.00412	0.00202	0.00162	0.00480
21	0.00536	0.00402	0.00603	0.00603	0.00670	0.00469	0.00469	0.00670	0.00603	0.00871	0.01005	0.01474	0.00938	0.02814	0.85328	0.00603	0.01005	0.00402	0.00201	0.00335
22	0.00498	0.00350	0.00456	0.00522	0.00551	0.00336	0.00361	0.00569	0.00716	0.00954	0.04544	0.55837	0.02252	0.17846	0.00762	0.00195	0.00263	0.12363	0.00326	0.00297
23	0.01384	0.00977	0.01074	0.00871	0.03869	0.02316	0.00691	0.64784	0.03114	0.10370	0.00966	0.00966	0.00684	0.00451	0.00383	0.00113	0.01747	0.00342	0.04283	0.00616
24	0.00652	0.00326	0.00489	0.00489	0.00489	0.00326	0.00326	0.00489	0.00489	0.00652	0.00652	0.01140	0.00652	0.01303	0.01466	0.89084	0.00326	0.00326	0.00163	0.00163
25	0.00709	0.00667	0.01125	0.85913	0.02584	0.00834	0.01042	0.00959	0.00750	0.00959	0.00667	0.01000	0.00500	0.00375	0.00375	0.00125	0.00500	0.00333	0.00167	0.00417
26	0.00831	0.00914	0.01948	0.01414	0.01740	0.00866	0.70157	0.01110	0.00837	0.01140	0.00810	0.01154	0.00657	0.06633	0.07847	0.00184	0.00646	0.00447	0.00193	0.00472
27	0.01192	0.00592	0.00728	0.00602	0.00804	0.04852	0.00479	0.01348	0.01068	0.45971	0.35684	0.01877	0.01986	0.00586	0.00402	0.00116	0.00279	0.00495	0.00429	0.00510
28	0.01003	0.87041	0.01966	0.00642	0.00963	0.01485	0.00642	0.01123	0.00762	0.00883	0.00522	0.00602	0.00481	0.00321	0.00241	0.00080	0.00401	0.00201	0.00160	0.00481
29	0.00767	0.00474	0.00508	0.00477	0.00602	0.00498	0.00365	0.01155	0.20881	0.04300	0.12528	0.01584	0.01353	0.00500	0.00319	0.00102	0.00210	0.00413	0.52545	0.00419
30	0.00821	0.00821	0.01149	0.00985	0.00985	0.01149	0.00821	0.00903	0.00575	0.00903	0.00492	0.00821	0.00492	0.00657	0.01231	0.00164	0.86128	0.00328	0.00164	0.00410
31	0.00454	0.00380	0.00395	0.00391	0.00513	0.00321	0.00294	0.00559	0.00881	0.01075	0.13799	0.03510	0.74286	0.00927	0.00443	0.00126	0.00188	0.00778	0.00356	0.00321
32	0.01401	0.01788	0.01063	0.00967	0.01160	0.85309	0.00725	0.01498	0.01063	0.00918	0.00580	0.00677	0.00483	0.00387	0.00338	0.00097	0.00677	0.00242	0.00193	0.00435
33	0.01401	0.01788	0.01063	0.00967	0.01160	0.85309	0.00725	0.01498	0.01063	0.00918	0.00580	0.00677	0.00483	0.00387	0.00338	0.00097	0.00677	0.00242	0.00193	0.00435
34	0.00512	0.00367	0.00476	0.00545	0.00583	0.00353	0.00375	0.04806	0.00777	0.01035	0.02005	0.79722	0.02377	0.01134	0.00475	0.00151	0.00232	0.03405	0.00350	0.00323
35	0.00543	0.00410	0.00609	0.00605	0.00668	0.00481	0.00469	0.00671	0.00600	0.00867	0.00999	0.01492	0.00942	0.05633	0.80553	0.00585	0.02933	0.00405	0.00201	0.00333
36	0.01401	0.01788	0.01063	0.00967	0.01160	0.85309	0.00725	0.01498	0.01063	0.00918	0.00580	0.00677	0.00483	0.00387	0.00338	0.00097	0.00677	0.00242	0.00193	0.00435
37	0.00922	0.00794	0.00841	0.00759	0.00967	0.00920	0.00590	0.01955	0.81353	0.01549	0.01512	0.01402	0.01139	0.00577	0.02877	0.00141	0.00318	0.00424	0.00376	0.00586
38	0.00917	0.00595	0.00694	0.00614	0.00788	0.00619	0.00478	0.01437	0.33804	0.16947	0.28131	0.02903	0.01877	0.00586	0.00392	0.00119	0.00251	0.00499	0.07848	0.00501
39	0.00545	0.00366	0.00419	0.00419	0.00422	0.00369	0.00239	0.00552	0.00548	0.00734	0.01173	0.02407	0.01343	0.82706	0.05990	0.00375	0.00395	0.00539	0.00226	0.00233
40	0.00652	0.00326	0.00489	0.00489	0.00489	0.00326	0.00326	0.00489	0.00489	0.00652	0.00652	0.01140	0.00652	0.01303	0.01466	0.89084	0.00326	0.00326	0.00163	0.00163
41	0.02295	0.00871	0.01071	0.00971	0.08564	0.10757	0.09387	0.07316	0.15428	0.27766	0.01215	0.01386	0.00922	0.00516	0.01660	0.00128	0.00419	0.07206	0.01568	0.00553
42	0.00464	0.00331	0.00443	0.00530	0.00555	0.00311	0.00360	0.00534	0.00725	0.00965	0.02064	0.82694	0.02466	0.01169	0.00481	0.00153	0.00224	0.04874	0.00348	0.00307
43	0.00503	0.00389	0.00459	0.00440	0.00546	0.00349	0.00330	0.00661	0.02330	0.01309	0.50729	0.03103	0.35820	0.00836	0.00442	0.00122	0.00184	0.00720	0.00387	0.00343
44	0.00754	0.00824	0.07420	0.01040	0.01289	0.02786	0.36555	0.03829	0.00864	0.03071	0.01485	0.25212	0.10818	0.00647	0.00450	0.00132	0.01490	0.00634	0.00263	0.00436

[dist]
# distance from previous block
# <min> <max>
3	4

[block]
# block no. 3 follows, 73 sequences, length 50
# corresponding to MSA columns:
# 718-745,748,761-781
name=unknown_D
#
# <colnr> <probs for GDERKNQSTAVLIFYWHMCP>
#	G	D	E	R	K	N	Q	S	T	A	V	L	I	F	Y	W	H	M	C	P
0	0.01029	0.08471	0.01012	0.04137	0.01076	0.03548	0.00640	0.15815	0.56629	0.01602	0.01268	0.01206	0.00954	0.00473	0.00367	0.00120	0.00345	0.00381	0.00347	0.00580
1	0.05239	0.00970	0.04850	0.01841	0.01030	0.16305	0.01854	0.02328	0.14387	0.08515	0.00857	0.00905	0.00659	0.00369	0.00336	0.00090	0.01692	0.00282	0.00261	0.37232
2	0.02638	0.00855	0.01248	0.08882	0.06992	0.06404	0.21393	0.04756	0.19120	0.10171	0.10367	0.02021	0.01072	0.00455	0.00411	0.00122	0.01862	0.00422	0.00293	0.00516
3	0.02461	0.11610	0.38706	0.01175	0.02866	0.00962	0.28555	0.02377	0.02229	0.04489	0.00731	0.00873	0.00539	0.00346	0.00371	0.00117	0.00540	0.00330	0.00190	0.00533
4	0.01653	0.00687	0.00901	0.00691	0.00982	0.00624	0.00570	0.11417	0.01155	0.75031	0.01412	0.01233	0.00894	0.00463	0.00377	0.00116	0.00330	0.00373	0.00454	0.00638
5	0.00803	0.01661	0.60070	0.01130	0.01595	0.03018	0.14532	0.01218	0.04723	0.01183	0.00714	0.00855	0.00523	0.00377	0.00427	0.00123	0.06021	0.00313	0.00175	0.00536
6	0.02932	0.05161	0.18838	0.02804	0.23912	0.07611	0.15802	0.02871	0.03590	0.08806	0.00831	0.03701	0.00656	0.00387	0.00374	0.00116	0.00491	0.00356	0.00222	0.00540
7	0.00789	0.00907	0.14558	0.42928	0.17372	0.00827	0.01035	0.01120	0.07476	0.03199	0.01833	0.02150	0.00670	0.00446	0.01919	0.00131	0.00477	0.01474	0.00202	0.00487
8	0.00457	0.00326	0.00435	0.00522	0.00544	0.00305	0.00348	0.00522	0.00718	0.00958	0.02068	0.86570	0.02481	0.01175	0.00479	0.00152	0.00218	0.01067	0.00348	0.00305
9	0.03847	0.00833	0.05151	0.17703	0.19130	0.02004	0.11291	0.11174	0.00953	0.08635	0.00918	0.02463	0.00730	0.00422	0.00373	0.00118	0.00433	0.03988	0.09329	0.00507
10	0.83630	0.00733	0.00610	0.01793	0.05086	0.00844	0.00454	0.01103	0.00651	0.01649	0.00534	0.00631	0.00417	0.00348	0.00241	0.00116	0.00301	0.00212	0.00229	0.00416
11	0.00931	0.00798	0.00845	0.00763	0.00972	0.00921	0.00596	0.03403	0.79630	0.01569	0.01531	0.01483	0.01169	0.00525	0.00386	0.00128	0.00301	0.03080	0.00380	0.00587
12	0.00517	0.00388	0.00474	0.00505	0.00552	0.02459	0.00348	0.00615	0.00821	0.01114	0.29756	0.44751	0.02632	0.10870	0.02269	0.00172	0.00247	0.00842	0.00350	0.00316
13	0.01492	0.00901	0.01027	0.00790	0.01082	0.00946	0.00651	0.53881	0.02704	0.29639	0.01106	0.01055	0.00752	0.01691	0.00398	0.00118	0.00379	0.00355	0.00403	0.00632
14	0.11247	0.00903	0.01025	0.01976	0.11257	0.05730	0.00686	0.32208	0.02429	0.27307	0.01000	0.00983	0.00693	0.00425	0.00357	0.00113	0.00389	0.00330	0.00351	0.00592
15	0.02697	0.69821	0.11173	0.00702	0.01033	0.01364	0.00726	0.01140	0.00764	0.03220	0.00564	0.00651	0.00492	0.00344	0.00299	0.00090	0.04042	0.00219	0.00170	0.00489
16	0.00929	0.00891	0.01523	0.02303	0.84475	0.00891	0.01151	0.01151	0.00854	0.01226	0.00706	0.00929	0.00594	0.00334	0.00371	0.00111	0.00446	0.00334	0.00186	0.00594
17	0.01249	0.01543	0.01210	0.01041	0.01224	0.62041	0.10267	0.01368	0.00964	0.00949	0.00587	0.00739	0.00495	0.00422	0.00494	0.00111	0.14392	0.00279	0.00188	0.00439
18	0.00752	0.01941	0.84871	0.01069	0.01624	0.00871	0.01386	0.01188	0.00792	0.01188	0.00673	0.00792	0.00475	0.00356	0.00356	0.00119	0.00554	0.00277	0.00158	0.00554
19	0.00453	0.00375	0.00398	0.00414	0.00525	0.00321	0.00309	0.00548	0.00837	0.01011	0.03478	0.14951	0.69231	0.00985	0.00452	0.00132	0.00201	0.04714	0.00348	0.00316
20	0.00457	0.00326	0.00435	0.00522	0.00544	0.00305	0.00348	0.00522	0.00718	0.00958	0.02068	0.86570	0.02481	0.01175	0.00479	0.00152	0.00218	0.01067	0.00348	0.00305
21	0.00560	0.00385	0.00449	0.00441	0.00442	0.00402	0.00261	0.00563	0.00547	0.00737	0.01137	0.02338	0.01303	0.79801	0.03206	0.02014	0.04426	0.00529	0.00223	0.00237
22	0.01236	0.00983	0.01231	0.01148	0.15738	0.01064	0.06654	0.52924	0.10549	0.01981	0.00930	0.00976	0.00686	0.00427	0.00379	0.00115	0.00418	0.00354	0.01596	0.00612
23	0.00787	0.05522	0.43731	0.20262	0.07963	0.00905	0.13339	0.01133	0.00800	0.01127	0.00680	0.00872	0.00504	0.00351	0.00369	0.00119	0.00538	0.00315	0.00167	0.00516
24	0.00569	0.00362	0.00409	0.00412	0.00430	0.00365	0.00248	0.00607	0.00594	0.00854	0.01204	0.04435	0.01304	0.65833	0.05707	0.00323	0.00360	0.00519	0.15210	0.00255
25	0.57172	0.05202	0.00818	0.02995	0.02091	0.17547	0.02122	0.03796	0.00773	0.01458	0.00556	0.00660	0.00443	0.00366	0.00295	0.00112	0.02716	0.00228	0.00220	0.00428
26	0.00487	0.00432	0.01666	0.02072	0.00598	0.00372	0.00344	0.00646	0.05322	0.01064	0.06377	0.04976	0.70379	0.00907	0.00440	0.00128	0.00211	0.02893	0.00346	0.00339
27	0.01401	0.01788	0.01063	0.00967	0.01160	0.85309	0.00725	0.01498	0.01063	0.00918	0.00580	0.00677	0.00483	0.00387	0.00338	0.00097	0.00677	0.00242	0.00193	0.00435
28	0.00536	0.00402	0.00603	0.00603	0.00670	0.00469	0.00469	0.00670	0.00603	0.00871	0.01005	0.01474	0.00938	0.02814	0.85328	0.00603	0.01005	0.00402	0.00201	0.00335
29	0.01383	0.05817	0.01106	0.00951	0.01151	0.81348	0.00721	0.01480	0.01049	0.00917	0.00577	0.00673	0.00483	0.00384	0.00334	0.00096	0.00664	0.00240	0.00192	0.00437
30	0.01288	0.05158	0.03414	0.03020	0.02762	0.64457	0.04266	0.01435	0.03083	0.03665	0.00680	0.00834	0.00564	0.01965	0.00375	0.00106	0.00619	0.01652	0.00207	0.00451
31	0.00686	0.01583	0.66013	0.00939	0.01380	0.00746	0.01151	0.01040	0.00784	0.01140	0.01088	0.14980	0.05823	0.00526	0.00382	0.00125	0.00478	0.00437	0.00201	0.00499
32	0.00855	0.06397	0.06407	0.00623	0.00939	0.00642	0.00538	0.09231	0.00875	0.03475	0.00796	0.05720	0.00695	0.02719	0.00349	0.00083	0.00318	0.00297	0.00243	0.58797
33	0.00885	0.07488	0.43647	0.00863	0.01263	0.02080	0.02214	0.02332	0.00837	0.12133	0.00970	0.08201	0.02958	0.00450	0.00368	0.00112	0.01680	0.00363	0.00232	0.10924
34	0.00540	0.00419	0.00561	0.04346	0.00752	0.00402	0.02096	0.00680	0.00846	0.01082	0.07406	0.16785	0.25954	0.00974	0.00478	0.00150	0.00283	0.35569	0.00340	0.00338
35	0.00553	0.00401	0.00526	0.00520	0.00548	0.00444	0.00359	0.00614	0.00574	0.00800	0.01092	0.03542	0.01165	0.45909	0.36851	0.00451	0.04668	0.00485	0.00216	0.00283
36	0.00807	0.00767	0.01303	0.48634	0.39097	0.00859	0.01091	0.01045	0.00797	0.01078	0.00684	0.00968	0.00542	0.00357	0.00373	0.00119	0.00476	0.00334	0.00175	0.00496
37	0.00914	0.00876	0.01496	0.07934	0.78959	0.00888	0.01144	0.01138	0.00847	0.01208	0.00703	0.00933	0.00588	0.00337	0.00372	0.00112	0.00449	0.00334	0.00184	0.00582
38	0.89465	0.00726	0.00551	0.00493	0.00726	0.00842	0.00406	0.01103	0.00638	0.01683	0.00522	0.00609	0.00406	0.00348	0.00232	0.00116	0.00290	0.00203	0.00232	0.00406
39	0.01169	0.00902	0.00965	0.00801	0.01054	0.01015	0.00642	0.35995	0.46187	0.05185	0.01263	0.01186	0.00924	0.00483	0.00379	0.00121	0.00346	0.00386	0.00382	0.00614
40	0.00573	0.00441	0.00519	0.00506	0.00607	0.00434	0.00373	0.00854	0.14341	0.01311	0.39072	0.15498	0.17257	0.04211	0.00493	0.00135	0.00212	0.00705	0.02083	0.00374
41	0.00488	0.00349	0.00433	0.00474	0.00532	0.00320	0.00332	0.00584	0.00811	0.01097	0.18298	0.47763	0.17818	0.01009	0.00469	0.01752	0.00204	0.00880	0.06069	0.00317
42	0.00613	0.00491	0.00547	0.00525	0.00635	0.02351	0.00391	0.04077	0.11749	0.01249	0.26710	0.09713	0.23345	0.08491	0.05028	0.00172	0.00285	0.02902	0.00351	0.00372
43	0.00748	0.00694	0.04283	0.53103	0.04395	0.03911	0.00859	0.02921	0.00729	0.00939	0.00667	0.01006	0.00542	0.00597	0.00634	0.21514	0.00460	0.00325	0.00173	0.01499
44	0.02052	0.08858	0.21283	0.02951	0.26041	0.04022	0.10483	0.03262	0.06970	0.02787	0.03769	0.01075	0.03999	0.00397	0.00368	0.00114	0.00463	0.00354	0.00217	0.00535
45	0.13050	0.02372	0.02344	0.03520	0.19538	0.00691	0.04139	0.06122	0.01932	0.01241	0.01953	0.06828	0.04144	0.05603	0.09985	0.03768	0.00431	0.01223	0.03662	0.07456
46	0.00773	0.06556	0.21330	0.02845	0.03937	0.01883	0.05019	0.06278	0.01862	0.05248	0.25062	0.03430	0.11151	0.00599	0.01371	0.00123	0.01295	0.00486	0.00292	0.00459
47	0.02855	0.09367	0.11533	0.03255	0.03724	0.08242	0.03325	0.02151	0.03625	0.03350	0.04848	0.13993	0.11031	0.00656	0.01736	0.03634	0.02522	0.01434	0.00255	0.08463
48	0.02103	0.06501	0.22255	0.00865	0.05395	0.05545	0.02274	0.09894	0.05714	0.02218	0.10805	0.11554	0.03969	0.00604	0.01963	0.00129	0.03575	0.01363	0.01636	0.01639
49	0.05978	0.06974	0.20632	0.03391	0.04453	0.03625	0.03502	0.06294	0.07885	0.07306	0.08064	0.01132	0.03193	0.00470	0.00478	0.00120	0.12275	0.00353	0.00251	0.03623

[dist]
# distance from previous block
# <min> <max>
3	129

# created by:
# /home/simao/soft/augustus-3.0.3/scripts/msa2prfl.pl ./prep/87390.aln
