[name]
unknown

[dist]
# distance from previous block
# <min> <max>
0	67

[block]
# block no. 0 follows, 74 sequences, length 15
# corresponding to MSA columns:
# 67-81
name=unknown_A
#
# <colnr> <probs for GDERKNQSTAVLIFYWHMCP>
#	G	D	E	R	K	N	Q	S	T	A	V	L	I	F	Y	W	H	M	C	P
0	0.00845	0.05264	0.00965	0.02198	0.08343	0.03657	0.07759	0.06334	0.04602	0.07039	0.09877	0.05069	0.09741	0.02372	0.00411	0.00114	0.00342	0.07014	0.00289	0.17765
1	0.03381	0.14168	0.07594	0.08478	0.07589	0.03088	0.08020	0.04767	0.09367	0.04554	0.02357	0.05325	0.02838	0.00528	0.04138	0.00127	0.00424	0.00361	0.00239	0.12658
2	0.02540	0.19960	0.20215	0.00778	0.01106	0.04093	0.04880	0.06435	0.08140	0.02952	0.09139	0.02145	0.01799	0.00411	0.00332	0.00100	0.00396	0.00329	0.00240	0.14012
3	0.01053	0.18832	0.02762	0.00735	0.01007	0.23215	0.01760	0.12611	0.00983	0.01218	0.02460	0.03386	0.00653	0.00378	0.00310	0.00086	0.00427	0.00278	0.01788	0.26060
4	0.00615	0.00518	0.00617	0.00600	0.00710	0.04229	0.01647	0.01791	0.04249	0.01040	0.01596	0.43596	0.04856	0.01029	0.07780	0.00169	0.03584	0.05366	0.00296	0.15712
5	0.00746	0.24599	0.08375	0.00649	0.00838	0.00793	0.00574	0.08011	0.05805	0.01109	0.01343	0.37471	0.01449	0.00786	0.02238	0.00134	0.00339	0.04043	0.00278	0.00420
6	0.20423	0.01171	0.31587	0.04095	0.01218	0.00890	0.04564	0.03469	0.01754	0.01219	0.00635	0.00857	0.00519	0.04086	0.00617	0.02717	0.19240	0.00295	0.00188	0.00456
7	0.00537	0.00453	0.00608	0.07954	0.04522	0.00435	0.03374	0.00702	0.04027	0.01091	0.13098	0.20389	0.36292	0.00852	0.00438	0.00131	0.00256	0.04160	0.00326	0.00355
8	0.01028	0.00878	0.01298	0.00998	0.01252	0.00922	0.25871	0.34550	0.07775	0.01614	0.01015	0.08936	0.00874	0.07935	0.00558	0.00143	0.03088	0.00456	0.00294	0.00516
9	0.00622	0.00331	0.00466	0.00466	0.00466	0.00331	0.00301	0.00496	0.00496	0.00661	0.00759	0.01411	0.00798	0.19927	0.01546	0.69873	0.00331	0.00370	0.00175	0.00175
10	0.00800	0.00759	0.01075	0.24315	0.17603	0.04314	0.00839	0.05271	0.00818	0.01109	0.08355	0.01292	0.08022	0.00525	0.00605	0.00129	0.23115	0.00395	0.00217	0.00443
11	0.01127	0.33800	0.01317	0.00731	0.00975	0.14645	0.00625	0.22485	0.03387	0.03384	0.00732	0.00891	0.00615	0.00505	0.00445	0.10518	0.00428	0.02675	0.00239	0.00475
12	0.00972	0.00775	0.00940	0.00717	0.00997	0.00746	0.03733	0.20485	0.05609	0.05193	0.00826	0.00971	0.00661	0.00393	0.00402	0.00090	0.07734	0.02765	0.00273	0.45718
13	0.01993	0.01255	0.28082	0.00941	0.01298	0.11523	0.11644	0.07050	0.02230	0.16055	0.04082	0.01055	0.00748	0.00438	0.01585	0.00118	0.00484	0.02079	0.00257	0.07082
14	0.00724	0.00427	0.00635	0.00590	0.00627	0.00457	0.02747	0.00657	0.00574	0.06330	0.00855	0.02904	0.02872	0.02845	0.02761	0.59599	0.10494	0.03453	0.00199	0.00249

[dist]
# distance from previous block
# <min> <max>
3	29

[block]
# block no. 1 follows, 74 sequences, length 12
# corresponding to MSA columns:
# 112-123
name=unknown_B
#
# <colnr> <probs for GDERKNQSTAVLIFYWHMCP>
#	G	D	E	R	K	N	Q	S	T	A	V	L	I	F	Y	W	H	M	C	P
0	0.00537	0.00358	0.00451	0.00495	0.00560	0.00323	0.00345	0.00617	0.00775	0.06888	0.04847	0.60126	0.20191	0.01053	0.00458	0.00142	0.00215	0.00937	0.00355	0.00329
1	0.02353	0.03266	0.02261	0.07451	0.01140	0.26534	0.00714	0.05051	0.22913	0.01165	0.00845	0.00964	0.00683	0.01701	0.00562	0.00125	0.19389	0.00323	0.02089	0.00472
2	0.03208	0.03756	0.11921	0.02532	0.02809	0.04518	0.02291	0.21159	0.12536	0.01509	0.02830	0.00933	0.00700	0.00388	0.00352	0.00098	0.02031	0.00304	0.00268	0.25857
3	0.13948	0.19948	0.08337	0.00782	0.01047	0.21011	0.03339	0.09238	0.04964	0.05459	0.05984	0.00886	0.00729	0.00404	0.00338	0.00105	0.02474	0.00288	0.00240	0.00480
4	0.01239	0.01370	0.00979	0.00872	0.01072	0.50190	0.00665	0.14823	0.16412	0.01262	0.00902	0.06897	0.00763	0.00470	0.00358	0.00108	0.00526	0.00345	0.00266	0.00483
5	0.00659	0.00412	0.00520	0.00474	0.00596	0.00369	0.00362	0.00813	0.01009	0.12530	0.56427	0.02739	0.20151	0.00757	0.00429	0.00118	0.00197	0.00655	0.00402	0.00380
6	0.00509	0.00362	0.00488	0.00569	0.00611	0.00349	0.00426	0.00607	0.00751	0.00991	0.01965	0.52695	0.02277	0.06261	0.00572	0.00170	0.00268	0.29481	0.00336	0.00311
7	0.00935	0.59044	0.06134	0.00642	0.00917	0.01186	0.00619	0.02826	0.00756	0.04514	0.00670	0.00891	0.00617	0.09849	0.04580	0.00140	0.02290	0.00263	0.00187	0.02940
8	0.00530	0.00398	0.00597	0.00597	0.00663	0.00464	0.00464	0.00663	0.00597	0.00862	0.00994	0.01458	0.00928	0.02784	0.85484	0.00597	0.00994	0.00398	0.00199	0.00331
9	0.00540	0.00360	0.00405	0.00405	0.00405	0.00360	0.00225	0.00540	0.00540	0.00720	0.01170	0.02429	0.01349	0.86955	0.01889	0.00360	0.00360	0.00540	0.00225	0.00225
10	0.01386	0.00761	0.00916	0.06095	0.01068	0.00780	0.00605	0.34068	0.01279	0.36754	0.01155	0.01113	0.00782	0.00445	0.00359	0.00111	0.00347	0.00352	0.11041	0.00583
11	0.00846	0.08384	0.35668	0.03754	0.03712	0.05923	0.10558	0.01224	0.09559	0.03818	0.00878	0.01138	0.00708	0.00580	0.06362	0.00152	0.00532	0.05488	0.00211	0.00505

[dist]
# distance from previous block
# <min> <max>
0	2

[block]
# block no. 2 follows, 74 sequences, length 18
# corresponding to MSA columns:
# 126-143
name=unknown_C
#
# <colnr> <probs for GDERKNQSTAVLIFYWHMCP>
#	G	D	E	R	K	N	Q	S	T	A	V	L	I	F	Y	W	H	M	C	P
0	0.01402	0.01322	0.01090	0.00894	0.01150	0.33810	0.00710	0.51670	0.01477	0.01785	0.00768	0.00805	0.00572	0.00421	0.00357	0.00105	0.00510	0.00297	0.00302	0.00553
1	0.00781	0.00632	0.00747	0.00560	0.00855	0.00497	0.00449	0.00976	0.03691	0.04235	0.07274	0.01114	0.00882	0.00360	0.00305	0.00069	0.00272	0.03868	0.00254	0.72177
2	0.00540	0.00360	0.00405	0.00405	0.00405	0.00360	0.00225	0.00540	0.00540	0.00720	0.01170	0.02429	0.01349	0.86955	0.01889	0.00360	0.00360	0.00540	0.00225	0.00225
3	0.00540	0.00376	0.00498	0.00498	0.00529	0.00407	0.00341	0.00595	0.00564	0.00783	0.01063	0.01915	0.01120	0.43599	0.41024	0.04548	0.00655	0.00463	0.00210	0.00272
4	0.00995	0.71148	0.11257	0.00703	0.01041	0.04814	0.00724	0.03929	0.00803	0.00959	0.00548	0.00630	0.00481	0.00329	0.00260	0.00085	0.00426	0.00213	0.00167	0.00488
5	0.00851	0.00713	0.01140	0.31107	0.20275	0.00785	0.04709	0.04212	0.00843	0.07692	0.04990	0.03558	0.00865	0.00472	0.00457	0.00124	0.07718	0.05603	0.00231	0.03655
6	0.00986	0.00886	0.01014	0.03253	0.07770	0.06330	0.05631	0.11443	0.51421	0.01531	0.03459	0.01292	0.01016	0.00475	0.00381	0.00121	0.00366	0.01728	0.00333	0.00562
7	0.01221	0.00839	0.00897	0.00710	0.00949	0.00914	0.00579	0.58627	0.01462	0.04264	0.00994	0.01036	0.00727	0.00442	0.00341	0.00105	0.00341	0.00338	0.24660	0.00553
8	0.01308	0.01608	0.00972	0.00887	0.01066	0.75815	0.00665	0.01412	0.01021	0.00962	0.00646	0.00750	0.00532	0.00388	0.00326	0.00095	0.00613	0.00251	0.10261	0.00421
9	0.01387	0.01769	0.01052	0.00956	0.01148	0.85465	0.00717	0.01482	0.01052	0.00908	0.00574	0.00669	0.00478	0.00383	0.00335	0.00096	0.00669	0.00239	0.00191	0.00430
10	0.08194	0.01279	0.30787	0.01065	0.01439	0.05949	0.22497	0.03474	0.00867	0.14243	0.00790	0.00898	0.00565	0.00381	0.00423	0.00120	0.05952	0.00329	0.00226	0.00523
11	0.00672	0.00541	0.00746	0.00643	0.00783	0.00545	0.07974	0.06595	0.07669	0.02553	0.44056	0.03451	0.13090	0.00706	0.00470	0.00124	0.04507	0.04111	0.00360	0.00403
12	0.00498	0.00366	0.00451	0.00466	0.00546	0.00333	0.00337	0.00611	0.00860	0.02728	0.28803	0.29934	0.26749	0.01030	0.04402	0.00152	0.00233	0.00809	0.00360	0.00328
13	0.00850	0.00747	0.02692	0.25805	0.35357	0.01839	0.00908	0.01093	0.04818	0.06923	0.04718	0.01206	0.00815	0.07605	0.02952	0.00150	0.00442	0.00371	0.00221	0.00489
14	0.00709	0.00595	0.00749	0.00746	0.00865	0.05773	0.04804	0.04525	0.04709	0.01165	0.03409	0.05088	0.05884	0.00876	0.00512	0.00155	0.04358	0.54375	0.00321	0.00380
15	0.00876	0.01001	0.02190	0.01564	0.01940	0.00939	0.83292	0.01189	0.00876	0.01189	0.00751	0.01001	0.00563	0.00313	0.00438	0.00125	0.00626	0.00438	0.00188	0.00501
16	0.02516	0.00838	0.01054	0.35193	0.03888	0.12649	0.04524	0.04085	0.04564	0.21463	0.00943	0.01147	0.00700	0.01534	0.00392	0.00122	0.00458	0.03175	0.00266	0.00487
17	0.00724	0.00641	0.01003	0.04757	0.01086	0.04770	0.21640	0.03253	0.00862	0.04994	0.03893	0.27090	0.10343	0.00763	0.00446	0.00137	0.00380	0.12524	0.00296	0.00397

[dist]
# distance from previous block
# <min> <max>
1	83

[block]
# block no. 3 follows, 74 sequences, length 7
# corresponding to MSA columns:
# 275-281
name=unknown_D
#
# <colnr> <probs for GDERKNQSTAVLIFYWHMCP>
#	G	D	E	R	K	N	Q	S	T	A	V	L	I	F	Y	W	H	M	C	P
0	0.00805	0.03011	0.30657	0.00892	0.05218	0.03820	0.04270	0.01054	0.00803	0.05674	0.02373	0.10496	0.00852	0.00466	0.00386	0.00107	0.03374	0.03009	0.00224	0.22509
1	0.06109	0.13202	0.33039	0.09441	0.03092	0.00922	0.06162	0.07239	0.04579	0.07389	0.04822	0.00950	0.00699	0.00387	0.00345	0.00113	0.00453	0.00314	0.00225	0.00518
2	0.00752	0.01080	0.26851	0.10942	0.06285	0.00807	0.14450	0.01050	0.03245	0.01172	0.10022	0.02858	0.00924	0.00456	0.00488	0.00124	0.11587	0.00386	0.06051	0.00470
3	0.00466	0.00333	0.00447	0.00533	0.00560	0.00313	0.00369	0.00541	0.00724	0.00963	0.02038	0.78879	0.02425	0.01150	0.00477	0.00153	0.00227	0.08753	0.00344	0.00305
4	0.01010	0.01010	0.01089	0.08413	0.15226	0.25153	0.07067	0.05692	0.03811	0.04862	0.04419	0.05764	0.00963	0.00504	0.00398	0.00117	0.01831	0.08691	0.02098	0.01885
5	0.02767	0.09265	0.08190	0.09183	0.16635	0.13773	0.11001	0.08016	0.09134	0.05305	0.00803	0.00921	0.00617	0.00376	0.00355	0.00110	0.00476	0.00322	0.02231	0.00519
6	0.00569	0.00403	0.00548	0.00618	0.00685	0.00399	0.00508	0.00705	0.00806	0.01058	0.05491	0.14744	0.02141	0.11586	0.00673	0.00189	0.00320	0.57903	0.00331	0.00323

[dist]
# distance from previous block
# <min> <max>
0	1

[block]
# block no. 4 follows, 74 sequences, length 11
# corresponding to MSA columns:
# 283-293
name=unknown_E
#
# <colnr> <probs for GDERKNQSTAVLIFYWHMCP>
#	G	D	E	R	K	N	Q	S	T	A	V	L	I	F	Y	W	H	M	C	P
0	0.00912	0.04660	0.01144	0.03820	0.08861	0.02530	0.13809	0.10568	0.27410	0.03002	0.11543	0.01414	0.04951	0.00479	0.00385	0.00116	0.00372	0.00429	0.00307	0.03288
1	0.89577	0.00718	0.00546	0.00488	0.00718	0.00833	0.00402	0.01091	0.00632	0.01665	0.00517	0.00603	0.00402	0.00345	0.00230	0.00115	0.00287	0.00201	0.00230	0.00402
2	0.00495	0.00386	0.00448	0.00465	0.00551	0.00358	0.00334	0.00654	0.06268	0.01104	0.18398	0.30591	0.33908	0.03694	0.00492	0.00140	0.00207	0.00820	0.00355	0.00332
3	0.00765	0.01780	0.72428	0.01135	0.01657	0.00874	0.13835	0.01178	0.00798	0.01178	0.00679	0.00817	0.00484	0.00347	0.00366	0.00119	0.00560	0.00299	0.00161	0.00541
4	0.00534	0.00385	0.00531	0.00531	0.00574	0.00428	0.00382	0.00620	0.00577	0.00813	0.01055	0.01793	0.01073	0.31779	0.56688	0.00515	0.00776	0.00447	0.00208	0.00295
5	0.00620	0.00452	0.00551	0.05222	0.00725	0.00437	0.00418	0.02590	0.06448	0.05914	0.27898	0.05023	0.30877	0.00843	0.02878	0.00139	0.00255	0.06484	0.01851	0.00376
6	0.00484	0.00355	0.00457	0.00491	0.00550	0.00324	0.00344	0.00589	0.00832	0.01133	0.28674	0.50768	0.09140	0.00990	0.00454	0.00135	0.00202	0.00887	0.00362	0.02829
7	0.00930	0.00500	0.00648	0.00580	0.00721	0.00476	0.00443	0.07218	0.00956	0.26790	0.18609	0.25427	0.06182	0.00792	0.00501	0.05040	0.02735	0.00638	0.00379	0.00433
8	0.06763	0.02610	0.04073	0.00908	0.01025	0.03386	0.08157	0.04661	0.00711	0.05090	0.00684	0.02291	0.00605	0.00804	0.10521	0.00194	0.44871	0.00343	0.01873	0.00431
9	0.03390	0.06763	0.12913	0.00675	0.00921	0.00697	0.00622	0.09730	0.07307	0.18965	0.28795	0.01634	0.03145	0.00545	0.00397	0.00115	0.02096	0.00447	0.00348	0.00495
10	0.00829	0.00824	0.03345	0.20298	0.01677	0.00790	0.33217	0.04991	0.00838	0.02750	0.00752	0.01037	0.00604	0.06094	0.00497	0.00126	0.02374	0.00364	0.00204	0.18388

[dist]
# distance from previous block
# <min> <max>
0	19

[block]
# block no. 5 follows, 74 sequences, length 12
# corresponding to MSA columns:
# 315-326
name=unknown_F
#
# <colnr> <probs for GDERKNQSTAVLIFYWHMCP>
#	G	D	E	R	K	N	Q	S	T	A	V	L	I	F	Y	W	H	M	C	P
0	0.00860	0.00719	0.00817	0.00609	0.00920	0.00620	0.00487	0.10266	0.10955	0.01377	0.00789	0.00858	0.00630	0.00322	0.00298	0.00070	0.00292	0.00257	0.00256	0.68600
1	0.13638	0.24937	0.01008	0.00584	0.00814	0.08391	0.00494	0.06051	0.04188	0.04656	0.01508	0.01517	0.22918	0.02067	0.00350	0.00107	0.00335	0.00390	0.00260	0.05787
2	0.00503	0.00346	0.00427	0.00463	0.00503	0.00327	0.00310	0.00584	0.00749	0.01036	0.16746	0.42666	0.06587	0.18921	0.00743	0.00182	0.00233	0.00806	0.07570	0.00299
3	0.00584	0.00352	0.00483	0.00483	0.00497	0.00367	0.00321	0.00542	0.00528	0.00718	0.00898	0.01637	0.00944	0.30248	0.20377	0.39713	0.00485	0.00412	0.00191	0.00221
4	0.00512	0.00401	0.00524	0.00484	0.00592	0.00361	0.03495	0.00665	0.00975	0.01321	0.55609	0.05419	0.26650	0.00806	0.00439	0.00121	0.00197	0.00706	0.00380	0.00344
5	0.00455	0.00377	0.00398	0.00393	0.00511	0.00320	0.00295	0.00563	0.00884	0.01092	0.18543	0.03426	0.69651	0.00907	0.00439	0.00124	0.00186	0.00763	0.00356	0.00320
6	0.00771	0.00741	0.01214	0.49187	0.07045	0.02577	0.10777	0.02660	0.00780	0.01045	0.02706	0.01100	0.00643	0.00429	0.00490	0.00127	0.11582	0.02645	0.03050	0.00432
7	0.00898	0.00866	0.01495	0.09652	0.74572	0.00879	0.03931	0.01124	0.00837	0.01189	0.00697	0.00928	0.00579	0.00334	0.00370	0.00112	0.00452	0.00334	0.00182	0.00569
8	0.00836	0.00922	0.01942	0.21080	0.02082	0.00912	0.64293	0.01133	0.00845	0.01133	0.00730	0.00999	0.00547	0.00326	0.00423	0.00125	0.00596	0.00413	0.00182	0.00480
9	0.00841	0.01047	0.15641	0.14139	0.01405	0.11440	0.11310	0.01155	0.12079	0.01065	0.00830	0.02988	0.00694	0.00613	0.03814	0.07415	0.10603	0.02267	0.00208	0.00445
10	0.00685	0.00635	0.01059	0.78505	0.02380	0.00783	0.00971	0.00926	0.00769	0.00996	0.08058	0.01147	0.00760	0.00405	0.00377	0.00123	0.00467	0.00360	0.00186	0.00407
11	0.00842	0.02000	0.10558	0.14868	0.05232	0.05932	0.12513	0.07633	0.06530	0.02590	0.01001	0.11066	0.03105	0.00623	0.04307	0.00148	0.09916	0.00439	0.00233	0.00463

[dist]
# distance from previous block
# <min> <max>
3	17

[block]
# block no. 6 follows, 74 sequences, length 28
# corresponding to MSA columns:
# 346-352,370-390
name=unknown_G
#
# <colnr> <probs for GDERKNQSTAVLIFYWHMCP>
#	G	D	E	R	K	N	Q	S	T	A	V	L	I	F	Y	W	H	M	C	P
0	0.00770	0.05175	0.00659	0.00526	0.00684	0.00518	0.00415	0.05253	0.07673	0.13154	0.39213	0.02411	0.20696	0.00696	0.00410	0.00117	0.00231	0.00591	0.00384	0.00422
1	0.00846	0.00820	0.06030	0.08124	0.05212	0.02688	0.05862	0.05858	0.38584	0.02601	0.05761	0.01615	0.13318	0.00533	0.00390	0.00122	0.00348	0.00457	0.00318	0.00512
2	0.00716	0.00588	0.00698	0.00562	0.02327	0.00481	0.00430	0.00926	0.05413	0.02615	0.18274	0.01472	0.08533	0.00449	0.00332	0.00080	0.00251	0.00378	0.00282	0.55191
3	0.00545	0.00472	0.02469	0.00605	0.00673	0.00473	0.02105	0.00691	0.05238	0.01020	0.05365	0.49597	0.13264	0.00976	0.00553	0.00146	0.10871	0.04276	0.00319	0.00345
4	0.06231	0.00769	0.01048	0.02982	0.01128	0.03442	0.10859	0.10279	0.04363	0.53114	0.01216	0.01134	0.00800	0.00431	0.00372	0.00116	0.00378	0.00364	0.00384	0.00589
5	0.01031	0.41554	0.01349	0.00670	0.00919	0.02381	0.00595	0.04364	0.13222	0.13533	0.04595	0.01014	0.00825	0.00647	0.08762	0.00149	0.03323	0.00308	0.00260	0.00499
6	0.00537	0.00391	0.00577	0.00577	0.00635	0.00449	0.00440	0.00645	0.00586	0.00840	0.00988	0.01508	0.00942	0.08579	0.75105	0.05371	0.00914	0.00404	0.00199	0.00315
7	0.00539	0.00392	0.00536	0.00533	0.00574	0.00438	0.00382	0.00622	0.00575	0.00810	0.01049	0.01804	0.01075	0.33833	0.52993	0.00501	0.02394	0.00449	0.00208	0.00294
8	0.00473	0.00376	0.00425	0.00417	0.00524	0.00328	0.00311	0.00599	0.00923	0.01193	0.35672	0.06062	0.49630	0.00876	0.00440	0.00123	0.00184	0.00748	0.00370	0.00328
9	0.00490	0.00381	0.00434	0.00434	0.00537	0.00340	0.00324	0.00629	0.02424	0.01179	0.29248	0.10986	0.44149	0.00881	0.00437	0.00125	0.00193	0.03300	0.03179	0.00331
10	0.40831	0.00892	0.00775	0.00660	0.00884	0.16353	0.00532	0.01363	0.00833	0.26266	0.00807	0.00827	0.00576	0.00407	0.00362	0.00115	0.06486	0.00268	0.00286	0.00476
11	0.37946	0.09704	0.22159	0.00706	0.01034	0.04968	0.00716	0.03352	0.00799	0.14480	0.00715	0.00762	0.00517	0.00366	0.00293	0.00111	0.00390	0.00252	0.00242	0.00490
12	0.01021	0.01030	0.00877	0.06094	0.05537	0.30821	0.00621	0.09156	0.09686	0.03420	0.17328	0.01444	0.06679	0.00512	0.00371	0.00109	0.00424	0.00405	0.04012	0.00452
13	0.00485	0.00378	0.00440	0.00425	0.00530	0.00333	0.00318	0.00622	0.00955	0.01262	0.46841	0.03145	0.41246	0.00843	0.00438	0.00121	0.00181	0.00724	0.00379	0.00333
14	0.00539	0.00412	0.00614	0.00609	0.00672	0.00486	0.00475	0.00669	0.00598	0.00865	0.00997	0.03279	0.00944	0.02666	0.80392	0.00570	0.04269	0.00409	0.00201	0.00334
15	0.00812	0.00865	0.01806	0.01373	0.03279	0.00818	0.62417	0.01090	0.00870	0.01171	0.01033	0.01742	0.00930	0.00479	0.00454	0.00136	0.00556	0.19479	0.00224	0.00465
16	0.01528	0.00680	0.00860	0.00667	0.00937	0.00638	0.00548	0.16726	0.01162	0.61966	0.01335	0.01206	0.00869	0.00454	0.00362	0.00112	0.00320	0.00364	0.08660	0.00605
17	0.00770	0.00660	0.00770	0.00550	0.00880	0.00495	0.00440	0.00935	0.00770	0.01210	0.00660	0.00770	0.00550	0.00275	0.00275	0.00055	0.00275	0.00220	0.00220	0.89224
18	0.01075	0.42924	0.01445	0.00751	0.02865	0.03896	0.00645	0.14935	0.22814	0.03933	0.00875	0.00882	0.00691	0.00394	0.00307	0.00099	0.00379	0.00289	0.00262	0.00537
19	0.00583	0.00380	0.00489	0.00513	0.00583	0.00354	0.00368	0.00698	0.02225	0.07609	0.18741	0.43770	0.09539	0.06570	0.00549	0.00153	0.00231	0.05945	0.00359	0.00340
20	0.18430	0.00582	0.00645	0.00582	0.00725	0.03034	0.00449	0.06596	0.00784	0.15651	0.01078	0.07268	0.00979	0.14547	0.20931	0.00271	0.02297	0.02268	0.02479	0.00404
21	0.02854	0.17309	0.01236	0.02087	0.10981	0.05836	0.00711	0.30275	0.18379	0.05323	0.00923	0.00941	0.00699	0.00414	0.00342	0.00108	0.00396	0.00320	0.00298	0.00569
22	0.00516	0.00379	0.00466	0.00454	0.00549	0.00343	0.00338	0.00655	0.00942	0.02944	0.48115	0.10647	0.27201	0.00922	0.03732	0.00141	0.00217	0.00723	0.00377	0.00340
23	0.00484	0.00365	0.00446	0.00472	0.00547	0.00332	0.00346	0.00595	0.00851	0.01120	0.25349	0.28492	0.26990	0.04099	0.00508	0.00143	0.00212	0.07971	0.00358	0.00319
24	0.09750	0.01170	0.01267	0.03667	0.01313	0.26738	0.19746	0.20250	0.01114	0.08922	0.00764	0.00856	0.00566	0.00388	0.00376	0.00112	0.01916	0.00320	0.00258	0.00507
25	0.01353	0.01105	0.01059	0.02785	0.01150	0.15508	0.00693	0.53835	0.10436	0.06927	0.00933	0.00931	0.00673	0.00440	0.00366	0.00111	0.00437	0.00329	0.00342	0.00587
26	0.00719	0.00680	0.01142	0.77904	0.08466	0.00836	0.01033	0.00961	0.00745	0.00966	0.00658	0.00980	0.00501	0.00375	0.00392	0.00124	0.02595	0.00330	0.00166	0.00425
27	0.00504	0.00368	0.00469	0.00524	0.00588	0.00344	0.00388	0.00619	0.02032	0.01974	0.08900	0.46668	0.17433	0.01046	0.00469	0.00147	0.00234	0.16619	0.00351	0.00323

[dist]
# distance from previous block
# <min> <max>
0	20

[block]
# block no. 7 follows, 74 sequences, length 16
# corresponding to MSA columns:
# 411-426
name=unknown_H
#
# <colnr> <probs for GDERKNQSTAVLIFYWHMCP>
#	G	D	E	R	K	N	Q	S	T	A	V	L	I	F	Y	W	H	M	C	P
0	0.03151	0.00447	0.02847	0.00638	0.02849	0.00403	0.03760	0.00674	0.02394	0.02601	0.01903	0.61637	0.04835	0.01013	0.00458	0.00147	0.00264	0.09306	0.00328	0.00343
1	0.05042	0.01001	0.01010	0.00810	0.01079	0.07837	0.00656	0.50403	0.16863	0.09942	0.01020	0.00989	0.00730	0.00448	0.00364	0.00113	0.00394	0.00341	0.00360	0.00597
2	0.01129	0.00649	0.00758	0.00639	0.00862	0.00649	0.00512	0.08566	0.24556	0.32604	0.01902	0.01824	0.17900	0.00584	0.00389	0.00121	0.00289	0.02934	0.02595	0.00539
3	0.02711	0.00626	0.00683	0.00602	0.00756	0.04853	0.00466	0.16173	0.06746	0.08838	0.33888	0.07730	0.06597	0.04614	0.00477	0.00131	0.00283	0.03019	0.00371	0.00437
4	0.00792	0.03601	0.06690	0.00770	0.00914	0.00815	0.02285	0.11450	0.12687	0.01213	0.04642	0.07618	0.01009	0.04010	0.20568	0.00250	0.19562	0.00428	0.00255	0.00441
5	0.11307	0.00863	0.01003	0.02652	0.01034	0.04856	0.03343	0.24935	0.01016	0.07945	0.00773	0.03090	0.00623	0.00490	0.00592	0.00123	0.25155	0.00328	0.02724	0.07145
6	0.00458	0.00340	0.00423	0.00483	0.00529	0.00310	0.00331	0.00532	0.00746	0.00970	0.05059	0.60914	0.20157	0.04778	0.00526	0.00153	0.00217	0.02428	0.00341	0.00303
7	0.02412	0.03320	0.02914	0.12401	0.07424	0.05855	0.23489	0.19410	0.16242	0.01461	0.00883	0.00999	0.00664	0.00391	0.00382	0.00118	0.00476	0.00365	0.00259	0.00534
8	0.03942	0.01002	0.01220	0.01297	0.26250	0.11307	0.05564	0.28039	0.03222	0.08849	0.00862	0.00995	0.00662	0.00412	0.00381	0.00113	0.01809	0.02217	0.01295	0.00564
9	0.01275	0.00662	0.00809	0.00665	0.00894	0.00652	0.00531	0.12096	0.15871	0.43085	0.05260	0.05382	0.03410	0.05500	0.00473	0.00134	0.00312	0.02024	0.00407	0.00558
10	0.00492	0.00348	0.00430	0.00472	0.00503	0.00331	0.00312	0.00551	0.00697	0.00925	0.08129	0.42046	0.08751	0.29461	0.00938	0.00216	0.00264	0.04541	0.00310	0.00283
11	0.06582	0.14770	0.21951	0.00915	0.06251	0.03817	0.03516	0.16012	0.08509	0.05321	0.00788	0.00849	0.00594	0.00373	0.00330	0.00104	0.00425	0.00289	0.00244	0.08359
12	0.02847	0.03534	0.27708	0.03217	0.05075	0.02422	0.06608	0.05398	0.13531	0.09655	0.03475	0.08090	0.05822	0.00498	0.00377	0.00120	0.00412	0.00424	0.00271	0.00515
13	0.00977	0.00545	0.00720	0.00626	0.00801	0.00515	0.03780	0.04583	0.09299	0.29773	0.11480	0.24223	0.09642	0.00724	0.00417	0.00127	0.00275	0.00633	0.00389	0.00471
14	0.03835	0.07422	0.07480	0.11957	0.01269	0.09920	0.06712	0.15138	0.05664	0.03363	0.04360	0.04794	0.00915	0.00623	0.04912	0.00146	0.04084	0.06677	0.00258	0.00471
15	0.01938	0.03506	0.10307	0.07371	0.15180	0.11952	0.02674	0.30018	0.04201	0.04433	0.00792	0.00880	0.00594	0.00391	0.00357	0.00108	0.00460	0.00311	0.00264	0.04263

[dist]
# distance from previous block
# <min> <max>
0	1

[block]
# block no. 8 follows, 74 sequences, length 9
# corresponding to MSA columns:
# 428-434,438,439
name=unknown_I
#
# <colnr> <probs for GDERKNQSTAVLIFYWHMCP>
#	G	D	E	R	K	N	Q	S	T	A	V	L	I	F	Y	W	H	M	C	P
0	0.00555	0.00434	0.00644	0.12482	0.00902	0.00450	0.04405	0.00685	0.00748	0.01017	0.11409	0.27609	0.04763	0.10726	0.11725	0.00222	0.00394	0.07004	0.03491	0.00333
1	0.01013	0.00776	0.00880	0.06365	0.04038	0.04181	0.00583	0.23291	0.06240	0.07726	0.04310	0.03677	0.02752	0.00432	0.00342	0.00096	0.00338	0.00350	0.05432	0.27178
2	0.00870	0.08270	0.07977	0.23780	0.15122	0.03963	0.05774	0.08937	0.04915	0.01201	0.00859	0.03634	0.02607	0.00418	0.00376	0.00113	0.01910	0.02098	0.00217	0.06960
3	0.00633	0.00385	0.00501	0.00487	0.00526	0.00397	0.00327	0.00659	0.00586	0.06885	0.01073	0.01904	0.01108	0.46118	0.24629	0.12296	0.00525	0.00460	0.00226	0.00275
4	0.05357	0.03707	0.04073	0.00937	0.03223	0.21555	0.07481	0.09263	0.14564	0.03896	0.00869	0.05708	0.00733	0.00492	0.00520	0.00122	0.16404	0.00361	0.00250	0.00484
5	0.00776	0.00634	0.00735	0.00544	0.00846	0.00494	0.00433	0.00966	0.03990	0.04426	0.01046	0.01104	0.09328	0.00360	0.00300	0.00067	0.00268	0.00292	0.00248	0.73142
6	0.02801	0.00865	0.01046	0.12697	0.01277	0.02497	0.03032	0.39181	0.05917	0.16227	0.00984	0.03105	0.00729	0.01973	0.00453	0.00123	0.05839	0.00365	0.00331	0.00558
7	0.00836	0.07168	0.03659	0.08076	0.19234	0.00880	0.14042	0.04270	0.13423	0.01204	0.03616	0.08242	0.00939	0.00548	0.02440	0.00135	0.07830	0.02724	0.00240	0.00492
8	0.72538	0.00723	0.00602	0.00540	0.00763	0.00831	0.00445	0.05748	0.06783	0.01660	0.00702	0.00903	0.00578	0.00405	0.00266	0.00119	0.00298	0.05414	0.00256	0.00425

[dist]
# distance from previous block
# <min> <max>
0	1

[block]
# block no. 9 follows, 74 sequences, length 9
# corresponding to MSA columns:
# 441-449
name=unknown_J
#
# <colnr> <probs for GDERKNQSTAVLIFYWHMCP>
#	G	D	E	R	K	N	Q	S	T	A	V	L	I	F	Y	W	H	M	C	P
0	0.06795	0.00623	0.00729	0.02680	0.00804	0.05570	0.00529	0.03263	0.07398	0.04449	0.14454	0.01575	0.01278	0.07165	0.25434	0.00281	0.13519	0.02800	0.00264	0.00392
1	0.02609	0.00762	0.01018	0.04820	0.01074	0.04738	0.11501	0.13165	0.11648	0.05280	0.06655	0.04025	0.00953	0.02466	0.05349	0.10358	0.12463	0.00406	0.00267	0.00444
2	0.03826	0.00411	0.00536	0.00513	0.00572	0.00427	0.00365	0.03861	0.00607	0.00862	0.00961	0.01513	0.03917	0.18003	0.24458	0.33659	0.00509	0.00393	0.00204	0.04403
3	0.00765	0.11504	0.08205	0.09926	0.11253	0.00785	0.04364	0.04797	0.04051	0.01151	0.06734	0.06828	0.09661	0.00615	0.03771	0.00133	0.04802	0.02178	0.00241	0.08237
4	0.00816	0.02688	0.00820	0.04080	0.07287	0.06702	0.02674	0.07517	0.06220	0.03517	0.06086	0.06126	0.04849	0.21040	0.00722	0.00163	0.00357	0.00439	0.00264	0.17633
5	0.02738	0.00683	0.00888	0.03095	0.15276	0.00642	0.02395	0.06631	0.09589	0.03272	0.04846	0.03049	0.10940	0.01888	0.00378	0.00102	0.00316	0.02327	0.00273	0.30670
6	0.02790	0.15061	0.09398	0.02962	0.02850	0.07570	0.02418	0.14069	0.02637	0.09379	0.07260	0.06449	0.03341	0.00556	0.03467	0.00123	0.00408	0.00378	0.00274	0.08608
7	0.04112	0.09358	0.06124	0.01785	0.04028	0.04690	0.15947	0.07505	0.05657	0.06286	0.04518	0.01141	0.02713	0.00491	0.02845	0.00122	0.05545	0.02730	0.00247	0.14155
8	0.04128	0.09376	0.07658	0.03501	0.13741	0.10941	0.03946	0.05616	0.06094	0.15294	0.03676	0.03037	0.00808	0.00421	0.00350	0.00107	0.00413	0.02215	0.00268	0.08410

[dist]
# distance from previous block
# <min> <max>
24	91

[block]
# block no. 10 follows, 74 sequences, length 6
# corresponding to MSA columns:
# 556-561
name=unknown_K
#
# <colnr> <probs for GDERKNQSTAVLIFYWHMCP>
#	G	D	E	R	K	N	Q	S	T	A	V	L	I	F	Y	W	H	M	C	P
0	0.05583	0.05516	0.10294	0.02727	0.00964	0.07822	0.04428	0.01097	0.00879	0.18140	0.12045	0.13289	0.04185	0.02787	0.00419	0.00123	0.00357	0.03886	0.00305	0.05154
1	0.00896	0.17379	0.29345	0.00878	0.01230	0.08908	0.08427	0.01205	0.06887	0.05548	0.03877	0.04586	0.03725	0.00427	0.00347	0.00108	0.00453	0.00349	0.00222	0.05201
2	0.01045	0.00638	0.00758	0.00655	0.00828	0.00652	0.00505	0.27511	0.03853	0.19101	0.04438	0.28467	0.01427	0.04733	0.00514	0.03120	0.00310	0.00596	0.00369	0.00480
3	0.00732	0.00521	0.00701	0.08202	0.00891	0.00523	0.04847	0.06954	0.04493	0.08771	0.05746	0.14789	0.15616	0.15476	0.00680	0.00172	0.00321	0.09866	0.00317	0.00385
4	0.00962	0.00938	0.04151	0.19292	0.13573	0.13115	0.10494	0.06301	0.03383	0.06951	0.00850	0.03023	0.00708	0.05001	0.00475	0.00128	0.02593	0.02659	0.00229	0.05173
5	0.00938	0.00858	0.05148	0.10018	0.17365	0.02974	0.02912	0.15514	0.18519	0.04203	0.01243	0.06393	0.07652	0.00511	0.00419	0.00122	0.03974	0.00429	0.00285	0.00523

[dist]
# distance from previous block
# <min> <max>
5	131

# created by:
# /home/simao/soft/augustus-3.0.3/scripts/msa2prfl.pl ./prep/87581.aln
