[name]
unknown

[dist]
# distance from previous block
# <min> <max>
9	150

[block]
# block no. 0 follows, 75 sequences, length 7
# corresponding to MSA columns:
# 215-221
name=unknown_A
#
# <colnr> <probs for GDERKNQSTAVLIFYWHMCP>
#	G	D	E	R	K	N	Q	S	T	A	V	L	I	F	Y	W	H	M	C	P
0	0.00758	0.04222	0.08721	0.04460	0.00948	0.03231	0.03753	0.07723	0.04211	0.03860	0.10111	0.10806	0.11383	0.05214	0.00477	0.00125	0.02158	0.03689	0.00282	0.13868
1	0.00518	0.00389	0.00562	0.00569	0.00627	0.00382	0.04917	0.00610	0.00710	0.00958	0.08559	0.37211	0.05022	0.13578	0.13503	0.02836	0.00382	0.08068	0.00294	0.00307
2	0.02798	0.08820	0.10896	0.04045	0.05397	0.02604	0.01743	0.05409	0.03023	0.02880	0.03021	0.10097	0.18288	0.03804	0.01949	0.02717	0.06067	0.02141	0.00255	0.04045
3	0.02822	0.00662	0.06723	0.03987	0.02331	0.08705	0.00522	0.00830	0.04323	0.03600	0.06864	0.30602	0.08117	0.04018	0.09428	0.02844	0.02345	0.00631	0.00281	0.00365
4	0.13662	0.04096	0.03461	0.11354	0.06397	0.05552	0.00636	0.07090	0.05267	0.05773	0.02058	0.02299	0.04621	0.04224	0.06496	0.00155	0.06383	0.00342	0.01456	0.08677
5	0.00906	0.00833	0.05550	0.11698	0.23460	0.05189	0.04009	0.04492	0.06439	0.06917	0.00875	0.03730	0.00703	0.00386	0.00344	0.00102	0.00390	0.00338	0.08162	0.15477
6	0.02213	0.00832	0.03106	0.14139	0.18933	0.04340	0.02689	0.08909	0.15126	0.01256	0.00932	0.04393	0.02493	0.00522	0.02924	0.00132	0.09882	0.00369	0.00240	0.06570

[dist]
# distance from previous block
# <min> <max>
26	51

[block]
# block no. 1 follows, 75 sequences, length 10
# corresponding to MSA columns:
# 281-290
name=unknown_B
#
# <colnr> <probs for GDERKNQSTAVLIFYWHMCP>
#	G	D	E	R	K	N	Q	S	T	A	V	L	I	F	Y	W	H	M	C	P
0	0.00722	0.00576	0.00868	0.02554	0.02362	0.00537	0.13546	0.04220	0.00834	0.03893	0.11884	0.10083	0.05518	0.04388	0.01581	0.05381	0.01958	0.04510	0.06241	0.18343
1	0.05770	0.07860	0.01252	0.13553	0.32204	0.09594	0.04061	0.05648	0.02147	0.01168	0.00783	0.02256	0.03060	0.01802	0.00392	0.00112	0.02689	0.00328	0.00203	0.05121
2	0.00545	0.00412	0.00584	0.00567	0.00637	0.00459	0.00431	0.00663	0.00616	0.00887	0.05544	0.01583	0.01079	0.13182	0.63614	0.00495	0.03121	0.00415	0.00211	0.04954
3	0.03392	0.07764	0.21429	0.00920	0.05798	0.08714	0.04572	0.09397	0.08883	0.16653	0.02523	0.01066	0.04127	0.00427	0.00376	0.00112	0.02705	0.00337	0.00272	0.00533
4	0.00809	0.27091	0.04593	0.00813	0.05776	0.00906	0.09958	0.05908	0.11481	0.01133	0.01425	0.13177	0.14350	0.00561	0.00359	0.00112	0.00356	0.00480	0.00257	0.00457
5	0.05488	0.00421	0.00496	0.00483	0.00545	0.00429	0.00329	0.04050	0.00687	0.05783	0.05043	0.13081	0.04816	0.43142	0.12039	0.00299	0.00398	0.01896	0.00269	0.00306
6	0.00691	0.00922	0.24586	0.07688	0.12088	0.00629	0.02197	0.04020	0.00846	0.02971	0.11715	0.20221	0.05969	0.00632	0.00402	0.00125	0.00371	0.03221	0.00262	0.00444
7	0.12783	0.00695	0.02128	0.02037	0.03651	0.00599	0.02280	0.04109	0.00799	0.05645	0.00851	0.00935	0.05139	0.00347	0.00313	0.00079	0.02168	0.00271	0.00239	0.54931
8	0.00496	0.00366	0.00473	0.00544	0.00597	0.00350	0.00401	0.00623	0.03797	0.01002	0.02156	0.56554	0.10511	0.01074	0.00471	0.00150	0.00242	0.19534	0.00342	0.00319
9	0.00916	0.00963	0.01010	0.05909	0.01043	0.20923	0.00724	0.04734	0.00739	0.00943	0.00617	0.00935	0.00577	0.05520	0.09254	0.00194	0.44093	0.00321	0.00184	0.00401

[dist]
# distance from previous block
# <min> <max>
0	1

[block]
# block no. 2 follows, 75 sequences, length 12
# corresponding to MSA columns:
# 292-303
name=unknown_C
#
# <colnr> <probs for GDERKNQSTAVLIFYWHMCP>
#	G	D	E	R	K	N	Q	S	T	A	V	L	I	F	Y	W	H	M	C	P
0	0.02756	0.09139	0.23069	0.08396	0.11840	0.09045	0.12257	0.07222	0.04314	0.05133	0.00732	0.00863	0.00554	0.00368	0.00376	0.00112	0.02792	0.00310	0.00207	0.00517
1	0.00502	0.05810	0.00542	0.00537	0.00591	0.00390	0.00393	0.00586	0.00733	0.00959	0.01997	0.65227	0.06133	0.01067	0.00458	0.00146	0.00242	0.13040	0.00329	0.00316
2	0.00638	0.00319	0.00478	0.00478	0.00478	0.00319	0.00319	0.00478	0.00478	0.00638	0.00638	0.01116	0.00638	0.01276	0.01435	0.89314	0.00319	0.00319	0.00159	0.00159
3	0.00692	0.00579	0.00839	0.10533	0.13730	0.02293	0.06666	0.03186	0.05112	0.01182	0.08031	0.20058	0.07768	0.00641	0.00391	0.00121	0.00319	0.03482	0.13971	0.00407
4	0.20361	0.13047	0.13210	0.03238	0.07413	0.04009	0.17607	0.12347	0.00899	0.01375	0.00652	0.00780	0.00503	0.00345	0.00325	0.00108	0.00450	0.00289	0.00211	0.02830
5	0.00525	0.00394	0.00590	0.00590	0.00656	0.00459	0.00459	0.00656	0.00590	0.00853	0.00984	0.01443	0.00918	0.02755	0.85637	0.00590	0.00984	0.00394	0.00197	0.00328
6	0.00594	0.00407	0.00499	0.00515	0.00620	0.00375	0.00413	0.00714	0.00837	0.06910	0.07873	0.03435	0.34026	0.09794	0.00605	0.00164	0.00269	0.31276	0.00340	0.00336
7	0.00868	0.00811	0.03798	0.31015	0.15254	0.02926	0.08811	0.09760	0.06190	0.03936	0.00885	0.05989	0.01878	0.00455	0.00434	0.01728	0.04167	0.00388	0.00226	0.00478
8	0.02258	0.23953	0.37967	0.02836	0.03453	0.04037	0.06624	0.06715	0.04993	0.01170	0.00674	0.00780	0.00520	0.00358	0.00343	0.00107	0.02234	0.00275	0.00186	0.00517
9	0.00552	0.00414	0.00532	0.05911	0.00705	0.01954	0.00418	0.00664	0.00798	0.03332	0.18758	0.39400	0.09654	0.02832	0.04095	0.00160	0.02577	0.05080	0.01832	0.00333
10	0.00486	0.00330	0.00416	0.00475	0.00517	0.00309	0.00326	0.00575	0.00745	0.01042	0.07952	0.63590	0.07014	0.01004	0.00433	0.00136	0.00203	0.00899	0.13240	0.00309
11	0.25331	0.13271	0.07472	0.03118	0.02334	0.22218	0.00640	0.05885	0.00857	0.06907	0.00690	0.03073	0.00563	0.00452	0.02091	0.01408	0.01557	0.00270	0.01415	0.00450

[dist]
# distance from previous block
# <min> <max>
5	40

[block]
# block no. 3 follows, 75 sequences, length 43
# corresponding to MSA columns:
# 349-391
name=unknown_D
#
# <colnr> <probs for GDERKNQSTAVLIFYWHMCP>
#	G	D	E	R	K	N	Q	S	T	A	V	L	I	F	Y	W	H	M	C	P
0	0.00834	0.01813	0.01626	0.00558	0.00689	0.00499	0.00436	0.03277	0.02279	0.20786	0.09936	0.08543	0.18988	0.13632	0.00720	0.02728	0.06804	0.05120	0.00334	0.00397
1	0.11861	0.04843	0.07060	0.00901	0.05481	0.03579	0.13527	0.06381	0.07206	0.12039	0.01103	0.13691	0.00990	0.00568	0.01487	0.00130	0.02887	0.05511	0.00279	0.00476
2	0.01076	0.03430	0.01127	0.04341	0.04273	0.01724	0.16408	0.14059	0.04655	0.22920	0.02224	0.12324	0.02439	0.02253	0.00419	0.00122	0.00386	0.01480	0.00319	0.04020
3	0.00881	0.02359	0.01270	0.10308	0.44194	0.02170	0.06061	0.07886	0.04018	0.02549	0.04857	0.05664	0.03475	0.00445	0.00380	0.00116	0.00412	0.02204	0.00234	0.00519
4	0.00459	0.00332	0.00436	0.00510	0.00545	0.00309	0.00353	0.00537	0.00737	0.00976	0.05813	0.71797	0.08397	0.01108	0.00467	0.00147	0.00217	0.06211	0.00344	0.00304
5	0.00857	0.00529	0.00647	0.00588	0.00733	0.00519	0.00449	0.15103	0.02500	0.16003	0.10090	0.31821	0.06659	0.00878	0.04788	0.00149	0.00301	0.01860	0.02331	0.03194
6	0.00958	0.00823	0.01249	0.02985	0.51834	0.00847	0.00942	0.16762	0.02338	0.02529	0.00948	0.01430	0.00844	0.00463	0.00387	0.00119	0.00411	0.13331	0.00248	0.00549
7	0.01525	0.00617	0.00823	0.00646	0.00909	0.00548	0.00532	0.05373	0.01058	0.72635	0.02873	0.03362	0.01014	0.00492	0.00373	0.00115	0.00308	0.02936	0.03267	0.00595
8	0.00939	0.72344	0.16517	0.00702	0.01056	0.01348	0.00756	0.01111	0.00751	0.00917	0.00537	0.00622	0.00470	0.00320	0.00256	0.00085	0.00419	0.00210	0.00157	0.00484
9	0.00510	0.00365	0.00495	0.00519	0.00555	0.00389	0.00366	0.00588	0.00610	0.00841	0.01319	0.23038	0.01447	0.26384	0.38121	0.00402	0.00595	0.02922	0.00244	0.00291
10	0.00862	0.00905	0.01052	0.00908	0.00961	0.14417	0.03159	0.00958	0.00684	0.00936	0.03137	0.01017	0.05314	0.00602	0.00943	0.00143	0.59743	0.00347	0.03509	0.00399
11	0.89687	0.00710	0.00540	0.00483	0.00710	0.00824	0.00398	0.01080	0.00625	0.01648	0.00511	0.00597	0.00398	0.00341	0.00227	0.00114	0.00284	0.00199	0.00227	0.00398
12	0.02842	0.00621	0.00788	0.00619	0.00870	0.00573	0.00507	0.09961	0.01067	0.61409	0.01335	0.01222	0.00877	0.00447	0.00348	0.00109	0.00298	0.00358	0.15175	0.00574
13	0.00650	0.01642	0.20507	0.07797	0.08536	0.00601	0.00740	0.02068	0.00778	0.02263	0.03483	0.19650	0.12824	0.02479	0.03756	0.00148	0.03325	0.04040	0.00251	0.04464
14	0.00472	0.00356	0.00437	0.00474	0.00544	0.00324	0.00345	0.00574	0.00814	0.01061	0.17390	0.36571	0.27446	0.02907	0.00487	0.00142	0.00213	0.08781	0.00349	0.00313
15	0.00907	0.01156	0.25581	0.05068	0.14174	0.02947	0.05677	0.11990	0.18993	0.02444	0.00976	0.02985	0.00777	0.00439	0.00374	0.00120	0.00439	0.04159	0.00253	0.00542
16	0.00509	0.00375	0.00475	0.00450	0.00542	0.00342	0.00338	0.00671	0.01013	0.01410	0.74069	0.02847	0.14043	0.00774	0.00433	0.00117	0.00175	0.00679	0.00396	0.00342
17	0.00790	0.01946	0.00704	0.00639	0.03339	0.00598	0.00478	0.08655	0.15192	0.07926	0.33971	0.06425	0.06319	0.00671	0.00478	0.03448	0.04458	0.00537	0.02993	0.00434
18	0.02312	0.00798	0.05154	0.43789	0.29980	0.00831	0.04799	0.02673	0.00796	0.01090	0.00722	0.02717	0.00591	0.00378	0.00370	0.00119	0.00467	0.01755	0.00182	0.00477
19	0.01439	0.00942	0.01046	0.00804	0.01094	0.01012	0.00663	0.65320	0.03074	0.19281	0.01009	0.00966	0.00692	0.00445	0.00368	0.00111	0.00383	0.00340	0.00385	0.00624
20	0.02515	0.00826	0.04355	0.20566	0.42087	0.01966	0.00965	0.01975	0.06541	0.08206	0.02524	0.01047	0.02016	0.00387	0.00384	0.00115	0.02429	0.00345	0.00222	0.00527
21	0.00962	0.00888	0.00625	0.00582	0.00713	0.32166	0.00439	0.03519	0.00899	0.01222	0.00954	0.01091	0.00757	0.00410	0.00288	0.00090	0.00361	0.00303	0.53351	0.00382
22	0.00864	0.00714	0.02155	0.00788	0.09479	0.00626	0.02350	0.09588	0.04987	0.04965	0.09283	0.01059	0.00903	0.00373	0.00334	0.00083	0.01533	0.00312	0.02049	0.47554
23	0.05981	0.01051	0.01007	0.00810	0.01072	0.12819	0.00654	0.52663	0.10561	0.06797	0.00924	0.00920	0.00668	0.00434	0.00354	0.00110	0.00412	0.00322	0.01866	0.00575
24	0.00584	0.00498	0.00790	0.19504	0.01147	0.00543	0.07507	0.00757	0.03129	0.00967	0.01401	0.30625	0.03995	0.02519	0.16326	0.00227	0.02626	0.06241	0.00256	0.00357
25	0.00556	0.00451	0.03455	0.03096	0.00654	0.00387	0.00400	0.00740	0.02416	0.03765	0.60591	0.02698	0.17914	0.00745	0.00426	0.00117	0.00204	0.00648	0.00378	0.00361
26	0.78549	0.01996	0.00620	0.00531	0.00759	0.04188	0.00437	0.05833	0.00705	0.01634	0.00534	0.00619	0.00416	0.00352	0.00254	0.00113	0.01605	0.00210	0.00232	0.00413
27	0.00534	0.00437	0.00583	0.00617	0.06010	0.00402	0.04108	0.00687	0.03769	0.01955	0.17802	0.24378	0.34754	0.00868	0.00436	0.00128	0.00233	0.01608	0.00338	0.00353
28	0.02841	0.00953	0.11853	0.07107	0.16138	0.03782	0.07516	0.09789	0.15906	0.06351	0.03341	0.01073	0.00779	0.00415	0.00391	0.00115	0.03622	0.00352	0.07150	0.00523
29	0.89687	0.00710	0.00540	0.00483	0.00710	0.00824	0.00398	0.01080	0.00625	0.01648	0.00511	0.00597	0.00398	0.00341	0.00227	0.00114	0.00284	0.00199	0.00227	0.00398
30	0.00455	0.00380	0.00397	0.00397	0.00514	0.00328	0.00296	0.00577	0.02938	0.01047	0.10950	0.07750	0.70871	0.00914	0.00434	0.00125	0.00189	0.00770	0.00348	0.00320
31	0.00512	0.00365	0.00448	0.00440	0.00526	0.00334	0.00325	0.00658	0.00938	0.01314	0.52358	0.12644	0.17547	0.00798	0.00420	0.00118	0.00180	0.00697	0.09043	0.00334
32	0.00483	0.00376	0.00440	0.00443	0.00536	0.00339	0.00325	0.00628	0.03287	0.01181	0.34119	0.18538	0.36195	0.00890	0.00438	0.00125	0.00189	0.00772	0.00366	0.00330
33	0.00701	0.00631	0.01119	0.17070	0.10374	0.00657	0.19542	0.00848	0.00736	0.00985	0.01093	0.10867	0.04775	0.02201	0.00645	0.14275	0.04431	0.08454	0.00215	0.00380
34	0.00858	0.44157	0.43996	0.00840	0.01270	0.01150	0.00997	0.01132	0.00761	0.01015	0.00586	0.00683	0.00468	0.00332	0.00293	0.00098	0.00469	0.00234	0.00156	0.00507
35	0.02355	0.00795	0.00879	0.05203	0.01048	0.00896	0.00612	0.19716	0.49272	0.07349	0.01307	0.02092	0.01000	0.02936	0.00416	0.00128	0.00330	0.02743	0.00359	0.00562
36	0.00824	0.00895	0.07235	0.23728	0.41464	0.00854	0.15468	0.01076	0.00808	0.01120	0.00718	0.02840	0.00587	0.00354	0.00378	0.00116	0.00484	0.00358	0.00179	0.00513
37	0.07907	0.01004	0.01051	0.01046	0.13013	0.24426	0.06924	0.02892	0.00791	0.01024	0.00717	0.01132	0.00681	0.15051	0.00782	0.00160	0.18396	0.02391	0.00198	0.00414
38	0.00841	0.01992	0.00746	0.00664	0.00830	0.04420	0.00523	0.05559	0.39468	0.04300	0.18811	0.01943	0.04439	0.02294	0.00434	0.00128	0.01343	0.08502	0.02284	0.00480
39	0.00524	0.00355	0.00407	0.00415	0.00425	0.00350	0.00244	0.00540	0.00579	0.00770	0.03743	0.09473	0.04568	0.72863	0.01636	0.00320	0.00332	0.01973	0.00244	0.00238
40	0.00754	0.00853	0.11371	0.04840	0.26119	0.03404	0.07628	0.03408	0.03458	0.01179	0.07241	0.01788	0.16366	0.00605	0.02855	0.00134	0.00412	0.06872	0.00247	0.00466
41	0.00482	0.00367	0.00437	0.00461	0.00548	0.00331	0.00347	0.00595	0.00844	0.01094	0.18819	0.21550	0.36869	0.01950	0.00464	0.00136	0.00212	0.11901	0.02275	0.00318
42	0.00551	0.00386	0.00445	0.00432	0.00546	0.00338	0.00326	0.00673	0.00897	0.06706	0.26438	0.09552	0.45103	0.00850	0.00428	0.00122	0.00195	0.02359	0.03311	0.00342

[dist]
# distance from previous block
# <min> <max>
4	18

[block]
# block no. 4 follows, 75 sequences, length 17
# corresponding to MSA columns:
# 436-452
name=unknown_E
#
# <colnr> <probs for GDERKNQSTAVLIFYWHMCP>
#	G	D	E	R	K	N	Q	S	T	A	V	L	I	F	Y	W	H	M	C	P
0	0.02592	0.03019	0.14599	0.24288	0.15807	0.00744	0.04416	0.02253	0.02491	0.04213	0.11708	0.01384	0.08261	0.00462	0.00382	0.00117	0.01275	0.00402	0.01126	0.00462
1	0.00528	0.00389	0.00480	0.01686	0.00592	0.00367	0.00361	0.00687	0.05234	0.02618	0.28913	0.27464	0.20550	0.03213	0.00496	0.01529	0.00214	0.03986	0.00356	0.00336
2	0.00790	0.00741	0.01228	0.27476	0.47556	0.00789	0.00983	0.01023	0.02703	0.01126	0.05286	0.03659	0.04231	0.00414	0.00375	0.00116	0.00418	0.00386	0.00203	0.00497
3	0.06137	0.00640	0.00736	0.02892	0.02741	0.01844	0.01963	0.06204	0.28793	0.03012	0.19501	0.05106	0.05761	0.00588	0.00413	0.00121	0.03819	0.02376	0.06896	0.00459
4	0.00525	0.00382	0.00430	0.00423	0.00537	0.00330	0.00315	0.00633	0.00873	0.06133	0.19033	0.13006	0.54277	0.00893	0.00434	0.00125	0.00194	0.00761	0.00360	0.00335
5	0.06109	0.00656	0.00748	0.00540	0.00861	0.00510	0.00433	0.00934	0.00753	0.01224	0.00644	0.00752	0.00535	0.00276	0.00269	0.00058	0.00273	0.00216	0.00218	0.83990
6	0.00909	0.00873	0.01491	0.02254	0.84801	0.00873	0.01127	0.01127	0.00836	0.01200	0.00691	0.00909	0.00582	0.00327	0.00364	0.00109	0.00436	0.00327	0.00182	0.00582
7	0.06210	0.04752	0.18964	0.03142	0.14637	0.07052	0.09323	0.06974	0.00878	0.03430	0.02564	0.09618	0.00908	0.00502	0.00395	0.00121	0.02393	0.07425	0.00232	0.00480
8	0.17878	0.11391	0.05179	0.00808	0.02296	0.23233	0.06388	0.02762	0.03592	0.01203	0.11424	0.00983	0.00878	0.00430	0.00398	0.00108	0.07846	0.00311	0.00226	0.02666
9	0.00935	0.00679	0.00701	0.00613	0.00791	0.02859	0.00480	0.20156	0.26126	0.03960	0.01413	0.04902	0.06719	0.00516	0.00343	0.00109	0.00280	0.00418	0.27514	0.00485
10	0.00587	0.00452	0.02577	0.00553	0.04038	0.00394	0.00409	0.00755	0.02751	0.05474	0.45594	0.05542	0.23112	0.00782	0.00448	0.01930	0.00216	0.03654	0.00366	0.00365
11	0.00533	0.00360	0.00410	0.00414	0.00424	0.00358	0.00245	0.00546	0.00563	0.00744	0.01304	0.02543	0.04782	0.78945	0.01738	0.00337	0.00348	0.04940	0.00234	0.00232
12	0.03316	0.02885	0.09974	0.20996	0.08806	0.10032	0.04031	0.11580	0.09607	0.07139	0.02786	0.01046	0.00707	0.00419	0.00391	0.00117	0.03426	0.01993	0.00246	0.00501
13	0.00493	0.00360	0.00422	0.00432	0.00487	0.00334	0.00292	0.00567	0.00752	0.00989	0.19282	0.17283	0.22741	0.30714	0.00938	0.00208	0.00251	0.02857	0.00313	0.00286
14	0.00828	0.01196	0.33227	0.02889	0.09749	0.02939	0.05521	0.05461	0.07459	0.04303	0.02241	0.01123	0.05093	0.01600	0.06251	0.00155	0.07679	0.00354	0.01432	0.00501
15	0.00513	0.00396	0.00464	0.00466	0.00547	0.01808	0.00337	0.00652	0.03375	0.01179	0.37377	0.21765	0.22412	0.04344	0.00519	0.02206	0.00208	0.00748	0.00357	0.00326
16	0.12372	0.20756	0.07449	0.03028	0.07361	0.04237	0.04047	0.03077	0.01853	0.03575	0.00676	0.02701	0.00564	0.00341	0.00293	0.00089	0.00373	0.00263	0.00209	0.26737

[dist]
# distance from previous block
# <min> <max>
1	36

[block]
# block no. 5 follows, 75 sequences, length 30
# corresponding to MSA columns:
# 489-518
name=unknown_F
#
# <colnr> <probs for GDERKNQSTAVLIFYWHMCP>
#	G	D	E	R	K	N	Q	S	T	A	V	L	I	F	Y	W	H	M	C	P
0	0.00567	0.00447	0.00589	0.07225	0.05818	0.02610	0.00458	0.00669	0.00731	0.00974	0.10931	0.28126	0.02976	0.20468	0.07028	0.00220	0.00357	0.09201	0.00283	0.00322
1	0.00703	0.02376	0.05451	0.05555	0.08208	0.00576	0.06522	0.01947	0.06727	0.06603	0.18537	0.10688	0.19872	0.00665	0.00423	0.00122	0.01863	0.01490	0.00310	0.01362
2	0.00601	0.00421	0.00494	0.00476	0.00537	0.00430	0.00327	0.07994	0.00746	0.01020	0.08122	0.09055	0.09442	0.39812	0.13547	0.00294	0.00399	0.00559	0.05419	0.00305
3	0.00840	0.02170	0.28350	0.00940	0.06755	0.00837	0.02768	0.11880	0.21468	0.01363	0.02631	0.06429	0.03136	0.00635	0.06082	0.00152	0.02382	0.00399	0.00263	0.00521
4	0.00503	0.00361	0.00425	0.00447	0.00523	0.00322	0.00314	0.00586	0.00786	0.04241	0.10137	0.34876	0.35466	0.08591	0.00571	0.00153	0.00215	0.00830	0.00341	0.00313
5	0.00591	0.00483	0.00607	0.00587	0.00618	0.02814	0.00429	0.00658	0.00603	0.00829	0.01167	0.11919	0.03727	0.31556	0.24294	0.00342	0.16222	0.02027	0.00223	0.00303
6	0.87066	0.00713	0.00548	0.00491	0.00718	0.00827	0.00403	0.01105	0.03091	0.01645	0.00540	0.00619	0.00419	0.00346	0.00232	0.00114	0.00284	0.00205	0.00232	0.00403
7	0.01057	0.20165	0.07641	0.05785	0.21222	0.18997	0.07136	0.11614	0.00965	0.01185	0.00649	0.00783	0.00524	0.00352	0.00333	0.00102	0.00495	0.00284	0.00199	0.00511
8	0.06397	0.03259	0.06124	0.11520	0.08159	0.04176	0.23155	0.01064	0.00753	0.05120	0.00718	0.02635	0.00605	0.03976	0.01977	0.00144	0.19207	0.00362	0.00195	0.00453
9	0.00515	0.00354	0.00429	0.00462	0.00480	0.00347	0.00299	0.00554	0.00623	0.00824	0.01541	0.25712	0.03538	0.51797	0.01298	0.00273	0.00311	0.10113	0.00271	0.00259
10	0.00797	0.00804	0.05993	0.14536	0.08872	0.05811	0.15731	0.06458	0.04258	0.01206	0.04063	0.09721	0.02492	0.00537	0.00395	0.00123	0.00421	0.09266	0.08076	0.00442
11	0.00687	0.00569	0.00667	0.00623	0.00724	0.04946	0.02500	0.03592	0.12312	0.02762	0.14172	0.12698	0.08176	0.11799	0.12188	0.00221	0.06246	0.04441	0.00300	0.00378
12	0.00743	0.00708	0.01201	0.65968	0.14845	0.00834	0.05002	0.01020	0.04160	0.01014	0.00697	0.00985	0.00533	0.00364	0.00370	0.00121	0.00480	0.00335	0.00176	0.00446
13	0.02717	0.00721	0.00834	0.00637	0.00922	0.00665	0.00515	0.21898	0.03204	0.18169	0.01068	0.04528	0.04134	0.00420	0.00332	0.00090	0.00308	0.00337	0.00317	0.38185
14	0.05177	0.00808	0.04146	0.00738	0.02908	0.01871	0.00603	0.26532	0.06311	0.28973	0.07944	0.01194	0.01980	0.00481	0.01326	0.00114	0.00346	0.00363	0.00364	0.07821
15	0.00858	0.40094	0.30290	0.00830	0.04364	0.01069	0.00867	0.04416	0.00783	0.01032	0.00688	0.04936	0.00611	0.00443	0.00375	0.05660	0.00432	0.01597	0.00178	0.00476
16	0.00694	0.00653	0.01102	0.86210	0.02530	0.00816	0.01020	0.00938	0.00734	0.00938	0.00653	0.00979	0.00490	0.00367	0.00367	0.00122	0.00490	0.00326	0.00163	0.00408
17	0.08237	0.00774	0.00905	0.00737	0.03121	0.00788	0.00586	0.31030	0.04491	0.38664	0.01184	0.01107	0.02204	0.00446	0.00354	0.00112	0.00338	0.00349	0.03986	0.00588
18	0.12729	0.00894	0.00875	0.00935	0.15322	0.19693	0.00618	0.02159	0.08569	0.13285	0.14790	0.01366	0.06283	0.00482	0.00356	0.00111	0.00377	0.00387	0.00295	0.00474
19	0.00860	0.00822	0.01402	0.21497	0.65945	0.00860	0.01103	0.01084	0.00813	0.01140	0.00682	0.00925	0.00561	0.00336	0.00364	0.00112	0.00449	0.00327	0.00178	0.00542
20	0.00921	0.00844	0.01335	0.04411	0.65990	0.02990	0.00998	0.02622	0.00859	0.04592	0.00865	0.01036	0.04650	0.00363	0.00361	0.00107	0.00416	0.00341	0.00206	0.06094
21	0.00527	0.00378	0.00466	0.05774	0.00584	0.00384	0.00315	0.00581	0.00634	0.00844	0.08545	0.07916	0.09373	0.53667	0.08238	0.00304	0.00374	0.00577	0.00251	0.00267
22	0.00863	0.00822	0.01391	0.09474	0.72361	0.00834	0.01067	0.01078	0.00834	0.01179	0.03403	0.01054	0.03278	0.00363	0.00368	0.00111	0.00425	0.00352	0.00192	0.00551
23	0.06247	0.02917	0.00946	0.00832	0.06184	0.15492	0.01281	0.23505	0.03774	0.13794	0.02271	0.02760	0.00806	0.00507	0.00419	0.04726	0.01355	0.05104	0.02731	0.04347
24	0.03223	0.00741	0.01101	0.28208	0.23774	0.02793	0.00871	0.04143	0.00785	0.01095	0.05970	0.02678	0.02491	0.03776	0.00584	0.00134	0.16612	0.00371	0.00202	0.00447
25	0.10071	0.00709	0.01735	0.10525	0.02734	0.07534	0.03904	0.07460	0.02182	0.04746	0.06633	0.07610	0.01963	0.08949	0.03604	0.00151	0.01942	0.02190	0.04515	0.10841
26	0.00779	0.01582	0.02417	0.00653	0.02300	0.00634	0.02722	0.12200	0.18954	0.02902	0.05431	0.15301	0.13691	0.00665	0.00403	0.00121	0.01959	0.03647	0.11778	0.01862
27	0.00706	0.12794	0.01565	0.00587	0.03373	0.00624	0.00461	0.05624	0.00843	0.02672	0.05368	0.08136	0.27624	0.00675	0.02724	0.00116	0.03777	0.00498	0.02070	0.19763
28	0.00870	0.42170	0.17347	0.00738	0.01044	0.04885	0.02154	0.01108	0.05960	0.01005	0.02298	0.00989	0.01766	0.02074	0.04762	0.00127	0.02307	0.03442	0.00192	0.04761
29	0.00479	0.00340	0.00434	0.00491	0.00521	0.00322	0.00332	0.00544	0.00701	0.00932	0.06156	0.55151	0.05833	0.19179	0.00763	0.00191	0.00249	0.06774	0.00319	0.00288

[dist]
# distance from previous block
# <min> <max>
0	15

# created by:
# /home/simao/soft/augustus-3.0.3/scripts/msa2prfl.pl ./prep/87828.aln
