[name]
unknown

[dist]
# distance from previous block
# <min> <max>
0	81

[block]
# block no. 0 follows, 74 sequences, length 16
# corresponding to MSA columns:
# 97-112
name=unknown_A
#
# <colnr> <probs for GDERKNQSTAVLIFYWHMCP>
#	G	D	E	R	K	N	Q	S	T	A	V	L	I	F	Y	W	H	M	C	P
0	0.00599	0.00431	0.00603	0.10799	0.00898	0.00436	0.00546	0.00742	0.00812	0.04228	0.03389	0.23283	0.09795	0.02505	0.00498	0.00156	0.00312	0.39296	0.00325	0.00347
1	0.00533	0.00386	0.00539	0.00539	0.00585	0.00433	0.00392	0.00626	0.00579	0.00819	0.01047	0.01751	0.01055	0.28180	0.60262	0.00525	0.00803	0.00441	0.00207	0.00299
2	0.00924	0.00750	0.01052	0.34643	0.01624	0.02689	0.02978	0.10915	0.00877	0.09666	0.00773	0.02570	0.00606	0.00474	0.01845	0.00126	0.14580	0.00335	0.00232	0.12342
3	0.01013	0.00992	0.03568	0.03584	0.01178	0.14058	0.11639	0.12925	0.25230	0.03422	0.02632	0.05459	0.00904	0.00501	0.00464	0.00123	0.08612	0.01646	0.01543	0.00509
4	0.01365	0.01017	0.01088	0.00845	0.01133	0.01129	0.00694	0.75684	0.09539	0.02265	0.00950	0.00938	0.00679	0.00451	0.00372	0.00113	0.00398	0.00342	0.00372	0.00627
5	0.01212	0.00941	0.01002	0.00814	0.01075	0.01058	0.00657	0.50144	0.35328	0.02018	0.01144	0.01093	0.00836	0.00469	0.00374	0.00117	0.00362	0.00369	0.00374	0.00613
6	0.00874	0.00994	0.02148	0.01541	0.01902	0.00947	0.80019	0.01177	0.00864	0.01177	0.00740	0.00994	0.00560	0.00326	0.00469	0.00127	0.04024	0.00434	0.00187	0.00497
7	0.00749	0.00583	0.00895	0.12872	0.20525	0.00637	0.00687	0.02188	0.00728	0.06478	0.00965	0.05802	0.00889	0.10787	0.26189	0.00290	0.04783	0.00415	0.03120	0.00418
8	0.00786	0.00783	0.03727	0.55121	0.23569	0.00855	0.05694	0.03098	0.00803	0.01072	0.00681	0.00964	0.00525	0.00359	0.00373	0.00120	0.00488	0.00335	0.00176	0.00472
9	0.00747	0.00721	0.04683	0.00681	0.00770	0.12567	0.00534	0.02399	0.00740	0.04266	0.02200	0.23883	0.01306	0.14920	0.12864	0.00238	0.13047	0.02821	0.00253	0.00360
10	0.00640	0.00324	0.00480	0.00480	0.00480	0.00324	0.00318	0.00486	0.00486	0.00648	0.00670	0.01192	0.00679	0.05488	0.01472	0.84846	0.00324	0.00333	0.00164	0.00164
11	0.01022	0.00804	0.00892	0.06318	0.01070	0.00894	0.00625	0.35189	0.27865	0.01731	0.01485	0.04506	0.09859	0.00572	0.00393	0.00123	0.00343	0.05414	0.00354	0.00540
12	0.00538	0.00367	0.00441	0.00441	0.00454	0.00380	0.00270	0.00563	0.00551	0.00747	0.01136	0.02244	0.01269	0.70933	0.17802	0.00405	0.00481	0.00513	0.00220	0.00245
13	0.01064	0.02137	0.04279	0.04866	0.12711	0.04752	0.02002	0.20509	0.32293	0.05541	0.01090	0.02327	0.00828	0.00449	0.00383	0.00117	0.01754	0.00369	0.00314	0.02217
14	0.01038	0.12967	0.08454	0.02247	0.07678	0.06471	0.03145	0.22825	0.02214	0.02981	0.02375	0.00854	0.00622	0.00385	0.00382	0.00099	0.05562	0.00291	0.00246	0.19163
15	0.02705	0.07302	0.47217	0.01033	0.06296	0.00858	0.06544	0.03848	0.02408	0.14193	0.00807	0.00878	0.00572	0.00366	0.00351	0.00112	0.00478	0.00300	0.00222	0.03511

[dist]
# distance from previous block
# <min> <max>
0	1

[block]
# block no. 1 follows, 74 sequences, length 19
# corresponding to MSA columns:
# 114-132
name=unknown_B
#
# <colnr> <probs for GDERKNQSTAVLIFYWHMCP>
#	G	D	E	R	K	N	Q	S	T	A	V	L	I	F	Y	W	H	M	C	P
0	0.01856	0.11108	0.22839	0.07207	0.04480	0.02800	0.21069	0.07665	0.06498	0.04827	0.02694	0.00947	0.00646	0.00381	0.00396	0.00116	0.03393	0.00340	0.00218	0.00519
1	0.00462	0.00336	0.00439	0.00510	0.00546	0.00308	0.00344	0.00534	0.00729	0.00975	0.04844	0.78229	0.05920	0.01118	0.00466	0.00146	0.00214	0.01010	0.00344	0.02526
2	0.01908	0.03435	0.08494	0.11257	0.05527	0.03774	0.14058	0.08511	0.06684	0.22054	0.01109	0.04674	0.02729	0.00452	0.00381	0.00118	0.00426	0.01784	0.02099	0.00526
3	0.00960	0.11603	0.16598	0.15452	0.08523	0.03746	0.09088	0.08526	0.03599	0.09585	0.02061	0.02744	0.02601	0.00415	0.00386	0.00115	0.02905	0.00349	0.00233	0.00511
4	0.00706	0.00519	0.00762	0.08002	0.12239	0.00521	0.02675	0.02601	0.02720	0.08696	0.02882	0.37615	0.07918	0.02310	0.01631	0.00146	0.01702	0.05642	0.00309	0.00403
5	0.00721	0.00680	0.01150	0.78248	0.10213	0.00830	0.01041	0.00966	0.00752	0.00973	0.00663	0.00983	0.00503	0.00367	0.00371	0.00122	0.00490	0.00330	0.00167	0.00429
6	0.00954	0.02613	0.15936	0.08312	0.07081	0.02644	0.03689	0.07936	0.02164	0.18091	0.08106	0.09780	0.04211	0.00587	0.02654	0.00131	0.00396	0.00449	0.03772	0.00494
7	0.01064	0.10430	0.22621	0.01223	0.20900	0.11311	0.03014	0.10653	0.02678	0.09725	0.00798	0.00928	0.00613	0.00384	0.00352	0.00110	0.00475	0.01939	0.00232	0.00549
8	0.02078	0.00688	0.00847	0.00709	0.00927	0.00717	0.03668	0.04537	0.32183	0.29754	0.03590	0.04199	0.06709	0.00538	0.00416	0.00122	0.03878	0.00444	0.03447	0.00549
9	0.01363	0.01730	0.01055	0.00957	0.01140	0.82021	0.00721	0.01458	0.01032	0.00908	0.00570	0.00675	0.00478	0.00393	0.00371	0.00098	0.04165	0.00243	0.00190	0.00429
10	0.00984	0.00800	0.11194	0.15609	0.07998	0.00681	0.05296	0.05077	0.04517	0.23463	0.02900	0.10742	0.04767	0.00607	0.03557	0.00140	0.00411	0.00455	0.00298	0.00503
11	0.00815	0.01992	0.05528	0.14265	0.34033	0.02666	0.02963	0.01006	0.00819	0.05993	0.05588	0.13935	0.03178	0.02724	0.00450	0.00127	0.02734	0.00472	0.00236	0.00477
12	0.09324	0.00532	0.00661	0.00564	0.00720	0.00524	0.00429	0.02726	0.00809	0.35179	0.03859	0.01604	0.01068	0.26256	0.12196	0.00252	0.02120	0.00417	0.00325	0.00437
13	0.00772	0.00574	0.00770	0.22332	0.03928	0.00610	0.00602	0.08425	0.06626	0.08548	0.16686	0.05396	0.18278	0.00674	0.02567	0.00133	0.00332	0.00526	0.01791	0.00430
14	0.02429	0.06715	0.17397	0.02929	0.07685	0.03202	0.11083	0.06093	0.03733	0.24320	0.03439	0.02249	0.01818	0.00419	0.00363	0.00113	0.00419	0.00361	0.04693	0.00539
15	0.00892	0.00825	0.02518	0.23193	0.27285	0.03849	0.07200	0.09134	0.03995	0.03974	0.03582	0.02352	0.05370	0.00471	0.01842	0.00126	0.02274	0.00386	0.00232	0.00501
16	0.00768	0.00531	0.00714	0.04455	0.00816	0.00558	0.02594	0.03872	0.00876	0.14041	0.18795	0.08031	0.20210	0.02551	0.06755	0.00167	0.12968	0.00571	0.00325	0.00403
17	0.17592	0.00918	0.13055	0.08900	0.12629	0.04216	0.06188	0.06147	0.01967	0.07278	0.06624	0.04977	0.03528	0.00490	0.01799	0.00125	0.00408	0.00378	0.02304	0.00477
18	0.02966	0.06779	0.21690	0.05496	0.06736	0.02478	0.06443	0.09119	0.04152	0.21319	0.05180	0.01050	0.00790	0.00412	0.00374	0.00113	0.01810	0.00340	0.00279	0.02477

[dist]
# distance from previous block
# <min> <max>
3	54

[block]
# block no. 2 follows, 74 sequences, length 16
# corresponding to MSA columns:
# 193-208
name=unknown_C
#
# <colnr> <probs for GDERKNQSTAVLIFYWHMCP>
#	G	D	E	R	K	N	Q	S	T	A	V	L	I	F	Y	W	H	M	C	P
0	0.04395	0.03107	0.08774	0.11355	0.06355	0.11310	0.05289	0.09490	0.05206	0.13115	0.07728	0.02230	0.02266	0.00489	0.02247	0.00122	0.00435	0.00362	0.00274	0.05451
1	0.01786	0.14259	0.23140	0.03647	0.09191	0.04333	0.01620	0.02878	0.03897	0.05677	0.01064	0.15847	0.02086	0.02650	0.01570	0.00129	0.00417	0.03406	0.00237	0.02165
2	0.00920	0.02828	0.09610	0.02148	0.08880	0.01852	0.04198	0.09116	0.09383	0.12726	0.09940	0.04328	0.11724	0.00522	0.00377	0.00111	0.00343	0.00445	0.00309	0.10240
3	0.00738	0.10134	0.08428	0.00707	0.02928	0.03358	0.03689	0.03351	0.04253	0.03278	0.10775	0.10307	0.08500	0.12696	0.02425	0.00164	0.06195	0.04112	0.00268	0.03695
4	0.00608	0.00439	0.00491	0.00461	0.00530	0.01868	0.00305	0.00667	0.00637	0.00911	0.01168	0.09640	0.01264	0.49947	0.01242	0.00248	0.02208	0.02633	0.10392	0.14344
5	0.00469	0.00340	0.00453	0.00518	0.00555	0.00322	0.00355	0.00548	0.00726	0.00979	0.06890	0.71422	0.04029	0.01249	0.07391	0.00183	0.00277	0.00957	0.00334	0.02002
6	0.01020	0.01122	0.16326	0.00917	0.04166	0.06419	0.02610	0.18498	0.41693	0.01584	0.01123	0.01102	0.00834	0.00446	0.00370	0.00119	0.00401	0.00361	0.00313	0.00577
7	0.00850	0.00662	0.04962	0.05477	0.00952	0.00574	0.00555	0.04266	0.05729	0.12906	0.16538	0.06996	0.01384	0.00533	0.00403	0.00105	0.03927	0.04783	0.00309	0.28088
8	0.00996	0.18647	0.30889	0.00893	0.01240	0.05253	0.02654	0.13461	0.04159	0.06501	0.00773	0.00856	0.01722	0.00414	0.00432	0.00113	0.09954	0.00294	0.00222	0.00527
9	0.00755	0.06486	0.73647	0.07958	0.01648	0.00892	0.01303	0.01153	0.00779	0.01140	0.00657	0.00790	0.00473	0.00352	0.00348	0.00116	0.00536	0.00275	0.00158	0.00534
10	0.00730	0.01754	0.74944	0.01017	0.01505	0.00840	0.01276	0.01123	0.00760	0.01139	0.00686	0.00840	0.00508	0.00562	0.07319	0.00158	0.03866	0.00286	0.00160	0.00525
11	0.00688	0.05427	0.00799	0.15030	0.06244	0.00585	0.02422	0.04500	0.01733	0.04172	0.04648	0.30479	0.03085	0.10859	0.00592	0.00157	0.01334	0.03190	0.03676	0.00380
12	0.00760	0.02150	0.03013	0.06097	0.18916	0.00621	0.02528	0.01871	0.08700	0.07181	0.18576	0.11291	0.09818	0.03930	0.00476	0.00131	0.01762	0.01427	0.00305	0.00448
13	0.00501	0.00374	0.00471	0.00529	0.00577	0.00366	0.00367	0.00652	0.07496	0.00994	0.02063	0.63157	0.09094	0.04602	0.04137	0.00175	0.00262	0.03522	0.00336	0.00325
14	0.00540	0.00391	0.00525	0.03785	0.00644	0.00374	0.02996	0.00675	0.00859	0.01209	0.34488	0.22881	0.09282	0.07513	0.00537	0.00142	0.00229	0.01836	0.10761	0.00332
15	0.00943	0.07799	0.04323	0.21394	0.19054	0.12974	0.04842	0.03307	0.03828	0.05834	0.08216	0.01137	0.00864	0.00420	0.00380	0.00113	0.01869	0.01992	0.00228	0.00484

[dist]
# distance from previous block
# <min> <max>
3	6

[block]
# block no. 3 follows, 74 sequences, length 11
# corresponding to MSA columns:
# 215-222,225-227
name=unknown_D
#
# <colnr> <probs for GDERKNQSTAVLIFYWHMCP>
#	G	D	E	R	K	N	Q	S	T	A	V	L	I	F	Y	W	H	M	C	P
0	0.00737	0.03122	0.18340	0.12401	0.14744	0.00716	0.06438	0.03770	0.03546	0.01202	0.11285	0.07451	0.04478	0.03506	0.01790	0.00134	0.00409	0.00447	0.05025	0.00459
1	0.00885	0.05607	0.07707	0.11686	0.26326	0.06762	0.15496	0.01143	0.04135	0.03269	0.00834	0.03857	0.00714	0.00476	0.02423	0.00131	0.03803	0.04042	0.00206	0.00499
2	0.04186	0.00428	0.00520	0.00524	0.00626	0.00410	0.00387	0.00838	0.06918	0.10377	0.14799	0.37563	0.13771	0.00888	0.00432	0.00134	0.00229	0.04157	0.02436	0.00375
3	0.03966	0.00567	0.00897	0.13872	0.05525	0.00574	0.13533	0.00833	0.04019	0.01084	0.03559	0.21250	0.16655	0.02770	0.00464	0.00140	0.00351	0.09277	0.00279	0.00385
4	0.03984	0.13982	0.18590	0.12434	0.06160	0.00935	0.12967	0.04353	0.09998	0.04486	0.06465	0.01041	0.00795	0.00399	0.00371	0.00115	0.01850	0.00345	0.00228	0.00504
5	0.00648	0.00489	0.05039	0.00505	0.00600	0.00416	0.00376	0.00780	0.05380	0.08871	0.04310	0.20904	0.12978	0.34193	0.00991	0.00219	0.00297	0.00650	0.02016	0.00336
6	0.15426	0.00569	0.00659	0.00611	0.05232	0.00566	0.00453	0.06422	0.00926	0.27227	0.06826	0.01259	0.00987	0.00444	0.00315	0.00105	0.00265	0.00352	0.30882	0.00474
7	0.08053	0.17272	0.06506	0.09184	0.10330	0.12063	0.09958	0.07715	0.00893	0.03890	0.02360	0.00928	0.03064	0.00407	0.00395	0.01213	0.04762	0.00313	0.00212	0.00480
8	0.00866	0.04164	0.03428	0.12359	0.14122	0.00813	0.00746	0.08526	0.03782	0.06936	0.04462	0.01455	0.01863	0.10952	0.02863	0.00168	0.15866	0.05930	0.00246	0.00453
9	0.00527	0.00355	0.00437	0.00466	0.00490	0.00355	0.00305	0.00581	0.00629	0.00871	0.01451	0.27401	0.01640	0.42170	0.10010	0.00293	0.00368	0.04372	0.07005	0.00273
10	0.04876	0.03636	0.10246	0.09636	0.31440	0.13317	0.07718	0.05658	0.03187	0.02600	0.00757	0.03896	0.00625	0.00386	0.00362	0.00113	0.00482	0.00339	0.00208	0.00518

[dist]
# distance from previous block
# <min> <max>
0	2

[block]
# block no. 4 follows, 74 sequences, length 6
# corresponding to MSA columns:
# 230-235
name=unknown_E
#
# <colnr> <probs for GDERKNQSTAVLIFYWHMCP>
#	G	D	E	R	K	N	Q	S	T	A	V	L	I	F	Y	W	H	M	C	P
0	0.00543	0.00398	0.00564	0.00599	0.00667	0.00382	0.03653	0.00651	0.00781	0.01030	0.07709	0.31476	0.07377	0.06397	0.00622	0.04835	0.00289	0.31384	0.00325	0.00316
1	0.00767	0.00636	0.00746	0.00556	0.00847	0.00505	0.00438	0.00957	0.05997	0.01177	0.00712	0.00843	0.00596	0.00387	0.00395	0.08682	0.00281	0.00242	0.00224	0.75011
2	0.00876	0.02998	0.06223	0.16013	0.10160	0.00802	0.00738	0.04745	0.29068	0.05684	0.01206	0.04066	0.05112	0.00462	0.00365	0.00114	0.00359	0.00391	0.00284	0.10334
3	0.02626	0.03517	0.20475	0.00815	0.01102	0.08410	0.05876	0.17414	0.02254	0.06404	0.04416	0.07169	0.02777	0.00545	0.02362	0.00125	0.00428	0.02505	0.08487	0.02292
4	0.00611	0.00515	0.03683	0.00531	0.00663	0.00469	0.00425	0.04496	0.10906	0.01473	0.59743	0.02531	0.11073	0.00718	0.00425	0.00118	0.00215	0.00623	0.00388	0.00394
5	0.00694	0.03328	0.03536	0.24109	0.16210	0.00645	0.00725	0.00918	0.03953	0.03029	0.17711	0.06081	0.12997	0.00579	0.00395	0.00120	0.00343	0.02284	0.01915	0.00427

[dist]
# distance from previous block
# <min> <max>
0	2

[block]
# block no. 5 follows, 74 sequences, length 48
# corresponding to MSA columns:
# 238-256,258-263,270-292
name=unknown_F
#
# <colnr> <probs for GDERKNQSTAVLIFYWHMCP>
#	G	D	E	R	K	N	Q	S	T	A	V	L	I	F	Y	W	H	M	C	P
0	0.24363	0.00639	0.00749	0.00606	0.00849	0.00622	0.00492	0.04929	0.00925	0.51023	0.01144	0.03219	0.00790	0.00512	0.00424	0.07167	0.00310	0.00340	0.00370	0.00526
1	0.00937	0.00804	0.00847	0.00758	0.00970	0.00930	0.00591	0.04275	0.81644	0.01575	0.01493	0.01371	0.01119	0.00502	0.00378	0.00125	0.00297	0.00417	0.00378	0.00589
2	0.02726	0.00661	0.00851	0.00659	0.00932	0.00607	0.00542	0.11462	0.01118	0.68033	0.01366	0.01219	0.00880	0.00454	0.00363	0.00112	0.00316	0.00364	0.06725	0.00608
3	0.00657	0.00420	0.00473	0.00457	0.00570	0.00391	0.00334	0.00824	0.06736	0.10129	0.05231	0.15148	0.33498	0.10405	0.00569	0.00148	0.00230	0.00662	0.12756	0.00361
4	0.00951	0.00770	0.01136	0.00917	0.01129	0.01814	0.19057	0.14771	0.10315	0.09264	0.07643	0.01785	0.05573	0.00584	0.00511	0.00132	0.09912	0.12937	0.00311	0.00487
5	0.00535	0.00378	0.00495	0.00495	0.00527	0.00409	0.00338	0.00598	0.00567	0.00787	0.01087	0.01970	0.01150	0.47194	0.41378	0.00472	0.00660	0.00473	0.00213	0.00275
6	0.00505	0.00350	0.00415	0.00441	0.00460	0.00338	0.00272	0.00539	0.00634	0.00842	0.05074	0.29429	0.06822	0.50763	0.01289	0.00269	0.00296	0.00725	0.00278	0.00260
7	0.00811	0.00774	0.01306	0.41745	0.42395	0.00866	0.01074	0.01039	0.00785	0.01075	0.00671	0.00948	0.00540	0.00363	0.00405	0.00119	0.04083	0.00330	0.00174	0.00497
8	0.00727	0.00687	0.01161	0.75903	0.12511	0.00832	0.01044	0.00972	0.00755	0.00980	0.00664	0.00981	0.00506	0.00366	0.00371	0.00122	0.00488	0.00330	0.00167	0.00434
9	0.00589	0.00370	0.00430	0.00426	0.00443	0.00364	0.00250	0.00601	0.00579	0.04935	0.01254	0.09078	0.01416	0.75816	0.01701	0.00331	0.00346	0.00572	0.00246	0.00251
10	0.00565	0.00440	0.00568	0.00565	0.00620	0.03621	0.00417	0.00665	0.00600	0.00830	0.01020	0.01657	0.01010	0.22526	0.62601	0.00522	0.00833	0.00425	0.00205	0.00310
11	0.00456	0.00333	0.00430	0.00499	0.00536	0.00306	0.00339	0.00532	0.00750	0.00994	0.08493	0.71836	0.10910	0.01109	0.00467	0.00146	0.00209	0.00998	0.00349	0.00306
12	0.00883	0.00946	0.09129	0.11193	0.01163	0.13131	0.00696	0.08472	0.22871	0.01296	0.11467	0.01342	0.01124	0.04165	0.08676	0.00174	0.02132	0.00393	0.00278	0.00471
13	0.01264	0.01561	0.02332	0.00977	0.04228	0.67533	0.00724	0.01396	0.04473	0.00937	0.00617	0.00743	0.00519	0.00448	0.00453	0.04545	0.06366	0.00261	0.00195	0.00430
14	0.01349	0.00998	0.01073	0.00831	0.01114	0.01103	0.00683	0.76220	0.04799	0.02267	0.05080	0.01004	0.00793	0.00463	0.00375	0.00112	0.00393	0.00354	0.00373	0.00616
15	0.00657	0.00487	0.00579	0.00511	0.00663	0.00452	0.00390	0.02631	0.09416	0.02645	0.40485	0.06972	0.05750	0.00628	0.00383	0.00105	0.00216	0.00542	0.08863	0.17624
16	0.00637	0.00459	0.00614	0.00674	0.00771	0.00463	0.00578	0.06226	0.00903	0.01178	0.01952	0.09676	0.04461	0.00994	0.00498	0.00164	0.00333	0.68715	0.00344	0.00357
17	0.00893	0.21561	0.22997	0.00900	0.02498	0.02087	0.07450	0.01460	0.32205	0.01239	0.00952	0.00985	0.00732	0.00404	0.00358	0.00113	0.02056	0.00326	0.00244	0.00539
18	0.00549	0.00421	0.00576	0.00570	0.00636	0.00475	0.00430	0.00703	0.04780	0.00906	0.02524	0.06335	0.08146	0.12299	0.55440	0.00459	0.03702	0.00485	0.00233	0.00331
19	0.00892	0.06986	0.03412	0.00866	0.00996	0.01048	0.00738	0.11012	0.02532	0.01140	0.00593	0.00811	0.00527	0.00530	0.00854	0.00131	0.51842	0.00301	0.00201	0.14588
20	0.03612	0.00636	0.00736	0.00540	0.00845	0.00493	0.00431	0.00942	0.00791	0.04226	0.04104	0.01000	0.04859	0.00336	0.00291	0.00065	0.00269	0.00270	0.00242	0.75314
21	0.00915	0.00865	0.01370	0.18919	0.44024	0.04168	0.08467	0.03089	0.08978	0.03318	0.00797	0.00991	0.00629	0.00391	0.01395	0.00121	0.00466	0.00347	0.00211	0.00537
22	0.00908	0.08639	0.18565	0.00851	0.04579	0.12598	0.00764	0.09212	0.14319	0.02278	0.01272	0.04588	0.09857	0.00626	0.04137	0.00138	0.01453	0.04468	0.00262	0.00487
23	0.00471	0.00380	0.00432	0.00458	0.01585	0.00333	0.00338	0.00580	0.00853	0.01066	0.13073	0.14981	0.54927	0.00949	0.00449	0.00132	0.00207	0.08114	0.00350	0.00322
24	0.00568	0.00422	0.00556	0.01651	0.00678	0.00427	0.00462	0.04284	0.00844	0.01129	0.13478	0.34020	0.06572	0.02447	0.02659	0.00164	0.03502	0.25459	0.00339	0.00340
25	0.00694	0.00551	0.00810	0.06956	0.15171	0.00583	0.00622	0.00850	0.02652	0.04986	0.09034	0.25617	0.01550	0.01975	0.05982	0.01208	0.09126	0.07048	0.00279	0.04306
26	0.00978	0.00741	0.00805	0.00705	0.00919	0.00820	0.00553	0.04189	0.62055	0.09801	0.03889	0.01373	0.01131	0.00491	0.00367	0.00119	0.00287	0.00407	0.06064	0.04306
27	0.02798	0.00492	0.00548	0.00485	0.00639	0.00490	0.00380	0.05063	0.09330	0.17675	0.06745	0.01539	0.06049	0.00495	0.00320	0.00102	0.00228	0.00402	0.45780	0.00439
28	0.00596	0.00390	0.00484	0.00496	0.00582	0.00358	0.00361	0.00710	0.02162	0.08747	0.14948	0.32460	0.21732	0.07754	0.00564	0.00154	0.00234	0.06568	0.00356	0.00343
29	0.00541	0.00369	0.00463	0.00463	0.00481	0.00388	0.00297	0.00573	0.00554	0.00757	0.01100	0.02103	0.01203	0.59711	0.25745	0.03753	0.00540	0.00491	0.00215	0.00253
30	0.00474	0.00336	0.00436	0.00502	0.00528	0.00318	0.00336	0.00539	0.00709	0.00947	0.05957	0.65574	0.03503	0.13995	0.00685	0.00181	0.00240	0.04115	0.00330	0.00294
31	0.11499	0.00673	0.00841	0.00657	0.00935	0.00630	0.00541	0.06745	0.04287	0.67226	0.01325	0.01171	0.00851	0.00447	0.00357	0.00115	0.00317	0.00353	0.00425	0.00604
32	0.03100	0.00581	0.00635	0.00560	0.00729	0.00612	0.00444	0.11815	0.18271	0.12912	0.01288	0.01425	0.00990	0.00480	0.00326	0.00107	0.00259	0.04438	0.40556	0.00473
33	0.00919	0.00882	0.01507	0.02278	0.84640	0.00882	0.01139	0.01139	0.00845	0.01213	0.00698	0.00919	0.00588	0.00331	0.00367	0.00110	0.00441	0.00331	0.00184	0.00588
34	0.00979	0.00649	0.00753	0.00638	0.00831	0.00672	0.00505	0.17485	0.20407	0.15615	0.30813	0.01867	0.05992	0.00597	0.00400	0.00118	0.00273	0.00502	0.00399	0.00506
35	0.00814	0.25699	0.61859	0.00940	0.01424	0.01031	0.01166	0.01158	0.00775	0.01091	0.00624	0.00731	0.00472	0.00343	0.00321	0.00107	0.00506	0.00253	0.00157	0.00528
36	0.13846	0.01588	0.32017	0.00902	0.01227	0.36504	0.00895	0.01283	0.00879	0.03227	0.00679	0.04070	0.00552	0.00398	0.00333	0.00109	0.00543	0.00282	0.00197	0.00470
37	0.00611	0.00444	0.00587	0.03077	0.00633	0.00505	0.00402	0.00672	0.00583	0.03478	0.01028	0.01861	0.01079	0.45833	0.26853	0.00392	0.10989	0.00459	0.00215	0.00297
38	0.00856	0.00857	0.00714	0.00665	0.00771	0.27659	0.00487	0.00939	0.00753	0.02761	0.00922	0.01524	0.00916	0.26979	0.21435	0.00298	0.02763	0.02987	0.00215	0.05498
39	0.00550	0.00419	0.00504	0.03207	0.00647	0.00393	0.00380	0.00713	0.04362	0.03150	0.22382	0.08230	0.34503	0.05297	0.04613	0.00161	0.00266	0.06905	0.00341	0.02976
40	0.10506	0.00928	0.01030	0.10722	0.06230	0.04509	0.00713	0.41411	0.07475	0.01781	0.00814	0.00889	0.00608	0.00416	0.00381	0.00111	0.03746	0.00313	0.00295	0.07121
41	0.00576	0.00444	0.00503	0.00491	0.00606	0.00419	0.00370	0.10147	0.00955	0.01230	0.16195	0.21129	0.39942	0.00905	0.00442	0.00130	0.00224	0.04577	0.00358	0.00355
42	0.04902	0.18566	0.11378	0.06337	0.07119	0.06003	0.01776	0.14439	0.09177	0.06325	0.01582	0.01001	0.04135	0.00424	0.00923	0.00109	0.00413	0.00316	0.00868	0.04207
43	0.01030	0.08957	0.08994	0.04464	0.09617	0.04563	0.30521	0.16782	0.01016	0.05328	0.00754	0.00905	0.00570	0.00371	0.00419	0.00116	0.04483	0.00351	0.00228	0.00531
44	0.00535	0.00362	0.00417	0.00419	0.00427	0.00364	0.00244	0.00547	0.00555	0.00741	0.01239	0.04421	0.03247	0.77526	0.07187	0.00365	0.00393	0.00549	0.00229	0.00236
45	0.01083	0.00568	0.00745	0.00610	0.00809	0.00533	0.02916	0.08946	0.03248	0.34386	0.31747	0.01878	0.05353	0.00583	0.00396	0.00115	0.00269	0.00497	0.04823	0.00496
46	0.13063	0.07382	0.15002	0.04745	0.20974	0.01669	0.08575	0.07844	0.03556	0.12549	0.00801	0.00897	0.00593	0.00368	0.00345	0.00113	0.00432	0.00312	0.00242	0.00540
47	0.06768	0.04411	0.01188	0.01282	0.26043	0.31684	0.03884	0.01346	0.04426	0.09581	0.01624	0.00952	0.00654	0.00398	0.00367	0.00108	0.02194	0.02354	0.00230	0.00503

[dist]
# distance from previous block
# <min> <max>
3	16

[block]
# block no. 6 follows, 74 sequences, length 39
# corresponding to MSA columns:
# 313-344,347-353
name=unknown_G
#
# <colnr> <probs for GDERKNQSTAVLIFYWHMCP>
#	G	D	E	R	K	N	Q	S	T	A	V	L	I	F	Y	W	H	M	C	P
0	0.04353	0.00741	0.03407	0.09917	0.12761	0.00728	0.00684	0.08936	0.15789	0.10830	0.03505	0.08886	0.01007	0.00496	0.00368	0.00113	0.00345	0.03287	0.00298	0.13552
1	0.00836	0.18584	0.48884	0.04509	0.02523	0.00974	0.04716	0.05261	0.03601	0.01188	0.00708	0.00823	0.00533	0.00358	0.00332	0.00109	0.00483	0.00281	0.04774	0.00522
2	0.00915	0.18992	0.09143	0.03596	0.01156	0.00926	0.12710	0.07168	0.15861	0.07318	0.01317	0.03498	0.11561	0.00494	0.00389	0.00115	0.02758	0.01316	0.00270	0.00498
3	0.00458	0.00374	0.00405	0.00403	0.00515	0.00321	0.00300	0.00569	0.00885	0.01108	0.21514	0.07161	0.62875	0.00910	0.00440	0.00125	0.00186	0.00771	0.00359	0.00321
4	0.00456	0.00329	0.00425	0.00499	0.00528	0.00305	0.00333	0.00519	0.00713	0.00940	0.02141	0.75520	0.09140	0.05582	0.00544	0.00159	0.00221	0.01006	0.00338	0.00299
5	0.02592	0.16527	0.09426	0.01081	0.16521	0.09679	0.04203	0.10606	0.02098	0.22441	0.00875	0.00911	0.00637	0.00383	0.00342	0.00106	0.00435	0.00307	0.00272	0.00557
6	0.09760	0.00707	0.00693	0.00625	0.00780	0.12441	0.00476	0.05639	0.00784	0.01115	0.01023	0.15367	0.02089	0.05487	0.21347	0.00238	0.02606	0.00436	0.00242	0.18146
7	0.00744	0.01920	0.85032	0.01058	0.01607	0.00862	0.01371	0.01176	0.00784	0.01176	0.00666	0.00784	0.00470	0.00353	0.00353	0.00118	0.00549	0.00274	0.00157	0.00549
8	0.00532	0.00375	0.00456	0.00463	0.00498	0.00364	0.00294	0.00574	0.00607	0.00828	0.01346	0.24330	0.01542	0.50285	0.09271	0.00305	0.00376	0.00639	0.00253	0.06661
9	0.00595	0.01932	0.03500	0.02078	0.12122	0.00508	0.06309	0.00776	0.05624	0.01059	0.03742	0.49720	0.08809	0.00873	0.00438	0.00136	0.00294	0.00795	0.00304	0.00385
10	0.00466	0.00347	0.00433	0.00475	0.00534	0.00315	0.00332	0.00561	0.00816	0.01080	0.20726	0.50067	0.20441	0.01025	0.00458	0.00138	0.00200	0.00911	0.00359	0.00315
11	0.00702	0.00482	0.00583	0.00589	0.00704	0.00484	0.00469	0.08555	0.06958	0.05040	0.03919	0.21556	0.12001	0.00861	0.00438	0.00140	0.00275	0.26521	0.09335	0.00388
12	0.01991	0.01109	0.17174	0.01399	0.04438	0.00873	0.57511	0.01138	0.00847	0.01180	0.00837	0.04485	0.00691	0.00387	0.00422	0.00126	0.00572	0.04127	0.00196	0.00496
13	0.25053	0.00943	0.04778	0.01814	0.04499	0.02393	0.17916	0.27508	0.02471	0.05127	0.00862	0.00940	0.03284	0.00398	0.00348	0.00116	0.00421	0.00333	0.00276	0.00520
14	0.00484	0.00378	0.00448	0.00521	0.00557	0.03310	0.00353	0.00552	0.00733	0.00951	0.02129	0.77116	0.08857	0.01118	0.00466	0.00147	0.00229	0.01005	0.00339	0.00307
15	0.00965	0.04640	0.01194	0.32443	0.17891	0.20677	0.03056	0.02788	0.00867	0.04530	0.00750	0.05324	0.00632	0.00414	0.00381	0.00114	0.02326	0.00345	0.00201	0.00463
16	0.00542	0.00367	0.00455	0.00455	0.00472	0.00384	0.00288	0.00567	0.00551	0.00751	0.01103	0.02132	0.01214	0.62447	0.22356	0.04442	0.00514	0.00495	0.00216	0.00248
17	0.01070	0.01049	0.08921	0.00905	0.01135	0.14793	0.08583	0.05171	0.22065	0.13090	0.00992	0.01051	0.00748	0.00547	0.03624	0.00140	0.13440	0.00351	0.01810	0.00517
18	0.00485	0.00341	0.00439	0.00492	0.00511	0.00334	0.00321	0.00537	0.00650	0.00873	0.01692	0.54157	0.01990	0.26337	0.08838	0.00253	0.00330	0.00843	0.00296	0.00282
19	0.00867	0.23886	0.04053	0.00685	0.00904	0.00846	0.04305	0.01991	0.19783	0.08979	0.03961	0.15452	0.06765	0.00611	0.00371	0.00118	0.00328	0.05324	0.00301	0.00470
20	0.00622	0.00543	0.00537	0.00506	0.00611	0.10498	0.00379	0.00775	0.01007	0.01339	0.58076	0.02585	0.15710	0.00728	0.00418	0.00114	0.00236	0.00623	0.04340	0.00354
21	0.00781	0.00742	0.01072	0.26783	0.01432	0.00985	0.00835	0.00992	0.08418	0.00960	0.00643	0.00934	0.00557	0.00580	0.00893	0.04180	0.48279	0.00335	0.00183	0.00414
22	0.09287	0.01053	0.01061	0.00915	0.01011	0.23202	0.02963	0.04334	0.00763	0.01051	0.00559	0.00782	0.00500	0.00527	0.00808	0.00135	0.47264	0.00295	0.03069	0.00422
23	0.00853	0.00657	0.00778	0.00560	0.00886	0.00500	0.00450	0.01016	0.00797	0.09037	0.00735	0.00816	0.00584	0.00292	0.00284	0.00061	0.00279	0.00234	0.00242	0.80938
24	0.00560	0.00417	0.00545	0.00531	0.00560	0.00470	0.00374	0.00621	0.00576	0.00801	0.01125	0.01981	0.03417	0.44611	0.32218	0.00418	0.08622	0.01653	0.00215	0.00285
25	0.00737	0.00697	0.01179	0.72137	0.16200	0.00834	0.01049	0.00980	0.00759	0.00992	0.00666	0.00978	0.00510	0.00364	0.00370	0.00121	0.00486	0.00330	0.00168	0.00442
26	0.16688	0.00682	0.00777	0.00589	0.00887	0.00606	0.00480	0.05770	0.00887	0.26545	0.00890	0.00896	0.00639	0.00352	0.00302	0.00087	0.00297	0.00269	0.00302	0.42056
27	0.00473	0.00340	0.00439	0.00497	0.00532	0.00321	0.00337	0.00547	0.00733	0.00978	0.09727	0.59936	0.07881	0.10246	0.03378	0.00183	0.00253	0.02566	0.00333	0.00301
28	0.00728	0.01364	0.48632	0.01055	0.08056	0.00824	0.01091	0.01031	0.00728	0.01082	0.00741	0.01030	0.00617	0.00820	0.14511	0.00205	0.13626	0.03198	0.00173	0.00487
29	0.86910	0.00715	0.00555	0.00493	0.00725	0.00824	0.00406	0.01113	0.00645	0.04190	0.00546	0.00623	0.00418	0.00348	0.00234	0.00115	0.00288	0.00206	0.00237	0.00409
30	0.12057	0.00476	0.00549	0.00518	0.00602	0.00497	0.00368	0.00827	0.02261	0.11903	0.03645	0.18262	0.05749	0.33362	0.01014	0.00219	0.06485	0.00573	0.00289	0.00343
31	0.00538	0.00395	0.00484	0.00507	0.00551	0.00398	0.00351	0.00633	0.03633	0.02111	0.04118	0.35759	0.13033	0.26066	0.00918	0.00208	0.04906	0.04782	0.00304	0.00304
32	0.00486	0.00366	0.00457	0.00517	0.00587	0.00337	0.00391	0.00587	0.00789	0.01006	0.02543	0.40386	0.27137	0.01060	0.00473	0.00148	0.00240	0.21832	0.00344	0.00315
33	0.00899	0.54025	0.32434	0.00810	0.01214	0.01235	0.02702	0.01137	0.00768	0.00991	0.00576	0.00673	0.00476	0.00330	0.00285	0.00094	0.00458	0.00231	0.00159	0.00503
34	0.00473	0.00354	0.00431	0.00479	0.00539	0.00324	0.00340	0.00556	0.00767	0.00988	0.06732	0.43077	0.26579	0.08284	0.00584	0.00161	0.00229	0.08460	0.00338	0.00305
35	0.00877	0.00927	0.01586	0.08379	0.31228	0.07715	0.32069	0.01112	0.00858	0.01135	0.00891	0.05754	0.02975	0.00410	0.00403	0.00120	0.00512	0.02347	0.00201	0.00499
36	0.01176	0.00892	0.05457	0.04563	0.02478	0.07657	0.01647	0.12475	0.27596	0.23875	0.05881	0.01246	0.01006	0.00506	0.01742	0.00125	0.00379	0.00382	0.00356	0.00564
37	0.00581	0.00538	0.03277	0.31283	0.01322	0.00554	0.00639	0.00768	0.02180	0.01045	0.11034	0.11875	0.22615	0.00780	0.03437	0.00146	0.01977	0.05308	0.00273	0.00367
38	0.04024	0.00650	0.06916	0.00672	0.00853	0.00574	0.03993	0.11247	0.00916	0.16848	0.03592	0.20076	0.01319	0.04536	0.11086	0.00195	0.00410	0.05663	0.05990	0.00441

[dist]
# distance from previous block
# <min> <max>
1	48

[block]
# block no. 7 follows, 74 sequences, length 6
# corresponding to MSA columns:
# 403-408
name=unknown_H
#
# <colnr> <probs for GDERKNQSTAVLIFYWHMCP>
#	G	D	E	R	K	N	Q	S	T	A	V	L	I	F	Y	W	H	M	C	P
0	0.02398	0.08996	0.11787	0.00766	0.04156	0.12035	0.01792	0.07446	0.00924	0.02546	0.15065	0.04292	0.09310	0.04288	0.03343	0.00139	0.03351	0.03274	0.00266	0.03826
1	0.00955	0.22764	0.04719	0.00819	0.03703	0.19299	0.04417	0.08625	0.00957	0.01138	0.05755	0.04863	0.05444	0.00556	0.00367	0.00113	0.00436	0.14378	0.00250	0.00443
2	0.00853	0.00872	0.13664	0.04957	0.01080	0.03574	0.03211	0.05414	0.08464	0.08545	0.04907	0.12121	0.02788	0.00529	0.00417	0.00111	0.05291	0.02111	0.00275	0.20816
3	0.00972	0.18785	0.27124	0.03205	0.10710	0.11283	0.02911	0.05491	0.07556	0.04425	0.00758	0.00886	0.00597	0.03295	0.00387	0.00115	0.00478	0.00294	0.00208	0.00519
4	0.00701	0.00669	0.03902	0.35986	0.05979	0.00719	0.05444	0.04236	0.05063	0.01078	0.02968	0.10178	0.05330	0.00804	0.10405	0.00183	0.03192	0.02515	0.00228	0.00420
5	0.00502	0.00387	0.00466	0.00500	0.00581	0.00362	0.00370	0.00660	0.05597	0.01092	0.13724	0.34972	0.27904	0.00985	0.00457	0.00139	0.00221	0.10394	0.00355	0.00333

[dist]
# distance from previous block
# <min> <max>
0	3

[block]
# block no. 8 follows, 74 sequences, length 9
# corresponding to MSA columns:
# 412-417,419-421
name=unknown_I
#
# <colnr> <probs for GDERKNQSTAVLIFYWHMCP>
#	G	D	E	R	K	N	Q	S	T	A	V	L	I	F	Y	W	H	M	C	P
0	0.00787	0.00675	0.03991	0.32455	0.01503	0.00769	0.00784	0.06469	0.00764	0.07122	0.00807	0.01107	0.00662	0.01143	0.25823	0.00269	0.13889	0.00351	0.00210	0.00423
1	0.13126	0.09777	0.02710	0.05243	0.19082	0.03306	0.02386	0.03292	0.06556	0.10786	0.00782	0.00877	0.00606	0.00367	0.00355	0.00102	0.03815	0.00289	0.00241	0.16301
2	0.08759	0.09271	0.05258	0.10942	0.07241	0.07122	0.03878	0.09655	0.08930	0.04481	0.02332	0.03388	0.03687	0.00511	0.02321	0.00128	0.09196	0.00352	0.00244	0.02303
3	0.01201	0.00590	0.00723	0.00596	0.00817	0.00555	0.00481	0.07427	0.08725	0.43276	0.04775	0.01789	0.15927	0.00569	0.00380	0.00116	0.00280	0.02288	0.08958	0.00527
4	0.00877	0.21463	0.09066	0.19776	0.17354	0.04328	0.00907	0.03356	0.03702	0.01062	0.00712	0.01001	0.00612	0.00419	0.00435	0.00115	0.09810	0.04337	0.00189	0.00482
5	0.00888	0.21362	0.23552	0.10621	0.11212	0.05992	0.00934	0.02588	0.00826	0.04174	0.03739	0.01093	0.00730	0.00426	0.00388	0.00113	0.04879	0.05793	0.00200	0.00490
6	0.00611	0.00485	0.00669	0.07800	0.13821	0.00494	0.00491	0.00734	0.03613	0.00961	0.07084	0.05662	0.13909	0.32071	0.04300	0.03802	0.00360	0.02540	0.00254	0.00339
7	0.00472	0.00347	0.00434	0.00489	0.00536	0.00320	0.00340	0.00551	0.00752	0.00983	0.07606	0.53127	0.17348	0.08681	0.00593	0.00164	0.00229	0.06386	0.00338	0.00303
8	0.00988	0.12485	0.12927	0.08349	0.14476	0.07843	0.04918	0.07326	0.13416	0.07331	0.02619	0.04092	0.00775	0.00422	0.00357	0.00112	0.00435	0.00353	0.00249	0.00526

[dist]
# distance from previous block
# <min> <max>
0	2

[block]
# block no. 9 follows, 74 sequences, length 24
# corresponding to MSA columns:
# 424-436,455,456,461-469
name=unknown_J
#
# <colnr> <probs for GDERKNQSTAVLIFYWHMCP>
#	G	D	E	R	K	N	Q	S	T	A	V	L	I	F	Y	W	H	M	C	P
0	0.01190	0.00614	0.00746	0.00609	0.00827	0.00591	0.00486	0.11557	0.08808	0.37480	0.10331	0.02794	0.04143	0.03174	0.00413	0.00118	0.00286	0.00425	0.11403	0.04005
1	0.00648	0.00435	0.00615	0.04023	0.00729	0.00426	0.04712	0.01971	0.01685	0.08826	0.03486	0.39009	0.03151	0.20233	0.05604	0.00216	0.00340	0.03243	0.00307	0.00343
2	0.00554	0.00398	0.00519	0.00544	0.00609	0.01660	0.02420	0.00642	0.00766	0.04289	0.08084	0.46884	0.11380	0.06893	0.03500	0.02131	0.00280	0.07794	0.00330	0.00322
3	0.04029	0.00764	0.00817	0.00728	0.00929	0.00879	0.00571	0.09579	0.62357	0.01557	0.01356	0.01318	0.01033	0.00723	0.09059	0.00171	0.00373	0.00400	0.02805	0.00552
4	0.01008	0.83820	0.01910	0.00648	0.00960	0.04772	0.00638	0.01126	0.00766	0.00875	0.00518	0.00598	0.00476	0.00320	0.00242	0.00080	0.00408	0.00200	0.00160	0.00475
5	0.01166	0.00550	0.00712	0.00582	0.00790	0.00496	0.00467	0.06137	0.01077	0.45184	0.27811	0.01953	0.10250	0.00602	0.00400	0.00116	0.00264	0.00507	0.00426	0.00510
6	0.05720	0.00494	0.03946	0.00542	0.00664	0.00463	0.00439	0.03492	0.00809	0.05621	0.15441	0.12496	0.02920	0.01235	0.23341	0.00246	0.00445	0.03366	0.16306	0.02013
7	0.00492	0.00346	0.00440	0.00484	0.00506	0.00341	0.00316	0.00543	0.00641	0.00860	0.01658	0.45381	0.03851	0.31003	0.11148	0.00276	0.00358	0.00792	0.00286	0.00279
8	0.00518	0.00407	0.00556	0.00586	0.00619	0.00431	0.01522	0.00598	0.00717	0.00976	0.06967	0.59955	0.04762	0.03934	0.01696	0.00162	0.11532	0.03426	0.00317	0.00320
9	0.00636	0.00458	0.00597	0.00568	0.00641	0.00514	0.00424	0.09095	0.00708	0.01004	0.01030	0.01631	0.00998	0.23697	0.49676	0.00453	0.02253	0.00423	0.04857	0.00337
10	0.01097	0.00805	0.00885	0.00741	0.00988	0.00873	0.00589	0.16375	0.50285	0.12966	0.01314	0.01223	0.00960	0.00466	0.00366	0.00115	0.00315	0.00379	0.00373	0.08885
11	0.00848	0.00782	0.00807	0.00599	0.00914	0.09188	0.00475	0.02981	0.00822	0.01206	0.00657	0.00762	0.00544	0.00290	0.00283	0.00060	0.00318	0.00225	0.00221	0.78019
12	0.01296	0.00960	0.01044	0.00793	0.01096	0.01016	0.00653	0.66297	0.01549	0.03819	0.00860	0.00876	0.00622	0.00414	0.00353	0.00101	0.00382	0.00314	0.00345	0.17211
13	0.00858	0.00953	0.02009	0.01437	0.01802	0.00881	0.73051	0.01153	0.00869	0.01198	0.02538	0.01016	0.00625	0.00319	0.00421	0.00118	0.00580	0.00421	0.00196	0.09558
14	0.00479	0.00403	0.00426	0.00405	0.00545	0.00334	0.00305	0.00584	0.00847	0.01054	0.08770	0.06336	0.67444	0.00868	0.00423	0.00119	0.00197	0.00728	0.00336	0.09395
15	0.03613	0.00622	0.00796	0.00663	0.00890	0.00594	0.00539	0.05347	0.11539	0.51087	0.01414	0.02825	0.01051	0.00602	0.00475	0.07471	0.00318	0.09209	0.00400	0.00545
16	0.00461	0.00335	0.00429	0.00500	0.00535	0.00310	0.00339	0.00531	0.00728	0.00957	0.03661	0.69203	0.11679	0.05345	0.00540	0.00158	0.00222	0.03427	0.00340	0.00301
17	0.03685	0.00653	0.00840	0.00672	0.00927	0.00622	0.00548	0.06852	0.09603	0.60382	0.01361	0.01256	0.00911	0.00698	0.09061	0.00165	0.00388	0.00374	0.00413	0.00591
18	0.01421	0.00655	0.00888	0.00810	0.09453	0.00605	0.00588	0.05971	0.04625	0.58844	0.04993	0.01325	0.02399	0.00467	0.00371	0.00113	0.00317	0.00387	0.05176	0.00592
19	0.00522	0.00383	0.00466	0.00494	0.00561	0.00375	0.00359	0.00655	0.03742	0.01070	0.09623	0.36586	0.19649	0.04393	0.03285	0.00159	0.02853	0.05109	0.09391	0.00326
20	0.00604	0.00471	0.00590	0.04064	0.03655	0.02543	0.00459	0.06152	0.01597	0.02156	0.05162	0.42280	0.12508	0.01138	0.09429	0.00187	0.00346	0.05981	0.00318	0.00357
21	0.00848	0.05544	0.04900	0.00765	0.00902	0.04329	0.02602	0.11698	0.00863	0.05641	0.01337	0.14398	0.11583	0.02863	0.02308	0.00150	0.25628	0.02951	0.00266	0.00426
22	0.03488	0.02046	0.09830	0.00748	0.01039	0.00798	0.00665	0.28795	0.05563	0.32350	0.05842	0.03969	0.02185	0.00488	0.00373	0.00116	0.00358	0.00390	0.00376	0.00582
23	0.01972	0.32265	0.03367	0.00642	0.00905	0.03663	0.00572	0.06755	0.02763	0.25582	0.03294	0.06339	0.09400	0.00500	0.00335	0.00105	0.00346	0.00389	0.00303	0.00504

[dist]
# distance from previous block
# <min> <max>
6	13

[block]
# block no. 10 follows, 74 sequences, length 8
# corresponding to MSA columns:
# 483-490
name=unknown_K
#
# <colnr> <probs for GDERKNQSTAVLIFYWHMCP>
#	G	D	E	R	K	N	Q	S	T	A	V	L	I	F	Y	W	H	M	C	P
0	0.00527	0.00377	0.00534	0.00545	0.00594	0.00414	0.00400	0.00610	0.00604	0.00843	0.01226	0.12390	0.04274	0.13305	0.54374	0.07219	0.00733	0.00508	0.00223	0.00300
1	0.00471	0.00346	0.00442	0.00493	0.00546	0.00318	0.00347	0.00566	0.00803	0.01069	0.18525	0.54596	0.14663	0.01045	0.00463	0.00141	0.00209	0.04286	0.00357	0.00314
2	0.03085	0.17333	0.09994	0.04961	0.05018	0.06913	0.05799	0.10090	0.20968	0.04821	0.00895	0.00941	0.00684	0.00391	0.00337	0.00106	0.00414	0.00313	0.00258	0.06681
3	0.02253	0.13176	0.14284	0.04120	0.10169	0.02440	0.02039	0.08464	0.12580	0.04495	0.07901	0.10355	0.02586	0.00530	0.00370	0.00117	0.00377	0.02975	0.00274	0.00495
4	0.00856	0.00744	0.01086	0.01423	0.41527	0.00753	0.00803	0.07219	0.11480	0.01324	0.03368	0.04851	0.04923	0.00521	0.02000	0.00122	0.00370	0.04669	0.05293	0.06669
5	0.06722	0.00484	0.03781	0.00561	0.00645	0.00444	0.03497	0.04094	0.00726	0.01029	0.03141	0.40005	0.05096	0.22242	0.03993	0.00212	0.00322	0.02392	0.00291	0.00324
6	0.10740	0.00691	0.04337	0.00783	0.05919	0.00650	0.06281	0.07807	0.02777	0.06896	0.01122	0.10997	0.02598	0.09933	0.04127	0.00164	0.03934	0.06668	0.00269	0.13309
7	0.18155	0.02058	0.03008	0.05048	0.05125	0.05449	0.02178	0.12369	0.04793	0.02938	0.05488	0.15428	0.07795	0.02863	0.00401	0.00124	0.00335	0.00477	0.00286	0.05683

[dist]
# distance from previous block
# <min> <max>
3	84

[block]
# block no. 11 follows, 74 sequences, length 9
# corresponding to MSA columns:
# 596-604
name=unknown_L
#
# <colnr> <probs for GDERKNQSTAVLIFYWHMCP>
#	G	D	E	R	K	N	Q	S	T	A	V	L	I	F	Y	W	H	M	C	P
0	0.01983	0.00494	0.00716	0.16981	0.02455	0.00536	0.03084	0.05607	0.00779	0.01059	0.05835	0.38400	0.01630	0.05656	0.06710	0.02090	0.03017	0.02333	0.00279	0.00356
1	0.03164	0.10325	0.17044	0.00779	0.01085	0.02163	0.04539	0.15719	0.07470	0.10576	0.04451	0.08570	0.03082	0.00482	0.00357	0.00110	0.00381	0.00397	0.00287	0.09020
2	0.04859	0.06175	0.02337	0.07178	0.38310	0.02015	0.08979	0.01102	0.05226	0.02511	0.02930	0.03368	0.06282	0.00433	0.00406	0.00116	0.04405	0.00387	0.02475	0.00504
3	0.00492	0.00356	0.00446	0.00502	0.00555	0.00336	0.00353	0.00613	0.03669	0.01044	0.07882	0.59034	0.12805	0.01038	0.00454	0.00142	0.00215	0.04646	0.05099	0.00321
4	0.00595	0.02283	0.07046	0.00704	0.06098	0.00511	0.02204	0.02938	0.03931	0.01102	0.08583	0.25682	0.19972	0.02235	0.06087	0.00168	0.02420	0.06758	0.00304	0.00378
5	0.04340	0.16163	0.19940	0.04660	0.08375	0.07336	0.05003	0.07363	0.06079	0.08096	0.02595	0.03171	0.00695	0.00406	0.00362	0.00110	0.02530	0.00322	0.00233	0.02222
6	0.04366	0.01850	0.00756	0.03616	0.00881	0.03204	0.02653	0.04962	0.14672	0.18702	0.11043	0.15240	0.09242	0.00644	0.00394	0.00121	0.00296	0.02166	0.00354	0.04838
7	0.00488	0.00374	0.00457	0.00482	0.00568	0.00343	0.00366	0.00606	0.00848	0.01102	0.19891	0.21479	0.33355	0.01054	0.04645	0.00159	0.00254	0.12856	0.00350	0.00324
8	0.00923	0.06876	0.05040	0.28596	0.19627	0.05851	0.10720	0.01202	0.06055	0.08075	0.00819	0.01051	0.00638	0.00384	0.00370	0.00117	0.00473	0.02469	0.00215	0.00500

[dist]
# distance from previous block
# <min> <max>
11	27

[block]
# block no. 12 follows, 74 sequences, length 20
# corresponding to MSA columns:
# 632-651
name=unknown_M
#
# <colnr> <probs for GDERKNQSTAVLIFYWHMCP>
#	G	D	E	R	K	N	Q	S	T	A	V	L	I	F	Y	W	H	M	C	P
0	0.00797	0.01868	0.07982	0.01944	0.00933	0.00557	0.04985	0.03090	0.04731	0.09758	0.14801	0.06212	0.09417	0.00524	0.00366	0.00100	0.00304	0.01799	0.00298	0.29534
1	0.00999	0.10073	0.05700	0.07243	0.08015	0.03428	0.07893	0.13589	0.08245	0.08733	0.00937	0.03562	0.02473	0.02161	0.00457	0.00117	0.07486	0.00357	0.00259	0.08271
2	0.02240	0.00708	0.04192	0.15674	0.16312	0.00692	0.00741	0.06397	0.05864	0.06626	0.08357	0.07576	0.03594	0.00541	0.00407	0.00119	0.02531	0.07491	0.00274	0.09666
3	0.03108	0.11864	0.47272	0.02538	0.12350	0.02237	0.08642	0.02822	0.00825	0.04006	0.00686	0.00814	0.00512	0.00348	0.00347	0.00112	0.00507	0.00290	0.00180	0.00537
4	0.00852	0.07898	0.35997	0.10507	0.03034	0.03972	0.06522	0.02014	0.05964	0.07161	0.03905	0.03907	0.02990	0.00428	0.00363	0.00115	0.00462	0.00938	0.00222	0.02749
5	0.00803	0.00557	0.00655	0.05295	0.00806	0.05697	0.01724	0.04675	0.00985	0.14824	0.32443	0.08995	0.14374	0.03514	0.00467	0.00129	0.00280	0.03008	0.00362	0.00406
6	0.02438	0.00978	0.11062	0.11564	0.35327	0.05743	0.03138	0.03177	0.07416	0.09523	0.02917	0.01069	0.00730	0.00393	0.00369	0.00115	0.00441	0.01861	0.00235	0.01506
7	0.04573	0.00808	0.05721	0.08944	0.09008	0.06086	0.10168	0.03415	0.01689	0.20002	0.06017	0.07504	0.06260	0.01200	0.00391	0.00116	0.00391	0.00434	0.00290	0.06985
8	0.00511	0.00396	0.00472	0.00491	0.00568	0.00381	0.00356	0.03732	0.00813	0.01059	0.07564	0.38232	0.33115	0.01056	0.03953	0.00155	0.03576	0.00830	0.02410	0.00328
9	0.04477	0.16042	0.15933	0.05749	0.17679	0.02303	0.05944	0.03596	0.04238	0.09299	0.04326	0.01136	0.02337	0.00456	0.01905	0.00120	0.00436	0.03276	0.00234	0.00514
10	0.01059	0.00872	0.03976	0.05986	0.36614	0.00842	0.13633	0.09495	0.00972	0.16017	0.03979	0.01055	0.00744	0.00389	0.00404	0.00116	0.02661	0.00366	0.00258	0.00563
11	0.00885	0.00858	0.01475	0.11877	0.65453	0.00894	0.05582	0.01105	0.00818	0.01161	0.00684	0.00925	0.00570	0.00354	0.00424	0.00116	0.05752	0.00336	0.00180	0.00552
12	0.00557	0.00460	0.00571	0.00591	0.00657	0.05448	0.04843	0.00656	0.00778	0.01024	0.07495	0.57710	0.05547	0.02184	0.00472	0.00144	0.00269	0.05898	0.04369	0.00327
13	0.00816	0.04461	0.27479	0.01967	0.11799	0.02163	0.05202	0.04533	0.03562	0.04361	0.00833	0.02781	0.00709	0.06760	0.13564	0.00210	0.07759	0.00355	0.00206	0.00480
