[name]
unknown

[dist]
# distance from previous block
# <min> <max>
0	130

[block]
# block no. 0 follows, 83 sequences, length 12
# corresponding to MSA columns:
# 158-162,164-170
name=unknown_A
#
# <colnr> <probs for GDERKNQSTAVLIFYWHMCP>
#	G	D	E	R	K	N	Q	S	T	A	V	L	I	F	Y	W	H	M	C	P
0	0.05425	0.06877	0.07016	0.03748	0.08859	0.06479	0.04219	0.07205	0.10383	0.20476	0.06559	0.01093	0.00845	0.00431	0.01291	0.00108	0.02452	0.02557	0.00274	0.03702
1	0.00788	0.04295	0.42853	0.02988	0.13029	0.07703	0.08957	0.03317	0.06008	0.01085	0.00698	0.02095	0.00549	0.00356	0.00350	0.00107	0.02318	0.01849	0.00175	0.00482
2	0.01127	0.19367	0.01180	0.00827	0.01034	0.51459	0.05631	0.03517	0.05241	0.03141	0.00592	0.00674	0.00486	0.00352	0.00330	0.00091	0.04105	0.00239	0.00187	0.00421
3	0.00442	0.00345	0.00401	0.00387	0.00483	0.00304	0.00290	0.00567	0.00871	0.01149	0.46893	0.02875	0.42237	0.00771	0.00400	0.00110	0.00165	0.00661	0.00345	0.00304
4	0.00484	0.00323	0.00397	0.00415	0.00427	0.00321	0.00261	0.00501	0.00547	0.00734	0.03612	0.20452	0.01459	0.53219	0.05327	0.07304	0.00319	0.03438	0.00231	0.00227
5	0.00499	0.00344	0.00472	0.07148	0.00647	0.00344	0.00372	0.00575	0.03578	0.02362	0.03937	0.54678	0.03779	0.02769	0.00589	0.14592	0.00239	0.02521	0.00277	0.00278
6	0.00490	0.00341	0.00432	0.00432	0.00453	0.00362	0.00283	0.00532	0.00511	0.00703	0.01011	0.01902	0.01095	0.57720	0.31913	0.00405	0.00534	0.00447	0.00197	0.00240
7	0.00533	0.00365	0.00446	0.00425	0.00525	0.00337	0.00321	0.00650	0.02266	0.07056	0.28547	0.04509	0.35656	0.00982	0.10182	0.05709	0.00269	0.00591	0.00315	0.00314
8	0.00702	0.00602	0.00702	0.00502	0.00803	0.00452	0.00401	0.00853	0.00702	0.01104	0.00602	0.00702	0.00502	0.00251	0.00251	0.00050	0.00251	0.00201	0.00201	0.90166
9	0.01265	0.01614	0.00960	0.00873	0.01047	0.86735	0.00655	0.01353	0.00960	0.00829	0.00524	0.00611	0.00436	0.00349	0.00305	0.00087	0.00611	0.00218	0.00175	0.00393
10	0.00514	0.00434	0.00678	0.00736	0.10291	0.00407	0.09898	0.00626	0.00713	0.00954	0.04105	0.47622	0.15618	0.00820	0.00406	0.00124	0.00258	0.02214	0.03250	0.00330
11	0.00407	0.00343	0.00352	0.00350	0.00461	0.00289	0.00262	0.00498	0.00787	0.00950	0.09926	0.03203	0.79328	0.00845	0.00400	0.00114	0.00171	0.00707	0.00319	0.00289

[dist]
# distance from previous block
# <min> <max>
1	31

[block]
# block no. 1 follows, 83 sequences, length 30
# corresponding to MSA columns:
# 203-232
name=unknown_B
#
# <colnr> <probs for GDERKNQSTAVLIFYWHMCP>
#	G	D	E	R	K	N	Q	S	T	A	V	L	I	F	Y	W	H	M	C	P
0	0.00484	0.00361	0.00536	0.00536	0.00594	0.00419	0.00413	0.00600	0.00542	0.00780	0.00915	0.01373	0.00865	0.06618	0.82700	0.00534	0.00880	0.00369	0.00183	0.00298
1	0.08601	0.00527	0.00633	0.00556	0.00717	0.00522	0.00437	0.08523	0.07207	0.29568	0.07857	0.12800	0.02089	0.09720	0.00503	0.00138	0.00276	0.08557	0.00338	0.00430
2	0.00640	0.00602	0.01016	0.87281	0.02333	0.00753	0.00941	0.00866	0.00677	0.00866	0.00602	0.00903	0.00452	0.00339	0.00339	0.00113	0.00452	0.00301	0.00151	0.00376
3	0.00437	0.00345	0.00394	0.00382	0.00480	0.00302	0.00286	0.00557	0.00858	0.01120	0.41481	0.02923	0.47668	0.00782	0.00400	0.00111	0.00166	0.00668	0.00342	0.00302
4	0.00479	0.00345	0.00414	0.00409	0.00495	0.00307	0.00299	0.00590	0.00827	0.04195	0.36971	0.16562	0.32169	0.03852	0.00449	0.00122	0.00181	0.00692	0.00339	0.00306
5	0.00547	0.00415	0.00491	0.00515	0.00580	0.00432	0.00360	0.02886	0.20258	0.01008	0.01624	0.54450	0.01781	0.10678	0.00551	0.00152	0.00232	0.00748	0.01955	0.00336
6	0.03129	0.00567	0.00752	0.00600	0.00839	0.00510	0.00494	0.01556	0.05712	0.71896	0.01357	0.02841	0.00935	0.00463	0.00347	0.00109	0.00285	0.05599	0.01464	0.00545
7	0.04749	0.00364	0.00417	0.00419	0.00507	0.00337	0.00303	0.00633	0.01820	0.06525	0.14293	0.24559	0.30158	0.08997	0.00515	0.00138	0.00205	0.01570	0.03184	0.00308
8	0.02399	0.00383	0.00464	0.00442	0.00556	0.00340	0.00331	0.00752	0.00811	0.17442	0.18390	0.23071	0.30107	0.00771	0.00390	0.00116	0.00199	0.00665	0.02021	0.00348
9	0.01317	0.00902	0.00988	0.00757	0.01027	0.00981	0.00626	0.74415	0.01515	0.12682	0.00879	0.00856	0.00609	0.00408	0.00339	0.00102	0.00362	0.00309	0.00349	0.00576
10	0.00491	0.00323	0.00389	0.00417	0.00438	0.00314	0.00267	0.00531	0.00585	0.02124	0.01418	0.31833	0.02739	0.45929	0.01087	0.00233	0.00269	0.04768	0.05594	0.00248
11	0.00527	0.00421	0.03579	0.00524	0.00589	0.00427	0.00408	0.00620	0.00568	0.02910	0.02487	0.05296	0.03676	0.20551	0.48397	0.02687	0.04219	0.01617	0.00204	0.00293
12	0.00562	0.00377	0.00470	0.00465	0.00520	0.00393	0.00324	0.00697	0.07259	0.05116	0.04406	0.13701	0.02942	0.34116	0.23103	0.00307	0.00436	0.00510	0.04003	0.00295
13	0.00546	0.00390	0.00546	0.00624	0.00702	0.00390	0.00546	0.00702	0.00780	0.01014	0.01794	0.03821	0.01950	0.00936	0.00468	0.00156	0.00312	0.83702	0.00312	0.00312
14	0.00867	0.00693	0.00861	0.07087	0.10467	0.02182	0.00566	0.12215	0.03132	0.07619	0.00706	0.00795	0.00549	0.00310	0.00304	0.00076	0.01833	0.00251	0.00231	0.49256
15	0.03196	0.02874	0.00739	0.00678	0.04286	0.11318	0.02507	0.10810	0.18542	0.01175	0.02057	0.12601	0.02437	0.06842	0.10065	0.00170	0.00391	0.00424	0.08485	0.00404
16	0.00880	0.08994	0.00957	0.02330	0.00864	0.14256	0.00613	0.05632	0.00714	0.05385	0.00636	0.00827	0.00544	0.00569	0.04324	0.01657	0.38491	0.00282	0.11657	0.00389
17	0.00664	0.00564	0.00697	0.00545	0.00763	0.00504	0.00436	0.00801	0.00654	0.01019	0.00658	0.00841	0.00571	0.00717	0.16424	0.00153	0.09595	0.00245	0.02956	0.61195
18	0.01497	0.00453	0.00634	0.12056	0.08774	0.00467	0.00488	0.03011	0.02453	0.03838	0.19642	0.13669	0.13542	0.03566	0.02114	0.08673	0.01910	0.02606	0.00270	0.00337
19	0.00664	0.00487	0.00615	0.07679	0.02161	0.00512	0.00454	0.02488	0.19138	0.06128	0.08319	0.12706	0.08657	0.02416	0.11730	0.05698	0.00344	0.01532	0.03148	0.05123
20	0.01107	0.00539	0.00653	0.00546	0.00738	0.00527	0.00437	0.03624	0.17467	0.41644	0.01277	0.01280	0.00912	0.02186	0.00345	0.00106	0.00254	0.02349	0.23520	0.00487
21	0.08467	0.00674	0.00740	0.00630	0.00826	0.00729	0.00507	0.25513	0.22735	0.12762	0.04924	0.04979	0.02464	0.01924	0.00365	0.00114	0.00290	0.06526	0.04347	0.00482
22	0.02646	0.00406	0.00483	0.00471	0.00539	0.00407	0.00333	0.09423	0.03302	0.02071	0.07545	0.23249	0.11619	0.16744	0.00812	0.17229	0.00259	0.01905	0.00269	0.00289
23	0.00539	0.00326	0.00384	0.00401	0.00458	0.00310	0.00281	0.00637	0.00699	0.03832	0.10402	0.29635	0.06962	0.13166	0.00546	0.00141	0.00202	0.01950	0.28836	0.00294
24	0.00484	0.00363	0.00544	0.00544	0.00605	0.00423	0.00423	0.00605	0.00544	0.00786	0.00907	0.01331	0.00847	0.02541	0.86753	0.00544	0.00907	0.00363	0.00181	0.00302
25	0.21200	0.00531	0.00551	0.00503	0.00649	0.00558	0.00391	0.14184	0.05445	0.04066	0.13783	0.17480	0.15033	0.00632	0.00346	0.00113	0.00238	0.01868	0.02052	0.00377
26	0.00456	0.00349	0.00419	0.00433	0.00507	0.00324	0.00312	0.00603	0.05442	0.01065	0.29334	0.31918	0.24608	0.02112	0.00427	0.00123	0.00184	0.00746	0.00333	0.00306
27	0.03857	0.00940	0.01002	0.00770	0.01039	0.01042	0.00636	0.82437	0.01563	0.02117	0.00803	0.00806	0.00570	0.00404	0.00335	0.00102	0.00370	0.00301	0.00335	0.00570
28	0.21087	0.00506	0.00553	0.00471	0.00637	0.00518	0.02700	0.06730	0.00807	0.18653	0.04948	0.01099	0.00829	0.00393	0.00271	0.00094	0.00234	0.00307	0.38762	0.00402
29	0.04758	0.00332	0.00409	0.00454	0.00493	0.00319	0.00306	0.00549	0.00639	0.03916	0.02772	0.59733	0.04823	0.16749	0.00651	0.00168	0.00227	0.02127	0.00294	0.00279

[dist]
# distance from previous block
# <min> <max>
1	1

[block]
# block no. 2 follows, 83 sequences, length 43
# corresponding to MSA columns:
# 261-303
name=unknown_C
#
# <colnr> <probs for GDERKNQSTAVLIFYWHMCP>
#	G	D	E	R	K	N	Q	S	T	A	V	L	I	F	Y	W	H	M	C	P
0	0.00906	0.88299	0.01775	0.00580	0.00869	0.01340	0.00580	0.01014	0.00688	0.00797	0.00471	0.00543	0.00435	0.00290	0.00217	0.00072	0.00362	0.00181	0.00145	0.00435
1	0.03300	0.00575	0.00766	0.00593	0.00845	0.00507	0.00488	0.03466	0.00969	0.78532	0.03403	0.01170	0.00882	0.00423	0.00337	0.00104	0.00283	0.00343	0.02454	0.00560
2	0.00454	0.00317	0.00389	0.00417	0.00442	0.00302	0.00268	0.00500	0.00630	0.00842	0.11747	0.36901	0.07593	0.34993	0.00946	0.01778	0.00244	0.00709	0.00276	0.00252
3	0.00906	0.88299	0.01775	0.00580	0.00869	0.01340	0.00580	0.01014	0.00688	0.00797	0.00471	0.00543	0.00435	0.00290	0.00217	0.00072	0.00362	0.00181	0.00145	0.00435
4	0.90488	0.00655	0.00498	0.00445	0.00655	0.00760	0.00367	0.00996	0.00576	0.01520	0.00472	0.00550	0.00367	0.00314	0.00210	0.00105	0.00262	0.00183	0.00210	0.00367
5	0.00662	0.00590	0.00837	0.00737	0.00818	0.00724	0.06119	0.00920	0.16128	0.00940	0.02473	0.01189	0.02215	0.01188	0.27175	0.04630	0.29844	0.02232	0.00207	0.00371
6	0.01230	0.00519	0.00704	0.00585	0.00790	0.00464	0.00479	0.01372	0.02152	0.61499	0.06145	0.04873	0.01192	0.03077	0.01663	0.00126	0.00291	0.11953	0.00387	0.00499
7	0.01520	0.00576	0.00786	0.00603	0.00865	0.00498	0.00498	0.01651	0.00970	0.86216	0.01336	0.01153	0.00839	0.00419	0.00341	0.00105	0.00288	0.00341	0.00419	0.00576
8	0.00640	0.00602	0.01016	0.87281	0.02333	0.00753	0.00941	0.00866	0.00677	0.00866	0.00602	0.00903	0.00452	0.00339	0.00339	0.00113	0.00452	0.00301	0.00151	0.00376
9	0.00803	0.00555	0.00838	0.06158	0.22558	0.00574	0.00629	0.00971	0.03504	0.17392	0.05081	0.08343	0.04050	0.00913	0.17004	0.01310	0.04771	0.03864	0.00255	0.00427
10	0.00467	0.00332	0.00442	0.00465	0.00493	0.00349	0.00319	0.00529	0.00557	0.00765	0.01236	0.26362	0.01375	0.30933	0.33446	0.00355	0.00509	0.00578	0.00227	0.00262
11	0.12723	0.05172	0.08397	0.00821	0.01036	0.63293	0.01851	0.01264	0.00875	0.00942	0.00524	0.00614	0.00428	0.00339	0.00292	0.00091	0.00545	0.00217	0.00175	0.00401
12	0.00800	0.00914	0.01999	0.01428	0.01770	0.00857	0.84752	0.01085	0.00800	0.01085	0.00685	0.00914	0.00514	0.00286	0.00400	0.00114	0.00571	0.00400	0.00171	0.00457
13	0.18967	0.00763	0.00778	0.00637	0.00855	0.00849	0.00517	0.42268	0.14638	0.01768	0.06743	0.01019	0.02196	0.00423	0.00313	0.00103	0.00302	0.00322	0.06049	0.00489
14	0.00999	0.00805	0.00854	0.00721	0.00940	0.00916	0.00574	0.30947	0.55968	0.01669	0.01180	0.01106	0.00873	0.00441	0.00343	0.00110	0.00305	0.00356	0.00343	0.00550
15	0.02003	0.00736	0.01176	0.31799	0.42816	0.00804	0.01919	0.06074	0.07278	0.01113	0.00691	0.00889	0.00545	0.00333	0.00337	0.00106	0.00408	0.00308	0.00186	0.00479
16	0.00484	0.00326	0.00377	0.00385	0.00389	0.00326	0.00223	0.00494	0.00510	0.00682	0.01145	0.10992	0.01323	0.76480	0.04246	0.00316	0.00333	0.00537	0.00216	0.00215
17	0.90488	0.00655	0.00498	0.00445	0.00655	0.00760	0.00367	0.00996	0.00576	0.01520	0.00472	0.00550	0.00367	0.00314	0.00210	0.00105	0.00262	0.00183	0.00210	0.00367
18	0.01499	0.00581	0.00786	0.00605	0.00865	0.00509	0.00499	0.01656	0.03604	0.83569	0.01338	0.01156	0.00845	0.00421	0.00341	0.00105	0.00288	0.00342	0.00417	0.00575
19	0.00497	0.00360	0.00475	0.00490	0.00568	0.00342	0.00392	0.00644	0.00863	0.01177	0.46578	0.04517	0.08017	0.03478	0.00465	0.00132	0.00220	0.30131	0.00341	0.00310
20	0.00413	0.00295	0.00393	0.00472	0.00491	0.00275	0.00314	0.00472	0.00649	0.00865	0.01867	0.87874	0.02240	0.01061	0.00432	0.00138	0.00197	0.00963	0.00314	0.00275
21	0.00906	0.88299	0.01775	0.00580	0.00869	0.01340	0.00580	0.01014	0.00688	0.00797	0.00471	0.00543	0.00435	0.00290	0.00217	0.00072	0.00362	0.00181	0.00145	0.00435
22	0.00612	0.00526	0.00922	0.00832	0.00979	0.00511	0.22351	0.00801	0.00785	0.01032	0.01507	0.03068	0.01578	0.00767	0.00450	0.00145	0.00379	0.62131	0.00276	0.00349
23	0.00445	0.00321	0.00420	0.00446	0.00497	0.00297	0.00315	0.00553	0.00802	0.01105	0.42439	0.44212	0.05129	0.00877	0.00416	0.00122	0.00178	0.00787	0.00343	0.00297
24	0.00843	0.00728	0.00766	0.00689	0.00881	0.00843	0.00536	0.01800	0.85370	0.01417	0.01379	0.01264	0.01034	0.00460	0.00345	0.00115	0.00268	0.00383	0.00345	0.00536
25	0.00906	0.88299	0.01775	0.00580	0.00869	0.01340	0.00580	0.01014	0.00688	0.00797	0.00471	0.00543	0.00435	0.00290	0.00217	0.00072	0.00362	0.00181	0.00145	0.00435
26	0.00640	0.00602	0.01016	0.87281	0.02333	0.00753	0.00941	0.00866	0.00677	0.00866	0.00602	0.00903	0.00452	0.00339	0.00339	0.00113	0.00452	0.00301	0.00151	0.00376
27	0.00750	0.00427	0.00445	0.00401	0.00518	0.00438	0.00312	0.14298	0.00866	0.03846	0.02420	0.01291	0.04471	0.00421	0.00266	0.00085	0.00197	0.00336	0.67848	0.00364
28	0.15706	0.00688	0.00737	0.00626	0.00840	0.00750	0.00500	0.10369	0.39765	0.20967	0.02646	0.01096	0.00866	0.00424	0.00319	0.00109	0.00278	0.00335	0.02466	0.00513
29	0.00809	0.00694	0.00737	0.00673	0.00851	0.00799	0.00519	0.01697	0.78818	0.01374	0.01417	0.07962	0.01127	0.00506	0.00351	0.00117	0.00263	0.00428	0.00342	0.00516
30	0.00967	0.00612	0.00718	0.00648	0.00820	0.03433	0.00535	0.16413	0.11518	0.21540	0.03401	0.06121	0.01302	0.00632	0.00387	0.00124	0.00311	0.28713	0.01353	0.00452
31	0.12796	0.00486	0.00505	0.00440	0.00589	0.00504	0.00349	0.11649	0.02300	0.13669	0.01022	0.01095	0.00763	0.00390	0.00263	0.00090	0.00220	0.00302	0.52173	0.00397
32	0.00418	0.00298	0.00399	0.00477	0.00499	0.00279	0.00323	0.00480	0.00653	0.00870	0.01864	0.84736	0.02230	0.01057	0.00434	0.00138	0.00201	0.04052	0.00314	0.00277
33	0.00464	0.00344	0.00422	0.00464	0.00525	0.00327	0.00335	0.00604	0.05759	0.00984	0.10019	0.48056	0.17293	0.00914	0.00413	0.00128	0.00202	0.08304	0.04142	0.00302
34	0.02251	0.00361	0.00438	0.00425	0.00518	0.00344	0.00331	0.00749	0.00848	0.05895	0.40552	0.02224	0.05141	0.00617	0.00352	0.00105	0.00188	0.10917	0.27413	0.00331
35	0.00715	0.00564	0.00552	0.00516	0.00601	0.10899	0.00366	0.00907	0.12732	0.07043	0.08713	0.01742	0.01217	0.37456	0.08869	0.00238	0.00381	0.01894	0.04264	0.00328
36	0.00422	0.00296	0.00390	0.00465	0.00487	0.00277	0.00311	0.00486	0.00651	0.00883	0.01833	0.84002	0.02179	0.01031	0.00424	0.00135	0.00195	0.00934	0.04322	0.00277
37	0.10281	0.00645	0.00704	0.00570	0.00775	0.00677	0.00463	0.31015	0.02983	0.20839	0.02935	0.01034	0.00763	0.00405	0.00300	0.00097	0.00277	0.00312	0.24446	0.00478
38	0.00751	0.00571	0.00689	0.00663	0.05510	0.02531	0.01317	0.19706	0.05429	0.03201	0.14278	0.14302	0.05751	0.01982	0.11333	0.02131	0.02844	0.01425	0.05190	0.00395
39	0.00785	0.00426	0.00562	0.00537	0.02972	0.00398	0.01624	0.02679	0.00734	0.24400	0.05438	0.23164	0.04074	0.28606	0.00812	0.00185	0.00278	0.01666	0.00306	0.00355
40	0.00500	0.00360	0.00528	0.00540	0.02003	0.00407	0.00396	0.00584	0.00533	0.00758	0.00893	0.01401	0.00864	0.12575	0.67421	0.08629	0.00774	0.00371	0.00181	0.00281
41	0.00704	0.00631	0.02735	0.00516	0.00820	0.00466	0.00424	0.00873	0.02051	0.01108	0.00615	0.00712	0.00508	0.00256	0.00254	0.00053	0.00257	0.00205	0.00202	0.86612
42	0.01751	0.14585	0.02171	0.28542	0.17722	0.03351	0.04548	0.11239	0.02960	0.07485	0.02078	0.00864	0.00570	0.00344	0.00321	0.00101	0.00406	0.00293	0.00207	0.00464

[dist]
# distance from previous block
# <min> <max>
0	2

[block]
# block no. 3 follows, 83 sequences, length 27
# corresponding to MSA columns:
# 306-332
name=unknown_D
#
# <colnr> <probs for GDERKNQSTAVLIFYWHMCP>
#	G	D	E	R	K	N	Q	S	T	A	V	L	I	F	Y	W	H	M	C	P
0	0.00597	0.00370	0.00534	0.00518	0.00571	0.00406	0.00387	0.01545	0.00557	0.06110	0.00868	0.03963	0.00816	0.05073	0.45547	0.26281	0.03206	0.00362	0.02016	0.00276
1	0.00862	0.00524	0.00628	0.00579	0.00730	0.00537	0.00465	0.08599	0.17925	0.18863	0.01499	0.11503	0.04661	0.00662	0.02113	0.00127	0.00278	0.17625	0.11389	0.00431
2	0.00481	0.00345	0.00401	0.00399	0.00458	0.00318	0.00268	0.00544	0.00668	0.02042	0.14060	0.14574	0.21453	0.36228	0.00936	0.00201	0.00245	0.02242	0.00276	0.03861
3	0.00488	0.00328	0.00429	0.00447	0.00494	0.00309	0.00314	0.00542	0.00689	0.01883	0.21357	0.30578	0.08684	0.08960	0.03617	0.14884	0.00244	0.03780	0.00286	0.01689
4	0.00493	0.00324	0.00375	0.00380	0.00381	0.00323	0.00217	0.00488	0.00499	0.00665	0.01086	0.07146	0.01253	0.78004	0.01626	0.05498	0.00319	0.00509	0.00208	0.00206
5	0.00782	0.00883	0.01912	0.01375	0.01704	0.00828	0.79970	0.01058	0.00798	0.01079	0.00787	0.01065	0.02597	0.00321	0.00402	0.00116	0.00553	0.03143	0.00179	0.00448
6	0.12346	0.00382	0.00430	0.00458	0.00526	0.00382	0.00327	0.03471	0.00692	0.01020	0.05906	0.44949	0.10586	0.09922	0.00527	0.00148	0.00226	0.05268	0.02139	0.00297
7	0.00810	0.00592	0.00678	0.00610	0.00747	0.00627	0.00467	0.38261	0.01089	0.01461	0.05571	0.43000	0.01537	0.00747	0.00390	0.00120	0.00276	0.02276	0.00328	0.00413
8	0.00550	0.00371	0.00460	0.00477	0.00576	0.00339	0.00382	0.00667	0.00794	0.07785	0.11002	0.13342	0.32135	0.00847	0.00418	0.00128	0.00227	0.27277	0.01902	0.00320
9	0.05982	0.00654	0.00748	0.00605	0.00820	0.00672	0.00490	0.26253	0.10085	0.28426	0.10512	0.01278	0.04572	0.00461	0.00335	0.00104	0.00281	0.00370	0.06852	0.00501
10	0.00415	0.00312	0.00385	0.00434	0.00484	0.00282	0.00300	0.00490	0.00708	0.00921	0.09550	0.58513	0.24023	0.00977	0.00421	0.00129	0.00187	0.00868	0.00320	0.00282
11	0.00906	0.88299	0.01775	0.00580	0.00869	0.01340	0.00580	0.01014	0.00688	0.00797	0.00471	0.00543	0.00435	0.00290	0.00217	0.00072	0.00362	0.00181	0.00145	0.00435
12	0.00431	0.00332	0.00382	0.00399	0.00472	0.00297	0.00285	0.00516	0.00742	0.00949	0.15985	0.22748	0.40628	0.10733	0.00560	0.00144	0.00198	0.03606	0.00311	0.00281
13	0.01355	0.00680	0.00829	0.00648	0.00898	0.00669	0.00530	0.24024	0.08548	0.52696	0.01238	0.01136	0.02564	0.02108	0.00368	0.00109	0.00308	0.00345	0.00385	0.00560
14	0.03026	0.00810	0.00859	0.00675	0.00905	0.00890	0.00553	0.65446	0.01386	0.01939	0.00867	0.00902	0.00633	0.00402	0.00315	0.00097	0.00325	0.00305	0.19149	0.00517
15	0.00741	0.00741	0.01038	0.00889	0.00889	0.01038	0.00741	0.00815	0.00519	0.00815	0.00445	0.00741	0.00445	0.00593	0.01112	0.00148	0.87475	0.00296	0.00148	0.00371
16	0.00541	0.00326	0.00489	0.00489	0.00516	0.00353	0.00353	0.00516	0.00489	0.00679	0.00735	0.01168	0.00707	0.01802	0.40490	0.49066	0.00575	0.00326	0.00163	0.00218
17	0.00456	0.00344	0.00426	0.00475	0.00544	0.00319	0.00367	0.00554	0.00726	0.00922	0.02329	0.27957	0.30001	0.04814	0.00491	0.00144	0.00232	0.28301	0.00309	0.00288
18	0.00699	0.00678	0.00952	0.00828	0.00837	0.00934	0.00684	0.00778	0.00522	0.00807	0.00525	0.00859	0.00520	0.02948	0.13202	0.00208	0.73196	0.00310	0.00154	0.00357
19	0.00501	0.00357	0.00478	0.00545	0.00601	0.00352	0.00431	0.00636	0.02990	0.00969	0.03775	0.36161	0.02015	0.03914	0.00486	0.00150	0.00259	0.42478	0.02599	0.00300
20	0.00623	0.00575	0.00886	0.00772	0.00831	0.00728	0.08000	0.00738	0.00556	0.00825	0.00687	0.01039	0.00643	0.01498	0.42042	0.00335	0.38371	0.00337	0.00166	0.00346
21	0.02644	0.00721	0.00840	0.00666	0.00907	0.00743	0.00543	0.31974	0.13933	0.35523	0.06982	0.01132	0.00928	0.00438	0.00343	0.00105	0.00307	0.00350	0.00372	0.00549
22	0.01082	0.00820	0.00898	0.00735	0.00962	0.02255	0.02160	0.44833	0.27384	0.05928	0.02480	0.04006	0.00877	0.00467	0.00350	0.00109	0.00332	0.03451	0.00338	0.00535
23	0.00534	0.06001	0.00548	0.00501	0.00577	0.02510	0.00370	0.03443	0.05113	0.01008	0.13744	0.48372	0.07853	0.02627	0.00429	0.00129	0.00229	0.05386	0.00309	0.00319
24	0.00681	0.00510	0.01444	0.00557	0.00683	0.00507	0.00438	0.17269	0.06562	0.02917	0.24778	0.22263	0.05158	0.00721	0.00394	0.00118	0.00246	0.11051	0.00334	0.03369
25	0.04917	0.02500	0.01051	0.06678	0.14396	0.00705	0.14822	0.08524	0.10192	0.09044	0.04946	0.03461	0.02556	0.00453	0.00355	0.00110	0.00358	0.09017	0.02469	0.03444
26	0.83646	0.00658	0.00522	0.00458	0.00673	0.00751	0.00377	0.02889	0.00612	0.03280	0.00502	0.00574	0.00386	0.00317	0.00217	0.00103	0.00265	0.00190	0.00217	0.03365

[dist]
# distance from previous block
# <min> <max>
6	14

[block]
# block no. 4 follows, 83 sequences, length 10
# corresponding to MSA columns:
# 347-356
name=unknown_E
#
# <colnr> <probs for GDERKNQSTAVLIFYWHMCP>
#	G	D	E	R	K	N	Q	S	T	A	V	L	I	F	Y	W	H	M	C	P
0	0.01125	0.01160	0.00991	0.00804	0.01044	0.37632	0.06066	0.26173	0.01085	0.01293	0.00637	0.00710	0.00497	0.00342	0.00310	0.00086	0.00462	0.00252	0.00229	0.19102
1	0.00875	0.00529	0.00743	0.09335	0.06408	0.00502	0.01846	0.02902	0.02030	0.22160	0.00856	0.01069	0.00684	0.06762	0.06380	0.17507	0.00356	0.00310	0.00242	0.18506
2	0.00597	0.00596	0.00496	0.00493	0.00587	0.18250	0.00356	0.00680	0.00784	0.00916	0.11079	0.21733	0.34716	0.06606	0.00476	0.00127	0.00278	0.00642	0.00284	0.00304
3	0.00490	0.00614	0.18274	0.00600	0.00729	0.00401	0.00548	0.00635	0.00684	0.00933	0.01593	0.55683	0.01815	0.00887	0.00415	0.00134	0.00279	0.14679	0.00278	0.00328
4	0.00886	0.00772	0.00978	0.25346	0.08928	0.07319	0.00742	0.22117	0.00897	0.02702	0.00662	0.00869	0.00531	0.00595	0.06528	0.05180	0.14016	0.00300	0.00208	0.00427
5	0.00539	0.00437	0.00608	0.02115	0.00696	0.00400	0.05763	0.01824	0.00712	0.00989	0.09712	0.33292	0.07823	0.02141	0.06237	0.02167	0.01550	0.03752	0.00268	0.18973
6	0.00486	0.00356	0.00508	0.00508	0.00556	0.00404	0.00378	0.00582	0.00534	0.00759	0.00941	0.01515	0.00927	0.20315	0.69088	0.00500	0.00787	0.00390	0.00186	0.00282
7	0.00529	0.00413	0.00577	0.00536	0.00646	0.00429	0.00419	0.00656	0.00577	0.00852	0.00844	0.01200	0.00775	0.02065	0.68782	0.00442	0.00771	0.00329	0.00185	0.18972
8	0.00950	0.00877	0.00889	0.00810	0.04750	0.11758	0.03314	0.11954	0.57795	0.01407	0.01145	0.01095	0.00863	0.00426	0.00340	0.00109	0.00340	0.00349	0.00309	0.00520
9	0.01029	0.09724	0.01315	0.10892	0.08966	0.21593	0.18183	0.21930	0.01008	0.01233	0.00643	0.00771	0.00498	0.00339	0.00331	0.00099	0.00482	0.00291	0.00208	0.00467

[dist]
# distance from previous block
# <min> <max>
2	3

[block]
# block no. 5 follows, 83 sequences, length 23
# corresponding to MSA columns:
# 360-382
name=unknown_F
#
# <colnr> <probs for GDERKNQSTAVLIFYWHMCP>
#	G	D	E	R	K	N	Q	S	T	A	V	L	I	F	Y	W	H	M	C	P
0	0.00413	0.00295	0.00393	0.00472	0.00491	0.00275	0.00314	0.00472	0.00649	0.00865	0.01867	0.87874	0.02240	0.01061	0.00432	0.00138	0.00197	0.00963	0.00314	0.00275
1	0.05322	0.00357	0.00388	0.00383	0.00399	0.00366	0.00223	0.00557	0.02941	0.00725	0.01044	0.02100	0.01180	0.80870	0.01603	0.00310	0.00323	0.00473	0.00210	0.00223
2	0.02266	0.00453	0.00518	0.00497	0.00591	0.00471	0.00363	0.00931	0.22328	0.05124	0.13618	0.09655	0.07267	0.24545	0.00755	0.01140	0.00258	0.06615	0.02257	0.00348
3	0.00511	0.00359	0.00452	0.00483	0.00553	0.00343	0.00380	0.00623	0.00743	0.02171	0.12380	0.08674	0.16767	0.15553	0.00645	0.00166	0.00256	0.34465	0.04182	0.00292
4	0.00631	0.00316	0.00316	0.00316	0.00395	0.00316	0.00237	0.00789	0.00710	0.01263	0.01105	0.01263	0.00868	0.00395	0.00237	0.00079	0.00158	0.00316	0.89976	0.00316
5	0.04033	0.00511	0.00661	0.00549	0.00737	0.00466	0.00432	0.02734	0.02710	0.54399	0.04425	0.11700	0.01135	0.09499	0.00490	0.00132	0.00273	0.01688	0.02951	0.00474
6	0.41170	0.00500	0.00482	0.00449	0.00582	0.00534	0.00337	0.00852	0.00639	0.10084	0.06093	0.11642	0.02881	0.19898	0.00606	0.00160	0.00265	0.02231	0.00257	0.00336
7	0.01265	0.01614	0.00960	0.00873	0.01047	0.86735	0.00655	0.01353	0.00960	0.00829	0.00524	0.00611	0.00436	0.00349	0.00305	0.00087	0.00611	0.00218	0.00175	0.00393
8	0.00679	0.01752	0.86340	0.00966	0.01466	0.00787	0.01252	0.01073	0.00715	0.01073	0.00608	0.00715	0.00429	0.00322	0.00322	0.00107	0.00501	0.00250	0.00143	0.00501
9	0.00613	0.00381	0.00486	0.00502	0.00580	0.00361	0.00363	0.03091	0.04663	0.12189	0.07108	0.54851	0.07155	0.01998	0.00427	0.00131	0.00219	0.04207	0.00333	0.00339
10	0.00492	0.00329	0.00373	0.00372	0.00375	0.00328	0.00210	0.00499	0.00513	0.00687	0.04694	0.02230	0.01316	0.84354	0.01667	0.00319	0.00321	0.00498	0.00212	0.00210
11	0.00487	0.00349	0.00476	0.00476	0.00513	0.00386	0.00338	0.00561	0.00524	0.00736	0.00970	0.01677	0.00997	0.35981	0.53518	0.00460	0.00681	0.00414	0.00191	0.00264
12	0.09596	0.00455	0.00517	0.00466	0.00606	0.00443	0.00368	0.06948	0.00869	0.15438	0.19817	0.04394	0.16844	0.02173	0.00372	0.00112	0.00224	0.06470	0.13513	0.00375
13	0.24844	0.00545	0.00597	0.00530	0.00702	0.00560	0.00424	0.09968	0.00832	0.23886	0.01164	0.17109	0.01038	0.00549	0.00323	0.00112	0.00263	0.07357	0.08777	0.00419
14	0.00421	0.00306	0.00398	0.00462	0.00496	0.00283	0.00317	0.00492	0.00685	0.00908	0.07678	0.71741	0.09754	0.01014	0.00428	0.00134	0.00196	0.03688	0.00318	0.00280
15	0.00484	0.00363	0.00544	0.00544	0.00605	0.00423	0.00423	0.00605	0.00544	0.00786	0.00907	0.01331	0.00847	0.02541	0.86753	0.00544	0.00907	0.00363	0.00181	0.00302
16	0.00417	0.00303	0.00392	0.00459	0.00490	0.00280	0.00311	0.00481	0.00666	0.00877	0.03431	0.74534	0.10754	0.02675	0.00454	0.00139	0.00198	0.02550	0.00313	0.00276
17	0.01917	0.00438	0.00565	0.04313	0.00691	0.02787	0.01840	0.02033	0.00700	0.08870	0.02350	0.39338	0.05176	0.06500	0.05375	0.01809	0.04925	0.08782	0.01266	0.00325
18	0.09663	0.03371	0.00857	0.00752	0.05264	0.04749	0.00579	0.17084	0.00830	0.08044	0.02598	0.02404	0.00679	0.01645	0.14478	0.00186	0.22076	0.00315	0.04008	0.00420
19	0.00523	0.00358	0.00424	0.00413	0.00425	0.00375	0.00255	0.02574	0.00523	0.00706	0.01009	0.02014	0.01133	0.72548	0.08735	0.03983	0.03113	0.00463	0.00202	0.00225
20	0.01832	0.06633	0.06008	0.00721	0.04208	0.00755	0.04162	0.21421	0.17276	0.01327	0.03159	0.01182	0.08516	0.00615	0.05606	0.07011	0.00359	0.00349	0.00262	0.08596
21	0.00890	0.01008	0.19822	0.01985	0.07348	0.05393	0.10856	0.19839	0.04175	0.05069	0.00807	0.01003	0.01595	0.08470	0.04595	0.00145	0.02578	0.00324	0.00226	0.03873
22	0.35738	0.00659	0.05655	0.01850	0.00745	0.02338	0.00452	0.02333	0.05042	0.02751	0.00788	0.04660	0.01905	0.08897	0.08199	0.00161	0.02249	0.01568	0.00219	0.13792

[dist]
# distance from previous block
# <min> <max>
1	59

[block]
# block no. 6 follows, 83 sequences, length 28
# corresponding to MSA columns:
# 450-477
name=unknown_G
#
# <colnr> <probs for GDERKNQSTAVLIFYWHMCP>
#	G	D	E	R	K	N	Q	S	T	A	V	L	I	F	Y	W	H	M	C	P
0	0.10772	0.00371	0.00438	0.00450	0.00506	0.00377	0.00314	0.01872	0.02579	0.00943	0.10155	0.30430	0.05569	0.13309	0.04125	0.16403	0.00267	0.00591	0.00259	0.00269
1	0.15193	0.00437	0.00483	0.00447	0.00562	0.00417	0.00323	0.00674	0.00620	0.02685	0.02984	0.16996	0.06735	0.21622	0.03361	0.05175	0.00279	0.02809	0.00239	0.17958
2	0.01715	0.00628	0.00991	0.19071	0.18286	0.00643	0.09408	0.03270	0.06289	0.01915	0.02570	0.02565	0.01605	0.01789	0.03013	0.12064	0.00384	0.00329	0.00196	0.13271
3	0.00473	0.00320	0.00408	0.00431	0.00476	0.00298	0.00302	0.00505	0.00668	0.00877	0.14408	0.26859	0.19553	0.07301	0.00723	0.21032	0.00224	0.04616	0.00276	0.00251
4	0.05611	0.00428	0.00487	0.00485	0.00583	0.00426	0.00366	0.10224	0.02839	0.01150	0.11314	0.28876	0.20029	0.03256	0.00429	0.00128	0.00227	0.09202	0.03609	0.00331
5	0.04535	0.00557	0.00700	0.00589	0.00770	0.00547	0.03403	0.10701	0.09550	0.27894	0.11746	0.13687	0.03163	0.02599	0.00387	0.00114	0.00269	0.01977	0.03836	0.02976
6	0.23437	0.00438	0.00482	0.00461	0.00571	0.00457	0.00349	0.00768	0.02043	0.07667	0.11782	0.12810	0.08151	0.04913	0.11220	0.08776	0.00319	0.01725	0.03309	0.00322
7	0.00500	0.00339	0.00402	0.00412	0.00489	0.00312	0.00300	0.00619	0.01940	0.03545	0.21694	0.25546	0.23981	0.03179	0.00420	0.00120	0.00185	0.02351	0.13360	0.00305
8	0.11245	0.00730	0.00761	0.00630	0.00834	0.00808	0.00505	0.39646	0.17106	0.04080	0.00984	0.04202	0.00769	0.02991	0.00355	0.00109	0.00299	0.00338	0.13123	0.00486
9	0.18076	0.00494	0.00553	0.00492	0.00627	0.00499	0.00367	0.03696	0.04264	0.24584	0.01135	0.10257	0.01043	0.27227	0.00748	0.00178	0.00286	0.02832	0.02263	0.00377
10	0.12652	0.00594	0.00658	0.00489	0.00766	0.00484	0.00391	0.00855	0.00691	0.01157	0.02348	0.02339	0.02025	0.00293	0.00254	0.00061	0.00248	0.00229	0.00209	0.73255
11	0.10129	0.00535	0.10211	0.00454	0.00600	0.00405	0.00397	0.00645	0.00760	0.01081	0.22913	0.05234	0.35763	0.06938	0.00486	0.02051	0.00231	0.00563	0.00287	0.00318
12	0.02978	0.00470	0.00634	0.10430	0.00860	0.00472	0.00483	0.02055	0.01538	0.29332	0.01174	0.01592	0.00964	0.03535	0.08809	0.04195	0.00349	0.13435	0.16293	0.00403
13	0.00712	0.00436	0.00532	0.00492	0.00602	0.00417	0.00365	0.10335	0.00873	0.14651	0.20015	0.24712	0.11883	0.10899	0.00547	0.00141	0.00237	0.01457	0.00334	0.00361
14	0.16864	0.00408	0.00452	0.00445	0.00532	0.00411	0.00319	0.00713	0.02395	0.06803	0.17604	0.24790	0.06148	0.18894	0.00645	0.00162	0.00236	0.01573	0.00292	0.00312
15	0.11073	0.00788	0.01275	0.01893	0.76240	0.00800	0.00963	0.01035	0.00749	0.01154	0.00618	0.00806	0.00517	0.00303	0.00321	0.00101	0.00386	0.00288	0.00172	0.00517
16	0.00969	0.00850	0.01305	0.10860	0.01402	0.05155	0.31625	0.22021	0.08680	0.07736	0.00842	0.01013	0.00638	0.03607	0.00413	0.00117	0.00448	0.01590	0.00249	0.00479
17	0.08475	0.00425	0.00530	0.10363	0.00755	0.00427	0.00402	0.00758	0.01762	0.11048	0.13651	0.15327	0.16756	0.11619	0.01744	0.01159	0.00265	0.03911	0.00290	0.00333
18	0.00671	0.00424	0.00479	0.00436	0.00580	0.00380	0.00336	0.03103	0.05501	0.17575	0.06259	0.07724	0.53756	0.00743	0.00386	0.00113	0.00206	0.00623	0.00340	0.00365
19	0.11476	0.01166	0.00920	0.00769	0.00993	0.36182	0.00608	0.35981	0.01179	0.06578	0.00687	0.00721	0.00511	0.00373	0.00310	0.00096	0.00453	0.00258	0.00261	0.00477
20	0.03851	0.00347	0.00425	0.00423	0.00500	0.00325	0.00312	0.00607	0.00843	0.01196	0.50728	0.18059	0.12871	0.02495	0.00420	0.00117	0.00178	0.02245	0.03749	0.00307
21	0.00467	0.00366	0.00481	0.10343	0.00711	0.00355	0.00387	0.00592	0.00798	0.01058	0.31223	0.22061	0.23371	0.00792	0.00404	0.00119	0.00214	0.05636	0.00316	0.00307
22	0.00763	0.00943	0.11256	0.01167	0.01395	0.00919	0.42755	0.00979	0.00681	0.00979	0.00583	0.00824	0.00478	0.00408	0.00666	0.00127	0.34145	0.00343	0.00159	0.00429
23	0.12026	0.00528	0.10244	0.00539	0.00652	0.00419	0.00456	0.00673	0.00666	0.02926	0.01471	0.48212	0.01647	0.04385	0.00441	0.00138	0.00261	0.11356	0.02639	0.00322
24	0.03916	0.00631	0.10426	0.02733	0.05566	0.04117	0.04642	0.00744	0.00731	0.01685	0.21940	0.01678	0.10050	0.04705	0.15116	0.08761	0.00413	0.01568	0.00238	0.00340
25	0.02129	0.02031	0.12635	0.11159	0.16808	0.05172	0.02531	0.04898	0.14193	0.03775	0.14165	0.02297	0.05870	0.00445	0.00347	0.00107	0.00354	0.00383	0.00248	0.00452
26	0.11670	0.00598	0.00761	0.00591	0.00847	0.00546	0.00488	0.04297	0.00945	0.73797	0.01221	0.01073	0.00776	0.00407	0.00326	0.00105	0.00288	0.00322	0.00393	0.00553
27	0.03306	0.00697	0.00818	0.00640	0.00876	0.00708	0.00523	0.36184	0.01181	0.37276	0.03352	0.01039	0.00776	0.00445	0.00367	0.03431	0.00310	0.00326	0.07216	0.00529

[dist]
# distance from previous block
# <min> <max>
0	1

[block]
# block no. 7 follows, 83 sequences, length 6
# corresponding to MSA columns:
# 479-484
name=unknown_H
#
# <colnr> <probs for GDERKNQSTAVLIFYWHMCP>
#	G	D	E	R	K	N	Q	S	T	A	V	L	I	F	Y	W	H	M	C	P
0	0.02342	0.00632	0.05007	0.09361	0.13489	0.02294	0.08864	0.02392	0.04018	0.08906	0.05194	0.16019	0.09361	0.00664	0.04949	0.00137	0.00363	0.02827	0.02774	0.00406
1	0.02677	0.05498	0.00855	0.04706	0.10509	0.29607	0.00587	0.05791	0.03348	0.00989	0.04145	0.04361	0.11034	0.00556	0.00425	0.07885	0.00405	0.06023	0.00222	0.00378
2	0.00460	0.00337	0.00430	0.00475	0.00527	0.00328	0.00342	0.00585	0.04444	0.00948	0.07623	0.51496	0.11197	0.01088	0.08387	0.00168	0.00267	0.06648	0.03952	0.00298
3	0.11377	0.00519	0.00630	0.00520	0.00702	0.00494	0.00412	0.05793	0.00901	0.40777	0.20417	0.01482	0.01345	0.08563	0.00462	0.00125	0.00258	0.00395	0.04381	0.00448
4	0.05703	0.03884	0.15638	0.05781	0.01003	0.03916	0.02106	0.07572	0.03108	0.18540	0.05593	0.05011	0.07982	0.00489	0.01888	0.00110	0.02310	0.00363	0.00266	0.08736
5	0.09976	0.00487	0.00572	0.02656	0.07306	0.02387	0.00426	0.03679	0.00751	0.03185	0.10738	0.15355	0.22597	0.08767	0.00534	0.00138	0.04484	0.05350	0.00276	0.00336

[dist]
# distance from previous block
# <min> <max>
0	1

[block]
# block no. 8 follows, 83 sequences, length 8
# corresponding to MSA columns:
# 486-493
name=unknown_I
#
# <colnr> <probs for GDERKNQSTAVLIFYWHMCP>
#	G	D	E	R	K	N	Q	S	T	A	V	L	I	F	Y	W	H	M	C	P
0	0.00799	0.00539	0.03315	0.03766	0.03886	0.02373	0.06290	0.00960	0.02583	0.22408	0.16674	0.20731	0.06511	0.00647	0.00384	0.00116	0.00280	0.05692	0.01643	0.00403
1	0.01002	0.05486	0.17587	0.04723	0.14475	0.06777	0.04452	0.02993	0.07861	0.22979	0.00886	0.00989	0.00656	0.00388	0.00372	0.00107	0.04741	0.02778	0.00248	0.00500
2	0.00788	0.24901	0.32933	0.04805	0.02868	0.05099	0.00818	0.01041	0.03945	0.05617	0.02671	0.06478	0.04000	0.00415	0.00311	0.00100	0.00400	0.02167	0.00195	0.00447
3	0.00748	0.00604	0.00971	0.60173	0.08376	0.00708	0.00839	0.00943	0.00718	0.10989	0.00879	0.01082	0.06399	0.00394	0.00381	0.00113	0.04748	0.00334	0.00195	0.00406
4	0.00931	0.04052	0.10813	0.16674	0.10864	0.09085	0.06671	0.10547	0.03918	0.12686	0.05547	0.03875	0.00763	0.00407	0.00354	0.01369	0.00408	0.00338	0.00238	0.00464
5	0.00900	0.00997	0.20374	0.09105	0.23850	0.05622	0.08956	0.03475	0.03004	0.14029	0.02622	0.02869	0.00672	0.00370	0.00344	0.00107	0.00424	0.01571	0.00219	0.00491
6	0.04237	0.00788	0.05558	0.15286	0.12754	0.06727	0.08855	0.05660	0.00846	0.24714	0.00901	0.06701	0.00698	0.00404	0.00355	0.00107	0.02010	0.00351	0.00255	0.02793
7	0.16286	0.06189	0.05097	0.12567	0.18381	0.05694	0.07181	0.03899	0.00763	0.07770	0.02411	0.08219	0.01822	0.01899	0.00344	0.00109	0.00376	0.00348	0.00215	0.00433

[dist]
# distance from previous block
# <min> <max>
0	470

# created by:
# /home/simao/soft/augustus-3.0.3/scripts/msa2prfl.pl ./prep/88303.aln
