[name]
unknown

[dist]
# distance from previous block
# <min> <max>
0	649

[block]
# block no. 0 follows, 77 sequences, length 10
# corresponding to MSA columns:
# 649-655,657-659
name=unknown_A
#
# <colnr> <probs for GDERKNQSTAVLIFYWHMCP>
#	G	D	E	R	K	N	Q	S	T	A	V	L	I	F	Y	W	H	M	C	P
0	0.04736	0.00593	0.00846	0.00742	0.03536	0.01722	0.11120	0.06711	0.00907	0.07808	0.22620	0.14165	0.01709	0.01810	0.00444	0.00122	0.03300	0.07914	0.00309	0.08886
1	0.00715	0.00676	0.01158	0.53429	0.22216	0.00768	0.05110	0.00934	0.00747	0.00993	0.00785	0.09406	0.00691	0.00423	0.00372	0.00119	0.00447	0.00394	0.00182	0.00434
2	0.00855	0.00991	0.13611	0.04251	0.60147	0.00864	0.03636	0.01142	0.05551	0.01169	0.00710	0.00897	0.00576	0.00345	0.00388	0.00111	0.03702	0.00320	0.00184	0.00550
3	0.01028	0.00818	0.04453	0.04294	0.31962	0.00747	0.20848	0.01250	0.00888	0.22876	0.06428	0.01112	0.00825	0.00378	0.00378	0.00113	0.00428	0.00376	0.00261	0.00538
4	0.00451	0.00352	0.00410	0.00424	0.00509	0.00310	0.00307	0.00556	0.00839	0.01085	0.25131	0.25328	0.41172	0.00921	0.00434	0.00126	0.00186	0.00799	0.00351	0.00310
5	0.01056	0.74959	0.01733	0.00619	0.00922	0.01294	0.00603	0.01175	0.00774	0.13108	0.00633	0.00671	0.00524	0.00328	0.00250	0.00082	0.00373	0.00217	0.00196	0.00483
6	0.04367	0.01106	0.01008	0.00845	0.04129	0.26256	0.03420	0.29277	0.01157	0.03706	0.00711	0.00777	0.00545	0.00364	0.00325	0.00091	0.00443	0.00271	0.00259	0.20943
7	0.00710	0.00671	0.01134	0.74266	0.14466	0.00807	0.01014	0.00946	0.00734	0.00956	0.00645	0.00949	0.00493	0.00354	0.00359	0.00118	0.00472	0.00320	0.00162	0.00424
8	0.00432	0.00362	0.00376	0.00378	0.00491	0.00306	0.00281	0.00527	0.00828	0.01003	0.09436	0.07680	0.74851	0.00909	0.00427	0.00122	0.00183	0.00765	0.00338	0.00306
9	0.00749	0.00697	0.01078	0.32166	0.13741	0.00711	0.06685	0.00972	0.02830	0.01070	0.00692	0.02610	0.00568	0.00348	0.00366	0.00098	0.03717	0.00308	0.00190	0.30405

[dist]
# distance from previous block
# <min> <max>
0	28

[block]
# block no. 1 follows, 77 sequences, length 15
# corresponding to MSA columns:
# 688-702
name=unknown_B
#
# <colnr> <probs for GDERKNQSTAVLIFYWHMCP>
#	G	D	E	R	K	N	Q	S	T	A	V	L	I	F	Y	W	H	M	C	P
0	0.02374	0.00608	0.00702	0.00576	0.00791	0.00582	0.00458	0.12897	0.11620	0.17440	0.17030	0.01740	0.15317	0.00548	0.00366	0.00104	0.00263	0.00454	0.00352	0.15779
1	0.00479	0.00370	0.00553	0.00584	0.00637	0.00347	0.06430	0.00568	0.00714	0.00949	0.01921	0.72602	0.03994	0.01052	0.00459	0.00145	0.00247	0.07319	0.00323	0.00309
2	0.00501	0.00467	0.00673	0.00570	0.00728	0.00409	0.14627	0.00631	0.00827	0.01018	0.06016	0.06073	0.64495	0.00808	0.00426	0.00122	0.00256	0.00707	0.00310	0.00336
3	0.00814	0.16122	0.31948	0.22990	0.09099	0.06342	0.05720	0.01089	0.00771	0.01020	0.00621	0.00796	0.00479	0.00338	0.00332	0.00108	0.00495	0.00279	0.00160	0.00479
4	0.01234	0.04611	0.01234	0.01012	0.01233	0.66215	0.14966	0.01387	0.03040	0.00941	0.00606	0.00718	0.00493	0.00360	0.00339	0.00098	0.00623	0.00268	0.00188	0.00434
5	0.61774	0.16694	0.00826	0.00538	0.00773	0.05962	0.00459	0.04870	0.00711	0.01452	0.00540	0.00621	0.00432	0.00338	0.00237	0.00103	0.00322	0.00206	0.02728	0.00413
6	0.00524	0.00374	0.00490	0.00476	0.00562	0.00359	0.00362	0.00673	0.00897	0.02835	0.52327	0.05544	0.11926	0.01105	0.15113	0.00197	0.00318	0.03791	0.01790	0.00335
7	0.02144	0.00829	0.01379	0.01220	0.13948	0.03840	0.27981	0.02271	0.03151	0.17991	0.02833	0.04169	0.00750	0.00440	0.00524	0.00123	0.15269	0.00393	0.00248	0.00497
8	0.00936	0.01032	0.26427	0.05449	0.03240	0.02693	0.04000	0.03608	0.15664	0.18042	0.01128	0.10208	0.00908	0.00484	0.00366	0.00118	0.00390	0.01353	0.03445	0.00511
9	0.16672	0.15794	0.01292	0.10363	0.34354	0.10033	0.03043	0.01104	0.00774	0.01132	0.00596	0.00764	0.00496	0.00335	0.00324	0.00104	0.01889	0.00269	0.00180	0.00480
10	0.00757	0.00781	0.02790	0.01199	0.13526	0.00873	0.21597	0.00915	0.00693	0.00997	0.00829	0.15678	0.00832	0.00582	0.00730	0.00138	0.35994	0.00464	0.00197	0.00428
11	0.00651	0.00596	0.00993	0.71736	0.02162	0.00739	0.00905	0.00872	0.00695	0.00905	0.00695	0.01037	0.00552	0.00761	0.15059	0.00199	0.00563	0.00331	0.00165	0.00386
12	0.02838	0.00944	0.01027	0.00828	0.01048	0.03404	0.00677	0.52258	0.15162	0.01850	0.00881	0.00919	0.00660	0.00472	0.00498	0.00118	0.15207	0.00331	0.00319	0.00558
13	0.00510	0.00356	0.00450	0.00498	0.00530	0.00348	0.00353	0.00577	0.00664	0.00875	0.01666	0.28478	0.04010	0.35459	0.01015	0.00232	0.00297	0.23120	0.00287	0.00274
14	0.00511	0.00354	0.00405	0.00400	0.00427	0.00343	0.00244	0.00549	0.00638	0.00853	0.15781	0.02523	0.10130	0.63733	0.01447	0.00285	0.00301	0.00569	0.00260	0.00247

[dist]
# distance from previous block
# <min> <max>
0	1

[block]
# block no. 2 follows, 77 sequences, length 36
# corresponding to MSA columns:
# 704-739
name=unknown_C
#
# <colnr> <probs for GDERKNQSTAVLIFYWHMCP>
#	G	D	E	R	K	N	Q	S	T	A	V	L	I	F	Y	W	H	M	C	P
0	0.00535	0.00373	0.00473	0.00448	0.00539	0.00340	0.00334	0.00683	0.00963	0.04324	0.65008	0.06638	0.13876	0.03309	0.00465	0.00123	0.00183	0.00668	0.00382	0.00339
1	0.00554	0.00381	0.00471	0.00460	0.00562	0.00343	0.00351	0.00689	0.00915	0.06599	0.41518	0.10951	0.26725	0.00825	0.00430	0.00123	0.00199	0.07195	0.00370	0.00341
2	0.06222	0.00387	0.00472	0.00448	0.00543	0.00365	0.00337	0.00684	0.00966	0.01398	0.70236	0.05147	0.09996	0.00736	0.00412	0.00115	0.00179	0.00642	0.00378	0.00338
3	0.84233	0.00716	0.00564	0.00496	0.00723	0.00827	0.00408	0.06361	0.00681	0.01656	0.00524	0.00602	0.00404	0.00340	0.00231	0.00111	0.00286	0.00203	0.00231	0.00404
4	0.00973	0.69111	0.05225	0.00663	0.00964	0.08204	0.00644	0.01158	0.06116	0.00912	0.00576	0.00644	0.00504	0.00325	0.00253	0.00082	0.00403	0.00213	0.00172	0.02860
5	0.00813	0.00874	0.06675	0.32670	0.37803	0.04329	0.03422	0.01037	0.00769	0.01045	0.00643	0.00892	0.00518	0.00360	0.00416	0.00115	0.06651	0.00316	0.00169	0.00484
6	0.32327	0.00692	0.00792	0.00631	0.00891	0.00701	0.03404	0.08180	0.04085	0.43286	0.01031	0.00967	0.00689	0.00402	0.00315	0.00112	0.00313	0.00304	0.00348	0.00528
7	0.00798	0.00772	0.01352	0.33040	0.44597	0.00824	0.08634	0.01028	0.00791	0.01087	0.03192	0.00977	0.00619	0.00346	0.00366	0.00113	0.00455	0.00340	0.00178	0.00493
8	0.01004	0.70620	0.06269	0.00682	0.00985	0.13528	0.00665	0.01132	0.00774	0.00867	0.00516	0.00597	0.00462	0.00319	0.00250	0.00081	0.00431	0.00202	0.00158	0.00459
9	0.00803	0.00789	0.01607	0.01200	0.02583	0.00736	0.56253	0.01051	0.00875	0.06411	0.14082	0.06854	0.04080	0.00454	0.00422	0.00121	0.00477	0.00504	0.00247	0.00453
10	0.00478	0.00368	0.00438	0.00435	0.00526	0.00333	0.00321	0.00623	0.02919	0.01196	0.41241	0.15794	0.32315	0.00852	0.00428	0.00121	0.00183	0.00740	0.00364	0.00325
11	0.00595	0.00466	0.00577	0.00482	0.00652	0.00390	0.00371	0.00761	0.00919	0.01344	0.54272	0.01981	0.02353	0.00565	0.00367	0.00091	0.00205	0.00491	0.00329	0.32786
12	0.00811	0.00914	0.00743	0.02850	0.00846	0.30988	0.02451	0.00909	0.00855	0.00928	0.01992	0.04275	0.38851	0.00664	0.00474	0.00116	0.10211	0.00508	0.00253	0.00361
13	0.00448	0.00320	0.00428	0.00512	0.00537	0.00300	0.00351	0.00517	0.00698	0.00929	0.01977	0.81511	0.02358	0.01118	0.00462	0.00147	0.00217	0.06541	0.00334	0.00295
14	0.00725	0.00696	0.00983	0.00861	0.00876	0.00954	0.00711	0.00815	0.00557	0.00859	0.00583	0.00929	0.00569	0.01097	0.20355	0.00253	0.67303	0.00331	0.00165	0.00377
15	0.00713	0.11148	0.01018	0.00766	0.00853	0.02887	0.06204	0.00812	0.00607	0.00851	0.00706	0.01098	0.00679	0.07623	0.28047	0.03994	0.31112	0.00343	0.00175	0.00363
16	0.00465	0.00361	0.00429	0.00471	0.00555	0.00326	0.00360	0.00566	0.00787	0.00987	0.04043	0.27363	0.41655	0.00988	0.00451	0.00138	0.00223	0.19189	0.00334	0.00307
17	0.00498	0.00359	0.00494	0.02323	0.00648	0.00350	0.00443	0.00604	0.00743	0.00979	0.01925	0.53221	0.02221	0.01060	0.00472	0.00153	0.00262	0.32609	0.00329	0.00309
18	0.01121	0.00881	0.00914	0.00768	0.00989	0.06645	0.00624	0.47746	0.12885	0.02877	0.02782	0.06722	0.01036	0.00562	0.00385	0.00119	0.00372	0.11698	0.00345	0.00529
19	0.01066	0.00981	0.01439	0.01540	0.35947	0.06225	0.17306	0.28235	0.01123	0.01510	0.00740	0.00882	0.00572	0.00357	0.00369	0.00109	0.00466	0.00337	0.00239	0.00557
20	0.01227	0.00617	0.00778	0.00644	0.00854	0.00598	0.00519	0.15616	0.03821	0.43499	0.07480	0.08930	0.01265	0.04555	0.00462	0.00130	0.01323	0.06769	0.00392	0.00521
21	0.03078	0.29629	0.03560	0.07737	0.02746	0.04078	0.01728	0.09595	0.23016	0.07690	0.03152	0.00964	0.00759	0.00398	0.00316	0.00103	0.00370	0.00307	0.00263	0.00509
22	0.00562	0.00417	0.00527	0.00511	0.00598	0.00409	0.00389	0.06269	0.00960	0.01321	0.48785	0.17477	0.09611	0.00816	0.00455	0.00125	0.02798	0.07258	0.00365	0.00348
23	0.00939	0.00840	0.01371	0.06456	0.67179	0.00856	0.02201	0.06140	0.04462	0.04945	0.00753	0.00928	0.00604	0.00342	0.00358	0.00109	0.00419	0.00328	0.00208	0.00564
24	0.07193	0.00680	0.01033	0.00817	0.01062	0.00655	0.16448	0.07638	0.00962	0.39201	0.01251	0.04526	0.00990	0.00522	0.00410	0.00124	0.02707	0.12924	0.00344	0.00513
25	0.00953	0.01084	0.01083	0.49527	0.01908	0.35307	0.03097	0.01135	0.00844	0.00910	0.00608	0.00834	0.00475	0.00363	0.00347	0.00109	0.00551	0.00287	0.00171	0.00409
26	0.00823	0.00728	0.01035	0.01229	0.35006	0.00660	0.00711	0.06272	0.00832	0.01226	0.00760	0.06648	0.00678	0.00357	0.00322	0.00085	0.00336	0.00318	0.00216	0.41759
27	0.01284	0.01126	0.06453	0.00844	0.01128	0.11108	0.00717	0.61985	0.08494	0.01967	0.00864	0.00872	0.00625	0.00424	0.00355	0.00108	0.00425	0.00316	0.00326	0.00580
28	0.00503	0.00367	0.00473	0.00447	0.00534	0.00337	0.00335	0.00668	0.01005	0.01411	0.79433	0.02739	0.08906	0.00747	0.00424	0.00114	0.00171	0.00658	0.00392	0.00337
29	0.00444	0.00317	0.00424	0.00507	0.00530	0.00297	0.00343	0.00510	0.00694	0.00924	0.01980	0.83984	0.02367	0.01122	0.00461	0.00147	0.00213	0.04109	0.00334	0.00294
30	0.00625	0.00312	0.00469	0.00469	0.00469	0.00312	0.00312	0.00469	0.00469	0.00625	0.00625	0.01093	0.00625	0.01250	0.01406	0.89535	0.00312	0.00312	0.00156	0.00156
31	0.01040	0.00452	0.00542	0.00467	0.00628	0.00421	0.00371	0.01210	0.02213	0.34045	0.01288	0.01349	0.00935	0.00442	0.00301	0.00097	0.00227	0.01964	0.51563	0.00447
32	0.00514	0.00385	0.00578	0.00578	0.00642	0.00450	0.00450	0.00642	0.00578	0.00835	0.00963	0.01413	0.00899	0.02698	0.85933	0.00578	0.00963	0.00385	0.00193	0.00321
33	0.00890	0.00855	0.01460	0.02208	0.85115	0.00855	0.01104	0.01104	0.00819	0.01175	0.00677	0.00890	0.00570	0.00320	0.00356	0.00107	0.00427	0.00320	0.00178	0.00570
34	0.00990	0.01016	0.01353	0.01878	0.63733	0.16425	0.01002	0.04599	0.00884	0.01157	0.00656	0.00842	0.00549	0.00344	0.00375	0.00106	0.03062	0.00304	0.00186	0.00538
35	0.00849	0.17472	0.34262	0.01399	0.32657	0.03239	0.03018	0.01123	0.00785	0.01091	0.00629	0.00776	0.00502	0.00327	0.00328	0.00104	0.00470	0.00275	0.00164	0.00529

[dist]
# distance from previous block
# <min> <max>
0	1

[block]
# block no. 3 follows, 77 sequences, length 14
# corresponding to MSA columns:
# 741-754
name=unknown_D
#
# <colnr> <probs for GDERKNQSTAVLIFYWHMCP>
#	G	D	E	R	K	N	Q	S	T	A	V	L	I	F	Y	W	H	M	C	P
0	0.00513	0.00579	0.13428	0.00612	0.00725	0.00408	0.02246	0.02386	0.00727	0.00989	0.01727	0.68664	0.02004	0.00973	0.00439	0.00140	0.00273	0.02523	0.00303	0.00340
1	0.58458	0.00815	0.05564	0.00586	0.00842	0.02749	0.00509	0.12021	0.00831	0.13682	0.00690	0.00724	0.00496	0.00364	0.00270	0.00111	0.00321	0.00241	0.00268	0.00459
2	0.00509	0.00351	0.00388	0.00388	0.00406	0.00342	0.00226	0.00522	0.00566	0.00737	0.01494	0.02513	0.13322	0.74944	0.01629	0.00316	0.00325	0.00557	0.00235	0.00230
3	0.01182	0.00915	0.00975	0.00790	0.01045	0.01029	0.00639	0.51685	0.34224	0.01967	0.01100	0.01052	0.00803	0.00454	0.00362	0.00113	0.00352	0.00356	0.00362	0.00595
4	0.01270	0.01062	0.01018	0.00823	0.01079	0.13250	0.00663	0.55812	0.18006	0.01917	0.00938	0.00928	0.00687	0.00434	0.00356	0.00109	0.00410	0.00327	0.00336	0.00575
5	0.00836	0.00869	0.01094	0.00943	0.00959	0.08615	0.00779	0.00916	0.00592	0.00867	0.00480	0.00775	0.00471	0.00607	0.01105	0.00152	0.79077	0.00307	0.00160	0.00396
6	0.13504	0.00660	0.01022	0.69272	0.06995	0.00803	0.00918	0.00950	0.00710	0.01034	0.00622	0.00901	0.00472	0.00354	0.00340	0.00118	0.00448	0.00302	0.00170	0.00408
7	0.00911	0.00842	0.01477	0.06934	0.66964	0.00840	0.10007	0.01132	0.00827	0.05525	0.00718	0.00920	0.00579	0.00327	0.00364	0.00109	0.00443	0.00334	0.00191	0.00553
8	0.00890	0.00855	0.01460	0.02208	0.85115	0.00855	0.01104	0.01104	0.00819	0.01175	0.00677	0.00890	0.00570	0.00320	0.00356	0.00107	0.00427	0.00320	0.00178	0.00570
9	0.00735	0.00718	0.01112	0.73787	0.10337	0.05396	0.00993	0.00965	0.00745	0.00942	0.00638	0.00936	0.00487	0.00356	0.00357	0.00117	0.00484	0.00315	0.00163	0.00417
10	0.00844	0.01006	0.33368	0.00769	0.01066	0.00587	0.00823	0.01090	0.00836	0.19679	0.01418	0.07739	0.05997	0.00625	0.00401	0.00130	0.00386	0.22482	0.00288	0.00466
11	0.00970	0.00855	0.02389	0.14494	0.41576	0.07108	0.05643	0.01227	0.06386	0.11958	0.00850	0.02172	0.00670	0.00378	0.00363	0.00112	0.00434	0.01665	0.00227	0.00525
12	0.00853	0.00898	0.04391	0.03426	0.52279	0.02257	0.22056	0.01100	0.02175	0.01150	0.00769	0.05563	0.00663	0.00365	0.00378	0.00113	0.00467	0.00383	0.00189	0.00526
13	0.00440	0.00354	0.00395	0.00424	0.00515	0.00308	0.00312	0.00528	0.00784	0.00964	0.03055	0.26835	0.55966	0.00977	0.00440	0.00132	0.00200	0.06735	0.00334	0.00302

[dist]
# distance from previous block
# <min> <max>
4	9

[block]
# block no. 4 follows, 77 sequences, length 91
# corresponding to MSA columns:
# 852-942
name=unknown_E
#
# <colnr> <probs for GDERKNQSTAVLIFYWHMCP>
#	G	D	E	R	K	N	Q	S	T	A	V	L	I	F	Y	W	H	M	C	P
0	0.00942	0.24839	0.36740	0.00853	0.01217	0.14743	0.00922	0.06944	0.00859	0.03056	0.00677	0.04208	0.00558	0.00382	0.00327	0.00102	0.01675	0.00278	0.00187	0.00490
1	0.00766	0.00482	0.00610	0.00574	0.03934	0.00433	0.00419	0.00949	0.05414	0.17369	0.26175	0.09986	0.15852	0.02729	0.00427	0.00117	0.00237	0.02502	0.00352	0.10673
2	0.06057	0.06226	0.01090	0.01010	0.10886	0.54569	0.01629	0.07439	0.00994	0.01079	0.01788	0.00722	0.00528	0.00364	0.00320	0.00095	0.00546	0.00252	0.00202	0.04205
3	0.00854	0.21890	0.33308	0.01039	0.04142	0.02160	0.18947	0.03437	0.08743	0.01135	0.00712	0.00823	0.00546	0.00341	0.00336	0.00107	0.00484	0.00299	0.00186	0.00510
4	0.04397	0.23960	0.20712	0.00925	0.03979	0.03320	0.14376	0.04236	0.00841	0.11128	0.00825	0.01901	0.00676	0.00400	0.00338	0.00108	0.00444	0.06720	0.00220	0.00493
5	0.00995	0.76223	0.01767	0.00642	0.00941	0.03423	0.00620	0.06634	0.04193	0.00968	0.00565	0.00629	0.00497	0.00325	0.00247	0.00081	0.00388	0.00211	0.00177	0.00475
6	0.00734	0.00610	0.00712	0.00534	0.00816	0.00476	0.00421	0.03592	0.00778	0.02114	0.00902	0.08901	0.04131	0.00380	0.00295	0.00067	0.00262	0.00316	0.00237	0.73723
7	0.00523	0.00349	0.00392	0.00392	0.00392	0.00349	0.00218	0.00523	0.00523	0.00697	0.01133	0.02354	0.01308	0.87359	0.01831	0.00349	0.00349	0.00523	0.00218	0.00218
8	0.00760	0.15485	0.72205	0.00960	0.01456	0.00929	0.01216	0.01129	0.00755	0.01093	0.00622	0.00730	0.00457	0.00336	0.00324	0.00108	0.00508	0.00254	0.00152	0.00520
9	0.00687	0.00469	0.00615	0.00595	0.00700	0.00462	0.03780	0.04986	0.11380	0.10171	0.05307	0.52557	0.05071	0.00880	0.00428	0.00134	0.00251	0.00789	0.00348	0.00388
10	0.00523	0.00349	0.00392	0.00392	0.00392	0.00349	0.00218	0.00523	0.00523	0.00697	0.01133	0.02354	0.01308	0.87359	0.01831	0.00349	0.00349	0.00523	0.00218	0.00218
11	0.00492	0.00390	0.00486	0.08421	0.00695	0.00367	0.00373	0.00634	0.00898	0.01190	0.40989	0.04956	0.35722	0.00775	0.00417	0.00117	0.00204	0.00667	0.01876	0.00329
12	0.01211	0.00768	0.00873	0.00703	0.00939	0.00813	0.00568	0.38195	0.14126	0.21250	0.08957	0.04271	0.01085	0.00496	0.00366	0.00112	0.00321	0.00401	0.03987	0.00557
13	0.01112	0.00789	0.00796	0.00683	0.00872	0.12597	0.00532	0.24352	0.03043	0.20756	0.07692	0.21219	0.02740	0.00621	0.00385	0.00116	0.00344	0.00517	0.00351	0.00483
14	0.00899	0.00864	0.01130	0.00928	0.01150	0.05181	0.18676	0.01645	0.55881	0.01349	0.01185	0.01185	0.00900	0.00452	0.00437	0.00123	0.06788	0.00395	0.00301	0.00530
15	0.01104	0.19065	0.01388	0.01011	0.05869	0.37588	0.14396	0.03583	0.08691	0.01030	0.00670	0.00774	0.00546	0.00362	0.00348	0.00100	0.02528	0.00281	0.00199	0.00465
16	0.00425	0.00364	0.00364	0.00364	0.00486	0.00304	0.00273	0.00516	0.00820	0.00972	0.03644	0.03462	0.84969	0.00911	0.00425	0.00121	0.00182	0.00759	0.00334	0.00304
17	0.00696	0.00657	0.01072	0.75715	0.02284	0.00830	0.00965	0.00947	0.03458	0.00933	0.00651	0.00956	0.00499	0.00389	0.00436	0.00123	0.08494	0.00322	0.00166	0.00405
18	0.08834	0.00411	0.00569	0.00564	0.00640	0.00477	0.00438	0.00674	0.00577	0.00899	0.00907	0.01323	0.00841	0.02419	0.74536	0.04137	0.00873	0.00365	0.00194	0.00321
19	0.00669	0.00437	0.00531	0.11266	0.00777	0.00461	0.00410	0.00942	0.10308	0.02759	0.23814	0.01655	0.01555	0.00505	0.00327	0.00101	0.00223	0.00427	0.42455	0.00376
20	0.00514	0.00385	0.00574	0.00574	0.00637	0.00448	0.00445	0.00640	0.00577	0.00832	0.00967	0.01432	0.00908	0.04431	0.84212	0.00573	0.00951	0.00388	0.00193	0.00319
21	0.00514	0.00385	0.00578	0.00578	0.00642	0.00450	0.00450	0.00642	0.00578	0.00835	0.00963	0.01413	0.00899	0.02698	0.85933	0.00578	0.00963	0.00385	0.00193	0.00321
22	0.01069	0.04528	0.01306	0.01616	0.48905	0.15828	0.00917	0.13246	0.01911	0.04608	0.00710	0.00848	0.00570	0.00358	0.00362	0.00105	0.02052	0.00303	0.00217	0.00543
23	0.00760	0.15527	0.72164	0.00960	0.01456	0.00929	0.01215	0.01129	0.00755	0.01092	0.00622	0.00730	0.00457	0.00336	0.00324	0.00108	0.00508	0.00254	0.00152	0.00520
24	0.00975	0.00812	0.00858	0.00748	0.00966	0.00932	0.00589	0.15798	0.70448	0.01634	0.01362	0.01261	0.01016	0.00478	0.00365	0.00120	0.00303	0.00393	0.00365	0.00577
25	0.00787	0.07024	0.30596	0.00925	0.01156	0.00973	0.02340	0.00993	0.00658	0.02789	0.00581	0.00811	0.00498	0.02514	0.00773	0.00136	0.42089	0.00293	0.00165	0.03900
26	0.00944	0.00854	0.01390	0.02029	0.74963	0.02283	0.01041	0.02057	0.03947	0.05903	0.00747	0.00921	0.00606	0.00336	0.00356	0.00107	0.00419	0.00325	0.00202	0.00570
27	0.00434	0.00366	0.00376	0.00378	0.00497	0.00309	0.00286	0.00530	0.00828	0.00994	0.06801	0.03451	0.78949	0.00907	0.00428	0.00123	0.00187	0.03515	0.00336	0.00306
28	0.00438	0.00313	0.00417	0.00501	0.00522	0.00292	0.00334	0.00501	0.00689	0.00918	0.01983	0.87124	0.02379	0.01127	0.00459	0.00146	0.00209	0.01023	0.00334	0.00292
29	0.89899	0.00696	0.00529	0.00473	0.00696	0.00807	0.00390	0.01057	0.00612	0.01614	0.00501	0.00584	0.00390	0.00334	0.00223	0.00111	0.00278	0.00195	0.00223	0.00390
30	0.01212	0.01469	0.01267	0.02994	0.04417	0.59011	0.17789	0.05626	0.01005	0.01020	0.00614	0.00742	0.00492	0.00358	0.00349	0.00100	0.00615	0.00281	0.00193	0.00446
31	0.00895	0.00773	0.00813	0.00732	0.00935	0.00895	0.00569	0.01911	0.84465	0.01505	0.01464	0.01342	0.01098	0.00488	0.00366	0.00122	0.00285	0.00407	0.00366	0.00569
32	0.00518	0.00369	0.00497	0.00497	0.00533	0.00406	0.00348	0.00590	0.00554	0.00775	0.01038	0.01824	0.01078	0.39711	0.49164	0.00478	0.00695	0.00446	0.00204	0.00276
33	0.84181	0.06281	0.00616	0.00482	0.00710	0.00847	0.00404	0.01059	0.00620	0.01565	0.00501	0.00584	0.00394	0.00332	0.00223	0.00109	0.00285	0.00195	0.00218	0.00394
34	0.00570	0.00408	0.00566	0.00634	0.00717	0.00404	0.00547	0.00736	0.00854	0.01126	0.13126	0.03872	0.02249	0.00959	0.00487	0.00159	0.00309	0.71605	0.00340	0.00332
35	0.00623	0.00331	0.00352	0.00369	0.00440	0.00326	0.00268	0.00769	0.00741	0.01254	0.01340	0.18951	0.01221	0.00564	0.00294	0.00097	0.00176	0.00476	0.71081	0.00326
36	0.00472	0.00366	0.00430	0.00414	0.00515	0.00324	0.00310	0.00608	0.00931	0.01236	0.49280	0.03027	0.39168	0.00812	0.00425	0.00117	0.00175	0.00698	0.00369	0.00324
37	0.00438	0.00313	0.00417	0.00501	0.00522	0.00292	0.00334	0.00501	0.00689	0.00918	0.01983	0.87124	0.02379	0.01127	0.00459	0.00146	0.00209	0.01023	0.00334	0.00292
38	0.00849	0.00970	0.02122	0.01516	0.01880	0.00910	0.83808	0.01152	0.00849	0.01152	0.00728	0.00970	0.00546	0.00303	0.00424	0.00121	0.00606	0.00424	0.00182	0.00485
39	0.00962	0.87575	0.01885	0.00615	0.00923	0.01423	0.00615	0.01077	0.00731	0.00846	0.00500	0.00577	0.00462	0.00308	0.00231	0.00077	0.00385	0.00192	0.00154	0.00462
40	0.00523	0.00350	0.00396	0.00396	0.00398	0.00351	0.00223	0.00526	0.00524	0.00700	0.01130	0.02334	0.01299	0.85539	0.03639	0.00354	0.00362	0.00520	0.00217	0.00220
41	0.00721	0.01861	0.85495	0.01025	0.01557	0.00835	0.01329	0.01139	0.00759	0.01139	0.00646	0.00759	0.00456	0.00342	0.00342	0.00114	0.00532	0.00266	0.00152	0.00532
42	0.04205	0.00620	0.00829	0.00638	0.00914	0.00545	0.00527	0.02887	0.01027	0.81736	0.01384	0.01200	0.00872	0.00442	0.00358	0.00111	0.00307	0.00356	0.00437	0.00606
43	0.00451	0.00339	0.00421	0.00477	0.00533	0.00309	0.00340	0.00537	0.00754	0.00975	0.06773	0.52689	0.24519	0.01036	0.00452	0.00140	0.00211	0.08406	0.00337	0.00301
44	0.00895	0.00773	0.00813	0.00732	0.00935	0.00895	0.00569	0.01911	0.84465	0.01505	0.01464	0.01342	0.01098	0.00488	0.00366	0.00122	0.00285	0.00407	0.00366	0.00569
45	0.00746	0.00639	0.00746	0.00533	0.00852	0.00480	0.00426	0.00906	0.00746	0.01172	0.00639	0.00746	0.00533	0.00266	0.00266	0.00053	0.00266	0.00213	0.00213	0.89558
46	0.01344	0.01714	0.01019	0.00927	0.01112	0.85915	0.00695	0.01436	0.01019	0.00880	0.00556	0.00649	0.00463	0.00371	0.00324	0.00093	0.00649	0.00232	0.00185	0.00417
47	0.00450	0.00331	0.00424	0.00495	0.00533	0.00308	0.00340	0.00536	0.02130	0.00940	0.02161	0.72892	0.11785	0.01086	0.00455	0.00144	0.00212	0.04143	0.00334	0.00300
48	0.00449	0.00321	0.00430	0.00513	0.00539	0.00302	0.00353	0.00520	0.00699	0.00930	0.01977	0.80731	0.02355	0.01117	0.00462	0.00148	0.00218	0.07308	0.00334	0.00295
49	0.01614	0.00612	0.00835	0.00640	0.00918	0.00529	0.00529	0.01753	0.01030	0.85364	0.01419	0.01224	0.00890	0.00445	0.00362	0.00111	0.00306	0.00362	0.00445	0.00612
50	0.00685	0.00645	0.01090	0.84095	0.04830	0.00801	0.01002	0.00924	0.00722	0.00926	0.00640	0.00957	0.00482	0.00359	0.00360	0.00120	0.00478	0.00320	0.00160	0.00404
51	0.00895	0.00773	0.00813	0.00732	0.00935	0.00895	0.00569	0.01911	0.84465	0.01505	0.01464	0.01342	0.01098	0.00488	0.00366	0.00122	0.00285	0.00407	0.00366	0.00569
52	0.00455	0.00365	0.00407	0.00405	0.00510	0.00317	0.00305	0.00570	0.00872	0.01109	0.27123	0.06795	0.55225	0.00872	0.00429	0.00121	0.00184	0.03270	0.00352	0.00314
53	0.00721	0.01861	0.85495	0.01025	0.01557	0.00835	0.01329	0.01139	0.00759	0.01139	0.00646	0.00759	0.00456	0.00342	0.00342	0.00114	0.00532	0.00266	0.00152	0.00532
54	0.00895	0.00773	0.00813	0.00732	0.00935	0.00895	0.00569	0.01911	0.84465	0.01505	0.01464	0.01342	0.01098	0.00488	0.00366	0.00122	0.00285	0.00407	0.00366	0.00569
55	0.00506	0.00368	0.00476	0.00449	0.00535	0.00338	0.00337	0.00672	0.01010	0.01423	0.81501	0.02720	0.06831	0.00743	0.00424	0.00113	0.00170	0.00655	0.00393	0.00338
56	0.00753	0.01788	0.78753	0.01024	0.01537	0.00849	0.03253	0.04504	0.02123	0.01191	0.00669	0.00778	0.00474	0.00347	0.00345	0.00114	0.00524	0.00274	0.00164	0.00534
57	0.89899	0.00696	0.00529	0.00473	0.00696	0.00807	0.00390	0.01057	0.00612	0.01614	0.00501	0.00584	0.00390	0.00334	0.00223	0.00111	0.00278	0.00195	0.00223	0.00390
58	0.89899	0.00696	0.00529	0.00473	0.00696	0.00807	0.00390	0.01057	0.00612	0.01614	0.00501	0.00584	0.00390	0.00334	0.00223	0.00111	0.00278	0.00195	0.00223	0.00390
59	0.89899	0.00696	0.00529	0.00473	0.00696	0.00807	0.00390	0.01057	0.00612	0.01614	0.00501	0.00584	0.00390	0.00334	0.00223	0.00111	0.00278	0.00195	0.00223	0.00390
60	0.00474	0.00357	0.00433	0.00474	0.00547	0.00327	0.00346	0.00584	0.02472	0.01833	0.07726	0.41719	0.30667	0.00994	0.00446	0.00137	0.00213	0.09599	0.00339	0.00312
61	0.00480	0.00366	0.00441	0.00423	0.00520	0.00327	0.00317	0.00622	0.00947	0.01278	0.56551	0.03980	0.30841	0.00799	0.00425	0.00116	0.00174	0.00692	0.00374	0.00327
62	0.00497	0.00367	0.00446	0.00428	0.00524	0.00330	0.00320	0.00641	0.00948	0.02133	0.56906	0.04844	0.27078	0.00787	0.00421	0.00116	0.00176	0.00682	0.02025	0.00331
63	0.00450	0.00339	0.00402	0.00445	0.00500	0.00308	0.00306	0.00518	0.00719	0.00917	0.03265	0.44073	0.30284	0.12454	0.00630	0.00165	0.00222	0.03397	0.00319	0.00288
64	0.00444	0.00317	0.00424	0.00507	0.00531	0.00297	0.00344	0.00511	0.00694	0.00925	0.01979	0.83731	0.02366	0.01121	0.00461	0.00147	0.00214	0.04359	0.00334	0.00294
65	0.00444	0.00317	0.00424	0.00508	0.00531	0.00297	0.00344	0.00511	0.00695	0.00925	0.01979	0.83624	0.02366	0.01121	0.00461	0.00147	0.00214	0.04463	0.00334	0.00294
66	0.00863	0.00834	0.01392	0.19577	0.55347	0.02210	0.06503	0.03789	0.00823	0.01141	0.00669	0.00901	0.00546	0.00343	0.00390	0.00112	0.03534	0.00326	0.00180	0.00521
67	0.16264	0.00881	0.00884	0.00756	0.02416	0.03759	0.00596	0.33001	0.34429	0.01788	0.01028	0.01000	0.00762	0.00434	0.00338	0.00114	0.00340	0.00332	0.00330	0.00550
68	0.00550	0.00399	0.00540	0.00602	0.00685	0.00389	0.00510	0.00704	0.00843	0.01103	0.12032	0.08020	0.09871	0.00962	0.00480	0.00154	0.00292	0.61198	0.00339	0.00328
69	0.01233	0.05679	0.01117	0.04592	0.09899	0.30188	0.02566	0.22114	0.08148	0.09784	0.00813	0.00860	0.00610	0.00393	0.00343	0.00103	0.00475	0.00298	0.00267	0.00517
70	0.01367	0.01008	0.01080	0.00828	0.01115	0.01115	0.00684	0.83915	0.01691	0.02267	0.00864	0.00864	0.00612	0.00432	0.00360	0.00108	0.00396	0.00324	0.00360	0.00612
71	0.00455	0.00332	0.00453	0.00556	0.03304	0.00312	0.00359	0.00524	0.00700	0.00937	0.03637	0.82560	0.02340	0.01092	0.00455	0.00144	0.00215	0.00992	0.00330	0.00302
72	0.00854	0.00824	0.01425	0.15891	0.68300	0.00848	0.04436	0.01076	0.00804	0.01133	0.00673	0.00905	0.00554	0.00326	0.00359	0.00110	0.00443	0.00325	0.00175	0.00539
73	0.00850	0.00968	0.02107	0.01532	0.03829	0.00908	0.81872	0.01151	0.00848	0.01153	0.00727	0.00968	0.00546	0.00304	0.00423	0.00121	0.00602	0.00422	0.00182	0.00487
74	0.00441	0.00314	0.00417	0.00497	0.00517	0.00294	0.00330	0.00502	0.00683	0.00911	0.01955	0.84336	0.02344	0.03963	0.00504	0.00153	0.00213	0.01006	0.00330	0.00290
75	0.00538	0.00399	0.00580	0.00573	0.00634	0.00468	0.00445	0.00664	0.00589	0.00870	0.00961	0.01401	0.00891	0.04419	0.73831	0.00517	0.04781	0.00382	0.06735	0.00323
76	0.00971	0.00805	0.00842	0.00741	0.00954	0.02374	0.00581	0.09433	0.72472	0.04522	0.01392	0.01282	0.01035	0.00479	0.00365	0.00120	0.00302	0.00394	0.00365	0.00572
77	0.00534	0.00386	0.00522	0.00595	0.00665	0.00376	0.00491	0.00668	0.00791	0.01028	0.02863	0.22489	0.08419	0.03037	0.00513	0.00162	0.00291	0.55522	0.00330	0.00318
78	0.04577	0.00839	0.00888	0.00738	0.00974	0.02927	0.00591	0.29966	0.38159	0.11065	0.04574	0.01173	0.00958	0.00465	0.00359	0.00115	0.00329	0.00371	0.00364	0.00569
79	0.00580	0.00414	0.00580	0.00662	0.00745	0.00414	0.00580	0.00745	0.00828	0.01076	0.01905	0.04057	0.02070	0.00994	0.00497	0.00166	0.00331	0.82694	0.00331	0.00331
80	0.00962	0.87575	0.01885	0.00615	0.00923	0.01423	0.00615	0.01077	0.00731	0.00846	0.00500	0.00577	0.00462	0.00308	0.00231	0.00077	0.00385	0.00192	0.00154	0.00462
81	0.00490	0.00367	0.00455	0.00433	0.00526	0.00331	0.00325	0.00642	0.00974	0.01336	0.66606	0.02862	0.21779	0.00775	0.00424	0.00115	0.00173	0.00675	0.00382	0.00331
82	0.00787	0.00787	0.01102	0.00944	0.00944	0.01102	0.00787	0.00866	0.00551	0.00866	0.00472	0.00787	0.00472	0.00630	0.01180	0.00157	0.86700	0.00315	0.00157	0.00393
83	0.01292	0.01007	0.04226	0.04244	0.06178	0.04588	0.03651	0.58734	0.01448	0.09717	0.00870	0.00893	0.00616	0.00413	0.00360	0.00109	0.00416	0.00325	0.00328	0.00585
84	0.00705	0.00681	0.01077	0.83182	0.02425	0.04094	0.00987	0.00939	0.00731	0.00918	0.00636	0.00947	0.00479	0.00360	0.00358	0.00119	0.00486	0.00316	0.00161	0.00400
85	0.00515	0.00381	0.00554	0.00554	0.00610	0.00437	0.00420	0.00627	0.00571	0.00817	0.00986	0.01535	0.00952	0.13701	0.75002	0.00548	0.00884	0.00403	0.00196	0.00308
86	0.00686	0.00647	0.01092	0.83655	0.05261	0.00801	0.01002	0.00925	0.00723	0.00928	0.00641	0.00957	0.00483	0.00358	0.00360	0.00119	0.00478	0.00320	0.00160	0.00405
87	0.00913	0.00782	0.00824	0.00736	0.00942	0.00903	0.00574	0.05086	0.81261	0.01534	0.01441	0.01324	0.01079	0.00486	0.00366	0.00121	0.00289	0.00403	0.00366	0.00571
88	0.00775	0.03665	0.77225	0.01005	0.01509	0.04152	0.01265	0.04289	0.00804	0.01166	0.00647	0.00755	0.00462	0.00346	0.00339	0.00112	0.00528	0.00265	0.00161	0.00529
89	0.01556	0.00667	0.00865	0.00665	0.00941	0.00613	0.00548	0.14088	0.01129	0.71314	0.02883	0.01197	0.00895	0.00449	0.00363	0.00111	0.00317	0.00361	0.00431	0.00607
90	0.00795	0.00777	0.01109	0.00940	0.00970	0.01053	0.04124	0.04078	0.00609	0.00930	0.00529	0.00837	0.00508	0.00740	0.06504	0.00181	0.74424	0.00324	0.00168	0.00401

[dist]
# distance from previous block
# <min> <max>
0	1

[block]
# block no. 5 follows, 77 sequences, length 36
# corresponding to MSA columns:
# 944-979
name=unknown_F
#
# <colnr> <probs for GDERKNQSTAVLIFYWHMCP>
#	G	D	E	R	K	N	Q	S	T	A	V	L	I	F	Y	W	H	M	C	P
0	0.10194	0.22069	0.04576	0.00994	0.01294	0.09043	0.29674	0.09470	0.04930	0.01221	0.00672	0.00800	0.00530	0.00346	0.00355	0.00106	0.02736	0.00307	0.00205	0.00479
1	0.00952	0.59257	0.11199	0.03075	0.01075	0.05841	0.03086	0.05063	0.03930	0.00981	0.00596	0.00700	0.00512	0.02037	0.00300	0.00093	0.00421	0.00234	0.00175	0.00473
2	0.00506	0.00373	0.00476	0.00449	0.00541	0.00338	0.00336	0.00664	0.00980	0.01373	0.72171	0.05839	0.10557	0.00752	0.00421	0.00113	0.00175	0.00662	0.00383	0.02891
3	0.00603	0.00468	0.00579	0.00525	0.00645	0.00465	0.02021	0.03966	0.14387	0.01440	0.60265	0.02432	0.09409	0.00690	0.00413	0.00115	0.00206	0.00604	0.00381	0.00386
4	0.28519	0.00663	0.00678	0.00557	0.00789	0.05327	0.00451	0.01338	0.00848	0.37906	0.02159	0.01000	0.00728	0.00396	0.00298	0.00103	0.00295	0.00294	0.11415	0.06234
5	0.00679	0.00639	0.01079	0.86494	0.02477	0.00799	0.00999	0.00919	0.00719	0.00919	0.00639	0.00959	0.00480	0.00360	0.00360	0.00120	0.00480	0.00320	0.00160	0.00400
6	0.00523	0.00349	0.00392	0.00392	0.00392	0.00349	0.00218	0.00523	0.00523	0.00697	0.01133	0.02354	0.01308	0.87359	0.01831	0.00349	0.00349	0.00523	0.00218	0.00218
7	0.01344	0.01714	0.01019	0.00927	0.01112	0.85915	0.00695	0.01436	0.01019	0.00880	0.00556	0.00649	0.00463	0.00371	0.00324	0.00093	0.00649	0.00232	0.00185	0.00417
8	0.00721	0.01861	0.85495	0.01025	0.01557	0.00835	0.01329	0.01139	0.00759	0.01139	0.00646	0.00759	0.00456	0.00342	0.00342	0.00114	0.00532	0.00266	0.00152	0.00532
9	0.00679	0.00639	0.01079	0.86494	0.02477	0.00799	0.00999	0.00919	0.00719	0.00919	0.00639	0.00959	0.00480	0.00360	0.00360	0.00120	0.00480	0.00320	0.00160	0.00400
10	0.00517	0.00346	0.00394	0.00400	0.00402	0.00345	0.00226	0.00521	0.00535	0.00714	0.01195	0.08528	0.01386	0.81078	0.01731	0.00334	0.00339	0.00559	0.00226	0.00223
11	0.00436	0.00352	0.00389	0.00415	0.00507	0.00305	0.00304	0.00522	0.00784	0.00962	0.03107	0.26657	0.58421	0.00974	0.00438	0.00130	0.00196	0.04465	0.00334	0.00302
12	0.00438	0.00313	0.00417	0.00501	0.00522	0.00292	0.00334	0.00501	0.00689	0.00918	0.01983	0.87124	0.02379	0.01127	0.00459	0.00146	0.00209	0.01023	0.00334	0.00292
13	0.01367	0.01008	0.01080	0.00828	0.01115	0.01115	0.00684	0.83915	0.01691	0.02267	0.00864	0.00864	0.00612	0.00432	0.00360	0.00108	0.00396	0.00324	0.00360	0.00612
14	0.00438	0.00313	0.00417	0.00501	0.00522	0.00292	0.00334	0.00501	0.00689	0.00918	0.01983	0.87124	0.02379	0.01127	0.00459	0.00146	0.00209	0.01023	0.00334	0.00292
15	0.38081	0.00675	0.00707	0.00577	0.00821	0.01987	0.00473	0.06322	0.00896	0.40108	0.05284	0.01004	0.00789	0.00412	0.00307	0.00111	0.00298	0.00303	0.00341	0.00503
16	0.02369	0.12342	0.01169	0.00826	0.03958	0.02094	0.00670	0.61965	0.01453	0.05170	0.00814	0.00830	0.00594	0.00404	0.00337	0.00102	0.00389	0.00301	0.00321	0.03892
17	0.00804	0.00627	0.00497	0.00474	0.00573	0.17672	0.00355	0.00948	0.00794	0.01211	0.01028	0.01223	0.00831	0.03647	0.00350	0.00097	0.02650	0.00321	0.65548	0.00349
18	0.00957	0.07988	0.14996	0.05628	0.26538	0.04929	0.08218	0.09584	0.00905	0.06747	0.00718	0.00847	0.00552	0.00340	0.00340	0.00102	0.00442	0.00298	0.00211	0.09659
19	0.01081	0.11026	0.01248	0.16080	0.09682	0.18726	0.06237	0.23346	0.06758	0.01344	0.00732	0.00845	0.00565	0.00376	0.00342	0.00105	0.00471	0.00301	0.00235	0.00501
20	0.00668	0.00349	0.00353	0.00350	0.00438	0.00351	0.00263	0.00859	0.03160	0.01340	0.03011	0.01415	0.02763	0.00438	0.00262	0.00086	0.00171	0.00353	0.83029	0.00341
21	0.00472	0.00330	0.00438	0.00508	0.00544	0.00308	0.00353	0.00551	0.00728	0.02414	0.07058	0.72390	0.04707	0.01076	0.00457	0.00144	0.00216	0.06664	0.00339	0.00304
22	0.00506	0.00365	0.00478	0.00463	0.00541	0.00338	0.00345	0.00664	0.00976	0.01374	0.73825	0.09447	0.03228	0.02367	0.00455	0.00122	0.00182	0.03605	0.00385	0.00333
23	0.00491	0.00360	0.00443	0.00454	0.00536	0.00325	0.00335	0.00610	0.00869	0.02679	0.35088	0.24337	0.26192	0.00892	0.00436	0.00126	0.00194	0.04952	0.00360	0.00322
24	0.00990	0.81321	0.01822	0.00638	0.00937	0.07577	0.00621	0.01103	0.00752	0.00849	0.00504	0.00582	0.00462	0.00312	0.00238	0.00078	0.00404	0.00195	0.00156	0.00458
25	0.00970	0.85753	0.01868	0.00620	0.00927	0.01417	0.00617	0.02820	0.00751	0.00876	0.00508	0.00583	0.00465	0.00310	0.00234	0.00078	0.00385	0.00195	0.00158	0.00465
26	0.00819	0.08737	0.38886	0.06430	0.03941	0.00923	0.28561	0.05362	0.00834	0.01164	0.00672	0.00835	0.00499	0.00331	0.00362	0.00113	0.00531	0.00320	0.00174	0.00507
27	0.00455	0.00320	0.00426	0.00503	0.00526	0.00302	0.00341	0.00515	0.00682	0.00908	0.01899	0.75980	0.02262	0.05518	0.00556	0.02496	0.00225	0.05474	0.00323	0.00287
28	0.01228	0.02456	0.01011	0.02730	0.02889	0.64763	0.01669	0.03975	0.10755	0.01026	0.03688	0.00824	0.00650	0.00396	0.00335	0.00098	0.00570	0.00275	0.00218	0.00442
29	0.00486	0.00367	0.00448	0.00428	0.00523	0.00329	0.00321	0.00634	0.00963	0.01312	0.62335	0.02902	0.26066	0.00784	0.00424	0.00115	0.00173	0.00681	0.00379	0.00329
30	0.00438	0.00313	0.00417	0.00501	0.00522	0.00292	0.00334	0.00501	0.00689	0.00918	0.01983	0.87124	0.02379	0.01127	0.00459	0.00146	0.00209	0.01023	0.00334	0.00292
31	0.00746	0.00639	0.00746	0.00533	0.00852	0.00480	0.00426	0.00906	0.00746	0.01172	0.00639	0.00746	0.00533	0.00266	0.00266	0.00053	0.00266	0.00213	0.00213	0.89558
32	0.00436	0.00349	0.00386	0.00409	0.00495	0.00303	0.00292	0.00519	0.00779	0.00967	0.06650	0.28011	0.54079	0.04051	0.00485	0.00136	0.00195	0.00823	0.00333	0.00299
33	0.01356	0.01002	0.01073	0.00825	0.01111	0.01110	0.00681	0.81937	0.03688	0.02249	0.00878	0.00875	0.00623	0.00433	0.00360	0.00108	0.00393	0.00326	0.00360	0.00611
34	0.28246	0.00861	0.00936	0.03294	0.05954	0.00953	0.02792	0.42275	0.04055	0.04983	0.00787	0.00859	0.00583	0.00400	0.00322	0.00111	0.00362	0.01402	0.00300	0.00527
35	0.32011	0.00739	0.00907	0.03293	0.11817	0.00887	0.00658	0.03417	0.00692	0.09113	0.00647	0.02706	0.00542	0.00467	0.00600	0.00128	0.30424	0.00294	0.00220	0.00440

[dist]
# distance from previous block
# <min> <max>
0	1

[block]
# block no. 6 follows, 77 sequences, length 9
# corresponding to MSA columns:
# 981-989
name=unknown_G
#
# <colnr> <probs for GDERKNQSTAVLIFYWHMCP>
#	G	D	E	R	K	N	Q	S	T	A	V	L	I	F	Y	W	H	M	C	P
0	0.00883	0.00669	0.03210	0.02535	0.35640	0.00629	0.00732	0.03711	0.02474	0.15800	0.01257	0.22579	0.03582	0.04098	0.00445	0.00128	0.00341	0.00524	0.00278	0.00484
1	0.03467	0.19587	0.06679	0.00877	0.04176	0.30795	0.02882	0.13268	0.05010	0.04343	0.00683	0.00762	0.00543	0.00420	0.01932	0.00108	0.03502	0.00265	0.00220	0.00481
2	0.00547	0.00433	0.00544	0.00495	0.00616	0.00401	0.03786	0.06245	0.00960	0.01271	0.38467	0.06704	0.34504	0.00789	0.00424	0.00119	0.00214	0.02776	0.00356	0.00348
3	0.00800	0.04958	0.17693	0.01336	0.32557	0.00778	0.06250	0.01124	0.09906	0.03208	0.10908	0.06945	0.01065	0.00448	0.00368	0.00113	0.00393	0.00408	0.00235	0.00507
4	0.00941	0.00727	0.06023	0.01916	0.03162	0.00588	0.03378	0.03145	0.09879	0.18876	0.01081	0.03030	0.04902	0.00392	0.00325	0.00088	0.00309	0.00328	0.00284	0.40625
5	0.05034	0.00525	0.04461	0.00614	0.04423	0.00474	0.00458	0.09702	0.00894	0.01244	0.19217	0.33839	0.12759	0.00825	0.00416	0.00128	0.00250	0.04040	0.00329	0.00368
6	0.00837	0.05372	0.12052	0.00801	0.05222	0.03156	0.07767	0.06224	0.00834	0.04607	0.00792	0.07610	0.00685	0.00373	0.00319	0.00085	0.00361	0.00320	0.00225	0.42356
7	0.00949	0.04775	0.04467	0.05514	0.07943	0.00614	0.06199	0.01129	0.00838	0.20844	0.04450	0.01091	0.04495	0.00374	0.00327	0.00089	0.00332	0.00321	0.00267	0.34984
8	0.06921	0.00799	0.02901	0.02972	0.11613	0.03424	0.07462	0.12839	0.14490	0.12715	0.08275	0.02408	0.00951	0.00425	0.00352	0.00107	0.00355	0.00364	0.00297	0.10328

[dist]
# distance from previous block
# <min> <max>
2	25

[block]
# block no. 7 follows, 77 sequences, length 10
# corresponding to MSA columns:
# 1016-1025
name=unknown_H
#
# <colnr> <probs for GDERKNQSTAVLIFYWHMCP>
#	G	D	E	R	K	N	Q	S	T	A	V	L	I	F	Y	W	H	M	C	P
0	0.00937	0.13277	0.16474	0.02727	0.09281	0.07575	0.26959	0.04127	0.04073	0.06478	0.04115	0.00940	0.00672	0.00357	0.00359	0.00109	0.00490	0.00338	0.00211	0.00501
1	0.00833	0.00906	0.11212	0.02027	0.14143	0.07530	0.11462	0.07535	0.05584	0.04120	0.02958	0.10100	0.11697	0.00523	0.00379	0.00113	0.00396	0.01935	0.00255	0.06292
2	0.00817	0.01628	0.65859	0.01078	0.06953	0.00848	0.03318	0.08934	0.00862	0.03505	0.00718	0.00866	0.00526	0.00364	0.00350	0.00114	0.00504	0.02033	0.00186	0.00538
3	0.00437	0.00317	0.00413	0.00490	0.00519	0.00293	0.00329	0.00502	0.00699	0.00923	0.02116	0.80406	0.09011	0.01110	0.00456	0.00144	0.00207	0.01001	0.00334	0.00293
4	0.00919	0.11414	0.16416	0.06183	0.28814	0.02217	0.06791	0.01216	0.07562	0.09986	0.02308	0.02116	0.01722	0.00376	0.00348	0.00109	0.00425	0.00333	0.00221	0.00525
5	0.02521	0.12901	0.46246	0.00974	0.07589	0.02704	0.01017	0.09213	0.00873	0.06844	0.02055	0.04116	0.00627	0.00388	0.00334	0.00108	0.00456	0.00305	0.00207	0.00521
6	0.00468	0.00347	0.00441	0.00504	0.00553	0.00327	0.00358	0.00578	0.03301	0.00981	0.05534	0.61002	0.13819	0.01048	0.00454	0.00143	0.00218	0.09281	0.00337	0.00308
7	0.00856	0.00831	0.01431	0.01973	0.68841	0.00825	0.09001	0.01096	0.03525	0.01170	0.00901	0.01081	0.06103	0.00363	0.00368	0.00110	0.00424	0.00362	0.00195	0.00544
8	0.00861	0.15707	0.47988	0.02618	0.04531	0.04464	0.01028	0.07475	0.02771	0.03794	0.02858	0.02991	0.00625	0.00380	0.00331	0.00107	0.00467	0.00295	0.00195	0.00513
9	0.01270	0.03010	0.07314	0.00898	0.03333	0.05133	0.04736	0.58734	0.04218	0.06465	0.00863	0.00880	0.00617	0.00413	0.00357	0.00108	0.00420	0.00322	0.00323	0.00585

[dist]
# distance from previous block
# <min> <max>
2	4

[block]
# block no. 8 follows, 77 sequences, length 30
# corresponding to MSA columns:
# 1032-1047,1055-1068
name=unknown_I
#
# <colnr> <probs for GDERKNQSTAVLIFYWHMCP>
#	G	D	E	R	K	N	Q	S	T	A	V	L	I	F	Y	W	H	M	C	P
0	0.07230	0.03176	0.06278	0.02799	0.02004	0.00801	0.00588	0.06602	0.45363	0.03896	0.13891	0.01437	0.03404	0.00501	0.00360	0.00117	0.00297	0.00413	0.00334	0.00509
1	0.00937	0.02783	0.02799	0.01466	0.22674	0.00868	0.39823	0.07073	0.00893	0.06680	0.00749	0.00925	0.00573	0.00333	0.00402	0.00111	0.02877	0.00360	0.00211	0.07463
2	0.00716	0.00608	0.00712	0.00523	0.00816	0.00462	0.00415	0.00872	0.00763	0.01177	0.05895	0.03328	0.02593	0.00333	0.00285	0.00061	0.00257	0.00274	0.00230	0.79679
3	0.00774	0.00432	0.00554	0.00494	0.00623	0.00394	0.00375	0.00933	0.03068	0.21444	0.45237	0.06318	0.10221	0.06894	0.00510	0.00132	0.00221	0.00594	0.00386	0.00396
4	0.68559	0.00687	0.00599	0.00515	0.00741	0.00766	0.00422	0.06161	0.00733	0.13040	0.00662	0.00715	0.00486	0.00382	0.00283	0.02600	0.00288	0.00231	0.01703	0.00426
5	0.00974	0.08409	0.06853	0.00690	0.03260	0.01938	0.00579	0.21204	0.01038	0.10184	0.12278	0.01159	0.01008	0.04495	0.00399	0.00103	0.00331	0.00336	0.01215	0.23547
6	0.00444	0.00322	0.00419	0.00485	0.00520	0.00298	0.00329	0.00519	0.00730	0.00971	0.09854	0.72415	0.09220	0.01073	0.00453	0.00141	0.00203	0.00966	0.00340	0.00298
7	0.00518	0.00368	0.00460	0.00446	0.00537	0.00332	0.00331	0.00657	0.00938	0.03917	0.55503	0.12968	0.20067	0.00810	0.00427	0.00119	0.00181	0.00709	0.00377	0.00335
8	0.05822	0.10748	0.02476	0.06343	0.18400	0.22874	0.04894	0.08871	0.03798	0.11327	0.00750	0.00836	0.00573	0.00366	0.00332	0.00103	0.00463	0.00289	0.00234	0.00502
9	0.02233	0.00452	0.00566	0.03659	0.04619	0.02876	0.01226	0.01866	0.00739	0.01777	0.03904	0.48036	0.04892	0.00834	0.00447	0.00129	0.05529	0.00727	0.15151	0.00339
