[name]
unknown

[dist]
# distance from previous block
# <min> <max>
0	40

[block]
# block no. 0 follows, 88 sequences, length 21
# corresponding to MSA columns:
# 50-70
name=unknown_A
#
# <colnr> <probs for GDERKNQSTAVLIFYWHMCP>
#	G	D	E	R	K	N	Q	S	T	A	V	L	I	F	Y	W	H	M	C	P
0	0.00765	0.20114	0.55042	0.00818	0.01203	0.00856	0.02573	0.01042	0.00687	0.07948	0.00601	0.00686	0.00445	0.00323	0.00333	0.00097	0.05610	0.00237	0.00159	0.00462
1	0.03657	0.00416	0.00448	0.00420	0.00524	0.00429	0.00316	0.06765	0.10886	0.01103	0.07811	0.01837	0.23113	0.10463	0.08716	0.00161	0.00270	0.00445	0.21893	0.00326
2	0.00586	0.00444	0.00528	0.00506	0.00605	0.00445	0.01800	0.18066	0.03416	0.01130	0.06661	0.45227	0.17721	0.00797	0.00383	0.00117	0.00224	0.00699	0.00306	0.00336
3	0.00408	0.00311	0.00363	0.00393	0.00452	0.00280	0.00276	0.00478	0.00673	0.00856	0.07417	0.34349	0.36452	0.11188	0.00544	0.00143	0.00196	0.04668	0.00291	0.00263
4	0.82409	0.00618	0.00501	0.00439	0.00644	0.00701	0.00362	0.01009	0.00585	0.09581	0.00528	0.00580	0.00393	0.00309	0.00212	0.00100	0.00252	0.00189	0.00219	0.00369
5	0.00392	0.00319	0.00345	0.00357	0.00443	0.00274	0.00259	0.00472	0.00720	0.00889	0.09239	0.18834	0.61973	0.03485	0.00425	0.00119	0.00172	0.00712	0.00301	0.00271
6	0.00767	0.00700	0.01161	0.17979	0.27463	0.00735	0.17255	0.03185	0.15631	0.03985	0.02589	0.00997	0.02301	0.00345	0.00333	0.00103	0.00380	0.00335	0.03302	0.00454
7	0.42417	0.00534	0.00493	0.00449	0.00599	0.00594	0.00352	0.03822	0.12674	0.01330	0.14592	0.01208	0.02454	0.06876	0.00367	0.00116	0.00233	0.01679	0.08857	0.00354
8	0.00874	0.03583	0.04191	0.06715	0.28488	0.19829	0.10600	0.05313	0.02922	0.01018	0.00598	0.00743	0.00484	0.00310	0.00331	0.00091	0.03069	0.00267	0.00175	0.10398
9	0.12854	0.61051	0.01374	0.00573	0.00820	0.09932	0.00530	0.01059	0.07628	0.00903	0.00525	0.00582	0.00453	0.00298	0.00225	0.00078	0.00350	0.00192	0.00165	0.00410
10	0.07216	0.00427	0.00507	0.00472	0.00526	0.00477	0.00335	0.06393	0.01945	0.02556	0.00886	0.01563	0.00916	0.46065	0.20953	0.00308	0.07587	0.00388	0.00201	0.00277
11	0.00576	0.00405	0.00496	0.00462	0.00565	0.00399	0.00349	0.00849	0.15845	0.07035	0.54707	0.09157	0.06596	0.00640	0.00371	0.00106	0.00182	0.00560	0.00347	0.00353
12	0.00404	0.00310	0.00373	0.00416	0.00477	0.00279	0.00301	0.00482	0.00686	0.00872	0.04992	0.44062	0.34857	0.00914	0.00403	0.00123	0.00188	0.09287	0.00301	0.00271
13	0.00424	0.00322	0.00389	0.00407	0.00473	0.00296	0.00291	0.00541	0.03335	0.00994	0.28077	0.34138	0.25752	0.02525	0.00416	0.00119	0.00175	0.00725	0.00316	0.00285
14	0.01344	0.00530	0.00710	0.00556	0.00786	0.00467	0.00459	0.03104	0.00910	0.75301	0.01262	0.01189	0.00833	0.00415	0.00321	0.00100	0.00267	0.03192	0.07733	0.00521
15	0.03232	0.00694	0.00816	0.00641	0.00883	0.00710	0.00525	0.30149	0.14120	0.43075	0.01093	0.00993	0.00733	0.00399	0.00322	0.00100	0.00299	0.00316	0.00359	0.00539
16	0.00948	0.57142	0.08441	0.00636	0.00924	0.01158	0.00622	0.24629	0.00900	0.01138	0.00551	0.00604	0.00452	0.00310	0.00248	0.00080	0.00359	0.00211	0.00190	0.00457
17	0.00806	0.00702	0.00940	0.07838	0.24784	0.03967	0.04223	0.09440	0.24459	0.02387	0.00980	0.01270	0.00816	0.00421	0.00334	0.00106	0.00338	0.10155	0.05577	0.00458
18	0.02032	0.00596	0.00700	0.02028	0.03092	0.02409	0.00481	0.09531	0.23356	0.28260	0.11097	0.02947	0.08098	0.00494	0.00340	0.00105	0.00266	0.03367	0.00337	0.00465
19	0.01037	0.00627	0.00701	0.02759	0.00796	0.07783	0.00474	0.13518	0.05065	0.33666	0.10608	0.08364	0.03399	0.00494	0.00353	0.00102	0.02601	0.01818	0.05388	0.00447
20	0.05846	0.00604	0.00677	0.00585	0.00769	0.04410	0.00468	0.03612	0.25063	0.33472	0.03852	0.01474	0.02638	0.05685	0.00411	0.00120	0.00283	0.09240	0.00330	0.00460

[dist]
# distance from previous block
# <min> <max>
0	1

[block]
# block no. 1 follows, 88 sequences, length 8
# corresponding to MSA columns:
# 72-79
name=unknown_B
#
# <colnr> <probs for GDERKNQSTAVLIFYWHMCP>
#	G	D	E	R	K	N	Q	S	T	A	V	L	I	F	Y	W	H	M	C	P
0	0.00752	0.00684	0.01015	0.39405	0.05220	0.02656	0.07357	0.14951	0.03131	0.01054	0.00637	0.00861	0.00504	0.00538	0.07580	0.00143	0.12628	0.00300	0.00183	0.00401
1	0.36363	0.00838	0.00772	0.00625	0.00854	0.06749	0.00511	0.46699	0.01098	0.01722	0.00629	0.00664	0.00462	0.00350	0.00273	0.00097	0.00330	0.00240	0.00264	0.00459
2	0.00631	0.00391	0.00449	0.00397	0.00545	0.00329	0.00308	0.00733	0.00787	0.18846	0.10321	0.02456	0.54951	0.00676	0.00360	0.00102	0.00191	0.00564	0.00318	0.06643
3	0.00562	0.00436	0.00505	0.00482	0.00592	0.00439	0.00373	0.08451	0.13899	0.01182	0.27084	0.12311	0.21934	0.00705	0.00379	0.00113	0.00209	0.09677	0.00323	0.00345
4	0.00572	0.00468	0.00717	0.02667	0.07271	0.00454	0.10942	0.02908	0.02811	0.03047	0.35639	0.07175	0.13967	0.00629	0.00426	0.04001	0.01889	0.03790	0.00285	0.00341
5	0.00528	0.00377	0.00474	0.00520	0.00587	0.02764	0.00412	0.00637	0.00720	0.04797	0.07269	0.30160	0.06827	0.03341	0.00451	0.00138	0.00253	0.39148	0.00300	0.00296
6	0.00848	0.08541	0.01267	0.05186	0.64831	0.04510	0.00891	0.01049	0.03536	0.05342	0.00644	0.00796	0.00526	0.00301	0.00309	0.00094	0.00381	0.00279	0.00175	0.00493
7	0.02058	0.27620	0.07124	0.03665	0.02941	0.05448	0.08222	0.08134	0.03766	0.14075	0.02579	0.00813	0.01750	0.00360	0.00362	0.00094	0.08868	0.00271	0.00213	0.01637

[dist]
# distance from previous block
# <min> <max>
0	1

[block]
# block no. 2 follows, 88 sequences, length 11
# corresponding to MSA columns:
# 81-91
name=unknown_C
#
# <colnr> <probs for GDERKNQSTAVLIFYWHMCP>
#	G	D	E	R	K	N	Q	S	T	A	V	L	I	F	Y	W	H	M	C	P
0	0.02439	0.52902	0.10069	0.00646	0.00926	0.06878	0.01922	0.09489	0.06497	0.04660	0.00595	0.00641	0.00482	0.00311	0.00250	0.00081	0.00368	0.00216	0.00184	0.00443
1	0.00784	0.37034	0.25192	0.00706	0.00984	0.03647	0.02755	0.00967	0.00680	0.05169	0.05643	0.00767	0.00608	0.00436	0.03989	0.00110	0.09695	0.00248	0.00167	0.00420
2	0.00809	0.57218	0.14179	0.03490	0.03401	0.05113	0.02117	0.00959	0.00671	0.00829	0.00543	0.03665	0.00489	0.00322	0.00268	0.00082	0.02941	0.00227	0.02265	0.00414
3	0.00769	0.00732	0.01245	0.06046	0.77166	0.00742	0.00950	0.00958	0.00718	0.01025	0.00622	0.00832	0.00526	0.00423	0.05763	0.00123	0.00416	0.00291	0.00160	0.00490
4	0.00648	0.00576	0.03362	0.00644	0.03045	0.00581	0.04609	0.04975	0.33382	0.01126	0.01608	0.11062	0.13881	0.04629	0.00426	0.00126	0.00273	0.14358	0.00291	0.00397
5	0.00658	0.00533	0.00814	0.23580	0.07506	0.00600	0.05786	0.03357	0.02514	0.06232	0.00901	0.06437	0.03310	0.18999	0.08131	0.00189	0.09519	0.00389	0.00199	0.00347
6	0.00754	0.02072	0.09701	0.08724	0.27685	0.06099	0.08387	0.02993	0.05316	0.03735	0.08321	0.02180	0.05924	0.00385	0.00344	0.00099	0.02183	0.00343	0.00205	0.04552
7	0.00410	0.00306	0.00380	0.00423	0.00474	0.00280	0.00301	0.00488	0.00684	0.00890	0.10913	0.48371	0.23206	0.03980	0.00447	0.00130	0.00191	0.07552	0.00302	0.00270
8	0.10028	0.00949	0.00899	0.00767	0.04841	0.16582	0.00591	0.50409	0.01218	0.07796	0.00741	0.02418	0.00552	0.00377	0.00307	0.00096	0.00379	0.00279	0.00280	0.00491
9	0.06482	0.29764	0.10025	0.00919	0.18922	0.05253	0.02754	0.04340	0.03282	0.03639	0.00583	0.00673	0.00474	0.00295	0.00265	0.00082	0.00360	0.00228	0.00176	0.11485
10	0.02969	0.00831	0.01065	0.08747	0.24613	0.12131	0.03338	0.09048	0.00738	0.01003	0.00553	0.00755	0.00472	0.00465	0.03363	0.00124	0.28917	0.00278	0.00170	0.00419

[dist]
# distance from previous block
# <min> <max>
0	1

[block]
# block no. 3 follows, 88 sequences, length 30
# corresponding to MSA columns:
# 93-122
name=unknown_D
#
# <colnr> <probs for GDERKNQSTAVLIFYWHMCP>
#	G	D	E	R	K	N	Q	S	T	A	V	L	I	F	Y	W	H	M	C	P
0	0.00550	0.00346	0.00454	0.00474	0.00544	0.00325	0.00350	0.00674	0.03623	0.10365	0.19361	0.46024	0.04709	0.00833	0.00396	0.00122	0.00203	0.10008	0.00323	0.00315
1	0.00504	0.00353	0.00482	0.00538	0.00607	0.00343	0.00446	0.00633	0.00741	0.02747	0.10087	0.19076	0.05633	0.00878	0.00428	0.00138	0.00257	0.55507	0.00306	0.00296
2	0.05211	0.00527	0.00640	0.00540	0.00722	0.00510	0.00431	0.12410	0.04789	0.39780	0.01347	0.15386	0.05137	0.00530	0.00332	0.00105	0.00255	0.03274	0.07623	0.00450
3	0.00517	0.00356	0.00421	0.00417	0.00488	0.00363	0.00310	0.00689	0.07683	0.00999	0.15508	0.02027	0.11128	0.17749	0.12542	0.00200	0.00304	0.08077	0.19927	0.00293
4	0.01797	0.00653	0.00690	0.00588	0.00765	0.03709	0.00466	0.23996	0.26070	0.08055	0.12749	0.01431	0.09130	0.00485	0.00331	0.00102	0.00266	0.01703	0.06563	0.00450
5	0.90928	0.00625	0.00475	0.00425	0.00625	0.00725	0.00350	0.00950	0.00550	0.01449	0.00450	0.00525	0.00350	0.00300	0.00200	0.00100	0.00250	0.00175	0.00200	0.00350
6	0.01984	0.07951	0.67294	0.00865	0.01281	0.08655	0.01048	0.01078	0.05091	0.01006	0.00599	0.00686	0.00439	0.00314	0.00298	0.00098	0.00463	0.00237	0.00150	0.00463
7	0.05011	0.06224	0.05907	0.00746	0.01025	0.00701	0.15876	0.14334	0.03896	0.30613	0.00873	0.00874	0.00606	0.00339	0.00311	0.00093	0.00346	0.00294	0.00277	0.11654
8	0.90928	0.00625	0.00475	0.00425	0.00625	0.00725	0.00350	0.00950	0.00550	0.01449	0.00450	0.00525	0.00350	0.00300	0.00200	0.00100	0.00250	0.00175	0.00200	0.00350
9	0.00864	0.88841	0.01693	0.00553	0.00829	0.01278	0.00553	0.00967	0.00656	0.00760	0.00449	0.00518	0.00415	0.00276	0.00207	0.00069	0.00345	0.00173	0.00138	0.00415
10	0.00870	0.00640	0.00710	0.03002	0.00832	0.00706	0.00491	0.11564	0.50244	0.11032	0.08265	0.01298	0.04060	0.00454	0.00329	0.00105	0.00258	0.00376	0.04281	0.00482
11	0.00616	0.00430	0.00499	0.00460	0.00551	0.03183	0.00339	0.02530	0.07561	0.09102	0.42108	0.07848	0.05481	0.15725	0.00598	0.00141	0.01658	0.00526	0.00314	0.00329
12	0.00755	0.00842	0.01681	0.16209	0.05476	0.04119	0.63994	0.01007	0.00747	0.00990	0.00632	0.00855	0.00478	0.00284	0.00365	0.00107	0.00520	0.00354	0.00160	0.00424
13	0.00527	0.00379	0.00417	0.00405	0.00436	0.00397	0.00250	0.00684	0.15151	0.00751	0.01069	0.01958	0.01142	0.73514	0.01419	0.00278	0.00303	0.00452	0.00219	0.00250
14	0.08541	0.00588	0.00714	0.00583	0.00795	0.00579	0.00479	0.14478	0.07222	0.45627	0.08050	0.01347	0.01015	0.00458	0.00330	0.00105	0.00276	0.07970	0.00353	0.00488
15	0.00706	0.13524	0.57373	0.00828	0.01213	0.00802	0.03934	0.07789	0.00743	0.01051	0.00689	0.08642	0.00581	0.00372	0.00307	0.00100	0.00425	0.00301	0.00168	0.00454
16	0.00468	0.00329	0.00470	0.00477	0.00516	0.00365	0.00349	0.00533	0.00509	0.00716	0.00932	0.08413	0.00948	0.15977	0.57529	0.09966	0.00660	0.00405	0.00183	0.00256
17	0.00427	0.00338	0.00369	0.00366	0.00463	0.00302	0.00273	0.00560	0.04302	0.00995	0.20658	0.09680	0.54263	0.00763	0.00374	0.00108	0.00166	0.00649	0.04654	0.00290
18	0.04237	0.00899	0.15264	0.01068	0.11951	0.00744	0.27103	0.13944	0.00865	0.10985	0.02195	0.04759	0.00666	0.00371	0.00350	0.00105	0.01364	0.02442	0.00224	0.00465
19	0.00890	0.00758	0.08926	0.23572	0.27846	0.00688	0.09430	0.01097	0.00756	0.21710	0.00762	0.00885	0.00549	0.00324	0.00327	0.00102	0.00394	0.00302	0.00212	0.00471
20	0.01131	0.01352	0.00906	0.00849	0.04690	0.68722	0.00621	0.08871	0.00930	0.00912	0.00559	0.00665	0.00464	0.00505	0.07326	0.00120	0.00576	0.00230	0.00181	0.00389
21	0.00661	0.00424	0.00508	0.00473	0.00597	0.00401	0.00370	0.09564	0.02079	0.13611	0.15556	0.15312	0.28183	0.00719	0.00378	0.00113	0.00218	0.10154	0.00326	0.00352
22	0.00714	0.04595	0.02964	0.11618	0.11145	0.00732	0.43759	0.02324	0.00727	0.02523	0.00784	0.11215	0.00696	0.00466	0.04144	0.00126	0.00466	0.00407	0.00182	0.00412
23	0.00400	0.00287	0.00388	0.00456	0.00478	0.00275	0.00309	0.00461	0.00610	0.00818	0.01698	0.80520	0.02016	0.01140	0.08308	0.00166	0.00249	0.00866	0.00288	0.00265
24	0.00493	0.00487	0.08400	0.00618	0.04389	0.00451	0.00496	0.00628	0.00550	0.00793	0.00895	0.08233	0.00863	0.03074	0.65784	0.00421	0.02553	0.00380	0.00179	0.00313
25	0.03840	0.01877	0.13665	0.05295	0.28364	0.02771	0.03218	0.22894	0.07936	0.03697	0.00742	0.01556	0.00576	0.00350	0.00319	0.00100	0.00380	0.01702	0.00223	0.00493
26	0.00474	0.00366	0.00476	0.00547	0.04309	0.00345	0.00424	0.00596	0.00739	0.00940	0.05075	0.08784	0.31107	0.00840	0.00414	0.00130	0.00243	0.43598	0.00294	0.00296
27	0.00678	0.00640	0.01077	0.63929	0.10391	0.00748	0.08556	0.04585	0.04446	0.00943	0.00626	0.00868	0.00474	0.00323	0.00328	0.00106	0.00425	0.00299	0.00163	0.00396
28	0.00999	0.01325	0.11255	0.00788	0.00976	0.58259	0.00658	0.01124	0.00808	0.00824	0.00556	0.00692	0.00469	0.00605	0.11548	0.00143	0.04276	0.00232	0.00164	0.04301
29	0.53020	0.05784	0.03120	0.00707	0.10687	0.10904	0.01222	0.02940	0.00649	0.01239	0.00540	0.02156	0.01357	0.00333	0.00276	0.00098	0.04176	0.00221	0.00189	0.00382

[dist]
# distance from previous block
# <min> <max>
1	2

[block]
# block no. 4 follows, 88 sequences, length 9
# corresponding to MSA columns:
# 126-134
name=unknown_E
#
# <colnr> <probs for GDERKNQSTAVLIFYWHMCP>
#	G	D	E	R	K	N	Q	S	T	A	V	L	I	F	Y	W	H	M	C	P
0	0.07223	0.14139	0.38425	0.00809	0.06230	0.02489	0.00826	0.05915	0.07305	0.01109	0.05948	0.00805	0.00632	0.00341	0.00306	0.00095	0.02400	0.00260	0.00185	0.04558
1	0.00496	0.00321	0.00426	0.00473	0.00526	0.00298	0.00344	0.00578	0.00680	0.07490	0.05204	0.59992	0.07118	0.00921	0.00408	0.00129	0.00208	0.13787	0.00309	0.00292
2	0.08869	0.11299	0.00941	0.04665	0.00947	0.02501	0.00562	0.46891	0.10785	0.01588	0.00829	0.07225	0.00674	0.00415	0.00305	0.00098	0.00329	0.00320	0.00278	0.00479
3	0.00706	0.00594	0.00681	0.00511	0.00773	0.00502	0.00407	0.05761	0.11033	0.01158	0.05324	0.00835	0.00683	0.00295	0.00263	0.00061	0.00243	0.00239	0.00224	0.69706
4	0.00823	0.00830	0.07822	0.14355	0.16730	0.08915	0.03208	0.14117	0.03736	0.03291	0.00689	0.01927	0.00557	0.00581	0.10026	0.00145	0.05391	0.00291	0.00198	0.06369
5	0.09054	0.00583	0.04346	0.00537	0.00753	0.00508	0.00450	0.08340	0.00853	0.42911	0.02511	0.06432	0.06150	0.04144	0.00367	0.00106	0.00268	0.00362	0.03924	0.07398
6	0.00911	0.00509	0.00728	0.00608	0.00779	0.00479	0.08511	0.04668	0.07357	0.33707	0.14682	0.18395	0.03184	0.00576	0.00362	0.00110	0.00265	0.03405	0.00337	0.00427
7	0.01085	0.00562	0.00743	0.00662	0.06087	0.00552	0.00495	0.10933	0.00892	0.44843	0.05859	0.07962	0.05866	0.04194	0.00453	0.00115	0.07499	0.00401	0.00330	0.00465
8	0.00903	0.00837	0.00906	0.06837	0.00976	0.14580	0.00632	0.19468	0.02107	0.03741	0.00613	0.01915	0.00513	0.00488	0.02676	0.00119	0.33461	0.00279	0.01596	0.07352

[dist]
# distance from previous block
# <min> <max>
0	1

[block]
# block no. 5 follows, 88 sequences, length 12
# corresponding to MSA columns:
# 136-147
name=unknown_F
#
# <colnr> <probs for GDERKNQSTAVLIFYWHMCP>
#	G	D	E	R	K	N	Q	S	T	A	V	L	I	F	Y	W	H	M	C	P
0	0.00488	0.00356	0.00440	0.00435	0.00458	0.00379	0.00299	0.00514	0.00534	0.00711	0.01308	0.07162	0.12437	0.45823	0.04807	0.07631	0.09160	0.06613	0.00212	0.00233
1	0.00538	0.00436	0.00506	0.00478	0.00596	0.00434	0.00360	0.00843	0.21731	0.01074	0.18615	0.18423	0.17222	0.00799	0.07250	0.00138	0.00252	0.00554	0.00297	0.09455
2	0.00710	0.00837	0.12420	0.58030	0.01907	0.07608	0.07068	0.05885	0.00732	0.00935	0.00587	0.00811	0.00438	0.00322	0.00323	0.00104	0.00453	0.00282	0.00156	0.00393
3	0.06105	0.01685	0.00904	0.19977	0.17641	0.11362	0.05126	0.07023	0.01611	0.00959	0.00703	0.01996	0.00648	0.20937	0.00633	0.00150	0.01662	0.00325	0.00183	0.00371
4	0.00848	0.01049	0.18462	0.00848	0.07251	0.18828	0.06396	0.14240	0.05054	0.02257	0.01116	0.01160	0.15439	0.00428	0.00352	0.00100	0.03588	0.00341	0.01816	0.00426
5	0.00419	0.00306	0.00396	0.00432	0.00481	0.00283	0.00308	0.00512	0.00728	0.00982	0.27865	0.48653	0.11009	0.00878	0.00402	0.00121	0.00180	0.05450	0.00317	0.00278
6	0.01155	0.00736	0.12236	0.00787	0.09556	0.00599	0.00641	0.05234	0.00846	0.51543	0.01006	0.00980	0.00680	0.00507	0.05492	0.00127	0.06756	0.00306	0.00305	0.00507
7	0.00800	0.14198	0.24912	0.02560	0.09763	0.12216	0.03623	0.04484	0.03035	0.04122	0.00917	0.00986	0.09181	0.00370	0.00297	0.00093	0.00388	0.00294	0.07336	0.00426
8	0.04588	0.00610	0.00691	0.00578	0.00728	0.01806	0.00454	0.35644	0.00993	0.07424	0.09443	0.01148	0.00894	0.07722	0.09955	0.12143	0.01806	0.00336	0.02645	0.00394
9	0.00513	0.00374	0.00462	0.00493	0.00553	0.00370	0.00356	0.11735	0.00755	0.00999	0.01729	0.65149	0.06814	0.00909	0.00401	0.00127	0.00217	0.07438	0.00303	0.00304
10	0.00617	0.00673	0.09606	0.57583	0.11647	0.00673	0.00845	0.00817	0.00637	0.00846	0.00637	0.01002	0.00536	0.12011	0.00496	0.00133	0.00414	0.00307	0.00152	0.00367
11	0.10229	0.03247	0.00906	0.07058	0.02481	0.00879	0.00590	0.52349	0.04833	0.13037	0.00805	0.00811	0.00568	0.00373	0.00308	0.00098	0.00336	0.00283	0.00300	0.00509

[dist]
# distance from previous block
# <min> <max>
4	6

[block]
# block no. 6 follows, 88 sequences, length 10
# corresponding to MSA columns:
# 159-168
name=unknown_G
#
# <colnr> <probs for GDERKNQSTAVLIFYWHMCP>
#	G	D	E	R	K	N	Q	S	T	A	V	L	I	F	Y	W	H	M	C	P
0	0.00485	0.00342	0.00433	0.00408	0.00492	0.00317	0.00306	0.00647	0.02956	0.03249	0.70832	0.04506	0.10006	0.00663	0.00375	0.00102	0.00160	0.00582	0.02828	0.00312
1	0.01134	0.07394	0.01038	0.00836	0.01021	0.62982	0.05711	0.10018	0.00931	0.00932	0.00530	0.00622	0.00435	0.00343	0.00332	0.00088	0.04848	0.00228	0.00179	0.00398
2	0.05952	0.00393	0.00463	0.00465	0.00549	0.00393	0.00344	0.07877	0.03362	0.02724	0.17163	0.37181	0.10882	0.02545	0.01807	0.00127	0.00219	0.04994	0.02244	0.00316
3	0.00391	0.00291	0.00365	0.00423	0.00462	0.00265	0.00288	0.00453	0.00644	0.00835	0.02102	0.70085	0.20280	0.00970	0.00406	0.00126	0.00182	0.00868	0.00300	0.00265
4	0.00422	0.00313	0.00398	0.00436	0.00493	0.00289	0.00321	0.00517	0.00723	0.00955	0.20267	0.41519	0.18865	0.00882	0.00404	0.00123	0.00190	0.12293	0.00312	0.00278
5	0.50386	0.00591	0.00599	0.00493	0.00715	0.00612	0.00406	0.01233	0.00720	0.40146	0.00824	0.00785	0.00554	0.00345	0.00257	0.00100	0.00261	0.00243	0.00291	0.00440
6	0.90928	0.00625	0.00475	0.00425	0.00625	0.00725	0.00350	0.00950	0.00550	0.01449	0.00450	0.00525	0.00350	0.00300	0.00200	0.00100	0.00250	0.00175	0.00200	0.00350
7	0.00519	0.00390	0.00571	0.13212	0.00791	0.00447	0.00448	0.00637	0.00578	0.03111	0.07311	0.01407	0.02435	0.12306	0.49439	0.00364	0.03350	0.00373	0.02014	0.00298
8	0.08612	0.67511	0.04289	0.00578	0.00852	0.01179	0.00564	0.11477	0.00755	0.00986	0.00494	0.00556	0.00426	0.00293	0.00224	0.00076	0.00343	0.00190	0.00166	0.00428
9	0.01970	0.10992	0.18120	0.00730	0.04427	0.01789	0.04814	0.09559	0.12207	0.04258	0.06282	0.05323	0.01923	0.00383	0.00303	0.00091	0.00330	0.00318	0.00228	0.15956

[dist]
# distance from previous block
# <min> <max>
1	8

[block]
# block no. 7 follows, 88 sequences, length 12
# corresponding to MSA columns:
# 177-188
name=unknown_H
#
# <colnr> <probs for GDERKNQSTAVLIFYWHMCP>
#	G	D	E	R	K	N	Q	S	T	A	V	L	I	F	Y	W	H	M	C	P
0	0.34426	0.03696	0.06272	0.02411	0.30000	0.00766	0.03487	0.02342	0.09685	0.01238	0.02463	0.00761	0.00545	0.00319	0.00275	0.00099	0.00326	0.00256	0.00197	0.00437
1	0.04886	0.00554	0.00650	0.00499	0.00739	0.00468	0.00397	0.05977	0.00727	0.09496	0.00754	0.06157	0.00641	0.00469	0.06304	0.00097	0.00289	0.00268	0.02241	0.58389
2	0.09015	0.07027	0.18267	0.00856	0.07809	0.02532	0.09558	0.14807	0.03845	0.10560	0.00745	0.02732	0.00590	0.05536	0.00421	0.00114	0.04617	0.00299	0.00221	0.00452
3	0.00394	0.00281	0.00375	0.00450	0.00469	0.00262	0.00300	0.00450	0.00619	0.00825	0.01781	0.88435	0.02137	0.01012	0.00412	0.00131	0.00187	0.00918	0.00300	0.00262
4	0.05846	0.00448	0.00540	0.00520	0.00582	0.05069	0.00392	0.02879	0.00553	0.00797	0.00800	0.01256	0.00773	0.14888	0.52435	0.06659	0.04763	0.00338	0.00178	0.00282
5	0.06202	0.00491	0.00696	0.00597	0.00699	0.00523	0.09831	0.13790	0.00672	0.00959	0.00753	0.02901	0.00709	0.13138	0.20849	0.24485	0.01873	0.00341	0.00193	0.00297
6	0.00433	0.00334	0.00402	0.00429	0.00512	0.00304	0.00337	0.00540	0.00749	0.00955	0.14870	0.14220	0.39909	0.00841	0.00403	0.00122	0.00202	0.23849	0.00307	0.00283
7	0.00864	0.88841	0.01693	0.00553	0.00829	0.01278	0.00553	0.00967	0.00656	0.00760	0.00449	0.00518	0.00415	0.00276	0.00207	0.00069	0.00345	0.00173	0.00138	0.00415
8	0.00526	0.03193	0.00670	0.00718	0.11842	0.00495	0.00489	0.00647	0.00550	0.00788	0.00809	0.01189	0.00754	0.04370	0.68169	0.00432	0.03533	0.00334	0.00170	0.00321
9	0.00402	0.00290	0.00394	0.00459	0.00483	0.00281	0.00313	0.00466	0.00606	0.00815	0.01661	0.77035	0.01963	0.01197	0.11785	0.00182	0.00276	0.00844	0.00283	0.00266
10	0.42807	0.00607	0.00637	0.00516	0.00744	0.00624	0.00426	0.06659	0.00789	0.41939	0.00861	0.00813	0.00576	0.00353	0.00267	0.00100	0.00269	0.00253	0.00303	0.00457
11	0.01158	0.00812	0.00831	0.00677	0.00901	0.09906	0.00544	0.31394	0.22588	0.24157	0.01070	0.01002	0.02638	0.00408	0.00323	0.00100	0.00329	0.00319	0.00328	0.00515

[dist]
# distance from previous block
# <min> <max>
0	1

[block]
# block no. 8 follows, 88 sequences, length 27
# corresponding to MSA columns:
# 190-216
name=unknown_I
#
# <colnr> <probs for GDERKNQSTAVLIFYWHMCP>
#	G	D	E	R	K	N	Q	S	T	A	V	L	I	F	Y	W	H	M	C	P
0	0.00621	0.00471	0.00626	0.00670	0.09439	0.01537	0.03459	0.11195	0.00800	0.03267	0.08916	0.30677	0.08484	0.01947	0.04351	0.00134	0.00280	0.05678	0.07101	0.00348
1	0.04834	0.00520	0.00678	0.00615	0.05085	0.01779	0.02244	0.04414	0.02786	0.30831	0.26559	0.06408	0.05914	0.00529	0.00385	0.00105	0.05126	0.00442	0.00327	0.00419
2	0.00779	0.07611	0.18467	0.03630	0.26542	0.00758	0.05713	0.10804	0.02222	0.01131	0.00713	0.00826	0.03578	0.00316	0.00302	0.00089	0.00373	0.00274	0.00185	0.15688
3	0.00610	0.05328	0.00671	0.00535	0.00658	0.00433	0.08188	0.00779	0.03705	0.09845	0.48965	0.15508	0.02226	0.00625	0.00369	0.00105	0.00221	0.00562	0.00321	0.00348
4	0.00720	0.02476	0.00769	0.07098	0.05711	0.07527	0.00478	0.00866	0.00691	0.01009	0.00567	0.00681	0.00470	0.00257	0.00254	0.00058	0.00292	0.00205	0.00183	0.69687
5	0.00473	0.00346	0.00469	0.00464	0.00496	0.00388	0.00331	0.00541	0.00498	0.00701	0.00911	0.01589	0.00942	0.37025	0.49875	0.00423	0.03699	0.00394	0.00181	0.00253
6	0.15917	0.00512	0.00622	0.00506	0.00710	0.00476	0.00410	0.01264	0.00825	0.54778	0.05980	0.04999	0.05062	0.00444	0.00308	0.00100	0.00247	0.00356	0.06022	0.00462
7	0.11166	0.00521	0.00642	0.00521	0.00717	0.00492	0.00416	0.02204	0.05809	0.52868	0.10174	0.01273	0.01031	0.08549	0.00437	0.00120	0.00260	0.00351	0.01987	0.00462
8	0.00718	0.00704	0.01001	0.08869	0.01004	0.00949	0.03309	0.02944	0.05299	0.00853	0.00503	0.00756	0.00461	0.00523	0.00913	0.00134	0.70243	0.00291	0.00157	0.00370
9	0.90928	0.00625	0.00475	0.00425	0.00625	0.00725	0.00350	0.00950	0.00550	0.01449	0.00450	0.00525	0.00350	0.00300	0.00200	0.00100	0.00250	0.00175	0.00200	0.00350
10	0.00523	0.00355	0.00513	0.00507	0.00570	0.00395	0.00389	0.00627	0.00549	0.05941	0.00954	0.03167	0.00909	0.11013	0.68514	0.00452	0.00739	0.03392	0.00196	0.00295
11	0.54968	0.00635	0.00597	0.00497	0.00711	0.00693	0.00409	0.13288	0.00775	0.19718	0.00699	0.00713	0.00495	0.00337	0.00245	0.00098	0.00266	0.00229	0.04204	0.00419
12	0.39767	0.00609	0.00693	0.00574	0.00779	0.00638	0.06692	0.09846	0.00785	0.21877	0.03938	0.05858	0.00776	0.00419	0.00289	0.00105	0.00285	0.05379	0.00275	0.00415
13	0.00525	0.00428	0.00517	0.08531	0.00681	0.05635	0.00398	0.00610	0.00575	0.00750	0.01071	0.05005	0.03514	0.30996	0.29065	0.00315	0.00509	0.10405	0.00201	0.00268
14	0.00455	0.00315	0.00394	0.00405	0.00424	0.00322	0.00261	0.00495	0.00528	0.00720	0.05520	0.16668	0.01361	0.51777	0.18670	0.00313	0.00395	0.00527	0.00217	0.00231
15	0.03110	0.00536	0.00583	0.00511	0.00657	0.00575	0.00400	0.18387	0.19955	0.05985	0.10975	0.07019	0.01136	0.00467	0.00304	0.00096	0.00228	0.00385	0.28278	0.00411
16	0.00537	0.00407	0.00479	0.00501	0.00562	0.03422	0.00365	0.02459	0.08533	0.03065	0.01480	0.39912	0.03599	0.12427	0.10727	0.00197	0.00321	0.10434	0.00272	0.00301
17	0.13367	0.00828	0.00871	0.00675	0.00926	0.00904	0.00557	0.64044	0.02570	0.05594	0.00749	0.00756	0.00536	0.00368	0.00302	0.00095	0.00329	0.00272	0.00302	0.05956
18	0.00425	0.00349	0.00377	0.00381	0.00478	0.00316	0.00281	0.00575	0.07520	0.00944	0.10866	0.16755	0.57974	0.00804	0.00382	0.00112	0.00174	0.00686	0.00308	0.00293
19	0.00430	0.00308	0.00410	0.00473	0.00507	0.00298	0.00342	0.00505	0.00631	0.00836	0.01698	0.56509	0.04358	0.07950	0.05350	0.00170	0.00257	0.18417	0.00284	0.00266
20	0.00851	0.83582	0.06838	0.00575	0.00864	0.01246	0.00591	0.00971	0.00658	0.00776	0.00457	0.00528	0.00414	0.00278	0.00213	0.00071	0.00353	0.00177	0.00138	0.00418
21	0.00687	0.00691	0.06186	0.49817	0.18563	0.02442	0.00875	0.00888	0.00675	0.03368	0.00659	0.00988	0.00540	0.00366	0.00375	0.00108	0.06150	0.04963	0.01261	0.00398
22	0.00598	0.01217	0.06555	0.00618	0.00702	0.02349	0.00520	0.00741	0.04697	0.03281	0.00843	0.02089	0.00802	0.08569	0.36131	0.04261	0.19194	0.06321	0.00188	0.00323
23	0.00535	0.00437	0.00631	0.00593	0.00633	0.00549	0.00470	0.00625	0.00511	0.00758	0.00741	0.01117	0.00700	0.03128	0.56787	0.04765	0.23913	0.00327	0.02481	0.00297
24	0.00737	0.02655	0.01088	0.26087	0.32589	0.03922	0.02085	0.03020	0.04016	0.00950	0.00628	0.02622	0.00532	0.00442	0.03565	0.00122	0.14050	0.00301	0.00166	0.00423
25	0.00783	0.05201	0.13454	0.00805	0.13999	0.02790	0.00626	0.04345	0.00735	0.07511	0.00643	0.00740	0.00508	0.00358	0.03421	0.00088	0.00340	0.00232	0.00196	0.43225
26	0.05126	0.59533	0.04251	0.00673	0.05665	0.08988	0.00589	0.02140	0.07482	0.00892	0.01753	0.00630	0.00501	0.00304	0.00238	0.00078	0.00359	0.00207	0.00165	0.00423

[dist]
# distance from previous block
# <min> <max>
0	2

[block]
# block no. 9 follows, 88 sequences, length 25
# corresponding to MSA columns:
# 219-243
name=unknown_J
#
# <colnr> <probs for GDERKNQSTAVLIFYWHMCP>
#	G	D	E	R	K	N	Q	S	T	A	V	L	I	F	Y	W	H	M	C	P
0	0.00537	0.00368	0.00465	0.00496	0.00587	0.00348	0.00407	0.02531	0.00751	0.05836	0.02090	0.14055	0.25287	0.00834	0.00408	0.00130	0.00242	0.41517	0.02805	0.00306
1	0.00917	0.08824	0.00888	0.00692	0.02354	0.03772	0.00548	0.20796	0.52735	0.01424	0.01057	0.01005	0.00796	0.00402	0.00313	0.00101	0.00299	0.00320	0.00299	0.02459
2	0.00579	0.00711	0.16852	0.13417	0.05895	0.00554	0.07357	0.00833	0.08103	0.01006	0.14520	0.13486	0.06763	0.05623	0.01411	0.00124	0.00331	0.00462	0.00230	0.01743
3	0.01827	0.16152	0.51628	0.00903	0.07123	0.01732	0.04067	0.01029	0.01491	0.05583	0.00669	0.00757	0.02659	0.00326	0.00315	0.00097	0.02765	0.00254	0.00161	0.00461
4	0.00720	0.07747	0.61362	0.04418	0.02369	0.00781	0.11467	0.01042	0.00702	0.05549	0.00616	0.00724	0.00442	0.00306	0.00311	0.00101	0.00463	0.00259	0.00154	0.00467
5	0.44110	0.00586	0.00619	0.00503	0.00729	0.00594	0.00415	0.01277	0.00746	0.46136	0.00881	0.00826	0.00585	0.00352	0.00265	0.00100	0.00263	0.00253	0.00305	0.00454
6	0.00450	0.00336	0.00460	0.00494	0.01627	0.00343	0.00361	0.00543	0.00662	0.00904	0.16544	0.34698	0.08070	0.01204	0.18997	0.02222	0.03409	0.08123	0.00272	0.00283
7	0.03209	0.14151	0.23595	0.03959	0.18933	0.02362	0.00808	0.12038	0.02928	0.09633	0.02205	0.00860	0.02454	0.00345	0.00301	0.00096	0.00377	0.01066	0.00208	0.00474
8	0.00421	0.00318	0.00392	0.00435	0.00485	0.00299	0.00303	0.00540	0.05526	0.00911	0.10586	0.59519	0.17248	0.00909	0.00399	0.00123	0.00184	0.00811	0.00307	0.00283
9	0.00416	0.00303	0.00393	0.00455	0.00494	0.00283	0.00326	0.00490	0.00655	0.00858	0.03682	0.60472	0.12344	0.03258	0.00446	0.00135	0.00205	0.14219	0.00298	0.00268
10	0.00754	0.02373	0.05218	0.28053	0.39479	0.05135	0.07416	0.02058	0.03189	0.00988	0.01919	0.00838	0.00527	0.00312	0.00323	0.00100	0.00417	0.00293	0.00164	0.00446
11	0.00699	0.00641	0.02435	0.07588	0.39827	0.04165	0.03345	0.00859	0.00723	0.03967	0.01042	0.17314	0.02086	0.00528	0.00358	0.00112	0.00346	0.13338	0.00216	0.00412
12	0.04431	0.00315	0.00308	0.00306	0.00387	0.00319	0.00231	0.00761	0.00672	0.01215	0.01028	0.01176	0.00808	0.00373	0.00225	0.00076	0.00155	0.00296	0.86614	0.00303
13	0.00506	0.00393	0.00449	0.00439	0.00529	0.02150	0.00325	0.00709	0.10717	0.02866	0.36415	0.17742	0.21917	0.01917	0.00396	0.00113	0.00189	0.01588	0.00324	0.00319
14	0.03539	0.23565	0.15331	0.04930	0.14439	0.05911	0.07441	0.03214	0.04165	0.06748	0.02460	0.00825	0.02249	0.01465	0.00326	0.00096	0.02399	0.00271	0.00186	0.00442
15	0.00646	0.01585	0.80534	0.00894	0.01344	0.00736	0.01136	0.01033	0.04199	0.01030	0.00650	0.03625	0.00491	0.00336	0.00311	0.00104	0.00459	0.00267	0.00150	0.00472
16	0.00462	0.00330	0.00408	0.00438	0.00498	0.00308	0.00309	0.02492	0.03082	0.03514	0.12508	0.55089	0.17585	0.00884	0.00396	0.00121	0.00187	0.00786	0.00311	0.00292
17	0.00811	0.01667	0.10147	0.04413	0.32085	0.03788	0.22919	0.05014	0.01666	0.04066	0.00639	0.00814	0.00504	0.00365	0.02114	0.00112	0.07933	0.00306	0.00175	0.00463
18	0.00748	0.00792	0.07525	0.24686	0.42911	0.02979	0.02300	0.02113	0.09543	0.01024	0.00686	0.02061	0.00552	0.00326	0.00322	0.00101	0.00395	0.00300	0.00176	0.00460
19	0.00610	0.00574	0.00969	0.87870	0.02225	0.00718	0.00897	0.00825	0.00646	0.00825	0.00574	0.00861	0.00431	0.00323	0.00323	0.00108	0.00431	0.00287	0.00144	0.00359
20	0.00442	0.00309	0.00391	0.00439	0.00463	0.00299	0.00301	0.00495	0.00592	0.00782	0.01538	0.41962	0.03633	0.31236	0.00843	0.00197	0.00250	0.15319	0.00264	0.00246
21	0.00505	0.00414	0.00474	0.00414	0.00566	0.00347	0.00317	0.00641	0.03108	0.01014	0.17394	0.06235	0.32974	0.02867	0.00372	0.00096	0.00197	0.03297	0.00274	0.28494
22	0.03610	0.00337	0.00397	0.00401	0.00486	0.00307	0.00298	0.00566	0.00767	0.03599	0.29164	0.21019	0.32750	0.00782	0.00383	0.00113	0.00177	0.04234	0.00317	0.00293
23	0.01061	0.30181	0.04733	0.00770	0.03341	0.47497	0.00634	0.06610	0.00855	0.00878	0.00507	0.00584	0.00427	0.00316	0.00267	0.00081	0.00480	0.00205	0.00166	0.00407
24	0.00456	0.00331	0.00407	0.00433	0.00473	0.00318	0.00290	0.00540	0.04102	0.00802	0.01472	0.44953	0.04178	0.28429	0.03110	0.00193	0.00254	0.03610	0.00259	0.05391

[dist]
# distance from previous block
# <min> <max>
0	1

[block]
# block no. 10 follows, 88 sequences, length 16
# corresponding to MSA columns:
# 245-260
name=unknown_K
#
# <colnr> <probs for GDERKNQSTAVLIFYWHMCP>
#	G	D	E	R	K	N	Q	S	T	A	V	L	I	F	Y	W	H	M	C	P
0	0.32613	0.02801	0.00762	0.03066	0.06948	0.19967	0.00525	0.08857	0.11672	0.05789	0.02798	0.00760	0.00575	0.00347	0.00271	0.00096	0.00349	0.00248	0.01142	0.00416
1	0.00471	0.00321	0.00391	0.00396	0.00425	0.00318	0.00263	0.00514	0.00577	0.00780	0.12728	0.04253	0.06989	0.49229	0.07558	0.05275	0.00314	0.07357	0.01611	0.00231
2	0.03451	0.03601	0.03585	0.01070	0.27241	0.10192	0.04905	0.05983	0.10243	0.01073	0.03738	0.09273	0.03993	0.01676	0.04458	0.00125	0.00379	0.04369	0.00221	0.00423
3	0.00494	0.00339	0.00430	0.00411	0.00491	0.00316	0.00307	0.00651	0.02861	0.03797	0.64953	0.09862	0.07342	0.00671	0.00372	0.00103	0.00162	0.00590	0.05539	0.00311
4	0.00734	0.05552	0.01144	0.19832	0.38415	0.00718	0.07962	0.01906	0.02732	0.03580	0.06115	0.01103	0.02624	0.03205	0.00372	0.00108	0.00374	0.02903	0.00189	0.00434
5	0.00540	0.00385	0.00484	0.00493	0.04411	0.00363	0.00345	0.03190	0.03618	0.05612	0.40476	0.10163	0.19347	0.06888	0.00465	0.00121	0.00198	0.02259	0.00318	0.00323
6	0.00442	0.00332	0.00389	0.00375	0.00468	0.00293	0.00281	0.00559	0.00825	0.02928	0.44064	0.04974	0.41430	0.00737	0.00381	0.00106	0.00161	0.00632	0.00329	0.00294
7	0.05906	0.51886	0.01329	0.02041	0.02911	0.06117	0.00562	0.10431	0.14108	0.01041	0.00629	0.00670	0.00518	0.00320	0.00248	0.00082	0.00343	0.00223	0.00194	0.00440
8	0.00822	0.03373	0.02313	0.04825	0.66872	0.00747	0.02232	0.01027	0.02852	0.05898	0.00656	0.00813	0.00530	0.00296	0.00313	0.00094	0.00371	0.00284	0.00178	0.05504
9	0.00894	0.50808	0.14718	0.00712	0.03607	0.20004	0.00673	0.01031	0.00713	0.00811	0.00489	0.00580	0.00421	0.00319	0.00276	0.02773	0.00417	0.00198	0.00145	0.00410
10	0.90928	0.00625	0.00475	0.00425	0.00625	0.00725	0.00350	0.00950	0.00550	0.01449	0.00450	0.00525	0.00350	0.00300	0.00200	0.00100	0.00250	0.00175	0.00200	0.00350
11	0.00508	0.00359	0.00410	0.00389	0.00502	0.00320	0.00298	0.00638	0.03401	0.08229	0.22982	0.02668	0.52182	0.00785	0.03077	0.00120	0.00198	0.02304	0.00319	0.00312
12	0.00665	0.00651	0.03389	0.37359	0.14059	0.00750	0.01799	0.02557	0.05216	0.00937	0.05540	0.03573	0.02391	0.00426	0.00488	0.00113	0.19185	0.00334	0.00179	0.00389
13	0.00813	0.22405	0.20918	0.00840	0.08329	0.03666	0.06750	0.10474	0.07383	0.03366	0.07174	0.00914	0.02193	0.00417	0.02916	0.00106	0.00391	0.00291	0.00205	0.00449
14	0.00485	0.00430	0.06552	0.03081	0.00620	0.00348	0.00402	0.00621	0.02193	0.03812	0.24581	0.35479	0.12171	0.00785	0.00388	0.00118	0.00215	0.07107	0.00302	0.00309
15	0.02062	0.23696	0.25674	0.00773	0.03293	0.04567	0.07717	0.05061	0.06044	0.01015	0.00669	0.05557	0.00567	0.00339	0.00285	0.00088	0.00382	0.00275	0.00179	0.11758

[dist]
# distance from previous block
# <min> <max>
0	32

# created by:
# /home/simao/soft/augustus-3.0.3/scripts/msa2prfl.pl ./prep/89715.aln
