[name]
unknown

[dist]
# distance from previous block
# <min> <max>
0	338

[block]
# block no. 0 follows, 80 sequences, length 18
# corresponding to MSA columns:
# 1036-1038,1040-1054
name=unknown_A
#
# <colnr> <probs for GDERKNQSTAVLIFYWHMCP>
#	G	D	E	R	K	N	Q	S	T	A	V	L	I	F	Y	W	H	M	C	P
0	0.18474	0.05344	0.00726	0.00604	0.00724	0.00632	0.03838	0.00783	0.00607	0.01012	0.00823	0.03002	0.00776	0.04295	0.37462	0.00314	0.09720	0.04235	0.02708	0.03922
1	0.05436	0.00820	0.09332	0.13267	0.21771	0.02535	0.07562	0.03017	0.05976	0.10723	0.02063	0.02234	0.06461	0.00458	0.01554	0.00120	0.03280	0.02683	0.00233	0.00474
2	0.00763	0.07224	0.65481	0.00898	0.01342	0.00810	0.01101	0.05009	0.00784	0.04927	0.00791	0.00883	0.03912	0.00459	0.04029	0.00127	0.00495	0.00284	0.00179	0.00501
3	0.00814	0.21325	0.47623	0.00862	0.01263	0.00927	0.04312	0.01197	0.10723	0.05071	0.00750	0.02367	0.00574	0.00358	0.00316	0.00104	0.00441	0.00282	0.00190	0.00502
4	0.00779	0.00859	0.01832	0.01326	0.01642	0.00805	0.73060	0.01047	0.00811	0.01107	0.00912	0.04963	0.04626	0.00363	0.00406	0.00117	0.00534	0.00450	0.03914	0.00448
5	0.00809	0.00842	0.13390	0.15732	0.06031	0.03733	0.09354	0.04838	0.10344	0.08792	0.07625	0.06279	0.06887	0.00477	0.00374	0.00114	0.01390	0.00418	0.02119	0.00453
6	0.05293	0.01462	0.32147	0.00993	0.01324	0.28639	0.14389	0.05542	0.00871	0.01098	0.00646	0.00822	0.00508	0.00362	0.00354	0.00107	0.02201	0.02599	0.00181	0.00462
7	0.00700	0.01805	0.85930	0.00994	0.01510	0.00810	0.01289	0.01105	0.00737	0.01105	0.00626	0.00737	0.00442	0.00331	0.00331	0.00110	0.00516	0.00258	0.00147	0.00516
8	0.00490	0.00405	0.00563	0.19858	0.02830	0.00413	0.00470	0.00610	0.00742	0.00959	0.09974	0.35492	0.24257	0.00816	0.00409	0.00126	0.00256	0.00721	0.00288	0.00320
9	0.00687	0.03459	0.77718	0.00944	0.01417	0.00784	0.01198	0.01058	0.00725	0.01076	0.00693	0.04397	0.00548	0.03354	0.00383	0.00119	0.00494	0.00295	0.00157	0.00494
10	0.01066	0.00517	0.00664	0.00549	0.00741	0.00473	0.00438	0.04093	0.05739	0.43124	0.29027	0.01837	0.09079	0.00565	0.00376	0.00110	0.00245	0.00478	0.00400	0.00479
11	0.00424	0.00307	0.00402	0.00478	0.00504	0.00284	0.00320	0.00487	0.00676	0.00894	0.02023	0.82293	0.07461	0.01080	0.00443	0.00140	0.00201	0.00976	0.00324	0.00284
12	0.07342	0.18792	0.51067	0.03642	0.03073	0.00928	0.08408	0.01081	0.00728	0.01077	0.00595	0.00716	0.00449	0.00321	0.00309	0.00104	0.00472	0.00255	0.00156	0.00485
13	0.01277	0.00918	0.00998	0.00776	0.01040	0.01006	0.00640	0.74931	0.01561	0.05475	0.04301	0.01026	0.00760	0.00449	0.00356	0.00107	0.00370	0.03084	0.00353	0.00574
14	0.00412	0.00353	0.00353	0.00353	0.00471	0.00295	0.00265	0.00501	0.00795	0.00943	0.03535	0.03358	0.85420	0.00884	0.00412	0.00118	0.00177	0.00736	0.00324	0.00295
15	0.00500	0.00366	0.00520	0.00520	0.00568	0.00414	0.00385	0.00597	0.00549	0.00780	0.00972	0.01578	0.00962	0.21909	0.67186	0.00510	0.00799	0.00404	0.00192	0.00289
16	0.00757	0.00647	0.04228	0.00540	0.00801	0.00522	0.00448	0.09331	0.02566	0.02136	0.00893	0.02321	0.04453	0.03487	0.02227	0.00090	0.00286	0.00287	0.09065	0.54915
17	0.14861	0.49762	0.16982	0.00670	0.00987	0.05750	0.00693	0.02597	0.01849	0.02338	0.00547	0.00622	0.00453	0.00318	0.00253	0.00089	0.00395	0.00210	0.00172	0.00453

[dist]
# distance from previous block
# <min> <max>
8	43

[block]
# block no. 1 follows, 80 sequences, length 12
# corresponding to MSA columns:
# 1103-1114
name=unknown_B
#
# <colnr> <probs for GDERKNQSTAVLIFYWHMCP>
#	G	D	E	R	K	N	Q	S	T	A	V	L	I	F	Y	W	H	M	C	P
0	0.00960	0.01034	0.17839	0.07325	0.14882	0.04746	0.05307	0.18219	0.08874	0.07268	0.03025	0.00940	0.00667	0.00395	0.00398	0.00111	0.05896	0.00321	0.01278	0.00514
1	0.00490	0.00338	0.00405	0.00417	0.00433	0.00340	0.00258	0.00518	0.00551	0.00737	0.01316	0.14693	0.05408	0.60339	0.12003	0.00327	0.00385	0.00573	0.00230	0.00238
2	0.00819	0.03197	0.13096	0.24717	0.11606	0.00828	0.06293	0.09723	0.17393	0.02652	0.00939	0.03204	0.03185	0.00405	0.00352	0.00113	0.00408	0.00354	0.00231	0.00484
3	0.00438	0.00351	0.00393	0.00398	0.00496	0.00305	0.00297	0.00544	0.00826	0.01045	0.21854	0.11838	0.54998	0.00870	0.00418	0.00120	0.00182	0.03987	0.00338	0.00302
4	0.02706	0.05858	0.02560	0.06623	0.03848	0.04946	0.05104	0.19773	0.17701	0.04544	0.00886	0.03096	0.00702	0.01429	0.02540	0.00117	0.04435	0.00327	0.00265	0.12540
5	0.00453	0.00367	0.00472	0.00463	0.00555	0.00326	0.04190	0.00559	0.00801	0.01035	0.20815	0.27927	0.38999	0.00881	0.00422	0.00123	0.00201	0.00774	0.00330	0.00307
6	0.02358	0.03472	0.08933	0.01116	0.23825	0.06370	0.03885	0.02603	0.13789	0.10643	0.02261	0.04873	0.00761	0.00400	0.00358	0.00103	0.02698	0.00340	0.00245	0.10968
7	0.06589	0.00593	0.00654	0.00595	0.00742	0.00628	0.00453	0.25265	0.11106	0.01408	0.01457	0.36763	0.05278	0.00713	0.00378	0.00120	0.00269	0.00611	0.02563	0.03816
8	0.00863	0.37267	0.30317	0.00840	0.01189	0.05293	0.06968	0.03585	0.03488	0.01004	0.00591	0.00696	0.00477	0.00341	0.00343	0.00098	0.05755	0.00247	0.00165	0.00474
9	0.03539	0.02791	0.14849	0.04713	0.01028	0.00609	0.10524	0.01064	0.09422	0.13095	0.12002	0.11346	0.07815	0.00536	0.00366	0.00113	0.00332	0.00472	0.02948	0.02438
10	0.16487	0.13613	0.10554	0.00657	0.00896	0.01771	0.05027	0.03907	0.05919	0.03456	0.05420	0.02010	0.02095	0.02504	0.13196	0.00172	0.02165	0.00311	0.00220	0.09617
11	0.04478	0.23700	0.21814	0.02857	0.09370	0.04470	0.00783	0.09587	0.02058	0.02829	0.03947	0.00915	0.02709	0.00369	0.00304	0.00096	0.00394	0.01498	0.01745	0.06080

[dist]
# distance from previous block
# <min> <max>
1	25

[block]
# block no. 2 follows, 80 sequences, length 11
# corresponding to MSA columns:
# 1141-1151
name=unknown_C
#
# <colnr> <probs for GDERKNQSTAVLIFYWHMCP>
#	G	D	E	R	K	N	Q	S	T	A	V	L	I	F	Y	W	H	M	C	P
0	0.17648	0.09245	0.09087	0.02964	0.05095	0.09529	0.06612	0.02443	0.11573	0.04589	0.00771	0.00930	0.00621	0.00366	0.00304	0.00099	0.00379	0.03823	0.00225	0.13697
1	0.00609	0.00504	0.00660	0.00578	0.00677	0.00533	0.02334	0.00714	0.00708	0.02441	0.15673	0.12435	0.11009	0.09734	0.02044	0.00145	0.20449	0.00506	0.02773	0.15476
2	0.00945	0.04163	0.08507	0.04913	0.03073	0.06808	0.09709	0.17601	0.11099	0.08685	0.10086	0.01271	0.06559	0.00457	0.00376	0.00109	0.02463	0.00383	0.02315	0.00479
3	0.00578	0.00387	0.00454	0.00460	0.00548	0.00380	0.00345	0.00794	0.09585	0.03231	0.18545	0.21530	0.11833	0.00731	0.00376	0.00116	0.00201	0.07058	0.22506	0.00343
4	0.00763	0.04649	0.06987	0.02283	0.04586	0.04382	0.04944	0.08082	0.17852	0.01180	0.04163	0.13370	0.10811	0.00584	0.00460	0.00119	0.10720	0.00475	0.03159	0.00432
5	0.00478	0.00336	0.00417	0.00463	0.00515	0.00312	0.00320	0.00569	0.02491	0.03250	0.05157	0.57182	0.16830	0.05904	0.00506	0.00145	0.00210	0.02459	0.02157	0.00299
6	0.07701	0.06406	0.07584	0.04385	0.17137	0.07476	0.13397	0.04495	0.06412	0.01148	0.05241	0.02925	0.04182	0.00470	0.02419	0.00122	0.07483	0.00354	0.00212	0.00454
7	0.00521	0.00376	0.00468	0.00517	0.06425	0.00364	0.00307	0.00585	0.00667	0.00910	0.18702	0.05979	0.09531	0.49320	0.01166	0.00238	0.00282	0.00556	0.02812	0.00274
8	0.00798	0.00832	0.09862	0.08043	0.09821	0.00784	0.11955	0.04641	0.30630	0.02511	0.03203	0.01251	0.03374	0.06614	0.02087	0.00139	0.02331	0.00385	0.00257	0.00481
9	0.00508	0.00380	0.00550	0.00625	0.06542	0.00406	0.00420	0.00609	0.00609	0.00859	0.01227	0.26594	0.01309	0.10361	0.44113	0.00369	0.00601	0.00562	0.03045	0.00311
10	0.02344	0.00758	0.06764	0.02590	0.00935	0.00661	0.00544	0.10666	0.21463	0.01356	0.07005	0.01018	0.00853	0.00371	0.00310	0.00085	0.00293	0.00301	0.00267	0.41416

[dist]
# distance from previous block
# <min> <max>
0	1

[block]
# block no. 3 follows, 80 sequences, length 10
# corresponding to MSA columns:
# 1153-1162
name=unknown_D
#
# <colnr> <probs for GDERKNQSTAVLIFYWHMCP>
#	G	D	E	R	K	N	Q	S	T	A	V	L	I	F	Y	W	H	M	C	P
0	0.00944	0.10709	0.11976	0.02584	0.21002	0.12966	0.02444	0.05332	0.20679	0.03714	0.00854	0.00947	0.00670	0.00378	0.00330	0.00104	0.00414	0.01467	0.01981	0.00506
1	0.00567	0.14098	0.00759	0.00566	0.00666	0.00584	0.00461	0.00689	0.00584	0.00812	0.00864	0.01244	0.00806	0.02254	0.72857	0.00485	0.00847	0.00344	0.00181	0.00333
2	0.14746	0.00629	0.00690	0.00508	0.00803	0.00515	0.00408	0.00902	0.00703	0.01204	0.00599	0.00699	0.00495	0.00269	0.00252	0.00060	0.00260	0.00204	0.00208	0.75846
3	0.00968	0.53925	0.17181	0.00734	0.01047	0.19113	0.00741	0.01129	0.00773	0.00880	0.00523	0.00607	0.00447	0.00317	0.00263	0.00084	0.00453	0.00208	0.00155	0.00451
4	0.02507	0.03051	0.36100	0.00874	0.06629	0.00770	0.00864	0.15324	0.07449	0.04729	0.17056	0.01176	0.01087	0.00433	0.00349	0.00109	0.00384	0.00354	0.00258	0.00497
5	0.03298	0.00554	0.00666	0.00545	0.00746	0.01783	0.00426	0.02695	0.06746	0.23582	0.06708	0.03155	0.05860	0.00571	0.00491	0.14158	0.00274	0.01544	0.00294	0.25904
6	0.00671	0.00548	0.00638	0.00487	0.00724	0.00430	0.00371	0.00796	0.00687	0.01057	0.00785	0.05756	0.00746	0.14019	0.00506	0.00103	0.00264	0.00301	0.03387	0.67723
7	0.02794	0.05673	0.08081	0.04228	0.03280	0.06206	0.02522	0.03029	0.01740	0.02076	0.08602	0.33322	0.10374	0.02543	0.00436	0.00126	0.02517	0.01817	0.00272	0.00362
8	0.00460	0.00347	0.00446	0.00466	0.00534	0.00339	0.00344	0.00556	0.00710	0.00938	0.11731	0.23209	0.26067	0.02953	0.23458	0.02526	0.00396	0.03935	0.00288	0.00296
9	0.03281	0.11060	0.27088	0.03147	0.07425	0.00938	0.18819	0.16418	0.04854	0.02628	0.00713	0.00822	0.00532	0.00343	0.00339	0.00107	0.00461	0.00304	0.00209	0.00511

[dist]
# distance from previous block
# <min> <max>
0	2

[block]
# block no. 4 follows, 80 sequences, length 7
# corresponding to MSA columns:
# 1165-1171
name=unknown_E
#
# <colnr> <probs for GDERKNQSTAVLIFYWHMCP>
#	G	D	E	R	K	N	Q	S	T	A	V	L	I	F	Y	W	H	M	C	P
0	0.07118	0.02423	0.23699	0.00745	0.02430	0.04128	0.01864	0.06097	0.08753	0.03156	0.08760	0.06871	0.05479	0.04071	0.01599	0.00131	0.06680	0.03434	0.02132	0.00431
1	0.00861	0.06884	0.09258	0.03684	0.02096	0.03617	0.03488	0.10768	0.03226	0.11318	0.08450	0.06447	0.07806	0.03554	0.00389	0.00107	0.00327	0.00400	0.03556	0.13763
2	0.03105	0.05152	0.16190	0.02019	0.03823	0.00716	0.12968	0.07520	0.02450	0.06915	0.05232	0.01014	0.03311	0.00436	0.02893	0.00109	0.02665	0.00319	0.01823	0.21339
3	0.00773	0.10084	0.34886	0.05587	0.01268	0.00776	0.09425	0.05184	0.02164	0.03902	0.06069	0.03067	0.02159	0.00380	0.00330	0.00101	0.00415	0.00322	0.02379	0.10729
4	0.04882	0.07788	0.06313	0.00750	0.00971	0.36548	0.02853	0.06056	0.05616	0.04639	0.07985	0.01054	0.05199	0.01956	0.00349	0.00100	0.00447	0.00312	0.00234	0.05950
5	0.00862	0.00561	0.02915	0.03747	0.00779	0.00545	0.00466	0.09472	0.07681	0.19359	0.01271	0.17904	0.01212	0.21952	0.00747	0.00173	0.03370	0.03198	0.00304	0.03484
6	0.04353	0.08955	0.21535	0.02102	0.10326	0.03024	0.00755	0.09837	0.04375	0.01197	0.02549	0.10444	0.03386	0.00464	0.00347	0.00104	0.01881	0.02817	0.00226	0.11321

[dist]
# distance from previous block
# <min> <max>
9	59

[block]
# block no. 5 follows, 80 sequences, length 83
# corresponding to MSA columns:
# 1239-1271,1277-1284,1288-1303,1354-1369,1402-1411
name=unknown_F
#
# <colnr> <probs for GDERKNQSTAVLIFYWHMCP>
#	G	D	E	R	K	N	Q	S	T	A	V	L	I	F	Y	W	H	M	C	P
0	0.02503	0.05386	0.08422	0.03597	0.10149	0.04950	0.23888	0.01076	0.03631	0.10038	0.02677	0.04797	0.09735	0.00457	0.00402	0.00113	0.04207	0.01986	0.01535	0.00452
1	0.02061	0.05730	0.33567	0.03087	0.07447	0.02367	0.09073	0.04448	0.00801	0.04972	0.02020	0.06138	0.10570	0.01837	0.00371	0.00112	0.00414	0.00383	0.00212	0.04391
2	0.00765	0.01019	0.22345	0.00957	0.02498	0.02976	0.22587	0.03700	0.20017	0.01252	0.13642	0.03420	0.02339	0.00442	0.00374	0.00114	0.00412	0.00412	0.00252	0.00475
3	0.02330	0.04288	0.03861	0.00570	0.00787	0.01768	0.00481	0.07448	0.03793	0.36790	0.08764	0.01845	0.22460	0.00572	0.00366	0.00111	0.00278	0.02657	0.00360	0.00473
4	0.00823	0.19911	0.45905	0.00975	0.03484	0.04319	0.12122	0.01983	0.00767	0.03648	0.00636	0.00755	0.00482	0.00376	0.02279	0.00113	0.00498	0.00269	0.00165	0.00490
5	0.00708	0.10254	0.52928	0.03842	0.02878	0.02059	0.01020	0.01009	0.00746	0.02061	0.00876	0.06623	0.00792	0.00468	0.00350	0.00116	0.00449	0.12171	0.00188	0.00462
6	0.01117	0.01313	0.00902	0.00821	0.00980	0.59800	0.02421	0.06935	0.00960	0.00972	0.00806	0.13177	0.00774	0.00517	0.01619	0.00108	0.01924	0.01920	0.02536	0.00396
7	0.00477	0.00350	0.00441	0.00487	0.00542	0.00330	0.00347	0.03994	0.00765	0.01012	0.10178	0.58784	0.13378	0.00992	0.00436	0.00135	0.00211	0.06505	0.00331	0.00305
8	0.90202	0.00675	0.00513	0.00459	0.00675	0.00783	0.00378	0.01026	0.00594	0.01565	0.00486	0.00567	0.00378	0.00324	0.00216	0.00108	0.00270	0.00189	0.00216	0.00378
9	0.00562	0.00413	0.00547	0.00606	0.00693	0.00413	0.00517	0.00755	0.05414	0.01051	0.03508	0.03654	0.09938	0.03909	0.00512	0.00159	0.00303	0.66397	0.00321	0.00328
10	0.00913	0.00630	0.05345	0.00695	0.00929	0.00514	0.13550	0.01100	0.00918	0.27102	0.31122	0.01572	0.01612	0.00483	0.00369	0.00103	0.00302	0.00437	0.00331	0.11973
11	0.00610	0.00437	0.00592	0.00653	0.00745	0.00444	0.00569	0.05935	0.00855	0.01116	0.01784	0.03743	0.01920	0.00930	0.00474	0.00157	0.00325	0.78049	0.00323	0.00338
12	0.00488	0.00359	0.00404	0.00394	0.00493	0.00326	0.00295	0.00637	0.02966	0.01174	0.33283	0.05629	0.38041	0.00749	0.00388	0.00110	0.00174	0.00639	0.13134	0.00318
13	0.00507	0.00339	0.00385	0.00385	0.00387	0.00341	0.00217	0.00510	0.00509	0.00680	0.01095	0.02260	0.01259	0.85600	0.03900	0.00344	0.00353	0.00504	0.00211	0.00214
14	0.01129	0.03810	0.00883	0.00713	0.00942	0.06484	0.00570	0.14706	0.44394	0.20640	0.01229	0.01133	0.00884	0.00442	0.00346	0.00110	0.00324	0.00354	0.00353	0.00555
15	0.00425	0.00314	0.00397	0.00461	0.00500	0.00286	0.00314	0.00493	0.00698	0.00912	0.04244	0.70577	0.17010	0.01047	0.00439	0.00137	0.00197	0.00938	0.00325	0.00286
16	0.00568	0.00377	0.00476	0.00451	0.00548	0.00348	0.00338	0.00728	0.02829	0.07530	0.54329	0.10539	0.14178	0.00774	0.01998	0.00122	0.00196	0.00641	0.02686	0.00344
17	0.01215	0.03275	0.01005	0.00773	0.01033	0.01030	0.00633	0.61660	0.20721	0.03542	0.00972	0.00943	0.00703	0.00428	0.00347	0.00107	0.00357	0.00330	0.00347	0.00580
18	0.01164	0.00752	0.05376	0.00696	0.00935	0.01620	0.02390	0.17094	0.16438	0.33553	0.04984	0.01270	0.04378	0.00481	0.00399	0.01483	0.03320	0.01147	0.01988	0.00532
19	0.03007	0.00410	0.00520	0.00498	0.00613	0.00373	0.00370	0.00862	0.02169	0.22720	0.15261	0.36998	0.13203	0.00806	0.00404	0.00124	0.00220	0.00706	0.00359	0.00378
20	0.00854	0.00886	0.01665	0.04745	0.44209	0.02241	0.36594	0.02419	0.00820	0.01134	0.00677	0.00895	0.00539	0.00308	0.00373	0.00110	0.00493	0.00353	0.00177	0.00510
21	0.00786	0.32071	0.53467	0.00871	0.01305	0.01013	0.03901	0.01084	0.00730	0.01005	0.00579	0.00681	0.00447	0.00319	0.00296	0.00098	0.00468	0.00238	0.00149	0.00490
22	0.03346	0.00940	0.15365	0.02983	0.19375	0.08939	0.00766	0.10673	0.00834	0.09026	0.00743	0.03134	0.00608	0.00571	0.01477	0.17407	0.02846	0.00311	0.00214	0.00441
23	0.00847	0.00446	0.00563	0.00527	0.00656	0.00419	0.00401	0.05284	0.03033	0.25680	0.04594	0.34095	0.06905	0.00743	0.00387	0.00121	0.00240	0.04542	0.10112	0.00405
24	0.06611	0.05915	0.40848	0.00872	0.01220	0.28870	0.00921	0.01220	0.03730	0.03510	0.00704	0.00780	0.02609	0.00360	0.00317	0.00102	0.00507	0.00258	0.00182	0.00465
25	0.00836	0.03341	0.21850	0.02523	0.01198	0.07221	0.15704	0.07593	0.10148	0.04472	0.05552	0.07697	0.00888	0.02375	0.01680	0.00125	0.04490	0.00392	0.01454	0.00462
26	0.00512	0.00425	0.01951	0.03832	0.04834	0.00402	0.03546	0.00599	0.01896	0.00900	0.01926	0.37094	0.23170	0.00967	0.03172	0.10507	0.02984	0.00705	0.00273	0.00307
27	0.02019	0.00382	0.00473	0.00454	0.00527	0.00374	0.00329	0.02166	0.00729	0.05992	0.18947	0.04403	0.16580	0.17691	0.05882	0.13680	0.01838	0.03883	0.03356	0.00293
28	0.00952	0.30505	0.11079	0.02185	0.01121	0.04455	0.14309	0.07828	0.03217	0.10769	0.03929	0.03235	0.02907	0.01631	0.00341	0.00102	0.00408	0.00326	0.00228	0.00472
29	0.03183	0.12356	0.35631	0.04929	0.07696	0.05213	0.11007	0.05009	0.02921	0.02497	0.02680	0.03224	0.00623	0.00368	0.00334	0.00107	0.00461	0.01091	0.00188	0.00483
30	0.00639	0.00674	0.06854	0.22893	0.15555	0.00630	0.09249	0.00852	0.02487	0.01044	0.09353	0.06547	0.17809	0.00538	0.00391	0.00116	0.01517	0.02216	0.00232	0.00405
31	0.00725	0.00675	0.04994	0.04948	0.30733	0.00620	0.09562	0.03049	0.00795	0.04867	0.07309	0.26441	0.01283	0.01886	0.00408	0.00121	0.00352	0.00547	0.00248	0.00437
32	0.01876	0.04435	0.07828	0.08875	0.08191	0.14791	0.09719	0.03114	0.10813	0.09085	0.01107	0.05752	0.08032	0.01618	0.00398	0.00114	0.03170	0.00386	0.00241	0.00453
33	0.00929	0.01895	0.16886	0.20639	0.08667	0.06347	0.05075	0.05619	0.02200	0.16694	0.03617	0.04053	0.02250	0.00417	0.00377	0.00112	0.03158	0.00350	0.00239	0.00476
34	0.00728	0.00680	0.04573	0.17419	0.23045	0.02160	0.08385	0.00927	0.02606	0.05939	0.07204	0.13868	0.08589	0.00536	0.00392	0.01436	0.00367	0.00480	0.00238	0.00428
35	0.00745	0.05775	0.41983	0.06147	0.02721	0.00827	0.20233	0.01105	0.06332	0.02158	0.00881	0.00999	0.05924	0.00374	0.00370	0.00112	0.02314	0.00335	0.00184	0.00481
36	0.00915	0.07419	0.25705	0.08309	0.18138	0.06868	0.08381	0.01183	0.03180	0.12408	0.00775	0.02254	0.00587	0.00356	0.00337	0.00106	0.00448	0.00308	0.01822	0.00500
37	0.00849	0.04048	0.37312	0.03825	0.07416	0.03281	0.11168	0.01797	0.01472	0.13053	0.01940	0.08464	0.02036	0.00422	0.00353	0.00111	0.00440	0.00370	0.01155	0.00487
38	0.00815	0.02339	0.08519	0.06759	0.19949	0.00724	0.05721	0.00986	0.00747	0.12128	0.05034	0.02789	0.07477	0.04153	0.04714	0.00149	0.15940	0.00386	0.00227	0.00445
39	0.00835	0.14288	0.40760	0.02831	0.10903	0.02815	0.06130	0.03977	0.00802	0.06554	0.02642	0.03059	0.02157	0.00370	0.00330	0.00105	0.00448	0.00307	0.00192	0.00495
40	0.00759	0.00902	0.18333	0.15651	0.14412	0.00705	0.18145	0.01003	0.00780	0.07037	0.02110	0.08021	0.04869	0.00459	0.00377	0.00117	0.00434	0.05218	0.00214	0.00453
41	0.00868	0.02842	0.19082	0.10366	0.32014	0.00755	0.08655	0.01107	0.00797	0.12358	0.02437	0.05670	0.00706	0.00384	0.00354	0.00110	0.00424	0.00355	0.00212	0.00504
42	0.00776	0.00707	0.09669	0.13714	0.11954	0.00615	0.07454	0.04275	0.00817	0.12189	0.08014	0.21219	0.03685	0.00576	0.00402	0.00119	0.02602	0.00515	0.00265	0.00432
43	0.00813	0.00800	0.10849	0.14660	0.29448	0.00692	0.09260	0.01024	0.00780	0.10635	0.00963	0.13965	0.00870	0.00470	0.00371	0.00116	0.00403	0.03185	0.00224	0.00471
44	0.00944	0.02437	0.34269	0.02283	0.21070	0.00702	0.00937	0.01198	0.00819	0.23187	0.01021	0.03550	0.05212	0.00404	0.00346	0.00109	0.00405	0.00341	0.00242	0.00523
45	0.00960	0.03445	0.15382	0.13118	0.14020	0.00640	0.00767	0.01162	0.00843	0.28136	0.06345	0.03451	0.06446	0.00462	0.00357	0.00111	0.00361	0.03227	0.00280	0.00488
46	0.00715	0.01660	0.75569	0.00977	0.01457	0.00780	0.04823	0.01093	0.00750	0.03296	0.00772	0.00906	0.03424	0.00363	0.00341	0.00112	0.00498	0.01793	0.00165	0.00505
47	0.00790	0.02821	0.47836	0.09149	0.11134	0.00732	0.01035	0.01085	0.00764	0.10576	0.00849	0.08376	0.00699	0.00421	0.00348	0.00113	0.00441	0.02140	0.00202	0.00491
48	0.01022	0.01239	0.41058	0.03433	0.04317	0.04209	0.07097	0.01299	0.00840	0.29298	0.00900	0.02300	0.00624	0.00375	0.00346	0.00110	0.00443	0.00314	0.00250	0.00528
49	0.00725	0.04286	0.80961	0.00977	0.01480	0.00835	0.01250	0.03578	0.00763	0.01129	0.00628	0.00735	0.00447	0.00333	0.00329	0.00109	0.00508	0.00257	0.00153	0.00516
50	0.00912	0.01011	0.04218	0.16991	0.14243	0.21901	0.22726	0.01115	0.00834	0.03931	0.00764	0.03836	0.00648	0.00391	0.00366	0.00111	0.00510	0.04854	0.00193	0.00443
51	0.00894	0.00771	0.04166	0.12447	0.48304	0.00739	0.05916	0.01102	0.00824	0.12765	0.06718	0.01074	0.01969	0.00368	0.00356	0.00108	0.00398	0.00349	0.00222	0.00512
52	0.00835	0.00758	0.01270	0.11032	0.66324	0.00770	0.00976	0.01038	0.01346	0.04296	0.00824	0.04550	0.03102	0.00370	0.00351	0.00107	0.00397	0.00354	0.00784	0.00516
53	0.00513	0.00346	0.00399	0.02899	0.00442	0.00350	0.00236	0.00523	0.00520	0.00697	0.01102	0.03862	0.01259	0.82118	0.01684	0.00324	0.00337	0.00508	0.01663	0.00220
54	0.02038	0.01028	0.23142	0.12016	0.01343	0.03352	0.11215	0.00997	0.05005	0.01006	0.02229	0.04711	0.01835	0.00474	0.00608	0.00127	0.27912	0.00350	0.00181	0.00431
55	0.90202	0.00675	0.00513	0.00459	0.00675	0.00783	0.00378	0.01026	0.00594	0.01565	0.00486	0.00567	0.00378	0.00324	0.00216	0.00108	0.00270	0.00189	0.00216	0.00378
56	0.00850	0.03803	0.05902	0.00715	0.00933	0.00869	0.00591	0.01750	0.75078	0.01405	0.01389	0.01290	0.02937	0.00468	0.00350	0.00116	0.00292	0.00387	0.00335	0.00541
57	0.00853	0.00650	0.00967	0.21733	0.22127	0.00627	0.00718	0.01037	0.00792	0.13880	0.05477	0.01014	0.01740	0.00352	0.00326	0.00093	0.00346	0.00309	0.00231	0.26728
58	0.00494	0.00357	0.00466	0.00439	0.00521	0.00329	0.00329	0.00658	0.00988	0.01399	0.85377	0.02606	0.03292	0.00713	0.00412	0.00110	0.00165	0.00631	0.00384	0.00329
59	0.00899	0.00801	0.00804	0.00721	0.00919	0.05263	0.00561	0.03338	0.79097	0.01442	0.01364	0.01259	0.01025	0.00467	0.00353	0.00117	0.00296	0.00384	0.00346	0.00545
60	0.00617	0.00550	0.02673	0.14714	0.10737	0.00505	0.00555	0.02059	0.00844	0.01182	0.31059	0.01773	0.12112	0.00523	0.00360	0.00099	0.00274	0.00455	0.00273	0.18635
61	0.00747	0.05933	0.72976	0.01025	0.04654	0.00833	0.04340	0.01119	0.00748	0.03557	0.00645	0.00754	0.00462	0.00331	0.00330	0.00109	0.00501	0.00265	0.00158	0.00514
62	0.01196	0.00999	0.00961	0.03759	0.01068	0.14674	0.00638	0.47617	0.16694	0.04330	0.02531	0.00944	0.00717	0.00423	0.00344	0.00105	0.00396	0.00322	0.01744	0.00539
63	0.00513	0.00339	0.00401	0.00401	0.00407	0.00345	0.00237	0.00514	0.00509	0.00684	0.01054	0.02126	0.01192	0.74776	0.09246	0.05963	0.00389	0.00483	0.00205	0.00217
64	0.00624	0.00457	0.00526	0.03105	0.00664	0.05405	0.00404	0.01974	0.04541	0.08192	0.01761	0.56464	0.05411	0.03093	0.00456	0.00139	0.00259	0.05868	0.00318	0.00338
65	0.02130	0.01108	0.27080	0.07594	0.14287	0.06907	0.00888	0.09035	0.00910	0.21919	0.02006	0.02217	0.00650	0.00382	0.00341	0.00107	0.00422	0.00312	0.01186	0.00520
66	0.00606	0.00303	0.00455	0.00455	0.00455	0.00303	0.00303	0.00455	0.00455	0.00606	0.00606	0.01061	0.00606	0.01212	0.01364	0.89848	0.00303	0.00303	0.00152	0.00152
67	0.00784	0.00752	0.01199	0.41640	0.40084	0.03739	0.00985	0.02870	0.00772	0.01033	0.00666	0.02721	0.00546	0.00349	0.00348	0.00110	0.00440	0.00322	0.00172	0.00466
68	0.00999	0.09571	0.16927	0.00875	0.09703	0.04256	0.02305	0.05311	0.11759	0.21711	0.02617	0.07524	0.00882	0.02039	0.00371	0.00113	0.00370	0.01883	0.00280	0.00505
69	0.09533	0.02501	0.06196	0.09636	0.46460	0.05089	0.04282	0.04329	0.02952	0.03077	0.00694	0.02475	0.00568	0.00344	0.00334	0.00106	0.00417	0.00309	0.00194	0.00503
70	0.00507	0.00338	0.00381	0.00381	0.00381	0.00338	0.00211	0.00507	0.00507	0.00677	0.01099	0.02283	0.01268	0.87738	0.01776	0.00338	0.00338	0.00507	0.00211	0.00211
71	0.00740	0.27026	0.13934	0.27187	0.06378	0.01830	0.02886	0.00939	0.00718	0.00926	0.00781	0.09670	0.01506	0.00450	0.01265	0.00111	0.00419	0.02636	0.00178	0.00423
72	0.01953	0.02980	0.12255	0.03921	0.22545	0.04058	0.10718	0.02452	0.00847	0.22063	0.02629	0.08180	0.02949	0.00433	0.00359	0.00110	0.00398	0.00391	0.00257	0.00500
73	0.00722	0.07598	0.76879	0.00951	0.01435	0.00839	0.01208	0.02192	0.00739	0.01087	0.00619	0.00734	0.00449	0.00353	0.00351	0.02436	0.00499	0.00255	0.00150	0.00503
74	0.00563	0.00462	0.02246	0.05440	0.00828	0.00449	0.04687	0.00741	0.04084	0.01018	0.03726	0.17636	0.07309	0.02173	0.00491	0.01415	0.01379	0.44722	0.00299	0.00334
75	0.21587	0.03840	0.16552	0.03811	0.13261	0.06132	0.02904	0.03528	0.01584	0.11465	0.02437	0.06557	0.01344	0.00420	0.00320	0.00110	0.00377	0.02407	0.00904	0.00460
76	0.01618	0.04960	0.33051	0.00724	0.01010	0.00629	0.02333	0.05066	0.00804	0.10301	0.04655	0.14500	0.10453	0.00702	0.06169	0.00145	0.00403	0.01788	0.00251	0.00438
77	0.00770	0.14466	0.10927	0.01605	0.06847	0.02915	0.04813	0.00986	0.06323	0.09462	0.05496	0.17261	0.10455	0.00583	0.00360	0.00111	0.00329	0.03332	0.00265	0.02691
78	0.00805	0.01040	0.25384	0.13101	0.28179	0.03825	0.03496	0.01062	0.01884	0.07015	0.01903	0.06749	0.03206	0.00408	0.00353	0.00111	0.00429	0.00362	0.00201	0.00486
79	0.00752	0.03369	0.07693	0.28025	0.32700	0.00768	0.04433	0.02301	0.02026	0.02139	0.01517	0.05186	0.03159	0.00481	0.03874	0.00129	0.00442	0.00360	0.00188	0.00461
80	0.02451	0.18669	0.02818	0.23763	0.26321	0.00875	0.05739	0.01019	0.02015	0.04772	0.00761	0.05295	0.01861	0.00373	0.00328	0.00104	0.00404	0.00330	0.00189	0.01912
81	0.00848	0.02745	0.32546	0.08295	0.17624	0.02314	0.03493	0.05925	0.00826	0.10029	0.02110	0.08727	0.00734	0.00423	0.00363	0.00112	0.01817	0.00361	0.00216	0.00494
82	0.00741	0.02250	0.21924	0.07149	0.18166	0.01927	0.13383	0.03484	0.02344	0.02401	0.02912	0.05368	0.08350	0.00477	0.00374	0.00116	0.00422	0.07536	0.00216	0.00458

[dist]
# distance from previous block
# <min> <max>
2	20

[block]
# block no. 6 follows, 80 sequences, length 16
# corresponding to MSA columns:
# 1432-1447
name=unknown_G
#
# <colnr> <probs for GDERKNQSTAVLIFYWHMCP>
#	G	D	E	R	K	N	Q	S	T	A	V	L	I	F	Y	W	H	M	C	P
0	0.12834	0.04688	0.18384	0.03419	0.03581	0.02127	0.00715	0.04861	0.03256	0.05962	0.03268	0.06155	0.03322	0.00484	0.00502	0.00118	0.19644	0.00345	0.05905	0.00431
1	0.06154	0.02652	0.10416	0.01020	0.18403	0.08367	0.01888	0.12007	0.03558	0.04161	0.08171	0.01053	0.02132	0.00420	0.00404	0.00105	0.08148	0.01386	0.02965	0.06592
2	0.24369	0.00743	0.00838	0.07156	0.22895	0.10179	0.00626	0.00995	0.02281	0.03141	0.11306	0.06576	0.02704	0.01961	0.00347	0.00111	0.00344	0.00364	0.00233	0.02830
3	0.00836	0.00737	0.01227	0.20676	0.56143	0.00762	0.00960	0.01037	0.00787	0.06686	0.00879	0.01058	0.05949	0.00364	0.00351	0.00108	0.00403	0.00340	0.00196	0.00502
4	0.00466	0.00350	0.00484	0.00526	0.00581	0.00323	0.02757	0.00551	0.00699	0.00936	0.03417	0.68176	0.04691	0.01002	0.00437	0.00137	0.00227	0.09140	0.00315	0.04787
5	0.00973	0.00770	0.00825	0.00717	0.00929	0.00874	0.00565	0.12825	0.68516	0.06920	0.01340	0.01233	0.00990	0.00463	0.00354	0.00116	0.00292	0.00381	0.00359	0.00560
6	0.90202	0.00675	0.00513	0.00459	0.00675	0.00783	0.00378	0.01026	0.00594	0.01565	0.00486	0.00567	0.00378	0.00324	0.00216	0.00108	0.00270	0.00189	0.00216	0.00378
7	0.00751	0.00714	0.01214	0.48614	0.39966	0.00800	0.01015	0.00972	0.00741	0.01004	0.00636	0.00900	0.00505	0.00332	0.00347	0.00111	0.00442	0.00310	0.00163	0.00462
8	0.00778	0.01192	0.29132	0.01351	0.09562	0.00837	0.46661	0.01095	0.00792	0.01113	0.00715	0.00971	0.00554	0.00331	0.00382	0.00115	0.00539	0.03218	0.00172	0.00488
9	0.00439	0.00319	0.00417	0.00490	0.00526	0.00297	0.00344	0.00513	0.00696	0.00913	0.02077	0.69852	0.10656	0.01058	0.00446	0.00141	0.00213	0.09990	0.00324	0.00289
10	0.00529	0.00330	0.00397	0.00397	0.00397	0.00330	0.00232	0.00496	0.00496	0.00661	0.00990	0.02013	0.01122	0.68618	0.01685	0.20118	0.00330	0.00462	0.00198	0.00198
11	0.00681	0.01399	0.60698	0.00895	0.01288	0.00692	0.03377	0.01005	0.00747	0.03673	0.00950	0.11191	0.00864	0.00499	0.00366	0.00120	0.00451	0.10438	0.00198	0.00466
12	0.02188	0.00758	0.02406	0.26551	0.13325	0.02901	0.17093	0.04563	0.12887	0.01153	0.02558	0.01243	0.00772	0.00412	0.00367	0.00116	0.00427	0.07042	0.02783	0.00453
13	0.41699	0.42988	0.01178	0.00552	0.00806	0.06156	0.00502	0.01057	0.00673	0.01163	0.00489	0.00567	0.00416	0.00314	0.00226	0.00091	0.00341	0.00190	0.00181	0.00413
14	0.03343	0.00608	0.00735	0.02265	0.08223	0.06705	0.00547	0.04172	0.03173	0.08355	0.08567	0.27411	0.03277	0.00717	0.00505	0.00128	0.12889	0.07704	0.00285	0.00389
15	0.02760	0.05582	0.02684	0.00684	0.00894	0.14266	0.00557	0.11525	0.17720	0.21239	0.15359	0.01256	0.01168	0.00467	0.00363	0.00106	0.02182	0.00368	0.00327	0.00492

[dist]
# distance from previous block
# <min> <max>
8	52

# created by:
# /home/simao/soft/augustus-3.0.3/scripts/msa2prfl.pl ./prep/93191.aln
