[name]
unknown

[dist]
# distance from previous block
# <min> <max>
0	172

[block]
# block no. 0 follows, 86 sequences, length 16
# corresponding to MSA columns:
# 273-288
name=unknown_A
#
# <colnr> <probs for GDERKNQSTAVLIFYWHMCP>
#	G	D	E	R	K	N	Q	S	T	A	V	L	I	F	Y	W	H	M	C	P
0	0.02134	0.00779	0.01037	0.02142	0.02036	0.04399	0.16307	0.25197	0.06072	0.16285	0.01867	0.00933	0.00649	0.00357	0.00325	0.00094	0.00363	0.01742	0.00275	0.17008
1	0.03825	0.00844	0.10940	0.12162	0.31033	0.02444	0.02008	0.04158	0.18193	0.08819	0.00817	0.00906	0.00617	0.00350	0.00333	0.00104	0.01429	0.00303	0.00222	0.00491
2	0.06860	0.03483	0.03982	0.00627	0.03567	0.04064	0.00511	0.08948	0.04167	0.02456	0.09693	0.05895	0.05687	0.02894	0.05946	0.00151	0.00337	0.28552	0.00273	0.01906
3	0.00654	0.09366	0.03796	0.03902	0.14498	0.00636	0.03338	0.05472	0.09230	0.01088	0.15297	0.01628	0.17111	0.00716	0.09360	0.00147	0.01478	0.01640	0.00248	0.00395
4	0.00881	0.51997	0.07400	0.05401	0.00965	0.18428	0.00620	0.01004	0.00712	0.00802	0.00558	0.03556	0.00515	0.02627	0.03215	0.00102	0.00427	0.00233	0.00155	0.00400
5	0.00913	0.00743	0.03648	0.00692	0.00899	0.00780	0.03715	0.25441	0.39106	0.06143	0.01248	0.10369	0.03825	0.00494	0.00345	0.00109	0.00299	0.00415	0.00320	0.00495
6	0.43471	0.03692	0.02503	0.03435	0.16013	0.09550	0.02213	0.01033	0.00669	0.07230	0.00581	0.00693	0.00458	0.00424	0.04442	0.00120	0.02634	0.00233	0.00199	0.00407
7	0.70453	0.00691	0.05256	0.00491	0.00719	0.00709	0.00429	0.03127	0.00648	0.14042	0.00598	0.00636	0.00432	0.00323	0.00232	0.00102	0.00274	0.00207	0.00233	0.00399
8	0.90757	0.00637	0.00484	0.00433	0.00637	0.00738	0.00356	0.00968	0.00560	0.01477	0.00458	0.00535	0.00356	0.00306	0.00204	0.00102	0.00255	0.00178	0.00204	0.00356
9	0.04158	0.00336	0.00385	0.00383	0.00399	0.00348	0.00232	0.00512	0.00488	0.00688	0.00994	0.01982	0.01116	0.74234	0.12157	0.00336	0.00386	0.00451	0.00197	0.00218
10	0.00432	0.00309	0.00367	0.00406	0.00448	0.00287	0.00275	0.00492	0.00634	0.00838	0.01952	0.42827	0.20956	0.19016	0.00663	0.00164	0.00214	0.03870	0.05591	0.00259
11	0.00719	0.12538	0.08987	0.00588	0.00759	0.11106	0.01443	0.07885	0.03938	0.03664	0.05107	0.23494	0.14285	0.03536	0.00388	0.00113	0.00313	0.00513	0.00255	0.00369
12	0.00786	0.18882	0.34813	0.01678	0.04573	0.02520	0.01915	0.06353	0.04451	0.04055	0.01932	0.03160	0.01658	0.00343	0.00293	0.00091	0.00386	0.00269	0.00188	0.11656
13	0.00750	0.24297	0.46469	0.02943	0.02962	0.02454	0.07455	0.01020	0.00711	0.03119	0.02995	0.02249	0.00543	0.00327	0.00297	0.00096	0.00436	0.00263	0.00159	0.00455
14	0.04325	0.43102	0.19462	0.02847	0.05526	0.03438	0.03417	0.04611	0.00744	0.05653	0.02586	0.00691	0.00518	0.00313	0.00265	0.00086	0.00385	0.00231	0.00174	0.01626
15	0.04288	0.23249	0.23295	0.06177	0.05130	0.04218	0.01695	0.02348	0.09109	0.02086	0.03840	0.00822	0.00612	0.00347	0.00318	0.00094	0.03943	0.01224	0.00185	0.07020

[dist]
# distance from previous block
# <min> <max>
12	89

[block]
# block no. 1 follows, 86 sequences, length 12
# corresponding to MSA columns:
# 389-400
name=unknown_B
#
# <colnr> <probs for GDERKNQSTAVLIFYWHMCP>
#	G	D	E	R	K	N	Q	S	T	A	V	L	I	F	Y	W	H	M	C	P
0	0.01747	0.01541	0.02282	0.09080	0.06698	0.08623	0.07831	0.02696	0.02487	0.14154	0.00947	0.05272	0.02791	0.04480	0.14921	0.00182	0.02350	0.03103	0.01321	0.07495
1	0.02952	0.07537	0.03403	0.06253	0.08411	0.02139	0.01607	0.03483	0.03031	0.02836	0.04199	0.10850	0.03592	0.00402	0.00295	0.00081	0.00289	0.00339	0.00218	0.38084
2	0.00741	0.00796	0.09083	0.13135	0.24524	0.06785	0.02778	0.03035	0.08053	0.02906	0.04474	0.02317	0.11036	0.02064	0.00407	0.00111	0.05392	0.01726	0.00212	0.00427
3	0.00614	0.00307	0.00307	0.00307	0.00383	0.00307	0.00230	0.00767	0.00690	0.01227	0.01074	0.01227	0.00844	0.00383	0.00230	0.00077	0.00153	0.00307	0.90259	0.00307
4	0.02149	0.10609	0.18889	0.14057	0.02238	0.00657	0.04375	0.02197	0.05057	0.03035	0.06076	0.09688	0.10556	0.02665	0.02423	0.00123	0.00357	0.04242	0.00220	0.00387
5	0.00716	0.10666	0.61975	0.00940	0.05995	0.00823	0.03087	0.05158	0.00739	0.01064	0.02215	0.02337	0.00515	0.00337	0.00323	0.00102	0.02110	0.00265	0.00158	0.00475
6	0.00614	0.00307	0.00307	0.00307	0.00383	0.00307	0.00230	0.00767	0.00690	0.01227	0.01074	0.01227	0.00844	0.00383	0.00230	0.00077	0.00153	0.00307	0.90259	0.00307
7	0.31607	0.05322	0.07999	0.03749	0.09562	0.07032	0.15873	0.04104	0.02033	0.04383	0.00586	0.00706	0.00453	0.00325	0.00326	0.00103	0.04965	0.00258	0.00191	0.00422
8	0.00884	0.05137	0.03473	0.04253	0.27054	0.03061	0.04690	0.25703	0.05926	0.01329	0.02301	0.01133	0.11383	0.00412	0.00345	0.00101	0.01748	0.00349	0.00240	0.00477
9	0.04053	0.01775	0.17161	0.02757	0.04811	0.13814	0.00606	0.00886	0.02019	0.02846	0.07372	0.13285	0.05232	0.02609	0.00373	0.01528	0.00345	0.03427	0.00221	0.14882
10	0.00551	0.07042	0.21664	0.00535	0.00695	0.00510	0.00503	0.00704	0.03790	0.00833	0.03943	0.08404	0.08036	0.40341	0.00941	0.00202	0.00333	0.00452	0.00208	0.00313
11	0.04822	0.00654	0.15196	0.00623	0.04009	0.00479	0.02197	0.03060	0.00749	0.06226	0.03734	0.12048	0.24167	0.00645	0.00377	0.00114	0.01876	0.12952	0.02811	0.03262

[dist]
# distance from previous block
# <min> <max>
0	1

[block]
# block no. 2 follows, 86 sequences, length 9
# corresponding to MSA columns:
# 402-410
name=unknown_C
#
# <colnr> <probs for GDERKNQSTAVLIFYWHMCP>
#	G	D	E	R	K	N	Q	S	T	A	V	L	I	F	Y	W	H	M	C	P
0	0.00851	0.68622	0.07763	0.00611	0.00887	0.04320	0.01968	0.02379	0.02723	0.00849	0.02183	0.03055	0.01968	0.00329	0.00241	0.00079	0.00361	0.00230	0.00161	0.00422
1	0.00951	0.00716	0.00828	0.00663	0.00854	0.03088	0.03615	0.39851	0.03880	0.03563	0.00777	0.03470	0.00642	0.04047	0.02622	0.14217	0.03540	0.00313	0.00258	0.12102
2	0.00614	0.00520	0.00778	0.03709	0.12588	0.03531	0.08694	0.00759	0.03000	0.02362	0.14423	0.04437	0.02790	0.06944	0.24018	0.07256	0.00478	0.00406	0.00216	0.02475
3	0.02999	0.00308	0.00404	0.00449	0.00473	0.00301	0.00306	0.00485	0.00576	0.00787	0.01434	0.49620	0.03402	0.10086	0.03619	0.18990	0.00254	0.05014	0.00253	0.00240
4	0.00660	0.05234	0.11938	0.05707	0.10318	0.02258	0.03053	0.04972	0.00693	0.02895	0.00990	0.12740	0.01867	0.08331	0.07708	0.07917	0.02296	0.09853	0.00210	0.00358
5	0.00844	0.16974	0.22439	0.04797	0.13041	0.07997	0.09966	0.05297	0.10312	0.02837	0.00678	0.00776	0.00524	0.00329	0.00320	0.00098	0.01846	0.00273	0.00186	0.00468
6	0.00717	0.02943	0.04233	0.04708	0.05570	0.13087	0.00550	0.04514	0.10962	0.01094	0.22979	0.03670	0.11534	0.00541	0.00440	0.00107	0.11283	0.00427	0.00259	0.00382
7	0.00470	0.00318	0.00372	0.00380	0.00386	0.00320	0.00224	0.00484	0.00498	0.00667	0.01108	0.11039	0.01275	0.73859	0.07006	0.00313	0.00342	0.00518	0.00209	0.00213
8	0.13348	0.19867	0.05633	0.08644	0.13338	0.12532	0.01966	0.06297	0.00751	0.03384	0.00598	0.03696	0.00511	0.00361	0.00348	0.00098	0.07761	0.00263	0.00182	0.00422

[dist]
# distance from previous block
# <min> <max>
0	1

[block]
# block no. 3 follows, 86 sequences, length 10
# corresponding to MSA columns:
# 412-421
name=unknown_D
#
# <colnr> <probs for GDERKNQSTAVLIFYWHMCP>
#	G	D	E	R	K	N	Q	S	T	A	V	L	I	F	Y	W	H	M	C	P
0	0.00500	0.00347	0.00439	0.00465	0.01882	0.00357	0.00332	0.00616	0.02587	0.00975	0.09035	0.30949	0.09986	0.00964	0.11305	0.02531	0.04556	0.00590	0.21288	0.00296
1	0.03982	0.04304	0.04247	0.12675	0.06095	0.02020	0.08807	0.11059	0.02892	0.13373	0.00855	0.06429	0.00696	0.00397	0.00338	0.00098	0.02825	0.02016	0.05626	0.11267
2	0.00587	0.00388	0.00483	0.00444	0.00549	0.00368	0.00338	0.00799	0.08433	0.09240	0.58589	0.04841	0.10090	0.00646	0.00375	0.00105	0.00178	0.00563	0.02637	0.00348
3	0.00614	0.00307	0.00307	0.00307	0.00383	0.00307	0.00230	0.00767	0.00690	0.01227	0.01074	0.01227	0.00844	0.00383	0.00230	0.00077	0.00153	0.00307	0.90259	0.00307
4	0.03871	0.38556	0.01336	0.11787	0.17108	0.09335	0.00695	0.03357	0.00738	0.05918	0.00566	0.00682	0.00468	0.00319	0.00302	0.00089	0.04033	0.00233	0.00171	0.00437
5	0.06623	0.02305	0.04345	0.05905	0.19955	0.11124	0.05395	0.13105	0.06651	0.09997	0.03168	0.02665	0.02188	0.00370	0.00318	0.00098	0.00376	0.00311	0.00237	0.04865
6	0.00614	0.00307	0.00307	0.00307	0.00383	0.00307	0.00230	0.00767	0.00690	0.01227	0.01074	0.01227	0.00844	0.00383	0.00230	0.00077	0.00153	0.00307	0.90259	0.00307
7	0.00758	0.00703	0.04740	0.35179	0.30639	0.00713	0.04796	0.03605	0.00759	0.06689	0.04666	0.01014	0.03595	0.00354	0.00335	0.00104	0.00395	0.00326	0.00191	0.00441
8	0.00834	0.37009	0.20642	0.05580	0.20147	0.06654	0.00835	0.03070	0.00731	0.00939	0.00542	0.00659	0.00448	0.00300	0.00274	0.00088	0.00412	0.00229	0.00152	0.00457
9	0.00951	0.10567	0.07060	0.03763	0.27985	0.08317	0.02847	0.06156	0.03350	0.15181	0.04823	0.00891	0.00678	0.00343	0.00311	0.00093	0.00373	0.00289	0.00226	0.05796

[dist]
# distance from previous block
# <min> <max>
1	4

[block]
# block no. 4 follows, 86 sequences, length 24
# corresponding to MSA columns:
# 426-432,434-450
name=unknown_E
#
# <colnr> <probs for GDERKNQSTAVLIFYWHMCP>
#	G	D	E	R	K	N	Q	S	T	A	V	L	I	F	Y	W	H	M	C	P
0	0.00737	0.00750	0.07403	0.05234	0.56912	0.00679	0.01827	0.00935	0.00771	0.02990	0.12971	0.02232	0.04351	0.00384	0.00338	0.00101	0.00354	0.00359	0.00202	0.00469
1	0.00683	0.00587	0.00792	0.00699	0.00757	0.00749	0.00566	0.11858	0.00651	0.00944	0.00679	0.01011	0.00632	0.04914	0.34452	0.00295	0.38870	0.00322	0.00183	0.00354
2	0.01094	0.04019	0.03020	0.06901	0.16406	0.00899	0.00704	0.50324	0.01224	0.07944	0.02747	0.00857	0.00617	0.00374	0.00324	0.00099	0.00362	0.00300	0.01261	0.00524
3	0.00404	0.00289	0.00385	0.00456	0.00478	0.00269	0.00306	0.00466	0.00644	0.00862	0.05653	0.84316	0.02219	0.01015	0.00419	0.00132	0.00189	0.00920	0.00308	0.00269
4	0.00397	0.00317	0.00357	0.00383	0.00459	0.00276	0.00273	0.00475	0.00716	0.00894	0.07073	0.33939	0.51489	0.00897	0.00400	0.00119	0.00175	0.00777	0.00309	0.00276
5	0.00805	0.00651	0.00707	0.00634	0.00810	0.00724	0.00490	0.06032	0.62376	0.04555	0.01332	0.12661	0.01102	0.00509	0.00341	0.00110	0.00257	0.00432	0.00326	0.05145
6	0.00821	0.00748	0.01197	0.24785	0.52578	0.00800	0.00934	0.12094	0.00830	0.01145	0.00633	0.00828	0.00504	0.00316	0.00327	0.00101	0.00400	0.00293	0.00180	0.00485
7	0.00809	0.00677	0.00725	0.00644	0.00822	0.00769	0.00502	0.08757	0.67360	0.01429	0.12501	0.01353	0.01244	0.00472	0.00341	0.00109	0.00255	0.00395	0.00338	0.00497
8	0.00668	0.08721	0.64801	0.00836	0.01235	0.00754	0.01018	0.04346	0.00718	0.01035	0.00749	0.12244	0.00656	0.00408	0.00319	0.00105	0.00431	0.00331	0.00169	0.00455
9	0.01128	0.00515	0.00642	0.00526	0.00721	0.00487	0.00423	0.02832	0.12100	0.49273	0.06632	0.01238	0.00987	0.00424	0.00312	0.00098	0.00243	0.00347	0.20591	0.00482
10	0.00797	0.12356	0.01335	0.09357	0.65746	0.00835	0.00927	0.00980	0.00728	0.01010	0.00621	0.02722	0.00538	0.00311	0.00313	0.00096	0.00386	0.00292	0.00162	0.00489
11	0.02155	0.03380	0.30100	0.00933	0.06782	0.10495	0.13699	0.03025	0.07977	0.03428	0.12003	0.02073	0.00881	0.00381	0.00332	0.00102	0.00418	0.00332	0.01058	0.00446
12	0.00768	0.29461	0.22212	0.07802	0.02256	0.02460	0.03139	0.01150	0.20905	0.01005	0.00789	0.05317	0.00655	0.00372	0.00294	0.00097	0.00373	0.00296	0.00197	0.00450
13	0.00471	0.00349	0.00510	0.00510	0.00562	0.00401	0.00387	0.00575	0.00523	0.00750	0.00899	0.01392	0.00866	0.12319	0.77336	0.00505	0.00817	0.00367	0.00179	0.00283
14	0.00442	0.00321	0.00430	0.00521	0.04903	0.00308	0.00324	0.00497	0.00607	0.00812	0.01582	0.62908	0.01871	0.20000	0.00689	0.00173	0.00232	0.02838	0.00275	0.00267
15	0.00514	0.00372	0.00462	0.00494	0.00549	0.00368	0.00347	0.11664	0.00760	0.01014	0.03491	0.72991	0.03834	0.00935	0.00407	0.00128	0.00212	0.00839	0.00310	0.00307
16	0.00852	0.00797	0.01121	0.01468	0.50062	0.04275	0.02073	0.05096	0.28377	0.01207	0.00857	0.00940	0.00676	0.00349	0.00329	0.00102	0.00358	0.00317	0.00227	0.00516
17	0.00846	0.66566	0.11816	0.00622	0.00916	0.01174	0.00636	0.01093	0.11913	0.00886	0.00590	0.00641	0.00499	0.00307	0.00240	0.00080	0.00356	0.00210	0.00166	0.00443
18	0.01930	0.00503	0.02551	0.00478	0.00625	0.00479	0.00390	0.03523	0.00721	0.03483	0.08981	0.01136	0.02778	0.00407	0.00372	0.00084	0.11777	0.00308	0.35028	0.24446
19	0.00809	0.60433	0.29297	0.00685	0.01033	0.01128	0.00775	0.01004	0.00677	0.00861	0.00501	0.00582	0.00421	0.00292	0.00244	0.00081	0.00396	0.00198	0.00140	0.00443
20	0.00464	0.00347	0.00429	0.00478	0.00520	0.00346	0.00328	0.00634	0.11869	0.00898	0.01720	0.67312	0.03591	0.07705	0.00506	0.00145	0.00211	0.01901	0.00301	0.00296
21	0.00823	0.33817	0.11807	0.07183	0.10264	0.05778	0.03029	0.02761	0.00731	0.03332	0.00628	0.00839	0.00540	0.00329	0.00278	0.00085	0.00380	0.04898	0.00173	0.12324
22	0.12647	0.29154	0.01137	0.03955	0.24947	0.00839	0.00632	0.00907	0.00690	0.02962	0.00876	0.08665	0.05060	0.00427	0.00293	0.00097	0.00325	0.05778	0.00195	0.00414
23	0.02653	0.02044	0.08980	0.60125	0.01871	0.00728	0.02477	0.01952	0.03738	0.03215	0.02978	0.00920	0.01315	0.00350	0.00344	0.00107	0.02692	0.00298	0.00172	0.03041

[dist]
# distance from previous block
# <min> <max>
0	1

[block]
# block no. 5 follows, 86 sequences, length 13
# corresponding to MSA columns:
# 452-464
name=unknown_F
#
# <colnr> <probs for GDERKNQSTAVLIFYWHMCP>
#	G	D	E	R	K	N	Q	S	T	A	V	L	I	F	Y	W	H	M	C	P
0	0.02207	0.11780	0.15248	0.00570	0.00857	0.00628	0.00547	0.05127	0.04599	0.02460	0.01067	0.01101	0.14320	0.00376	0.00284	0.00078	0.00293	0.00296	0.00213	0.37950
1	0.00670	0.00490	0.00600	0.00576	0.04561	0.00460	0.00410	0.14298	0.00836	0.05191	0.06702	0.36490	0.07045	0.00665	0.00355	0.00104	0.00238	0.00582	0.01569	0.18157
2	0.00422	0.00300	0.00387	0.00435	0.00463	0.00281	0.00291	0.00488	0.00661	0.00892	0.15349	0.60835	0.04238	0.12642	0.00582	0.00153	0.00202	0.00814	0.00301	0.00266
3	0.00676	0.04125	0.00917	0.16098	0.19866	0.02547	0.00660	0.00818	0.00663	0.00934	0.00771	0.14864	0.00755	0.00493	0.02355	0.00109	0.11751	0.00368	0.00187	0.21041
4	0.00569	0.00463	0.00658	0.20576	0.04311	0.00547	0.00502	0.00662	0.00554	0.00778	0.00808	0.01428	0.00813	0.35557	0.11171	0.00245	0.13753	0.00374	0.05938	0.00293
5	0.00434	0.00318	0.00380	0.00408	0.00458	0.00295	0.00280	0.00503	0.01964	0.00858	0.08880	0.35471	0.25300	0.16136	0.00665	0.04134	0.00212	0.02758	0.00285	0.00261
6	0.00621	0.02286	0.25310	0.02693	0.00877	0.03118	0.00635	0.06032	0.02902	0.03266	0.12944	0.30922	0.03629	0.00639	0.00381	0.00114	0.02447	0.00549	0.00256	0.00379
7	0.02840	0.00665	0.01097	0.19996	0.52563	0.00694	0.00862	0.00910	0.00755	0.01074	0.14402	0.01086	0.00916	0.00362	0.00334	0.00101	0.00360	0.00339	0.00192	0.00450
8	0.00799	0.00687	0.01038	0.07135	0.43795	0.00649	0.00747	0.01007	0.04340	0.06274	0.00678	0.00812	0.00543	0.00293	0.00300	0.00083	0.00334	0.00267	0.00195	0.30024
9	0.01157	0.01459	0.01095	0.00935	0.01131	0.73205	0.14263	0.01272	0.00908	0.00846	0.00534	0.00641	0.00436	0.00329	0.00312	0.00089	0.00587	0.00240	0.00169	0.00392
10	0.00637	0.00537	0.00634	0.00483	0.00731	0.00411	0.00376	0.00769	0.00674	0.01035	0.00783	0.14791	0.00760	0.00371	0.00272	0.00062	0.00235	0.00314	0.00213	0.75910
11	0.00665	0.00649	0.00875	0.03909	0.00840	0.03382	0.00639	0.00742	0.00545	0.00802	0.00701	0.16065	0.00754	0.00720	0.04564	0.00156	0.63074	0.00402	0.00175	0.00342
12	0.04231	0.02043	0.00934	0.05899	0.12155	0.25531	0.02232	0.15713	0.00880	0.04273	0.00671	0.00833	0.00549	0.00751	0.16458	0.00178	0.05767	0.00279	0.00205	0.00420

[dist]
# distance from previous block
# <min> <max>
0	2

[block]
# block no. 6 follows, 86 sequences, length 17
# corresponding to MSA columns:
# 467-481,484,485
name=unknown_G
#
# <colnr> <probs for GDERKNQSTAVLIFYWHMCP>
#	G	D	E	R	K	N	Q	S	T	A	V	L	I	F	Y	W	H	M	C	P
0	0.03628	0.00323	0.00444	0.00444	0.00467	0.00342	0.00307	0.00501	0.00474	0.00674	0.00766	0.03042	0.00783	0.17934	0.24860	0.43837	0.00453	0.00350	0.00168	0.00205
1	0.41990	0.00743	0.00711	0.00590	0.00795	0.06355	0.00483	0.17131	0.00845	0.18784	0.00693	0.00722	0.00499	0.00369	0.00336	0.00104	0.07906	0.00243	0.00262	0.00438
2	0.00878	0.35191	0.15569	0.13955	0.02829	0.13704	0.00738	0.03532	0.00747	0.04782	0.00587	0.02425	0.00484	0.00331	0.00288	0.00089	0.01775	0.00240	0.00168	0.01687
3	0.00530	0.00379	0.00530	0.00606	0.00682	0.00379	0.00530	0.00682	0.00758	0.00985	0.01743	0.03713	0.01894	0.00909	0.00455	0.00152	0.00303	0.84163	0.00303	0.00303
4	0.00705	0.00675	0.01198	0.04240	0.40174	0.00663	0.18684	0.00900	0.00754	0.01029	0.01087	0.01652	0.07547	0.00468	0.00372	0.00114	0.00390	0.18709	0.00205	0.00433
5	0.00457	0.00328	0.00422	0.00478	0.00513	0.00317	0.00327	0.06059	0.00691	0.00922	0.01747	0.82445	0.02070	0.00989	0.00414	0.00131	0.00202	0.00894	0.00307	0.00287
6	0.00474	0.00338	0.00455	0.00455	0.00488	0.00371	0.00319	0.00540	0.00507	0.00709	0.00949	0.01667	0.00985	0.39779	0.50039	0.00438	0.00638	0.00407	0.00186	0.00253
7	0.00445	0.00324	0.00414	0.00461	0.00503	0.00312	0.00319	0.00580	0.06308	0.00971	0.16905	0.64985	0.02234	0.00913	0.00404	0.00125	0.00188	0.00822	0.02492	0.00293
8	0.06619	0.00699	0.05421	0.43177	0.17182	0.00742	0.08431	0.00883	0.00664	0.00945	0.00631	0.03354	0.00528	0.03384	0.00421	0.00117	0.05927	0.00316	0.00161	0.00398
9	0.00567	0.00403	0.03448	0.00512	0.03670	0.00367	0.01663	0.00700	0.02152	0.05167	0.03956	0.28930	0.03334	0.05416	0.12081	0.00174	0.00307	0.00540	0.26294	0.00319
10	0.00765	0.00964	0.10423	0.01346	0.03605	0.00828	0.73173	0.01047	0.00763	0.01049	0.00653	0.00864	0.00490	0.00287	0.00393	0.00111	0.02259	0.00370	0.00163	0.00448
11	0.00462	0.00337	0.00415	0.00400	0.00486	0.00303	0.00298	0.00592	0.00866	0.02875	0.57775	0.08110	0.24403	0.00732	0.00389	0.00107	0.00163	0.00637	0.00345	0.00304
12	0.00653	0.01431	0.68153	0.00849	0.01260	0.00690	0.02647	0.00980	0.00720	0.03753	0.05767	0.01040	0.08448	0.00388	0.00338	0.00106	0.01832	0.00311	0.00176	0.00457
13	0.00780	0.02376	0.37671	0.03727	0.27615	0.00760	0.11166	0.01073	0.02453	0.06872	0.02000	0.00825	0.00540	0.00317	0.00328	0.00103	0.00438	0.00291	0.00176	0.00491
14	0.00558	0.00476	0.00747	0.50059	0.01486	0.00569	0.00644	0.00707	0.00600	0.00791	0.02779	0.01291	0.00748	0.21806	0.15195	0.00230	0.00478	0.00354	0.00169	0.00313
15	0.01341	0.00594	0.00756	0.00587	0.00824	0.00554	0.00482	0.15348	0.01023	0.63356	0.04094	0.01119	0.00853	0.00413	0.00325	0.00100	0.00280	0.00332	0.07086	0.00533
16	0.00477	0.00340	0.00441	0.00501	0.04233	0.00332	0.00320	0.02146	0.00613	0.00815	0.02995	0.38110	0.07825	0.26216	0.03663	0.05857	0.00271	0.04329	0.00256	0.00261

[dist]
# distance from previous block
# <min> <max>
0	2

[block]
# block no. 7 follows, 86 sequences, length 10
# corresponding to MSA columns:
# 488-497
name=unknown_H
#
# <colnr> <probs for GDERKNQSTAVLIFYWHMCP>
#	G	D	E	R	K	N	Q	S	T	A	V	L	I	F	Y	W	H	M	C	P
0	0.02815	0.01338	0.51146	0.02752	0.18623	0.03716	0.06674	0.02517	0.03048	0.02216	0.01767	0.00774	0.00502	0.00319	0.00320	0.00103	0.00454	0.00272	0.00163	0.00483
1	0.00591	0.00506	0.00775	0.01031	0.33700	0.00488	0.00576	0.00751	0.00831	0.01166	0.42029	0.06513	0.08597	0.00558	0.00366	0.00104	0.00249	0.00505	0.00278	0.00387
2	0.00575	0.00319	0.00474	0.00464	0.00468	0.00342	0.00323	0.00463	0.00440	0.00599	0.00582	0.01000	0.00578	0.01190	0.06731	0.78685	0.06164	0.00290	0.00145	0.00167
3	0.77189	0.03234	0.06468	0.00506	0.00733	0.03413	0.02418	0.00986	0.00589	0.01397	0.00474	0.00556	0.00368	0.00306	0.00219	0.00101	0.00291	0.00189	0.00196	0.00370
4	0.15341	0.08920	0.00957	0.00685	0.00932	0.04146	0.00570	0.55284	0.07199	0.01765	0.00736	0.00749	0.00541	0.00372	0.00298	0.00097	0.00346	0.00269	0.00287	0.00506
5	0.00717	0.02422	0.40037	0.00863	0.08659	0.00627	0.03290	0.01911	0.01712	0.08075	0.00840	0.11198	0.00740	0.02935	0.00401	0.03577	0.00382	0.01888	0.00199	0.09527
6	0.00713	0.09223	0.69756	0.03872	0.01393	0.00803	0.04533	0.01052	0.00704	0.04132	0.00608	0.00710	0.00436	0.00313	0.00308	0.00102	0.00468	0.00248	0.00150	0.00478
7	0.20390	0.04290	0.17050	0.00863	0.12882	0.05756	0.02871	0.04298	0.03395	0.23993	0.00777	0.00803	0.00551	0.00340	0.00294	0.00100	0.00359	0.00265	0.00243	0.00477
8	0.00413	0.00299	0.00385	0.00447	0.00478	0.00278	0.00305	0.00477	0.00646	0.00852	0.04148	0.68198	0.09983	0.06554	0.00498	0.00143	0.00202	0.05127	0.00300	0.00267
9	0.00751	0.35934	0.32549	0.02630	0.03149	0.02693	0.07863	0.00974	0.00699	0.00920	0.01820	0.04994	0.01839	0.00354	0.00288	0.00093	0.00412	0.01445	0.00159	0.00435

[dist]
# distance from previous block
# <min> <max>
0	23

[block]
# block no. 8 follows, 86 sequences, length 29
# corresponding to MSA columns:
# 521-533,541-543,553-565
name=unknown_I
#
# <colnr> <probs for GDERKNQSTAVLIFYWHMCP>
#	G	D	E	R	K	N	Q	S	T	A	V	L	I	F	Y	W	H	M	C	P
0	0.00915	0.07505	0.26632	0.10238	0.16117	0.05788	0.01845	0.01137	0.00771	0.20857	0.00798	0.02814	0.00603	0.00361	0.00319	0.00101	0.00403	0.02104	0.00216	0.00477
1	0.00822	0.01369	0.59592	0.00940	0.05032	0.00709	0.06834	0.01136	0.00750	0.16935	0.00779	0.00838	0.02088	0.00337	0.00323	0.00104	0.00443	0.00280	0.00195	0.00495
2	0.00625	0.00517	0.00811	0.12427	0.28426	0.00550	0.00617	0.00709	0.00605	0.00832	0.00861	0.06460	0.04165	0.14507	0.06452	0.16127	0.04418	0.00379	0.00177	0.00336
3	0.00736	0.01475	0.64325	0.00951	0.03385	0.04906	0.07648	0.01059	0.00725	0.05772	0.00715	0.02517	0.02389	0.00345	0.00334	0.00105	0.01692	0.00283	0.00165	0.00472
4	0.00709	0.00633	0.04536	0.30328	0.18558	0.01766	0.02031	0.03742	0.02956	0.06961	0.09993	0.10808	0.03857	0.00468	0.00348	0.00108	0.00349	0.01215	0.00226	0.00407
5	0.00631	0.00594	0.01004	0.83637	0.06201	0.00734	0.00919	0.00849	0.00662	0.00852	0.00587	0.00875	0.00443	0.00327	0.00329	0.00109	0.00437	0.00293	0.00147	0.00373
6	0.00751	0.10981	0.43395	0.04656	0.04563	0.04907	0.13649	0.01072	0.05514	0.02913	0.01881	0.03025	0.00560	0.00338	0.00319	0.00102	0.00452	0.00292	0.00170	0.00460
7	0.04496	0.07579	0.35831	0.04627	0.05189	0.03213	0.05115	0.03525	0.07329	0.09744	0.07972	0.01710	0.00758	0.00370	0.00323	0.00102	0.01136	0.00303	0.00214	0.00462
8	0.10127	0.10107	0.09292	0.06209	0.19390	0.17393	0.05716	0.06622	0.02810	0.02897	0.01821	0.00859	0.01565	0.01522	0.00322	0.00100	0.00417	0.02201	0.00191	0.00438
9	0.00774	0.00721	0.01182	0.38028	0.39665	0.02977	0.05070	0.03228	0.00744	0.03559	0.00629	0.00848	0.00493	0.00315	0.00330	0.00103	0.00420	0.00297	0.00168	0.00450
10	0.00773	0.02989	0.37340	0.04083	0.24122	0.02682	0.02509	0.04233	0.00782	0.06746	0.06572	0.00979	0.04020	0.00362	0.00326	0.00102	0.00407	0.00308	0.00194	0.00475
11	0.03890	0.03373	0.06559	0.11017	0.34468	0.00727	0.09753	0.03869	0.03417	0.06725	0.08050	0.01794	0.02474	0.00371	0.00340	0.00103	0.01118	0.01281	0.00210	0.00460
12	0.02368	0.00614	0.00928	0.39744	0.05150	0.00684	0.05241	0.10814	0.03916	0.11465	0.00933	0.03797	0.01574	0.00444	0.00349	0.00113	0.00378	0.10836	0.00235	0.00417
13	0.00806	0.00714	0.01190	0.20855	0.58415	0.00744	0.00929	0.02848	0.00754	0.05800	0.00690	0.03554	0.00572	0.00333	0.00330	0.00102	0.00389	0.00315	0.00181	0.00482
14	0.01796	0.09801	0.30641	0.00927	0.04860	0.03718	0.19683	0.02536	0.02856	0.04204	0.03116	0.06616	0.06989	0.00404	0.00334	0.00104	0.00419	0.00364	0.00195	0.00438
15	0.00855	0.02664	0.05561	0.04406	0.66107	0.00766	0.00938	0.02071	0.03662	0.07722	0.01687	0.00861	0.00581	0.00315	0.00324	0.00099	0.00380	0.00297	0.00190	0.00514
16	0.00854	0.00740	0.01229	0.10999	0.61539	0.00753	0.03465	0.03221	0.03068	0.08251	0.00718	0.00913	0.00576	0.00324	0.00331	0.00101	0.00386	0.01836	0.00193	0.00503
17	0.00510	0.00337	0.00424	0.00418	0.00445	0.00353	0.00273	0.00550	0.00510	0.03601	0.00999	0.01858	0.01071	0.59408	0.27504	0.00375	0.00488	0.00436	0.00200	0.00240
18	0.00883	0.17059	0.14257	0.07407	0.14193	0.20781	0.10420	0.03246	0.03326	0.00958	0.00601	0.01948	0.00493	0.00331	0.00326	0.00095	0.02803	0.00268	0.00167	0.00439
19	0.00867	0.03457	0.07384	0.06805	0.50040	0.06221	0.06778	0.05326	0.04251	0.04719	0.00673	0.00821	0.00532	0.00314	0.00325	0.00099	0.00412	0.00293	0.00186	0.00496
20	0.03056	0.00823	0.05365	0.10808	0.58775	0.02168	0.08964	0.03132	0.00758	0.01077	0.00630	0.00845	0.00517	0.00307	0.00330	0.00101	0.00414	0.01273	0.00167	0.00488
21	0.00426	0.00317	0.00399	0.00432	0.00490	0.00290	0.00313	0.00522	0.00746	0.00991	0.24889	0.41103	0.19641	0.00885	0.00408	0.00122	0.00185	0.07235	0.00321	0.00284
22	0.00813	0.01626	0.03384	0.10911	0.57372	0.01915	0.05113	0.03534	0.02241	0.04088	0.01517	0.03819	0.00607	0.00339	0.00339	0.00102	0.01287	0.00322	0.00184	0.00487
23	0.00815	0.19231	0.41973	0.00889	0.03327	0.01798	0.11973	0.02861	0.00755	0.09234	0.03698	0.00794	0.00569	0.00325	0.00307	0.00097	0.00432	0.00271	0.00182	0.00470
24	0.03650	0.00319	0.00417	0.00486	0.00525	0.00308	0.00353	0.00526	0.00661	0.00905	0.04046	0.65814	0.02081	0.00971	0.00418	0.00135	0.00215	0.17589	0.00303	0.00279
25	0.00646	0.00605	0.01017	0.65869	0.18160	0.00713	0.00894	0.00854	0.00682	0.00899	0.02963	0.04022	0.00589	0.00357	0.00333	0.00108	0.00413	0.00324	0.00161	0.00390
26	0.00665	0.03742	0.00970	0.15542	0.24011	0.03587	0.07018	0.00835	0.00731	0.00967	0.02107	0.10052	0.02746	0.00547	0.00369	0.00116	0.00363	0.22578	0.00217	0.02836
27	0.00912	0.09437	0.07557	0.17787	0.20009	0.00796	0.12173	0.06965	0.04222	0.15808	0.00759	0.00867	0.00558	0.00331	0.00324	0.00101	0.00399	0.00301	0.00217	0.00478
28	0.00658	0.00511	0.00581	0.00537	0.00666	0.00546	0.00410	0.01149	0.39236	0.04306	0.31135	0.04487	0.06130	0.04922	0.00429	0.00121	0.00222	0.03213	0.00337	0.00406

[dist]
# distance from previous block
# <min> <max>
0	11

[block]
# block no. 9 follows, 86 sequences, length 8
# corresponding to MSA columns:
# 577-584
name=unknown_J
#
# <colnr> <probs for GDERKNQSTAVLIFYWHMCP>
#	G	D	E	R	K	N	Q	S	T	A	V	L	I	F	Y	W	H	M	C	P
0	0.07899	0.00592	0.00972	0.64123	0.05872	0.00702	0.06018	0.00841	0.00660	0.00916	0.00683	0.08033	0.00583	0.00380	0.00330	0.00111	0.00408	0.00342	0.00166	0.00369
1	0.07763	0.02686	0.06681	0.00666	0.00886	0.10577	0.00565	0.27655	0.09005	0.14262	0.06064	0.01132	0.00845	0.05845	0.00405	0.00115	0.00349	0.03745	0.00290	0.00465
2	0.02931	0.03993	0.18053	0.08090	0.08136	0.07076	0.09440	0.28145	0.05039	0.04862	0.00716	0.00796	0.00525	0.00346	0.00323	0.00101	0.00421	0.00287	0.00229	0.00491
3	0.00824	0.00652	0.09317	0.00576	0.00774	0.03378	0.00499	0.07924	0.02589	0.20132	0.11311	0.15630	0.08692	0.00564	0.00361	0.00103	0.01811	0.03057	0.00300	0.11506
4	0.07290	0.00418	0.00619	0.00561	0.00625	0.00461	0.07335	0.00609	0.00517	0.00774	0.00750	0.01229	0.00732	0.15234	0.32706	0.23442	0.05926	0.00341	0.00171	0.00261
5	0.00746	0.05002	0.02850	0.26221	0.15574	0.02250	0.11151	0.04262	0.14207	0.01064	0.04819	0.01069	0.00734	0.00387	0.00378	0.00108	0.05058	0.03484	0.00204	0.00433
6	0.00803	0.00702	0.00975	0.38575	0.20449	0.07791	0.00785	0.04390	0.03568	0.08022	0.02861	0.02905	0.00647	0.03914	0.00382	0.00112	0.00398	0.00320	0.00199	0.02203
7	0.06191	0.03992	0.11926	0.16548	0.11101	0.10503	0.02830	0.06837	0.09864	0.03962	0.06609	0.00990	0.00741	0.00373	0.00317	0.00100	0.00385	0.02287	0.00216	0.04229

[dist]
# distance from previous block
# <min> <max>
0	36

[block]
# block no. 10 follows, 86 sequences, length 8
# corresponding to MSA columns:
# 622-629
name=unknown_K
#
# <colnr> <probs for GDERKNQSTAVLIFYWHMCP>
#	G	D	E	R	K	N	Q	S	T	A	V	L	I	F	Y	W	H	M	C	P
0	0.17775	0.04180	0.06538	0.03405	0.13284	0.00682	0.03076	0.09747	0.05071	0.11615	0.02341	0.13120	0.02994	0.00462	0.00326	0.00106	0.01348	0.01468	0.00252	0.02209
1	0.03233	0.01931	0.17853	0.09204	0.08244	0.02835	0.02218	0.06835	0.03609	0.13331	0.15700	0.02870	0.05570	0.02945	0.00373	0.00109	0.00335	0.00375	0.00256	0.02172
2	0.00754	0.11813	0.01144	0.00988	0.12796	0.01014	0.00741	0.00847	0.00559	0.00829	0.00461	0.00709	0.00443	0.00500	0.00865	0.00128	0.64597	0.00275	0.00146	0.00390
3	0.00648	0.02756	0.14479	0.13954	0.03241	0.00657	0.10518	0.01011	0.17511	0.01132	0.22606	0.01436	0.04362	0.00462	0.00368	0.00108	0.02335	0.01756	0.00248	0.00411
4	0.00762	0.00700	0.00934	0.00793	0.00839	0.00922	0.00655	0.12562	0.00704	0.01038	0.11296	0.00949	0.00787	0.00563	0.00888	0.00133	0.64569	0.00328	0.00197	0.00382
5	0.00822	0.10728	0.37604	0.03494	0.02574	0.02487	0.06400	0.18706	0.04038	0.01246	0.06251	0.00851	0.00654	0.00359	0.00334	0.00101	0.02386	0.00287	0.00204	0.00474
6	0.00587	0.00399	0.00495	0.00462	0.00518	0.00420	0.00325	0.11205	0.00679	0.00930	0.12790	0.01676	0.01213	0.34466	0.18597	0.13915	0.00411	0.00417	0.00225	0.00271
7	0.39807	0.03616	0.03293	0.11529	0.00938	0.00713	0.02908	0.13068	0.00763	0.03928	0.03628	0.12949	0.00765	0.00437	0.00287	0.00106	0.00301	0.00342	0.00235	0.00388

[dist]
# distance from previous block
# <min> <max>
22	300

# created by:
# /home/simao/soft/augustus-3.0.3/scripts/msa2prfl.pl ./prep/93624.aln
