[name]
unknown

[dist]
# distance from previous block
# <min> <max>
0	49

[block]
# block no. 0 follows, 83 sequences, length 26
# corresponding to MSA columns:
# 595-620
name=unknown_A
#
# <colnr> <probs for GDERKNQSTAVLIFYWHMCP>
#	G	D	E	R	K	N	Q	S	T	A	V	L	I	F	Y	W	H	M	C	P
0	0.00546	0.00390	0.00546	0.00624	0.00702	0.00390	0.00546	0.00702	0.00780	0.01014	0.01794	0.03821	0.01950	0.00936	0.00468	0.00156	0.00312	0.83702	0.00312	0.00312
1	0.00999	0.00721	0.00789	0.00673	0.00881	0.00798	0.00533	0.16498	0.53212	0.13473	0.03735	0.01205	0.00983	0.00449	0.00341	0.00110	0.00283	0.00368	0.03414	0.00535
2	0.00945	0.02947	0.00829	0.00692	0.00892	0.04514	0.00547	0.23566	0.47593	0.02475	0.04973	0.06502	0.01042	0.00484	0.00346	0.00110	0.00304	0.00396	0.00331	0.00513
3	0.00434	0.00332	0.00390	0.00418	0.00481	0.00305	0.00291	0.00529	0.02803	0.00920	0.10017	0.37936	0.32099	0.09288	0.02030	0.00151	0.00211	0.00772	0.00308	0.00283
4	0.00685	0.03985	0.04020	0.64740	0.08962	0.00792	0.10233	0.00916	0.00700	0.00914	0.00609	0.00879	0.00464	0.00327	0.00340	0.00110	0.00459	0.00306	0.00154	0.00405
5	0.00785	0.00633	0.00865	0.11928	0.03190	0.00542	0.06524	0.02252	0.00745	0.08479	0.00676	0.00788	0.00527	0.00283	0.00284	0.00070	0.00309	0.00244	0.00212	0.60664
6	0.00497	0.00333	0.00383	0.00389	0.00395	0.00333	0.00232	0.00509	0.00515	0.00684	0.01124	0.02341	0.01287	0.81352	0.01627	0.00315	0.00327	0.06930	0.00214	0.00214
7	0.00798	0.05007	0.18024	0.07301	0.08098	0.01718	0.07517	0.06073	0.31110	0.01240	0.06228	0.01063	0.00846	0.00403	0.00363	0.00109	0.03024	0.00341	0.00246	0.00488
8	0.00880	0.00459	0.00552	0.00455	0.00637	0.00399	0.00362	0.01026	0.00794	0.24948	0.05052	0.02500	0.02389	0.00413	0.00288	0.00084	0.00221	0.02478	0.34602	0.21460
9	0.00909	0.24188	0.07581	0.00667	0.00896	0.07548	0.00591	0.09929	0.22318	0.06544	0.03273	0.07726	0.00907	0.02251	0.00346	0.00106	0.00344	0.03154	0.00261	0.00462
10	0.00906	0.88299	0.01775	0.00580	0.00869	0.01340	0.00580	0.01014	0.00688	0.00797	0.00471	0.00543	0.00435	0.00290	0.00217	0.00072	0.00362	0.00181	0.00145	0.00435
11	0.00438	0.00314	0.00417	0.00483	0.00517	0.00296	0.00342	0.00518	0.00693	0.00924	0.09219	0.65488	0.04161	0.02896	0.00462	0.00141	0.00211	0.11884	0.00317	0.00283
12	0.00543	0.02144	0.00454	0.00439	0.00466	0.04852	0.00279	0.02557	0.00587	0.00757	0.01208	0.20925	0.01389	0.57999	0.02255	0.00263	0.00322	0.02081	0.00231	0.00247
13	0.00874	0.04639	0.04871	0.16579	0.40112	0.05514	0.02215	0.13225	0.02481	0.01176	0.00674	0.01755	0.00546	0.00392	0.02315	0.00113	0.01536	0.00302	0.00193	0.00489
14	0.00473	0.00331	0.00392	0.00413	0.00433	0.00327	0.00257	0.00525	0.02847	0.00759	0.01447	0.27514	0.06550	0.51917	0.04129	0.00261	0.00298	0.00637	0.00247	0.00243
15	0.03873	0.03415	0.00970	0.00845	0.01032	0.74160	0.00643	0.09319	0.01003	0.00973	0.00549	0.00627	0.00448	0.00352	0.00304	0.00089	0.00572	0.00225	0.00191	0.00410
16	0.01026	0.02257	0.02475	0.02403	0.10236	0.48121	0.00645	0.02412	0.01973	0.02777	0.01886	0.09113	0.00691	0.01212	0.00359	0.00096	0.03441	0.00316	0.00200	0.08361
17	0.00545	0.00398	0.00464	0.00436	0.00541	0.00385	0.00330	0.00793	0.12072	0.02858	0.47150	0.02373	0.20488	0.00664	0.00376	0.00107	0.00179	0.00571	0.08925	0.00345
18	0.01265	0.01614	0.00960	0.00873	0.01047	0.86735	0.00655	0.01353	0.00960	0.00829	0.00524	0.00611	0.00436	0.00349	0.00305	0.00087	0.00611	0.00218	0.00175	0.00393
19	0.00417	0.00298	0.00398	0.00477	0.00498	0.00279	0.00322	0.00479	0.00653	0.00870	0.01865	0.85184	0.02231	0.01057	0.00434	0.00138	0.00200	0.03611	0.00314	0.00276
20	0.00906	0.88299	0.01775	0.00580	0.00869	0.01340	0.00580	0.01014	0.00688	0.00797	0.00471	0.00543	0.00435	0.00290	0.00217	0.00072	0.00362	0.00181	0.00145	0.00435
21	0.00700	0.00557	0.00656	0.00514	0.00738	0.00483	0.00408	0.02158	0.06746	0.05616	0.11338	0.01327	0.12128	0.00428	0.00345	0.00079	0.04722	0.00345	0.00258	0.50455
22	0.00458	0.00337	0.00415	0.00472	0.00494	0.02532	0.00314	0.00502	0.00621	0.00819	0.01615	0.65853	0.01908	0.11885	0.05124	0.05021	0.00266	0.00818	0.00281	0.00264
23	0.00843	0.00728	0.00766	0.00689	0.00881	0.00843	0.00536	0.01800	0.85370	0.01417	0.01379	0.01264	0.01034	0.00460	0.00345	0.00115	0.00268	0.00383	0.00345	0.00536
24	0.00679	0.01752	0.86340	0.00966	0.01466	0.00787	0.01252	0.01073	0.00715	0.01073	0.00608	0.00715	0.00429	0.00322	0.00322	0.00107	0.00501	0.00250	0.00143	0.00501
25	0.00986	0.01029	0.00832	0.00752	0.00937	0.30030	0.00576	0.01648	0.56686	0.01217	0.01088	0.01042	0.00831	0.00422	0.00331	0.00106	0.00385	0.00327	0.00287	0.00487

[dist]
# distance from previous block
# <min> <max>
0	11

[block]
# block no. 1 follows, 83 sequences, length 23
# corresponding to MSA columns:
# 632-654
name=unknown_B
#
# <colnr> <probs for GDERKNQSTAVLIFYWHMCP>
#	G	D	E	R	K	N	Q	S	T	A	V	L	I	F	Y	W	H	M	C	P
0	0.00486	0.00355	0.00503	0.00503	0.00549	0.00401	0.00372	0.00578	0.00532	0.00756	0.00945	0.01541	0.00938	0.22841	0.66577	0.00493	0.00770	0.00394	0.00187	0.00279
1	0.39040	0.12137	0.04814	0.00602	0.00858	0.06513	0.04079	0.09916	0.00768	0.02916	0.00572	0.00650	0.00448	0.00316	0.00253	0.00091	0.00331	0.00218	0.01616	0.13861
2	0.00439	0.00331	0.00400	0.00424	0.00487	0.00297	0.00294	0.00518	0.00713	0.00941	0.14571	0.42331	0.23132	0.09064	0.00533	0.00141	0.00199	0.00773	0.00308	0.04102
3	0.14379	0.02174	0.13702	0.00742	0.01019	0.04351	0.05768	0.27550	0.05668	0.05254	0.00742	0.00840	0.00565	0.04091	0.00386	0.00109	0.02461	0.00282	0.00250	0.09666
4	0.00492	0.00330	0.00377	0.00377	0.00380	0.00333	0.00215	0.00498	0.00495	0.00663	0.01060	0.02176	0.01214	0.84181	0.05615	0.00338	0.00355	0.00487	0.00204	0.00210
5	0.00484	0.00363	0.00544	0.00544	0.00605	0.00423	0.00423	0.00605	0.00544	0.00786	0.00907	0.01331	0.00847	0.02541	0.86753	0.00544	0.00907	0.00363	0.00181	0.00302
6	0.00480	0.00344	0.00436	0.00488	0.00524	0.00337	0.00338	0.03485	0.02980	0.00907	0.01688	0.61221	0.01968	0.14209	0.00626	0.00166	0.00236	0.08980	0.00299	0.00286
7	0.00865	0.01050	0.14251	0.02018	0.01447	0.06050	0.41731	0.12071	0.05948	0.01195	0.00703	0.00863	0.00533	0.00377	0.01502	0.00118	0.08268	0.00342	0.00197	0.00469
8	0.00484	0.00363	0.00544	0.00544	0.00605	0.00423	0.00423	0.00605	0.00544	0.00786	0.00907	0.01331	0.00847	0.02541	0.86753	0.00544	0.00907	0.00363	0.00181	0.00302
9	0.00446	0.00331	0.00449	0.00511	0.00537	0.00334	0.00363	0.00517	0.00649	0.00872	0.01741	0.71823	0.02055	0.01089	0.04237	0.00158	0.05023	0.08282	0.00299	0.00285
10	0.00997	0.00523	0.00616	0.00525	0.00706	0.03682	0.00423	0.04539	0.00915	0.39023	0.09141	0.02011	0.23635	0.00596	0.00365	0.00110	0.00258	0.07036	0.04464	0.00438
11	0.00758	0.04530	0.05042	0.11898	0.16789	0.08848	0.04263	0.00942	0.04564	0.00944	0.02407	0.10802	0.02171	0.00500	0.00553	0.00119	0.23887	0.00381	0.00190	0.00411
12	0.00621	0.00345	0.00494	0.00477	0.00490	0.00364	0.00330	0.04144	0.00499	0.00673	0.00611	0.01044	0.00603	0.03250	0.03420	0.77812	0.04182	0.00301	0.00158	0.00181
13	0.04712	0.00620	0.00707	0.00511	0.00807	0.00491	0.00410	0.04522	0.00736	0.01167	0.00606	0.00701	0.00499	0.00260	0.00253	0.00055	0.00257	0.00204	0.00207	0.82275
14	0.02278	0.10278	0.44215	0.00863	0.01237	0.04818	0.03872	0.15802	0.02483	0.02494	0.00645	0.00732	0.00479	0.00346	0.00347	0.00101	0.04250	0.00259	0.00192	0.04309
15	0.00450	0.00333	0.00471	0.00511	0.00548	0.00354	0.00370	0.00535	0.00602	0.00831	0.01432	0.49480	0.01614	0.01676	0.36897	0.00310	0.02349	0.00695	0.00255	0.00289
16	0.00530	0.00359	0.00417	0.00416	0.00443	0.00366	0.00269	0.02880	0.01986	0.00793	0.02077	0.02241	0.02797	0.64976	0.05615	0.00294	0.00342	0.08179	0.04776	0.00244
17	0.00724	0.00707	0.01931	0.02037	0.01027	0.07814	0.28559	0.06494	0.03282	0.01011	0.02705	0.02775	0.06829	0.21231	0.07478	0.00195	0.00461	0.01357	0.03014	0.00366
18	0.00658	0.00529	0.02339	0.00832	0.19386	0.00498	0.00525	0.05768	0.03395	0.04990	0.46195	0.04572	0.07764	0.00586	0.00377	0.00107	0.00243	0.00518	0.00317	0.00400
19	0.01136	0.00630	0.00839	0.00664	0.00884	0.00617	0.07401	0.19939	0.03921	0.36166	0.09406	0.05041	0.01075	0.00469	0.00348	0.00105	0.00302	0.01975	0.08584	0.00498
20	0.00679	0.01334	0.55926	0.00889	0.03996	0.01745	0.03875	0.04013	0.03444	0.01148	0.13415	0.03918	0.02117	0.00426	0.00356	0.01291	0.00421	0.00347	0.00201	0.00461
21	0.02827	0.12108	0.17838	0.00768	0.01058	0.00945	0.00737	0.35676	0.01091	0.14347	0.00768	0.00799	0.00553	0.00393	0.00390	0.00104	0.08531	0.00281	0.00268	0.00520
22	0.04531	0.02322	0.00786	0.05260	0.00912	0.00572	0.04439	0.03416	0.07786	0.01158	0.05428	0.01122	0.00805	0.00375	0.00323	0.00081	0.03084	0.06905	0.01577	0.49117

[dist]
# distance from previous block
# <min> <max>
6	45

[block]
# block no. 2 follows, 83 sequences, length 8
# corresponding to MSA columns:
# 736-743
name=unknown_C
#
# <colnr> <probs for GDERKNQSTAVLIFYWHMCP>
#	G	D	E	R	K	N	Q	S	T	A	V	L	I	F	Y	W	H	M	C	P
0	0.00447	0.00351	0.00410	0.00420	0.00515	0.00313	0.00328	0.00564	0.00817	0.01044	0.24005	0.06207	0.46630	0.00837	0.00414	0.00121	0.00195	0.15756	0.00329	0.00299
1	0.00528	0.00380	0.00523	0.00597	0.00673	0.00376	0.00513	0.00673	0.00770	0.00997	0.01891	0.10000	0.06666	0.00941	0.00461	0.00152	0.00296	0.72945	0.00312	0.00308
2	0.74265	0.00660	0.00562	0.00483	0.00703	0.00741	0.00398	0.05402	0.00680	0.12620	0.00602	0.00643	0.00439	0.00333	0.00233	0.00105	0.00271	0.00210	0.00244	0.00405
3	0.00838	0.00805	0.01375	0.02079	0.85982	0.00805	0.01040	0.01040	0.00771	0.01107	0.00637	0.00838	0.00537	0.00302	0.00335	0.00101	0.00402	0.00302	0.00168	0.00537
4	0.01099	0.00576	0.00699	0.00596	0.00787	0.02425	0.00471	0.05577	0.15474	0.42926	0.05317	0.15561	0.03789	0.00568	0.00363	0.00113	0.00272	0.02527	0.00372	0.00489
5	0.00736	0.01673	0.80551	0.00941	0.01425	0.00767	0.01201	0.01112	0.00732	0.06834	0.00657	0.00745	0.00457	0.00328	0.00323	0.00107	0.00486	0.00256	0.00162	0.00506
6	0.70404	0.00754	0.04967	0.00527	0.00759	0.00804	0.00456	0.12373	0.03963	0.01576	0.00560	0.00622	0.00424	0.00333	0.00238	0.00105	0.00289	0.00211	0.00229	0.00408
7	0.00889	0.00822	0.04898	0.09976	0.13055	0.00848	0.16457	0.21955	0.02883	0.03822	0.03721	0.02734	0.01983	0.02186	0.00486	0.00118	0.12114	0.00355	0.00230	0.00469

[dist]
# distance from previous block
# <min> <max>
1	12

[block]
# block no. 3 follows, 83 sequences, length 33
# corresponding to MSA columns:
# 768-800
name=unknown_D
#
# <colnr> <probs for GDERKNQSTAVLIFYWHMCP>
#	G	D	E	R	K	N	Q	S	T	A	V	L	I	F	Y	W	H	M	C	P
0	0.02966	0.04376	0.27044	0.02898	0.11668	0.03936	0.04330	0.01086	0.11388	0.05498	0.02417	0.11748	0.01828	0.00451	0.00363	0.00108	0.03231	0.00380	0.00220	0.04063
1	0.00849	0.12738	0.30458	0.00773	0.01102	0.18342	0.01598	0.02926	0.04420	0.01023	0.00630	0.00744	0.00503	0.00382	0.02628	0.00099	0.00450	0.01063	0.00178	0.19094
2	0.00574	0.00296	0.00435	0.00438	0.00439	0.00295	0.00290	0.00446	0.00454	0.00605	0.00677	0.05182	0.00704	0.06332	0.01306	0.80581	0.00292	0.00337	0.00158	0.00157
3	0.00741	0.00741	0.01038	0.00889	0.00889	0.01038	0.00741	0.00815	0.00519	0.00815	0.00445	0.00741	0.00445	0.00593	0.01112	0.00148	0.87475	0.00296	0.00148	0.00371
4	0.56663	0.00679	0.00626	0.00532	0.00754	0.00756	0.00435	0.08925	0.11630	0.14976	0.00757	0.00762	0.00547	0.00358	0.00260	0.00106	0.00277	0.00245	0.00272	0.00441
5	0.00741	0.00741	0.01038	0.00889	0.00889	0.01038	0.00741	0.00815	0.00519	0.00815	0.00445	0.00741	0.00445	0.00593	0.01112	0.00148	0.87475	0.00296	0.00148	0.00371
6	0.00443	0.00345	0.00402	0.00388	0.00483	0.00304	0.00291	0.00568	0.00872	0.01152	0.47474	0.02870	0.41654	0.00769	0.00400	0.00110	0.00165	0.00660	0.00346	0.00304
7	0.00861	0.00737	0.00776	0.00693	0.00888	0.00851	0.00541	0.05224	0.81916	0.01447	0.01355	0.01245	0.01015	0.00457	0.00344	0.00114	0.00272	0.00380	0.00344	0.00538
8	0.01433	0.00557	0.00758	0.00588	0.00835	0.00483	0.00483	0.01567	0.00969	0.79165	0.08355	0.01267	0.01034	0.00442	0.00346	0.00105	0.00278	0.00363	0.00415	0.00555
9	0.00433	0.00316	0.00407	0.00444	0.00493	0.00290	0.00310	0.00526	0.00760	0.01027	0.28689	0.52056	0.11150	0.00923	0.00419	0.00125	0.00182	0.00826	0.00333	0.00290
10	0.00941	0.00777	0.00822	0.00709	0.00918	0.00889	0.00560	0.20212	0.66798	0.01576	0.01253	0.01164	0.00933	0.00448	0.00343	0.00112	0.00291	0.00366	0.00343	0.00545
11	0.00472	0.00346	0.00442	0.00418	0.00501	0.00316	0.00314	0.00625	0.00941	0.01316	0.77863	0.02601	0.11163	0.00708	0.00400	0.00107	0.00161	0.00622	0.00367	0.00316
12	0.01443	0.00708	0.00846	0.02287	0.00940	0.05219	0.00544	0.18457	0.01090	0.63034	0.01173	0.01051	0.00757	0.00411	0.00338	0.00103	0.00326	0.00326	0.00385	0.00563
13	0.00750	0.03046	0.00742	0.00515	0.00812	0.00493	0.00416	0.02367	0.01777	0.04247	0.00639	0.00723	0.00520	0.00263	0.00256	0.00055	0.00258	0.00209	0.00211	0.81701
14	0.00859	0.11263	0.43647	0.04347	0.02098	0.04651	0.05284	0.06849	0.05586	0.08186	0.00708	0.00784	0.00516	0.00343	0.00331	0.00103	0.02025	0.00270	0.00195	0.01955
15	0.00652	0.00394	0.00534	0.00503	0.00574	0.00417	0.00369	0.03584	0.00611	0.11430	0.00975	0.01510	0.00921	0.25699	0.42450	0.07860	0.00601	0.00388	0.00220	0.00306
16	0.00640	0.00602	0.01016	0.87281	0.02333	0.00753	0.00941	0.00866	0.00677	0.00866	0.00602	0.00903	0.00452	0.00339	0.00339	0.00113	0.00452	0.00301	0.00151	0.00376
17	0.00645	0.00607	0.01025	0.85189	0.04387	0.00754	0.00943	0.00870	0.00680	0.00871	0.00603	0.00902	0.00454	0.00338	0.00339	0.00113	0.00450	0.00301	0.00151	0.00380
18	0.00439	0.00327	0.00405	0.00456	0.00505	0.00303	0.00317	0.02855	0.00711	0.00926	0.04056	0.63862	0.19705	0.00989	0.00423	0.00131	0.00198	0.02788	0.00316	0.00288
19	0.65144	0.00702	0.00630	0.03562	0.00793	0.00806	0.00448	0.16045	0.00771	0.03977	0.00570	0.00655	0.00435	0.01557	0.00286	0.00109	0.02646	0.00221	0.00235	0.00409
20	0.00442	0.00335	0.00437	0.00483	0.00516	0.00333	0.00338	0.00513	0.00678	0.00908	0.09245	0.64119	0.10191	0.02477	0.00494	0.00137	0.05943	0.01819	0.00307	0.00286
21	0.05863	0.00580	0.00772	0.00595	0.00855	0.00511	0.00491	0.01619	0.00950	0.82082	0.01294	0.01124	0.00816	0.00414	0.00334	0.00105	0.00287	0.00333	0.00409	0.00566
22	0.02410	0.00725	0.00969	0.20067	0.10096	0.02688	0.02072	0.21249	0.02505	0.31362	0.01884	0.00976	0.00667	0.00385	0.00338	0.00105	0.00366	0.00319	0.00300	0.00515
23	0.05114	0.02780	0.05913	0.16974	0.19518	0.01680	0.02188	0.01002	0.14144	0.01068	0.02336	0.04602	0.07888	0.03113	0.02369	0.00130	0.00364	0.08167	0.00228	0.00422
24	0.00428	0.00306	0.00411	0.00490	0.00516	0.00289	0.00342	0.00499	0.00664	0.00882	0.01858	0.77989	0.02206	0.01047	0.00437	0.00140	0.00210	0.10694	0.00314	0.00279
25	0.00670	0.00452	0.00550	0.00562	0.00672	0.00470	0.00471	0.06358	0.10934	0.03153	0.01536	0.02636	0.03039	0.00702	0.00385	0.00127	0.00271	0.44916	0.21734	0.00362
26	0.00894	0.12273	0.24971	0.00957	0.08217	0.15436	0.08449	0.09791	0.00846	0.02981	0.00710	0.06780	0.00608	0.01219	0.00376	0.01724	0.02805	0.00315	0.00192	0.00454
27	0.04311	0.00695	0.07065	0.04126	0.00925	0.02375	0.08468	0.10521	0.12006	0.03554	0.03385	0.15010	0.03723	0.07174	0.03605	0.03475	0.06532	0.02397	0.00255	0.00397
28	0.00414	0.00298	0.00394	0.00469	0.00493	0.00277	0.00316	0.00476	0.00656	0.00869	0.01930	0.82989	0.05683	0.01051	0.00432	0.00137	0.00197	0.02327	0.00314	0.00276
29	0.00695	0.05300	0.79217	0.00982	0.03156	0.00812	0.03103	0.01070	0.00717	0.01062	0.00605	0.00715	0.00433	0.00319	0.00320	0.00106	0.00495	0.00252	0.00144	0.00498
30	0.00882	0.09972	0.20038	0.08500	0.07767	0.07799	0.04397	0.05403	0.07917	0.10011	0.05539	0.02999	0.00760	0.00405	0.00372	0.00106	0.05195	0.01247	0.00224	0.00465
31	0.05972	0.00436	0.00512	0.00464	0.00609	0.00404	0.00363	0.00898	0.05402	0.20837	0.20354	0.06746	0.30836	0.00681	0.00377	0.00113	0.00214	0.04056	0.00347	0.00379
32	0.06827	0.00838	0.00896	0.00716	0.00960	0.00926	0.00583	0.52536	0.20229	0.08384	0.02990	0.00965	0.00748	0.00420	0.00334	0.00105	0.00331	0.00325	0.00339	0.00548

[dist]
# distance from previous block
# <min> <max>
2	4

[block]
# block no. 4 follows, 83 sequences, length 37
# corresponding to MSA columns:
# 806-842
name=unknown_E
#
# <colnr> <probs for GDERKNQSTAVLIFYWHMCP>
#	G	D	E	R	K	N	Q	S	T	A	V	L	I	F	Y	W	H	M	C	P
0	0.02356	0.00835	0.04225	0.04911	0.39836	0.08964	0.05349	0.02132	0.00725	0.01001	0.00644	0.00879	0.00553	0.00701	0.14110	0.00177	0.11678	0.00304	0.00170	0.00450
1	0.11064	0.19283	0.10242	0.09046	0.11739	0.17495	0.08373	0.04196	0.00782	0.01038	0.00578	0.00737	0.00474	0.00332	0.00313	0.00097	0.02227	0.01371	0.00173	0.00437
2	0.15391	0.00521	0.00597	0.00502	0.00687	0.00514	0.00403	0.02935	0.07356	0.34578	0.12909	0.01273	0.01107	0.00438	0.00306	0.00100	0.00239	0.00351	0.19343	0.00449
3	0.00612	0.00513	0.00536	0.00530	0.00579	0.12393	0.00379	0.00646	0.00580	0.00733	0.00889	0.06277	0.00912	0.19933	0.33833	0.18230	0.00574	0.01401	0.00188	0.00262
4	0.00492	0.00330	0.00376	0.00376	0.00379	0.00332	0.00214	0.00497	0.00495	0.00662	0.01061	0.02182	0.01217	0.84761	0.05038	0.00337	0.00351	0.00488	0.00204	0.00209
5	0.00464	0.00346	0.00431	0.00410	0.00497	0.00313	0.00307	0.00609	0.00922	0.01272	0.69674	0.02673	0.19379	0.00725	0.00400	0.00108	0.00162	0.00633	0.00361	0.00313
6	0.00906	0.88299	0.01775	0.00580	0.00869	0.01340	0.00580	0.01014	0.00688	0.00797	0.00471	0.00543	0.00435	0.00290	0.00217	0.00072	0.00362	0.00181	0.00145	0.00435
7	0.00413	0.00295	0.00393	0.00472	0.00491	0.00275	0.00314	0.00472	0.00649	0.00865	0.01867	0.87874	0.02240	0.01061	0.00432	0.00138	0.00197	0.00963	0.00314	0.00275
8	0.00492	0.00333	0.00392	0.00392	0.00399	0.00340	0.00233	0.00507	0.00499	0.00673	0.01047	0.02105	0.01183	0.77270	0.12483	0.00356	0.00402	0.00476	0.00202	0.00218
9	0.00479	0.00346	0.00453	0.00426	0.00506	0.00320	0.00320	0.00639	0.00959	0.01358	0.85803	0.02530	0.03196	0.00693	0.00400	0.00107	0.00160	0.00613	0.00373	0.00320
10	0.00679	0.00642	0.01086	0.70598	0.18712	0.00763	0.00960	0.00900	0.00696	0.00913	0.00609	0.00890	0.00468	0.00331	0.00338	0.00110	0.00442	0.00301	0.00154	0.00408
11	0.00691	0.00449	0.00573	0.00568	0.06485	0.00429	0.00399	0.06317	0.02301	0.08873	0.44678	0.03781	0.02040	0.00554	0.00350	0.00099	0.00208	0.00480	0.16431	0.04294
12	0.07952	0.03454	0.00960	0.00744	0.00992	0.10495	0.00607	0.55776	0.10016	0.04439	0.00820	0.00820	0.00596	0.00396	0.00323	0.00101	0.00377	0.00292	0.00308	0.00532
13	0.01265	0.01614	0.00960	0.00873	0.01047	0.86735	0.00655	0.01353	0.00960	0.00829	0.00524	0.00611	0.00436	0.00349	0.00305	0.00087	0.00611	0.00218	0.00175	0.00393
14	0.02292	0.01907	0.05753	0.01239	0.26017	0.00799	0.16176	0.07374	0.11252	0.05963	0.06746	0.01063	0.00806	0.00436	0.02012	0.00119	0.07920	0.01411	0.00231	0.00484
15	0.01460	0.00397	0.00500	0.04149	0.03517	0.01327	0.00377	0.00672	0.05884	0.01118	0.35692	0.28238	0.13833	0.00777	0.00398	0.00117	0.00206	0.00686	0.00325	0.00326
16	0.08370	0.00583	0.00764	0.00591	0.00849	0.00518	0.00488	0.01600	0.00939	0.79695	0.01270	0.01107	0.00802	0.00411	0.00331	0.00105	0.00286	0.00329	0.00403	0.00560
17	0.00457	0.00384	0.00483	0.03732	0.00610	0.00349	0.04050	0.00591	0.02126	0.01048	0.25880	0.05175	0.51010	0.00792	0.01703	0.00119	0.00210	0.00653	0.00317	0.00310
18	0.03371	0.15384	0.09537	0.06699	0.09889	0.21007	0.02927	0.08937	0.06643	0.06402	0.00788	0.00860	0.03774	0.00370	0.00324	0.00098	0.02038	0.00281	0.00212	0.00459
19	0.00498	0.00357	0.00483	0.00553	0.00611	0.00349	0.00447	0.00614	0.00724	0.00945	0.01835	0.28136	0.05260	0.06271	0.00531	0.00159	0.00274	0.51353	0.00306	0.00294
20	0.00484	0.00363	0.00544	0.00544	0.00605	0.00423	0.00423	0.00605	0.00544	0.00786	0.00907	0.01331	0.00847	0.02541	0.86753	0.00544	0.00907	0.00363	0.00181	0.00302
21	0.00792	0.01130	0.31000	0.03321	0.40050	0.00810	0.04272	0.05461	0.04538	0.01147	0.00686	0.02244	0.00547	0.00340	0.00351	0.00106	0.02213	0.00302	0.00178	0.00512
22	0.15234	0.00836	0.01206	0.12284	0.31742	0.06427	0.13371	0.09565	0.00819	0.01215	0.00617	0.00791	0.00489	0.00331	0.00353	0.00106	0.03668	0.00292	0.00190	0.00466
23	0.00441	0.00314	0.00419	0.00493	0.00522	0.00299	0.00350	0.00514	0.00663	0.00880	0.01809	0.68090	0.02132	0.05889	0.00511	0.00151	0.00224	0.15713	0.00308	0.00278
24	0.84135	0.03920	0.01726	0.00466	0.00682	0.02540	0.00393	0.01005	0.00590	0.01473	0.00475	0.00554	0.00372	0.00314	0.00213	0.00103	0.00276	0.00185	0.00206	0.00372
25	0.00484	0.00363	0.00544	0.00544	0.00605	0.00423	0.00423	0.00605	0.00544	0.00786	0.00907	0.01331	0.00847	0.02541	0.86753	0.00544	0.00907	0.00363	0.00181	0.00302
26	0.00991	0.00763	0.00818	0.00662	0.00867	0.02086	0.00536	0.51486	0.05313	0.01707	0.08625	0.01477	0.18302	0.00533	0.00390	0.00107	0.04110	0.00417	0.00326	0.00481
27	0.00471	0.00346	0.00441	0.00417	0.00501	0.00316	0.00313	0.00622	0.00938	0.01310	0.76773	0.02610	0.12257	0.00711	0.00400	0.00107	0.00161	0.00624	0.00367	0.00316
28	0.00486	0.00354	0.00497	0.00497	0.00541	0.00398	0.00364	0.00574	0.00530	0.00751	0.00951	0.01571	0.00951	0.25736	0.63700	0.00486	0.00750	0.00398	0.00188	0.00276
29	0.00646	0.00614	0.01053	0.84080	0.02312	0.00756	0.04065	0.00874	0.00682	0.00874	0.00605	0.00904	0.00454	0.00337	0.00341	0.00113	0.00456	0.00305	0.00151	0.00379
30	0.00717	0.01884	0.00950	0.44818	0.05089	0.00772	0.03239	0.01192	0.30126	0.01102	0.05926	0.01118	0.00822	0.00398	0.00344	0.00112	0.00371	0.00349	0.00232	0.00438
31	0.00475	0.00346	0.00447	0.00422	0.00504	0.00318	0.00316	0.00631	0.00949	0.01335	0.81453	0.02569	0.07561	0.00701	0.00400	0.00107	0.00160	0.00618	0.00370	0.00318
32	0.00496	0.00397	0.00547	0.05691	0.09316	0.00385	0.00423	0.00633	0.02901	0.01042	0.24224	0.36013	0.15048	0.00797	0.00401	0.00120	0.00221	0.00711	0.00306	0.00328
33	0.26054	0.16370	0.32382	0.00774	0.04222	0.10778	0.00791	0.01087	0.00708	0.03271	0.00556	0.00643	0.00428	0.00319	0.00271	0.00098	0.00413	0.00220	0.00174	0.00442
34	0.00484	0.00363	0.00544	0.00544	0.00605	0.00423	0.00423	0.00605	0.00544	0.00786	0.00907	0.01331	0.00847	0.02541	0.86753	0.00544	0.00907	0.00363	0.00181	0.00302
35	0.00484	0.00363	0.00544	0.00544	0.00605	0.00423	0.00423	0.00605	0.00544	0.00786	0.00907	0.01331	0.00847	0.02541	0.86753	0.00544	0.00907	0.00363	0.00181	0.00302
36	0.18388	0.00919	0.00822	0.00685	0.00895	0.15897	0.00547	0.38962	0.05498	0.01582	0.02383	0.00868	0.02004	0.01373	0.04131	0.03631	0.00400	0.00287	0.00270	0.00460

[dist]
# distance from previous block
# <min> <max>
1	16

[block]
# block no. 5 follows, 83 sequences, length 19
# corresponding to MSA columns:
# 859-863,868-881
name=unknown_F
#
# <colnr> <probs for GDERKNQSTAVLIFYWHMCP>
#	G	D	E	R	K	N	Q	S	T	A	V	L	I	F	Y	W	H	M	C	P
0	0.10016	0.37061	0.18160	0.05716	0.03237	0.09398	0.00720	0.02795	0.00737	0.02260	0.02810	0.03003	0.00560	0.00348	0.00287	0.00092	0.01946	0.00248	0.00174	0.00433
1	0.04030	0.33376	0.07810	0.02181	0.04147	0.02321	0.00598	0.07722	0.04906	0.04568	0.01550	0.01655	0.00559	0.00321	0.00267	0.00079	0.00338	0.00238	0.00203	0.23130
2	0.07939	0.54776	0.05862	0.00653	0.00924	0.08474	0.03047	0.08849	0.00790	0.01007	0.00585	0.04639	0.00528	0.00345	0.00256	0.00085	0.00382	0.00242	0.00179	0.00436
3	0.00701	0.01432	0.60178	0.01159	0.18902	0.00772	0.01130	0.01025	0.00728	0.01073	0.03239	0.00870	0.03020	0.00355	0.00361	0.00108	0.04007	0.00287	0.00160	0.00491
4	0.00927	0.83214	0.01727	0.00597	0.00880	0.06349	0.00584	0.01034	0.00704	0.00799	0.00474	0.00547	0.00435	0.00293	0.00223	0.00073	0.00377	0.00183	0.00147	0.00432
5	0.05461	0.00590	0.00779	0.00600	0.00860	0.00524	0.00496	0.03821	0.00969	0.80236	0.01284	0.01117	0.00811	0.00414	0.00335	0.00105	0.00289	0.00333	0.00408	0.00567
6	0.00499	0.00358	0.00466	0.00460	0.00484	0.00394	0.00314	0.00550	0.00515	0.00715	0.00979	0.01802	0.01046	0.50166	0.36099	0.00409	0.03868	0.00433	0.00193	0.00251
7	0.00906	0.88299	0.01775	0.00580	0.00869	0.01340	0.00580	0.01014	0.00688	0.00797	0.00471	0.00543	0.00435	0.00290	0.00217	0.00072	0.00362	0.00181	0.00145	0.00435
8	0.00546	0.00390	0.00546	0.00624	0.00702	0.00390	0.00546	0.00702	0.00780	0.01014	0.01794	0.03821	0.01950	0.00936	0.00468	0.00156	0.00312	0.83702	0.00312	0.00312
9	0.00640	0.00602	0.01016	0.87281	0.02333	0.00753	0.00941	0.00866	0.00677	0.00866	0.00602	0.00903	0.00452	0.00339	0.00339	0.00113	0.00452	0.00301	0.00151	0.00376
10	0.00833	0.00805	0.01377	0.02006	0.79680	0.00817	0.03373	0.01031	0.00760	0.01093	0.00630	0.00836	0.00532	0.00315	0.00373	0.00103	0.04440	0.00304	0.00167	0.00527
11	0.07099	0.00679	0.00804	0.00611	0.00882	0.00639	0.00502	0.21817	0.01032	0.39585	0.00975	0.00922	0.00662	0.00369	0.00310	0.00091	0.00298	0.00288	0.00333	0.22101
12	0.00499	0.00359	0.00500	0.00539	0.00598	0.00349	0.03814	0.00630	0.03170	0.00972	0.01701	0.50650	0.01908	0.00906	0.00416	0.00134	0.00239	0.22019	0.10292	0.00304
13	0.02221	0.00845	0.04886	0.03690	0.07062	0.00832	0.00639	0.44559	0.04646	0.08320	0.02056	0.00908	0.02264	0.00382	0.00324	0.00095	0.00344	0.00302	0.00293	0.15333
14	0.00666	0.00595	0.00996	0.75631	0.06693	0.00723	0.00899	0.00873	0.00682	0.03109	0.00656	0.03169	0.00517	0.00382	0.00370	0.02742	0.00433	0.00319	0.00163	0.00381
15	0.00906	0.88299	0.01775	0.00580	0.00869	0.01340	0.00580	0.01014	0.00688	0.00797	0.00471	0.00543	0.00435	0.00290	0.00217	0.00072	0.00362	0.00181	0.00145	0.00435
16	0.02245	0.00618	0.04595	0.02190	0.20475	0.00564	0.06838	0.00917	0.08910	0.01241	0.36653	0.01638	0.03564	0.00492	0.00360	0.00103	0.00284	0.00446	0.01548	0.06321
17	0.20301	0.12515	0.17810	0.00955	0.15218	0.15101	0.01970	0.02215	0.00730	0.01090	0.00583	0.02960	0.00493	0.00381	0.01459	0.00107	0.05245	0.00256	0.00175	0.00436
18	0.00767	0.00777	0.03201	0.25024	0.44913	0.05828	0.01945	0.00959	0.00738	0.00995	0.00717	0.07190	0.00642	0.00388	0.00371	0.00109	0.03464	0.01343	0.00175	0.00455

[dist]
# distance from previous block
# <min> <max>
3	5

[block]
# block no. 6 follows, 83 sequences, length 6
# corresponding to MSA columns:
# 887-892
name=unknown_G
#
# <colnr> <probs for GDERKNQSTAVLIFYWHMCP>
#	G	D	E	R	K	N	Q	S	T	A	V	L	I	F	Y	W	H	M	C	P
0	0.00845	0.08537	0.11551	0.00750	0.08180	0.00689	0.00616	0.08286	0.09067	0.07661	0.00789	0.03916	0.00636	0.00343	0.00294	0.00082	0.00318	0.00278	0.00232	0.36931
1	0.05872	0.16931	0.07408	0.00692	0.03125	0.21356	0.02334	0.00905	0.00753	0.00929	0.04110	0.26125	0.01149	0.02311	0.00364	0.00111	0.00374	0.04558	0.00224	0.00368
2	0.47239	0.02281	0.02473	0.00846	0.17737	0.04809	0.02023	0.02714	0.05356	0.03201	0.00650	0.00735	0.01957	0.00330	0.00264	0.00100	0.00319	0.00241	0.00212	0.06513
3	0.00705	0.00960	0.21766	0.30881	0.08061	0.03179	0.06394	0.00935	0.00672	0.00934	0.00593	0.00834	0.00474	0.00482	0.04562	0.00137	0.17564	0.00295	0.00153	0.00420
4	0.00817	0.07625	0.04663	0.04411	0.09198	0.08689	0.00576	0.05099	0.02626	0.05365	0.07229	0.06857	0.00844	0.00391	0.00319	0.00084	0.01978	0.00319	0.00227	0.32682
5	0.00547	0.00486	0.02848	0.00546	0.00628	0.02480	0.02930	0.00674	0.00785	0.01084	0.40911	0.02188	0.10216	0.11495	0.04166	0.00161	0.12477	0.04773	0.00288	0.00319

[dist]
# distance from previous block
# <min> <max>
5	15

# created by:
# /home/simao/soft/augustus-3.0.3/scripts/msa2prfl.pl ./prep/93746.aln
