[name]
unknown

[dist]
# distance from previous block
# <min> <max>
0	3194

[block]
# block no. 0 follows, 78 sequences, length 8
# corresponding to MSA columns:
# 3547-3554
name=unknown_A
#
# <colnr> <probs for GDERKNQSTAVLIFYWHMCP>
#	G	D	E	R	K	N	Q	S	T	A	V	L	I	F	Y	W	H	M	C	P
0	0.00839	0.07438	0.10368	0.05809	0.05011	0.06171	0.02332	0.08123	0.05999	0.04253	0.05764	0.07813	0.02682	0.00564	0.01909	0.00125	0.14628	0.04414	0.00241	0.05516
1	0.00824	0.15071	0.14002	0.06956	0.15782	0.03877	0.03624	0.04362	0.02237	0.03707	0.04272	0.09454	0.02596	0.00454	0.00385	0.00107	0.05181	0.00375	0.00215	0.06519
2	0.00736	0.12207	0.16140	0.00755	0.07094	0.02935	0.00645	0.05684	0.05027	0.03433	0.05511	0.13384	0.12232	0.03978	0.05701	0.00147	0.00379	0.00473	0.00252	0.03287
3	0.04322	0.00620	0.09231	0.05422	0.02259	0.00516	0.03197	0.03867	0.02515	0.07508	0.16944	0.14826	0.20010	0.00683	0.00413	0.00120	0.02555	0.01993	0.02608	0.00390
4	0.00848	0.08624	0.03152	0.07608	0.07852	0.08270	0.03031	0.12649	0.06310	0.02415	0.05983	0.09102	0.06073	0.03348	0.04219	0.01664	0.03385	0.00419	0.00252	0.04795
5	0.01043	0.15733	0.09162	0.04833	0.07987	0.24288	0.01809	0.07589	0.02887	0.07675	0.00741	0.03041	0.00621	0.04328	0.01939	0.00122	0.05225	0.00301	0.00215	0.00462
6	0.00735	0.00677	0.04879	0.00616	0.03920	0.00527	0.00488	0.05162	0.03801	0.01210	0.05319	0.03671	0.05566	0.02412	0.00338	0.00079	0.00280	0.00314	0.00240	0.59768
7	0.00582	0.00453	0.00567	0.02353	0.04353	0.01747	0.00407	0.01981	0.02805	0.02706	0.03148	0.51103	0.04324	0.05065	0.00470	0.00131	0.00251	0.00732	0.00295	0.16526

[dist]
# distance from previous block
# <min> <max>
1	10

[block]
# block no. 1 follows, 78 sequences, length 23
# corresponding to MSA columns:
# 3565-3587
name=unknown_B
#
# <colnr> <probs for GDERKNQSTAVLIFYWHMCP>
#	G	D	E	R	K	N	Q	S	T	A	V	L	I	F	Y	W	H	M	C	P
0	0.00716	0.16852	0.08980	0.05433	0.08631	0.06095	0.03433	0.03066	0.00773	0.00993	0.01210	0.33006	0.01307	0.00674	0.00378	0.00120	0.00359	0.07331	0.00243	0.00399
1	0.00574	0.00381	0.00461	0.00455	0.00529	0.00362	0.00322	0.00703	0.04211	0.06346	0.23801	0.17416	0.13947	0.22142	0.01809	0.00183	0.00247	0.02691	0.03101	0.00319
2	0.01004	0.00847	0.00912	0.03652	0.02635	0.03253	0.00630	0.22582	0.52961	0.01608	0.01185	0.01143	0.00888	0.00465	0.00398	0.00118	0.04461	0.00368	0.00336	0.00556
3	0.00468	0.00358	0.00445	0.02147	0.00570	0.00325	0.00344	0.00575	0.00804	0.01063	0.22141	0.35509	0.25145	0.00916	0.00431	0.00128	0.00203	0.04998	0.00338	0.03091
4	0.00995	0.09174	0.20632	0.07138	0.15798	0.06176	0.01749	0.18119	0.07496	0.06024	0.00775	0.00858	0.00581	0.00367	0.00336	0.00105	0.00434	0.00296	0.00234	0.02713
5	0.00871	0.20309	0.09545	0.03196	0.13833	0.02009	0.00725	0.11843	0.07127	0.03568	0.00972	0.16372	0.00922	0.00520	0.00389	0.00112	0.05015	0.01955	0.00242	0.00473
6	0.00444	0.00317	0.00424	0.00507	0.00532	0.00298	0.00348	0.00513	0.00691	0.00920	0.01957	0.81406	0.02333	0.01106	0.00457	0.00146	0.00215	0.06765	0.00330	0.00292
7	0.00532	0.00366	0.00453	0.00479	0.00519	0.00359	0.00335	0.01774	0.00678	0.02061	0.06092	0.20645	0.06142	0.38811	0.02696	0.00240	0.00306	0.16951	0.00282	0.00277
8	0.01206	0.11606	0.09032	0.00852	0.06907	0.05863	0.05518	0.05189	0.03481	0.37681	0.01033	0.03316	0.00753	0.02821	0.00409	0.00114	0.03041	0.00342	0.00305	0.00531
9	0.01488	0.00754	0.00891	0.00696	0.00956	0.05668	0.00570	0.19038	0.01142	0.59078	0.02488	0.01112	0.00823	0.00444	0.00382	0.00110	0.03034	0.00346	0.00398	0.00584
10	0.30050	0.00751	0.03075	0.31379	0.08059	0.00821	0.11607	0.01087	0.07780	0.01239	0.00671	0.00851	0.00512	0.00348	0.00320	0.00115	0.00407	0.00295	0.00200	0.00434
11	0.00796	0.00474	0.00591	0.00528	0.00666	0.00457	0.00409	0.04378	0.09420	0.17979	0.44189	0.07511	0.03464	0.00651	0.00394	0.00114	0.00221	0.02412	0.04924	0.00419
12	0.00775	0.00778	0.01131	0.00955	0.00976	0.01062	0.05243	0.00866	0.00562	0.00871	0.00494	0.00806	0.00483	0.00662	0.03473	0.00165	0.79828	0.00319	0.00158	0.00392
13	0.00476	0.00350	0.00488	0.00524	0.00566	0.00344	0.02370	0.00559	0.00677	0.00914	0.06172	0.51528	0.03508	0.10815	0.14405	0.00234	0.00356	0.05125	0.00295	0.00295
14	0.90002	0.00689	0.00523	0.00468	0.00689	0.00799	0.00386	0.01047	0.00606	0.01597	0.00496	0.00578	0.00386	0.00330	0.00220	0.00110	0.00275	0.00193	0.00220	0.00386
15	0.00786	0.00800	0.01208	0.01001	0.01043	0.01068	0.10484	0.00890	0.00580	0.00890	0.00497	0.00800	0.00476	0.00585	0.01081	0.00152	0.76776	0.00324	0.00159	0.00400
16	0.01103	0.00882	0.01189	0.03725	0.38323	0.04376	0.00847	0.27121	0.02656	0.10207	0.02846	0.00947	0.00677	0.00390	0.00380	0.00108	0.03066	0.00328	0.00268	0.00560
17	0.00884	0.02112	0.10178	0.02619	0.14883	0.00769	0.00706	0.07110	0.32273	0.08249	0.07821	0.05925	0.03915	0.00495	0.00367	0.00115	0.00330	0.00422	0.00307	0.00520
18	0.33296	0.00816	0.02843	0.00664	0.00914	0.00871	0.02206	0.31215	0.09061	0.08795	0.03174	0.00947	0.02918	0.00415	0.00312	0.00111	0.00327	0.00306	0.00307	0.00502
19	0.00718	0.00531	0.00626	0.05739	0.00793	0.00567	0.00461	0.16566	0.12740	0.01317	0.04779	0.36709	0.03608	0.00745	0.00391	0.00124	0.00263	0.01958	0.10965	0.00402
20	0.02725	0.00407	0.00589	0.17773	0.00909	0.00439	0.00470	0.00647	0.03199	0.00879	0.07651	0.22073	0.01294	0.03123	0.02318	0.31826	0.00318	0.02853	0.00231	0.00277
21	0.01013	0.11331	0.02469	0.17367	0.05821	0.36936	0.00770	0.01146	0.00818	0.00906	0.00572	0.00751	0.00482	0.00399	0.00459	0.00107	0.15072	0.00264	0.02899	0.00418
22	0.00864	0.05614	0.11481	0.08841	0.01143	0.07533	0.02280	0.07703	0.00852	0.04104	0.02694	0.00819	0.00590	0.00323	0.00302	0.00080	0.00369	0.00256	0.00216	0.43935

[dist]
# distance from previous block
# <min> <max>
0	2

[block]
# block no. 2 follows, 78 sequences, length 20
# corresponding to MSA columns:
# 3590-3609
name=unknown_C
#
# <colnr> <probs for GDERKNQSTAVLIFYWHMCP>
#	G	D	E	R	K	N	Q	S	T	A	V	L	I	F	Y	W	H	M	C	P
0	0.04449	0.00790	0.00903	0.15348	0.01179	0.11289	0.03995	0.14333	0.05566	0.15802	0.00986	0.07166	0.00826	0.07070	0.03942	0.00151	0.04099	0.01375	0.00276	0.00455
1	0.00851	0.00853	0.00735	0.00732	0.00861	0.26144	0.00588	0.01131	0.15356	0.01062	0.01371	0.02455	0.01368	0.05112	0.00485	0.00144	0.00415	0.39663	0.00285	0.00388
2	0.00877	0.00920	0.12012	0.06662	0.20707	0.00792	0.22177	0.11069	0.00900	0.06033	0.00922	0.04602	0.02822	0.05220	0.00459	0.00128	0.00453	0.02528	0.00226	0.00492
3	0.03607	0.00672	0.02039	0.13905	0.05745	0.00601	0.07947	0.02689	0.01753	0.01120	0.00681	0.00904	0.00567	0.00379	0.00385	0.06445	0.00346	0.02203	0.00201	0.47810
4	0.00576	0.00397	0.00543	0.00532	0.00592	0.00436	0.00391	0.03441	0.00618	0.04019	0.01066	0.06355	0.01064	0.23959	0.53860	0.00458	0.00715	0.00448	0.00220	0.00311
5	0.00494	0.00367	0.00409	0.00418	0.00525	0.00317	0.00313	0.00588	0.00805	0.05272	0.05663	0.18723	0.58549	0.00916	0.00428	0.00126	0.00199	0.05235	0.00338	0.00317
6	0.00520	0.00389	0.00530	0.00522	0.00565	0.00439	0.00381	0.00603	0.00567	0.00793	0.01125	0.01768	0.05568	0.28921	0.50831	0.00456	0.05088	0.00440	0.00204	0.00289
7	0.90002	0.00689	0.00523	0.00468	0.00689	0.00799	0.00386	0.01047	0.00606	0.01597	0.00496	0.00578	0.00386	0.00330	0.00220	0.00110	0.00275	0.00193	0.00220	0.00386
8	0.00783	0.02740	0.16285	0.00707	0.02921	0.04485	0.02152	0.14588	0.10703	0.01376	0.17123	0.01700	0.16055	0.00546	0.00367	0.00110	0.00325	0.00452	0.06135	0.00449
9	0.00646	0.00593	0.00989	0.72950	0.02163	0.00736	0.00902	0.00866	0.00690	0.00896	0.00684	0.01021	0.00541	0.00724	0.13984	0.00191	0.00551	0.00327	0.00163	0.00383
10	0.00811	0.08598	0.07941	0.06370	0.09650	0.02672	0.09340	0.08135	0.00834	0.07369	0.01127	0.26727	0.01130	0.02524	0.00445	0.00126	0.03814	0.01697	0.00255	0.00435
11	0.63302	0.13347	0.07684	0.00598	0.02910	0.05145	0.00526	0.01076	0.00660	0.01403	0.00514	0.00602	0.00409	0.00329	0.00239	0.00104	0.00333	0.00203	0.00202	0.00413
12	0.00584	0.00546	0.00791	0.00668	0.00796	0.02366	0.13510	0.00725	0.00826	0.01090	0.23237	0.05022	0.32799	0.00718	0.00532	0.00124	0.13236	0.01783	0.00293	0.00353
13	0.00834	0.13926	0.00978	0.00700	0.00808	0.00874	0.00586	0.04126	0.04988	0.07262	0.03554	0.07027	0.02591	0.00565	0.00665	0.00123	0.35522	0.01524	0.12933	0.00413
14	0.00429	0.00360	0.00373	0.00377	0.00491	0.00304	0.00283	0.00523	0.00816	0.00985	0.07576	0.07098	0.75575	0.00904	0.00424	0.00122	0.00184	0.02540	0.00334	0.00302
15	0.00447	0.00360	0.00377	0.00382	0.00477	0.00315	0.00277	0.00525	0.00757	0.00916	0.03045	0.03252	0.64827	0.17210	0.00687	0.00165	0.00219	0.05166	0.00309	0.00286
16	0.01054	0.65557	0.01660	0.00666	0.00962	0.03785	0.00627	0.19900	0.00947	0.01157	0.00578	0.00637	0.00491	0.00334	0.00260	0.00084	0.00391	0.00221	0.00199	0.00489
17	0.00506	0.00334	0.00444	0.00504	0.00546	0.00307	0.00343	0.00574	0.00702	0.05592	0.01898	0.80339	0.02228	0.01057	0.00444	0.00140	0.00213	0.00956	0.00334	0.02539
18	0.00928	0.39685	0.25765	0.05572	0.01252	0.15717	0.04460	0.01139	0.00785	0.00944	0.00563	0.00673	0.00460	0.00328	0.00291	0.00094	0.00482	0.00235	0.00159	0.00467
19	0.00781	0.00834	0.05829	0.03854	0.14505	0.00782	0.35922	0.01054	0.04995	0.03128	0.10108	0.01325	0.07515	0.00438	0.00458	0.00119	0.07233	0.00432	0.00225	0.00463

[dist]
# distance from previous block
# <min> <max>
0	1

[block]
# block no. 3 follows, 78 sequences, length 23
# corresponding to MSA columns:
# 3611-3633
name=unknown_D
#
# <colnr> <probs for GDERKNQSTAVLIFYWHMCP>
#	G	D	E	R	K	N	Q	S	T	A	V	L	I	F	Y	W	H	M	C	P
0	0.00915	0.00779	0.00822	0.00730	0.00937	0.00899	0.00571	0.07040	0.79427	0.01537	0.01412	0.01299	0.01057	0.00480	0.00362	0.00120	0.00289	0.00397	0.00362	0.00566
1	0.00893	0.01913	0.00726	0.10791	0.04996	0.02433	0.00535	0.01060	0.04121	0.26202	0.07970	0.28089	0.01520	0.00681	0.00394	0.00123	0.00295	0.04718	0.02106	0.00432
2	0.00965	0.03231	0.19819	0.03579	0.02681	0.00751	0.04120	0.16543	0.05500	0.14538	0.07373	0.01987	0.02879	0.02989	0.00411	0.00114	0.02321	0.00356	0.01229	0.08614
3	0.00699	0.00583	0.00798	0.01778	0.03101	0.02439	0.02002	0.01679	0.00652	0.04253	0.00966	0.15365	0.00964	0.01115	0.19733	0.00234	0.32911	0.01852	0.08510	0.00368
4	0.00445	0.00318	0.00426	0.00509	0.00534	0.00299	0.00350	0.00515	0.00693	0.00921	0.01956	0.80595	0.02330	0.01105	0.00457	0.00146	0.00216	0.07562	0.00330	0.00292
5	0.02879	0.00723	0.01151	0.35813	0.13400	0.04535	0.14552	0.00963	0.03074	0.01034	0.04920	0.01286	0.08543	0.03537	0.00437	0.00124	0.02013	0.00392	0.00202	0.00420
6	0.00717	0.07264	0.04605	0.47081	0.03856	0.00782	0.04294	0.02786	0.08540	0.02025	0.00916	0.13885	0.00824	0.00476	0.00364	0.00119	0.00412	0.00422	0.00211	0.00420
7	0.01566	0.00597	0.00810	0.00623	0.00892	0.00517	0.00514	0.01705	0.01010	0.82705	0.01396	0.01216	0.00882	0.00440	0.00354	0.00109	0.00298	0.00357	0.03411	0.00597
8	0.00872	0.00438	0.00563	0.00532	0.00656	0.00404	0.00397	0.02958	0.02742	0.28733	0.01706	0.43259	0.04180	0.00782	0.00395	0.00125	0.00239	0.00686	0.09923	0.00412
9	0.01160	0.01336	0.01164	0.06160	0.21247	0.50446	0.04365	0.05181	0.00961	0.02321	0.00617	0.00751	0.00502	0.00360	0.00352	0.00100	0.02052	0.00271	0.00192	0.00462
10	0.00646	0.00461	0.00533	0.00521	0.00583	0.00422	0.00348	0.00694	0.00862	0.01187	0.36851	0.08377	0.10523	0.35046	0.01031	0.00233	0.00295	0.00669	0.00357	0.00359
11	0.00706	0.00486	0.00581	0.00527	0.00664	0.00484	0.00406	0.01061	0.20834	0.10567	0.45919	0.02289	0.11613	0.00661	0.00401	0.00115	0.00213	0.01676	0.00383	0.00415
12	0.01158	0.01001	0.25150	0.11518	0.04640	0.00692	0.04954	0.03893	0.00907	0.40956	0.01011	0.01012	0.00670	0.00389	0.00355	0.00112	0.00410	0.00326	0.00297	0.00549
13	0.22960	0.00904	0.11987	0.00795	0.00959	0.02767	0.00720	0.03590	0.00681	0.09861	0.00607	0.00770	0.00492	0.00483	0.00698	0.00131	0.40672	0.00279	0.00207	0.00436
14	0.00481	0.00369	0.00443	0.00436	0.00530	0.00335	0.00328	0.00632	0.02551	0.01218	0.46224	0.08758	0.31101	0.00820	0.00425	0.00120	0.00184	0.04357	0.00363	0.00325
15	0.01432	0.00613	0.00801	0.00628	0.00879	0.00559	0.00514	0.07764	0.04140	0.66705	0.09404	0.01331	0.01107	0.00468	0.00362	0.00110	0.00294	0.00384	0.01932	0.00574
16	0.00661	0.00720	0.16029	0.03737	0.07267	0.00561	0.02104	0.02917	0.00705	0.04880	0.01043	0.05660	0.00996	0.11679	0.30624	0.00308	0.00597	0.08905	0.00221	0.00388
17	0.00806	0.00840	0.03758	0.45719	0.10912	0.09613	0.08989	0.04549	0.00803	0.01028	0.01669	0.02497	0.00572	0.00406	0.01344	0.00120	0.04222	0.00333	0.01388	0.00432
18	0.44055	0.13448	0.01032	0.03283	0.16257	0.08104	0.04996	0.01107	0.00720	0.03330	0.00569	0.00683	0.00457	0.00329	0.00272	0.00104	0.00372	0.00238	0.00201	0.00441
19	0.83920	0.00758	0.00557	0.00499	0.00717	0.06647	0.00406	0.01072	0.00634	0.01548	0.00499	0.00583	0.00391	0.00333	0.00227	0.00109	0.00301	0.00195	0.00218	0.00387
20	0.00511	0.00396	0.00454	0.00460	0.00552	0.00373	0.00339	0.04023	0.04667	0.01082	0.14629	0.22258	0.36122	0.06831	0.00523	0.00142	0.00218	0.05764	0.00334	0.00323
21	0.00445	0.00360	0.00385	0.00379	0.00482	0.00311	0.00277	0.00541	0.00820	0.01023	0.18421	0.03183	0.62233	0.08916	0.00550	0.00140	0.00193	0.00710	0.00331	0.00299
22	0.00447	0.00318	0.00419	0.00490	0.00514	0.00298	0.00329	0.00512	0.00691	0.00925	0.06295	0.74956	0.02328	0.07016	0.00547	0.00157	0.00217	0.02929	0.00326	0.00288

[dist]
# distance from previous block
# <min> <max>
3	11

[block]
# block no. 4 follows, 78 sequences, length 11
# corresponding to MSA columns:
# 3645-3655
name=unknown_E
#
# <colnr> <probs for GDERKNQSTAVLIFYWHMCP>
#	G	D	E	R	K	N	Q	S	T	A	V	L	I	F	Y	W	H	M	C	P
0	0.05247	0.02089	0.04997	0.06829	0.17045	0.00772	0.14097	0.10352	0.06239	0.09138	0.01046	0.04041	0.02607	0.00471	0.00388	0.00119	0.02005	0.09349	0.02684	0.00486
1	0.00788	0.07135	0.05926	0.18409	0.05099	0.01928	0.00730	0.04156	0.02492	0.05632	0.02833	0.08597	0.00795	0.03145	0.04340	0.00147	0.21788	0.00378	0.00212	0.05468
2	0.04011	0.03081	0.02502	0.01677	0.00768	0.00518	0.00469	0.03833	0.07645	0.28444	0.04259	0.27176	0.08404	0.00731	0.01487	0.00129	0.00279	0.03789	0.00354	0.00443
3	0.00489	0.00368	0.00454	0.00451	0.00534	0.00341	0.00331	0.00653	0.04200	0.01235	0.49243	0.19579	0.19139	0.00829	0.00425	0.00120	0.00183	0.00729	0.00366	0.00329
4	0.00680	0.02410	0.46796	0.03227	0.03709	0.00693	0.04729	0.01013	0.04217	0.02522	0.14683	0.05997	0.05359	0.00517	0.01803	0.00123	0.00423	0.00409	0.00225	0.00465
5	0.02087	0.04412	0.11609	0.12630	0.27749	0.07834	0.10031	0.04233	0.04498	0.08010	0.00772	0.02106	0.00600	0.00360	0.00351	0.00109	0.00453	0.00325	0.01323	0.00507
6	0.01253	0.00623	0.00804	0.00719	0.05126	0.00604	0.00549	0.01601	0.20817	0.49894	0.01418	0.03983	0.01038	0.00500	0.00366	0.00116	0.00298	0.05946	0.03790	0.00555
7	0.01536	0.00650	0.00847	0.00655	0.00927	0.00596	0.00539	0.09194	0.05660	0.73374	0.01357	0.01186	0.00868	0.00442	0.00358	0.00110	0.00310	0.00357	0.00429	0.00604
8	0.03194	0.03807	0.22077	0.18408	0.26191	0.00803	0.04100	0.04853	0.00809	0.01146	0.03280	0.05016	0.00735	0.00410	0.00357	0.00114	0.00437	0.03584	0.00195	0.00483
9	0.00764	0.12984	0.19208	0.31356	0.03928	0.02615	0.00874	0.02841	0.00763	0.04754	0.00859	0.12164	0.00779	0.00470	0.00364	0.00115	0.01840	0.02686	0.00201	0.00435
10	0.00829	0.00462	0.00529	0.00479	0.00615	0.00457	0.00369	0.05389	0.09604	0.15907	0.09067	0.10113	0.07629	0.00562	0.00334	0.00104	0.00219	0.00471	0.36449	0.00412

[dist]
# distance from previous block
# <min> <max>
6	15

[block]
# block no. 5 follows, 78 sequences, length 14
# corresponding to MSA columns:
# 3671-3684
name=unknown_F
#
# <colnr> <probs for GDERKNQSTAVLIFYWHMCP>
#	G	D	E	R	K	N	Q	S	T	A	V	L	I	F	Y	W	H	M	C	P
0	0.00815	0.05047	0.07591	0.52759	0.04809	0.04247	0.02674	0.06947	0.07420	0.03244	0.00726	0.00931	0.00544	0.00367	0.00349	0.00114	0.00456	0.00313	0.00197	0.00450
1	0.06580	0.00778	0.10764	0.25262	0.15589	0.00725	0.04774	0.03043	0.00717	0.01046	0.00725	0.01048	0.00616	0.06707	0.14957	0.00206	0.02512	0.00328	0.00182	0.03440
2	0.00610	0.00312	0.00457	0.00457	0.00457	0.00312	0.00301	0.00469	0.00469	0.00625	0.00663	0.01192	0.00678	0.08843	0.01429	0.81767	0.00312	0.00328	0.00160	0.00160
3	0.00691	0.04320	0.02614	0.14631	0.17744	0.02464	0.10532	0.00911	0.04476	0.01080	0.07977	0.06165	0.15993	0.00601	0.03274	0.00129	0.00382	0.01621	0.03978	0.00418
4	0.20814	0.05749	0.06444	0.02884	0.02883	0.00693	0.05978	0.02727	0.00728	0.03157	0.00737	0.03564	0.00654	0.04046	0.00393	0.00105	0.03739	0.04206	0.00217	0.30281
5	0.80388	0.06416	0.00635	0.00497	0.00714	0.00851	0.00417	0.01040	0.00611	0.01516	0.00494	0.00586	0.00394	0.00341	0.00261	0.00110	0.03927	0.00198	0.00213	0.00390
6	0.02293	0.00580	0.00650	0.00609	0.00754	0.00624	0.00470	0.09774	0.31445	0.04826	0.06499	0.21396	0.05108	0.00682	0.00387	0.00124	0.00261	0.06435	0.06638	0.00446
7	0.00453	0.00327	0.00399	0.00447	0.00478	0.00305	0.00292	0.00504	0.00661	0.00862	0.02012	0.52484	0.15271	0.22865	0.00791	0.00191	0.00237	0.00846	0.00302	0.00272
8	0.00836	0.00715	0.00764	0.00695	0.00883	0.00811	0.00535	0.01717	0.73163	0.01420	0.01467	0.09654	0.01188	0.00536	0.00367	0.00120	0.00274	0.00454	0.00353	0.04046
9	0.01296	0.09392	0.01086	0.00890	0.01084	0.78485	0.00681	0.01390	0.00983	0.00868	0.00545	0.00636	0.00458	0.00361	0.00313	0.00090	0.00619	0.00226	0.00181	0.00417
10	0.07970	0.00651	0.00798	0.07794	0.02936	0.00660	0.00552	0.18007	0.02804	0.29941	0.04711	0.01338	0.04897	0.02783	0.02294	0.00125	0.00332	0.02953	0.04504	0.03951
11	0.06699	0.08111	0.07197	0.08820	0.11634	0.04856	0.07371	0.10811	0.13998	0.01286	0.02649	0.03006	0.02042	0.00412	0.00364	0.00108	0.02955	0.01296	0.00238	0.06148
12	0.00811	0.02603	0.17520	0.02446	0.12722	0.05298	0.19369	0.01075	0.04419	0.06666	0.08088	0.08007	0.05161	0.01914	0.00420	0.00119	0.02227	0.00436	0.00235	0.00465
13	0.00568	0.00533	0.03512	0.00704	0.03451	0.00476	0.13843	0.03505	0.00805	0.01064	0.10133	0.21722	0.25077	0.02747	0.08115	0.00170	0.00355	0.02576	0.00288	0.00357

[dist]
# distance from previous block
# <min> <max>
5	45

[block]
# block no. 6 follows, 78 sequences, length 12
# corresponding to MSA columns:
# 3737-3741,3743-3749
name=unknown_G
#
# <colnr> <probs for GDERKNQSTAVLIFYWHMCP>
#	G	D	E	R	K	N	Q	S	T	A	V	L	I	F	Y	W	H	M	C	P
0	0.00595	0.00461	0.00694	0.05574	0.16829	0.00453	0.01730	0.00717	0.01874	0.04362	0.02901	0.54068	0.03895	0.02430	0.00448	0.00136	0.00276	0.01897	0.00293	0.00367
1	0.00738	0.00633	0.00738	0.00527	0.00844	0.00475	0.00422	0.00896	0.00738	0.01160	0.00633	0.00738	0.00527	0.00264	0.00264	0.00053	0.00264	0.00211	0.00211	0.89664
2	0.00974	0.82942	0.01822	0.00621	0.00924	0.01392	0.00613	0.05624	0.00776	0.00915	0.00515	0.00587	0.00465	0.00311	0.00235	0.00078	0.00381	0.00198	0.00163	0.00465
3	0.00528	0.00349	0.00452	0.00506	0.00556	0.00327	0.00349	0.00630	0.03687	0.06683	0.01992	0.74000	0.06516	0.01036	0.00443	0.00140	0.00214	0.00933	0.00339	0.00321
4	0.06520	0.00383	0.00429	0.00422	0.00524	0.00360	0.00320	0.00690	0.00848	0.03175	0.30191	0.09110	0.26149	0.00734	0.00383	0.00114	0.00191	0.04050	0.15076	0.00331
5	0.00462	0.00356	0.00405	0.00403	0.00496	0.00314	0.00296	0.00576	0.00855	0.01121	0.31318	0.10423	0.44012	0.03787	0.00465	0.00126	0.00184	0.00715	0.03377	0.00310
6	0.00519	0.00345	0.00397	0.00405	0.00442	0.00333	0.00263	0.00583	0.00664	0.00930	0.12063	0.12052	0.09169	0.44688	0.01107	0.00232	0.00267	0.02716	0.12558	0.00266
7	0.00454	0.00329	0.00422	0.00479	0.00516	0.00304	0.00324	0.00522	0.00696	0.00928	0.06001	0.66037	0.07798	0.08772	0.00568	0.00157	0.00219	0.02642	0.00320	0.02511
8	0.03447	0.01306	0.01009	0.00862	0.01067	0.43551	0.00676	0.28557	0.06778	0.01380	0.00703	0.00767	0.00548	0.00414	0.00401	0.00104	0.07418	0.00277	0.00251	0.00484
9	0.00776	0.00661	0.00737	0.00611	0.00847	0.00643	0.00477	0.01314	0.38685	0.01311	0.05672	0.05611	0.01030	0.00432	0.00327	0.00092	0.00264	0.00363	0.00295	0.39855
10	0.00572	0.01837	0.00703	0.11110	0.02340	0.00486	0.06140	0.00773	0.07737	0.01043	0.08080	0.43768	0.02890	0.00806	0.00416	0.00130	0.00283	0.05527	0.02166	0.03191
11	0.06900	0.08879	0.34084	0.02249	0.03349	0.19912	0.00900	0.05954	0.09519	0.01166	0.00704	0.00793	0.00541	0.00435	0.03045	0.00120	0.00500	0.00268	0.00198	0.00486

[dist]
# distance from previous block
# <min> <max>
1	9

[block]
# block no. 7 follows, 78 sequences, length 65
# corresponding to MSA columns:
# 3760-3824
name=unknown_H
#
# <colnr> <probs for GDERKNQSTAVLIFYWHMCP>
#	G	D	E	R	K	N	Q	S	T	A	V	L	I	F	Y	W	H	M	C	P
0	0.00747	0.00711	0.01804	0.19818	0.07616	0.02637	0.02523	0.02182	0.00685	0.01813	0.02766	0.01206	0.00726	0.00694	0.06918	0.00167	0.36283	0.07613	0.00190	0.02901
1	0.00894	0.02604	0.00810	0.02002	0.01955	0.17515	0.01479	0.08987	0.16429	0.03632	0.15894	0.02458	0.10059	0.00516	0.00378	0.00104	0.02647	0.00414	0.00295	0.10928
2	0.05546	0.00520	0.00678	0.00571	0.00769	0.00468	0.00453	0.01339	0.00909	0.54478	0.04380	0.18605	0.01258	0.00587	0.00367	0.00116	0.00268	0.01586	0.06603	0.00499
3	0.00483	0.00349	0.00425	0.00440	0.00517	0.00314	0.00317	0.00592	0.00834	0.02871	0.29367	0.31416	0.26756	0.00896	0.00426	0.00125	0.00187	0.00786	0.02586	0.00315
4	0.00791	0.00717	0.00978	0.35594	0.08301	0.07749	0.01732	0.03314	0.00780	0.05501	0.06679	0.05110	0.03266	0.00594	0.04900	0.00144	0.12843	0.00383	0.00213	0.00412
5	0.00787	0.23978	0.60356	0.00906	0.01355	0.02289	0.01109	0.01109	0.00743	0.01041	0.00596	0.00704	0.00453	0.00338	0.00333	0.00104	0.02900	0.00245	0.00152	0.00503
6	0.01226	0.00552	0.00676	0.00547	0.00751	0.00522	0.00441	0.11062	0.00992	0.45088	0.01251	0.01233	0.00868	0.02250	0.00351	0.00105	0.00267	0.00348	0.30967	0.00504
7	0.14301	0.00622	0.03015	0.00654	0.02627	0.00564	0.02609	0.02471	0.02204	0.45512	0.01460	0.04005	0.07722	0.00536	0.00362	0.00119	0.00306	0.10050	0.00361	0.00501
8	0.00781	0.00719	0.01189	0.01589	0.50871	0.00717	0.06854	0.04131	0.02894	0.01157	0.02820	0.16489	0.03255	0.00554	0.02007	0.00125	0.00388	0.02747	0.00229	0.00488
9	0.00950	0.00729	0.03168	0.00784	0.03200	0.09250	0.04579	0.09568	0.03978	0.16775	0.01385	0.08406	0.01314	0.00678	0.00435	0.00133	0.02669	0.31238	0.00318	0.00443
10	0.06449	0.00976	0.00920	0.14495	0.03694	0.28498	0.03383	0.04987	0.03139	0.03124	0.04148	0.06765	0.00805	0.00472	0.00420	0.00112	0.08663	0.02073	0.06465	0.00412
11	0.00442	0.00362	0.00391	0.00383	0.00494	0.00310	0.00288	0.00553	0.00863	0.01083	0.24845	0.03226	0.63808	0.00856	0.00421	0.00118	0.00177	0.00723	0.00347	0.00310
12	0.00763	0.00632	0.00741	0.00530	0.00846	0.00476	0.00425	0.00921	0.00746	0.03625	0.00655	0.00752	0.00538	0.00269	0.00266	0.00054	0.00265	0.00215	0.00218	0.87062
13	0.00900	0.00762	0.00805	0.00715	0.00918	0.00873	0.00559	0.08439	0.73437	0.01534	0.03730	0.01382	0.03353	0.00496	0.00365	0.00119	0.00285	0.00412	0.00362	0.00554
14	0.00444	0.00362	0.00392	0.00385	0.00495	0.00310	0.00288	0.00555	0.00865	0.01090	0.25940	0.03216	0.62709	0.00854	0.00421	0.00118	0.00177	0.00722	0.00347	0.00310
15	0.80179	0.00679	0.00557	0.00487	0.00713	0.00768	0.00401	0.01123	0.00652	0.10922	0.00597	0.00649	0.00441	0.00343	0.00236	0.00110	0.00278	0.00211	0.00245	0.00410
16	0.00446	0.00359	0.00398	0.00395	0.00498	0.00310	0.00294	0.00558	0.00863	0.01098	0.27926	0.08150	0.55728	0.00862	0.00423	0.00119	0.00178	0.00735	0.00349	0.00310
17	0.00533	0.00385	0.00454	0.00430	0.00536	0.00353	0.00325	0.00711	0.04464	0.03629	0.48064	0.02730	0.29321	0.00747	0.00406	0.00113	0.00180	0.00642	0.05636	0.00342
18	0.00952	0.87702	0.01866	0.00609	0.00914	0.01409	0.00609	0.01066	0.00723	0.00838	0.00495	0.00571	0.00457	0.00305	0.00228	0.00076	0.00381	0.00190	0.00152	0.00457
19	0.01012	0.00827	0.00876	0.00750	0.00974	0.00944	0.00594	0.24034	0.62276	0.01693	0.01289	0.01201	0.00957	0.00468	0.00361	0.00117	0.00311	0.00380	0.00361	0.00575
20	0.01162	0.39950	0.01390	0.00780	0.01018	0.48408	0.00653	0.01264	0.00882	0.00856	0.00526	0.00611	0.00458	0.00339	0.00280	0.00085	0.00526	0.00212	0.00170	0.00432
21	0.00993	0.00554	0.00647	0.00552	0.00721	0.00560	0.00442	0.17358	0.04796	0.20706	0.09409	0.01528	0.01170	0.02988	0.02665	0.00124	0.00283	0.05253	0.28796	0.00455
22	0.01043	0.39316	0.18095	0.00802	0.01106	0.32231	0.00777	0.01208	0.00833	0.00907	0.00544	0.00633	0.00456	0.00334	0.00284	0.00089	0.00505	0.00219	0.00163	0.00454
23	0.00733	0.00627	0.00733	0.00526	0.00837	0.00472	0.00420	0.00892	0.00744	0.01166	0.02407	0.00779	0.00587	0.00273	0.00267	0.00054	0.00262	0.00220	0.00215	0.87788
24	0.02009	0.00911	0.00934	0.18676	0.02555	0.14540	0.00681	0.25627	0.16858	0.04031	0.00910	0.00982	0.00679	0.00410	0.00340	0.00107	0.00404	0.00321	0.08531	0.00495
25	0.00533	0.00407	0.00546	0.05337	0.04812	0.01612	0.00435	0.01894	0.00708	0.00931	0.02713	0.45609	0.09924	0.01902	0.04413	0.08981	0.01234	0.07414	0.00286	0.00308
26	0.00462	0.00355	0.00423	0.00422	0.00511	0.00316	0.00311	0.00585	0.00886	0.01176	0.42237	0.15563	0.33763	0.00851	0.00425	0.00120	0.00178	0.00739	0.00360	0.00316
27	0.00914	0.00768	0.00818	0.00730	0.00933	0.00881	0.00575	0.09751	0.72084	0.01539	0.01415	0.01428	0.01093	0.00505	0.00369	0.00122	0.00295	0.04867	0.00360	0.00555
28	0.00509	0.00380	0.00567	0.00567	0.00629	0.00442	0.00439	0.00633	0.00571	0.00823	0.00958	0.01424	0.00901	0.04974	0.83788	0.00566	0.00937	0.00385	0.00191	0.00315
29	0.00743	0.00629	0.00749	0.00544	0.00850	0.00482	0.01568	0.00913	0.02028	0.02199	0.00697	0.03391	0.00596	0.00296	0.00274	0.00058	0.00267	0.00243	0.00219	0.83253
30	0.00447	0.00362	0.00397	0.00389	0.00497	0.00312	0.00291	0.00562	0.00874	0.01111	0.29613	0.03182	0.59024	0.00846	0.00421	0.00118	0.00176	0.00717	0.00350	0.00312
31	0.00780	0.00632	0.00743	0.00532	0.00847	0.00477	0.00427	0.00937	0.00752	0.05239	0.00670	0.00761	0.00544	0.00272	0.00268	0.00056	0.00266	0.00218	0.00222	0.85358
32	0.49230	0.00644	0.00639	0.00531	0.00766	0.00675	0.00437	0.03313	0.00796	0.33241	0.00887	0.00868	0.00609	0.00379	0.00277	0.00108	0.00282	0.00266	0.05580	0.00471
33	0.01330	0.01697	0.01009	0.00917	0.01101	0.86058	0.00688	0.01422	0.01009	0.00871	0.00550	0.00642	0.00459	0.00367	0.00321	0.00092	0.00642	0.00229	0.00183	0.00413
34	0.00952	0.87702	0.01866	0.00609	0.00914	0.01409	0.00609	0.01066	0.00723	0.00838	0.00495	0.00571	0.00457	0.00305	0.00228	0.00076	0.00381	0.00190	0.00152	0.00457
35	0.00947	0.81146	0.06390	0.00638	0.00952	0.03247	0.00649	0.01077	0.00731	0.00854	0.00504	0.00582	0.00457	0.00308	0.00236	0.00078	0.00394	0.00195	0.00153	0.00460
36	0.01240	0.00963	0.01013	0.00805	0.01063	0.03401	0.00656	0.62546	0.18820	0.02013	0.00959	0.00945	0.00698	0.00442	0.00378	0.00111	0.02679	0.00335	0.00347	0.00586
37	0.00634	0.00515	0.00600	0.00532	0.00703	0.02046	0.00401	0.01730	0.06057	0.02018	0.07850	0.30592	0.05034	0.00660	0.00364	0.00101	0.00246	0.03325	0.00288	0.36305
38	0.00797	0.01642	0.04140	0.47472	0.01774	0.00739	0.04914	0.07317	0.03970	0.06641	0.04415	0.02414	0.00723	0.00395	0.00350	0.00111	0.00407	0.00345	0.06502	0.04931
39	0.03700	0.00767	0.00877	0.00692	0.00946	0.00798	0.00566	0.35884	0.10745	0.32369	0.01137	0.01069	0.00779	0.00435	0.00345	0.00108	0.00326	0.00341	0.07543	0.00573
40	0.00639	0.00456	0.00543	0.00509	0.00634	0.00445	0.00395	0.02642	0.13568	0.06986	0.38209	0.04329	0.20945	0.00733	0.00413	0.00120	0.00216	0.07463	0.00370	0.00385
41	0.03530	0.07532	0.28310	0.04600	0.05741	0.13741	0.11547	0.07378	0.00874	0.07070	0.00690	0.00807	0.00517	0.00364	0.00379	0.00109	0.04776	0.00290	0.01251	0.00493
42	0.00448	0.00323	0.00431	0.00492	0.00525	0.00308	0.00338	0.00527	0.00710	0.00958	0.11162	0.68163	0.04046	0.02258	0.07339	0.00177	0.00263	0.00909	0.00325	0.00296
43	0.00474	0.00362	0.00457	0.00471	0.00543	0.00358	0.00350	0.00571	0.00698	0.00913	0.06364	0.13625	0.29398	0.10528	0.28069	0.00294	0.00457	0.05490	0.00277	0.00299
44	0.03337	0.00456	0.00543	0.00503	0.00640	0.00441	0.00391	0.03284	0.05783	0.22174	0.02353	0.18270	0.05084	0.00623	0.00351	0.00113	0.00235	0.06062	0.28945	0.00413
45	0.43531	0.04436	0.02112	0.16948	0.10330	0.02780	0.03627	0.09139	0.00782	0.02507	0.00599	0.00733	0.00461	0.00343	0.00287	0.00109	0.00368	0.00254	0.00214	0.00440
46	0.00469	0.00342	0.00432	0.00458	0.00521	0.00313	0.00329	0.00582	0.00831	0.01130	0.33655	0.37639	0.15090	0.00912	0.00432	0.00127	0.00191	0.03307	0.02930	0.00311
47	0.00477	0.00331	0.00407	0.00449	0.00466	0.00320	0.00286	0.00515	0.00616	0.00817	0.01620	0.43136	0.04069	0.40473	0.01074	0.00236	0.00274	0.03901	0.00278	0.00257
48	0.18592	0.00798	0.01061	0.04496	0.22288	0.00837	0.06005	0.21110	0.03289	0.14335	0.03254	0.00937	0.00677	0.00382	0.00335	0.00110	0.00370	0.00318	0.00279	0.00527
49	0.00780	0.04448	0.11925	0.26964	0.17520	0.03841	0.03337	0.02213	0.10028	0.02193	0.03174	0.02647	0.03110	0.00438	0.00363	0.00116	0.00422	0.05802	0.00216	0.00464
50	0.01469	0.00640	0.00828	0.00648	0.00910	0.00592	0.00531	0.07515	0.09177	0.68274	0.04570	0.01253	0.00977	0.00455	0.00361	0.00111	0.00302	0.00371	0.00425	0.00591
51	0.36904	0.00528	0.00499	0.00448	0.00628	0.00536	0.00356	0.00908	0.00769	0.12987	0.07209	0.01916	0.33889	0.00595	0.00331	0.00114	0.00235	0.00464	0.00305	0.00380
52	0.00730	0.01126	0.31014	0.08311	0.09977	0.05813	0.11353	0.01031	0.05188	0.01075	0.01021	0.15978	0.02999	0.00505	0.00377	0.00119	0.00446	0.02268	0.00210	0.00457
53	0.00800	0.01804	0.15110	0.31810	0.11748	0.02466	0.02966	0.05514	0.00823	0.07787	0.03011	0.10781	0.01721	0.00467	0.00368	0.00117	0.00421	0.01609	0.00223	0.00453
54	0.73378	0.00704	0.02705	0.00509	0.00746	0.00755	0.00431	0.01161	0.00677	0.15242	0.00647	0.00686	0.00468	0.00349	0.00246	0.00110	0.00286	0.00221	0.00254	0.00425
55	0.00762	0.00707	0.01250	0.07220	0.36974	0.00710	0.16392	0.00952	0.00776	0.03399	0.02644	0.18598	0.00994	0.00595	0.03872	0.00138	0.02848	0.00488	0.00219	0.00463
56	0.00856	0.06131	0.17741	0.08280	0.17742	0.02598	0.18884	0.02258	0.00816	0.07936	0.02547	0.05371	0.00751	0.00416	0.00391	0.00115	0.02805	0.03665	0.00211	0.00487
57	0.00890	0.00863	0.07037	0.19732	0.27512	0.08194	0.03241	0.04128	0.02787	0.09072	0.03054	0.03544	0.06198	0.00457	0.01663	0.00118	0.00430	0.00371	0.00227	0.00481
58	0.00743	0.00642	0.01057	0.72829	0.04581	0.00786	0.00944	0.00964	0.00727	0.06472	0.00693	0.00997	0.00525	0.00383	0.00402	0.00120	0.05107	0.01436	0.00179	0.00413
59	0.00758	0.03078	0.04278	0.15216	0.20928	0.04064	0.03085	0.02093	0.01891	0.07200	0.03459	0.23452	0.06554	0.00603	0.00385	0.00120	0.00358	0.01797	0.00254	0.00429
60	0.00962	0.01094	0.20921	0.13052	0.08923	0.06072	0.19485	0.08992	0.00903	0.12418	0.00789	0.00946	0.00580	0.02794	0.00405	0.00119	0.00486	0.00333	0.00222	0.00503
61	0.00840	0.13509	0.11616	0.04600	0.10443	0.01784	0.03724	0.02802	0.00824	0.12878	0.04467	0.13689	0.04105	0.00581	0.00387	0.00118	0.01816	0.11105	0.00265	0.00447
62	0.00948	0.04045	0.17073	0.00759	0.02276	0.04748	0.05459	0.03827	0.03098	0.23372	0.05121	0.15758	0.02781	0.03473	0.00433	0.00125	0.01328	0.03360	0.00297	0.01721
63	0.02708	0.06478	0.10123	0.03215	0.16092	0.03572	0.16149	0.07388	0.03737	0.12696	0.02965	0.08301	0.03117	0.01398	0.00381	0.00115	0.00414	0.00406	0.00252	0.00494
64	0.04065	0.04873	0.11319	0.07865	0.14580	0.05980	0.09754	0.04707	0.04548	0.02999	0.03835	0.15159	0.01754	0.01494	0.03228	0.00133	0.01592	0.00443	0.00230	0.01443

[dist]
# distance from previous block
# <min> <max>
0	307

# created by:
# /home/simao/soft/augustus-3.0.3/scripts/msa2prfl.pl ./prep/94134.aln
