[name]
unknown

[dist]
# distance from previous block
# <min> <max>
3	138

[block]
# block no. 0 follows, 80 sequences, length 20
# corresponding to MSA columns:
# 186-188,209,210,213-227
name=unknown_A
#
# <colnr> <probs for GDERKNQSTAVLIFYWHMCP>
#	G	D	E	R	K	N	Q	S	T	A	V	L	I	F	Y	W	H	M	C	P
0	0.00902	0.36841	0.01214	0.02924	0.00919	0.08274	0.00562	0.08100	0.16614	0.01100	0.00919	0.07547	0.03441	0.00424	0.00296	0.00092	0.00350	0.00324	0.00232	0.08925
1	0.00766	0.00588	0.00753	0.02856	0.00869	0.00482	0.04116	0.00936	0.03594	0.08613	0.02210	0.10265	0.00807	0.00413	0.00337	0.02943	0.00276	0.00333	0.00243	0.58598
2	0.00820	0.00866	0.11491	0.06386	0.40207	0.00756	0.08164	0.01124	0.09919	0.05761	0.00915	0.10373	0.00796	0.00424	0.00362	0.00112	0.00400	0.00399	0.00219	0.00504
3	0.00770	0.11019	0.48322	0.00832	0.03399	0.00769	0.00926	0.01082	0.04732	0.07624	0.06750	0.01082	0.00799	0.09861	0.00485	0.00131	0.00425	0.00318	0.00204	0.00471
4	0.00719	0.00772	0.07837	0.06586	0.07209	0.00686	0.34835	0.00935	0.00765	0.03908	0.01066	0.20207	0.01040	0.00548	0.00434	0.00125	0.03762	0.07018	0.01127	0.00421
5	0.00748	0.00552	0.00761	0.01776	0.02642	0.02074	0.07484	0.09912	0.00980	0.09199	0.39682	0.06789	0.04534	0.00640	0.00437	0.00117	0.04408	0.06531	0.00335	0.00400
6	0.00847	0.02844	0.01056	0.40644	0.05678	0.20507	0.05177	0.01122	0.09932	0.00978	0.00786	0.01122	0.00653	0.00406	0.00352	0.00112	0.00473	0.06694	0.00197	0.00418
7	0.02161	0.02159	0.31419	0.10881	0.23213	0.02178	0.12324	0.02682	0.03080	0.03862	0.00744	0.00894	0.02139	0.00342	0.00348	0.00110	0.00468	0.00313	0.00182	0.00501
8	0.00566	0.00322	0.00414	0.00421	0.00455	0.00313	0.00290	0.00545	0.00587	0.00827	0.03324	0.06884	0.10631	0.10402	0.00992	0.43181	0.00259	0.03609	0.15755	0.00223
9	0.00989	0.00931	0.01177	0.03116	0.21031	0.14198	0.14183	0.15907	0.11304	0.02600	0.00846	0.00983	0.00660	0.00376	0.00346	0.00105	0.00428	0.01582	0.08744	0.00495
10	0.04277	0.07458	0.01009	0.04489	0.02890	0.01662	0.04399	0.20076	0.07294	0.11223	0.01976	0.10827	0.00857	0.00529	0.00512	0.00120	0.17777	0.01883	0.00275	0.00468
11	0.10432	0.07379	0.02358	0.01190	0.34614	0.00695	0.02768	0.01752	0.03187	0.01140	0.07215	0.17905	0.04997	0.00539	0.00354	0.00113	0.00325	0.02361	0.00237	0.00438
12	0.00473	0.00370	0.00473	0.00564	0.07049	0.00342	0.00361	0.00556	0.00722	0.00934	0.06205	0.37244	0.28544	0.10352	0.00572	0.00152	0.00229	0.04252	0.00303	0.00304
13	0.00668	0.00630	0.01087	0.65178	0.07791	0.00739	0.07331	0.00896	0.00745	0.00981	0.09833	0.01109	0.00783	0.00382	0.00360	0.00115	0.00439	0.00353	0.00183	0.00399
14	0.00865	0.00711	0.01163	0.09230	0.38887	0.00724	0.08499	0.06623	0.04142	0.07676	0.00848	0.07620	0.00731	0.00494	0.00471	0.09856	0.00390	0.00378	0.00220	0.00472
15	0.00915	0.01605	0.45226	0.01116	0.10520	0.27721	0.05828	0.01193	0.00827	0.01031	0.00607	0.00728	0.00461	0.00336	0.00332	0.00104	0.00545	0.00262	0.00162	0.00482
16	0.14302	0.02182	0.03699	0.07396	0.05363	0.03673	0.06280	0.11191	0.07752	0.03265	0.03172	0.04619	0.12081	0.00556	0.00363	0.00119	0.00343	0.12951	0.00272	0.00423
17	0.07664	0.00608	0.00907	0.55236	0.01797	0.01758	0.00783	0.03114	0.00730	0.10184	0.00744	0.01000	0.00568	0.01858	0.11466	0.00175	0.00491	0.00315	0.00200	0.00403
18	0.02814	0.00822	0.09297	0.10404	0.11574	0.02781	0.23132	0.03553	0.00849	0.07682	0.13349	0.03464	0.02030	0.00419	0.00368	0.00110	0.00411	0.01114	0.01944	0.03883
19	0.00480	0.00378	0.00514	0.00638	0.09743	0.00352	0.00400	0.00575	0.00742	0.00981	0.10011	0.50658	0.19179	0.00926	0.00426	0.00130	0.00220	0.03014	0.00313	0.00320

[dist]
# distance from previous block
# <min> <max>
0	18

[block]
# block no. 1 follows, 80 sequences, length 25
# corresponding to MSA columns:
# 246-270
name=unknown_B
#
# <colnr> <probs for GDERKNQSTAVLIFYWHMCP>
#	G	D	E	R	K	N	Q	S	T	A	V	L	I	F	Y	W	H	M	C	P
0	0.00932	0.68619	0.09602	0.00705	0.01026	0.01255	0.06967	0.02925	0.00750	0.03670	0.00552	0.00632	0.00470	0.00308	0.00255	0.00083	0.00400	0.00218	0.00165	0.00464
1	0.00692	0.00649	0.01084	0.65387	0.17860	0.00759	0.00949	0.00911	0.00716	0.00946	0.00669	0.03733	0.00543	0.00363	0.00348	0.00113	0.00440	0.00329	0.00166	0.03342
2	0.00917	0.29130	0.12152	0.03772	0.04042	0.02679	0.20939	0.14224	0.00884	0.01160	0.00634	0.00771	0.00506	0.00398	0.02643	0.00113	0.04080	0.00289	0.00190	0.00479
3	0.00445	0.00357	0.00418	0.03254	0.00576	0.00323	0.00341	0.00543	0.00770	0.00955	0.05075	0.22208	0.51016	0.00919	0.00427	0.00128	0.00210	0.11418	0.00320	0.00299
4	0.00905	0.00750	0.01138	0.40544	0.03205	0.07705	0.14507	0.02703	0.00814	0.15816	0.00841	0.03675	0.00654	0.00404	0.00379	0.00115	0.02130	0.03050	0.00224	0.00440
5	0.06165	0.12617	0.12876	0.03189	0.01234	0.05005	0.18584	0.10010	0.03167	0.22522	0.00844	0.00886	0.00597	0.00359	0.00335	0.00105	0.00427	0.00310	0.00258	0.00509
6	0.00453	0.00360	0.00444	0.00474	0.00531	0.00351	0.00342	0.00532	0.00721	0.00935	0.06901	0.46316	0.30177	0.00963	0.00486	0.00133	0.06743	0.02525	0.00314	0.00298
7	0.00868	0.09142	0.09745	0.09395	0.20338	0.02225	0.17649	0.10210	0.02740	0.03620	0.00789	0.07383	0.00671	0.00401	0.00380	0.00110	0.03274	0.00367	0.00209	0.00484
8	0.00883	0.00624	0.00907	0.28497	0.01381	0.03162	0.07081	0.03833	0.06635	0.19778	0.09497	0.06872	0.03316	0.00508	0.00376	0.00117	0.00364	0.05444	0.00286	0.00439
9	0.02767	0.00844	0.23183	0.00724	0.00966	0.00563	0.06954	0.04087	0.02791	0.14328	0.11152	0.25872	0.03037	0.00624	0.00383	0.00120	0.00334	0.00550	0.00289	0.00433
10	0.00782	0.04786	0.44951	0.01162	0.07783	0.00864	0.23178	0.03032	0.07923	0.01154	0.00716	0.00844	0.00530	0.00333	0.00352	0.00111	0.00498	0.00313	0.00179	0.00509
11	0.08920	0.04824	0.16751	0.00977	0.11647	0.15686	0.06535	0.05732	0.09056	0.09613	0.02302	0.00994	0.03759	0.00391	0.00332	0.00106	0.00427	0.01227	0.00236	0.00485
12	0.00854	0.00833	0.01457	0.04517	0.72635	0.00834	0.09559	0.01088	0.02723	0.01138	0.00678	0.00883	0.00559	0.00314	0.00353	0.00106	0.00431	0.00323	0.00177	0.00539
13	0.00791	0.00595	0.00668	0.00602	0.00763	0.00641	0.00465	0.05666	0.42133	0.07828	0.21460	0.08217	0.07489	0.00599	0.00379	0.00117	0.00244	0.00512	0.00363	0.00467
14	0.00800	0.00877	0.07820	0.17543	0.47016	0.00819	0.16421	0.01042	0.00781	0.01092	0.02058	0.00909	0.00569	0.00323	0.00358	0.00109	0.00459	0.00331	0.00172	0.00501
15	0.00854	0.01901	0.01223	0.23080	0.08418	0.07453	0.21408	0.06518	0.06098	0.05739	0.02635	0.01304	0.04719	0.00428	0.00375	0.00115	0.00447	0.06609	0.00229	0.00448
16	0.00849	0.00662	0.05148	0.00683	0.00851	0.00640	0.03647	0.23584	0.05309	0.08860	0.01355	0.28087	0.02316	0.02459	0.04253	0.00149	0.02669	0.07730	0.00314	0.00434
17	0.00425	0.00344	0.00377	0.00392	0.00487	0.00297	0.00287	0.00516	0.00788	0.00976	0.10837	0.20338	0.59737	0.00911	0.00420	0.00123	0.00183	0.01937	0.00330	0.00296
18	0.00741	0.00693	0.01158	0.09684	0.52631	0.00696	0.04395	0.00933	0.00805	0.01120	0.11206	0.04927	0.07327	0.00448	0.00368	0.00110	0.00368	0.01700	0.00217	0.00472
19	0.00930	0.16069	0.13479	0.08197	0.18058	0.06544	0.18771	0.01153	0.00806	0.10478	0.00719	0.00878	0.00554	0.00337	0.00337	0.00104	0.00463	0.01436	0.00196	0.00490
20	0.01269	0.00634	0.00778	0.00628	0.00852	0.00619	0.00506	0.20971	0.04583	0.45614	0.01302	0.11907	0.00991	0.00511	0.00354	0.00110	0.00295	0.00422	0.07121	0.00533
21	0.01474	0.05475	0.00918	0.00666	0.00936	0.04464	0.00553	0.17405	0.01105	0.61489	0.01188	0.01062	0.00771	0.00419	0.00342	0.00105	0.00332	0.00329	0.00390	0.00577
22	0.00884	0.00836	0.01322	0.09967	0.66435	0.04379	0.01781	0.03927	0.01590	0.02647	0.00700	0.00935	0.00583	0.00338	0.00348	0.00106	0.00423	0.02084	0.00187	0.00527
23	0.00837	0.00854	0.07661	0.25168	0.44393	0.00828	0.04175	0.06739	0.02477	0.02527	0.00685	0.00887	0.00537	0.00335	0.00348	0.00109	0.00436	0.00313	0.00186	0.00505
24	0.30728	0.00986	0.00832	0.00744	0.04433	0.26396	0.02142	0.07580	0.00898	0.21053	0.00748	0.00770	0.00539	0.00366	0.00296	0.00102	0.00405	0.00256	0.00263	0.00462

[dist]
# distance from previous block
# <min> <max>
0	9

[block]
# block no. 2 follows, 80 sequences, length 60
# corresponding to MSA columns:
# 280-339
name=unknown_C
#
# <colnr> <probs for GDERKNQSTAVLIFYWHMCP>
#	G	D	E	R	K	N	Q	S	T	A	V	L	I	F	Y	W	H	M	C	P
0	0.01048	0.52077	0.05840	0.00733	0.01035	0.03155	0.09910	0.02237	0.00798	0.18037	0.00702	0.00745	0.00542	0.00333	0.00291	0.00090	0.01478	0.00252	0.00212	0.00483
1	0.00761	0.00656	0.02016	0.10504	0.25232	0.03468	0.04774	0.01848	0.05232	0.07631	0.14743	0.02810	0.15076	0.00557	0.02035	0.00120	0.00347	0.01486	0.00265	0.00439
2	0.00887	0.26097	0.04867	0.06502	0.30478	0.04596	0.09587	0.02326	0.01721	0.02762	0.00642	0.01759	0.00536	0.00323	0.00312	0.00095	0.00421	0.00283	0.00178	0.05625
3	0.00926	0.05672	0.13338	0.00699	0.00942	0.04392	0.01674	0.21170	0.11645	0.08764	0.25466	0.01403	0.01423	0.00489	0.00358	0.00107	0.00331	0.00402	0.00317	0.00482
4	0.00828	0.00443	0.00525	0.00465	0.00602	0.00430	0.00362	0.02553	0.08693	0.19315	0.25033	0.01679	0.03324	0.00515	0.00330	0.00100	0.00207	0.00432	0.33758	0.00409
5	0.00702	0.00631	0.01008	0.37650	0.23572	0.00694	0.02429	0.00953	0.06125	0.02597	0.10478	0.02659	0.08153	0.00445	0.00364	0.00113	0.00377	0.00401	0.00221	0.00430
6	0.00490	0.03048	0.00465	0.00426	0.00535	0.00371	0.00324	0.00644	0.05206	0.01962	0.22396	0.11323	0.47016	0.00823	0.00408	0.00118	0.00194	0.03591	0.00335	0.00324
7	0.00463	0.00331	0.00447	0.00488	0.00517	0.00340	0.00336	0.00531	0.00605	0.00826	0.01469	0.45385	0.01678	0.18054	0.26522	0.00305	0.00448	0.00714	0.00261	0.00278
8	0.01565	0.00594	0.00810	0.00621	0.00891	0.00513	0.00513	0.01700	0.00999	0.85803	0.01377	0.01188	0.00864	0.00432	0.00351	0.00108	0.00297	0.00351	0.00432	0.00594
9	0.00791	0.00755	0.01284	0.32348	0.55925	0.00810	0.01035	0.01007	0.00760	0.01051	0.00643	0.00887	0.00521	0.00324	0.00347	0.00108	0.00433	0.00311	0.00166	0.00494
10	0.00722	0.03192	0.82068	0.00982	0.01488	0.00828	0.01259	0.03541	0.00763	0.01132	0.00630	0.00737	0.00447	0.00334	0.00330	0.00110	0.00509	0.00258	0.00153	0.00517
11	0.00448	0.00336	0.00423	0.00465	0.00525	0.00312	0.00338	0.00542	0.00748	0.00981	0.13533	0.43060	0.22746	0.01066	0.05371	0.00157	0.00244	0.08084	0.00324	0.00297
12	0.00527	0.00369	0.00469	0.00457	0.00551	0.00349	0.00346	0.00650	0.00811	0.05940	0.30293	0.10371	0.26222	0.01186	0.18522	0.00211	0.00344	0.01735	0.00322	0.00326
13	0.01924	0.00831	0.06163	0.45036	0.03205	0.04720	0.21209	0.00996	0.00734	0.02581	0.00635	0.00891	0.00486	0.00361	0.00436	0.00118	0.08758	0.00327	0.00167	0.00422
14	0.01028	0.00671	0.00749	0.00609	0.00822	0.00684	0.00491	0.35069	0.04805	0.17447	0.07660	0.01780	0.25521	0.00579	0.00372	0.00110	0.00287	0.00469	0.00360	0.00486
15	0.00910	0.00992	0.01087	0.44243	0.12230	0.27858	0.02287	0.03073	0.02244	0.00955	0.00619	0.00831	0.00485	0.00350	0.00339	0.00106	0.00508	0.00286	0.00173	0.00422
16	0.00859	0.00838	0.01379	0.09431	0.74718	0.03496	0.02050	0.01066	0.00793	0.01109	0.00650	0.00863	0.00542	0.00315	0.00346	0.00104	0.00428	0.00309	0.00171	0.00533
17	0.01098	0.00790	0.01448	0.01066	0.01369	0.00744	0.43495	0.02899	0.08940	0.31520	0.02287	0.01087	0.00743	0.00369	0.00383	0.00114	0.00444	0.00390	0.00291	0.00523
18	0.00711	0.00560	0.00699	0.03408	0.09481	0.02443	0.00506	0.12450	0.06185	0.03018	0.21391	0.01792	0.13905	0.00981	0.17374	0.00198	0.00404	0.00468	0.03623	0.00403
19	0.04076	0.16205	0.05529	0.02713	0.02775	0.17407	0.02746	0.23752	0.07850	0.12456	0.00802	0.00824	0.00594	0.00378	0.00318	0.00099	0.00420	0.00281	0.00266	0.00509
20	0.00730	0.00702	0.01145	0.61867	0.24930	0.02819	0.00990	0.00952	0.00731	0.00958	0.00628	0.00905	0.00488	0.00339	0.00347	0.00112	0.00455	0.00308	0.00160	0.00433
21	0.00448	0.00332	0.00423	0.00484	0.00536	0.00307	0.00352	0.00534	0.00727	0.00944	0.05044	0.53954	0.18898	0.01017	0.00444	0.00139	0.00216	0.14585	0.00326	0.00293
22	0.00673	0.00534	0.02229	0.00626	0.00726	0.01641	0.00506	0.05854	0.06137	0.05254	0.05309	0.01435	0.04242	0.02820	0.45929	0.00357	0.11550	0.02207	0.01600	0.00371
23	0.03552	0.00658	0.00732	0.00643	0.00833	0.00716	0.00504	0.05924	0.48680	0.15476	0.10396	0.06329	0.01294	0.00519	0.00359	0.00115	0.00267	0.00435	0.02054	0.00513
24	0.01333	0.00958	0.01017	0.00787	0.01060	0.03596	0.00647	0.72203	0.04001	0.09494	0.00893	0.00876	0.00627	0.00420	0.00348	0.00105	0.00381	0.00317	0.00351	0.00587
25	0.00821	0.00781	0.01326	0.09413	0.73448	0.00793	0.01019	0.01022	0.00779	0.01104	0.00726	0.05847	0.00646	0.00359	0.00351	0.00107	0.00407	0.00350	0.00180	0.00523
26	0.01491	0.00618	0.00814	0.00631	0.00894	0.00559	0.00519	0.06434	0.05273	0.74746	0.03334	0.01207	0.00916	0.00440	0.00352	0.00108	0.00298	0.00358	0.00422	0.00585
27	0.00805	0.00870	0.01635	0.10598	0.01620	0.02526	0.50386	0.01086	0.06134	0.01050	0.00686	0.00919	0.00540	0.00381	0.00556	0.00125	0.19085	0.00373	0.00181	0.00446
28	0.00441	0.00330	0.00415	0.00476	0.00528	0.00303	0.00343	0.00523	0.00718	0.00925	0.02304	0.55261	0.22482	0.01024	0.00442	0.00139	0.00213	0.12518	0.00324	0.00291
29	0.06450	0.14053	0.07439	0.00962	0.04320	0.34772	0.14939	0.08093	0.02904	0.01091	0.00617	0.00726	0.00493	0.00365	0.01240	0.00102	0.00521	0.00267	0.00192	0.00452
30	0.01288	0.00940	0.01006	0.00775	0.01043	0.01039	0.00639	0.79596	0.01588	0.02147	0.00855	0.00864	0.00611	0.00418	0.00343	0.00103	0.00371	0.00315	0.05481	0.00578
31	0.00478	0.00356	0.00445	0.00423	0.00512	0.00323	0.00317	0.00628	0.00951	0.01312	0.69804	0.02749	0.18919	0.00746	0.00412	0.00111	0.00167	0.00651	0.00373	0.00323
32	0.21951	0.03371	0.02633	0.04307	0.03302	0.04242	0.16982	0.12850	0.02393	0.06993	0.04109	0.08786	0.01971	0.00457	0.00354	0.00114	0.01847	0.02640	0.00255	0.00442
33	0.00575	0.00434	0.00572	0.02670	0.00750	0.02111	0.00544	0.00757	0.04199	0.01035	0.01785	0.14072	0.01940	0.00934	0.00466	0.00154	0.00314	0.66045	0.00316	0.00329
34	0.14549	0.00923	0.06432	0.01378	0.18669	0.00867	0.43307	0.04874	0.00806	0.01231	0.00656	0.00846	0.00507	0.00320	0.00383	0.00113	0.03133	0.00340	0.00187	0.00479
35	0.00484	0.00360	0.00460	0.00497	0.00574	0.00336	0.00391	0.00608	0.00815	0.01070	0.21241	0.20769	0.21639	0.00915	0.00442	0.00135	0.00228	0.28390	0.00337	0.00309
36	0.00967	0.09496	0.11042	0.07670	0.26487	0.19470	0.09906	0.05166	0.02524	0.03087	0.00655	0.00797	0.00518	0.00335	0.00333	0.00102	0.00484	0.00288	0.00186	0.00488
37	0.00911	0.03819	0.38465	0.00997	0.01324	0.26888	0.10023	0.01160	0.00798	0.00990	0.00584	0.00725	0.00456	0.00369	0.00431	0.00109	0.11062	0.00268	0.00161	0.00459
38	0.01104	0.00765	0.01438	0.01060	0.01359	0.00705	0.43872	0.02852	0.00904	0.34166	0.01043	0.01213	0.00752	0.00390	0.00388	0.00115	0.00448	0.05141	0.01772	0.00510
39	0.00545	0.00368	0.00499	0.00498	0.00548	0.00350	0.03882	0.00608	0.00656	0.05730	0.05382	0.38511	0.04038	0.31784	0.02569	0.00215	0.00287	0.02959	0.00284	0.00288
40	0.01306	0.00724	0.01003	0.09105	0.05651	0.00724	0.06083	0.21897	0.01099	0.44558	0.02398	0.01060	0.00753	0.00412	0.00365	0.00109	0.01504	0.00344	0.00350	0.00557
41	0.00623	0.00471	0.00581	0.00587	0.00696	0.00487	0.00475	0.02225	0.19563	0.02286	0.24367	0.08060	0.04572	0.00778	0.00427	0.00134	0.00258	0.32684	0.00348	0.00379
42	0.00737	0.00664	0.00802	0.20808	0.06968	0.13186	0.03384	0.00879	0.00796	0.06410	0.10173	0.25761	0.03611	0.00666	0.01843	0.00126	0.00370	0.02180	0.00259	0.00377
43	0.00794	0.00750	0.01182	0.34003	0.41433	0.02431	0.00956	0.02746	0.07700	0.01084	0.00762	0.00998	0.01690	0.00359	0.00350	0.00110	0.00421	0.01559	0.00189	0.00481
44	0.00460	0.00350	0.00426	0.00440	0.00522	0.00316	0.00330	0.00578	0.00842	0.01111	0.33332	0.19799	0.30214	0.00870	0.00426	0.00124	0.00192	0.09014	0.00346	0.00308
45	0.01135	0.02731	0.13853	0.00854	0.01161	0.00795	0.13641	0.16512	0.15502	0.27672	0.01049	0.01026	0.00726	0.00397	0.00354	0.00110	0.00387	0.00344	0.01202	0.00550
46	0.67459	0.04328	0.04037	0.00572	0.00809	0.06961	0.03117	0.05861	0.01959	0.01487	0.00536	0.00616	0.00416	0.00332	0.00244	0.00106	0.00326	0.00211	0.00216	0.00406
47	0.06366	0.00899	0.01101	0.00905	0.06058	0.02666	0.09480	0.49546	0.04678	0.13448	0.00884	0.00897	0.00625	0.00397	0.00348	0.00107	0.00389	0.00324	0.00321	0.00560
48	0.00467	0.00344	0.00442	0.00503	0.00559	0.00323	0.00379	0.00562	0.00730	0.00946	0.03625	0.43205	0.17158	0.04166	0.00498	0.00150	0.00237	0.25089	0.00320	0.00295
49	0.02687	0.00859	0.05087	0.08970	0.13381	0.00794	0.38832	0.05246	0.00876	0.18491	0.00827	0.00959	0.00592	0.00338	0.00374	0.00112	0.00474	0.00361	0.00234	0.00506
50	0.00959	0.04331	0.03379	0.03821	0.46543	0.02157	0.13063	0.03913	0.02877	0.12544	0.00800	0.02664	0.00630	0.00350	0.00353	0.00107	0.00421	0.00339	0.00220	0.00530
51	0.01326	0.00977	0.01047	0.00803	0.01082	0.01082	0.00663	0.84398	0.01640	0.02199	0.00838	0.00838	0.00593	0.00419	0.00349	0.00105	0.00384	0.00314	0.00349	0.00593
52	0.00921	0.00692	0.00759	0.00668	0.00864	0.00768	0.00523	0.04425	0.62092	0.11637	0.09660	0.01443	0.02988	0.00499	0.00361	0.00116	0.00269	0.00417	0.00366	0.00531
53	0.32569	0.05484	0.39570	0.00759	0.02170	0.00829	0.00833	0.04448	0.05566	0.01328	0.03087	0.00760	0.00546	0.00350	0.00290	0.00108	0.00391	0.00251	0.00199	0.00464
54	0.00452	0.00345	0.00415	0.00419	0.00501	0.00308	0.00306	0.00570	0.00858	0.01142	0.40735	0.19652	0.31337	0.00847	0.00419	0.00119	0.00176	0.00739	0.00352	0.00308
55	0.00560	0.00400	0.00560	0.00640	0.00720	0.00400	0.00559	0.00719	0.00801	0.01042	0.01849	0.05219	0.02013	0.00966	0.00481	0.00160	0.00319	0.81951	0.00321	0.00321
56	0.00842	0.00827	0.01320	0.17129	0.47127	0.06573	0.10140	0.01049	0.00792	0.02449	0.00732	0.01070	0.00625	0.00369	0.00376	0.00111	0.02124	0.05675	0.00184	0.00486
57	0.02260	0.18611	0.20978	0.00716	0.01017	0.04842	0.00710	0.06176	0.03726	0.27077	0.00982	0.08730	0.00776	0.00462	0.01326	0.00109	0.00382	0.00345	0.00273	0.00501
58	0.00601	0.00439	0.00560	0.00559	0.00662	0.00436	0.00460	0.08290	0.02494	0.01298	0.36438	0.03027	0.06650	0.00798	0.00435	0.00132	0.00254	0.35765	0.00351	0.00352
59	0.01120	0.01317	0.01372	0.02233	0.01356	0.45843	0.30039	0.09085	0.00981	0.01073	0.00626	0.00764	0.00491	0.00346	0.00365	0.00102	0.01945	0.00301	0.00194	0.00445

[dist]
# distance from previous block
# <min> <max>
0	1

[block]
# block no. 3 follows, 80 sequences, length 7
# corresponding to MSA columns:
# 341-347
name=unknown_D
#
# <colnr> <probs for GDERKNQSTAVLIFYWHMCP>
#	G	D	E	R	K	N	Q	S	T	A	V	L	I	F	Y	W	H	M	C	P
0	0.01164	0.00953	0.07057	0.06320	0.01243	0.05113	0.11758	0.35448	0.06921	0.16189	0.00897	0.00930	0.00634	0.00401	0.00382	0.00110	0.03312	0.00330	0.00300	0.00540
1	0.00430	0.00308	0.00410	0.00482	0.00507	0.00287	0.00324	0.00499	0.00692	0.00930	0.08301	0.81021	0.02383	0.01064	0.00443	0.00139	0.00200	0.00964	0.00328	0.00287
2	0.00475	0.00355	0.00442	0.00431	0.00518	0.00322	0.00324	0.00618	0.00922	0.01259	0.59893	0.07003	0.21304	0.00780	0.00416	0.00115	0.00175	0.03963	0.00365	0.00319
3	0.00795	0.00744	0.01222	0.38331	0.41518	0.00830	0.00991	0.05339	0.00785	0.01075	0.00641	0.00886	0.00513	0.00347	0.00385	0.00111	0.04526	0.00310	0.00173	0.00476
4	0.00453	0.00332	0.00423	0.00451	0.00506	0.00308	0.00317	0.00552	0.00785	0.01061	0.30668	0.41417	0.13375	0.04278	0.03279	0.00149	0.00215	0.00796	0.00336	0.00299
5	0.00747	0.06758	0.00925	0.00611	0.00924	0.00568	0.08219	0.00912	0.00732	0.01113	0.00619	0.00732	0.00513	0.00265	0.00270	0.00059	0.00297	0.00224	0.00200	0.75311
6	0.00741	0.09562	0.56331	0.01045	0.01486	0.00864	0.19387	0.01083	0.00746	0.01070	0.00643	0.00790	0.00479	0.00411	0.03765	0.00127	0.00535	0.00290	0.00155	0.00491

[dist]
# distance from previous block
# <min> <max>
0	1

[block]
# block no. 4 follows, 80 sequences, length 25
# corresponding to MSA columns:
# 349-373
name=unknown_E
#
# <colnr> <probs for GDERKNQSTAVLIFYWHMCP>
#	G	D	E	R	K	N	Q	S	T	A	V	L	I	F	Y	W	H	M	C	P
0	0.01024	0.00766	0.01142	0.17175	0.01401	0.03465	0.18790	0.13486	0.10663	0.19498	0.01028	0.01263	0.00784	0.00432	0.00374	0.00116	0.00415	0.07399	0.00286	0.00494
1	0.30231	0.00862	0.04346	0.00737	0.02503	0.09763	0.07554	0.10742	0.00902	0.26530	0.00823	0.00835	0.00574	0.00373	0.00320	0.00107	0.01749	0.00281	0.00284	0.00486
2	0.00939	0.00760	0.00811	0.00708	0.00915	0.00864	0.00556	0.13651	0.66734	0.04218	0.03664	0.01299	0.02344	0.00477	0.00356	0.00116	0.00288	0.00393	0.00357	0.00549
3	0.00622	0.00413	0.00577	0.00641	0.00733	0.00408	0.00559	0.00781	0.00815	0.06052	0.01820	0.03773	0.01940	0.00932	0.00474	0.00158	0.00320	0.78317	0.00328	0.00337
4	0.00684	0.00675	0.01190	0.41158	0.01786	0.02088	0.22478	0.00903	0.00754	0.00982	0.02962	0.01494	0.06425	0.00466	0.00421	0.00123	0.04196	0.10622	0.00198	0.00393
5	0.04404	0.09217	0.57169	0.01024	0.01470	0.02986	0.16753	0.01106	0.00751	0.01095	0.00621	0.00750	0.00456	0.00322	0.00332	0.00108	0.00509	0.00277	0.00157	0.00493
6	0.00448	0.00320	0.00431	0.00508	0.00540	0.00303	0.00360	0.00527	0.00699	0.00930	0.04545	0.72114	0.02293	0.01061	0.00450	0.00144	0.00219	0.13492	0.00325	0.00291
7	0.01195	0.01147	0.20179	0.00838	0.01170	0.00996	0.00798	0.62045	0.01409	0.05562	0.00813	0.00830	0.00571	0.00400	0.00345	0.00106	0.00410	0.00303	0.00307	0.00576
8	0.00801	0.00712	0.01164	0.10160	0.43522	0.00729	0.06442	0.03691	0.05585	0.03474	0.05333	0.04451	0.00971	0.00461	0.00375	0.00116	0.00387	0.10914	0.00229	0.00482
9	0.00700	0.01805	0.85930	0.00994	0.01510	0.00810	0.01289	0.01105	0.00737	0.01105	0.00626	0.00737	0.00442	0.00331	0.00331	0.00110	0.00516	0.00258	0.00147	0.00516
10	0.00491	0.00351	0.00481	0.00561	0.00610	0.00340	0.00439	0.00600	0.00733	0.00965	0.01887	0.47269	0.02163	0.01031	0.00463	0.00151	0.00260	0.40581	0.00323	0.00302
11	0.00572	0.00424	0.00555	0.00589	0.00680	0.00428	0.00489	0.00820	0.09942	0.01182	0.24922	0.05946	0.02271	0.00846	0.00448	0.00141	0.00269	0.48787	0.00342	0.00347
12	0.00836	0.00801	0.01366	0.13642	0.74278	0.00822	0.01057	0.01046	0.00781	0.01106	0.00651	0.00873	0.00541	0.00316	0.00346	0.00105	0.00421	0.00311	0.00170	0.00530
13	0.01437	0.00665	0.00840	0.00655	0.00915	0.00630	0.00541	0.20252	0.01129	0.61017	0.01338	0.01285	0.03343	0.00464	0.00358	0.00110	0.00314	0.03729	0.00406	0.00574
14	0.90202	0.00675	0.00513	0.00459	0.00675	0.00783	0.00378	0.01026	0.00594	0.01565	0.00486	0.00567	0.00378	0.00324	0.00216	0.00108	0.00270	0.00189	0.00216	0.00378
15	0.00418	0.00350	0.00364	0.00368	0.00477	0.00296	0.00273	0.00509	0.00798	0.00967	0.08351	0.09062	0.74798	0.00888	0.00415	0.00119	0.00178	0.00747	0.00328	0.00296
16	0.00437	0.00359	0.00388	0.00398	0.00507	0.00310	0.00308	0.00539	0.00808	0.00987	0.09237	0.05018	0.67544	0.00885	0.00422	0.00123	0.00194	0.10908	0.00328	0.00300
17	0.00853	0.05303	0.61663	0.00935	0.01376	0.05934	0.01106	0.15048	0.02375	0.01267	0.00664	0.00750	0.00479	0.00349	0.00329	0.00107	0.00490	0.00265	0.00187	0.00520
18	0.00706	0.04039	0.83749	0.00984	0.01494	0.00825	0.01271	0.01103	0.00736	0.01098	0.00622	0.00732	0.00442	0.00331	0.00329	0.00110	0.00512	0.00256	0.00147	0.00514
19	0.00566	0.00409	0.00562	0.00636	0.00718	0.00412	0.00549	0.00750	0.03768	0.01050	0.01836	0.08406	0.01991	0.00954	0.00475	0.00158	0.00313	0.75798	0.00323	0.00327
20	0.00492	0.00364	0.00460	0.00479	0.00554	0.00340	0.00362	0.02637	0.00852	0.01142	0.32790	0.26684	0.16626	0.00881	0.00431	0.00128	0.00208	0.13907	0.00346	0.00316
21	0.06767	0.48048	0.25732	0.00725	0.01071	0.03832	0.01913	0.03099	0.00754	0.02269	0.02624	0.00684	0.00522	0.00327	0.00269	0.00090	0.00412	0.00228	0.00169	0.00464
22	0.00912	0.67313	0.17167	0.00683	0.01018	0.03043	0.00728	0.04008	0.00753	0.00922	0.00524	0.00603	0.00452	0.00310	0.00250	0.00083	0.00405	0.00205	0.00157	0.00464
23	0.00979	0.00675	0.00784	0.00687	0.00883	0.00728	0.01684	0.10875	0.42671	0.17052	0.03355	0.06638	0.01197	0.00553	0.00375	0.00121	0.00294	0.09570	0.00361	0.00517
24	0.00503	0.00364	0.00466	0.00516	0.00571	0.00354	0.00391	0.00623	0.03064	0.00960	0.06820	0.28971	0.09416	0.15249	0.00670	0.00176	0.00264	0.30016	0.00309	0.00296

[dist]
# distance from previous block
# <min> <max>
7	12

[block]
# block no. 5 follows, 80 sequences, length 24
# corresponding to MSA columns:
# 387-391,394-404,407,416-422
name=unknown_F
#
# <colnr> <probs for GDERKNQSTAVLIFYWHMCP>
#	G	D	E	R	K	N	Q	S	T	A	V	L	I	F	Y	W	H	M	C	P
0	0.00804	0.26749	0.55008	0.00853	0.01280	0.02593	0.01028	0.01101	0.00741	0.04004	0.00638	0.02586	0.00499	0.00343	0.00303	0.00100	0.00462	0.00256	0.00162	0.00492
1	0.00745	0.14703	0.69650	0.00914	0.01382	0.00879	0.01147	0.01095	0.00743	0.02533	0.02760	0.00765	0.00522	0.00338	0.00318	0.00105	0.00482	0.00258	0.00159	0.00502
2	0.00856	0.03733	0.65547	0.00918	0.01373	0.00764	0.02751	0.01197	0.00783	0.16030	0.00781	0.02426	0.00553	0.00362	0.00336	0.00110	0.00469	0.00289	0.00201	0.00523
3	0.03089	0.00612	0.06115	0.00590	0.00825	0.00492	0.00508	0.01367	0.02220	0.54915	0.20087	0.01557	0.05044	0.00506	0.00363	0.00109	0.00275	0.00421	0.00393	0.00512
4	0.02192	0.25182	0.36992	0.00902	0.01279	0.04535	0.13348	0.04066	0.00799	0.01083	0.05985	0.00834	0.00642	0.00345	0.00317	0.00101	0.00461	0.00284	0.00177	0.00474
5	0.08573	0.02711	0.31625	0.03597	0.06210	0.01878	0.06171	0.07051	0.06896	0.15054	0.00889	0.01069	0.00674	0.00401	0.00342	0.00113	0.00416	0.05583	0.00244	0.00505
6	0.00765	0.01657	0.73672	0.01010	0.01496	0.00797	0.08019	0.01144	0.00760	0.06487	0.00680	0.00782	0.00476	0.00335	0.00339	0.00111	0.00508	0.00276	0.00168	0.00517
7	0.00470	0.00356	0.00434	0.00414	0.00507	0.00319	0.00311	0.00613	0.00932	0.01267	0.61729	0.02823	0.27023	0.00763	0.00412	0.00112	0.00168	0.00661	0.00367	0.00319
8	0.03654	0.53443	0.09476	0.00767	0.03651	0.17659	0.03172	0.02932	0.00788	0.00925	0.00528	0.00617	0.00454	0.00317	0.00263	0.00085	0.00441	0.00214	0.00163	0.00451
9	0.00862	0.00916	0.06792	0.06579	0.63172	0.03378	0.07851	0.03189	0.00812	0.01137	0.00655	0.00857	0.00536	0.00321	0.00359	0.00106	0.01462	0.00313	0.00175	0.00529
10	0.00446	0.00355	0.00400	0.00389	0.00492	0.00309	0.00292	0.00566	0.00875	0.01133	0.37591	0.03045	0.51245	0.00813	0.00412	0.00114	0.00172	0.00693	0.00349	0.00309
11	0.00439	0.00320	0.00414	0.00464	0.00507	0.00295	0.00320	0.00526	0.00750	0.01009	0.20730	0.61613	0.09341	0.00991	0.00435	0.00133	0.00192	0.00890	0.00337	0.00295
12	0.15902	0.03508	0.17182	0.00678	0.00890	0.00638	0.07718	0.05459	0.00693	0.05612	0.00793	0.01202	0.00712	0.16074	0.06792	0.12499	0.00420	0.02650	0.00207	0.00371
13	0.00770	0.06978	0.53361	0.01128	0.04190	0.03406	0.23068	0.01112	0.00767	0.01084	0.00637	0.00780	0.00469	0.00320	0.00346	0.00109	0.00526	0.00295	0.00157	0.00497
14	0.00451	0.00355	0.00438	0.00443	0.00528	0.00341	0.00333	0.00558	0.00735	0.00957	0.13499	0.12055	0.39304	0.01414	0.26692	0.00255	0.00410	0.00640	0.00290	0.00303
15	0.00746	0.00626	0.00684	0.00651	0.00800	0.00705	0.00494	0.01472	0.60969	0.01302	0.01561	0.23323	0.01410	0.00646	0.00382	0.00126	0.00259	0.03022	0.00346	0.00477
16	0.06349	0.08559	0.02124	0.01011	0.13076	0.11352	0.12017	0.15306	0.02548	0.22983	0.00853	0.00887	0.00612	0.00367	0.00335	0.00103	0.00416	0.00308	0.00274	0.00521
17	0.45618	0.20201	0.15638	0.00611	0.00901	0.02739	0.00606	0.03685	0.00706	0.05768	0.00569	0.00637	0.00438	0.00329	0.00251	0.00101	0.00348	0.00214	0.00204	0.00436
18	0.00976	0.00781	0.03676	0.13688	0.41303	0.00755	0.08480	0.03238	0.01691	0.18937	0.00875	0.00998	0.02280	0.00356	0.00354	0.00108	0.00409	0.00336	0.00233	0.00525
19	0.00495	0.00378	0.00460	0.00522	0.02510	0.02456	0.00349	0.00585	0.02478	0.00926	0.08716	0.50640	0.05838	0.15703	0.00662	0.00170	0.00246	0.06270	0.00303	0.00293
20	0.43017	0.05488	0.08851	0.00705	0.04092	0.09585	0.04170	0.06048	0.00773	0.08101	0.00620	0.00691	0.00468	0.00335	0.00272	0.00101	0.00363	0.00235	0.00223	0.05861
21	0.00854	0.00872	0.07521	0.02227	0.37107	0.03470	0.13086	0.02925	0.09334	0.04639	0.02472	0.04509	0.00769	0.00392	0.00359	0.00108	0.00410	0.02969	0.00221	0.05754
22	0.00916	0.00540	0.02797	0.00564	0.00741	0.00485	0.00456	0.05989	0.07150	0.28022	0.26894	0.12024	0.04241	0.00617	0.00382	0.00112	0.00250	0.02977	0.00370	0.04472
23	0.17031	0.13506	0.05804	0.00735	0.06060	0.06199	0.06032	0.01937	0.00741	0.02815	0.00627	0.02728	0.00526	0.00317	0.00276	0.00082	0.00347	0.00247	0.00200	0.33792

[dist]
# distance from previous block
# <min> <max>
15	36

[block]
# block no. 6 follows, 80 sequences, length 8
# corresponding to MSA columns:
# 463-470
name=unknown_G
#
# <colnr> <probs for GDERKNQSTAVLIFYWHMCP>
#	G	D	E	R	K	N	Q	S	T	A	V	L	I	F	Y	W	H	M	C	P
0	0.03222	0.30740	0.31846	0.10926	0.01318	0.00962	0.04660	0.01073	0.00737	0.06255	0.00660	0.03171	0.00529	0.00347	0.00300	0.00099	0.00430	0.00270	0.00176	0.02279
1	0.03167	0.15447	0.22567	0.03199	0.06356	0.19909	0.03403	0.01220	0.04681	0.10067	0.04455	0.00921	0.00684	0.00377	0.00321	0.00101	0.00453	0.01987	0.00213	0.00472
2	0.15034	0.20570	0.15405	0.00654	0.00891	0.00771	0.00648	0.00987	0.03822	0.05096	0.03068	0.04745	0.01079	0.00558	0.00341	0.00118	0.00347	0.25209	0.00244	0.00412
3	0.00513	0.00616	0.15898	0.00602	0.00746	0.00421	0.02428	0.00676	0.00761	0.01044	0.16891	0.35633	0.07955	0.00907	0.04200	0.00148	0.00304	0.09621	0.00293	0.00344
4	0.09492	0.11444	0.22295	0.03327	0.09587	0.08552	0.11868	0.02328	0.04407	0.07669	0.00813	0.00948	0.03160	0.00369	0.00327	0.00106	0.00440	0.02186	0.00207	0.00476
5	0.00828	0.08768	0.26815	0.05971	0.03810	0.00740	0.12335	0.03191	0.00784	0.11313	0.02485	0.00987	0.00665	0.00622	0.10451	0.00158	0.00485	0.00318	0.08811	0.00462
6	0.00647	0.00483	0.00666	0.10806	0.00955	0.00511	0.00620	0.08790	0.00871	0.01137	0.01606	0.03284	0.01690	0.00839	0.00453	0.00150	0.00344	0.65488	0.00304	0.00355
7	0.09367	0.04576	0.05786	0.29679	0.09669	0.00850	0.33017	0.01026	0.00748	0.01074	0.00638	0.00867	0.00488	0.00319	0.00354	0.00113	0.00488	0.00330	0.00170	0.00443

[dist]
# distance from previous block
# <min> <max>
0	1

[block]
# block no. 7 follows, 80 sequences, length 6
# corresponding to MSA columns:
# 472-477
name=unknown_H
#
# <colnr> <probs for GDERKNQSTAVLIFYWHMCP>
#	G	D	E	R	K	N	Q	S	T	A	V	L	I	F	Y	W	H	M	C	P
0	0.16630	0.00667	0.01059	0.55322	0.01924	0.00772	0.10985	0.00997	0.00715	0.06776	0.00658	0.00884	0.00484	0.00343	0.00333	0.00114	0.00434	0.00304	0.00187	0.00410
1	0.16360	0.00374	0.00420	0.00469	0.00528	0.00375	0.00325	0.00583	0.00653	0.01002	0.01707	0.63669	0.06042	0.05250	0.00469	0.00144	0.00220	0.00813	0.00299	0.00297
2	0.00950	0.10091	0.15752	0.19686	0.13667	0.11648	0.08249	0.03216	0.00828	0.11613	0.00710	0.00842	0.00529	0.00344	0.00334	0.00105	0.00465	0.00292	0.00200	0.00480
3	0.33961	0.00652	0.00697	0.00571	0.00804	0.00674	0.00464	0.07158	0.08026	0.38226	0.01004	0.00993	0.00701	0.04168	0.00363	0.00119	0.00293	0.00299	0.00331	0.00494
4	0.00474	0.00570	0.15582	0.00576	0.00684	0.00377	0.00495	0.00596	0.00680	0.00929	0.01693	0.72112	0.01977	0.00958	0.00425	0.00136	0.00258	0.00862	0.00293	0.00325
5	0.00682	0.00662	0.01202	0.38899	0.14731	0.00714	0.18979	0.00891	0.00734	0.00979	0.00891	0.17321	0.00842	0.00472	0.00380	0.00119	0.00434	0.00461	0.00194	0.00411

[dist]
# distance from previous block
# <min> <max>
0	169

# created by:
# /home/simao/soft/augustus-3.0.3/scripts/msa2prfl.pl ./prep/94998.aln
