[name]
unknown

[dist]
# distance from previous block
# <min> <max>
0	517

[block]
# block no. 0 follows, 73 sequences, length 6
# corresponding to MSA columns:
# 603-608
name=unknown_A
#
# <colnr> <probs for GDERKNQSTAVLIFYWHMCP>
#	G	D	E	R	K	N	Q	S	T	A	V	L	I	F	Y	W	H	M	C	P
0	0.00938	0.12658	0.00902	0.00629	0.00809	0.00804	0.00496	0.20744	0.13578	0.06201	0.11408	0.03816	0.03373	0.21164	0.00737	0.00173	0.00337	0.00456	0.00319	0.00460
1	0.11974	0.17413	0.05479	0.00703	0.00967	0.12117	0.00608	0.07742	0.05123	0.11993	0.00857	0.05418	0.00711	0.02211	0.00375	0.00107	0.02817	0.00315	0.00261	0.12807
2	0.00621	0.00454	0.00549	0.00505	0.00590	0.00447	0.00347	0.04843	0.00667	0.00934	0.01093	0.06365	0.01162	0.45179	0.20225	0.00344	0.00489	0.00479	0.00235	0.14473
3	0.03406	0.00999	0.06829	0.09335	0.34447	0.11207	0.09702	0.01255	0.00905	0.12789	0.04882	0.01036	0.00747	0.00384	0.00375	0.00114	0.00471	0.00350	0.00235	0.00536
4	0.00710	0.00615	0.12204	0.00538	0.00652	0.00454	0.00434	0.00792	0.00654	0.11143	0.01193	0.06365	0.01244	0.59808	0.01432	0.00288	0.00377	0.00514	0.00253	0.00327
5	0.01164	0.00866	0.00984	0.00786	0.01007	0.03265	0.04634	0.49671	0.04449	0.01835	0.00901	0.01011	0.00687	0.00568	0.00542	0.12476	0.03075	0.00343	0.11221	0.00516

[dist]
# distance from previous block
# <min> <max>
0	1

[block]
# block no. 1 follows, 73 sequences, length 9
# corresponding to MSA columns:
# 610-616,623,624
name=unknown_B
#
# <colnr> <probs for GDERKNQSTAVLIFYWHMCP>
#	G	D	E	R	K	N	Q	S	T	A	V	L	I	F	Y	W	H	M	C	P
0	0.04441	0.01559	0.01009	0.00888	0.01107	0.66403	0.00674	0.05430	0.01043	0.01059	0.00606	0.00699	0.00498	0.00373	0.00328	0.00092	0.00595	0.00242	0.00208	0.12747
1	0.12878	0.00449	0.00505	0.00538	0.00621	0.00467	0.00384	0.00807	0.11293	0.01154	0.03460	0.52953	0.05358	0.02478	0.02554	0.00156	0.00257	0.00802	0.02528	0.00358
2	0.00641	0.00477	0.00610	0.12380	0.00893	0.00496	0.00477	0.11158	0.00896	0.01217	0.06776	0.42607	0.09982	0.00856	0.00425	0.00133	0.00273	0.00755	0.08578	0.00371
3	0.65889	0.00728	0.00621	0.00536	0.00780	0.00806	0.00435	0.01194	0.11245	0.01605	0.00670	0.00733	0.00521	0.00359	0.00258	0.00109	0.00289	0.00234	0.00250	0.12737
4	0.00952	0.00726	0.00825	0.00726	0.00909	0.00824	0.00574	0.01631	0.50585	0.12575	0.01704	0.01616	0.12574	0.00583	0.00498	0.00130	0.11213	0.00457	0.00361	0.00538
5	0.00503	0.00375	0.00463	0.00456	0.00541	0.00340	0.00334	0.00642	0.00955	0.01301	0.53366	0.13632	0.20956	0.03846	0.00498	0.00133	0.00192	0.00748	0.00384	0.00335
6	0.00537	0.00398	0.00585	0.00585	0.00645	0.00459	0.00446	0.00658	0.00597	0.00857	0.01022	0.01567	0.00978	0.10803	0.77394	0.00580	0.00944	0.00416	0.00203	0.00325
7	0.00801	0.00697	0.01053	0.51980	0.04481	0.02595	0.05175	0.08449	0.00863	0.01179	0.00835	0.01090	0.02057	0.00404	0.00379	0.00118	0.02272	0.00348	0.14790	0.00435
8	0.03959	0.09408	0.03528	0.24524	0.25250	0.03977	0.19387	0.01112	0.00821	0.01122	0.00691	0.00924	0.00549	0.00346	0.00366	0.00115	0.00496	0.00336	0.02596	0.00495

[dist]
# distance from previous block
# <min> <max>
0	1

[block]
# block no. 2 follows, 73 sequences, length 6
# corresponding to MSA columns:
# 626-631
name=unknown_C
#
# <colnr> <probs for GDERKNQSTAVLIFYWHMCP>
#	G	D	E	R	K	N	Q	S	T	A	V	L	I	F	Y	W	H	M	C	P
0	0.01309	0.06815	0.05089	0.00998	0.01229	0.70144	0.06862	0.01439	0.01020	0.00950	0.00594	0.00702	0.00489	0.00376	0.00341	0.00099	0.00651	0.00256	0.00189	0.00449
1	0.00475	0.00351	0.00445	0.00486	0.00543	0.00320	0.00340	0.00576	0.00835	0.01118	0.25147	0.50543	0.15385	0.01027	0.00463	0.00139	0.00202	0.00917	0.00366	0.00320
2	0.00742	0.00626	0.00661	0.00620	0.00744	0.10409	0.03084	0.04068	0.08048	0.05755	0.22009	0.27905	0.12227	0.00805	0.00430	0.00128	0.00291	0.00701	0.00351	0.00396
3	0.00545	0.00368	0.00430	0.00430	0.00437	0.00375	0.00253	0.00559	0.00552	0.00743	0.01163	0.02349	0.01318	0.77737	0.10924	0.00390	0.00433	0.00530	0.00224	0.00239
4	0.01205	0.00946	0.00973	0.00800	0.01053	0.05038	0.00642	0.41991	0.31938	0.05244	0.01283	0.01223	0.04949	0.00494	0.00379	0.00118	0.00368	0.00389	0.00371	0.00596
5	0.00905	0.06328	0.06562	0.07463	0.09411	0.07270	0.07925	0.03032	0.04395	0.03691	0.00743	0.00884	0.00592	0.00357	0.00379	0.00095	0.05198	0.00292	0.03798	0.30679

[dist]
# distance from previous block
# <min> <max>
0	1

[block]
# block no. 3 follows, 73 sequences, length 18
# corresponding to MSA columns:
# 642-659
name=unknown_D
#
# <colnr> <probs for GDERKNQSTAVLIFYWHMCP>
#	G	D	E	R	K	N	Q	S	T	A	V	L	I	F	Y	W	H	M	C	P
0	0.83935	0.00771	0.00585	0.00520	0.00753	0.03662	0.00426	0.03540	0.00686	0.01678	0.00535	0.00620	0.00416	0.00353	0.00240	0.00115	0.00307	0.00208	0.00235	0.00414
1	0.01107	0.13600	0.03922	0.00865	0.03090	0.26528	0.02547	0.09342	0.24740	0.02496	0.00934	0.01006	0.00743	0.02699	0.04653	0.00139	0.00495	0.00323	0.00264	0.00509
2	0.01145	0.00853	0.01023	0.00891	0.06460	0.02109	0.04981	0.41880	0.05746	0.05326	0.01026	0.04672	0.00811	0.00487	0.00417	0.00115	0.05427	0.01545	0.14540	0.00545
3	0.00484	0.00354	0.00455	0.00488	0.00547	0.00325	0.00344	0.00595	0.00865	0.01174	0.33818	0.45693	0.11480	0.00995	0.00461	0.00136	0.00199	0.00889	0.00373	0.00325
4	0.00464	0.00360	0.00417	0.00450	0.00522	0.00326	0.00315	0.00542	0.00759	0.00956	0.02730	0.34033	0.40779	0.09434	0.05978	0.00189	0.00269	0.00845	0.00327	0.00305
5	0.01438	0.01031	0.01114	0.00854	0.01154	0.01134	0.00705	0.79364	0.01731	0.06271	0.00928	0.00919	0.00652	0.00451	0.00375	0.00113	0.00408	0.00340	0.00380	0.00638
6	0.00778	0.00667	0.00778	0.00556	0.00889	0.00500	0.00445	0.00945	0.00778	0.01223	0.00667	0.00778	0.00556	0.00278	0.00278	0.00056	0.00278	0.00222	0.00222	0.89108
7	0.00525	0.00383	0.00493	0.00466	0.00557	0.00351	0.00349	0.00696	0.01047	0.01470	0.78631	0.02859	0.09208	0.00780	0.00443	0.00119	0.00178	0.00686	0.00408	0.00351
8	0.89465	0.00726	0.00551	0.00493	0.00726	0.00842	0.00406	0.01103	0.00638	0.01683	0.00522	0.00609	0.00406	0.00348	0.00232	0.00116	0.00290	0.00203	0.00232	0.00406
9	0.01401	0.01788	0.01063	0.00967	0.01160	0.85309	0.00725	0.01498	0.01063	0.00918	0.00580	0.00677	0.00483	0.00387	0.00338	0.00097	0.00677	0.00242	0.00193	0.00435
10	0.00742	0.00701	0.01185	0.73281	0.14957	0.00842	0.01058	0.00988	0.00766	0.00999	0.00673	0.00989	0.00514	0.00369	0.00375	0.00123	0.00492	0.00334	0.00170	0.00444
11	0.00495	0.00375	0.00456	0.00451	0.00542	0.00336	0.00332	0.00633	0.00955	0.01286	0.49436	0.13816	0.27767	0.00875	0.00447	0.00125	0.00186	0.00763	0.00385	0.00336
12	0.01232	0.00954	0.01016	0.00824	0.01089	0.01073	0.00666	0.51180	0.34124	0.02051	0.01148	0.01098	0.00838	0.00474	0.00378	0.00118	0.00367	0.00372	0.00378	0.00621
13	0.00521	0.00388	0.00479	0.00477	0.01949	0.00354	0.00345	0.00670	0.00963	0.01326	0.53110	0.05765	0.23168	0.02854	0.01977	0.00134	0.00205	0.00692	0.04277	0.00344
14	0.00544	0.00368	0.00432	0.00432	0.00440	0.00376	0.00256	0.00560	0.00552	0.00744	0.01161	0.02340	0.01314	0.76955	0.11701	0.00392	0.00439	0.00529	0.00224	0.00240
15	0.01061	0.74748	0.01836	0.00689	0.00991	0.13572	0.00654	0.01177	0.00806	0.00888	0.00530	0.00613	0.00482	0.00330	0.00255	0.00083	0.00441	0.00207	0.00165	0.00475
16	0.00457	0.00326	0.00435	0.00522	0.00544	0.00305	0.00348	0.00522	0.00718	0.00958	0.02068	0.86570	0.02481	0.01175	0.00479	0.00152	0.00218	0.01067	0.00348	0.00305
17	0.00699	0.00621	0.00965	0.06556	0.37403	0.00611	0.00734	0.00884	0.00908	0.01251	0.26780	0.04287	0.15583	0.00595	0.00408	0.00118	0.00318	0.00536	0.00286	0.00455

[dist]
# distance from previous block
# <min> <max>
1	11

[block]
# block no. 4 follows, 73 sequences, length 24
# corresponding to MSA columns:
# 671-694
name=unknown_E
#
# <colnr> <probs for GDERKNQSTAVLIFYWHMCP>
#	G	D	E	R	K	N	Q	S	T	A	V	L	I	F	Y	W	H	M	C	P
0	0.01399	0.01673	0.01061	0.00949	0.01147	0.74746	0.00720	0.06328	0.01092	0.04362	0.00633	0.00718	0.00511	0.00401	0.00365	0.00100	0.02871	0.00255	0.00214	0.00454
1	0.00899	0.00855	0.01380	0.03605	0.50848	0.00892	0.08486	0.01293	0.17733	0.01285	0.04478	0.01110	0.00825	0.00402	0.00421	0.00119	0.04194	0.00377	0.00234	0.00564
2	0.01446	0.00956	0.01056	0.00812	0.01103	0.01030	0.00670	0.66409	0.01612	0.16510	0.01011	0.00982	0.00699	0.00452	0.00372	0.00112	0.00389	0.00345	0.03405	0.00628
3	0.00792	0.04115	0.13781	0.07952	0.03817	0.13293	0.03836	0.00980	0.03967	0.00953	0.00884	0.01420	0.00840	0.22472	0.11047	0.02140	0.04633	0.02483	0.00203	0.00394
4	0.00933	0.00806	0.00848	0.00764	0.00976	0.00933	0.00594	0.01994	0.83797	0.01569	0.01527	0.01400	0.01145	0.00509	0.00382	0.00127	0.00297	0.00424	0.00382	0.00594
5	0.00482	0.00342	0.00428	0.00483	0.00507	0.00325	0.00313	0.00533	0.00679	0.00897	0.01931	0.55861	0.08125	0.24436	0.02678	0.00217	0.00272	0.00891	0.00312	0.00285
6	0.02990	0.10806	0.09490	0.00663	0.01002	0.05093	0.00600	0.04731	0.00864	0.10030	0.00739	0.00808	0.00575	0.00325	0.00298	0.00077	0.00351	0.00247	0.00240	0.50070
7	0.00531	0.00392	0.00481	0.00486	0.00543	0.00396	0.00337	0.00650	0.04350	0.00955	0.10352	0.13750	0.14868	0.29747	0.20188	0.00316	0.00439	0.00631	0.00283	0.00306
8	0.04870	0.04225	0.45608	0.00969	0.01407	0.00838	0.08688	0.06197	0.00919	0.21406	0.00878	0.00922	0.00600	0.00383	0.00361	0.00117	0.00480	0.00315	0.00251	0.00566
9	0.01058	0.00924	0.00999	0.00850	0.00993	0.10377	0.00687	0.16849	0.17928	0.05643	0.00897	0.01006	0.00711	0.00531	0.00678	0.00131	0.31883	0.00344	0.07010	0.00501
10	0.00842	0.04285	0.01186	0.55457	0.08867	0.09816	0.02835	0.03612	0.03301	0.01053	0.02863	0.00996	0.00609	0.00392	0.00388	0.00120	0.02406	0.00333	0.00191	0.00448
11	0.00775	0.00690	0.01099	0.07754	0.37119	0.00741	0.02658	0.00973	0.04012	0.01900	0.00877	0.02858	0.00813	0.13133	0.16428	0.00245	0.06863	0.00396	0.00205	0.00460
12	0.01363	0.04764	0.01084	0.00939	0.01142	0.79036	0.00711	0.01463	0.01041	0.00929	0.00581	0.00678	0.00486	0.00380	0.00332	0.00094	0.00651	0.00239	0.00193	0.03891
13	0.00471	0.00382	0.00425	0.00420	0.00530	0.00342	0.00314	0.00578	0.00843	0.01055	0.14825	0.03200	0.59778	0.04582	0.10398	0.00190	0.00290	0.00720	0.00336	0.00321
14	0.01197	0.03008	0.02644	0.02029	0.18784	0.00817	0.04187	0.14658	0.13821	0.26352	0.04655	0.01221	0.02049	0.00500	0.02255	0.00127	0.00387	0.00384	0.00340	0.00586
15	0.00880	0.00623	0.00825	0.27809	0.01341	0.02744	0.02149	0.03580	0.11875	0.11088	0.02408	0.04974	0.00900	0.00479	0.00384	0.01105	0.02260	0.00392	0.23736	0.00448
16	0.00480	0.00371	0.00431	0.00440	0.00529	0.00330	0.00319	0.00590	0.00874	0.01133	0.26799	0.18387	0.39792	0.05683	0.00532	0.00143	0.00204	0.02281	0.00360	0.00321
17	0.18216	0.22204	0.01099	0.00653	0.00932	0.00927	0.00563	0.07717	0.09940	0.32690	0.01019	0.00966	0.00719	0.00410	0.00316	0.00108	0.00339	0.00302	0.00329	0.00550
18	0.00466	0.00343	0.00438	0.00495	0.00541	0.00314	0.00340	0.00553	0.00790	0.01049	0.14816	0.62220	0.14093	0.01082	0.00468	0.00144	0.00208	0.00969	0.00358	0.00314
19	0.01348	0.03098	0.01111	0.00885	0.01129	0.22877	0.00714	0.47468	0.04668	0.04467	0.00818	0.00861	0.00612	0.00451	0.00436	0.00113	0.07761	0.00314	0.00309	0.00561
20	0.00847	0.00748	0.00900	0.03322	0.11634	0.04140	0.00573	0.01059	0.04392	0.03009	0.00723	0.00837	0.00589	0.00306	0.00302	0.00071	0.00324	0.00253	0.00227	0.65743
21	0.01073	0.21377	0.01573	0.10003	0.04411	0.11523	0.21203	0.13238	0.06430	0.04514	0.00768	0.00889	0.00593	0.00371	0.00356	0.00109	0.00496	0.00326	0.00231	0.00515
22	0.77534	0.00821	0.00619	0.00548	0.00780	0.07684	0.00446	0.03954	0.00720	0.03345	0.00560	0.00639	0.00431	0.00357	0.00249	0.00114	0.00326	0.00214	0.00239	0.00421
23	0.01069	0.00972	0.00960	0.05790	0.01117	0.18595	0.04831	0.17520	0.21442	0.04649	0.02260	0.03540	0.03767	0.00583	0.03164	0.00133	0.00441	0.03980	0.04684	0.00504

[dist]
# distance from previous block
# <min> <max>
0	1

[block]
# block no. 5 follows, 73 sequences, length 57
# corresponding to MSA columns:
# 696-702,705-732,738-759
name=unknown_F
#
# <colnr> <probs for GDERKNQSTAVLIFYWHMCP>
#	G	D	E	R	K	N	Q	S	T	A	V	L	I	F	Y	W	H	M	C	P
0	0.00517	0.00412	0.00541	0.00573	0.00608	0.00438	0.00414	0.00595	0.00731	0.00983	0.06045	0.56802	0.12495	0.02116	0.00603	0.00152	0.13038	0.02289	0.00322	0.00324
1	0.00715	0.00400	0.00536	0.00558	0.00643	0.00366	0.00406	0.00810	0.00819	0.17618	0.05977	0.57718	0.03976	0.00999	0.00459	0.00144	0.00245	0.06859	0.00374	0.00377
2	0.00468	0.00356	0.00423	0.00462	0.00528	0.00321	0.00324	0.00552	0.00790	0.01013	0.09662	0.40913	0.32643	0.07014	0.00563	0.00155	0.00217	0.02941	0.00345	0.00309
3	0.01145	0.00715	0.00829	0.00685	0.00903	0.00736	0.00546	0.30928	0.08519	0.21125	0.13535	0.10922	0.06516	0.00616	0.00402	0.00121	0.00311	0.00512	0.00397	0.00536
4	0.00665	0.00443	0.00535	0.00485	0.00616	0.00406	0.00372	0.05276	0.01040	0.09397	0.47876	0.02792	0.27114	0.00775	0.00433	0.00120	0.00207	0.00665	0.00397	0.00386
5	0.01089	0.63181	0.01704	0.00718	0.01008	0.17632	0.00657	0.03757	0.05438	0.00973	0.00600	0.00669	0.00523	0.00348	0.00271	0.00087	0.00449	0.00225	0.00186	0.00483
6	0.01783	0.08421	0.68146	0.01031	0.01531	0.00914	0.05416	0.01205	0.04089	0.01193	0.02477	0.00853	0.00572	0.00366	0.00353	0.00116	0.00525	0.00293	0.00175	0.00542
7	0.05276	0.43310	0.09318	0.11979	0.03109	0.04311	0.00750	0.01141	0.03054	0.04970	0.03948	0.00898	0.02557	0.00392	0.00335	0.00101	0.03594	0.00281	0.00201	0.00476
8	0.89465	0.00726	0.00551	0.00493	0.00726	0.00842	0.00406	0.01103	0.00638	0.01683	0.00522	0.00609	0.00406	0.00348	0.00232	0.00116	0.00290	0.00203	0.00232	0.00406
9	0.00869	0.11321	0.16737	0.29619	0.07658	0.00905	0.04482	0.01109	0.00804	0.08971	0.05289	0.01017	0.00709	0.00416	0.00442	0.00120	0.08507	0.00334	0.00208	0.00484
10	0.03107	0.00601	0.00805	0.00631	0.00888	0.00528	0.00514	0.01647	0.01044	0.70849	0.09903	0.01458	0.01199	0.03068	0.00425	0.00123	0.00303	0.00409	0.01909	0.00588
11	0.00581	0.03881	0.00768	0.00653	0.00760	0.00563	0.08100	0.00694	0.00774	0.01008	0.04858	0.23240	0.32189	0.00926	0.03107	0.00152	0.14321	0.02776	0.00294	0.00356
12	0.00480	0.00344	0.00447	0.00512	0.00544	0.00328	0.00349	0.00550	0.00714	0.00947	0.03376	0.61695	0.07297	0.11454	0.04649	0.00198	0.00277	0.05211	0.00328	0.00301
13	0.00635	0.00473	0.00543	0.00504	0.00635	0.00463	0.00384	0.02342	0.15208	0.04067	0.39759	0.02649	0.25704	0.00745	0.00422	0.00121	0.00210	0.00637	0.04101	0.00399
14	0.01328	0.01395	0.01110	0.00994	0.05094	0.44137	0.00748	0.28914	0.02589	0.01428	0.00701	0.00789	0.00552	0.00432	0.00433	0.00109	0.08193	0.00289	0.00255	0.00511
15	0.00541	0.00383	0.00473	0.00508	0.00554	0.00374	0.00350	0.00658	0.04757	0.02017	0.08315	0.36902	0.06874	0.25905	0.01684	0.00214	0.00280	0.08583	0.00320	0.00309
16	0.00684	0.00585	0.00828	0.04082	0.16247	0.00561	0.04368	0.05513	0.03382	0.01241	0.14435	0.15192	0.20045	0.00692	0.00414	0.00120	0.00299	0.02457	0.00305	0.08552
17	0.04053	0.00802	0.00992	0.27064	0.02935	0.00915	0.00749	0.27841	0.17648	0.05651	0.00987	0.01074	0.00724	0.00433	0.00364	0.00118	0.00392	0.00352	0.06373	0.00533
18	0.08618	0.00839	0.05777	0.42706	0.21516	0.02754	0.04683	0.02546	0.00795	0.01142	0.00678	0.00934	0.00528	0.00370	0.00382	0.00120	0.02619	0.00322	0.02200	0.00472
19	0.00940	0.00732	0.00791	0.02626	0.03382	0.05742	0.01181	0.14506	0.22764	0.08516	0.09265	0.03843	0.14246	0.05319	0.00481	0.00135	0.00325	0.02828	0.01894	0.00487
20	0.00650	0.00482	0.00618	0.00615	0.05217	0.00467	0.00435	0.06671	0.04585	0.03028	0.60166	0.06557	0.06462	0.00726	0.00430	0.00119	0.00220	0.00637	0.00389	0.01527
21	0.00453	0.00349	0.00412	0.00461	0.00526	0.00311	0.00320	0.00530	0.00771	0.00976	0.02765	0.50458	0.36283	0.02939	0.00495	0.00146	0.00209	0.00942	0.00346	0.00308
22	0.03054	0.00716	0.00992	0.00864	0.00896	0.00959	0.00709	0.00896	0.00604	0.04982	0.00661	0.01027	0.00629	0.05095	0.15563	0.00245	0.61168	0.00350	0.00190	0.00400
23	0.00867	0.00871	0.01283	0.12518	0.10902	0.05013	0.11001	0.03149	0.05272	0.01058	0.00659	0.00927	0.00567	0.00577	0.03268	0.00155	0.40919	0.00347	0.00190	0.00459
24	0.00578	0.00431	0.00551	0.03067	0.00600	0.00481	0.00376	0.00628	0.00587	0.00803	0.01156	0.02943	0.02662	0.54520	0.15739	0.00360	0.09559	0.04456	0.00223	0.00279
25	0.01130	0.01207	0.01110	0.18203	0.05210	0.34381	0.00816	0.14890	0.02073	0.01186	0.00662	0.00837	0.00535	0.00479	0.01977	0.00126	0.14194	0.00299	0.00216	0.00469
26	0.00634	0.00432	0.00484	0.00461	0.00492	0.00443	0.00283	0.08985	0.00675	0.00902	0.01177	0.05280	0.01320	0.73711	0.01695	0.01606	0.00363	0.00540	0.00246	0.00271
27	0.00957	0.01005	0.01349	0.16068	0.40553	0.16445	0.05658	0.01152	0.00852	0.01090	0.00698	0.00988	0.00594	0.00400	0.00451	0.00118	0.08173	0.02757	0.00187	0.00506
28	0.14470	0.09095	0.08133	0.06231	0.15584	0.01820	0.07611	0.13830	0.03566	0.11060	0.00842	0.02480	0.00643	0.00395	0.00343	0.00113	0.00413	0.00327	0.02512	0.00532
29	0.02890	0.00758	0.04434	0.13091	0.16033	0.00689	0.00714	0.06802	0.02504	0.06345	0.03391	0.05032	0.00780	0.00401	0.00351	0.00097	0.01359	0.00340	0.02468	0.31523
30	0.00531	0.00387	0.00475	0.00452	0.00552	0.00349	0.00338	0.00687	0.00980	0.01372	0.57228	0.06859	0.17988	0.00782	0.00427	0.00117	0.00185	0.00681	0.06363	0.03247
31	0.11446	0.00862	0.02573	0.10852	0.09233	0.05174	0.04437	0.16376	0.07732	0.01379	0.00833	0.05147	0.00708	0.00660	0.06943	0.00163	0.14384	0.00366	0.00246	0.00483
32	0.01202	0.27721	0.01304	0.02075	0.02005	0.01951	0.02843	0.22350	0.02900	0.18150	0.00899	0.00937	0.00672	0.00472	0.02319	0.00116	0.05283	0.00308	0.05953	0.00540
33	0.00571	0.00380	0.00481	0.00488	0.00573	0.00343	0.00353	0.00689	0.00895	0.07336	0.32056	0.34182	0.18377	0.00932	0.00451	0.00132	0.00205	0.00823	0.00380	0.00349
34	0.00997	0.00931	0.05788	0.09827	0.35729	0.00898	0.13688	0.16253	0.01023	0.04793	0.02233	0.01002	0.00663	0.00375	0.00380	0.00115	0.00459	0.00357	0.03935	0.00557
35	0.00551	0.00363	0.00423	0.00423	0.00426	0.00367	0.00244	0.00548	0.00545	0.00730	0.01145	0.02337	0.01305	0.78156	0.05842	0.05225	0.00392	0.00527	0.00223	0.00229
36	0.01431	0.01043	0.01121	0.00860	0.01160	0.01152	0.00710	0.81731	0.01751	0.03875	0.00911	0.00908	0.00643	0.00451	0.00375	0.00113	0.00411	0.00339	0.00377	0.00638
37	0.00803	0.00713	0.00785	0.00586	0.00899	0.04626	0.00469	0.00984	0.02377	0.01210	0.00741	0.00948	0.00639	0.00323	0.00294	0.00064	0.00301	0.04080	0.00230	0.78930
38	0.01097	0.60226	0.01703	0.00779	0.04964	0.08534	0.00678	0.14454	0.00955	0.01151	0.00609	0.00686	0.00521	0.00350	0.00277	0.00088	0.00425	0.00235	0.01761	0.00506
39	0.81971	0.00731	0.00586	0.00514	0.00752	0.00836	0.00424	0.03656	0.00697	0.06244	0.00586	0.00655	0.00442	0.00358	0.00244	0.00116	0.00296	0.00217	0.00249	0.00426
40	0.00888	0.00835	0.02125	0.29331	0.38200	0.02335	0.03529	0.03149	0.09311	0.03085	0.00792	0.01001	0.00622	0.00381	0.00399	0.00119	0.02815	0.00345	0.00210	0.00527
41	0.00703	0.00631	0.00953	0.15534	0.14025	0.00763	0.00734	0.00832	0.00660	0.00938	0.00856	0.07961	0.00851	0.10819	0.16618	0.01293	0.24814	0.00427	0.00197	0.00394
42	0.00525	0.00363	0.00419	0.00426	0.00448	0.00352	0.00259	0.00559	0.00644	0.00857	0.09989	0.12172	0.08744	0.60995	0.01473	0.00294	0.00313	0.00639	0.00270	0.00257
43	0.01419	0.00580	0.00783	0.00622	0.00866	0.00505	0.00505	0.01568	0.01061	0.65871	0.17079	0.03163	0.03158	0.00544	0.00393	0.00117	0.00288	0.00455	0.00450	0.00572
44	0.00656	0.00410	0.00525	0.00494	0.00606	0.00370	0.00375	0.00805	0.00991	0.11717	0.50836	0.11234	0.15502	0.00807	0.00440	0.00124	0.00206	0.03122	0.00401	0.00378
45	0.17594	0.00681	0.00680	0.00599	0.00797	0.03291	0.00473	0.02840	0.29657	0.15052	0.01214	0.01201	0.00896	0.00449	0.00321	0.00112	0.00282	0.00349	0.23013	0.00499
46	0.00743	0.00636	0.00960	0.15966	0.24587	0.00689	0.00747	0.03507	0.02289	0.01987	0.13283	0.07447	0.07491	0.00671	0.04586	0.00146	0.07283	0.00476	0.06062	0.00445
47	0.49548	0.09820	0.20196	0.00717	0.01037	0.01750	0.05679	0.01140	0.00719	0.03558	0.00631	0.02622	0.00500	0.00367	0.00285	0.00114	0.00386	0.00259	0.00213	0.00458
48	0.08174	0.01203	0.01061	0.26862	0.06182	0.38659	0.00815	0.03186	0.02813	0.03622	0.00662	0.00829	0.00521	0.00393	0.00378	0.00112	0.03590	0.00285	0.00204	0.00450
49	0.03675	0.13537	0.01068	0.09703	0.09052	0.03197	0.06150	0.02276	0.00799	0.02978	0.09029	0.06738	0.06489	0.12045	0.00652	0.00154	0.07367	0.04437	0.00245	0.00410
50	0.00679	0.00410	0.00509	0.00492	0.00607	0.00362	0.00365	0.00795	0.00905	0.15306	0.23056	0.26561	0.26746	0.00886	0.00442	0.00130	0.00217	0.00771	0.00384	0.00377
51	0.00773	0.03195	0.16681	0.01222	0.05515	0.00796	0.41445	0.01033	0.00799	0.01101	0.00929	0.09084	0.00856	0.11717	0.02093	0.00165	0.00533	0.01398	0.00205	0.00459
52	0.00507	0.00387	0.00468	0.00466	0.00567	0.00349	0.00359	0.00650	0.00950	0.01259	0.42045	0.04737	0.32985	0.01688	0.00467	0.00131	0.00206	0.11064	0.00378	0.00337
53	0.00610	0.00375	0.00522	0.00515	0.00527	0.00404	0.00352	0.00557	0.00532	0.00729	0.00870	0.03434	0.00915	0.23476	0.15618	0.44598	0.05138	0.00412	0.00190	0.00225
54	0.00879	0.00920	0.05694	0.11236	0.17033	0.11499	0.03987	0.01045	0.00783	0.03608	0.02709	0.08407	0.00798	0.00557	0.01670	0.00135	0.23745	0.00396	0.04447	0.00453
55	0.01064	0.00697	0.00784	0.00681	0.00883	0.02253	0.00530	0.05056	0.39897	0.22869	0.08207	0.05612	0.03870	0.05277	0.00474	0.00137	0.00301	0.00474	0.00391	0.00543
56	0.09875	0.00671	0.00759	0.00555	0.00876	0.00537	0.00446	0.01002	0.00778	0.05207	0.00690	0.00784	0.00558	0.00294	0.00278	0.00065	0.00281	0.00228	0.00235	0.75881

[dist]
# distance from previous block
# <min> <max>
3	16

[block]
# block no. 6 follows, 73 sequences, length 45
# corresponding to MSA columns:
# 776-804,813-828
name=unknown_G
#
# <colnr> <probs for GDERKNQSTAVLIFYWHMCP>
#	G	D	E	R	K	N	Q	S	T	A	V	L	I	F	Y	W	H	M	C	P
0	0.13433	0.00619	0.00900	0.34713	0.12448	0.00696	0.00747	0.00947	0.00745	0.05949	0.01011	0.11785	0.03175	0.06222	0.04930	0.00165	0.00426	0.00439	0.00229	0.00418
1	0.00894	0.02959	0.41342	0.01157	0.03567	0.02300	0.22556	0.08076	0.05281	0.03976	0.03726	0.00975	0.00674	0.00379	0.00384	0.00119	0.00525	0.00350	0.00216	0.00544
2	0.00532	0.00371	0.00452	0.00458	0.00481	0.00381	0.00292	0.00571	0.00586	0.00789	0.01338	0.07756	0.05699	0.58202	0.20158	0.00390	0.00487	0.00561	0.00236	0.00261
3	0.05054	0.03874	0.00995	0.00806	0.01050	0.34349	0.02617	0.01629	0.07891	0.35350	0.02083	0.01012	0.00758	0.00428	0.00354	0.00108	0.00467	0.00320	0.00323	0.00532
4	0.00955	0.00689	0.00854	0.00620	0.00946	0.00550	0.03149	0.04472	0.00870	0.14850	0.00812	0.00872	0.00620	0.00316	0.00303	0.00070	0.00302	0.00259	0.00267	0.68223
5	0.00539	0.00361	0.00411	0.00418	0.00420	0.00359	0.00237	0.00544	0.00559	0.00745	0.01250	0.08909	0.01450	0.80244	0.01800	0.00348	0.00353	0.00586	0.00237	0.00233
6	0.00686	0.00516	0.00617	0.00569	0.00683	0.02393	0.00444	0.03761	0.05909	0.06274	0.41583	0.05246	0.15913	0.00765	0.00502	0.00128	0.07348	0.05898	0.00370	0.00393
7	0.00554	0.00450	0.00673	0.25279	0.03170	0.00483	0.00584	0.00689	0.00759	0.01000	0.05051	0.48155	0.04494	0.00890	0.00446	0.00143	0.00311	0.06226	0.00294	0.00349
8	0.00828	0.10971	0.13521	0.03333	0.01083	0.02189	0.01987	0.08151	0.00763	0.01076	0.00742	0.06458	0.00694	0.00872	0.12499	0.00201	0.33625	0.00365	0.00199	0.00445
9	0.00786	0.00721	0.01172	0.58950	0.13998	0.00876	0.01006	0.01026	0.02561	0.03313	0.00691	0.00983	0.00538	0.00410	0.00484	0.00128	0.11387	0.00336	0.00182	0.00451
10	0.00868	0.04638	0.05822	0.04207	0.02793	0.00741	0.01477	0.04451	0.32121	0.08760	0.22179	0.01714	0.05093	0.00621	0.02733	0.00133	0.00323	0.00471	0.00352	0.00505
11	0.00599	0.00486	0.00690	0.00650	0.00691	0.00587	0.01675	0.00692	0.00594	0.00854	0.00982	0.05404	0.01004	0.20923	0.44144	0.00431	0.18610	0.00449	0.00206	0.00328
12	0.01930	0.00772	0.05381	0.00972	0.13668	0.00777	0.00694	0.05196	0.19482	0.16679	0.03633	0.03762	0.00986	0.06735	0.07196	0.00180	0.10729	0.00409	0.00302	0.00517
13	0.59283	0.03437	0.00611	0.00516	0.00720	0.00734	0.01513	0.01047	0.02134	0.05834	0.04398	0.08514	0.06223	0.00487	0.00290	0.00118	0.00279	0.00357	0.03096	0.00407
14	0.07140	0.00760	0.00952	0.00795	0.00924	0.00912	0.00649	0.08277	0.06164	0.09392	0.00856	0.01060	0.03349	0.04744	0.00839	0.00144	0.41228	0.00344	0.00247	0.11223
15	0.00720	0.00492	0.00612	0.00567	0.00642	0.00532	0.00410	0.07993	0.03603	0.06446	0.05220	0.04647	0.01269	0.37270	0.21754	0.00343	0.05120	0.01743	0.00266	0.00349
16	0.03928	0.56438	0.08968	0.00768	0.01102	0.04505	0.07121	0.03180	0.00836	0.09130	0.00658	0.00726	0.00533	0.00344	0.00286	0.00093	0.00432	0.00248	0.00201	0.00504
17	0.00926	0.32284	0.28377	0.05389	0.06680	0.04485	0.00926	0.04769	0.05931	0.02598	0.03129	0.00872	0.01374	0.00377	0.00322	0.00104	0.00454	0.00284	0.00200	0.00518
18	0.00721	0.00542	0.00616	0.00576	0.00722	0.00558	0.00439	0.01177	0.30065	0.06757	0.22425	0.11511	0.19735	0.00744	0.00422	0.00128	0.00238	0.01797	0.00383	0.00443
19	0.00807	0.00743	0.02317	0.07285	0.09447	0.01677	0.07890	0.02672	0.36934	0.01340	0.07490	0.11533	0.06058	0.00584	0.00414	0.00127	0.01344	0.00519	0.00317	0.00502
20	0.01037	0.00829	0.00786	0.00675	0.00842	0.12901	0.00529	0.28504	0.04036	0.01551	0.00971	0.01147	0.00778	0.04180	0.06699	0.02730	0.03774	0.00343	0.27231	0.00458
21	0.00475	0.00368	0.00431	0.00444	0.00531	0.00326	0.00321	0.00586	0.00880	0.01144	0.27623	0.24003	0.38523	0.02036	0.00470	0.00133	0.00195	0.00823	0.00366	0.00324
22	0.01029	0.28543	0.16541	0.04119	0.02021	0.08262	0.00794	0.10596	0.13322	0.04991	0.00853	0.00905	0.01694	0.00403	0.00347	0.00106	0.02574	0.00295	0.02081	0.00524
23	0.00652	0.00326	0.00489	0.00489	0.00489	0.00326	0.00326	0.00489	0.00489	0.00652	0.00652	0.01140	0.00652	0.01303	0.01466	0.89084	0.00326	0.00326	0.00163	0.00163
24	0.01333	0.00996	0.01067	0.00840	0.01123	0.01108	0.00687	0.65823	0.17966	0.03569	0.01034	0.01006	0.00743	0.00462	0.00377	0.00116	0.00388	0.00356	0.00378	0.00629
25	0.05142	0.22372	0.02259	0.02314	0.07405	0.01690	0.03138	0.17657	0.01636	0.02217	0.00777	0.02824	0.00675	0.03693	0.11032	0.02326	0.03504	0.00319	0.00233	0.08787
26	0.01014	0.80140	0.01873	0.00647	0.00957	0.03886	0.00634	0.02833	0.00793	0.00930	0.00552	0.00634	0.00499	0.00329	0.00247	0.00082	0.00403	0.00209	0.02858	0.00479
27	0.02554	0.03995	0.01136	0.00847	0.01144	0.03730	0.00701	0.73985	0.01669	0.05161	0.00893	0.00893	0.00635	0.00443	0.00368	0.00111	0.00416	0.00330	0.00364	0.00623
28	0.00888	0.00880	0.01229	0.50894	0.18922	0.10845	0.03268	0.06578	0.00880	0.01109	0.00683	0.00941	0.00528	0.00372	0.00372	0.00118	0.00508	0.00326	0.00188	0.00472
29	0.00564	0.00360	0.00419	0.00436	0.00472	0.00350	0.00279	0.00620	0.00661	0.02752	0.01604	0.23236	0.07650	0.42365	0.02894	0.00251	0.00298	0.00656	0.13849	0.00283
30	0.00499	0.00353	0.00419	0.00450	0.00477	0.00336	0.00284	0.00542	0.00668	0.00879	0.05065	0.33788	0.12270	0.40963	0.01138	0.00246	0.00281	0.00775	0.00295	0.00272
31	0.00777	0.00427	0.00550	0.00520	0.00643	0.00382	0.00391	0.00901	0.00924	0.21179	0.24952	0.26954	0.14939	0.00839	0.00435	0.00129	0.00228	0.02093	0.02334	0.00402
32	0.00901	0.00658	0.00741	0.00639	0.00824	0.00695	0.00502	0.18484	0.24137	0.07416	0.29159	0.01997	0.11003	0.00628	0.00407	0.00120	0.00271	0.00528	0.00393	0.00496
33	0.48164	0.00752	0.00707	0.00611	0.00849	0.00842	0.00494	0.05498	0.23911	0.13333	0.00955	0.00937	0.00697	0.00414	0.00301	0.00119	0.00302	0.00296	0.00313	0.00503
34	0.09140	0.00985	0.01042	0.00808	0.01095	0.01086	0.00666	0.70205	0.01608	0.05745	0.00901	0.00905	0.00639	0.00442	0.00360	0.00112	0.00391	0.00328	0.02932	0.00609
35	0.00863	0.01046	0.16220	0.14826	0.54822	0.00881	0.03662	0.01130	0.00828	0.01178	0.00696	0.00918	0.00558	0.00344	0.00371	0.00115	0.00479	0.00327	0.00178	0.00557
36	0.01003	0.87041	0.01966	0.00642	0.00963	0.01485	0.00642	0.01123	0.00762	0.00883	0.00522	0.00602	0.00481	0.00321	0.00241	0.00080	0.00401	0.00201	0.00160	0.00481
37	0.00707	0.00542	0.00711	0.08240	0.06336	0.03977	0.00608	0.03235	0.02336	0.05194	0.01689	0.27489	0.01816	0.00893	0.00464	0.00150	0.00341	0.34565	0.00321	0.00387
38	0.01021	0.00838	0.00959	0.00808	0.01038	0.02754	0.05947	0.15549	0.51852	0.05300	0.08609	0.01392	0.01208	0.00505	0.00389	0.00123	0.00337	0.00427	0.00370	0.00573
39	0.01115	0.00622	0.00759	0.00643	0.00847	0.00619	0.00508	0.06983	0.21092	0.32464	0.22594	0.06151	0.01709	0.00588	0.00399	0.00121	0.00277	0.00499	0.01477	0.00534
40	0.00742	0.00664	0.01116	0.59232	0.17503	0.00778	0.00969	0.00933	0.00735	0.00968	0.00672	0.01005	0.00537	0.00489	0.00517	0.11754	0.00467	0.00333	0.00170	0.00417
41	0.00487	0.00372	0.00448	0.00456	0.00545	0.00333	0.00336	0.00612	0.00912	0.01207	0.36431	0.20269	0.31922	0.00924	0.00453	0.00130	0.00195	0.03263	0.00375	0.00330
42	0.00582	0.00400	0.00585	0.00552	0.00607	0.00413	0.03755	0.00626	0.00665	0.00920	0.16136	0.01841	0.04047	0.16677	0.25549	0.24197	0.01458	0.00470	0.00238	0.00280
43	0.25697	0.00934	0.00912	0.00736	0.01004	0.04452	0.00600	0.42226	0.10046	0.05765	0.00868	0.00877	0.00632	0.00421	0.00332	0.00113	0.00369	0.00304	0.00328	0.03382
44	0.00813	0.00477	0.00595	0.00549	0.00690	0.00439	0.00416	0.05244	0.02955	0.19482	0.17942	0.27639	0.15289	0.00818	0.00430	0.00128	0.00244	0.02015	0.00384	0.03451

[dist]
# distance from previous block
# <min> <max>
4	5

[block]
# block no. 7 follows, 73 sequences, length 21
# corresponding to MSA columns:
# 834-837,839-855
name=unknown_H
#
# <colnr> <probs for GDERKNQSTAVLIFYWHMCP>
#	G	D	E	R	K	N	Q	S	T	A	V	L	I	F	Y	W	H	M	C	P
0	0.29226	0.12076	0.02943	0.00828	0.04460	0.31552	0.00651	0.03593	0.02522	0.01229	0.00583	0.00692	0.00482	0.00389	0.00368	0.00108	0.07401	0.00242	0.00207	0.00448
1	0.03083	0.02622	0.03957	0.00510	0.00563	0.00434	0.00362	0.01699	0.00656	0.00907	0.03486	0.31430	0.01678	0.40618	0.04623	0.00263	0.01856	0.00688	0.00269	0.00295
2	0.00869	0.00670	0.05465	0.17065	0.07927	0.00631	0.03281	0.01092	0.05526	0.17525	0.10533	0.01764	0.12339	0.10044	0.00592	0.00149	0.03307	0.00470	0.00297	0.00454
3	0.00848	0.00622	0.00816	0.02790	0.05191	0.00567	0.03057	0.07510	0.02087	0.09846	0.02778	0.06107	0.07777	0.00809	0.11562	0.03551	0.00403	0.00397	0.00274	0.33009
4	0.00765	0.00634	0.00775	0.04263	0.05274	0.03170	0.00579	0.01140	0.22640	0.03546	0.06100	0.01854	0.06356	0.07889	0.12888	0.00219	0.09873	0.08265	0.03335	0.00433
5	0.01054	0.00814	0.00864	0.00740	0.00959	0.06858	0.01934	0.10885	0.39677	0.12809	0.08944	0.05744	0.01258	0.00530	0.00383	0.00118	0.00330	0.00441	0.00368	0.05290
6	0.00479	0.00336	0.00429	0.00494	0.00510	0.00319	0.00318	0.00528	0.00675	0.00900	0.01847	0.65559	0.02202	0.22567	0.00836	0.00205	0.00254	0.00936	0.00318	0.00285
7	0.30125	0.00776	0.00800	0.00655	0.00916	0.02623	0.00533	0.13103	0.13144	0.28998	0.01044	0.00993	0.00726	0.00423	0.00326	0.00115	0.00326	0.00313	0.00349	0.03713
8	0.74993	0.00756	0.00631	0.00543	0.00786	0.00860	0.00448	0.10005	0.00785	0.06461	0.00617	0.00679	0.00461	0.00366	0.00256	0.00116	0.00305	0.00228	0.00261	0.00444
9	0.00851	0.00871	0.01145	0.00984	0.00994	0.05478	0.00816	0.00934	0.00600	0.00904	0.00497	0.00813	0.00492	0.00643	0.01185	0.00161	0.81733	0.00324	0.00166	0.00412
10	0.00869	0.00793	0.01244	0.39035	0.32825	0.00882	0.01006	0.07978	0.07220	0.01229	0.00767	0.00990	0.00597	0.00374	0.00372	0.00117	0.00452	0.00338	0.00209	0.02702
11	0.07479	0.55461	0.06052	0.00767	0.01090	0.04160	0.08609	0.04136	0.02460	0.05805	0.00642	0.00719	0.00528	0.00343	0.00284	0.00094	0.00427	0.00249	0.00199	0.00497
12	0.06995	0.00828	0.12397	0.00712	0.00965	0.01803	0.00644	0.09115	0.10186	0.25469	0.07849	0.01334	0.02421	0.00921	0.16441	0.00210	0.00477	0.00387	0.00329	0.00518
13	0.00492	0.00382	0.00448	0.00431	0.00537	0.00337	0.00323	0.00633	0.00970	0.01287	0.48575	0.03161	0.39377	0.00848	0.00443	0.00122	0.00183	0.00729	0.00384	0.00337
14	0.00538	0.00403	0.00515	0.00530	0.02246	0.00379	0.00390	0.00715	0.03312	0.01316	0.48431	0.12568	0.15043	0.00885	0.02113	0.00137	0.00224	0.08174	0.01728	0.00353
15	0.48354	0.00892	0.02837	0.00666	0.02253	0.12459	0.00536	0.04094	0.02146	0.15708	0.00784	0.03843	0.00607	0.00418	0.00323	0.00116	0.02940	0.00285	0.00273	0.00464
16	0.04290	0.00587	0.00706	0.00574	0.00789	0.00561	0.00464	0.11385	0.01051	0.40898	0.05255	0.01374	0.03064	0.00477	0.00342	0.00107	0.00277	0.00383	0.26893	0.00523
17	0.00603	0.00421	0.00582	0.00538	0.00569	0.00444	0.04741	0.00616	0.00570	0.00789	0.01007	0.01901	0.01082	0.49422	0.11027	0.16294	0.05294	0.00465	0.03376	0.00258
18	0.00540	0.00363	0.00410	0.00413	0.00417	0.00360	0.00234	0.00544	0.00560	0.00744	0.01281	0.05944	0.03391	0.81240	0.01816	0.00349	0.00354	0.00573	0.00235	0.00233
19	0.01092	0.03295	0.23657	0.00855	0.01183	0.04064	0.00838	0.34350	0.09110	0.05035	0.01000	0.02773	0.00780	0.00470	0.00369	0.00117	0.00425	0.04705	0.05321	0.00562
20	0.04648	0.03871	0.19157	0.05655	0.22028	0.02963	0.06286	0.08014	0.00901	0.11091	0.00783	0.00946	0.00599	0.00411	0.00461	0.00121	0.09976	0.01321	0.00229	0.00541

[dist]
# distance from previous block
# <min> <max>
0	6

[block]
# block no. 8 follows, 73 sequences, length 23
# corresponding to MSA columns:
# 862-884
name=unknown_I
#
# <colnr> <probs for GDERKNQSTAVLIFYWHMCP>
#	G	D	E	R	K	N	Q	S	T	A	V	L	I	F	Y	W	H	M	C	P
0	0.04549	0.39325	0.01462	0.04178	0.07140	0.28201	0.00706	0.03275	0.03173	0.02994	0.00627	0.00719	0.00526	0.00359	0.00297	0.00094	0.00485	0.00244	0.01167	0.00478
1	0.04569	0.01125	0.08739	0.01110	0.01445	0.05478	0.28754	0.35333	0.06730	0.01712	0.00843	0.00939	0.00617	0.00393	0.00390	0.00118	0.00501	0.00364	0.00279	0.00563
2	0.00628	0.00928	0.27288	0.00880	0.07037	0.00587	0.03482	0.00850	0.00744	0.01057	0.01250	0.29791	0.01302	0.01079	0.15270	0.00214	0.00498	0.03436	0.00241	0.03437
3	0.00999	0.37930	0.01407	0.04373	0.07188	0.09196	0.00683	0.06974	0.17228	0.01178	0.03363	0.01036	0.03462	0.00425	0.00338	0.00103	0.02122	0.01251	0.00240	0.00504
4	0.00523	0.00377	0.00449	0.00477	0.00567	0.00338	0.00355	0.00628	0.00835	0.03995	0.09439	0.30119	0.37257	0.00986	0.00456	0.00138	0.00219	0.09732	0.02781	0.00331
5	0.00570	0.00474	0.00584	0.00581	0.00671	0.04491	0.00451	0.00717	0.02613	0.00929	0.01620	0.01993	0.18349	0.02183	0.58130	0.00451	0.00776	0.03832	0.00241	0.00342
6	0.00976	0.00818	0.00868	0.00764	0.00981	0.00937	0.00598	0.11799	0.70436	0.01663	0.04857	0.01397	0.01182	0.00513	0.00383	0.00125	0.00306	0.00424	0.00382	0.00589
7	0.00506	0.00376	0.00462	0.00453	0.00543	0.00340	0.00335	0.00651	0.00971	0.01327	0.54691	0.11676	0.22816	0.00847	0.00443	0.00123	0.00184	0.00739	0.02176	0.00340
8	0.03266	0.05338	0.01100	0.00806	0.01093	0.01102	0.00670	0.69439	0.01605	0.05106	0.00913	0.00923	0.00655	0.00441	0.00359	0.00110	0.00392	0.00330	0.05746	0.00608
9	0.00858	0.00906	0.05489	0.22907	0.45975	0.00886	0.15258	0.01114	0.00831	0.01153	0.00704	0.00954	0.00561	0.00342	0.00384	0.00118	0.00497	0.00350	0.00180	0.00533
10	0.01040	0.59828	0.03290	0.10209	0.01193	0.17095	0.00716	0.01176	0.00818	0.00904	0.00552	0.00664	0.00484	0.00340	0.00276	0.00089	0.00467	0.00225	0.00167	0.00467
11	0.81392	0.00769	0.00598	0.00527	0.00762	0.03164	0.00432	0.05013	0.00711	0.03109	0.00558	0.00636	0.00428	0.00356	0.00244	0.00115	0.00307	0.00214	0.00242	0.00422
12	0.01247	0.00641	0.00915	0.02893	0.04934	0.00612	0.05429	0.01476	0.08113	0.47286	0.05710	0.09961	0.04389	0.00565	0.00432	0.00124	0.03855	0.00481	0.00389	0.00549
13	0.00686	0.00389	0.00511	0.00521	0.00604	0.00357	0.00375	0.00796	0.00849	0.14401	0.18375	0.49237	0.02322	0.00920	0.00438	0.00134	0.00222	0.00820	0.07670	0.00371
14	0.00803	0.00586	0.00549	0.00511	0.00594	0.09894	0.00354	0.07106	0.00792	0.05033	0.01141	0.01861	0.01109	0.42032	0.01085	0.00227	0.00351	0.02685	0.22953	0.00336
15	0.00696	0.03629	0.03249	0.07149	0.02225	0.00620	0.07040	0.00971	0.10467	0.04337	0.28929	0.10085	0.10094	0.00683	0.00475	0.00127	0.05982	0.02500	0.00325	0.00418
16	0.00652	0.00326	0.00489	0.00489	0.00489	0.00326	0.00326	0.00489	0.00489	0.00652	0.00652	0.01140	0.00652	0.01303	0.01466	0.89084	0.00326	0.00326	0.00163	0.00163
17	0.02150	0.02247	0.29833	0.04185	0.11523	0.00891	0.25796	0.01288	0.08040	0.07223	0.00827	0.00965	0.00609	0.00369	0.00405	0.00122	0.02417	0.00355	0.00214	0.00543
18	0.04056	0.00540	0.02180	0.00530	0.00650	0.03390	0.00416	0.09293	0.00828	0.04256	0.01069	0.01372	0.00899	0.07507	0.23615	0.01790	0.00476	0.00367	0.36382	0.00382
19	0.04322	0.19598	0.01159	0.02363	0.11466	0.06084	0.00659	0.13074	0.15177	0.05604	0.08437	0.03176	0.03604	0.00483	0.00352	0.00110	0.00367	0.02298	0.01152	0.00514
20	0.02397	0.06292	0.05756	0.03292	0.06785	0.00738	0.00618	0.06653	0.20218	0.03331	0.03108	0.20605	0.07339	0.00659	0.00424	0.00125	0.03486	0.02794	0.00307	0.05074
21	0.02309	0.12090	0.14499	0.12703	0.14305	0.06191	0.01627	0.02749	0.04033	0.04412	0.00866	0.03050	0.00752	0.03980	0.00415	0.00121	0.00434	0.05722	0.01606	0.08136
22	0.00737	0.09060	0.02820	0.00686	0.03128	0.00607	0.06250	0.03022	0.01985	0.03093	0.05388	0.20439	0.05743	0.01785	0.03070	0.00120	0.00331	0.00503	0.00268	0.30966

[dist]
# distance from previous block
# <min> <max>
6	71

[block]
# block no. 9 follows, 73 sequences, length 12
# corresponding to MSA columns:
# 970-981
name=unknown_J
#
# <colnr> <probs for GDERKNQSTAVLIFYWHMCP>
#	G	D	E	R	K	N	Q	S	T	A	V	L	I	F	Y	W	H	M	C	P
0	0.00602	0.00490	0.03781	0.00600	0.01845	0.00454	0.00469	0.00794	0.05785	0.03744	0.22249	0.19115	0.08264	0.06387	0.10794	0.00208	0.02506	0.11217	0.00330	0.00366
1	0.07538	0.00716	0.01032	0.30165	0.15009	0.01923	0.03676	0.10821	0.00853	0.02291	0.00849	0.01196	0.02756	0.10085	0.03916	0.04445	0.01709	0.00365	0.00217	0.00439
2	0.00590	0.00363	0.00532	0.00532	0.00562	0.00393	0.00380	0.00575	0.00545	0.00756	0.00858	0.01410	0.00845	0.09896	0.38777	0.41543	0.00631	0.00380	0.00186	0.00245
3	0.08457	0.05064	0.10644	0.32478	0.16509	0.02678	0.00939	0.08710	0.05134	0.01252	0.00775	0.04353	0.00630	0.00407	0.00357	0.00118	0.00448	0.00342	0.00213	0.00492
4	0.00662	0.00605	0.00927	0.15372	0.24021	0.00609	0.04425	0.00837	0.00845	0.01110	0.06938	0.02184	0.33415	0.00629	0.00422	0.00122	0.01735	0.02338	0.02378	0.00424
5	0.00875	0.00700	0.02930	0.02917	0.07721	0.01842	0.03780	0.07300	0.22676	0.09354	0.12860	0.14541	0.04403	0.01981	0.00453	0.00131	0.02365	0.02341	0.00342	0.00488
6	0.04253	0.02568	0.13909	0.01152	0.19292	0.08949	0.03472	0.11642	0.02898	0.22857	0.02926	0.01021	0.00738	0.00407	0.00363	0.00113	0.00432	0.00335	0.02106	0.00568
7	0.00848	0.00803	0.01327	0.32801	0.48262	0.00873	0.01070	0.01144	0.07004	0.01154	0.00753	0.00990	0.00601	0.00362	0.00374	0.00118	0.00455	0.00341	0.00193	0.00529
8	0.00850	0.04452	0.01054	0.00880	0.00933	0.10358	0.00719	0.02936	0.00669	0.00927	0.00625	0.00969	0.00602	0.04291	0.15087	0.00233	0.53496	0.00334	0.00181	0.00402
9	0.00564	0.00398	0.00543	0.00573	0.03801	0.00427	0.00376	0.00619	0.00578	0.00803	0.01047	0.01872	0.01096	0.40621	0.38020	0.07068	0.00642	0.00459	0.00209	0.00284
10	0.00534	0.00365	0.00436	0.00465	0.00483	0.00362	0.00293	0.00592	0.02593	0.00854	0.01507	0.28822	0.01737	0.51799	0.01320	0.00276	0.00311	0.04617	0.02365	0.00269
11	0.01048	0.00936	0.00867	0.04123	0.03051	0.24886	0.00635	0.05901	0.06200	0.11938	0.01166	0.07034	0.01079	0.05424	0.05542	0.00168	0.05165	0.14107	0.00286	0.00444

[dist]
# distance from previous block
# <min> <max>
2	13

[block]
# block no. 10 follows, 73 sequences, length 30
# corresponding to MSA columns:
# 995-1024
name=unknown_K
#
# <colnr> <probs for GDERKNQSTAVLIFYWHMCP>
#	G	D	E	R	K	N	Q	S	T	A	V	L	I	F	Y	W	H	M	C	P
0	0.03730	0.04092	0.00836	0.00670	0.00885	0.12792	0.00532	0.07047	0.08018	0.32205	0.12781	0.06337	0.06376	0.00559	0.00380	0.00115	0.00343	0.00453	0.01339	0.00512
1	0.00939	0.06658	0.04388	0.03528	0.39122	0.12009	0.03235	0.01957	0.08164	0.01157	0.02556	0.01047	0.02842	0.00543	0.05269	0.00141	0.05370	0.00345	0.00211	0.00521
2	0.00520	0.00378	0.00493	0.00509	0.00577	0.00358	0.00370	0.00685	0.03644	0.01290	0.47920	0.33681	0.03015	0.00920	0.00457	0.00133	0.00203	0.04119	0.00385	0.00343
3	0.00920	0.00849	0.01024	0.04190	0.23376	0.05787	0.00748	0.01604	0.47632	0.01406	0.06279	0.01333	0.02242	0.00472	0.00381	0.00121	0.00357	0.00407	0.00312	0.00560
4	0.01096	0.00529	0.00613	0.00519	0.00698	0.00517	0.00413	0.08832	0.04747	0.28529	0.01291	0.01313	0.00929	0.00450	0.00315	0.00101	0.00249	0.00361	0.48016	0.00481
5	0.01444	0.00632	0.00819	0.00647	0.00900	0.00580	0.00527	0.07962	0.04351	0.60793	0.11837	0.01450	0.01245	0.00502	0.00380	0.00115	0.00301	0.00413	0.04515	0.00588
6	0.01254	0.04286	0.02018	0.02948	0.01030	0.04254	0.04284	0.09856	0.21381	0.33106	0.01266	0.01205	0.00887	0.00452	0.00361	0.00114	0.00347	0.00370	0.10014	0.00568
