[name]
unknown

[dist]
# distance from previous block
# <min> <max>
2	160

[block]
# block no. 0 follows, 93 sequences, length 28
# corresponding to MSA columns:
# 239-266
name=unknown_A
#
# <colnr> <probs for GDERKNQSTAVLIFYWHMCP>
#	G	D	E	R	K	N	Q	S	T	A	V	L	I	F	Y	W	H	M	C	P
0	0.00806	0.00723	0.02920	0.02075	0.06155	0.16848	0.02459	0.09989	0.03985	0.09522	0.05264	0.06289	0.05306	0.04358	0.09826	0.00146	0.02633	0.03565	0.00232	0.06901
1	0.01448	0.02883	0.01389	0.03492	0.09941	0.00587	0.03409	0.10245	0.12266	0.10817	0.01979	0.06929	0.07570	0.00410	0.00311	0.00088	0.01563	0.01765	0.00247	0.22662
2	0.05146	0.06829	0.14950	0.02431	0.09541	0.04725	0.03849	0.13549	0.11795	0.09636	0.05581	0.02517	0.02653	0.00405	0.02040	0.00101	0.00343	0.00301	0.00233	0.03374
3	0.00711	0.04016	0.13502	0.08355	0.21036	0.00653	0.07750	0.03077	0.10426	0.06031	0.05784	0.02186	0.01802	0.02312	0.01540	0.00108	0.00351	0.06594	0.00209	0.03560
4	0.03496	0.29603	0.09570	0.03664	0.13090	0.08612	0.05141	0.09101	0.02019	0.03507	0.00625	0.01623	0.01377	0.00315	0.00267	0.00084	0.00364	0.01884	0.01980	0.03679
5	0.00638	0.04463	0.02735	0.15755	0.03898	0.00612	0.02212	0.06527	0.00666	0.02191	0.00856	0.14197	0.03817	0.00503	0.02030	0.00105	0.14701	0.03472	0.00196	0.20425
6	0.05879	0.10384	0.11609	0.00710	0.03802	0.01804	0.02402	0.34618	0.07837	0.14984	0.02490	0.00804	0.00599	0.00350	0.00291	0.00092	0.00331	0.00271	0.00264	0.00480
7	0.01626	0.25794	0.20601	0.04124	0.03947	0.01963	0.04777	0.04926	0.02262	0.05687	0.01012	0.01054	0.14798	0.00379	0.00291	0.00088	0.01574	0.00299	0.01992	0.02805
8	0.00577	0.00532	0.03388	0.09714	0.09483	0.00531	0.04838	0.02676	0.04011	0.00897	0.04370	0.08570	0.05083	0.08009	0.12921	0.00172	0.07907	0.03964	0.00198	0.12158
9	0.00736	0.07856	0.20388	0.07564	0.40136	0.02483	0.03197	0.02335	0.00696	0.03579	0.00631	0.00830	0.00514	0.00346	0.02040	0.00101	0.00391	0.02794	0.02938	0.00445
10	0.04434	0.07312	0.02666	0.37790	0.11749	0.06272	0.02783	0.06188	0.05220	0.00946	0.00585	0.00763	0.00462	0.00362	0.02292	0.00104	0.04795	0.00259	0.00165	0.04852
11	0.00511	0.00305	0.00404	0.00398	0.00412	0.00315	0.00261	0.03000	0.00463	0.00624	0.00743	0.01375	0.00786	0.34543	0.11768	0.43052	0.00349	0.00344	0.00163	0.00183
12	0.00573	0.00616	0.04368	0.00754	0.00951	0.03122	0.32733	0.01779	0.04579	0.00980	0.12480	0.03620	0.31077	0.00516	0.00357	0.00103	0.00323	0.00488	0.00236	0.00347
13	0.00565	0.00351	0.00378	0.00360	0.00446	0.00360	0.00277	0.03765	0.05323	0.01130	0.09871	0.01543	0.13534	0.00468	0.00295	0.00085	0.03484	0.02020	0.55440	0.00305
14	0.00381	0.00299	0.00345	0.00364	0.00435	0.00263	0.00262	0.00464	0.00697	0.00891	0.17509	0.30819	0.44542	0.00816	0.00374	0.00110	0.00162	0.00709	0.00296	0.00263
15	0.00441	0.00330	0.00490	0.00490	0.00543	0.00383	0.00378	0.00548	0.00494	0.00712	0.00833	0.01243	0.00785	0.05578	0.84680	0.00489	0.00807	0.00335	0.00166	0.00272
16	0.00662	0.00548	0.00643	0.00460	0.00733	0.00413	0.00368	0.00799	0.00647	0.03547	0.00568	0.00652	0.00466	0.00233	0.00231	0.00047	0.00230	0.00187	0.00189	0.88375
17	0.00697	0.00374	0.00466	0.03861	0.00585	0.00346	0.00331	0.00829	0.02030	0.23040	0.20718	0.07064	0.19676	0.00551	0.00321	0.00095	0.00191	0.00467	0.18011	0.00346
18	0.00441	0.00331	0.00496	0.00496	0.00551	0.00386	0.00386	0.00551	0.00496	0.00717	0.00827	0.01213	0.00772	0.02316	0.87925	0.00496	0.00827	0.00331	0.00165	0.00276
19	0.00413	0.00296	0.00343	0.00364	0.00393	0.00280	0.00233	0.00448	0.00548	0.00709	0.01635	0.25904	0.19092	0.44267	0.00968	0.00207	0.00237	0.03202	0.00238	0.00223
20	0.00944	0.57601	0.01350	0.00625	0.00851	0.32530	0.00553	0.01036	0.00717	0.00737	0.00447	0.00518	0.00397	0.00284	0.00227	0.00071	0.00412	0.00177	0.00142	0.00382
21	0.02217	0.00764	0.00943	0.02704	0.30270	0.08877	0.00663	0.24154	0.02626	0.15452	0.04039	0.00940	0.04230	0.00360	0.00308	0.00093	0.00340	0.00301	0.00249	0.00471
22	0.00881	0.02382	0.01036	0.08786	0.38905	0.19237	0.00753	0.10674	0.09937	0.02178	0.00667	0.02002	0.00539	0.00324	0.00301	0.00092	0.00390	0.00274	0.00192	0.00448
23	0.00679	0.00611	0.01026	0.49746	0.34074	0.00683	0.00859	0.00871	0.00668	0.04292	0.03166	0.00854	0.00529	0.00309	0.00309	0.00098	0.00381	0.00285	0.00159	0.00404
24	0.00892	0.00723	0.00791	0.00671	0.02533	0.00803	0.00526	0.30777	0.43640	0.01464	0.00963	0.00933	0.00721	0.00384	0.00328	0.00095	0.03431	0.00303	0.00289	0.09732
25	0.00541	0.00449	0.00645	0.27135	0.01030	0.00523	0.00525	0.01830	0.00648	0.03135	0.11663	0.10392	0.14804	0.00693	0.07473	0.00140	0.13846	0.00437	0.03779	0.00313
26	0.09398	0.02340	0.00892	0.03490	0.19079	0.03179	0.05907	0.01224	0.00782	0.45207	0.01821	0.00901	0.00637	0.00336	0.00296	0.00093	0.00309	0.00286	0.01583	0.02238
27	0.01943	0.04199	0.50224	0.00932	0.04332	0.01786	0.16913	0.04140	0.07911	0.01026	0.00640	0.00767	0.00482	0.02952	0.00343	0.00104	0.00432	0.00271	0.00161	0.00442

[dist]
# distance from previous block
# <min> <max>
0	2

[block]
# block no. 1 follows, 93 sequences, length 24
# corresponding to MSA columns:
# 269-292
name=unknown_B
#
# <colnr> <probs for GDERKNQSTAVLIFYWHMCP>
#	G	D	E	R	K	N	Q	S	T	A	V	L	I	F	Y	W	H	M	C	P
0	0.00583	0.00549	0.00926	0.88406	0.02127	0.00686	0.00858	0.00789	0.00617	0.00789	0.00549	0.00823	0.00412	0.00309	0.00309	0.00103	0.00412	0.00274	0.00137	0.00343
1	0.00616	0.00576	0.00971	0.64326	0.19287	0.00674	0.02005	0.00813	0.00641	0.00847	0.00637	0.00918	0.02012	0.00323	0.00311	0.00101	0.00391	0.02270	0.01910	0.00370
2	0.00428	0.00311	0.00381	0.00374	0.00450	0.00281	0.00276	0.00545	0.00790	0.02219	0.51899	0.12876	0.24111	0.00699	0.00363	0.00102	0.00154	0.00610	0.02849	0.00282
3	0.06986	0.00679	0.02445	0.00594	0.02106	0.03420	0.04269	0.19226	0.02207	0.09742	0.00671	0.00720	0.00507	0.00290	0.00263	0.00071	0.00285	0.00231	0.02229	0.43058
4	0.00681	0.00602	0.02392	0.11231	0.39912	0.00601	0.02495	0.03469	0.04012	0.04962	0.05749	0.06798	0.08543	0.00512	0.04424	0.00118	0.00343	0.02539	0.00207	0.00411
5	0.00774	0.13712	0.42330	0.00877	0.08084	0.03568	0.05559	0.09464	0.04514	0.05083	0.00668	0.01752	0.01629	0.00318	0.00290	0.00093	0.00401	0.00257	0.00176	0.00452
6	0.00617	0.01436	0.02964	0.05237	0.37328	0.01772	0.02410	0.02265	0.00663	0.00922	0.03898	0.22167	0.02395	0.02203	0.06161	0.00133	0.04347	0.01265	0.01437	0.00379
7	0.06366	0.00530	0.00653	0.00515	0.00723	0.00500	0.00422	0.11744	0.00892	0.56957	0.01078	0.00999	0.00715	0.00371	0.00287	0.00091	0.00250	0.00294	0.16140	0.00473
8	0.00463	0.00337	0.00421	0.00398	0.00477	0.00317	0.00298	0.04566	0.00859	0.01198	0.66900	0.08915	0.10386	0.00653	0.00361	0.00099	0.00158	0.00572	0.02326	0.00296
9	0.00693	0.15865	0.46293	0.03080	0.06633	0.00737	0.02025	0.02363	0.00655	0.04172	0.00585	0.02392	0.00462	0.00354	0.00340	0.06269	0.00387	0.00240	0.00152	0.06303
10	0.01030	0.08623	0.00876	0.00729	0.02273	0.63261	0.00546	0.04638	0.00811	0.00779	0.00515	0.00667	0.00451	0.04542	0.00421	0.08630	0.00487	0.00219	0.00162	0.00341
11	0.00640	0.00549	0.00640	0.00457	0.00732	0.00412	0.00366	0.00777	0.00640	0.01006	0.00549	0.00640	0.00457	0.00229	0.00229	0.00046	0.00229	0.00183	0.00183	0.91036
12	0.00610	0.00502	0.00573	0.00572	0.02685	0.01645	0.00417	0.06906	0.32983	0.01076	0.03160	0.36542	0.05149	0.00665	0.00372	0.00113	0.02816	0.02554	0.00290	0.00371
13	0.01972	0.00547	0.00739	0.00591	0.00773	0.00547	0.04459	0.09269	0.03054	0.45495	0.02964	0.02329	0.00767	0.02352	0.06229	0.00129	0.08729	0.00320	0.07047	0.01686
14	0.01549	0.00682	0.03006	0.16294	0.20317	0.00691	0.19677	0.07512	0.10394	0.04316	0.02954	0.05073	0.01880	0.00420	0.02895	0.00113	0.00385	0.01217	0.00204	0.00422
15	0.02802	0.10466	0.47770	0.00756	0.01077	0.03450	0.02357	0.01050	0.16130	0.00978	0.00688	0.03028	0.00541	0.00374	0.00352	0.04351	0.02971	0.00263	0.00171	0.00425
16	0.00379	0.00315	0.00333	0.00340	0.00437	0.00269	0.00259	0.00464	0.00708	0.00858	0.06960	0.06007	0.73751	0.00787	0.00370	0.00107	0.00166	0.06938	0.00289	0.00264
17	0.00881	0.00543	0.00828	0.19607	0.03330	0.00554	0.08789	0.05896	0.02816	0.30394	0.09461	0.07680	0.00947	0.01557	0.01551	0.00109	0.02514	0.00374	0.01754	0.00414
18	0.01683	0.66049	0.05373	0.00624	0.04851	0.02890	0.01827	0.00909	0.00642	0.02510	0.00597	0.03264	0.02740	0.00325	0.00250	0.00077	0.02623	0.02221	0.00152	0.00393
19	0.00913	0.00427	0.00557	0.00463	0.00626	0.00377	0.00369	0.01047	0.02215	0.44848	0.30455	0.01745	0.13588	0.00523	0.00336	0.00097	0.00208	0.00443	0.00353	0.00409
20	0.00564	0.00324	0.00391	0.00390	0.00465	0.00310	0.00288	0.01892	0.02061	0.08384	0.18709	0.27516	0.02745	0.00614	0.00316	0.00098	0.00172	0.02267	0.32192	0.00304
21	0.11974	0.00648	0.00907	0.17644	0.05616	0.02134	0.12405	0.13630	0.07842	0.11128	0.04335	0.03991	0.00712	0.01826	0.00345	0.00104	0.02151	0.01965	0.00233	0.00411
22	0.00915	0.03025	0.04475	0.19053	0.04767	0.05413	0.07007	0.12179	0.02233	0.23676	0.04072	0.02377	0.00708	0.00463	0.04223	0.00116	0.01870	0.02757	0.00245	0.00427
23	0.00613	0.00397	0.00530	0.00528	0.02829	0.01565	0.03162	0.04003	0.02848	0.14229	0.11561	0.47880	0.04743	0.00781	0.02699	0.00123	0.00234	0.00652	0.00296	0.00328

[dist]
# distance from previous block
# <min> <max>
0	6

[block]
# block no. 2 follows, 93 sequences, length 6
# corresponding to MSA columns:
# 299-304
name=unknown_C
#
# <colnr> <probs for GDERKNQSTAVLIFYWHMCP>
#	G	D	E	R	K	N	Q	S	T	A	V	L	I	F	Y	W	H	M	C	P
0	0.57213	0.03641	0.04548	0.05318	0.03432	0.08227	0.03936	0.03673	0.03453	0.03363	0.00515	0.00594	0.00395	0.00298	0.00231	0.00094	0.00307	0.00203	0.00191	0.00368
1	0.00400	0.00288	0.00371	0.00418	0.00451	0.00273	0.00290	0.00465	0.00612	0.00812	0.08127	0.55005	0.09621	0.11259	0.03645	0.00156	0.00220	0.07063	0.00275	0.00251
2	0.02775	0.06635	0.04145	0.06726	0.14175	0.16413	0.07642	0.05807	0.03266	0.02368	0.02985	0.06571	0.01959	0.00350	0.00290	0.00085	0.00361	0.00296	0.00190	0.16960
3	0.00630	0.00409	0.00482	0.00439	0.00551	0.00411	0.00339	0.06769	0.10275	0.08094	0.25816	0.04303	0.07286	0.02914	0.06557	0.00127	0.00239	0.02902	0.18941	0.02515
4	0.13597	0.00439	0.03870	0.00523	0.05254	0.00407	0.01851	0.00636	0.00669	0.02824	0.21858	0.20583	0.12194	0.06698	0.03051	0.00131	0.01870	0.02983	0.00259	0.00302
5	0.00452	0.00347	0.00484	0.00469	0.00520	0.00347	0.04816	0.00535	0.00628	0.00854	0.19491	0.24317	0.06160	0.23204	0.04880	0.00181	0.04341	0.07462	0.00253	0.00260

[dist]
# distance from previous block
# <min> <max>
2	5

[block]
# block no. 3 follows, 93 sequences, length 8
# corresponding to MSA columns:
# 311-318
name=unknown_D
#
# <colnr> <probs for GDERKNQSTAVLIFYWHMCP>
#	G	D	E	R	K	N	Q	S	T	A	V	L	I	F	Y	W	H	M	C	P
0	0.00773	0.00730	0.01220	0.06633	0.78461	0.00742	0.00926	0.04938	0.00733	0.01041	0.00587	0.00766	0.00486	0.00281	0.00306	0.00092	0.00368	0.00275	0.00159	0.00483
1	0.00589	0.00462	0.00651	0.02552	0.05619	0.00473	0.07862	0.02172	0.15644	0.02379	0.09077	0.12947	0.03718	0.03025	0.00385	0.00116	0.00261	0.21127	0.10599	0.00345
2	0.00565	0.00513	0.00734	0.00663	0.00689	0.00682	0.00539	0.00653	0.00484	0.00731	0.00604	0.00929	0.00578	0.01376	0.41931	0.00305	0.47268	0.00299	0.00149	0.00309
3	0.00720	0.00585	0.00664	0.00491	0.00746	0.00498	0.00394	0.13348	0.03902	0.01163	0.00629	0.00703	0.00504	0.00264	0.00243	0.00056	0.00241	0.00209	0.05352	0.69288
4	0.00693	0.00600	0.01049	0.52774	0.15282	0.00668	0.11397	0.00889	0.00667	0.08576	0.00667	0.04199	0.00525	0.00329	0.00319	0.00101	0.00396	0.00312	0.00170	0.00388
5	0.00752	0.41695	0.42075	0.00713	0.01060	0.07178	0.00822	0.00972	0.00657	0.00847	0.00492	0.00574	0.00394	0.00282	0.00249	0.00082	0.00406	0.00197	0.00133	0.00422
6	0.02829	0.00455	0.00563	0.08508	0.02932	0.05371	0.01727	0.06595	0.00580	0.00784	0.02900	0.02696	0.00664	0.10126	0.00867	0.43809	0.00301	0.00299	0.02406	0.05587
7	0.10582	0.06654	0.15495	0.00676	0.00915	0.22646	0.00617	0.19366	0.00892	0.10523	0.04214	0.00758	0.00578	0.00429	0.04247	0.00108	0.00408	0.00248	0.00220	0.00422

[dist]
# distance from previous block
# <min> <max>
0	5

[block]
# block no. 4 follows, 93 sequences, length 9
# corresponding to MSA columns:
# 324-332
name=unknown_E
#
# <colnr> <probs for GDERKNQSTAVLIFYWHMCP>
#	G	D	E	R	K	N	Q	S	T	A	V	L	I	F	Y	W	H	M	C	P
0	0.00880	0.00943	0.00706	0.00651	0.00773	0.43890	0.00496	0.05717	0.02770	0.03073	0.03075	0.01088	0.00723	0.07114	0.16603	0.00180	0.01943	0.06080	0.02957	0.00338
1	0.00633	0.00568	0.00849	0.25039	0.13702	0.00542	0.05235	0.00785	0.00636	0.00913	0.00630	0.00803	0.02917	0.00325	0.00331	0.05438	0.00315	0.00250	0.00165	0.39924
2	0.81644	0.00598	0.00480	0.00424	0.00610	0.00689	0.00347	0.06073	0.00576	0.01380	0.00454	0.00536	0.00355	0.00328	0.00245	0.04302	0.00246	0.00179	0.00196	0.00337
3	0.00583	0.00549	0.00926	0.88406	0.02127	0.00686	0.00858	0.00789	0.00617	0.00789	0.00549	0.00823	0.00412	0.00309	0.00309	0.00103	0.00412	0.00274	0.00137	0.00343
4	0.00419	0.00312	0.00390	0.00376	0.00452	0.00283	0.00280	0.00546	0.00824	0.01132	0.65416	0.07548	0.19521	0.00681	0.00366	0.00100	0.00150	0.00596	0.00326	0.00283
5	0.00610	0.00654	0.07652	0.70163	0.13369	0.00695	0.00891	0.00825	0.00631	0.00833	0.00553	0.00802	0.00420	0.00303	0.00307	0.00101	0.00409	0.00271	0.00139	0.00371
6	0.00430	0.00316	0.00405	0.00395	0.00469	0.00291	0.00300	0.00564	0.00829	0.01146	0.66622	0.05996	0.13205	0.00681	0.00370	0.00103	0.00159	0.07109	0.00327	0.00285
7	0.02608	0.00697	0.02461	0.04633	0.03249	0.05486	0.39551	0.00847	0.00684	0.02643	0.07429	0.11936	0.00891	0.04033	0.00473	0.00116	0.09850	0.01858	0.00192	0.00363
8	0.00396	0.00281	0.00361	0.00413	0.00440	0.00264	0.00279	0.00447	0.00595	0.00786	0.04894	0.62210	0.09348	0.10839	0.00548	0.02857	0.00196	0.04329	0.00273	0.00244

[dist]
# distance from previous block
# <min> <max>
3	18

[block]
# block no. 5 follows, 93 sequences, length 17
# corresponding to MSA columns:
# 354-370
name=unknown_F
#
# <colnr> <probs for GDERKNQSTAVLIFYWHMCP>
#	G	D	E	R	K	N	Q	S	T	A	V	L	I	F	Y	W	H	M	C	P
0	0.00677	0.08851	0.07599	0.21182	0.23904	0.00768	0.05767	0.00888	0.05179	0.00885	0.00618	0.00874	0.00525	0.01932	0.04060	0.00122	0.12921	0.02694	0.00157	0.00399
1	0.01941	0.05181	0.03062	0.00878	0.07075	0.00783	0.18791	0.23507	0.00869	0.08947	0.02367	0.02398	0.02109	0.01427	0.03034	0.01197	0.14053	0.01731	0.00222	0.00427
2	0.00390	0.00284	0.00368	0.00410	0.00449	0.00262	0.00284	0.00468	0.00670	0.00902	0.22737	0.60779	0.09115	0.00870	0.00384	0.00117	0.00169	0.00781	0.00300	0.00262
3	0.00440	0.00319	0.00424	0.00463	0.00505	0.00323	0.00350	0.00521	0.00593	0.00787	0.01489	0.27035	0.07125	0.16810	0.14355	0.00218	0.01601	0.26140	0.00247	0.00255
4	0.00645	0.03934	0.07314	0.09579	0.15854	0.08449	0.02622	0.04307	0.02696	0.02198	0.03473	0.16066	0.13491	0.04153	0.00374	0.00107	0.00313	0.00437	0.03630	0.00358
5	0.00631	0.01988	0.04120	0.03299	0.04883	0.01569	0.03089	0.01537	0.03183	0.09220	0.03418	0.14757	0.02283	0.03345	0.18173	0.00198	0.14025	0.09720	0.00222	0.00340
6	0.00468	0.00322	0.00376	0.00368	0.00459	0.00283	0.00274	0.00566	0.00746	0.07278	0.26025	0.15343	0.42048	0.00725	0.00360	0.00104	0.00164	0.00623	0.03182	0.00288
7	0.25825	0.00543	0.00595	0.00486	0.00683	0.00550	0.00397	0.09441	0.03391	0.38609	0.02261	0.00908	0.00666	0.00356	0.00264	0.00092	0.00243	0.00270	0.13987	0.00432
8	0.00674	0.06308	0.40112	0.02656	0.16272	0.00725	0.12019	0.03382	0.04257	0.00987	0.02090	0.03425	0.00573	0.04750	0.00369	0.00107	0.00407	0.00294	0.00162	0.00432
9	0.00607	0.00503	0.01645	0.03296	0.02576	0.01657	0.08672	0.05723	0.08063	0.03381	0.03572	0.07011	0.01063	0.07642	0.22118	0.00224	0.04788	0.16898	0.00226	0.00336
10	0.00385	0.00300	0.00352	0.00386	0.00453	0.00267	0.00283	0.00462	0.00665	0.00837	0.04813	0.36706	0.42855	0.00857	0.00382	0.00116	0.00178	0.09155	0.00288	0.00260
11	0.03320	0.00642	0.00969	0.09099	0.13821	0.02095	0.16146	0.03909	0.00698	0.01022	0.03697	0.03371	0.00592	0.00297	0.00294	0.00078	0.01350	0.00276	0.00182	0.38141
12	0.04963	0.02239	0.13001	0.04626	0.29331	0.00633	0.06166	0.03275	0.01963	0.10060	0.03263	0.05462	0.03445	0.00373	0.00315	0.00095	0.01249	0.02875	0.00204	0.06462
13	0.00581	0.00579	0.01796	0.05746	0.00722	0.13164	0.00472	0.00663	0.00631	0.00808	0.06310	0.39461	0.03428	0.00698	0.00513	0.00118	0.20767	0.03020	0.00225	0.00298
14	0.00713	0.04810	0.03555	0.03587	0.36637	0.03171	0.03387	0.00879	0.00675	0.00985	0.00574	0.00713	0.00475	0.00262	0.00269	0.00073	0.00318	0.00234	0.03510	0.35171
15	0.04155	0.00666	0.00726	0.00649	0.03555	0.00739	0.00496	0.15568	0.53431	0.02514	0.01066	0.01031	0.01894	0.00479	0.04375	0.00115	0.00289	0.00318	0.00287	0.07647
16	0.04005	0.02812	0.05811	0.40675	0.02552	0.00706	0.02252	0.03548	0.25521	0.01035	0.05885	0.01018	0.00737	0.00366	0.00309	0.00102	0.00339	0.01722	0.00210	0.00397

[dist]
# distance from previous block
# <min> <max>
3	194

# created by:
# /home/simao/soft/augustus-3.0.3/scripts/msa2prfl.pl ./prep/96385.aln
