[name]
unknown

[dist]
# distance from previous block
# <min> <max>
2	110

[block]
# block no. 0 follows, 88 sequences, length 75
# corresponding to MSA columns:
# 126-200
name=unknown_A
#
# <colnr> <probs for GDERKNQSTAVLIFYWHMCP>
#	G	D	E	R	K	N	Q	S	T	A	V	L	I	F	Y	W	H	M	C	P
0	0.00550	0.00473	0.00673	0.00625	0.00665	0.00604	0.00500	0.00661	0.02078	0.00777	0.00795	0.03553	0.02274	0.02707	0.50389	0.00358	0.30709	0.00348	0.00949	0.00313
1	0.00701	0.08481	0.73932	0.00871	0.01312	0.02792	0.01092	0.01044	0.01701	0.03484	0.00621	0.00708	0.01229	0.00314	0.00300	0.00099	0.00458	0.00241	0.00149	0.00471
2	0.01938	0.00763	0.00757	0.00670	0.00857	0.06919	0.00523	0.08406	0.69692	0.02917	0.02194	0.01131	0.00924	0.00427	0.00325	0.00106	0.00286	0.00348	0.00317	0.00501
3	0.12157	0.00846	0.02737	0.01184	0.03368	0.02369	0.62107	0.02995	0.00746	0.03251	0.00631	0.00814	0.00477	0.00297	0.00383	0.00108	0.04586	0.00340	0.00176	0.00428
4	0.00885	0.00717	0.00993	0.00799	0.01016	0.02153	0.19378	0.09868	0.39614	0.11190	0.03332	0.05084	0.00924	0.00431	0.00346	0.00108	0.00333	0.02053	0.00296	0.00480
5	0.00466	0.03503	0.10353	0.00548	0.02176	0.00391	0.03550	0.00585	0.00677	0.00894	0.05349	0.45197	0.19167	0.00806	0.00385	0.00119	0.00242	0.05011	0.00270	0.00309
6	0.00451	0.00331	0.00412	0.00392	0.00474	0.00299	0.00292	0.00584	0.00865	0.02023	0.65857	0.04103	0.19671	0.02329	0.00405	0.00108	0.00159	0.00605	0.00341	0.00298
7	0.00774	0.00741	0.01264	0.13804	0.75014	0.00761	0.00979	0.00969	0.00723	0.01024	0.00603	0.00808	0.00501	0.00293	0.00320	0.00098	0.00390	0.00288	0.00158	0.00491
8	0.00992	0.04502	0.00872	0.02785	0.00937	0.01614	0.00562	0.34283	0.43869	0.04488	0.01042	0.00992	0.00768	0.00407	0.00321	0.00102	0.00306	0.00324	0.00315	0.00519
9	0.00450	0.00317	0.00351	0.00351	0.00377	0.00307	0.00212	0.00471	0.00530	0.00684	0.01514	0.02314	0.20081	0.67009	0.03519	0.00273	0.00294	0.00514	0.00218	0.00215
10	0.00684	0.05574	0.68155	0.00931	0.01363	0.00786	0.09714	0.02271	0.03288	0.01034	0.00604	0.00711	0.00438	0.00310	0.00321	0.00101	0.01700	0.00255	0.00149	0.01610
11	0.00474	0.00338	0.00434	0.00419	0.00497	0.00312	0.00310	0.00621	0.02435	0.02899	0.64289	0.16042	0.06653	0.00707	0.00381	0.00106	0.00164	0.00626	0.00342	0.01952
12	0.00770	0.00528	0.00542	0.00492	0.00630	0.02566	0.00381	0.04014	0.36240	0.06229	0.01153	0.01170	0.00873	0.00403	0.00279	0.00092	0.00218	0.00327	0.42681	0.00413
13	0.02500	0.58784	0.22007	0.00657	0.00971	0.05801	0.00705	0.01022	0.03402	0.00856	0.00511	0.00583	0.00430	0.00292	0.00239	0.00080	0.00385	0.00197	0.00147	0.00429
14	0.00526	0.00383	0.00493	0.00484	0.00563	0.00376	0.01919	0.03913	0.09201	0.03452	0.34194	0.38516	0.03188	0.00764	0.00385	0.00115	0.00196	0.00683	0.00325	0.00325
15	0.00670	0.00574	0.00670	0.00479	0.00766	0.00431	0.00383	0.00813	0.00670	0.01053	0.00574	0.00670	0.00479	0.00239	0.00239	0.00048	0.00239	0.00191	0.00191	0.90621
16	0.00452	0.00329	0.00426	0.00404	0.00480	0.00302	0.00302	0.00599	0.00898	0.01264	0.80426	0.04930	0.06620	0.00677	0.00382	0.00103	0.00154	0.00598	0.00352	0.00302
17	0.00610	0.00574	0.00969	0.87870	0.02225	0.00718	0.00897	0.00825	0.00646	0.00825	0.00574	0.00861	0.00431	0.00323	0.00323	0.00108	0.00431	0.00287	0.00144	0.00359
18	0.01220	0.00533	0.00677	0.00540	0.00752	0.00495	0.00439	0.06211	0.07187	0.59031	0.03776	0.01146	0.00872	0.00406	0.00310	0.00096	0.00254	0.00330	0.15225	0.00499
19	0.32523	0.00556	0.00614	0.00503	0.00712	0.00555	0.00411	0.03068	0.01848	0.42997	0.10104	0.01037	0.00881	0.00393	0.00285	0.00100	0.00252	0.00300	0.02415	0.00448
20	0.00734	0.00679	0.01148	0.36345	0.49555	0.00734	0.00932	0.00933	0.00707	0.02960	0.01863	0.00855	0.00523	0.00310	0.00322	0.00101	0.00397	0.00293	0.00162	0.00448
21	0.00470	0.00314	0.00358	0.00358	0.00360	0.00316	0.00203	0.00473	0.00471	0.00631	0.01013	0.02085	0.01162	0.85709	0.04565	0.00320	0.00332	0.00466	0.00195	0.00199
22	0.00425	0.00328	0.00378	0.00366	0.00458	0.00289	0.00274	0.00543	0.00823	0.01090	0.44354	0.02716	0.43043	0.00729	0.00377	0.00105	0.00158	0.00624	0.02631	0.00289
23	0.01209	0.00550	0.00719	0.00549	0.00800	0.00464	0.00449	0.01354	0.02440	0.60987	0.03288	0.01067	0.00798	0.00375	0.00307	0.00088	0.00263	0.01502	0.00345	0.22445
24	0.00610	0.00574	0.00969	0.87870	0.02225	0.00718	0.00897	0.00825	0.00646	0.00825	0.00574	0.00861	0.00431	0.00323	0.00323	0.00108	0.00431	0.00287	0.00144	0.00359
25	0.00800	0.00768	0.01311	0.01983	0.86631	0.00768	0.00991	0.00991	0.00736	0.01055	0.00608	0.00800	0.00512	0.00288	0.00320	0.00096	0.00384	0.00288	0.00160	0.00512
26	0.01193	0.01467	0.00922	0.00826	0.00994	0.78329	0.00626	0.07541	0.00948	0.00883	0.00518	0.00601	0.00426	0.00344	0.00317	0.00086	0.03198	0.00216	0.00177	0.00387
27	0.00561	0.00281	0.00421	0.00421	0.00421	0.00281	0.00281	0.00421	0.00421	0.00561	0.00561	0.00982	0.00561	0.01122	0.01263	0.90600	0.00281	0.00281	0.00140	0.00140
28	0.00430	0.00331	0.00376	0.00367	0.00447	0.00299	0.00264	0.00537	0.02005	0.00998	0.33744	0.03469	0.40158	0.14484	0.00578	0.00138	0.00184	0.00610	0.00305	0.00276
29	0.00429	0.00327	0.00395	0.00383	0.00467	0.00292	0.00285	0.00553	0.00840	0.01132	0.54656	0.07242	0.30362	0.00731	0.00383	0.00106	0.00158	0.00634	0.00334	0.00292
30	0.00798	0.00540	0.00607	0.00538	0.00691	0.00578	0.00419	0.05157	0.38520	0.12540	0.17551	0.03432	0.01337	0.00477	0.00323	0.00101	0.00224	0.00401	0.15328	0.00438
31	0.88468	0.00623	0.00482	0.00429	0.00630	0.00718	0.00353	0.00967	0.00560	0.03797	0.00473	0.00541	0.00362	0.00303	0.00203	0.00100	0.00251	0.00179	0.00205	0.00355
32	0.01245	0.00824	0.00910	0.00700	0.00951	0.00888	0.00577	0.68327	0.01389	0.16560	0.00870	0.00845	0.00602	0.00390	0.00320	0.00097	0.00335	0.00297	0.03332	0.00541
33	0.00864	0.88841	0.01693	0.00553	0.00829	0.01278	0.00553	0.00967	0.00656	0.00760	0.00449	0.00518	0.00415	0.00276	0.00207	0.00069	0.00345	0.00173	0.00138	0.00415
34	0.00864	0.88841	0.01693	0.00553	0.00829	0.01278	0.00553	0.00967	0.00656	0.00760	0.00449	0.00518	0.00415	0.00276	0.00207	0.00069	0.00345	0.00173	0.00138	0.00415
35	0.00521	0.00376	0.00459	0.00487	0.00532	0.01973	0.00370	0.02216	0.00627	0.00819	0.01320	0.02740	0.01453	0.41459	0.04139	0.00236	0.00332	0.39441	0.00244	0.00256
36	0.00737	0.00805	0.01576	0.06264	0.07362	0.02992	0.57820	0.00967	0.01463	0.00982	0.00746	0.02599	0.03033	0.01923	0.00453	0.00115	0.07989	0.01589	0.00171	0.00414
37	0.00405	0.00312	0.00370	0.00390	0.00459	0.00277	0.00279	0.00496	0.00741	0.00964	0.23995	0.32187	0.36273	0.00844	0.00392	0.00115	0.00169	0.00738	0.00314	0.00277
38	0.00610	0.00574	0.00969	0.87870	0.02225	0.00718	0.00897	0.00825	0.00646	0.00825	0.00574	0.00861	0.00431	0.00323	0.00323	0.00108	0.00431	0.00287	0.00144	0.00359
39	0.00484	0.00337	0.00436	0.00407	0.00491	0.00308	0.00307	0.00631	0.00905	0.03929	0.79134	0.02412	0.07675	0.00661	0.00379	0.00102	0.00157	0.00582	0.00354	0.00311
40	0.00465	0.00324	0.00406	0.00406	0.00427	0.00341	0.00264	0.00504	0.00492	0.00672	0.01025	0.01867	0.03201	0.58641	0.29249	0.00374	0.00487	0.00435	0.00191	0.00228
41	0.01207	0.01540	0.00916	0.00832	0.00999	0.87349	0.00624	0.01290	0.00916	0.00791	0.00499	0.00583	0.00416	0.00333	0.00291	0.00083	0.00583	0.00208	0.00166	0.00375
42	0.00459	0.00345	0.00513	0.00513	0.00572	0.00399	0.00398	0.00573	0.00527	0.00754	0.00947	0.01332	0.03727	0.02368	0.84403	0.00505	0.00841	0.00358	0.00177	0.00288
43	0.01208	0.01518	0.00917	0.00829	0.00999	0.84408	0.00624	0.04161	0.00936	0.00833	0.00509	0.00589	0.00421	0.00335	0.00292	0.00084	0.00575	0.00211	0.00172	0.00380
44	0.00804	0.00694	0.00731	0.00657	0.00840	0.00804	0.00511	0.01717	0.86047	0.01351	0.01315	0.01205	0.00986	0.00438	0.00329	0.00110	0.00256	0.00365	0.00329	0.00511
45	0.24542	0.00509	0.00548	0.00522	0.00628	0.00564	0.00396	0.15047	0.00744	0.01192	0.01158	0.43807	0.01268	0.00685	0.00389	0.00118	0.06709	0.00568	0.00266	0.00341
46	0.00691	0.03673	0.80897	0.00896	0.01358	0.00750	0.01145	0.01048	0.00693	0.05063	0.00609	0.00698	0.00428	0.00311	0.00305	0.00101	0.00465	0.00241	0.00149	0.00479
47	0.00724	0.00690	0.01174	0.36409	0.52799	0.00748	0.00954	0.00925	0.00700	0.00963	0.00594	0.00824	0.00479	0.00302	0.00321	0.00101	0.00403	0.00288	0.00153	0.00450
48	0.00465	0.00381	0.02918	0.00412	0.00512	0.00325	0.00324	0.01649	0.02131	0.02026	0.55737	0.06165	0.24360	0.00697	0.00378	0.00105	0.00171	0.00604	0.00332	0.00308
49	0.00868	0.00656	0.00849	0.00742	0.03015	0.02311	0.02116	0.02328	0.18743	0.18236	0.07085	0.01093	0.03485	0.00501	0.00633	0.00119	0.36191	0.00343	0.00257	0.00429
50	0.02280	0.10777	0.02263	0.00825	0.01074	0.02021	0.22610	0.20520	0.04015	0.17012	0.00934	0.02262	0.00755	0.00416	0.00339	0.00105	0.00379	0.10684	0.00265	0.00462
51	0.00466	0.00313	0.00354	0.00356	0.00359	0.00312	0.00201	0.00470	0.00479	0.00637	0.01076	0.04293	0.02741	0.83970	0.02467	0.00307	0.00313	0.00484	0.00200	0.00200
52	0.00650	0.03837	0.83222	0.00902	0.01367	0.00755	0.01161	0.01014	0.00686	0.01022	0.02171	0.00710	0.00458	0.00313	0.00306	0.00101	0.00468	0.00243	0.00141	0.00473
53	0.01437	0.00553	0.00749	0.00576	0.00825	0.00481	0.00476	0.01577	0.02560	0.85212	0.01275	0.01102	0.00803	0.00401	0.00325	0.00100	0.00275	0.00326	0.00398	0.00549
54	0.00707	0.00707	0.00990	0.00848	0.00848	0.00990	0.00707	0.00777	0.00495	0.00777	0.00424	0.00707	0.00424	0.00565	0.01060	0.00141	0.88055	0.00283	0.00141	0.00353
55	0.00925	0.00727	0.00806	0.00603	0.00874	0.00700	0.00491	0.38842	0.03981	0.01504	0.00690	0.00736	0.00528	0.00313	0.00280	0.00072	0.00292	0.00242	0.00255	0.47140
56	0.00864	0.88841	0.01693	0.00553	0.00829	0.01278	0.00553	0.00967	0.00656	0.00760	0.00449	0.00518	0.00415	0.00276	0.00207	0.00069	0.00345	0.00173	0.00138	0.00415
57	0.00462	0.00346	0.00519	0.00519	0.00577	0.00404	0.00404	0.00577	0.00519	0.00750	0.00865	0.01269	0.00808	0.02423	0.87366	0.00519	0.00865	0.00346	0.00173	0.00288
58	0.00394	0.00323	0.00347	0.00351	0.00446	0.00276	0.00259	0.00484	0.00751	0.00930	0.15375	0.11223	0.66091	0.00814	0.00385	0.00110	0.00164	0.00690	0.00308	0.00276
59	0.00610	0.00574	0.00969	0.87870	0.02225	0.00718	0.00897	0.00825	0.00646	0.00825	0.00574	0.00861	0.00431	0.00323	0.00323	0.00108	0.00431	0.00287	0.00144	0.00359
60	0.00960	0.00567	0.00624	0.00512	0.00682	0.00592	0.00412	0.32930	0.01039	0.14147	0.03450	0.01062	0.00783	0.00392	0.00282	0.00088	0.00246	0.00309	0.40493	0.00432
61	0.00384	0.00318	0.00337	0.00352	0.00443	0.00271	0.00257	0.00461	0.00712	0.00863	0.02967	0.20579	0.69227	0.00858	0.00388	0.00114	0.00169	0.00730	0.00300	0.00271
62	0.01155	0.00519	0.00673	0.00545	0.00749	0.00475	0.00439	0.02282	0.09906	0.57783	0.15062	0.02953	0.04251	0.00471	0.00337	0.00102	0.00247	0.00394	0.01167	0.00489
63	0.00454	0.00330	0.00428	0.00404	0.00481	0.00304	0.00303	0.00604	0.00908	0.01280	0.83425	0.02439	0.06093	0.00666	0.00381	0.00102	0.00153	0.00588	0.00354	0.00304
64	0.00707	0.00707	0.00990	0.00848	0.00848	0.00990	0.00707	0.00777	0.00495	0.00777	0.00424	0.00707	0.00424	0.00565	0.01060	0.00141	0.88055	0.00283	0.00141	0.00353
65	0.00670	0.00574	0.00670	0.00479	0.00766	0.00431	0.00383	0.00813	0.00670	0.01053	0.00574	0.00670	0.00479	0.00239	0.00239	0.00048	0.00239	0.00191	0.00191	0.90621
66	0.00876	0.00721	0.00782	0.00679	0.00875	0.00821	0.01753	0.15707	0.67219	0.02732	0.01225	0.01189	0.00925	0.00438	0.00332	0.00108	0.00278	0.02501	0.00326	0.00512
67	0.03553	0.00765	0.01546	0.03591	0.12437	0.00731	0.56867	0.00981	0.00741	0.04682	0.00787	0.10311	0.00678	0.00362	0.00367	0.00109	0.00462	0.00416	0.00188	0.00427
68	0.00782	0.00628	0.00721	0.00525	0.00806	0.00526	0.00423	0.14785	0.00816	0.03407	0.00625	0.00698	0.00498	0.00268	0.00255	0.00057	0.00259	0.00211	0.00218	0.73490
69	0.00454	0.00324	0.00425	0.00434	0.00465	0.00344	0.00299	0.00513	0.00519	0.00712	0.01136	0.11618	0.04766	0.38048	0.38116	0.00372	0.00529	0.00477	0.00202	0.00246
70	0.00422	0.00326	0.00385	0.00376	0.00462	0.00289	0.00280	0.00540	0.00823	0.01092	0.46883	0.07445	0.38020	0.00746	0.00383	0.00106	0.00159	0.00644	0.00329	0.00289
71	0.00393	0.00284	0.00372	0.00442	0.00466	0.00263	0.00296	0.00451	0.00626	0.00828	0.01880	0.82733	0.07775	0.00999	0.00410	0.00130	0.00186	0.00903	0.00300	0.00263
72	0.00863	0.00724	0.00764	0.00669	0.00863	0.00831	0.00526	0.13453	0.74214	0.01447	0.01239	0.01145	0.00925	0.00431	0.00328	0.00108	0.00270	0.00355	0.00328	0.00517
73	0.23958	0.00715	0.00753	0.00597	0.00827	0.00768	0.00491	0.39658	0.01085	0.21237	0.00825	0.00813	0.00573	0.00368	0.00286	0.00097	0.00298	0.00270	0.05899	0.00484
74	0.03821	0.00897	0.00955	0.00734	0.00991	0.00994	0.00606	0.83108	0.01491	0.02019	0.00766	0.00768	0.00544	0.00385	0.00320	0.00097	0.00352	0.00288	0.00320	0.00544

[dist]
# distance from previous block
# <min> <max>
0	2

[block]
# block no. 1 follows, 88 sequences, length 56
# corresponding to MSA columns:
# 203-258
name=unknown_B
#
# <colnr> <probs for GDERKNQSTAVLIFYWHMCP>
#	G	D	E	R	K	N	Q	S	T	A	V	L	I	F	Y	W	H	M	C	P
0	0.00864	0.88841	0.01693	0.00553	0.00829	0.01278	0.00553	0.00967	0.00656	0.00760	0.00449	0.00518	0.00415	0.00276	0.00207	0.00069	0.00345	0.00173	0.00138	0.00415
1	0.00864	0.88841	0.01693	0.00553	0.00829	0.01278	0.00553	0.00967	0.00656	0.00760	0.00449	0.00518	0.00415	0.00276	0.00207	0.00069	0.00345	0.00173	0.00138	0.00415
2	0.00517	0.00370	0.00506	0.00572	0.00641	0.00370	0.00481	0.03139	0.00743	0.00971	0.01696	0.19667	0.01873	0.00900	0.00436	0.00144	0.00278	0.66097	0.00299	0.00298
3	0.00681	0.00551	0.00627	0.00619	0.03242	0.00605	0.00448	0.08359	0.42328	0.01184	0.01400	0.32978	0.01350	0.02084	0.00395	0.01625	0.00244	0.00559	0.00307	0.00413
4	0.00394	0.00329	0.00344	0.00342	0.00447	0.00279	0.00258	0.00486	0.00759	0.00928	0.13692	0.03032	0.74350	0.00800	0.00383	0.00109	0.00165	0.02319	0.00307	0.00277
5	0.00787	0.00755	0.01288	0.07762	0.80952	0.00764	0.00985	0.00980	0.00730	0.01040	0.00605	0.00804	0.00506	0.00290	0.00320	0.00097	0.00387	0.00288	0.00159	0.00501
6	0.00478	0.00305	0.00402	0.00457	0.00496	0.00285	0.00318	0.00548	0.00645	0.06116	0.01693	0.71647	0.01951	0.02660	0.00424	0.00131	0.00200	0.05976	0.04986	0.00283
7	0.00558	0.00282	0.00419	0.00419	0.00419	0.00282	0.00278	0.00422	0.00422	0.00563	0.00576	0.01019	0.00581	0.03961	0.01275	0.87672	0.00282	0.00287	0.00142	0.00142
8	0.01011	0.51372	0.01359	0.00673	0.00902	0.38219	0.00583	0.01106	0.00768	0.00773	0.00471	0.00546	0.00415	0.00301	0.00243	0.00075	0.00447	0.00188	0.00150	0.00397
9	0.00561	0.00281	0.00421	0.00421	0.00421	0.00281	0.00281	0.00421	0.00421	0.00561	0.00561	0.00982	0.00561	0.01122	0.01263	0.90600	0.00281	0.00281	0.00140	0.00140
10	0.00754	0.44511	0.45061	0.00740	0.01119	0.01010	0.00879	0.00996	0.00669	0.00894	0.00516	0.00602	0.00412	0.00292	0.00258	0.00086	0.00413	0.00206	0.00137	0.00447
11	0.00823	0.00826	0.01195	0.05344	0.64185	0.10220	0.00904	0.01018	0.03308	0.01009	0.00643	0.00878	0.00552	0.00332	0.00357	0.00099	0.04652	0.03011	0.00169	0.00476
12	0.20423	0.03097	0.01002	0.00997	0.18888	0.22163	0.08601	0.11982	0.00851	0.05284	0.00637	0.00791	0.00511	0.00338	0.00295	0.00096	0.00407	0.02998	0.00207	0.00433
13	0.00561	0.00281	0.00421	0.00421	0.00421	0.00281	0.00281	0.00421	0.00421	0.00561	0.00561	0.00982	0.00561	0.01122	0.01263	0.90600	0.00281	0.00281	0.00140	0.00140
14	0.02476	0.02226	0.02393	0.07455	0.29245	0.00729	0.02786	0.17335	0.07381	0.15946	0.00948	0.04271	0.03857	0.00388	0.00325	0.00100	0.00338	0.00337	0.00978	0.00487
15	0.01412	0.00393	0.00393	0.00403	0.00473	0.05800	0.00301	0.00721	0.00690	0.02066	0.04055	0.20667	0.01221	0.00560	0.00305	0.00095	0.01623	0.05855	0.52665	0.00301
16	0.00702	0.00818	0.18017	0.00834	0.05327	0.00628	0.17917	0.11421	0.04128	0.03258	0.25649	0.02423	0.06532	0.00458	0.00353	0.00103	0.00342	0.00418	0.00255	0.00418
17	0.00750	0.00844	0.01816	0.08990	0.02783	0.00808	0.76967	0.01016	0.00752	0.01017	0.00646	0.00870	0.00485	0.00277	0.00375	0.00109	0.00533	0.00372	0.00162	0.00430
18	0.00586	0.00490	0.01643	0.00532	0.00663	0.00491	0.04320	0.03150	0.24975	0.01277	0.47463	0.02007	0.08954	0.00584	0.00365	0.00105	0.00212	0.01478	0.00330	0.00375
19	0.00469	0.00317	0.00372	0.00372	0.00379	0.00324	0.00220	0.00482	0.00476	0.00641	0.01000	0.02014	0.01131	0.78461	0.11770	0.00338	0.00378	0.00455	0.00193	0.00207
20	0.00662	0.02973	0.76907	0.00926	0.03446	0.00743	0.02578	0.01023	0.02135	0.02062	0.00637	0.03341	0.00480	0.00330	0.00311	0.00103	0.00459	0.00265	0.00149	0.00472
21	0.89310	0.00630	0.00484	0.00431	0.00632	0.00730	0.00355	0.02475	0.00567	0.01460	0.00456	0.00529	0.00353	0.00301	0.00202	0.00100	0.00252	0.00177	0.00202	0.00353
22	0.00715	0.00721	0.00988	0.00848	0.00851	0.02474	0.00705	0.00786	0.00502	0.00778	0.00425	0.00705	0.00424	0.00561	0.01047	0.00140	0.86551	0.00281	0.00142	0.00354
23	0.02984	0.01951	0.10874	0.00749	0.00995	0.03336	0.06572	0.18219	0.43527	0.05770	0.01020	0.00988	0.00750	0.00391	0.00323	0.00104	0.00333	0.00324	0.00287	0.00503
24	0.00704	0.00703	0.00989	0.03670	0.00893	0.00981	0.00713	0.00779	0.00500	0.00779	0.00429	0.00712	0.00424	0.00558	0.01036	0.00140	0.85213	0.00283	0.00141	0.00354
25	0.00463	0.00341	0.00491	0.00491	0.00539	0.00389	0.00369	0.00559	0.00511	0.00729	0.00891	0.01412	0.00870	0.16964	0.72909	0.00484	0.00772	0.00367	0.00177	0.00273
26	0.00445	0.00330	0.00415	0.00394	0.00475	0.00300	0.00295	0.00587	0.00886	0.01229	0.73343	0.02523	0.16208	0.00685	0.00381	0.00103	0.00154	0.00600	0.00347	0.00300
27	0.00521	0.00372	0.00521	0.00595	0.00669	0.00372	0.00521	0.00669	0.00744	0.00967	0.01711	0.03644	0.01859	0.00892	0.00446	0.00149	0.00297	0.84456	0.00297	0.00297
28	0.14771	0.00835	0.01199	0.00914	0.01151	0.10129	0.35328	0.14308	0.00844	0.02900	0.00668	0.00810	0.00511	0.00388	0.02964	0.00113	0.03699	0.00304	0.07747	0.00417
29	0.00410	0.00314	0.00377	0.00394	0.00464	0.00280	0.00285	0.00506	0.00753	0.00987	0.28124	0.30517	0.32708	0.00834	0.00392	0.00114	0.00170	0.01774	0.00317	0.00279
30	0.00998	0.00501	0.00621	0.00517	0.00690	0.02905	0.00411	0.02101	0.06683	0.42960	0.32047	0.01585	0.02389	0.00498	0.00341	0.00100	0.00234	0.00420	0.03558	0.00442
31	0.00426	0.00320	0.00341	0.00342	0.00395	0.00293	0.00222	0.00466	0.00602	0.00750	0.02131	0.04059	0.42808	0.44326	0.01008	0.00211	0.00238	0.00581	0.00248	0.00234
32	0.01207	0.01540	0.00916	0.00832	0.00999	0.87349	0.00624	0.01290	0.00916	0.00791	0.00499	0.00583	0.00416	0.00333	0.00291	0.00083	0.00583	0.00208	0.00166	0.00375
33	0.00670	0.00574	0.00670	0.00479	0.00766	0.00431	0.00383	0.00813	0.00670	0.01053	0.00574	0.00670	0.00479	0.00239	0.00239	0.00048	0.00239	0.00191	0.00191	0.90621
34	0.00796	0.00764	0.01306	0.03402	0.85236	0.00767	0.00990	0.00989	0.00734	0.01052	0.00607	0.00801	0.00510	0.00288	0.00320	0.00096	0.00385	0.00288	0.00160	0.00509
35	0.00864	0.88841	0.01693	0.00553	0.00829	0.01278	0.00553	0.00967	0.00656	0.00760	0.00449	0.00518	0.00415	0.00276	0.00207	0.00069	0.00345	0.00173	0.00138	0.00415
36	0.01002	0.01022	0.00814	0.00691	0.00901	0.35859	0.00535	0.08811	0.20284	0.04803	0.00761	0.00784	0.00589	0.00343	0.00292	0.00083	0.00394	0.00252	0.00233	0.21549
37	0.01193	0.01473	0.00935	0.00834	0.01010	0.78861	0.02277	0.06478	0.02412	0.00882	0.00533	0.00611	0.00436	0.00337	0.00296	0.00085	0.00562	0.00219	0.00179	0.00389
38	0.00796	0.00719	0.00924	0.00771	0.00976	0.00797	0.14690	0.03184	0.68093	0.01310	0.03288	0.01171	0.00946	0.00415	0.00339	0.00109	0.00303	0.00372	0.00302	0.00494
39	0.00470	0.00313	0.00352	0.00352	0.00352	0.00313	0.00196	0.00470	0.00470	0.00626	0.01018	0.02114	0.01175	0.88646	0.01644	0.00313	0.00313	0.00470	0.00196	0.00196
40	0.01391	0.00537	0.00731	0.00565	0.00804	0.00465	0.00465	0.01517	0.00924	0.81776	0.06331	0.01178	0.00933	0.00415	0.00328	0.00100	0.00268	0.00340	0.00397	0.00535
41	0.01198	0.00890	0.00953	0.00737	0.00990	0.00988	0.00607	0.79632	0.07490	0.01988	0.00814	0.00806	0.00580	0.00391	0.00324	0.00098	0.00348	0.00296	0.00324	0.00547
42	0.08525	0.00580	0.00738	0.00572	0.00816	0.00534	0.00472	0.08171	0.00938	0.71954	0.01166	0.01030	0.00745	0.00391	0.00313	0.00099	0.00277	0.00310	0.01841	0.00530
43	0.03105	0.00604	0.00631	0.00520	0.00688	0.00653	0.00418	0.42133	0.01085	0.01616	0.00903	0.00979	0.00680	0.00380	0.00273	0.00086	0.00253	0.00293	0.44276	0.00423
44	0.00394	0.00281	0.00375	0.00450	0.00469	0.00262	0.00300	0.00450	0.00619	0.00825	0.01781	0.88435	0.02137	0.01012	0.00412	0.00131	0.00187	0.00918	0.00300	0.00262
45	0.00864	0.88841	0.01693	0.00553	0.00829	0.01278	0.00553	0.00967	0.00656	0.00760	0.00449	0.00518	0.00415	0.00276	0.00207	0.00069	0.00345	0.00173	0.00138	0.00415
46	0.05765	0.00600	0.00941	0.64112	0.06144	0.00745	0.00824	0.02013	0.02186	0.00896	0.00580	0.00839	0.00452	0.00387	0.01962	0.00117	0.09662	0.00283	0.01123	0.00369
47	0.00817	0.00698	0.00751	0.00693	0.02953	0.00802	0.00528	0.05714	0.77801	0.01368	0.01281	0.01234	0.00975	0.00443	0.00331	0.00110	0.00265	0.02405	0.00324	0.00508
48	0.00439	0.00328	0.00408	0.00390	0.00472	0.00297	0.00292	0.00574	0.00868	0.01191	0.66093	0.04895	0.21155	0.00704	0.00382	0.00104	0.00156	0.00615	0.00342	0.00297
49	0.00800	0.00768	0.01311	0.01983	0.86631	0.00768	0.00991	0.00991	0.00736	0.01055	0.00608	0.00800	0.00512	0.00288	0.00320	0.00096	0.00384	0.00288	0.00160	0.00512
50	0.00442	0.00332	0.00411	0.00398	0.00483	0.00301	0.00303	0.00577	0.00860	0.01170	0.60487	0.02662	0.23827	0.00714	0.00385	0.00106	0.00164	0.05743	0.00338	0.00296
51	0.00561	0.00281	0.00421	0.00421	0.00421	0.00281	0.00281	0.00421	0.00421	0.00561	0.00561	0.00982	0.00561	0.01122	0.01263	0.90600	0.00281	0.00281	0.00140	0.00140
52	0.01029	0.00908	0.01328	0.00987	0.01266	0.04123	0.34023	0.46178	0.04191	0.01571	0.00736	0.00821	0.00537	0.00342	0.00345	0.00102	0.00435	0.00326	0.00255	0.00497
53	0.00401	0.00286	0.00370	0.00435	0.00456	0.00268	0.00287	0.00452	0.00609	0.00807	0.01771	0.76017	0.05814	0.09736	0.00534	0.00148	0.00199	0.00863	0.00290	0.00256
54	0.85728	0.00635	0.00497	0.00441	0.00642	0.00735	0.00362	0.03517	0.02951	0.01464	0.00484	0.00551	0.00374	0.00306	0.00207	0.00100	0.00253	0.00184	0.00207	0.00360
55	0.04606	0.00859	0.01049	0.00801	0.01054	0.02594	0.12828	0.61023	0.01299	0.05289	0.02239	0.03411	0.00630	0.00390	0.00330	0.00100	0.00371	0.00323	0.00295	0.00509

[dist]
# distance from previous block
# <min> <max>
0	4

[block]
# block no. 2 follows, 88 sequences, length 11
# corresponding to MSA columns:
# 263-273
name=unknown_C
#
# <colnr> <probs for GDERKNQSTAVLIFYWHMCP>
#	G	D	E	R	K	N	Q	S	T	A	V	L	I	F	Y	W	H	M	C	P
0	0.03760	0.02669	0.04764	0.01796	0.02150	0.05691	0.04118	0.49803	0.01180	0.03500	0.01801	0.00764	0.00547	0.00354	0.00319	0.00090	0.01992	0.00271	0.00266	0.14163
1	0.00797	0.03560	0.00801	0.03022	0.00857	0.02020	0.05489	0.10575	0.36200	0.06196	0.16297	0.02690	0.04270	0.01658	0.00387	0.00109	0.03924	0.00401	0.00302	0.00444
2	0.00921	0.00594	0.00715	0.00525	0.00800	0.00488	0.00426	0.07795	0.00805	0.23895	0.00776	0.00792	0.00569	0.00294	0.00269	0.00066	0.00258	0.00235	0.00257	0.59519
3	0.01207	0.01540	0.00916	0.00832	0.00999	0.87349	0.00624	0.01290	0.00916	0.00791	0.00499	0.00583	0.00416	0.00333	0.00291	0.00083	0.00583	0.00208	0.00166	0.00375
4	0.00469	0.00316	0.00365	0.00365	0.00369	0.00320	0.00212	0.00478	0.00474	0.00636	0.01006	0.02050	0.01147	0.82087	0.08165	0.00329	0.00355	0.00460	0.00194	0.00203
5	0.00817	0.00708	0.00780	0.00685	0.00875	0.00811	0.03477	0.04652	0.80089	0.01365	0.01273	0.01179	0.00953	0.00431	0.00330	0.00109	0.00269	0.00363	0.00323	0.00510
6	0.00403	0.00287	0.00381	0.00454	0.00474	0.00270	0.00307	0.00462	0.00619	0.00824	0.01748	0.80798	0.02086	0.04353	0.00461	0.00139	0.00198	0.05177	0.00296	0.00262
7	0.00681	0.11656	0.49623	0.04681	0.02931	0.03017	0.02190	0.01004	0.06600	0.01001	0.05592	0.02484	0.02427	0.00373	0.00332	0.00101	0.03185	0.01508	0.00173	0.00440
8	0.33367	0.00600	0.00648	0.00535	0.00756	0.00617	0.00436	0.01374	0.14553	0.42466	0.00986	0.00911	0.00669	0.00370	0.00281	0.00102	0.00263	0.00278	0.00317	0.00472
9	0.15294	0.00694	0.00906	0.00780	0.00812	0.00947	0.00649	0.00805	0.00504	0.00886	0.00428	0.00677	0.00412	0.00523	0.00921	0.00135	0.73859	0.00265	0.00151	0.00353
10	0.02558	0.13512	0.53438	0.00901	0.01294	0.00805	0.14652	0.01005	0.00693	0.03326	0.00643	0.04586	0.00509	0.00331	0.00308	0.00100	0.00447	0.00284	0.00157	0.00452

[dist]
# distance from previous block
# <min> <max>
0	1

[block]
# block no. 3 follows, 88 sequences, length 96
# corresponding to MSA columns:
# 275-370
name=unknown_D
#
# <colnr> <probs for GDERKNQSTAVLIFYWHMCP>
#	G	D	E	R	K	N	Q	S	T	A	V	L	I	F	Y	W	H	M	C	P
0	0.00795	0.00741	0.01259	0.11508	0.75041	0.00755	0.00968	0.00988	0.00730	0.03223	0.00621	0.00814	0.00510	0.00295	0.00320	0.00097	0.00386	0.00289	0.00164	0.00496
1	0.90928	0.00625	0.00475	0.00425	0.00625	0.00725	0.00350	0.00950	0.00550	0.01449	0.00450	0.00525	0.00350	0.00300	0.00200	0.00100	0.00250	0.00175	0.00200	0.00350
2	0.00456	0.00330	0.00430	0.00405	0.00482	0.00304	0.00304	0.00607	0.00912	0.01289	0.85212	0.02424	0.04301	0.00663	0.00381	0.00102	0.00153	0.00586	0.00355	0.00304
3	0.01207	0.01540	0.00916	0.00832	0.00999	0.87349	0.00624	0.01290	0.00916	0.00791	0.00499	0.00583	0.00416	0.00333	0.00291	0.00083	0.00583	0.00208	0.00166	0.00375
4	0.00555	0.00369	0.00469	0.00451	0.00505	0.00425	0.00347	0.00671	0.00582	0.00945	0.00905	0.01236	0.00797	0.07950	0.31434	0.00260	0.11395	0.00328	0.40082	0.00295
5	0.00445	0.00330	0.00414	0.00393	0.00475	0.00299	0.00295	0.00585	0.00885	0.01225	0.72567	0.02529	0.16986	0.00687	0.00381	0.00103	0.00154	0.00601	0.00346	0.00299
6	0.00862	0.75745	0.09839	0.00603	0.00893	0.05887	0.00618	0.00990	0.00673	0.00787	0.00464	0.00537	0.00414	0.00282	0.00221	0.00073	0.00371	0.00181	0.00140	0.00418
7	0.00462	0.00345	0.00511	0.00511	0.00566	0.00399	0.00394	0.00572	0.00517	0.00744	0.00873	0.01310	0.00826	0.06627	0.83187	0.00509	0.00838	0.00352	0.00174	0.00284
8	0.00476	0.00356	0.00523	0.00519	0.00579	0.00413	0.00402	0.02192	0.00537	0.00771	0.00868	0.01283	0.00813	0.04777	0.83330	0.00505	0.00840	0.00349	0.00177	0.00291
9	0.00789	0.00677	0.00821	0.00649	0.00830	0.01932	0.00530	0.12251	0.03197	0.03533	0.00595	0.00728	0.00496	0.00398	0.01338	0.00093	0.29122	0.00245	0.00202	0.41572
10	0.50813	0.00621	0.00748	0.00617	0.00808	0.00674	0.14241	0.02546	0.00637	0.07948	0.00728	0.11727	0.00651	0.01584	0.00327	0.00110	0.04304	0.00325	0.00222	0.00370
11	0.52272	0.00659	0.00664	0.00536	0.00766	0.00702	0.03898	0.13082	0.00764	0.14192	0.00640	0.00675	0.00464	0.00320	0.00247	0.00095	0.00280	0.00224	0.00245	0.09278
12	0.00848	0.82497	0.07898	0.00580	0.00871	0.01240	0.00599	0.00971	0.00658	0.00779	0.00459	0.00530	0.00414	0.00279	0.00215	0.00072	0.00355	0.00178	0.00138	0.00419
13	0.00796	0.00763	0.01304	0.03830	0.84816	0.00767	0.00989	0.00988	0.00734	0.01051	0.00607	0.00801	0.00510	0.00289	0.00320	0.00096	0.00385	0.00288	0.00160	0.00508
14	0.00670	0.00574	0.00670	0.00479	0.00766	0.00431	0.00383	0.00813	0.00670	0.01053	0.00574	0.00670	0.00479	0.00239	0.00239	0.00048	0.00239	0.00191	0.00191	0.90621
15	0.00462	0.00346	0.00519	0.00519	0.00577	0.00404	0.00404	0.00577	0.00519	0.00750	0.00865	0.01269	0.00808	0.02423	0.87366	0.00519	0.00865	0.00346	0.00173	0.00288
16	0.00403	0.00294	0.00382	0.00449	0.00482	0.00273	0.00313	0.00470	0.00641	0.00842	0.01932	0.72353	0.11028	0.00982	0.00412	0.00130	0.00194	0.07855	0.00300	0.00266
17	0.00414	0.00323	0.00358	0.00366	0.00456	0.00279	0.00268	0.00502	0.00741	0.02557	0.14007	0.19473	0.57463	0.00827	0.00387	0.00112	0.00169	0.00708	0.00309	0.00280
18	0.00998	0.00791	0.00840	0.00697	0.00914	0.00895	0.00559	0.40211	0.47236	0.01666	0.01067	0.01008	0.00786	0.00415	0.00326	0.00104	0.00302	0.00331	0.00326	0.00529
19	0.40773	0.00656	0.00635	0.00542	0.00746	0.00730	0.00438	0.12206	0.22750	0.12070	0.03368	0.00871	0.00683	0.00371	0.00270	0.00102	0.00264	0.00272	0.01813	0.00440
20	0.17035	0.00705	0.00790	0.00616	0.00861	0.00730	0.00509	0.35122	0.01097	0.37900	0.00930	0.00869	0.00621	0.00378	0.00302	0.00099	0.00303	0.00285	0.00334	0.00515
21	0.00864	0.88841	0.01693	0.00553	0.00829	0.01278	0.00553	0.00967	0.00656	0.00760	0.00449	0.00518	0.00415	0.00276	0.00207	0.00069	0.00345	0.00173	0.00138	0.00415
22	0.00864	0.88841	0.01693	0.00553	0.00829	0.01278	0.00553	0.00967	0.00656	0.00760	0.00449	0.00518	0.00415	0.00276	0.00207	0.00069	0.00345	0.00173	0.00138	0.00415
23	0.02198	0.00696	0.00988	0.50337	0.17043	0.08545	0.00832	0.00893	0.02015	0.00880	0.00629	0.04178	0.00531	0.00371	0.00383	0.00107	0.07598	0.01230	0.00160	0.00385
24	0.00610	0.00498	0.00576	0.00564	0.00671	0.00546	0.01133	0.02292	0.41559	0.01101	0.03130	0.37901	0.01489	0.00797	0.05428	0.00142	0.00264	0.00600	0.00307	0.00390
25	0.00467	0.00339	0.00422	0.00398	0.00486	0.00309	0.00300	0.00616	0.02085	0.02883	0.67848	0.02502	0.18774	0.00682	0.00379	0.00103	0.00158	0.00595	0.00346	0.00306
26	0.00800	0.00768	0.01311	0.01983	0.86631	0.00768	0.00991	0.00991	0.00736	0.01055	0.00608	0.00800	0.00512	0.00288	0.00320	0.00096	0.00384	0.00288	0.00160	0.00512
27	0.00402	0.00328	0.00355	0.00348	0.00449	0.00281	0.00261	0.00503	0.00784	0.00986	0.25509	0.02923	0.64193	0.00776	0.00382	0.00107	0.00161	0.00656	0.00315	0.00281
28	0.00560	0.00281	0.00420	0.00420	0.00420	0.00281	0.00279	0.00422	0.00422	0.00562	0.00568	0.01000	0.00571	0.02499	0.01269	0.89181	0.00281	0.00284	0.00141	0.00141
29	0.00864	0.88841	0.01693	0.00553	0.00829	0.01278	0.00553	0.00967	0.00656	0.00760	0.00449	0.00518	0.00415	0.00276	0.00207	0.00069	0.00345	0.00173	0.00138	0.00415
30	0.00462	0.00346	0.00519	0.00519	0.00577	0.00404	0.00404	0.00577	0.00519	0.00750	0.00865	0.01269	0.00808	0.02423	0.87366	0.00519	0.00865	0.00346	0.00173	0.00288
31	0.00735	0.00788	0.01575	0.01164	0.01436	0.00767	0.63547	0.01082	0.13775	0.01060	0.00854	0.08872	0.00715	0.00369	0.00386	0.00112	0.01707	0.00426	0.00201	0.00430
32	0.01029	0.01096	0.00839	0.00745	0.00928	0.39732	0.00573	0.10325	0.38902	0.01171	0.00892	0.00880	0.00684	0.00386	0.00311	0.00096	0.00413	0.00287	0.00255	0.00454
33	0.00800	0.00768	0.01311	0.01983	0.86631	0.00768	0.00991	0.00991	0.00736	0.01055	0.00608	0.00800	0.00512	0.00288	0.00320	0.00096	0.00384	0.00288	0.00160	0.00512
34	0.01096	0.00765	0.00832	0.00679	0.00904	0.02294	0.00547	0.34806	0.35631	0.17255	0.01081	0.01006	0.00770	0.00410	0.00325	0.00102	0.00304	0.00326	0.00337	0.00531
35	0.00580	0.00319	0.00323	0.00333	0.00401	0.01739	0.00244	0.00715	0.00672	0.01140	0.01156	0.14521	0.01021	0.00473	0.00255	0.00084	0.00163	0.00394	0.75172	0.00296
36	0.00445	0.00330	0.00415	0.00393	0.00475	0.00300	0.00295	0.00586	0.00885	0.01226	0.72710	0.02528	0.16842	0.00687	0.00381	0.00103	0.00154	0.00600	0.00346	0.00300
37	0.01031	0.00726	0.01389	0.05727	0.01369	0.00674	0.46611	0.01241	0.00822	0.35630	0.00900	0.00963	0.00612	0.00326	0.00355	0.00105	0.00430	0.00353	0.00258	0.00478
38	0.00777	0.00667	0.00704	0.00634	0.00811	0.00764	0.00493	0.02876	0.77743	0.01334	0.03830	0.01336	0.05667	0.00464	0.00333	0.00109	0.00249	0.00387	0.00328	0.00493
39	0.00403	0.00288	0.00386	0.00461	0.00484	0.00271	0.00316	0.00466	0.00628	0.00835	0.01775	0.82134	0.02116	0.01003	0.00415	0.00133	0.00196	0.07127	0.00300	0.00265
40	0.00688	0.07991	0.75316	0.00880	0.01327	0.00799	0.01107	0.03863	0.03229	0.01047	0.00598	0.00689	0.00431	0.00311	0.00301	0.00100	0.00457	0.00239	0.00148	0.00476
41	0.85381	0.00637	0.00517	0.00486	0.03508	0.00734	0.00379	0.03344	0.00583	0.01453	0.00464	0.00541	0.00361	0.00302	0.00207	0.00100	0.00257	0.00182	0.00202	0.00361
42	0.00707	0.00707	0.00990	0.00848	0.00848	0.00990	0.00707	0.00777	0.00495	0.00777	0.00424	0.00707	0.00424	0.00565	0.01060	0.00141	0.88055	0.00283	0.00141	0.00353
43	0.00954	0.00603	0.00707	0.00617	0.00801	0.02087	0.01550	0.04251	0.37749	0.27402	0.02526	0.05762	0.03505	0.00512	0.00346	0.00111	0.00271	0.09429	0.00340	0.00476
44	0.01043	0.00963	0.01349	0.01013	0.01284	0.15899	0.37905	0.24844	0.01018	0.10346	0.00727	0.00818	0.00527	0.00329	0.00343	0.00100	0.00470	0.00320	0.00234	0.00469
45	0.01207	0.01540	0.00916	0.00832	0.00999	0.87349	0.00624	0.01290	0.00916	0.00791	0.00499	0.00583	0.00416	0.00333	0.00291	0.00083	0.00583	0.00208	0.00166	0.00375
46	0.00446	0.00334	0.00415	0.00392	0.00479	0.00301	0.00294	0.00584	0.00874	0.01205	0.67991	0.02520	0.19871	0.00684	0.00378	0.00102	0.00156	0.00596	0.00341	0.02034
47	0.01165	0.00876	0.00926	0.00723	0.00967	0.02428	0.00593	0.73343	0.09508	0.01924	0.02039	0.00844	0.00629	0.00395	0.00322	0.00098	0.00343	0.00301	0.02041	0.00535
48	0.02093	0.00406	0.00477	0.00427	0.00512	0.00403	0.00300	0.06947	0.00673	0.17259	0.01869	0.01604	0.00984	0.44030	0.05621	0.01243	0.00311	0.00391	0.14137	0.00313
49	0.01069	0.00466	0.00628	0.00510	0.00693	0.00410	0.00410	0.01204	0.00921	0.54018	0.33968	0.01604	0.01663	0.00500	0.00346	0.00101	0.00228	0.00424	0.00383	0.00456
50	0.01864	0.00450	0.00490	0.00435	0.00553	0.01112	0.00335	0.17040	0.00894	0.04141	0.20135	0.03314	0.11729	0.05302	0.01125	0.00108	0.00216	0.00428	0.29981	0.00349
51	0.00469	0.00318	0.00379	0.00379	0.00388	0.00328	0.00229	0.00487	0.00478	0.00646	0.00994	0.01981	0.01117	0.75046	0.15166	0.00346	0.00400	0.00450	0.00192	0.00210
52	0.00707	0.00707	0.00990	0.00848	0.00848	0.00990	0.00707	0.00777	0.00495	0.00777	0.00424	0.00707	0.00424	0.00565	0.01060	0.00141	0.88055	0.00283	0.00141	0.00353
53	0.00702	0.00594	0.00687	0.00495	0.00779	0.00467	0.00397	0.05413	0.01940	0.01110	0.00596	0.00683	0.00490	0.00250	0.00245	0.00051	0.00246	0.00199	0.00201	0.84454
54	0.00770	0.03636	0.55909	0.00913	0.05863	0.06466	0.01921	0.07417	0.07718	0.02859	0.00684	0.00785	0.00507	0.00334	0.00309	0.00100	0.00438	0.01378	0.01518	0.00475
55	0.00398	0.00283	0.00374	0.00445	0.00462	0.00265	0.00294	0.00451	0.00610	0.00814	0.01739	0.83763	0.02085	0.05756	0.00479	0.00141	0.00194	0.00894	0.00294	0.00259
56	0.00670	0.00574	0.00670	0.00479	0.00766	0.00431	0.00383	0.00813	0.00670	0.01053	0.00574	0.00670	0.00479	0.00239	0.00239	0.00048	0.00239	0.00191	0.00191	0.90621
57	0.00401	0.00323	0.00357	0.00359	0.00451	0.00279	0.00265	0.00497	0.00766	0.00968	0.22769	0.11828	0.58003	0.00801	0.00385	0.00110	0.00163	0.00683	0.00313	0.00279
58	0.00390	0.00325	0.00341	0.00342	0.00443	0.00276	0.00255	0.00478	0.00749	0.00915	0.11966	0.07621	0.73165	0.00812	0.00383	0.00109	0.00164	0.00684	0.00306	0.00276
59	0.00400	0.00317	0.00361	0.00378	0.00459	0.00278	0.00277	0.00488	0.00733	0.00926	0.15120	0.24593	0.50222	0.00846	0.00391	0.00115	0.00172	0.03339	0.00308	0.00276
60	0.01048	0.00815	0.00868	0.00707	0.00933	0.00918	0.00570	0.49968	0.37398	0.01745	0.01005	0.00958	0.00735	0.00409	0.00326	0.00102	0.00313	0.00322	0.00326	0.00533
61	0.89128	0.00623	0.00480	0.00428	0.00629	0.00720	0.00352	0.00962	0.00557	0.03167	0.00466	0.00536	0.00359	0.00302	0.00202	0.00100	0.00250	0.00178	0.00204	0.00354
62	0.01236	0.00892	0.00962	0.00737	0.00995	0.00983	0.00609	0.82481	0.01497	0.05140	0.00794	0.00787	0.00559	0.00388	0.00323	0.00097	0.00353	0.00292	0.00326	0.00549
63	0.00648	0.01671	0.86972	0.00921	0.01398	0.00750	0.01194	0.01023	0.00682	0.01023	0.00580	0.00682	0.00409	0.00307	0.00307	0.00102	0.00477	0.00239	0.00136	0.00477
64	0.00864	0.88841	0.01693	0.00553	0.00829	0.01278	0.00553	0.00967	0.00656	0.00760	0.00449	0.00518	0.00415	0.00276	0.00207	0.00069	0.00345	0.00173	0.00138	0.00415
65	0.79648	0.01682	0.00533	0.00458	0.00662	0.02952	0.00377	0.04430	0.02276	0.03872	0.00505	0.00566	0.00386	0.00310	0.00213	0.00099	0.00265	0.00188	0.00212	0.00368
66	0.00802	0.00700	0.00770	0.00681	0.00868	0.00804	0.03349	0.01694	0.83199	0.01341	0.01293	0.01194	0.00970	0.00433	0.00330	0.00110	0.00265	0.00366	0.00323	0.00509
67	0.00440	0.00326	0.00411	0.00396	0.00474	0.00297	0.00295	0.00575	0.00865	0.01193	0.66914	0.08391	0.16805	0.00711	0.00383	0.00105	0.00157	0.00623	0.00343	0.00297
68	0.00692	0.00657	0.01109	0.44528	0.41886	0.00726	0.00920	0.00891	0.00691	0.00935	0.00680	0.00907	0.03344	0.00323	0.00323	0.00102	0.00400	0.00301	0.00156	0.00428
69	0.00434	0.00328	0.00364	0.00365	0.00456	0.00285	0.00266	0.00519	0.00736	0.03782	0.14267	0.14782	0.55773	0.05627	0.00453	0.00122	0.00177	0.00678	0.00305	0.00281
70	0.00561	0.00281	0.00421	0.00421	0.00421	0.00281	0.00281	0.00421	0.00421	0.00561	0.00561	0.00982	0.00561	0.01122	0.01263	0.90600	0.00281	0.00281	0.00140	0.00140
71	0.00859	0.00960	0.00967	0.00843	0.00894	0.27193	0.00682	0.00933	0.00622	0.00781	0.00447	0.00669	0.00422	0.00495	0.00827	0.00124	0.61514	0.00260	0.00149	0.00360
72	0.03027	0.00730	0.00850	0.00658	0.00907	0.00752	0.00542	0.42103	0.05812	0.39647	0.01020	0.00938	0.00680	0.00394	0.00322	0.00099	0.00312	0.00308	0.00355	0.00544
73	0.18658	0.02596	0.00822	0.00699	0.00890	0.40950	0.00545	0.21537	0.00970	0.03674	0.00647	0.05387	0.00539	0.00377	0.00287	0.00093	0.00429	0.00263	0.00224	0.00412
74	0.00827	0.00705	0.00743	0.00662	0.00849	0.00814	0.00517	0.06255	0.81472	0.01389	0.01286	0.01182	0.00963	0.00436	0.00328	0.00109	0.00261	0.00361	0.00328	0.00513
75	0.00469	0.00355	0.00527	0.00523	0.00577	0.00418	0.00405	0.00579	0.00517	0.00746	0.00858	0.01283	0.00810	0.05457	0.81802	0.00501	0.03366	0.00349	0.00173	0.00287
76	0.00680	0.00633	0.01051	0.66341	0.16494	0.00744	0.03060	0.05445	0.00711	0.00935	0.00593	0.00846	0.00452	0.00319	0.00324	0.00105	0.00422	0.00290	0.00157	0.00397
77	0.00409	0.00300	0.00395	0.00454	0.00477	0.00291	0.00309	0.00467	0.00618	0.00824	0.02972	0.76072	0.05467	0.04985	0.00489	0.00139	0.03128	0.01652	0.00291	0.00264
78	0.00636	0.01586	0.81132	0.00903	0.02490	0.00725	0.01140	0.00992	0.00686	0.01015	0.00726	0.00815	0.05071	0.00334	0.00311	0.00103	0.00459	0.00263	0.00146	0.00467
79	0.00960	0.00921	0.04037	0.02275	0.19173	0.10478	0.15831	0.26391	0.09920	0.02554	0.02406	0.00855	0.00606	0.00350	0.00342	0.00100	0.01774	0.00309	0.00234	0.00485
80	0.00962	0.00756	0.00806	0.00672	0.00883	0.00847	0.00537	0.35355	0.45320	0.02812	0.02112	0.01102	0.03680	0.00430	0.00327	0.00103	0.00291	0.00345	0.01101	0.01560
81	0.00432	0.00296	0.00393	0.00452	0.00485	0.00278	0.00309	0.00495	0.00629	0.03696	0.01787	0.76655	0.06118	0.01059	0.05115	0.00150	0.00226	0.00856	0.00296	0.00274
82	0.01192	0.04015	0.00942	0.00809	0.00991	0.71376	0.00619	0.12750	0.02648	0.00970	0.00551	0.00619	0.00445	0.00341	0.00294	0.00085	0.00538	0.00221	0.00190	0.00402
83	0.00459	0.00341	0.00497	0.00504	0.00558	0.00385	0.00387	0.00566	0.00542	0.00768	0.02234	0.07037	0.02412	0.06880	0.70622	0.00454	0.00745	0.04134	0.00193	0.00282
84	0.73506	0.01985	0.00571	0.00476	0.00687	0.00757	0.00393	0.12020	0.00696	0.05679	0.00533	0.00585	0.00399	0.00316	0.00222	0.00099	0.00266	0.00197	0.00225	0.00387
85	0.00427	0.00302	0.00401	0.00465	0.00492	0.00291	0.00329	0.00494	0.00620	0.00824	0.01654	0.61113	0.01939	0.11497	0.02789	0.00166	0.00239	0.15413	0.00284	0.00261
86	0.00668	0.06388	0.81061	0.00900	0.01361	0.02082	0.01150	0.01024	0.00684	0.01005	0.00571	0.00672	0.00410	0.00306	0.00301	0.00100	0.00472	0.00235	0.00137	0.00473
87	0.00610	0.00574	0.00969	0.87870	0.02225	0.00718	0.00897	0.00825	0.00646	0.00825	0.00574	0.00861	0.00431	0.00323	0.00323	0.00108	0.00431	0.00287	0.00144	0.00359
88	0.00942	0.00487	0.00623	0.00514	0.00681	0.00457	0.00410	0.11421	0.00993	0.34995	0.42476	0.01696	0.01858	0.00525	0.00352	0.00100	0.00225	0.00446	0.00369	0.00431
89	0.00561	0.00281	0.00421	0.00421	0.00421	0.00281	0.00281	0.00421	0.00421	0.00561	0.00561	0.00982	0.00561	0.01122	0.01263	0.90600	0.00281	0.00281	0.00140	0.00140
90	0.00685	0.00422	0.00435	0.00407	0.00517	0.00451	0.00312	0.04505	0.20924	0.02198	0.01107	0.01186	0.00854	0.00392	0.00255	0.00085	0.00185	0.00316	0.64401	0.00364
91	0.00423	0.00328	0.00386	0.00379	0.00468	0.00291	0.00285	0.00540	0.00818	0.01078	0.43283	0.06412	0.39952	0.00753	0.00385	0.00108	0.00164	0.03334	0.00327	0.00289
92	0.06742	0.00651	0.00791	0.00619	0.00847	0.00658	0.02828	0.25812	0.03724	0.42048	0.01024	0.00969	0.00691	0.00389	0.00325	0.00098	0.02180	0.00305	0.08793	0.00506
93	0.05156	0.00526	0.00661	0.00570	0.00716	0.00559	0.05944	0.13437	0.12253	0.07759	0.03277	0.05501	0.03968	0.03355	0.17815	0.00190	0.00387	0.01473	0.16065	0.00388
94	0.01762	0.00619	0.00976	0.08916	0.06983	0.05300	0.19810	0.00779	0.00675	0.00905	0.01049	0.25930	0.01106	0.00608	0.00476	0.00122	0.12572	0.10847	0.00214	0.00352
95	0.00712	0.00664	0.01057	0.30474	0.36424	0.00691	0.01610	0.01968	0.00696	0.00982	0.00587	0.00792	0.00476	0.00298	0.00325	0.00091	0.02785	0.00269	0.00162	0.18936

[dist]
# distance from previous block
# <min> <max>
0	2

[block]
# block no. 4 follows, 88 sequences, length 17
# corresponding to MSA columns:
# 373-389
name=unknown_E
#
