[name]
unknown

[dist]
# distance from previous block
# <min> <max>
1	183

[block]
# block no. 0 follows, 95 sequences, length 46
# corresponding to MSA columns:
# 236-281
name=unknown_A
#
# <colnr> <probs for GDERKNQSTAVLIFYWHMCP>
#	G	D	E	R	K	N	Q	S	T	A	V	L	I	F	Y	W	H	M	C	P
0	0.08942	0.02681	0.06592	0.12837	0.34008	0.06643	0.01319	0.09627	0.02334	0.02720	0.03410	0.03400	0.00610	0.00338	0.00293	0.00093	0.00351	0.02342	0.00186	0.01272
1	0.08496	0.09929	0.04071	0.04808	0.03986	0.07180	0.00463	0.08306	0.03313	0.06844	0.16646	0.07788	0.08394	0.01529	0.01626	0.00099	0.00868	0.00371	0.00240	0.05044
2	0.04843	0.09558	0.57115	0.00827	0.01194	0.01281	0.10641	0.01604	0.00646	0.01618	0.00645	0.00742	0.04156	0.00312	0.00311	0.00095	0.03593	0.00251	0.00144	0.00421
3	0.00620	0.00533	0.01497	0.02597	0.00735	0.02057	0.06443	0.11339	0.22199	0.01094	0.07297	0.09119	0.19897	0.02310	0.04791	0.00128	0.00284	0.06429	0.00271	0.00362
4	0.00562	0.00525	0.00874	0.82752	0.01983	0.00648	0.00808	0.00757	0.00612	0.00780	0.00674	0.00961	0.04196	0.00336	0.00308	0.00102	0.00391	0.02254	0.00145	0.00332
5	0.00766	0.00704	0.01118	0.08036	0.59439	0.00722	0.03308	0.09246	0.06341	0.01085	0.02011	0.00799	0.00543	0.00294	0.00301	0.00090	0.00348	0.00278	0.00178	0.04392
6	0.00414	0.00323	0.00403	0.00424	0.04201	0.00292	0.00295	0.00529	0.00772	0.01035	0.47694	0.09499	0.31643	0.00683	0.00358	0.00100	0.00159	0.00594	0.00304	0.00281
7	0.02466	0.00542	0.00655	0.01363	0.00739	0.00463	0.02671	0.09900	0.00738	0.10266	0.00872	0.05416	0.06221	0.02111	0.00291	0.00072	0.00244	0.01281	0.00226	0.53463
8	0.00397	0.00307	0.00362	0.00353	0.00435	0.00272	0.00263	0.00509	0.00777	0.01033	0.48635	0.06296	0.37875	0.00696	0.00359	0.00100	0.00149	0.00600	0.00310	0.00272
9	0.00623	0.00536	0.00635	0.00465	0.00707	0.00432	0.00370	0.00748	0.00611	0.00956	0.00549	0.00690	0.00475	0.04099	0.00329	0.00061	0.05637	0.00196	0.00177	0.81705
10	0.01298	0.00599	0.03862	0.02415	0.10309	0.00496	0.01732	0.05918	0.00718	0.13872	0.02585	0.00802	0.00577	0.00368	0.04063	0.00085	0.00291	0.01087	0.00213	0.48710
11	0.00751	0.00774	0.00889	0.08068	0.00923	0.14832	0.00644	0.05612	0.03106	0.00816	0.00482	0.00697	0.00435	0.00540	0.04534	0.00134	0.56002	0.00260	0.00153	0.00347
12	0.00584	0.00550	0.00930	0.83309	0.07304	0.00677	0.00848	0.00785	0.00612	0.00788	0.00541	0.00805	0.00409	0.00301	0.00303	0.00100	0.00402	0.00270	0.00136	0.00346
13	0.00483	0.00377	0.00571	0.11292	0.03295	0.00407	0.02190	0.00615	0.00612	0.00825	0.04242	0.07482	0.01250	0.03917	0.27686	0.00243	0.00456	0.33553	0.00218	0.00287
14	0.04822	0.00665	0.00752	0.06527	0.06178	0.00756	0.00536	0.12097	0.58156	0.04554	0.01047	0.01005	0.00780	0.00383	0.00302	0.00100	0.00271	0.00316	0.00284	0.00470
15	0.00723	0.00552	0.00648	0.00473	0.00731	0.00444	0.00380	0.07193	0.00717	0.08405	0.03725	0.00730	0.00567	0.00262	0.00242	0.00054	0.00233	0.00211	0.00211	0.73499
16	0.00377	0.00274	0.00356	0.00419	0.00447	0.00254	0.00288	0.00437	0.00596	0.00784	0.01788	0.74604	0.09929	0.02208	0.00403	0.00125	0.00182	0.06000	0.00280	0.00248
17	0.00719	0.00692	0.01193	0.16950	0.69971	0.00714	0.03512	0.00905	0.00677	0.00953	0.00567	0.00763	0.00467	0.00276	0.00303	0.00092	0.00373	0.00273	0.00148	0.00453
18	0.00816	0.09943	0.37644	0.04113	0.06639	0.18743	0.05573	0.01875	0.02695	0.07625	0.01263	0.00684	0.00459	0.00301	0.00284	0.00089	0.00430	0.00236	0.00164	0.00424
19	0.00976	0.07738	0.14916	0.00753	0.00972	0.38671	0.02365	0.15670	0.02284	0.04134	0.02267	0.00663	0.00483	0.00337	0.00330	0.00088	0.06528	0.00232	0.00187	0.00405
20	0.00527	0.00264	0.00395	0.00395	0.00395	0.00264	0.00264	0.00395	0.00395	0.00527	0.00527	0.00922	0.00527	0.01054	0.01186	0.91173	0.00264	0.00264	0.00132	0.00132
21	0.00591	0.00479	0.03196	0.00530	0.00660	0.01001	0.00439	0.04846	0.11276	0.04140	0.07330	0.16438	0.03424	0.00625	0.00363	0.00108	0.02251	0.27416	0.00267	0.14620
22	0.00815	0.02426	0.01175	0.04891	0.65589	0.08961	0.02483	0.08157	0.00765	0.01032	0.00571	0.00728	0.00470	0.00283	0.00297	0.00089	0.00380	0.00263	0.00163	0.00463
23	0.00359	0.00305	0.00310	0.00314	0.00411	0.00256	0.00233	0.00435	0.00685	0.00817	0.02997	0.07649	0.82642	0.00778	0.00360	0.00104	0.00155	0.00653	0.00282	0.00256
24	0.00434	0.00311	0.00409	0.00407	0.00444	0.00331	0.00287	0.00503	0.00517	0.00719	0.09292	0.01681	0.05186	0.35424	0.41492	0.00354	0.00512	0.00406	0.01055	0.00238
25	0.02987	0.00752	0.09271	0.00602	0.00823	0.05235	0.00514	0.04653	0.44760	0.01157	0.00926	0.03208	0.00724	0.00357	0.00283	0.00086	0.00275	0.00290	0.00247	0.22849
26	0.00637	0.00524	0.00617	0.00448	0.00703	0.00398	0.00357	0.00772	0.00651	0.03465	0.06177	0.00747	0.00614	0.00255	0.00236	0.00050	0.00220	0.00207	0.00195	0.82728
27	0.00376	0.00289	0.00346	0.00376	0.00434	0.00258	0.00267	0.00453	0.00665	0.00858	0.14642	0.42443	0.34256	0.00832	0.00373	0.00112	0.00165	0.02311	0.00289	0.00256
28	0.00469	0.00353	0.00439	0.00410	0.00495	0.00345	0.00310	0.00702	0.11724	0.01217	0.74993	0.02134	0.04044	0.00596	0.00352	0.00096	0.00156	0.00524	0.00330	0.00310
29	0.00665	0.09955	0.63137	0.00965	0.11761	0.03414	0.04085	0.00960	0.00654	0.00934	0.00536	0.00643	0.00399	0.00283	0.00283	0.00092	0.00431	0.00228	0.00133	0.00442
30	0.00666	0.00687	0.00997	0.00838	0.01842	0.07334	0.17188	0.00779	0.00583	0.00804	0.00729	0.04244	0.04048	0.00540	0.02005	0.00127	0.47052	0.09034	0.00165	0.00338
31	0.03684	0.00285	0.00363	0.00418	0.00452	0.00273	0.00288	0.00491	0.00593	0.02796	0.01563	0.74657	0.01818	0.00865	0.00366	0.00118	0.00181	0.03462	0.07067	0.00259
32	0.10269	0.00693	0.01577	0.02952	0.47301	0.03916	0.05815	0.05312	0.00695	0.03331	0.00669	0.08413	0.00604	0.01664	0.00357	0.00100	0.05415	0.00316	0.00179	0.00422
33	0.00373	0.00267	0.00355	0.00420	0.00441	0.00249	0.00282	0.00432	0.00598	0.00802	0.06902	0.83833	0.02059	0.00930	0.00385	0.00122	0.00174	0.00843	0.00285	0.00249
34	0.00693	0.04423	0.01625	0.01161	0.01437	0.00735	0.72458	0.00928	0.00710	0.00954	0.00725	0.01118	0.00612	0.00326	0.00359	0.00105	0.00476	0.10595	0.00168	0.00393
35	0.00405	0.00309	0.00365	0.00351	0.00435	0.00275	0.00263	0.00523	0.00790	0.01063	0.53295	0.02495	0.35225	0.00672	0.00355	0.00098	0.00147	0.00579	0.02081	0.00275
36	0.00572	0.00523	0.00869	0.82887	0.01977	0.00649	0.00802	0.00771	0.00609	0.00798	0.00568	0.00830	0.00429	0.00307	0.00297	0.00099	0.00387	0.00270	0.06022	0.00334
37	0.00461	0.00324	0.00424	0.00457	0.00498	0.00328	0.00352	0.00543	0.00579	0.00767	0.02914	0.03466	0.02070	0.34973	0.10146	0.00235	0.00337	0.40653	0.00231	0.00241
38	0.01090	0.01369	0.00872	0.00841	0.06528	0.80119	0.00601	0.01176	0.00849	0.00771	0.02787	0.00606	0.00462	0.00318	0.00278	0.00079	0.00524	0.00210	0.00161	0.00358
39	0.00462	0.00365	0.00434	0.00431	0.00522	0.00344	0.00316	0.00654	0.12481	0.00944	0.14484	0.37409	0.15996	0.00712	0.00350	0.00104	0.00185	0.02927	0.00282	0.10601
40	0.01470	0.06457	0.01238	0.07249	0.67094	0.00740	0.05843	0.00938	0.00686	0.03779	0.00580	0.00748	0.00476	0.00274	0.00296	0.00090	0.00364	0.00268	0.00156	0.01255
41	0.06398	0.01617	0.02049	0.09244	0.15076	0.07266	0.00619	0.19548	0.30118	0.02416	0.00815	0.00849	0.00616	0.00351	0.00305	0.00096	0.01643	0.00282	0.00241	0.00452
42	0.00672	0.00630	0.01046	0.40991	0.42105	0.00699	0.00855	0.03328	0.00663	0.00904	0.00568	0.00807	0.00462	0.02665	0.00350	0.00101	0.02325	0.00275	0.00148	0.00406
43	0.00977	0.00872	0.00896	0.01961	0.03441	0.23395	0.09756	0.19940	0.10725	0.10542	0.00756	0.00805	0.00565	0.00350	0.00332	0.00091	0.05256	0.00274	0.08642	0.00423
44	0.00433	0.00306	0.00402	0.00382	0.00448	0.00283	0.00284	0.00555	0.00819	0.01154	0.78022	0.04201	0.04360	0.00659	0.00412	0.05996	0.00152	0.00539	0.00319	0.00275
45	0.00630	0.06887	0.76896	0.00908	0.06860	0.00736	0.01072	0.00956	0.00642	0.00948	0.00539	0.00638	0.00391	0.00285	0.00283	0.00094	0.00435	0.00223	0.00130	0.00447

[dist]
# distance from previous block
# <min> <max>
4	6

[block]
# block no. 1 follows, 95 sequences, length 6
# corresponding to MSA columns:
# 289-294
name=unknown_B
#
# <colnr> <probs for GDERKNQSTAVLIFYWHMCP>
#	G	D	E	R	K	N	Q	S	T	A	V	L	I	F	Y	W	H	M	C	P
0	0.02853	0.03288	0.04967	0.10188	0.26330	0.05033	0.02346	0.08205	0.00768	0.07198	0.11012	0.00910	0.00760	0.00327	0.00290	0.00084	0.00321	0.00282	0.00204	0.14632
1	0.00700	0.07817	0.27993	0.00775	0.04270	0.04615	0.04955	0.03854	0.03840	0.03698	0.00597	0.00777	0.00496	0.05178	0.05400	0.00129	0.17477	0.00257	0.00162	0.07010
2	0.00781	0.07137	0.00786	0.06361	0.00886	0.00798	0.00515	0.08848	0.67579	0.01252	0.01086	0.01029	0.00817	0.00389	0.00300	0.00099	0.00265	0.00319	0.00284	0.00467
3	0.00728	0.10518	0.10733	0.02760	0.17196	0.02155	0.04109	0.05379	0.22838	0.03234	0.08942	0.03015	0.02190	0.00370	0.00297	0.00091	0.00308	0.00317	0.00223	0.04596
4	0.00797	0.60515	0.18339	0.00614	0.00898	0.08605	0.00641	0.00978	0.04701	0.00791	0.00488	0.00552	0.00414	0.00277	0.00225	0.00074	0.00364	0.00186	0.00140	0.00402
5	0.00643	0.05871	0.00678	0.00515	0.00691	0.03007	0.05514	0.06266	0.11920	0.04948	0.08893	0.09225	0.19771	0.00488	0.00307	0.00087	0.00241	0.00416	0.00253	0.20267

[dist]
# distance from previous block
# <min> <max>
0	2

[block]
# block no. 2 follows, 95 sequences, length 42
# corresponding to MSA columns:
# 297-338
name=unknown_C
#
# <colnr> <probs for GDERKNQSTAVLIFYWHMCP>
#	G	D	E	R	K	N	Q	S	T	A	V	L	I	F	Y	W	H	M	C	P
0	0.36957	0.00678	0.03337	0.01559	0.00789	0.01878	0.05714	0.21221	0.07812	0.08823	0.00691	0.00728	0.00506	0.00325	0.00253	0.00092	0.00283	0.00242	0.07704	0.00407
1	0.02271	0.02404	0.00730	0.00592	0.00758	0.09061	0.00482	0.09701	0.00795	0.40206	0.00906	0.00978	0.00665	0.00764	0.17692	0.00174	0.09175	0.01950	0.00272	0.00424
2	0.00371	0.00267	0.00352	0.00416	0.00439	0.00248	0.00280	0.00427	0.00594	0.00790	0.04266	0.82794	0.05768	0.00933	0.00385	0.00121	0.00174	0.00844	0.00283	0.00248
3	0.00703	0.00921	0.15728	0.01131	0.01445	0.00755	0.61989	0.01048	0.11149	0.01006	0.00678	0.00827	0.00504	0.00280	0.00341	0.00101	0.00468	0.00334	0.00168	0.00424
4	0.00703	0.00669	0.01137	0.21211	0.65723	0.00699	0.00898	0.00887	0.00672	0.00940	0.00595	0.00845	0.00502	0.00295	0.00305	0.00094	0.00368	0.02863	0.00151	0.00442
5	0.44931	0.00599	0.00602	0.00491	0.00701	0.00635	0.00405	0.15070	0.00784	0.29420	0.00798	0.00774	0.02923	0.00339	0.00250	0.00094	0.00256	0.00241	0.00270	0.00418
6	0.01076	0.02039	0.13196	0.00585	0.00818	0.00507	0.00540	0.03626	0.04072	0.54367	0.01800	0.01234	0.00815	0.05071	0.00383	0.00109	0.01056	0.07935	0.00310	0.00461
7	0.00788	0.72500	0.01501	0.00588	0.00839	0.01106	0.07503	0.00961	0.07714	0.00780	0.00515	0.00586	0.00450	0.00328	0.02671	0.00083	0.00346	0.00198	0.00147	0.00395
8	0.00440	0.00299	0.00357	0.00357	0.00365	0.00308	0.00216	0.00458	0.00449	0.00607	0.00933	0.01856	0.01047	0.75088	0.15716	0.00326	0.00379	0.00422	0.00180	0.00198
9	0.00409	0.00309	0.00378	0.00361	0.00441	0.00278	0.00270	0.00534	0.00811	0.01104	0.63406	0.02452	0.26812	0.00662	0.00358	0.00097	0.00146	0.00575	0.00319	0.00278
10	0.00738	0.00816	0.08274	0.15707	0.47827	0.05307	0.12404	0.03533	0.00708	0.00966	0.00569	0.00749	0.00454	0.00280	0.00306	0.00093	0.00404	0.00274	0.00151	0.00439
11	0.01351	0.00519	0.00704	0.00541	0.00775	0.00451	0.00447	0.01481	0.02391	0.86126	0.01198	0.01034	0.00754	0.00376	0.00305	0.00094	0.00258	0.00306	0.00374	0.00516
12	0.00433	0.00298	0.00341	0.00339	0.00356	0.00294	0.00204	0.00456	0.00498	0.00663	0.08220	0.02053	0.08257	0.71356	0.04805	0.00270	0.00291	0.00462	0.00203	0.00202
13	0.00686	0.00516	0.00532	0.00489	0.00615	0.07576	0.00372	0.03479	0.20322	0.12772	0.15392	0.15063	0.18749	0.00584	0.00334	0.00101	0.00226	0.00496	0.01333	0.00361
14	0.00443	0.07638	0.00510	0.00501	0.05038	0.00368	0.00343	0.00520	0.00596	0.00798	0.01513	0.55470	0.08564	0.00937	0.08551	0.00147	0.00257	0.03255	0.04273	0.00276
15	0.91480	0.00587	0.00446	0.00399	0.00587	0.00681	0.00329	0.00892	0.00516	0.01361	0.00422	0.00493	0.00329	0.00282	0.00188	0.00094	0.00235	0.00164	0.00188	0.00329
16	0.00441	0.00294	0.00331	0.00331	0.00331	0.00294	0.00184	0.00441	0.00441	0.00588	0.00956	0.01985	0.01103	0.89337	0.01544	0.00294	0.00294	0.00441	0.00184	0.00184
17	0.00746	0.38071	0.18762	0.00865	0.12656	0.00898	0.11763	0.02007	0.01457	0.02047	0.00523	0.00624	0.00426	0.00268	0.00255	0.00079	0.00369	0.00221	0.00146	0.07817
18	0.00453	0.00335	0.00419	0.00394	0.00484	0.00304	0.00295	0.00587	0.02352	0.02755	0.50611	0.11837	0.14586	0.00724	0.04950	0.00116	0.00194	0.00546	0.00299	0.07758
19	0.00726	0.36602	0.45877	0.00731	0.01082	0.06542	0.02762	0.00956	0.00647	0.00849	0.00492	0.00577	0.00388	0.00278	0.00252	0.00083	0.00407	0.00201	0.00131	0.00418
20	0.00811	0.89520	0.01590	0.00519	0.00779	0.01201	0.00519	0.00909	0.00616	0.00714	0.00422	0.00487	0.00389	0.00260	0.00195	0.00065	0.00324	0.00162	0.00130	0.00389
21	0.02668	0.00551	0.00721	0.00554	0.00789	0.00499	0.00457	0.10055	0.00920	0.77719	0.01138	0.00994	0.00721	0.00373	0.00303	0.00094	0.00265	0.00300	0.00365	0.00514
22	0.00377	0.00292	0.00345	0.00373	0.00436	0.00260	0.00268	0.00454	0.00667	0.00852	0.12543	0.37859	0.39152	0.00827	0.00373	0.00112	0.00166	0.04100	0.00288	0.00257
23	0.01358	0.00522	0.00708	0.00543	0.00777	0.00455	0.00448	0.02982	0.00878	0.86137	0.01189	0.01027	0.00747	0.00375	0.00305	0.00094	0.00260	0.00305	0.00374	0.00516
24	0.00374	0.00272	0.00353	0.00412	0.00441	0.00251	0.00280	0.00435	0.00608	0.00804	0.06290	0.75253	0.09962	0.00915	0.00384	0.00120	0.00174	0.02140	0.00284	0.00250
25	0.00385	0.00289	0.00360	0.00402	0.00453	0.00263	0.00290	0.00462	0.00649	0.00843	0.10447	0.49393	0.24274	0.00859	0.00380	0.00117	0.00178	0.09415	0.00287	0.00256
26	0.00602	0.00569	0.00963	0.74411	0.16059	0.00682	0.00857	0.00801	0.00620	0.00811	0.00544	0.00799	0.00417	0.00298	0.00303	0.00099	0.00397	0.00270	0.00137	0.00361
27	0.00386	0.00275	0.00351	0.00404	0.00426	0.00259	0.00269	0.00436	0.00573	0.00760	0.03551	0.65932	0.06343	0.15396	0.00575	0.00150	0.00196	0.03211	0.00267	0.00239
28	0.00835	0.68658	0.03307	0.00657	0.07931	0.03536	0.00569	0.07883	0.00696	0.00847	0.00466	0.00536	0.00408	0.00270	0.00217	0.00070	0.00335	0.00183	0.00147	0.02448
29	0.06300	0.64104	0.10996	0.00579	0.00837	0.03491	0.00586	0.03517	0.00636	0.00819	0.00445	0.00523	0.00390	0.00284	0.00256	0.00075	0.05451	0.00179	0.00139	0.00392
30	0.00379	0.00274	0.00359	0.00409	0.00441	0.00254	0.00280	0.00449	0.00635	0.00853	0.16559	0.69587	0.06628	0.00884	0.00381	0.00117	0.00169	0.00797	0.00291	0.00254
31	0.00438	0.00307	0.00397	0.00397	0.00419	0.00330	0.00266	0.00483	0.00461	0.00637	0.00896	0.01652	0.00958	0.52774	0.37909	0.00375	0.00512	0.00392	0.00175	0.00220
32	0.00406	0.00320	0.00370	0.00387	0.00459	0.00298	0.00278	0.00548	0.07763	0.00901	0.15319	0.34325	0.35950	0.00783	0.00365	0.00109	0.00167	0.00683	0.00292	0.00276
33	0.00685	0.17660	0.55945	0.02724	0.01242	0.05385	0.10419	0.00962	0.00655	0.00901	0.00525	0.00631	0.00394	0.00281	0.00278	0.00090	0.00437	0.00227	0.00133	0.00426
34	0.00962	0.00753	0.00830	0.07830	0.00980	0.00852	0.00564	0.48863	0.32186	0.01588	0.00896	0.00881	0.00655	0.00376	0.00305	0.00096	0.00306	0.00298	0.00292	0.00489
35	0.00440	0.00294	0.00331	0.00332	0.00333	0.00293	0.00186	0.00441	0.00444	0.00591	0.00968	0.03478	0.01119	0.87823	0.01524	0.00291	0.00292	0.00448	0.00186	0.00185
36	0.00640	0.09989	0.64400	0.00838	0.01202	0.00786	0.04248	0.00925	0.00617	0.00906	0.00515	0.00635	0.00390	0.00317	0.00377	0.00098	0.12332	0.00229	0.00130	0.00425
37	0.00378	0.00308	0.00334	0.00328	0.00422	0.00264	0.00246	0.00473	0.00738	0.00929	0.26297	0.02740	0.64030	0.00728	0.00358	0.00101	0.00151	0.00615	0.00296	0.00264
38	0.00792	0.00739	0.02252	0.03099	0.35936	0.04549	0.11051	0.08054	0.19487	0.03605	0.00807	0.01001	0.00655	0.00349	0.00321	0.00098	0.01059	0.05480	0.00211	0.00453
39	0.00795	0.82356	0.08609	0.00547	0.00822	0.01160	0.00568	0.00913	0.00618	0.00734	0.00432	0.00499	0.00389	0.00262	0.00202	0.00067	0.00335	0.00167	0.00130	0.00394
40	0.00423	0.00310	0.00396	0.00375	0.00449	0.00283	0.00281	0.00560	0.00843	0.01180	0.79411	0.02327	0.10759	0.00634	0.00358	0.00096	0.00144	0.00557	0.00329	0.00283
41	0.00726	0.00695	0.01186	0.14151	0.75353	0.00714	0.00919	0.00909	0.00679	0.00961	0.00566	0.00759	0.00470	0.00275	0.00301	0.00092	0.00367	0.00270	0.00148	0.00460

[dist]
# distance from previous block
# <min> <max>
0	1

[block]
# block no. 3 follows, 95 sequences, length 81
# corresponding to MSA columns:
# 340-406,411,412,425-436
name=unknown_D
#
# <colnr> <probs for GDERKNQSTAVLIFYWHMCP>
#	G	D	E	R	K	N	Q	S	T	A	V	L	I	F	Y	W	H	M	C	P
0	0.00763	0.00640	0.00744	0.01594	0.07108	0.00670	0.01359	0.13732	0.40840	0.01256	0.03305	0.01030	0.00793	0.00368	0.00293	0.00088	0.00262	0.03189	0.00263	0.21704
1	0.00375	0.00268	0.00358	0.00429	0.00449	0.00251	0.00291	0.00432	0.00586	0.00781	0.01669	0.85104	0.01994	0.00945	0.00389	0.00124	0.00181	0.04842	0.00282	0.00248
2	0.06024	0.00752	0.01126	0.08819	0.45200	0.07603	0.10336	0.00953	0.04978	0.00965	0.01632	0.00762	0.00500	0.00311	0.00365	0.00096	0.08718	0.00275	0.00160	0.00425
3	0.80803	0.03041	0.00514	0.00425	0.00620	0.00709	0.00352	0.07115	0.00587	0.01377	0.00447	0.00512	0.00346	0.00286	0.00197	0.00092	0.00244	0.00172	0.00194	0.01965
4	0.00794	0.61319	0.13881	0.00587	0.00854	0.04695	0.00599	0.07123	0.00687	0.00842	0.00539	0.05849	0.00495	0.00315	0.00231	0.00075	0.00343	0.00223	0.00152	0.00397
5	0.00722	0.00689	0.00916	0.00782	0.00803	0.04023	0.00649	0.02468	0.00516	0.04685	0.00443	0.00678	0.00416	0.00513	0.00925	0.00128	0.79884	0.00265	0.00148	0.00345
6	0.00406	0.00317	0.00469	0.00500	0.01721	0.00296	0.06223	0.00483	0.00612	0.00813	0.04126	0.69752	0.07010	0.00867	0.00383	0.00120	0.00205	0.05159	0.00272	0.00264
7	0.10254	0.00829	0.06046	0.00659	0.00905	0.01534	0.00567	0.60226	0.03562	0.11300	0.00750	0.00743	0.00526	0.00353	0.00291	0.00092	0.00321	0.00264	0.00288	0.00491
8	0.00573	0.00539	0.00910	0.88608	0.02090	0.00674	0.00843	0.00775	0.00607	0.00775	0.00539	0.00809	0.00404	0.00303	0.00303	0.00101	0.00404	0.00270	0.00135	0.00337
9	0.02679	0.00514	0.00694	0.00534	0.00766	0.00447	0.00441	0.01459	0.00860	0.85153	0.01183	0.01026	0.00745	0.00374	0.00302	0.00094	0.00256	0.00303	0.01660	0.00510
10	0.00370	0.00308	0.00324	0.00320	0.00417	0.00261	0.00240	0.00458	0.00720	0.00886	0.17200	0.02810	0.73153	0.00744	0.00358	0.00101	0.00152	0.00625	0.00291	0.00261
11	0.89012	0.00585	0.00453	0.00403	0.00592	0.00674	0.00332	0.00908	0.00526	0.03725	0.00444	0.00508	0.00340	0.00284	0.00191	0.00094	0.00235	0.00168	0.00193	0.00334
12	0.00573	0.00539	0.00910	0.88608	0.02090	0.00674	0.00843	0.00775	0.00607	0.00775	0.00539	0.00809	0.00404	0.00303	0.00303	0.00101	0.00404	0.00270	0.00135	0.00337
13	0.00362	0.00298	0.00318	0.00333	0.00417	0.00255	0.00242	0.00435	0.00671	0.00817	0.04317	0.20933	0.67945	0.00804	0.00365	0.00107	0.00158	0.00685	0.00283	0.00255
14	0.01194	0.00479	0.00634	0.00498	0.00708	0.00414	0.00407	0.01307	0.00835	0.72466	0.01437	0.01287	0.12247	0.00427	0.00308	0.00094	0.00239	0.00349	0.04197	0.00472
15	0.91480	0.00587	0.00446	0.00399	0.00587	0.00681	0.00329	0.00892	0.00516	0.01361	0.00422	0.00493	0.00329	0.00282	0.00188	0.00094	0.00235	0.00164	0.00188	0.00329
16	0.00766	0.00708	0.02447	0.13837	0.62285	0.00717	0.03838	0.04930	0.00718	0.04664	0.00599	0.00769	0.00480	0.00287	0.00313	0.00093	0.01651	0.00274	0.00164	0.00459
17	0.34515	0.40497	0.06247	0.00558	0.04400	0.03043	0.00496	0.01541	0.00597	0.02239	0.00479	0.02263	0.00413	0.00312	0.01284	0.00086	0.00308	0.00191	0.00161	0.00372
18	0.91480	0.00587	0.00446	0.00399	0.00587	0.00681	0.00329	0.00892	0.00516	0.01361	0.00422	0.00493	0.00329	0.00282	0.00188	0.00094	0.00235	0.00164	0.00188	0.00329
19	0.00674	0.00642	0.01092	0.39434	0.50475	0.00701	0.00893	0.00864	0.00654	0.00898	0.00557	0.00776	0.00448	0.00285	0.00302	0.00095	0.00380	0.00270	0.00144	0.00418
20	0.00690	0.00593	0.00626	0.00569	0.00727	0.00671	0.00441	0.01417	0.72200	0.01209	0.05085	0.02554	0.10963	0.00469	0.00318	0.00103	0.00225	0.00393	0.00306	0.00443
21	0.00720	0.00690	0.01176	0.16739	0.72806	0.00713	0.00916	0.00904	0.00676	0.00954	0.00565	0.00761	0.00468	0.00276	0.00301	0.00092	0.00368	0.00270	0.00148	0.00456
22	0.00483	0.05755	0.06797	0.00410	0.00462	0.00400	0.00305	0.00525	0.00482	0.00647	0.00923	0.04315	0.01036	0.67680	0.01956	0.00251	0.03159	0.04007	0.00182	0.00227
23	0.01021	0.00597	0.00695	0.00576	0.00774	0.00624	0.00462	0.11706	0.37014	0.34947	0.03623	0.01077	0.00858	0.00395	0.00304	0.00096	0.00251	0.00323	0.04171	0.00485
24	0.00361	0.00307	0.00311	0.00312	0.00412	0.00257	0.00233	0.00439	0.00694	0.00831	0.05576	0.04651	0.83052	0.00768	0.00359	0.00103	0.00154	0.00642	0.00283	0.00257
25	0.00609	0.01569	0.87765	0.00865	0.01313	0.00705	0.01121	0.00961	0.00641	0.00961	0.00544	0.00641	0.00384	0.00288	0.00288	0.00096	0.00448	0.00224	0.00128	0.00448
26	0.01102	0.01453	0.06075	0.00787	0.00960	0.82874	0.00618	0.01196	0.00847	0.00756	0.00474	0.00553	0.00390	0.00311	0.00274	0.00079	0.00541	0.00197	0.00155	0.00358
27	0.00881	0.00449	0.00565	0.00475	0.00623	0.00424	0.00368	0.04003	0.09645	0.37650	0.25236	0.01558	0.03890	0.12270	0.00486	0.00122	0.00229	0.00404	0.00326	0.00397
28	0.00911	0.00729	0.00774	0.00649	0.00849	0.00828	0.00518	0.34902	0.53352	0.01522	0.01036	0.00974	0.00765	0.00393	0.00307	0.00098	0.00277	0.00316	0.00307	0.00494
29	0.00643	0.00610	0.01030	0.54554	0.34524	0.00693	0.00872	0.00845	0.01692	0.00863	0.00560	0.00791	0.00440	0.00292	0.00302	0.00097	0.00386	0.00271	0.00143	0.00393
30	0.00765	0.00637	0.00670	0.00598	0.00766	0.00731	0.00467	0.06636	0.75491	0.01298	0.01187	0.01108	0.00891	0.00405	0.00301	0.00100	0.00239	0.00334	0.06909	0.00468
31	0.00597	0.00563	0.00953	0.77090	0.13423	0.00680	0.00854	0.00796	0.00618	0.00804	0.00543	0.00801	0.00415	0.00299	0.00303	0.00100	0.00399	0.00270	0.00137	0.00356
32	0.00371	0.00305	0.00319	0.00319	0.00409	0.00261	0.00233	0.00446	0.00683	0.00833	0.09596	0.05880	0.71253	0.07208	0.00446	0.00117	0.00164	0.00626	0.00279	0.00253
33	0.00417	0.00310	0.00388	0.00369	0.00446	0.00281	0.00276	0.00548	0.00829	0.01146	0.72350	0.02382	0.17841	0.00647	0.00358	0.00097	0.00145	0.00565	0.00325	0.00281
34	0.00377	0.00272	0.00357	0.00411	0.00440	0.00252	0.00279	0.00443	0.00623	0.00835	0.12968	0.73040	0.06784	0.00897	0.00382	0.00118	0.00170	0.00809	0.00289	0.00252
35	0.01207	0.00552	0.00848	0.07037	0.00965	0.00500	0.11349	0.01348	0.00826	0.68663	0.01071	0.00991	0.00690	0.00355	0.00310	0.00095	0.00299	0.00309	0.02103	0.00485
36	0.12095	0.68920	0.03804	0.00531	0.00780	0.06832	0.00516	0.00936	0.00624	0.02065	0.00440	0.00504	0.00387	0.00268	0.00203	0.00071	0.00330	0.00168	0.00142	0.00383
37	0.00870	0.00858	0.12621	0.00754	0.01001	0.02025	0.11874	0.32757	0.24530	0.02577	0.05299	0.01927	0.00742	0.00372	0.00313	0.00097	0.00337	0.00317	0.00262	0.00466
38	0.00725	0.00688	0.01124	0.13128	0.64601	0.00725	0.00865	0.00974	0.09491	0.00983	0.00629	0.00795	0.00514	0.00297	0.00324	0.00094	0.03146	0.00278	0.00164	0.00457
39	0.00376	0.00308	0.00331	0.00325	0.00420	0.00263	0.00244	0.00469	0.00732	0.00915	0.23390	0.02762	0.66946	0.00733	0.00358	0.00101	0.00151	0.00618	0.00294	0.00263
40	0.00701	0.00677	0.00924	0.00786	0.00807	0.00927	0.00654	0.06981	0.01943	0.00825	0.00436	0.00676	0.00415	0.00517	0.00934	0.00129	0.80904	0.00267	0.00148	0.00348
41	0.00361	0.00300	0.00316	0.00327	0.00415	0.00255	0.00240	0.00435	0.00675	0.00816	0.03722	0.17129	0.72373	0.00797	0.00363	0.00106	0.00157	0.00676	0.00282	0.00255
42	0.00376	0.00269	0.00360	0.00430	0.00451	0.00252	0.00293	0.00434	0.00587	0.00782	0.01669	0.84320	0.01992	0.00944	0.00389	0.00124	0.00182	0.05616	0.00282	0.00248
43	0.91480	0.00587	0.00446	0.00399	0.00587	0.00681	0.00329	0.00892	0.00516	0.01361	0.00422	0.00493	0.00329	0.00282	0.00188	0.00094	0.00235	0.00164	0.00188	0.00329
44	0.21936	0.00737	0.00728	0.03686	0.00837	0.05664	0.00488	0.42001	0.06190	0.07193	0.00717	0.00740	0.00521	0.00343	0.00269	0.00091	0.00301	0.00251	0.06869	0.00438
45	0.00480	0.00443	0.06752	0.00423	0.00478	0.04054	0.00315	0.00541	0.00514	0.00692	0.07338	0.01693	0.01085	0.55492	0.18180	0.00293	0.00406	0.00400	0.00186	0.00235
46	0.00732	0.04625	0.14439	0.04722	0.17764	0.00751	0.38405	0.01035	0.09428	0.04082	0.00668	0.00804	0.00505	0.00286	0.00321	0.00097	0.00424	0.00306	0.00171	0.00436
47	0.01043	0.02722	0.00870	0.04482	0.00960	0.70110	0.00596	0.03704	0.00817	0.00777	0.00483	0.00592	0.00407	0.00391	0.02978	0.00096	0.08251	0.00210	0.00158	0.00353
48	0.00385	0.00326	0.00335	0.00334	0.00435	0.00287	0.00250	0.00510	0.05865	0.00858	0.05789	0.06674	0.75397	0.00750	0.00357	0.00103	0.00160	0.00629	0.00285	0.00270
49	0.03858	0.02422	0.01137	0.21675	0.29186	0.03637	0.15578	0.00937	0.00671	0.08840	0.00618	0.01947	0.00488	0.00316	0.00361	0.00098	0.07363	0.00288	0.00169	0.00412
50	0.00452	0.00335	0.00419	0.00433	0.00507	0.00322	0.00341	0.00551	0.00693	0.03767	0.14669	0.17764	0.31617	0.00771	0.00409	0.00115	0.04653	0.21621	0.00284	0.00277
51	0.03069	0.00518	0.00699	0.00537	0.00771	0.00450	0.00444	0.01467	0.00862	0.86019	0.01182	0.01022	0.00743	0.00374	0.00303	0.00094	0.00258	0.00302	0.00372	0.00513
52	0.00610	0.00582	0.01007	0.64213	0.17195	0.00676	0.06254	0.00810	0.00632	0.00831	0.00591	0.00901	0.00474	0.00315	0.00311	0.00101	0.00399	0.03590	0.00144	0.00365
53	0.00701	0.20934	0.26269	0.20762	0.02677	0.04978	0.00770	0.01043	0.17206	0.00912	0.00645	0.00736	0.00496	0.00310	0.00274	0.00091	0.00374	0.00243	0.00166	0.00412
54	0.01331	0.00557	0.00728	0.00559	0.00794	0.00507	0.00462	0.11433	0.01714	0.76826	0.01142	0.00998	0.00725	0.00375	0.00305	0.00094	0.00267	0.00302	0.00366	0.00516
55	0.00381	0.00307	0.00339	0.00334	0.00424	0.00265	0.00249	0.00477	0.00740	0.00940	0.28900	0.05310	0.58813	0.00728	0.00359	0.00101	0.00151	0.00619	0.00298	0.00265
56	0.07173	0.00359	0.00391	0.00362	0.00454	0.00364	0.00277	0.07236	0.00775	0.01241	0.34620	0.01497	0.01539	0.00453	0.00274	0.00084	0.00164	0.00377	0.42054	0.00305
57	0.01018	0.07007	0.00935	0.14102	0.01091	0.27569	0.00616	0.34135	0.01005	0.04303	0.00599	0.00676	0.00455	0.00341	0.00322	0.00089	0.04860	0.00242	0.00215	0.00421
58	0.00370	0.00264	0.00352	0.00422	0.00440	0.00246	0.00282	0.00422	0.00581	0.00775	0.01672	0.89139	0.02007	0.00951	0.00387	0.00123	0.00176	0.00863	0.00282	0.00246
59	0.00364	0.00308	0.00315	0.00313	0.00413	0.00258	0.00235	0.00445	0.00704	0.00849	0.09201	0.02872	0.81176	0.00758	0.00359	0.00102	0.00153	0.00634	0.00286	0.00258
60	0.00414	0.00323	0.00490	0.03648	0.00601	0.00310	0.06584	0.00496	0.00605	0.00803	0.01567	0.69748	0.02982	0.00863	0.00385	0.00122	0.00219	0.09308	0.00267	0.00265
61	0.91480	0.00587	0.00446	0.00399	0.00587	0.00681	0.00329	0.00892	0.00516	0.01361	0.00422	0.00493	0.00329	0.00282	0.00188	0.00094	0.00235	0.00164	0.00188	0.00329
62	0.01117	0.00845	0.00926	0.00787	0.07509	0.05380	0.01394	0.67074	0.02233	0.06996	0.00730	0.00744	0.00523	0.00358	0.00315	0.00091	0.01921	0.00272	0.00284	0.00500
63	0.00652	0.00668	0.07067	0.00557	0.00836	0.03791	0.07117	0.00809	0.00645	0.00974	0.00552	0.01332	0.00455	0.00241	0.00243	0.00055	0.00275	0.00203	0.00174	0.73356
64	0.00666	0.00538	0.00633	0.00454	0.00722	0.00407	0.00364	0.00800	0.00641	0.05352	0.00572	0.00649	0.00465	0.00232	0.00229	0.00047	0.00226	0.00186	0.00190	0.86626
65	0.37207	0.00754	0.00707	0.00572	0.00787	0.05685	0.00469	0.41347	0.00991	0.07866	0.00626	0.00646	0.00451	0.00329	0.00256	0.00092	0.00301	0.00228	0.00254	0.00432
66	0.00804	0.00738	0.01189	0.01708	0.75959	0.00750	0.00884	0.12284	0.00789	0.01113	0.00592	0.00748	0.00485	0.00283	0.00301	0.00090	0.00357	0.00271	0.00171	0.00485
67	0.00415	0.00310	0.00386	0.00367	0.00444	0.00280	0.00275	0.00545	0.00825	0.01136	0.70268	0.02398	0.19930	0.00650	0.00358	0.00097	0.00145	0.00567	0.00323	0.00280
68	0.00435	0.00320	0.00460	0.00460	0.00505	0.00364	0.00345	0.00524	0.00479	0.00684	0.00838	0.01331	0.00819	0.17517	0.72976	0.00454	0.00722	0.00345	0.00166	0.00256
69	0.69554	0.00710	0.00532	0.00470	0.00657	0.13829	0.00378	0.00994	0.00601	0.09233	0.00501	0.00551	0.00377	0.00295	0.00212	0.00092	0.00284	0.00182	0.00200	0.00349
70	0.03338	0.01149	0.00968	0.12526	0.04802	0.54571	0.09944	0.02401	0.03946	0.00835	0.00528	0.00645	0.00424	0.00312	0.00303	0.00087	0.02459	0.00233	0.00161	0.00368
71	0.00379	0.00278	0.00359	0.00418	0.00453	0.00257	0.00293	0.00444	0.00609	0.00796	0.02532	0.68649	0.13918	0.00912	0.00386	0.00122	0.00182	0.08479	0.00282	0.00251
72	0.00588	0.00558	0.00950	0.80790	0.08064	0.00679	0.02549	0.00790	0.00615	0.00794	0.00543	0.00805	0.00411	0.00300	0.00304	0.00100	0.00403	0.00271	0.00136	0.00349
73	0.00865	0.00685	0.00717	0.01450	0.05472	0.11507	0.02188	0.05823	0.33421	0.16908	0.02228	0.01275	0.14266	0.00438	0.00320	0.00097	0.01269	0.00357	0.00283	0.00431
74	0.00429	0.00325	0.00407	0.00392	0.00466	0.00308	0.00297	0.00547	0.00780	0.01796	0.54853	0.07843	0.22338	0.00677	0.00389	0.00102	0.03902	0.03560	0.00308	0.00280
75	0.05873	0.00625	0.00731	0.00571	0.00799	0.05792	0.00468	0.14019	0.00933	0.65374	0.01045	0.00931	0.00673	0.00365	0.00297	0.00093	0.00286	0.00287	0.00342	0.00497
76	0.06294	0.01521	0.00814	0.00653	0.03205	0.03857	0.00520	0.43875	0.01653	0.31303	0.02683	0.00847	0.00632	0.00364	0.00297	0.00092	0.00306	0.00280	0.00311	0.00492
77	0.00623	0.00595	0.00948	0.73673	0.12411	0.03313	0.00840	0.02510	0.00641	0.00823	0.00545	0.00792	0.00416	0.00301	0.00302	0.00099	0.00402	0.00268	0.00141	0.00358
78	0.03229	0.00455	0.00665	0.00635	0.04125	0.00447	0.09917	0.06532	0.03800	0.08539	0.07229	0.25118	0.05325	0.00660	0.00364	0.00115	0.00265	0.21970	0.00273	0.00338
79	0.02670	0.04443	0.01024	0.05142	0.42311	0.02409	0.00715	0.13162	0.01689	0.20558	0.02452	0.00827	0.00586	0.00318	0.00296	0.00091	0.00330	0.00277	0.00227	0.00474
80	0.00687	0.15327	0.57421	0.00824	0.01204	0.00797	0.08713	0.07133	0.01564	0.00991	0.00574	0.02403	0.00439	0.00301	0.00283	0.00092	0.00419	0.00244	0.00148	0.00437

[dist]
# distance from previous block
# <min> <max>
0	15

# created by:
# /home/simao/soft/augustus-3.0.3/scripts/msa2prfl.pl ./prep/96703.aln
