[name]
unknown

[dist]
# distance from previous block
# <min> <max>
0	59

[block]
# block no. 0 follows, 80 sequences, length 19
# corresponding to MSA columns:
# 67-85
name=unknown_A
#
# <colnr> <probs for GDERKNQSTAVLIFYWHMCP>
#	G	D	E	R	K	N	Q	S	T	A	V	L	I	F	Y	W	H	M	C	P
0	0.00590	0.00434	0.00583	0.00649	0.00740	0.00444	0.00561	0.00827	0.08535	0.01082	0.01808	0.03694	0.01921	0.00919	0.00470	0.00157	0.00317	0.75602	0.00324	0.00343
1	0.00557	0.00377	0.00421	0.00406	0.00423	0.00383	0.00239	0.05543	0.00575	0.00768	0.01084	0.02197	0.01228	0.82497	0.01690	0.00324	0.00341	0.00496	0.00220	0.00234
2	0.00556	0.00441	0.00580	0.05711	0.03191	0.00421	0.03427	0.04436	0.02073	0.02693	0.35090	0.06822	0.31785	0.00722	0.00403	0.00115	0.00225	0.00627	0.00331	0.00349
3	0.00475	0.00376	0.00568	0.00573	0.00635	0.00353	0.08044	0.00583	0.02180	0.00965	0.08824	0.69084	0.04043	0.00972	0.00437	0.00136	0.00235	0.00892	0.00316	0.00309
4	0.01150	0.00754	0.00850	0.00691	0.00921	0.00806	0.00557	0.33553	0.24074	0.19894	0.10418	0.01241	0.01082	0.00469	0.00356	0.00109	0.00308	0.00379	0.01839	0.00549
5	0.00730	0.02605	0.34497	0.05872	0.15402	0.00760	0.00927	0.03525	0.12227	0.01149	0.03360	0.08159	0.04465	0.00465	0.00379	0.00115	0.03094	0.01571	0.00218	0.00480
6	0.00475	0.00353	0.00432	0.00465	0.00532	0.00329	0.00349	0.00570	0.00748	0.00966	0.11228	0.20584	0.26211	0.14004	0.00642	0.00166	0.00241	0.21102	0.00313	0.00290
7	0.00968	0.00866	0.07080	0.07456	0.25779	0.00839	0.05646	0.23302	0.07217	0.06694	0.08121	0.01058	0.00840	0.00403	0.00372	0.00109	0.02113	0.00350	0.00264	0.00524
8	0.00924	0.74672	0.06265	0.00671	0.00970	0.04140	0.03840	0.01056	0.00719	0.00849	0.00502	0.00592	0.00451	0.00311	0.00266	0.00081	0.02887	0.00204	0.00151	0.00449
9	0.00654	0.00558	0.00593	0.00583	0.00693	0.05071	0.00430	0.01092	0.33434	0.01191	0.14774	0.33598	0.04417	0.00748	0.00397	0.00124	0.00247	0.00655	0.00338	0.00402
10	0.00475	0.00365	0.00437	0.00424	0.00517	0.00333	0.00316	0.00636	0.03688	0.01220	0.50670	0.08550	0.29518	0.00786	0.00412	0.00115	0.00175	0.00681	0.00360	0.00322
11	0.00817	0.00727	0.01249	0.50080	0.06957	0.00819	0.16893	0.07867	0.00818	0.06231	0.00697	0.00930	0.00517	0.00356	0.00389	0.00116	0.03569	0.00332	0.00193	0.00443
12	0.00463	0.00375	0.00413	0.00406	0.00513	0.00338	0.00303	0.00624	0.05870	0.01095	0.25653	0.08204	0.52845	0.00825	0.00411	0.00117	0.00181	0.00703	0.00342	0.00319
13	0.00872	0.03017	0.04249	0.00864	0.09014	0.01888	0.08412	0.08966	0.02760	0.06741	0.00728	0.02694	0.00591	0.00358	0.00395	0.00089	0.09218	0.00289	0.00225	0.38633
14	0.00773	0.00633	0.00739	0.00531	0.00839	0.00490	0.00426	0.04096	0.00767	0.03808	0.00652	0.00742	0.00531	0.00270	0.00265	0.00055	0.00264	0.00215	0.00219	0.83685
15	0.00847	0.10075	0.22272	0.05172	0.01105	0.00803	0.04610	0.10129	0.05404	0.06154	0.00706	0.00871	0.00559	0.00543	0.00602	0.17235	0.08789	0.00291	0.00203	0.03630
16	0.00861	0.19414	0.03979	0.00992	0.09065	0.06542	0.20989	0.04479	0.04443	0.04591	0.00891	0.14053	0.00832	0.02203	0.00412	0.00113	0.04245	0.00415	0.01035	0.00445
17	0.00499	0.00335	0.00383	0.00391	0.00393	0.00333	0.00223	0.00505	0.00523	0.00698	0.01182	0.10787	0.01372	0.79093	0.01643	0.00319	0.00325	0.00556	0.00223	0.00219
18	0.16628	0.03570	0.09446	0.02780	0.07127	0.13919	0.02776	0.17993	0.02708	0.05171	0.00661	0.00770	0.00513	0.00419	0.00447	0.02847	0.11263	0.00273	0.00226	0.00464

[dist]
# distance from previous block
# <min> <max>
0	1

[block]
# block no. 1 follows, 80 sequences, length 36
# corresponding to MSA columns:
# 87-122
name=unknown_B
#
# <colnr> <probs for GDERKNQSTAVLIFYWHMCP>
#	G	D	E	R	K	N	Q	S	T	A	V	L	I	F	Y	W	H	M	C	P
0	0.00693	0.03539	0.06499	0.25749	0.19537	0.00684	0.04455	0.03575	0.00794	0.01837	0.11687	0.13562	0.02396	0.00513	0.00380	0.00115	0.01402	0.01936	0.00227	0.00421
1	0.00869	0.22313	0.03200	0.00954	0.18363	0.06974	0.01991	0.07500	0.00816	0.01091	0.00697	0.06291	0.00630	0.00427	0.02737	0.00099	0.01788	0.00294	0.00199	0.22768
2	0.00758	0.00599	0.00732	0.01743	0.00818	0.01904	0.05904	0.13676	0.17528	0.04634	0.01600	0.26803	0.11423	0.04222	0.00442	0.00127	0.00289	0.00588	0.00313	0.05897
3	0.00903	0.07167	0.06534	0.00842	0.06813	0.17608	0.08627	0.03515	0.03587	0.09601	0.05397	0.06077	0.08408	0.02074	0.04287	0.00129	0.00426	0.03103	0.00249	0.04650
4	0.00872	0.20481	0.20571	0.00861	0.04764	0.00925	0.08296	0.14012	0.06788	0.02618	0.06573	0.01021	0.02236	0.01268	0.00359	0.00104	0.02335	0.01560	0.00227	0.04129
5	0.01377	0.00654	0.00835	0.03471	0.00951	0.00629	0.00550	0.18602	0.02306	0.56386	0.05056	0.01286	0.00955	0.00461	0.00357	0.00110	0.00314	0.03731	0.01409	0.00560
6	0.00423	0.00346	0.00374	0.00384	0.00482	0.00296	0.00281	0.00514	0.00794	0.00981	0.11673	0.17162	0.63277	0.00901	0.00418	0.00121	0.00180	0.00768	0.00330	0.00296
7	0.00882	0.00797	0.10657	0.06449	0.12583	0.02288	0.00692	0.09213	0.17343	0.12238	0.05724	0.04064	0.07270	0.03476	0.00414	0.00122	0.00344	0.04673	0.00291	0.00482
8	0.02613	0.27380	0.16820	0.00886	0.07239	0.05036	0.04571	0.05623	0.02952	0.04719	0.02561	0.00863	0.03342	0.00401	0.00430	0.00105	0.13513	0.00286	0.00194	0.00465
9	0.00803	0.01368	0.45054	0.07277	0.02554	0.09626	0.11275	0.01109	0.01888	0.04913	0.03729	0.01998	0.01535	0.00419	0.02021	0.00120	0.03339	0.00315	0.00184	0.00474
10	0.00424	0.00321	0.00392	0.00444	0.00496	0.00289	0.00306	0.00498	0.00721	0.00930	0.06232	0.58100	0.27561	0.01012	0.00434	0.00133	0.00193	0.00898	0.00327	0.00289
11	0.01283	0.03295	0.01007	0.00894	0.01071	0.82542	0.00675	0.01373	0.00972	0.00853	0.00536	0.00631	0.00450	0.00365	0.00334	0.00091	0.02820	0.00226	0.00179	0.00405
12	0.02227	0.01079	0.18658	0.14148	0.25285	0.14081	0.00914	0.03825	0.03897	0.03260	0.03149	0.02872	0.03211	0.00395	0.00345	0.00108	0.00445	0.01426	0.00201	0.00474
13	0.00844	0.00796	0.01367	0.07529	0.71747	0.00803	0.04420	0.01053	0.00791	0.02089	0.00710	0.00982	0.00602	0.00337	0.00351	0.00107	0.00417	0.03028	0.01500	0.00528
14	0.00470	0.00342	0.00477	0.00509	0.00548	0.00364	0.00365	0.00555	0.00597	0.00826	0.01347	0.35736	0.01490	0.12189	0.42077	0.00367	0.00572	0.00636	0.00244	0.00288
15	0.01483	0.00609	0.00805	0.00622	0.00881	0.00547	0.00512	0.08200	0.01045	0.73955	0.05149	0.01226	0.00953	0.00443	0.00352	0.00107	0.00296	0.00360	0.01878	0.00577
16	0.01295	0.03503	0.01007	0.00892	0.01075	0.84525	0.00673	0.01386	0.00983	0.00853	0.00538	0.00628	0.00449	0.00358	0.00313	0.00090	0.00624	0.00224	0.00179	0.00405
17	0.00852	0.00818	0.01396	0.06810	0.80981	0.00826	0.01065	0.01061	0.00789	0.01126	0.00654	0.00867	0.00548	0.00313	0.00346	0.00104	0.00417	0.00311	0.00172	0.00544
18	0.00473	0.00356	0.00438	0.00417	0.00509	0.00320	0.00313	0.00618	0.00939	0.01283	0.64509	0.02798	0.24233	0.00757	0.00412	0.00112	0.00168	0.00658	0.00369	0.00320
19	0.00453	0.00346	0.00420	0.00425	0.00506	0.00312	0.00312	0.00570	0.00845	0.01124	0.38042	0.20107	0.30413	0.00900	0.02664	0.00131	0.00198	0.01577	0.00346	0.00308
20	0.00686	0.01862	0.00869	0.00718	0.02490	0.00564	0.11267	0.02052	0.00717	0.04209	0.02994	0.15513	0.01919	0.01631	0.13552	0.00175	0.08510	0.03141	0.00233	0.26897
21	0.09005	0.16508	0.01152	0.00945	0.10319	0.42786	0.00689	0.02156	0.00834	0.00957	0.00531	0.00656	0.00457	0.00372	0.00397	0.00098	0.11300	0.00235	0.00175	0.00425
22	0.00469	0.00343	0.00423	0.00425	0.00502	0.00312	0.00310	0.00595	0.00867	0.01188	0.46206	0.20666	0.20727	0.00817	0.00411	0.00117	0.00175	0.00716	0.04418	0.00312
23	0.90202	0.00675	0.00513	0.00459	0.00675	0.00783	0.00378	0.01026	0.00594	0.01565	0.00486	0.00567	0.00378	0.00324	0.00216	0.00108	0.00270	0.00189	0.00216	0.00378
24	0.00430	0.00307	0.00410	0.00489	0.00512	0.00287	0.00330	0.00495	0.00678	0.00906	0.03737	0.83610	0.02322	0.01082	0.00446	0.00141	0.00205	0.03003	0.00325	0.00285
25	0.00663	0.00346	0.00362	0.00352	0.00434	0.00344	0.00259	0.02149	0.00746	0.03409	0.05768	0.01453	0.01055	0.08516	0.00399	0.00108	0.00186	0.00359	0.72767	0.00326
26	0.00425	0.00351	0.00373	0.00373	0.00480	0.00299	0.00278	0.00523	0.00817	0.01007	0.15464	0.07703	0.68962	0.00870	0.00414	0.00118	0.00176	0.00734	0.00333	0.00299
27	0.04227	0.00578	0.00666	0.00607	0.04571	0.00593	0.00454	0.13431	0.12915	0.19988	0.03969	0.01288	0.04355	0.00445	0.00315	0.00100	0.00257	0.00360	0.30413	0.00467
28	0.00455	0.00332	0.00422	0.00458	0.00509	0.00307	0.00323	0.00549	0.00769	0.01032	0.24989	0.44018	0.12961	0.06296	0.00516	0.00143	0.00203	0.05091	0.00333	0.00295
29	0.00561	0.00421	0.00606	0.02147	0.03749	0.01392	0.02878	0.00617	0.00558	0.00774	0.00920	0.05387	0.00940	0.22852	0.36426	0.14271	0.04614	0.00416	0.00191	0.00280
30	0.00944	0.85404	0.01804	0.00606	0.00901	0.03885	0.00599	0.01055	0.00717	0.00822	0.00487	0.00562	0.00448	0.00300	0.00227	0.00075	0.00381	0.00188	0.00150	0.00446
31	0.00431	0.00332	0.00385	0.00416	0.00483	0.00296	0.00290	0.00507	0.00738	0.00937	0.08948	0.37574	0.39267	0.07111	0.00522	0.00143	0.00198	0.00816	0.00321	0.00287
32	0.00584	0.00494	0.02176	0.00574	0.02161	0.01957	0.00418	0.03110	0.19669	0.01124	0.11319	0.43880	0.09495	0.00833	0.00409	0.00128	0.00234	0.00736	0.00330	0.00370
33	0.00895	0.10235	0.24355	0.02158	0.22439	0.01971	0.03456	0.14656	0.05547	0.02099	0.00704	0.00820	0.00546	0.00374	0.00369	0.03101	0.01206	0.00286	0.00205	0.04579
34	0.00677	0.00451	0.00594	0.01517	0.00684	0.00426	0.04198	0.05772	0.02319	0.11847	0.18873	0.19056	0.22063	0.00797	0.02275	0.00130	0.00255	0.05240	0.02456	0.00371
35	0.24250	0.13484	0.19403	0.02234	0.06947	0.00950	0.03852	0.19578	0.03892	0.01439	0.00649	0.00729	0.00493	0.00347	0.00295	0.00104	0.00388	0.00257	0.00221	0.00487

[dist]
# distance from previous block
# <min> <max>
0	3

[block]
# block no. 2 follows, 80 sequences, length 9
# corresponding to MSA columns:
# 126-134
name=unknown_C
#
# <colnr> <probs for GDERKNQSTAVLIFYWHMCP>
#	G	D	E	R	K	N	Q	S	T	A	V	L	I	F	Y	W	H	M	C	P
0	0.00823	0.39805	0.41800	0.00791	0.01178	0.01048	0.00922	0.01075	0.00733	0.03295	0.02896	0.00723	0.00534	0.00338	0.00308	0.00096	0.02753	0.00240	0.00163	0.00479
1	0.43914	0.00778	0.00747	0.00607	0.00845	0.00866	0.00497	0.34782	0.01045	0.08292	0.00721	0.00791	0.00537	0.03776	0.00341	0.00116	0.00321	0.00264	0.00286	0.00475
2	0.00584	0.00512	0.00839	0.00825	0.08661	0.00526	0.13524	0.00720	0.00680	0.00925	0.01367	0.13132	0.10349	0.09347	0.23849	0.00266	0.04884	0.08432	0.00230	0.00348
3	0.00431	0.00347	0.00385	0.00391	0.00487	0.00300	0.00287	0.00531	0.00816	0.01030	0.20300	0.15809	0.55903	0.00880	0.00417	0.00120	0.00178	0.00753	0.00336	0.00300
4	0.20531	0.00491	0.00613	0.09083	0.09944	0.00529	0.00472	0.00735	0.00638	0.01033	0.02726	0.21762	0.01202	0.19324	0.06117	0.00196	0.00345	0.03690	0.00235	0.00333
5	0.00740	0.00658	0.00885	0.00668	0.00915	0.00599	0.08489	0.04085	0.00727	0.01102	0.00652	0.00849	0.00562	0.03621	0.05601	0.00114	0.11379	0.00264	0.00201	0.57889
6	0.76012	0.09046	0.00673	0.00494	0.00722	0.00859	0.00417	0.06325	0.00671	0.01534	0.00508	0.00583	0.00398	0.00327	0.00225	0.00105	0.00287	0.00197	0.00218	0.00398
7	0.09462	0.62126	0.09067	0.00635	0.00935	0.01221	0.00636	0.03556	0.07747	0.01011	0.00586	0.00646	0.00496	0.00322	0.00247	0.00086	0.00368	0.00214	0.00178	0.00460
8	0.84609	0.00694	0.00546	0.00480	0.00700	0.00802	0.00396	0.06272	0.00660	0.01605	0.00508	0.00584	0.00391	0.00330	0.00224	0.00108	0.00277	0.00197	0.00224	0.00391

[dist]
# distance from previous block
# <min> <max>
5	7

[block]
# block no. 3 follows, 80 sequences, length 32
# corresponding to MSA columns:
# 147-178
name=unknown_D
#
# <colnr> <probs for GDERKNQSTAVLIFYWHMCP>
#	G	D	E	R	K	N	Q	S	T	A	V	L	I	F	Y	W	H	M	C	P
0	0.00747	0.00983	0.22147	0.06843	0.14021	0.03094	0.01731	0.02473	0.16062	0.01129	0.05117	0.02809	0.07413	0.00513	0.02083	0.00126	0.11646	0.00374	0.00224	0.00465
1	0.00513	0.00338	0.00379	0.00379	0.00381	0.00338	0.00213	0.00518	0.00516	0.00699	0.01101	0.02248	0.01255	0.84576	0.01720	0.00329	0.00332	0.00501	0.03451	0.00216
2	0.00668	0.00662	0.03667	0.81103	0.02321	0.00780	0.00964	0.00933	0.03762	0.00919	0.00649	0.00938	0.00486	0.00353	0.00349	0.00116	0.00460	0.00312	0.00162	0.00398
3	0.04089	0.00418	0.00543	0.00539	0.00632	0.00427	0.00418	0.03478	0.00725	0.11418	0.01406	0.17423	0.03563	0.08841	0.24161	0.00267	0.00454	0.15395	0.05457	0.00346
4	0.00474	0.00365	0.00435	0.00426	0.00518	0.00333	0.00316	0.00634	0.03975	0.01202	0.47360	0.11166	0.29921	0.00798	0.00413	0.00116	0.00176	0.00692	0.00357	0.00322
5	0.00482	0.00356	0.00449	0.00426	0.00514	0.00324	0.00320	0.00635	0.00959	0.01330	0.73039	0.02720	0.15673	0.00739	0.00412	0.00111	0.00166	0.00647	0.00375	0.00324
6	0.00515	0.00336	0.00386	0.00386	0.00386	0.00336	0.00218	0.00503	0.00503	0.00671	0.01063	0.02192	0.01219	0.81312	0.01745	0.06986	0.00336	0.00492	0.00207	0.00207
7	0.00712	0.00678	0.01124	0.60391	0.19190	0.00818	0.00968	0.00922	0.00700	0.00937	0.00610	0.00899	0.00482	0.00369	0.00434	0.00118	0.09760	0.00310	0.00158	0.00421
8	0.00724	0.00620	0.00724	0.00517	0.00827	0.00465	0.00413	0.00879	0.00724	0.01137	0.00620	0.00724	0.00517	0.00258	0.00258	0.00052	0.00258	0.00207	0.00207	0.89871
9	0.00506	0.00341	0.00389	0.00394	0.00401	0.00339	0.00231	0.00517	0.00532	0.00705	0.01214	0.04352	0.03443	0.79581	0.01652	0.00320	0.00330	0.04312	0.00222	0.00220
10	0.00597	0.00479	0.00682	0.10183	0.14430	0.00476	0.00538	0.00776	0.03923	0.03622	0.22790	0.14038	0.17984	0.00697	0.00401	0.00120	0.00266	0.07324	0.00300	0.00374
11	0.44003	0.20754	0.12030	0.00626	0.00889	0.02557	0.02449	0.04621	0.00691	0.01281	0.00540	0.00663	0.00443	0.02634	0.00331	0.00109	0.04545	0.00222	0.00193	0.00419
12	0.00713	0.04090	0.79427	0.00993	0.01492	0.00829	0.03861	0.01118	0.02316	0.01104	0.00640	0.00749	0.00457	0.00332	0.00332	0.00110	0.00510	0.00263	0.00152	0.00513
13	0.00460	0.00370	0.00428	0.00411	0.00509	0.00338	0.00311	0.00581	0.00869	0.01136	0.38753	0.02939	0.46877	0.00800	0.00439	0.00116	0.03333	0.00675	0.00344	0.00313
14	0.00440	0.00335	0.00409	0.00453	0.00517	0.00303	0.00329	0.00529	0.00751	0.00967	0.09574	0.43832	0.30074	0.00978	0.00435	0.00133	0.00203	0.09114	0.00329	0.00295
15	0.00631	0.00647	0.09210	0.00612	0.01818	0.00578	0.00509	0.01071	0.30272	0.01170	0.10653	0.12144	0.19093	0.03888	0.03605	0.00144	0.01797	0.01434	0.00309	0.00412
16	0.77120	0.00663	0.00557	0.00483	0.00707	0.00743	0.00398	0.01125	0.00654	0.13999	0.00617	0.00658	0.00450	0.00340	0.00236	0.00108	0.00274	0.00213	0.00248	0.00410
17	0.00749	0.00673	0.02739	0.19826	0.42273	0.00690	0.00848	0.00914	0.03760	0.00982	0.01603	0.02720	0.00627	0.00537	0.00565	0.19175	0.00392	0.00328	0.00176	0.00423
18	0.00432	0.00354	0.00380	0.00374	0.00483	0.00303	0.00280	0.00538	0.00841	0.01050	0.22773	0.03181	0.66114	0.00844	0.00412	0.00116	0.00174	0.00712	0.00338	0.00303
19	0.00891	0.00774	0.01103	0.16488	0.34380	0.00838	0.00833	0.18286	0.13705	0.01346	0.00958	0.04071	0.03946	0.00414	0.00354	0.00110	0.00380	0.00364	0.00245	0.00512
20	0.12688	0.00984	0.04930	0.05357	0.08106	0.09176	0.04156	0.41857	0.01181	0.01656	0.00715	0.00803	0.00537	0.00434	0.02262	0.00116	0.03111	0.00291	0.01131	0.00509
21	0.03693	0.00597	0.00644	0.00542	0.00707	0.03018	0.03007	0.24626	0.01014	0.07000	0.01031	0.01159	0.00788	0.00415	0.00291	0.00093	0.00267	0.01886	0.48795	0.00427
22	0.01080	0.10695	0.01008	0.00735	0.00969	0.09257	0.00599	0.35539	0.27891	0.01617	0.04086	0.01064	0.03039	0.00440	0.00337	0.00105	0.00359	0.00339	0.00313	0.00528
23	0.02260	0.00915	0.18901	0.12629	0.08411	0.01537	0.06173	0.03883	0.01700	0.14632	0.03521	0.01844	0.01392	0.00370	0.00344	0.00100	0.01475	0.01177	0.00233	0.18505
24	0.00855	0.17883	0.48687	0.00955	0.04061	0.05118	0.06116	0.06341	0.00813	0.03906	0.00637	0.00736	0.00476	0.00336	0.00329	0.00103	0.01711	0.00261	0.00174	0.00501
25	0.87413	0.00684	0.00530	0.00470	0.00688	0.00792	0.00387	0.03642	0.00627	0.01585	0.00497	0.00575	0.00385	0.00327	0.00220	0.00108	0.00273	0.00193	0.00220	0.00385
26	0.00467	0.00356	0.00412	0.00406	0.00505	0.00313	0.00304	0.00585	0.00864	0.02578	0.34911	0.09227	0.44649	0.00827	0.00415	0.00117	0.00179	0.02224	0.00349	0.00313
27	0.00742	0.00710	0.01121	0.13249	0.24465	0.01618	0.07298	0.00926	0.02713	0.01000	0.03032	0.01147	0.03791	0.00614	0.06242	0.00153	0.25364	0.03254	0.02134	0.00428
28	0.00464	0.00344	0.00433	0.00434	0.00509	0.00313	0.00316	0.00592	0.00883	0.01206	0.52344	0.21285	0.17936	0.00827	0.00419	0.00118	0.00175	0.00729	0.00360	0.00313
29	0.08061	0.04024	0.00956	0.11359	0.03023	0.00952	0.00647	0.37262	0.25751	0.01679	0.00976	0.00991	0.01941	0.00419	0.00337	0.00109	0.00351	0.00329	0.00305	0.00528
30	0.00510	0.00382	0.00484	0.00530	0.00595	0.00378	0.00396	0.00706	0.09831	0.01051	0.12278	0.45085	0.07046	0.00940	0.00437	0.00138	0.00229	0.18323	0.00334	0.00327
31	0.37294	0.09134	0.19434	0.00732	0.05555	0.00807	0.02479	0.03621	0.02165	0.01279	0.00795	0.07421	0.03587	0.00423	0.00313	0.00110	0.02626	0.01591	0.00210	0.00425

[dist]
# distance from previous block
# <min> <max>
0	2

[block]
# block no. 4 follows, 80 sequences, length 29
# corresponding to MSA columns:
# 181-193,198-202,212-216,220-225
name=unknown_E
#
# <colnr> <probs for GDERKNQSTAVLIFYWHMCP>
#	G	D	E	R	K	N	Q	S	T	A	V	L	I	F	Y	W	H	M	C	P
0	0.00505	0.00341	0.00394	0.00402	0.00412	0.00339	0.00241	0.00522	0.00547	0.00725	0.02437	0.05920	0.03496	0.75308	0.01586	0.00310	0.00325	0.05737	0.00228	0.00225
1	0.00528	0.00362	0.00404	0.00400	0.00411	0.00369	0.00231	0.00585	0.05403	0.00722	0.01118	0.02226	0.01257	0.82678	0.01694	0.00326	0.00335	0.00501	0.00220	0.00231
2	0.00970	0.55393	0.14872	0.00728	0.01048	0.09983	0.02408	0.09152	0.00834	0.01008	0.00551	0.00629	0.00463	0.00322	0.00266	0.00086	0.00427	0.00219	0.00172	0.00469
3	0.00890	0.72124	0.17277	0.00670	0.01008	0.01276	0.00724	0.01056	0.00714	0.00873	0.00511	0.00592	0.00447	0.00305	0.00244	0.00081	0.00399	0.00200	0.00149	0.00460
4	0.00427	0.00356	0.00373	0.00375	0.00488	0.00303	0.00285	0.00525	0.00812	0.00986	0.10346	0.03324	0.74300	0.00873	0.00416	0.00119	0.00183	0.04880	0.00329	0.00299
5	0.00505	0.00360	0.00442	0.00445	0.00465	0.00373	0.00290	0.00537	0.00579	0.00780	0.05504	0.15293	0.07114	0.49133	0.07993	0.03957	0.05171	0.00574	0.00237	0.00249
6	0.00437	0.00354	0.00388	0.00380	0.00487	0.00305	0.00285	0.00549	0.00854	0.01082	0.28495	0.03129	0.60373	0.00832	0.00412	0.00115	0.00173	0.00704	0.00342	0.00305
7	0.00744	0.00644	0.00790	0.00566	0.00877	0.00500	0.04028	0.03143	0.00753	0.01165	0.00630	0.00736	0.00519	0.00264	0.00267	0.00056	0.00276	0.00218	0.00209	0.83616
8	0.04803	0.00653	0.02534	0.00848	0.12098	0.00589	0.07330	0.03374	0.02196	0.23762	0.01573	0.03656	0.00762	0.03719	0.07226	0.00141	0.00987	0.00338	0.03447	0.19965
9	0.01011	0.14152	0.13630	0.03991	0.07462	0.12768	0.05618	0.09729	0.07758	0.10334	0.00765	0.01734	0.00591	0.00393	0.00402	0.00106	0.08541	0.00296	0.00227	0.00490
10	0.00833	0.00711	0.03899	0.06246	0.05355	0.10236	0.00592	0.13647	0.00901	0.07570	0.02272	0.16696	0.01219	0.04399	0.08447	0.00172	0.00419	0.14907	0.01073	0.00405
11	0.00430	0.00308	0.00406	0.00482	0.00506	0.00288	0.00324	0.00492	0.00671	0.00890	0.01951	0.80812	0.04915	0.03361	0.00480	0.00147	0.00208	0.02726	0.00321	0.00283
12	0.00666	0.00605	0.00983	0.00748	0.00956	0.00535	0.24610	0.00807	0.00682	0.00972	0.00875	0.06648	0.00866	0.27644	0.00788	0.00166	0.00375	0.00409	0.00207	0.30456
13	0.00824	0.11034	0.32834	0.01045	0.06265	0.02728	0.16050	0.04026	0.00771	0.04345	0.00717	0.00861	0.02639	0.00422	0.02046	0.00121	0.12309	0.00306	0.00179	0.00478
14	0.25452	0.00881	0.00728	0.00591	0.00844	0.20786	0.00465	0.01040	0.00750	0.01188	0.00564	0.00658	0.00463	0.00300	0.00260	0.00076	0.00349	0.00206	0.00203	0.44194
15	0.01181	0.00755	0.00823	0.00659	0.00877	0.02938	0.00535	0.41731	0.04487	0.17727	0.01015	0.01023	0.00726	0.00424	0.00345	0.00101	0.02584	0.00324	0.21227	0.00519
16	0.00764	0.00626	0.02389	0.21807	0.11349	0.00674	0.04409	0.04282	0.06260	0.08027	0.07017	0.03520	0.02807	0.04099	0.11004	0.00178	0.06566	0.00389	0.03412	0.00421
17	0.00508	0.00342	0.00417	0.00420	0.00432	0.00353	0.00260	0.00526	0.00520	0.00704	0.01073	0.04640	0.01199	0.65824	0.17192	0.04223	0.00442	0.00489	0.00208	0.00229
18	0.00968	0.48072	0.08346	0.01876	0.03210	0.03219	0.00666	0.19324	0.03044	0.01191	0.02707	0.02540	0.02744	0.00375	0.00284	0.00090	0.00380	0.00272	0.00213	0.00479
19	0.07841	0.01029	0.27053	0.00825	0.03552	0.00738	0.05385	0.05870	0.04026	0.03183	0.03338	0.00945	0.01538	0.02056	0.02129	0.00117	0.09756	0.01370	0.00208	0.19043
20	0.01113	0.11462	0.08816	0.02865	0.05972	0.10611	0.05149	0.09115	0.11054	0.24061	0.04070	0.01047	0.01544	0.00405	0.00337	0.00104	0.00390	0.01085	0.00287	0.00514
21	0.03098	0.16205	0.55738	0.00967	0.04971	0.00899	0.05934	0.03170	0.00756	0.01091	0.00656	0.03805	0.00521	0.00352	0.00320	0.00105	0.00471	0.00283	0.00164	0.00493
22	0.11682	0.02901	0.01485	0.10809	0.07009	0.11134	0.39369	0.09251	0.00877	0.01215	0.00655	0.00834	0.00500	0.00325	0.00355	0.00110	0.00505	0.00330	0.00195	0.00459
23	0.00973	0.00516	0.03646	0.00539	0.00718	0.00436	0.00442	0.01146	0.03213	0.37670	0.32738	0.06876	0.04589	0.00587	0.00376	0.00110	0.00240	0.00502	0.04230	0.00452
24	0.00607	0.00337	0.00489	0.00479	0.00479	0.00357	0.00325	0.00485	0.00465	0.00628	0.00642	0.01153	0.00657	0.09136	0.01387	0.75619	0.06102	0.00322	0.00157	0.00172
25	0.00514	0.00363	0.00443	0.00426	0.00512	0.00334	0.00314	0.00632	0.00844	0.04243	0.42275	0.03796	0.24536	0.12516	0.04635	0.00165	0.00236	0.02566	0.00335	0.00312
26	0.00597	0.00309	0.00463	0.00463	0.00468	0.00314	0.00314	0.00468	0.00463	0.00622	0.00632	0.01085	0.00627	0.01324	0.08137	0.82732	0.00353	0.00309	0.00154	0.00164
27	0.00773	0.05699	0.33883	0.05405	0.07896	0.05665	0.02469	0.01014	0.00753	0.05757	0.00848	0.12890	0.00758	0.00441	0.00351	0.00105	0.02114	0.00366	0.02304	0.10507
28	0.00693	0.00609	0.02155	0.00630	0.00766	0.07017	0.00511	0.08597	0.02271	0.01057	0.02703	0.05087	0.02153	0.01398	0.34857	0.00291	0.03940	0.12230	0.00236	0.12799

[dist]
# distance from previous block
# <min> <max>
3	25

[block]
# block no. 5 follows, 80 sequences, length 22
# corresponding to MSA columns:
# 251-272
name=unknown_F
#
# <colnr> <probs for GDERKNQSTAVLIFYWHMCP>
#	G	D	E	R	K	N	Q	S	T	A	V	L	I	F	Y	W	H	M	C	P
0	0.00837	0.27607	0.14934	0.14393	0.13559	0.05587	0.03600	0.04309	0.04073	0.01021	0.00761	0.03936	0.03224	0.00375	0.00313	0.00100	0.00422	0.00304	0.00183	0.00462
1	0.00458	0.00325	0.00433	0.00508	0.00538	0.00311	0.00361	0.00533	0.00682	0.00904	0.01844	0.64674	0.02168	0.07871	0.00557	0.00161	0.00236	0.16836	0.00315	0.00285
2	0.00506	0.00379	0.00525	0.00521	0.00566	0.00429	0.00384	0.00594	0.00560	0.00787	0.01097	0.05312	0.04304	0.23463	0.54484	0.00452	0.04702	0.00444	0.00203	0.00288
3	0.00505	0.00364	0.00464	0.00511	0.00567	0.00354	0.00394	0.00600	0.00702	0.00909	0.01883	0.16145	0.13393	0.22514	0.03083	0.00207	0.00304	0.36525	0.00291	0.00284
4	0.00908	0.76616	0.08693	0.00673	0.00992	0.01309	0.04801	0.01053	0.00717	0.00859	0.00508	0.00593	0.00451	0.00301	0.00242	0.00080	0.00395	0.00204	0.00150	0.00454
5	0.00689	0.00635	0.03451	0.01377	0.04485	0.03752	0.07775	0.01906	0.12855	0.04288	0.18660	0.03389	0.22540	0.00587	0.00406	0.00110	0.03663	0.00502	0.00296	0.08636
6	0.57808	0.03500	0.00718	0.00601	0.00807	0.17821	0.02683	0.01113	0.00698	0.05186	0.00558	0.00651	0.00440	0.00424	0.03346	0.00121	0.02699	0.00219	0.00213	0.00395
7	0.00729	0.05350	0.71392	0.01093	0.08265	0.00840	0.05355	0.01100	0.00744	0.01096	0.00627	0.00749	0.00455	0.00327	0.00332	0.00109	0.00505	0.00267	0.00151	0.00514
8	0.00772	0.02511	0.15128	0.05710	0.11581	0.03386	0.01619	0.03866	0.10148	0.05710	0.06953	0.01556	0.10956	0.00490	0.00356	0.00107	0.00348	0.07411	0.00256	0.11135
9	0.00485	0.00361	0.00415	0.00401	0.00507	0.00315	0.00301	0.00602	0.00869	0.04140	0.34264	0.06769	0.47690	0.00813	0.00411	0.00115	0.00178	0.00694	0.00351	0.00318
10	0.00659	0.00615	0.01033	0.75461	0.07851	0.00751	0.00936	0.00881	0.00699	0.00906	0.00678	0.03981	0.00549	0.00444	0.03067	0.00130	0.00467	0.00336	0.00163	0.00393
11	0.00501	0.00340	0.00385	0.00384	0.00396	0.00335	0.00223	0.00516	0.00554	0.00737	0.06359	0.03755	0.05579	0.76719	0.01604	0.00310	0.00317	0.00534	0.00229	0.00224
12	0.00683	0.00645	0.01078	0.76389	0.06909	0.00785	0.02812	0.00950	0.04548	0.00936	0.00661	0.00944	0.00499	0.00351	0.00350	0.00116	0.00456	0.00316	0.00166	0.00406
13	0.00492	0.00369	0.00457	0.00435	0.00528	0.00341	0.00329	0.00667	0.03559	0.01309	0.65826	0.02732	0.18592	0.00743	0.00411	0.00112	0.00173	0.02224	0.00371	0.00330
14	0.00699	0.03459	0.41413	0.00761	0.01087	0.00705	0.00841	0.06030	0.12768	0.01259	0.18493	0.01435	0.08613	0.00483	0.00357	0.00111	0.00368	0.00398	0.00253	0.00466
15	0.07241	0.21654	0.19283	0.02912	0.02055	0.00945	0.08020	0.15371	0.00914	0.12190	0.00792	0.00899	0.01791	0.00377	0.00331	0.00103	0.02062	0.02329	0.00234	0.00496
16	0.00723	0.09121	0.71842	0.00929	0.01393	0.03353	0.01161	0.01077	0.00741	0.01063	0.00710	0.03470	0.02193	0.00364	0.00327	0.00108	0.00490	0.00283	0.00157	0.00495
17	0.00777	0.04641	0.18421	0.00819	0.05510	0.04725	0.05807	0.05567	0.10339	0.05049	0.14217	0.01552	0.09937	0.01687	0.01819	0.00123	0.04668	0.03633	0.00263	0.00445
18	0.00528	0.00331	0.00396	0.00396	0.00396	0.00331	0.00230	0.00497	0.00497	0.00662	0.00998	0.02032	0.01133	0.69978	0.01691	0.18711	0.00331	0.00465	0.00199	0.00199
19	0.00685	0.00659	0.06299	0.00754	0.07594	0.03973	0.03698	0.01903	0.13099	0.02506	0.19979	0.05897	0.08305	0.03799	0.05910	0.04245	0.07390	0.00471	0.02442	0.00393
20	0.00919	0.74185	0.11967	0.00657	0.00977	0.04605	0.00684	0.01066	0.00723	0.00857	0.00504	0.00584	0.00447	0.00305	0.00240	0.00080	0.00400	0.00197	0.00150	0.00454
21	0.00800	0.05958	0.01035	0.00819	0.04263	0.00698	0.18362	0.06679	0.18315	0.06386	0.16541	0.06841	0.06944	0.00518	0.00373	0.00112	0.00326	0.00474	0.04104	0.00450

[dist]
# distance from previous block
# <min> <max>
9	42

[block]
# block no. 6 follows, 80 sequences, length 12
# corresponding to MSA columns:
# 315-326
name=unknown_G
#
# <colnr> <probs for GDERKNQSTAVLIFYWHMCP>
#	G	D	E	R	K	N	Q	S	T	A	V	L	I	F	Y	W	H	M	C	P
0	0.00827	0.05188	0.24375	0.06370	0.21302	0.07282	0.06071	0.03177	0.03984	0.03156	0.06060	0.01868	0.01682	0.00381	0.00369	0.00106	0.03427	0.00322	0.00199	0.03854
1	0.03844	0.00792	0.00997	0.17911	0.23504	0.09787	0.00756	0.05422	0.09958	0.04417	0.05776	0.04449	0.02085	0.00423	0.00374	0.00108	0.03649	0.00355	0.00232	0.05160
2	0.03436	0.00904	0.19065	0.10329	0.25430	0.00694	0.00846	0.02212	0.05390	0.02991	0.06456	0.05866	0.02934	0.00411	0.00340	0.00104	0.00373	0.00358	0.00215	0.11647
3	0.00917	0.00640	0.00789	0.00717	0.08445	0.00590	0.00517	0.09279	0.10900	0.16327	0.06228	0.01322	0.08253	0.00435	0.00331	0.00091	0.00283	0.02459	0.00299	0.31177
4	0.00924	0.00669	0.00788	0.00584	0.00873	0.00577	0.00473	0.11522	0.02966	0.13349	0.00771	0.00820	0.00588	0.00319	0.00311	0.00071	0.02774	0.00248	0.00259	0.61116
5	0.00510	0.00371	0.00553	0.00558	0.00617	0.00424	0.00435	0.00617	0.00568	0.00810	0.00968	0.01510	0.00925	0.02412	0.74879	0.06920	0.00851	0.05577	0.00193	0.00301
6	0.01025	0.00835	0.06294	0.13984	0.06033	0.04209	0.02974	0.18385	0.19514	0.15510	0.01056	0.04643	0.00812	0.00447	0.00357	0.00113	0.00374	0.02621	0.00299	0.00515
7	0.00425	0.00335	0.00383	0.00411	0.00489	0.00294	0.00293	0.00510	0.00766	0.00967	0.10743	0.34753	0.46503	0.00946	0.00425	0.00126	0.00185	0.00822	0.00330	0.00294
8	0.03141	0.00581	0.04079	0.00693	0.09483	0.02700	0.00486	0.00935	0.17601	0.02224	0.14781	0.12296	0.23781	0.03265	0.00428	0.00124	0.00260	0.02441	0.00308	0.00393
9	0.47484	0.00604	0.00612	0.03885	0.00783	0.00639	0.00432	0.01191	0.00760	0.27666	0.06931	0.00964	0.00773	0.00391	0.00279	0.00107	0.00272	0.00284	0.05505	0.00439
10	0.12297	0.00834	0.00892	0.00709	0.00961	0.00910	0.00580	0.49070	0.11931	0.13222	0.04409	0.00982	0.00773	0.00428	0.00336	0.00107	0.00335	0.00327	0.00346	0.00551
11	0.00524	0.00385	0.00448	0.03827	0.00613	0.00370	0.00374	0.00682	0.03944	0.01052	0.04539	0.02909	0.37950	0.03777	0.00442	0.00129	0.00231	0.21309	0.16175	0.00318

[dist]
# distance from previous block
# <min> <max>
0	2

[block]
# block no. 7 follows, 80 sequences, length 9
# corresponding to MSA columns:
# 329-337
name=unknown_H
#
# <colnr> <probs for GDERKNQSTAVLIFYWHMCP>
#	G	D	E	R	K	N	Q	S	T	A	V	L	I	F	Y	W	H	M	C	P
0	0.02654	0.12052	0.03855	0.00661	0.00915	0.00777	0.03611	0.21925	0.03862	0.17634	0.02448	0.01056	0.00745	0.09541	0.02163	0.00127	0.00354	0.00317	0.00284	0.15019
1	0.54438	0.00792	0.00648	0.00571	0.00773	0.09717	0.00455	0.16319	0.00836	0.01531	0.00719	0.10455	0.00643	0.00432	0.00277	0.00109	0.00321	0.00306	0.00249	0.00410
2	0.00541	0.00431	0.00559	0.00558	0.00640	0.00426	0.00416	0.00654	0.02828	0.00961	0.01510	0.51750	0.01723	0.00860	0.00486	0.00128	0.09303	0.09180	0.00285	0.16762
3	0.54362	0.00661	0.00605	0.00546	0.00737	0.00742	0.00445	0.16251	0.00818	0.01552	0.00855	0.10078	0.00803	0.00494	0.00294	0.00117	0.00290	0.09684	0.00264	0.00401
4	0.17062	0.00470	0.00521	0.00489	0.00601	0.00494	0.00374	0.00771	0.00685	0.02898	0.04431	0.25338	0.04386	0.00619	0.00406	0.00110	0.09287	0.00500	0.20235	0.10324
5	0.00751	0.00548	0.00627	0.00552	0.00695	0.00561	0.00429	0.25521	0.03220	0.01507	0.29996	0.14419	0.08743	0.00662	0.00383	0.00111	0.00244	0.02065	0.06342	0.02625
6	0.04186	0.00639	0.00868	0.00735	0.02061	0.00664	0.09968	0.22215	0.04394	0.10837	0.01124	0.17834	0.01026	0.02492	0.16192	0.00201	0.00449	0.00472	0.01467	0.02176
7	0.00550	0.00312	0.00430	0.00440	0.00463	0.00299	0.00298	0.00467	0.00541	0.00700	0.01293	0.11259	0.16379	0.01138	0.01085	0.63220	0.00268	0.00461	0.00203	0.00193
8	0.04383	0.00377	0.00566	0.16335	0.00822	0.00410	0.00429	0.00559	0.00505	0.00699	0.00604	0.01016	0.00571	0.01016	0.01129	0.69591	0.00331	0.00300	0.00155	0.00204

[dist]
# distance from previous block
# <min> <max>
0	499

# created by:
# /home/simao/soft/augustus-3.0.3/scripts/msa2prfl.pl ./prep/96830.aln
