[name]
unknown

[dist]
# distance from previous block
# <min> <max>
25	330

[block]
# block no. 0 follows, 83 sequences, length 21
# corresponding to MSA columns:
# 366-378,381-388
name=unknown_A
#
# <colnr> <probs for GDERKNQSTAVLIFYWHMCP>
#	G	D	E	R	K	N	Q	S	T	A	V	L	I	F	Y	W	H	M	C	P
0	0.00802	0.03632	0.04836	0.09800	0.22854	0.00817	0.28617	0.02776	0.06126	0.02229	0.00689	0.00868	0.00541	0.00326	0.00389	0.00105	0.05336	0.00324	0.00186	0.08748
1	0.00774	0.00730	0.01216	0.31612	0.45213	0.00774	0.04032	0.03861	0.00763	0.01057	0.00631	0.00854	0.00505	0.00314	0.00333	0.00102	0.00415	0.00299	0.00170	0.06344
2	0.00639	0.03290	0.08852	0.02514	0.18360	0.02394	0.08539	0.00826	0.02699	0.01050	0.12371	0.25308	0.03733	0.00582	0.00367	0.00110	0.00321	0.00532	0.00244	0.07271
3	0.00739	0.00636	0.03287	0.03504	0.05494	0.00642	0.04014	0.02649	0.29882	0.05047	0.01234	0.06303	0.06261	0.06138	0.07526	0.00157	0.03351	0.01518	0.01324	0.10292
4	0.00567	0.00435	0.00539	0.03356	0.08242	0.00408	0.00396	0.02427	0.04467	0.05800	0.18917	0.02538	0.44943	0.03996	0.00436	0.00119	0.00221	0.01532	0.00311	0.00348
5	0.01236	0.05819	0.01012	0.00893	0.03463	0.80118	0.00662	0.01327	0.00941	0.00835	0.00524	0.00614	0.00439	0.00345	0.00302	0.00087	0.00593	0.00219	0.00173	0.00399
6	0.01106	0.22344	0.01150	0.02682	0.06337	0.54447	0.00645	0.01212	0.00864	0.00862	0.00550	0.00649	0.00465	0.00334	0.00283	0.00085	0.00511	0.00221	0.04847	0.00408
7	0.00743	0.00656	0.04494	0.00834	0.13095	0.00631	0.04104	0.09282	0.19972	0.02947	0.32612	0.01625	0.01673	0.00507	0.00364	0.00107	0.00281	0.02219	0.00309	0.03544
8	0.02081	0.07500	0.07199	0.02599	0.09167	0.05856	0.03011	0.08484	0.06771	0.20509	0.06706	0.05022	0.06089	0.00443	0.00332	0.00100	0.00335	0.00368	0.00281	0.07151
9	0.29741	0.03076	0.06125	0.00679	0.07095	0.00640	0.00538	0.02272	0.00796	0.39770	0.00961	0.05409	0.00699	0.00401	0.00299	0.00105	0.00300	0.00310	0.00303	0.00482
10	0.00434	0.00315	0.00414	0.00485	0.00524	0.00296	0.00348	0.00512	0.00683	0.00895	0.02005	0.65575	0.10231	0.01021	0.00435	0.00138	0.00214	0.14881	0.00314	0.00282
11	0.02393	0.00864	0.10299	0.10902	0.42362	0.05902	0.02408	0.01922	0.05715	0.01067	0.00827	0.10974	0.00755	0.00419	0.00345	0.00108	0.00398	0.01674	0.00196	0.00469
12	0.00974	0.06842	0.09940	0.10657	0.03312	0.04175	0.20197	0.08371	0.03899	0.18298	0.02342	0.00921	0.00623	0.00374	0.00406	0.00109	0.07521	0.00324	0.00237	0.00478
13	0.01021	0.00645	0.00904	0.03625	0.27127	0.00640	0.00643	0.14053	0.00937	0.24463	0.01113	0.02952	0.05603	0.00413	0.00328	0.00100	0.00313	0.00353	0.14273	0.00494
14	0.00456	0.00341	0.00452	0.03058	0.01902	0.00337	0.00357	0.00573	0.04715	0.00905	0.03498	0.66433	0.05874	0.02091	0.05931	0.00161	0.00255	0.00834	0.01529	0.00298
15	0.01008	0.10025	0.21055	0.04525	0.18994	0.02863	0.05503	0.03137	0.03650	0.24706	0.00835	0.00881	0.00595	0.00347	0.00325	0.00102	0.00401	0.00294	0.00239	0.00515
16	0.00790	0.12282	0.28989	0.27365	0.04796	0.02366	0.03940	0.06893	0.05130	0.03359	0.00665	0.00808	0.00496	0.00337	0.00319	0.00104	0.00442	0.00277	0.00180	0.00461
17	0.00442	0.00335	0.00370	0.00381	0.00449	0.00303	0.00265	0.00510	0.00690	0.00873	0.06441	0.12635	0.43821	0.24448	0.00761	0.00176	0.00222	0.04353	0.02257	0.00266
18	0.00878	0.00806	0.05182	0.14160	0.23402	0.00791	0.17089	0.10958	0.07170	0.07998	0.00891	0.01061	0.03555	0.00378	0.00371	0.00110	0.02240	0.02250	0.00226	0.00486
19	0.00570	0.00488	0.00714	0.08964	0.10174	0.02442	0.06021	0.02904	0.00722	0.00962	0.06849	0.40645	0.04526	0.06980	0.00509	0.00139	0.02077	0.03712	0.00263	0.00338
20	0.00885	0.26022	0.03147	0.00828	0.10166	0.14454	0.04968	0.05735	0.02584	0.01028	0.01808	0.01849	0.03563	0.00349	0.00289	0.00083	0.00382	0.01875	0.00195	0.19791

[dist]
# distance from previous block
# <min> <max>
0	7

[block]
# block no. 1 follows, 83 sequences, length 12
# corresponding to MSA columns:
# 399-410
name=unknown_B
#
# <colnr> <probs for GDERKNQSTAVLIFYWHMCP>
#	G	D	E	R	K	N	Q	S	T	A	V	L	I	F	Y	W	H	M	C	P
0	0.00548	0.00403	0.00530	0.00548	0.00596	0.00432	0.00407	0.00683	0.05590	0.04359	0.08464	0.51556	0.01885	0.00876	0.00508	0.00133	0.11854	0.06980	0.03325	0.00323
1	0.00925	0.09088	0.04447	0.00696	0.04433	0.02284	0.01757	0.16182	0.05842	0.08716	0.00734	0.00788	0.00565	0.00328	0.00315	0.00079	0.03247	0.00253	0.00242	0.39079
2	0.00542	0.00311	0.00406	0.00406	0.00406	0.00311	0.00251	0.00466	0.00466	0.00622	0.00823	0.01610	0.00903	0.43692	0.01520	0.46212	0.00311	0.00391	0.00176	0.00176
3	0.00795	0.03568	0.03541	0.00637	0.00828	0.00594	0.09329	0.16755	0.03746	0.10084	0.17232	0.08029	0.16172	0.04116	0.00424	0.00116	0.00292	0.00497	0.00308	0.02938
4	0.00720	0.06319	0.68548	0.00922	0.01366	0.00807	0.04505	0.01118	0.06648	0.02704	0.00683	0.00798	0.00503	0.02495	0.00356	0.00112	0.00471	0.00270	0.00165	0.00492
5	0.00736	0.00700	0.00957	0.26321	0.02779	0.02327	0.00748	0.01058	0.19596	0.00973	0.00738	0.00972	0.00615	0.00521	0.02246	0.00136	0.36151	0.01819	0.00197	0.00410
6	0.00593	0.00565	0.00915	0.00787	0.00917	0.05470	0.25248	0.00730	0.00725	0.00946	0.03298	0.44221	0.01586	0.03735	0.00462	0.00135	0.00346	0.08720	0.00262	0.00338
7	0.00970	0.36133	0.03546	0.03227	0.00933	0.01023	0.00586	0.29289	0.03641	0.03145	0.07949	0.03850	0.00819	0.00403	0.00295	0.00092	0.00339	0.00305	0.02986	0.00470
8	0.00461	0.00348	0.00430	0.00441	0.00512	0.00329	0.00329	0.00572	0.00791	0.01067	0.30271	0.25013	0.24274	0.00833	0.00431	0.00120	0.03242	0.06277	0.03958	0.00300
9	0.00760	0.03111	0.03609	0.00609	0.00787	0.00692	0.00493	0.05216	0.48019	0.03364	0.21187	0.01616	0.06492	0.00524	0.00354	0.00110	0.00251	0.00440	0.01900	0.00466
10	0.01048	0.00903	0.00840	0.00709	0.00905	0.18268	0.00559	0.31616	0.13624	0.05710	0.07076	0.06089	0.00927	0.00553	0.04086	0.00121	0.01837	0.00361	0.01561	0.03209
11	0.11372	0.10018	0.09263	0.00896	0.15244	0.04153	0.02477	0.06878	0.07983	0.14887	0.00816	0.03133	0.00630	0.00361	0.00302	0.00096	0.00348	0.00290	0.01329	0.09523

[dist]
# distance from previous block
# <min> <max>
5	37

[block]
# block no. 2 follows, 83 sequences, length 52
# corresponding to MSA columns:
# 448-499
name=unknown_C
#
# <colnr> <probs for GDERKNQSTAVLIFYWHMCP>
#	G	D	E	R	K	N	Q	S	T	A	V	L	I	F	Y	W	H	M	C	P
0	0.00865	0.52879	0.04521	0.00622	0.02281	0.04421	0.00571	0.05592	0.03785	0.00998	0.07618	0.00784	0.00703	0.00334	0.00258	0.00078	0.00343	0.00240	0.00191	0.12918
1	0.00634	0.00493	0.05011	0.00473	0.00641	0.00385	0.00391	0.00790	0.01966	0.11297	0.32782	0.05034	0.22594	0.00617	0.00364	0.00100	0.00214	0.00526	0.00321	0.15367
2	0.00791	0.06973	0.18010	0.00743	0.00945	0.11806	0.01965	0.13470	0.00818	0.01073	0.00867	0.15411	0.00832	0.00872	0.15510	0.00187	0.08711	0.00395	0.00213	0.00408
3	0.01002	0.63009	0.01539	0.00665	0.00919	0.24861	0.00603	0.01104	0.00760	0.00806	0.00485	0.00565	0.00435	0.00311	0.00256	0.00078	0.01833	0.00193	0.00153	0.00422
4	0.00899	0.85635	0.04378	0.00592	0.00888	0.01323	0.00600	0.01016	0.00689	0.00805	0.00475	0.00549	0.00435	0.00291	0.00221	0.00074	0.00367	0.00183	0.00145	0.00437
5	0.00520	0.00379	0.00442	0.00459	0.00497	0.00390	0.00301	0.00691	0.13583	0.00852	0.01405	0.31488	0.01563	0.42938	0.01043	0.00227	0.00274	0.02401	0.00266	0.00282
6	0.00870	0.01117	0.21735	0.07240	0.21712	0.10316	0.21450	0.01146	0.03432	0.06688	0.00696	0.00841	0.00524	0.00323	0.00345	0.00106	0.00482	0.00309	0.00184	0.00484
7	0.00639	0.00600	0.01011	0.83672	0.04068	0.00744	0.00930	0.00861	0.00679	0.00871	0.00629	0.02709	0.00491	0.00353	0.00341	0.00113	0.00445	0.00315	0.00154	0.00378
8	0.00679	0.01752	0.86340	0.00966	0.01466	0.00787	0.01252	0.01073	0.00715	0.01073	0.00608	0.00715	0.00429	0.00322	0.00322	0.00107	0.00501	0.00250	0.00143	0.00501
9	0.00540	0.00447	0.00499	0.00545	0.00611	0.05814	0.00406	0.00718	0.09560	0.00960	0.02736	0.49783	0.06437	0.00912	0.00421	0.00134	0.00253	0.18597	0.00309	0.00319
10	0.03953	0.00599	0.00699	0.01991	0.00805	0.04978	0.00480	0.08552	0.05514	0.39242	0.03819	0.11114	0.04009	0.03708	0.01274	0.00125	0.00304	0.07239	0.01130	0.00464
11	0.00485	0.00328	0.00369	0.00373	0.00379	0.00324	0.00212	0.00491	0.00512	0.00678	0.01212	0.05936	0.05243	0.80275	0.01607	0.00310	0.00315	0.00523	0.00215	0.00212
12	0.00524	0.00420	0.00616	0.00599	0.00650	0.00512	0.00475	0.00638	0.00553	0.00802	0.00894	0.02999	0.00861	0.02149	0.68450	0.00460	0.13926	0.03975	0.00185	0.00313
13	0.00798	0.00762	0.01173	0.37734	0.37271	0.04525	0.02317	0.05974	0.03315	0.01060	0.00649	0.00867	0.00512	0.00333	0.00345	0.00106	0.01316	0.00302	0.00176	0.00462
14	0.00770	0.00862	0.01846	0.01329	0.01648	0.00809	0.76325	0.01052	0.01943	0.01100	0.05653	0.01079	0.03156	0.00328	0.00399	0.00114	0.00532	0.00421	0.00189	0.00445
15	0.06113	0.00635	0.00778	0.00606	0.00852	0.00610	0.00499	0.18737	0.01055	0.57046	0.01163	0.01060	0.00762	0.00409	0.00324	0.00102	0.00293	0.00323	0.08089	0.00543
16	0.00612	0.00678	0.06778	0.00940	0.01143	0.00578	0.39290	0.00800	0.00730	0.00993	0.02485	0.38198	0.02907	0.00638	0.00407	0.00123	0.00388	0.00639	0.01298	0.00375
17	0.05577	0.14376	0.12705	0.00787	0.06560	0.04847	0.00679	0.10753	0.04876	0.30311	0.00879	0.00872	0.00620	0.00378	0.00345	0.00101	0.04261	0.00284	0.00276	0.00511
18	0.01444	0.00595	0.00782	0.00608	0.00861	0.00539	0.00499	0.05579	0.05896	0.74832	0.01307	0.01147	0.00838	0.00420	0.00338	0.00105	0.00287	0.00341	0.03015	0.00567
19	0.00775	0.00420	0.00549	0.00478	0.00613	0.00381	0.00372	0.00944	0.03151	0.24951	0.56387	0.02147	0.06212	0.00618	0.00382	0.00107	0.00199	0.00536	0.00382	0.00395
20	0.00640	0.00571	0.00868	0.08501	0.12929	0.03455	0.11542	0.02476	0.03589	0.01966	0.08513	0.29709	0.02797	0.01748	0.01564	0.00127	0.00334	0.05428	0.00257	0.02986
21	0.00801	0.05810	0.29816	0.03518	0.04565	0.02174	0.10600	0.07715	0.07938	0.07092	0.07628	0.02132	0.06266	0.00453	0.01910	0.00114	0.00409	0.00357	0.00232	0.00468
22	0.32485	0.00598	0.00671	0.00541	0.00774	0.00591	0.00445	0.03195	0.00846	0.49769	0.06054	0.01017	0.00809	0.00399	0.00298	0.00105	0.00273	0.00301	0.00342	0.00488
23	0.00544	0.00476	0.00730	0.40892	0.04220	0.00539	0.00637	0.00696	0.00693	0.00897	0.04343	0.22516	0.14413	0.00691	0.03124	0.00134	0.02014	0.01877	0.00228	0.00337
24	0.06366	0.06098	0.04471	0.01762	0.18995	0.01661	0.02623	0.06381	0.01759	0.14899	0.01688	0.05004	0.00669	0.00357	0.00304	0.00088	0.00325	0.00300	0.00240	0.26011
25	0.00630	0.00598	0.04497	0.29534	0.17776	0.00606	0.02749	0.00815	0.02560	0.02546	0.01077	0.29705	0.01105	0.00588	0.00388	0.00120	0.02193	0.01906	0.00220	0.00387
26	0.00463	0.00319	0.00415	0.00474	0.00510	0.00298	0.00322	0.02127	0.00684	0.03378	0.03069	0.77585	0.06115	0.01945	0.00440	0.00136	0.00202	0.00911	0.00318	0.00290
27	0.00753	0.00730	0.01120	0.14942	0.29225	0.04096	0.08325	0.03374	0.04085	0.01016	0.00877	0.10549	0.03972	0.00471	0.00483	0.00116	0.14838	0.00398	0.00196	0.00434
28	0.00944	0.03068	0.07995	0.07291	0.40294	0.04634	0.10683	0.04260	0.01708	0.13721	0.00752	0.00879	0.00568	0.00330	0.00338	0.00103	0.00419	0.00309	0.01194	0.00510
29	0.00581	0.00770	0.23640	0.00670	0.00832	0.00537	0.00640	0.02875	0.00689	0.02765	0.02249	0.41319	0.01430	0.03445	0.00520	0.00136	0.10623	0.05669	0.00249	0.00362
30	0.47431	0.04263	0.00877	0.02714	0.22211	0.10284	0.01926	0.02385	0.00692	0.01282	0.00530	0.00652	0.00429	0.00323	0.00285	0.00102	0.02775	0.00228	0.00191	0.00420
31	0.01965	0.00362	0.00416	0.00399	0.00500	0.00328	0.00299	0.00617	0.03014	0.02538	0.40850	0.04697	0.39574	0.02433	0.00421	0.00115	0.00176	0.00646	0.00340	0.00312
32	0.01596	0.00636	0.00800	0.04750	0.06137	0.01422	0.02635	0.04101	0.02991	0.06865	0.01701	0.03339	0.00621	0.00312	0.00283	0.00069	0.00287	0.00262	0.00224	0.60969
33	0.00635	0.00496	0.00536	0.00504	0.00590	0.00541	0.00349	0.01042	0.35873	0.01004	0.03958	0.01865	0.04093	0.45854	0.01063	0.00225	0.00293	0.00458	0.00272	0.00349
34	0.00869	0.00751	0.01030	0.07463	0.33173	0.00815	0.00755	0.16155	0.23410	0.01323	0.00958	0.04689	0.01728	0.03398	0.00404	0.00116	0.01843	0.00363	0.00253	0.00504
35	0.00640	0.00602	0.01016	0.87281	0.02333	0.00753	0.00941	0.00866	0.00677	0.00866	0.00602	0.00903	0.00452	0.00339	0.00339	0.00113	0.00452	0.00301	0.00151	0.00376
36	0.00702	0.00602	0.00702	0.00502	0.00803	0.00452	0.00401	0.00853	0.00702	0.01104	0.00602	0.00702	0.00502	0.00251	0.00251	0.00050	0.00251	0.00201	0.00201	0.90166
37	0.10298	0.21503	0.11253	0.00693	0.03992	0.00837	0.01467	0.05238	0.18775	0.04286	0.02397	0.13384	0.00933	0.00481	0.00315	0.00106	0.00321	0.03029	0.00248	0.00445
38	0.00906	0.88299	0.01775	0.00580	0.00869	0.01340	0.00580	0.01014	0.00688	0.00797	0.00471	0.00543	0.00435	0.00290	0.00217	0.00072	0.00362	0.00181	0.00145	0.00435
39	0.00484	0.00361	0.00537	0.00537	0.00595	0.00419	0.00414	0.00600	0.00542	0.00781	0.00914	0.01369	0.00864	0.06252	0.83064	0.00535	0.00882	0.00369	0.00183	0.00298
40	0.00490	0.00332	0.00389	0.00390	0.00396	0.00338	0.00230	0.00504	0.00501	0.00674	0.01063	0.03440	0.01206	0.77617	0.10787	0.00349	0.00388	0.00486	0.00204	0.00217
41	0.01520	0.00576	0.00786	0.00603	0.00865	0.00498	0.00498	0.01651	0.00970	0.86216	0.01336	0.01153	0.00839	0.00419	0.00341	0.00105	0.00288	0.00341	0.00419	0.00576
42	0.00686	0.01703	0.81431	0.00992	0.01484	0.00791	0.06111	0.01074	0.00720	0.01074	0.00612	0.00727	0.00434	0.00320	0.00326	0.00108	0.00505	0.00259	0.00145	0.00498
43	0.00559	0.00405	0.00555	0.00627	0.00710	0.00410	0.00545	0.00749	0.04445	0.01031	0.01776	0.03710	0.01910	0.00915	0.00463	0.00154	0.00310	0.80092	0.00313	0.00322
44	0.00905	0.00438	0.00580	0.00498	0.00650	0.00389	0.00388	0.01038	0.00920	0.36749	0.37788	0.08877	0.06600	0.02115	0.00400	0.00113	0.00220	0.00531	0.00382	0.00420
45	0.00830	0.00796	0.01359	0.05771	0.82358	0.00803	0.01035	0.01032	0.00767	0.01096	0.00636	0.00841	0.00533	0.00303	0.00336	0.00101	0.00405	0.00302	0.00167	0.00530
46	0.01181	0.05090	0.03185	0.00752	0.01012	0.05043	0.00629	0.55833	0.15532	0.05744	0.00894	0.00878	0.00647	0.00404	0.00331	0.00101	0.00364	0.00307	0.00320	0.01752
47	0.00902	0.86883	0.03158	0.00586	0.00879	0.01331	0.00591	0.01015	0.00689	0.00801	0.00473	0.00546	0.00435	0.00290	0.00219	0.00073	0.00365	0.00182	0.00145	0.00436
48	0.02496	0.08751	0.49548	0.00961	0.02372	0.00821	0.14849	0.04045	0.02856	0.05953	0.00719	0.03857	0.00551	0.00351	0.00330	0.00106	0.00462	0.00304	0.00183	0.00486
49	0.00753	0.00762	0.01147	0.00949	0.01000	0.01006	0.11364	0.00892	0.04231	0.00875	0.00516	0.00786	0.00479	0.00548	0.00988	0.00142	0.72698	0.00313	0.00160	0.00389
50	0.00546	0.00390	0.00546	0.00624	0.00702	0.00390	0.00546	0.00702	0.00780	0.01014	0.01794	0.03821	0.01950	0.00936	0.00468	0.00156	0.00312	0.83702	0.00312	0.00312
51	0.08724	0.15497	0.19275	0.02448	0.04104	0.01799	0.34666	0.02017	0.03153	0.03419	0.00647	0.00787	0.00493	0.00311	0.00335	0.00104	0.01278	0.00303	0.00177	0.00461

[dist]
# distance from previous block
# <min> <max>
2	18

[block]
# block no. 3 follows, 83 sequences, length 55
# corresponding to MSA columns:
# 519-573
name=unknown_D
#
# <colnr> <probs for GDERKNQSTAVLIFYWHMCP>
#	G	D	E	R	K	N	Q	S	T	A	V	L	I	F	Y	W	H	M	C	P
0	0.00711	0.00675	0.01145	0.56780	0.32278	0.00771	0.00976	0.00928	0.00711	0.00952	0.00615	0.00880	0.00482	0.00325	0.00337	0.00108	0.00434	0.00301	0.00157	0.00434
1	0.05999	0.03403	0.13492	0.02531	0.18794	0.03772	0.24668	0.08180	0.02475	0.07604	0.00725	0.01576	0.00559	0.00346	0.00371	0.00108	0.03520	0.01185	0.00206	0.00485
2	0.00886	0.00872	0.01155	0.11293	0.48297	0.14767	0.00872	0.03381	0.00827	0.03537	0.07497	0.00950	0.00732	0.00361	0.00360	0.00102	0.03128	0.00314	0.00195	0.00475
3	0.00419	0.00302	0.00398	0.00473	0.00500	0.00281	0.00323	0.00484	0.00661	0.00875	0.01943	0.79466	0.06485	0.01045	0.00432	0.00137	0.00201	0.04984	0.00314	0.00277
4	0.00566	0.00439	0.00608	0.00606	0.02928	0.02454	0.06646	0.00707	0.03196	0.05156	0.14362	0.34754	0.11242	0.01514	0.03593	0.00143	0.00278	0.10170	0.00305	0.00333
5	0.04670	0.14948	0.15332	0.02942	0.13520	0.02843	0.05484	0.11094	0.06989	0.13170	0.02756	0.01850	0.01422	0.00387	0.01068	0.00104	0.00387	0.00303	0.00238	0.00494
6	0.00724	0.01824	0.32028	0.04709	0.35928	0.00724	0.03005	0.00980	0.00749	0.02400	0.02977	0.05435	0.06245	0.00397	0.00342	0.00107	0.00410	0.00353	0.00184	0.00480
7	0.01033	0.00825	0.05562	0.01180	0.12471	0.00737	0.37102	0.02643	0.05981	0.27526	0.00921	0.00988	0.00646	0.00343	0.00365	0.00109	0.00436	0.00359	0.00260	0.00513
8	0.01112	0.00848	0.16213	0.00759	0.02952	0.00661	0.04863	0.12605	0.08454	0.36601	0.05940	0.02535	0.02019	0.00438	0.00349	0.00108	0.00343	0.02353	0.00326	0.00523
9	0.18251	0.04619	0.12972	0.02581	0.00939	0.04054	0.02515	0.11884	0.00885	0.22227	0.02074	0.01230	0.10044	0.00443	0.00320	0.00106	0.00337	0.03780	0.00280	0.00459
10	0.00747	0.00652	0.02773	0.02002	0.40177	0.00615	0.07350	0.00922	0.00782	0.07250	0.03209	0.08606	0.10341	0.00533	0.00376	0.00115	0.00349	0.12517	0.00239	0.00445
11	0.00861	0.05559	0.29100	0.03108	0.32401	0.00805	0.10504	0.02840	0.00787	0.09797	0.00699	0.00825	0.00524	0.00321	0.00333	0.00104	0.00440	0.00294	0.00188	0.00512
12	0.01005	0.00658	0.01062	0.25941	0.27876	0.00672	0.03227	0.01190	0.00819	0.30343	0.03238	0.01015	0.00689	0.00363	0.00342	0.00106	0.00375	0.00326	0.00255	0.00496
13	0.01093	0.00798	0.00966	0.11234	0.01157	0.00877	0.04117	0.49731	0.07482	0.08744	0.02669	0.05182	0.00755	0.00488	0.02420	0.00118	0.00985	0.00357	0.00311	0.00516
14	0.00798	0.01514	0.68064	0.00933	0.01383	0.00742	0.05648	0.01144	0.00756	0.12771	0.00739	0.00857	0.00525	0.00347	0.00332	0.00108	0.00471	0.02176	0.00186	0.00504
15	0.00884	0.14867	0.18037	0.08388	0.38684	0.00845	0.00934	0.01102	0.00763	0.11357	0.00687	0.00811	0.00529	0.00321	0.00315	0.00099	0.00405	0.00277	0.00188	0.00505
16	0.01101	0.00498	0.00661	0.00561	0.02693	0.00440	0.00433	0.02096	0.00927	0.51325	0.20332	0.01730	0.10958	0.04160	0.00418	0.00115	0.00252	0.00448	0.00382	0.00470
17	0.00713	0.00677	0.01149	0.55681	0.33357	0.00772	0.00977	0.00930	0.00712	0.00955	0.00615	0.00879	0.00483	0.00325	0.00337	0.00108	0.00433	0.00301	0.00157	0.00436
18	0.00780	0.00797	0.01511	0.20963	0.37971	0.00811	0.30093	0.01016	0.00760	0.01045	0.00646	0.00879	0.00510	0.00304	0.00358	0.00108	0.00472	0.00336	0.00165	0.00473
19	0.00597	0.00633	0.07315	0.00816	0.01005	0.00523	0.29139	0.00765	0.00735	0.03337	0.01617	0.30943	0.16333	0.02456	0.00432	0.00127	0.00350	0.02262	0.00254	0.00363
20	0.00640	0.00602	0.01016	0.87281	0.02333	0.00753	0.00941	0.00866	0.00677	0.00866	0.00602	0.00903	0.00452	0.00339	0.00339	0.00113	0.00452	0.00301	0.00151	0.00376
21	0.00860	0.19289	0.37409	0.00969	0.03771	0.01744	0.18200	0.01130	0.00759	0.10929	0.00679	0.00774	0.00499	0.00321	0.00326	0.00101	0.01292	0.00279	0.00182	0.00486
22	0.02710	0.00680	0.11058	0.00780	0.00959	0.02907	0.20576	0.00796	0.00722	0.05311	0.01351	0.43649	0.02276	0.00711	0.00399	0.00125	0.00344	0.04018	0.00259	0.00368
23	0.00778	0.00743	0.01266	0.28039	0.60495	0.00789	0.01010	0.00987	0.00743	0.01033	0.00626	0.00858	0.00511	0.00313	0.00336	0.00104	0.00417	0.00302	0.00162	0.00488
24	0.00843	0.00788	0.01341	0.06860	0.79218	0.00795	0.01021	0.01044	0.00771	0.03128	0.00652	0.00850	0.00539	0.00307	0.00336	0.00101	0.00402	0.00303	0.00173	0.00528
25	0.00484	0.00360	0.01754	0.00424	0.00463	0.00344	0.00290	0.00540	0.00595	0.00798	0.08874	0.06744	0.09046	0.50689	0.11611	0.00291	0.00364	0.05840	0.00239	0.00249
26	0.66819	0.00646	0.00601	0.00565	0.05045	0.00711	0.00433	0.02245	0.00674	0.16140	0.00671	0.00764	0.00504	0.00350	0.00248	0.00106	0.00277	0.02541	0.00248	0.00413
27	0.00855	0.00773	0.01301	0.01913	0.76422	0.00775	0.00977	0.01048	0.00783	0.05260	0.04196	0.00922	0.00659	0.00330	0.00355	0.00102	0.02299	0.00316	0.00188	0.00526
28	0.00778	0.00799	0.03917	0.05163	0.32935	0.00755	0.33391	0.01020	0.02702	0.02970	0.00835	0.08588	0.00739	0.00393	0.00374	0.00112	0.00446	0.03420	0.00195	0.00468
29	0.00547	0.00380	0.00500	0.00500	0.03016	0.00355	0.00365	0.00715	0.02931	0.05597	0.61649	0.07970	0.07409	0.00710	0.00400	0.00112	0.00189	0.05959	0.00358	0.00339
30	0.00820	0.05358	0.01963	0.01368	0.01706	0.00874	0.78731	0.01093	0.00797	0.02821	0.00688	0.00900	0.00517	0.00289	0.00389	0.00112	0.00555	0.00387	0.00175	0.00458
31	0.00680	0.00605	0.00780	0.03977	0.15098	0.06048	0.03447	0.00939	0.11528	0.02921	0.35707	0.01811	0.08975	0.00555	0.00407	0.00109	0.04414	0.01307	0.00292	0.00400
32	0.00981	0.04929	0.41588	0.00937	0.05399	0.01478	0.09652	0.02685	0.00820	0.26993	0.00836	0.00869	0.00571	0.00347	0.00332	0.00105	0.00431	0.00294	0.00235	0.00518
33	0.05437	0.00645	0.00838	0.00952	0.22516	0.02693	0.00597	0.05201	0.16893	0.13950	0.24267	0.01431	0.02188	0.00468	0.00349	0.00106	0.00288	0.00404	0.00307	0.00470
34	0.00536	0.00445	0.00644	0.08218	0.09522	0.00450	0.03494	0.00719	0.07912	0.00961	0.01699	0.45859	0.10121	0.00811	0.00405	0.00128	0.00266	0.07184	0.00282	0.00343
35	0.00727	0.00816	0.09515	0.02820	0.07642	0.00689	0.44631	0.00959	0.00777	0.04587	0.06479	0.16801	0.01009	0.00464	0.00390	0.00116	0.00443	0.00490	0.00217	0.00428
36	0.00854	0.01116	0.26026	0.07640	0.30157	0.05851	0.13487	0.02765	0.00794	0.07084	0.00679	0.00827	0.00512	0.00321	0.00340	0.00105	0.00463	0.00299	0.00181	0.00498
37	0.00702	0.00672	0.01158	0.59885	0.25619	0.00772	0.04535	0.00923	0.00709	0.00942	0.00615	0.00886	0.00478	0.00326	0.00340	0.00110	0.00443	0.00305	0.00156	0.00424
38	0.00920	0.06153	0.09882	0.01112	0.05662	0.04374	0.38178	0.01139	0.00789	0.15552	0.00828	0.00952	0.03204	0.00365	0.00436	0.00111	0.09315	0.00349	0.00211	0.00468
39	0.00885	0.00800	0.04289	0.10411	0.44586	0.04582	0.06717	0.03109	0.02604	0.10614	0.00823	0.06306	0.00690	0.00383	0.00347	0.00106	0.00402	0.01639	0.00213	0.00492
40	0.02574	0.08539	0.63287	0.00952	0.01392	0.05561	0.08785	0.01097	0.00738	0.03160	0.00615	0.00721	0.00447	0.00320	0.00318	0.00104	0.00492	0.00258	0.00156	0.00485
41	0.00827	0.00791	0.01340	0.07144	0.79079	0.00803	0.01022	0.01046	0.02655	0.01099	0.00652	0.00852	0.00543	0.00308	0.00336	0.00102	0.00402	0.00304	0.00171	0.00527
42	0.00788	0.00708	0.01144	0.32254	0.42197	0.00769	0.00917	0.06199	0.03250	0.02893	0.00735	0.05313	0.00616	0.00367	0.00342	0.00107	0.00401	0.00339	0.00190	0.00469
43	0.00834	0.14331	0.34258	0.01033	0.14095	0.03394	0.06456	0.02706	0.02134	0.07839	0.00799	0.00889	0.04663	0.00364	0.00358	0.00103	0.04783	0.00292	0.00188	0.00481
44	0.00595	0.00458	0.00560	0.00584	0.00679	0.00486	0.00459	0.00945	0.24748	0.01857	0.01678	0.25714	0.04031	0.02596	0.04840	0.00161	0.00295	0.28637	0.00314	0.00365
45	0.00624	0.00497	0.04194	0.00630	0.04993	0.04267	0.00468	0.00746	0.02011	0.09390	0.01698	0.45985	0.06142	0.00853	0.00411	0.00131	0.00269	0.16042	0.00304	0.00345
46	0.02621	0.27557	0.42033	0.00810	0.01181	0.12626	0.00907	0.03957	0.02205	0.02375	0.00585	0.00666	0.00452	0.00323	0.00287	0.00094	0.00458	0.00229	0.00164	0.00468
47	0.00970	0.04057	0.11476	0.12607	0.27915	0.03889	0.06493	0.02716	0.05127	0.20189	0.00820	0.00910	0.00597	0.00346	0.00335	0.00104	0.00405	0.00308	0.00231	0.00506
48	0.00430	0.00336	0.00390	0.00394	0.00480	0.00296	0.00289	0.00538	0.00817	0.01062	0.32120	0.17439	0.42528	0.00834	0.00406	0.00116	0.00172	0.00721	0.00335	0.00296
49	0.00879	0.00858	0.01372	0.01926	0.73392	0.05829	0.05836	0.02530	0.00801	0.02390	0.00647	0.00834	0.00535	0.00307	0.00337	0.00101	0.00422	0.00303	0.00175	0.00525
50	0.05417	0.04651	0.01856	0.05157	0.49507	0.04705	0.00846	0.10481	0.06817	0.02197	0.01480	0.02360	0.02330	0.00357	0.00327	0.00102	0.00382	0.00315	0.00210	0.00504
51	0.00482	0.00364	0.00492	0.00504	0.00535	0.00396	0.00361	0.00558	0.00616	0.00857	0.10513	0.33296	0.01648	0.17122	0.22552	0.00273	0.08268	0.00628	0.00252	0.00283
52	0.00748	0.00731	0.01292	0.38463	0.36742	0.00790	0.12346	0.00989	0.02696	0.01008	0.00646	0.00886	0.00509	0.00319	0.00346	0.00108	0.00443	0.00317	0.00165	0.00457
53	0.00799	0.00772	0.01287	0.21755	0.63535	0.02179	0.01965	0.01012	0.01507	0.01049	0.00634	0.00854	0.00519	0.00312	0.00336	0.00104	0.00418	0.00302	0.00165	0.00496
54	0.51242	0.00715	0.00861	0.02849	0.34416	0.00779	0.00648	0.01028	0.02549	0.01341	0.00560	0.00687	0.00451	0.00313	0.00265	0.00104	0.00321	0.00237	0.00195	0.00438

[dist]
# distance from previous block
# <min> <max>
6	23

[block]
# block no. 4 follows, 83 sequences, length 6
# corresponding to MSA columns:
# 597-602
name=unknown_E
#
# <colnr> <probs for GDERKNQSTAVLIFYWHMCP>
#	G	D	E	R	K	N	Q	S	T	A	V	L	I	F	Y	W	H	M	C	P
0	0.00518	0.00337	0.00436	0.00467	0.00526	0.00310	0.00334	0.00603	0.00732	0.07321	0.14596	0.50135	0.10145	0.05548	0.00489	0.00140	0.00210	0.06523	0.00325	0.00304
1	0.00808	0.18689	0.41956	0.00923	0.07066	0.09016	0.03347	0.01128	0.07064	0.01025	0.00634	0.00726	0.00490	0.00322	0.00300	0.00096	0.00447	0.00249	0.00167	0.05547
2	0.09050	0.21427	0.27746	0.00776	0.03826	0.12580	0.00772	0.01114	0.02721	0.07372	0.00642	0.00730	0.00501	0.00450	0.05168	0.00118	0.00450	0.00240	0.00185	0.04132
3	0.04663	0.23743	0.13121	0.03372	0.11958	0.02714	0.00707	0.04921	0.06843	0.19346	0.04855	0.00907	0.00712	0.00364	0.00302	0.00097	0.00359	0.00285	0.00244	0.00490
4	0.06751	0.15013	0.03342	0.04262	0.09841	0.02928	0.06565	0.10221	0.06521	0.05623	0.04654	0.03173	0.06916	0.05389	0.00403	0.00114	0.00345	0.03786	0.00242	0.03914
5	0.14860	0.05540	0.12992	0.06911	0.17256	0.03691	0.02873	0.12238	0.06004	0.05078	0.00723	0.00888	0.00576	0.06394	0.00404	0.00117	0.00381	0.00287	0.00217	0.02570

[dist]
# distance from previous block
# <min> <max>
2	44

[block]
# block no. 5 follows, 83 sequences, length 33
# corresponding to MSA columns:
# 654-666,671-685,688-692
name=unknown_F
#
# <colnr> <probs for GDERKNQSTAVLIFYWHMCP>
#	G	D	E	R	K	N	Q	S	T	A	V	L	I	F	Y	W	H	M	C	P
0	0.03275	0.02057	0.04163	0.07307	0.08409	0.35182	0.13481	0.10992	0.00940	0.05322	0.00723	0.01755	0.02513	0.00360	0.00330	0.00098	0.00495	0.00294	0.00208	0.02095
1	0.08047	0.01900	0.04493	0.02594	0.06041	0.06990	0.00572	0.05478	0.02721	0.17284	0.01114	0.10626	0.01042	0.06444	0.00510	0.00133	0.07290	0.14822	0.00273	0.01627
2	0.00823	0.00791	0.01286	0.07168	0.71708	0.02483	0.00970	0.01019	0.00763	0.01086	0.00630	0.00826	0.00526	0.00301	0.00328	0.00097	0.00396	0.00291	0.00170	0.08339
3	0.00643	0.00602	0.01014	0.82672	0.04665	0.00745	0.00934	0.00866	0.00683	0.00876	0.00633	0.00975	0.00492	0.00353	0.00342	0.00114	0.00447	0.02411	0.00155	0.00379
4	0.00834	0.03625	0.03425	0.08172	0.25265	0.03700	0.20243	0.02223	0.03038	0.08674	0.00925	0.07887	0.03011	0.00428	0.00392	0.00112	0.03981	0.03391	0.00216	0.00458
5	0.04577	0.00594	0.00835	0.01883	0.20233	0.02739	0.00608	0.01137	0.00797	0.32996	0.01127	0.05751	0.02005	0.00804	0.13965	0.00179	0.01625	0.07393	0.00287	0.00465
6	0.00801	0.00767	0.01307	0.18201	0.70154	0.00795	0.01021	0.01007	0.00754	0.01061	0.00631	0.00851	0.00520	0.00309	0.00336	0.00103	0.00412	0.00302	0.00164	0.00506
7	0.01066	0.51285	0.01425	0.00694	0.00941	0.32526	0.00607	0.04136	0.00827	0.03017	0.00524	0.00593	0.00451	0.00319	0.00257	0.00080	0.00452	0.00203	0.00170	0.00428
8	0.01025	0.06669	0.10379	0.01123	0.19029	0.00802	0.15640	0.09275	0.09765	0.21518	0.00893	0.00936	0.00642	0.00355	0.00340	0.00104	0.00396	0.00324	0.00259	0.00525
9	0.00834	0.00800	0.01367	0.04034	0.84062	0.00804	0.01037	0.01036	0.00769	0.01101	0.00636	0.00840	0.00535	0.00303	0.00335	0.00101	0.00404	0.00302	0.00167	0.00533
10	0.00489	0.00343	0.00446	0.00446	0.00472	0.00370	0.00300	0.00542	0.00515	0.00713	0.00998	0.01830	0.01064	0.50753	0.38836	0.00423	0.00581	0.00436	0.00195	0.00248
11	0.86834	0.00667	0.00519	0.00459	0.00671	0.00772	0.00378	0.04431	0.00618	0.01545	0.00486	0.00561	0.00375	0.00318	0.00215	0.00105	0.00267	0.00188	0.00215	0.00375
12	0.00544	0.00420	0.00604	0.00549	0.01587	0.00431	0.08967	0.02055	0.00561	0.00763	0.01012	0.05386	0.01104	0.58459	0.13510	0.00318	0.02792	0.00473	0.00203	0.00263
13	0.90488	0.00655	0.00498	0.00445	0.00655	0.00760	0.00367	0.00996	0.00576	0.01520	0.00472	0.00550	0.00367	0.00314	0.00210	0.00105	0.00262	0.00183	0.00210	0.00367
14	0.90488	0.00655	0.00498	0.00445	0.00655	0.00760	0.00367	0.00996	0.00576	0.01520	0.00472	0.00550	0.00367	0.00314	0.00210	0.00105	0.00262	0.00183	0.00210	0.00367
15	0.04466	0.00736	0.01258	0.06468	0.55376	0.00740	0.10013	0.00993	0.00762	0.02802	0.00807	0.03687	0.00729	0.00395	0.00354	0.00110	0.00400	0.09229	0.00194	0.00481
16	0.06305	0.00788	0.01301	0.04361	0.75839	0.00808	0.00987	0.01025	0.00749	0.01116	0.00620	0.00820	0.00521	0.00312	0.00351	0.00103	0.03014	0.00294	0.00169	0.00517
17	0.00742	0.00698	0.01168	0.48756	0.37811	0.00783	0.00975	0.03224	0.00742	0.01002	0.00623	0.00873	0.00491	0.00325	0.00337	0.00107	0.00429	0.00301	0.00163	0.00450
18	0.38118	0.00610	0.00640	0.15236	0.00921	0.04277	0.00488	0.00842	0.00584	0.01083	0.00635	0.01004	0.00589	0.17115	0.06110	0.01370	0.09570	0.00288	0.00188	0.00332
19	0.03754	0.00779	0.00968	0.02129	0.20182	0.02853	0.00679	0.36548	0.01142	0.12355	0.02576	0.04127	0.02222	0.00461	0.00350	0.00108	0.00354	0.07606	0.00297	0.00511
20	0.00818	0.00793	0.01308	0.15546	0.70578	0.02974	0.01014	0.01020	0.00761	0.01061	0.00629	0.00843	0.00521	0.00309	0.00335	0.00102	0.00416	0.00300	0.00165	0.00508
21	0.00838	0.00720	0.03851	0.14020	0.18035	0.00734	0.07254	0.20694	0.04688	0.02343	0.03345	0.04792	0.00740	0.03025	0.02007	0.11508	0.00388	0.00356	0.00227	0.00434
22	0.10859	0.01495	0.00907	0.00823	0.01002	0.75874	0.00621	0.01323	0.02500	0.00914	0.00534	0.00617	0.00440	0.00347	0.00296	0.00090	0.00567	0.00218	0.00182	0.00393
23	0.00897	0.37221	0.01201	0.00653	0.00887	0.04111	0.00562	0.03955	0.44596	0.01160	0.00953	0.00927	0.00750	0.00383	0.00290	0.00096	0.00323	0.00291	0.00255	0.00490
24	0.01070	0.00665	0.01039	0.23204	0.25675	0.00675	0.02161	0.03088	0.02420	0.35160	0.00927	0.00990	0.00646	0.00363	0.00340	0.00106	0.00369	0.00320	0.00271	0.00511
25	0.00801	0.08304	0.38030	0.00985	0.08144	0.03926	0.09282	0.07900	0.01558	0.03726	0.01579	0.02031	0.02867	0.00405	0.00360	0.00109	0.02763	0.06562	0.00197	0.00471
26	0.01276	0.00943	0.01010	0.00777	0.01046	0.01045	0.00641	0.82638	0.03826	0.02116	0.00828	0.00825	0.00588	0.00408	0.00339	0.00102	0.00370	0.00307	0.00339	0.00575
27	0.01027	0.00713	0.00805	0.00663	0.00856	0.00781	0.00528	0.37101	0.17412	0.11414	0.03611	0.01184	0.00867	0.09154	0.08780	0.00170	0.02255	0.00357	0.01833	0.00490
28	0.18140	0.09202	0.03971	0.03260	0.00921	0.14850	0.01688	0.06732	0.00853	0.24606	0.00888	0.01107	0.00702	0.02051	0.00348	0.00109	0.01727	0.08131	0.00268	0.00447
29	0.06596	0.70370	0.09700	0.00630	0.00932	0.04017	0.01902	0.01031	0.00694	0.00875	0.00489	0.00568	0.00431	0.00296	0.00232	0.00079	0.00380	0.00192	0.00150	0.00436
30	0.03903	0.05675	0.00516	0.00460	0.00539	0.00400	0.00347	0.00626	0.01721	0.01056	0.29648	0.22994	0.09980	0.10043	0.00537	0.00142	0.00223	0.10577	0.00308	0.00304
31	0.12348	0.03953	0.04774	0.02890	0.02994	0.00894	0.02056	0.42909	0.10012	0.04746	0.00825	0.00913	0.00628	0.05723	0.00401	0.00116	0.00350	0.00302	0.00287	0.02877
32	0.48249	0.06298	0.08998	0.00617	0.03342	0.01577	0.01641	0.10428	0.03818	0.02907	0.02834	0.00764	0.00551	0.03621	0.00313	0.00110	0.00315	0.00243	0.00224	0.03150

[dist]
# distance from previous block
# <min> <max>
6	47

# created by:
# /home/simao/soft/augustus-3.0.3/scripts/msa2prfl.pl ./prep/98066.aln
