[name]
unknown

[dist]
# distance from previous block
# <min> <max>
1	56

[block]
# block no. 0 follows, 83 sequences, length 6
# corresponding to MSA columns:
# 106-111
name=unknown_A
#
# <colnr> <probs for GDERKNQSTAVLIFYWHMCP>
#	G	D	E	R	K	N	Q	S	T	A	V	L	I	F	Y	W	H	M	C	P
0	0.00760	0.00710	0.06096	0.00684	0.02050	0.03907	0.06414	0.10023	0.04754	0.03581	0.06043	0.07234	0.00934	0.08660	0.05032	0.00140	0.05920	0.01928	0.00238	0.24892
1	0.02516	0.12760	0.08167	0.09085	0.21275	0.05630	0.09974	0.04862	0.04078	0.04274	0.00812	0.07513	0.02388	0.00400	0.00357	0.00104	0.03435	0.00347	0.00201	0.01823
2	0.00576	0.00328	0.00472	0.00460	0.00495	0.00332	0.00325	0.00518	0.00492	0.00694	0.00680	0.01083	0.00650	0.01360	0.18706	0.61747	0.00410	0.00304	0.04590	0.05779
3	0.05104	0.00564	0.00726	0.03114	0.03617	0.00552	0.01946	0.11008	0.04943	0.32841	0.17889	0.07766	0.05304	0.00577	0.02385	0.00119	0.00287	0.00447	0.00349	0.00463
4	0.05168	0.04723	0.09695	0.03991	0.03725	0.00574	0.00525	0.10107	0.03553	0.02692	0.14139	0.22165	0.12302	0.02748	0.00414	0.00119	0.02149	0.00550	0.00280	0.00380
5	0.00849	0.29255	0.07735	0.02783	0.02491	0.10114	0.04425	0.05823	0.06638	0.03870	0.00994	0.10547	0.06508	0.00458	0.00328	0.00098	0.02585	0.00363	0.03713	0.00423

[dist]
# distance from previous block
# <min> <max>
4	20

[block]
# block no. 1 follows, 83 sequences, length 12
# corresponding to MSA columns:
# 132-143
name=unknown_B
#
# <colnr> <probs for GDERKNQSTAVLIFYWHMCP>
#	G	D	E	R	K	N	Q	S	T	A	V	L	I	F	Y	W	H	M	C	P
0	0.14468	0.06094	0.06477	0.01833	0.06703	0.08701	0.03253	0.10338	0.09729	0.11455	0.03998	0.03492	0.00762	0.04693	0.00398	0.00113	0.02454	0.00319	0.01061	0.03660
1	0.10317	0.26826	0.09898	0.05700	0.08072	0.09303	0.00684	0.11483	0.06825	0.03340	0.04095	0.00793	0.00619	0.00351	0.00287	0.00094	0.00383	0.00260	0.00211	0.00459
2	0.00641	0.07569	0.00631	0.00517	0.00633	0.03334	0.00395	0.08818	0.03626	0.03730	0.10796	0.31237	0.14461	0.04133	0.01881	0.00130	0.01353	0.02323	0.00297	0.03496
3	0.00801	0.00583	0.00763	0.02334	0.02714	0.00493	0.04779	0.02871	0.03333	0.13189	0.02983	0.09129	0.00846	0.03205	0.00351	0.00087	0.00280	0.01790	0.00253	0.49218
4	0.02740	0.16576	0.00962	0.00648	0.00846	0.08931	0.01508	0.21672	0.05718	0.07864	0.04332	0.09417	0.00879	0.02041	0.07565	0.00139	0.02299	0.00361	0.01627	0.03875
5	0.00750	0.00630	0.00728	0.00524	0.00823	0.00500	0.00421	0.07641	0.00774	0.01187	0.00619	0.00711	0.00508	0.00263	0.00258	0.00054	0.00261	0.00209	0.00212	0.82927
6	0.00714	0.00602	0.00745	0.02492	0.07685	0.02447	0.02142	0.02564	0.00758	0.03688	0.07767	0.03295	0.05637	0.03110	0.00340	0.00080	0.00275	0.00313	0.00229	0.55118
7	0.73485	0.00652	0.00540	0.00482	0.00684	0.00747	0.00391	0.03991	0.07477	0.03616	0.00647	0.04909	0.00532	0.00369	0.00239	0.00107	0.00264	0.00246	0.00235	0.00389
8	0.00490	0.00341	0.00439	0.00442	0.00475	0.00363	0.00302	0.00552	0.00540	0.00756	0.01110	0.05307	0.03746	0.42486	0.36401	0.00390	0.00547	0.00457	0.04600	0.00256
9	0.12623	0.00777	0.02154	0.00835	0.10233	0.05279	0.04055	0.24447	0.11172	0.03244	0.05010	0.07440	0.00858	0.00577	0.05878	0.00134	0.01238	0.00362	0.00270	0.03415
10	0.05827	0.10713	0.13376	0.02712	0.10352	0.02313	0.05996	0.12956	0.03447	0.11490	0.02884	0.00843	0.00614	0.00344	0.00317	0.00094	0.01389	0.00279	0.00234	0.13822
11	0.04132	0.03484	0.07448	0.05576	0.11491	0.05515	0.02694	0.18614	0.04950	0.14889	0.02222	0.06828	0.03398	0.01982	0.00380	0.00109	0.02577	0.00361	0.00269	0.03081

[dist]
# distance from previous block
# <min> <max>
3	24

[block]
# block no. 2 follows, 83 sequences, length 6
# corresponding to MSA columns:
# 168-173
name=unknown_C
#
# <colnr> <probs for GDERKNQSTAVLIFYWHMCP>
#	G	D	E	R	K	N	Q	S	T	A	V	L	I	F	Y	W	H	M	C	P
0	0.03082	0.02805	0.06256	0.00840	0.08308	0.00723	0.07489	0.10826	0.17074	0.09737	0.05892	0.06711	0.00948	0.00526	0.03239	0.00122	0.04967	0.02167	0.00272	0.08017
1	0.06749	0.05670	0.00915	0.08863	0.07059	0.00707	0.04300	0.15222	0.03352	0.11928	0.07145	0.01210	0.06156	0.00427	0.00348	0.00099	0.02832	0.03089	0.00267	0.13665
2	0.00873	0.09079	0.04070	0.14715	0.09575	0.08453	0.09421	0.12449	0.10068	0.03894	0.09144	0.01151	0.02590	0.00411	0.00341	0.00105	0.00393	0.02576	0.00240	0.00453
3	0.00858	0.12252	0.14003	0.09437	0.06337	0.02808	0.11269	0.08095	0.03422	0.07764	0.02143	0.02908	0.00642	0.00376	0.00364	0.00101	0.04887	0.02163	0.00212	0.09959
4	0.00891	0.09578	0.30376	0.03361	0.06300	0.06923	0.02587	0.07363	0.07822	0.10619	0.03017	0.02776	0.02607	0.00389	0.00338	0.00103	0.02021	0.00309	0.00225	0.02397
5	0.02884	0.21813	0.21186	0.06725	0.04743	0.05693	0.08191	0.08642	0.08309	0.02555	0.00745	0.03865	0.00614	0.00374	0.00313	0.00101	0.00417	0.02166	0.00201	0.00464

[dist]
# distance from previous block
# <min> <max>
0	1

[block]
# block no. 3 follows, 83 sequences, length 41
# corresponding to MSA columns:
# 175-215
name=unknown_D
#
# <colnr> <probs for GDERKNQSTAVLIFYWHMCP>
#	G	D	E	R	K	N	Q	S	T	A	V	L	I	F	Y	W	H	M	C	P
0	0.01028	0.18784	0.05582	0.08025	0.06098	0.18141	0.01825	0.08988	0.07384	0.11952	0.01725	0.00814	0.00590	0.00362	0.00331	0.00095	0.03411	0.00270	0.00227	0.04370
1	0.00919	0.05615	0.05281	0.02158	0.06781	0.05801	0.01510	0.08016	0.11471	0.15264	0.04371	0.04154	0.08469	0.00503	0.00498	0.00114	0.17980	0.00376	0.00266	0.00454
2	0.00415	0.00297	0.00392	0.00467	0.00488	0.00277	0.00311	0.00472	0.00647	0.00860	0.01874	0.84143	0.03694	0.03327	0.00465	0.00142	0.00200	0.00946	0.00312	0.00274
3	0.00664	0.00577	0.00928	0.02815	0.28359	0.00561	0.09394	0.00856	0.03961	0.03776	0.13932	0.10989	0.14492	0.01473	0.00395	0.00116	0.00312	0.05728	0.00261	0.00410
4	0.00696	0.01856	0.09581	0.06559	0.03089	0.00496	0.03932	0.03709	0.01573	0.12606	0.15584	0.15706	0.13570	0.00656	0.00385	0.00117	0.00289	0.08909	0.00298	0.00388
5	0.00868	0.00860	0.04633	0.01814	0.61272	0.00816	0.15709	0.05158	0.00820	0.03764	0.00675	0.00855	0.00540	0.00308	0.00346	0.00103	0.00431	0.00318	0.00183	0.00524
6	0.00766	0.00731	0.01244	0.33261	0.55368	0.00786	0.01003	0.00976	0.00737	0.01018	0.00624	0.00862	0.00505	0.00315	0.00337	0.00105	0.00420	0.00302	0.00161	0.00478
7	0.01277	0.00619	0.00757	0.00597	0.00827	0.00597	0.00487	0.21263	0.01980	0.49357	0.02745	0.02619	0.03744	0.00444	0.00332	0.00102	0.00285	0.00357	0.11084	0.00525
8	0.00587	0.00298	0.00445	0.00449	0.00452	0.00298	0.00304	0.00452	0.00455	0.00605	0.00636	0.01141	0.00643	0.01167	0.01290	0.86554	0.00295	0.03622	0.00154	0.00154
9	0.03470	0.38695	0.31103	0.00833	0.01191	0.04197	0.11048	0.02773	0.00734	0.00978	0.00553	0.00659	0.00444	0.00310	0.00295	0.00093	0.01774	0.00237	0.00154	0.00459
10	0.00439	0.00343	0.00401	0.00417	0.00498	0.00311	0.00304	0.00563	0.03456	0.01018	0.21196	0.27646	0.38288	0.00870	0.00409	0.00120	0.00183	0.02910	0.00328	0.00299
11	0.01511	0.00590	0.00795	0.00609	0.00872	0.00519	0.00503	0.04769	0.00993	0.83066	0.01317	0.01140	0.00829	0.00419	0.00341	0.00105	0.00291	0.00339	0.00416	0.00576
12	0.00480	0.00356	0.00448	0.00492	0.00545	0.00349	0.00352	0.03721	0.04420	0.00951	0.03086	0.58113	0.10158	0.03392	0.04752	0.00159	0.00251	0.07364	0.00308	0.00302
13	0.33343	0.00756	0.04149	0.00739	0.01008	0.00735	0.16821	0.10629	0.00856	0.26604	0.00813	0.00835	0.00561	0.00351	0.00304	0.00106	0.00351	0.00288	0.00276	0.00475
14	0.00702	0.00602	0.00702	0.00502	0.00803	0.00452	0.00401	0.00853	0.00702	0.01104	0.00602	0.00702	0.00502	0.00251	0.00251	0.00050	0.00251	0.00201	0.00201	0.90166
15	0.02085	0.00463	0.00594	0.00529	0.00677	0.00426	0.00406	0.04138	0.02849	0.36735	0.05757	0.25675	0.08617	0.04836	0.00459	0.01721	0.00251	0.03008	0.00353	0.00419
16	0.00826	0.00792	0.01352	0.07429	0.80730	0.00802	0.01033	0.01029	0.00765	0.01092	0.00635	0.00842	0.00531	0.00304	0.00336	0.00101	0.00406	0.00302	0.00167	0.00527
17	0.03842	0.00921	0.01537	0.01127	0.01432	0.02582	0.47572	0.30301	0.03352	0.02774	0.00749	0.00874	0.00548	0.00337	0.00368	0.00109	0.00480	0.00355	0.00239	0.00498
18	0.00442	0.00331	0.00391	0.00408	0.00483	0.00295	0.00292	0.00534	0.00769	0.02276	0.21451	0.30316	0.36471	0.03406	0.00448	0.00126	0.00183	0.00760	0.00326	0.00292
19	0.00702	0.00602	0.00702	0.00502	0.00803	0.00452	0.00401	0.00853	0.00702	0.01104	0.00602	0.00702	0.00502	0.00251	0.00251	0.00050	0.00251	0.00201	0.00201	0.90166
20	0.00546	0.00390	0.00546	0.00624	0.00702	0.00390	0.00546	0.00702	0.00780	0.01014	0.01794	0.03821	0.01950	0.00936	0.00468	0.00156	0.00312	0.83702	0.00312	0.00312
21	0.01200	0.01485	0.01012	0.00892	0.01080	0.72734	0.06084	0.02552	0.08070	0.00914	0.00610	0.00688	0.00494	0.00355	0.00315	0.00092	0.00576	0.00245	0.00191	0.00412
22	0.03339	0.00386	0.00498	0.00501	0.00592	0.00358	0.00371	0.00785	0.00729	0.20432	0.01728	0.43828	0.07009	0.08094	0.00514	0.00146	0.00241	0.09778	0.00326	0.00346
23	0.00461	0.00333	0.00362	0.00363	0.00402	0.00313	0.00226	0.00492	0.00594	0.00755	0.03088	0.03805	0.29236	0.56741	0.01249	0.00252	0.00272	0.00575	0.00245	0.00235
24	0.04142	0.00380	0.00465	0.00510	0.00604	0.00363	0.00426	0.00628	0.00764	0.00993	0.02337	0.06377	0.32323	0.00887	0.00432	0.00138	0.00255	0.47364	0.00309	0.00303
25	0.00736	0.00523	0.00652	0.00645	0.00769	0.00545	0.00543	0.21888	0.00973	0.02902	0.01546	0.12507	0.01615	0.00807	0.00429	0.00139	0.00314	0.51765	0.00321	0.00379
26	0.00492	0.00358	0.00537	0.00537	0.00593	0.00414	0.00414	0.00593	0.00537	0.00772	0.00884	0.01308	0.00828	0.02439	0.80391	0.07216	0.00862	0.00358	0.00179	0.00291
27	0.00539	0.00387	0.00534	0.00607	0.00685	0.00385	0.00527	0.00689	0.00773	0.01001	0.01836	0.03761	0.05012	0.03061	0.00496	0.00159	0.00307	0.78624	0.00309	0.00308
28	0.01314	0.00814	0.00922	0.00716	0.00976	0.00861	0.00588	0.52997	0.07450	0.27052	0.02158	0.00970	0.00723	0.00418	0.00341	0.00104	0.00337	0.00325	0.00364	0.00570
29	0.90488	0.00655	0.00498	0.00445	0.00655	0.00760	0.00367	0.00996	0.00576	0.01520	0.00472	0.00550	0.00367	0.00314	0.00210	0.00105	0.00262	0.00183	0.00210	0.00367
30	0.07288	0.02820	0.00919	0.00790	0.00989	0.49045	0.00611	0.16206	0.15879	0.01211	0.00721	0.00756	0.00561	0.00375	0.00310	0.00096	0.00480	0.00260	0.00235	0.00449
31	0.13370	0.00866	0.00927	0.00736	0.00986	0.00966	0.03062	0.55276	0.17227	0.01885	0.00870	0.00865	0.00632	0.00400	0.00324	0.00105	0.00344	0.00306	0.00317	0.00536
32	0.00417	0.00322	0.00381	0.00412	0.00479	0.00286	0.00291	0.00501	0.00744	0.00955	0.14283	0.40495	0.37372	0.00924	0.00414	0.00124	0.00181	0.00810	0.00323	0.00286
33	0.01011	0.00929	0.01573	0.01146	0.01458	0.00941	0.48257	0.37432	0.01144	0.01541	0.00741	0.00870	0.00541	0.00338	0.00373	0.00109	0.00485	0.00359	0.00244	0.00509
34	0.00411	0.00348	0.00357	0.00355	0.00469	0.00291	0.00267	0.00501	0.00775	0.00934	0.06141	0.04584	0.78918	0.00846	0.00399	0.00114	0.00175	0.01982	0.00315	0.01817
35	0.00469	0.00332	0.00363	0.00363	0.00392	0.00318	0.00218	0.00491	0.00563	0.00722	0.01663	0.02480	0.22542	0.66124	0.01391	0.00275	0.00289	0.00549	0.00233	0.00226
36	0.00906	0.00723	0.00812	0.00600	0.00889	0.00664	0.00487	0.29768	0.02351	0.01464	0.00687	0.00749	0.00536	0.00308	0.00283	0.00069	0.00293	0.00239	0.00251	0.57921
37	0.00464	0.00374	0.00408	0.00411	0.00519	0.00339	0.00313	0.00624	0.06958	0.01879	0.10048	0.09631	0.58474	0.00832	0.00404	0.00119	0.00192	0.07377	0.00323	0.00311
38	0.07232	0.00424	0.00548	0.00607	0.00698	0.00437	0.00523	0.00770	0.04723	0.01061	0.01657	0.03416	0.01770	0.03177	0.00476	0.00155	0.00307	0.71393	0.00303	0.00324
39	0.00693	0.00485	0.00615	0.00629	0.00749	0.00503	0.00532	0.04059	0.16759	0.07153	0.04154	0.02991	0.03392	0.00781	0.00428	0.00140	0.00297	0.54929	0.00329	0.00382
40	0.00705	0.00424	0.00534	0.00475	0.00604	0.00397	0.00367	0.00922	0.08354	0.17726	0.54138	0.02223	0.10501	0.00635	0.00383	0.00108	0.00195	0.00550	0.00374	0.00385

[dist]
# distance from previous block
# <min> <max>
0	1

[block]
# block no. 4 follows, 83 sequences, length 13
# corresponding to MSA columns:
# 217-229
name=unknown_E
#
# <colnr> <probs for GDERKNQSTAVLIFYWHMCP>
#	G	D	E	R	K	N	Q	S	T	A	V	L	I	F	Y	W	H	M	C	P
0	0.24755	0.00423	0.00443	0.00437	0.00531	0.00446	0.00323	0.00716	0.00660	0.02706	0.13902	0.15030	0.02622	0.15505	0.07695	0.00184	0.00291	0.03583	0.09440	0.00308
1	0.00576	0.00417	0.00564	0.00621	0.00709	0.00422	0.00537	0.03434	0.03585	0.01080	0.05939	0.03576	0.01938	0.00891	0.00456	0.00150	0.00305	0.74153	0.00317	0.00328
2	0.00556	0.00347	0.00466	0.00515	0.00571	0.00328	0.00382	0.00642	0.00701	0.08984	0.01748	0.53522	0.01972	0.06487	0.00514	0.00151	0.00242	0.21247	0.00317	0.00308
3	0.02194	0.00361	0.00427	0.00417	0.00478	0.00340	0.00278	0.00644	0.00648	0.11128	0.05785	0.18432	0.14576	0.41637	0.01015	0.00217	0.00265	0.00598	0.00277	0.00284
4	0.00690	0.00538	0.00754	0.00923	0.23067	0.00547	0.00552	0.08679	0.07245	0.01061	0.05575	0.10112	0.09614	0.04858	0.00637	0.19056	0.00302	0.05180	0.00243	0.00367
5	0.23410	0.00806	0.00877	0.35218	0.03003	0.14295	0.03263	0.01119	0.12847	0.01115	0.00671	0.00819	0.00515	0.00349	0.00304	0.00107	0.00405	0.00273	0.00198	0.00405
6	0.00733	0.00588	0.00694	0.00503	0.00791	0.00447	0.00402	0.00883	0.00729	0.05417	0.04889	0.00816	0.00653	0.00281	0.00263	0.00056	0.00248	0.00228	0.00220	0.81158
7	0.00448	0.00342	0.00402	0.00408	0.00482	0.00311	0.00291	0.00565	0.02670	0.01041	0.30612	0.20150	0.31163	0.08939	0.00528	0.00136	0.00189	0.00703	0.00325	0.00293
8	0.00769	0.00722	0.01217	0.03666	0.39878	0.00728	0.15642	0.03604	0.09371	0.01154	0.06040	0.05305	0.00966	0.00443	0.00370	0.00113	0.00386	0.08931	0.00225	0.00471
9	0.15752	0.00674	0.00760	0.00611	0.00849	0.04650	0.00500	0.12748	0.00975	0.51977	0.01118	0.03633	0.00784	0.00432	0.00324	0.00106	0.00309	0.02926	0.00357	0.00517
10	0.00439	0.00317	0.00391	0.00432	0.00483	0.00292	0.00302	0.00522	0.00717	0.00959	0.13872	0.47856	0.19079	0.05013	0.00473	0.00135	0.00194	0.03393	0.04848	0.00283
11	0.00550	0.00373	0.00458	0.00476	0.00535	0.00363	0.00343	0.03819	0.02111	0.04616	0.04836	0.27489	0.09867	0.26531	0.00805	0.00190	0.00264	0.15788	0.00290	0.00293
12	0.13356	0.00850	0.00889	0.00767	0.04926	0.09811	0.03462	0.26981	0.14537	0.16987	0.00987	0.00967	0.03172	0.00403	0.00323	0.00104	0.00353	0.00313	0.00305	0.00508

[dist]
# distance from previous block
# <min> <max>
0	1

[block]
# block no. 5 follows, 83 sequences, length 9
# corresponding to MSA columns:
# 231-239
name=unknown_F
#
# <colnr> <probs for GDERKNQSTAVLIFYWHMCP>
#	G	D	E	R	K	N	Q	S	T	A	V	L	I	F	Y	W	H	M	C	P
0	0.00592	0.00448	0.00509	0.00497	0.00611	0.00454	0.00381	0.00924	0.22819	0.03650	0.15348	0.12134	0.23841	0.02271	0.00409	0.00122	0.00218	0.09147	0.05258	0.00367
1	0.05495	0.01035	0.01162	0.12436	0.10230	0.28320	0.16026	0.07711	0.00859	0.03097	0.00626	0.00808	0.00503	0.02743	0.00419	0.00109	0.06159	0.00291	0.00190	0.01778
2	0.03857	0.00829	0.02576	0.03548	0.08186	0.02652	0.11574	0.29559	0.10393	0.18273	0.00912	0.00929	0.00648	0.00376	0.00339	0.00103	0.00374	0.00322	0.00297	0.04253
3	0.01010	0.00716	0.00847	0.00742	0.03851	0.04161	0.05159	0.04694	0.43349	0.22581	0.04395	0.01294	0.04740	0.00454	0.00349	0.00110	0.00304	0.00384	0.00340	0.00519
4	0.00507	0.00348	0.00398	0.00400	0.00413	0.00354	0.00240	0.00560	0.04275	0.00712	0.01123	0.04548	0.01263	0.76525	0.03992	0.00314	0.00338	0.03243	0.00217	0.00228
5	0.00961	0.04186	0.12484	0.05674	0.35524	0.03302	0.06874	0.04479	0.03334	0.17266	0.02141	0.00911	0.00626	0.00343	0.00335	0.00103	0.00404	0.00310	0.00226	0.00516
6	0.02009	0.00630	0.00810	0.10845	0.09057	0.05400	0.02972	0.05481	0.02035	0.03500	0.05222	0.10510	0.01088	0.00531	0.00380	0.00107	0.03345	0.15315	0.00244	0.20518
7	0.00443	0.00321	0.00398	0.00427	0.00467	0.00306	0.00288	0.00508	0.00659	0.00874	0.11608	0.37825	0.15010	0.22118	0.06993	0.00206	0.00272	0.00727	0.00285	0.00267
8	0.00718	0.04793	0.46722	0.03219	0.03718	0.00715	0.04795	0.06771	0.00789	0.04411	0.01054	0.09557	0.08325	0.00464	0.00345	0.00110	0.00413	0.02419	0.00206	0.00456

[dist]
# distance from previous block
# <min> <max>
2	25

[block]
# block no. 6 follows, 83 sequences, length 45
# corresponding to MSA columns:
# 267-272,279-317
name=unknown_G
#
# <colnr> <probs for GDERKNQSTAVLIFYWHMCP>
#	G	D	E	R	K	N	Q	S	T	A	V	L	I	F	Y	W	H	M	C	P
0	0.00866	0.03111	0.07012	0.04899	0.05685	0.00872	0.40284	0.12165	0.05351	0.03429	0.00714	0.00874	0.00542	0.00346	0.00430	0.00110	0.08426	0.00342	0.00205	0.04336
1	0.00691	0.00432	0.00592	0.02059	0.05879	0.00402	0.01875	0.02376	0.00816	0.16788	0.15097	0.25488	0.16326	0.00775	0.01588	0.00126	0.00250	0.07742	0.00327	0.00370
2	0.02292	0.00417	0.00493	0.00479	0.00559	0.02986	0.02448	0.00659	0.04651	0.02947	0.10478	0.20341	0.18245	0.15673	0.06536	0.05437	0.00296	0.02411	0.00936	0.01718
3	0.18327	0.00491	0.00595	0.00551	0.01398	0.00486	0.04597	0.03360	0.02866	0.08037	0.06078	0.28823	0.06258	0.01865	0.00372	0.00118	0.00254	0.06164	0.02190	0.07171
4	0.00864	0.00672	0.01196	0.00905	0.01136	0.00645	0.33654	0.01081	0.02966	0.18255	0.16425	0.01331	0.01128	0.00434	0.00428	0.00109	0.06923	0.02747	0.02809	0.06293
5	0.08342	0.00683	0.03427	0.03584	0.46900	0.00670	0.00817	0.00937	0.01915	0.01110	0.00982	0.01672	0.01617	0.01405	0.00374	0.00119	0.00362	0.23042	0.01595	0.00447
6	0.03875	0.00354	0.00421	0.00430	0.00501	0.00331	0.00303	0.00617	0.00709	0.07181	0.11997	0.30591	0.19702	0.16650	0.00638	0.00159	0.00222	0.02957	0.02064	0.00297
7	0.00635	0.00395	0.00508	0.00480	0.00585	0.00370	0.00367	0.00817	0.05599	0.13058	0.47947	0.14421	0.06855	0.00717	0.00397	0.00115	0.00199	0.05814	0.00363	0.00359
8	0.00487	0.00353	0.00492	0.00492	0.00535	0.00395	0.00359	0.00572	0.00529	0.00748	0.00955	0.01594	0.00961	0.27936	0.61513	0.00480	0.00736	0.00401	0.00189	0.00274
9	0.00453	0.00333	0.00400	0.00406	0.00474	0.00304	0.00290	0.00557	0.00789	0.01065	0.34671	0.19351	0.24530	0.09836	0.00538	0.00137	0.00189	0.01686	0.03701	0.00290
10	0.02651	0.00378	0.00465	0.00460	0.00554	0.00345	0.00333	0.01796	0.00753	0.16133	0.07747	0.39070	0.20066	0.07024	0.00492	0.00137	0.00218	0.00715	0.00327	0.00335
11	0.34162	0.00467	0.00440	0.00424	0.00541	0.00506	0.00325	0.02091	0.00640	0.02212	0.01003	0.02649	0.03282	0.17392	0.02033	0.00155	0.00264	0.08923	0.22174	0.00319
12	0.00967	0.01162	0.01533	0.01175	0.01437	0.33893	0.48180	0.01165	0.00851	0.00974	0.00651	0.03256	0.00531	0.00339	0.00380	0.00105	0.02456	0.00344	0.00176	0.00425
13	0.12969	0.00392	0.00440	0.00456	0.00542	0.00388	0.00338	0.03002	0.00735	0.02756	0.11636	0.35153	0.14233	0.03652	0.00423	0.00129	0.00216	0.07272	0.04957	0.00312
14	0.04227	0.00406	0.00513	0.00484	0.00597	0.00376	0.00367	0.02209	0.00837	0.19491	0.26697	0.24733	0.09975	0.02809	0.00422	0.00123	0.00218	0.04806	0.00348	0.00363
15	0.13961	0.00646	0.00608	0.00566	0.00710	0.12747	0.00431	0.03502	0.07241	0.17328	0.01334	0.28345	0.04687	0.00625	0.00346	0.00113	0.00293	0.02014	0.04109	0.00394
16	0.00475	0.00349	0.00449	0.00503	0.00565	0.00332	0.00387	0.02012	0.00742	0.00965	0.05795	0.38384	0.16632	0.02176	0.00454	0.00140	0.00234	0.28795	0.00315	0.00296
17	0.25683	0.00531	0.00610	0.00519	0.00709	0.00526	0.00415	0.01177	0.00769	0.39781	0.02159	0.08779	0.02284	0.03115	0.08137	0.00153	0.00322	0.00368	0.03522	0.00440
18	0.00449	0.00323	0.00398	0.00438	0.00498	0.00291	0.00309	0.00529	0.00722	0.03340	0.09262	0.51980	0.26369	0.00951	0.00419	0.00128	0.00192	0.02788	0.00322	0.00291
19	0.55748	0.00620	0.00604	0.00504	0.00730	0.00654	0.00415	0.01232	0.00730	0.32980	0.02395	0.00811	0.00595	0.00360	0.00262	0.00105	0.00270	0.00250	0.00291	0.00444
20	0.00431	0.00323	0.00401	0.00431	0.00491	0.00295	0.00306	0.00524	0.00752	0.00996	0.22893	0.41179	0.22995	0.02353	0.02609	0.00138	0.00203	0.02066	0.00324	0.00289
21	0.00567	0.00420	0.00668	0.07041	0.03157	0.00476	0.04391	0.00622	0.00540	0.00757	0.00743	0.01140	0.00692	0.01683	0.43066	0.27528	0.05731	0.00334	0.00166	0.00279
22	0.00838	0.00805	0.01375	0.02079	0.85982	0.00805	0.01040	0.01040	0.00771	0.01107	0.00637	0.00838	0.00537	0.00302	0.00335	0.00101	0.00402	0.00302	0.00168	0.00537
23	0.00516	0.00316	0.00371	0.00393	0.00453	0.00301	0.00281	0.00638	0.00742	0.01131	0.18524	0.31359	0.05218	0.00702	0.00343	0.00106	0.00172	0.00614	0.37518	0.00301
24	0.03521	0.01101	0.01151	0.02310	0.01154	0.36124	0.21163	0.07910	0.00864	0.01008	0.00645	0.02678	0.00545	0.00590	0.08205	0.02240	0.07894	0.00307	0.00189	0.00404
25	0.10389	0.03316	0.01036	0.02172	0.04751	0.03072	0.07553	0.44395	0.05085	0.13627	0.00839	0.00853	0.00596	0.00381	0.00327	0.00103	0.00369	0.00303	0.00303	0.00530
26	0.00546	0.00390	0.00546	0.00624	0.00702	0.00390	0.00546	0.00702	0.00780	0.01014	0.01794	0.03821	0.01950	0.00936	0.00468	0.00156	0.00312	0.83702	0.00312	0.00312
27	0.90488	0.00655	0.00498	0.00445	0.00655	0.00760	0.00367	0.00996	0.00576	0.01520	0.00472	0.00550	0.00367	0.00314	0.00210	0.00105	0.00262	0.00183	0.00210	0.00367
28	0.00412	0.00296	0.00392	0.00468	0.00490	0.00275	0.00313	0.00472	0.00652	0.00866	0.01908	0.85685	0.04403	0.01056	0.00432	0.00137	0.00196	0.00957	0.00314	0.00275
29	0.00415	0.00307	0.00383	0.00441	0.00480	0.00280	0.00299	0.00478	0.00673	0.00876	0.03708	0.66107	0.18912	0.04354	0.00475	0.00140	0.00196	0.00889	0.00311	0.00275
30	0.00702	0.00602	0.00702	0.00502	0.00803	0.00452	0.00401	0.00853	0.00702	0.01104	0.00602	0.00702	0.00502	0.00251	0.00251	0.00050	0.00251	0.00201	0.00201	0.90166
31	0.00972	0.00991	0.00841	0.00754	0.00934	0.25753	0.00582	0.03779	0.55035	0.01239	0.01076	0.01040	0.00823	0.00432	0.00367	0.00108	0.04170	0.00329	0.00287	0.00488
32	0.06516	0.00744	0.02908	0.03269	0.05020	0.00860	0.04303	0.03404	0.34070	0.05827	0.00916	0.00996	0.00718	0.00534	0.03507	0.00137	0.25223	0.00332	0.00252	0.00465
33	0.00984	0.02102	0.06821	0.20879	0.10300	0.00739	0.00731	0.11387	0.12481	0.21751	0.00946	0.03418	0.00699	0.00400	0.00352	0.00107	0.02067	0.00333	0.00272	0.03230
34	0.11442	0.00899	0.00948	0.00734	0.00997	0.00993	0.00606	0.71690	0.01450	0.05729	0.00797	0.00798	0.00564	0.00397	0.00324	0.00102	0.00356	0.00293	0.00328	0.00552
35	0.00906	0.88299	0.01775	0.00580	0.00869	0.01340	0.00580	0.01014	0.00688	0.00797	0.00471	0.00543	0.00435	0.00290	0.00217	0.00072	0.00362	0.00181	0.00145	0.00435
36	0.00588	0.00294	0.00441	0.00441	0.00441	0.00294	0.00294	0.00441	0.00441	0.00588	0.00588	0.01030	0.00588	0.01177	0.01324	0.90144	0.00294	0.00294	0.00147	0.00147
37	0.00418	0.00300	0.00397	0.00471	0.00497	0.00280	0.00319	0.00482	0.00662	0.00881	0.03689	0.81315	0.04608	0.01044	0.00432	0.00137	0.00198	0.03277	0.00316	0.00277
38	0.02350	0.05187	0.04856	0.00632	0.00883	0.00607	0.00547	0.08075	0.02240	0.57060	0.02766	0.02953	0.00882	0.00449	0.00358	0.00106	0.02559	0.04339	0.00361	0.02787
39	0.00539	0.00311	0.00411	0.00413	0.00415	0.00313	0.00259	0.00469	0.00471	0.00630	0.00837	0.03322	0.00916	0.39933	0.03892	0.45789	0.00325	0.00398	0.00177	0.00180
40	0.00643	0.01150	0.45587	0.02882	0.06992	0.00631	0.04306	0.00919	0.00763	0.03538	0.09002	0.02501	0.16041	0.00480	0.00354	0.00110	0.00390	0.03059	0.00213	0.00437
41	0.00822	0.04679	0.26281	0.04291	0.10411	0.01841	0.07218	0.07956	0.17708	0.04762	0.03062	0.04332	0.00757	0.00397	0.00338	0.00106	0.00393	0.01189	0.00232	0.03225
42	0.00730	0.00692	0.07449	0.12258	0.01102	0.00551	0.06500	0.02213	0.00748	0.06307	0.03764	0.01021	0.06737	0.00347	0.00314	0.00080	0.01631	0.00295	0.00216	0.47046
43	0.04133	0.00640	0.00921	0.20546	0.07669	0.00641	0.08237	0.06436	0.06205	0.06598	0.03576	0.02001	0.07885	0.00400	0.00330	0.00097	0.00340	0.01977	0.00235	0.21133
44	0.03534	0.13751	0.14731	0.03598	0.04196	0.00830	0.21501	0.04304	0.09234	0.04481	0.08404	0.01730	0.01902	0.00379	0.00353	0.00103	0.02590	0.00341	0.00218	0.03818

[dist]
# distance from previous block
# <min> <max>
0	1

[block]
# block no. 7 follows, 83 sequences, length 6
# corresponding to MSA columns:
# 319-324
name=unknown_H
#
# <colnr> <probs for GDERKNQSTAVLIFYWHMCP>
#	G	D	E	R	K	N	Q	S	T	A	V	L	I	F	Y	W	H	M	C	P
0	0.00655	0.00506	0.00755	0.22991	0.03120	0.00543	0.02545	0.02712	0.00663	0.05438	0.00866	0.01231	0.02766	0.03806	0.26406	0.06886	0.01942	0.03543	0.00198	0.12427
1	0.00778	0.00675	0.03289	0.00690	0.04664	0.13093	0.02773	0.06031	0.00827	0.09893	0.04006	0.26093	0.06598	0.00766	0.04425	0.00136	0.00353	0.10201	0.00281	0.04428
2	0.03521	0.09465	0.45119	0.00897	0.05032	0.04680	0.05861	0.04915	0.00766	0.01074	0.00869	0.05112	0.05368	0.00461	0.02408	0.00117	0.00449	0.03250	0.00183	0.00454
3	0.10102	0.00573	0.00754	0.19661	0.05345	0.04262	0.03517	0.04010	0.00702	0.01007	0.07683	0.05154	0.07201	0.06497	0.14583	0.03035	0.04957	0.00395	0.00212	0.00348
4	0.00931	0.00624	0.00778	0.03801	0.00881	0.00640	0.04489	0.27839	0.05128	0.15420	0.08771	0.16394	0.09692	0.00598	0.00373	0.00113	0.00296	0.02445	0.00333	0.00452
5	0.18857	0.00631	0.04752	0.04798	0.08092	0.02471	0.05614	0.02305	0.00703	0.06447	0.06102	0.07360	0.04379	0.03490	0.16105	0.00192	0.01694	0.00377	0.00228	0.05405

[dist]
# distance from previous block
# <min> <max>
0	309

# created by:
# /home/simao/soft/augustus-3.0.3/scripts/msa2prfl.pl ./prep/98097.aln
