[name]
unknown

[dist]
# distance from previous block
# <min> <max>
13	186

[block]
# block no. 0 follows, 75 sequences, length 14
# corresponding to MSA columns:
# 238-251
name=unknown_A
#
# <colnr> <probs for GDERKNQSTAVLIFYWHMCP>
#	G	D	E	R	K	N	Q	S	T	A	V	L	I	F	Y	W	H	M	C	P
0	0.00946	0.00856	0.00992	0.02662	0.01063	0.11348	0.09561	0.12624	0.00929	0.03947	0.00747	0.00917	0.00610	0.03768	0.04518	0.00119	0.03171	0.00292	0.01491	0.39438
1	0.00808	0.00573	0.00876	0.44967	0.02604	0.00636	0.00742	0.01012	0.02148	0.15761	0.08506	0.06061	0.09275	0.00579	0.02285	0.00133	0.00391	0.01945	0.00270	0.00427
2	0.04448	0.00645	0.00734	0.00630	0.00790	0.00691	0.00496	0.29815	0.03731	0.01659	0.30974	0.11334	0.07023	0.00668	0.00441	0.00120	0.04437	0.00554	0.00360	0.00448
3	0.00839	0.00647	0.00758	0.04800	0.00902	0.03133	0.04686	0.15674	0.12503	0.07596	0.03050	0.07461	0.28766	0.00727	0.03253	0.00136	0.00327	0.00548	0.03749	0.00446
4	0.00473	0.00355	0.00470	0.02406	0.02332	0.00331	0.00376	0.00553	0.00729	0.00961	0.02136	0.68526	0.12074	0.01067	0.00457	0.00143	0.00226	0.03842	0.00331	0.02212
5	0.37980	0.00834	0.00949	0.00753	0.01016	0.06287	0.12288	0.12645	0.00928	0.19408	0.00812	0.00859	0.00580	0.00442	0.02623	0.00126	0.00398	0.00294	0.00286	0.00491
6	0.03910	0.10955	0.04150	0.00950	0.03950	0.43310	0.06396	0.13540	0.03753	0.01185	0.00673	0.00774	0.00541	0.00472	0.03785	0.00120	0.00569	0.00275	0.00218	0.00475
7	0.00507	0.00346	0.00441	0.00492	0.00547	0.00314	0.00340	0.00585	0.00760	0.05068	0.06361	0.64314	0.16441	0.01059	0.00456	0.00141	0.00211	0.00947	0.00350	0.00319
8	0.00930	0.00841	0.04079	0.31713	0.30362	0.00885	0.03889	0.13121	0.00930	0.05554	0.00737	0.00942	0.00564	0.00376	0.00398	0.00117	0.03499	0.00331	0.00215	0.00518
9	0.06368	0.33683	0.01220	0.03987	0.00968	0.04874	0.00546	0.01052	0.00768	0.03544	0.00609	0.00704	0.00513	0.00306	0.00265	0.00074	0.00347	0.00218	0.00199	0.39756
10	0.03854	0.01166	0.02651	0.00818	0.02480	0.36922	0.00626	0.14227	0.05863	0.06200	0.03952	0.06304	0.03120	0.06152	0.00490	0.00126	0.03954	0.00373	0.00266	0.00454
11	0.00885	0.05002	0.18370	0.04259	0.05471	0.00669	0.00711	0.05147	0.00851	0.11098	0.00935	0.02906	0.04708	0.00378	0.00323	0.00089	0.00357	0.00307	0.00242	0.37293
12	0.61188	0.00849	0.06216	0.01688	0.04998	0.05648	0.01628	0.01126	0.02943	0.03145	0.00601	0.00705	0.00470	0.00423	0.02792	0.00126	0.01735	0.00234	0.00223	0.03261
13	0.01480	0.04286	0.01007	0.00749	0.01032	0.05035	0.00619	0.35728	0.03967	0.40535	0.01134	0.01046	0.00759	0.00441	0.00362	0.00110	0.00370	0.00341	0.00391	0.00608

[dist]
# distance from previous block
# <min> <max>
10	18

[block]
# block no. 1 follows, 75 sequences, length 11
# corresponding to MSA columns:
# 270-280
name=unknown_B
#
# <colnr> <probs for GDERKNQSTAVLIFYWHMCP>
#	G	D	E	R	K	N	Q	S	T	A	V	L	I	F	Y	W	H	M	C	P
0	0.03348	0.00817	0.01208	0.07463	0.01253	0.00926	0.16810	0.20524	0.00989	0.09044	0.04462	0.01025	0.00725	0.00476	0.00603	0.00127	0.23964	0.00363	0.05387	0.00487
1	0.50992	0.00698	0.00658	0.04512	0.00862	0.04433	0.00488	0.01204	0.02221	0.18686	0.00911	0.04023	0.00746	0.00458	0.00303	0.00120	0.00319	0.07640	0.00286	0.00441
2	0.14008	0.00612	0.00817	0.32078	0.02588	0.00693	0.00663	0.06597	0.00806	0.08461	0.01241	0.07853	0.12392	0.00574	0.00458	0.04877	0.04195	0.00428	0.00250	0.00407
3	0.65469	0.00734	0.00670	0.00576	0.00780	0.00857	0.00475	0.04840	0.00677	0.01530	0.00535	0.00653	0.00432	0.00385	0.00383	0.00116	0.13097	0.00225	0.00223	0.07343
4	0.00840	0.00843	0.01120	0.00946	0.01079	0.09589	0.15302	0.02974	0.13865	0.01094	0.01020	0.13118	0.00981	0.00626	0.00679	0.00140	0.29022	0.06082	0.00244	0.00435
5	0.00894	0.00866	0.01427	0.08399	0.60360	0.03032	0.08424	0.04634	0.00875	0.01206	0.00876	0.01069	0.05533	0.00370	0.00374	0.00112	0.00446	0.00361	0.00198	0.00543
6	0.77395	0.00855	0.00610	0.00547	0.00769	0.12625	0.00441	0.01133	0.00683	0.01544	0.00519	0.00606	0.00408	0.00346	0.00242	0.00111	0.00337	0.00204	0.00222	0.00402
7	0.13416	0.01029	0.14256	0.02802	0.01430	0.00868	0.31089	0.13975	0.00980	0.15341	0.00835	0.00929	0.00588	0.00366	0.00370	0.00117	0.00474	0.00347	0.00259	0.00529
8	0.13466	0.00698	0.00951	0.11901	0.26638	0.02500	0.00726	0.07255	0.02037	0.01305	0.12556	0.13905	0.01226	0.00536	0.00392	0.00120	0.02618	0.00462	0.00257	0.00454
9	0.00965	0.00933	0.09152	0.13082	0.01742	0.00812	0.45640	0.01238	0.00874	0.16743	0.00906	0.01154	0.00672	0.00378	0.00408	0.00123	0.00525	0.03912	0.00236	0.00505
10	0.00711	0.00658	0.01005	0.52231	0.01851	0.00792	0.00838	0.00896	0.00692	0.00947	0.00660	0.01026	0.00560	0.07029	0.00621	0.00138	0.16075	0.00326	0.00175	0.12770

[dist]
# distance from previous block
# <min> <max>
0	1

[block]
# block no. 2 follows, 75 sequences, length 11
# corresponding to MSA columns:
# 284-294
name=unknown_C
#
# <colnr> <probs for GDERKNQSTAVLIFYWHMCP>
#	G	D	E	R	K	N	Q	S	T	A	V	L	I	F	Y	W	H	M	C	P
0	0.31840	0.00898	0.00816	0.00690	0.00920	0.16906	0.04980	0.04759	0.08503	0.17038	0.01102	0.01098	0.08114	0.00439	0.00322	0.00112	0.00376	0.00327	0.00290	0.00469
1	0.00820	0.00683	0.01060	0.08110	0.36427	0.00718	0.01958	0.07032	0.00804	0.04353	0.00881	0.03237	0.00808	0.15050	0.14215	0.00230	0.02544	0.00392	0.00217	0.00461
2	0.00710	0.00527	0.00670	0.00602	0.04068	0.00444	0.00452	0.00875	0.00887	0.06694	0.29265	0.03873	0.03434	0.00566	0.00371	0.00098	0.00252	0.09815	0.00314	0.36082
3	0.00780	0.00730	0.01032	0.37065	0.14910	0.03979	0.00803	0.00984	0.00773	0.01076	0.00656	0.00873	0.00524	0.00325	0.00329	0.00093	0.00405	0.00282	0.00188	0.34193
4	0.00767	0.00471	0.00594	0.00568	0.02107	0.00426	0.00413	0.05689	0.00857	0.16145	0.04437	0.39022	0.12915	0.00834	0.00444	0.02714	0.00251	0.00708	0.00343	0.10295
5	0.60342	0.00621	0.00586	0.04349	0.04251	0.00704	0.00433	0.00931	0.00605	0.01355	0.00577	0.00804	0.00496	0.03974	0.00551	0.18306	0.00310	0.00248	0.00209	0.00350
6	0.00542	0.00367	0.00474	0.00475	0.00504	0.00382	0.00321	0.00586	0.00605	0.00831	0.09030	0.02137	0.01396	0.45182	0.23693	0.08568	0.00500	0.03913	0.00232	0.00261
7	0.00786	0.01250	0.37059	0.00929	0.01272	0.08041	0.13707	0.01063	0.00850	0.05655	0.08613	0.09437	0.08701	0.00517	0.00388	0.00119	0.00455	0.00454	0.00236	0.00468
8	0.51197	0.08945	0.00857	0.00633	0.00857	0.00861	0.07857	0.01172	0.13758	0.01421	0.00698	0.00800	0.00555	0.00446	0.00381	0.08316	0.00329	0.00265	0.00234	0.00420
9	0.73398	0.08434	0.00693	0.00512	0.00753	0.00853	0.00432	0.01149	0.00676	0.09507	0.00600	0.00658	0.00453	0.00349	0.00242	0.00111	0.00297	0.00215	0.00243	0.00426
10	0.01019	0.05808	0.01726	0.01459	0.16932	0.19414	0.41310	0.05668	0.00939	0.01165	0.00690	0.00876	0.00542	0.00335	0.00384	0.00112	0.00571	0.00353	0.00194	0.00502

[dist]
# distance from previous block
# <min> <max>
0	2

[block]
# block no. 3 follows, 75 sequences, length 10
# corresponding to MSA columns:
# 297-306
name=unknown_D
#
# <colnr> <probs for GDERKNQSTAVLIFYWHMCP>
#	G	D	E	R	K	N	Q	S	T	A	V	L	I	F	Y	W	H	M	C	P
0	0.00971	0.00886	0.00971	0.05546	0.01128	0.09443	0.07051	0.04813	0.57208	0.03319	0.01247	0.01219	0.00939	0.00484	0.00405	0.02750	0.00370	0.00387	0.00324	0.00540
1	0.00833	0.00691	0.00833	0.03475	0.05050	0.00579	0.00513	0.05533	0.05278	0.03483	0.00733	0.00828	0.00589	0.00304	0.00293	0.00068	0.00296	0.00247	0.00237	0.70138
2	0.00609	0.09574	0.03065	0.00604	0.00712	0.00538	0.09684	0.00680	0.00654	0.00857	0.01351	0.15740	0.08872	0.31615	0.06027	0.07928	0.00389	0.00559	0.00233	0.00309
3	0.00640	0.09926	0.04595	0.00683	0.00830	0.00631	0.08109	0.03290	0.00717	0.00976	0.04709	0.06165	0.08400	0.03232	0.40003	0.03298	0.02757	0.00448	0.00223	0.00369
4	0.05448	0.00485	0.00661	0.08118	0.11960	0.00489	0.00516	0.00771	0.04091	0.01177	0.21992	0.25507	0.13728	0.00771	0.00416	0.00127	0.00263	0.02787	0.00315	0.00377
5	0.00670	0.00595	0.03606	0.21554	0.08013	0.00592	0.03952	0.03125	0.04755	0.02755	0.26679	0.13027	0.03397	0.00637	0.00412	0.00125	0.00330	0.05072	0.00296	0.00409
6	0.00654	0.00550	0.00670	0.03368	0.00705	0.03200	0.00466	0.03433	0.00674	0.00907	0.05272	0.01919	0.12411	0.29958	0.05873	0.05114	0.22450	0.01830	0.00230	0.00316
7	0.28936	0.00706	0.00733	0.00573	0.00844	0.00683	0.00464	0.05794	0.04028	0.01401	0.00645	0.00742	0.00522	0.00332	0.00317	0.00085	0.04885	0.00232	0.00232	0.47846
8	0.08437	0.00906	0.15488	0.11044	0.22496	0.00773	0.05282	0.03751	0.03482	0.01185	0.03253	0.02187	0.03766	0.03210	0.08901	0.00173	0.03100	0.01887	0.00210	0.00470
9	0.00720	0.01103	0.31696	0.16990	0.17363	0.00767	0.01017	0.01018	0.03208	0.01090	0.02552	0.03553	0.04912	0.00663	0.08961	0.00167	0.03183	0.00365	0.00192	0.00478

[dist]
# distance from previous block
# <min> <max>
1	4

[block]
# block no. 4 follows, 75 sequences, length 27
# corresponding to MSA columns:
# 311-337
name=unknown_E
#
# <colnr> <probs for GDERKNQSTAVLIFYWHMCP>
#	G	D	E	R	K	N	Q	S	T	A	V	L	I	F	Y	W	H	M	C	P
0	0.04498	0.02739	0.12508	0.07243	0.13342	0.00605	0.03548	0.00841	0.00679	0.03891	0.01035	0.02824	0.04079	0.38261	0.01032	0.01454	0.00401	0.00433	0.00213	0.00375
1	0.26920	0.10090	0.07916	0.04605	0.05941	0.10686	0.00649	0.04357	0.15236	0.02439	0.04214	0.00974	0.02727	0.00434	0.01292	0.00116	0.00386	0.00302	0.00247	0.00470
2	0.01039	0.01181	0.01084	0.03332	0.04844	0.36743	0.04099	0.04236	0.00858	0.00979	0.00787	0.03315	0.05394	0.00519	0.00647	0.00124	0.29861	0.00337	0.00198	0.00424
3	0.00792	0.00737	0.02455	0.02149	0.00906	0.05635	0.03469	0.10520	0.00893	0.01234	0.19230	0.02690	0.06235	0.02481	0.02900	0.00143	0.25887	0.03516	0.00267	0.07863
4	0.01947	0.00580	0.00688	0.10209	0.00884	0.05327	0.00514	0.03928	0.07091	0.00998	0.02211	0.24542	0.01349	0.19538	0.04646	0.00205	0.11096	0.02852	0.01042	0.00353
5	0.01071	0.00808	0.04314	0.30693	0.10632	0.00824	0.06479	0.17322	0.01021	0.19405	0.00916	0.01092	0.00665	0.00410	0.00375	0.00118	0.00436	0.02622	0.00274	0.00525
6	0.00759	0.00685	0.02231	0.36134	0.09765	0.03886	0.02262	0.01009	0.06524	0.04502	0.05915	0.13906	0.01030	0.00512	0.00394	0.00119	0.02030	0.00450	0.00238	0.07647
7	0.00830	0.12158	0.23541	0.02658	0.04584	0.04068	0.23890	0.02584	0.02172	0.01157	0.05898	0.01023	0.03018	0.00374	0.00368	0.00107	0.01462	0.00345	0.00200	0.09562
8	0.00511	0.00376	0.00535	0.00576	0.00633	0.00400	0.00442	0.00627	0.00676	0.00925	0.01541	0.27877	0.03819	0.01915	0.42619	0.00370	0.00616	0.14956	0.00269	0.00320
9	0.00967	0.00856	0.04728	0.02275	0.07282	0.07501	0.04740	0.15256	0.00982	0.07402	0.05009	0.01104	0.03702	0.02959	0.00427	0.00104	0.04671	0.00333	0.03608	0.26092
10	0.00770	0.03338	0.20421	0.04861	0.04608	0.00660	0.00720	0.01064	0.06936	0.01199	0.02780	0.00870	0.00637	0.00326	0.00309	0.00082	0.00354	0.00265	0.00213	0.49586
11	0.00495	0.00350	0.00447	0.00489	0.00547	0.00320	0.00345	0.00591	0.00807	0.03181	0.19729	0.52439	0.14622	0.01013	0.00455	0.00138	0.00207	0.03149	0.00357	0.00320
12	0.01346	0.01367	0.01051	0.00887	0.01123	0.42940	0.00695	0.36541	0.07838	0.01553	0.00774	0.00811	0.00588	0.00414	0.00350	0.00104	0.00523	0.00291	0.00280	0.00523
13	0.00452	0.00325	0.00431	0.00514	0.00540	0.00303	0.00348	0.00521	0.00712	0.00945	0.02066	0.81746	0.04574	0.01140	0.00469	0.00149	0.00217	0.03909	0.00341	0.00300
14	0.03093	0.18215	0.14876	0.03930	0.06659	0.07164	0.07907	0.07022	0.02938	0.01148	0.05684	0.12766	0.00959	0.00520	0.00411	0.02737	0.02877	0.00412	0.00226	0.00457
15	0.00810	0.03953	0.10686	0.39260	0.13253	0.00875	0.14287	0.03400	0.05701	0.02230	0.00748	0.00993	0.00573	0.00366	0.00373	0.00119	0.00488	0.01212	0.00192	0.00481
16	0.00442	0.00342	0.00403	0.00451	0.00517	0.00303	0.00314	0.00518	0.00762	0.00961	0.02764	0.50526	0.38278	0.01055	0.00454	0.00138	0.00201	0.00927	0.00341	0.00303
17	0.00860	0.00909	0.01916	0.01396	0.01728	0.00856	0.69825	0.01165	0.02988	0.04116	0.02327	0.04235	0.00780	0.00393	0.00435	0.00127	0.00564	0.04678	0.00217	0.00484
18	0.00784	0.11492	0.07099	0.17543	0.10725	0.00751	0.02080	0.04448	0.01862	0.04472	0.02433	0.06244	0.00785	0.00887	0.12358	0.13421	0.01629	0.00369	0.00207	0.00411
19	0.00538	0.00354	0.00471	0.00503	0.00520	0.00358	0.00342	0.00546	0.00610	0.00817	0.01389	0.32671	0.01594	0.24361	0.04152	0.20343	0.02849	0.07071	0.00257	0.00254
20	0.00517	0.00443	0.00518	0.00490	0.00581	0.00456	0.00379	0.00593	0.00764	0.00959	0.05252	0.02814	0.59613	0.00945	0.02736	0.06592	0.15085	0.00651	0.00295	0.00316
21	0.00971	0.69527	0.05982	0.06566	0.01121	0.06650	0.02804	0.01117	0.00768	0.00894	0.00537	0.00640	0.00475	0.00324	0.00261	0.00086	0.00430	0.00218	0.00160	0.00468
22	0.00809	0.00742	0.03040	0.02342	0.09361	0.06051	0.15472	0.02358	0.14334	0.05840	0.03661	0.25171	0.01373	0.00653	0.00415	0.00129	0.00377	0.06028	0.01394	0.00451
23	0.64535	0.03935	0.01944	0.00606	0.00828	0.19224	0.00495	0.01162	0.00720	0.01437	0.00525	0.00617	0.00419	0.00354	0.00270	0.00109	0.01986	0.00210	0.00214	0.00409
24	0.00693	0.00637	0.01066	0.79288	0.02375	0.00795	0.00975	0.00911	0.00716	0.00920	0.00648	0.00983	0.00498	0.00426	0.00448	0.05261	0.02479	0.00326	0.00163	0.00394
25	0.00451	0.00350	0.00411	0.00443	0.00519	0.00310	0.00314	0.00542	0.00807	0.01032	0.13670	0.38770	0.39069	0.01000	0.00449	0.00134	0.00196	0.00875	0.00349	0.00310
26	0.01006	0.53366	0.01561	0.00764	0.04532	0.16440	0.00650	0.01125	0.00793	0.00917	0.00576	0.02714	0.00530	0.00362	0.00324	0.00087	0.05460	0.00239	0.00174	0.08380

[dist]
# distance from previous block
# <min> <max>
0	2

[block]
# block no. 5 follows, 75 sequences, length 17
# corresponding to MSA columns:
# 341-357
name=unknown_F
#
# <colnr> <probs for GDERKNQSTAVLIFYWHMCP>
#	G	D	E	R	K	N	Q	S	T	A	V	L	I	F	Y	W	H	M	C	P
0	0.00816	0.00765	0.08500	0.00690	0.04842	0.00579	0.00567	0.02304	0.06375	0.06797	0.03433	0.01099	0.06616	0.00380	0.00335	0.00081	0.02203	0.00307	0.00252	0.53059
1	0.17537	0.06637	0.00965	0.06858	0.04647	0.07427	0.00631	0.21868	0.20922	0.04088	0.00932	0.02752	0.00727	0.02020	0.00361	0.00117	0.00374	0.00330	0.00292	0.00515
2	0.00857	0.01169	0.25501	0.06633	0.26707	0.02426	0.18606	0.03914	0.00846	0.03033	0.00765	0.04613	0.00622	0.00382	0.00397	0.00118	0.02331	0.00364	0.00193	0.00525
3	0.00734	0.00631	0.00797	0.02397	0.00907	0.00535	0.04935	0.00989	0.09352	0.01233	0.10482	0.04945	0.01043	0.02560	0.00360	0.00086	0.00285	0.00348	0.00258	0.57122
4	0.00443	0.00361	0.00392	0.00409	0.00508	0.00310	0.00297	0.00536	0.00823	0.01015	0.09212	0.21625	0.60861	0.00965	0.00442	0.00129	0.00191	0.00826	0.00346	0.00310
5	0.00980	0.58399	0.01568	0.00678	0.00955	0.05234	0.00619	0.01362	0.24771	0.01059	0.00797	0.00817	0.00659	0.00370	0.00280	0.00093	0.00376	0.00261	0.00221	0.00501
6	0.00526	0.00383	0.00478	0.00506	0.00592	0.00346	0.00377	0.00629	0.00790	0.02997	0.08610	0.37349	0.20854	0.03539	0.00491	0.00143	0.00236	0.14687	0.00336	0.06128
7	0.03556	0.00794	0.01068	0.10701	0.28221	0.02336	0.00791	0.10253	0.22165	0.07186	0.06303	0.01219	0.02906	0.00439	0.00369	0.00116	0.00370	0.00379	0.00287	0.00541
8	0.00940	0.02810	0.19135	0.01048	0.10081	0.00859	0.11080	0.12611	0.20681	0.06518	0.07994	0.02696	0.00979	0.00443	0.00377	0.00117	0.00409	0.00391	0.00285	0.00544
9	0.00482	0.00356	0.00455	0.00521	0.00578	0.00332	0.00387	0.00576	0.00761	0.00983	0.02325	0.47884	0.18877	0.03139	0.00505	0.00154	0.00242	0.20798	0.00337	0.00309
10	0.00773	0.00552	0.00719	0.04566	0.15315	0.02177	0.00530	0.04490	0.02684	0.06768	0.17980	0.03047	0.10140	0.00576	0.01562	0.00115	0.02041	0.00461	0.25081	0.00422
11	0.01132	0.16341	0.09167	0.05032	0.11687	0.39746	0.03529	0.02250	0.03541	0.03374	0.00649	0.00758	0.00524	0.00362	0.00328	0.00100	0.00542	0.00265	0.00194	0.00478
12	0.07263	0.00733	0.00782	0.00669	0.00875	0.00805	0.00529	0.23523	0.30790	0.07647	0.03547	0.06314	0.04525	0.01909	0.00384	0.00121	0.00301	0.00428	0.08334	0.00522
13	0.45071	0.00754	0.00883	0.26119	0.08499	0.04362	0.04727	0.01056	0.00709	0.01337	0.00602	0.00781	0.00468	0.00350	0.00296	0.00115	0.00387	0.00265	0.02798	0.00421
14	0.10392	0.00418	0.00511	0.03458	0.04745	0.00418	0.00397	0.00711	0.00749	0.03096	0.06405	0.45009	0.07550	0.00833	0.00395	0.00128	0.00233	0.00731	0.13476	0.00345
15	0.00541	0.00383	0.00491	0.00486	0.00558	0.00377	0.00352	0.00671	0.02406	0.03277	0.30389	0.13516	0.11528	0.14727	0.18377	0.00257	0.00383	0.00638	0.00318	0.00325
16	0.07527	0.06066	0.05433	0.02680	0.04269	0.09166	0.05857	0.04089	0.25951	0.04155	0.02062	0.02827	0.00777	0.00477	0.00515	0.00124	0.16921	0.00352	0.00259	0.00494

[dist]
# distance from previous block
# <min> <max>
3	8

[block]
# block no. 6 follows, 75 sequences, length 10
# corresponding to MSA columns:
# 366-375
name=unknown_G
#
# <colnr> <probs for GDERKNQSTAVLIFYWHMCP>
#	G	D	E	R	K	N	Q	S	T	A	V	L	I	F	Y	W	H	M	C	P
0	0.00769	0.26070	0.02993	0.00655	0.00794	0.00869	0.00562	0.00875	0.00649	0.04831	0.00793	0.01188	0.00756	0.13388	0.27547	0.00296	0.16043	0.00338	0.00193	0.00387
1	0.89687	0.00710	0.00540	0.00483	0.00710	0.00824	0.00398	0.01080	0.00625	0.01648	0.00511	0.00597	0.00398	0.00341	0.00227	0.00114	0.00284	0.00199	0.00227	0.00398
2	0.00535	0.00379	0.00465	0.00444	0.00535	0.00344	0.00326	0.00670	0.00938	0.03880	0.53778	0.05275	0.21232	0.08908	0.00567	0.00141	0.00199	0.00679	0.00373	0.00334
3	0.00923	0.04007	0.01548	0.01728	0.43982	0.08846	0.19170	0.01129	0.00821	0.01110	0.00669	0.00895	0.00560	0.00428	0.02749	0.00129	0.10271	0.00339	0.00181	0.00517
4	0.00447	0.00338	0.00414	0.00468	0.00523	0.00304	0.00323	0.00525	0.00760	0.00981	0.06800	0.58139	0.26518	0.01065	0.00457	0.00140	0.00203	0.00946	0.00344	0.00304
5	0.00600	0.00477	0.00576	0.00615	0.03081	0.00494	0.00429	0.00957	0.24243	0.01180	0.11660	0.46179	0.06287	0.00885	0.00433	0.00136	0.00235	0.00788	0.00353	0.00392
6	0.15312	0.24321	0.15613	0.00700	0.01016	0.00935	0.00688	0.05659	0.06159	0.22696	0.00897	0.03056	0.00670	0.00400	0.00310	0.00106	0.00370	0.00297	0.00274	0.00522
7	0.08602	0.07722	0.35826	0.22847	0.05272	0.05746	0.05156	0.02735	0.00791	0.01136	0.00638	0.00810	0.00479	0.00351	0.00339	0.00114	0.00499	0.00283	0.00172	0.00484
8	0.79645	0.00758	0.00600	0.05953	0.00847	0.05035	0.00453	0.01090	0.00653	0.01566	0.00523	0.00624	0.00407	0.00344	0.00241	0.00113	0.00316	0.00209	0.00221	0.00400
9	0.03407	0.00698	0.00949	0.00959	0.16541	0.02093	0.02913	0.05882	0.07154	0.35879	0.08130	0.04366	0.04007	0.00482	0.00372	0.00112	0.00331	0.00413	0.00351	0.04962

[dist]
# distance from previous block
# <min> <max>
0	37

[block]
# block no. 7 follows, 75 sequences, length 45
# corresponding to MSA columns:
# 413-415,417-458
name=unknown_H
#
# <colnr> <probs for GDERKNQSTAVLIFYWHMCP>
#	G	D	E	R	K	N	Q	S	T	A	V	L	I	F	Y	W	H	M	C	P
0	0.00514	0.00356	0.00446	0.00464	0.00483	0.00366	0.00298	0.00555	0.00582	0.00790	0.01305	0.20197	0.01480	0.50922	0.19306	0.00362	0.00458	0.00613	0.00242	0.00261
1	0.01075	0.03027	0.01206	0.05015	0.36213	0.22000	0.02284	0.02199	0.05965	0.09494	0.03253	0.00986	0.00713	0.00383	0.00354	0.00106	0.00460	0.00971	0.01142	0.03155
2	0.01082	0.00618	0.00888	0.00726	0.00939	0.00592	0.10152	0.03916	0.12748	0.34870	0.09895	0.14173	0.03931	0.00660	0.02928	0.00136	0.00335	0.00525	0.00376	0.00509
3	0.00865	0.00744	0.01070	0.03069	0.30885	0.00657	0.02541	0.02460	0.00819	0.04870	0.00707	0.00847	0.00574	0.00306	0.00316	0.00080	0.00347	0.00272	0.00216	0.48354
4	0.00463	0.00365	0.00416	0.00421	0.00517	0.00321	0.00309	0.00567	0.00853	0.01088	0.22606	0.14911	0.49951	0.00971	0.02579	0.02023	0.00209	0.00767	0.00349	0.00314
5	0.01181	0.12574	0.03006	0.01105	0.13674	0.43532	0.02995	0.06905	0.03217	0.02019	0.00636	0.00751	0.00525	0.00385	0.00387	0.00102	0.06058	0.00269	0.00201	0.00478
6	0.00444	0.00367	0.00390	0.00396	0.00505	0.00312	0.00292	0.00542	0.00843	0.01035	0.11673	0.12213	0.67849	0.00935	0.00438	0.00126	0.00188	0.00792	0.00347	0.00312
7	0.00693	0.01535	0.64224	0.00920	0.01350	0.00746	0.01121	0.01079	0.03682	0.01193	0.10151	0.06309	0.02100	0.00474	0.00372	0.00120	0.00463	0.02762	0.00209	0.00499
8	0.00859	0.00450	0.00600	0.00520	0.00666	0.00405	0.00405	0.01023	0.01043	0.26603	0.59605	0.02294	0.02697	0.00662	0.00414	0.00115	0.00215	0.00576	0.00419	0.00430
9	0.01105	0.00994	0.01601	0.01180	0.01505	0.01021	0.40911	0.37842	0.07057	0.01707	0.00857	0.00969	0.00627	0.00381	0.00400	0.00118	0.00501	0.00387	0.00280	0.00559
10	0.00713	0.00586	0.00935	0.37936	0.11383	0.00681	0.00780	0.00851	0.00696	0.03557	0.00889	0.05455	0.03339	0.00780	0.06903	0.14299	0.07149	0.02493	0.00195	0.00379
11	0.01488	0.00590	0.00797	0.00623	0.00881	0.00511	0.00510	0.01630	0.01041	0.73438	0.09419	0.01492	0.04845	0.00504	0.00378	0.00114	0.00294	0.00415	0.00445	0.00585
12	0.01310	0.05704	0.01129	0.00861	0.03482	0.02292	0.00692	0.67663	0.08025	0.02102	0.00895	0.00899	0.00650	0.00431	0.00358	0.00108	0.00397	0.00326	0.00346	0.02327
13	0.00993	0.06216	0.40758	0.02691	0.03406	0.00787	0.04069	0.04714	0.02642	0.21169	0.00941	0.05429	0.00705	0.00417	0.00356	0.00113	0.00441	0.00343	0.00254	0.03557
14	0.05358	0.06898	0.08469	0.00833	0.07561	0.00767	0.03827	0.17252	0.05637	0.07373	0.03083	0.15071	0.03683	0.00541	0.00365	0.00112	0.00348	0.02248	0.00290	0.10283
15	0.01416	0.00589	0.00789	0.00623	0.00868	0.00522	0.00507	0.03474	0.02188	0.66010	0.17357	0.01529	0.01395	0.00512	0.00382	0.00114	0.00288	0.00426	0.00442	0.00571
16	0.00439	0.00371	0.00380	0.00381	0.00500	0.00312	0.00284	0.00535	0.00843	0.01015	0.07742	0.06101	0.77990	0.00928	0.00435	0.00124	0.00186	0.00778	0.00344	0.00312
17	0.01321	0.02797	0.12682	0.05421	0.08581	0.00683	0.08272	0.01529	0.00954	0.52193	0.01146	0.01102	0.00755	0.00408	0.00369	0.00114	0.00394	0.00352	0.00343	0.00583
18	0.01563	0.00632	0.00846	0.02153	0.00957	0.00563	0.00545	0.02736	0.04924	0.76544	0.01488	0.01305	0.03044	0.00467	0.00371	0.00115	0.00312	0.00381	0.00442	0.00611
19	0.00461	0.00373	0.00409	0.00400	0.00512	0.00321	0.00300	0.00579	0.00900	0.01142	0.28858	0.03289	0.59422	0.00874	0.00434	0.00121	0.00182	0.00741	0.00361	0.00321
20	0.00737	0.01900	0.85189	0.01047	0.01590	0.00853	0.01357	0.01163	0.00775	0.01163	0.00659	0.00775	0.00465	0.00349	0.00349	0.00116	0.00543	0.00271	0.00155	0.00543
21	0.04680	0.02629	0.01214	0.21054	0.34051	0.05284	0.01842	0.06810	0.00907	0.15573	0.00805	0.00949	0.00602	0.00373	0.00368	0.00113	0.01654	0.00323	0.00238	0.00530
22	0.01259	0.00915	0.00845	0.00724	0.00926	0.26081	0.02658	0.02788	0.02452	0.35008	0.05077	0.12415	0.02146	0.00538	0.00371	0.00112	0.00399	0.00437	0.04360	0.00489
23	0.85017	0.00773	0.04984	0.00513	0.00756	0.00825	0.00448	0.01084	0.00633	0.01622	0.00519	0.00606	0.00401	0.00341	0.00234	0.00114	0.00298	0.00203	0.00223	0.00405
24	0.82219	0.00758	0.00641	0.00554	0.00787	0.03523	0.04768	0.01097	0.00651	0.01599	0.00525	0.00619	0.00409	0.00340	0.00241	0.00114	0.00314	0.00212	0.00224	0.00404
25	0.02333	0.00753	0.05353	0.05720	0.16998	0.00732	0.00681	0.17930	0.10478	0.01521	0.25445	0.01676	0.07743	0.00542	0.00388	0.00115	0.00324	0.00464	0.00316	0.00487
26	0.00494	0.00369	0.00425	0.00414	0.00491	0.00336	0.00290	0.00593	0.00834	0.01102	0.34120	0.02929	0.31258	0.23816	0.00816	0.00183	0.00226	0.00668	0.00334	0.00301
27	0.00853	0.00720	0.00833	0.08061	0.01047	0.00818	0.02437	0.06068	0.56262	0.01480	0.09418	0.05424	0.01310	0.00532	0.00381	0.00123	0.00303	0.00455	0.02951	0.00524
28	0.01139	0.00774	0.00847	0.00724	0.00953	0.03288	0.00573	0.06817	0.51631	0.23882	0.04274	0.01335	0.01096	0.00488	0.00373	0.00120	0.00310	0.00401	0.00391	0.00583
29	0.03984	0.00667	0.00993	0.42145	0.06048	0.00728	0.00798	0.06498	0.00915	0.27542	0.05322	0.01134	0.00788	0.00417	0.00367	0.00118	0.00402	0.00354	0.00284	0.00496
30	0.00528	0.00381	0.00528	0.00528	0.00572	0.00425	0.00381	0.00616	0.00572	0.00806	0.01041	0.01760	0.01056	0.30611	0.57968	0.00513	0.00776	0.00440	0.00205	0.00293
31	0.00542	0.00405	0.00566	0.00558	0.00602	0.00466	0.00413	0.00635	0.00573	0.00816	0.01005	0.01672	0.01009	0.25699	0.58305	0.00504	0.05297	0.00428	0.00202	0.00303
32	0.01076	0.41719	0.01412	0.00733	0.01000	0.13372	0.00637	0.12320	0.21967	0.01231	0.00817	0.00836	0.00656	0.00387	0.00302	0.00097	0.00407	0.00275	0.00244	0.00513
33	0.00782	0.00757	0.05426	0.15096	0.19525	0.01876	0.03966	0.01017	0.04131	0.03345	0.05225	0.03711	0.05060	0.00420	0.00353	0.00100	0.00369	0.02163	0.00230	0.26448
34	0.00742	0.00719	0.05643	0.12962	0.02933	0.06588	0.03196	0.02811	0.05629	0.04230	0.01301	0.22560	0.05314	0.04459	0.03041	0.00153	0.08892	0.04307	0.00260	0.04259
35	0.23375	0.00827	0.00857	0.00683	0.00940	0.00899	0.00561	0.41886	0.03115	0.14932	0.00917	0.00918	0.00649	0.00418	0.00324	0.00110	0.00339	0.00307	0.07399	0.00545
36	0.00453	0.00337	0.00418	0.00472	0.00521	0.00307	0.00323	0.00530	0.00756	0.00986	0.08967	0.58159	0.21577	0.03756	0.00502	0.00147	0.00208	0.00935	0.00342	0.00303
37	0.01983	0.04520	0.15235	0.22421	0.17600	0.00816	0.04348	0.03167	0.01902	0.02996	0.03392	0.01987	0.01861	0.04853	0.01366	0.03823	0.06723	0.00352	0.00197	0.00458
38	0.02772	0.00588	0.00821	0.17310	0.02365	0.00562	0.00597	0.01371	0.00945	0.50065	0.04915	0.02469	0.11674	0.00520	0.00380	0.00118	0.00326	0.01312	0.00371	0.00520
39	0.00652	0.00509	0.00695	0.00706	0.04403	0.00572	0.00518	0.00752	0.00748	0.06384	0.09433	0.32921	0.11147	0.00865	0.00649	0.00143	0.23196	0.05040	0.00299	0.00367
40	0.00609	0.00418	0.00534	0.01706	0.03096	0.00404	0.01437	0.03168	0.03346	0.03978	0.20654	0.30244	0.10601	0.00804	0.00409	0.00124	0.00224	0.02672	0.15214	0.00360
41	0.01090	0.19434	0.02431	0.07766	0.15264	0.22324	0.00767	0.12499	0.02255	0.04360	0.04179	0.00885	0.00674	0.00442	0.02237	0.00113	0.02269	0.00295	0.00224	0.00493
42	0.17866	0.00658	0.00727	0.03513	0.00892	0.00570	0.00451	0.00994	0.02207	0.04040	0.01766	0.00822	0.01569	0.00312	0.00276	0.00073	0.00281	0.00238	0.00232	0.62512
43	0.02673	0.09102	0.24576	0.01068	0.12794	0.02926	0.10425	0.01066	0.03293	0.03108	0.12393	0.04314	0.04596	0.00472	0.00419	0.00116	0.05552	0.00401	0.00227	0.00479
44	0.03452	0.00721	0.03592	0.06452	0.13150	0.01870	0.06559	0.09499	0.08933	0.03392	0.01471	0.01787	0.00767	0.00700	0.05034	0.16385	0.00412	0.04344	0.01764	0.09717

[dist]
# distance from previous block
# <min> <max>
0	54

[block]
# block no. 8 follows, 75 sequences, length 15
# corresponding to MSA columns:
# 513-527
name=unknown_I
#
# <colnr> <probs for GDERKNQSTAVLIFYWHMCP>
#	G	D	E	R	K	N	Q	S	T	A	V	L	I	F	Y	W	H	M	C	P
0	0.45181	0.01945	0.04843	0.11177	0.05772	0.04703	0.01905	0.04570	0.07286	0.03347	0.00706	0.00851	0.00553	0.00481	0.04111	0.00136	0.00392	0.01363	0.00233	0.00445
1	0.20493	0.00836	0.08504	0.07059	0.17736	0.00757	0.09984	0.03023	0.04044	0.03627	0.04527	0.04076	0.04183	0.00413	0.00341	0.00111	0.00381	0.00358	0.00233	0.09316
2	0.00725	0.00575	0.00750	0.11345	0.02933	0.00538	0.00511	0.02411	0.00741	0.04289	0.03945	0.04562	0.00885	0.12763	0.09868	0.00177	0.02926	0.00357	0.00230	0.39469
3	0.00595	0.00528	0.00662	0.03766	0.07839	0.03438	0.04389	0.04115	0.00883	0.01113	0.10879	0.09562	0.43866	0.00836	0.02413	0.00135	0.00290	0.04012	0.00312	0.00367
4	0.00687	0.00575	0.00722	0.03053	0.00851	0.00499	0.00463	0.00843	0.00720	0.01098	0.03680	0.01025	0.00746	0.00979	0.23674	0.00207	0.02217	0.00287	0.00216	0.57459
5	0.00704	0.00674	0.03373	0.47726	0.19089	0.00731	0.00909	0.02287	0.00780	0.01042	0.04154	0.15061	0.00943	0.00503	0.00385	0.00123	0.00421	0.00456	0.00209	0.00431
6	0.00663	0.00556	0.00902	0.35897	0.01520	0.00597	0.08326	0.00843	0.00754	0.03461	0.01177	0.27579	0.01184	0.00622	0.00396	0.00125	0.00373	0.02965	0.05373	0.06689
7	0.00929	0.00643	0.03221	0.01981	0.13101	0.00545	0.00618	0.01097	0.00850	0.20482	0.01196	0.06515	0.01076	0.01838	0.00395	0.00112	0.00327	0.17375	0.00297	0.27400
8	0.00730	0.26810	0.01059	0.14580	0.01043	0.03755	0.02009	0.00873	0.02390	0.02786	0.04577	0.25465	0.08157	0.02612	0.00400	0.00121	0.00340	0.01649	0.00251	0.00391
9	0.00804	0.00651	0.00766	0.00549	0.00874	0.00492	0.00440	0.00966	0.00775	0.05217	0.00691	0.00785	0.00562	0.00281	0.00277	0.00057	0.00274	0.00225	0.00229	0.85084
10	0.04391	0.00700	0.00765	0.00629	0.00881	0.00690	0.00495	0.02491	0.37812	0.01375	0.03159	0.01178	0.03647	0.00455	0.01842	0.00102	0.00290	0.00338	0.00298	0.38460
11	0.03084	0.02223	0.15308	0.01221	0.18583	0.04363	0.11299	0.16272	0.06760	0.09988	0.00839	0.00929	0.00623	0.00387	0.00395	0.00113	0.03703	0.00330	0.00254	0.03325
12	0.00870	0.28916	0.06300	0.40503	0.04801	0.01045	0.00873	0.06396	0.03247	0.02844	0.00665	0.00849	0.00522	0.00358	0.00324	0.00106	0.00444	0.00285	0.00187	0.00467
13	0.00843	0.04041	0.05517	0.09251	0.27607	0.00644	0.00751	0.01001	0.00797	0.12637	0.01150	0.21255	0.01103	0.00617	0.00440	0.04827	0.00356	0.02863	0.03840	0.00459
14	0.00740	0.35374	0.03558	0.00578	0.00772	0.00837	0.01537	0.00881	0.02019	0.03357	0.17724	0.13085	0.11732	0.02082	0.02091	0.00121	0.02344	0.00499	0.00267	0.00403

[dist]
# distance from previous block
# <min> <max>
0	1

[block]
# block no. 9 follows, 75 sequences, length 31
# corresponding to MSA columns:
# 529-535,537-545,555-566,569-571
name=unknown_J
#
# <colnr> <probs for GDERKNQSTAVLIFYWHMCP>
#	G	D	E	R	K	N	Q	S	T	A	V	L	I	F	Y	W	H	M	C	P
0	0.04461	0.14570	0.41095	0.03743	0.04860	0.03541	0.00978	0.05547	0.03416	0.02482	0.00691	0.01602	0.00533	0.00354	0.00322	0.00103	0.00454	0.00270	0.00192	0.10787
1	0.00522	0.00386	0.00562	0.00566	0.00622	0.00440	0.00428	0.00636	0.00589	0.00841	0.01050	0.05418	0.01032	0.11955	0.72568	0.00545	0.00880	0.00438	0.00206	0.00315
2	0.00525	0.00394	0.00590	0.00590	0.00656	0.00459	0.00459	0.00656	0.00590	0.00853	0.00984	0.01443	0.00918	0.02755	0.85637	0.00590	0.00984	0.00394	0.00197	0.00328
3	0.00995	0.00764	0.00921	0.19455	0.01302	0.00862	0.00688	0.27759	0.22644	0.05064	0.01206	0.03697	0.03099	0.00512	0.00380	0.00121	0.00366	0.06200	0.03445	0.00519
4	0.02277	0.51676	0.01598	0.00869	0.08857	0.20957	0.00696	0.07373	0.00895	0.01023	0.00569	0.00658	0.00493	0.00340	0.00280	0.00088	0.00459	0.00228	0.00184	0.00482
5	0.02420	0.00849	0.14106	0.00718	0.03417	0.00598	0.00645	0.04398	0.00897	0.27991	0.01022	0.01091	0.02505	0.00389	0.00332	0.00093	0.00338	0.02844	0.00295	0.35055
6	0.01133	0.12370	0.16038	0.09580	0.14735	0.05463	0.00866	0.11071	0.01808	0.22128	0.00871	0.00924	0.00624	0.00383	0.00345	0.00108	0.00431	0.00307	0.00264	0.00550
7	0.01003	0.01063	0.01133	0.08747	0.22348	0.25471	0.00836	0.05500	0.04775	0.01092	0.01801	0.01004	0.00655	0.01302	0.02081	0.00130	0.17197	0.03187	0.00206	0.00469
8	0.00694	0.00653	0.01102	0.86210	0.02530	0.00816	0.01020	0.00938	0.00734	0.00938	0.00653	0.00979	0.00490	0.00367	0.00367	0.00122	0.00490	0.00326	0.00163	0.00408
9	0.86240	0.00723	0.00562	0.00497	0.00727	0.00836	0.00409	0.04300	0.00668	0.01674	0.00526	0.00608	0.00407	0.00345	0.00233	0.00114	0.00289	0.00204	0.00233	0.00407
10	0.00525	0.00394	0.00590	0.00590	0.00656	0.00459	0.00459	0.00656	0.00590	0.00853	0.00984	0.01443	0.00918	0.02755	0.85637	0.00590	0.00984	0.00394	0.00197	0.00328
11	0.00447	0.00321	0.00425	0.00508	0.00532	0.00299	0.00339	0.00512	0.00707	0.00939	0.02070	0.84590	0.04662	0.01145	0.00468	0.00148	0.00212	0.01037	0.00341	0.00299
12	0.01182	0.00633	0.00808	0.00648	0.00873	0.00606	0.03555	0.18154	0.01131	0.36811	0.12950	0.05118	0.11276	0.00571	0.00387	0.00115	0.00299	0.00479	0.03884	0.00520
13	0.00852	0.30421	0.08069	0.03251	0.16135	0.03191	0.00793	0.02091	0.00769	0.01017	0.03910	0.01157	0.00781	0.00589	0.05246	0.00140	0.13309	0.07625	0.00193	0.00461
14	0.00761	0.04246	0.25807	0.00767	0.01114	0.04100	0.05003	0.01025	0.03801	0.01143	0.00843	0.10932	0.00759	0.00414	0.00331	0.00093	0.00384	0.00349	0.00214	0.37913
15	0.00919	0.09899	0.19212	0.05421	0.09602	0.13060	0.04713	0.03246	0.02809	0.08132	0.08177	0.10354	0.01922	0.00489	0.00365	0.00113	0.00435	0.00411	0.00244	0.00477
16	0.00982	0.12952	0.11850	0.02030	0.24851	0.00975	0.07210	0.10451	0.00895	0.08349	0.00778	0.02628	0.01395	0.00418	0.00472	0.00116	0.12568	0.00332	0.00221	0.00528
17	0.00625	0.03125	0.08545	0.00626	0.05318	0.00487	0.01549	0.00780	0.00809	0.02163	0.10411	0.06675	0.28471	0.05257	0.00452	0.00116	0.00278	0.00523	0.00277	0.23511
18	0.15221	0.00652	0.04790	0.02757	0.00841	0.00632	0.02642	0.12915	0.01872	0.05926	0.01214	0.17847	0.04855	0.08497	0.09217	0.01347	0.01947	0.01370	0.00278	0.05178
19	0.00684	0.03526	0.28137	0.02595	0.10760	0.00690	0.08480	0.00918	0.01676	0.01042	0.01020	0.20777	0.01006	0.00840	0.09670	0.04438	0.02603	0.00488	0.00211	0.00437
20	0.08667	0.09636	0.16987	0.00938	0.04761	0.03317	0.12317	0.11165	0.03922	0.19397	0.00909	0.03584	0.00678	0.00408	0.00363	0.00113	0.01693	0.00340	0.00271	0.00534
21	0.00749	0.05841	0.07532	0.37789	0.04120	0.00781	0.05586	0.00989	0.02586	0.01049	0.00717	0.02709	0.00593	0.00378	0.00378	0.00106	0.03912	0.01991	0.00189	0.22005
22	0.00725	0.00590	0.04477	0.00639	0.02045	0.00541	0.02401	0.17718	0.00965	0.04137	0.02881	0.33658	0.16782	0.04772	0.00496	0.00143	0.00293	0.06007	0.00331	0.00398
23	0.04317	0.07994	0.11532	0.05667	0.06169	0.00647	0.10583	0.00898	0.00792	0.05700	0.08028	0.28086	0.03743	0.00673	0.00413	0.01331	0.00356	0.02388	0.00268	0.00416
24	0.00659	0.00702	0.11600	0.03417	0.05679	0.03839	0.05198	0.04017	0.00758	0.02812	0.01354	0.36897	0.01478	0.15778	0.03944	0.00189	0.00381	0.00660	0.00265	0.00373
25	0.01273	0.00648	0.04181	0.00629	0.00851	0.00568	0.00514	0.09553	0.02712	0.49343	0.03706	0.04118	0.01066	0.17138	0.00676	0.01370	0.00332	0.00423	0.00379	0.00519
26	0.00850	0.02850	0.01591	0.25770	0.22298	0.00898	0.31104	0.04455	0.03379	0.01163	0.00741	0.01000	0.00579	0.00349	0.00389	0.00119	0.00510	0.01266	0.00192	0.00497
27	0.00978	0.02656	0.08418	0.04072	0.33136	0.02443	0.02669	0.11294	0.03887	0.10886	0.07262	0.01236	0.06006	0.00432	0.00369	0.00111	0.00392	0.00378	0.00267	0.03109
28	0.06633	0.00652	0.05607	0.04073	0.04285	0.00602	0.02274	0.05087	0.02218	0.06333	0.00943	0.03910	0.00838	0.03119	0.29043	0.00273	0.02120	0.04065	0.00237	0.17688
29	0.69420	0.00718	0.01632	0.05703	0.01978	0.00803	0.03705	0.02407	0.02322	0.02580	0.02272	0.03893	0.00572	0.00385	0.00267	0.00116	0.00312	0.00267	0.00236	0.00412
30	0.06963	0.00649	0.06246	0.05922	0.03246	0.00650	0.00597	0.06246	0.10916	0.05920	0.02568	0.03107	0.00903	0.03033	0.39671	0.00341	0.01967	0.00384	0.00248	0.00424

[dist]
# distance from previous block
# <min> <max>
17	93

# created by:
# /home/simao/soft/augustus-3.0.3/scripts/msa2prfl.pl ./prep/98198.aln
