[name]
unknown

[dist]
# distance from previous block
# <min> <max>
8	189

[block]
# block no. 0 follows, 63 sequences, length 8
# corresponding to MSA columns:
# 261-268
name=unknown_A
#
# <colnr> <probs for GDERKNQSTAVLIFYWHMCP>
#	G	D	E	R	K	N	Q	S	T	A	V	L	I	F	Y	W	H	M	C	P
0	0.00867	0.03602	0.03658	0.08687	0.04614	0.00755	0.05983	0.05953	0.13801	0.03353	0.05515	0.09296	0.13655	0.00718	0.02033	0.02017	0.00389	0.02313	0.00325	0.12467
1	0.01259	0.27347	0.01455	0.03428	0.01221	0.23124	0.00752	0.11485	0.17547	0.01382	0.00895	0.00948	0.00717	0.00450	0.00385	0.00113	0.02676	0.00316	0.00273	0.04227
2	0.00667	0.00544	0.00775	0.00740	0.00787	0.00669	0.00574	0.00783	0.00668	0.00971	0.01086	0.06032	0.01087	0.11822	0.51936	0.00511	0.19251	0.00490	0.00228	0.00378
3	0.00637	0.00473	0.00618	0.00600	0.00628	0.00535	0.00418	0.00701	0.00638	0.00893	0.01177	0.02170	0.01259	0.46870	0.32071	0.00485	0.08742	0.00529	0.00237	0.00319
4	0.04928	0.17758	0.12948	0.09794	0.12712	0.04025	0.07399	0.09989	0.10170	0.05038	0.00897	0.01011	0.00687	0.00423	0.00386	0.00124	0.00502	0.00350	0.00260	0.00598
5	0.00592	0.00413	0.00517	0.00548	0.00629	0.00381	0.00390	0.00696	0.00892	0.04988	0.11939	0.41666	0.23341	0.03791	0.06995	0.00203	0.00309	0.00954	0.00388	0.00369
6	0.00602	0.00420	0.00520	0.00565	0.00604	0.00411	0.00397	0.00674	0.00765	0.01003	0.01942	0.19884	0.07000	0.41078	0.01306	0.00287	0.00357	0.21546	0.00325	0.00313
7	0.24787	0.20660	0.06606	0.02613	0.04009	0.03427	0.00682	0.03049	0.00855	0.01420	0.00663	0.00788	0.00549	0.00378	0.00343	0.00103	0.03429	0.00257	0.00229	0.25152

[dist]
# distance from previous block
# <min> <max>
9	20

[block]
# block no. 1 follows, 63 sequences, length 23
# corresponding to MSA columns:
# 306-328
name=unknown_B
#
# <colnr> <probs for GDERKNQSTAVLIFYWHMCP>
#	G	D	E	R	K	N	Q	S	T	A	V	L	I	F	Y	W	H	M	C	P
0	0.02215	0.02347	0.07802	0.19018	0.07878	0.00943	0.08318	0.16749	0.04461	0.05014	0.03175	0.04417	0.03799	0.01758	0.00477	0.00136	0.02939	0.01254	0.00290	0.07010
1	0.01199	0.08996	0.15126	0.04383	0.15272	0.00937	0.09800	0.06236	0.03880	0.21178	0.04629	0.04526	0.00967	0.00485	0.00419	0.00130	0.00475	0.00428	0.00314	0.00619
2	0.00511	0.00370	0.00484	0.00575	0.00607	0.00342	0.00386	0.00587	0.00815	0.01077	0.02445	0.79600	0.08049	0.01300	0.00534	0.00169	0.00242	0.01175	0.00390	0.00342
3	0.04093	0.00908	0.01525	0.27288	0.19385	0.00992	0.17453	0.02568	0.10238	0.03151	0.03004	0.01188	0.00779	0.00445	0.00485	0.00139	0.05137	0.00416	0.00245	0.00560
4	0.02229	0.03972	0.01464	0.37502	0.16838	0.05966	0.10216	0.03763	0.03755	0.01241	0.00884	0.01195	0.02297	0.00454	0.00473	0.00137	0.04920	0.01943	0.00220	0.00529
5	0.01059	0.03424	0.30782	0.18922	0.15802	0.11790	0.01218	0.02791	0.02054	0.07060	0.00823	0.00991	0.00612	0.00416	0.00403	0.00129	0.00576	0.00339	0.00222	0.00586
6	0.00618	0.00423	0.00553	0.00556	0.00588	0.00451	0.00378	0.00668	0.00643	0.00884	0.01241	0.02311	0.01327	0.45915	0.32148	0.06706	0.00669	0.03377	0.00243	0.00299
7	0.00729	0.00660	0.01093	0.34691	0.08866	0.00733	0.07145	0.00926	0.00851	0.01132	0.03479	0.28902	0.03050	0.02178	0.00532	0.00155	0.03487	0.00678	0.00270	0.00443
8	0.01000	0.08665	0.05903	0.15428	0.12735	0.04476	0.23841	0.07284	0.04479	0.01342	0.00951	0.08022	0.00820	0.00485	0.00460	0.00135	0.02719	0.00461	0.00242	0.00554
9	0.00694	0.00484	0.00650	0.00760	0.06509	0.00468	0.00496	0.03705	0.03798	0.06127	0.02148	0.64448	0.04447	0.01137	0.00513	0.00162	0.00282	0.02372	0.00388	0.00413
10	0.00970	0.01088	0.02352	0.01701	0.02103	0.01022	0.75365	0.01313	0.00990	0.01340	0.00948	0.01390	0.00764	0.00412	0.00502	0.00145	0.00686	0.06128	0.00225	0.00554
11	0.06731	0.00914	0.01212	0.17044	0.10455	0.04787	0.05182	0.13789	0.05018	0.25948	0.01154	0.01293	0.00836	0.00486	0.00419	0.00133	0.00464	0.03172	0.00351	0.00614
12	0.02320	0.00702	0.03029	0.04907	0.13368	0.00682	0.05298	0.06821	0.03326	0.05194	0.18434	0.20143	0.03418	0.03232	0.00544	0.00153	0.02227	0.05366	0.00351	0.00486
13	0.00798	0.00525	0.00654	0.00630	0.00742	0.00532	0.00471	0.04530	0.06724	0.09705	0.16784	0.29019	0.07892	0.04193	0.04389	0.00182	0.04031	0.02091	0.05669	0.00438
14	0.00920	0.00920	0.01288	0.01104	0.01104	0.01288	0.00920	0.01012	0.00644	0.01012	0.00552	0.00920	0.00552	0.00736	0.01380	0.00184	0.84457	0.00368	0.00184	0.00460
15	0.00872	0.00747	0.00872	0.00623	0.00996	0.00560	0.00498	0.01058	0.00872	0.01370	0.00747	0.00872	0.00623	0.00311	0.00311	0.00062	0.00311	0.00249	0.00249	0.87796
16	0.01124	0.85479	0.02203	0.00719	0.01079	0.01663	0.00719	0.01259	0.00854	0.00989	0.00584	0.00674	0.00539	0.00360	0.00270	0.00090	0.00450	0.00225	0.00180	0.00539
17	0.00947	0.00822	0.01187	0.14761	0.34189	0.05461	0.00917	0.01156	0.02577	0.06406	0.02652	0.08348	0.05401	0.09285	0.00615	0.00164	0.00456	0.03862	0.00271	0.00526
18	0.00686	0.00523	0.00631	0.00618	0.00651	0.02496	0.00433	0.00771	0.03624	0.00958	0.03344	0.07745	0.01496	0.43284	0.11000	0.05642	0.09301	0.06205	0.00268	0.00325
19	0.10250	0.00912	0.01033	0.02305	0.01133	0.03215	0.03552	0.29869	0.02517	0.13037	0.08278	0.01407	0.05000	0.00534	0.00427	0.00123	0.02407	0.01527	0.00374	0.12101
20	0.12472	0.04145	0.02415	0.03358	0.04616	0.11976	0.18036	0.11989	0.05095	0.09741	0.00986	0.03053	0.00780	0.00464	0.00405	0.00126	0.00508	0.02788	0.00298	0.06749
21	0.11149	0.00894	0.01299	0.19796	0.26810	0.02510	0.04655	0.06751	0.02899	0.09803	0.00916	0.02570	0.00713	0.00439	0.00418	0.00130	0.02113	0.00379	0.02022	0.03735
22	0.04155	0.06102	0.02604	0.00858	0.01159	0.06987	0.00709	0.34373	0.13847	0.07795	0.01172	0.03762	0.02654	0.00516	0.00412	0.00121	0.01671	0.00396	0.00366	0.10343

[dist]
# distance from previous block
# <min> <max>
0	20

[block]
# block no. 2 follows, 63 sequences, length 30
# corresponding to MSA columns:
# 349-378
name=unknown_C
#
# <colnr> <probs for GDERKNQSTAVLIFYWHMCP>
#	G	D	E	R	K	N	Q	S	T	A	V	L	I	F	Y	W	H	M	C	P
0	0.01019	0.01023	0.01659	0.13288	0.38592	0.06099	0.17034	0.03682	0.03099	0.01332	0.00892	0.02635	0.00756	0.00449	0.00473	0.00135	0.03540	0.03479	0.00228	0.00586
1	0.08890	0.11222	0.15639	0.04845	0.06640	0.03197	0.13006	0.08573	0.04884	0.06174	0.00983	0.07945	0.00828	0.00522	0.01269	0.00136	0.02343	0.00422	0.00268	0.02214
2	0.00839	0.03705	0.04001	0.08473	0.03089	0.03546	0.01452	0.06256	0.00958	0.07417	0.08202	0.13058	0.15864	0.13196	0.05786	0.00211	0.02545	0.00636	0.00326	0.00439
3	0.06999	0.09190	0.01190	0.00831	0.01149	0.01055	0.00695	0.39475	0.01491	0.28571	0.01204	0.04340	0.00868	0.00520	0.00401	0.00126	0.00410	0.00400	0.00418	0.00667
4	0.03660	0.07846	0.48042	0.01051	0.01530	0.00963	0.05037	0.07366	0.01006	0.11817	0.01950	0.06137	0.00793	0.00479	0.00404	0.00132	0.00530	0.00390	0.00260	0.00607
5	0.02249	0.09344	0.16456	0.01247	0.13250	0.08829	0.09964	0.06737	0.02280	0.17294	0.02456	0.03458	0.02454	0.00474	0.00424	0.00127	0.01657	0.00401	0.00293	0.00605
6	0.00805	0.00681	0.03280	0.04083	0.01059	0.00709	0.10705	0.00998	0.05234	0.05379	0.02993	0.17091	0.01366	0.10598	0.09546	0.05212	0.13578	0.03388	0.02868	0.00427
7	0.01598	0.01177	0.01262	0.00967	0.01304	0.01304	0.00799	0.81202	0.01976	0.02649	0.01009	0.01009	0.00715	0.00505	0.00421	0.00126	0.00463	0.00378	0.00421	0.00715
8	0.01560	0.00960	0.01120	0.07829	0.01328	0.02706	0.00752	0.36447	0.09152	0.30159	0.01294	0.01283	0.00897	0.00520	0.00424	0.00131	0.00427	0.01900	0.00431	0.00679
9	0.00625	0.03779	0.00807	0.11889	0.03354	0.00555	0.03966	0.00756	0.00823	0.01098	0.03944	0.53355	0.03134	0.01206	0.06866	0.00198	0.02018	0.00906	0.00328	0.00391
10	0.00535	0.00407	0.00492	0.00514	0.00602	0.00364	0.00369	0.00661	0.00984	0.01299	0.29846	0.30984	0.29256	0.01081	0.00510	0.00148	0.00218	0.00948	0.00415	0.00364
11	0.01570	0.02004	0.01191	0.01083	0.01300	0.83539	0.00812	0.01679	0.01191	0.01029	0.00650	0.00758	0.00541	0.00433	0.00379	0.00108	0.00758	0.00271	0.00217	0.00487
12	0.01023	0.07662	0.25170	0.05202	0.34482	0.06604	0.03376	0.02387	0.03785	0.02899	0.00898	0.01060	0.02776	0.00415	0.00403	0.00126	0.00540	0.00359	0.00218	0.00614
13	0.01877	0.00731	0.00985	0.00755	0.01081	0.00641	0.00624	0.04668	0.01229	0.80239	0.01637	0.01417	0.01030	0.00520	0.00423	0.00130	0.00361	0.00421	0.00517	0.00715
14	0.00601	0.00449	0.00670	0.00670	0.00743	0.00522	0.00519	0.00747	0.00674	0.00972	0.01131	0.01679	0.01063	0.05223	0.81507	0.00669	0.01108	0.00454	0.00226	0.00372
15	0.01129	0.03266	0.04150	0.15245	0.37537	0.04238	0.04405	0.13965	0.03781	0.04405	0.00863	0.01055	0.00673	0.00427	0.00445	0.00129	0.03035	0.00375	0.00255	0.00621
16	0.01078	0.00902	0.03298	0.00856	0.01108	0.00974	0.02712	0.02091	0.66752	0.07591	0.03905	0.01572	0.01296	0.00562	0.00426	0.00140	0.00344	0.00473	0.03272	0.00649
17	0.00511	0.00370	0.00484	0.00575	0.00607	0.00342	0.00386	0.00586	0.00814	0.01077	0.02437	0.79946	0.07709	0.01301	0.00534	0.00169	0.00242	0.01176	0.00390	0.00342
18	0.04550	0.00800	0.01110	0.01035	0.08577	0.02344	0.11775	0.18254	0.03537	0.08460	0.01511	0.28722	0.02647	0.00744	0.00458	0.00143	0.00401	0.00669	0.03730	0.00533
19	0.01244	0.22302	0.07262	0.01155	0.12610	0.14580	0.00891	0.10491	0.08332	0.07167	0.00858	0.00952	0.00681	0.00462	0.00475	0.00122	0.09236	0.00328	0.00264	0.00590
20	0.00908	0.00769	0.00891	0.00640	0.01012	0.00597	0.00513	0.05041	0.00927	0.01433	0.00760	0.00879	0.00627	0.00321	0.00317	0.00065	0.00319	0.00255	0.00258	0.83469
21	0.00525	0.00378	0.00497	0.00574	0.00609	0.00359	0.00388	0.00605	0.00806	0.01076	0.04903	0.68763	0.06514	0.05924	0.05757	0.00212	0.00304	0.01088	0.00375	0.00341
22	0.01117	0.03313	0.11316	0.02731	0.11101	0.00930	0.09024	0.21551	0.05045	0.08524	0.01232	0.15844	0.01092	0.00642	0.01859	0.00144	0.00466	0.00527	0.00328	0.03214
23	0.00794	0.00747	0.01261	0.84216	0.02895	0.00934	0.01167	0.01074	0.00841	0.01074	0.00747	0.01121	0.00560	0.00420	0.00420	0.00140	0.00560	0.00374	0.00187	0.00467
24	0.32698	0.00750	0.00820	0.00668	0.00951	0.00754	0.00548	0.06076	0.01039	0.41590	0.01381	0.01308	0.05849	0.00593	0.03088	0.00148	0.00368	0.00380	0.00404	0.00589
25	0.00849	0.00904	0.10076	0.02802	0.09923	0.00746	0.25349	0.01085	0.00926	0.06292	0.03441	0.24694	0.06855	0.02057	0.00523	0.00151	0.01844	0.00683	0.00294	0.00503
26	0.00638	0.00506	0.00748	0.00726	0.00792	0.00616	0.00572	0.00782	0.00672	0.00980	0.01058	0.01565	0.00992	0.02866	0.73822	0.00617	0.11000	0.00441	0.00220	0.00385
27	0.00536	0.00397	0.00506	0.00584	0.00643	0.00367	0.00422	0.00635	0.00862	0.01115	0.02691	0.55829	0.18677	0.01241	0.00536	0.00169	0.00261	0.13787	0.00390	0.00351
28	0.00510	0.00373	0.00481	0.00567	0.00605	0.00343	0.00382	0.00587	0.00823	0.01080	0.02542	0.75587	0.12000	0.01288	0.00532	0.00167	0.00240	0.01159	0.00390	0.00343
29	0.06465	0.02890	0.18588	0.08084	0.24540	0.03767	0.06367	0.09610	0.05175	0.04973	0.00857	0.01017	0.00655	0.00433	0.00455	0.00132	0.04774	0.00361	0.00249	0.00610

[dist]
# distance from previous block
# <min> <max>
8	33

[block]
# block no. 3 follows, 63 sequences, length 17
# corresponding to MSA columns:
# 628-644
name=unknown_D
#
# <colnr> <probs for GDERKNQSTAVLIFYWHMCP>
#	G	D	E	R	K	N	Q	S	T	A	V	L	I	F	Y	W	H	M	C	P
0	0.02305	0.00890	0.01125	0.06524	0.14552	0.02656	0.02043	0.18817	0.06808	0.05781	0.01183	0.01511	0.03512	0.00513	0.00410	0.00120	0.00416	0.08312	0.00319	0.22203
1	0.02507	0.06980	0.38538	0.04106	0.03237	0.07230	0.09918	0.03229	0.04153	0.09387	0.02217	0.01183	0.02563	0.00456	0.00411	0.00131	0.00558	0.02353	0.00250	0.00590
2	0.00635	0.00449	0.00525	0.00546	0.00596	0.00446	0.00359	0.00782	0.07925	0.02539	0.01960	0.27792	0.09126	0.40237	0.01268	0.00276	0.00332	0.03534	0.00333	0.00340
3	0.00523	0.00376	0.00499	0.00593	0.00626	0.00352	0.00408	0.00605	0.00821	0.01088	0.02371	0.77022	0.05208	0.01299	0.00538	0.00171	0.00253	0.06514	0.00390	0.00345
4	0.03628	0.00555	0.00696	0.00718	0.00849	0.00563	0.00593	0.06569	0.05273	0.05611	0.03854	0.13407	0.08537	0.02979	0.02540	0.00189	0.00369	0.42248	0.00390	0.00433
5	0.00913	0.09600	0.53724	0.02698	0.06299	0.01008	0.07249	0.01334	0.03502	0.03583	0.00891	0.03028	0.00705	0.00448	0.00407	0.00133	0.00570	0.03096	0.00212	0.00599
6	0.00574	0.00444	0.00529	0.00531	0.00647	0.00405	0.00410	0.00754	0.03132	0.01380	0.34333	0.07840	0.35037	0.00997	0.00508	0.00146	0.00235	0.11294	0.00419	0.00383
7	0.00627	0.00448	0.00619	0.00716	0.00791	0.00440	0.00589	0.00783	0.00918	0.01201	0.02254	0.29384	0.02530	0.01209	0.00567	0.00187	0.00343	0.55633	0.00388	0.00373
8	0.00887	0.09194	0.69618	0.01195	0.04613	0.02847	0.01437	0.01321	0.00896	0.01295	0.00771	0.00957	0.00580	0.00413	0.00392	0.00130	0.00600	0.02063	0.00184	0.00608
9	0.00915	0.00559	0.00730	0.05940	0.04724	0.00529	0.00531	0.01122	0.06009	0.19843	0.15770	0.13904	0.23960	0.00848	0.00500	0.02227	0.00294	0.00709	0.00408	0.00479
10	0.01184	0.01378	0.01329	0.23432	0.01774	0.39176	0.08893	0.01364	0.00998	0.01080	0.00748	0.01077	0.00634	0.00491	0.00539	0.00133	0.11482	0.03594	0.00211	0.00482
11	0.00843	0.02174	0.83048	0.01198	0.01819	0.00976	0.01553	0.01331	0.00888	0.01331	0.00754	0.00888	0.00533	0.00399	0.00399	0.00133	0.00621	0.00311	0.00178	0.00621
12	0.01048	0.01341	0.29835	0.03613	0.13219	0.03143	0.05932	0.10268	0.04068	0.09322	0.03765	0.05673	0.04213	0.02129	0.00461	0.00139	0.00503	0.00446	0.00285	0.00598
13	0.00535	0.00411	0.00491	0.00515	0.00608	0.00367	0.00376	0.00659	0.00974	0.01269	0.24476	0.28387	0.34157	0.01090	0.00512	0.00150	0.00225	0.04025	0.00410	0.00363
14	0.01044	0.21942	0.44171	0.00982	0.01446	0.04508	0.01130	0.01369	0.00943	0.10484	0.06055	0.01038	0.00813	0.00440	0.00393	0.00122	0.01961	0.00331	0.00237	0.00589
15	0.03014	0.21632	0.45545	0.00999	0.01464	0.08629	0.01146	0.01340	0.03095	0.03059	0.00890	0.03837	0.02737	0.00449	0.00372	0.00122	0.00549	0.00337	0.00211	0.00573
16	0.01395	0.00668	0.00854	0.00696	0.00948	0.00615	0.00564	0.08317	0.03496	0.45268	0.19033	0.02011	0.05553	0.00639	0.00442	0.00131	0.00321	0.03630	0.02844	0.02576

[dist]
# distance from previous block
# <min> <max>
10	25

[block]
# block no. 4 follows, 63 sequences, length 20
# corresponding to MSA columns:
# 678-697
name=unknown_E
#
# <colnr> <probs for GDERKNQSTAVLIFYWHMCP>
#	G	D	E	R	K	N	Q	S	T	A	V	L	I	F	Y	W	H	M	C	P
0	0.05905	0.12415	0.06634	0.06190	0.11949	0.04000	0.06044	0.17411	0.02418	0.08776	0.03579	0.04786	0.04936	0.00519	0.00428	0.00128	0.02573	0.00425	0.00302	0.00581
1	0.00981	0.11184	0.27181	0.08004	0.08034	0.04382	0.03888	0.04909	0.05784	0.05997	0.04377	0.03839	0.05701	0.03387	0.00467	0.00138	0.00496	0.00424	0.00262	0.00562
2	0.01150	0.01318	0.00916	0.00845	0.01017	0.46113	0.00633	0.03135	0.02966	0.01260	0.21723	0.07128	0.08783	0.00658	0.00431	0.00123	0.00519	0.00515	0.00315	0.00453
3	0.01064	0.15103	0.22077	0.13914	0.17634	0.04510	0.04675	0.06091	0.00994	0.06779	0.00893	0.01043	0.02579	0.00421	0.00393	0.00124	0.00533	0.00351	0.00231	0.00591
4	0.07012	0.05733	0.21881	0.01047	0.07835	0.00914	0.05149	0.07466	0.08621	0.15708	0.06958	0.01404	0.05874	0.00516	0.00428	0.00132	0.01981	0.00423	0.00322	0.00599
5	0.00916	0.01002	0.09358	0.28000	0.27219	0.04329	0.03118	0.03429	0.03987	0.01281	0.01072	0.05402	0.03230	0.00518	0.00435	0.00138	0.00512	0.05269	0.00238	0.00548
6	0.00569	0.00489	0.00697	0.00647	0.00780	0.00437	0.09697	0.00700	0.00926	0.01176	0.08083	0.30323	0.40293	0.01055	0.00511	0.00152	0.00283	0.02428	0.00374	0.00378
7	0.04156	0.10400	0.12842	0.04113	0.17312	0.09989	0.05642	0.05213	0.02364	0.13374	0.07541	0.01177	0.00941	0.00463	0.00426	0.00125	0.02670	0.00380	0.00283	0.00589
8	0.08300	0.13207	0.28629	0.03775	0.09201	0.04904	0.02345	0.05946	0.02829	0.05267	0.03470	0.05099	0.00815	0.00482	0.00426	0.00129	0.03983	0.00374	0.00246	0.00572
9	0.00833	0.00661	0.03879	0.00707	0.00865	0.00626	0.03645	0.14205	0.06922	0.03260	0.03670	0.32733	0.08811	0.03699	0.00523	0.00155	0.00323	0.03652	0.10370	0.00461
10	0.05141	0.00963	0.14975	0.00775	0.01029	0.04163	0.02079	0.01359	0.22662	0.05019	0.14064	0.05198	0.12043	0.03627	0.03088	0.00163	0.00392	0.00551	0.02191	0.00518
11	0.05965	0.13239	0.12637	0.10295	0.18406	0.06609	0.03731	0.05170	0.02041	0.04661	0.02489	0.04664	0.00859	0.00499	0.00429	0.00130	0.02997	0.04372	0.00248	0.00558
12	0.04617	0.05966	0.17982	0.08687	0.14923	0.08558	0.13194	0.03499	0.00984	0.04752	0.04664	0.01267	0.04329	0.00500	0.01477	0.00137	0.02164	0.01499	0.00243	0.00558
13	0.00601	0.00411	0.00518	0.00554	0.00629	0.00375	0.00393	0.00706	0.00914	0.05165	0.16065	0.45059	0.17764	0.05257	0.00597	0.00169	0.00249	0.03803	0.00402	0.00369
14	0.13801	0.07861	0.11812	0.03038	0.04894	0.09273	0.02647	0.14353	0.04454	0.16661	0.04430	0.01167	0.02874	0.00479	0.00386	0.00126	0.00460	0.00368	0.00326	0.00593
15	0.03063	0.06934	0.11204	0.08906	0.14575	0.05219	0.07822	0.13421	0.03930	0.16382	0.02701	0.01118	0.00783	0.00450	0.00423	0.00128	0.01638	0.00379	0.00304	0.00620
16	0.01443	0.00713	0.02282	0.03592	0.01048	0.00672	0.00621	0.08273	0.01117	0.47875	0.01558	0.13440	0.01235	0.04766	0.00573	0.00151	0.05356	0.00531	0.04152	0.00600
17	0.00589	0.00407	0.00476	0.00486	0.00510	0.00400	0.00298	0.00626	0.00702	0.00936	0.06986	0.13268	0.07809	0.59151	0.05323	0.00352	0.00391	0.00709	0.00294	0.00288
18	0.07802	0.07827	0.29114	0.08660	0.08387	0.05586	0.05673	0.05823	0.00955	0.05102	0.00879	0.05987	0.00726	0.00522	0.01871	0.00142	0.03763	0.00384	0.00235	0.00564
19	0.04560	0.03383	0.12946	0.10218	0.16152	0.05234	0.13159	0.10143	0.09244	0.04864	0.00909	0.01063	0.00691	0.00443	0.00469	0.00134	0.05146	0.00381	0.00261	0.00599

[dist]
# distance from previous block
# <min> <max>
1	13

[block]
# block no. 5 follows, 63 sequences, length 22
# corresponding to MSA columns:
# 711,724-744
name=unknown_F
#
# <colnr> <probs for GDERKNQSTAVLIFYWHMCP>
#	G	D	E	R	K	N	Q	S	T	A	V	L	I	F	Y	W	H	M	C	P
0	0.01147	0.53213	0.07553	0.04368	0.03392	0.16766	0.02918	0.01314	0.00923	0.01046	0.00688	0.03668	0.00624	0.00412	0.00324	0.00104	0.00525	0.00290	0.00196	0.00530
1	0.00593	0.00427	0.00586	0.00594	0.00665	0.00404	0.03405	0.00653	0.00809	0.01058	0.06812	0.28653	0.19502	0.07102	0.06481	0.15711	0.00353	0.05536	0.00330	0.00327
2	0.02541	0.16197	0.26922	0.01151	0.10049	0.07866	0.04923	0.02803	0.04669	0.05932	0.02394	0.02314	0.00760	0.00442	0.00395	0.00120	0.01559	0.01861	0.00241	0.06860
3	0.13588	0.02149	0.16126	0.06313	0.16287	0.03291	0.04746	0.05842	0.04574	0.18537	0.01103	0.01166	0.03543	0.00455	0.00397	0.00130	0.00468	0.00375	0.00302	0.00606
4	0.01697	0.00675	0.00909	0.00711	0.01006	0.00584	0.00582	0.01859	0.01188	0.71303	0.08618	0.01727	0.06008	0.00580	0.00433	0.00131	0.00336	0.00478	0.00508	0.00668
5	0.02777	0.00908	0.04257	0.19518	0.40137	0.00904	0.04111	0.01303	0.05026	0.07893	0.02461	0.05162	0.00894	0.00478	0.00428	0.00134	0.00481	0.02279	0.00257	0.00591
6	0.02427	0.05540	0.21626	0.09653	0.15390	0.00870	0.02396	0.02674	0.02891	0.13809	0.04276	0.01589	0.05663	0.02045	0.00471	0.00140	0.01931	0.05750	0.00287	0.00574
7	0.02776	0.00998	0.18049	0.00876	0.03910	0.03767	0.01747	0.06465	0.03598	0.15642	0.05838	0.22175	0.05836	0.00745	0.00469	0.00143	0.02006	0.02449	0.01981	0.00530
8	0.00824	0.00527	0.00624	0.00613	0.00739	0.00523	0.00452	0.04320	0.12547	0.10382	0.05986	0.37456	0.09498	0.00930	0.00465	0.00146	0.00266	0.00813	0.12435	0.00455
9	0.06314	0.00631	0.00694	0.00618	0.00789	0.01867	0.00479	0.10939	0.08329	0.07415	0.31319	0.02583	0.17308	0.04806	0.00536	0.00147	0.00287	0.02383	0.02085	0.00472
10	0.00895	0.01011	0.10145	0.37445	0.28800	0.00967	0.08381	0.01184	0.00892	0.01222	0.00801	0.02893	0.00647	0.00424	0.00449	0.00136	0.02557	0.00396	0.00199	0.00555
11	0.00617	0.00416	0.00561	0.00642	0.00698	0.00397	0.00478	0.00726	0.00859	0.04176	0.02219	0.54062	0.02549	0.05172	0.00621	0.00187	0.00299	0.24568	0.00388	0.00365
12	0.00952	0.00899	0.01471	0.31728	0.45813	0.00980	0.01184	0.01307	0.09016	0.01304	0.00867	0.01122	0.00690	0.00411	0.00419	0.00132	0.00505	0.00384	0.00222	0.00594
13	0.00602	0.00443	0.00637	0.00637	0.00698	0.00504	0.00477	0.00726	0.00664	0.00947	0.01162	0.01849	0.01137	0.17910	0.68921	0.00627	0.00997	0.00479	0.00231	0.00354
14	0.00633	0.00398	0.00550	0.00567	0.00597	0.00408	0.00391	0.00621	0.00656	0.00885	0.01367	0.14906	0.05123	0.16312	0.20743	0.32745	0.00526	0.02045	0.00251	0.00277
15	0.02711	0.03756	0.04054	0.00790	0.01807	0.05113	0.02523	0.09225	0.16930	0.05520	0.07856	0.10662	0.06150	0.03577	0.15340	0.00242	0.00513	0.02379	0.00346	0.00507
16	0.08833	0.01503	0.01170	0.05069	0.06642	0.42620	0.00813	0.17584	0.09131	0.01523	0.00834	0.00917	0.00650	0.00453	0.00386	0.00120	0.00594	0.00320	0.00280	0.00558
17	0.00522	0.00412	0.00470	0.00486	0.00591	0.00361	0.00353	0.00640	0.00972	0.01241	0.20851	0.23183	0.46267	0.01080	0.00506	0.00147	0.00217	0.00933	0.00406	0.00361
18	0.03077	0.08394	0.19449	0.12096	0.13791	0.03890	0.09436	0.08892	0.01005	0.05472	0.00898	0.04209	0.00740	0.04423	0.00511	0.00144	0.02362	0.00398	0.00243	0.00569
19	0.03043	0.15010	0.27320	0.05955	0.09326	0.17036	0.02456	0.03148	0.03667	0.04550	0.02575	0.00954	0.00675	0.00427	0.00400	0.00122	0.02214	0.00323	0.00225	0.00572
20	0.17653	0.00959	0.05044	0.08757	0.19332	0.02118	0.05194	0.07327	0.08188	0.16712	0.02234	0.01120	0.00782	0.00452	0.00415	0.00132	0.02293	0.00373	0.00311	0.00602
21	0.00626	0.00426	0.00508	0.00521	0.00627	0.00377	0.00378	0.00741	0.00956	0.07232	0.15382	0.32043	0.34502	0.01068	0.00500	0.00149	0.00232	0.00930	0.02417	0.00384

[dist]
# distance from previous block
# <min> <max>
0	1

[block]
# block no. 6 follows, 63 sequences, length 6
# corresponding to MSA columns:
# 746-751
name=unknown_G
#
# <colnr> <probs for GDERKNQSTAVLIFYWHMCP>
#	G	D	E	R	K	N	Q	S	T	A	V	L	I	F	Y	W	H	M	C	P
0	0.01098	0.07450	0.01616	0.13071	0.45731	0.08990	0.04246	0.07049	0.01019	0.01348	0.00764	0.00993	0.00628	0.00408	0.00443	0.00126	0.03839	0.00358	0.00218	0.00604
1	0.03529	0.11566	0.18408	0.02819	0.06764	0.05848	0.05246	0.12476	0.04920	0.09299	0.02863	0.07600	0.03566	0.00538	0.00433	0.00130	0.02683	0.00437	0.00295	0.00581
2	0.00813	0.00648	0.01018	0.10604	0.27741	0.00668	0.00779	0.03343	0.00829	0.01126	0.01244	0.13466	0.06497	0.00985	0.04400	0.24195	0.00439	0.00528	0.00245	0.00432
3	0.00796	0.04661	0.24244	0.01136	0.14493	0.00770	0.03293	0.03097	0.03574	0.01317	0.07003	0.15523	0.09327	0.02593	0.00491	0.00148	0.00431	0.06298	0.00290	0.00515
4	0.06998	0.05942	0.03059	0.06781	0.05478	0.06421	0.04053	0.06765	0.11927	0.06130	0.04733	0.04140	0.07326	0.04185	0.03162	0.00155	0.02958	0.00451	0.00307	0.09029
5	0.21563	0.08932	0.07508	0.06417	0.01216	0.12560	0.02996	0.06529	0.00947	0.04973	0.00833	0.04917	0.00716	0.04041	0.00459	0.00131	0.03137	0.00345	0.00258	0.11523

[dist]
# distance from previous block
# <min> <max>
0	12

# created by:
# /home/simao/soft/augustus-3.0.3/scripts/msa2prfl.pl ./prep/98672.aln
