[name]
unknown

[dist]
# distance from previous block
# <min> <max>
0	84

[block]
# block no. 0 follows, 101 sequences, length 29
# corresponding to MSA columns:
# 93-121
name=unknown_A
#
# <colnr> <probs for GDERKNQSTAVLIFYWHMCP>
#	G	D	E	R	K	N	Q	S	T	A	V	L	I	F	Y	W	H	M	C	P
0	0.00501	0.00378	0.00498	0.00513	0.00620	0.00357	0.00440	0.00659	0.04032	0.00891	0.01315	0.02650	0.01389	0.00667	0.00358	0.00114	0.00254	0.66004	0.00248	0.18112
1	0.63267	0.00557	0.00490	0.00412	0.00604	0.00599	0.00335	0.07688	0.00583	0.01245	0.00493	0.03984	0.00411	0.00288	0.00201	0.00081	0.00227	0.00193	0.00189	0.18153
2	0.02620	0.00429	0.00577	0.00465	0.00627	0.00381	0.00365	0.01089	0.00690	0.59219	0.00958	0.01009	0.00681	0.07617	0.00542	0.17972	0.00247	0.00286	0.00287	0.03938
3	0.00462	0.00321	0.00421	0.00420	0.00481	0.00356	0.00321	0.00624	0.07466	0.00832	0.04167	0.10093	0.00929	0.01392	0.47886	0.00289	0.01339	0.00360	0.21566	0.00275
4	0.00717	0.00676	0.01011	0.10288	0.48639	0.03997	0.00761	0.07713	0.00666	0.00939	0.00531	0.00708	0.00445	0.00320	0.00411	0.00094	0.17720	0.00254	0.03704	0.00406
5	0.00477	0.17827	0.00649	0.00450	0.00541	0.00500	0.00368	0.00571	0.00501	0.00676	0.00876	0.01161	0.07624	0.04972	0.61104	0.00349	0.00613	0.00307	0.00158	0.00275
6	0.00388	0.00286	0.00367	0.00393	0.00448	0.00265	0.00295	0.00484	0.00675	0.00904	0.30383	0.32141	0.15916	0.00754	0.00360	0.00108	0.00170	0.15127	0.00284	0.00254
7	0.02544	0.18369	0.25542	0.11227	0.01307	0.00785	0.32353	0.02952	0.00642	0.00880	0.00520	0.00660	0.00397	0.00261	0.00281	0.00088	0.00413	0.00253	0.00137	0.00388
8	0.00572	0.01300	0.71286	0.18073	0.01392	0.00664	0.01014	0.00879	0.00603	0.00879	0.00517	0.00640	0.00369	0.00277	0.00277	0.00092	0.00418	0.00222	0.00123	0.00405
9	0.00349	0.00269	0.00319	0.00356	0.00407	0.00239	0.00248	0.00411	0.00603	0.00767	0.04930	0.51632	0.36791	0.00823	0.00356	0.00108	0.00158	0.00725	0.00269	0.00239
10	0.00576	0.00445	0.01482	0.00599	0.00689	0.00476	0.16524	0.00661	0.00526	0.04317	0.00665	0.00913	0.00569	0.00858	0.18708	0.19130	0.14321	0.00284	0.17979	0.00277
11	0.00586	0.00552	0.00923	0.68022	0.20178	0.00652	0.00808	0.00792	0.03188	0.00794	0.00539	0.00766	0.00415	0.00285	0.00288	0.00094	0.00371	0.00258	0.00136	0.00353
12	0.00671	0.00641	0.01093	0.24008	0.66165	0.00674	0.00864	0.00847	0.00636	0.00890	0.00535	0.00728	0.00438	0.00265	0.00286	0.00088	0.00353	0.00257	0.00139	0.00422
13	0.00656	0.00606	0.01003	0.01486	0.70933	0.00606	0.00746	0.00794	0.00610	0.00867	0.00614	0.00943	0.00572	0.17753	0.00516	0.00124	0.00330	0.00289	0.00149	0.00402
14	0.00692	0.18196	0.01636	0.01058	0.01335	0.00800	0.68356	0.00901	0.00659	0.00872	0.00568	0.02530	0.00454	0.00257	0.00311	0.00091	0.00445	0.00314	0.00144	0.00382
15	0.01135	0.00746	0.00827	0.00634	0.00863	0.00802	0.00524	0.70373	0.01252	0.18697	0.00779	0.00749	0.00534	0.00348	0.00289	0.00087	0.00303	0.00266	0.00302	0.00490
16	0.00721	0.70043	0.03853	0.17818	0.00998	0.01030	0.00570	0.00840	0.00585	0.00696	0.00426	0.00527	0.00373	0.00256	0.00208	0.00069	0.00327	0.00176	0.00124	0.00362
17	0.00444	0.00309	0.00399	0.00374	0.00449	0.00288	0.00281	0.00594	0.03269	0.04178	0.77510	0.05058	0.04565	0.00590	0.00338	0.00092	0.00144	0.00520	0.00315	0.00283
18	0.00429	0.00326	0.00408	0.00463	0.00510	0.02921	0.00358	0.01437	0.00625	0.00812	0.04108	0.45786	0.04201	0.00822	0.00375	0.00121	0.00218	0.35563	0.00265	0.00254
19	0.00599	0.17991	0.00993	0.64419	0.01649	0.00722	0.03287	0.00767	0.00585	0.02301	0.00543	0.03943	0.00444	0.00302	0.00273	0.00090	0.00362	0.00260	0.00137	0.00332
20	0.00486	0.17813	0.00588	0.00390	0.00452	0.00470	0.00287	0.00532	0.00464	0.00612	0.00773	0.01405	0.00827	0.48600	0.24864	0.00287	0.00419	0.00338	0.00159	0.00235
21	0.00417	0.00338	0.00450	0.00471	0.00493	0.00375	0.00342	0.00493	0.02849	0.00754	0.03965	0.64217	0.04689	0.00796	0.00477	0.00117	0.17578	0.00679	0.00242	0.00257
22	0.00630	0.00397	0.00582	0.00524	0.00623	0.00380	0.09036	0.05848	0.01864	0.17904	0.01261	0.45298	0.01319	0.07805	0.02074	0.00127	0.00904	0.02844	0.00264	0.00315
23	0.00507	0.00461	0.00761	0.71840	0.01680	0.00561	0.00697	0.00671	0.00572	0.00737	0.00723	0.18128	0.00682	0.00408	0.00304	0.00100	0.00342	0.00366	0.00155	0.00304
24	0.00390	0.00291	0.00363	0.00357	0.00426	0.00264	0.00266	0.00504	0.00751	0.01025	0.58529	0.11408	0.20493	0.00658	0.00345	0.00096	0.00145	0.03129	0.00300	0.00262
25	0.18426	0.00545	0.00779	0.64774	0.01620	0.00662	0.00685	0.07649	0.00622	0.00932	0.00505	0.00704	0.00379	0.00289	0.00267	0.00094	0.00348	0.00237	0.00151	0.00332
26	0.00531	0.00299	0.00321	0.00309	0.00388	0.00294	0.00234	0.00693	0.04859	0.03671	0.15806	0.01390	0.08038	0.00414	0.00243	0.00076	0.00143	0.00342	0.61666	0.00283
27	0.00495	0.00255	0.00372	0.00371	0.00379	0.00253	0.00250	0.00400	0.00419	0.00575	0.07491	0.00986	0.00687	0.00944	0.01030	0.80900	0.00237	0.00273	0.03542	0.00142
28	0.00601	0.01213	0.57642	0.00908	0.01264	0.00682	0.23881	0.00889	0.00614	0.00896	0.00539	0.00677	0.00400	0.00356	0.04052	0.00110	0.04489	0.00253	0.00130	0.00404

[dist]
# distance from previous block
# <min> <max>
0	21

[block]
# block no. 1 follows, 101 sequences, length 44
# corresponding to MSA columns:
# 143-186
name=unknown_B
#
# <colnr> <probs for GDERKNQSTAVLIFYWHMCP>
#	G	D	E	R	K	N	Q	S	T	A	V	L	I	F	Y	W	H	M	C	P
0	0.00471	0.00314	0.00457	0.00454	0.00513	0.00346	0.00347	0.00565	0.00501	0.07327	0.00910	0.12601	0.00885	0.04793	0.67661	0.00384	0.00638	0.00377	0.00185	0.00269
1	0.00545	0.00513	0.00865	0.89173	0.01986	0.00641	0.00801	0.00737	0.00577	0.00737	0.00513	0.00769	0.00384	0.00288	0.00288	0.00096	0.00384	0.00256	0.00128	0.00320
2	0.00693	0.00789	0.01675	0.01200	0.01488	0.02286	0.84388	0.02028	0.00692	0.00931	0.00582	0.00772	0.00437	0.00245	0.00338	0.00097	0.00485	0.00337	0.00148	0.00389
3	0.00456	0.00369	0.00552	0.13711	0.13108	0.00380	0.00454	0.02543	0.00597	0.00799	0.01257	0.56105	0.01427	0.00701	0.00345	0.00110	0.00234	0.06336	0.00230	0.00287
4	0.07465	0.07685	0.00806	0.00635	0.00808	0.29793	0.00505	0.17089	0.22231	0.05173	0.00694	0.00707	0.00531	0.00335	0.00294	0.00085	0.04307	0.00237	0.00219	0.00401
5	0.01442	0.00561	0.06938	0.08267	0.10536	0.02038	0.00506	0.05224	0.02281	0.20326	0.28017	0.01209	0.01212	0.00390	0.00295	0.00085	0.00252	0.00334	0.00255	0.09832
6	0.00391	0.00287	0.00341	0.00356	0.00423	0.00261	0.00267	0.00486	0.00671	0.00897	0.23905	0.19394	0.31958	0.01824	0.00355	0.00103	0.00161	0.09914	0.07755	0.00253
7	0.00611	0.00598	0.00831	0.00716	0.00718	0.00826	0.00590	0.00671	0.00449	0.00695	0.02446	0.00756	0.00481	0.06908	0.00970	0.00136	0.80891	0.00271	0.00134	0.00304
8	0.00545	0.00513	0.00865	0.89173	0.01986	0.00641	0.00801	0.00737	0.00577	0.00737	0.00513	0.00769	0.00384	0.00288	0.00288	0.00096	0.00384	0.00256	0.00128	0.00320
9	0.01055	0.00465	0.00643	0.00574	0.07300	0.00415	0.00425	0.02090	0.00810	0.61450	0.17877	0.01188	0.01081	0.00394	0.00297	0.00089	0.00229	0.00331	0.02847	0.00440
10	0.00782	0.00770	0.13641	0.00578	0.00838	0.02514	0.00526	0.27634	0.06861	0.03411	0.02146	0.00697	0.00515	0.00288	0.00256	0.00070	0.00284	0.00225	0.00215	0.37749
11	0.00567	0.00532	0.00892	0.74814	0.12582	0.00645	0.00797	0.00753	0.00584	0.00767	0.00521	0.00765	0.00400	0.00290	0.00301	0.00095	0.02296	0.00256	0.01808	0.00336
12	0.00614	0.00522	0.00606	0.00435	0.00690	0.00401	0.00348	0.03487	0.00622	0.00968	0.00518	0.00601	0.00429	0.00218	0.00216	0.00044	0.00217	0.00174	0.00175	0.88715
13	0.00922	0.00721	0.00767	0.00628	0.00828	0.00813	0.00506	0.47699	0.41047	0.01536	0.00914	0.00869	0.00670	0.00367	0.00291	0.00092	0.00276	0.00290	0.00291	0.00475
14	0.00529	0.00483	0.00799	0.74443	0.01731	0.00589	0.02293	0.00693	0.00555	0.00714	0.00572	0.00934	0.00483	0.13507	0.00463	0.00123	0.00371	0.00282	0.00135	0.00300
15	0.00552	0.00464	0.00549	0.00422	0.00634	0.00357	0.00328	0.00666	0.00589	0.00902	0.00712	0.17110	0.00701	0.00341	0.00242	0.00057	0.00205	0.00291	0.00189	0.74688
16	0.00725	0.69046	0.22105	0.00571	0.00861	0.01029	0.00629	0.00875	0.00591	0.00734	0.00429	0.00497	0.00369	0.00253	0.00206	0.00069	0.00336	0.00168	0.00123	0.00383
17	0.00681	0.00652	0.01112	0.18583	0.71509	0.00677	0.00869	0.00856	0.00641	0.00903	0.00537	0.00724	0.00443	0.00263	0.00286	0.00088	0.00351	0.00257	0.00140	0.00431
18	0.01294	0.00491	0.00669	0.00513	0.00736	0.00424	0.00424	0.01405	0.00825	0.88267	0.01138	0.00981	0.00714	0.00357	0.00290	0.00089	0.00245	0.00290	0.00357	0.00491
19	0.00549	0.00518	0.00870	0.85615	0.03399	0.00647	0.00798	0.00738	0.00575	0.00739	0.00510	0.00765	0.00385	0.00293	0.00304	0.00097	0.02491	0.00256	0.00128	0.00322
20	0.00575	0.00527	0.00847	0.67715	0.04612	0.00631	0.03110	0.03729	0.06856	0.00851	0.07207	0.00892	0.00605	0.00318	0.00294	0.00095	0.00353	0.00284	0.00161	0.00339
21	0.00362	0.00258	0.00346	0.00413	0.00435	0.00243	0.00286	0.00419	0.00562	0.00748	0.01584	0.81798	0.01885	0.00894	0.00371	0.00119	0.00176	0.08597	0.00267	0.00237
22	0.91903	0.00558	0.00424	0.00379	0.00558	0.00647	0.00312	0.00848	0.00491	0.01294	0.00402	0.00468	0.00312	0.00268	0.00178	0.00089	0.00223	0.00156	0.00178	0.00312
23	0.00412	0.00307	0.00456	0.00456	0.00505	0.00356	0.00351	0.00510	0.00461	0.00664	0.00779	0.01172	0.00738	0.06669	0.84240	0.00454	0.00747	0.00315	0.00156	0.00253
24	0.00681	0.00652	0.01112	0.18613	0.71479	0.00677	0.00869	0.00856	0.00641	0.00902	0.00537	0.00724	0.00443	0.00263	0.00286	0.00088	0.00351	0.00257	0.00140	0.00430
25	0.01277	0.00535	0.00684	0.00528	0.00749	0.03270	0.00434	0.05801	0.00852	0.81026	0.01093	0.00952	0.00691	0.00354	0.00289	0.00089	0.00258	0.00285	0.00347	0.00486
26	0.00714	0.00682	0.01149	0.01720	0.84379	0.00686	0.00867	0.00912	0.04326	0.00953	0.00569	0.00729	0.00475	0.00263	0.00286	0.00086	0.00338	0.00260	0.00149	0.00457
27	0.00682	0.00774	0.02671	0.01263	0.11011	0.00726	0.74949	0.00915	0.00673	0.00921	0.00574	0.00766	0.00438	0.00250	0.00344	0.00096	0.02077	0.00328	0.00145	0.00395
28	0.91903	0.00558	0.00424	0.00379	0.00558	0.00647	0.00312	0.00848	0.00491	0.01294	0.00402	0.00468	0.00312	0.00268	0.00178	0.00089	0.00223	0.00156	0.00178	0.00312
29	0.00415	0.00299	0.00412	0.00412	0.00445	0.00332	0.00296	0.00482	0.00448	0.00631	0.00820	0.01395	0.00835	0.32631	0.58411	0.00400	0.00601	0.00347	0.00162	0.00229
30	0.00477	0.00313	0.00397	0.00369	0.00447	0.00292	0.00279	0.02581	0.00801	0.05507	0.70053	0.04266	0.03992	0.00561	0.00325	0.00089	0.00147	0.00491	0.08329	0.00286
31	0.00348	0.00289	0.00304	0.00307	0.00395	0.00246	0.00228	0.00425	0.00665	0.00812	0.10955	0.08941	0.73635	0.00729	0.00343	0.00098	0.00147	0.00615	0.00273	0.00246
32	0.00413	0.00305	0.00441	0.00441	0.00485	0.00348	0.00332	0.00500	0.00457	0.00653	0.00793	0.01247	0.00770	0.15401	0.75553	0.00436	0.00698	0.00326	0.00158	0.00245
33	0.00570	0.00562	0.00820	0.76090	0.01789	0.07301	0.00741	0.00745	0.00601	0.00737	0.00680	0.00894	0.06656	0.00321	0.00290	0.00095	0.00378	0.00276	0.00140	0.00316
34	0.00492	0.00324	0.00387	0.00357	0.00457	0.00288	0.00272	0.00614	0.02619	0.11295	0.41095	0.02246	0.37241	0.00615	0.00333	0.00093	0.00155	0.00525	0.00301	0.00290
35	0.00545	0.00513	0.00865	0.89173	0.01986	0.00641	0.00801	0.00737	0.00577	0.00737	0.00513	0.00769	0.00384	0.00288	0.00288	0.00096	0.00384	0.00256	0.00128	0.00320
36	0.00398	0.00294	0.00372	0.00353	0.00425	0.00268	0.00264	0.00525	0.00793	0.01102	0.75694	0.02243	0.14975	0.00610	0.00340	0.00092	0.00137	0.00534	0.00310	0.00268
37	0.00570	0.00538	0.00910	0.76274	0.14690	0.00647	0.00813	0.00759	0.00588	0.00767	0.00517	0.00761	0.00395	0.00284	0.00288	0.00095	0.00378	0.00256	0.00130	0.00340
38	0.00577	0.00542	0.00910	0.75145	0.14676	0.00650	0.00810	0.01860	0.00598	0.00781	0.00519	0.00760	0.00396	0.00284	0.00288	0.00094	0.00377	0.00256	0.00132	0.00343
39	0.91903	0.00558	0.00424	0.00379	0.00558	0.00647	0.00312	0.00848	0.00491	0.01294	0.00402	0.00468	0.00312	0.00268	0.00178	0.00089	0.00223	0.00156	0.00178	0.00312
40	0.58184	0.00821	0.00559	0.00502	0.00670	0.29002	0.00395	0.03322	0.00622	0.01114	0.00435	0.00504	0.00345	0.00281	0.00208	0.00084	0.00319	0.00171	0.02136	0.00323
41	0.00529	0.00484	0.00806	0.76086	0.01775	0.00597	0.00743	0.00710	0.00574	0.00741	0.00605	0.00974	0.00501	0.00467	0.07013	0.00127	0.00405	0.06411	0.00140	0.00312
42	0.00705	0.00672	0.01127	0.01668	0.81430	0.00662	0.00844	0.00873	0.00652	0.00942	0.00540	0.00705	0.00455	0.00254	0.00280	0.00082	0.00333	0.00250	0.00145	0.07381
43	0.00573	0.00542	0.00914	0.74053	0.15752	0.00651	0.00812	0.00760	0.00588	0.00769	0.00516	0.00758	0.00396	0.00286	0.00296	0.00095	0.01511	0.00256	0.00130	0.00342

[dist]
# distance from previous block
# <min> <max>
0	2

[block]
# block no. 2 follows, 101 sequences, length 105
# corresponding to MSA columns:
# 189-293
name=unknown_C
#
# <colnr> <probs for GDERKNQSTAVLIFYWHMCP>
#	G	D	E	R	K	N	Q	S	T	A	V	L	I	F	Y	W	H	M	C	P
0	0.00630	0.00579	0.00730	0.00581	0.04903	0.04046	0.07411	0.00772	0.01501	0.00923	0.00537	0.00666	0.00451	0.00242	0.00255	0.00055	0.02952	0.01644	0.00168	0.70953
1	0.00563	0.00334	0.00445	0.00400	0.00494	0.00312	0.00308	0.01709	0.00793	0.15510	0.64862	0.01853	0.02186	0.00687	0.08126	0.00123	0.00212	0.00461	0.00309	0.00309
2	0.00640	0.00561	0.00649	0.05168	0.03784	0.04624	0.00408	0.02777	0.00628	0.02200	0.01966	0.00655	0.00473	0.00249	0.00257	0.00055	0.03875	0.00195	0.02653	0.68184
3	0.00746	0.00746	0.01139	0.01679	0.80379	0.08448	0.00856	0.00908	0.00671	0.00921	0.00534	0.00697	0.00449	0.00260	0.00283	0.00085	0.00358	0.00251	0.00143	0.00446
4	0.91903	0.00558	0.00424	0.00379	0.00558	0.00647	0.00312	0.00848	0.00491	0.01294	0.00402	0.00468	0.00312	0.00268	0.00178	0.00089	0.00223	0.00156	0.00178	0.00312
5	0.01141	0.00579	0.00746	0.00580	0.00790	0.08228	0.08624	0.01269	0.01589	0.63979	0.01058	0.00974	0.02882	0.00349	0.00288	0.00088	0.00283	0.00293	0.05813	0.00447
6	0.00710	0.00612	0.00646	0.00582	0.00742	0.00707	0.00452	0.01509	0.85492	0.01205	0.03228	0.01101	0.00924	0.00396	0.00295	0.00098	0.00226	0.00331	0.00294	0.00452
7	0.00425	0.00326	0.00494	0.08284	0.00640	0.00382	0.00396	0.00533	0.00475	0.00675	0.00766	0.01159	0.00717	0.04553	0.76868	0.00420	0.00715	0.01756	0.00155	0.00261
8	0.89961	0.00557	0.00433	0.02267	0.00588	0.00647	0.00323	0.00845	0.00493	0.01282	0.00404	0.00475	0.00314	0.00268	0.00181	0.00089	0.00226	0.00158	0.00177	0.00312
9	0.00714	0.00685	0.01170	0.01770	0.88067	0.00685	0.00885	0.00885	0.00657	0.00942	0.00542	0.00714	0.00457	0.00257	0.00285	0.00086	0.00343	0.00257	0.00143	0.00457
10	0.00593	0.00491	0.00569	0.00413	0.00653	0.00374	0.00329	0.00721	0.00599	0.00952	0.00550	0.00640	0.00455	0.00224	0.00212	0.00045	0.00207	0.00179	0.08223	0.83571
11	0.00607	0.00506	0.00686	0.00813	0.23910	0.00527	0.00497	0.00968	0.28347	0.03014	0.35146	0.01402	0.01488	0.00433	0.00310	0.00092	0.00223	0.00384	0.00264	0.00385
12	0.03693	0.01025	0.00825	0.09727	0.00965	0.46038	0.00584	0.13723	0.03152	0.00902	0.00495	0.00604	0.00404	0.00342	0.00388	0.00089	0.16303	0.00219	0.00168	0.00355
13	0.00698	0.00700	0.04913	0.00910	0.01070	0.00743	0.35776	0.00854	0.00594	0.08535	0.02635	0.00819	0.00518	0.00384	0.00586	0.00109	0.37282	0.02349	0.00162	0.00363
14	0.89576	0.00550	0.00420	0.00376	0.00552	0.00637	0.00309	0.00843	0.00494	0.01288	0.00415	0.00484	0.00323	0.00269	0.00179	0.00089	0.00221	0.00159	0.02503	0.00311
15	0.00394	0.00292	0.00367	0.00352	0.00423	0.00265	0.00263	0.00514	0.00776	0.01070	0.68862	0.06413	0.17684	0.00629	0.00342	0.00093	0.00139	0.00551	0.00306	0.00265
16	0.01039	0.01303	0.00810	0.00733	0.00873	0.80964	0.00553	0.02414	0.00807	0.00733	0.02674	0.00569	0.00433	0.00315	0.00295	0.00077	0.04719	0.00199	0.00154	0.00334
17	0.00652	0.00867	0.16487	0.03313	0.01361	0.00725	0.57604	0.01916	0.00645	0.00899	0.00570	0.02621	0.00449	0.00294	0.00394	0.00100	0.10260	0.00316	0.00143	0.00383
18	0.00351	0.00257	0.00330	0.00389	0.00416	0.00236	0.00263	0.00405	0.00567	0.00743	0.01761	0.77660	0.13005	0.00880	0.00365	0.00115	0.00165	0.01588	0.00268	0.00236
19	0.00714	0.00685	0.01170	0.01770	0.88067	0.00685	0.00885	0.00885	0.00657	0.00942	0.00542	0.00714	0.00457	0.00257	0.00285	0.00086	0.00343	0.00257	0.00143	0.00457
20	0.00521	0.00440	0.00489	0.00436	0.00539	0.06768	0.00321	0.01749	0.00530	0.00736	0.00737	0.04058	0.00734	0.23924	0.31227	0.00255	0.00446	0.00306	0.00169	0.25612
21	0.00864	0.00654	0.01178	0.00891	0.02997	0.00624	0.42618	0.04621	0.10205	0.25867	0.02476	0.00896	0.00617	0.00349	0.02469	0.00102	0.00376	0.00320	0.00232	0.01645
22	0.00538	0.00500	0.00837	0.76059	0.07053	0.00607	0.00759	0.00716	0.00579	0.00749	0.00609	0.08607	0.00523	0.00341	0.00295	0.00097	0.00363	0.00306	0.00141	0.00321
23	0.04522	0.00787	0.00806	0.08478	0.04209	0.12987	0.00547	0.47361	0.01060	0.11823	0.00688	0.00717	0.00493	0.00329	0.00277	0.00085	0.00333	0.00249	0.03813	0.00437
24	0.00427	0.00331	0.00475	0.00598	0.11991	0.00327	0.00369	0.00496	0.00569	0.02107	0.01419	0.69832	0.03503	0.00787	0.00382	0.00113	0.04182	0.01577	0.00246	0.00272
25	0.00637	0.00669	0.01337	0.34070	0.08831	0.00690	0.47055	0.00855	0.00641	0.01544	0.00558	0.00771	0.00421	0.00262	0.00316	0.00096	0.00434	0.00302	0.00141	0.00370
26	0.01161	0.00646	0.00755	0.00582	0.00803	0.00661	0.00480	0.44629	0.02430	0.40507	0.00907	0.00840	0.00604	0.00351	0.00286	0.00087	0.00278	0.00275	0.03234	0.00483
27	0.00561	0.00501	0.04674	0.00482	0.00614	0.00491	0.00392	0.04470	0.35270	0.01143	0.34484	0.02739	0.10402	0.00508	0.00318	0.00095	0.00198	0.02009	0.00291	0.00358
28	0.01294	0.00491	0.00669	0.00513	0.00736	0.00424	0.00424	0.01405	0.00825	0.88267	0.01138	0.00981	0.00714	0.00357	0.00290	0.00089	0.00245	0.00290	0.00357	0.00491
29	0.00578	0.01492	0.88372	0.00822	0.01248	0.00670	0.01065	0.00913	0.00609	0.00913	0.00517	0.00609	0.00365	0.00274	0.00274	0.00091	0.00426	0.00213	0.00122	0.00426
30	0.04628	0.04046	0.73138	0.00754	0.01131	0.00651	0.00944	0.01772	0.00615	0.00924	0.00666	0.00809	0.04570	0.00317	0.00275	0.00092	0.00393	0.03731	0.00139	0.00405
31	0.00531	0.00496	0.00824	0.79114	0.04039	0.00606	0.00754	0.00711	0.00581	0.00744	0.00663	0.05065	0.04029	0.00335	0.00294	0.00097	0.00363	0.00297	0.00141	0.00317
32	0.00619	0.00342	0.00453	0.00399	0.00504	0.00308	0.00308	0.00750	0.00818	0.21942	0.67209	0.01874	0.02242	0.00534	0.00328	0.00090	0.00162	0.00466	0.00327	0.00324
33	0.88649	0.00555	0.00433	0.00384	0.00564	0.00639	0.00316	0.00868	0.00503	0.04417	0.00428	0.00487	0.00327	0.00271	0.00182	0.00089	0.00224	0.00161	0.00185	0.00319
34	0.00568	0.00537	0.00908	0.76881	0.14092	0.00647	0.00813	0.00758	0.00588	0.00766	0.00517	0.00761	0.00395	0.00284	0.00288	0.00095	0.00379	0.00256	0.00130	0.00340
35	0.00598	0.00554	0.00883	0.54634	0.12893	0.00679	0.00748	0.00792	0.04689	0.02254	0.00543	0.00767	0.00432	0.00381	0.02940	0.00110	0.15355	0.00261	0.00142	0.00345
36	0.00610	0.00295	0.00322	0.00307	0.00390	0.00285	0.00233	0.00736	0.00633	0.11324	0.02539	0.05686	0.02767	0.00381	0.00226	0.00073	0.00149	0.00312	0.72439	0.00293
37	0.47638	0.00577	0.00599	0.01872	0.05306	0.00617	0.00413	0.12374	0.00711	0.26381	0.00661	0.00663	0.00460	0.00303	0.00232	0.00089	0.00251	0.00215	0.00242	0.00395
38	0.16399	0.01004	0.00720	0.00625	0.00800	0.48850	0.00485	0.05949	0.00794	0.20859	0.00610	0.00626	0.00446	0.00309	0.00255	0.00081	0.00396	0.00209	0.00209	0.00375
39	0.00354	0.00253	0.00337	0.00404	0.00422	0.00236	0.00272	0.00406	0.00555	0.00739	0.01588	0.87758	0.01902	0.00901	0.00369	0.00117	0.00169	0.02714	0.00268	0.00235
40	0.04271	0.00514	0.00845	0.82165	0.03731	0.00636	0.00774	0.00741	0.00579	0.00771	0.02014	0.00779	0.00423	0.00292	0.00285	0.00096	0.00373	0.00257	0.00134	0.00322
41	0.00405	0.00295	0.00382	0.00360	0.00429	0.00271	0.00270	0.00539	0.00810	0.01141	0.84351	0.02180	0.06295	0.00595	0.00340	0.00091	0.00136	0.00525	0.00315	0.00271
42	0.00352	0.00252	0.00335	0.00401	0.00418	0.00235	0.00268	0.00404	0.00556	0.00743	0.02928	0.88321	0.01920	0.00899	0.00368	0.00117	0.00167	0.00815	0.00268	0.00235
43	0.01077	0.01365	0.00818	0.00742	0.00891	0.87232	0.00557	0.02597	0.00826	0.00724	0.00450	0.00523	0.00373	0.00298	0.00260	0.00074	0.00517	0.00187	0.00151	0.00337
44	0.01096	0.00808	0.00865	0.00663	0.00894	0.00894	0.00548	0.87106	0.01356	0.01817	0.00692	0.00692	0.00490	0.00346	0.00288	0.00087	0.00317	0.00260	0.00288	0.00490
45	0.00412	0.00309	0.00463	0.00463	0.00515	0.00360	0.00360	0.00515	0.00463	0.00669	0.00772	0.01133	0.00721	0.02163	0.88723	0.00463	0.00772	0.00309	0.00154	0.00257
46	0.00501	0.00250	0.00376	0.00376	0.00376	0.00250	0.00250	0.00376	0.00376	0.00501	0.00501	0.00877	0.00501	0.01002	0.01127	0.91610	0.00250	0.00250	0.00125	0.00125
47	0.00391	0.00294	0.00361	0.00344	0.00420	0.00265	0.00258	0.00510	0.00775	0.01058	0.65700	0.02316	0.24997	0.00626	0.00340	0.00092	0.00139	0.00544	0.00304	0.00265
48	0.31868	0.00879	0.00632	0.00555	0.00725	0.37989	0.00433	0.01077	0.00699	0.17919	0.00586	0.00616	0.00433	0.00300	0.00236	0.00082	0.00350	0.00199	0.04066	0.00354
49	0.00654	0.00967	0.24614	0.01111	0.01439	0.00713	0.64297	0.00921	0.00662	0.00921	0.00566	0.00733	0.00418	0.00251	0.00323	0.00096	0.00470	0.00307	0.00139	0.00399
50	0.00771	0.90039	0.01511	0.00493	0.00740	0.01141	0.00493	0.00863	0.00586	0.00678	0.00401	0.00463	0.00370	0.00247	0.00185	0.00062	0.00308	0.00154	0.00123	0.00370
51	0.08927	0.00727	0.00786	0.00612	0.00829	0.00794	0.00505	0.65882	0.01179	0.11472	0.00721	0.00726	0.00511	0.00427	0.04472	0.00105	0.00323	0.00256	0.00280	0.00464
52	0.00718	0.00566	0.00620	0.00553	0.00706	0.00632	0.00435	0.07353	0.60370	0.05914	0.12341	0.01308	0.02283	0.00435	0.00304	0.00097	0.00224	0.04417	0.00298	0.00425
53	0.00415	0.00311	0.00457	0.00456	0.00503	0.00361	0.00350	0.00510	0.00460	0.00661	0.00778	0.01185	0.00742	0.08922	0.80824	0.00445	0.01897	0.00317	0.00156	0.00252
54	0.00714	0.00685	0.01170	0.01770	0.88067	0.00685	0.00885	0.00885	0.00657	0.00942	0.00542	0.00714	0.00457	0.00257	0.00285	0.00086	0.00343	0.00257	0.00143	0.00457
55	0.00414	0.00300	0.00416	0.00416	0.00451	0.00335	0.00301	0.00484	0.00449	0.00634	0.00816	0.01373	0.00825	0.30079	0.60949	0.00405	0.00616	0.00344	0.00161	0.00231
56	0.00417	0.00290	0.00367	0.00367	0.00385	0.00308	0.00240	0.00453	0.00435	0.00598	0.00860	0.01621	0.00933	0.58879	0.32297	0.00345	0.00454	0.00380	0.00168	0.00204
57	0.00578	0.01492	0.88372	0.00822	0.01248	0.00670	0.01065	0.00913	0.00609	0.00913	0.00517	0.00609	0.00365	0.00274	0.00274	0.00091	0.00426	0.00213	0.00122	0.00426
58	0.00405	0.00295	0.00381	0.00359	0.00429	0.00271	0.00270	0.00538	0.00809	0.01138	0.83810	0.02184	0.06837	0.00596	0.00340	0.00091	0.00137	0.00526	0.00315	0.00271
59	0.00342	0.00292	0.00294	0.00293	0.00390	0.00244	0.00220	0.00416	0.00660	0.00785	0.04208	0.02766	0.86660	0.00728	0.00341	0.00097	0.00146	0.00607	0.00269	0.00244
60	0.00409	0.00272	0.00351	0.00402	0.00436	0.00260	0.00283	0.00493	0.02187	0.02564	0.02949	0.67193	0.01721	0.00802	0.00348	0.00111	0.00174	0.07872	0.10922	0.00251
61	0.00400	0.00296	0.00364	0.00347	0.00424	0.00266	0.00260	0.00519	0.00773	0.02019	0.64425	0.03443	0.24147	0.00626	0.00340	0.00093	0.00140	0.00545	0.00305	0.00267
62	0.00771	0.90039	0.01511	0.00493	0.00740	0.01141	0.00493	0.00863	0.00586	0.00678	0.00401	0.00463	0.00370	0.00247	0.00185	0.00062	0.00308	0.00154	0.00123	0.00370
63	0.00604	0.00517	0.00610	0.04057	0.00737	0.00417	0.00368	0.02039	0.05220	0.00954	0.00573	0.02525	0.00482	0.00243	0.00225	0.00050	0.00222	0.00198	0.00179	0.79779
64	0.00768	0.04255	0.00873	0.00659	0.00815	0.06129	0.20064	0.17095	0.00741	0.11015	0.00779	0.02453	0.00703	0.27693	0.00675	0.00149	0.02576	0.02004	0.00209	0.00344
65	0.00633	0.00638	0.00922	0.00779	0.00793	0.00876	0.04727	0.00705	0.00453	0.00705	0.00388	0.00638	0.00381	0.00492	0.00918	0.00125	0.85125	0.00257	0.00127	0.00319
66	0.00725	0.00748	0.05285	0.02660	0.71384	0.03925	0.04369	0.03774	0.00685	0.00961	0.01579	0.00720	0.00475	0.00266	0.00286	0.00086	0.00355	0.00258	0.00149	0.01310
67	0.01217	0.00514	0.00657	0.00513	0.00723	0.02402	0.00420	0.04582	0.03583	0.75145	0.02125	0.00982	0.00728	0.00358	0.00286	0.00088	0.00247	0.00289	0.04667	0.00473
68	0.00344	0.00292	0.00297	0.00296	0.00391	0.00245	0.00222	0.00420	0.00665	0.00797	0.06992	0.02745	0.83868	0.00724	0.00341	0.00097	0.00146	0.00604	0.00270	0.00245
69	0.00550	0.00517	0.00866	0.86386	0.03237	0.00643	0.00796	0.00752	0.02046	0.00748	0.00524	0.00773	0.00394	0.00290	0.00288	0.00096	0.00381	0.00257	0.00131	0.00325
70	0.00626	0.00642	0.00840	0.70301	0.02626	0.14080	0.00740	0.00810	0.02548	0.00746	0.00585	0.00794	0.02865	0.00304	0.00286	0.00093	0.00394	0.00257	0.00139	0.00325
71	0.00838	0.70523	0.01358	0.00548	0.00773	0.20416	0.00507	0.00927	0.00637	0.00684	0.00411	0.00475	0.00370	0.00258	0.00202	0.00064	0.00355	0.00161	0.00129	0.00362
72	0.00823	0.00510	0.00634	0.00486	0.02770	0.00404	0.00381	0.00947	0.00672	0.28796	0.00713	0.00723	0.00519	0.00260	0.00240	0.00059	0.00227	0.00211	0.00230	0.60397
73	0.00671	0.17507	0.02135	0.39141	0.25458	0.02878	0.02629	0.00842	0.01584	0.02866	0.00521	0.00695	0.00416	0.00276	0.00275	0.00086	0.01266	0.00238	0.00139	0.00376
74	0.00443	0.00360	0.00394	0.00378	0.00484	0.00349	0.00289	0.00660	0.16514	0.02505	0.06894	0.04760	0.52744	0.00786	0.08606	0.00131	0.00224	0.01575	0.00265	0.01640
75	0.00954	0.01184	0.01050	0.02807	0.02359	0.61999	0.22604	0.01075	0.00770	0.00765	0.00483	0.00595	0.00390	0.00285	0.00290	0.00081	0.01584	0.00229	0.00147	0.00349
76	0.00502	0.00256	0.00386	0.02263	0.00410	0.00259	0.00262	0.00383	0.00380	0.00506	0.00501	0.00874	0.00498	0.00987	0.01109	0.89665	0.00253	0.00251	0.00125	0.00129
77	0.00342	0.00291	0.00294	0.00295	0.00390	0.00244	0.00220	0.00415	0.00657	0.00782	0.03693	0.04347	0.85590	0.00732	0.00341	0.00098	0.00146	0.00612	0.00268	0.00244
78	0.00594	0.00361	0.00398	0.00370	0.00467	0.00372	0.00283	0.00868	0.18602	0.06577	0.19473	0.01299	0.01188	0.00403	0.00255	0.00080	0.00161	0.00336	0.47594	0.00322
79	0.01773	0.03449	0.02016	0.01924	0.34485	0.47684	0.00685	0.01032	0.00740	0.02298	0.00502	0.00621	0.00418	0.00284	0.00269	0.00079	0.00434	0.00770	0.00150	0.00385
80	0.04551	0.00519	0.00625	0.00463	0.00702	0.00430	0.00376	0.03824	0.00687	0.27749	0.00704	0.00714	0.00512	0.00267	0.00246	0.00061	0.01228	0.00211	0.00232	0.55899
81	0.00433	0.00323	0.00414	0.00386	0.00459	0.00314	0.00292	0.00612	0.06465	0.01150	0.80349	0.02050	0.02550	0.00575	0.00350	0.00092	0.02087	0.00503	0.00312	0.00285
82	0.00637	0.00615	0.00915	0.00773	0.00809	0.00813	0.08192	0.00723	0.00490	0.02802	0.00511	0.00872	0.00499	0.00503	0.00832	0.00123	0.71952	0.07473	0.00145	0.00322
83	0.00714	0.00684	0.01163	0.01754	0.86859	0.00686	0.00879	0.00894	0.01858	0.00946	0.00551	0.00719	0.00463	0.00259	0.00286	0.00086	0.00341	0.00258	0.00145	0.00457
84	0.00610	0.00600	0.00852	0.08524	0.00846	0.00825	0.00625	0.00689	0.00476	0.00725	0.05598	0.00734	0.00518	0.00491	0.00852	0.00121	0.76193	0.00269	0.00138	0.00313
85	0.00545	0.00513	0.00865	0.89173	0.01986	0.00641	0.00801	0.00737	0.00577	0.00737	0.00513	0.00769	0.00384	0.00288	0.00288	0.00096	0.00384	0.00256	0.00128	0.00320
86	0.00569	0.01419	0.83133	0.00792	0.01192	0.00646	0.01012	0.00884	0.00598	0.00892	0.00541	0.00685	0.00406	0.05604	0.00345	0.00103	0.00417	0.00225	0.00125	0.00411
87	0.00728	0.00481	0.01503	0.00535	0.00663	0.03243	0.04255	0.15443	0.00785	0.15738	0.01178	0.18898	0.01137	0.00569	0.00325	0.00103	0.00256	0.23154	0.10661	0.00345
88	0.00544	0.00498	0.00829	0.83883	0.01888	0.00619	0.00765	0.00733	0.00578	0.00757	0.00538	0.00787	0.00405	0.00291	0.00283	0.00094	0.00370	0.00257	0.05562	0.00317
89	0.86470	0.00555	0.00434	0.00382	0.00565	0.00631	0.00314	0.00840	0.00497	0.01273	0.00408	0.00476	0.00319	0.00264	0.00181	0.00086	0.00222	0.00157	0.00178	0.05745
90	0.00383	0.00288	0.00403	0.00507	0.07298	0.00272	0.00316	0.00448	0.00576	0.00777	0.06643	0.77488	0.01842	0.00834	0.00360	0.00113	0.00179	0.00758	0.00261	0.00254
91	0.00695	0.00598	0.00633	0.00576	0.00730	0.00688	0.00445	0.01465	0.82370	0.01178	0.01198	0.06347	0.00941	0.00422	0.00298	0.00099	0.00225	0.00355	0.00292	0.00443
92	0.02236	0.00724	0.00795	0.00611	0.00839	0.02982	0.00503	0.57698	0.01156	0.22928	0.00781	0.00750	0.00536	0.00339	0.00282	0.00084	0.00297	0.00259	0.00293	0.05907
93	0.06479	0.00527	0.01801	0.00513	0.00713	0.00499	0.00421	0.03427	0.18738	0.55010	0.03455	0.01081	0.05250	0.00383	0.00288	0.00091	0.00237	0.00310	0.00323	0.00454
94	0.80967	0.00601	0.00476	0.00415	0.00598	0.02756	0.00341	0.09199	0.00582	0.01330	0.00431	0.00491	0.00331	0.00276	0.00191	0.00089	0.00239	0.00167	0.00188	0.00330
95	0.00637	0.00596	0.00992	0.34656	0.47275	0.00646	0.00803	0.02689	0.01798	0.00875	0.00605	0.06032	0.00522	0.00311	0.00292	0.00092	0.00346	0.00291	0.00150	0.00393
96	0.00733	0.00687	0.01090	0.04802	0.64837	0.02922	0.04290	0.09822	0.00725	0.01006	0.00618	0.06004	0.00541	0.00306	0.00292	0.00088	0.00341	0.00292	0.00165	0.00436
97	0.01042	0.00833	0.00829	0.00658	0.00863	0.10367	0.00534	0.71148	0.01234	0.01613	0.00714	0.05967	0.00560	0.00377	0.00301	0.00088	0.01863	0.00285	0.00269	0.00455
98	0.00532	0.00499	0.00831	0.83885	0.01891	0.00617	0.00766	0.00718	0.00581	0.00739	0.00656	0.00888	0.05594	0.00315	0.00291	0.00096	0.00370	0.00277	0.00136	0.00316
99	0.86465	0.00539	0.00421	0.00379	0.00547	0.00623	0.00309	0.00820	0.00484	0.01247	0.00407	0.00493	0.00324	0.00311	0.00235	0.05534	0.00225	0.00162	0.00175	0.00301
100	0.00363	0.00277	0.00365	0.00405	0.00444	0.00258	0.02014	0.00423	0.00575	0.00750	0.01799	0.68537	0.17943	0.00850	0.00372	0.00113	0.01520	0.02490	0.00263	0.00241
101	0.64997	0.00745	0.00557	0.01673	0.00681	0.18988	0.01695	0.06043	0.00614	0.01189	0.00432	0.00501	0.00338	0.00278	0.00206	0.00086	0.00297	0.00173	0.00178	0.00329
102	0.00745	0.00671	0.01136	0.03148	0.81440	0.00669	0.00856	0.00913	0.00665	0.06134	0.00577	0.00731	0.00471	0.00263	0.00286	0.00086	0.00337	0.00259	0.00155	0.00457
103	0.86499	0.00606	0.00447	0.00401	0.00578	0.05886	0.00327	0.00866	0.00510	0.01259	0.00404	0.00471	0.00316	0.00269	0.00183	0.00088	0.00241	0.00158	0.00177	0.00314
104	0.00644	0.00604	0.00824	0.02224	0.00755	0.00801	0.00583	0.06973	0.00532	0.00801	0.03993	0.00717	0.00496	0.00533	0.02971	0.02611	0.68879	0.00261	0.00149	0.04650

[dist]
# distance from previous block
# <min> <max>
0	27

[block]
# block no. 3 follows, 101 sequences, length 6
# corresponding to MSA columns:
# 325-327,331-333
name=unknown_D
#
# <colnr> <probs for GDERKNQSTAVLIFYWHMCP>
#	G	D	E	R	K	N	Q	S	T	A	V	L	I	F	Y	W	H	M	C	P
0	0.10224	0.00582	0.00828	0.38191	0.21658	0.04449	0.00680	0.04269	0.00620	0.00884	0.00630	0.10881	0.00572	0.00361	0.00311	0.00095	0.03948	0.00307	0.00160	0.00349
1	0.00501	0.00351	0.00474	0.00448	0.00485	0.00400	0.00329	0.00561	0.00468	0.06447	0.00798	0.01343	0.00800	0.34884	0.38847	0.00327	0.11774	0.00342	0.00172	0.00249
2	0.00951	0.00945	0.00780	0.00676	0.00810	0.38886	0.00531	0.12910	0.08513	0.08786	0.00619	0.00685	0.00484	0.00361	0.00403	0.00089	0.18028	0.00235	0.04933	0.00374
3	0.00804	0.00738	0.01000	0.01025	0.23582	0.14314	0.13217	0.00930	0.00655	0.13193	0.00683	0.04087	0.02895	0.00370	0.00449	0.00097	0.21105	0.00292	0.00179	0.00386
4	0.00733	0.00655	0.00721	0.00623	0.00791	0.04938	0.05934	0.06225	0.67223	0.01195	0.06870	0.01081	0.00929	0.00388	0.00298	0.00096	0.00257	0.00329	0.00278	0.00436
5	0.00592	0.00551	0.00702	0.06525	0.13742	0.05056	0.05930	0.04260	0.08278	0.00932	0.03819	0.01357	0.25964	0.00413	0.00290	0.00082	0.00261	0.00355	0.00209	0.20680

[dist]
# distance from previous block
# <min> <max>
0	21

[block]
# block no. 4 follows, 101 sequences, length 17
# corresponding to MSA columns:
# 370-386
name=unknown_E
#
# <colnr> <probs for GDERKNQSTAVLIFYWHMCP>
#	G	D	E	R	K	N	Q	S	T	A	V	L	I	F	Y	W	H	M	C	P
0	0.12211	0.00534	0.00836	0.55813	0.08289	0.00621	0.05649	0.02448	0.00612	0.01948	0.05657	0.00859	0.02728	0.00311	0.00281	0.00094	0.00343	0.00273	0.00157	0.00334
1	0.01515	0.00574	0.00760	0.46966	0.03175	0.07443	0.00630	0.08062	0.00654	0.04089	0.00596	0.00804	0.00467	0.02345	0.01901	0.02468	0.06754	0.00257	0.10210	0.00329
2	0.03909	0.00633	0.06924	0.00788	0.16975	0.00583	0.00568	0.13177	0.00811	0.34370	0.10391	0.00949	0.00791	0.00365	0.00342	0.00091	0.07341	0.00292	0.00263	0.00436
3	0.03895	0.00627	0.00636	0.00538	0.00712	0.09700	0.00427	0.10710	0.27823	0.26444	0.03502	0.01024	0.04104	0.00376	0.00280	0.00089	0.00259	0.00300	0.08130	0.00423
4	0.00490	0.00253	0.00370	0.00370	0.00377	0.00250	0.00248	0.00378	0.00394	0.00519	0.00662	0.01003	0.06334	0.00984	0.01075	0.85506	0.00243	0.00274	0.00135	0.00133
5	0.00638	0.00603	0.01016	0.23237	0.58625	0.00632	0.00806	0.00804	0.00629	0.00873	0.00660	0.07231	0.02346	0.00321	0.00293	0.00091	0.00336	0.00305	0.00151	0.00402
6	0.00598	0.00565	0.00956	0.55971	0.32006	0.00644	0.00814	0.00778	0.00604	0.00808	0.00555	0.03428	0.00456	0.00296	0.00290	0.00093	0.00363	0.00273	0.00137	0.00365
7	0.00655	0.00619	0.00920	0.40048	0.07342	0.03902	0.06793	0.10257	0.00653	0.00872	0.00563	0.05318	0.00482	0.00369	0.00439	0.00101	0.19873	0.00288	0.00156	0.00348
8	0.01008	0.07207	0.00871	0.00728	0.00867	0.73198	0.00561	0.01082	0.00760	0.00703	0.00435	0.00528	0.00372	0.00317	0.00331	0.00079	0.10284	0.00191	0.00144	0.00335
9	0.00734	0.00612	0.00656	0.03289	0.00773	0.00696	0.00457	0.14005	0.63830	0.01235	0.01198	0.01150	0.06923	0.02718	0.00326	0.00101	0.00242	0.00336	0.00283	0.00435
10	0.00442	0.00520	0.14710	0.00573	0.03868	0.00378	0.05281	0.00600	0.05637	0.00819	0.02905	0.58410	0.03301	0.00702	0.00343	0.00109	0.00236	0.00635	0.00235	0.00296
11	0.00813	0.10621	0.04696	0.00872	0.02544	0.02810	0.34518	0.28939	0.00891	0.01190	0.06006	0.00783	0.00583	0.00309	0.00320	0.00089	0.03113	0.00292	0.00199	0.00412
12	0.06806	0.00293	0.00367	0.00402	0.00445	0.00287	0.00289	0.00484	0.00596	0.00852	0.17394	0.49789	0.01822	0.06524	0.03701	0.00135	0.00205	0.09103	0.00260	0.00247
13	0.00547	0.00534	0.06877	0.23869	0.04641	0.00550	0.05253	0.00640	0.00521	0.00724	0.05625	0.01729	0.00633	0.10343	0.00703	0.17492	0.16817	0.00293	0.00147	0.02062
14	0.06928	0.00479	0.00742	0.64398	0.03760	0.00571	0.00665	0.00696	0.00595	0.00810	0.05869	0.02446	0.10182	0.00362	0.00291	0.00096	0.00328	0.00312	0.00161	0.00311
15	0.00578	0.00480	0.00725	0.12180	0.21932	0.00531	0.00559	0.10163	0.00622	0.00867	0.00679	0.00961	0.00599	0.04117	0.43389	0.00277	0.00552	0.00288	0.00164	0.00337
16	0.00566	0.00518	0.00823	0.68107	0.07789	0.00615	0.00728	0.05733	0.00636	0.00819	0.00790	0.00981	0.10036	0.00338	0.00294	0.00095	0.00351	0.00295	0.00154	0.00331

[dist]
# distance from previous block
# <min> <max>
0	24

# created by:
# /home/simao/soft/augustus-3.0.3/scripts/msa2prfl.pl ./prep/98871.aln
