[name]
unknown

[dist]
# distance from previous block
# <min> <max>
27	234

[block]
# block no. 0 follows, 82 sequences, length 8
# corresponding to MSA columns:
# 378-385
name=unknown_A
#
# <colnr> <probs for GDERKNQSTAVLIFYWHMCP>
#	G	D	E	R	K	N	Q	S	T	A	V	L	I	F	Y	W	H	M	C	P
0	0.00892	0.02086	0.04062	0.04681	0.31637	0.04764	0.04567	0.04732	0.11564	0.11543	0.02899	0.03163	0.07192	0.00465	0.01453	0.00114	0.00373	0.03072	0.00253	0.00489
1	0.00594	0.00457	0.00582	0.03993	0.00646	0.00520	0.00405	0.02302	0.07142	0.02381	0.07174	0.05565	0.05468	0.33352	0.12213	0.02733	0.13474	0.00464	0.00232	0.00305
2	0.06125	0.04830	0.13506	0.08547	0.06769	0.01589	0.10443	0.00985	0.08174	0.02465	0.07204	0.06367	0.04904	0.00493	0.02168	0.00115	0.01407	0.02369	0.03828	0.07711
3	0.00713	0.00560	0.00659	0.02120	0.02110	0.02959	0.00422	0.00868	0.03180	0.06717	0.05677	0.11162	0.01000	0.05767	0.03863	0.00113	0.00295	0.02837	0.00245	0.48734
4	0.00657	0.00534	0.00597	0.00507	0.00688	0.00502	0.00392	0.08438	0.14768	0.01228	0.14450	0.05876	0.21940	0.03187	0.00390	0.00103	0.00234	0.00478	0.00299	0.24732
5	0.00873	0.04126	0.13850	0.03515	0.42542	0.00799	0.05940	0.04936	0.06868	0.07245	0.03735	0.00933	0.00672	0.00345	0.00338	0.00103	0.00400	0.00316	0.00211	0.02251
6	0.01024	0.03847	0.14112	0.02533	0.00956	0.00604	0.00610	0.05080	0.07801	0.32886	0.02817	0.08866	0.00914	0.00455	0.00336	0.00102	0.00317	0.02354	0.00308	0.14079
7	0.00975	0.00665	0.04368	0.00747	0.01011	0.00552	0.16580	0.01166	0.02552	0.30279	0.01154	0.05899	0.03415	0.00448	0.00351	0.00102	0.00339	0.07632	0.00293	0.21471

[dist]
# distance from previous block
# <min> <max>
1	13

[block]
# block no. 1 follows, 82 sequences, length 31
# corresponding to MSA columns:
# 402-414,416-433
name=unknown_B
#
# <colnr> <probs for GDERKNQSTAVLIFYWHMCP>
#	G	D	E	R	K	N	Q	S	T	A	V	L	I	F	Y	W	H	M	C	P
0	0.04264	0.02178	0.02230	0.05959	0.17346	0.14357	0.03678	0.21435	0.05329	0.11482	0.00819	0.00882	0.01426	0.00368	0.00326	0.00099	0.00401	0.00297	0.02429	0.04694
1	0.11700	0.15743	0.06827	0.00758	0.04288	0.12676	0.04351	0.15081	0.08319	0.02228	0.04207	0.00889	0.00676	0.03157	0.02433	0.02786	0.00400	0.00284	0.00228	0.02969
2	0.02275	0.06040	0.16092	0.01562	0.11053	0.01958	0.14163	0.06202	0.05886	0.07390	0.09906	0.05420	0.04565	0.02762	0.00405	0.00115	0.01914	0.01596	0.00243	0.00454
3	0.03372	0.00862	0.00852	0.02804	0.02419	0.13174	0.00582	0.10457	0.36471	0.01302	0.02262	0.00983	0.00765	0.00420	0.00402	0.00104	0.08961	0.00314	0.00271	0.13224
4	0.00779	0.03326	0.00683	0.01811	0.02058	0.02010	0.00442	0.20100	0.05881	0.02985	0.03575	0.12253	0.11451	0.08258	0.00481	0.00123	0.02178	0.01791	0.10244	0.09570
5	0.03625	0.03170	0.00933	0.06155	0.11470	0.00788	0.00617	0.31953	0.06034	0.04541	0.07155	0.01036	0.00814	0.02061	0.00352	0.00099	0.00332	0.01586	0.00277	0.17003
6	0.00674	0.00611	0.08267	0.03190	0.07404	0.00533	0.01880	0.05132	0.02448	0.06553	0.21366	0.07791	0.06762	0.11206	0.05699	0.00163	0.05195	0.00477	0.00271	0.04379
7	0.00616	0.00519	0.00703	0.24753	0.07377	0.03097	0.00549	0.00791	0.06693	0.00872	0.03240	0.02933	0.00963	0.32350	0.09180	0.00233	0.00422	0.01675	0.01645	0.01388
8	0.00723	0.02306	0.05408	0.08683	0.04994	0.05279	0.03577	0.06924	0.02059	0.03108	0.00768	0.01076	0.00674	0.04469	0.34644	0.00296	0.14103	0.00332	0.00192	0.00385
9	0.00948	0.71944	0.04685	0.00642	0.00923	0.10127	0.00623	0.02883	0.00740	0.00848	0.00493	0.00573	0.00442	0.00311	0.00259	0.00079	0.02693	0.00195	0.00154	0.00438
10	0.00810	0.10385	0.08936	0.00589	0.00891	0.01540	0.00530	0.04059	0.02413	0.07060	0.00728	0.01803	0.01969	0.00313	0.00289	0.00070	0.01859	0.00242	0.00216	0.55297
11	0.00526	0.00410	0.00510	0.02886	0.00629	0.00419	0.00386	0.00776	0.14195	0.01142	0.30594	0.30329	0.09088	0.00796	0.00421	0.00123	0.01958	0.04134	0.00335	0.00342
12	0.00502	0.00375	0.00492	0.00504	0.03212	0.00344	0.01986	0.00639	0.02323	0.03454	0.38154	0.23468	0.21665	0.00797	0.00407	0.00117	0.00194	0.00703	0.00339	0.00324
13	0.00912	0.17814	0.18870	0.04944	0.04119	0.05388	0.03633	0.18869	0.02197	0.03383	0.00740	0.06022	0.00630	0.00424	0.00402	0.00106	0.09250	0.01614	0.00215	0.00470
14	0.00804	0.00810	0.01366	0.07669	0.41279	0.03338	0.17786	0.01006	0.02148	0.01028	0.00661	0.02374	0.00571	0.02838	0.00521	0.00120	0.14701	0.00340	0.00172	0.00468
15	0.00505	0.00338	0.00401	0.00407	0.00445	0.00323	0.00266	0.00562	0.00652	0.02736	0.15342	0.15398	0.09172	0.44535	0.01074	0.00226	0.00261	0.03202	0.03896	0.00260
16	0.00678	0.00576	0.00613	0.00564	0.00720	0.00624	0.00434	0.01293	0.50547	0.01282	0.13186	0.02007	0.24857	0.00607	0.00371	0.00115	0.00229	0.00511	0.00343	0.00442
17	0.03823	0.01406	0.01006	0.08798	0.09958	0.65108	0.00719	0.03501	0.00929	0.00925	0.00554	0.00671	0.00454	0.00347	0.00313	0.00093	0.00564	0.00238	0.00179	0.00414
18	0.00512	0.00382	0.00498	0.00536	0.00596	0.01578	0.00421	0.00627	0.00725	0.00973	0.10960	0.23328	0.06303	0.05433	0.11080	0.00199	0.02842	0.29961	0.02746	0.00302
19	0.00473	0.00344	0.00424	0.00463	0.00536	0.00319	0.00357	0.00584	0.00765	0.01014	0.11910	0.26013	0.25524	0.00888	0.00418	0.00129	0.00215	0.22292	0.07033	0.00299
20	0.00610	0.00477	0.00589	0.00642	0.00736	0.03515	0.00546	0.00862	0.11292	0.01063	0.01716	0.06277	0.01809	0.00868	0.00450	0.00149	0.00316	0.67423	0.00314	0.00345
21	0.00711	0.00710	0.04289	0.28225	0.37856	0.00720	0.04022	0.00932	0.02604	0.01014	0.02345	0.05913	0.04147	0.00500	0.04451	0.00131	0.00428	0.00371	0.00186	0.00447
22	0.09866	0.30559	0.04021	0.07049	0.14337	0.02047	0.02501	0.05698	0.00725	0.01038	0.00563	0.00740	0.00487	0.00374	0.00428	0.00103	0.16100	0.01250	0.01676	0.00439
23	0.90395	0.00662	0.00503	0.00450	0.00662	0.00767	0.00370	0.01006	0.00582	0.01535	0.00476	0.00556	0.00370	0.00318	0.00212	0.00106	0.00265	0.00185	0.00212	0.00370
24	0.00899	0.03327	0.08007	0.03206	0.40893	0.20958	0.08098	0.01088	0.00813	0.01020	0.00715	0.04654	0.00636	0.00376	0.00343	0.00104	0.00466	0.03748	0.00181	0.00471
25	0.00784	0.00728	0.01207	0.08163	0.64636	0.00739	0.00924	0.03576	0.00780	0.01097	0.00826	0.13404	0.00785	0.00422	0.00353	0.00108	0.00379	0.00401	0.00195	0.00493
26	0.02221	0.02392	0.24461	0.00837	0.03809	0.00733	0.08259	0.18225	0.02628	0.14496	0.11474	0.02238	0.01993	0.00476	0.02594	0.00118	0.00394	0.00357	0.00272	0.02023
27	0.00630	0.00523	0.00792	0.10410	0.19828	0.00539	0.02954	0.00836	0.07776	0.03470	0.10597	0.34695	0.02760	0.00678	0.00401	0.00121	0.01717	0.00614	0.00272	0.00390
28	0.01440	0.00593	0.00788	0.00616	0.00867	0.00531	0.00509	0.07476	0.01015	0.73610	0.04332	0.01301	0.00959	0.00454	0.00351	0.00108	0.00293	0.03783	0.00411	0.00562
29	0.00752	0.00840	0.07750	0.42125	0.03339	0.03041	0.27534	0.03997	0.04210	0.01036	0.00679	0.00908	0.00509	0.00331	0.00358	0.00112	0.00488	0.00333	0.01225	0.00432
30	0.03150	0.01868	0.08145	0.22707	0.25431	0.10569	0.03053	0.11567	0.05033	0.01172	0.01595	0.00894	0.01997	0.00358	0.00340	0.00105	0.01041	0.00304	0.00200	0.00472

[dist]
# distance from previous block
# <min> <max>
0	1

[block]
# block no. 2 follows, 82 sequences, length 13
# corresponding to MSA columns:
# 435-447
name=unknown_C
#
# <colnr> <probs for GDERKNQSTAVLIFYWHMCP>
#	G	D	E	R	K	N	Q	S	T	A	V	L	I	F	Y	W	H	M	C	P
0	0.00664	0.04528	0.00692	0.00599	0.00713	0.16907	0.05237	0.00800	0.04867	0.00934	0.07603	0.23338	0.20656	0.05785	0.02764	0.00139	0.02583	0.00590	0.00266	0.00336
1	0.00503	0.00369	0.00481	0.00518	0.00591	0.00357	0.00411	0.00659	0.03489	0.01082	0.24050	0.18451	0.10439	0.03150	0.00470	0.00140	0.00239	0.33958	0.00330	0.00312
2	0.01051	0.05210	0.16553	0.02940	0.02310	0.06301	0.00720	0.25721	0.11878	0.14269	0.00976	0.04332	0.02015	0.00435	0.00360	0.00107	0.02786	0.01238	0.00285	0.00513
3	0.04051	0.00734	0.09187	0.20095	0.16275	0.00673	0.09762	0.03932	0.02277	0.02726	0.02784	0.04297	0.05710	0.03977	0.03453	0.00140	0.00414	0.08881	0.00214	0.00417
4	0.06839	0.00555	0.00637	0.00551	0.00740	0.00555	0.00438	0.01307	0.24732	0.29070	0.07050	0.01781	0.19325	0.00555	0.00355	0.00112	0.00249	0.02849	0.01834	0.00465
5	0.00441	0.00312	0.00406	0.00467	0.00488	0.00300	0.00312	0.00497	0.00626	0.00836	0.01684	0.63773	0.01991	0.17659	0.04625	0.00195	0.00262	0.04568	0.00290	0.00267
6	0.00773	0.06122	0.32808	0.02976	0.01128	0.13212	0.03116	0.05794	0.00764	0.01007	0.00729	0.01018	0.00622	0.02487	0.18710	0.00205	0.03837	0.04089	0.00179	0.00424
7	0.00777	0.00794	0.05364	0.00769	0.06949	0.17157	0.02588	0.03266	0.03582	0.05327	0.04094	0.13539	0.13863	0.03499	0.06477	0.00152	0.08535	0.02640	0.00247	0.00382
8	0.00436	0.00332	0.00401	0.00416	0.00490	0.00297	0.00300	0.00541	0.00807	0.01065	0.31816	0.29273	0.30843	0.00872	0.00414	0.00120	0.00177	0.00764	0.00338	0.00297
9	0.00768	0.00706	0.01154	0.25389	0.41115	0.00766	0.03663	0.05746	0.00758	0.01045	0.00687	0.01009	0.00592	0.08669	0.03143	0.00143	0.03690	0.00328	0.00178	0.00451
10	0.00740	0.00616	0.00843	0.22971	0.06576	0.00687	0.04461	0.09069	0.21638	0.01210	0.01158	0.11811	0.03375	0.00502	0.00352	0.00113	0.00328	0.02831	0.10290	0.00429
11	0.00897	0.00633	0.00909	0.03693	0.17039	0.02384	0.07891	0.08182	0.03163	0.19795	0.03667	0.07110	0.16195	0.02168	0.01656	0.00122	0.00337	0.03411	0.00292	0.00453
12	0.00798	0.00780	0.01323	0.01062	0.07354	0.00744	0.36136	0.04837	0.15962	0.01198	0.00857	0.05021	0.00697	0.00355	0.00353	0.00100	0.00407	0.00369	0.00225	0.21421

[dist]
# distance from previous block
# <min> <max>
0	20

[block]
# block no. 3 follows, 82 sequences, length 25
# corresponding to MSA columns:
# 468-492
name=unknown_D
#
# <colnr> <probs for GDERKNQSTAVLIFYWHMCP>
#	G	D	E	R	K	N	Q	S	T	A	V	L	I	F	Y	W	H	M	C	P
0	0.03013	0.01097	0.33789	0.18818	0.02977	0.06030	0.00865	0.00953	0.00735	0.01038	0.03378	0.02397	0.05870	0.00373	0.00320	0.00098	0.00410	0.00303	0.00182	0.17353
1	0.00636	0.00531	0.01849	0.06012	0.11101	0.00529	0.06916	0.06356	0.07611	0.01108	0.02988	0.37145	0.03734	0.00688	0.00380	0.00119	0.00286	0.02018	0.09614	0.00380
2	0.01122	0.38793	0.01325	0.00751	0.00980	0.47441	0.00628	0.03695	0.00871	0.00862	0.00515	0.00594	0.00444	0.00329	0.00271	0.00082	0.00502	0.00207	0.00168	0.00420
3	0.00734	0.00607	0.00712	0.00510	0.00813	0.00457	0.00408	0.00885	0.00717	0.03624	0.00630	0.00723	0.00517	0.00258	0.00256	0.00052	0.00254	0.00207	0.00209	0.87426
4	0.00505	0.00416	0.01708	0.05256	0.05813	0.00401	0.00426	0.00651	0.02344	0.01041	0.25972	0.11038	0.19823	0.05001	0.14023	0.00195	0.00339	0.04434	0.00289	0.00326
5	0.01877	0.04472	0.14012	0.02118	0.05729	0.02932	0.05386	0.01061	0.15532	0.06964	0.15074	0.15196	0.02765	0.00540	0.00358	0.00110	0.00318	0.00472	0.00276	0.04808
6	0.00482	0.00369	0.00456	0.00447	0.00543	0.00346	0.01596	0.00610	0.02939	0.03315	0.15521	0.14513	0.40119	0.01141	0.15817	0.00195	0.00320	0.00653	0.00304	0.00313
7	0.00500	0.00334	0.00411	0.00444	0.00479	0.00318	0.00292	0.00562	0.02065	0.04449	0.01714	0.45970	0.08607	0.29705	0.00860	0.00199	0.00248	0.02282	0.00286	0.00274
8	0.00791	0.02420	0.07351	0.09424	0.14016	0.02119	0.02329	0.01106	0.16917	0.03662	0.00777	0.01000	0.00648	0.00534	0.03319	0.00138	0.30007	0.02789	0.00206	0.00448
9	0.04974	0.06606	0.09627	0.05256	0.25758	0.00762	0.17398	0.02534	0.03455	0.01101	0.05043	0.13086	0.00897	0.00443	0.00364	0.00110	0.01510	0.00417	0.00207	0.00451
10	0.04075	0.00625	0.00758	0.00601	0.00840	0.03672	0.00490	0.06415	0.04818	0.62566	0.03801	0.01229	0.03779	0.00441	0.00338	0.00105	0.00293	0.00354	0.04260	0.00538
11	0.00434	0.00329	0.00401	0.00426	0.00493	0.00296	0.00305	0.00532	0.00783	0.01031	0.25725	0.36203	0.28604	0.00902	0.00418	0.00123	0.00182	0.02186	0.00334	0.00294
12	0.00860	0.40079	0.20374	0.03189	0.14902	0.02298	0.02291	0.04172	0.03093	0.02184	0.00601	0.00710	0.00493	0.00366	0.02114	0.00101	0.01286	0.00243	0.00168	0.00475
13	0.01171	0.06556	0.04696	0.03321	0.06755	0.49247	0.02175	0.18709	0.01053	0.01153	0.01728	0.00714	0.00515	0.00360	0.00317	0.00093	0.00522	0.00254	0.00209	0.00452
14	0.00657	0.00386	0.00446	0.00434	0.00528	0.00380	0.00326	0.05487	0.03149	0.06648	0.13317	0.20417	0.04731	0.00625	0.00334	0.00104	0.00197	0.02871	0.38617	0.00347
15	0.06298	0.00752	0.06142	0.06690	0.19209	0.00703	0.04040	0.04905	0.09186	0.31833	0.00975	0.00995	0.00687	0.00383	0.00357	0.00107	0.02995	0.00321	0.02900	0.00520
16	0.00709	0.00608	0.00709	0.00507	0.00811	0.00456	0.00405	0.00861	0.00709	0.01115	0.00608	0.00709	0.00507	0.00253	0.00253	0.00051	0.00253	0.00203	0.00203	0.90069
17	0.00478	0.00341	0.00431	0.00465	0.00523	0.00318	0.00330	0.03039	0.00768	0.02584	0.17447	0.53832	0.14151	0.00939	0.00422	0.00129	0.00198	0.02971	0.00331	0.00303
18	0.00470	0.00342	0.00437	0.00485	0.00548	0.00321	0.00371	0.00576	0.00750	0.00991	0.11662	0.33861	0.17296	0.02803	0.00460	0.00139	0.00225	0.24928	0.03039	0.00295
19	0.17399	0.00778	0.07509	0.09499	0.15721	0.04978	0.06739	0.03528	0.03179	0.05174	0.05691	0.04691	0.07142	0.00456	0.00355	0.00112	0.02469	0.03923	0.00231	0.00426
20	0.00502	0.00392	0.00464	0.00487	0.00564	0.00388	0.00351	0.00741	0.15489	0.01051	0.13534	0.43589	0.17876	0.00874	0.00411	0.00127	0.00203	0.02293	0.00331	0.00333
21	0.00765	0.00675	0.01068	0.18450	0.23351	0.00716	0.09925	0.03104	0.13838	0.04432	0.11884	0.02720	0.03864	0.00439	0.00377	0.00112	0.01964	0.01616	0.00244	0.00456
22	0.05948	0.00785	0.00941	0.00832	0.08143	0.04541	0.06796	0.15485	0.22592	0.06241	0.02378	0.00948	0.00717	0.00373	0.00335	0.00096	0.01935	0.00308	0.00273	0.20332
23	0.00536	0.00447	0.01705	0.00598	0.04790	0.00404	0.08517	0.00654	0.00752	0.02548	0.15312	0.05754	0.29435	0.17266	0.02241	0.00166	0.00283	0.06636	0.01637	0.00318
24	0.00840	0.00797	0.01155	0.08599	0.46193	0.07923	0.04665	0.03379	0.04800	0.03388	0.00873	0.07568	0.03176	0.00436	0.01791	0.00112	0.00407	0.00368	0.00206	0.03325

[dist]
# distance from previous block
# <min> <max>
0	3

[block]
# block no. 4 follows, 82 sequences, length 11
# corresponding to MSA columns:
# 496-506
name=unknown_E
#
# <colnr> <probs for GDERKNQSTAVLIFYWHMCP>
#	G	D	E	R	K	N	Q	S	T	A	V	L	I	F	Y	W	H	M	C	P
0	0.44366	0.00690	0.00895	0.24036	0.17452	0.00779	0.05251	0.00984	0.00659	0.01254	0.00555	0.00727	0.00434	0.00320	0.00281	0.00108	0.00360	0.00252	0.00186	0.00411
1	0.62633	0.00588	0.00512	0.00457	0.00637	0.00655	0.00366	0.02972	0.00696	0.04901	0.17467	0.01061	0.01003	0.04437	0.00329	0.00117	0.00251	0.00295	0.00256	0.00367
2	0.65055	0.00639	0.00586	0.00495	0.00722	0.00692	0.00408	0.01194	0.00695	0.25644	0.00725	0.00729	0.00506	0.00348	0.00249	0.00106	0.00272	0.00231	0.00272	0.00431
3	0.00797	0.00708	0.01066	0.13394	0.35526	0.03397	0.04236	0.02996	0.06947	0.05480	0.09460	0.02616	0.07109	0.00437	0.00390	0.00109	0.04253	0.00386	0.00230	0.00462
4	0.01083	0.00739	0.00801	0.04109	0.03725	0.09587	0.00541	0.16689	0.13344	0.24910	0.05790	0.03193	0.00981	0.10023	0.01721	0.00137	0.00352	0.01475	0.00319	0.00478
5	0.00636	0.00422	0.00593	0.06932	0.00760	0.00451	0.00456	0.04164	0.02390	0.09879	0.07925	0.20685	0.01354	0.01516	0.37256	0.00305	0.00543	0.03113	0.00265	0.00351
6	0.00731	0.00812	0.07018	0.01103	0.04872	0.00715	0.44168	0.01044	0.08124	0.01163	0.13760	0.01386	0.01077	0.00415	0.00387	0.00112	0.00436	0.06474	0.00229	0.05973
7	0.00457	0.00346	0.00421	0.00407	0.00495	0.00310	0.00303	0.00590	0.00896	0.01211	0.56576	0.06962	0.28240	0.00768	0.00405	0.00112	0.00167	0.00667	0.00356	0.00310
8	0.00709	0.00608	0.00709	0.00507	0.00811	0.00456	0.00405	0.00861	0.00709	0.01115	0.00608	0.00709	0.00507	0.00253	0.00253	0.00051	0.00253	0.00203	0.00203	0.90069
9	0.01722	0.00401	0.00517	0.00480	0.00578	0.00389	0.01780	0.02590	0.03148	0.04680	0.52025	0.06929	0.09859	0.02572	0.03926	0.00134	0.01632	0.03568	0.02727	0.00340
10	0.00795	0.00614	0.00721	0.00528	0.00817	0.00489	0.00424	0.03964	0.03421	0.08120	0.03601	0.00831	0.00647	0.00295	0.00272	0.00061	0.00258	0.00238	0.00236	0.73669

[dist]
# distance from previous block
# <min> <max>
0	1

[block]
# block no. 5 follows, 82 sequences, length 16
# corresponding to MSA columns:
# 508-523
name=unknown_F
#
# <colnr> <probs for GDERKNQSTAVLIFYWHMCP>
#	G	D	E	R	K	N	Q	S	T	A	V	L	I	F	Y	W	H	M	C	P
0	0.00438	0.00323	0.00396	0.00437	0.00496	0.00294	0.00312	0.00527	0.00736	0.00972	0.12446	0.46507	0.24851	0.00936	0.00418	0.00127	0.00192	0.05251	0.04050	0.00290
1	0.07363	0.04046	0.04847	0.00806	0.06526	0.13317	0.00627	0.19559	0.19411	0.07259	0.00850	0.00870	0.00640	0.00382	0.00336	0.00099	0.02690	0.00288	0.00269	0.09816
2	0.00789	0.17348	0.24736	0.00861	0.06509	0.00796	0.08967	0.05149	0.02748	0.05138	0.04968	0.10334	0.00834	0.00419	0.00325	0.00100	0.00383	0.00360	0.00213	0.09023
3	0.00815	0.00820	0.02205	0.36597	0.17615	0.11473	0.02278	0.05759	0.04382	0.01045	0.03773	0.00912	0.00607	0.00369	0.00385	0.00107	0.05807	0.00305	0.00188	0.04558
4	0.00749	0.00815	0.07125	0.31903	0.04188	0.00802	0.31690	0.03051	0.03880	0.02461	0.04891	0.00990	0.00648	0.00358	0.00407	0.00115	0.04949	0.00356	0.00187	0.00434
5	0.01017	0.00675	0.01040	0.41225	0.03553	0.00732	0.07117	0.12322	0.00908	0.26678	0.00867	0.00975	0.00597	0.00371	0.00347	0.00110	0.00404	0.00324	0.00261	0.00477
6	0.00743	0.01799	0.09368	0.34346	0.01609	0.08711	0.11722	0.01059	0.11773	0.00995	0.02824	0.02232	0.00666	0.01482	0.06173	0.00144	0.03408	0.00337	0.00192	0.00416
7	0.00596	0.00490	0.00701	0.34235	0.01207	0.00577	0.00554	0.02652	0.00599	0.00794	0.00834	0.01560	0.00853	0.44237	0.01110	0.00226	0.07894	0.00401	0.00184	0.00298
8	0.00592	0.00499	0.01629	0.09156	0.09344	0.00505	0.03523	0.00830	0.12078	0.02349	0.03698	0.28743	0.10714	0.04083	0.04511	0.00153	0.00316	0.06635	0.00276	0.00367
9	0.01452	0.00603	0.00796	0.00613	0.00871	0.00538	0.00504	0.08098	0.01021	0.73829	0.04797	0.01184	0.00916	0.00430	0.00344	0.00104	0.00291	0.00349	0.00409	0.02852
10	0.00510	0.00360	0.00467	0.00503	0.00569	0.00347	0.00399	0.00598	0.00717	0.00930	0.08190	0.05797	0.17989	0.11008	0.03147	0.10122	0.00289	0.37492	0.00286	0.00278
11	0.02268	0.02281	0.03506	0.04834	0.56405	0.08825	0.03126	0.01093	0.06349	0.01091	0.00756	0.04132	0.00659	0.00368	0.00342	0.00105	0.00413	0.02758	0.00191	0.00498
12	0.00594	0.00319	0.00459	0.00462	0.00473	0.00322	0.00317	0.00508	0.03093	0.00652	0.00724	0.01294	0.00732	0.05448	0.01269	0.76840	0.00299	0.05850	0.00169	0.00175
13	0.00441	0.00341	0.00403	0.00443	0.00519	0.00308	0.00334	0.00531	0.00735	0.00920	0.02583	0.28365	0.41272	0.03972	0.00474	0.00138	0.00215	0.17407	0.00313	0.00288
14	0.00458	0.00366	0.00462	0.08881	0.00683	0.00351	0.00373	0.00580	0.02161	0.00986	0.15277	0.28590	0.33963	0.00849	0.00410	0.00123	0.00215	0.04655	0.00311	0.00305
15	0.02054	0.32965	0.26773	0.00851	0.04030	0.01856	0.08348	0.04720	0.09711	0.02487	0.00702	0.01757	0.00564	0.00346	0.00299	0.00097	0.00416	0.01356	0.00189	0.00479

[dist]
# distance from previous block
# <min> <max>
7	13

[block]
# block no. 6 follows, 82 sequences, length 41
# corresponding to MSA columns:
# 538-559,561-579
name=unknown_G
#
# <colnr> <probs for GDERKNQSTAVLIFYWHMCP>
#	G	D	E	R	K	N	Q	S	T	A	V	L	I	F	Y	W	H	M	C	P
0	0.07019	0.01815	0.02612	0.03859	0.06975	0.06848	0.04671	0.11739	0.20117	0.06063	0.08894	0.01450	0.07862	0.00484	0.00348	0.00109	0.00330	0.05132	0.01413	0.02261
1	0.01852	0.18327	0.04156	0.13050	0.06800	0.00840	0.05773	0.05506	0.02181	0.03092	0.00875	0.12454	0.00851	0.01636	0.00469	0.00117	0.12753	0.06794	0.00210	0.02264
2	0.00491	0.00340	0.00416	0.00444	0.00470	0.00335	0.00302	0.00540	0.00601	0.00793	0.02788	0.16559	0.04903	0.49931	0.02910	0.00258	0.00309	0.17108	0.00253	0.00247
3	0.01072	0.01495	0.04878	0.00689	0.02681	0.00653	0.02569	0.19485	0.00963	0.26662	0.00895	0.00939	0.00649	0.00564	0.06654	0.04069	0.02990	0.00296	0.00289	0.21508
4	0.00712	0.14030	0.21512	0.03936	0.05005	0.04281	0.10349	0.00926	0.00768	0.01049	0.18918	0.01217	0.03452	0.00516	0.03395	0.00122	0.08821	0.00363	0.00207	0.00418
5	0.00713	0.00670	0.01121	0.45066	0.27957	0.00743	0.05069	0.03250	0.00752	0.01002	0.01630	0.01119	0.06139	0.01961	0.00376	0.00114	0.00419	0.01290	0.00180	0.00429
6	0.00433	0.00313	0.00403	0.00459	0.00495	0.00291	0.00314	0.00506	0.00695	0.00924	0.10992	0.62534	0.09816	0.06517	0.00514	0.00146	0.00205	0.03847	0.00317	0.00281
7	0.13448	0.00658	0.00795	0.00618	0.00877	0.00635	0.00511	0.15973	0.01035	0.60159	0.01140	0.01023	0.00737	0.00407	0.00326	0.00105	0.00302	0.00316	0.00381	0.00554
8	0.00836	0.08152	0.24484	0.02770	0.07809	0.10244	0.13056	0.01075	0.04031	0.05390	0.00726	0.01765	0.00597	0.01364	0.02060	0.05263	0.06622	0.03126	0.00186	0.00442
9	0.00710	0.04668	0.80496	0.00977	0.02991	0.00809	0.01225	0.01090	0.00726	0.02363	0.00621	0.00725	0.00442	0.00325	0.00322	0.00107	0.00496	0.00253	0.00149	0.00505
10	0.00426	0.00321	0.00385	0.00427	0.00479	0.00291	0.00294	0.00497	0.00701	0.00903	0.07309	0.47308	0.28370	0.08534	0.00538	0.00147	0.00202	0.02277	0.00311	0.00278
11	0.00443	0.00340	0.00408	0.00431	0.00506	0.00308	0.00315	0.00555	0.01941	0.01031	0.23035	0.30355	0.32317	0.00891	0.00418	0.00124	0.00188	0.05764	0.00332	0.00299
12	0.01195	0.21567	0.07718	0.00713	0.02506	0.04966	0.02057	0.15215	0.03344	0.33377	0.02696	0.01660	0.00711	0.00387	0.00314	0.00098	0.00358	0.00299	0.00298	0.00521
13	0.01058	0.00478	0.00634	0.00522	0.00707	0.00419	0.00417	0.01197	0.00958	0.48156	0.31963	0.01850	0.09032	0.00561	0.00371	0.00107	0.00234	0.00476	0.00397	0.00463
14	0.00855	0.00516	0.00633	0.00545	0.00677	0.00527	0.00416	0.15696	0.01867	0.18795	0.15319	0.03163	0.04923	0.20016	0.12384	0.00217	0.02300	0.00447	0.00308	0.00396
15	0.01810	0.06000	0.28648	0.02156	0.10947	0.16047	0.10142	0.02551	0.00782	0.05263	0.00626	0.00763	0.00485	0.00363	0.00424	0.00108	0.11206	0.00278	0.00934	0.00466
16	0.46945	0.02013	0.00738	0.00669	0.02332	0.34520	0.00514	0.01130	0.00735	0.01196	0.00510	0.00622	0.00421	0.01486	0.01101	0.00107	0.04171	0.00212	0.00193	0.00382
17	0.00775	0.02542	0.15677	0.18819	0.17947	0.03194	0.20686	0.01949	0.10026	0.01091	0.02506	0.00955	0.01574	0.00346	0.00353	0.00109	0.00456	0.00335	0.00190	0.00471
18	0.48229	0.00802	0.00751	0.00609	0.00850	0.00906	0.00503	0.40618	0.01068	0.01829	0.00640	0.00681	0.00470	0.00362	0.00273	0.00104	0.00318	0.00243	0.00273	0.00470
19	0.11703	0.00828	0.02251	0.12391	0.14520	0.04591	0.00691	0.30742	0.03106	0.04171	0.00743	0.02890	0.00578	0.00372	0.00318	0.00100	0.00369	0.00296	0.00253	0.09085
20	0.14572	0.00465	0.00535	0.00477	0.00617	0.00460	0.00371	0.02261	0.05754	0.14947	0.45308	0.03493	0.05219	0.00581	0.00355	0.00107	0.00209	0.00490	0.03392	0.00386
21	0.00493	0.00334	0.00418	0.00416	0.00472	0.00314	0.00295	0.00530	0.00688	0.00907	0.21822	0.03779	0.24610	0.13307	0.04552	0.22920	0.00261	0.03359	0.00267	0.00251
22	0.00845	0.23831	0.14897	0.04280	0.36085	0.02486	0.03714	0.02485	0.01709	0.02565	0.02143	0.02278	0.00581	0.00332	0.00310	0.00097	0.00411	0.00285	0.00175	0.00491
23	0.00813	0.00729	0.01230	0.22888	0.57329	0.00764	0.00968	0.01009	0.00751	0.04842	0.00673	0.00895	0.00544	0.00401	0.02776	0.01991	0.00425	0.00308	0.00176	0.00489
24	0.00763	0.00727	0.01237	0.37744	0.50857	0.00791	0.01008	0.00976	0.00739	0.01015	0.00629	0.00874	0.00506	0.00320	0.00340	0.00107	0.00427	0.00304	0.00162	0.00474
25	0.02022	0.15947	0.06835	0.01662	0.03205	0.04274	0.18954	0.03008	0.00765	0.08456	0.04349	0.05145	0.04680	0.00503	0.02119	0.00121	0.14585	0.02727	0.00215	0.00428
26	0.02160	0.16077	0.30883	0.00870	0.01201	0.01546	0.15993	0.02773	0.00779	0.08947	0.03373	0.08927	0.00803	0.00428	0.00340	0.00108	0.00423	0.03699	0.00211	0.00458
27	0.00496	0.00373	0.00540	0.00549	0.00623	0.00348	0.05801	0.00606	0.00749	0.02742	0.13025	0.45784	0.10621	0.00915	0.00431	0.00133	0.00238	0.15397	0.00318	0.00310
28	0.00732	0.00726	0.01016	0.00877	0.00879	0.01010	0.00728	0.00808	0.00529	0.00824	0.00506	0.03714	0.00518	0.00651	0.02681	0.00157	0.82794	0.00323	0.00156	0.00370
29	0.00824	0.00790	0.01348	0.11580	0.76539	0.00807	0.01039	0.01030	0.00768	0.01090	0.00639	0.00854	0.00532	0.00309	0.00339	0.00103	0.00412	0.00305	0.00167	0.00524
30	0.00683	0.00633	0.02751	0.00859	0.02780	0.00614	0.23559	0.02690	0.17210	0.02469	0.01439	0.20762	0.05197	0.00650	0.00408	0.00128	0.00353	0.16127	0.00279	0.00408
31	0.18199	0.00517	0.00587	0.00486	0.00681	0.00501	0.00394	0.02386	0.00827	0.41169	0.01100	0.01080	0.00762	0.00395	0.00285	0.00097	0.00244	0.00305	0.29531	0.00456
32	0.00683	0.01147	0.42461	0.00770	0.01099	0.00681	0.02584	0.01126	0.19450	0.03187	0.05292	0.01467	0.15963	0.00484	0.00353	0.00112	0.00371	0.02064	0.00242	0.00463
33	0.01335	0.00656	0.03204	0.00648	0.00899	0.01455	0.02462	0.09114	0.06091	0.60697	0.06634	0.03286	0.00997	0.00451	0.00351	0.00107	0.00303	0.00373	0.00390	0.00549
34	0.05312	0.01221	0.00961	0.00831	0.00999	0.48435	0.02571	0.04884	0.00897	0.14071	0.00655	0.00738	0.00509	0.00407	0.00459	0.00104	0.16037	0.00260	0.00218	0.00429
35	0.00658	0.00620	0.01047	0.82243	0.07179	0.00763	0.00956	0.00884	0.00689	0.00888	0.00610	0.00908	0.00461	0.00340	0.00342	0.00113	0.00453	0.00304	0.00153	0.00389
36	0.01477	0.00626	0.00807	0.00624	0.00882	0.02004	0.00513	0.09085	0.01035	0.74475	0.03906	0.01167	0.00890	0.00430	0.00345	0.00105	0.00300	0.00347	0.00410	0.00571
37	0.00713	0.00724	0.00648	0.00628	0.00715	0.25291	0.00472	0.00812	0.00674	0.00802	0.00877	0.06677	0.00853	0.08002	0.50108	0.00375	0.00742	0.00372	0.00191	0.00323
38	0.01000	0.00463	0.00592	0.00505	0.00684	0.00401	0.00397	0.01111	0.00878	0.45335	0.06665	0.13144	0.26076	0.00653	0.00377	0.00113	0.00237	0.00552	0.00376	0.00442
39	0.05598	0.00844	0.01070	0.04248	0.12917	0.10794	0.05113	0.02439	0.03926	0.04023	0.03086	0.00841	0.00582	0.00477	0.00712	0.00126	0.42291	0.00305	0.00187	0.00421
40	0.00560	0.00392	0.00534	0.02025	0.02190	0.00416	0.00397	0.03565	0.02013	0.04270	0.04229	0.21544	0.01346	0.16564	0.35510	0.00334	0.00533	0.03018	0.00246	0.00313

[dist]
# distance from previous block
# <min> <max>
0	11

# created by:
# /home/simao/soft/augustus-3.0.3/scripts/msa2prfl.pl ./prep/99389.aln
