[name]
unknown

[dist]
# distance from previous block
# <min> <max>
1	112

[block]
# block no. 0 follows, 83 sequences, length 24
# corresponding to MSA columns:
# 155-174,180-183
name=unknown_A
#
# <colnr> <probs for GDERKNQSTAVLIFYWHMCP>
#	G	D	E	R	K	N	Q	S	T	A	V	L	I	F	Y	W	H	M	C	P
0	0.03750	0.02048	0.23954	0.07194	0.06298	0.10648	0.16772	0.02727	0.05316	0.07474	0.02310	0.08454	0.00725	0.00405	0.00346	0.00109	0.00445	0.00362	0.00211	0.00454
1	0.00717	0.31373	0.00947	0.00520	0.00681	0.00703	0.00438	0.02923	0.00783	0.07647	0.18600	0.24880	0.03482	0.00625	0.00338	0.00103	0.00263	0.02808	0.00274	0.01895
2	0.00502	0.00368	0.00466	0.00475	0.00532	0.00374	0.00344	0.02001	0.00674	0.03127	0.06617	0.30062	0.18554	0.13766	0.13227	0.00218	0.05173	0.02949	0.00276	0.00293
3	0.02191	0.06965	0.25060	0.06235	0.11206	0.05007	0.25855	0.03449	0.00789	0.06034	0.00697	0.02974	0.00541	0.00338	0.00349	0.00106	0.01226	0.00321	0.00183	0.00473
4	0.03305	0.07225	0.09045	0.06749	0.16023	0.03075	0.19100	0.04182	0.03048	0.09249	0.00963	0.08407	0.04787	0.00418	0.00352	0.00107	0.01094	0.00387	0.02026	0.00455
5	0.00433	0.00317	0.00406	0.00471	0.00505	0.00299	0.00323	0.00523	0.02994	0.00890	0.03045	0.71265	0.08654	0.03821	0.00470	0.00142	0.00206	0.04642	0.00312	0.00283
6	0.00737	0.00928	0.25153	0.00793	0.03958	0.00679	0.05062	0.02276	0.26654	0.05270	0.05931	0.04656	0.06000	0.00556	0.03138	0.00127	0.00364	0.05333	0.01923	0.00463
7	0.00761	0.02088	0.18269	0.27353	0.09138	0.02980	0.07520	0.01070	0.09252	0.05487	0.02415	0.01037	0.02443	0.00393	0.00396	0.00113	0.06343	0.02300	0.00198	0.00445
8	0.01092	0.00563	0.00743	0.00611	0.00780	0.00565	0.02032	0.06161	0.02660	0.43496	0.02143	0.04337	0.06583	0.10954	0.00615	0.00140	0.11561	0.02380	0.02124	0.00459
9	0.00577	0.00301	0.00441	0.00445	0.00454	0.00298	0.00304	0.00456	0.00474	0.00625	0.00789	0.01271	0.05007	0.01149	0.01238	0.81427	0.00289	0.04132	0.00163	0.00162
10	0.00602	0.00478	0.00730	0.07952	0.02600	0.01191	0.11265	0.02458	0.00808	0.05414	0.18767	0.20133	0.14266	0.00705	0.00401	0.00120	0.00284	0.09999	0.01477	0.00350
11	0.01257	0.01404	0.00920	0.00822	0.01009	0.68111	0.00624	0.01431	0.08916	0.11310	0.00703	0.00739	0.00542	0.00368	0.00313	0.00092	0.00539	0.00249	0.00220	0.00429
12	0.00686	0.01709	0.82031	0.00989	0.01482	0.00790	0.05518	0.01073	0.00720	0.01073	0.00612	0.00725	0.00433	0.00320	0.00326	0.00108	0.00504	0.00258	0.00144	0.00498
13	0.00691	0.00663	0.02300	0.44924	0.32840	0.00722	0.00915	0.00895	0.00718	0.00963	0.00819	0.04978	0.04016	0.00395	0.00348	0.00111	0.00408	0.02693	0.00175	0.00427
14	0.04270	0.00451	0.00506	0.00482	0.00570	0.02202	0.00355	0.05947	0.03493	0.09384	0.04089	0.12891	0.01288	0.25541	0.00750	0.00174	0.01749	0.09110	0.16416	0.00332
15	0.02370	0.00656	0.00807	0.00629	0.00872	0.00639	0.00516	0.24525	0.02182	0.51766	0.08092	0.01169	0.00957	0.00437	0.00341	0.00104	0.00297	0.00351	0.02746	0.00546
16	0.00718	0.00608	0.00707	0.00510	0.00804	0.00470	0.00408	0.03916	0.00742	0.01148	0.02914	0.00756	0.00577	0.00269	0.00258	0.00054	0.00253	0.00216	0.00210	0.84464
17	0.00723	0.11668	0.57962	0.04325	0.01324	0.03786	0.03300	0.01048	0.02154	0.01042	0.03366	0.00797	0.00553	0.00342	0.00327	0.00103	0.02240	0.00265	0.04211	0.00467
18	0.00415	0.00305	0.00389	0.00449	0.00487	0.00279	0.00306	0.00484	0.00686	0.00902	0.07133	0.69760	0.15147	0.01008	0.00425	0.00132	0.00191	0.00904	0.00318	0.00279
19	0.00425	0.00310	0.00428	0.00495	0.00523	0.00290	0.01902	0.00491	0.00656	0.00874	0.01842	0.83349	0.02198	0.01042	0.00433	0.00138	0.00208	0.03805	0.00312	0.00280
20	0.00741	0.01792	0.17870	0.00624	0.00941	0.01570	0.00595	0.03242	0.03460	0.03537	0.00693	0.03743	0.00573	0.00318	0.00299	0.00073	0.02319	0.00252	0.00206	0.57151
21	0.00801	0.00597	0.00711	0.00624	0.00727	0.04883	0.01417	0.13240	0.05998	0.06962	0.00848	0.02369	0.00751	0.09869	0.17854	0.13929	0.12842	0.00345	0.03322	0.01914
22	0.00760	0.00782	0.06084	0.05810	0.22523	0.00680	0.19311	0.00967	0.00743	0.02643	0.00721	0.00917	0.02355	0.00320	0.00350	0.00091	0.03194	0.01853	0.00187	0.29709
23	0.06396	0.03701	0.13330	0.00763	0.02182	0.00819	0.03461	0.18598	0.15625	0.05560	0.05169	0.01928	0.00821	0.00449	0.00425	0.00111	0.10780	0.04084	0.01083	0.04714

[dist]
# distance from previous block
# <min> <max>
0	1

[block]
# block no. 1 follows, 83 sequences, length 20
# corresponding to MSA columns:
# 185-187,192-208
name=unknown_B
#
# <colnr> <probs for GDERKNQSTAVLIFYWHMCP>
#	G	D	E	R	K	N	Q	S	T	A	V	L	I	F	Y	W	H	M	C	P
0	0.07406	0.19541	0.28427	0.01572	0.01091	0.03432	0.04108	0.05655	0.04101	0.10171	0.00739	0.04593	0.00588	0.00374	0.00327	0.00100	0.03341	0.00285	0.00208	0.03941
1	0.00432	0.00320	0.00412	0.00463	0.00511	0.00296	0.00325	0.00510	0.00687	0.00910	0.06822	0.61366	0.13610	0.01046	0.04059	0.00148	0.00228	0.04751	0.00309	0.02796
2	0.00488	0.00354	0.00460	0.00486	0.00552	0.00339	0.00375	0.00624	0.02179	0.01086	0.32888	0.18576	0.07665	0.07750	0.00529	0.00145	0.00226	0.24649	0.00327	0.00302
3	0.05946	0.17915	0.37941	0.02262	0.05733	0.00892	0.04388	0.08245	0.04614	0.04990	0.00687	0.00812	0.00530	0.02321	0.00336	0.00106	0.00420	0.01190	0.00191	0.00481
4	0.00638	0.00502	0.02150	0.37142	0.03211	0.00548	0.00614	0.00855	0.05200	0.03784	0.02197	0.14282	0.02860	0.00499	0.00333	0.00109	0.00313	0.02285	0.22116	0.00363
5	0.00533	0.00374	0.00480	0.00496	0.00583	0.00354	0.00393	0.00691	0.03688	0.04653	0.28816	0.15156	0.15610	0.00826	0.00421	0.00127	0.00222	0.25914	0.00338	0.00324
6	0.00539	0.00462	0.00566	0.00583	0.00661	0.06452	0.05076	0.00661	0.02441	0.00946	0.04776	0.42473	0.09833	0.00891	0.00425	0.00134	0.00274	0.22197	0.00299	0.00311
7	0.07803	0.14808	0.30147	0.03418	0.06645	0.03294	0.02670	0.06821	0.05469	0.08390	0.00817	0.00879	0.04312	0.00368	0.00328	0.00102	0.02765	0.00282	0.00208	0.00475
8	0.02719	0.00797	0.05346	0.33786	0.04566	0.00800	0.37728	0.00971	0.00730	0.00997	0.00676	0.00994	0.00536	0.00347	0.00401	0.00116	0.04364	0.03537	0.00167	0.00420
9	0.00443	0.00343	0.00407	0.00427	0.00507	0.00311	0.00316	0.00562	0.02535	0.01020	0.21445	0.25765	0.36089	0.00873	0.00413	0.00122	0.00189	0.07608	0.00328	0.00298
10	0.00908	0.05620	0.09746	0.10307	0.14363	0.05735	0.20087	0.11609	0.05398	0.06962	0.03892	0.00924	0.00650	0.00355	0.00358	0.00106	0.01953	0.00327	0.00219	0.00481
11	0.04844	0.01894	0.10019	0.08549	0.04563	0.10224	0.16468	0.06881	0.01762	0.05733	0.00721	0.02856	0.01448	0.00481	0.02968	0.00128	0.18230	0.01602	0.00198	0.00432
12	0.00673	0.00661	0.01298	0.03961	0.01294	0.00636	0.43596	0.00893	0.00780	0.01038	0.01190	0.06093	0.01178	0.00589	0.00427	0.00132	0.00444	0.34497	0.00235	0.00387
13	0.00651	0.02174	0.38625	0.01879	0.01112	0.00645	0.07800	0.07613	0.00813	0.01107	0.02436	0.03302	0.22313	0.00532	0.00364	0.00114	0.00385	0.07489	0.00225	0.00424
14	0.02038	0.07340	0.56038	0.02208	0.02693	0.02078	0.07408	0.05324	0.00785	0.07966	0.00699	0.02709	0.00518	0.00346	0.00324	0.00105	0.00462	0.00283	0.00183	0.00493
15	0.00923	0.01017	0.04818	0.00902	0.10187	0.31817	0.03534	0.03492	0.07009	0.04357	0.02861	0.08103	0.05055	0.02380	0.05906	0.00138	0.06500	0.00369	0.00221	0.00411
16	0.00488	0.00348	0.00418	0.00436	0.00513	0.00317	0.00315	0.00602	0.03170	0.04888	0.15293	0.35669	0.29480	0.03508	0.00450	0.00129	0.00196	0.03148	0.00326	0.00306
17	0.02810	0.05539	0.35673	0.07126	0.15322	0.01673	0.06586	0.04679	0.02063	0.06362	0.00782	0.06750	0.00648	0.00390	0.00335	0.00108	0.00428	0.02054	0.00195	0.00477
18	0.00836	0.12236	0.10026	0.17997	0.10283	0.08386	0.03144	0.05328	0.13185	0.04216	0.04371	0.05309	0.00775	0.00402	0.00326	0.00103	0.00390	0.00336	0.01901	0.00450
19	0.01986	0.00458	0.00589	0.00581	0.02582	0.02166	0.03922	0.05399	0.02372	0.10401	0.07177	0.36569	0.11941	0.00784	0.00396	0.00123	0.00251	0.08387	0.03559	0.00356

[dist]
# distance from previous block
# <min> <max>
2	42

[block]
# block no. 2 follows, 83 sequences, length 40
# corresponding to MSA columns:
# 252-291
name=unknown_C
#
# <colnr> <probs for GDERKNQSTAVLIFYWHMCP>
#	G	D	E	R	K	N	Q	S	T	A	V	L	I	F	Y	W	H	M	C	P
0	0.18961	0.04622	0.09159	0.00672	0.01963	0.11412	0.00573	0.09183	0.19748	0.04309	0.02570	0.04041	0.03474	0.03468	0.00363	0.00115	0.00345	0.04324	0.00260	0.00439
1	0.00929	0.33604	0.01350	0.00947	0.14652	0.16563	0.04705	0.05594	0.02261	0.00961	0.00604	0.00776	0.00529	0.00468	0.05061	0.00116	0.06595	0.01981	0.00176	0.02128
2	0.00455	0.00320	0.00405	0.00452	0.00481	0.00304	0.00299	0.00515	0.01445	0.01594	0.01683	0.58108	0.04841	0.21582	0.02074	0.00186	0.00243	0.02789	0.00286	0.01938
3	0.03451	0.00658	0.02596	0.33321	0.21711	0.00680	0.04490	0.00956	0.03930	0.04692	0.03465	0.07172	0.00735	0.00389	0.00335	0.00104	0.00376	0.00353	0.01154	0.09431
4	0.02370	0.00414	0.00479	0.00483	0.00568	0.03350	0.00350	0.03173	0.00773	0.10102	0.12141	0.43867	0.15415	0.01961	0.02796	0.00137	0.00240	0.00731	0.00322	0.00329
5	0.00828	0.02305	0.01897	0.00632	0.00800	0.06634	0.03148	0.26426	0.03370	0.04060	0.08205	0.15365	0.15557	0.00650	0.00379	0.00115	0.00307	0.08599	0.00311	0.00413
6	0.00488	0.00335	0.00390	0.00403	0.00482	0.00302	0.00293	0.00589	0.00762	0.03683	0.16801	0.25847	0.31367	0.02863	0.00418	0.00120	0.00185	0.02257	0.12115	0.00300
7	0.00615	0.00547	0.00745	0.00713	0.03405	0.00668	0.00561	0.00714	0.00664	0.02037	0.08796	0.09919	0.15414	0.00728	0.00738	0.00137	0.40381	0.12636	0.00239	0.00342
8	0.04195	0.00993	0.20509	0.22751	0.10619	0.00815	0.27222	0.01980	0.02028	0.01052	0.00636	0.00842	0.00482	0.00327	0.00381	0.00112	0.04125	0.00317	0.00164	0.00450
9	0.00741	0.00527	0.00650	0.00622	0.00760	0.00552	0.01838	0.04414	0.26456	0.09423	0.08142	0.10220	0.04260	0.00701	0.00401	0.00129	0.00276	0.29137	0.00336	0.00415
10	0.00728	0.18781	0.67012	0.00904	0.01358	0.00898	0.03756	0.01062	0.00713	0.01019	0.00583	0.00688	0.00433	0.00314	0.00304	0.00101	0.00476	0.00241	0.00144	0.00486
11	0.00429	0.00318	0.00402	0.00450	0.00500	0.00291	0.00319	0.00514	0.00727	0.00959	0.14937	0.53859	0.18035	0.00959	0.00424	0.00130	0.00193	0.05945	0.00323	0.00286
12	0.00817	0.13951	0.55559	0.00915	0.01341	0.00874	0.08297	0.07259	0.00798	0.06176	0.00653	0.00741	0.00472	0.00326	0.00316	0.00102	0.00465	0.00263	0.00177	0.00497
13	0.00644	0.00608	0.01017	0.83586	0.02271	0.00765	0.00932	0.00863	0.00671	0.00863	0.00595	0.00896	0.00451	0.00350	0.00372	0.00114	0.04174	0.00301	0.00150	0.00376
14	0.00492	0.00372	0.00424	0.00420	0.00511	0.00351	0.00309	0.03163	0.05368	0.01058	0.19023	0.16504	0.36920	0.03206	0.02634	0.02862	0.00210	0.00655	0.05209	0.00309
15	0.02885	0.00784	0.01193	0.37417	0.29852	0.07538	0.07994	0.03109	0.00773	0.04307	0.00645	0.00859	0.00500	0.00327	0.00337	0.00106	0.00445	0.00302	0.00176	0.00450
16	0.00493	0.00345	0.00468	0.00468	0.00500	0.00378	0.00328	0.00550	0.00518	0.00723	0.00955	0.01674	0.00989	0.37189	0.47582	0.05346	0.00639	0.00412	0.00189	0.00255
17	0.00439	0.00334	0.00406	0.00422	0.00497	0.00301	0.00311	0.00547	0.00804	0.01060	0.31273	0.25855	0.30043	0.00860	0.00413	0.00120	0.00182	0.05503	0.00334	0.00296
18	0.00464	0.00351	0.00416	0.00431	0.00511	0.00326	0.00318	0.00611	0.04843	0.01064	0.24522	0.25393	0.29144	0.00834	0.00403	0.00119	0.00187	0.05588	0.04166	0.00307
19	0.00908	0.00776	0.01001	0.39997	0.09859	0.07437	0.00793	0.19883	0.06354	0.05762	0.03426	0.00942	0.00631	0.00374	0.00338	0.00107	0.00412	0.00313	0.00230	0.00457
20	0.04840	0.07892	0.04374	0.00777	0.01048	0.03264	0.05223	0.58260	0.01326	0.05423	0.00808	0.03793	0.00612	0.00405	0.00329	0.00101	0.00380	0.00315	0.00300	0.00532
21	0.00470	0.00352	0.00502	0.00511	0.00568	0.00391	0.00386	0.00575	0.00570	0.00798	0.01214	0.11303	0.07408	0.07068	0.65726	0.00454	0.00739	0.00464	0.00208	0.00293
22	0.00484	0.00335	0.00434	0.00472	0.00527	0.00314	0.00340	0.00572	0.00732	0.04606	0.14706	0.52820	0.13042	0.00935	0.00434	0.00130	0.01688	0.06803	0.00325	0.00300
23	0.00645	0.00607	0.01025	0.85125	0.04450	0.00754	0.00943	0.00870	0.00680	0.00872	0.00603	0.00902	0.00454	0.00338	0.00339	0.00113	0.00450	0.00301	0.00151	0.00380
24	0.00866	0.00565	0.00668	0.00579	0.02025	0.02059	0.04974	0.11060	0.15824	0.12868	0.04703	0.01364	0.07502	0.00451	0.00313	0.00098	0.00256	0.00375	0.33020	0.00431
25	0.00640	0.00602	0.01016	0.87281	0.02333	0.00753	0.00941	0.00866	0.00677	0.00866	0.00602	0.00903	0.00452	0.00339	0.00339	0.00113	0.00452	0.00301	0.00151	0.00376
26	0.00434	0.00315	0.00411	0.00480	0.00518	0.00295	0.00342	0.00510	0.00678	0.00889	0.01999	0.64300	0.10738	0.02828	0.00461	0.00142	0.00215	0.13851	0.00312	0.00281
27	0.03551	0.08983	0.07783	0.02848	0.12748	0.03571	0.12073	0.11061	0.02213	0.13950	0.01408	0.03561	0.00704	0.00474	0.02792	0.00121	0.06432	0.04355	0.00901	0.00472
28	0.00815	0.00777	0.01321	0.01992	0.81317	0.00776	0.01000	0.01009	0.00765	0.01093	0.00704	0.05587	0.00630	0.00343	0.00341	0.00103	0.00391	0.00338	0.00176	0.00522
29	0.00407	0.00333	0.00359	0.00374	0.00467	0.00285	0.00272	0.00491	0.00756	0.00927	0.07159	0.20543	0.64670	0.00891	0.00407	0.00119	0.00176	0.00761	0.00317	0.00285
30	0.00777	0.28964	0.45611	0.00836	0.01225	0.03133	0.05514	0.01097	0.06134	0.00999	0.00674	0.00756	0.02227	0.00330	0.00296	0.00097	0.00442	0.00254	0.00162	0.00473
31	0.00865	0.00843	0.04014	0.08874	0.56893	0.04272	0.04199	0.06638	0.03465	0.02977	0.00717	0.03425	0.00596	0.00344	0.00340	0.00104	0.00410	0.00324	0.00193	0.00509
32	0.00612	0.03896	0.00634	0.00554	0.00602	0.05839	0.00412	0.02230	0.00576	0.00782	0.00856	0.01484	0.00882	0.34220	0.28354	0.00332	0.14601	0.00383	0.02458	0.00293
33	0.01883	0.00619	0.00710	0.00593	0.00776	0.00637	0.00463	0.20128	0.17344	0.18292	0.07933	0.03294	0.01103	0.14190	0.00559	0.00139	0.00293	0.02744	0.01994	0.06305
34	0.06644	0.04387	0.08298	0.03005	0.00821	0.02699	0.03968	0.03750	0.02497	0.03455	0.04031	0.19573	0.12849	0.01303	0.03561	0.00127	0.03195	0.04056	0.00252	0.11528
35	0.00681	0.06438	0.00871	0.02313	0.00784	0.00794	0.00579	0.03747	0.00599	0.02071	0.03951	0.01098	0.00737	0.09236	0.22985	0.00257	0.41990	0.00337	0.00181	0.00350
36	0.00505	0.00355	0.00442	0.00443	0.00528	0.00340	0.00330	0.00625	0.02145	0.05062	0.15656	0.19350	0.28102	0.01192	0.19295	0.00210	0.00342	0.00630	0.04135	0.00312
37	0.00489	0.00427	0.02371	0.09000	0.02631	0.00406	0.05507	0.00609	0.01940	0.00925	0.06347	0.51077	0.12206	0.02239	0.00443	0.00131	0.01900	0.00757	0.00282	0.00315
38	0.08083	0.06955	0.17819	0.02637	0.03096	0.10113	0.11550	0.15579	0.02909	0.05893	0.01897	0.05370	0.00695	0.00414	0.00346	0.00107	0.01961	0.03887	0.00229	0.00460
39	0.00748	0.05914	0.17088	0.07343	0.12863	0.06834	0.13044	0.04687	0.04435	0.01052	0.02521	0.14722	0.03267	0.01342	0.00380	0.00113	0.01763	0.01243	0.00209	0.00432

[dist]
# distance from previous block
# <min> <max>
2	52

[block]
# block no. 3 follows, 83 sequences, length 24
# corresponding to MSA columns:
# 346-369
name=unknown_D
#
# <colnr> <probs for GDERKNQSTAVLIFYWHMCP>
#	G	D	E	R	K	N	Q	S	T	A	V	L	I	F	Y	W	H	M	C	P
0	0.00594	0.00507	0.00708	0.23945	0.06014	0.02381	0.00575	0.04485	0.00707	0.00941	0.01241	0.29301	0.05760	0.03175	0.08101	0.00163	0.03821	0.02442	0.01266	0.03873
1	0.00428	0.00307	0.00407	0.00481	0.00509	0.00289	0.00334	0.00497	0.00662	0.00877	0.01887	0.74489	0.04711	0.03171	0.00467	0.00143	0.00211	0.09541	0.00312	0.00278
2	0.01247	0.00952	0.00992	0.00775	0.01035	0.04022	0.00635	0.74475	0.09099	0.02025	0.00854	0.00847	0.00612	0.00409	0.00338	0.00102	0.00372	0.00309	0.00334	0.00566
3	0.01636	0.02501	0.16417	0.03773	0.10579	0.00650	0.03689	0.06657	0.03355	0.10923	0.02740	0.00849	0.00612	0.00321	0.00303	0.00084	0.00344	0.00269	0.00225	0.34071
4	0.06507	0.06298	0.25993	0.00813	0.03307	0.00753	0.07794	0.06878	0.09947	0.15716	0.04648	0.02107	0.01945	0.00387	0.00335	0.00104	0.01436	0.00320	0.00250	0.04464
5	0.00689	0.05586	0.82594	0.00948	0.01440	0.00811	0.01222	0.01070	0.00714	0.01061	0.00602	0.00708	0.00429	0.00320	0.00317	0.00106	0.00495	0.00247	0.00143	0.00498
6	0.00641	0.00483	0.01838	0.09359	0.05806	0.00492	0.00478	0.02142	0.10928	0.07690	0.02715	0.28246	0.07133	0.13178	0.03468	0.00166	0.02010	0.02590	0.00277	0.00359
7	0.00910	0.03179	0.12263	0.05931	0.14645	0.03976	0.11743	0.04860	0.03906	0.17846	0.07123	0.04648	0.02391	0.00435	0.00364	0.00109	0.01446	0.03495	0.00256	0.00473
8	0.00502	0.00364	0.00476	0.00469	0.00494	0.00404	0.00323	0.00556	0.00516	0.00719	0.00969	0.01773	0.01031	0.48028	0.37085	0.00409	0.05008	0.00429	0.00192	0.00254
9	0.01084	0.00523	0.00713	0.00602	0.00770	0.00508	0.01722	0.01222	0.02903	0.47460	0.04304	0.16027	0.02444	0.00603	0.01454	0.00121	0.09431	0.03320	0.04325	0.00464
10	0.00834	0.06235	0.10772	0.15738	0.21097	0.04657	0.06967	0.07744	0.06038	0.03658	0.02391	0.02264	0.00638	0.00412	0.01547	0.00114	0.06670	0.01559	0.00201	0.00465
11	0.01767	0.07332	0.32492	0.28631	0.08461	0.00827	0.02320	0.05350	0.05424	0.03277	0.00670	0.00821	0.00498	0.00337	0.00323	0.00106	0.00441	0.00280	0.00177	0.00465
12	0.00601	0.00575	0.04515	0.00673	0.00714	0.00676	0.00549	0.00689	0.00534	0.00789	0.00759	0.03872	0.00775	0.18085	0.27720	0.00304	0.37303	0.00373	0.00174	0.00320
13	0.01896	0.00667	0.04315	0.00788	0.00978	0.01865	0.19868	0.11101	0.02191	0.12877	0.01135	0.13767	0.02463	0.07950	0.04820	0.03299	0.02105	0.07246	0.00264	0.00407
14	0.02267	0.07408	0.08650	0.03382	0.02001	0.05897	0.09224	0.12155	0.10627	0.21419	0.02420	0.11228	0.00885	0.00461	0.00344	0.00107	0.00363	0.00394	0.00288	0.00482
15	0.04107	0.00668	0.00598	0.00571	0.00688	0.16623	0.00427	0.11629	0.00864	0.03336	0.01738	0.32285	0.20306	0.00742	0.00391	0.00117	0.01754	0.02518	0.00287	0.00352
16	0.00597	0.00499	0.02891	0.00665	0.06982	0.00480	0.02014	0.03253	0.16208	0.02356	0.12548	0.35234	0.07123	0.00769	0.00420	0.02483	0.00248	0.04553	0.00307	0.00369
17	0.00759	0.07474	0.27911	0.05589	0.05898	0.01969	0.02429	0.02988	0.07571	0.06518	0.04501	0.12348	0.00876	0.00485	0.00435	0.00114	0.11088	0.00386	0.00218	0.00445
18	0.03230	0.07365	0.08627	0.04117	0.12800	0.19503	0.06465	0.09754	0.12294	0.06120	0.01597	0.00877	0.00617	0.00375	0.00355	0.00103	0.03851	0.01250	0.00225	0.00474
19	0.00611	0.00539	0.00719	0.00675	0.00704	0.02602	0.00527	0.00688	0.00594	0.02484	0.01067	0.34203	0.01189	0.00988	0.10980	0.00187	0.38365	0.00557	0.00223	0.02099
20	0.00490	0.00353	0.00469	0.00479	0.00516	0.00361	0.01875	0.02453	0.00604	0.00821	0.03509	0.29176	0.01501	0.32418	0.21227	0.00300	0.00424	0.02512	0.00244	0.00269
21	0.03093	0.02285	0.06150	0.03595	0.19800	0.25755	0.04338	0.01922	0.03582	0.04067	0.00779	0.07620	0.00707	0.03193	0.05355	0.00137	0.05376	0.01622	0.00200	0.00424
22	0.03750	0.09787	0.02701	0.00826	0.05912	0.18668	0.04017	0.16267	0.13338	0.13361	0.00874	0.01770	0.00676	0.00444	0.02130	0.00111	0.02281	0.02337	0.00265	0.00484
23	0.00925	0.00676	0.00792	0.00657	0.00840	0.02106	0.04242	0.35884	0.07166	0.06797	0.16739	0.14678	0.03488	0.00569	0.00366	0.00109	0.00296	0.00484	0.02729	0.00457

[dist]
# distance from previous block
# <min> <max>
0	1

[block]
# block no. 4 follows, 83 sequences, length 12
# corresponding to MSA columns:
# 371-382
name=unknown_E
#
# <colnr> <probs for GDERKNQSTAVLIFYWHMCP>
#	G	D	E	R	K	N	Q	S	T	A	V	L	I	F	Y	W	H	M	C	P
0	0.00465	0.00333	0.00418	0.00473	0.00518	0.00322	0.00331	0.00597	0.05940	0.00958	0.04856	0.64100	0.06330	0.00942	0.00411	0.00130	0.00201	0.05127	0.07250	0.00299
1	0.06559	0.11347	0.05904	0.19285	0.23152	0.06537	0.12382	0.06063	0.00798	0.03944	0.00631	0.00796	0.00493	0.00321	0.00320	0.00102	0.00436	0.00286	0.00182	0.00461
2	0.00781	0.00731	0.03292	0.14090	0.08760	0.02305	0.03582	0.09067	0.05894	0.02846	0.00699	0.01976	0.00606	0.04504	0.08702	0.00172	0.31055	0.00328	0.00195	0.00413
3	0.00492	0.00351	0.00457	0.00508	0.00560	0.00341	0.00393	0.00590	0.00702	0.00921	0.06319	0.21609	0.08141	0.18546	0.00705	0.00181	0.00272	0.38336	0.00294	0.00281
4	0.00748	0.00629	0.00727	0.00523	0.00822	0.00498	0.00420	0.07347	0.00771	0.01184	0.00618	0.00711	0.00507	0.00263	0.00258	0.00054	0.00260	0.00209	0.00211	0.83239
5	0.08759	0.04537	0.07840	0.06569	0.01834	0.04141	0.10113	0.02503	0.03012	0.15120	0.02256	0.00910	0.02582	0.00380	0.01432	0.00099	0.04168	0.00288	0.00232	0.23225
6	0.00977	0.01052	0.08124	0.03013	0.05385	0.25245	0.12309	0.08983	0.04459	0.07150	0.00833	0.02806	0.02794	0.02346	0.00363	0.00102	0.00446	0.02090	0.00224	0.11300
7	0.00488	0.00388	0.00556	0.00554	0.00615	0.00385	0.06221	0.01738	0.00673	0.00892	0.01760	0.47711	0.11398	0.09092	0.04427	0.00171	0.04316	0.08040	0.00281	0.00296
8	0.07734	0.00827	0.01416	0.16540	0.10237	0.04961	0.38021	0.03190	0.04478	0.01108	0.02621	0.00900	0.00573	0.00332	0.00381	0.00110	0.03524	0.00340	0.00187	0.02519
9	0.05608	0.08436	0.04018	0.11348	0.15598	0.13554	0.03248	0.04917	0.13651	0.06713	0.01532	0.02863	0.00670	0.02662	0.02213	0.00118	0.01859	0.00312	0.00223	0.00455
10	0.00479	0.06486	0.03960	0.00472	0.00549	0.00388	0.00361	0.00566	0.00689	0.00907	0.10580	0.43771	0.12768	0.11859	0.00570	0.00150	0.00235	0.04628	0.00288	0.00294
11	0.00975	0.38981	0.11969	0.00740	0.03352	0.20617	0.00677	0.03932	0.00804	0.05078	0.00604	0.00728	0.00508	0.00332	0.00273	0.00084	0.00424	0.02469	0.00181	0.07271

[dist]
# distance from previous block
# <min> <max>
3	26

[block]
# block no. 5 follows, 83 sequences, length 15
# corresponding to MSA columns:
# 409-423
name=unknown_F
#
# <colnr> <probs for GDERKNQSTAVLIFYWHMCP>
#	G	D	E	R	K	N	Q	S	T	A	V	L	I	F	Y	W	H	M	C	P
0	0.14340	0.00871	0.17527	0.04963	0.12347	0.02339	0.01690	0.07088	0.05484	0.08171	0.06692	0.07268	0.01908	0.01728	0.00363	0.00110	0.02373	0.00354	0.00239	0.04146
1	0.00750	0.13897	0.00874	0.00521	0.00820	0.00603	0.00435	0.03276	0.00726	0.01087	0.00588	0.00682	0.00494	0.00261	0.00248	0.00055	0.00271	0.00201	0.00196	0.74014
2	0.00971	0.30979	0.10077	0.00769	0.02664	0.29651	0.00684	0.01106	0.00784	0.03046	0.00637	0.00875	0.00568	0.00390	0.00353	0.00095	0.07350	0.06256	0.02329	0.00416
3	0.00609	0.03850	0.04369	0.03547	0.03201	0.01674	0.03934	0.06757	0.03621	0.01004	0.05879	0.36921	0.03114	0.00809	0.00511	0.11730	0.00285	0.05499	0.00265	0.02421
4	0.02404	0.41678	0.02996	0.07751	0.06687	0.13039	0.02834	0.03787	0.01906	0.07830	0.00631	0.00766	0.00526	0.02121	0.00326	0.00094	0.02623	0.01372	0.00187	0.00441
5	0.02232	0.04555	0.14507	0.06172	0.13794	0.00874	0.05077	0.26214	0.11933	0.05030	0.04036	0.00934	0.00695	0.00383	0.00350	0.00105	0.02025	0.00317	0.00255	0.00513
6	0.00759	0.00518	0.00712	0.06867	0.00835	0.00560	0.02207	0.04159	0.02694	0.14297	0.04786	0.01510	0.00981	0.14626	0.18531	0.00237	0.11470	0.06966	0.00246	0.07038
7	0.00476	0.00346	0.00448	0.00423	0.00504	0.00318	0.00317	0.00633	0.00951	0.01340	0.82467	0.02560	0.06543	0.00699	0.00400	0.00107	0.00160	0.00617	0.00371	0.00318
8	0.00485	0.00333	0.00384	0.00383	0.00398	0.00333	0.00230	0.00505	0.00530	0.00706	0.03673	0.02231	0.07374	0.72488	0.08325	0.00324	0.00358	0.00502	0.00216	0.00222
9	0.00571	0.00356	0.00437	0.00430	0.00522	0.00319	0.00316	0.00677	0.00802	0.11069	0.24088	0.26091	0.24854	0.02149	0.00413	0.00119	0.00191	0.00686	0.05584	0.00326
10	0.00685	0.00719	0.07232	0.40566	0.19894	0.00733	0.05230	0.01923	0.00707	0.00964	0.01827	0.03046	0.01796	0.01892	0.04572	0.00136	0.04791	0.01462	0.01412	0.00414
11	0.03111	0.00428	0.00538	0.00476	0.00607	0.00403	0.00373	0.04463	0.00934	0.20346	0.45878	0.04042	0.02137	0.00591	0.00363	0.00105	0.00206	0.03478	0.11135	0.00387
12	0.00749	0.00738	0.00768	0.07028	0.14873	0.17831	0.00574	0.00994	0.13822	0.01013	0.04506	0.24764	0.04199	0.02819	0.00394	0.00117	0.00342	0.00510	0.03570	0.00391
13	0.17111	0.04105	0.17434	0.07096	0.16161	0.07019	0.06180	0.09699	0.03235	0.04664	0.03752	0.00829	0.00594	0.00347	0.00311	0.00103	0.00404	0.00282	0.00209	0.00466
14	0.03002	0.35652	0.12583	0.07115	0.06179	0.03943	0.01773	0.09744	0.02535	0.04758	0.01906	0.00756	0.01415	0.00334	0.00289	0.00089	0.01252	0.00249	0.00194	0.06231

[dist]
# distance from previous block
# <min> <max>
9	34

[block]
# block no. 6 follows, 83 sequences, length 21
# corresponding to MSA columns:
# 459-479
name=unknown_G
#
# <colnr> <probs for GDERKNQSTAVLIFYWHMCP>
#	G	D	E	R	K	N	Q	S	T	A	V	L	I	F	Y	W	H	M	C	P
0	0.09103	0.09375	0.18623	0.03356	0.03981	0.00695	0.01942	0.05198	0.07868	0.07183	0.13809	0.01395	0.07791	0.00492	0.01454	0.00110	0.00333	0.03957	0.00255	0.03080
1	0.03200	0.00399	0.00501	0.03448	0.03530	0.00393	0.00375	0.00662	0.03935	0.02393	0.29589	0.20238	0.21046	0.04036	0.00466	0.00126	0.02889	0.02138	0.00313	0.00323
2	0.00806	0.29868	0.30253	0.03719	0.03758	0.05079	0.00819	0.03828	0.07708	0.01023	0.01692	0.00856	0.02001	0.00392	0.01890	0.00103	0.00418	0.02123	0.00181	0.03482
3	0.03468	0.00357	0.00461	0.00503	0.00570	0.00340	0.00380	0.00643	0.00723	0.06921	0.06139	0.44822	0.07492	0.02921	0.00451	0.00139	0.00233	0.21621	0.01505	0.00310
4	0.02441	0.08982	0.21644	0.15195	0.09439	0.02562	0.00794	0.03942	0.11164	0.04552	0.03453	0.07722	0.03640	0.00429	0.00330	0.00106	0.00376	0.00358	0.00219	0.02654
5	0.01625	0.03365	0.11588	0.08836	0.22382	0.03539	0.02879	0.01713	0.01691	0.11172	0.04582	0.02992	0.06629	0.01983	0.00397	0.03160	0.00363	0.03896	0.00227	0.06979
6	0.71073	0.06480	0.03236	0.00544	0.02461	0.07455	0.00450	0.03057	0.00646	0.01412	0.00491	0.00572	0.00387	0.00318	0.00227	0.00101	0.00308	0.00193	0.00203	0.00386
7	0.09498	0.19136	0.12123	0.00721	0.01004	0.01001	0.00676	0.36893	0.01083	0.08907	0.00709	0.00745	0.00524	0.00374	0.00342	0.00099	0.05138	0.00263	0.00258	0.00506
8	0.00547	0.00494	0.00815	0.03502	0.00861	0.00457	0.21485	0.00716	0.00835	0.01123	0.29963	0.02243	0.29488	0.00617	0.00389	0.00110	0.00276	0.00567	0.05167	0.00345
9	0.00642	0.00536	0.00742	0.00673	0.00709	0.00676	0.00533	0.05273	0.00616	0.00893	0.06574	0.09827	0.00931	0.01151	0.20199	0.12147	0.36956	0.00400	0.00198	0.00324
10	0.00437	0.00332	0.00398	0.00411	0.00484	0.00299	0.00297	0.00538	0.00789	0.01038	0.29827	0.24317	0.31717	0.04952	0.00472	0.00129	0.00185	0.02759	0.00328	0.00291
11	0.00567	0.00392	0.00479	0.00482	0.00579	0.00372	0.00373	0.02288	0.05433	0.06871	0.16680	0.17618	0.24509	0.04497	0.00467	0.00134	0.00226	0.17374	0.00329	0.00331
12	0.00712	0.00674	0.01048	0.52464	0.09510	0.02652	0.05603	0.03042	0.00722	0.00972	0.00609	0.00848	0.00474	0.00326	0.00349	0.00101	0.03094	0.00287	0.00167	0.16344
13	0.00513	0.00342	0.00503	0.00503	0.00542	0.00381	0.00372	0.00552	0.00513	0.00723	0.00834	0.01319	0.00807	0.08879	0.57078	0.24661	0.00697	0.00355	0.00174	0.00253
14	0.00981	0.02876	0.13154	0.15580	0.08539	0.02358	0.05216	0.35420	0.01091	0.04198	0.02155	0.00857	0.00576	0.00367	0.00342	0.00103	0.01345	0.00301	0.01837	0.02704
15	0.08014	0.11817	0.00805	0.00565	0.00759	0.00705	0.00460	0.18214	0.08781	0.10603	0.11998	0.09806	0.06665	0.02351	0.00357	0.00106	0.00275	0.00419	0.01453	0.05847
16	0.00534	0.00364	0.00436	0.00412	0.00520	0.00321	0.00314	0.00659	0.00872	0.08265	0.40852	0.04236	0.37522	0.00751	0.00397	0.00111	0.00180	0.02579	0.00350	0.00326
17	0.03028	0.00816	0.10919	0.17795	0.32752	0.00730	0.00876	0.03791	0.00808	0.19647	0.02424	0.00927	0.00620	0.00357	0.00357	0.00106	0.03015	0.00307	0.00226	0.00499
18	0.04777	0.15900	0.13116	0.03743	0.03866	0.05704	0.08364	0.07389	0.00763	0.02560	0.00582	0.00718	0.00473	0.00354	0.00425	0.00097	0.14656	0.00255	0.00182	0.16075
19	0.00571	0.00373	0.00505	0.00525	0.00574	0.00383	0.00380	0.01776	0.00662	0.08796	0.01522	0.53597	0.01704	0.05101	0.10595	0.02515	0.06292	0.03528	0.00288	0.00312
20	0.00468	0.00332	0.00419	0.00421	0.00489	0.00304	0.00307	0.00568	0.00811	0.01108	0.43911	0.17760	0.17988	0.00831	0.00489	0.08487	0.00184	0.02192	0.02642	0.00289

[dist]
# distance from previous block
# <min> <max>
1	4

[block]
# block no. 7 follows, 83 sequences, length 7
# corresponding to MSA columns:
# 484-490
name=unknown_H
#
# <colnr> <probs for GDERKNQSTAVLIFYWHMCP>
#	G	D	E	R	K	N	Q	S	T	A	V	L	I	F	Y	W	H	M	C	P
0	0.02818	0.11617	0.13138	0.11764	0.05664	0.08686	0.03794	0.19601	0.03084	0.08761	0.03024	0.02446	0.03362	0.00390	0.00323	0.00101	0.00403	0.00312	0.00238	0.00473
1	0.66990	0.03641	0.04441	0.02995	0.00828	0.09761	0.02947	0.03088	0.00660	0.01389	0.00501	0.00591	0.00391	0.00320	0.00237	0.00102	0.00329	0.00203	0.00201	0.00386
2	0.00894	0.19254	0.14699	0.03280	0.14312	0.04833	0.05221	0.05686	0.06790	0.09462	0.06531	0.00976	0.02624	0.00383	0.00346	0.00100	0.03604	0.00309	0.00222	0.00474
3	0.00623	0.00380	0.00489	0.00451	0.00560	0.00343	0.00347	0.00765	0.00917	0.13811	0.55815	0.05698	0.13593	0.00698	0.00395	0.00111	0.00188	0.04097	0.00367	0.00351
4	0.00825	0.04098	0.28551	0.03876	0.06616	0.02913	0.15460	0.10558	0.00889	0.07202	0.11814	0.01119	0.03760	0.00397	0.00349	0.00106	0.00418	0.00353	0.00228	0.00469
5	0.00422	0.00300	0.00396	0.00463	0.00486	0.00281	0.00309	0.00485	0.00664	0.00891	0.08169	0.76994	0.02261	0.05535	0.00497	0.00145	0.00201	0.00912	0.00313	0.00275
6	0.03791	0.00366	0.00401	0.00404	0.00508	0.00331	0.00302	0.00599	0.03186	0.03470	0.12562	0.16986	0.51552	0.00831	0.00397	0.00118	0.00188	0.03378	0.00321	0.00308

[dist]
# distance from previous block
# <min> <max>
0	0

# created by:
# /home/simao/soft/augustus-3.0.3/scripts/msa2prfl.pl ./prep/99736.aln
